80

0 1 704
1 0 704
0 4 441
4 0 441
0 5 195
5 0 195
0 6 411
6 0 411
0 9 2
9 0 2
0 10 301
10 0 301
0 11 546
11 0 546
0 12 259
12 0 259
0 20 499
20 0 499
0 22 555
22 0 555
0 54 610
54 0 610
0 60 924
60 0 924
0 67 896
67 0 896
0 31 29
31 0 29
0 37 606
37 0 606
0 1 22
1 0 22
0 50 666
50 0 666
1 2 885
2 1 885
1 50 346
50 1 346
1 48 318
48 1 318
1 68 419
68 1 419
1 62 120
62 1 120
1 18 492
18 1 492
1 20 404
20 1 404
1 53 9
53 1 9
1 19 692
19 1 692
1 11 740
11 1 740
2 3 922
3 2 922
2 73 288
73 2 288
2 15 469
15 2 469
2 6 946
6 2 946
2 13 621
13 2 621
2 22 880
22 2 880
3 76 775
76 3 775
3 47 830
47 3 830
3 73 190
73 3 190
3 73 227
73 3 227
4 25 901
25 4 901
4 48 373
48 4 373
4 46 843
46 4 843
4 72 216
72 4 216
4 68 463
68 4 463
4 12 378
12 4 378
4 49 3
49 4 3
5 17 176
17 5 176
5 19 857
19 5 857
5 48 903
48 5 903
5 38 133
38 5 133
5 29 24
29 5 24
5 12 724
12 5 724
5 36 848
36 5 848
5 18 106
18 5 106
5 11 637
11 5 637
5 75 743
75 5 743
6 7 113
7 6 113
6 18 683
18 6 683
6 35 722
35 6 722
6 57 79
57 6 79
6 7 785
7 6 785
6 33 310
33 6 310
6 42 599
42 6 599
6 62 320
62 6 320
6 27 265
27 6 265
7 8 856
8 7 856
7 21 474
21 7 474
7 30 727
30 7 727
7 41 92
41 7 92
7 79 343
79 7 343
7 21 556
21 7 556
7 23 123
23 7 123
7 79 66
79 7 66
8 52 295
52 8 295
8 66 35
66 8 35
8 46 330
46 8 330
9 14 865
14 9 865
9 15 308
15 9 308
9 16 62
16 9 62
9 42 572
42 9 572
9 48 916
48 9 916
9 68 136
68 9 136
10 13 221
13 10 221
10 26 423
26 10 423
10 47 309
47 10 309
10 47 666
47 10 666
10 42 903
42 10 903
10 34 71
34 10 71
11 78 916
78 11 916
11 54 380
54 11 380
11 73 752
73 11 752
11 72 712
72 11 712
11 50 153
50 11 153
11 35 922
35 11 922
12 29 817
29 12 817
12 34 581
34 12 581
12 61 74
61 12 74
12 39 858
39 12 858
12 23 733
23 12 733
12 75 745
75 12 745
13 52 96
52 13 96
13 68 896
68 13 896
13 33 301
33 13 301
13 79 596
79 13 596
14 61 800
61 14 800
14 19 207
19 14 207
14 29 954
29 14 954
14 60 889
60 14 889
14 72 473
72 14 473
15 33 131
33 15 131
15 17 503
17 15 503
15 76 564
76 15 564
15 69 677
69 15 677
16 44 48
44 16 48
16 49 530
49 16 530
16 45 392
45 16 392
16 22 597
22 16 597
16 76 995
76 16 995
16 68 562
68 16 562
16 43 606
43 16 606
16 71 190
71 16 190
16 28 654
28 16 654
16 69 215
69 16 215
17 24 759
24 17 759
17 32 137
32 17 137
17 36 540
36 17 540
17 25 850
25 17 850
17 45 431
45 17 431
17 60 208
60 17 208
17 61 895
61 17 895
17 29 896
29 17 896
18 23 993
23 18 993
18 65 126
65 18 126
18 77 230
77 18 230
18 22 182
22 18 182
18 61 989
61 18 989
18 18 297
18 18 297
19 31 451
31 19 451
19 41 223
41 19 223
19 70 499
70 19 499
19 32 696
32 19 696
20 40 489
40 20 489
20 63 507
63 20 507
20 29 448
29 20 448
21 28 754
28 21 754
21 69 300
69 21 300
21 32 815
32 21 815
21 74 926
74 21 926
22 45 500
45 22 500
22 46 949
46 22 949
22 49 186
49 22 186
22 26 591
26 22 591
22 63 89
63 22 89
23 27 654
27 23 654
23 40 876
40 23 876
23 61 572
61 23 572
23 63 853
63 23 853
23 74 659
74 23 659
23 34 377
34 23 377
23 28 172
28 23 172
24 79 613
79 24 613
24 45 327
45 24 327
24 47 694
47 24 694
24 35 93
35 24 93
24 49 254
49 24 254
24 28 691
28 24 691
25 72 59
72 25 59
25 51 657
51 25 657
25 32 192
32 25 192
25 46 821
46 25 821
26 68 727
68 26 727
26 38 59
38 26 59
26 57 674
57 26 674
26 28 660
28 26 660
27 30 537
30 27 537
27 53 326
53 27 326
27 34 513
34 27 513
27 48 454
48 27 454
28 75 879
75 28 879
29 43 936
43 29 936
29 30 518
30 29 518
29 57 779
57 29 779
30 38 875
38 30 875
30 64 286
64 30 286
30 75 982
75 30 982
30 36 561
36 30 561
30 59 901
59 30 901
30 44 604
44 30 604
31 39 146
39 31 146
31 50 251
50 31 251
31 67 336
67 31 336
31 76 650
76 31 650
31 37 189
37 31 189
31 47 844
47 31 844
32 64 808
64 32 808
32 36 559
36 32 559
32 47 152
47 32 152
33 39 633
39 33 633
33 50 324
50 33 324
34 37 277
37 34 277
35 52 475
52 35 475
35 65 489
65 35 489
35 43 178
43 35 178
35 73 476
73 35 476
36 56 523
56 36 523
36 57 551
57 36 551
36 79 777
79 36 777
37 76 954
76 37 954
37 47 394
47 37 394
37 40 602
40 37 602
38 55 712
55 38 712
38 60 544
60 38 544
39 40 295
40 39 295
39 47 710
47 39 710
39 66 770
66 39 770
39 44 332
44 39 332
39 53 289
53 39 289
40 51 584
51 40 584
40 46 521
46 40 521
40 48 356
48 40 356
42 58 828
58 42 828
42 56 569
56 42 569
43 44 184
44 43 184
43 57 823
57 43 823
43 64 266
64 43 266
44 59 757
59 44 757
44 66 177
66 44 177
44 56 1
56 44 1
44 46 874
46 44 874
45 53 342
53 45 342
45 62 397
62 45 397
45 47 962
47 45 962
45 62 993
62 45 993
45 46 469
46 45 469
45 72 135
72 45 135
46 71 997
71 46 997
46 72 710
72 46 710
46 51 932
51 46 932
46 63 834
63 46 834
46 72 905
72 46 905
47 63 954
63 47 954
47 69 840
69 47 840
47 68 307
68 47 307
49 72 945
72 49 945
49 69 639
69 49 639
49 69 161
69 49 161
50 59 196
59 50 196
51 72 526
72 51 526
51 77 573
77 51 573
51 66 406
66 51 406
53 74 943
74 53 943
53 77 80
77 53 80
54 62 260
62 54 260
54 79 242
79 54 242
56 70 490
70 56 490
56 77 998
77 56 998
57 76 773
76 57 773
58 67 242
67 58 242
58 71 757
71 58 757
59 64 490
64 59 490
60 78 13
78 60 13
60 67 161
67 60 161
60 78 263
78 60 263
61 62 26
62 61 26
61 69 591
69 61 591
61 79 751
79 61 751
62 69 423
69 62 423
62 76 324
76 62 324
62 70 296
70 62 296
62 76 523
76 62 523
64 66 94
66 64 94
64 73 725
73 64 725
65 67 606
67 65 606
68 70 244
70 68 244
69 79 460
79 69 460
69 78 358
78 69 358
70 73 966
73 70 966
75 75 28
75 75 28
