53

0 1 858
1 0 858
0 4 88
4 0 88
0 29 747
29 0 747
0 5 784
5 0 784
0 45 751
45 0 751
0 40 865
40 0 865
0 31 322
31 0 322
1 2 953
2 1 953
1 7 46
7 1 46
1 13 597
13 1 597
1 46 886
46 1 886
1 30 811
30 1 811
1 42 424
42 1 424
1 43 543
43 1 543
1 24 508
24 1 508
1 39 413
39 1 413
2 3 687
3 2 687
2 8 716
8 2 716
2 9 125
9 2 125
2 14 886
14 2 886
2 13 252
13 2 252
2 38 626
38 2 626
2 18 401
18 2 401
2 18 276
18 2 276
2 23 933
23 2 933
2 5 86
5 2 86
2 46 736
46 2 736
2 23 866
23 2 866
2 18 204
18 2 204
3 23 539
23 3 539
3 24 40
24 3 40
4 5 281
5 4 281
4 26 546
26 4 546
4 49 285
49 4 285
4 32 333
32 4 333
4 44 415
44 4 415
4 10 782
10 4 782
4 14 396
14 4 396
4 29 886
29 4 886
4 30 417
30 4 417
4 40 458
40 4 458
5 6 405
6 5 405
5 52 369
52 5 369
5 25 390
25 5 390
5 24 569
24 5 569
5 33 402
33 5 402
5 5 93
5 5 93
5 35 1000
35 5 1000
5 39 980
39 5 980
6 24 227
24 6 227
6 37 805
37 6 805
6 48 652
48 6 652
6 14 270
14 6 270
7 17 91
17 7 91
7 38 199
38 7 199
7 43 317
43 7 317
7 14 774
14 7 774
7 24 932
24 7 932
8 10 172
10 8 172
8 16 927
16 8 927
8 19 613
19 8 613
8 20 533
20 8 533
8 21 888
21 8 888
8 22 371
22 8 371
8 34 305
34 8 305
8 46 68
46 8 68
9 11 365
11 9 365
9 30 147
30 9 147
9 45 585
45 9 585
9 37 46
37 9 46
9 25 803
25 9 803
9 35 265
35 9 265
9 23 785
23 9 785
10 47 521
47 10 521
10 35 645
35 10 645
10 14 686
14 10 686
10 24 955
24 10 955
10 48 379
48 10 379
11 12 599
12 11 599
11 15 977
15 11 977
11 16 507
16 11 507
11 29 748
29 11 748
11 16 823
16 11 823
11 15 951
15 11 951
12 18 214
18 12 214
12 47 544
47 12 544
12 44 803
44 12 803
13 43 971
43 13 971
13 41 623
41 13 623
13 30 48
30 13 48
13 51 970
51 13 970
14 27 707
27 14 707
14 36 531
36 14 531
14 40 818
40 14 818
14 43 19
43 14 19
14 35 653
35 14 653
14 26 991
26 14 991
14 32 736
32 14 736
14 35 850
35 14 850
14 32 754
32 14 754
14 19 898
19 14 898
15 41 414
41 15 414
15 27 713
27 15 713
15 24 489
24 15 489
15 20 196
20 15 196
15 37 186
37 15 186
16 28 608
28 16 608
16 20 728
20 16 728
16 25 268
25 16 268
17 47 498
47 17 498
17 44 337
44 17 337
17 42 699
42 17 699
17 32 320
32 17 320
18 50 942
50 18 942
18 43 790
43 18 790
19 51 214
51 19 214
19 39 955
39 19 955
19 22 624
22 19 624
19 21 924
21 19 924
19 48 955
48 19 955
20 38 243
38 20 243
20 30 198
30 20 198
20 24 808
24 20 808
21 30 706
30 21 706
21 45 19
45 21 19
21 36 908
36 21 908
21 29 891
29 21 891
21 25 60
25 21 60
21 38 889
38 21 889
21 23 692
23 21 692
22 51 404
51 22 404
22 47 414
47 22 414
23 31 30
31 23 30
23 48 858
48 23 858
23 30 447
30 23 447
23 52 351
52 23 351
23 47 204
47 23 204
23 33 963
33 23 963
23 45 511
45 23 511
24 25 988
25 24 988
24 29 624
29 24 624
24 37 340
37 24 340
24 29 375
29 24 375
24 26 578
26 24 578
24 26 192
26 24 192
24 38 300
38 24 300
25 29 538
29 25 538
25 52 142
52 25 142
25 46 98
46 25 98
25 49 595
49 25 595
25 46 806
46 25 806
26 34 848
34 26 848
26 47 415
47 26 415
26 37 987
37 26 987
26 52 764
52 26 764
27 32 384
32 27 384
27 28 883
28 27 883
27 47 787
47 27 787
28 35 921
35 28 921
28 32 734
32 28 734
29 45 154
45 29 154
29 30 619
30 29 619
29 30 607
30 29 607
29 31 435
31 29 435
30 31 359
31 30 359
30 31 405
31 30 405
30 32 766
32 30 766
30 50 833
50 30 833
31 33 199
33 31 199
31 39 547
39 31 547
31 38 305
38 31 305
31 51 465
51 31 465
31 40 418
40 31 418
32 41 568
41 32 568
33 39 970
39 33 970
33 48 550
48 33 550
33 40 375
40 33 375
33 38 315
38 33 315
34 38 483
38 34 483
34 42 632
42 34 632
34 39 128
39 34 128
36 47 790
47 36 790
36 43 368
43 36 368
36 40 587
40 36 587
37 45 603
45 37 603
38 51 39
51 38 39
38 43 277
43 38 277
39 44 183
44 39 183
39 49 27
49 39 27
39 52 654
52 39 654
39 46 629
46 39 629
40 51 406
51 40 406
41 50 910
50 41 910
42 47 110
47 42 110
44 47 924
47 44 924
45 46 682
46 45 682
47 49 617
49 47 617
48 52 58
52 48 58
