79

0 1 574
1 0 574
0 3 175
3 0 175
0 31 139
31 0 139
0 54 436
54 0 436
0 19 479
19 0 479
0 72 289
72 0 289
0 42 514
42 0 514
0 68 820
68 0 820
0 71 179
71 0 179
0 8 429
8 0 429
0 51 653
51 0 653
0 32 924
32 0 924
0 0 548
0 0 548
1 2 214
2 1 214
1 4 15
4 1 15
1 52 333
52 1 333
1 72 594
72 1 594
1 9 911
9 1 911
1 18 51
18 1 51
1 14 402
14 1 402
1 77 46
77 1 46
1 9 697
9 1 697
1 34 202
34 1 202
1 74 348
74 1 348
1 31 202
31 1 202
1 40 881
40 1 881
1 59 864
59 1 864
1 29 123
29 1 123
1 59 174
59 1 174
1 35 767
35 1 767
2 7 60
7 2 60
2 32 877
32 2 877
2 42 138
42 2 138
2 59 241
59 2 241
2 66 213
66 2 213
2 43 997
43 2 997
2 55 409
55 2 409
2 22 272
22 2 272
2 63 482
63 2 482
2 74 833
74 2 833
2 7 136
7 2 136
2 34 192
34 2 192
2 17 260
17 2 260
3 5 900
5 3 900
3 14 467
14 3 467
3 15 662
15 3 662
3 56 523
56 3 523
3 72 358
72 3 358
3 17 466
17 3 466
3 48 162
48 3 162
3 38 526
38 3 526
3 68 998
68 3 998
3 9 475
9 3 475
3 48 609
48 3 609
3 50 64
50 3 64
3 20 181
20 3 181
3 57 565
57 3 565
3 16 373
16 3 373
3 44 841
44 3 841
3 60 330
60 3 330
4 6 281
6 4 281
4 8 423
8 4 423
4 63 545
63 4 545
4 45 564
45 4 564
4 54 543
54 4 543
4 21 959
21 4 959
4 8 169
8 4 169
4 76 957
76 4 957
4 67 350
67 4 350
4 52 490
52 4 490
4 43 611
43 4 611
4 59 631
59 4 631
4 50 365
50 4 365
4 77 772
77 4 772
4 61 583
61 4 583
5 9 216
9 5 216
5 29 452
29 5 452
5 51 912
51 5 912
5 57 326
57 5 326
5 42 420
42 5 420
5 67 220
67 5 220
5 66 42
66 5 42
5 54 645
54 5 645
5 59 391
59 5 391
5 55 952
55 5 952
5 48 239
48 5 239
5 13 453
13 5 453
5 31 889
31 5 889
6 19 760
19 6 760
6 17 640
17 6 640
6 27 207
27 6 207
6 56 293
56 6 293
6 11 287
11 6 287
6 24 240
24 6 240
6 51 334
51 6 334
6 53 248
53 6 248
6 37 607
37 6 607
7 10 482
10 7 482
7 12 811
12 7 811
7 26 23
26 7 23
7 52 649
52 7 649
7 69 222
69 7 222
7 32 998
32 7 998
7 73 959
73 7 959
7 15 861
15 7 861
7 65 201
65 7 201
7 32 83
32 7 83
7 42 385
42 7 385
7 61 378
61 7 378
7 60 446
60 7 446
7 35 280
35 7 280
7 52 256
52 7 256
7 67 821
67 7 821
7 48 536
48 7 536
8 13 355
13 8 355
8 31 198
31 8 198
8 58 284
58 8 284
8 36 76
36 8 76
8 17 481
17 8 481
8 22 52
22 8 52
8 23 766
23 8 766
8 30 916
30 8 916
8 34 36
34 8 36
8 12 790
12 8 790
8 36 458
36 8 458
8 14 640
14 8 640
8 27 111
27 8 111
8 26 829
26 8 829
8 23 619
23 8 619
8 44 692
44 8 692
9 11 589
11 9 589
9 20 667
20 9 667
9 56 712
56 9 712
9 74 83
74 9 83
9 61 593
61 9 593
9 32 547
32 9 547
9 9 1000
9 9 1000
9 61 617
61 9 617
9 20 133
20 9 133
9 68 461
68 9 461
9 17 212
17 9 212
9 31 403
31 9 403
9 13 249
13 9 249
9 18 321
18 9 321
9 73 982
73 9 982
9 74 562
74 9 562
9 77 954
77 9 954
9 54 503
54 9 503
10 17 494
17 10 494
10 33 708
33 10 708
10 48 785
48 10 785
10 59 139
59 10 139
10 36 264
36 10 264
10 27 639
27 10 639
10 74 653
74 10 653
10 74 29
74 10 29
10 52 539
52 10 539
10 43 45
43 10 45
11 23 686
23 11 686
11 17 38
17 11 38
11 33 87
33 11 87
11 15 379
15 11 379
11 65 163
65 11 163
11 21 566
21 11 566
11 47 722
47 11 722
11 25 833
25 11 833
11 71 283
71 11 283
11 62 124
62 11 124
11 29 494
29 11 494
12 23 21
23 12 21
12 69 245
69 12 245
12 67 934
67 12 934
12 67 186
67 12 186
12 50 666
50 12 666
12 70 503
70 12 503
12 39 714
39 12 714
12 20 759
20 12 759
13 16 101
16 13 101
13 21 649
21 13 649
13 34 471
34 13 471
13 53 857
53 13 857
13 57 208
57 13 208
13 68 77
68 13 77
13 77 380
77 13 380
13 53 822
53 13 822
13 22 382
22 13 382
13 21 673
21 13 673
13 57 391
57 13 391
13 17 778
17 13 778
13 49 66
49 13 66
13 43 587
43 13 587
13 59 751
59 13 751
13 76 155
76 13 155
13 52 738
52 13 738
13 72 293
72 13 293
14 28 299
28 14 299
14 69 268
69 14 268
14 64 601
64 14 601
14 49 428
49 14 428
14 72 227
72 14 227
14 59 10
59 14 10
14 64 149
64 14 149
14 18 730
18 14 730
14 61 709
61 14 709
14 54 882
54 14 882
14 57 620
57 14 620
14 28 502
28 14 502
14 16 695
16 14 695
14 72 469
72 14 469
14 53 864
53 14 864
15 18 280
18 15 280
15 73 890
73 15 890
15 54 185
54 15 185
15 54 720
54 15 720
15 42 352
42 15 352
15 48 902
48 15 902
15 61 6
61 15 6
15 64 791
64 15 791
15 43 550
43 15 550
15 23 970
23 15 970
15 36 191
36 15 191
16 24 68
24 16 68
16 27 888
27 16 888
16 50 65
50 16 65
16 59 295
59 16 295
16 20 149
20 16 149
16 63 847
63 16 847
16 51 409
51 16 409
16 41 370
41 16 370
16 72 557
72 16 557
16 32 351
32 16 351
16 32 165
32 16 165
17 20 67
20 17 67
17 26 424
26 17 424
17 54 635
54 17 635
17 58 982
58 17 982
17 51 884
51 17 884
17 36 412
36 17 412
17 60 789
60 17 789
17 21 736
21 17 736
17 30 298
30 17 298
17 60 324
60 17 324
18 45 41
45 18 41
18 18 879
18 18 879
18 73 845
73 18 845
18 22 407
22 18 407
18 21 556
21 18 556
18 62 506
62 18 506
18 46 302
46 18 302
18 62 791
62 18 791
18 52 41
52 18 41
19 22 924
22 19 924
19 71 559
71 19 559
19 55 788
55 19 788
19 55 587
55 19 587
19 56 653
56 19 653
19 57 217
57 19 217
19 20 390
20 19 390
19 40 669
40 19 669
19 26 268
26 19 268
19 76 443
76 19 443
20 25 276
25 20 276
20 30 959
30 20 959
20 22 908
22 20 908
20 71 79
71 20 79
20 61 482
61 20 482
20 27 590
27 20 590
20 50 862
50 20 862
21 36 278
36 21 278
21 52 905
52 21 905
21 52 876
52 21 876
21 52 581
52 21 581
21 57 116
57 21 116
21 29 270
29 21 270
21 28 959
28 21 959
21 40 251
40 21 251
21 29 248
29 21 248
21 71 848
71 21 848
21 32 441
32 21 441
21 66 991
66 21 991
21 28 846
28 21 846
21 77 557
77 21 557
21 74 34
74 21 34
22 34 189
34 22 189
22 32 480
32 22 480
22 53 685
53 22 685
22 51 475
51 22 475
22 48 870
48 22 870
22 41 496
41 22 496
22 48 310
48 22 310
22 56 333
56 22 333
22 76 767
76 22 767
22 42 742
42 22 742
23 35 351
35 23 351
23 51 669
51 23 669
23 35 956
35 23 956
23 46 57
46 23 57
23 28 897
28 23 897
23 26 200
26 23 200
24 41 733
41 24 733
24 29 654
29 24 654
24 51 522
51 24 522
24 57 171
57 24 171
24 32 240
32 24 240
24 73 883
73 24 883
24 71 991
71 24 991
24 29 376
29 24 376
24 30 605
30 24 605
24 58 531
58 24 531
24 33 205
33 24 205
24 46 873
46 24 873
24 69 218
69 24 218
24 71 880
71 24 880
24 45 326
45 24 326
25 65 703
65 25 703
25 69 899
69 25 899
25 60 834
60 25 834
25 56 999
56 25 999
25 67 712
67 25 712
25 66 472
66 25 472
26 37 426
37 26 426
26 30 642
30 26 642
26 77 149
77 26 149
26 31 874
31 26 874
26 76 76
76 26 76
27 62 456
62 27 456
27 40 696
40 27 696
27 32 805
32 27 805
27 48 296
48 27 296
27 70 231
70 27 231
27 71 945
71 27 945
28 64 603
64 28 603
28 53 682
53 28 682
28 34 666
34 28 666
28 64 814
64 28 814
28 50 664
50 28 664
28 47 798
47 28 798
28 71 277
71 28 277
28 42 338
42 28 338
28 71 781
71 28 781
29 46 175
46 29 175
29 77 303
77 29 303
29 51 310
51 29 310
29 69 482
69 29 482
29 75 323
75 29 323
29 51 328
51 29 328
29 32 720
32 29 720
29 38 671
38 29 671
30 69 369
69 30 369
30 49 47
49 30 47
30 65 891
65 30 891
30 76 826
76 30 826
30 31 950
31 30 950
30 78 101
78 30 101
30 31 308
31 30 308
30 38 252
38 30 252
30 75 785
75 30 785
30 31 424
31 30 424
30 36 519
36 30 519
31 38 445
38 31 445
31 41 343
41 31 343
31 52 754
52 31 754
31 35 726
35 31 726
31 62 19
62 31 19
31 69 254
69 31 254
32 78 765
78 32 765
32 40 230
40 32 230
32 61 373
61 32 373
32 64 609
64 32 609
32 76 603
76 32 603
32 40 188
40 32 188
32 63 992
63 32 992
33 42 569
42 33 569
33 37 404
37 33 404
33 51 950
51 33 950
33 74 325
74 33 325
33 70 266
70 33 266
33 77 6
77 33 6
33 38 844
38 33 844
33 51 878
51 33 878
33 71 688
71 33 688
33 60 896
60 33 896
33 62 502
62 33 502
33 46 10
46 33 10
34 77 116
77 34 116
34 54 805
54 34 805
34 43 300
43 34 300
34 57 739
57 34 739
34 59 472
59 34 472
34 36 411
36 34 411
35 44 533
44 35 533
35 61 21
61 35 21
35 71 371
71 35 371
35 55 94
55 35 94
35 52 275
52 35 275
35 63 175
63 35 175
35 47 282
47 35 282
35 75 695
75 35 695
35 52 838
52 35 838
35 72 609
72 35 609
36 40 984
40 36 984
36 47 29
47 36 29
36 55 970
55 36 970
36 49 515
49 36 515
36 48 576
48 36 576
37 39 504
39 37 504
37 75 881
75 37 881
37 44 804
44 37 804
37 63 290
63 37 290
37 41 276
41 37 276
37 40 698
40 37 698
37 68 59
68 37 59
37 42 284
42 37 284
37 44 910
44 37 910
37 49 85
49 37 85
38 49 917
49 38 917
38 66 100
66 38 100
38 38 470
38 38 470
38 55 421
55 38 421
38 56 805
56 38 805
38 40 877
40 38 877
39 48 181
48 39 181
39 71 325
71 39 325
39 52 740
52 39 740
39 59 380
59 39 380
39 39 939
39 39 939
39 49 973
49 39 973
39 63 789
63 39 789
39 65 268
65 39 268
40 43 354
43 40 354
40 42 104
42 40 104
40 67 595
67 40 595
40 52 876
52 40 876
40 78 485
78 40 485
40 76 360
76 40 360
40 77 484
77 40 484
40 62 67
62 40 67
41 54 261
54 41 261
41 62 883
62 41 883
41 47 333
47 41 333
41 66 482
66 41 482
41 56 989
56 41 989
41 76 597
76 41 597
41 49 984
49 41 984
41 69 373
69 41 373
42 68 254
68 42 254
42 76 809
76 42 809
42 72 476
72 42 476
42 51 511
51 42 511
42 73 396
73 42 396
43 60 898
60 43 898
43 71 243
71 43 243
43 43 950
43 43 950
43 60 494
60 43 494
43 45 821
45 43 821
43 46 355
46 43 355
43 50 517
50 43 517
44 70 949
70 44 949
44 78 643
78 44 643
44 65 68
65 44 68
44 78 798
78 44 798
44 48 154
48 44 154
45 60 788
60 45 788
45 59 915
59 45 915
45 58 236
58 45 236
45 73 610
73 45 610
45 49 96
49 45 96
46 56 895
56 46 895
46 78 567
78 46 567
46 50 668
50 46 668
46 78 742
78 46 742
46 58 370
58 46 370
46 67 859
67 46 859
46 53 919
53 46 919
46 78 688
78 46 688
46 54 488
54 46 488
46 51 663
51 46 663
47 68 223
68 47 223
47 53 55
53 47 55
47 52 70
52 47 70
47 47 439
47 47 439
48 54 467
54 48 467
48 77 252
77 48 252
48 63 467
63 48 467
48 70 263
70 48 263
48 69 396
69 48 396
49 63 98
63 49 98
49 67 276
67 49 276
49 57 427
57 49 427
49 58 618
58 49 618
49 55 397
55 49 397
49 64 161
64 49 161
49 57 793
57 49 793
49 76 558
76 49 558
49 51 272
51 49 272
49 68 549
68 49 549
49 75 712
75 49 712
50 57 63
57 50 63
50 54 22
54 50 22
51 75 935
75 51 935
51 62 25
62 51 25
51 58 465
58 51 465
51 69 373
69 51 373
51 54 552
54 51 552
52 52 863
52 52 863
52 60 392
60 52 392
52 70 465
70 52 465
52 73 269
73 52 269
52 76 855
76 52 855
52 61 674
61 52 674
52 70 854
70 52 854
52 59 775
59 52 775
53 64 864
64 53 864
53 66 622
66 53 622
53 78 99
78 53 99
53 67 200
67 53 200
53 65 585
65 53 585
54 78 695
78 54 695
54 75 142
75 54 142
54 72 64
72 54 64
54 67 311
67 54 311
55 77 234
77 55 234
55 61 444
61 55 444
55 68 235
68 55 235
55 59 685
59 55 685
55 56 10
56 55 10
56 57 401
57 56 401
56 61 315
61 56 315
56 67 855
67 56 855
56 66 265
66 56 265
56 64 143
64 56 143
56 68 265
68 56 265
56 75 560
75 56 560
57 60 759
60 57 759
57 60 314
60 57 314
57 59 84
59 57 84
58 67 209
67 58 209
58 78 881
78 58 881
58 58 464
58 58 464
60 62 550
62 60 550
60 74 225
74 60 225
60 73 87
73 60 87
60 71 555
71 60 555
61 77 207
77 61 207
61 73 243
73 61 243
61 70 758
70 61 758
61 63 658
63 61 658
62 71 959
71 62 959
64 68 330
68 64 330
64 73 403
73 64 403
65 67 926
67 65 926
66 77 282
77 66 282
66 70 368
70 66 368
66 71 409
71 66 409
67 74 28
74 67 28
68 72 839
72 68 839
68 71 529
71 68 529
68 72 883
72 68 883
70 76 937
76 70 937
70 77 868
77 70 868
70 77 346
77 70 346
71 75 115
75 71 115
73 73 393
73 73 393
76 77 775
77 76 775
