94

0 1 238
1 0 238
0 2 183
2 0 183
0 3 68
3 0 68
0 5 469
5 0 469
0 9 236
9 0 236
0 15 81
15 0 81
0 41 991
41 0 991
0 69 299
69 0 299
0 38 259
38 0 259
0 49 187
49 0 187
0 30 110
30 0 110
0 3 58
3 0 58
0 27 699
27 0 699
0 78 228
78 0 228
0 55 805
55 0 805
0 81 43
81 0 43
0 41 828
41 0 828
0 51 510
51 0 510
0 53 744
53 0 744
0 11 127
11 0 127
0 92 583
92 0 583
0 57 738
57 0 738
0 22 678
22 0 678
1 25 757
25 1 757
1 50 519
50 1 519
1 79 448
79 1 448
1 74 771
74 1 771
1 84 447
84 1 447
1 76 328
76 1 328
1 65 531
65 1 531
1 37 449
37 1 449
1 19 420
19 1 420
1 74 817
74 1 817
1 24 345
24 1 345
1 87 619
87 1 619
1 78 657
78 1 657
1 53 227
53 1 227
1 35 28
35 1 28
1 11 587
11 1 587
1 66 475
66 1 475
1 19 361
19 1 361
2 7 468
7 2 468
2 28 329
28 2 329
2 83 725
83 2 725
2 46 558
46 2 558
2 92 390
92 2 390
2 13 280
13 2 280
2 84 99
84 2 99
2 84 632
84 2 632
2 91 216
91 2 216
2 14 905
14 2 905
2 8 144
8 2 144
2 51 172
51 2 172
2 39 10
39 2 10
3 4 678
4 3 678
3 30 623
30 3 623
3 66 205
66 3 205
3 6 304
6 3 304
3 90 361
90 3 361
3 6 184
6 3 184
3 73 337
73 3 337
3 42 478
42 3 478
3 27 105
27 3 105
3 68 717
68 3 717
3 32 27
32 3 27
3 78 71
78 3 71
3 85 942
85 3 942
3 21 194
21 3 194
3 68 943
68 3 943
3 78 358
78 3 358
4 6 854
6 4 854
4 86 89
86 4 89
4 77 366
77 4 366
4 87 951
87 4 951
4 38 738
38 4 738
4 5 833
5 4 833
4 77 274
77 4 274
4 54 392
54 4 392
4 47 326
47 4 326
4 23 773
23 4 773
4 38 192
38 4 192
4 46 914
46 4 914
4 29 138
29 4 138
4 52 407
52 4 407
5 23 921
23 5 921
5 49 370
49 5 370
5 81 85
81 5 85
5 19 877
19 5 877
5 40 725
40 5 725
5 72 115
72 5 115
5 32 442
32 5 442
5 26 356
26 5 356
5 90 777
90 5 777
5 55 363
55 5 363
6 13 459
13 6 459
6 18 827
18 6 827
6 33 305
33 6 305
6 45 51
45 6 51
6 56 804
56 6 804
6 89 597
89 6 597
6 55 323
55 6 323
6 21 570
21 6 570
6 62 326
62 6 326
6 85 508
85 6 508
6 8 309
8 6 309
6 46 425
46 6 425
6 30 430
30 6 430
6 12 703
12 6 703
6 70 157
70 6 157
6 91 894
91 6 894
6 7 423
7 6 423
6 42 544
42 6 544
6 85 833
85 6 833
7 8 237
8 7 237
7 10 288
10 7 288
7 17 990
17 7 990
7 89 620
89 7 620
7 75 552
75 7 552
7 22 550
22 7 550
7 44 898
44 7 898
7 57 947
57 7 947
7 35 645
35 7 645
7 19 316
19 7 316
7 74 751
74 7 751
7 46 436
46 7 436
7 14 702
14 7 702
7 73 486
73 7 486
7 31 82
31 7 82
7 32 732
32 7 732
7 22 979
22 7 979
8 11 505
11 8 505
8 12 98
12 8 98
8 51 820
51 8 820
8 74 975
74 8 975
8 44 596
44 8 596
8 10 324
10 8 324
8 10 425
10 8 425
8 39 956
39 8 956
8 78 708
78 8 708
8 12 380
12 8 380
8 83 253
83 8 253
8 13 225
13 8 225
8 71 156
71 8 156
8 61 841
61 8 841
9 93 910
93 9 910
9 43 57
43 9 57
9 84 430
84 9 430
9 66 597
66 9 597
9 93 224
93 9 224
9 62 139
62 9 139
9 28 774
28 9 774
9 14 176
14 9 176
9 60 530
60 9 530
9 86 7
86 9 7
10 35 231
35 10 231
10 20 382
20 10 382
10 76 50
76 10 50
10 71 168
71 10 168
10 29 585
29 10 585
10 20 458
20 10 458
10 74 1
74 10 1
10 93 767
93 10 767
10 43 959
43 10 959
10 51 715
51 10 715
10 46 398
46 10 398
10 68 895
68 10 895
10 11 247
11 10 247
11 21 243
21 11 243
11 15 791
15 11 791
11 52 994
52 11 994
11 34 460
34 11 460
11 31 64
31 11 64
11 37 411
37 11 411
11 52 45
52 11 45
11 25 452
25 11 452
11 18 756
18 11 756
11 76 853
76 11 853
11 24 173
24 11 173
11 40 230
40 11 230
12 16 495
16 12 495
12 26 471
26 12 471
12 34 440
34 12 440
12 46 615
46 12 615
12 48 372
48 12 372
12 86 528
86 12 528
12 35 563
35 12 563
12 23 62
23 12 62
12 82 698
82 12 698
12 43 94
43 12 94
12 43 4
43 12 4
12 53 942
53 12 942
12 22 449
22 12 449
12 33 86
33 12 86
12 20 979
20 12 979
13 14 919
14 13 919
13 67 25
67 13 25
13 42 807
42 13 807
13 85 276
85 13 276
13 66 497
66 13 497
13 41 807
41 13 807
13 38 611
38 13 611
13 79 812
79 13 812
14 20 180
20 14 180
14 27 352
27 14 352
14 47 770
47 14 770
14 88 738
88 14 738
14 43 32
43 14 32
14 91 67
91 14 67
14 85 427
85 14 427
14 68 142
68 14 142
14 60 470
60 14 470
14 71 275
71 14 275
14 43 320
43 14 320
14 32 550
32 14 550
15 19 23
19 15 23
15 32 892
32 15 892
15 22 844
22 15 844
15 76 920
76 15 920
15 23 147
23 15 147
15 36 790
36 15 790
15 22 806
22 15 806
15 34 192
34 15 192
15 32 966
32 15 966
16 41 780
41 16 780
16 73 959
73 16 959
16 31 680
31 16 680
16 55 660
55 16 660
16 41 590
41 16 590
16 16 735
16 16 735
16 65 774
65 16 774
16 21 321
21 16 321
17 92 132
92 17 132
17 54 366
54 17 366
17 51 792
51 17 792
17 21 284
21 17 284
17 23 978
23 17 978
17 51 372
51 17 372
17 75 470
75 17 470
17 79 576
79 17 576
17 36 19
36 17 19
17 37 689
37 17 689
17 66 363
66 17 363
17 40 957
40 17 957
17 91 161
91 17 161
17 79 626
79 17 626
17 85 501
85 17 501
17 61 252
61 17 252
17 53 303
53 17 303
17 73 457
73 17 457
18 22 729
22 18 729
18 43 655
43 18 655
18 47 210
47 18 210
18 75 725
75 18 725
18 78 711
78 18 711
18 53 222
53 18 222
18 46 480
46 18 480
18 47 902
47 18 902
18 45 815
45 18 815
19 53 723
53 19 723
19 93 435
93 19 435
19 47 29
47 19 29
19 83 243
83 19 243
19 39 872
39 19 872
19 32 626
32 19 626
20 40 196
40 20 196
20 40 887
40 20 887
20 33 708
33 20 708
20 28 304
28 20 304
20 57 649
57 20 649
20 69 494
69 20 494
20 46 443
46 20 443
20 21 548
21 20 548
20 33 392
33 20 392
21 69 982
69 21 982
21 41 836
41 21 836
21 73 539
73 21 539
21 66 307
66 21 307
21 58 768
58 21 768
21 22 375
22 21 375
21 43 782
43 21 782
21 28 631
28 21 631
21 68 545
68 21 545
22 24 403
24 22 403
22 36 729
36 22 729
22 54 64
54 22 64
22 59 13
59 22 13
22 68 350
68 22 350
22 79 189
79 22 189
22 83 658
83 22 658
22 52 142
52 22 142
22 72 218
72 22 218
22 87 390
87 22 390
22 43 677
43 22 677
22 92 409
92 22 409
22 58 294
58 22 294
22 47 120
47 22 120
23 72 97
72 23 97
23 77 9
77 23 9
23 77 820
77 23 820
23 72 800
72 23 800
23 53 540
53 23 540
23 50 287
50 23 287
23 50 998
50 23 998
24 44 66
44 24 66
24 57 464
57 24 464
24 38 842
38 24 842
24 74 995
74 24 995
24 72 867
72 24 867
24 55 482
55 24 482
24 61 82
61 24 82
25 29 83
29 25 83
25 49 7
49 25 7
25 43 788
43 25 788
25 89 809
89 25 809
25 30 297
30 25 297
25 68 382
68 25 382
25 38 16
38 25 16
25 57 141
57 25 141
26 63 716
63 26 716
26 87 285
87 26 285
26 91 252
91 26 252
26 77 688
77 26 688
26 83 254
83 26 254
26 70 559
70 26 559
26 85 315
85 26 315
26 51 290
51 26 290
26 58 101
58 26 101
26 55 498
55 26 498
27 91 262
91 27 262
27 84 477
84 27 477
27 87 719
87 27 719
27 27 15
27 27 15
27 77 615
77 27 615
27 54 570
54 27 570
27 29 901
29 27 901
27 42 601
42 27 601
28 31 106
31 28 106
28 37 445
37 28 445
28 31 668
31 28 668
28 80 192
80 28 192
28 43 44
43 28 44
28 54 361
54 28 361
28 48 155
48 28 155
28 80 644
80 28 644
28 64 978
64 28 978
28 41 900
41 28 900
29 58 698
58 29 698
29 82 138
82 29 138
29 63 828
63 29 828
29 93 223
93 29 223
29 89 380
89 29 380
29 87 368
87 29 368
29 45 295
45 29 295
30 47 201
47 30 201
30 48 530
48 30 530
30 46 337
46 30 337
30 64 153
64 30 153
30 33 407
33 30 407
30 53 76
53 30 76
30 41 56
41 30 56
31 39 263
39 31 263
31 61 448
61 31 448
31 90 787
90 31 787
31 65 331
65 31 331
31 48 768
48 31 768
31 58 469
58 31 469
31 52 317
52 31 317
31 59 585
59 31 585
31 86 270
86 31 270
31 70 640
70 31 640
31 44 985
44 31 985
31 92 661
92 31 661
32 76 999
76 32 999
32 33 827
33 32 827
32 46 710
46 32 710
32 78 318
78 32 318
32 73 70
73 32 70
32 33 108
33 32 108
32 39 468
39 32 468
33 80 441
80 33 441
33 78 518
78 33 518
33 57 268
57 33 268
33 38 910
38 33 910
33 45 222
45 33 222
33 64 887
64 33 887
33 44 704
44 33 704
33 90 741
90 33 741
33 52 947
52 33 947
33 71 223
71 33 223
34 60 252
60 34 252
34 69 365
69 34 365
34 64 741
64 34 741
34 72 58
72 34 58
34 92 425
92 34 425
34 73 665
73 34 665
34 63 93
63 34 93
34 63 428
63 34 428
34 65 699
65 34 699
34 67 178
67 34 178
35 38 778
38 35 778
35 64 279
64 35 279
35 78 43
78 35 43
35 36 610
36 35 610
35 48 125
48 35 125
35 44 770
44 35 770
35 63 987
63 35 987
35 54 215
54 35 215
36 42 714
42 36 714
36 74 114
74 36 114
36 92 444
92 36 444
36 82 662
82 36 662
36 47 6
47 36 6
36 56 117
56 36 117
36 41 822
41 36 822
36 84 3
84 36 3
37 51 972
51 37 972
37 61 802
61 37 802
37 93 774
93 37 774
37 43 245
43 37 245
37 91 746
91 37 746
38 52 554
52 38 554
38 62 200
62 38 200
38 39 865
39 38 865
38 85 79
85 38 79
38 42 986
42 38 986
39 43 385
43 39 385
39 64 365
64 39 365
40 49 42
49 40 42
40 72 132
72 40 132
40 66 84
66 40 84
40 79 169
79 40 169
40 76 683
76 40 683
41 66 179
66 41 179
41 47 265
47 41 265
41 60 119
60 41 119
41 71 855
71 41 855
41 66 538
66 41 538
41 90 739
90 41 739
42 70 107
70 42 107
42 69 309
69 42 309
42 88 859
88 42 859
42 47 800
47 42 800
42 54 271
54 42 271
42 84 50
84 42 50
42 60 175
60 42 175
42 65 95
65 42 95
42 57 817
57 42 817
43 80 923
80 43 923
43 72 59
72 43 59
43 64 285
64 43 285
44 66 990
66 44 990
44 78 491
78 44 491
44 93 557
93 44 557
44 57 587
57 44 587
44 88 130
88 44 130
44 72 74
72 44 74
45 53 531
53 45 531
45 58 977
58 45 977
45 57 568
57 45 568
45 63 373
63 45 373
45 92 185
92 45 185
46 82 895
82 46 895
46 67 809
67 46 809
46 87 921
87 46 921
46 63 471
63 46 471
46 81 380
81 46 380
46 61 89
61 46 89
47 62 912
62 47 912
47 65 197
65 47 197
47 55 753
55 47 753
47 67 158
67 47 158
48 57 163
57 48 163
48 86 734
86 48 734
48 53 969
53 48 969
48 91 283
91 48 283
48 54 872
54 48 872
48 55 9
55 48 9
48 80 534
80 48 534
48 87 898
87 48 898
49 85 881
85 49 881
49 63 618
63 49 618
49 88 603
88 49 603
49 80 16
80 49 16
49 89 294
89 49 294
49 87 586
87 49 586
49 92 601
92 49 601
49 51 196
51 49 196
50 57 761
57 50 761
50 78 185
78 50 185
50 80 449
80 50 449
50 61 53
61 50 53
50 84 798
84 50 798
50 53 782
53 50 782
51 55 351
55 51 351
51 81 928
81 51 928
51 71 990
71 51 990
51 84 317
84 51 317
51 93 773
93 51 773
51 77 693
77 51 693
51 56 79
56 51 79
51 53 354
53 51 354
51 62 899
62 51 899
52 84 22
84 52 22
52 80 386
80 52 386
52 60 80
60 52 80
52 56 934
56 52 934
52 71 441
71 52 441
52 75 265
75 52 265
52 87 658
87 52 658
53 56 413
56 53 413
53 79 594
79 53 594
53 91 526
91 53 526
53 93 22
93 53 22
54 65 413
65 54 413
54 71 69
71 54 69
54 73 321
73 54 321
54 62 813
62 54 813
54 88 803
88 54 803
54 63 930
63 54 930
54 88 230
88 54 230
55 85 715
85 55 715
55 57 607
57 55 607
55 82 639
82 55 639
55 66 242
66 55 242
55 56 732
56 55 732
55 70 585
70 55 585
55 55 366
55 55 366
56 83 907
83 56 907
56 83 823
83 56 823
57 65 66
65 57 66
57 83 58
83 57 58
57 64 932
64 57 932
57 73 822
73 57 822
58 85 827
85 58 827
58 88 105
88 58 105
58 83 816
83 58 816
59 86 815
86 59 815
59 88 942
88 59 942
59 67 191
67 59 191
59 89 462
89 59 462
60 74 330
74 60 330
60 81 780
81 60 780
60 67 572
67 60 572
60 73 472
73 60 472
60 92 640
92 60 640
60 75 507
75 60 507
61 62 137
62 61 137
61 91 473
91 61 473
61 65 234
65 61 234
61 72 951
72 61 951
62 82 443
82 62 443
62 82 39
82 62 39
62 83 545
83 62 545
62 65 901
65 62 901
62 68 698
68 62 698
63 76 776
76 63 776
63 82 765
82 63 765
63 88 196
88 63 196
64 87 153
87 64 153
65 75 827
75 65 827
65 82 654
82 65 654
65 68 346
68 65 346
67 91 303
91 67 303
67 81 211
81 67 211
67 77 339
77 67 339
67 78 841
78 67 841
67 80 698
80 67 698
68 90 238
90 68 238
68 74 232
74 68 232
68 79 265
79 68 265
68 85 373
85 68 373
68 92 716
92 68 716
68 92 344
92 68 344
69 77 284
77 69 284
70 74 348
74 70 348
70 74 317
74 70 317
70 93 302
93 70 302
70 77 744
77 70 744
70 70 699
70 70 699
71 89 4
89 71 4
71 87 741
87 71 741
73 74 417
74 73 417
73 93 558
93 73 558
73 82 258
82 73 258
73 87 761
87 73 761
74 78 723
78 74 723
74 82 289
82 74 289
74 79 938
79 74 938
75 84 262
84 75 262
75 83 907
83 75 907
75 92 273
92 75 273
77 82 449
82 77 449
77 87 155
87 77 155
77 88 215
88 77 215
78 81 720
81 78 720
78 82 912
82 78 912
78 79 545
79 78 545
79 91 741
91 79 741
79 86 665
86 79 665
81 84 209
84 81 209
81 89 15
89 81 15
81 93 24
93 81 24
82 82 616
82 82 616
83 93 610
93 83 610
86 89 62
89 86 62
86 92 753
92 86 753
88 93 771
93 88 771
89 91 546
91 89 546
90 90 541
90 90 541
91 93 799
93 91 799
