99

0 1 681
1 0 681
0 13 322
13 0 322
0 15 912
15 0 912
0 18 103
18 0 103
0 39 612
39 0 612
0 50 381
50 0 381
0 58 30
58 0 30
0 94 545
94 0 545
0 12 181
12 0 181
1 2 101
2 1 101
1 3 166
3 1 166
1 5 116
5 1 116
1 7 596
7 1 596
1 33 720
33 1 720
1 69 888
69 1 888
1 89 373
89 1 373
1 54 204
54 1 204
1 7 835
7 1 835
1 25 524
25 1 524
1 43 232
43 1 232
2 4 408
4 2 408
2 6 937
6 2 937
2 24 231
24 2 231
2 25 577
25 2 577
2 34 397
34 2 397
2 65 879
65 2 879
3 64 31
64 3 31
3 84 990
84 3 990
3 72 44
72 3 44
3 50 631
50 3 631
3 24 750
24 3 750
4 12 917
12 4 917
4 19 966
19 4 966
4 44 781
44 4 781
4 23 139
23 4 139
4 93 967
93 4 967
4 34 624
34 4 624
5 36 535
36 5 535
5 65 392
65 5 392
5 11 207
11 5 207
5 70 53
70 5 53
6 11 421
11 6 421
6 43 999
43 6 999
7 8 484
8 7 484
7 14 542
14 7 542
7 97 179
97 7 179
7 86 458
86 7 458
7 85 680
85 7 680
7 13 746
13 7 746
7 34 967
34 7 967
7 46 873
46 7 873
7 69 952
69 7 952
8 9 937
9 8 937
8 30 627
30 8 627
8 34 626
34 8 626
8 55 63
55 8 63
8 95 115
95 8 115
8 58 749
58 8 749
8 73 957
73 8 957
9 10 595
10 9 595
10 22 365
22 10 365
10 38 497
38 10 497
10 40 854
40 10 854
10 56 385
56 10 385
10 61 928
61 10 928
10 80 621
80 10 621
10 18 736
18 10 736
10 64 419
64 10 419
10 11 67
11 10 67
11 16 603
16 11 603
11 47 520
47 11 520
11 63 125
63 11 125
11 74 878
74 11 878
11 87 652
87 11 652
12 26 49
26 12 49
12 28 499
28 12 499
12 35 172
35 12 172
12 48 963
48 12 963
12 89 853
89 12 853
12 54 832
54 12 832
12 15 998
15 12 998
12 75 550
75 12 550
13 46 270
46 13 270
13 40 481
40 13 481
13 43 907
43 13 907
13 75 501
75 13 501
13 56 603
56 13 603
14 43 862
43 14 862
14 44 559
44 14 559
14 55 588
55 14 588
14 28 147
28 14 147
14 25 515
25 14 515
14 15 640
15 14 640
15 20 619
20 15 619
15 27 611
27 15 611
15 37 800
37 15 800
15 97 757
97 15 757
15 80 712
80 15 712
15 98 225
98 15 225
16 17 716
17 16 716
17 32 535
32 17 535
17 41 592
41 17 592
17 53 672
53 17 672
17 78 257
78 17 257
18 23 678
23 18 678
18 37 621
37 18 621
18 26 356
26 18 356
18 36 665
36 18 665
19 21 323
21 19 323
19 62 786
62 19 786
19 81 895
81 19 895
19 44 845
44 19 845
20 58 768
58 20 768
20 24 574
24 20 574
20 76 148
76 20 148
20 43 265
43 20 265
20 21 321
21 20 321
21 82 49
82 21 49
21 76 87
76 21 87
22 79 391
79 22 391
22 89 684
89 22 684
22 34 244
34 22 244
22 57 931
57 22 931
23 52 77
52 23 77
23 80 885
80 23 885
23 35 396
35 23 396
24 29 173
29 24 173
24 31 559
31 24 559
24 60 962
60 24 962
24 93 501
93 24 501
24 84 910
84 24 910
24 29 831
29 24 831
25 52 635
52 25 635
25 97 281
97 25 281
25 26 867
26 25 867
25 49 930
49 25 930
25 35 206
35 25 206
26 35 157
35 26 157
26 43 819
43 26 819
27 66 592
66 27 592
27 56 73
56 27 73
27 94 205
94 27 205
27 67 167
67 27 167
28 45 435
45 28 435
28 61 545
61 28 545
28 62 200
62 28 200
29 62 757
62 29 757
30 46 73
46 30 73
30 36 391
36 30 391
30 67 625
67 30 625
30 51 752
51 30 752
31 77 239
77 31 239
31 80 611
80 31 611
32 51 51
51 32 51
32 51 147
51 32 147
32 86 224
86 32 224
33 75 465
75 33 465
33 90 978
90 33 978
33 53 936
53 33 936
33 82 439
82 33 439
34 71 459
71 34 459
34 71 313
71 34 313
35 74 784
74 35 784
35 88 830
88 35 830
35 95 315
95 35 315
35 81 854
81 35 854
36 67 569
67 36 569
36 97 507
97 36 507
36 89 846
89 36 846
36 75 256
75 36 256
37 42 854
42 37 854
37 85 626
85 37 626
38 59 10
59 38 10
38 89 578
89 38 578
38 52 330
52 38 330
38 78 498
78 38 498
38 65 237
65 38 237
39 54 390
54 39 390
39 98 78
98 39 78
39 78 849
78 39 849
40 68 988
68 40 988
40 59 928
59 40 928
40 80 946
80 40 946
41 63 854
63 41 854
41 53 164
53 41 164
42 82 951
82 42 951
42 67 343
67 42 343
42 63 982
63 42 982
43 49 929
49 43 929
43 89 934
89 43 934
43 50 291
50 43 291
43 54 75
54 43 75
43 51 166
51 43 166
43 47 765
47 43 765
43 56 877
56 43 877
45 87 83
87 45 83
45 59 40
59 45 40
45 77 505
77 45 505
47 86 51
86 47 51
47 62 791
62 47 791
47 97 150
97 47 150
48 63 540
63 48 540
48 78 955
78 48 955
48 97 550
97 48 550
50 83 133
83 50 133
50 90 781
90 50 781
51 57 201
57 51 201
51 72 563
72 51 563
51 80 38
80 51 38
51 75 98
75 51 98
52 82 705
82 52 705
52 59 343
59 52 343
53 65 875
65 53 875
54 73 214
73 54 214
54 77 991
77 54 991
54 84 234
84 54 234
55 68 571
68 55 571
55 90 74
90 55 74
56 83 841
83 56 841
57 67 600
67 57 600
57 73 111
73 57 111
57 58 749
58 57 749
57 83 830
83 57 830
58 69 434
69 58 434
58 86 144
86 58 144
58 61 913
61 58 913
58 81 293
81 58 293
59 77 84
77 59 84
61 85 156
85 61 156
61 94 699
94 61 699
61 91 759
91 61 759
61 73 896
73 61 896
62 70 924
70 62 924
63 66 10
66 63 10
65 76 226
76 65 226
65 68 174
68 65 174
65 91 508
91 65 508
65 67 392
67 65 392
66 81 215
81 66 215
66 98 766
98 66 766
67 87 689
87 67 689
69 79 95
79 69 95
69 83 820
83 69 820
69 83 118
83 69 118
70 93 116
93 70 116
72 96 98
96 72 98
73 92 154
92 73 154
74 93 611
93 74 611
74 85 104
85 74 104
75 92 885
92 75 885
75 79 233
79 75 233
75 82 604
82 75 604
75 85 98
85 75 98
76 77 111
77 76 111
76 97 810
97 76 810
76 77 344
77 76 344
76 89 878
89 76 878
76 89 17
89 76 17
78 92 174
92 78 174
78 90 530
90 78 530
79 96 388
96 79 388
80 88 656
88 80 656
81 93 169
93 81 169
82 91 525
91 82 525
82 97 364
97 82 364
84 89 827
89 84 827
87 90 159
90 87 159
89 94 652
94 89 652
90 91 499
91 90 499
