17

0 1 514
1 0 514
0 2 986
2 0 986
0 5 79
5 0 79
0 15 899
15 0 899
0 3 826
3 0 826
0 5 659
5 0 659
0 9 898
9 0 898
0 1 136
1 0 136
0 4 824
4 0 824
0 15 358
15 0 358
1 3 101
3 1 101
1 4 689
4 1 689
1 5 905
5 1 905
2 6 766
6 2 766
2 4 902
4 2 902
2 14 589
14 2 589
2 7 433
7 2 433
2 5 911
5 2 911
2 12 967
12 2 967
2 6 898
6 2 898
2 6 910
6 2 910
3 12 309
12 3 309
3 8 728
8 3 728
3 9 533
9 3 533
4 8 230
8 4 230
4 14 794
14 4 794
4 6 541
6 4 541
5 7 441
7 5 441
5 14 463
14 5 463
6 9 494
9 6 494
6 10 235
10 6 235
6 13 485
13 6 485
6 7 563
7 6 563
6 11 953
11 6 953
6 14 431
14 6 431
6 12 867
12 6 867
7 11 413
11 7 413
7 14 809
14 7 809
7 8 978
8 7 978
7 15 206
15 7 206
8 14 172
14 8 172
8 16 291
16 8 291
8 12 833
12 8 833
10 15 709
15 10 709
10 16 451
16 10 451
11 15 998
15 11 998
11 12 849
12 11 849
12 16 326
16 12 326
13 14 313
14 13 313
14 16 15
16 14 15
