46

0 1 77
1 0 77
0 2 805
2 0 805
0 6 931
6 0 931
0 28 498
28 0 498
0 36 200
36 0 200
1 11 965
11 1 965
1 15 347
15 1 347
1 19 178
19 1 178
2 3 923
3 2 923
2 38 652
38 2 652
2 42 406
42 2 406
3 4 559
4 3 559
3 14 616
14 3 616
4 5 880
5 4 880
4 8 698
8 4 698
4 9 657
9 4 657
4 16 488
16 4 488
5 7 63
7 5 63
5 19 234
19 5 234
5 32 139
32 5 139
5 35 438
35 5 438
5 12 333
12 5 333
6 12 393
12 6 393
6 17 576
17 6 576
6 25 963
25 6 963
6 28 913
28 6 913
6 29 661
29 6 661
6 45 603
45 6 603
6 15 607
15 6 607
6 21 170
21 6 170
7 10 961
10 7 961
7 21 887
21 7 887
8 26 504
26 8 504
8 21 654
21 8 654
8 27 955
27 8 955
9 13 849
13 9 849
9 18 323
18 9 323
9 14 362
14 9 362
10 24 642
24 10 642
10 43 320
43 10 320
10 40 695
40 10 695
11 42 821
42 11 821
11 24 434
24 11 434
12 31 712
31 12 712
12 41 170
41 12 170
12 41 855
41 12 855
13 20 592
20 13 592
13 22 986
22 13 986
13 27 410
27 13 410
15 40 262
40 15 262
16 39 797
39 16 797
16 35 895
35 16 895
17 34 893
34 17 893
17 20 277
20 17 277
18 45 786
45 18 786
21 23 818
23 21 818
21 41 138
41 21 138
22 30 912
30 22 912
22 40 108
40 22 108
24 37 310
37 24 310
25 36 9
36 25 9
26 42 108
42 26 108
29 33 155
33 29 155
30 36 348
36 30 348
31 33 419
33 31 419
32 33 954
33 32 954
34 35 539
35 34 539
36 37 605
37 36 605
39 44 405
44 39 405
40 40 575
40 40 575
40 44 100
44 40 100
