97

0 1 366
1 0 366
0 4 76
4 0 76
0 6 517
6 0 517
0 16 961
16 0 961
0 21 368
21 0 368
0 95 809
95 0 809
0 5 690
5 0 690
0 3 529
3 0 529
1 2 275
2 1 275
1 13 908
13 1 908
1 19 779
19 1 779
1 28 807
28 1 807
1 60 725
60 1 725
1 87 62
87 1 62
1 94 152
94 1 152
1 93 262
93 1 262
1 5 100
5 1 100
2 3 320
3 2 320
2 5 541
5 2 541
2 8 173
8 2 173
2 10 478
10 2 478
2 12 369
12 2 369
2 24 604
24 2 604
2 6 719
6 2 719
2 43 562
43 2 562
2 78 31
78 2 31
2 24 339
24 2 339
2 77 297
77 2 297
3 7 38
7 3 38
3 25 882
25 3 882
3 33 453
33 3 453
3 42 502
42 3 502
3 46 126
46 3 126
3 33 416
33 3 416
3 89 502
89 3 502
3 90 990
90 3 990
3 80 269
80 3 269
3 68 360
68 3 360
3 76 903
76 3 903
3 51 780
51 3 780
3 17 232
17 3 232
3 41 824
41 3 824
3 22 312
22 3 312
4 4 508
4 4 508
4 34 514
34 4 514
4 78 350
78 4 350
4 80 131
80 4 131
4 37 942
37 4 942
4 57 124
57 4 124
4 30 955
30 4 955
4 69 578
69 4 578
4 87 870
87 4 870
5 14 117
14 5 117
5 17 908
17 5 908
5 52 654
52 5 654
5 70 337
70 5 337
5 44 406
44 5 406
5 25 607
25 5 607
6 22 316
22 6 316
6 58 592
58 6 592
6 7 640
7 6 640
6 53 668
53 6 668
6 89 822
89 6 822
6 12 906
12 6 906
7 11 795
11 7 795
7 48 8
48 7 8
7 83 484
83 7 484
7 86 155
86 7 155
7 80 123
80 7 123
7 11 744
11 7 744
7 83 296
83 7 296
8 9 835
9 8 835
8 69 945
69 8 945
8 66 298
66 8 298
8 27 177
27 8 177
8 10 65
10 8 65
8 39 300
39 8 300
8 12 304
12 8 304
8 83 701
83 8 701
8 9 88
9 8 88
8 85 57
85 8 57
8 50 287
50 8 287
8 88 951
88 8 951
9 31 635
31 9 635
9 11 623
11 9 623
9 66 215
66 9 215
9 55 751
55 9 751
9 72 830
72 9 830
9 42 121
42 9 121
9 27 219
27 9 219
9 19 964
19 9 964
9 11 205
11 9 205
9 80 669
80 9 669
9 91 764
91 9 764
9 19 424
19 9 424
9 69 954
69 9 954
10 50 738
50 10 738
10 75 617
75 10 617
10 23 781
23 10 781
10 76 432
76 10 432
10 37 166
37 10 166
10 26 238
26 10 238
10 43 452
43 10 452
10 94 237
94 10 237
10 18 844
18 10 844
10 30 72
30 10 72
10 67 341
67 10 341
11 18 935
18 11 935
11 78 43
78 11 43
11 86 920
86 11 920
11 74 653
74 11 653
12 29 418
29 12 418
12 81 568
81 12 568
12 47 595
47 12 595
12 74 401
74 12 401
12 48 431
48 12 431
12 38 159
38 12 159
12 24 775
24 12 775
13 49 827
49 13 827
13 85 238
85 13 238
13 32 150
32 13 150
13 57 480
57 13 480
13 22 643
22 13 643
13 27 225
27 13 225
13 92 686
92 13 686
13 45 606
45 13 606
13 87 196
87 13 196
14 15 972
15 14 972
14 31 572
31 14 572
14 81 308
81 14 308
14 63 282
63 14 282
14 46 501
46 14 501
14 85 190
85 14 190
14 66 67
66 14 67
14 47 822
47 14 822
14 31 227
31 14 227
14 75 500
75 14 500
14 17 207
17 14 207
14 81 687
81 14 687
14 14 288
14 14 288
14 92 552
92 14 552
15 47 88
47 15 88
15 53 907
53 15 907
15 32 483
32 15 483
15 16 861
16 15 861
15 57 710
57 15 710
15 96 586
96 15 586
16 24 58
24 16 58
16 27 316
27 16 316
16 36 906
36 16 906
16 37 438
37 16 438
16 51 831
51 16 831
16 58 227
58 16 227
16 39 483
39 16 483
16 80 255
80 16 255
16 94 987
94 16 987
16 63 152
63 16 152
17 78 831
78 17 831
17 52 163
52 17 163
17 92 533
92 17 533
17 86 983
86 17 983
17 40 355
40 17 355
17 22 151
22 17 151
17 22 622
22 17 622
17 74 945
74 17 945
17 37 398
37 17 398
17 42 514
42 17 514
17 63 967
63 17 967
17 52 874
52 17 874
17 44 507
44 17 507
18 47 306
47 18 306
18 40 430
40 18 430
18 27 154
27 18 154
18 47 705
47 18 705
18 83 660
83 18 660
18 60 91
60 18 91
18 41 724
41 18 724
19 20 615
20 19 615
19 35 110
35 19 110
19 40 557
40 19 557
19 45 57
45 19 57
19 87 497
87 19 497
19 72 724
72 19 724
19 84 224
84 19 224
19 91 509
91 19 509
19 26 438
26 19 438
20 23 926
23 20 926
20 32 667
32 20 667
20 76 884
76 20 884
20 61 583
61 20 583
20 88 555
88 20 555
20 66 880
66 20 880
20 56 75
56 20 75
20 46 373
46 20 373
20 71 104
71 20 104
20 20 391
20 20 391
21 88 195
88 21 195
21 89 67
89 21 67
21 43 936
43 21 936
21 28 161
28 21 161
21 92 544
92 21 544
22 55 115
55 22 115
22 70 826
70 22 826
22 66 819
66 22 819
22 51 356
51 22 356
22 36 872
36 22 872
22 26 483
26 22 483
22 62 324
62 22 324
23 29 175
29 23 175
23 49 771
49 23 771
23 93 349
93 23 349
23 90 892
90 23 892
23 45 169
45 23 169
23 75 176
75 23 176
23 89 31
89 23 31
24 34 836
34 24 836
24 95 120
95 24 120
24 95 690
95 24 690
24 65 922
65 24 922
24 41 892
41 24 892
24 70 681
70 24 681
24 67 639
67 24 639
24 48 477
48 24 477
25 26 220
26 25 220
25 43 864
43 25 864
25 95 808
95 25 808
25 95 264
95 25 264
25 69 102
69 25 102
25 84 622
84 25 622
26 27 377
27 26 377
26 89 816
89 26 816
26 34 139
34 26 139
26 69 322
69 26 322
26 34 372
34 26 372
26 92 824
92 26 824
27 34 726
34 27 726
27 69 242
69 27 242
27 62 747
62 27 747
27 52 848
52 27 848
27 45 344
45 27 344
27 86 189
86 27 189
28 39 406
39 28 406
28 46 640
46 28 640
28 65 706
65 28 706
28 31 941
31 28 941
28 37 707
37 28 707
28 85 201
85 28 201
28 82 364
82 28 364
28 82 510
82 28 510
28 89 438
89 28 438
29 30 269
30 29 269
29 38 480
38 29 480
29 41 349
41 29 349
29 63 674
63 29 674
29 63 881
63 29 881
29 50 571
50 29 571
30 66 964
66 30 964
30 94 689
94 30 689
30 69 10
69 30 10
30 86 479
86 30 479
30 52 501
52 30 501
30 93 194
93 30 194
30 66 707
66 30 707
31 36 3
36 31 3
31 57 90
57 31 90
31 71 784
71 31 784
31 70 665
70 31 665
31 67 239
67 31 239
32 85 885
85 32 885
32 38 366
38 32 366
32 37 681
37 32 681
33 56 971
56 33 971
33 74 855
74 33 855
33 79 368
79 33 368
33 90 190
90 33 190
33 74 886
74 33 886
33 69 399
69 33 399
33 80 747
80 33 747
34 44 364
44 34 364
34 52 259
52 34 259
34 57 296
57 34 296
34 71 894
71 34 894
34 80 582
80 34 582
34 71 310
71 34 310
34 67 654
67 34 654
34 80 246
80 34 246
34 40 614
40 34 614
34 85 104
85 34 104
34 68 296
68 34 296
35 40 632
40 35 632
35 54 481
54 35 481
36 61 71
61 36 71
36 68 568
68 36 568
36 90 174
90 36 174
36 70 489
70 36 489
37 65 52
65 37 52
37 70 246
70 37 246
37 41 743
41 37 743
37 93 763
93 37 763
38 53 813
53 38 813
38 43 976
43 38 976
38 51 253
51 38 253
39 64 300
64 39 300
39 53 604
53 39 604
39 57 366
57 39 366
40 77 880
77 40 880
40 44 831
44 40 831
40 95 481
95 40 481
41 80 182
80 41 182
41 68 733
68 41 733
41 58 672
58 41 672
41 64 316
64 41 316
42 54 561
54 42 561
42 65 190
65 42 190
42 86 923
86 42 923
43 82 747
82 43 747
43 90 83
90 43 83
43 96 965
96 43 965
43 50 924
50 43 924
43 75 969
75 43 969
44 65 567
65 44 567
44 66 797
66 44 797
44 46 713
46 44 713
45 86 443
86 45 443
46 90 503
90 46 503
46 79 246
79 46 246
46 91 613
91 46 613
46 84 675
84 46 675
47 66 447
66 47 447
47 52 526
52 47 526
47 85 228
85 47 228
47 74 337
74 47 337
47 57 304
57 47 304
47 64 150
64 47 150
47 72 566
72 47 566
47 83 877
83 47 877
47 83 998
83 47 998
48 54 254
54 48 254
48 87 577
87 48 577
48 74 419
74 48 419
49 81 267
81 49 267
49 69 537
69 49 537
49 78 555
78 49 555
49 92 783
92 49 783
49 86 811
86 49 811
50 64 922
64 50 922
50 55 725
55 50 725
50 83 83
83 50 83
50 84 917
84 50 917
51 73 502
73 51 502
51 52 837
52 51 837
51 92 260
92 51 260
51 70 807
70 51 807
52 84 129
84 52 129
52 87 262
87 52 262
53 59 810
59 53 810
53 94 364
94 53 364
53 65 174
65 53 174
53 94 473
94 53 473
53 81 738
81 53 738
54 62 897
62 54 897
54 68 735
68 54 735
54 95 649
95 54 649
54 67 365
67 54 365
54 77 528
77 54 528
54 54 202
54 54 202
54 79 517
79 54 517
55 91 924
91 55 924
55 74 604
74 55 604
55 93 49
93 55 49
55 57 397
57 55 397
56 68 542
68 56 542
56 77 45
77 56 45
56 57 151
57 56 151
56 74 253
74 56 253
56 88 395
88 56 395
57 71 547
71 57 547
57 78 626
78 57 626
57 87 525
87 57 525
57 68 875
68 57 875
58 69 168
69 58 168
58 75 861
75 58 861
58 93 237
93 58 237
58 80 910
80 58 910
58 94 920
94 58 920
58 78 857
78 58 857
58 60 585
60 58 585
58 59 140
59 58 140
59 67 163
67 59 163
59 62 245
62 59 245
59 89 692
89 59 692
59 74 606
74 59 606
59 61 885
61 59 885
60 84 249
84 60 249
60 90 371
90 60 371
60 87 46
87 60 46
61 94 179
94 61 179
62 96 404
96 62 404
62 65 659
65 62 659
62 96 526
96 62 526
63 89 838
89 63 838
63 95 838
95 63 838
63 76 454
76 63 454
63 92 488
92 63 488
63 80 191
80 63 191
64 73 175
73 64 175
64 95 894
95 64 894
65 94 551
94 65 551
65 68 224
68 65 224
65 86 634
86 65 634
65 84 688
84 65 688
66 81 750
81 66 750
66 83 812
83 66 812
66 76 646
76 66 646
67 91 776
91 67 776
67 77 60
77 67 60
67 75 182
75 67 182
67 71 718
71 67 718
67 95 838
95 67 838
67 96 318
96 67 318
67 79 495
79 67 495
68 88 185
88 68 185
68 95 28
95 68 28
68 81 873
81 68 873
68 93 108
93 68 108
70 72 562
72 70 562
70 96 980
96 70 980
70 88 385
88 70 385
71 77 267
77 71 267
72 89 917
89 72 917
72 94 700
94 72 700
72 95 29
95 72 29
72 74 908
74 72 908
72 83 641
83 72 641
73 74 970
74 73 970
73 96 474
96 73 474
73 82 225
82 73 225
73 81 123
81 73 123
73 78 791
78 73 791
74 76 401
76 74 401
75 89 446
89 75 446
75 76 847
76 75 847
75 88 45
88 75 45
75 76 618
76 75 618
76 93 175
93 76 175
76 92 412
92 76 412
77 82 248
82 77 248
77 89 658
89 77 658
78 84 557
84 78 557
78 85 914
85 78 914
79 81 725
81 79 725
79 92 451
92 79 451
80 85 51
85 80 51
81 83 442
83 81 442
81 95 393
95 81 393
82 95 547
95 82 547
82 93 229
93 82 229
82 94 600
94 82 600
85 92 527
92 85 527
86 94 497
94 86 497
86 93 956
93 86 956
86 86 828
86 86 828
88 94 363
94 88 363
88 93 108
93 88 108
89 91 877
91 89 877
90 92 312
92 90 312
90 91 807
91 90 807
91 96 638
96 91 638
91 94 677
94 91 677
95 96 338
96 95 338
