99

0 1 289
1 0 289
0 9 543
9 0 543
0 16 596
16 0 596
0 36 120
36 0 120
0 40 381
40 0 381
0 45 825
45 0 825
0 54 524
54 0 524
0 21 429
21 0 429
0 8 350
8 0 350
0 12 238
12 0 238
0 83 829
83 0 829
0 67 588
67 0 588
0 19 358
19 0 358
0 75 353
75 0 353
0 83 546
83 0 546
0 4 253
4 0 253
0 52 927
52 0 927
1 2 588
2 1 588
1 18 677
18 1 677
1 24 384
24 1 384
1 62 437
62 1 437
1 84 211
84 1 211
1 33 347
33 1 347
1 88 123
88 1 123
1 42 406
42 1 406
1 78 220
78 1 220
1 62 12
62 1 12
1 9 554
9 1 554
1 19 910
19 1 910
1 63 338
63 1 338
1 49 380
49 1 380
1 70 333
70 1 333
1 18 999
18 1 999
1 20 827
20 1 827
1 72 713
72 1 713
1 29 967
29 1 967
2 3 345
3 2 345
2 20 698
20 2 698
2 92 722
92 2 722
2 40 502
40 2 502
2 57 744
57 2 744
2 50 316
50 2 316
2 26 956
26 2 956
2 11 725
11 2 725
2 33 914
33 2 914
2 95 966
95 2 966
3 4 966
4 3 966
3 5 449
5 3 449
3 7 739
7 3 739
3 14 144
14 3 144
3 29 887
29 3 887
3 46 265
46 3 265
3 5 937
5 3 937
3 81 259
81 3 259
3 18 322
18 3 322
3 92 397
92 3 397
3 58 851
58 3 851
3 29 145
29 3 145
3 56 63
56 3 63
3 33 715
33 3 715
3 95 410
95 3 410
3 25 873
25 3 873
3 91 928
91 3 928
3 12 794
12 3 794
3 31 963
31 3 963
3 41 349
41 3 349
4 10 645
10 4 645
4 61 983
61 4 983
4 81 79
81 4 79
4 91 223
91 4 223
4 19 847
19 4 847
4 7 18
7 4 18
4 13 159
13 4 159
4 41 829
41 4 829
4 8 932
8 4 932
4 5 140
5 4 140
4 86 317
86 4 317
4 62 787
62 4 787
5 6 904
6 5 904
5 11 298
11 5 298
5 41 528
41 5 528
5 78 911
78 5 911
5 23 330
23 5 330
5 13 309
13 5 309
5 31 440
31 5 440
5 81 454
81 5 454
5 64 445
64 5 445
5 94 781
94 5 781
5 17 688
17 5 688
5 71 21
71 5 21
5 12 419
12 5 419
5 22 776
22 5 776
5 38 101
38 5 101
6 8 126
8 6 126
6 12 14
12 6 14
6 13 336
13 6 336
6 52 72
52 6 72
6 63 779
63 6 779
6 74 592
74 6 592
6 7 38
7 6 38
6 87 622
87 6 622
6 83 824
83 6 824
6 15 465
15 6 465
6 48 83
48 6 83
6 73 512
73 6 512
6 37 423
37 6 423
7 8 35
8 7 35
7 50 460
50 7 460
7 36 719
36 7 719
7 28 841
28 7 841
7 83 254
83 7 254
7 79 451
79 7 451
7 60 627
60 7 627
8 77 586
77 8 586
8 16 454
16 8 454
8 78 444
78 8 444
8 49 814
49 8 814
8 36 429
36 8 429
8 94 484
94 8 484
8 40 393
40 8 393
8 8 912
8 8 912
8 67 324
67 8 324
8 65 523
65 8 523
8 14 581
14 8 581
8 89 801
89 8 801
8 58 264
58 8 264
8 54 850
54 8 850
9 15 856
15 9 856
9 18 803
18 9 803
9 65 207
65 9 207
9 9 495
9 9 495
9 59 747
59 9 747
9 43 267
43 9 267
9 97 21
97 9 21
9 34 189
34 9 189
9 18 240
18 9 240
9 86 165
86 9 165
9 81 674
81 9 674
9 82 77
82 9 77
9 59 52
59 9 52
10 31 936
31 10 936
10 35 737
35 10 737
10 45 903
45 10 903
10 97 390
97 10 390
10 83 420
83 10 420
10 55 753
55 10 753
10 87 837
87 10 837
10 15 957
15 10 957
10 31 413
31 10 413
10 13 352
13 10 352
10 65 862
65 10 862
10 83 485
83 10 485
10 75 297
75 10 297
10 43 437
43 10 437
10 64 917
64 10 917
11 17 684
17 11 684
11 26 916
26 11 916
11 39 988
39 11 988
11 67 241
67 11 241
11 41 927
41 11 927
11 39 131
39 11 131
11 42 39
42 11 39
11 85 365
85 11 365
11 95 426
95 11 426
11 68 642
68 11 642
11 76 805
76 11 805
11 42 652
42 11 652
11 30 211
30 11 211
11 56 26
56 11 26
11 17 832
17 11 832
11 18 364
18 11 364
11 74 534
74 11 534
11 88 899
88 11 899
11 61 309
61 11 309
11 59 824
59 11 824
11 65 37
65 11 37
11 66 208
66 11 208
11 45 129
45 11 129
12 23 654
23 12 654
12 43 414
43 12 414
12 81 435
81 12 435
12 46 435
46 12 435
12 80 93
80 12 93
12 89 774
89 12 774
12 52 364
52 12 364
12 65 428
65 12 428
12 18 747
18 12 747
12 75 633
75 12 633
12 90 237
90 12 237
12 17 357
17 12 357
12 60 681
60 12 681
12 32 937
32 12 937
13 98 299
98 13 299
13 34 311
34 13 311
13 16 790
16 13 790
13 33 157
33 13 157
13 53 848
53 13 848
13 21 591
21 13 591
13 37 643
37 13 643
13 22 948
22 13 948
13 56 128
56 13 128
13 22 450
22 13 450
13 96 217
96 13 217
14 19 258
19 14 258
14 21 563
21 14 563
14 28 313
28 14 313
14 32 290
32 14 290
14 76 616
76 14 616
14 83 522
83 14 522
14 44 446
44 14 446
14 54 413
54 14 413
14 50 954
50 14 954
14 17 811
17 14 811
14 59 13
59 14 13
14 61 372
61 14 372
14 37 194
37 14 194
14 69 734
69 14 734
14 21 741
21 14 741
14 18 153
18 14 153
15 25 94
25 15 94
15 37 912
37 15 912
15 86 836
86 15 836
15 33 669
33 15 669
15 36 129
36 15 129
15 76 345
76 15 345
15 91 604
91 15 604
15 61 35
61 15 35
15 34 812
34 15 812
15 58 525
58 15 525
15 76 795
76 15 795
15 80 794
80 15 794
15 24 74
24 15 74
15 80 628
80 15 628
15 30 400
30 15 400
15 41 328
41 15 328
16 69 60
69 16 60
16 39 468
39 16 468
16 28 100
28 16 100
16 40 19
40 16 19
16 76 285
76 16 285
16 83 372
83 16 372
16 35 608
35 16 608
16 59 76
59 16 76
16 17 577
17 16 577
16 67 48
67 16 48
16 70 718
70 16 718
16 71 650
71 16 650
16 66 479
66 16 479
16 36 395
36 16 395
16 26 307
26 16 307
17 91 559
91 17 559
17 92 789
92 17 789
17 34 825
34 17 825
17 79 575
79 17 575
17 37 209
37 17 209
17 86 872
86 17 872
17 34 816
34 17 816
17 66 560
66 17 560
17 95 244
95 17 244
18 33 753
33 18 753
18 53 35
53 18 35
18 97 389
97 18 389
18 24 456
24 18 456
18 44 939
44 18 939
18 69 184
69 18 184
18 60 968
60 18 968
18 60 13
60 18 13
18 49 797
49 18 797
18 33 875
33 18 875
18 19 926
19 18 926
18 63 449
63 18 449
18 90 781
90 18 781
19 22 697
22 19 697
19 27 822
27 19 822
19 34 438
34 19 438
19 54 526
54 19 526
19 56 12
56 19 12
19 70 168
70 19 168
19 77 91
77 19 91
19 46 444
46 19 444
19 50 188
50 19 188
19 47 253
47 19 253
19 36 663
36 19 663
19 49 289
49 19 289
19 42 678
42 19 678
20 39 50
39 20 50
20 92 992
92 20 992
20 51 218
51 20 218
20 51 858
51 20 858
20 86 432
86 20 432
20 44 955
44 20 955
20 24 467
24 20 467
20 51 502
51 20 502
20 67 426
67 20 426
20 71 830
71 20 830
20 23 323
23 20 323
20 53 126
53 20 126
20 36 352
36 20 352
20 50 471
50 20 471
20 52 355
52 20 355
20 64 430
64 20 430
20 63 577
63 20 577
20 42 572
42 20 572
20 93 571
93 20 571
20 62 783
62 20 783
21 55 58
55 21 58
21 38 166
38 21 166
21 89 376
89 21 376
21 48 383
48 21 383
21 62 201
62 21 201
21 61 653
61 21 653
21 65 701
65 21 701
21 22 9
22 21 9
21 25 409
25 21 409
21 35 787
35 21 787
21 50 657
50 21 657
21 83 639
83 21 639
21 33 357
33 21 357
21 60 124
60 21 124
21 50 398
50 21 398
22 44 942
44 22 942
22 49 870
49 22 870
22 36 912
36 22 912
22 40 457
40 22 457
22 90 663
90 22 663
22 45 2
45 22 2
22 70 280
70 22 280
22 67 692
67 22 692
22 90 194
90 22 194
22 63 443
63 22 443
23 26 321
26 23 321
23 51 201
51 23 201
23 93 898
93 23 898
23 32 375
32 23 375
23 24 701
24 23 701
23 78 141
78 23 141
23 84 595
84 23 595
23 26 159
26 23 159
23 39 427
39 23 427
24 91 994
91 24 994
24 48 570
48 24 570
24 81 546
81 24 546
24 96 37
96 24 37
24 92 353
92 24 353
24 68 551
68 24 551
24 46 354
46 24 354
24 80 963
80 24 963
24 80 375
80 24 375
24 76 926
76 24 926
24 83 349
83 24 349
24 34 556
34 24 556
24 60 228
60 24 228
25 50 728
50 25 728
25 65 758
65 25 758
25 85 142
85 25 142
25 88 984
88 25 984
25 57 218
57 25 218
25 86 169
86 25 169
25 59 417
59 25 417
25 94 498
94 25 498
25 42 285
42 25 285
25 83 970
83 25 970
25 66 471
66 25 471
25 87 140
87 25 140
25 98 254
98 25 254
25 36 170
36 25 170
26 97 983
97 26 983
26 93 859
93 26 859
26 37 858
37 26 858
26 88 375
88 26 375
26 71 87
71 26 87
26 64 429
64 26 429
26 67 92
67 26 92
26 47 474
47 26 474
27 52 489
52 27 489
27 27 543
27 27 543
27 67 375
67 27 375
27 39 121
39 27 121
27 43 131
43 27 131
28 79 380
79 28 380
28 47 767
47 28 767
28 41 644
41 28 644
28 85 263
85 28 263
28 72 876
72 28 876
28 61 206
61 28 206
28 62 594
62 28 594
28 84 855
84 28 855
28 77 175
77 28 175
29 30 556
30 29 556
29 68 497
68 29 497
29 30 954
30 29 954
29 98 433
98 29 433
29 73 577
73 29 577
29 48 605
48 29 605
29 75 296
75 29 296
29 74 220
74 29 220
29 32 644
32 29 644
29 92 200
92 29 200
29 43 720
43 29 720
29 85 661
85 29 661
29 80 519
80 29 519
30 38 712
38 30 712
30 97 682
97 30 682
30 45 661
45 30 661
30 61 917
61 30 917
30 63 613
63 30 613
30 32 292
32 30 292
30 93 697
93 30 697
30 70 75
70 30 75
30 51 638
51 30 638
30 58 909
58 30 909
30 59 820
59 30 820
30 58 860
58 30 860
31 48 572
48 31 572
31 52 477
52 31 477
31 52 282
52 31 282
31 73 458
73 31 458
31 88 482
88 31 482
31 38 726
38 31 726
31 86 140
86 31 140
31 47 535
47 31 535
31 62 658
62 31 658
31 86 401
86 31 401
31 72 998
72 31 998
31 95 826
95 31 826
32 95 235
95 32 235
32 97 47
97 32 47
32 67 908
67 32 908
32 76 897
76 32 897
32 83 151
83 32 151
32 66 484
66 32 484
32 75 639
75 32 639
32 85 933
85 32 933
32 75 202
75 32 202
32 76 802
76 32 802
33 59 92
59 33 92
33 71 829
71 33 829
33 36 918
36 33 918
33 36 51
36 33 51
33 66 468
66 33 468
33 73 472
73 33 472
33 62 711
62 33 711
33 67 252
67 33 252
33 48 622
48 33 622
33 90 366
90 33 366
33 60 425
60 33 425
33 52 27
52 33 27
33 61 743
61 33 743
34 51 270
51 34 270
34 47 398
47 34 398
34 51 891
51 34 891
34 74 987
74 34 987
34 93 242
93 34 242
34 81 374
81 34 374
34 93 895
93 34 895
34 48 814
48 34 814
34 84 64
84 34 64
34 55 684
55 34 684
34 59 507
59 34 507
34 94 484
94 34 484
35 64 653
64 35 653
35 87 582
87 35 582
35 57 463
57 35 463
35 46 727
46 35 727
35 66 807
66 35 807
35 87 900
87 35 900
35 69 510
69 35 510
35 70 558
70 35 558
35 87 856
87 35 856
35 82 878
82 35 878
36 42 268
42 36 268
36 42 96
42 36 96
36 88 503
88 36 503
36 55 786
55 36 786
36 66 187
66 36 187
36 53 14
53 36 14
36 55 908
55 36 908
36 47 971
47 36 971
37 41 23
41 37 23
37 57 629
57 37 629
37 58 9
58 37 9
37 41 92
41 37 92
37 96 767
96 37 767
37 79 358
79 37 358
37 88 188
88 37 188
38 71 166
71 38 166
38 65 135
65 38 135
38 61 558
61 38 558
38 60 215
60 38 215
38 39 493
39 38 493
38 92 274
92 38 274
38 59 246
59 38 246
38 51 145
51 38 145
38 91 50
91 38 50
38 63 856
63 38 856
38 76 200
76 38 200
39 47 659
47 39 659
39 92 905
92 39 905
39 87 765
87 39 765
39 45 699
45 39 699
39 54 66
54 39 66
39 52 60
52 39 60
39 51 635
51 39 635
39 48 561
48 39 561
39 50 575
50 39 575
39 83 163
83 39 163
39 48 220
48 39 220
39 86 340
86 39 340
40 85 506
85 40 506
40 65 63
65 40 63
40 73 38
73 40 38
40 75 923
75 40 923
40 58 630
58 40 630
40 47 184
47 40 184
40 84 833
84 40 833
40 84 235
84 40 235
40 49 556
49 40 556
40 71 302
71 40 302
40 76 447
76 40 447
40 43 456
43 40 456
40 68 189
68 40 189
41 94 963
94 41 963
41 86 480
86 41 480
41 48 129
48 41 129
41 72 639
72 41 639
41 53 176
53 41 176
41 52 904
52 41 904
41 41 940
41 41 940
41 73 632
73 41 632
41 50 615
50 41 615
41 55 228
55 41 228
41 54 292
54 41 292
42 45 165
45 42 165
42 63 148
63 42 148
42 65 303
65 42 303
42 84 878
84 42 878
42 46 805
46 42 805
42 53 617
53 42 617
42 78 630
78 42 630
42 43 388
43 42 388
43 49 761
49 43 761
43 80 722
80 43 722
43 54 643
54 43 643
43 54 513
54 43 513
43 96 882
96 43 882
43 47 787
47 43 787
43 76 250
76 43 250
43 95 122
95 43 122
44 44 603
44 44 603
44 60 335
60 44 335
44 59 229
59 44 229
44 63 441
63 44 441
44 80 767
80 44 767
44 53 879
53 44 879
44 89 307
89 44 307
44 95 256
95 44 256
44 55 546
55 44 546
44 50 710
50 44 710
44 56 112
56 44 112
44 52 177
52 44 177
45 96 731
96 45 731
45 50 394
50 45 394
45 67 971
67 45 971
45 88 771
88 45 771
45 73 145
73 45 145
45 81 89
81 45 89
46 69 662
69 46 662
46 81 888
81 46 888
46 66 188
66 46 188
47 53 332
53 47 332
47 77 123
77 47 123
47 52 823
52 47 823
47 93 843
93 47 843
47 65 21
65 47 21
47 94 202
94 47 202
47 48 840
48 47 840
47 59 505
59 47 505
47 85 370
85 47 370
47 96 176
96 47 176
47 79 175
79 47 175
48 58 413
58 48 413
48 59 796
59 48 796
48 89 439
89 48 439
48 84 19
84 48 19
48 67 466
67 48 466
48 67 187
67 48 187
48 59 155
59 48 155
48 89 652
89 48 652
48 90 493
90 48 493
48 97 87
97 48 87
48 50 702
50 48 702
49 67 692
67 49 692
49 90 77
90 49 77
49 68 440
68 49 440
49 63 651
63 49 651
49 67 440
67 49 440
49 90 57
90 49 57
49 88 124
88 49 124
49 81 693
81 49 693
50 77 195
77 50 195
50 51 760
51 50 760
50 61 398
61 50 398
50 72 309
72 50 309
50 81 656
81 50 656
50 57 366
57 50 366
50 85 523
85 50 523
51 60 617
60 51 617
51 63 675
63 51 675
51 90 410
90 51 410
51 64 479
64 51 479
51 75 844
75 51 844
51 98 351
98 51 351
51 84 7
84 51 7
51 90 744
90 51 744
52 86 828
86 52 828
52 80 339
80 52 339
52 64 138
64 52 138
52 98 818
98 52 818
52 83 339
83 52 339
52 65 209
65 52 209
52 62 859
62 52 859
52 97 187
97 52 187
53 57 630
57 53 630
53 86 134
86 53 134
53 82 261
82 53 261
53 85 720
85 53 720
53 92 549
92 53 549
53 92 658
92 53 658
53 97 390
97 53 390
54 79 149
79 54 149
54 89 404
89 54 404
54 95 615
95 54 615
54 65 778
65 54 778
54 95 953
95 54 953
54 94 372
94 54 372
54 57 772
57 54 772
54 71 993
71 54 993
54 89 553
89 54 553
55 81 900
81 55 900
55 87 805
87 55 805
55 90 658
90 55 658
55 91 582
91 55 582
55 86 38
86 55 38
56 83 254
83 56 254
56 60 682
60 56 682
56 70 384
70 56 384
56 64 147
64 56 147
56 57 443
57 56 443
56 64 496
64 56 496
57 89 454
89 57 454
57 73 766
73 57 766
57 62 876
62 57 876
57 67 17
67 57 17
57 61 563
61 57 563
57 85 490
85 57 490
57 85 86
85 57 86
57 68 507
68 57 507
58 72 419
72 58 419
58 64 113
64 58 113
58 66 702
66 58 702
58 95 550
95 58 550
58 61 883
61 58 883
59 74 327
74 59 327
59 61 586
61 59 586
59 70 974
70 59 974
59 84 421
84 59 421
59 62 31
62 59 31
59 74 187
74 59 187
59 61 443
61 59 443
59 79 130
79 59 130
60 82 785
82 60 785
60 61 515
61 60 515
60 78 375
78 60 375
60 68 792
68 60 792
60 92 27
92 60 27
61 96 360
96 61 360
61 94 561
94 61 561
61 98 256
98 61 256
61 66 898
66 61 898
61 76 465
76 61 465
61 76 93
76 61 93
61 86 403
86 61 403
62 66 557
66 62 557
62 73 417
73 62 417
62 74 222
74 62 222
62 71 416
71 62 416
62 70 31
70 62 31
62 69 111
69 62 111
62 95 619
95 62 619
62 72 954
72 62 954
63 96 441
96 63 441
63 83 901
83 63 901
63 97 716
97 63 716
63 87 533
87 63 533
63 74 68
74 63 68
63 79 814
79 63 814
64 86 857
86 64 857
64 70 153
70 64 153
64 79 258
79 64 258
64 80 217
80 64 217
65 80 597
80 65 597
65 94 516
94 65 516
65 76 601
76 65 601
65 96 306
96 65 306
65 88 684
88 65 684
65 80 829
80 65 829
66 94 612
94 66 612
66 96 728
96 66 728
66 93 538
93 66 538
66 72 938
72 66 938
66 79 92
79 66 92
66 94 461
94 66 461
66 78 329
78 66 329
66 69 398
69 66 398
67 90 367
90 67 367
67 74 940
74 67 940
67 86 10
86 67 10
67 86 856
86 67 856
67 78 974
78 67 974
67 82 271
82 67 271
67 68 468
68 67 468
68 75 340
75 68 340
68 83 479
83 68 479
68 88 977
88 68 977
68 71 126
71 68 126
68 73 940
73 68 940
69 80 855
80 69 855
69 84 87
84 69 87
69 77 253
77 69 253
69 97 390
97 69 390
70 98 626
98 70 626
70 97 117
97 70 117
71 91 127
91 71 127
71 73 843
73 71 843
72 76 705
76 72 705
72 75 878
75 72 878
72 78 205
78 72 205
72 85 185
85 72 185
73 78 376
78 73 376
73 73 212
73 73 212
74 90 287
90 74 287
75 93 93
93 75 93
75 91 370
91 75 370
76 84 189
84 76 189
76 80 973
80 76 973
76 78 297
78 76 297
76 81 587
81 76 587
76 92 157
92 76 157
77 89 624
89 77 624
77 96 112
96 77 112
77 79 406
79 77 406
78 79 963
79 78 963
79 95 490
95 79 490
79 96 395
96 79 395
80 88 192
88 80 192
80 88 188
88 80 188
81 83 912
83 81 912
81 96 537
96 81 537
81 91 564
91 81 564
81 97 689
97 81 689
82 98 184
98 82 184
83 89 567
89 83 567
83 90 283
90 83 283
83 98 541
98 83 541
83 87 25
87 83 25
84 88 729
88 84 729
84 93 288
93 84 288
84 90 990
90 84 990
84 91 192
91 84 192
85 85 1
85 85 1
85 87 465
87 85 465
85 95 969
95 85 969
85 86 812
86 85 812
86 93 388
93 86 388
86 92 313
92 86 313
86 94 470
94 86 470
89 93 109
93 89 109
90 93 123
93 90 123
92 95 528
95 92 528
92 98 125
98 92 125
92 98 897
98 92 897
93 98 667
98 93 667
93 95 495
95 93 495
96 98 39
98 96 39
