88

0 1 806
1 0 806
0 2 534
2 0 534
0 3 557
3 0 557
0 5 567
5 0 567
0 54 164
54 0 164
0 59 825
59 0 825
0 39 735
39 0 735
0 80 997
80 0 997
0 70 98
70 0 98
0 41 628
41 0 628
0 43 898
43 0 898
0 85 284
85 0 284
0 35 598
35 0 598
0 78 209
78 0 209
0 77 378
77 0 378
0 54 206
54 0 206
0 85 134
85 0 134
0 78 211
78 0 211
0 17 661
17 0 661
0 9 791
9 0 791
0 31 259
31 0 259
0 31 932
31 0 932
0 16 571
16 0 571
0 21 980
21 0 980
0 62 587
62 0 587
0 34 581
34 0 581
0 40 982
40 0 982
1 6 93
6 1 93
1 45 818
45 1 818
1 11 952
11 1 952
1 39 39
39 1 39
1 50 333
50 1 333
1 69 947
69 1 947
1 4 385
4 1 385
1 87 163
87 1 163
1 46 766
46 1 766
1 18 64
18 1 64
1 13 733
13 1 733
1 27 513
27 1 513
1 63 78
63 1 78
1 53 121
53 1 121
1 10 37
10 1 37
1 4 656
4 1 656
1 13 306
13 1 306
1 27 918
27 1 918
1 68 278
68 1 278
2 4 326
4 2 326
2 7 525
7 2 525
2 29 494
29 2 494
2 26 701
26 2 701
2 7 91
7 2 91
2 52 571
52 2 571
2 44 816
44 2 816
2 51 292
51 2 292
2 15 921
15 2 921
2 34 444
34 2 444
2 57 861
57 2 861
2 61 615
61 2 615
2 51 789
51 2 789
2 48 235
48 2 235
2 70 116
70 2 116
2 3 779
3 2 779
2 44 237
44 2 237
2 17 484
17 2 484
2 5 850
5 2 850
3 8 506
8 3 506
3 14 975
14 3 975
3 18 763
18 3 763
3 35 595
35 3 595
3 54 138
54 3 138
3 76 987
76 3 987
3 38 807
38 3 807
3 69 389
69 3 389
3 13 516
13 3 516
3 8 362
8 3 362
3 62 262
62 3 262
3 47 950
47 3 950
3 10 875
10 3 875
3 8 306
8 3 306
3 23 653
23 3 653
3 61 457
61 3 457
3 33 975
33 3 975
3 52 406
52 3 406
3 81 989
81 3 989
3 73 464
73 3 464
3 53 878
53 3 878
3 69 852
69 3 852
3 25 900
25 3 900
3 54 735
54 3 735
4 11 240
11 4 240
4 33 543
33 4 543
4 62 489
62 4 489
4 57 759
57 4 759
4 38 966
38 4 966
4 82 620
82 4 620
4 47 637
47 4 637
4 30 621
30 4 621
4 22 308
22 4 308
4 66 788
66 4 788
4 23 363
23 4 363
4 62 472
62 4 472
4 36 885
36 4 885
4 30 419
30 4 419
4 54 203
54 4 203
4 87 480
87 4 480
5 38 298
38 5 298
5 73 713
73 5 713
5 35 118
35 5 118
5 79 354
79 5 354
5 33 62
33 5 62
5 61 735
61 5 735
5 28 707
28 5 707
5 24 841
24 5 841
5 61 379
61 5 379
5 77 282
77 5 282
5 69 396
69 5 396
5 41 271
41 5 271
5 58 135
58 5 135
5 30 492
30 5 492
5 12 413
12 5 413
5 25 273
25 5 273
6 9 627
9 6 627
6 57 691
57 6 691
6 56 92
56 6 92
6 59 742
59 6 742
6 13 500
13 6 500
6 76 980
76 6 980
6 7 894
7 6 894
6 43 768
43 6 768
6 67 666
67 6 666
6 26 593
26 6 593
6 47 282
47 6 282
6 52 528
52 6 528
6 80 52
80 6 52
6 81 577
81 6 577
6 9 233
9 6 233
6 29 514
29 6 514
6 48 357
48 6 357
6 25 409
25 6 409
6 8 411
8 6 411
6 86 96
86 6 96
6 44 274
44 6 274
6 15 533
15 6 533
7 23 831
23 7 831
7 25 290
25 7 290
7 75 989
75 7 989
7 67 728
67 7 728
7 12 82
12 7 82
7 67 358
67 7 358
7 39 107
39 7 107
7 25 281
25 7 281
8 10 676
10 8 676
8 13 673
13 8 673
8 15 324
15 8 324
8 43 58
43 8 58
8 34 989
34 8 989
8 51 651
51 8 651
8 42 927
42 8 927
8 15 996
15 8 996
8 30 868
30 8 868
8 19 13
19 8 13
8 9 284
9 8 284
8 46 3
46 8 3
9 21 615
21 9 615
9 27 736
27 9 736
9 41 871
41 9 871
9 47 940
47 9 940
9 11 278
11 9 278
9 84 400
84 9 400
9 21 775
21 9 775
9 86 415
86 9 415
9 13 756
13 9 756
9 37 229
37 9 229
9 47 662
47 9 662
9 70 486
70 9 486
10 12 732
12 10 732
10 25 911
25 10 911
10 26 374
26 10 374
10 64 251
64 10 251
10 71 925
71 10 925
10 83 857
83 10 857
10 80 968
80 10 968
10 58 869
58 10 869
10 15 352
15 10 352
10 36 253
36 10 253
10 76 830
76 10 830
10 67 747
67 10 747
10 21 159
21 10 159
11 25 87
25 11 87
11 79 100
79 11 100
11 33 891
33 11 891
11 12 11
12 11 11
11 82 737
82 11 737
11 61 549
61 11 549
11 48 6
48 11 6
11 35 275
35 11 275
11 31 10
31 11 10
11 78 706
78 11 706
11 22 128
22 11 128
11 82 130
82 11 130
12 37 750
37 12 750
12 39 759
39 12 759
12 31 705
31 12 705
12 25 299
25 12 299
12 32 171
32 12 171
12 31 580
31 12 580
12 66 792
66 12 792
12 31 243
31 12 243
12 65 922
65 12 922
13 16 212
16 13 212
13 17 513
17 13 513
13 44 494
44 13 494
13 60 107
60 13 107
13 83 879
83 13 879
13 31 455
31 13 455
13 15 24
15 13 24
13 26 801
26 13 801
13 75 968
75 13 968
13 32 705
32 13 705
13 29 119
29 13 119
13 43 6
43 13 6
13 24 13
24 13 13
13 57 347
57 13 347
13 65 285
65 13 285
13 40 680
40 13 680
14 22 205
22 14 205
14 28 491
28 14 491
14 43 750
43 14 750
14 70 296
70 14 296
14 86 902
86 14 902
14 32 174
32 14 174
14 66 357
66 14 357
14 69 159
69 14 159
14 28 103
28 14 103
14 44 711
44 14 711
14 50 816
50 14 816
14 84 898
84 14 898
14 84 762
84 14 762
14 70 466
70 14 466
15 32 443
32 15 443
15 46 424
46 15 424
15 69 613
69 15 613
15 30 236
30 15 236
15 53 459
53 15 459
15 82 36
82 15 36
15 38 420
38 15 420
15 57 927
57 15 927
15 82 671
82 15 671
15 83 476
83 15 476
15 65 351
65 15 351
15 53 615
53 15 615
15 24 144
24 15 144
15 66 145
66 15 145
16 31 619
31 16 619
16 44 187
44 16 187
16 77 498
77 16 498
16 25 669
25 16 669
16 54 6
54 16 6
16 63 793
63 16 793
16 43 578
43 16 578
16 65 913
65 16 913
16 56 986
56 16 986
16 49 241
49 16 241
16 73 371
73 16 371
16 84 197
84 16 197
16 53 763
53 16 763
16 38 538
38 16 538
16 36 888
36 16 888
16 87 701
87 16 701
16 37 187
37 16 187
16 68 28
68 16 28
17 34 7
34 17 7
17 80 231
80 17 231
17 30 923
30 17 923
17 77 485
77 17 485
17 20 686
20 17 686
17 75 741
75 17 741
17 42 740
42 17 740
17 48 413
48 17 413
17 54 79
54 17 79
17 43 527
43 17 527
17 55 346
55 17 346
17 57 744
57 17 744
17 50 955
50 17 955
17 65 272
65 17 272
17 19 17
19 17 17
17 60 23
60 17 23
17 27 456
27 17 456
18 19 60
19 18 60
18 20 433
20 18 433
18 24 768
24 18 768
18 42 146
42 18 146
18 59 130
59 18 130
18 34 912
34 18 912
18 65 196
65 18 196
18 27 354
27 18 354
18 29 873
29 18 873
18 67 377
67 18 377
18 26 933
26 18 933
18 22 786
22 18 786
18 30 971
30 18 971
18 87 793
87 18 793
18 85 599
85 18 599
18 25 202
25 18 202
18 54 884
54 18 884
18 21 180
21 18 180
18 84 33
84 18 33
18 24 393
24 18 393
18 26 86
26 18 86
18 29 514
29 18 514
18 62 668
62 18 668
19 30 747
30 19 747
19 50 232
50 19 232
19 36 206
36 19 206
19 67 624
67 19 624
19 22 718
22 19 718
19 73 849
73 19 849
19 42 100
42 19 100
19 57 813
57 19 813
19 37 234
37 19 234
19 40 454
40 19 454
19 44 760
44 19 760
19 30 819
30 19 819
19 84 128
84 19 128
20 43 862
43 20 862
20 40 418
40 20 418
20 30 506
30 20 506
20 64 966
64 20 966
20 69 388
69 20 388
20 63 42
63 20 42
20 62 301
62 20 301
20 36 671
36 20 671
20 42 179
42 20 179
21 36 790
36 21 790
21 44 504
44 21 504
21 80 231
80 21 231
21 79 372
79 21 372
21 38 85
38 21 85
21 64 961
64 21 961
21 32 479
32 21 479
21 87 336
87 21 336
21 80 578
80 21 578
21 67 828
67 21 828
21 86 549
86 21 549
21 43 131
43 21 131
21 77 145
77 21 145
21 40 924
40 21 924
21 49 54
49 21 54
21 77 239
77 21 239
22 23 642
23 22 642
22 40 73
40 22 73
22 28 981
28 22 981
22 59 125
59 22 125
22 52 296
52 22 296
22 82 265
82 22 265
22 85 924
85 22 924
22 58 194
58 22 194
22 33 256
33 22 256
22 82 396
82 22 396
22 49 736
49 22 736
22 32 105
32 22 105
22 81 583
81 22 583
22 39 172
39 22 172
23 48 934
48 23 934
23 50 444
50 23 444
23 63 224
63 23 224
23 31 108
31 23 108
23 81 918
81 23 918
23 33 650
33 23 650
23 35 391
35 23 391
23 30 420
30 23 420
23 41 912
41 23 912
23 57 966
57 23 966
23 69 203
69 23 203
24 70 37
70 24 37
24 40 905
40 24 905
24 77 396
77 24 396
24 37 606
37 24 606
24 34 81
34 24 81
24 65 908
65 24 908
24 52 849
52 24 849
24 55 663
55 24 663
24 26 918
26 24 918
24 58 92
58 24 92
24 85 661
85 24 661
25 49 525
49 25 525
25 55 872
55 25 872
25 31 679
31 25 679
25 86 811
86 25 811
25 62 948
62 25 948
25 39 699
39 25 699
25 31 910
31 25 910
25 35 644
35 25 644
26 47 622
47 26 622
26 87 806
87 26 806
26 57 908
57 26 908
26 76 283
76 26 283
26 29 128
29 26 128
26 55 652
55 26 652
26 48 578
48 26 578
26 66 588
66 26 588
26 80 69
80 26 69
26 83 887
83 26 887
26 64 784
64 26 784
26 87 633
87 26 633
26 36 236
36 26 236
27 61 411
61 27 411
27 78 649
78 27 649
27 86 130
86 27 130
27 29 938
29 27 938
27 32 744
32 27 744
27 61 747
61 27 747
27 85 606
85 27 606
27 56 457
56 27 457
27 83 235
83 27 235
28 69 366
69 28 366
28 63 669
63 28 669
28 37 933
37 28 933
28 46 325
46 28 325
28 47 396
47 28 396
29 87 330
87 29 330
29 72 766
72 29 766
29 70 451
70 29 451
29 43 127
43 29 127
29 77 867
77 29 867
29 45 348
45 29 348
29 57 861
57 29 861
30 63 911
63 30 911
30 75 280
75 30 280
30 83 995
83 30 995
30 72 435
72 30 435
30 49 149
49 30 149
30 52 562
52 30 562
30 80 408
80 30 408
30 63 270
63 30 270
31 82 476
82 31 476
31 82 890
82 31 890
31 44 323
44 31 323
31 69 874
69 31 874
31 64 524
64 31 524
31 80 476
80 31 476
31 45 885
45 31 885
31 84 749
84 31 749
31 51 789
51 31 789
31 71 151
71 31 151
32 57 385
57 32 385
32 69 817
69 32 817
32 52 226
52 32 226
32 60 553
60 32 553
32 86 956
86 32 956
32 52 498
52 32 498
32 84 955
84 32 955
32 58 137
58 32 137
32 71 997
71 32 997
32 55 47
55 32 47
32 84 871
84 32 871
32 68 388
68 32 388
33 87 918
87 33 918
33 44 726
44 33 726
33 38 389
38 33 389
33 58 889
58 33 889
33 56 529
56 33 529
33 84 227
84 33 227
34 56 27
56 34 27
34 77 386
77 34 386
34 60 742
60 34 742
35 84 234
84 35 234
35 73 632
73 35 632
35 84 451
84 35 451
35 66 81
66 35 81
35 72 773
72 35 773
35 74 388
74 35 388
36 39 777
39 36 777
36 49 918
49 36 918
36 41 686
41 36 686
36 81 841
81 36 841
36 50 825
50 36 825
37 65 30
65 37 30
37 72 218
72 37 218
37 59 493
59 37 493
37 48 815
48 37 815
37 50 760
50 37 760
37 80 106
80 37 106
37 74 331
74 37 331
38 53 557
53 38 557
38 58 68
58 38 68
38 71 865
71 38 865
38 50 57
50 38 57
38 66 549
66 38 549
38 54 948
54 38 948
38 71 950
71 38 950
38 54 417
54 38 417
38 77 450
77 38 450
39 72 869
72 39 869
39 48 605
48 39 605
39 61 5
61 39 5
39 73 297
73 39 297
39 56 302
56 39 302
39 60 228
60 39 228
39 76 799
76 39 799
39 84 912
84 39 912
40 44 390
44 40 390
40 71 450
71 40 450
40 63 526
63 40 526
40 51 473
51 40 473
41 74 818
74 41 818
41 43 487
43 41 487
41 77 884
77 41 884
41 41 186
41 41 186
42 79 478
79 42 478
42 75 418
75 42 418
42 63 595
63 42 595
42 80 392
80 42 392
42 60 370
60 42 370
42 86 132
86 42 132
42 52 866
52 42 866
43 70 524
70 43 524
43 82 866
82 43 866
43 75 402
75 43 402
43 65 846
65 43 846
43 85 287
85 43 287
43 56 427
56 43 427
44 52 12
52 44 12
44 67 33
67 44 33
44 76 330
76 44 330
44 52 471
52 44 471
45 51 656
51 45 656
45 77 553
77 45 553
45 46 311
46 45 311
45 48 138
48 45 138
45 75 936
75 45 936
45 47 139
47 45 139
46 71 912
71 46 912
46 80 306
80 46 306
46 84 84
84 46 84
46 52 83
52 46 83
46 53 651
53 46 651
46 58 893
58 46 893
46 59 36
59 46 36
47 76 990
76 47 990
47 85 658
85 47 658
47 65 364
65 47 364
47 62 693
62 47 693
47 72 797
72 47 797
47 49 114
49 47 114
47 81 965
81 47 965
47 79 705
79 47 705
47 50 847
50 47 847
48 67 672
67 48 672
48 62 397
62 48 397
48 60 11
60 48 11
48 50 532
50 48 532
48 81 393
81 48 393
48 71 696
71 48 696
49 68 281
68 49 281
49 68 463
68 49 463
49 69 916
69 49 916
49 68 802
68 49 802
49 79 427
79 49 427
49 59 736
59 49 736
49 66 490
66 49 490
50 64 891
64 50 891
50 66 785
66 50 785
50 70 908
70 50 908
50 52 199
52 50 199
50 67 186
67 50 186
51 71 353
71 51 353
51 56 185
56 51 185
51 80 32
80 51 32
52 81 336
81 52 336
52 83 922
83 52 922
52 72 846
72 52 846
52 56 877
56 52 877
53 78 490
78 53 490
53 69 879
69 53 879
54 74 638
74 54 638
54 81 829
81 54 829
54 62 105
62 54 105
54 71 363
71 54 363
54 83 184
83 54 184
54 57 305
57 54 305
55 81 446
81 55 446
55 73 258
73 55 258
55 66 712
66 55 712
56 56 211
56 56 211
56 72 915
72 56 915
56 64 602
64 56 602
56 69 880
69 56 880
57 67 432
67 57 432
57 57 266
57 57 266
57 83 212
83 57 212
57 68 214
68 57 214
58 77 977
77 58 977
58 64 385
64 58 385
58 71 612
71 58 612
58 82 4
82 58 4
58 85 69
85 58 69
59 59 628
59 59 628
59 75 850
75 59 850
59 72 131
72 59 131
60 72 37
72 60 37
60 79 256
79 60 256
60 61 497
61 60 497
60 87 738
87 60 738
61 80 713
80 61 713
61 77 784
77 61 784
62 74 819
74 62 819
62 72 655
72 62 655
62 78 478
78 62 478
62 85 812
85 62 812
62 66 633
66 62 633
62 64 24
64 62 24
63 69 98
69 63 98
63 66 61
66 63 61
63 72 63
72 63 63
63 70 624
70 63 624
64 81 309
81 64 309
64 77 201
77 64 201
65 79 199
79 65 199
65 80 653
80 65 653
65 80 737
80 65 737
65 77 9
77 65 9
65 79 703
79 65 703
65 87 527
87 65 527
65 78 92
78 65 92
65 85 209
85 65 209
66 69 177
69 66 177
66 72 806
72 66 806
66 73 202
73 66 202
66 82 449
82 66 449
66 83 350
83 66 350
66 86 409
86 66 409
66 67 820
67 66 820
67 84 873
84 67 873
67 73 334
73 67 334
67 73 592
73 67 592
68 81 362
81 68 362
68 72 1000
72 68 1000
68 82 738
82 68 738
68 79 435
79 68 435
68 68 373
68 68 373
70 85 596
85 70 596
70 84 414
84 70 414
70 85 368
85 70 368
70 85 201
85 70 201
70 75 501
75 70 501
71 75 231
75 71 231
71 87 279
87 71 279
71 78 95
78 71 95
71 71 892
71 71 892
71 86 901
86 71 901
71 77 457
77 71 457
72 74 204
74 72 204
72 73 193
73 72 193
72 73 7
73 72 7
73 85 487
85 73 487
73 75 780
75 73 780
75 78 671
78 75 671
75 83 813
83 75 813
76 78 356
78 76 356
77 81 331
81 77 331
77 78 958
78 77 958
78 86 615
86 78 615
79 81 865
81 79 865
80 83 131
83 80 131
81 81 438
81 81 438
81 81 141
81 81 141
81 83 462
83 81 462
82 86 921
86 82 921
83 83 377
83 83 377
84 86 102
86 84 102
