86

0 1 495
1 0 495
0 4 410
4 0 410
0 36 182
36 0 182
0 59 550
59 0 550
0 69 704
69 0 704
0 52 887
52 0 887
0 82 823
82 0 823
0 28 917
28 0 917
0 63 276
63 0 276
0 64 599
64 0 599
0 75 869
75 0 869
1 2 68
2 1 68
1 5 339
5 1 339
1 6 361
6 1 361
1 29 902
29 1 902
1 39 936
39 1 936
1 72 814
72 1 814
1 6 652
6 1 652
1 61 405
61 1 405
1 30 13
30 1 13
1 39 920
39 1 920
1 30 245
30 1 245
1 27 38
27 1 38
2 3 507
3 2 507
2 68 952
68 2 952
2 50 529
50 2 529
2 57 35
57 2 35
2 77 234
77 2 234
2 27 284
27 2 284
2 75 763
75 2 763
2 66 902
66 2 902
2 61 574
61 2 574
3 21 858
21 3 858
3 40 646
40 3 646
3 36 182
36 3 182
3 31 575
31 3 575
3 10 182
10 3 182
3 6 770
6 3 770
4 63 849
63 4 849
4 72 609
72 4 609
4 46 482
46 4 482
4 6 905
6 4 905
4 64 466
64 4 466
4 32 605
32 4 605
4 77 860
77 4 860
5 8 912
8 5 912
5 12 346
12 5 346
5 16 123
16 5 123
5 17 660
17 5 660
5 31 135
31 5 135
5 46 680
46 5 680
5 15 206
15 5 206
5 29 727
29 5 727
5 65 23
65 5 23
5 47 792
47 5 792
5 29 621
29 5 621
5 84 538
84 5 538
6 7 362
7 6 362
6 9 520
9 6 520
6 10 559
10 6 559
6 13 321
13 6 321
6 55 535
55 6 535
6 37 273
37 6 273
6 58 695
58 6 695
6 54 943
54 6 943
6 68 242
68 6 242
6 30 3
30 6 3
7 11 173
11 7 173
7 54 683
54 7 683
7 12 80
12 7 80
7 29 137
29 7 137
7 38 806
38 7 806
7 18 858
18 7 858
7 66 303
66 7 303
7 10 871
10 7 871
7 18 225
18 7 225
7 78 820
78 7 820
8 37 557
37 8 557
8 53 438
53 8 438
8 51 382
51 8 382
8 43 540
43 8 540
8 12 525
12 8 525
8 8 830
8 8 830
8 40 578
40 8 578
8 82 797
82 8 797
8 40 760
40 8 760
9 14 606
14 9 606
9 11 351
11 9 351
9 44 305
44 9 305
9 14 798
14 9 798
9 76 823
76 9 823
9 44 279
44 9 279
9 35 372
35 9 372
10 33 770
33 10 770
10 45 110
45 10 110
10 59 223
59 10 223
10 59 806
59 10 806
11 15 455
15 11 455
11 28 346
28 11 346
11 74 819
74 11 819
11 50 834
50 11 834
11 57 948
57 11 948
11 49 991
49 11 991
11 40 189
40 11 189
11 15 66
15 11 66
11 29 217
29 11 217
12 19 698
19 12 698
12 25 943
25 12 943
12 36 434
36 12 434
12 29 103
29 12 103
12 22 629
22 12 629
12 27 700
27 12 700
12 17 182
17 12 182
13 52 848
52 13 848
13 38 214
38 13 214
13 24 523
24 13 523
13 26 752
26 13 752
14 18 530
18 14 530
14 49 241
49 14 241
14 53 880
53 14 880
14 74 205
74 14 205
14 74 919
74 14 919
14 58 24
58 14 24
14 49 820
49 14 820
14 56 903
56 14 903
14 70 231
70 14 231
15 24 60
24 15 60
15 36 375
36 15 375
15 52 418
52 15 418
15 42 525
42 15 525
15 65 717
65 15 717
15 81 162
81 15 162
15 38 230
38 15 230
15 17 46
17 15 46
16 47 648
47 16 648
16 63 653
63 16 653
16 34 97
34 16 97
17 20 165
20 17 165
17 32 8
32 17 8
17 70 965
70 17 965
17 39 717
39 17 717
17 44 934
44 17 934
17 38 428
38 17 428
18 22 664
22 18 664
18 26 639
26 18 639
18 35 992
35 18 992
18 49 475
49 18 475
18 71 360
71 18 360
18 65 503
65 18 503
18 82 558
82 18 558
18 51 116
51 18 116
18 37 940
37 18 940
18 44 572
44 18 572
18 66 803
66 18 803
19 45 831
45 19 831
19 28 399
28 19 399
19 25 908
25 19 908
20 23 791
23 20 791
20 83 309
83 20 309
20 38 539
38 20 539
21 78 145
78 21 145
21 48 159
48 21 159
22 33 932
33 22 932
22 69 490
69 22 490
22 24 299
24 22 299
22 62 948
62 22 948
22 34 513
34 22 513
22 65 695
65 22 695
23 74 68
74 23 68
23 31 713
31 23 713
23 57 558
57 23 558
23 40 27
40 23 27
23 39 506
39 23 506
24 27 816
27 24 816
24 70 675
70 24 675
25 58 631
58 25 631
25 63 579
63 25 579
25 66 866
66 25 866
25 37 447
37 25 447
25 63 75
63 25 75
26 42 116
42 26 116
26 44 211
44 26 211
26 48 497
48 26 497
26 48 748
48 26 748
26 61 660
61 26 660
26 33 857
33 26 857
26 41 311
41 26 311
26 30 385
30 26 385
26 69 162
69 26 162
26 40 703
40 26 703
27 30 817
30 27 817
27 40 119
40 27 119
27 42 428
42 27 428
27 46 305
46 27 305
27 80 1000
80 27 1000
27 61 499
61 27 499
28 34 822
34 28 822
28 65 698
65 28 698
28 58 620
58 28 620
28 70 754
70 28 754
28 71 237
71 28 237
29 38 720
38 29 720
29 41 810
41 29 810
29 67 147
67 29 147
29 58 513
58 29 513
29 37 935
37 29 935
29 73 169
73 29 169
30 40 520
40 30 520
30 38 139
38 30 139
30 69 401
69 30 401
30 52 83
52 30 83
31 43 128
43 31 128
31 85 218
85 31 218
31 45 915
45 31 915
31 78 308
78 31 308
32 56 459
56 32 459
32 73 491
73 32 491
32 78 98
78 32 98
32 49 421
49 32 421
32 46 734
46 32 734
33 58 452
58 33 452
33 78 277
78 33 277
33 35 26
35 33 26
33 52 682
52 33 682
33 81 724
81 33 724
33 40 56
40 33 56
33 67 642
67 33 642
33 77 776
77 33 776
33 42 434
42 33 434
34 85 328
85 34 328
34 36 369
36 34 369
34 49 905
49 34 905
34 47 671
47 34 671
34 59 492
59 34 492
35 53 763
53 35 763
35 39 82
39 35 82
35 36 46
36 35 46
35 75 503
75 35 503
36 85 206
85 36 206
36 55 469
55 36 469
36 84 617
84 36 617
37 53 378
53 37 378
37 67 364
67 37 364
37 53 652
53 37 652
38 60 532
60 38 532
38 54 245
54 38 245
38 76 442
76 38 442
38 75 309
75 38 309
38 68 513
68 38 513
39 50 208
50 39 208
39 61 281
61 39 281
39 60 683
60 39 683
39 81 168
81 39 168
40 59 103
59 40 103
40 51 820
51 40 820
40 83 129
83 40 129
40 80 572
80 40 572
41 59 59
59 41 59
41 65 70
65 41 70
42 54 964
54 42 964
42 47 393
47 42 393
42 60 584
60 42 584
42 53 716
53 42 716
42 85 581
85 42 581
43 75 941
75 43 941
43 69 769
69 43 769
43 50 15
50 43 15
43 84 181
84 43 181
43 84 652
84 43 652
44 62 651
62 44 651
44 50 478
50 44 478
44 72 79
72 44 79
45 51 997
51 45 997
45 77 812
77 45 812
45 84 79
84 45 79
45 76 817
76 45 817
45 74 623
74 45 623
47 64 714
64 47 714
47 79 783
79 47 783
48 83 107
83 48 107
48 72 186
72 48 186
48 55 551
55 48 551
48 63 198
63 48 198
49 84 253
84 49 253
49 71 776
71 49 776
50 59 418
59 50 418
50 69 690
69 50 690
50 56 214
56 50 214
50 61 582
61 50 582
50 50 735
50 50 735
50 79 469
79 50 469
51 74 843
74 51 843
51 77 175
77 51 175
52 65 549
65 52 549
52 85 221
85 52 221
52 54 329
54 52 329
54 60 582
60 54 582
55 79 461
79 55 461
55 82 436
82 55 436
55 83 92
83 55 92
55 75 428
75 55 428
55 56 204
56 55 204
56 57 623
57 56 623
56 68 78
68 56 78
56 60 293
60 56 293
58 63 282
63 58 282
58 60 643
60 58 643
59 60 780
60 59 780
59 64 111
64 59 111
60 79 48
79 60 48
60 75 212
75 60 212
60 82 515
82 60 515
60 85 264
85 60 264
60 72 885
72 60 885
61 64 473
64 61 473
62 80 830
80 62 830
62 71 242
71 62 242
62 67 27
67 62 27
63 65 17
65 63 17
64 66 597
66 64 597
65 84 500
84 65 500
65 78 28
78 65 28
66 70 276
70 66 276
66 69 559
69 66 559
67 80 800
80 67 800
67 79 839
79 67 839
67 78 289
78 67 289
68 73 344
73 68 344
69 82 193
82 69 193
69 80 210
80 69 210
69 75 182
75 69 182
71 76 727
76 71 727
71 83 415
83 71 415
72 85 372
85 72 372
73 82 489
82 73 489
73 75 85
75 73 85
74 81 23
81 74 23
78 82 627
82 78 627
78 84 478
84 78 478
78 80 730
80 78 730
80 85 335
85 80 335
