18

0 1 110
1 0 110
0 2 12
2 0 12
0 3 773
3 0 773
0 10 439
10 0 439
0 3 939
3 0 939
1 7 52
7 1 52
2 14 958
14 2 958
3 4 234
4 3 234
3 6 734
6 3 734
3 14 997
14 3 997
3 15 328
15 3 328
4 5 452
5 4 452
4 8 627
8 4 627
4 11 741
11 4 741
4 13 412
13 4 412
5 7 599
7 5 599
6 9 867
9 6 867
7 9 876
9 7 876
7 13 761
13 7 761
7 15 638
15 7 638
7 12 533
12 7 533
7 15 970
15 7 970
9 14 466
14 9 466
10 15 627
15 10 627
11 12 537
12 11 537
11 17 720
17 11 720
11 14 187
14 11 187
11 13 831
13 11 831
11 17 758
17 11 758
12 14 108
14 12 108
13 15 524
15 13 524
13 16 332
16 13 332
14 16 970
16 14 970
