91

0 1 873
1 0 873
0 4 350
4 0 350
0 6 348
6 0 348
0 39 856
39 0 856
0 43 372
43 0 372
0 44 81
44 0 81
0 59 604
59 0 604
0 72 231
72 0 231
0 75 955
75 0 955
0 72 335
72 0 335
0 90 752
90 0 752
0 29 564
29 0 564
0 11 57
11 0 57
0 56 665
56 0 665
0 65 767
65 0 767
0 33 698
33 0 698
0 24 307
24 0 307
0 21 105
21 0 105
0 69 623
69 0 623
0 46 528
46 0 528
0 36 622
36 0 622
0 43 763
43 0 763
0 25 216
25 0 216
0 45 791
45 0 791
0 68 957
68 0 957
1 2 100
2 1 100
1 3 371
3 1 371
1 9 476
9 1 476
1 17 908
17 1 908
1 28 88
28 1 88
1 9 445
9 1 445
1 36 448
36 1 448
1 57 131
57 1 131
1 87 834
87 1 834
1 76 198
76 1 198
1 86 228
86 1 228
1 82 907
82 1 907
1 65 530
65 1 530
1 74 805
74 1 805
1 88 137
88 1 137
1 46 834
46 1 834
1 24 239
24 1 239
1 5 589
5 1 589
1 60 769
60 1 769
1 71 604
71 1 604
1 23 249
23 1 249
2 5 194
5 2 194
2 7 327
7 2 327
2 10 135
10 2 135
2 11 358
11 2 358
2 37 417
37 2 417
2 79 119
79 2 119
2 49 594
49 2 594
2 63 194
63 2 194
2 89 491
89 2 491
2 68 872
68 2 872
2 60 963
60 2 963
2 63 128
63 2 128
2 8 295
8 2 295
2 85 469
85 2 469
2 7 849
7 2 849
2 84 581
84 2 581
2 33 926
33 2 926
2 90 364
90 2 364
2 29 245
29 2 245
2 12 833
12 2 833
2 77 827
77 2 827
2 46 902
46 2 902
3 34 877
34 3 877
3 57 4
57 3 4
3 6 680
6 3 680
3 16 591
16 3 591
3 44 789
44 3 789
3 63 42
63 3 42
3 22 50
22 3 50
3 52 949
52 3 949
3 9 477
9 3 477
3 50 257
50 3 257
3 66 326
66 3 326
4 16 25
16 4 25
4 34 905
34 4 905
4 29 519
29 4 519
4 86 194
86 4 194
4 23 709
23 4 709
4 67 769
67 4 769
4 44 371
44 4 371
4 62 236
62 4 236
4 69 67
69 4 67
4 53 828
53 4 828
4 43 723
43 4 723
4 37 986
37 4 986
4 79 236
79 4 236
4 38 422
38 4 422
4 44 424
44 4 424
5 13 739
13 5 739
5 33 457
33 5 457
5 83 708
83 5 708
5 36 597
36 5 597
5 32 498
32 5 498
5 44 291
44 5 291
5 58 549
58 5 549
5 27 93
27 5 93
5 66 495
66 5 495
5 26 35
26 5 35
5 82 349
82 5 349
5 88 663
88 5 663
5 21 600
21 5 600
5 17 520
17 5 520
5 42 893
42 5 893
5 79 417
79 5 417
5 29 307
29 5 307
5 39 147
39 5 147
5 50 682
50 5 682
5 78 332
78 5 332
6 8 872
8 6 872
6 78 828
78 6 828
6 7 605
7 6 605
6 90 468
90 6 468
6 20 21
20 6 21
6 9 494
9 6 494
6 76 541
76 6 541
6 83 372
83 6 372
6 68 629
68 6 629
6 86 813
86 6 813
6 36 416
36 6 416
6 18 162
18 6 162
6 57 160
57 6 160
6 48 169
48 6 169
6 68 720
68 6 720
6 80 966
80 6 966
7 90 388
90 7 388
7 16 571
16 7 571
7 66 793
66 7 793
7 61 3
61 7 3
7 67 92
67 7 92
7 88 946
88 7 946
7 80 253
80 7 253
7 16 30
16 7 30
7 29 42
29 7 42
7 69 36
69 7 36
7 69 410
69 7 410
8 50 273
50 8 273
8 45 644
45 8 644
8 12 689
12 8 689
8 38 969
38 8 969
8 25 336
25 8 336
8 18 580
18 8 580
8 11 927
11 8 927
8 75 2
75 8 2
8 33 185
33 8 185
8 69 70
69 8 70
8 70 459
70 8 459
8 87 511
87 8 511
8 75 771
75 8 771
9 12 942
12 9 942
9 21 526
21 9 526
9 25 192
25 9 192
9 26 684
26 9 684
9 51 216
51 9 216
9 12 658
12 9 658
9 81 798
81 9 798
9 84 179
84 9 179
9 82 167
82 9 167
9 76 842
76 9 842
9 49 878
49 9 878
9 11 333
11 9 333
9 86 254
86 9 254
9 44 441
44 9 441
9 61 24
61 9 24
9 68 747
68 9 747
9 37 690
37 9 690
9 67 764
67 9 764
9 9 89
9 9 89
9 56 311
56 9 311
9 28 773
28 9 773
9 15 831
15 9 831
9 54 646
54 9 646
10 14 906
14 10 906
10 63 102
63 10 102
10 79 711
79 10 711
10 67 935
67 10 935
10 78 214
78 10 214
10 75 503
75 10 503
10 31 755
31 10 755
10 30 842
30 10 842
10 68 852
68 10 852
10 33 953
33 10 953
10 45 908
45 10 908
10 45 938
45 10 938
10 61 700
61 10 700
10 25 310
25 10 310
10 27 149
27 10 149
10 22 235
22 10 235
10 46 640
46 10 640
11 18 730
18 11 730
11 24 263
24 11 263
11 53 225
53 11 225
11 79 636
79 11 636
11 38 241
38 11 241
11 18 850
18 11 850
11 48 325
48 11 325
11 12 182
12 11 182
11 60 350
60 11 350
11 87 566
87 11 566
11 23 527
23 11 527
11 51 250
51 11 250
11 74 879
74 11 879
11 41 353
41 11 353
12 15 30
15 12 30
12 45 607
45 12 607
12 59 873
59 12 873
12 48 679
48 12 679
12 31 394
31 12 394
12 70 389
70 12 389
12 25 170
25 12 170
12 69 235
69 12 235
12 76 468
76 12 468
12 54 634
54 12 634
12 63 16
63 12 16
12 55 511
55 12 511
12 24 981
24 12 981
12 38 474
38 12 474
12 88 240
88 12 240
12 60 265
60 12 265
12 65 311
65 12 311
12 90 394
90 12 394
12 69 174
69 12 174
12 22 37
22 12 37
12 85 679
85 12 679
12 36 69
36 12 69
13 29 110
29 13 110
13 30 873
30 13 873
13 38 924
38 13 924
13 58 17
58 13 17
13 66 383
66 13 383
13 64 584
64 13 584
13 41 560
41 13 560
13 83 319
83 13 319
13 83 353
83 13 353
13 19 855
19 13 855
13 84 708
84 13 708
13 73 378
73 13 378
13 33 436
33 13 436
13 49 771
49 13 771
13 20 316
20 13 316
13 32 368
32 13 368
13 47 825
47 13 825
13 44 397
44 13 397
14 42 763
42 14 763
14 36 595
36 14 595
14 70 757
70 14 757
14 82 970
82 14 970
14 21 921
21 14 921
14 18 878
18 14 878
14 22 297
22 14 297
14 89 480
89 14 480
14 54 458
54 14 458
14 54 658
54 14 658
14 78 754
78 14 754
14 45 864
45 14 864
14 48 944
48 14 944
14 29 702
29 14 702
14 79 500
79 14 500
14 61 524
61 14 524
14 24 938
24 14 938
15 22 879
22 15 879
15 43 604
43 15 604
15 51 246
51 15 246
15 80 929
80 15 929
15 23 576
23 15 576
15 17 291
17 15 291
15 23 805
23 15 805
15 52 92
52 15 92
15 24 177
24 15 177
15 82 287
82 15 287
15 76 987
76 15 987
15 58 592
58 15 592
15 80 246
80 15 246
15 59 958
59 15 958
15 89 800
89 15 800
16 20 529
20 16 529
16 23 436
23 16 436
16 57 346
57 16 346
16 22 12
22 16 12
16 47 710
47 16 710
16 84 667
84 16 667
16 59 165
59 16 165
16 82 135
82 16 135
16 73 450
73 16 450
16 82 686
82 16 686
16 48 25
48 16 25
16 57 998
57 16 998
16 89 943
89 16 943
16 85 286
85 16 286
16 43 970
43 16 970
16 28 499
28 16 499
16 74 758
74 16 758
16 48 316
48 16 316
16 86 691
86 16 691
16 65 702
65 16 702
16 62 837
62 16 837
16 86 890
86 16 890
16 67 666
67 16 666
16 47 459
47 16 459
17 19 129
19 17 129
17 71 363
71 17 363
17 57 694
57 17 694
17 28 321
28 17 321
17 18 256
18 17 256
17 51 280
51 17 280
17 76 439
76 17 439
17 70 501
70 17 501
17 84 159
84 17 159
17 82 508
82 17 508
17 43 332
43 17 332
18 56 699
56 18 699
18 72 166
72 18 166
18 38 647
38 18 647
18 34 44
34 18 44
18 86 929
86 18 929
18 22 459
22 18 459
18 57 68
57 18 68
18 47 507
47 18 507
18 50 154
50 18 154
18 61 92
61 18 92
18 48 392
48 18 392
19 77 926
77 19 926
19 56 751
56 19 751
19 82 894
82 19 894
19 21 682
21 19 682
19 39 599
39 19 599
19 38 293
38 19 293
19 50 667
50 19 667
19 48 213
48 19 213
19 61 598
61 19 598
19 31 779
31 19 779
19 66 803
66 19 803
19 41 591
41 19 591
19 46 660
46 19 660
19 36 722
36 19 722
19 59 262
59 19 262
19 29 800
29 19 800
19 78 629
78 19 629
19 24 330
24 19 330
20 47 509
47 20 509
20 26 87
26 20 87
20 51 14
51 20 14
20 29 140
29 20 140
20 62 935
62 20 935
20 76 188
76 20 188
20 90 550
90 20 550
20 80 764
80 20 764
20 56 845
56 20 845
21 27 858
27 21 858
21 31 777
31 21 777
21 88 517
88 21 517
21 90 509
90 21 509
21 59 107
59 21 107
21 54 232
54 21 232
21 62 311
62 21 311
21 37 493
37 21 493
21 49 636
49 21 636
21 50 720
50 21 720
21 89 625
89 21 625
21 61 964
61 21 964
21 51 902
51 21 902
21 53 172
53 21 172
21 48 650
48 21 650
21 88 116
88 21 116
21 29 217
29 21 217
21 77 7
77 21 7
21 56 181
56 21 181
21 65 200
65 21 200
21 30 663
30 21 663
21 48 247
48 21 247
22 73 610
73 22 610
22 26 677
26 22 677
22 39 113
39 22 113
22 80 104
80 22 104
22 83 646
83 22 646
22 29 604
29 22 604
22 73 987
73 22 987
22 72 713
72 22 713
22 78 19
78 22 19
22 62 28
62 22 28
22 77 792
77 22 792
23 36 458
36 23 458
23 86 328
86 23 328
23 90 791
90 23 791
23 64 441
64 23 441
23 45 147
45 23 147
23 89 920
89 23 920
23 28 725
28 23 725
23 73 683
73 23 683
23 70 280
70 23 280
23 41 243
41 23 243
23 46 595
46 23 595
23 48 16
48 23 16
23 58 292
58 23 292
23 66 695
66 23 695
23 76 878
76 23 878
24 68 128
68 24 128
24 86 406
86 24 406
24 31 580
31 24 580
24 34 716
34 24 716
24 81 319
81 24 319
24 25 291
25 24 291
24 54 130
54 24 130
24 72 737
72 24 737
24 25 350
25 24 350
24 55 141
55 24 141
24 79 800
79 24 800
24 58 142
58 24 142
24 64 776
64 24 776
24 63 584
63 24 584
24 38 412
38 24 412
25 66 256
66 25 256
25 82 369
82 25 369
25 86 669
86 25 669
25 45 34
45 25 34
25 39 888
39 25 888
25 47 280
47 25 280
25 41 473
41 25 473
25 51 655
51 25 655
25 89 525
89 25 525
25 34 641
34 25 641
25 52 647
52 25 647
25 82 696
82 25 696
25 25 171
25 25 171
25 69 974
69 25 974
26 41 860
41 26 860
26 67 371
67 26 371
26 26 872
26 26 872
26 67 676
67 26 676
27 52 531
52 27 531
27 55 749
55 27 749
27 52 829
52 27 829
27 76 826
76 27 826
27 36 509
36 27 509
27 45 358
45 27 358
27 67 600
67 27 600
28 80 961
80 28 961
28 33 263
33 28 263
28 73 116
73 28 116
28 54 141
54 28 141
28 57 227
57 28 227
28 32 586
32 28 586
28 66 528
66 28 528
28 35 662
35 28 662
29 35 365
35 29 365
29 44 15
44 29 15
29 39 733
39 29 733
29 44 353
44 29 353
29 57 890
57 29 890
29 76 710
76 29 710
29 39 161
39 29 161
29 83 730
83 29 730
29 80 904
80 29 904
29 62 904
62 29 904
29 79 885
79 29 885
30 37 353
37 30 353
30 48 288
48 30 288
30 77 266
77 30 266
30 79 130
79 30 130
30 90 864
90 30 864
30 32 544
32 30 544
30 81 886
81 30 886
30 68 17
68 30 17
30 71 150
71 30 150
30 87 97
87 30 97
30 44 729
44 30 729
30 45 943
45 30 943
30 62 333
62 30 333
30 49 448
49 30 448
31 32 705
32 31 705
31 80 690
80 31 690
31 71 434
71 31 434
31 85 565
85 31 565
31 75 858
75 31 858
31 36 644
36 31 644
31 63 337
63 31 337
31 82 628
82 31 628
32 61 389
61 32 389
32 72 492
72 32 492
32 85 248
85 32 248
32 54 644
54 32 644
32 89 356
89 32 356
32 61 438
61 32 438
32 75 46
75 32 46
32 84 488
84 32 488
33 54 626
54 33 626
33 87 122
87 33 122
33 44 433
44 33 433
33 62 274
62 33 274
33 41 860
41 33 860
33 69 910
69 33 910
33 88 851
88 33 851
33 65 384
65 33 384
33 80 281
80 33 281
33 65 14
65 33 14
33 84 326
84 33 326
34 48 749
48 34 749
34 70 159
70 34 159
34 44 217
44 34 217
34 88 256
88 34 256
34 47 340
47 34 340
34 52 23
52 34 23
34 48 156
48 34 156
34 43 277
43 34 277
34 89 839
89 34 839
35 86 214
86 35 214
35 54 653
54 35 653
35 48 631
48 35 631
35 69 31
69 35 31
35 63 255
63 35 255
35 41 232
41 35 232
35 46 669
46 35 669
35 36 22
36 35 22
35 74 397
74 35 397
36 40 972
40 36 972
36 81 236
81 36 236
36 47 174
47 36 174
36 70 803
70 36 803
36 69 294
69 36 294
36 56 795
56 36 795
36 86 467
86 36 467
36 49 515
49 36 515
36 87 596
87 36 596
36 72 763
72 36 763
36 49 929
49 36 929
36 57 886
57 36 886
36 71 606
71 36 606
36 74 247
74 36 247
37 74 275
74 37 275
37 48 165
48 37 165
37 41 792
41 37 792
37 40 728
40 37 728
37 56 378
56 37 378
37 82 645
82 37 645
37 86 853
86 37 853
37 65 588
65 37 588
37 63 914
63 37 914
37 81 474
81 37 474
37 72 39
72 37 39
38 42 732
42 38 732
38 69 404
69 38 404
38 52 751
52 38 751
38 56 594
56 38 594
38 51 264
51 38 264
38 76 62
76 38 62
38 77 957
77 38 957
38 74 241
74 38 241
38 47 462
47 38 462
39 62 547
62 39 547
39 76 747
76 39 747
39 55 400
55 39 400
39 82 500
82 39 500
39 80 655
80 39 655
39 56 894
56 39 894
39 63 842
63 39 842
39 51 587
51 39 587
39 51 616
51 39 616
39 72 401
72 39 401
39 50 887
50 39 887
39 79 530
79 39 530
39 53 585
53 39 585
39 82 817
82 39 817
40 82 260
82 40 260
40 76 374
76 40 374
40 80 390
80 40 390
40 56 666
56 40 666
40 53 450
53 40 450
40 65 804
65 40 804
40 59 81
59 40 81
40 68 290
68 40 290
40 72 529
72 40 529
40 51 935
51 40 935
40 84 181
84 40 181
40 85 203
85 40 203
40 67 9
67 40 9
41 49 171
49 41 171
41 81 703
81 41 703
41 81 712
81 41 712
41 78 703
78 41 703
41 67 284
67 41 284
41 55 749
55 41 749
42 46 999
46 42 999
42 82 754
82 42 754
42 79 968
79 42 968
42 72 368
72 42 368
42 54 781
54 42 781
42 49 396
49 42 396
42 80 621
80 42 621
42 84 351
84 42 351
42 64 863
64 42 863
42 44 794
44 42 794
43 49 39
49 43 39
43 48 190
48 43 190
43 82 759
82 43 759
43 78 99
78 43 99
43 88 732
88 43 732
43 49 499
49 43 499
43 84 346
84 43 346
44 79 485
79 44 485
44 57 967
57 44 967
44 48 27
48 44 27
44 52 426
52 44 426
44 79 914
79 44 914
44 87 17
87 44 17
44 57 258
57 44 258
45 83 846
83 45 846
45 57 967
57 45 967
45 81 705
81 45 705
45 56 861
56 45 861
45 88 994
88 45 994
46 51 557
51 46 557
46 63 811
63 46 811
46 85 777
85 46 777
46 74 520
74 46 520
47 71 287
71 47 287
47 57 623
57 47 623
47 49 11
49 47 11
47 72 628
72 47 628
47 89 530
89 47 530
47 73 464
73 47 464
47 71 288
71 47 288
47 58 320
58 47 320
47 72 803
72 47 803
47 54 141
54 47 141
47 68 140
68 47 140
48 72 229
72 48 229
48 55 776
55 48 776
48 89 25
89 48 25
48 87 68
87 48 68
48 73 817
73 48 817
48 87 747
87 48 747
48 55 113
55 48 113
48 58 596
58 48 596
48 68 146
68 48 146
49 59 542
59 49 542
49 85 858
85 49 858
49 82 125
82 49 125
49 90 881
90 49 881
49 81 355
81 49 355
49 73 324
73 49 324
49 54 85
54 49 85
50 73 963
73 50 963
50 68 7
68 50 7
50 83 114
83 50 114
50 83 779
83 50 779
50 56 992
56 50 992
50 55 681
55 50 681
50 56 120
56 50 120
51 59 168
59 51 168
51 56 838
56 51 838
51 69 355
69 51 355
51 51 56
51 51 56
51 88 381
88 51 381
51 88 308
88 51 308
51 71 224
71 51 224
51 76 492
76 51 492
51 76 296
76 51 296
51 58 157
58 51 157
51 86 579
86 51 579
51 56 408
56 51 408
51 78 695
78 51 695
51 79 684
79 51 684
51 60 884
60 51 884
52 62 33
62 52 33
52 72 451
72 52 451
52 75 656
75 52 656
52 86 158
86 52 158
52 89 165
89 52 165
52 89 706
89 52 706
52 72 329
72 52 329
53 74 990
74 53 990
53 63 426
63 53 426
53 66 237
66 53 237
54 84 41
84 54 41
54 61 985
61 54 985
55 88 203
88 55 203
55 58 279
58 55 279
55 85 141
85 55 141
55 63 6
63 55 6
56 59 915
59 56 915
56 84 504
84 56 504
56 57 685
57 56 685
56 68 495
68 56 495
56 72 890
72 56 890
56 62 369
62 56 369
56 83 618
83 56 618
56 78 571
78 56 571
57 61 277
61 57 277
57 82 690
82 57 690
57 88 180
88 57 180
57 82 517
82 57 517
57 82 697
82 57 697
57 68 378
68 57 378
58 89 935
89 58 935
58 59 150
59 58 150
58 66 377
66 58 377
59 60 458
60 59 458
59 64 683
64 59 683
59 75 982
75 59 982
59 90 462
90 59 462
59 60 996
60 59 996
60 65 989
65 60 989
60 83 307
83 60 307
60 77 306
77 60 306
60 76 459
76 60 459
61 62 604
62 61 604
61 76 416
76 61 416
62 74 750
74 62 750
62 84 438
84 62 438
62 77 305
77 62 305
62 89 612
89 62 612
62 75 512
75 62 512
62 74 335
74 62 335
62 79 341
79 62 341
63 84 949
84 63 949
63 74 398
74 63 398
63 65 215
65 63 215
63 87 177
87 63 177
63 73 147
73 63 147
63 69 143
69 63 143
64 89 965
89 64 965
64 69 177
69 64 177
64 84 964
84 64 964
64 87 883
87 64 883
64 85 972
85 64 972
65 76 608
76 65 608
65 80 261
80 65 261
65 78 287
78 65 287
65 71 248
71 65 248
65 83 242
83 65 242
65 90 181
90 65 181
66 74 494
74 66 494
66 71 715
71 66 715
66 73 351
73 66 351
66 73 537
73 66 537
66 81 422
81 66 422
66 76 163
76 66 163
67 75 719
75 67 719
67 87 865
87 67 865
67 77 349
77 67 349
68 83 414
83 68 414
68 83 988
83 68 988
68 83 332
83 68 332
68 68 515
68 68 515
68 85 929
85 68 929
68 90 552
90 68 552
68 90 432
90 68 432
69 86 993
86 69 993
69 79 794
79 69 794
69 81 189
81 69 189
69 84 438
84 69 438
70 87 295
87 70 295
70 79 470
79 70 470
70 77 736
77 70 736
70 90 960
90 70 960
70 86 642
86 70 642
71 85 731
85 71 731
71 80 290
80 71 290
71 77 53
77 71 53
71 90 830
90 71 830
71 72 487
72 71 487
71 76 536
76 71 536
72 77 894
77 72 894
73 76 443
76 73 443
73 74 531
74 73 531
73 80 657
80 73 657
73 76 115
76 73 115
73 86 699
86 73 699
74 76 535
76 74 535
75 80 381
80 75 381
75 90 191
90 75 191
75 84 950
84 75 950
75 87 644
87 75 644
75 82 445
82 75 445
76 90 492
90 76 492
76 78 511
78 76 511
76 86 579
86 76 579
76 79 312
79 76 312
77 89 12
89 77 12
77 90 323
90 77 323
77 81 556
81 77 556
77 80 209
80 77 209
78 83 670
83 78 670
78 85 861
85 78 861
80 85 926
85 80 926
81 85 595
85 81 595
83 89 772
89 83 772
83 90 890
90 83 890
83 86 480
86 83 480
83 89 702
89 83 702
84 87 29
87 84 29
84 89 796
89 84 796
84 87 603
87 84 603
86 89 316
89 86 316
