14

0 1 624
1 0 624
0 4 739
4 0 739
0 6 287
6 0 287
0 12 211
12 0 211
0 4 153
4 0 153
1 2 815
2 1 815
1 3 233
3 1 233
1 8 417
8 1 417
1 9 720
9 1 720
2 10 155
10 2 155
4 5 132
5 4 132
5 7 788
7 5 788
5 13 427
13 5 427
6 10 147
10 6 147
7 9 670
9 7 670
7 10 952
10 7 952
8 11 14
11 8 14
