75

0 1 144
1 0 144
0 2 654
2 0 654
0 3 840
3 0 840
0 4 889
4 0 889
0 5 404
5 0 404
0 6 119
6 0 119
0 71 811
71 0 811
1 14 40
14 1 40
1 29 502
29 1 502
1 41 706
41 1 706
1 29 171
29 1 171
1 22 451
22 1 451
2 44 772
44 2 772
2 12 923
12 2 923
2 40 581
40 2 581
2 36 872
36 2 872
3 8 339
8 3 339
3 20 893
20 3 893
3 54 788
54 3 788
3 18 199
18 3 199
4 7 78
7 4 78
4 25 755
25 4 755
4 23 539
23 4 539
5 24 834
24 5 834
6 11 818
11 6 818
6 15 620
15 6 620
6 17 375
17 6 375
6 19 282
19 6 282
6 39 618
39 6 618
7 16 481
16 7 481
7 22 561
22 7 561
8 9 214
9 8 214
8 31 278
31 8 278
9 10 463
10 9 463
9 12 990
12 9 990
9 13 59
13 9 59
9 27 359
27 9 359
10 74 483
74 10 483
10 41 723
41 10 723
11 52 798
52 11 798
12 33 759
33 12 759
12 36 121
36 12 121
12 71 333
71 12 333
12 49 237
49 12 237
12 23 741
23 12 741
12 21 911
21 12 911
13 23 341
23 13 341
13 37 807
37 13 807
13 68 797
68 13 797
14 72 812
72 14 812
15 18 489
18 15 489
15 53 728
53 15 728
16 21 639
21 16 639
17 30 955
30 17 955
17 34 66
34 17 66
20 28 189
28 20 189
20 40 923
40 20 923
20 54 97
54 20 97
21 34 195
34 21 195
21 50 901
50 21 901
21 70 332
70 21 332
22 26 403
26 22 403
22 61 446
61 22 446
23 35 815
35 23 815
23 65 89
65 23 89
24 53 223
53 24 223
24 40 933
40 24 933
24 28 501
28 24 501
25 55 1000
55 25 1000
26 32 857
32 26 857
26 48 808
48 26 808
27 57 53
57 27 53
28 49 910
49 28 910
29 45 276
45 29 276
30 65 141
65 30 141
31 43 267
43 31 267
32 59 163
59 32 163
33 51 352
51 33 352
33 55 202
55 33 202
35 42 479
42 35 479
35 66 396
66 35 396
35 45 266
45 35 266
36 46 900
46 36 900
37 38 599
38 37 599
38 58 437
58 38 437
38 67 630
67 38 630
39 56 870
56 39 870
41 47 534
47 41 534
41 49 17
49 41 17
43 64 226
64 43 226
43 72 125
72 43 125
44 60 513
60 44 513
44 71 583
71 44 583
45 69 4
69 45 4
50 60 846
60 50 846
51 56 829
56 51 829
51 62 719
62 51 719
56 63 278
63 56 278
59 62 58
62 59 58
59 63 587
63 59 587
61 74 961
74 61 961
64 66 286
66 64 286
69 73 866
73 69 866
