85

0 1 490
1 0 490
0 68 622
68 0 622
0 72 185
72 0 185
1 2 860
2 1 860
1 3 6
3 1 6
1 5 979
5 1 979
1 11 153
11 1 153
1 76 688
76 1 688
1 54 904
54 1 904
1 40 310
40 1 310
1 43 899
43 1 899
1 4 232
4 1 232
1 31 252
31 1 252
2 4 852
4 2 852
2 6 878
6 2 878
2 8 420
8 2 420
2 27 838
27 2 838
2 40 784
40 2 784
2 81 831
81 2 831
2 62 977
62 2 977
3 20 878
20 3 878
3 37 323
37 3 323
3 38 760
38 3 760
3 45 22
45 3 22
3 67 884
67 3 884
3 27 877
27 3 877
4 22 357
22 4 357
4 64 289
64 4 289
4 6 402
6 4 402
4 33 288
33 4 288
4 10 119
10 4 119
5 12 484
12 5 484
5 18 33
18 5 33
5 23 365
23 5 365
5 34 713
34 5 713
5 61 354
61 5 354
5 68 751
68 5 751
5 78 487
78 5 487
5 73 80
73 5 80
5 82 786
82 5 786
5 32 940
32 5 940
6 7 412
7 6 412
6 19 17
19 6 17
6 43 36
43 6 36
6 46 889
46 6 889
6 64 870
64 6 870
6 71 991
71 6 991
6 39 994
39 6 994
6 36 974
36 6 974
6 23 946
23 6 946
6 41 534
41 6 534
6 49 289
49 6 289
7 9 490
9 7 490
8 10 455
10 8 455
8 14 648
14 8 648
9 13 760
13 9 760
9 16 956
16 9 956
9 50 773
50 9 773
9 73 185
73 9 185
10 15 643
15 10 643
11 29 165
29 11 165
11 49 34
49 11 34
11 62 527
62 11 527
11 83 604
83 11 604
11 52 52
52 11 52
13 16 42
16 13 42
13 31 603
31 13 603
13 48 101
48 13 101
13 81 570
81 13 570
14 30 791
30 14 791
14 44 441
44 14 441
14 65 850
65 14 850
14 79 922
79 14 922
14 45 488
45 14 488
15 24 150
24 15 150
15 39 942
39 15 942
15 50 736
50 15 736
15 78 668
78 15 668
16 17 383
17 16 383
16 21 120
21 16 120
16 36 122
36 16 122
16 78 207
78 16 207
16 61 201
61 16 201
17 31 805
31 17 805
17 56 743
56 17 743
17 68 744
68 17 744
17 55 603
55 17 603
18 25 345
25 18 345
18 26 415
26 18 415
18 28 442
28 18 442
18 54 673
54 18 673
18 63 86
63 18 86
18 29 664
29 18 664
19 52 734
52 19 734
19 73 291
73 19 291
19 32 654
32 19 654
20 25 308
25 20 308
20 68 607
68 20 607
21 80 103
80 21 103
21 50 434
50 21 434
21 41 983
41 21 983
22 32 683
32 22 683
22 41 628
41 22 628
22 56 136
56 22 136
22 62 778
62 22 778
22 29 795
29 22 795
22 83 76
83 22 76
23 26 392
26 23 392
24 51 965
51 24 965
24 74 65
74 24 65
25 70 886
70 25 886
25 75 438
75 25 438
25 36 398
36 25 398
26 33 894
33 26 894
26 84 149
84 26 149
26 33 780
33 26 780
26 56 302
56 26 302
26 32 656
32 26 656
27 55 333
55 27 333
27 58 785
58 27 785
27 69 560
69 27 560
27 45 784
45 27 784
28 66 698
66 28 698
28 49 963
49 28 963
29 47 334
47 29 334
29 31 450
31 29 450
29 34 563
34 29 563
30 56 5
56 30 5
31 50 420
50 31 420
32 69 571
69 32 571
33 61 192
61 33 192
33 73 762
73 33 762
33 51 337
51 33 337
33 83 678
83 33 678
34 35 584
35 34 584
34 58 410
58 34 410
34 77 738
77 34 738
34 72 795
72 34 795
35 67 580
67 35 580
35 44 986
44 35 986
36 63 991
63 36 991
36 75 751
75 36 751
37 48 133
48 37 133
37 48 487
48 37 487
38 68 593
68 38 593
39 42 525
42 39 525
39 66 544
66 39 544
40 53 594
53 40 594
40 59 640
59 40 640
40 67 813
67 40 813
40 47 163
47 40 163
40 43 44
43 40 44
42 61 606
61 42 606
42 51 746
51 42 746
43 82 246
82 43 246
44 60 198
60 44 198
45 61 151
61 45 151
45 56 510
56 45 510
46 47 804
47 46 804
46 52 382
52 46 382
46 56 117
56 46 117
47 81 340
81 47 340
47 51 81
51 47 81
48 76 199
76 48 199
48 67 569
67 48 569
48 49 925
49 48 925
49 51 549
51 49 549
49 62 92
62 49 92
50 74 914
74 50 914
52 57 157
57 52 157
52 66 784
66 52 784
53 76 477
76 53 477
53 79 96
79 53 96
53 82 567
82 53 567
54 73 234
73 54 234
54 63 192
63 54 192
55 80 996
80 55 996
56 69 318
69 56 318
56 71 814
71 56 814
57 80 214
80 57 214
57 70 884
70 57 884
57 74 246
74 57 246
58 63 702
63 58 702
58 71 869
71 58 869
59 74 540
74 59 540
60 62 948
62 60 948
63 78 538
78 63 538
65 80 22
80 65 22
65 72 510
72 65 510
65 74 832
74 65 832
66 67 815
67 66 815
67 75 931
75 67 931
68 81 594
81 68 594
68 80 541
80 68 541
70 77 733
77 70 733
72 77 762
77 72 762
78 83 507
83 78 507
