51

0 1 13
1 0 13
0 2 666
2 0 666
0 21 538
21 0 538
0 37 645
37 0 645
0 16 158
16 0 158
0 16 784
16 0 784
0 43 155
43 0 155
0 40 292
40 0 292
1 3 376
3 1 376
1 4 883
4 1 883
1 6 866
6 1 866
1 15 890
15 1 890
1 23 125
23 1 125
1 19 169
19 1 169
1 3 874
3 1 874
1 24 431
24 1 431
2 14 980
14 2 980
2 46 692
46 2 692
2 34 540
34 2 540
2 41 970
41 2 970
3 7 409
7 3 409
3 12 366
12 3 366
3 40 346
40 3 346
3 13 5
13 3 5
3 47 101
47 3 101
3 35 370
35 3 370
3 17 936
17 3 936
3 33 829
33 3 829
4 5 45
5 4 45
4 23 268
23 4 268
4 38 79
38 4 79
4 37 906
37 4 906
5 8 749
8 5 749
5 10 913
10 5 913
5 33 245
33 5 245
5 41 319
41 5 319
5 16 251
16 5 251
5 7 196
7 5 196
5 41 207
41 5 207
6 13 69
13 6 69
6 36 401
36 6 401
7 20 374
20 7 374
7 31 403
31 7 403
7 41 312
41 7 312
7 50 145
50 7 145
8 9 290
9 8 290
8 11 571
11 8 571
8 17 757
17 8 757
8 30 813
30 8 813
8 35 84
35 8 84
8 50 263
50 8 263
8 42 253
42 8 253
9 25 281
25 9 281
9 47 463
47 9 463
9 31 21
31 9 21
10 42 590
42 10 590
10 43 913
43 10 913
10 38 625
38 10 625
10 19 315
19 10 315
10 17 929
17 10 929
11 39 57
39 11 57
11 13 419
13 11 419
12 28 249
28 12 249
12 42 45
42 12 45
12 31 42
31 12 42
13 49 686
49 13 686
13 22 797
22 13 797
14 15 169
15 14 169
14 16 875
16 14 875
14 26 785
26 14 785
14 36 859
36 14 859
14 18 517
18 14 517
14 36 283
36 14 283
14 27 533
27 14 533
15 45 106
45 15 106
15 37 400
37 15 400
15 19 278
19 15 278
15 34 185
34 15 185
16 18 484
18 16 484
16 19 789
19 16 789
16 48 833
48 16 833
16 36 181
36 16 181
16 39 680
39 16 680
16 47 932
47 16 932
16 43 360
43 16 360
16 21 748
21 16 748
17 24 596
24 17 596
17 47 110
47 17 110
17 36 988
36 17 988
18 22 504
22 18 504
18 34 187
34 18 187
18 43 929
43 18 929
19 23 880
23 19 880
20 31 862
31 20 862
20 22 901
22 20 901
20 39 610
39 20 610
20 21 364
21 20 364
21 32 320
32 21 320
21 43 563
43 21 563
22 44 669
44 22 669
22 49 498
49 22 498
22 37 652
37 22 652
23 44 692
44 23 692
23 33 461
33 23 461
24 26 267
26 24 267
24 27 351
27 24 351
24 41 231
41 24 231
24 32 281
32 24 281
24 40 464
40 24 464
25 26 435
26 25 435
26 27 848
27 26 848
26 38 156
38 26 156
26 46 673
46 26 673
26 40 879
40 26 879
26 40 429
40 26 429
27 29 754
29 27 754
27 29 14
29 27 14
28 42 971
42 28 971
29 48 745
48 29 745
29 50 793
50 29 793
30 43 830
43 30 830
31 45 813
45 31 813
32 32 939
32 32 939
32 34 545
34 32 545
33 40 281
40 33 281
33 35 497
35 33 497
34 40 624
40 34 624
35 37 561
37 35 561
36 48 391
48 36 391
36 40 253
40 36 253
37 39 257
39 37 257
37 42 891
42 37 891
40 48 51
48 40 51
41 50 513
50 41 513
41 42 356
42 41 356
42 46 124
46 42 124
43 49 821
49 43 821
43 50 478
50 43 478
