16

0 1 553
1 0 553
0 12 564
12 0 564
0 13 402
13 0 402
0 10 180
10 0 180
1 2 173
2 1 173
1 4 27
4 1 27
1 7 985
7 1 985
1 3 179
3 1 179
2 3 170
3 2 170
2 10 184
10 2 184
2 13 824
13 2 824
2 14 822
14 2 822
3 5 347
5 3 347
4 6 250
6 4 250
4 8 12
8 4 12
5 14 417
14 5 417
6 11 1
11 6 1
6 8 837
8 6 837
7 11 470
11 7 470
7 10 666
10 7 666
7 10 617
10 7 617
8 9 77
9 8 77
8 12 337
12 8 337
12 15 401
15 12 401
12 12 130
12 12 130
13 15 358
15 13 358
