86

0 1 179
1 0 179
0 5 176
5 0 176
0 46 848
46 0 848
0 55 914
55 0 914
0 73 462
73 0 462
0 16 32
16 0 32
0 59 256
59 0 256
0 67 264
67 0 264
0 73 119
73 0 119
0 85 591
85 0 591
0 72 564
72 0 564
0 56 798
56 0 798
1 2 105
2 1 105
1 4 616
4 1 616
1 8 758
8 1 758
1 3 879
3 1 879
1 62 144
62 1 144
1 61 407
61 1 407
1 8 234
8 1 234
1 39 970
39 1 970
2 3 157
3 2 157
2 7 11
7 2 11
2 8 302
8 2 302
2 64 481
64 2 481
2 56 774
56 2 774
2 36 325
36 2 325
2 67 92
67 2 92
2 57 686
57 2 686
2 30 208
30 2 208
2 38 538
38 2 538
2 71 848
71 2 848
2 85 778
85 2 778
2 54 789
54 2 789
2 79 296
79 2 296
2 53 852
53 2 852
2 15 84
15 2 84
3 6 622
6 3 622
3 9 770
9 3 770
3 17 259
17 3 259
3 20 224
20 3 224
3 22 407
22 3 407
3 30 627
30 3 627
3 31 393
31 3 393
3 40 907
40 3 907
3 47 791
47 3 791
3 33 549
33 3 549
3 68 671
68 3 671
3 11 673
11 3 673
3 25 435
25 3 435
3 47 254
47 3 254
3 74 77
74 3 77
3 26 931
26 3 931
3 19 866
19 3 866
3 29 877
29 3 877
4 42 546
42 4 546
4 50 956
50 4 956
4 23 416
23 4 416
4 70 343
70 4 343
4 31 863
31 4 863
4 11 845
11 4 845
4 57 444
57 4 444
4 58 836
58 4 836
4 18 375
18 4 375
4 20 673
20 4 673
4 78 816
78 4 816
4 85 928
85 4 928
4 42 160
42 4 160
5 12 191
12 5 191
5 82 126
82 5 126
5 84 526
84 5 526
5 26 866
26 5 866
5 64 674
64 5 674
5 35 308
35 5 308
5 33 573
33 5 573
5 27 150
27 5 150
5 17 876
17 5 876
5 51 683
51 5 683
5 73 255
73 5 255
5 77 518
77 5 518
5 36 974
36 5 974
5 38 79
38 5 79
5 45 613
45 5 613
6 16 438
16 6 438
6 61 58
61 6 58
6 69 313
69 6 313
6 72 909
72 6 909
6 79 463
79 6 463
6 80 997
80 6 997
6 40 122
40 6 122
6 19 477
19 6 477
6 62 581
62 6 581
7 25 169
25 7 169
7 65 339
65 7 339
7 67 973
67 7 973
7 45 705
45 7 705
7 75 639
75 7 639
7 16 206
16 7 206
7 84 669
84 7 669
7 80 15
80 7 15
7 64 951
64 7 951
7 74 194
74 7 194
7 52 982
52 7 982
7 22 621
22 7 621
8 10 113
10 8 113
8 13 670
13 8 670
8 45 850
45 8 850
8 59 387
59 8 387
8 62 620
62 8 620
8 78 539
78 8 539
8 28 578
28 8 578
8 54 203
54 8 203
8 67 840
67 8 840
8 54 691
54 8 691
8 36 464
36 8 464
8 75 911
75 8 911
8 68 908
68 8 908
8 79 331
79 8 331
8 33 296
33 8 296
8 63 813
63 8 813
9 11 486
11 9 486
9 14 720
14 9 720
9 18 203
18 9 203
9 32 363
32 9 363
9 82 482
82 9 482
9 20 653
20 9 653
9 52 418
52 9 418
9 36 913
36 9 913
9 49 42
49 9 42
9 28 681
28 9 681
9 23 644
23 9 644
9 77 487
77 9 487
9 65 211
65 9 211
9 84 485
84 9 485
10 15 335
15 10 335
10 63 500
63 10 500
10 82 136
82 10 136
10 46 250
46 10 250
10 62 834
62 10 834
10 30 746
30 10 746
10 72 165
72 10 165
10 21 300
21 10 300
10 18 617
18 10 617
11 84 154
84 11 154
11 81 85
81 11 85
11 74 36
74 11 36
11 62 62
62 11 62
11 11 172
11 11 172
11 80 697
80 11 697
11 35 566
35 11 566
11 56 347
56 11 347
11 34 136
34 11 136
12 23 608
23 12 608
12 58 153
58 12 153
12 61 339
61 12 339
12 68 163
68 12 163
12 41 437
41 12 437
12 76 144
76 12 144
12 23 836
23 12 836
12 16 235
16 12 235
12 14 710
14 12 710
12 64 756
64 12 756
12 80 235
80 12 235
12 57 62
57 12 62
13 21 47
21 13 47
13 44 234
44 13 234
13 62 63
62 13 63
13 13 168
13 13 168
13 40 860
40 13 860
13 21 761
21 13 761
13 85 714
85 13 714
13 81 600
81 13 600
13 72 345
72 13 345
13 33 580
33 13 580
14 19 803
19 14 803
14 61 676
61 14 676
14 20 50
20 14 50
14 45 268
45 14 268
14 56 737
56 14 737
14 74 899
74 14 899
14 70 946
70 14 946
14 21 195
21 14 195
14 63 579
63 14 579
14 80 939
80 14 939
14 59 456
59 14 456
14 23 526
23 14 526
14 43 85
43 14 85
14 70 412
70 14 412
14 39 175
39 14 175
15 33 563
33 15 563
15 35 885
35 15 885
15 56 940
56 15 940
15 76 552
76 15 552
15 25 151
25 15 151
15 57 676
57 15 676
15 74 640
74 15 640
15 77 583
77 15 583
15 77 110
77 15 110
15 63 72
63 15 72
15 59 923
59 15 923
16 36 924
36 16 924
16 49 414
49 16 414
16 82 781
82 16 781
16 54 126
54 16 126
16 37 965
37 16 965
16 37 455
37 16 455
16 49 268
49 16 268
16 81 795
81 16 795
16 64 176
64 16 176
16 23 998
23 16 998
16 47 293
47 16 293
16 46 306
46 16 306
17 24 208
24 17 208
17 29 360
29 17 360
17 32 650
32 17 650
17 65 322
65 17 322
17 69 588
69 17 588
17 45 488
45 17 488
17 79 978
79 17 978
17 34 485
34 17 485
17 23 442
23 17 442
17 27 259
27 17 259
17 61 737
61 17 737
17 25 117
25 17 117
17 71 265
71 17 265
17 53 104
53 17 104
17 68 741
68 17 741
17 71 899
71 17 899
18 26 176
26 18 176
18 37 363
37 18 363
18 67 693
67 18 693
18 29 720
29 18 720
18 70 648
70 18 648
18 79 877
79 18 877
18 19 29
19 18 29
18 39 344
39 18 344
18 26 521
26 18 521
19 41 388
41 19 388
19 52 973
52 19 973
19 73 6
73 19 6
19 66 865
66 19 865
19 77 658
77 19 658
19 41 140
41 19 140
19 33 338
33 19 338
19 36 17
36 19 17
19 34 54
34 19 54
19 23 601
23 19 601
19 71 27
71 19 27
19 62 41
62 19 41
19 67 242
67 19 242
20 28 558
28 20 558
20 83 275
83 20 275
20 64 741
64 20 741
20 21 541
21 20 541
20 30 278
30 20 278
20 73 93
73 20 93
20 75 466
75 20 466
20 57 789
57 20 789
20 23 314
23 20 314
20 32 192
32 20 192
21 34 20
34 21 20
21 50 507
50 21 507
21 26 169
26 21 169
21 65 422
65 21 422
21 33 708
33 21 708
21 45 43
45 21 43
21 46 152
46 21 152
21 74 725
74 21 725
21 61 804
61 21 804
21 23 263
23 21 263
21 57 95
57 21 95
22 57 488
57 22 488
22 31 508
31 22 508
22 23 301
23 22 301
22 39 478
39 22 478
22 38 892
38 22 892
22 33 385
33 22 385
22 40 200
40 22 200
22 69 478
69 22 478
22 56 797
56 22 797
22 51 521
51 22 521
23 46 426
46 23 426
23 33 320
33 23 320
23 65 61
65 23 61
23 47 222
47 23 222
23 31 273
31 23 273
23 50 135
50 23 135
23 58 412
58 23 412
23 34 177
34 23 177
24 39 926
39 24 926
24 48 778
48 24 778
24 28 97
28 24 97
24 75 171
75 24 171
24 51 297
51 24 297
24 36 728
36 24 728
25 27 508
27 25 508
25 38 684
38 25 684
25 70 102
70 25 102
25 70 803
70 25 803
25 77 522
77 25 522
25 54 579
54 25 579
25 70 14
70 25 14
25 78 281
78 25 281
25 38 287
38 25 287
25 46 374
46 25 374
25 71 783
71 25 783
25 52 429
52 25 429
26 74 764
74 26 764
26 57 702
57 26 702
26 85 503
85 26 503
26 66 710
66 26 710
26 41 481
41 26 481
26 44 732
44 26 732
26 30 946
30 26 946
26 41 266
41 26 266
27 63 833
63 27 833
27 34 420
34 27 420
27 40 965
40 27 965
27 80 439
80 27 439
27 65 909
65 27 909
27 56 822
56 27 822
27 42 750
42 27 750
27 64 561
64 27 561
28 39 699
39 28 699
28 71 890
71 28 890
28 80 29
80 28 29
28 79 175
79 28 175
28 49 478
49 28 478
29 32 380
32 29 380
29 60 753
60 29 753
29 35 832
35 29 832
29 66 763
66 29 763
29 38 571
38 29 571
29 83 33
83 29 33
29 62 332
62 29 332
29 50 710
50 29 710
29 51 306
51 29 306
29 69 478
69 29 478
30 43 701
43 30 701
30 75 238
75 30 238
30 65 302
65 30 302
30 38 391
38 30 391
30 54 379
54 30 379
30 49 184
49 30 184
30 37 540
37 30 540
30 52 740
52 30 740
30 52 364
52 30 364
30 45 636
45 30 636
30 47 739
47 30 739
30 39 636
39 30 636
30 57 205
57 30 205
30 71 979
71 30 979
31 64 302
64 31 302
31 56 921
56 31 921
32 67 943
67 32 943
32 51 906
51 32 906
32 57 4
57 32 4
32 34 389
34 32 389
32 54 584
54 32 584
32 76 182
76 32 182
32 48 175
48 32 175
32 40 229
40 32 229
32 40 816
40 32 816
33 54 870
54 33 870
33 63 419
63 33 419
33 64 453
64 33 453
33 63 592
63 33 592
33 42 103
42 33 103
34 67 402
67 34 402
34 80 357
80 34 357
34 84 275
84 34 275
34 48 196
48 34 196
34 68 861
68 34 861
34 58 624
58 34 624
34 52 359
52 34 359
35 51 957
51 35 957
35 69 443
69 35 443
35 83 427
83 35 427
35 66 152
66 35 152
35 71 728
71 35 728
35 51 15
51 35 15
35 85 854
85 35 854
35 55 508
55 35 508
36 79 459
79 36 459
36 85 654
85 36 654
36 56 53
56 36 53
36 82 705
82 36 705
36 51 853
51 36 853
36 47 275
47 36 275
36 50 926
50 36 926
36 61 308
61 36 308
36 66 252
66 36 252
37 76 405
76 37 405
37 55 874
55 37 874
37 62 423
62 37 423
37 42 595
42 37 595
37 60 217
60 37 217
37 65 596
65 37 596
37 61 409
61 37 409
37 55 266
55 37 266
37 77 91
77 37 91
37 69 769
69 37 769
37 83 285
83 37 285
38 74 788
74 38 788
38 42 601
42 38 601
38 57 463
57 38 463
38 76 634
76 38 634
38 47 741
47 38 741
38 73 338
73 38 338
38 79 592
79 38 592
38 55 877
55 38 877
38 60 618
60 38 618
38 50 82
50 38 82
39 66 843
66 39 843
39 66 546
66 39 546
39 45 60
45 39 60
39 41 396
41 39 396
39 59 750
59 39 750
39 85 721
85 39 721
40 48 868
48 40 868
40 82 952
82 40 952
40 72 840
72 40 840
40 71 146
71 40 146
40 64 727
64 40 727
40 76 71
76 40 71
40 41 386
41 40 386
41 85 918
85 41 918
41 59 761
59 41 761
41 48 748
48 41 748
41 61 449
61 41 449
41 73 70
73 41 70
41 46 27
46 41 27
41 56 656
56 41 656
41 51 994
51 41 994
42 51 513
51 42 513
42 81 472
81 42 472
42 43 212
43 42 212
42 45 333
45 42 333
43 50 246
50 43 246
43 48 317
48 43 317
43 64 929
64 43 929
43 55 799
55 43 799
43 62 655
62 43 655
43 75 733
75 43 733
43 64 78
64 43 78
44 68 889
68 44 889
44 66 5
66 44 5
44 74 474
74 44 474
44 50 374
50 44 374
44 77 373
77 44 373
45 48 804
48 45 804
45 56 331
56 45 331
45 84 368
84 45 368
45 60 670
60 45 670
45 51 785
51 45 785
45 55 197
55 45 197
45 64 859
64 45 859
45 57 387
57 45 387
45 51 417
51 45 417
45 64 36
64 45 36
46 68 494
68 46 494
46 68 632
68 46 632
46 65 403
65 46 403
46 60 446
60 46 446
46 80 981
80 46 981
46 54 410
54 46 410
46 81 432
81 46 432
47 80 643
80 47 643
47 66 179
66 47 179
47 67 63
67 47 63
47 70 120
70 47 120
47 73 966
73 47 966
47 57 665
57 47 665
47 50 870
50 47 870
48 74 836
74 48 836
48 79 992
79 48 992
48 56 69
56 48 69
48 79 517
79 48 517
49 81 329
81 49 329
49 81 247
81 49 247
49 54 127
54 49 127
49 69 845
69 49 845
49 85 561
85 49 561
49 61 222
61 49 222
49 80 406
80 49 406
49 51 173
51 49 173
49 67 619
67 49 619
49 49 496
49 49 496
50 62 719
62 50 719
50 67 566
67 50 566
50 81 555
81 50 555
50 62 187
62 50 187
50 64 220
64 50 220
51 53 838
53 51 838
51 66 334
66 51 334
51 84 342
84 51 342
51 82 780
82 51 780
51 75 22
75 51 22
51 60 567
60 51 567
51 72 678
72 51 678
52 71 180
71 52 180
52 68 560
68 52 560
52 71 856
71 52 856
52 81 301
81 52 301
52 81 723
81 52 723
52 57 356
57 52 356
53 84 357
84 53 357
53 74 508
74 53 508
53 63 321
63 53 321
54 66 125
66 54 125
54 55 657
55 54 657
54 65 728
65 54 728
54 76 400
76 54 400
54 68 495
68 54 495
54 58 571
58 54 571
54 79 761
79 54 761
54 56 265
56 54 265
55 68 743
68 55 743
55 71 315
71 55 315
55 74 125
74 55 125
56 70 333
70 56 333
56 66 351
66 56 351
56 69 638
69 56 638
56 69 853
69 56 853
56 70 472
70 56 472
56 68 507
68 56 507
57 66 186
66 57 186
57 66 834
66 57 834
57 67 935
67 57 935
57 71 967
71 57 967
57 65 270
65 57 270
58 77 208
77 58 208
58 67 263
67 58 263
58 59 643
59 58 643
58 73 311
73 58 311
58 71 263
71 58 263
58 63 187
63 58 187
59 84 580
84 59 580
59 82 340
82 59 340
59 74 374
74 59 374
59 59 371
59 59 371
60 82 828
82 60 828
60 82 483
82 60 483
60 84 62
84 60 62
61 63 356
63 61 356
61 65 35
65 61 35
61 69 806
69 61 806
61 79 689
79 61 689
61 76 701
76 61 701
61 85 244
85 61 244
62 77 33
77 62 33
62 73 103
73 62 103
62 75 590
75 62 590
63 65 728
65 63 728
63 84 540
84 63 540
64 75 349
75 64 349
64 71 575
71 64 575
65 80 812
80 65 812
65 84 796
84 65 796
65 67 110
67 65 110
65 77 858
77 65 858
65 79 471
79 65 471
65 79 60
79 65 60
65 66 467
66 65 467
66 75 356
75 66 356
66 66 760
66 66 760
67 85 364
85 67 364
68 81 966
81 68 966
68 72 740
72 68 740
69 78 78
78 69 78
70 73 450
73 70 450
70 83 267
83 70 267
70 81 223
81 70 223
71 77 626
77 71 626
71 81 336
81 71 336
71 71 800
71 71 800
71 74 364
74 71 364
72 74 508
74 72 508
74 76 635
76 74 635
75 80 816
80 75 816
76 85 217
85 76 217
76 80 85
80 76 85
79 85 861
85 79 861
82 85 669
85 82 669
