72

0 1 770
1 0 770
0 2 240
2 0 240
0 21 10
21 0 10
0 22 852
22 0 852
0 63 546
63 0 546
0 4 686
4 0 686
0 3 777
3 0 777
0 47 192
47 0 192
0 10 129
10 0 129
0 9 212
9 0 212
1 6 186
6 1 186
1 24 663
24 1 663
1 26 292
26 1 292
1 55 209
55 1 209
1 24 830
24 1 830
1 38 365
38 1 365
1 16 844
16 1 844
1 39 806
39 1 806
2 3 935
3 2 935
2 8 533
8 2 533
2 10 630
10 2 630
2 12 445
12 2 445
2 17 199
17 2 199
2 19 425
19 2 425
2 8 215
8 2 215
2 42 697
42 2 697
2 43 334
43 2 334
3 4 193
4 3 193
3 38 848
38 3 848
3 50 492
50 3 492
3 7 680
7 3 680
3 60 590
60 3 590
3 70 334
70 3 334
3 44 365
44 3 365
3 12 800
12 3 800
4 5 225
5 4 225
4 14 901
14 4 901
4 57 67
57 4 67
4 47 725
47 4 725
4 51 542
51 4 542
4 28 110
28 4 110
4 34 289
34 4 289
5 7 450
7 5 450
5 11 564
11 5 564
5 18 172
18 5 172
5 69 993
69 5 993
5 31 146
31 5 146
5 18 955
18 5 955
6 20 779
20 6 779
6 23 171
23 6 171
6 44 544
44 6 544
7 9 673
9 7 673
7 33 485
33 7 485
7 40 28
40 7 28
7 40 935
40 7 935
7 52 768
52 7 768
8 34 650
34 8 650
8 41 605
41 8 605
8 42 455
42 8 455
9 15 567
15 9 567
9 25 864
25 9 864
9 28 373
28 9 373
10 16 616
16 10 616
10 49 398
49 10 398
10 57 235
57 10 235
10 23 981
23 10 981
11 13 848
13 11 848
11 18 177
18 11 177
11 50 973
50 11 973
11 43 235
43 11 235
12 35 422
35 12 422
12 71 616
71 12 616
12 20 232
20 12 232
12 32 173
32 12 173
13 66 821
66 13 821
13 69 897
69 13 897
13 66 532
66 13 532
14 66 721
66 14 721
14 37 504
37 14 504
14 32 530
32 14 530
14 54 90
54 14 90
15 42 318
42 15 318
15 71 435
71 15 435
15 56 727
56 15 727
15 20 230
20 15 230
15 53 178
53 15 178
15 62 78
62 15 78
16 61 189
61 16 189
17 27 284
27 17 284
17 29 375
29 17 375
17 52 499
52 17 499
17 49 14
49 17 14
18 28 217
28 18 217
18 69 921
69 18 921
18 48 477
48 18 477
19 37 918
37 19 918
19 68 372
68 19 372
19 19 429
19 19 429
19 60 793
60 19 793
19 24 200
24 19 200
20 43 472
43 20 472
20 59 798
59 20 798
21 45 554
45 21 554
21 31 810
31 21 810
22 36 675
36 22 675
22 66 860
66 22 860
22 30 582
30 22 582
24 54 324
54 24 324
24 51 104
51 24 104
25 31 382
31 25 382
25 32 373
32 25 373
25 50 586
50 25 586
25 29 702
29 25 702
25 33 112
33 25 112
26 30 863
30 26 863
26 39 380
39 26 380
26 36 558
36 26 558
26 67 502
67 26 502
26 46 254
46 26 254
26 58 643
58 26 643
27 60 37
60 27 37
27 43 235
43 27 235
27 51 77
51 27 77
28 55 321
55 28 321
29 53 497
53 29 497
29 31 222
31 29 222
29 52 802
52 29 802
30 65 25
65 30 25
30 34 655
34 30 655
31 50 593
50 31 593
32 62 142
62 32 142
33 70 421
70 33 421
33 55 49
55 33 49
33 62 764
62 33 764
33 56 987
56 33 987
34 54 71
54 34 71
35 39 685
39 35 685
36 47 804
47 36 804
36 66 477
66 36 477
36 68 989
68 36 989
37 67 237
67 37 237
37 38 567
38 37 567
37 37 162
37 37 162
38 70 447
70 38 447
38 67 240
67 38 240
39 48 981
48 39 981
39 53 368
53 39 368
39 67 466
67 39 466
40 62 459
62 40 459
41 59 909
59 41 909
41 69 18
69 41 18
42 54 272
54 42 272
42 51 402
51 42 402
45 46 109
46 45 109
45 65 47
65 45 47
46 53 382
53 46 382
48 51 418
51 48 418
48 64 937
64 48 937
49 58 675
58 49 675
50 56 121
56 50 121
51 62 793
62 51 793
52 58 702
58 52 702
52 65 994
65 52 994
52 71 959
71 52 959
52 55 929
55 52 929
52 70 922
70 52 922
55 61 368
61 55 368
59 66 820
66 59 820
60 68 428
68 60 428
60 70 730
70 60 730
60 69 216
69 60 216
62 65 344
65 62 344
63 64 878
64 63 878
68 70 168
70 68 168
