56

0 1 136
1 0 136
0 5 506
5 0 506
0 8 395
8 0 395
0 12 869
12 0 869
0 20 669
20 0 669
0 19 900
19 0 900
0 18 515
18 0 515
0 42 511
42 0 511
0 18 271
18 0 271
1 2 683
2 1 683
1 3 612
3 1 612
1 18 84
18 1 84
1 29 53
29 1 53
1 18 505
18 1 505
1 53 484
53 1 484
1 29 610
29 1 610
1 8 687
8 1 687
1 9 96
9 1 96
1 13 596
13 1 596
1 15 524
15 1 524
2 6 739
6 2 739
2 53 199
53 2 199
2 38 616
38 2 616
2 38 468
38 2 468
2 38 94
38 2 94
3 4 987
4 3 987
3 7 727
7 3 727
3 11 994
11 3 994
3 13 489
13 3 489
3 19 808
19 3 808
3 29 451
29 3 451
3 51 397
51 3 397
3 14 912
14 3 912
3 45 848
45 3 848
3 25 35
25 3 35
3 17 688
17 3 688
3 24 126
24 3 126
3 36 723
36 3 723
3 49 640
49 3 640
3 37 34
37 3 34
4 6 408
6 4 408
4 20 610
20 4 610
4 22 496
22 4 496
4 10 287
10 4 287
4 47 476
47 4 476
4 51 495
51 4 495
4 11 265
11 4 265
4 33 484
33 4 484
4 41 230
41 4 230
5 10 755
10 5 755
5 16 671
16 5 671
5 41 176
41 5 176
5 43 131
43 5 131
5 55 380
55 5 380
5 18 149
18 5 149
5 13 440
13 5 440
5 24 651
24 5 651
5 20 350
20 5 350
5 49 79
49 5 79
5 50 300
50 5 300
5 19 490
19 5 490
5 44 340
44 5 340
5 8 229
8 5 229
5 28 220
28 5 220
6 9 737
9 6 737
6 15 682
15 6 682
6 36 198
36 6 198
6 30 831
30 6 831
6 13 545
13 6 545
6 24 958
24 6 958
6 32 903
32 6 903
6 9 228
9 6 228
6 20 154
20 6 154
7 8 397
8 7 397
7 20 527
20 7 527
7 13 716
13 7 716
7 45 748
45 7 748
7 12 39
12 7 39
7 50 286
50 7 286
8 14 346
14 8 346
8 16 744
16 8 744
8 38 661
38 8 661
8 10 360
10 8 360
9 26 277
26 9 277
9 33 377
33 9 377
9 25 969
25 9 969
9 51 247
51 9 247
9 45 306
45 9 306
9 30 262
30 9 262
9 17 95
17 9 95
9 28 926
28 9 926
9 39 502
39 9 502
9 12 234
12 9 234
10 21 241
21 10 241
10 34 119
34 10 119
10 23 746
23 10 746
10 51 999
51 10 999
10 19 242
19 10 242
10 50 868
50 10 868
10 50 199
50 10 199
11 17 782
17 11 782
11 37 772
37 11 772
11 46 859
46 11 859
11 32 300
32 11 300
12 12 905
12 12 905
12 17 845
17 12 845
12 47 232
47 12 232
12 16 793
16 12 793
12 46 205
46 12 205
12 20 136
20 12 136
12 49 861
49 12 861
12 16 144
16 12 144
12 16 670
16 12 670
12 50 912
50 12 912
12 50 685
50 12 685
12 46 706
46 12 706
13 54 126
54 13 126
13 38 863
38 13 863
13 31 107
31 13 107
13 53 309
53 13 309
13 45 821
45 13 821
14 23 44
23 14 44
14 50 534
50 14 534
14 28 995
28 14 995
14 17 630
17 14 630
14 49 2
49 14 2
15 46 907
46 15 907
15 18 963
18 15 963
16 34 870
34 16 870
16 42 935
42 16 935
16 22 118
22 16 118
16 34 929
34 16 929
16 31 605
31 16 605
16 41 515
41 16 515
17 24 50
24 17 50
17 25 991
25 17 991
17 36 13
36 17 13
17 44 520
44 17 520
17 55 19
55 17 19
17 28 13
28 17 13
17 47 668
47 17 668
17 27 312
27 17 312
17 50 704
50 17 704
17 52 154
52 17 154
18 32 16
32 18 16
18 39 795
39 18 795
18 49 305
49 18 305
18 47 150
47 18 150
18 43 386
43 18 386
18 20 935
20 18 935
18 18 823
18 18 823
18 33 350
33 18 350
19 30 41
30 19 41
19 32 260
32 19 260
19 30 501
30 19 501
19 20 644
20 19 644
19 35 5
35 19 5
20 22 839
22 20 839
20 27 166
27 20 166
20 33 911
33 20 911
20 29 650
29 20 650
20 49 94
49 20 94
21 31 21
31 21 21
21 38 200
38 21 200
21 47 452
47 21 452
21 48 902
48 21 902
22 45 359
45 22 359
22 27 994
27 22 994
22 48 656
48 22 656
22 26 478
26 22 478
22 35 221
35 22 221
23 28 604
28 23 604
23 35 667
35 23 667
23 55 307
55 23 307
23 30 816
30 23 816
23 49 799
49 23 799
23 34 538
34 23 538
23 44 22
44 23 22
23 52 255
52 23 255
23 38 644
38 23 644
24 48 238
48 24 238
24 45 786
45 24 786
24 53 153
53 24 153
24 51 892
51 24 892
24 53 956
53 24 956
24 32 77
32 24 77
24 44 737
44 24 737
24 26 653
26 24 653
24 35 112
35 24 112
25 30 336
30 25 336
25 40 97
40 25 97
25 42 727
42 25 727
25 27 912
27 25 912
25 41 54
41 25 54
25 51 945
51 25 945
25 54 241
54 25 241
25 49 868
49 25 868
25 29 404
29 25 404
26 39 791
39 26 791
26 27 638
27 26 638
27 33 260
33 27 260
27 49 676
49 27 676
27 40 56
40 27 56
28 52 100
52 28 100
28 30 348
30 28 348
28 42 621
42 28 621
28 31 387
31 28 387
28 55 721
55 28 721
29 48 298
48 29 298
29 50 114
50 29 114
29 52 271
52 29 271
29 51 690
51 29 690
29 37 732
37 29 732
30 42 563
42 30 563
30 50 102
50 30 102
30 32 792
32 30 792
31 35 254
35 31 254
31 54 373
54 31 373
31 48 224
48 31 224
31 50 128
50 31 128
32 41 828
41 32 828
33 34 714
34 33 714
33 51 190
51 33 190
33 47 404
47 33 404
34 46 146
46 34 146
35 48 934
48 35 934
35 44 690
44 35 690
35 44 534
44 35 534
35 36 177
36 35 177
36 50 517
50 36 517
36 46 567
46 36 567
36 55 358
55 36 358
37 41 526
41 37 526
37 47 116
47 37 116
37 38 115
38 37 115
38 49 232
49 38 232
39 54 250
54 39 250
39 43 17
43 39 17
39 46 697
46 39 697
39 41 481
41 39 481
39 48 145
48 39 145
40 49 488
49 40 488
40 42 185
42 40 185
40 47 829
47 40 829
40 50 734
50 40 734
40 43 735
43 40 735
41 51 881
51 41 881
42 45 962
45 42 962
42 44 681
44 42 681
42 44 589
44 42 589
44 48 553
48 44 553
45 50 712
50 45 712
45 53 287
53 45 287
46 53 614
53 46 614
46 54 243
54 46 243
46 53 367
53 46 367
48 48 530
48 48 530
50 55 220
55 50 220
50 54 923
54 50 923
