90

0 1 532
1 0 532
0 2 918
2 0 918
0 4 225
4 0 225
0 5 96
5 0 96
0 10 730
10 0 730
0 15 492
15 0 492
0 41 586
41 0 586
0 45 564
45 0 564
0 50 640
50 0 640
0 13 85
13 0 85
0 33 174
33 0 174
0 82 305
82 0 305
0 37 636
37 0 636
0 71 990
71 0 990
0 32 864
32 0 864
0 74 357
74 0 357
0 62 266
62 0 266
0 10 210
10 0 210
0 29 494
29 0 494
0 26 189
26 0 189
0 55 499
55 0 499
0 89 225
89 0 225
1 3 502
3 1 502
1 12 13
12 1 13
1 20 639
20 1 639
1 26 134
26 1 134
1 29 957
29 1 957
1 32 900
32 1 900
1 23 37
23 1 37
1 2 486
2 1 486
1 80 204
80 1 204
1 56 314
56 1 314
1 14 229
14 1 229
1 36 139
36 1 139
1 12 226
12 1 226
2 33 726
33 2 726
2 31 91
31 2 91
2 21 190
21 2 190
2 70 889
70 2 889
2 3 165
3 2 165
2 39 610
39 2 610
2 57 638
57 2 638
2 40 174
40 2 174
2 7 624
7 2 624
2 46 524
46 2 524
3 6 385
6 3 385
3 8 936
8 3 936
3 9 548
9 3 548
3 25 638
25 3 638
3 42 479
42 3 479
3 77 272
77 3 272
3 83 805
83 3 805
3 80 232
80 3 232
3 4 910
4 3 910
3 88 646
88 3 646
3 13 976
13 3 976
3 36 104
36 3 104
3 87 666
87 3 666
4 25 803
25 4 803
4 13 312
13 4 312
4 74 515
74 4 515
4 70 695
70 4 695
4 34 762
34 4 762
4 15 591
15 4 591
4 38 242
38 4 242
4 18 109
18 4 109
4 32 12
32 4 12
4 68 582
68 4 582
5 7 677
7 5 677
5 11 628
11 5 628
5 27 853
27 5 853
5 46 464
46 5 464
5 75 503
75 5 503
5 70 133
70 5 133
5 42 631
42 5 631
5 39 679
39 5 679
5 7 261
7 5 261
5 65 655
65 5 655
6 18 289
18 6 289
6 36 414
36 6 414
6 36 747
36 6 747
6 32 182
32 6 182
6 9 635
9 6 635
6 39 690
39 6 690
6 78 751
78 6 751
7 23 910
23 7 910
7 55 5
55 7 5
7 70 297
70 7 297
7 66 790
66 7 790
7 56 52
56 7 52
7 62 504
62 7 504
7 38 9
38 7 9
7 79 101
79 7 101
7 50 429
50 7 429
7 62 260
62 7 260
8 19 573
19 8 573
8 22 823
22 8 823
8 48 585
48 8 585
8 36 965
36 8 965
8 9 564
9 8 564
8 77 727
77 8 727
8 71 412
71 8 412
8 39 691
39 8 691
8 83 429
83 8 429
9 13 899
13 9 899
9 60 287
60 9 287
9 64 274
64 9 274
9 30 611
30 9 611
9 15 77
15 9 77
9 69 351
69 9 351
10 14 930
14 10 930
10 16 932
16 10 932
10 28 498
28 10 498
10 38 619
38 10 619
10 40 970
40 10 970
10 49 807
49 10 807
10 82 831
82 10 831
10 51 758
51 10 758
10 75 626
75 10 626
10 69 655
69 10 655
10 84 14
84 10 14
10 44 192
44 10 192
10 62 641
62 10 641
10 32 314
32 10 314
10 44 273
44 10 273
11 43 560
43 11 560
11 52 811
52 11 811
11 69 826
69 11 826
11 65 615
65 11 615
11 45 717
45 11 717
11 86 858
86 11 858
11 38 349
38 11 349
11 79 20
79 11 20
11 42 613
42 11 613
11 57 321
57 11 321
12 83 853
83 12 853
12 35 665
35 12 665
12 38 922
38 12 922
12 46 672
46 12 672
12 40 611
40 12 611
12 62 766
62 12 766
12 29 869
29 12 869
13 33 215
33 13 215
13 34 950
34 13 950
13 79 316
79 13 316
13 20 337
20 13 337
13 31 330
31 13 330
13 81 463
81 13 463
13 76 722
76 13 722
13 66 925
66 13 925
13 32 189
32 13 189
13 86 122
86 13 122
13 23 733
23 13 733
14 83 351
83 14 351
14 62 32
62 14 32
14 53 391
53 14 391
14 65 882
65 14 882
14 31 112
31 14 112
14 74 463
74 14 463
15 17 456
17 15 456
15 77 988
77 15 988
15 77 934
77 15 934
15 65 157
65 15 157
15 28 711
28 15 711
15 16 24
16 15 24
15 23 803
23 15 803
15 58 224
58 15 224
15 58 91
58 15 91
16 53 89
53 16 89
16 48 57
48 16 57
16 33 344
33 16 344
16 20 663
20 16 663
16 41 685
41 16 685
16 70 17
70 16 17
16 50 803
50 16 803
16 67 988
67 16 988
17 51 697
51 17 697
17 82 979
82 17 979
17 48 229
48 17 229
17 44 420
44 17 420
17 65 860
65 17 860
17 23 905
23 17 905
17 21 900
21 17 900
17 64 723
64 17 723
17 51 598
51 17 598
18 64 110
64 18 110
18 76 798
76 18 798
18 65 30
65 18 30
18 60 181
60 18 181
18 85 955
85 18 955
18 70 488
70 18 488
18 49 248
49 18 248
18 65 423
65 18 423
18 33 438
33 18 438
18 89 641
89 18 641
18 89 398
89 18 398
18 19 351
19 18 351
18 20 803
20 18 803
19 21 883
21 19 883
19 35 359
35 19 359
19 58 676
58 19 676
19 75 377
75 19 377
19 86 891
86 19 891
19 89 403
89 19 403
19 61 360
61 19 360
19 74 618
74 19 618
19 42 726
42 19 726
19 80 855
80 19 855
19 45 789
45 19 789
20 28 452
28 20 452
20 41 741
41 20 741
20 64 811
64 20 811
20 49 108
49 20 108
20 76 608
76 20 608
21 46 135
46 21 135
21 35 560
35 21 560
21 29 515
29 21 515
21 52 254
52 21 254
21 38 706
38 21 706
21 82 35
82 21 35
21 85 719
85 21 719
21 42 127
42 21 127
21 31 501
31 21 501
21 47 106
47 21 106
22 24 184
24 22 184
22 44 865
44 22 865
22 47 770
47 22 770
22 23 765
23 22 765
22 33 614
33 22 614
22 45 250
45 22 250
22 30 389
30 22 389
22 75 257
75 22 257
23 31 94
31 23 94
23 65 574
65 23 574
23 51 469
51 23 469
23 29 441
29 23 441
23 78 717
78 23 717
23 74 329
74 23 329
23 75 273
75 23 273
23 85 817
85 23 817
23 73 77
73 23 77
23 28 566
28 23 566
23 70 391
70 23 391
24 68 31
68 24 31
24 76 93
76 24 93
24 77 705
77 24 705
24 75 41
75 24 41
24 73 126
73 24 126
24 86 72
86 24 72
24 65 525
65 24 525
25 32 162
32 25 162
25 64 186
64 25 186
25 82 734
82 25 734
25 36 898
36 25 898
25 72 267
72 25 267
25 78 232
78 25 232
26 30 424
30 26 424
26 54 800
54 26 800
26 72 695
72 26 695
26 75 74
75 26 74
26 41 741
41 26 741
26 58 675
58 26 675
26 47 364
47 26 364
26 55 762
55 26 762
28 48 368
48 28 368
28 66 942
66 28 942
28 33 985
33 28 985
29 66 310
66 29 310
29 32 100
32 29 100
29 87 62
87 29 62
29 48 499
48 29 499
29 58 512
58 29 512
30 66 453
66 30 453
30 88 938
88 30 938
30 55 469
55 30 469
30 80 260
80 30 260
30 54 693
54 30 693
30 62 287
62 30 287
31 39 136
39 31 136
31 58 518
58 31 518
31 42 615
42 31 615
31 39 542
39 31 542
31 36 965
36 31 965
31 84 628
84 31 628
31 58 65
58 31 65
32 78 429
78 32 429
32 40 984
40 32 984
32 40 827
40 32 827
32 80 822
80 32 822
32 55 359
55 32 359
32 80 509
80 32 509
32 45 286
45 32 286
32 63 599
63 32 599
33 49 756
49 33 756
33 64 104
64 33 104
33 75 741
75 33 741
33 85 430
85 33 430
33 62 185
62 33 185
33 59 955
59 33 955
33 43 369
43 33 369
34 73 420
73 34 420
34 76 429
76 34 429
34 48 381
48 34 381
34 67 658
67 34 658
34 58 129
58 34 129
35 37 69
37 35 69
35 64 546
64 35 546
35 53 783
53 35 783
35 40 863
40 35 863
35 69 932
69 35 932
36 48 817
48 36 817
36 80 829
80 36 829
36 55 471
55 36 471
36 82 670
82 36 670
37 60 458
60 37 458
37 41 582
41 37 582
37 58 864
58 37 864
37 56 523
56 37 523
37 69 112
69 37 112
37 81 562
81 37 562
37 38 829
38 37 829
37 54 709
54 37 709
38 62 323
62 38 323
38 62 898
62 38 898
38 81 942
81 38 942
38 71 374
71 38 374
38 80 369
80 38 369
38 61 478
61 38 478
39 47 734
47 39 734
39 53 615
53 39 615
39 78 33
78 39 33
39 52 979
52 39 979
39 67 748
67 39 748
39 81 957
81 39 957
39 75 758
75 39 758
39 58 530
58 39 530
40 56 172
56 40 172
40 61 773
61 40 773
40 44 517
44 40 517
40 49 568
49 40 568
41 61 512
61 41 512
41 80 308
80 41 308
41 64 252
64 41 252
42 89 717
89 42 717
42 59 916
59 42 916
42 60 345
60 42 345
43 52 958
52 43 958
43 74 335
74 43 335
43 89 308
89 43 308
44 81 806
81 44 806
44 55 181
55 44 181
44 81 783
81 44 783
44 56 567
56 44 567
44 71 97
71 44 97
45 84 666
84 45 666
45 70 96
70 45 96
45 77 757
77 45 757
45 69 720
69 45 720
45 46 623
46 45 623
45 82 378
82 45 378
46 50 63
50 46 63
46 80 661
80 46 661
46 49 970
49 46 970
46 80 116
80 46 116
47 57 449
57 47 449
47 59 687
59 47 687
47 68 198
68 47 198
47 61 76
61 47 76
47 77 158
77 47 158
47 68 815
68 47 815
47 68 80
68 47 80
47 71 276
71 47 276
48 68 437
68 48 437
48 57 87
57 48 87
49 71 435
71 49 435
49 66 620
66 49 620
49 73 772
73 49 772
49 61 57
61 49 57
49 66 434
66 49 434
49 72 632
72 49 632
50 63 473
63 50 473
50 73 696
73 50 696
50 65 326
65 50 326
51 86 719
86 51 719
51 54 122
54 51 122
51 77 922
77 51 922
52 67 599
67 52 599
52 87 101
87 52 101
52 78 953
78 52 953
53 85 840
85 53 840
53 68 964
68 53 964
53 72 569
72 53 569
54 58 780
58 54 780
54 57 289
57 54 289
54 66 405
66 54 405
54 71 746
71 54 746
54 88 906
88 54 906
55 65 24
65 55 24
55 84 156
84 55 156
55 73 660
73 55 660
55 57 895
57 55 895
55 66 46
66 55 46
56 76 306
76 56 306
56 85 930
85 56 930
56 69 543
69 56 543
56 80 229
80 56 229
57 70 36
70 57 36
57 60 235
60 57 235
58 60 567
60 58 567
58 72 950
72 58 950
58 80 776
80 58 776
58 66 542
66 58 542
58 87 526
87 58 526
59 81 991
81 59 991
59 70 756
70 59 756
60 75 717
75 60 717
60 69 102
69 60 102
60 87 998
87 60 998
60 86 315
86 60 315
61 62 68
62 61 68
61 68 458
68 61 458
61 85 314
85 61 314
61 64 264
64 61 264
61 77 36
77 61 36
62 89 968
89 62 968
62 79 653
79 62 653
62 77 270
77 62 270
63 84 184
84 63 184
63 67 207
67 63 207
63 64 225
64 63 225
64 75 903
75 64 903
65 83 169
83 65 169
65 86 743
86 65 743
65 75 965
75 65 965
65 87 81
87 65 81
65 86 79
86 65 79
65 86 488
86 65 488
66 73 246
73 66 246
67 71 923
71 67 923
68 72 594
72 68 594
69 80 93
80 69 93
69 87 170
87 69 170
70 88 413
88 70 413
70 75 510
75 70 510
70 77 912
77 70 912
71 74 675
74 71 675
72 87 361
87 72 361
72 84 817
84 72 817
73 74 305
74 73 305
73 80 482
80 73 482
74 79 604
79 74 604
74 83 417
83 74 417
74 88 267
88 74 267
75 85 122
85 75 122
75 85 158
85 75 158
76 79 17
79 76 17
79 82 880
82 79 880
79 80 783
80 79 783
79 87 891
87 79 891
80 84 206
84 80 206
82 86 645
86 82 645
84 88 837
88 84 837
85 88 980
88 85 980
