57

0 1 430
1 0 430
0 5 541
5 0 541
0 49 906
49 0 906
0 3 737
3 0 737
0 41 389
41 0 389
1 2 155
2 1 155
1 4 104
4 1 104
1 46 924
46 1 924
1 45 843
45 1 843
2 3 336
3 2 336
2 8 286
8 2 286
2 38 34
38 2 34
2 25 671
25 2 671
2 29 999
29 2 999
2 32 911
32 2 911
3 12 663
12 3 663
3 52 946
52 3 946
3 15 664
15 3 664
3 7 523
7 3 523
3 39 556
39 3 556
3 32 467
32 3 467
4 6 301
6 4 301
4 35 763
35 4 763
4 15 363
15 4 363
4 43 789
43 4 789
4 31 705
31 4 705
4 12 518
12 4 518
4 26 530
26 4 530
4 50 854
50 4 854
5 29 121
29 5 121
5 46 942
46 5 942
5 19 980
19 5 980
5 34 934
34 5 934
6 7 938
7 6 938
6 15 952
15 6 952
6 17 379
17 6 379
6 24 318
24 6 318
6 31 890
31 6 890
6 52 394
52 6 394
6 23 856
23 6 856
6 29 642
29 6 642
6 38 979
38 6 979
7 9 200
9 7 200
7 10 618
10 7 618
7 20 597
20 7 597
7 27 946
27 7 946
7 39 983
39 7 983
7 56 696
56 7 696
7 27 420
27 7 420
8 13 455
13 8 455
8 42 654
42 8 654
8 42 3
42 8 3
8 26 598
26 8 598
8 48 817
48 8 817
9 11 366
11 9 366
9 14 677
14 9 677
9 25 853
25 9 853
9 41 693
41 9 693
9 26 114
26 9 114
9 40 33
40 9 33
9 35 881
35 9 881
9 26 707
26 9 707
9 52 220
52 9 220
10 18 104
18 10 104
10 32 230
32 10 230
10 40 331
40 10 331
10 11 761
11 10 761
10 43 67
43 10 67
11 39 877
39 11 877
11 32 121
32 11 121
11 22 599
22 11 599
12 19 939
19 12 939
12 35 242
35 12 242
12 53 458
53 12 458
12 19 570
19 12 570
12 37 432
37 12 432
12 24 479
24 12 479
13 16 740
16 13 740
13 52 87
52 13 87
13 48 30
48 13 30
13 51 883
51 13 883
13 26 429
26 13 429
14 25 757
25 14 757
14 17 28
17 14 28
15 56 260
56 15 260
15 47 841
47 15 841
16 26 394
26 16 394
16 48 155
48 16 155
16 42 300
42 16 300
16 50 984
50 16 984
16 49 426
49 16 426
17 40 569
40 17 569
18 23 721
23 18 721
18 52 289
52 18 289
18 33 45
33 18 45
19 22 231
22 19 231
19 54 539
54 19 539
19 33 1000
33 19 1000
19 31 200
31 19 200
19 33 802
33 19 802
19 39 307
39 19 307
20 21 284
21 20 284
20 33 943
33 20 943
20 36 751
36 20 751
21 24 230
24 21 230
21 25 1000
25 21 1000
21 51 415
51 21 415
22 28 746
28 22 746
22 51 197
51 22 197
22 43 326
43 22 326
22 31 515
31 22 515
23 49 949
49 23 949
23 34 840
34 23 840
23 48 964
48 23 964
23 51 607
51 23 607
23 50 899
50 23 899
23 34 45
34 23 45
23 48 696
48 23 696
23 45 626
45 23 626
25 30 497
30 25 497
25 41 299
41 25 299
25 43 265
43 25 265
26 55 959
55 26 959
26 48 493
48 26 493
26 49 330
49 26 330
28 37 872
37 28 872
28 48 335
48 28 335
28 40 254
40 28 254
29 38 59
38 29 59
29 31 560
31 29 560
30 39 106
39 30 106
30 43 897
43 30 897
30 45 146
45 30 146
30 35 622
35 30 622
30 32 205
32 30 205
30 35 918
35 30 918
31 34 347
34 31 347
31 56 102
56 31 102
31 56 274
56 31 274
31 47 711
47 31 711
32 37 655
37 32 655
32 41 779
41 32 779
32 53 976
53 32 976
33 48 129
48 33 129
34 36 764
36 34 764
34 46 808
46 34 808
35 41 845
41 35 845
36 46 540
46 36 540
37 51 555
51 37 555
37 51 585
51 37 585
37 44 441
44 37 441
38 38 970
38 38 970
39 47 514
47 39 514
40 50 781
50 40 781
40 51 635
51 40 635
40 51 221
51 40 221
40 47 27
47 40 27
42 44 855
44 42 855
42 51 844
51 42 844
43 56 219
56 43 219
43 53 877
53 43 877
43 51 566
51 43 566
44 52 169
52 44 169
47 54 586
54 47 586
49 55 361
55 49 361
50 51 400
51 50 400
52 54 14
54 52 14
53 55 522
55 53 522
