64

0 1 497
1 0 497
0 2 239
2 0 239
0 6 564
6 0 564
0 41 168
41 0 168
0 50 153
50 0 153
0 36 602
36 0 602
0 35 273
35 0 273
0 52 117
52 0 117
0 12 5
12 0 5
0 29 132
29 0 132
0 57 437
57 0 437
0 18 35
18 0 35
1 3 235
3 1 235
1 5 300
5 1 300
1 7 38
7 1 38
1 19 113
19 1 113
1 32 455
32 1 455
1 36 297
36 1 297
1 56 990
56 1 990
1 15 895
15 1 895
1 30 4
30 1 4
1 5 284
5 1 284
1 12 228
12 1 228
1 18 15
18 1 15
1 7 724
7 1 724
1 18 21
18 1 21
2 6 233
6 2 233
2 7 17
7 2 17
2 23 492
23 2 492
2 40 341
40 2 341
2 43 853
43 2 853
2 56 544
56 2 544
3 4 382
4 3 382
3 13 148
13 3 148
3 17 79
17 3 79
3 37 189
37 3 189
3 17 485
17 3 485
3 42 937
42 3 937
3 3 260
3 3 260
3 3 450
3 3 450
4 8 409
8 4 409
4 35 839
35 4 839
4 53 584
53 4 584
4 12 11
12 4 11
4 10 809
10 4 809
4 60 101
60 4 101
4 14 342
14 4 342
4 62 613
62 4 613
4 14 427
14 4 427
4 8 433
8 4 433
5 9 491
9 5 491
5 32 72
32 5 72
5 48 843
48 5 843
5 57 730
57 5 730
5 54 631
54 5 631
5 43 387
43 5 387
5 27 348
27 5 348
5 17 663
17 5 663
5 47 628
47 5 628
5 57 768
57 5 768
5 40 553
40 5 553
5 30 642
30 5 642
5 10 365
10 5 365
5 56 815
56 5 815
6 12 612
12 6 612
6 20 432
20 6 432
6 22 841
22 6 841
6 38 148
38 6 148
6 19 45
19 6 45
6 33 748
33 6 748
6 57 264
57 6 264
6 36 684
36 6 684
6 31 288
31 6 288
6 52 413
52 6 413
7 24 998
24 7 998
7 25 140
25 7 140
7 21 411
21 7 411
7 14 814
14 7 814
8 21 23
21 8 23
8 28 242
28 8 242
9 10 570
10 9 570
9 11 412
11 9 412
9 50 235
50 9 235
9 60 326
60 9 326
9 46 944
46 9 944
9 38 862
38 9 862
9 16 545
16 9 545
9 54 17
54 9 17
10 18 685
18 10 685
10 43 179
43 10 179
10 46 524
46 10 524
10 31 740
31 10 740
10 37 652
37 10 652
10 62 356
62 10 356
10 46 774
46 10 774
10 47 697
47 10 697
10 35 986
35 10 986
10 14 577
14 10 577
11 26 91
26 11 91
11 30 440
30 11 440
11 42 103
42 11 103
11 13 863
13 11 863
11 12 972
12 11 972
11 39 631
39 11 631
11 53 48
53 11 48
11 20 394
20 11 394
12 14 200
14 12 200
12 15 670
15 12 670
12 16 646
16 12 646
12 22 519
22 12 519
12 22 128
22 12 128
12 45 98
45 12 98
13 36 913
36 13 913
13 54 681
54 13 681
13 50 336
50 13 336
13 26 4
26 13 4
13 16 431
16 13 431
14 25 530
25 14 530
14 62 425
62 14 425
14 42 923
42 14 923
15 40 211
40 15 211
15 59 480
59 15 480
15 16 305
16 15 305
15 31 351
31 15 351
15 39 184
39 15 184
15 29 225
29 15 225
15 22 467
22 15 467
16 28 735
28 16 735
16 42 222
42 16 222
16 63 176
63 16 176
16 57 80
57 16 80
16 56 567
56 16 567
17 33 38
33 17 38
17 17 564
17 17 564
18 49 576
49 18 576
18 43 620
43 18 620
18 26 150
26 18 150
19 23 91
23 19 91
19 31 824
31 19 824
19 60 517
60 19 517
19 52 834
52 19 834
19 40 830
40 19 830
20 52 851
52 20 851
20 50 588
50 20 588
21 45 680
45 21 680
21 55 246
55 21 246
21 44 985
44 21 985
21 58 565
58 21 565
21 27 384
27 21 384
21 51 736
51 21 736
21 26 156
26 21 156
21 54 116
54 21 116
22 51 337
51 22 337
22 42 483
42 22 483
22 52 106
52 22 106
22 63 660
63 22 660
22 55 168
55 22 168
23 44 159
44 23 159
23 44 206
44 23 206
23 59 383
59 23 383
23 30 325
30 23 325
23 43 883
43 23 883
24 27 153
27 24 153
24 61 250
61 24 250
24 46 262
46 24 262
24 36 468
36 24 468
24 50 645
50 24 645
26 29 638
29 26 638
26 45 142
45 26 142
26 29 258
29 26 258
26 31 543
31 26 543
27 41 422
41 27 422
27 38 657
38 27 657
28 61 948
61 28 948
28 41 224
41 28 224
28 42 335
42 28 335
29 47 720
47 29 720
29 48 173
48 29 173
29 37 673
37 29 673
30 59 527
59 30 527
30 43 897
43 30 897
30 48 823
48 30 823
30 50 8
50 30 8
30 62 553
62 30 553
30 44 5
44 30 5
31 32 839
32 31 839
31 34 389
34 31 389
32 38 819
38 32 819
32 46 752
46 32 752
32 36 868
36 32 868
32 33 426
33 32 426
33 34 777
34 33 777
33 44 886
44 33 886
33 52 427
52 33 427
34 49 493
49 34 493
34 39 656
39 34 656
35 39 980
39 35 980
35 38 556
38 35 556
35 35 672
35 35 672
36 56 233
56 36 233
36 50 528
50 36 528
36 41 804
41 36 804
37 51 735
51 37 735
37 57 731
57 37 731
37 51 990
51 37 990
37 41 574
41 37 574
39 48 11
48 39 11
39 55 214
55 39 214
40 47 533
47 40 533
40 52 209
52 40 209
40 63 569
63 40 569
40 44 481
44 40 481
41 62 706
62 41 706
41 55 440
55 41 440
41 41 630
41 41 630
43 45 279
45 43 279
43 61 959
61 43 959
43 48 849
48 43 849
43 48 411
48 43 411
44 50 664
50 44 664
45 49 774
49 45 774
47 49 331
49 47 331
49 51 349
51 49 349
49 56 619
56 49 619
50 58 822
58 50 822
50 51 936
51 50 936
50 54 298
54 50 298
50 57 272
57 50 272
51 52 786
52 51 786
51 57 608
57 51 608
51 58 124
58 51 124
55 63 884
63 55 884
55 61 289
61 55 289
61 63 850
63 61 850
