67

0 1 347
1 0 347
0 2 740
2 0 740
0 3 869
3 0 869
0 18 95
18 0 95
0 53 546
53 0 546
1 14 578
14 1 578
1 30 165
30 1 165
1 58 143
58 1 143
1 55 994
55 1 994
1 24 270
24 1 270
1 51 801
51 1 801
2 4 383
4 2 383
2 6 638
6 2 638
2 11 980
11 2 980
2 22 699
22 2 699
2 62 348
62 2 348
4 5 884
5 4 884
4 9 39
9 4 39
4 26 1
26 4 1
4 47 283
47 4 283
4 53 978
53 4 978
4 59 525
59 4 525
4 21 923
21 4 923
5 7 670
7 5 670
5 12 646
12 5 646
5 39 36
39 5 36
5 30 359
30 5 359
5 53 299
53 5 299
5 30 45
30 5 45
5 30 927
30 5 927
5 23 305
23 5 305
6 10 60
10 6 60
6 38 53
38 6 53
6 58 610
58 6 610
6 9 23
9 6 23
7 8 654
8 7 654
7 13 38
13 7 38
7 24 980
24 7 980
7 34 655
34 7 655
7 40 185
40 7 185
7 61 908
61 7 908
7 17 383
17 7 383
7 13 489
13 7 489
8 16 66
16 8 66
8 17 908
17 8 908
8 23 671
23 8 671
9 25 266
25 9 266
9 34 874
34 9 874
10 21 677
21 10 677
10 35 701
35 10 701
10 41 416
41 10 416
10 45 771
45 10 771
11 19 6
19 11 6
11 29 694
29 11 694
11 61 167
61 11 167
11 19 747
19 11 747
12 20 97
20 12 97
12 28 499
28 12 499
12 48 444
48 12 444
12 50 819
50 12 819
12 57 869
57 12 869
12 59 17
59 12 17
12 59 525
59 12 525
12 18 681
18 12 681
12 65 401
65 12 401
12 61 211
61 12 211
12 24 659
24 12 659
13 15 21
15 13 21
13 37 722
37 13 722
14 33 635
33 14 635
14 17 587
17 14 587
15 42 630
42 15 630
15 51 9
51 15 9
16 43 732
43 16 732
16 51 618
51 16 618
16 25 722
25 16 722
16 23 490
23 16 490
16 54 132
54 16 132
16 43 287
43 16 287
17 22 396
22 17 396
17 22 854
22 17 854
17 34 281
34 17 281
18 31 168
31 18 168
18 37 537
37 18 537
18 28 286
28 18 286
18 50 994
50 18 994
19 54 540
54 19 540
19 49 373
49 19 373
19 53 546
53 19 546
19 23 223
23 19 223
21 36 91
36 21 91
21 53 895
53 21 895
21 23 247
23 21 247
22 27 852
27 22 852
22 32 329
32 22 329
22 24 220
24 22 220
22 37 754
37 22 754
22 48 170
48 22 170
22 29 320
29 22 320
22 51 684
51 22 684
23 62 711
62 23 711
24 42 666
42 24 666
24 35 373
35 24 373
25 30 998
30 25 998
25 28 61
28 25 61
26 33 499
33 26 499
26 52 924
52 26 924
26 66 205
66 26 205
26 40 393
40 26 393
26 51 537
51 26 537
26 66 106
66 26 106
27 56 32
56 27 32
27 45 657
45 27 657
27 35 118
35 27 118
27 28 842
28 27 842
29 64 30
64 29 30
29 63 898
63 29 898
30 65 407
65 30 407
30 63 900
63 30 900
30 40 851
40 30 851
31 37 146
37 31 146
32 60 565
60 32 565
32 48 183
48 32 183
33 52 193
52 33 193
34 49 911
49 34 911
34 44 125
44 34 125
34 41 88
41 34 88
34 54 451
54 34 451
35 41 111
41 35 111
35 40 57
40 35 57
35 53 967
53 35 967
36 44 155
44 36 155
38 54 795
54 38 795
39 55 448
55 39 448
39 61 526
61 39 526
40 42 459
42 40 459
43 57 883
57 43 883
43 50 397
50 43 397
44 46 92
46 44 92
45 51 986
51 45 986
48 56 225
56 48 225
52 63 565
63 52 565
55 56 194
56 55 194
60 66 729
66 60 729
