81

0 1 861
1 0 861
0 2 785
2 0 785
0 4 921
4 0 921
0 9 379
9 0 379
0 28 996
28 0 996
0 36 142
36 0 142
0 18 187
18 0 187
0 54 255
54 0 255
0 24 88
24 0 88
0 42 865
42 0 865
0 14 495
14 0 495
0 57 110
57 0 110
0 17 996
17 0 996
0 27 116
27 0 116
0 56 372
56 0 372
0 43 676
43 0 676
0 39 649
39 0 649
0 5 624
5 0 624
0 46 110
46 0 110
0 13 670
13 0 670
1 3 449
3 1 449
1 17 726
17 1 726
1 43 145
43 1 145
1 59 769
59 1 769
1 6 615
6 1 615
1 9 19
9 1 19
1 24 508
24 1 508
1 79 561
79 1 561
1 63 666
63 1 666
1 40 404
40 1 404
1 14 546
14 1 546
1 13 585
13 1 585
1 54 598
54 1 598
2 5 345
5 2 345
2 7 587
7 2 587
2 11 632
11 2 632
2 29 232
29 2 232
2 75 960
75 2 960
2 32 206
32 2 206
2 27 143
27 2 143
2 80 410
80 2 410
2 35 173
35 2 173
2 23 543
23 2 543
2 61 647
61 2 647
2 43 923
43 2 923
3 13 989
13 3 989
3 24 838
24 3 838
3 66 651
66 3 651
3 7 247
7 3 247
3 63 16
63 3 16
3 22 547
22 3 547
3 11 545
11 3 545
3 37 763
37 3 763
3 7 964
7 3 964
3 76 782
76 3 782
3 10 41
10 3 41
3 23 592
23 3 592
3 20 37
20 3 37
4 6 238
6 4 238
4 16 657
16 4 657
4 22 141
22 4 141
4 44 622
44 4 622
4 51 843
51 4 843
4 25 785
25 4 785
4 16 336
16 4 336
4 43 719
43 4 719
4 29 689
29 4 689
5 10 280
10 5 280
5 20 130
20 5 130
5 45 231
45 5 231
5 19 257
19 5 257
5 45 291
45 5 291
5 59 268
59 5 268
5 65 678
65 5 678
5 56 853
56 5 853
5 72 120
72 5 120
6 25 216
25 6 216
6 61 101
61 6 101
6 26 802
26 6 802
6 80 990
80 6 990
6 38 481
38 6 481
6 74 592
74 6 592
6 10 377
10 6 377
6 64 867
64 6 867
6 66 231
66 6 231
6 78 220
78 6 220
6 67 757
67 6 757
7 8 871
8 7 871
7 12 516
12 7 516
7 27 2
27 7 2
7 30 211
30 7 211
7 51 893
51 7 893
7 40 101
40 7 101
7 34 797
34 7 797
7 58 657
58 7 657
7 53 630
53 7 630
7 78 916
78 7 916
7 60 318
60 7 318
7 69 891
69 7 891
7 53 523
53 7 523
7 42 213
42 7 213
8 14 932
14 8 932
8 15 702
15 8 702
8 19 520
19 8 520
8 44 294
44 8 294
8 30 30
30 8 30
8 75 419
75 8 419
8 42 345
42 8 345
8 49 28
49 8 28
8 56 567
56 8 567
8 20 684
20 8 684
8 36 564
36 8 564
8 31 830
31 8 830
8 60 110
60 8 110
8 22 646
22 8 646
9 21 815
21 9 815
9 20 117
20 9 117
9 12 298
12 9 298
9 73 702
73 9 702
9 72 35
72 9 35
9 20 640
20 9 640
9 13 159
13 9 159
9 66 878
66 9 878
9 14 861
14 9 861
10 38 635
38 10 635
10 51 756
51 10 756
10 45 227
45 10 227
10 71 529
71 10 529
10 63 717
63 10 717
10 40 327
40 10 327
10 22 162
22 10 162
10 16 591
16 10 591
10 67 390
67 10 390
10 48 237
48 10 237
11 23 474
23 11 474
11 41 966
41 11 966
11 11 186
11 11 186
11 29 690
29 11 690
11 48 439
48 11 439
11 63 183
63 11 183
11 57 515
57 11 515
11 41 326
41 11 326
11 44 293
44 11 293
11 22 998
22 11 998
11 76 929
76 11 929
11 25 977
25 11 977
11 17 527
17 11 527
11 74 74
74 11 74
11 18 470
18 11 470
12 80 346
80 12 346
12 25 432
25 12 432
12 49 940
49 12 940
12 48 893
48 12 893
12 54 630
54 12 630
12 29 879
29 12 879
12 13 954
13 12 954
12 80 532
80 12 532
12 47 271
47 12 271
12 29 636
29 12 636
13 18 496
18 13 496
13 46 515
46 13 515
13 58 590
58 13 590
13 14 4
14 13 4
13 49 196
49 13 196
13 55 748
55 13 748
13 28 970
28 13 970
13 19 570
19 13 570
13 16 277
16 13 277
13 53 12
53 13 12
14 34 744
34 14 744
14 70 584
70 14 584
14 32 680
32 14 680
14 51 430
51 14 430
14 16 658
16 14 658
14 39 625
39 14 625
15 16 853
16 15 853
15 66 537
66 15 537
15 23 834
23 15 834
15 53 221
53 15 221
16 42 90
42 16 90
16 17 378
17 16 378
16 32 748
32 16 748
16 69 441
69 16 441
16 36 758
36 16 758
16 39 2
39 16 2
17 60 310
60 17 310
17 40 267
40 17 267
17 24 850
24 17 850
17 26 565
26 17 565
17 32 972
32 17 972
17 75 638
75 17 638
17 51 525
51 17 525
17 27 721
27 17 721
17 60 643
60 17 643
17 77 815
77 17 815
17 54 729
54 17 729
17 34 822
34 17 822
18 33 238
33 18 238
18 78 304
78 18 304
18 80 157
80 18 157
18 72 676
72 18 676
18 72 338
72 18 338
18 19 996
19 18 996
18 19 533
19 18 533
18 59 557
59 18 557
18 61 28
61 18 28
19 37 75
37 19 75
19 54 276
54 19 276
19 59 10
59 19 10
19 69 708
69 19 708
19 38 500
38 19 500
19 78 911
78 19 911
19 33 434
33 19 434
19 74 511
74 19 511
19 42 848
42 19 848
19 45 936
45 19 936
19 37 779
37 19 779
19 32 808
32 19 808
19 61 249
61 19 249
20 40 254
40 20 254
20 55 171
55 20 171
20 61 901
61 20 901
20 74 452
74 20 452
20 21 505
21 20 505
20 28 395
28 20 395
20 75 405
75 20 405
20 39 395
39 20 395
20 62 908
62 20 908
20 33 44
33 20 44
20 71 387
71 20 387
20 46 589
46 20 589
20 39 147
39 20 147
20 64 354
64 20 354
20 41 977
41 20 977
20 36 635
36 20 635
21 26 279
26 21 279
21 79 988
79 21 988
21 48 628
48 21 628
21 24 706
24 21 706
21 67 736
67 21 736
21 27 155
27 21 155
21 32 227
32 21 227
21 42 937
42 21 937
21 53 716
53 21 716
21 31 233
31 21 233
21 31 321
31 21 321
22 32 726
32 22 726
22 62 240
62 22 240
22 28 863
28 22 863
22 51 476
51 22 476
22 66 875
66 22 875
23 46 403
46 23 403
23 53 398
53 23 398
23 37 481
37 23 481
23 30 583
30 23 583
23 30 283
30 23 283
23 70 760
70 23 760
23 40 863
40 23 863
23 72 176
72 23 176
24 48 509
48 24 509
24 71 918
71 24 918
24 56 14
56 24 14
24 63 369
63 24 369
24 33 228
33 24 228
24 52 678
52 24 678
24 68 354
68 24 354
24 46 402
46 24 402
25 36 103
36 25 103
25 42 627
42 25 627
25 79 718
79 25 718
25 33 978
33 25 978
25 61 949
61 25 949
25 77 913
77 25 913
26 35 94
35 26 94
26 52 402
52 26 402
26 55 232
55 26 232
26 42 342
42 26 342
26 60 369
60 26 369
27 31 963
31 27 963
27 65 354
65 27 354
27 79 52
79 27 52
27 63 747
63 27 747
27 42 766
42 27 766
27 43 908
43 27 908
27 61 975
61 27 975
27 47 340
47 27 340
27 49 491
49 27 491
28 30 433
30 28 433
28 29 896
29 28 896
28 59 511
59 28 511
28 66 48
66 28 48
28 71 516
71 28 516
28 62 296
62 28 296
28 49 26
49 28 26
29 65 860
65 29 860
29 77 807
77 29 807
29 51 996
51 29 996
29 64 256
64 29 256
29 43 703
43 29 703
29 67 416
67 29 416
29 43 575
43 29 575
29 69 470
69 29 470
29 35 276
35 29 276
29 71 650
71 29 650
29 67 589
67 29 589
30 39 405
39 30 405
30 76 510
76 30 510
30 64 548
64 30 548
30 73 461
73 30 461
30 64 596
64 30 596
30 32 717
32 30 717
31 78 993
78 31 993
31 77 695
77 31 695
31 51 400
51 31 400
31 43 458
43 31 458
31 61 190
61 31 190
31 44 261
44 31 261
31 51 459
51 31 459
31 63 525
63 31 525
32 71 823
71 32 823
32 38 509
38 32 509
32 79 783
79 32 783
32 58 424
58 32 424
32 73 20
73 32 20
32 38 303
38 32 303
32 72 627
72 32 627
33 63 486
63 33 486
33 69 865
69 33 865
33 44 901
44 33 901
33 44 416
44 33 416
34 51 158
51 34 158
34 49 767
49 34 767
34 72 147
72 34 147
34 41 806
41 34 806
35 53 407
53 35 407
35 47 574
47 35 574
35 80 692
80 35 692
35 51 110
51 35 110
35 60 615
60 35 615
35 40 810
40 35 810
35 75 210
75 35 210
36 42 245
42 36 245
36 58 822
58 36 822
36 62 162
62 36 162
36 75 713
75 36 713
36 60 728
60 36 728
36 74 515
74 36 515
36 58 425
58 36 425
36 51 343
51 36 343
37 47 384
47 37 384
37 71 542
71 37 542
37 40 779
40 37 779
37 65 326
65 37 326
37 51 323
51 37 323
37 43 920
43 37 920
37 73 882
73 37 882
38 67 340
67 38 340
38 80 335
80 38 335
38 71 31
71 38 31
38 66 903
66 38 903
38 75 378
75 38 378
38 75 733
75 38 733
38 45 634
45 38 634
38 64 571
64 38 571
38 51 345
51 38 345
39 48 603
48 39 603
39 75 865
75 39 865
39 65 99
65 39 99
39 74 617
74 39 617
39 76 834
76 39 834
40 72 576
72 40 576
40 62 438
62 40 438
40 56 267
56 40 267
40 79 810
79 40 810
40 43 862
43 40 862
40 42 267
42 40 267
41 79 544
79 41 544
41 51 616
51 41 616
41 76 23
76 41 23
41 45 625
45 41 625
42 63 964
63 42 964
42 48 230
48 42 230
42 63 29
63 42 29
42 76 202
76 42 202
42 69 20
69 42 20
42 70 39
70 42 39
43 43 795
43 43 795
43 48 29
48 43 29
43 64 126
64 43 126
44 49 24
49 44 24
44 50 965
50 44 965
44 77 546
77 44 546
44 64 442
64 44 442
45 46 865
46 45 865
45 61 299
61 45 299
46 57 479
57 46 479
46 77 77
77 46 77
46 70 221
70 46 221
46 65 82
65 46 82
46 46 971
46 46 971
47 67 459
67 47 459
47 77 258
77 47 258
47 66 582
66 47 582
47 50 351
50 47 351
48 69 567
69 48 567
48 56 829
56 48 829
48 73 543
73 48 543
48 48 38
48 48 38
48 62 665
62 48 665
48 56 84
56 48 84
48 77 55
77 48 55
48 56 905
56 48 905
49 56 934
56 49 934
49 61 666
61 49 666
49 72 127
72 49 127
49 50 609
50 49 609
49 52 53
52 49 53
49 78 64
78 49 64
49 78 29
78 49 29
49 70 691
70 49 691
50 53 437
53 50 437
50 59 796
59 50 796
51 63 749
63 51 749
51 73 915
73 51 915
51 56 418
56 51 418
52 64 343
64 52 343
52 59 74
59 52 74
52 76 850
76 52 850
52 79 771
79 52 771
53 65 898
65 53 898
53 54 702
54 53 702
53 63 825
63 53 825
54 76 861
76 54 861
54 76 958
76 54 958
55 57 142
57 55 142
55 63 224
63 55 224
57 67 955
67 57 955
58 60 331
60 58 331
58 66 454
66 58 454
58 70 470
70 58 470
58 74 493
74 58 493
59 74 912
74 59 912
59 74 753
74 59 753
59 79 179
79 59 179
59 71 211
71 59 211
59 66 813
66 59 813
60 68 617
68 60 617
60 61 465
61 60 465
60 64 211
64 60 211
60 75 474
75 60 474
60 75 433
75 60 433
60 71 547
71 60 547
60 71 405
71 60 405
61 69 531
69 61 531
62 78 262
78 62 262
62 71 871
71 62 871
62 64 634
64 62 634
62 65 446
65 62 446
62 77 653
77 62 653
63 75 658
75 63 658
63 65 827
65 63 827
63 75 642
75 63 642
63 70 999
70 63 999
63 67 850
67 63 850
63 72 610
72 63 610
64 77 416
77 64 416
64 69 136
69 64 136
65 71 510
71 65 510
65 76 265
76 65 265
66 73 366
73 66 366
66 72 379
72 66 379
66 73 522
73 66 522
66 79 467
79 66 467
67 80 518
80 67 518
67 75 175
75 67 175
68 78 897
78 68 897
68 69 693
69 68 693
69 79 240
79 69 240
71 72 237
72 71 237
72 72 122
72 72 122
76 79 527
79 76 527
