58

0 1 444
1 0 444
0 2 321
2 0 321
0 4 484
4 0 484
0 10 109
10 0 109
0 38 154
38 0 154
0 39 833
39 0 833
0 48 909
48 0 909
1 19 645
19 1 645
1 22 464
22 1 464
1 2 177
2 1 177
2 3 284
3 2 284
2 5 40
5 2 40
2 25 255
25 2 255
2 36 512
36 2 512
2 11 975
11 2 975
3 21 473
21 3 473
3 28 740
28 3 740
3 8 65
8 3 65
4 6 87
6 4 87
4 7 742
7 4 742
4 37 952
37 4 952
4 38 507
38 4 507
4 25 289
25 4 289
5 8 590
8 5 590
5 31 917
31 5 917
5 26 851
26 5 851
5 38 137
38 5 137
6 11 964
11 6 964
6 50 541
50 6 541
6 36 873
36 6 873
6 28 495
28 6 495
6 46 924
46 6 924
7 14 884
14 7 884
7 34 829
34 7 829
7 45 731
45 7 731
8 9 165
9 8 165
8 44 479
44 8 479
8 12 459
12 8 459
9 26 159
26 9 159
10 13 619
13 10 619
10 16 396
16 10 396
10 20 131
20 10 131
10 54 629
54 10 629
10 14 553
14 10 553
11 12 818
12 11 818
11 35 264
35 11 264
11 18 295
18 11 295
11 27 478
27 11 478
12 43 463
43 12 463
13 47 177
47 13 177
13 33 300
33 13 300
14 15 79
15 14 79
14 24 338
24 14 338
15 17 14
17 15 14
15 33 47
33 15 47
16 18 403
18 16 403
16 26 855
26 16 855
17 27 77
27 17 77
17 31 757
31 17 757
17 18 793
18 17 793
18 23 696
23 18 696
18 30 305
30 18 305
18 42 724
42 18 724
18 32 566
32 18 566
19 41 4
41 19 4
19 51 627
51 19 627
20 55 114
55 20 114
20 48 780
48 20 780
20 40 604
40 20 604
20 49 621
49 20 621
21 40 103
40 21 103
21 21 778
21 21 778
22 33 452
33 22 452
23 29 375
29 23 375
24 26 18
26 24 18
24 57 808
57 24 808
24 26 654
26 24 654
25 29 463
29 25 463
25 43 94
43 25 94
25 52 321
52 25 321
26 46 600
46 26 600
26 54 138
54 26 138
27 34 273
34 27 273
28 47 709
47 28 709
28 43 691
43 28 691
28 41 512
41 28 512
29 50 344
50 29 344
29 33 834
33 29 834
29 47 710
47 29 710
31 32 968
32 31 968
33 44 592
44 33 592
33 38 80
38 33 80
34 50 517
50 34 517
34 55 486
55 34 486
35 45 105
45 35 105
36 46 1000
46 36 1000
37 53 360
53 37 360
39 56 286
56 39 286
40 40 130
40 40 130
40 55 144
55 40 144
41 45 608
45 41 608
42 54 445
54 42 445
46 49 67
49 46 67
47 48 255
48 47 255
47 49 278
49 47 278
47 55 326
55 47 326
52 57 995
57 52 995
