98

0 1 53
1 0 53
0 3 909
3 0 909
0 15 752
15 0 752
0 31 304
31 0 304
0 40 518
40 0 518
0 5 343
5 0 343
0 24 690
24 0 690
0 57 975
57 0 975
0 72 294
72 0 294
0 91 176
91 0 176
0 50 776
50 0 776
0 17 240
17 0 240
0 74 993
74 0 993
0 4 768
4 0 768
0 10 707
10 0 707
0 74 952
74 0 952
0 25 95
25 0 95
0 35 811
35 0 811
0 6 529
6 0 529
1 2 878
2 1 878
1 4 715
4 1 715
1 23 271
23 1 271
1 56 598
56 1 598
1 49 671
49 1 671
1 5 207
5 1 207
1 77 149
77 1 149
1 36 21
36 1 21
1 42 981
42 1 981
1 74 558
74 1 558
1 28 877
28 1 877
1 87 725
87 1 725
1 51 8
51 1 8
1 70 1
70 1 1
1 51 201
51 1 201
1 37 394
37 1 394
1 61 819
61 1 819
1 59 696
59 1 696
1 40 467
40 1 467
2 6 62
6 2 62
2 8 465
8 2 465
2 29 782
29 2 782
2 35 921
35 2 921
2 86 885
86 2 885
2 19 447
19 2 447
2 44 874
44 2 874
2 16 534
16 2 534
2 61 405
61 2 405
2 92 583
92 2 583
2 3 261
3 2 261
2 78 49
78 2 49
2 48 53
48 2 53
2 36 637
36 2 637
2 8 545
8 2 545
2 40 906
40 2 906
2 89 222
89 2 222
2 46 44
46 2 44
2 41 194
41 2 194
2 33 734
33 2 734
3 9 189
9 3 189
3 17 900
17 3 900
3 58 135
58 3 135
3 12 390
12 3 390
3 86 897
86 3 897
3 96 423
96 3 423
3 41 338
41 3 338
3 24 426
24 3 426
3 54 160
54 3 160
3 32 533
32 3 533
3 45 624
45 3 624
3 52 34
52 3 34
3 19 953
19 3 953
3 38 637
38 3 637
3 52 376
52 3 376
3 92 128
92 3 128
3 73 585
73 3 585
4 5 435
5 4 435
4 11 245
11 4 245
4 19 114
19 4 114
4 91 751
91 4 751
4 60 925
60 4 925
4 91 696
91 4 696
4 13 344
13 4 344
4 30 243
30 4 243
4 86 904
86 4 904
4 39 166
39 4 166
4 39 304
39 4 304
4 47 396
47 4 396
4 96 199
96 4 199
4 13 183
13 4 183
5 7 891
7 5 891
5 12 10
12 5 10
5 36 335
36 5 335
5 74 239
74 5 239
5 82 153
82 5 153
5 42 970
42 5 970
5 79 864
79 5 864
5 64 330
64 5 330
5 84 807
84 5 807
5 12 490
12 5 490
5 43 12
43 5 12
5 8 332
8 5 332
5 86 240
86 5 240
6 16 757
16 6 757
6 87 450
87 6 450
6 43 930
43 6 930
6 92 373
92 6 373
6 46 235
46 6 235
6 96 173
96 6 173
6 14 829
14 6 829
6 46 405
46 6 405
6 53 498
53 6 498
6 19 376
19 6 376
6 11 207
11 6 207
6 41 650
41 6 650
7 21 120
21 7 120
7 41 900
41 7 900
7 88 595
88 7 595
7 22 624
22 7 624
7 20 91
20 7 91
7 7 352
7 7 352
7 71 588
71 7 588
7 57 781
57 7 781
7 22 388
22 7 388
7 23 128
23 7 128
7 12 561
12 7 561
7 11 82
11 7 82
8 26 78
26 8 78
8 30 335
30 8 335
8 32 798
32 8 798
8 31 535
31 8 535
8 47 11
47 8 11
8 32 838
32 8 838
8 82 380
82 8 380
8 17 54
17 8 54
8 33 506
33 8 506
8 44 447
44 8 447
8 23 773
23 8 773
8 80 403
80 8 403
8 50 659
50 8 659
9 10 846
10 9 846
9 24 474
24 9 474
9 27 667
27 9 667
9 92 440
92 9 440
9 97 713
97 9 713
9 17 732
17 9 732
9 47 100
47 9 100
9 64 49
64 9 49
9 45 768
45 9 768
9 19 309
19 9 309
9 84 6
84 9 6
9 52 469
52 9 469
9 20 223
20 9 223
9 63 695
63 9 695
9 47 261
47 9 261
9 94 247
94 9 247
9 73 545
73 9 545
9 81 757
81 9 757
9 19 616
19 9 616
10 13 407
13 10 407
10 14 721
14 10 721
10 63 482
63 10 482
10 18 184
18 10 184
10 97 306
97 10 306
10 72 265
72 10 265
10 77 817
77 10 817
10 68 720
68 10 720
10 14 533
14 10 533
10 19 465
19 10 465
10 46 87
46 10 87
10 30 446
30 10 446
11 18 66
18 11 66
11 51 740
51 11 740
11 79 8
79 11 8
11 27 802
27 11 802
11 49 198
49 11 198
11 96 442
96 11 442
11 59 287
59 11 287
11 67 875
67 11 875
11 61 934
61 11 934
11 28 895
28 11 895
12 25 951
25 12 951
12 18 954
18 12 954
12 24 89
24 12 89
12 69 653
69 12 653
12 31 248
31 12 248
12 17 737
17 12 737
12 64 110
64 12 110
12 38 648
38 12 648
12 69 684
69 12 684
12 80 580
80 12 580
12 31 422
31 12 422
12 92 157
92 12 157
12 24 636
24 12 636
12 55 693
55 12 693
12 71 6
71 12 6
12 16 394
16 12 394
12 53 525
53 12 525
13 33 10
33 13 10
13 71 360
71 13 360
13 74 823
74 13 823
13 50 449
50 13 449
13 95 112
95 13 112
13 65 617
65 13 617
13 15 869
15 13 869
13 45 582
45 13 582
13 94 447
94 13 447
13 22 554
22 13 554
14 44 900
44 14 900
14 77 731
77 14 731
14 50 474
50 14 474
14 55 524
55 14 524
14 33 313
33 14 313
14 30 97
30 14 97
14 76 323
76 14 323
14 39 482
39 14 482
14 67 14
67 14 14
14 25 205
25 14 205
15 85 43
85 15 43
15 82 886
82 15 886
15 66 677
66 15 677
15 79 305
79 15 305
15 90 482
90 15 482
15 63 868
63 15 868
15 74 269
74 15 269
15 67 275
67 15 275
15 33 883
33 15 883
15 81 283
81 15 283
15 51 978
51 15 978
15 81 974
81 15 974
15 88 695
88 15 695
16 43 876
43 16 876
16 52 531
52 16 531
16 46 215
46 16 215
16 35 83
35 16 83
16 45 919
45 16 919
16 84 367
84 16 367
16 36 988
36 16 988
16 33 708
33 16 708
16 79 852
79 16 852
17 38 313
38 17 313
17 39 479
39 17 479
17 47 382
47 17 382
17 78 647
78 17 647
17 59 409
59 17 409
17 47 851
47 17 851
17 83 396
83 17 396
17 22 168
22 17 168
17 51 490
51 17 490
17 31 488
31 17 488
17 56 751
56 17 751
17 97 594
97 17 594
17 58 848
58 17 848
17 82 746
82 17 746
17 97 185
97 17 185
17 60 396
60 17 396
17 25 334
25 17 334
17 79 730
79 17 730
18 42 862
42 18 862
18 73 71
73 18 71
18 85 593
85 18 593
18 87 652
87 18 652
18 34 21
34 18 21
18 33 980
33 18 980
18 34 685
34 18 685
18 61 59
61 18 59
18 21 977
21 18 977
18 47 191
47 18 191
18 46 885
46 18 885
18 44 206
44 18 206
18 27 780
27 18 780
18 52 357
52 18 357
18 21 10
21 18 10
18 88 415
88 18 415
18 72 62
72 18 62
18 25 997
25 18 997
18 27 595
27 18 595
19 20 938
20 19 938
19 46 237
46 19 237
19 57 367
57 19 367
19 54 474
54 19 474
19 72 448
72 19 448
19 73 102
73 19 102
19 67 962
67 19 962
19 49 573
49 19 573
19 76 505
76 19 505
19 64 36
64 19 36
19 73 437
73 19 437
20 54 325
54 20 325
20 61 780
61 20 780
20 78 947
78 20 947
20 49 942
49 20 942
20 50 23
50 20 23
20 78 217
78 20 217
21 22 492
22 21 492
21 36 248
36 21 248
21 95 293
95 21 293
21 33 335
33 21 335
21 66 380
66 21 380
21 46 223
46 21 223
21 78 34
78 21 34
21 61 968
61 21 968
21 68 314
68 21 314
22 28 136
28 22 136
22 35 814
35 22 814
22 61 292
61 22 292
22 59 606
59 22 606
22 79 773
79 22 773
22 90 39
90 22 39
22 90 634
90 22 634
23 34 734
34 23 734
23 66 469
66 23 469
23 39 546
39 23 546
23 38 167
38 23 167
23 47 12
47 23 12
23 51 402
51 23 402
24 82 409
82 24 409
24 92 475
92 24 475
24 86 11
86 24 11
24 37 536
37 24 536
24 74 639
74 24 639
24 34 402
34 24 402
24 90 424
90 24 424
24 38 666
38 24 666
24 89 1000
89 24 1000
24 59 620
59 24 620
24 56 957
56 24 957
24 33 165
33 24 165
24 47 129
47 24 129
25 37 610
37 25 610
25 85 173
85 25 173
25 57 476
57 25 476
25 42 880
42 25 880
25 75 539
75 25 539
25 70 113
70 25 113
25 81 397
81 25 397
25 40 623
40 25 623
26 78 125
78 26 125
26 97 782
97 26 782
26 64 794
64 26 794
26 28 749
28 26 749
26 60 758
60 26 758
26 51 378
51 26 378
26 82 703
82 26 703
26 95 156
95 26 156
26 42 25
42 26 25
27 52 96
52 27 96
27 63 424
63 27 424
27 75 229
75 27 229
27 76 167
76 27 167
27 41 785
41 27 785
27 92 593
92 27 593
27 96 368
96 27 368
27 78 818
78 27 818
27 82 670
82 27 670
27 53 605
53 27 605
28 67 190
67 28 190
28 69 37
69 28 37
28 85 335
85 28 335
28 84 608
84 28 608
28 93 92
93 28 92
28 61 271
61 28 271
28 55 513
55 28 513
28 30 408
30 28 408
28 67 523
67 28 523
28 85 936
85 28 936
29 59 992
59 29 992
29 73 7
73 29 7
29 61 40
61 29 40
29 38 459
38 29 459
29 77 807
77 29 807
29 52 11
52 29 11
29 68 921
68 29 921
29 88 965
88 29 965
29 73 474
73 29 474
30 45 310
45 30 310
30 41 423
41 30 423
30 39 585
39 30 585
30 40 65
40 30 65
30 33 260
33 30 260
31 58 252
58 31 252
31 31 765
31 31 765
31 88 277
88 31 277
31 45 186
45 31 186
32 71 562
71 32 562
32 84 370
84 32 370
32 95 826
95 32 826
32 83 193
83 32 193
32 51 630
51 32 630
32 64 188
64 32 188
32 32 997
32 32 997
32 85 930
85 32 930
32 37 540
37 32 540
32 60 926
60 32 926
32 52 204
52 32 204
33 76 433
76 33 433
33 93 766
93 33 766
33 49 568
49 33 568
33 47 165
47 33 165
33 53 203
53 33 203
33 69 988
69 33 988
33 69 112
69 33 112
33 43 303
43 33 303
33 92 575
92 33 575
33 80 544
80 33 544
33 72 351
72 33 351
33 73 7
73 33 7
33 92 459
92 33 459
33 44 739
44 33 739
33 97 176
97 33 176
34 46 742
46 34 742
34 69 395
69 34 395
34 75 658
75 34 658
34 77 740
77 34 740
34 68 345
68 34 345
34 36 361
36 34 361
34 69 625
69 34 625
34 79 639
79 34 639
34 60 118
60 34 118
34 36 151
36 34 151
34 74 153
74 34 153
34 81 706
81 34 706
34 55 262
55 34 262
35 84 266
84 35 266
35 46 722
46 35 722
35 37 545
37 35 545
35 54 924
54 35 924
35 95 482
95 35 482
35 96 732
96 35 732
35 91 825
91 35 825
35 50 309
50 35 309
35 87 168
87 35 168
35 64 647
64 35 647
36 81 392
81 36 392
36 38 151
38 36 151
36 46 499
46 36 499
36 77 525
77 36 525
36 47 827
47 36 827
36 54 352
54 36 352
36 62 825
62 36 825
36 69 81
69 36 81
37 49 267
49 37 267
37 46 240
46 37 240
37 64 705
64 37 705
37 39 353
39 37 353
37 92 759
92 37 759
37 76 44
76 37 44
37 65 688
65 37 688
38 48 247
48 38 247
38 64 431
64 38 431
38 61 636
61 38 636
38 83 887
83 38 887
38 92 84
92 38 84
38 47 518
47 38 518
38 51 774
51 38 774
38 53 204
53 38 204
38 57 461
57 38 461
38 55 144
55 38 144
38 65 932
65 38 932
39 53 15
53 39 15
39 45 621
45 39 621
39 90 919
90 39 919
39 95 394
95 39 394
39 87 506
87 39 506
39 77 553
77 39 553
39 40 66
40 39 66
40 50 164
50 40 164
40 84 476
84 40 476
40 51 397
51 40 397
40 95 942
95 40 942
40 56 185
56 40 185
40 89 993
89 40 993
40 59 903
59 40 903
40 56 245
56 40 245
40 56 615
56 40 615
40 85 640
85 40 640
40 53 964
53 40 964
40 94 651
94 40 651
41 69 521
69 41 521
41 44 335
44 41 335
41 70 886
70 41 886
41 49 465
49 41 465
41 65 290
65 41 290
41 97 407
97 41 407
42 83 518
83 42 518
42 65 34
65 42 34
42 52 212
52 42 212
42 66 633
66 42 633
42 54 869
54 42 869
42 95 446
95 42 446
42 64 966
64 42 966
42 92 934
92 42 934
42 46 371
46 42 371
42 47 629
47 42 629
43 62 49
62 43 49
43 81 665
81 43 665
43 54 693
54 43 693
43 70 804
70 43 804
43 50 60
50 43 60
43 76 350
76 43 350
43 65 565
65 43 565
44 80 393
80 44 393
44 46 908
46 44 908
44 44 753
44 44 753
44 48 756
48 44 756
44 90 566
90 44 566
44 82 588
82 44 588
45 89 515
89 45 515
45 49 481
49 45 481
45 93 937
93 45 937
45 87 392
87 45 392
45 72 554
72 45 554
45 58 789
58 45 789
45 96 278
96 45 278
45 79 258
79 45 258
45 74 454
74 45 454
45 60 786
60 45 786
45 65 627
65 45 627
46 60 934
60 46 934
46 65 189
65 46 189
46 80 562
80 46 562
46 94 492
94 46 492
46 68 329
68 46 329
46 93 993
93 46 993
46 65 717
65 46 717
47 84 184
84 47 184
47 64 486
64 47 486
47 73 611
73 47 611
47 92 395
92 47 395
47 90 794
90 47 794
47 59 592
59 47 592
47 56 512
56 47 512
48 53 657
53 48 657
48 66 889
66 48 889
48 63 978
63 48 978
48 52 303
52 48 303
48 49 669
49 48 669
48 85 776
85 48 776
48 50 48
50 48 48
48 59 302
59 48 302
48 82 941
82 48 941
48 73 464
73 48 464
49 62 413
62 49 413
49 56 268
56 49 268
49 88 123
88 49 123
49 60 543
60 49 543
49 65 234
65 49 234
49 95 752
95 49 752
49 54 9
54 49 9
49 84 318
84 49 318
50 96 811
96 50 811
50 73 753
73 50 753
51 57 104
57 51 104
51 64 601
64 51 601
51 77 942
77 51 942
51 64 13
64 51 13
51 53 527
53 51 527
51 93 808
93 51 808
51 84 682
84 51 682
51 92 476
92 51 476
52 55 942
55 52 942
52 85 235
85 52 235
52 79 171
79 52 171
52 92 192
92 52 192
52 81 654
81 52 654
52 53 750
53 52 750
53 78 734
78 53 734
53 89 912
89 53 912
53 55 210
55 53 210
53 95 498
95 53 498
53 73 737
73 53 737
53 59 332
59 53 332
53 94 721
94 53 721
54 59 243
59 54 243
54 97 739
97 54 739
54 60 271
60 54 271
55 79 370
79 55 370
55 97 130
97 55 130
55 70 607
70 55 607
55 72 170
72 55 170
55 85 245
85 55 245
55 89 486
89 55 486
55 84 57
84 55 57
55 66 985
66 55 985
55 62 615
62 55 615
55 90 72
90 55 72
56 70 59
70 56 59
56 94 361
94 56 361
56 89 452
89 56 452
56 73 52
73 56 52
56 77 954
77 56 954
56 56 56
56 56 56
56 96 10
96 56 10
57 80 966
80 57 966
57 73 388
73 57 388
57 75 368
75 57 368
57 80 510
80 57 510
57 62 691
62 57 691
57 95 188
95 57 188
57 73 458
73 57 458
58 68 728
68 58 728
58 77 511
77 58 511
58 85 111
85 58 111
58 87 245
87 58 245
59 72 39
72 59 39
59 70 433
70 59 433
59 61 892
61 59 892
59 62 290
62 59 290
59 73 4
73 59 4
60 65 71
65 60 71
60 97 39
97 60 39
60 81 843
81 60 843
60 75 475
75 60 475
60 86 553
86 60 553
61 69 791
69 61 791
61 81 605
81 61 605
61 79 419
79 61 419
61 82 679
82 61 679
61 87 336
87 61 336
61 92 572
92 61 572
61 86 380
86 61 380
61 70 201
70 61 201
61 75 159
75 61 159
62 89 79
89 62 79
62 94 846
94 62 846
63 84 275
84 63 275
64 93 732
93 64 732
64 69 801
69 64 801
65 90 864
90 65 864
65 94 863
94 65 863
65 77 247
77 65 247
65 69 208
69 65 208
66 77 508
77 66 508
67 69 492
69 67 492
67 82 644
82 67 644
68 88 89
88 68 89
68 96 667
96 68 667
68 97 186
97 68 186
68 69 955
69 68 955
68 76 739
76 68 739
68 94 794
94 68 794
68 91 901
91 68 901
68 79 47
79 68 47
68 74 164
74 68 164
68 87 928
87 68 928
68 73 253
73 68 253
68 73 37
73 68 37
69 93 628
93 69 628
69 94 838
94 69 838
69 76 770
76 69 770
69 78 562
78 69 562
70 82 346
82 70 346
70 76 220
76 70 220
70 97 964
97 70 964
71 89 309
89 71 309
71 73 255
73 71 255
71 96 218
96 71 218
72 89 446
89 72 446
72 91 383
91 72 383
73 75 568
75 73 568
73 88 849
88 73 849
74 88 39
88 74 39
74 83 345
83 74 345
74 77 258
77 74 258
74 79 783
79 74 783
74 88 869
88 74 869
75 88 630
88 75 630
75 76 732
76 75 732
75 91 984
91 75 984
75 84 665
84 75 665
76 82 500
82 76 500
77 93 160
93 77 160
77 97 264
97 77 264
78 86 899
86 78 899
78 85 174
85 78 174
78 95 170
95 78 170
79 97 707
97 79 707
80 90 245
90 80 245
80 91 559
91 80 559
80 93 457
93 80 457
81 91 931
91 81 931
81 90 327
90 81 327
81 81 100
81 81 100
81 93 612
93 81 612
84 95 228
95 84 228
84 89 813
89 84 813
84 97 194
97 84 194
85 86 503
86 85 503
86 96 965
96 86 965
86 97 15
97 86 15
87 94 175
94 87 175
87 90 154
90 87 154
88 92 696
92 88 696
88 91 551
91 88 551
89 95 70
95 89 70
90 95 148
95 90 148
90 95 280
95 90 280
90 97 569
97 90 569
90 92 509
92 90 509
90 95 670
95 90 670
91 91 537
91 91 537
94 96 147
96 94 147
96 97 912
97 96 912
