98

0 1 66
1 0 66
0 2 383
2 0 383
0 5 276
5 0 276
0 6 218
6 0 218
0 70 433
70 0 433
0 82 810
82 0 810
0 61 45
61 0 45
0 42 759
42 0 759
0 42 370
42 0 370
0 19 356
19 0 356
0 39 532
39 0 532
0 45 94
45 0 94
1 40 259
40 1 259
1 72 689
72 1 689
1 51 734
51 1 734
1 17 885
17 1 885
1 63 34
63 1 34
1 4 587
4 1 587
1 60 268
60 1 268
2 3 597
3 2 597
2 4 463
4 2 463
2 7 589
7 2 589
2 8 689
8 2 689
2 54 33
54 2 33
2 32 59
32 2 59
2 23 221
23 2 221
2 4 788
4 2 788
2 93 674
93 2 674
3 13 296
13 3 296
3 16 605
16 3 605
3 20 904
20 3 904
3 44 527
44 3 527
3 89 114
89 3 114
3 26 675
26 3 675
3 11 88
11 3 88
3 6 287
6 3 287
3 71 142
71 3 142
3 13 360
13 3 360
4 19 450
19 4 450
4 49 334
49 4 334
4 51 569
51 4 569
4 88 861
88 4 861
4 75 187
75 4 187
4 21 484
21 4 484
4 63 432
63 4 432
5 21 382
21 5 382
5 47 571
47 5 571
5 56 146
56 5 146
5 50 541
50 5 541
5 89 541
89 5 541
5 45 203
45 5 203
6 9 559
9 6 559
6 10 510
10 6 510
6 12 420
12 6 420
6 28 751
28 6 751
6 91 865
91 6 865
6 33 759
33 6 759
6 91 141
91 6 141
6 89 221
89 6 221
6 10 694
10 6 694
6 81 375
81 6 375
6 50 943
50 6 943
7 23 387
23 7 387
7 43 203
43 7 203
7 95 725
95 7 725
7 24 498
24 7 498
7 66 318
66 7 318
7 79 202
79 7 202
7 7 455
7 7 455
7 26 773
26 7 773
7 18 595
18 7 595
7 32 241
32 7 241
8 14 635
14 8 635
8 48 462
48 8 462
8 59 572
59 8 572
8 86 43
86 8 43
8 52 177
52 8 177
8 80 512
80 8 512
8 92 399
92 8 399
8 11 609
11 8 609
9 11 660
11 9 660
9 41 847
41 9 847
9 49 971
49 9 971
9 46 298
46 9 298
9 34 69
34 9 69
9 32 87
32 9 87
9 63 897
63 9 897
9 71 482
71 9 482
9 37 179
37 9 179
10 34 486
34 10 486
10 61 289
61 10 289
10 87 987
87 10 987
10 17 966
17 10 966
10 42 784
42 10 784
10 46 653
46 10 653
10 12 982
12 10 982
10 95 992
95 10 992
11 22 621
22 11 621
11 68 400
68 11 400
11 90 129
90 11 129
11 33 747
33 11 747
11 25 477
25 11 477
11 39 832
39 11 832
11 23 757
23 11 757
11 20 375
20 11 375
12 78 606
78 12 606
12 54 252
54 12 252
12 19 77
19 12 77
12 97 206
97 12 206
13 15 78
15 13 78
13 53 785
53 13 785
13 60 969
60 13 969
13 55 734
55 13 734
13 57 849
57 13 849
13 47 790
47 13 790
13 55 302
55 13 302
13 73 897
73 13 897
13 97 586
97 13 586
13 88 924
88 13 924
13 75 12
75 13 12
13 83 954
83 13 954
13 49 876
49 13 876
14 24 384
24 14 384
14 26 506
26 14 506
14 33 547
33 14 547
14 39 712
39 14 712
14 39 818
39 14 818
14 35 791
35 14 791
14 38 502
38 14 502
14 29 649
29 14 649
14 58 570
58 14 570
14 95 988
95 14 988
14 62 859
62 14 859
14 71 993
71 14 993
14 27 15
27 14 15
15 17 292
17 15 292
15 31 930
31 15 930
15 37 723
37 15 723
15 40 521
40 15 521
15 32 259
32 15 259
15 82 394
82 15 394
15 87 2
87 15 2
16 18 596
18 16 596
16 38 630
38 16 630
16 79 745
79 16 745
16 52 949
52 16 949
16 73 465
73 16 465
16 44 118
44 16 118
16 36 907
36 16 907
16 52 284
52 16 284
17 27 592
27 17 592
17 55 380
55 17 380
17 23 210
23 17 210
17 61 941
61 17 941
18 45 694
45 18 694
18 74 610
74 18 610
18 31 632
31 18 632
18 42 465
42 18 465
18 32 58
32 18 58
18 24 244
24 18 244
18 56 361
56 18 361
19 75 124
75 19 124
19 79 308
79 19 308
19 63 90
63 19 90
19 76 467
76 19 467
20 25 755
25 20 755
20 89 838
89 20 838
20 64 726
64 20 726
21 32 908
32 21 908
21 81 958
81 21 958
21 85 438
85 21 438
21 65 186
65 21 186
21 33 336
33 21 336
21 25 823
25 21 823
22 29 945
29 22 945
22 47 291
47 22 291
22 79 781
79 22 781
22 54 564
54 22 564
22 28 986
28 22 986
23 41 877
41 23 877
23 59 505
59 23 505
23 23 979
23 23 979
23 70 909
70 23 909
23 52 700
52 23 700
23 75 186
75 23 186
24 90 127
90 24 127
24 96 904
96 24 904
24 26 234
26 24 234
25 30 351
30 25 351
25 62 324
62 25 324
25 27 254
27 25 254
25 50 988
50 25 988
25 38 683
38 25 683
25 77 886
77 25 886
25 58 651
58 25 651
26 88 465
88 26 465
26 45 903
45 26 903
26 60 884
60 26 884
26 90 758
90 26 758
26 94 500
94 26 500
26 95 829
95 26 829
26 93 182
93 26 182
26 85 419
85 26 419
27 35 17
35 27 17
27 95 124
95 27 124
28 64 342
64 28 342
28 43 229
43 28 229
28 28 122
28 28 122
28 90 280
90 28 280
28 28 845
28 28 845
29 62 773
62 29 773
30 42 24
42 30 24
30 87 628
87 30 628
30 94 388
94 30 388
30 95 450
95 30 450
31 94 322
94 31 322
31 43 382
43 31 382
31 42 801
42 31 801
31 65 745
65 31 745
31 32 332
32 31 332
31 54 368
54 31 368
31 65 51
65 31 51
31 34 37
34 31 37
31 34 250
34 31 250
31 43 470
43 31 470
32 72 519
72 32 519
32 34 1000
34 32 1000
32 38 848
38 32 848
32 47 612
47 32 612
32 91 209
91 32 209
33 36 505
36 33 505
33 46 904
46 33 904
33 65 781
65 33 781
33 54 528
54 33 528
33 44 30
44 33 30
33 42 521
42 33 521
34 71 243
71 34 243
34 67 566
67 34 566
34 47 137
47 34 137
35 67 676
67 35 676
35 66 10
66 35 10
35 61 845
61 35 845
35 54 979
54 35 979
35 93 898
93 35 898
35 40 112
40 35 112
35 69 234
69 35 234
36 50 95
50 36 95
36 66 640
66 36 640
36 42 690
42 36 690
37 91 138
91 37 138
37 67 814
67 37 814
37 68 311
68 37 311
37 58 22
58 37 22
37 91 657
91 37 657
37 53 342
53 37 342
37 45 738
45 37 738
38 84 281
84 38 281
38 42 408
42 38 408
39 63 167
63 39 167
39 71 949
71 39 949
39 82 740
82 39 740
40 69 68
69 40 68
40 81 185
81 40 185
40 97 839
97 40 839
41 52 600
52 41 600
41 73 771
73 41 771
41 96 138
96 41 138
41 84 24
84 41 24
42 82 485
82 42 485
42 84 756
84 42 756
42 93 930
93 42 930
42 92 563
92 42 563
43 80 897
80 43 897
43 45 150
45 43 150
44 72 518
72 44 518
44 91 210
91 44 210
45 58 493
58 45 493
45 67 706
67 45 706
46 71 811
71 46 811
46 85 74
85 46 74
46 77 580
77 46 580
47 58 567
58 47 567
47 88 601
88 47 601
47 93 134
93 47 134
47 89 415
89 47 415
47 76 393
76 47 393
47 59 652
59 47 652
48 74 88
74 48 88
48 96 716
96 48 716
49 57 728
57 49 728
50 97 252
97 50 252
50 67 311
67 50 311
50 62 725
62 50 725
51 92 559
92 51 559
52 69 667
69 52 667
52 96 289
96 52 289
52 89 302
89 52 302
53 59 579
59 53 579
53 81 458
81 53 458
54 55 287
55 54 287
55 56 716
56 55 716
55 57 595
57 55 595
55 76 406
76 55 406
56 88 276
88 56 276
56 92 103
92 56 103
56 67 118
67 56 118
58 68 778
68 58 778
58 69 525
69 58 525
58 73 685
73 58 685
59 91 888
91 59 888
59 60 496
60 59 496
59 60 209
60 59 209
60 77 418
77 60 418
61 67 451
67 61 451
61 76 433
76 61 433
61 71 964
71 61 964
62 76 91
76 62 91
62 87 195
87 62 195
62 90 753
90 62 753
62 79 700
79 62 700
63 68 61
68 63 61
63 97 541
97 63 541
63 77 527
77 63 527
64 93 889
93 64 889
64 68 165
68 64 165
64 87 374
87 64 374
64 73 829
73 64 829
65 69 790
69 65 790
65 68 155
68 65 155
66 74 844
74 66 844
66 84 441
84 66 441
66 91 922
91 66 922
67 82 107
82 67 107
67 89 991
89 67 991
68 91 572
91 68 572
68 80 965
80 68 965
68 96 627
96 68 627
69 77 886
77 69 886
69 97 817
97 69 817
69 75 837
75 69 837
70 87 209
87 70 209
70 94 788
94 70 788
71 78 469
78 71 469
71 74 811
74 71 811
73 96 582
96 73 582
73 84 137
84 73 137
75 79 250
79 75 250
75 82 105
82 75 105
76 96 339
96 76 339
77 83 179
83 77 179
78 78 231
78 78 231
79 83 706
83 79 706
79 94 496
94 79 496
81 90 917
90 81 917
81 87 611
87 81 611
81 85 146
85 81 146
83 94 507
94 83 507
87 91 420
91 87 420
91 97 981
97 91 981
