98

0 1 663
1 0 663
0 5 44
5 0 44
0 6 475
6 0 475
0 7 879
7 0 879
0 25 804
25 0 804
0 83 939
83 0 939
0 68 572
68 0 572
0 19 969
19 0 969
0 30 573
30 0 573
0 13 787
13 0 787
0 70 505
70 0 505
0 76 153
76 0 153
0 38 585
38 0 585
0 93 632
93 0 632
0 48 272
48 0 272
0 29 21
29 0 21
0 49 656
49 0 656
1 2 421
2 1 421
1 3 454
3 1 454
1 8 557
8 1 557
1 54 29
54 1 29
1 70 136
70 1 136
1 60 512
60 1 512
1 27 545
27 1 545
1 30 991
30 1 991
1 29 886
29 1 886
1 67 263
67 1 263
1 71 57
71 1 57
1 73 346
73 1 346
2 14 874
14 2 874
2 16 757
16 2 757
2 22 683
22 2 683
2 30 754
30 2 754
2 78 154
78 2 154
2 13 170
13 2 170
2 22 434
22 2 434
2 42 944
42 2 944
2 45 713
45 2 713
2 66 534
66 2 534
2 44 667
44 2 667
2 95 125
95 2 125
2 77 106
77 2 106
2 45 383
45 2 383
2 9 444
9 2 444
3 4 115
4 3 115
3 9 353
9 3 353
3 68 529
68 3 529
3 39 791
39 3 791
3 22 988
22 3 988
3 58 465
58 3 465
3 77 996
77 3 996
3 24 785
24 3 785
3 27 751
27 3 751
3 18 684
18 3 684
3 65 602
65 3 602
3 68 154
68 3 154
3 11 620
11 3 620
3 61 66
61 3 66
4 31 171
31 4 171
4 61 144
61 4 144
4 24 658
24 4 658
4 13 735
13 4 735
4 31 882
31 4 882
4 7 951
7 4 951
4 94 172
94 4 172
4 62 814
62 4 814
4 14 743
14 4 743
4 95 429
95 4 429
4 92 35
92 4 35
4 29 678
29 4 678
4 70 143
70 4 143
4 21 902
21 4 902
4 5 249
5 4 249
4 92 154
92 4 154
4 14 901
14 4 901
4 56 825
56 4 825
4 62 813
62 4 813
5 41 70
41 5 70
5 96 219
96 5 219
5 36 476
36 5 476
5 71 187
71 5 187
5 80 985
80 5 985
5 87 992
87 5 992
5 39 805
39 5 805
5 59 833
59 5 833
5 64 585
64 5 585
5 48 630
48 5 630
5 41 664
41 5 664
6 10 356
10 6 356
6 15 262
15 6 262
6 17 715
17 6 715
6 36 948
36 6 948
6 72 707
72 6 707
6 78 297
78 6 297
6 26 160
26 6 160
6 72 632
72 6 632
6 20 248
20 6 248
6 85 61
85 6 61
6 65 349
65 6 349
6 80 259
80 6 259
6 11 520
11 6 520
6 63 239
63 6 239
6 25 923
25 6 923
6 33 752
33 6 752
6 38 710
38 6 710
6 57 833
57 6 833
6 96 891
96 6 891
6 23 123
23 6 123
6 92 828
92 6 828
6 82 272
82 6 272
6 65 125
65 6 125
6 55 822
55 6 822
6 97 557
97 6 557
6 24 935
24 6 935
6 42 290
42 6 290
6 82 931
82 6 931
7 11 430
11 7 430
7 19 526
19 7 526
7 88 980
88 7 980
7 58 187
58 7 187
7 23 179
23 7 179
7 26 940
26 7 940
7 72 876
72 7 876
7 39 158
39 7 158
7 78 641
78 7 641
7 38 366
38 7 366
7 76 679
76 7 679
7 40 245
40 7 245
7 15 30
15 7 30
7 51 28
51 7 28
7 63 957
63 7 957
8 12 73
12 8 73
8 38 940
38 8 940
8 65 668
65 8 668
8 61 251
61 8 251
8 67 65
67 8 65
8 90 225
90 8 225
8 19 747
19 8 747
8 74 334
74 8 334
8 80 170
80 8 170
8 53 230
53 8 230
8 90 881
90 8 881
8 56 143
56 8 143
8 92 856
92 8 856
8 91 958
91 8 958
9 13 962
13 9 962
9 51 844
51 9 844
9 58 853
58 9 853
9 42 686
42 9 686
9 43 163
43 9 163
9 22 33
22 9 33
9 22 553
22 9 553
9 28 407
28 9 407
9 83 310
83 9 310
9 71 926
71 9 926
9 35 497
35 9 497
9 18 981
18 9 981
9 61 293
61 9 293
9 11 506
11 9 506
9 34 341
34 9 341
10 29 3
29 10 3
10 84 927
84 10 927
10 94 934
94 10 934
10 76 183
76 10 183
10 95 304
95 10 304
10 55 909
55 10 909
10 82 634
82 10 634
10 17 166
17 10 166
10 66 719
66 10 719
10 87 854
87 10 854
10 41 643
41 10 643
10 79 261
79 10 261
10 19 899
19 10 899
10 34 195
34 10 195
10 32 15
32 10 15
10 92 827
92 10 827
10 91 627
91 10 627
10 82 67
82 10 67
11 26 938
26 11 938
11 28 545
28 11 545
11 32 446
32 11 446
11 79 459
79 11 459
11 50 532
50 11 532
11 81 678
81 11 678
11 56 662
56 11 662
11 64 490
64 11 490
11 24 532
24 11 532
11 18 589
18 11 589
11 30 440
30 11 440
11 29 354
29 11 354
11 24 12
24 11 12
11 51 532
51 11 532
11 95 96
95 11 96
11 31 622
31 11 622
12 18 97
18 12 97
12 24 703
24 12 703
12 53 442
53 12 442
12 33 981
33 12 981
12 40 332
40 12 332
12 94 249
94 12 249
12 46 721
46 12 721
12 70 990
70 12 990
12 17 77
17 12 77
12 63 641
63 12 641
12 53 703
53 12 703
12 23 414
23 12 414
12 49 771
49 12 771
12 59 247
59 12 247
12 22 644
22 12 644
12 23 426
23 12 426
12 97 995
97 12 995
12 40 410
40 12 410
12 24 273
24 12 273
13 33 824
33 13 824
13 35 31
35 13 31
13 75 32
75 13 32
13 92 679
92 13 679
13 94 657
94 13 657
13 77 207
77 13 207
13 22 893
22 13 893
13 66 565
66 13 565
13 55 491
55 13 491
13 34 16
34 13 16
13 60 108
60 13 108
13 76 38
76 13 38
13 96 874
96 13 874
14 54 437
54 14 437
14 38 744
38 14 744
14 55 750
55 14 750
14 40 866
40 14 866
14 74 482
74 14 482
14 19 425
19 14 425
14 38 411
38 14 411
14 80 932
80 14 932
14 88 444
88 14 444
14 79 970
79 14 970
14 38 605
38 14 605
14 15 676
15 14 676
14 56 6
56 14 6
14 45 714
45 14 714
14 32 469
32 14 469
14 58 632
58 14 632
14 45 651
45 14 651
15 70 699
70 15 699
15 89 902
89 15 902
15 29 291
29 15 291
15 18 874
18 15 874
15 96 258
96 15 258
15 39 382
39 15 382
15 60 558
60 15 558
15 15 891
15 15 891
15 27 318
27 15 318
15 72 278
72 15 278
15 75 42
75 15 42
15 38 257
38 15 257
15 83 70
83 15 70
16 43 145
43 16 145
16 68 377
68 16 377
16 96 605
96 16 605
16 84 55
84 16 55
16 64 515
64 16 515
16 34 91
34 16 91
16 17 497
17 16 497
16 82 632
82 16 632
16 69 130
69 16 130
16 91 924
91 16 924
16 16 261
16 16 261
16 51 467
51 16 467
16 93 644
93 16 644
16 73 955
73 16 955
16 73 189
73 16 189
16 17 738
17 16 738
16 58 221
58 16 221
17 27 826
27 17 826
17 72 693
72 17 693
17 61 256
61 17 256
17 20 691
20 17 691
17 34 505
34 17 505
17 91 985
91 17 985
17 31 8
31 17 8
17 44 183
44 17 183
17 76 496
76 17 496
17 95 790
95 17 790
17 66 316
66 17 316
17 93 126
93 17 126
17 22 876
22 17 876
17 20 972
20 17 972
18 21 39
21 18 39
18 65 321
65 18 321
18 28 280
28 18 280
18 74 600
74 18 600
18 69 5
69 18 5
18 84 349
84 18 349
18 31 76
31 18 76
18 74 900
74 18 900
18 82 64
82 18 64
18 93 789
93 18 789
18 24 482
24 18 482
18 88 944
88 18 944
18 64 466
64 18 466
18 66 105
66 18 105
18 43 415
43 18 415
19 20 583
20 19 583
19 80 620
80 19 620
19 20 570
20 19 570
19 71 486
71 19 486
19 19 176
19 19 176
19 94 713
94 19 713
19 77 507
77 19 507
19 37 513
37 19 513
19 71 299
71 19 299
19 34 460
34 19 460
19 29 578
29 19 578
19 86 647
86 19 647
20 23 732
23 20 732
20 46 926
46 20 926
20 48 855
48 20 855
20 25 33
25 20 33
20 88 879
88 20 879
20 55 402
55 20 402
20 90 941
90 20 941
20 30 766
30 20 766
20 67 757
67 20 757
20 46 988
46 20 988
20 34 372
34 20 372
20 56 935
56 20 935
20 26 448
26 20 448
20 65 365
65 20 365
20 25 149
25 20 149
21 42 966
42 21 966
21 61 670
61 21 670
21 88 463
88 21 463
21 53 796
53 21 796
21 43 923
43 21 923
21 43 664
43 21 664
21 82 425
82 21 425
21 57 198
57 21 198
21 24 562
24 21 562
21 50 916
50 21 916
21 30 670
30 21 670
21 52 714
52 21 714
21 74 17
74 21 17
22 37 10
37 22 10
22 81 226
81 22 226
22 90 747
90 22 747
22 85 16
85 22 16
22 27 7
27 22 7
22 86 433
86 22 433
22 65 816
65 22 816
22 87 215
87 22 215
22 31 401
31 22 401
22 34 81
34 22 81
22 50 498
50 22 498
23 66 172
66 23 172
23 83 525
83 23 525
23 46 762
46 23 762
23 27 553
27 23 553
23 33 731
33 23 731
23 73 865
73 23 865
23 84 493
84 23 493
23 35 894
35 23 894
23 87 1000
87 23 1000
23 86 441
86 23 441
23 69 473
69 23 473
23 81 746
81 23 746
23 36 90
36 23 90
23 51 47
51 23 47
23 59 704
59 23 704
24 44 652
44 24 652
24 87 212
87 24 212
24 59 954
59 24 954
24 86 712
86 24 712
24 27 795
27 24 795
24 97 569
97 24 569
24 46 61
46 24 61
24 52 371
52 24 371
24 79 691
79 24 691
24 89 230
89 24 230
24 62 645
62 24 645
24 81 452
81 24 452
24 94 45
94 24 45
24 82 985
82 24 985
25 84 499
84 25 499
25 77 997
77 25 997
25 32 789
32 25 789
25 89 139
89 25 139
25 41 883
41 25 883
25 40 758
40 25 758
25 67 588
67 25 588
25 46 467
46 25 467
25 84 389
84 25 389
25 47 463
47 25 463
26 34 813
34 26 813
26 61 879
61 26 879
26 65 360
65 26 360
26 92 937
92 26 937
26 66 776
66 26 776
26 27 35
27 26 35
26 30 967
30 26 967
26 61 511
61 26 511
26 53 23
53 26 23
26 46 838
46 26 838
27 73 723
73 27 723
27 83 210
83 27 210
27 91 151
91 27 151
27 63 242
63 27 242
27 88 643
88 27 643
27 43 272
43 27 272
27 65 498
65 27 498
27 31 313
31 27 313
27 55 546
55 27 546
27 51 871
51 27 871
27 49 394
49 27 394
27 73 56
73 27 56
27 32 971
32 27 971
27 49 8
49 27 8
28 57 787
57 28 787
28 79 419
79 28 419
28 83 946
83 28 946
28 34 695
34 28 695
28 90 682
90 28 682
28 59 768
59 28 768
28 79 941
79 28 941
28 97 432
97 28 432
28 45 965
45 28 965
28 70 101
70 28 101
28 94 526
94 28 526
28 87 617
87 28 617
28 93 495
93 28 495
28 33 502
33 28 502
29 91 158
91 29 158
29 85 13
85 29 13
29 46 722
46 29 722
29 93 503
93 29 503
29 47 546
47 29 546
29 54 169
54 29 169
29 89 611
89 29 611
29 46 953
46 29 953
29 39 817
39 29 817
30 40 124
40 30 124
30 78 115
78 30 115
30 85 342
85 30 342
30 41 538
41 30 538
30 82 610
82 30 610
30 44 889
44 30 889
30 78 521
78 30 521
31 66 36
66 31 36
31 88 832
88 31 832
31 93 426
93 31 426
31 90 638
90 31 638
31 71 499
71 31 499
31 67 801
67 31 801
31 72 51
72 31 51
31 68 632
68 31 632
31 65 414
65 31 414
31 51 73
51 31 73
31 50 601
50 31 601
31 66 657
66 31 657
31 83 399
83 31 399
31 74 80
74 31 80
31 60 243
60 31 243
31 58 278
58 31 278
31 56 848
56 31 848
31 34 934
34 31 934
32 32 550
32 32 550
32 73 199
73 32 199
32 40 96
40 32 96
32 63 573
63 32 573
32 73 527
73 32 527
32 41 297
41 32 297
32 77 446
77 32 446
32 40 943
40 32 943
32 81 407
81 32 407
32 45 278
45 32 278
33 76 887
76 33 887
33 63 68
63 33 68
33 70 461
70 33 461
33 95 345
95 33 345
33 79 346
79 33 346
33 61 304
61 33 304
33 36 888
36 33 888
34 45 121
45 34 121
34 76 172
76 34 172
34 70 397
70 34 397
34 59 9
59 34 9
34 89 905
89 34 905
34 52 872
52 34 872
35 52 912
52 35 912
35 55 269
55 35 269
35 71 535
71 35 535
35 86 416
86 35 416
35 84 630
84 35 630
35 38 83
38 35 83
35 69 354
69 35 354
35 69 11
69 35 11
35 89 956
89 35 956
36 39 144
39 36 144
36 47 362
47 36 362
36 49 636
49 36 636
36 87 551
87 36 551
36 44 179
44 36 179
36 41 133
41 36 133
36 71 238
71 36 238
36 61 317
61 36 317
36 51 331
51 36 331
37 42 737
42 37 737
37 59 793
59 37 793
37 56 313
56 37 313
37 88 955
88 37 955
37 64 364
64 37 364
37 39 443
39 37 443
37 59 624
59 37 624
37 84 350
84 37 350
38 64 883
64 38 883
38 70 882
70 38 882
38 71 935
71 38 935
38 74 893
74 38 893
38 63 395
63 38 395
38 89 357
89 38 357
38 82 955
82 38 955
38 68 681
68 38 681
38 71 49
71 38 49
38 70 998
70 38 998
38 73 320
73 38 320
38 51 679
51 38 679
39 90 946
90 39 946
39 80 901
80 39 901
39 71 30
71 39 30
39 58 673
58 39 673
39 89 185
89 39 185
39 86 250
86 39 250
39 84 407
84 39 407
39 84 951
84 39 951
39 92 568
92 39 568
39 86 663
86 39 663
39 68 955
68 39 955
40 56 70
56 40 70
40 73 763
73 40 763
40 60 157
60 40 157
40 77 686
77 40 686
40 92 616
92 40 616
40 44 831
44 40 831
40 81 24
81 40 24
40 70 569
70 40 569
40 74 599
74 40 599
40 90 387
90 40 387
40 96 973
96 40 973
41 62 347
62 41 347
41 71 987
71 41 987
41 77 460
77 41 460
41 58 231
58 41 231
41 89 749
89 41 749
41 74 224
74 41 224
41 79 54
79 41 54
41 42 828
42 41 828
41 64 143
64 41 143
41 81 59
81 41 59
41 45 438
45 41 438
41 53 528
53 41 528
41 62 83
62 41 83
41 66 471
66 41 471
41 64 990
64 41 990
41 54 406
54 41 406
41 48 424
48 41 424
42 67 892
67 42 892
42 55 946
55 42 946
42 88 7
88 42 7
42 83 223
83 42 223
42 44 289
44 42 289
42 46 663
46 42 663
42 46 338
46 42 338
42 67 193
67 42 193
42 62 137
62 42 137
42 80 503
80 42 503
42 92 236
92 42 236
43 96 951
96 43 951
43 96 558
96 43 558
43 92 35
92 43 35
43 50 197
50 43 197
43 71 538
71 43 538
43 75 55
75 43 55
43 93 302
93 43 302
43 56 524
56 43 524
43 93 942
93 43 942
43 52 619
52 43 619
43 95 864
95 43 864
43 55 148
55 43 148
43 61 293
61 43 293
44 54 423
54 44 423
44 55 429
55 44 429
44 96 704
96 44 704
44 81 402
81 44 402
44 53 255
53 44 255
44 83 846
83 44 846
44 79 946
79 44 946
44 50 363
50 44 363
44 82 261
82 44 261
45 50 563
50 45 563
45 48 923
48 45 923
45 69 69
69 45 69
45 45 617
45 45 617
45 92 780
92 45 780
45 88 107
88 45 107
45 73 732
73 45 732
45 51 59
51 45 59
45 96 130
96 45 130
45 58 827
58 45 827
46 96 780
96 46 780
46 66 969
66 46 969
46 47 413
47 46 413
46 68 953
68 46 953
46 48 929
48 46 929
46 97 232
97 46 232
46 87 153
87 46 153
46 89 491
89 46 491
47 56 849
56 47 849
47 69 281
69 47 281
47 75 537
75 47 537
47 76 863
76 47 863
47 72 152
72 47 152
47 88 162
88 47 162
47 72 40
72 47 40
48 63 680
63 48 680
48 77 341
77 48 341
48 67 172
67 48 172
48 78 411
78 48 411
48 52 139
52 48 139
48 85 645
85 48 645
48 55 931
55 48 931
48 48 772
48 48 772
48 82 584
82 48 584
48 80 926
80 48 926
49 71 267
71 49 267
49 62 592
62 49 592
49 54 765
54 49 765
49 78 713
78 49 713
49 88 113
88 49 113
49 80 665
80 49 665
49 68 842
68 49 842
49 60 768
60 49 768
50 61 462
61 50 462
50 81 403
81 50 403
50 80 903
80 50 903
50 96 198
96 50 198
50 51 280
51 50 280
50 67 141
67 50 141
51 53 608
53 51 608
51 88 641
88 51 641
51 67 822
67 51 822
51 94 541
94 51 541
51 57 690
57 51 690
51 96 855
96 51 855
51 71 375
71 51 375
51 54 91
54 51 91
51 62 155
62 51 155
51 58 543
58 51 543
52 64 331
64 52 331
52 69 993
69 52 993
52 55 159
55 52 159
52 76 800
76 52 800
52 57 783
57 52 783
52 92 112
92 52 112
52 54 57
54 52 57
52 69 230
69 52 230
52 86 713
86 52 713
52 86 405
86 52 405
52 61 873
61 52 873
53 83 870
83 53 870
53 67 867
67 53 867
53 68 337
68 53 337
53 96 368
96 53 368
54 65 155
65 54 155
54 74 863
74 54 863
54 82 670
82 54 670
54 64 632
64 54 632
54 66 14
66 54 14
54 79 376
79 54 376
54 64 281
64 54 281
54 73 339
73 54 339
54 58 294
58 54 294
55 60 432
60 55 432
55 59 705
59 55 705
55 81 728
81 55 728
55 94 885
94 55 885
55 71 998
71 55 998
55 58 60
58 55 60
55 63 590
63 55 590
55 93 663
93 55 663
55 65 979
65 55 979
55 69 326
69 55 326
56 94 467
94 56 467
56 83 374
83 56 374
56 72 363
72 56 363
56 69 964
69 56 964
56 70 380
70 56 380
56 83 448
83 56 448
56 70 479
70 56 479
57 74 28
74 57 28
57 73 722
73 57 722
57 74 951
74 57 951
57 91 31
91 57 31
57 90 448
90 57 448
57 79 645
79 57 645
57 83 824
83 57 824
57 82 636
82 57 636
58 86 641
86 58 641
58 83 361
83 58 361
58 68 702
68 58 702
58 59 98
59 58 98
58 93 828
93 58 828
58 77 310
77 58 310
58 69 119
69 58 119
58 59 122
59 58 122
58 83 3
83 58 3
58 79 935
79 58 935
58 65 945
65 58 945
58 96 484
96 58 484
58 97 998
97 58 998
59 75 236
75 59 236
59 70 103
70 59 103
59 59 364
59 59 364
59 92 611
92 59 611
60 95 544
95 60 544
60 85 518
85 60 518
60 90 223
90 60 223
60 85 643
85 60 643
60 79 291
79 60 291
60 63 294
63 60 294
61 82 941
82 61 941
61 62 118
62 61 118
61 80 921
80 61 921
61 79 2
79 61 2
61 90 330
90 61 330
61 93 93
93 61 93
61 87 166
87 61 166
61 72 785
72 61 785
61 85 194
85 61 194
61 81 854
81 61 854
61 81 468
81 61 468
62 86 697
86 62 697
62 87 995
87 62 995
62 77 608
77 62 608
62 81 208
81 62 208
62 94 892
94 62 892
62 81 620
81 62 620
63 92 96
92 63 96
63 66 779
66 63 779
63 94 692
94 63 692
63 75 887
75 63 887
63 79 564
79 63 564
63 66 863
66 63 863
63 78 510
78 63 510
64 92 209
92 64 209
64 90 393
90 64 393
64 75 765
75 64 765
64 94 625
94 64 625
64 72 567
72 64 567
64 83 839
83 64 839
64 69 993
69 64 993
64 82 297
82 64 297
64 74 142
74 64 142
64 73 352
73 64 352
64 76 877
76 64 877
65 89 389
89 65 389
65 90 772
90 65 772
65 84 562
84 65 562
65 70 320
70 65 320
65 78 210
78 65 210
65 96 434
96 65 434
65 92 578
92 65 578
65 68 399
68 65 399
66 76 45
76 66 45
66 87 921
87 66 921
66 77 346
77 66 346
66 97 305
97 66 305
66 90 254
90 66 254
66 77 102
77 66 102
66 89 670
89 66 670
67 77 518
77 67 518
67 85 641
85 67 641
67 68 834
68 67 834
67 67 816
67 67 816
68 84 145
84 68 145
68 82 211
82 68 211
68 96 308
96 68 308
68 95 704
95 68 704
68 94 938
94 68 938
68 73 372
73 68 372
68 69 436
69 68 436
69 94 279
94 69 279
69 96 651
96 69 651
69 89 358
89 69 358
69 84 744
84 69 744
69 74 871
74 69 871
69 88 329
88 69 329
70 78 275
78 70 275
70 89 110
89 70 110
70 90 451
90 70 451
70 74 934
74 70 934
70 96 868
96 70 868
70 88 827
88 70 827
71 80 58
80 71 58
71 79 941
79 71 941
71 82 94
82 71 94
71 97 182
97 71 182
71 84 776
84 71 776
72 75 909
75 72 909
72 76 784
76 72 784
73 94 496
94 73 496
73 75 82
75 73 82
73 74 209
74 73 209
73 91 843
91 73 843
73 94 5
94 73 5
74 89 523
89 74 523
74 95 277
95 74 277
74 89 838
89 74 838
74 93 568
93 74 568
74 88 257
88 74 257
74 96 522
96 74 522
74 75 853
75 74 853
75 81 679
81 75 679
75 90 284
90 75 284
75 95 177
95 75 177
75 86 313
86 75 313
76 95 956
95 76 956
77 94 292
94 77 292
77 78 668
78 77 668
77 92 900
92 77 900
77 85 888
85 77 888
77 91 410
91 77 410
77 94 225
94 77 225
78 82 404
82 78 404
79 94 859
94 79 859
79 91 272
91 79 272
79 94 754
94 79 754
80 89 473
89 80 473
80 92 206
92 80 206
81 84 683
84 81 683
82 90 947
90 82 947
82 86 902
86 82 902
82 92 206
92 82 206
83 94 952
94 83 952
83 94 782
94 83 782
83 88 535
88 83 535
84 92 189
92 84 189
85 95 490
95 85 490
85 96 425
96 85 425
86 96 776
96 86 776
88 91 935
91 88 935
88 97 404
97 88 404
88 97 781
97 88 781
89 95 968
95 89 968
90 94 977
94 90 977
91 94 881
94 91 881
91 94 580
94 91 580
92 93 344
93 92 344
93 95 251
95 93 251
93 94 702
94 93 702
94 96 650
96 94 650
94 94 54
94 94 54
