64

0 1 436
1 0 436
0 5 552
5 0 552
0 12 855
12 0 855
0 15 999
15 0 999
1 2 551
2 1 551
1 3 72
3 1 72
1 4 130
4 1 130
1 13 191
13 1 191
1 23 73
23 1 73
1 36 139
36 1 139
2 10 710
10 2 710
2 21 120
21 2 120
2 55 113
55 2 113
3 6 201
6 3 201
3 11 515
11 3 515
3 20 164
20 3 164
3 33 372
33 3 372
4 8 713
8 4 713
4 14 733
14 4 733
5 9 453
9 5 453
5 38 232
38 5 232
6 7 197
7 6 197
7 15 26
15 7 26
7 56 801
56 7 801
8 16 990
16 8 990
8 45 720
45 8 720
9 17 110
17 9 110
10 19 873
19 10 873
10 27 988
27 10 988
11 24 270
24 11 270
11 41 117
41 11 117
12 46 434
46 12 434
12 37 962
37 12 962
12 49 346
49 12 346
13 57 802
57 13 802
14 18 118
18 14 118
15 26 663
26 15 663
15 62 620
62 15 620
16 28 9
28 16 9
17 48 626
48 17 626
18 30 688
30 18 688
18 51 211
51 18 211
18 32 990
32 18 990
19 22 58
22 19 58
19 29 464
29 19 464
19 32 773
32 19 773
19 40 203
40 19 203
19 32 333
32 19 333
20 31 954
31 20 954
20 57 707
57 20 707
20 58 501
58 20 501
21 43 736
43 21 736
22 35 227
35 22 227
23 25 135
25 23 135
23 49 723
49 23 723
24 41 45
41 24 45
24 49 88
49 24 88
25 42 801
42 25 801
26 34 898
34 26 898
26 39 116
39 26 116
26 36 211
36 26 211
26 41 542
41 26 542
28 53 572
53 28 572
30 39 299
39 30 299
32 50 533
50 32 533
33 59 661
59 33 661
33 42 998
42 33 998
34 37 438
37 34 438
34 56 108
56 34 108
34 62 247
62 34 247
34 53 66
53 34 66
34 38 666
38 34 666
35 53 827
53 35 827
36 48 595
48 36 595
36 59 505
59 36 505
37 54 298
54 37 298
37 45 161
45 37 161
39 44 12
44 39 12
43 50 16
50 43 16
43 43 337
43 43 337
44 47 540
47 44 540
46 52 960
52 46 960
48 63 556
63 48 556
50 60 773
60 50 773
54 60 86
60 54 86
58 61 104
61 58 104
