87

0 1 129
1 0 129
0 8 663
8 0 663
0 18 346
18 0 346
0 15 610
15 0 610
0 15 40
15 0 40
1 2 600
2 1 600
1 3 874
3 1 874
1 11 183
11 1 183
1 76 424
76 1 424
1 2 999
2 1 999
1 14 459
14 1 459
2 5 920
5 2 920
2 22 499
22 2 499
2 79 528
79 2 528
3 4 643
4 3 643
3 7 527
7 3 527
3 31 304
31 3 304
3 42 578
42 3 578
3 32 913
32 3 913
3 59 249
59 3 249
4 20 885
20 4 885
4 58 597
58 4 597
4 25 753
25 4 753
4 48 890
48 4 890
4 26 303
26 4 303
5 6 415
6 5 415
5 57 389
57 5 389
5 71 377
71 5 377
5 80 570
80 5 570
5 20 712
20 5 712
5 63 630
63 5 630
5 21 317
21 5 317
6 24 903
24 6 903
6 27 153
27 6 153
6 38 434
38 6 434
6 41 684
41 6 684
6 54 144
54 6 144
7 9 298
9 7 298
7 12 136
12 7 136
7 13 569
13 7 569
7 60 149
60 7 149
7 64 479
64 7 479
8 10 65
10 8 65
8 14 598
14 8 598
8 16 323
16 8 323
8 59 549
59 8 549
8 67 683
67 8 683
8 67 935
67 8 935
9 37 635
37 9 635
9 12 629
12 9 629
9 56 245
56 9 245
9 41 394
41 9 394
9 27 478
27 9 478
10 32 139
32 10 139
10 63 554
63 10 554
11 40 588
40 11 588
11 72 648
72 11 648
11 25 649
25 11 649
11 32 474
32 11 474
11 84 420
84 11 420
12 26 843
26 12 843
12 49 571
49 12 571
12 80 312
80 12 312
12 59 258
59 12 258
12 64 729
64 12 729
13 15 78
15 13 78
13 17 784
17 13 784
13 25 406
25 13 406
13 39 844
39 13 844
13 43 68
43 13 68
13 46 478
46 13 478
13 70 447
70 13 447
13 27 407
27 13 407
13 82 838
82 13 838
14 67 187
67 14 187
14 25 275
25 14 275
14 34 154
34 14 154
15 19 30
19 15 30
15 51 577
51 15 577
15 85 215
85 15 215
16 62 297
62 16 297
17 21 819
21 17 819
17 68 401
68 17 401
17 66 762
66 17 762
17 19 953
19 17 953
17 20 953
20 17 953
17 39 388
39 17 388
17 30 446
30 17 446
18 19 203
19 18 203
18 77 505
77 18 505
19 32 809
32 19 809
19 39 325
39 19 325
19 77 474
77 19 474
20 33 541
33 20 541
20 41 163
41 20 163
20 50 918
50 20 918
20 37 544
37 20 544
20 35 911
35 20 911
21 23 593
23 21 593
21 56 375
56 21 375
21 48 742
48 21 742
21 51 542
51 21 542
22 51 36
51 22 36
22 62 505
62 22 505
23 28 783
28 23 783
23 35 225
35 23 225
23 47 50
47 23 50
23 31 161
31 23 161
23 67 894
67 23 894
23 62 909
62 23 909
24 83 454
83 24 454
25 29 634
29 25 634
25 30 441
30 25 441
26 61 827
61 26 827
26 73 619
73 26 619
26 49 621
49 26 621
26 69 818
69 26 818
26 73 147
73 26 147
26 56 555
56 26 555
27 34 344
34 27 344
28 44 837
44 28 837
28 64 494
64 28 494
28 65 114
65 28 114
28 81 153
81 28 153
28 45 920
45 28 920
29 74 197
74 29 197
31 32 720
32 31 720
31 50 9
50 31 9
31 83 326
83 31 326
32 36 145
36 32 145
32 45 135
45 32 135
32 50 368
50 32 368
32 69 630
69 32 630
33 72 278
72 33 278
33 81 970
81 33 970
34 81 621
81 34 621
34 73 556
73 34 556
34 50 644
50 34 644
34 54 383
54 34 383
35 46 847
46 35 847
36 55 229
55 36 229
37 66 596
66 37 596
37 44 672
44 37 672
37 39 204
39 37 204
38 52 365
52 38 365
38 67 295
67 38 295
38 60 130
60 38 130
38 64 371
64 38 371
39 48 876
48 39 876
40 53 338
53 40 338
41 68 49
68 41 49
41 70 339
70 41 339
41 55 980
55 41 980
42 64 753
64 42 753
46 77 770
77 46 770
46 54 783
54 46 783
46 63 183
63 46 183
46 57 692
57 46 692
47 54 630
54 47 630
47 56 722
56 47 722
48 55 899
55 48 899
48 50 12
50 48 12
52 85 775
85 52 775
53 54 850
54 53 850
53 54 548
54 53 548
54 84 830
84 54 830
54 66 148
66 54 148
55 60 267
60 55 267
55 82 85
82 55 85
56 78 915
78 56 915
57 83 999
83 57 999
59 62 703
62 59 703
59 63 711
63 59 711
59 70 457
70 59 457
59 62 91
62 59 91
60 60 653
60 60 653
62 71 747
71 62 747
62 70 107
70 62 107
62 73 170
73 62 170
63 78 907
78 63 907
64 74 888
74 64 888
64 77 521
77 64 521
64 78 989
78 64 989
65 66 676
66 65 676
67 75 243
75 67 243
67 68 922
68 67 922
69 84 623
84 69 623
69 83 978
83 69 978
71 86 801
86 71 801
72 85 216
85 72 216
74 83 261
83 74 261
77 84 431
84 77 431
80 82 45
82 80 45
