91

0 1 687
1 0 687
0 3 311
3 0 311
0 5 374
5 0 374
0 6 750
6 0 750
0 20 984
20 0 984
0 62 447
62 0 447
0 63 865
63 0 865
0 4 414
4 0 414
0 50 489
50 0 489
0 58 80
58 0 80
0 51 586
51 0 586
0 39 381
39 0 381
0 18 936
18 0 936
1 2 511
2 1 511
1 4 417
4 1 417
1 13 278
13 1 278
1 22 628
22 1 628
1 65 22
65 1 22
1 66 116
66 1 116
1 75 123
75 1 123
1 22 879
22 1 879
1 62 637
62 1 637
1 28 708
28 1 708
1 68 419
68 1 419
1 56 834
56 1 834
2 11 828
11 2 828
2 18 904
18 2 904
2 7 863
7 2 863
2 75 403
75 2 403
2 23 679
23 2 679
2 55 184
55 2 184
2 56 572
56 2 572
2 28 172
28 2 172
3 12 664
12 3 664
3 41 714
41 3 714
3 40 522
40 3 522
3 61 427
61 3 427
3 38 772
38 3 772
3 85 383
85 3 383
3 85 704
85 3 704
4 10 54
10 4 54
4 16 567
16 4 567
4 30 93
30 4 93
4 8 661
8 4 661
4 50 557
50 4 557
4 36 981
36 4 981
4 42 664
42 4 664
5 7 343
7 5 343
5 32 843
32 5 843
5 12 61
12 5 61
5 70 164
70 5 164
5 58 679
58 5 679
5 17 799
17 5 799
5 81 197
81 5 197
6 9 222
9 6 222
6 8 90
8 6 90
6 81 410
81 6 410
6 88 414
88 6 414
6 77 450
77 6 450
7 8 547
8 7 547
7 60 456
60 7 456
7 71 693
71 7 693
7 48 932
48 7 932
7 59 764
59 7 764
7 38 390
38 7 390
7 56 934
56 7 934
7 56 797
56 7 797
7 8 666
8 7 666
7 31 367
31 7 367
8 14 714
14 8 714
8 86 581
86 8 581
8 75 907
75 8 907
8 16 266
16 8 266
9 31 691
31 9 691
9 13 994
13 9 994
10 21 728
21 10 728
10 23 372
23 10 372
10 54 441
54 10 441
10 63 532
63 10 532
10 85 805
85 10 805
10 48 293
48 10 293
10 15 224
15 10 224
10 54 205
54 10 205
10 56 382
56 10 382
10 73 374
73 10 374
11 17 721
17 11 721
11 59 262
59 11 262
12 87 657
87 12 657
13 28 638
28 13 638
13 57 550
57 13 550
13 26 619
26 13 619
13 31 641
31 13 641
13 76 756
76 13 756
13 78 839
78 13 839
13 41 160
41 13 160
14 15 830
15 14 830
14 46 916
46 14 916
14 82 376
82 14 376
14 75 751
75 14 751
14 65 951
65 14 951
14 21 165
21 14 165
14 34 148
34 14 148
14 20 491
20 14 491
14 77 720
77 14 720
15 48 876
48 15 876
15 21 703
21 15 703
15 41 280
41 15 280
15 60 668
60 15 668
16 24 664
24 16 664
16 49 416
49 16 416
16 28 299
28 16 299
16 33 901
33 16 901
16 75 219
75 16 219
16 76 343
76 16 343
16 51 384
51 16 384
16 84 426
84 16 426
16 87 278
87 16 278
17 19 92
19 17 92
17 38 433
38 17 433
17 41 542
41 17 542
17 55 867
55 17 867
17 61 399
61 17 399
17 23 74
23 17 74
17 78 214
78 17 214
17 17 396
17 17 396
17 87 259
87 17 259
17 20 616
20 17 616
18 29 756
29 18 756
18 68 419
68 18 419
18 36 111
36 18 111
18 40 318
40 18 318
18 84 490
84 18 490
18 31 444
31 18 444
18 79 967
79 18 967
18 48 276
48 18 276
19 34 648
34 19 648
19 29 319
29 19 319
19 89 583
89 19 583
19 42 425
42 19 425
19 69 485
69 19 485
19 77 685
77 19 685
20 36 281
36 20 281
20 43 494
43 20 494
20 47 858
47 20 858
20 50 687
50 20 687
20 89 664
89 20 664
20 78 201
78 20 201
20 31 708
31 20 708
20 90 607
90 20 607
20 65 536
65 20 536
20 85 621
85 20 621
21 27 909
27 21 909
21 65 408
65 21 408
21 87 593
87 21 593
21 27 232
27 21 232
22 33 597
33 22 597
22 25 416
25 22 416
22 65 834
65 22 834
22 85 760
85 22 760
22 23 783
23 22 783
23 25 358
25 23 358
23 54 617
54 23 617
23 74 849
74 23 849
23 42 500
42 23 500
23 64 255
64 23 255
23 53 641
53 23 641
24 44 313
44 24 313
24 63 147
63 24 147
25 26 373
26 25 373
25 35 410
35 25 410
25 68 991
68 25 991
25 80 917
80 25 917
25 88 627
88 25 627
25 48 520
48 25 520
25 61 859
61 25 859
26 37 17
37 26 17
26 39 360
39 26 360
26 79 465
79 26 465
26 64 627
64 26 627
26 58 265
58 26 265
27 35 583
35 27 583
27 72 433
72 27 433
28 35 811
35 28 811
28 58 590
58 28 590
28 81 176
81 28 176
28 85 472
85 28 472
28 30 121
30 28 121
29 30 636
30 29 636
29 31 417
31 29 417
29 74 436
74 29 436
29 86 439
86 29 439
29 52 486
52 29 486
29 62 277
62 29 277
30 52 306
52 30 306
30 34 641
34 30 641
31 56 63
56 31 63
31 32 11
32 31 11
31 44 28
44 31 28
32 76 664
76 32 664
32 86 214
86 32 214
32 72 562
72 32 562
32 82 650
82 32 650
32 53 807
53 32 807
32 36 854
36 32 854
32 79 97
79 32 97
32 71 910
71 32 910
32 86 715
86 32 715
32 54 791
54 32 791
32 54 680
54 32 680
33 67 18
67 33 18
33 65 404
65 33 404
33 38 783
38 33 783
34 54 159
54 34 159
34 41 397
41 34 397
35 87 863
87 35 863
35 54 113
54 35 113
36 39 746
39 36 746
36 43 210
43 36 210
36 50 763
50 36 763
36 71 951
71 36 951
37 66 217
66 37 217
37 65 389
65 37 389
37 71 790
71 37 790
38 40 33
40 38 33
38 66 386
66 38 386
38 40 89
40 38 89
38 78 197
78 38 197
38 56 383
56 38 383
39 42 16
42 39 16
39 45 218
45 39 218
39 51 537
51 39 537
39 52 247
52 39 247
39 59 435
59 39 435
39 78 574
78 39 574
39 50 47
50 39 47
39 88 845
88 39 845
39 88 485
88 39 485
39 62 535
62 39 535
39 48 28
48 39 28
40 67 884
67 40 884
40 52 346
52 40 346
40 85 488
85 40 488
40 47 245
47 40 245
42 89 895
89 42 895
42 68 292
68 42 292
42 55 469
55 42 469
42 74 279
74 42 279
42 67 706
67 42 706
43 73 998
73 43 998
43 45 264
45 43 264
43 74 894
74 43 894
44 88 125
88 44 125
45 53 340
53 45 340
45 58 598
58 45 598
45 61 549
61 45 549
45 57 724
57 45 724
45 76 135
76 45 135
46 53 117
53 46 117
46 81 583
81 46 583
47 81 920
81 47 920
47 73 388
73 47 388
47 53 976
53 47 976
48 76 877
76 48 877
48 49 543
49 48 543
49 69 111
69 49 111
49 76 109
76 49 109
50 72 562
72 50 562
50 88 495
88 50 495
50 81 719
81 50 719
50 86 561
86 50 561
50 75 392
75 50 392
50 83 84
83 50 84
51 73 817
73 51 817
51 87 407
87 51 407
52 70 407
70 52 407
52 79 577
79 52 577
52 84 729
84 52 729
52 88 991
88 52 991
52 52 668
52 52 668
52 63 263
63 52 263
53 67 893
67 53 893
53 59 763
59 53 763
54 89 330
89 54 330
54 66 385
66 54 385
55 78 904
78 55 904
55 74 292
74 55 292
55 79 186
79 55 186
57 78 584
78 57 584
57 67 440
67 57 440
57 58 74
58 57 74
57 63 787
63 57 787
59 64 666
64 59 666
59 76 999
76 59 999
60 77 392
77 60 392
61 67 856
67 61 856
61 71 1
71 61 1
62 80 839
80 62 839
62 86 407
86 62 407
62 87 563
87 62 563
62 74 713
74 62 713
62 66 82
66 62 82
62 77 560
77 62 560
62 78 162
78 62 162
63 86 166
86 63 166
63 80 28
80 63 28
63 81 879
81 63 879
64 66 827
66 64 827
64 82 992
82 64 992
66 89 344
89 66 344
67 80 129
80 67 129
67 84 355
84 67 355
68 75 779
75 68 779
68 69 235
69 68 235
69 73 447
73 69 447
69 89 38
89 69 38
70 90 418
90 70 418
71 77 794
77 71 794
71 80 610
80 71 610
72 84 957
84 72 957
72 72 733
72 72 733
73 89 597
89 73 597
74 82 790
82 74 790
74 78 690
78 74 690
74 82 234
82 74 234
76 83 987
83 76 987
76 76 811
76 76 811
77 86 213
86 77 213
78 87 342
87 78 342
79 81 474
81 79 474
80 80 518
80 80 518
81 82 948
82 81 948
84 89 273
89 84 273
