16

0 1 126
1 0 126
0 3 925
3 0 925
0 8 360
8 0 360
0 4 970
4 0 970
0 14 224
14 0 224
0 6 866
6 0 866
1 2 3
2 1 3
1 9 909
9 1 909
1 12 768
12 1 768
2 4 3
4 2 3
2 7 739
7 2 739
3 7 933
7 3 933
4 5 621
5 4 621
4 10 2
10 4 2
5 6 893
6 5 893
6 11 79
11 6 79
6 12 255
12 6 255
7 15 946
15 7 946
8 9 452
9 8 452
9 11 305
11 9 305
9 13 981
13 9 981
10 14 980
14 10 980
11 12 58
12 11 58
11 11 232
11 11 232
13 14 154
14 13 154
