37

0 1 301
1 0 301
0 2 196
2 0 196
0 3 444
3 0 444
0 7 567
7 0 567
0 10 631
10 0 631
0 5 502
5 0 502
0 26 393
26 0 393
0 7 483
7 0 483
0 1 184
1 0 184
0 8 638
8 0 638
0 19 845
19 0 845
0 22 139
22 0 139
1 5 452
5 1 452
1 6 306
6 1 306
1 9 954
9 1 954
1 10 168
10 1 168
1 5 374
5 1 374
1 18 635
18 1 635
1 13 847
13 1 847
1 5 321
5 1 321
1 4 922
4 1 922
1 36 273
36 1 273
1 29 545
29 1 545
2 4 472
4 2 472
2 30 560
30 2 560
2 9 638
9 2 638
2 15 344
15 2 344
2 26 18
26 2 18
3 22 22
22 3 22
3 32 89
32 3 89
3 17 271
17 3 271
3 16 345
16 3 345
3 29 281
29 3 281
3 4 106
4 3 106
3 13 778
13 3 778
3 17 147
17 3 147
3 33 256
33 3 256
4 14 203
14 4 203
4 28 490
28 4 490
4 26 136
26 4 136
4 16 842
16 4 842
4 6 934
6 4 934
4 31 347
31 4 347
5 36 826
36 5 826
5 30 494
30 5 494
5 30 423
30 5 423
5 19 447
19 5 447
5 23 275
23 5 275
5 22 126
22 5 126
5 11 768
11 5 768
5 31 305
31 5 305
6 8 40
8 6 40
6 19 584
19 6 584
6 20 539
20 6 539
6 21 940
21 6 940
6 16 567
16 6 567
6 28 860
28 6 860
6 9 415
9 6 415
6 8 281
8 6 281
7 27 413
27 7 413
7 15 147
15 7 147
7 29 385
29 7 385
7 26 319
26 7 319
7 30 33
30 7 33
7 24 306
24 7 306
7 22 448
22 7 448
8 23 42
23 8 42
8 19 884
19 8 884
8 34 534
34 8 534
8 15 329
15 8 329
9 17 992
17 9 992
9 18 406
18 9 406
9 35 898
35 9 898
9 26 10
26 9 10
10 11 808
11 10 808
10 15 468
15 10 468
10 24 234
24 10 234
10 32 245
32 10 245
10 19 672
19 10 672
10 26 395
26 10 395
10 15 878
15 10 878
10 14 932
14 10 932
10 22 444
22 10 444
11 12 730
12 11 730
11 13 414
13 11 414
11 26 427
26 11 427
11 18 391
18 11 391
12 16 857
16 12 857
12 35 389
35 12 389
12 33 414
33 12 414
12 14 194
14 12 194
12 15 434
15 12 434
12 34 239
34 12 239
12 32 230
32 12 230
12 28 392
28 12 392
13 29 17
29 13 17
13 34 958
34 13 958
13 16 314
16 13 314
13 23 492
23 13 492
13 27 953
27 13 953
14 32 73
32 14 73
14 32 502
32 14 502
14 18 709
18 14 709
14 36 934
36 14 934
15 33 760
33 15 760
16 17 909
17 16 909
16 26 462
26 16 462
16 17 706
17 16 706
16 21 223
21 16 223
16 29 562
29 16 562
16 30 678
30 16 678
17 21 766
21 17 766
17 35 162
35 17 162
17 18 903
18 17 903
18 23 189
23 18 189
18 25 122
25 18 122
18 33 608
33 18 608
18 32 805
32 18 805
18 19 276
19 18 276
19 27 756
27 19 756
19 23 970
23 19 970
19 24 428
24 19 428
19 22 159
22 19 159
20 29 695
29 20 695
20 33 229
33 20 229
21 34 114
34 21 114
21 29 984
29 21 984
22 34 35
34 22 35
22 33 473
33 22 473
22 22 645
22 22 645
22 29 318
29 22 318
23 33 676
33 23 676
23 29 626
29 23 626
23 31 524
31 23 524
23 30 830
30 23 830
24 32 592
32 24 592
25 31 423
31 25 423
25 26 879
26 25 879
25 32 981
32 25 981
25 27 486
27 25 486
25 33 613
33 25 613
25 30 887
30 25 887
26 29 491
29 26 491
26 33 718
33 26 718
27 29 176
29 27 176
27 33 896
33 27 896
28 31 353
31 28 353
28 33 911
33 28 911
28 36 436
36 28 436
28 36 809
36 28 809
29 35 160
35 29 160
29 36 550
36 29 550
29 30 840
30 29 840
30 31 114
31 30 114
31 33 632
33 31 632
32 32 471
32 32 471
33 36 700
36 33 700
33 36 352
36 33 352
33 34 373
34 33 373
34 35 13
35 34 13
