89

0 1 174
1 0 174
0 2 442
2 0 442
0 4 74
4 0 74
0 5 700
5 0 700
0 52 826
52 0 826
0 65 276
65 0 276
0 26 680
26 0 680
1 3 964
3 1 964
1 8 380
8 1 380
1 14 784
14 1 784
1 19 215
19 1 215
1 21 303
21 1 303
1 26 302
26 1 302
1 35 549
35 1 549
1 74 900
74 1 900
1 44 279
44 1 279
1 48 481
48 1 481
1 43 372
43 1 372
2 7 243
7 2 243
2 16 754
16 2 754
2 82 635
82 2 635
2 33 563
33 2 563
3 12 74
12 3 74
3 36 534
36 3 534
3 87 222
87 3 222
3 5 611
5 3 611
3 78 667
78 3 667
3 4 90
4 3 90
4 6 685
6 4 685
4 15 809
15 4 809
4 29 441
29 4 441
4 38 398
38 4 398
4 41 79
41 4 79
4 40 361
40 4 361
4 72 39
72 4 39
4 74 87
74 4 87
5 43 763
43 5 763
6 17 861
17 6 861
6 33 147
33 6 147
6 33 869
33 6 869
6 35 777
35 6 777
6 62 909
62 6 909
7 10 53
10 7 53
7 27 736
27 7 736
7 70 191
70 7 191
7 52 314
52 7 314
8 9 954
9 8 954
8 11 363
11 8 363
8 22 845
22 8 845
8 45 712
45 8 712
8 81 261
81 8 261
8 88 910
88 8 910
8 83 281
83 8 281
8 73 495
73 8 495
8 18 107
18 8 107
8 24 149
24 8 149
9 11 759
11 9 759
9 81 320
81 9 320
9 44 872
44 9 872
10 32 60
32 10 60
10 44 208
44 10 208
10 82 309
82 10 309
11 56 562
56 11 562
11 73 326
73 11 326
11 43 996
43 11 996
11 31 54
31 11 54
11 70 153
70 11 153
11 63 521
63 11 521
12 13 525
13 12 525
12 30 507
30 12 507
12 31 358
31 12 358
12 78 924
78 12 924
12 67 988
67 12 988
13 24 265
24 13 265
13 25 253
25 13 253
13 69 46
69 13 46
13 77 481
77 13 481
14 18 326
18 14 326
14 46 635
46 14 635
14 51 687
51 14 687
14 38 761
38 14 761
14 16 566
16 14 566
14 23 42
23 14 42
15 72 781
72 15 781
15 25 115
25 15 115
17 20 318
20 17 318
17 46 444
46 17 444
17 59 915
59 17 915
17 78 576
78 17 576
17 66 319
66 17 319
18 34 877
34 18 877
18 80 437
80 18 437
18 49 809
49 18 809
19 49 581
49 19 581
19 69 784
69 19 784
19 86 778
86 19 778
20 23 325
23 20 325
20 45 198
45 20 198
20 41 609
41 20 609
22 28 700
28 22 700
22 39 459
39 22 459
22 29 858
29 22 858
23 56 477
56 23 477
23 60 669
60 23 669
23 75 728
75 23 728
25 27 325
27 25 325
25 57 274
57 25 274
25 29 813
29 25 813
26 39 546
39 26 546
26 47 411
47 26 411
26 57 899
57 26 899
26 52 187
52 26 187
27 40 499
40 27 499
27 48 805
48 27 805
28 33 675
33 28 675
29 42 473
42 29 473
29 53 460
53 29 460
29 77 395
77 29 395
30 50 37
50 30 37
31 75 136
75 31 136
32 54 79
54 32 79
32 40 687
40 32 687
33 69 4
69 33 4
34 37 703
37 34 703
36 42 622
42 36 622
36 64 42
64 36 42
36 75 143
75 36 143
37 81 677
81 37 677
38 48 174
48 38 174
38 71 121
71 38 121
38 68 843
68 38 843
38 41 943
41 38 943
39 67 307
67 39 307
39 67 712
67 39 712
40 53 114
53 40 114
40 48 259
48 40 259
40 50 669
50 40 669
42 51 972
51 42 972
42 58 341
58 42 341
42 63 10
63 42 10
42 75 356
75 42 356
42 84 540
84 42 540
42 84 520
84 42 520
43 68 631
68 43 631
44 56 850
56 44 850
45 72 86
72 45 86
45 82 560
82 45 560
46 87 405
87 46 405
47 73 263
73 47 263
47 83 491
83 47 491
47 87 461
87 47 461
47 61 720
61 47 720
47 57 842
57 47 842
48 55 566
55 48 566
48 60 976
60 48 976
48 62 431
62 48 431
48 73 870
73 48 870
49 52 765
52 49 765
49 67 386
67 49 386
50 79 724
79 50 724
53 69 910
69 53 910
54 61 695
61 54 695
54 62 826
62 54 826
54 79 753
79 54 753
54 80 958
80 54 958
54 61 109
61 54 109
55 58 643
58 55 643
55 75 445
75 55 445
55 82 997
82 55 997
55 68 633
68 55 633
56 57 951
57 56 951
56 78 49
78 56 49
57 65 696
65 57 696
57 77 279
77 57 279
61 82 146
82 61 146
62 66 666
66 62 666
62 77 925
77 62 925
65 85 501
85 65 501
66 72 855
72 66 855
66 71 601
71 66 601
66 82 222
82 66 222
67 83 580
83 67 580
67 70 809
70 67 809
67 84 478
84 67 478
68 81 751
81 68 751
71 76 3
76 71 3
72 74 260
74 72 260
76 82 886
82 76 886
78 82 497
82 78 497
81 81 538
81 81 538
83 84 83
84 83 83
84 84 193
84 84 193
87 87 706
87 87 706
