56

0 1 195
1 0 195
0 2 978
2 0 978
0 5 223
5 0 223
0 8 979
8 0 979
0 12 934
12 0 934
0 13 75
13 0 75
0 12 68
12 0 68
0 46 954
46 0 954
0 28 343
28 0 343
0 30 50
30 0 50
0 55 200
55 0 200
0 16 823
16 0 823
1 4 487
4 1 487
1 15 210
15 1 210
1 17 632
17 1 632
1 18 706
18 1 706
1 11 91
11 1 91
1 35 403
35 1 403
1 48 949
48 1 949
1 21 919
21 1 919
1 49 128
49 1 128
1 20 129
20 1 129
1 12 148
12 1 148
1 13 143
13 1 143
1 14 528
14 1 528
2 3 396
3 2 396
2 30 833
30 2 833
2 48 496
48 2 496
2 6 903
6 2 903
2 50 603
50 2 603
2 53 954
53 2 954
3 10 889
10 3 889
3 11 536
11 3 536
3 16 70
16 3 70
3 28 178
28 3 178
3 10 745
10 3 745
3 29 665
29 3 665
3 20 496
20 3 496
3 4 510
4 3 510
3 54 738
54 3 738
3 24 497
24 3 497
4 35 660
35 4 660
4 43 942
43 4 942
4 7 722
7 4 722
4 27 286
27 4 286
4 23 962
23 4 962
4 54 385
54 4 385
5 6 483
6 5 483
5 7 325
7 5 325
5 32 723
32 5 723
5 53 587
53 5 587
5 24 895
24 5 895
5 38 960
38 5 960
5 19 199
19 5 199
5 25 787
25 5 787
5 54 200
54 5 200
6 9 536
9 6 536
6 34 464
34 6 464
6 44 974
44 6 974
6 46 678
46 6 678
6 40 401
40 6 401
6 30 766
30 6 766
6 9 261
9 6 261
6 21 811
21 6 811
6 36 589
36 6 589
7 13 136
13 7 136
7 22 147
22 7 147
7 39 75
39 7 75
7 9 40
9 7 40
7 50 38
50 7 38
7 25 332
25 7 332
7 22 205
22 7 205
7 46 529
46 7 529
7 30 671
30 7 671
7 51 711
51 7 711
7 10 780
10 7 780
8 19 572
19 8 572
8 42 199
42 8 199
8 47 499
47 8 499
8 27 346
27 8 346
8 18 268
18 8 268
8 47 730
47 8 730
8 50 811
50 8 811
8 48 428
48 8 428
8 54 751
54 8 751
9 14 963
14 9 963
9 24 682
24 9 682
9 18 418
18 9 418
9 26 765
26 9 765
9 32 623
32 9 623
9 19 34
19 9 34
10 25 692
25 10 692
10 48 125
48 10 125
10 52 779
52 10 779
10 24 30
24 10 30
10 29 760
29 10 760
11 35 779
35 11 779
11 22 705
22 11 705
11 30 568
30 11 568
11 50 629
50 11 629
11 30 864
30 11 864
11 11 88
11 11 88
11 22 5
22 11 5
12 23 314
23 12 314
12 32 812
32 12 812
12 26 23
26 12 23
12 45 219
45 12 219
12 29 765
29 12 765
12 23 83
23 12 83
12 18 431
18 12 431
12 38 298
38 12 298
13 21 900
21 13 900
13 43 696
43 13 696
13 20 561
20 13 561
13 30 3
30 13 3
14 20 884
20 14 884
14 24 952
24 14 952
14 27 333
27 14 333
14 36 795
36 14 795
14 43 751
43 14 751
14 33 772
33 14 772
14 34 757
34 14 757
14 25 8
25 14 8
14 49 800
49 14 800
15 49 304
49 15 304
15 33 507
33 15 507
15 21 77
21 15 77
15 23 62
23 15 62
15 32 702
32 15 702
15 25 711
25 15 711
15 45 775
45 15 775
15 39 334
39 15 334
16 33 687
33 16 687
16 50 172
50 16 172
16 48 271
48 16 271
16 40 683
40 16 683
16 35 226
35 16 226
17 55 786
55 17 786
17 54 730
54 17 730
17 37 878
37 17 878
18 30 234
30 18 234
18 34 220
34 18 220
18 53 11
53 18 11
18 19 931
19 18 931
18 42 346
42 18 346
18 27 148
27 18 148
19 19 614
19 19 614
19 31 155
31 19 155
19 43 929
43 19 929
19 26 935
26 19 935
19 47 400
47 19 400
19 48 317
48 19 317
20 39 810
39 20 810
20 39 922
39 20 922
20 51 379
51 20 379
20 39 999
39 20 999
20 39 278
39 20 278
20 33 851
33 20 851
21 44 872
44 21 872
21 41 482
41 21 482
21 33 820
33 21 820
21 44 135
44 21 135
21 33 395
33 21 395
21 46 460
46 21 460
22 26 623
26 22 623
22 29 156
29 22 156
22 30 795
30 22 795
22 46 990
46 22 990
22 31 396
31 22 396
22 39 912
39 22 912
22 37 532
37 22 532
22 25 893
25 22 893
22 24 443
24 22 443
23 38 639
38 23 639
23 47 630
47 23 630
23 51 584
51 23 584
23 50 753
50 23 753
23 36 359
36 23 359
23 38 356
38 23 356
23 46 998
46 23 998
24 52 424
52 24 424
24 48 376
48 24 376
24 25 272
25 24 272
24 40 289
40 24 289
24 39 296
39 24 296
25 38 484
38 25 484
25 53 3
53 25 3
26 31 228
31 26 228
26 50 905
50 26 905
26 26 428
26 26 428
26 35 990
35 26 990
26 29 923
29 26 923
27 40 133
40 27 133
27 54 396
54 27 396
27 49 284
49 27 284
27 33 506
33 27 506
28 51 888
51 28 888
28 48 620
48 28 620
28 28 803
28 28 803
28 49 246
49 28 246
30 39 399
39 30 399
30 42 835
42 30 835
30 52 148
52 30 148
30 48 986
48 30 986
30 33 501
33 30 501
30 48 163
48 30 163
31 37 2
37 31 2
31 42 287
42 31 287
31 55 253
55 31 253
31 34 335
34 31 335
31 40 787
40 31 787
32 38 137
38 32 137
32 41 808
41 32 808
33 43 360
43 33 360
34 42 371
42 34 371
34 54 371
54 34 371
34 54 632
54 34 632
34 35 734
35 34 734
34 36 73
36 34 73
35 38 475
38 35 475
35 49 921
49 35 921
35 39 535
39 35 535
35 44 2
44 35 2
35 52 965
52 35 965
35 52 573
52 35 573
36 44 201
44 36 201
36 54 703
54 36 703
36 40 424
40 36 424
37 45 911
45 37 911
38 39 314
39 38 314
38 40 230
40 38 230
39 47 370
47 39 370
39 49 39
49 39 39
39 50 321
50 39 321
39 40 877
40 39 877
39 47 86
47 39 86
40 41 199
41 40 199
40 45 73
45 40 73
41 41 142
41 41 142
41 51 318
51 41 318
42 43 668
43 42 668
42 48 999
48 42 999
42 46 465
46 42 465
43 50 226
50 43 226
44 52 617
52 44 617
45 55 768
55 45 768
46 50 243
50 46 243
47 49 105
49 47 105
48 49 905
49 48 905
48 54 575
54 48 575
49 53 71
53 49 71
50 55 522
55 50 522
50 54 40
54 50 40
51 52 894
52 51 894
54 54 613
54 54 613
