88

0 1 574
1 0 574
0 2 156
2 0 156
0 7 682
7 0 682
0 13 674
13 0 674
0 17 746
17 0 746
0 22 398
22 0 398
0 24 441
24 0 441
0 63 166
63 0 166
1 4 765
4 1 765
1 6 538
6 1 538
1 12 284
12 1 284
1 52 270
52 1 270
2 3 55
3 2 55
2 81 633
81 2 633
3 10 615
10 3 615
3 30 103
30 3 103
3 45 342
45 3 342
4 5 476
5 4 476
4 47 301
47 4 301
4 69 948
69 4 948
5 33 498
33 5 498
6 8 119
8 6 119
6 9 266
9 6 266
6 38 106
38 6 106
6 72 973
72 6 973
6 61 387
61 6 387
7 11 355
11 7 355
7 15 625
15 7 625
7 23 898
23 7 898
7 25 151
25 7 151
8 32 988
32 8 988
12 50 816
50 12 816
12 84 973
84 12 973
13 14 577
14 13 577
13 16 454
16 13 454
14 21 169
21 14 169
14 51 826
51 14 826
15 18 120
18 15 120
16 20 17
20 16 17
16 76 796
76 16 796
16 78 105
78 16 105
17 29 748
29 17 748
17 40 818
40 17 818
17 73 700
73 17 700
18 19 958
19 18 958
18 28 988
28 18 988
18 37 925
37 18 925
18 42 867
42 18 867
18 48 117
48 18 117
18 75 521
75 18 521
19 26 961
26 19 961
19 27 627
27 19 627
19 41 705
41 19 705
20 71 465
71 20 465
21 35 716
35 21 716
21 60 118
60 21 118
22 39 491
39 22 491
22 62 29
62 22 29
24 55 38
55 24 38
25 34 905
34 25 905
25 36 58
36 25 58
25 79 399
79 25 399
26 77 452
77 26 452
27 31 239
31 27 239
28 57 942
57 28 942
28 64 55
64 28 55
29 68 244
68 29 244
30 53 724
53 30 724
30 78 448
78 30 448
32 43 724
43 32 724
35 86 971
86 35 971
36 44 342
44 36 342
38 67 160
67 38 160
39 51 593
51 39 593
43 49 300
49 43 300
44 46 910
46 44 910
45 54 683
54 45 683
45 58 251
58 45 251
45 66 717
66 45 717
45 68 434
68 45 434
49 86 504
86 49 504
52 61 192
61 52 192
52 70 408
70 52 408
53 56 565
56 53 565
58 59 704
59 58 704
58 74 667
74 58 667
61 87 984
87 61 984
62 65 123
65 62 123
62 70 936
70 62 936
74 80 668
80 74 668
74 82 195
82 74 195
77 85 499
85 77 499
78 83 545
83 78 545
