89

0 1 322
1 0 322
0 2 63
2 0 63
0 6 172
6 0 172
0 14 310
14 0 310
0 18 633
18 0 633
0 45 379
45 0 379
0 74 240
74 0 240
0 7 133
7 0 133
0 65 792
65 0 792
0 9 796
9 0 796
1 3 836
3 1 836
1 7 398
7 1 398
1 85 905
85 1 905
1 85 342
85 1 342
2 4 267
4 2 267
2 5 986
5 2 986
2 10 109
10 2 109
2 19 198
19 2 198
2 20 540
20 2 540
2 39 139
39 2 139
2 37 680
37 2 680
2 54 355
54 2 355
3 8 884
8 3 884
3 52 652
52 3 652
3 54 671
54 3 671
3 57 67
57 3 67
3 69 309
69 3 309
3 18 140
18 3 140
3 88 408
88 3 408
4 9 250
9 4 250
4 26 554
26 4 554
4 23 489
23 4 489
4 76 792
76 4 792
4 49 380
49 4 380
5 13 882
13 5 882
5 47 386
47 5 386
6 16 419
16 6 419
6 8 94
8 6 94
6 24 858
24 6 858
7 11 700
11 7 700
7 15 863
15 7 863
7 47 292
47 7 292
7 62 61
62 7 61
7 64 176
64 7 176
7 23 23
23 7 23
8 15 822
15 8 822
8 40 959
40 8 959
8 12 903
12 8 903
9 21 195
21 9 195
9 87 272
87 9 272
9 20 977
20 9 977
9 54 309
54 9 309
9 23 915
23 9 915
9 64 249
64 9 249
10 12 462
12 10 462
10 36 572
36 10 572
10 80 845
80 10 845
10 77 780
77 10 780
10 33 381
33 10 381
11 24 174
24 11 174
11 68 832
68 11 832
11 78 578
78 11 578
12 27 902
27 12 902
12 61 23
61 12 23
12 21 134
21 12 134
13 17 906
17 13 906
13 22 317
22 13 317
13 13 17
13 13 17
13 69 555
69 13 555
13 58 682
58 13 682
13 87 566
87 13 566
14 25 436
25 14 436
14 35 609
35 14 609
14 65 50
65 14 50
14 80 421
80 14 421
14 88 953
88 14 953
14 51 836
51 14 836
14 70 257
70 14 257
15 27 979
27 15 979
15 53 931
53 15 931
15 67 660
67 15 660
15 57 994
57 15 994
15 75 488
75 15 488
15 28 483
28 15 483
16 29 150
29 16 150
16 50 514
50 16 514
16 30 161
30 16 161
16 24 591
24 16 591
16 62 785
62 16 785
16 29 937
29 16 937
17 28 976
28 17 976
17 36 660
36 17 660
17 87 39
87 17 39
17 32 57
32 17 57
18 31 546
31 18 546
18 25 321
25 18 321
18 72 225
72 18 225
18 88 144
88 18 144
18 58 84
58 18 84
19 20 454
20 19 454
19 43 481
43 19 481
19 79 656
79 19 656
20 78 849
78 20 849
20 61 484
61 20 484
20 85 739
85 20 739
20 55 303
55 20 303
20 40 604
40 20 604
21 23 391
23 21 391
21 37 852
37 21 852
21 40 997
40 21 997
21 41 564
41 21 564
21 79 176
79 21 176
21 53 516
53 21 516
21 52 159
52 21 159
22 72 191
72 22 191
22 53 304
53 22 304
23 44 408
44 23 408
23 42 141
42 23 141
24 56 79
56 24 79
24 72 413
72 24 413
24 83 115
83 24 115
25 30 243
30 25 243
25 32 417
32 25 417
25 33 29
33 25 29
26 83 846
83 26 846
26 46 142
46 26 142
26 48 547
48 26 547
27 38 864
38 27 864
27 85 392
85 27 392
27 86 376
86 27 376
28 34 759
34 28 759
28 48 938
48 28 938
28 64 582
64 28 582
28 38 465
38 28 465
28 81 296
81 28 296
28 78 934
78 28 934
28 70 401
70 28 401
29 47 317
47 29 317
29 85 722
85 29 722
29 65 49
65 29 49
30 42 650
42 30 650
30 70 811
70 30 811
31 77 11
77 31 11
32 51 88
51 32 88
32 86 999
86 32 999
32 59 847
59 32 847
32 51 612
51 32 612
33 55 256
55 33 256
33 59 526
59 33 526
33 69 862
69 33 862
33 82 633
82 33 633
33 35 871
35 33 871
33 80 921
80 33 921
33 79 309
79 33 309
33 59 250
59 33 250
34 39 950
39 34 950
34 77 606
77 34 606
34 61 47
61 34 47
34 80 135
80 34 135
34 45 695
45 34 695
35 58 880
58 35 880
35 88 192
88 35 192
35 48 101
48 35 101
35 36 988
36 35 988
36 49 378
49 36 378
36 67 237
67 36 237
36 44 679
44 36 679
36 47 984
47 36 984
36 36 926
36 36 926
36 81 443
81 36 443
37 57 924
57 37 924
38 46 592
46 38 592
38 52 633
52 38 633
39 40 377
40 39 377
41 73 318
73 41 318
41 63 433
63 41 433
41 66 318
66 41 318
41 45 683
45 41 683
42 82 386
82 42 386
43 62 711
62 43 711
44 75 203
75 44 203
44 72 60
72 44 60
44 78 373
78 44 373
46 54 925
54 46 925
47 71 730
71 47 730
47 63 406
63 47 406
47 77 882
77 47 882
48 61 601
61 48 601
48 66 423
66 48 423
48 60 405
60 48 405
49 79 734
79 49 734
49 58 855
58 49 855
49 70 763
70 49 763
49 81 409
81 49 409
50 81 625
81 50 625
50 84 937
84 50 937
50 88 495
88 50 495
51 70 32
70 51 32
52 60 239
60 52 239
52 69 375
69 52 375
53 76 100
76 53 100
54 76 647
76 54 647
54 85 685
85 54 685
55 57 142
57 55 142
55 81 534
81 55 534
56 75 857
75 56 857
56 67 491
67 56 491
58 82 780
82 58 780
59 63 275
63 59 275
59 62 512
62 59 512
60 67 288
67 60 288
60 84 32
84 60 32
61 86 370
86 61 370
61 88 373
88 61 373
62 69 617
69 62 617
62 88 536
88 62 536
68 68 246
68 68 246
70 83 991
83 70 991
74 87 144
87 74 144
76 85 400
85 76 400
76 76 864
76 76 864
77 87 387
87 77 387
79 85 644
85 79 644
79 87 700
87 79 700
81 85 930
85 81 930
85 87 32
87 85 32
