90

0 1 971
1 0 971
0 2 499
2 0 499
0 4 638
4 0 638
0 6 84
6 0 84
0 26 996
26 0 996
0 31 770
31 0 770
0 32 277
32 0 277
0 34 981
34 0 981
0 89 482
89 0 482
0 83 61
83 0 61
0 6 126
6 0 126
0 42 159
42 0 159
0 34 408
34 0 408
0 61 471
61 0 471
0 4 984
4 0 984
0 47 69
47 0 69
0 39 902
39 0 902
0 76 232
76 0 232
0 79 992
79 0 992
0 46 315
46 0 315
0 84 749
84 0 749
0 80 585
80 0 585
0 15 103
15 0 103
0 33 796
33 0 796
1 5 942
5 1 942
1 12 297
12 1 297
1 28 116
28 1 116
1 60 297
60 1 297
1 89 695
89 1 695
1 35 614
35 1 614
1 35 324
35 1 324
1 10 479
10 1 479
1 19 975
19 1 975
1 11 774
11 1 774
1 24 951
24 1 951
1 49 256
49 1 256
1 45 382
45 1 382
1 79 813
79 1 813
1 57 312
57 1 312
1 15 690
15 1 690
1 50 588
50 1 588
1 21 860
21 1 860
1 19 168
19 1 168
2 3 581
3 2 581
2 11 81
11 2 81
2 19 615
19 2 615
2 49 419
49 2 419
2 64 555
64 2 555
2 9 185
9 2 185
2 15 870
15 2 870
2 55 280
55 2 280
2 69 620
69 2 620
2 26 145
26 2 145
2 63 716
63 2 716
2 34 690
34 2 690
2 42 162
42 2 162
2 26 524
26 2 524
2 71 403
71 2 403
2 34 570
34 2 570
2 77 709
77 2 709
2 64 2
64 2 2
2 17 284
17 2 284
2 42 509
42 2 509
2 24 325
24 2 325
2 56 918
56 2 918
2 16 440
16 2 440
3 9 442
9 3 442
3 10 126
10 3 126
3 14 936
14 3 936
3 21 253
21 3 253
3 52 874
52 3 874
3 10 3
10 3 3
3 64 731
64 3 731
3 53 480
53 3 480
3 80 427
80 3 427
3 52 583
52 3 583
3 12 531
12 3 531
3 66 225
66 3 225
3 13 848
13 3 848
3 13 730
13 3 730
3 35 367
35 3 367
3 18 650
18 3 650
3 80 342
80 3 342
3 62 353
62 3 353
3 49 288
49 3 288
3 31 369
31 3 369
3 84 511
84 3 511
3 80 174
80 3 174
4 7 471
7 4 471
4 15 917
15 4 917
4 16 120
16 4 120
4 49 239
49 4 239
4 52 99
52 4 99
4 63 377
63 4 377
4 41 628
41 4 628
4 31 599
31 4 599
4 64 738
64 4 738
4 56 502
56 4 502
4 63 817
63 4 817
4 13 120
13 4 120
4 46 343
46 4 343
4 88 169
88 4 169
4 58 629
58 4 629
4 39 769
39 4 769
4 84 858
84 4 858
4 30 264
30 4 264
4 82 429
82 4 429
5 24 223
24 5 223
5 27 595
27 5 595
5 84 229
84 5 229
5 85 457
85 5 457
5 52 58
52 5 58
5 75 535
75 5 535
5 18 893
18 5 893
5 82 306
82 5 306
5 31 177
31 5 177
5 49 944
49 5 944
5 25 926
25 5 926
5 45 514
45 5 514
5 22 444
22 5 444
5 37 379
37 5 379
5 23 103
23 5 103
5 20 866
20 5 866
5 16 865
16 5 865
5 88 871
88 5 871
5 47 307
47 5 307
6 8 252
8 6 252
6 18 257
18 6 257
6 46 741
46 6 741
6 70 431
70 6 431
6 34 563
34 6 563
6 39 665
39 6 665
6 23 254
23 6 254
6 34 262
34 6 262
6 24 706
24 6 706
6 29 72
29 6 72
6 19 999
19 6 999
7 17 522
17 7 522
7 65 479
65 7 479
7 55 602
55 7 602
7 44 302
44 7 302
7 81 748
81 7 748
7 28 369
28 7 369
7 88 724
88 7 724
7 34 928
34 7 928
7 46 141
46 7 141
7 56 426
56 7 426
8 37 580
37 8 580
8 63 904
63 8 904
8 23 591
23 8 591
8 45 778
45 8 778
8 66 134
66 8 134
8 55 116
55 8 116
8 33 125
33 8 125
8 64 228
64 8 228
8 89 631
89 8 631
8 23 830
23 8 830
8 35 385
35 8 385
8 45 25
45 8 25
8 22 345
22 8 345
8 35 897
35 8 897
8 50 434
50 8 434
8 87 78
87 8 78
9 88 296
88 9 296
9 83 575
83 9 575
9 14 622
14 9 622
9 43 115
43 9 115
9 62 853
62 9 853
9 50 73
50 9 73
9 83 480
83 9 480
9 34 510
34 9 510
9 33 474
33 9 474
9 48 458
48 9 458
9 11 923
11 9 923
9 13 38
13 9 38
9 52 51
52 9 51
10 13 492
13 10 492
10 22 404
22 10 404
10 38 194
38 10 194
10 84 272
84 10 272
10 57 274
57 10 274
10 18 934
18 10 934
10 17 89
17 10 89
10 50 771
50 10 771
10 22 326
22 10 326
10 18 400
18 10 400
10 26 552
26 10 552
10 67 678
67 10 678
10 67 800
67 10 800
10 36 843
36 10 843
10 71 186
71 10 186
10 51 72
51 10 72
10 63 772
63 10 772
10 21 597
21 10 597
10 65 512
65 10 512
10 71 976
71 10 976
10 71 995
71 10 995
10 48 963
48 10 963
10 15 348
15 10 348
11 11 653
11 11 653
11 82 98
82 11 98
11 76 756
76 11 756
11 18 225
18 11 225
11 77 514
77 11 514
11 72 617
72 11 617
11 43 962
43 11 962
11 42 777
42 11 777
11 51 167
51 11 167
11 63 116
63 11 116
11 32 629
32 11 629
11 59 37
59 11 37
11 59 350
59 11 350
11 77 235
77 11 235
12 36 814
36 12 814
12 76 420
76 12 420
12 39 561
39 12 561
12 16 937
16 12 937
12 78 810
78 12 810
12 82 597
82 12 597
12 76 398
76 12 398
12 17 607
17 12 607
12 21 250
21 12 250
12 44 272
44 12 272
12 32 920
32 12 920
13 73 147
73 13 147
13 13 166
13 13 166
13 82 433
82 13 433
13 35 958
35 13 958
13 29 42
29 13 42
13 78 749
78 13 749
13 85 96
85 13 96
13 87 769
87 13 769
13 41 992
41 13 992
13 71 619
71 13 619
13 70 418
70 13 418
13 48 453
48 13 453
13 74 811
74 13 811
13 76 775
76 13 775
13 60 862
60 13 862
13 24 226
24 13 226
14 68 12
68 14 12
14 20 20
20 14 20
14 79 655
79 14 655
14 46 226
46 14 226
14 65 545
65 14 545
14 89 502
89 14 502
14 71 971
71 14 971
14 65 958
65 14 958
14 56 106
56 14 106
14 67 481
67 14 481
14 37 84
37 14 84
14 34 332
34 14 332
15 47 446
47 15 446
15 47 217
47 15 217
15 79 870
79 15 870
15 67 766
67 15 766
15 59 996
59 15 996
15 89 520
89 15 520
16 48 848
48 16 848
16 45 538
45 16 538
16 89 366
89 16 366
16 72 723
72 16 723
16 62 540
62 16 540
16 22 995
22 16 995
16 24 694
24 16 694
17 20 420
20 17 420
17 39 771
39 17 771
17 43 264
43 17 264
17 68 725
68 17 725
17 47 404
47 17 404
17 69 113
69 17 113
17 65 705
65 17 705
17 47 412
47 17 412
17 81 493
81 17 493
17 86 479
86 17 479
17 50 139
50 17 139
17 88 556
88 17 556
18 42 856
42 18 856
18 70 761
70 18 761
18 31 258
31 18 258
18 78 38
78 18 38
18 50 960
50 18 960
18 42 191
42 18 191
18 69 839
69 18 839
18 57 142
57 18 142
19 69 145
69 19 145
19 32 612
32 19 612
19 76 502
76 19 502
19 20 840
20 19 840
19 68 738
68 19 738
19 75 320
75 19 320
19 32 696
32 19 696
19 38 532
38 19 532
20 29 857
29 20 857
20 51 382
51 20 382
20 65 36
65 20 36
20 88 216
88 20 216
20 76 321
76 20 321
20 70 254
70 20 254
20 58 626
58 20 626
20 39 674
39 20 674
20 71 873
71 20 873
20 38 932
38 20 932
20 85 208
85 20 208
20 26 171
26 20 171
20 89 642
89 20 642
20 44 782
44 20 782
20 63 988
63 20 988
20 63 672
63 20 672
20 47 219
47 20 219
21 25 159
25 21 159
21 53 776
53 21 776
21 65 331
65 21 331
21 75 243
75 21 243
21 84 228
84 21 228
21 27 891
27 21 891
21 62 438
62 21 438
21 63 847
63 21 847
21 33 256
33 21 256
21 88 903
88 21 903
21 60 101
60 21 101
21 80 696
80 21 696
22 23 330
23 22 330
22 30 434
30 22 434
22 55 111
55 22 111
22 87 62
87 22 62
22 60 777
60 22 777
22 25 482
25 22 482
22 88 124
88 22 124
22 60 72
60 22 72
22 69 218
69 22 218
22 74 141
74 22 141
22 29 746
29 22 746
22 38 600
38 22 600
22 81 964
81 22 964
22 22 195
22 22 195
22 87 715
87 22 715
23 61 183
61 23 183
23 68 949
68 23 949
23 61 629
61 23 629
23 89 108
89 23 108
23 81 539
81 23 539
23 58 381
58 23 381
23 58 792
58 23 792
23 41 581
41 23 581
23 59 669
59 23 669
24 66 42
66 24 42
24 30 24
30 24 24
24 86 968
86 24 968
24 71 898
71 24 898
24 31 413
31 24 413
25 38 881
38 25 881
25 70 465
70 25 465
25 46 152
46 25 152
25 77 102
77 25 102
25 41 951
41 25 951
25 87 806
87 25 806
25 32 442
32 25 442
25 85 135
85 25 135
25 55 832
55 25 832
25 75 557
75 25 557
25 29 383
29 25 383
25 44 532
44 25 532
26 37 490
37 26 490
26 75 503
75 26 503
26 89 126
89 26 126
26 39 792
39 26 792
26 29 164
29 26 164
26 80 245
80 26 245
26 66 618
66 26 618
26 46 316
46 26 316
26 32 189
32 26 189
26 43 519
43 26 519
26 68 246
68 26 246
26 84 521
84 26 521
26 81 106
81 26 106
27 82 129
82 27 129
27 47 834
47 27 834
27 58 16
58 27 16
27 82 934
82 27 934
27 36 397
36 27 397
27 54 257
54 27 257
27 29 549
29 27 549
27 70 409
70 27 409
28 41 364
41 28 364
28 58 118
58 28 118
28 81 778
81 28 778
28 40 948
40 28 948
28 67 225
67 28 225
28 39 28
39 28 28
28 32 857
32 28 857
28 42 668
42 28 668
28 48 652
48 28 652
28 77 270
77 28 270
28 33 829
33 28 829
28 77 628
77 28 628
28 66 443
66 28 443
28 29 717
29 28 717
28 71 586
71 28 586
29 33 519
33 29 519
29 54 505
54 29 505
29 49 517
49 29 517
29 54 877
54 29 877
29 31 379
31 29 379
29 38 812
38 29 812
29 79 595
79 29 595
29 32 192
32 29 192
29 36 1000
36 29 1000
29 50 376
50 29 376
29 73 46
73 29 46
30 35 977
35 30 977
30 34 663
34 30 663
30 49 859
49 30 859
30 89 236
89 30 236
30 44 663
44 30 663
30 52 434
52 30 434
30 89 110
89 30 110
30 59 160
59 30 160
30 61 409
61 30 409
30 32 649
32 30 649
30 75 969
75 30 969
30 67 822
67 30 822
30 49 270
49 30 270
30 37 216
37 30 216
31 56 925
56 31 925
31 62 876
62 31 876
31 34 998
34 31 998
31 54 533
54 31 533
31 48 584
48 31 584
31 74 975
74 31 975
31 69 717
69 31 717
31 75 8
75 31 8
31 70 89
70 31 89
32 74 806
74 32 806
32 77 651
77 32 651
32 51 13
51 32 13
32 61 920
61 32 920
32 34 907
34 32 907
32 45 214
45 32 214
32 67 758
67 32 758
32 39 593
39 32 593
32 79 711
79 32 711
32 78 547
78 32 547
33 72 772
72 33 772
33 74 23
74 33 23
33 81 542
81 33 542
33 36 34
36 33 34
33 81 801
81 33 801
33 49 867
49 33 867
33 64 345
64 33 345
33 43 47
43 33 47
33 42 806
42 33 806
33 72 574
72 33 574
33 75 391
75 33 391
33 45 434
45 33 434
34 47 138
47 34 138
34 81 545
81 34 545
34 58 602
58 34 602
34 39 776
39 34 776
34 88 402
88 34 402
34 45 542
45 34 542
34 79 688
79 34 688
34 57 1
57 34 1
34 37 472
37 34 472
34 81 737
81 34 737
34 57 878
57 34 878
34 85 480
85 34 480
34 75 101
75 34 101
35 64 427
64 35 427
35 62 955
62 35 955
35 53 51
53 35 51
35 41 163
41 35 163
35 37 348
37 35 348
35 55 820
55 35 820
35 87 723
87 35 723
35 43 529
43 35 529
35 35 419
35 35 419
35 59 265
59 35 265
35 81 824
81 35 824
35 40 747
40 35 747
36 50 386
50 36 386
36 71 859
71 36 859
36 78 51
78 36 51
36 47 381
47 36 381
36 87 635
87 36 635
36 46 415
46 36 415
36 59 329
59 36 329
36 53 182
53 36 182
36 55 493
55 36 493
36 78 549
78 36 549
36 82 599
82 36 599
37 45 256
45 37 256
37 39 557
39 37 557
37 45 704
45 37 704
37 86 638
86 37 638
37 75 696
75 37 696
37 58 262
58 37 262
37 46 418
46 37 418
37 67 304
67 37 304
37 61 891
61 37 891
38 59 576
59 38 576
38 55 91
55 38 91
38 41 477
41 38 477
38 66 370
66 38 370
38 81 495
81 38 495
38 76 386
76 38 386
38 65 140
65 38 140
39 40 894
40 39 894
39 65 944
65 39 944
39 64 965
64 39 965
39 40 652
40 39 652
39 53 704
53 39 704
39 49 32
49 39 32
39 45 34
45 39 34
39 47 457
47 39 457
39 73 570
73 39 570
40 52 384
52 40 384
40 44 989
44 40 989
40 68 898
68 40 898
40 54 467
54 40 467
40 41 556
41 40 556
40 55 820
55 40 820
40 54 276
54 40 276
41 67 243
67 41 243
41 45 979
45 41 979
41 55 360
55 41 360
41 73 27
73 41 27
41 43 650
43 41 650
41 73 690
73 41 690
41 42 482
42 41 482
42 44 607
44 42 607
42 47 487
47 42 487
42 51 587
51 42 587
42 56 819
56 42 819
42 83 105
83 42 105
42 49 631
49 42 631
42 83 71
83 42 71
42 80 426
80 42 426
42 63 971
63 42 971
43 45 305
45 43 305
43 71 441
71 43 441
43 82 657
82 43 657
43 89 636
89 43 636
43 45 181
45 43 181
43 70 152
70 43 152
44 62 259
62 44 259
44 72 641
72 44 641
44 46 991
46 44 991
44 64 998
64 44 998
44 49 743
49 44 743
44 46 893
46 44 893
44 46 634
46 44 634
44 64 998
64 44 998
44 58 668
58 44 668
44 59 348
59 44 348
45 78 353
78 45 353
45 58 373
58 45 373
45 60 127
60 45 127
45 88 21
88 45 21
45 75 138
75 45 138
46 48 537
48 46 537
46 85 303
85 46 303
46 79 276
79 46 276
46 74 517
74 46 517
46 51 780
51 46 780
46 64 49
64 46 49
46 57 197
57 46 197
46 72 15
72 46 15
47 68 779
68 47 779
47 78 71
78 47 71
47 52 156
52 47 156
47 54 26
54 47 26
47 81 125
81 47 125
47 89 393
89 47 393
48 53 384
53 48 384
48 77 827
77 48 827
48 71 378
71 48 378
48 64 761
64 48 761
48 71 214
71 48 214
48 58 11
58 48 11
48 80 813
80 48 813
48 57 153
57 48 153
49 87 955
87 49 955
49 80 953
80 49 953
49 70 214
70 49 214
50 57 935
57 50 935
50 75 4
75 50 4
50 72 946
72 50 946
50 53 595
53 50 595
50 52 400
52 50 400
50 53 316
53 50 316
50 81 626
81 50 626
50 87 486
87 50 486
50 80 430
80 50 430
51 69 237
69 51 237
51 89 896
89 51 896
51 76 690
76 51 690
52 70 378
70 52 378
52 81 898
81 52 898
52 71 237
71 52 237
52 75 16
75 52 16
52 57 180
57 52 180
52 55 244
55 52 244
53 75 278
75 53 278
53 71 152
71 53 152
53 86 966
86 53 966
53 79 969
79 53 969
53 63 788
63 53 788
53 77 554
77 53 554
53 56 972
56 53 972
53 76 180
76 53 180
53 74 629
74 53 629
53 81 738
81 53 738
53 74 694
74 53 694
53 82 434
82 53 434
53 78 107
78 53 107
54 66 338
66 54 338
54 81 283
81 54 283
54 61 213
61 54 213
55 76 502
76 55 502
55 67 562
67 55 562
55 57 271
57 55 271
55 60 219
60 55 219
55 76 600
76 55 600
55 87 403
87 55 403
55 60 296
60 55 296
55 87 143
87 55 143
55 65 272
65 55 272
55 57 777
57 55 777
55 86 697
86 55 697
56 82 930
82 56 930
56 78 601
78 56 601
57 70 128
70 57 128
57 66 242
66 57 242
57 83 384
83 57 384
57 61 989
61 57 989
57 78 887
78 57 887
58 59 209
59 58 209
58 70 21
70 58 21
59 78 366
78 59 366
59 72 539
72 59 539
59 61 453
61 59 453
59 64 987
64 59 987
60 70 537
70 60 537
60 77 757
77 60 757
60 79 224
79 60 224
60 89 831
89 60 831
60 64 178
64 60 178
61 71 155
71 61 155
61 74 105
74 61 105
62 86 558
86 62 558
62 70 636
70 62 636
62 66 426
66 62 426
62 86 144
86 62 144
62 66 999
66 62 999
62 71 548
71 62 548
62 69 643
69 62 643
63 76 930
76 63 930
63 83 929
83 63 929
63 66 871
66 63 871
63 67 57
67 63 57
64 88 55
88 64 55
64 76 612
76 64 612
64 79 635
79 64 635
64 74 947
74 64 947
64 68 846
68 64 846
65 79 873
79 65 873
65 73 485
73 65 485
65 89 979
89 65 979
66 83 131
83 66 131
66 86 575
86 66 575
66 88 604
88 66 604
67 79 854
79 67 854
67 80 471
80 67 471
68 80 498
80 68 498
68 83 832
83 68 832
69 84 613
84 69 613
70 78 188
78 70 188
70 77 721
77 70 721
71 77 989
77 71 989
71 84 620
84 71 620
71 74 973
74 71 973
72 81 13
81 72 13
73 86 571
86 73 571
73 77 651
77 73 651
73 73 868
73 73 868
73 76 378
76 73 378
74 87 973
87 74 973
74 77 660
77 74 660
76 88 751
88 76 751
77 83 887
83 77 887
77 87 431
87 77 431
77 87 494
87 77 494
77 81 567
81 77 567
78 80 799
80 78 799
80 82 506
82 80 506
80 86 409
86 80 409
80 85 487
85 80 487
80 83 243
83 80 243
81 83 310
83 81 310
81 88 309
88 81 309
82 86 142
86 82 142
83 88 989
88 83 989
85 86 889
86 85 889
85 86 881
86 85 881
