67

0 1 176
1 0 176
0 3 614
3 0 614
0 21 824
21 0 824
0 48 86
48 0 86
0 19 683
19 0 683
1 2 267
2 1 267
1 5 384
5 1 384
1 15 724
15 1 724
2 22 54
22 2 54
3 4 971
4 3 971
4 27 827
27 4 827
5 6 198
6 5 198
5 14 9
14 5 9
5 38 620
38 5 620
5 49 194
49 5 194
5 64 252
64 5 252
5 9 726
9 5 726
6 7 427
7 6 427
6 8 450
8 6 450
6 9 841
9 6 841
6 18 438
18 6 438
6 20 618
20 6 618
6 66 293
66 6 293
6 65 485
65 6 485
7 12 305
12 7 305
7 19 359
19 7 359
7 59 548
59 7 548
7 41 994
41 7 994
7 16 586
16 7 586
7 39 176
39 7 176
8 25 931
25 8 931
8 27 999
27 8 999
8 31 896
31 8 896
9 10 872
10 9 872
9 16 244
16 9 244
9 23 224
23 9 224
10 11 762
11 10 762
10 56 851
56 10 851
10 52 947
52 10 947
11 22 59
22 11 59
11 25 664
25 11 664
11 30 427
30 11 427
11 59 355
59 11 355
12 13 733
13 12 733
12 17 138
17 12 138
12 37 184
37 12 184
13 24 737
24 13 737
13 26 254
26 13 254
13 29 573
29 13 573
13 33 217
33 13 217
13 34 604
34 13 604
15 28 784
28 15 784
15 65 363
65 15 363
16 54 997
54 16 997
16 60 856
60 16 856
17 51 143
51 17 143
17 58 801
58 17 801
18 36 523
36 18 523
18 63 912
63 18 912
19 52 487
52 19 487
19 58 457
58 19 457
20 35 570
35 20 570
20 53 679
53 20 679
20 51 798
51 20 798
20 62 831
62 20 831
21 32 88
32 21 88
21 22 412
22 21 412
22 43 705
43 22 705
22 44 245
44 22 245
22 51 13
51 22 13
25 57 491
57 25 491
25 34 225
34 25 225
26 41 61
41 26 61
28 30 416
30 28 416
28 31 838
31 28 838
29 58 595
58 29 595
29 62 852
62 29 852
29 47 11
47 29 11
30 60 368
60 30 368
30 61 633
61 30 633
31 57 297
57 31 297
32 40 869
40 32 869
34 39 903
39 34 903
34 55 278
55 34 278
38 42 147
42 38 147
38 50 956
50 38 956
39 47 621
47 39 621
40 48 366
48 40 366
43 46 126
46 43 126
44 45 208
45 44 208
45 47 623
47 45 623
46 65 14
65 46 14
50 60 21
60 50 21
52 58 37
58 52 37
53 56 945
56 53 945
62 62 908
62 62 908
