69

0 1 961
1 0 961
0 2 457
2 0 457
0 6 474
6 0 474
0 10 809
10 0 809
0 17 892
17 0 892
0 19 305
19 0 305
0 56 365
56 0 365
0 1 878
1 0 878
0 9 883
9 0 883
0 14 529
14 0 529
0 60 550
60 0 550
0 5 73
5 0 73
0 48 654
48 0 654
0 28 118
28 0 118
0 67 166
67 0 166
0 12 77
12 0 77
0 14 773
14 0 773
0 54 390
54 0 390
0 7 897
7 0 897
0 54 683
54 0 683
1 4 253
4 1 253
1 58 126
58 1 126
1 30 615
30 1 615
1 48 183
48 1 183
1 6 880
6 1 880
1 33 224
33 1 224
1 39 311
39 1 311
2 3 397
3 2 397
2 5 818
5 2 818
2 26 574
26 2 574
2 59 876
59 2 876
2 18 144
18 2 144
2 42 309
42 2 309
2 11 160
11 2 160
2 28 641
28 2 641
2 49 90
49 2 90
3 7 419
7 3 419
3 8 946
8 3 946
3 22 253
22 3 253
3 8 854
8 3 854
3 7 27
7 3 27
3 46 810
46 3 810
3 63 801
63 3 801
3 7 817
7 3 817
3 57 25
57 3 25
3 35 698
35 3 698
4 21 439
21 4 439
4 45 528
45 4 528
4 17 234
17 4 234
4 49 974
49 4 974
4 33 707
33 4 707
4 57 966
57 4 966
4 10 952
10 4 952
4 34 714
34 4 714
4 68 8
68 4 8
4 46 90
46 4 90
4 30 194
30 4 194
4 30 219
30 4 219
4 45 361
45 4 361
4 55 465
55 4 465
5 11 617
11 5 617
5 12 238
12 5 238
5 18 868
18 5 868
5 30 129
30 5 129
5 43 278
43 5 278
5 51 795
51 5 795
5 17 743
17 5 743
5 54 764
54 5 764
5 15 252
15 5 252
5 28 613
28 5 613
5 28 776
28 5 776
5 17 19
17 5 19
6 23 746
23 6 746
6 24 418
24 6 418
6 32 747
32 6 747
6 52 361
52 6 361
6 41 503
41 6 503
6 55 289
55 6 289
6 60 312
60 6 312
6 49 444
49 6 444
6 64 528
64 6 528
7 9 602
9 7 602
7 14 812
14 7 812
7 31 317
31 7 317
7 39 35
39 7 35
7 36 477
36 7 477
7 46 264
46 7 264
7 44 11
44 7 11
8 11 17
11 8 17
8 12 691
12 8 691
8 50 929
50 8 929
9 13 119
13 9 119
9 15 706
15 9 706
9 35 234
35 9 234
9 41 328
41 9 328
9 49 707
49 9 707
9 44 219
44 9 219
9 39 693
39 9 693
9 67 175
67 9 175
10 20 173
20 10 173
10 20 344
20 10 344
10 60 289
60 10 289
10 45 274
45 10 274
10 60 89
60 10 89
10 20 232
20 10 232
10 55 863
55 10 863
10 37 625
37 10 625
10 16 39
16 10 39
10 19 877
19 10 877
10 28 55
28 10 55
10 33 118
33 10 118
10 40 715
40 10 715
11 22 224
22 11 224
11 34 583
34 11 583
11 11 820
11 11 820
11 59 200
59 11 200
11 24 375
24 11 375
11 45 658
45 11 658
12 42 823
42 12 823
12 60 545
60 12 545
12 61 14
61 12 14
12 34 50
34 12 50
12 38 925
38 12 925
12 40 506
40 12 506
12 54 7
54 12 7
13 34 386
34 13 386
13 30 227
30 13 227
13 63 562
63 13 562
13 20 750
20 13 750
13 51 470
51 13 470
13 35 949
35 13 949
13 34 486
34 13 486
13 32 601
32 13 601
13 32 592
32 13 592
14 64 584
64 14 584
14 39 155
39 14 155
14 15 76
15 14 76
14 68 476
68 14 476
14 60 628
60 14 628
14 46 53
46 14 53
14 19 753
19 14 753
14 38 116
38 14 116
14 65 366
65 14 366
15 16 705
16 15 705
15 30 922
30 15 922
15 51 457
51 15 457
15 33 390
33 15 390
15 63 695
63 15 695
15 40 329
40 15 329
16 38 93
38 16 93
16 39 951
39 16 951
16 48 572
48 16 572
16 47 657
47 16 657
16 42 791
42 16 791
17 25 979
25 17 979
17 50 991
50 17 991
17 53 786
53 17 786
17 35 975
35 17 975
17 59 539
59 17 539
17 36 621
36 17 621
17 46 279
46 17 279
18 27 335
27 18 335
18 21 857
21 18 857
18 33 377
33 18 377
18 63 208
63 18 208
19 36 743
36 19 743
19 35 295
35 19 295
19 61 181
61 19 181
19 46 430
46 19 430
19 29 578
29 19 578
19 42 209
42 19 209
20 29 58
29 20 58
20 67 495
67 20 495
20 28 645
28 20 645
20 24 425
24 20 425
20 26 491
26 20 491
21 31 389
31 21 389
21 45 277
45 21 277
21 62 716
62 21 716
21 24 374
24 21 374
21 32 943
32 21 943
21 68 917
68 21 917
22 58 916
58 22 916
22 56 215
56 22 215
22 34 484
34 22 484
22 60 769
60 22 769
22 39 904
39 22 904
22 32 376
32 22 376
23 28 765
28 23 765
23 32 853
32 23 853
23 62 232
62 23 232
23 46 315
46 23 315
23 37 233
37 23 233
24 66 684
66 24 684
24 38 365
38 24 365
24 37 197
37 24 197
24 61 290
61 24 290
24 67 897
67 24 897
24 25 353
25 24 353
24 66 231
66 24 231
24 58 53
58 24 53
24 36 943
36 24 943
25 39 222
39 25 222
25 48 490
48 25 490
25 44 157
44 25 157
25 64 34
64 25 34
26 55 526
55 26 526
26 48 369
48 26 369
26 64 309
64 26 309
26 64 548
64 26 548
26 59 333
59 26 333
26 43 674
43 26 674
27 60 170
60 27 170
27 66 684
66 27 684
27 56 319
56 27 319
27 32 294
32 27 294
28 33 142
33 28 142
28 43 282
43 28 282
28 35 684
35 28 684
28 38 132
38 28 132
28 33 440
33 28 440
28 61 635
61 28 635
28 49 513
49 28 513
28 30 662
30 28 662
28 38 340
38 28 340
28 39 389
39 28 389
29 46 360
46 29 360
29 54 881
54 29 881
29 47 763
47 29 763
29 49 372
49 29 372
29 62 509
62 29 509
29 40 874
40 29 874
30 49 891
49 30 891
30 49 685
49 30 685
30 50 72
50 30 72
30 32 562
32 30 562
30 32 926
32 30 926
30 66 838
66 30 838
30 55 41
55 30 41
30 46 570
46 30 570
30 48 313
48 30 313
30 37 453
37 30 453
30 45 85
45 30 85
31 59 52
59 31 52
31 62 857
62 31 857
31 61 916
61 31 916
32 37 331
37 32 331
32 44 47
44 32 47
32 68 475
68 32 475
32 44 178
44 32 178
32 65 278
65 32 278
32 60 924
60 32 924
33 56 482
56 33 482
33 48 898
48 33 898
33 58 937
58 33 937
33 44 743
44 33 743
33 40 716
40 33 716
33 64 534
64 33 534
33 68 544
68 33 544
34 49 898
49 34 898
34 42 677
42 34 677
34 37 488
37 34 488
34 67 937
67 34 937
34 66 126
66 34 126
35 40 618
40 35 618
35 47 62
47 35 62
35 66 853
66 35 853
35 40 574
40 35 574
35 43 403
43 35 403
35 38 458
38 35 458
35 42 80
42 35 80
35 57 400
57 35 400
35 47 318
47 35 318
35 68 187
68 35 187
36 53 492
53 36 492
36 54 916
54 36 916
36 67 778
67 36 778
36 63 984
63 36 984
36 58 253
58 36 253
36 39 77
39 36 77
36 62 578
62 36 578
37 66 421
66 37 421
37 56 331
56 37 331
37 61 550
61 37 550
37 59 596
59 37 596
38 59 927
59 38 927
39 54 918
54 39 918
39 44 342
44 39 342
40 49 755
49 40 755
40 56 704
56 40 704
41 53 748
53 41 748
41 50 40
50 41 40
41 54 118
54 41 118
41 66 65
66 41 65
42 46 889
46 42 889
43 62 701
62 43 701
43 59 374
59 43 374
43 61 10
61 43 10
43 48 509
48 43 509
43 44 853
44 43 853
44 57 987
57 44 987
44 65 542
65 44 542
45 66 672
66 45 672
45 49 667
49 45 667
47 65 957
65 47 957
47 64 247
64 47 247
48 54 136
54 48 136
48 63 140
63 48 140
48 59 680
59 48 680
49 63 112
63 49 112
49 67 726
67 49 726
50 66 834
66 50 834
50 65 397
65 50 397
50 63 48
63 50 48
51 54 124
54 51 124
51 57 811
57 51 811
52 54 764
54 52 764
52 66 331
66 52 331
52 62 954
62 52 954
53 64 79
64 53 79
54 64 697
64 54 697
54 66 565
66 54 565
55 63 774
63 55 774
55 64 62
64 55 62
55 57 851
57 55 851
55 62 520
62 55 520
55 68 919
68 55 919
57 68 733
68 57 733
57 68 808
68 57 808
58 62 993
62 58 993
58 62 681
62 58 681
61 65 266
65 61 266
62 67 152
67 62 152
64 64 568
64 64 568
67 68 490
68 67 490
