66

0 1 163
1 0 163
0 2 289
2 0 289
0 11 404
11 0 404
0 15 905
15 0 905
0 17 347
17 0 347
0 22 286
22 0 286
0 34 754
34 0 754
0 36 76
36 0 76
0 59 422
59 0 422
0 24 821
24 0 821
0 16 649
16 0 649
0 43 137
43 0 137
0 41 243
41 0 243
0 21 780
21 0 780
1 4 450
4 1 450
1 6 598
6 1 598
1 7 706
7 1 706
1 9 543
9 1 543
1 38 543
38 1 543
1 5 949
5 1 949
1 6 217
6 1 217
1 15 678
15 1 678
1 6 187
6 1 187
1 23 447
23 1 447
1 31 426
31 1 426
1 38 872
38 1 872
1 16 402
16 1 402
1 45 738
45 1 738
1 3 153
3 1 153
2 3 670
3 2 670
2 12 94
12 2 94
2 47 962
47 2 962
2 62 178
62 2 178
2 8 927
8 2 927
2 29 855
29 2 855
2 50 438
50 2 438
2 8 892
8 2 892
2 64 473
64 2 473
2 55 740
55 2 740
3 5 220
5 3 220
3 27 265
27 3 265
3 44 605
44 3 605
3 53 606
53 3 606
3 25 667
25 3 667
3 50 30
50 3 30
3 46 146
46 3 146
3 24 766
24 3 766
3 23 439
23 3 439
4 19 72
19 4 72
4 24 406
24 4 406
4 59 611
59 4 611
4 22 564
22 4 564
4 10 248
10 4 248
4 20 788
20 4 788
4 14 451
14 4 451
4 26 275
26 4 275
4 60 408
60 4 408
4 59 827
59 4 827
4 58 225
58 4 225
4 50 170
50 4 170
4 30 503
30 4 503
4 34 483
34 4 483
4 43 16
43 4 16
5 14 445
14 5 445
5 13 826
13 5 826
5 50 67
50 5 67
5 19 215
19 5 215
5 39 502
39 5 502
5 7 507
7 5 507
6 10 936
10 6 936
6 13 291
13 6 291
6 25 830
25 6 830
6 43 41
43 6 41
6 32 391
32 6 391
6 61 587
61 6 587
6 7 245
7 6 245
6 65 941
65 6 941
7 8 819
8 7 819
7 26 977
26 7 977
7 7 583
7 7 583
7 63 147
63 7 147
7 12 294
12 7 294
7 32 326
32 7 326
8 18 996
18 8 996
8 36 45
36 8 45
8 14 604
14 8 604
8 55 393
55 8 393
8 54 991
54 8 991
8 17 207
17 8 207
8 28 523
28 8 523
9 20 69
20 9 69
9 37 75
37 9 75
9 44 950
44 9 950
9 46 482
46 9 482
9 20 983
20 9 983
9 34 321
34 9 321
9 17 594
17 9 594
9 40 417
40 9 417
9 37 444
37 9 444
10 32 697
32 10 697
10 38 254
38 10 254
10 42 444
42 10 444
10 44 684
44 10 684
10 23 747
23 10 747
10 15 729
15 10 729
10 18 994
18 10 994
10 28 375
28 10 375
10 52 416
52 10 416
10 50 326
50 10 326
10 64 678
64 10 678
10 41 694
41 10 694
10 20 513
20 10 513
10 37 34
37 10 34
11 48 432
48 11 432
11 41 925
41 11 925
11 59 982
59 11 982
11 64 169
64 11 169
11 62 542
62 11 542
11 34 631
34 11 631
11 43 439
43 11 439
11 45 947
45 11 947
11 14 887
14 11 887
12 16 103
16 12 103
12 33 336
33 12 336
12 14 966
14 12 966
12 13 697
13 12 697
12 33 826
33 12 826
12 60 498
60 12 498
12 42 147
42 12 147
13 35 60
35 13 60
13 61 614
61 13 614
13 41 290
41 13 290
13 64 763
64 13 763
13 23 747
23 13 747
13 29 312
29 13 312
13 13 738
13 13 738
13 27 758
27 13 758
14 45 439
45 14 439
14 53 2
53 14 2
14 53 785
53 14 785
14 61 165
61 14 165
14 25 878
25 14 878
14 36 930
36 14 930
14 31 62
31 14 62
14 24 718
24 14 718
14 14 32
14 14 32
15 21 246
21 15 246
15 39 922
39 15 922
15 60 708
60 15 708
15 50 407
50 15 407
15 45 260
45 15 260
15 60 745
60 15 745
15 17 234
17 15 234
16 52 934
52 16 934
16 65 128
65 16 128
16 50 112
50 16 112
16 27 872
27 16 872
16 53 319
53 16 319
16 40 41
40 16 41
17 65 508
65 17 508
17 56 465
56 17 465
17 22 615
22 17 615
17 26 717
26 17 717
17 23 191
23 17 191
17 19 446
19 17 446
17 54 66
54 17 66
18 23 518
23 18 518
18 28 672
28 18 672
18 63 713
63 18 713
18 44 205
44 18 205
18 33 322
33 18 322
18 38 228
38 18 228
18 53 785
53 18 785
19 23 677
23 19 677
19 35 569
35 19 569
19 31 851
31 19 851
19 31 42
31 19 42
19 61 934
61 19 934
20 54 492
54 20 492
20 56 559
56 20 559
20 29 610
29 20 610
21 60 509
60 21 509
21 22 693
22 21 693
21 52 421
52 21 421
22 29 676
29 22 676
22 30 387
30 22 387
22 35 992
35 22 992
23 56 203
56 23 203
23 52 553
52 23 553
23 55 500
55 23 500
23 60 712
60 23 712
23 49 558
49 23 558
23 58 300
58 23 300
23 65 101
65 23 101
24 50 826
50 24 826
24 45 801
45 24 801
24 50 759
50 24 759
25 58 557
58 25 557
25 41 197
41 25 197
25 26 786
26 25 786
25 38 987
38 25 987
25 27 295
27 25 295
25 55 306
55 25 306
25 58 586
58 25 586
25 25 697
25 25 697
26 30 48
30 26 48
26 30 41
30 26 41
26 64 736
64 26 736
26 32 428
32 26 428
26 52 490
52 26 490
26 40 789
40 26 789
27 41 700
41 27 700
27 46 885
46 27 885
27 43 759
43 27 759
27 35 310
35 27 310
27 36 273
36 27 273
28 31 428
31 28 428
28 41 582
41 28 582
29 47 476
47 29 476
29 29 962
29 29 962
30 33 600
33 30 600
30 32 229
32 30 229
31 64 484
64 31 484
31 38 739
38 31 739
32 63 703
63 32 703
32 39 571
39 32 571
32 62 993
62 32 993
32 65 119
65 32 119
32 48 432
48 32 432
32 64 238
64 32 238
32 53 266
53 32 266
33 40 665
40 33 665
33 43 399
43 33 399
33 51 768
51 33 768
33 64 220
64 33 220
34 40 649
40 34 649
34 43 119
43 34 119
35 50 899
50 35 899
35 61 161
61 35 161
35 65 283
65 35 283
35 42 173
42 35 173
35 45 664
45 35 664
35 64 859
64 35 859
35 56 205
56 35 205
35 53 56
53 35 56
36 62 5
62 36 5
36 37 290
37 36 290
36 45 946
45 36 946
37 49 649
49 37 649
37 61 287
61 37 287
38 57 936
57 38 936
39 65 312
65 39 312
39 43 550
43 39 550
39 58 594
58 39 594
40 53 503
53 40 503
40 48 813
48 40 813
40 55 549
55 40 549
40 62 628
62 40 628
40 63 613
63 40 613
41 57 805
57 41 805
41 59 200
59 41 200
41 64 876
64 41 876
42 56 512
56 42 512
42 63 998
63 42 998
42 45 493
45 42 493
42 43 41
43 42 41
42 58 718
58 42 718
42 59 796
59 42 796
42 49 39
49 42 39
42 52 185
52 42 185
43 55 603
55 43 603
43 63 140
63 43 140
43 55 329
55 43 329
44 51 955
51 44 955
44 60 884
60 44 884
44 51 809
51 44 809
46 58 48
58 46 48
46 56 84
56 46 84
47 64 646
64 47 646
47 62 888
62 47 888
48 51 737
51 48 737
48 52 123
52 48 123
48 54 148
54 48 148
48 48 188
48 48 188
49 58 20
58 49 20
49 62 900
62 49 900
50 55 343
55 50 343
51 58 659
58 51 659
52 65 680
65 52 680
52 62 414
62 52 414
53 56 103
56 53 103
53 60 929
60 53 929
55 59 187
59 55 187
55 60 42
60 55 42
55 63 653
63 55 653
58 63 629
63 58 629
60 64 154
64 60 154
61 62 837
62 61 837
62 64 946
64 62 946
63 65 441
65 63 441
