73

0 1 992
1 0 992
0 4 720
4 0 720
1 2 136
2 1 136
1 3 851
3 1 851
1 5 201
5 1 201
1 7 857
7 1 857
1 13 695
13 1 695
1 54 46
54 1 46
2 9 886
9 2 886
2 17 971
17 2 971
2 29 250
29 2 250
2 66 424
66 2 424
3 10 256
10 3 256
3 15 31
15 3 31
4 28 289
28 4 289
4 56 623
56 4 623
4 60 469
60 4 469
5 6 673
6 5 673
5 23 349
23 5 349
5 45 203
45 5 203
7 8 811
8 7 811
8 12 555
12 8 555
8 39 609
39 8 609
8 43 91
43 8 91
8 61 478
61 8 478
9 18 101
18 9 101
9 33 167
33 9 167
9 40 658
40 9 658
9 68 976
68 9 976
10 11 923
11 10 923
10 22 104
22 10 104
10 51 962
51 10 962
11 16 437
16 11 437
11 38 717
38 11 717
12 25 84
25 12 84
12 50 3
50 12 3
13 14 244
14 13 244
14 69 142
69 14 142
15 20 231
20 15 231
15 40 230
40 15 230
16 21 68
21 16 68
16 47 279
47 16 279
16 54 530
54 16 530
17 27 538
27 17 538
17 30 306
30 17 306
17 52 610
52 17 610
17 53 583
53 17 583
18 19 965
19 18 965
19 58 563
58 19 563
19 70 53
70 19 53
21 24 576
24 21 576
21 31 791
31 21 791
21 37 742
37 21 742
22 26 182
26 22 182
24 65 364
65 24 364
24 33 221
33 24 221
25 36 969
36 25 969
26 50 899
50 26 899
28 35 87
35 28 87
29 32 306
32 29 306
29 34 138
34 29 138
29 57 342
57 29 342
29 71 358
71 29 358
30 44 492
44 30 492
32 62 227
62 32 227
33 64 336
64 33 336
35 41 472
41 35 472
35 46 918
46 35 918
36 42 469
42 36 469
38 48 481
48 38 481
39 55 739
55 39 739
42 68 30
68 42 30
45 59 753
59 45 753
46 59 343
59 46 343
46 66 857
66 46 857
48 49 405
49 48 405
50 72 711
72 50 711
53 68 952
68 53 952
56 67 661
67 56 661
57 63 775
63 57 775
58 61 621
61 58 621
