77

0 1 497
1 0 497
0 3 576
3 0 576
0 11 260
11 0 260
0 20 673
20 0 673
0 23 789
23 0 789
0 36 913
36 0 913
0 48 502
48 0 502
0 64 727
64 0 727
0 63 211
63 0 211
1 2 295
2 1 295
1 14 157
14 1 157
1 24 255
24 1 255
1 7 270
7 1 270
1 36 785
36 1 785
2 4 868
4 2 868
2 5 121
5 2 121
2 16 248
16 2 248
3 38 146
38 3 146
3 58 634
58 3 634
3 60 767
60 3 767
3 25 24
25 3 24
4 6 161
6 4 161
4 10 899
10 4 899
4 46 526
46 4 526
4 39 573
39 4 573
5 9 4
9 5 4
5 19 216
19 5 216
5 74 691
74 5 691
5 52 378
52 5 378
6 7 481
7 6 481
6 8 36
8 6 36
6 55 492
55 6 492
6 76 204
76 6 204
6 17 107
17 6 107
6 23 276
23 6 276
7 12 709
12 7 709
7 57 976
57 7 976
7 11 385
11 7 385
7 34 542
34 7 542
8 31 485
31 8 485
8 11 539
11 8 539
8 9 406
9 8 406
9 13 415
13 9 415
9 22 94
22 9 94
9 29 452
29 9 452
9 19 168
19 9 168
10 21 655
21 10 655
10 28 871
28 10 871
10 58 795
58 10 795
10 40 498
40 10 498
11 18 955
18 11 955
11 47 335
47 11 335
11 76 472
76 11 472
11 54 899
54 11 899
11 27 941
27 11 941
12 35 31
35 12 31
12 39 367
39 12 367
13 16 773
16 13 773
13 69 2
69 13 2
13 42 866
42 13 866
13 72 565
72 13 565
14 15 83
15 14 83
14 27 365
27 14 365
14 29 832
29 14 832
14 29 8
29 14 8
15 17 539
17 15 539
15 25 163
25 15 163
15 70 70
70 15 70
15 33 387
33 15 387
15 47 969
47 15 969
16 43 888
43 16 888
16 67 501
67 16 501
16 74 588
74 16 588
16 17 923
17 16 923
16 33 834
33 16 834
16 42 48
42 16 48
16 70 558
70 16 558
17 57 156
57 17 156
17 25 273
25 17 273
18 32 175
32 18 175
18 60 776
60 18 776
18 75 339
75 18 339
19 30 949
30 19 949
19 61 182
61 19 182
19 67 522
67 19 522
19 34 345
34 19 345
20 51 744
51 20 744
20 63 941
63 20 941
21 35 767
35 21 767
21 42 324
42 21 324
21 35 275
35 21 275
22 26 432
26 22 432
23 73 367
73 23 367
23 75 671
75 23 671
23 37 290
37 23 290
24 39 744
39 24 744
24 44 765
44 24 765
24 56 830
56 24 830
24 26 969
26 24 969
24 26 858
26 24 858
25 71 464
71 25 464
26 33 745
33 26 745
26 62 937
62 26 937
26 37 568
37 26 568
27 63 431
63 27 431
27 57 99
57 27 99
28 34 257
34 28 257
28 37 673
37 28 673
28 70 935
70 28 935
29 42 880
42 29 880
29 50 757
50 29 757
29 69 8
69 29 8
29 74 367
74 29 367
29 75 225
75 29 225
30 49 555
49 30 555
31 68 616
68 31 616
32 53 24
53 32 24
32 49 70
49 32 70
32 33 460
33 32 460
32 46 550
46 32 550
34 56 306
56 34 306
34 39 801
39 34 801
35 38 637
38 35 637
35 40 355
40 35 355
35 71 651
71 35 651
36 66 887
66 36 887
36 54 105
54 36 105
37 40 159
40 37 159
37 57 113
57 37 113
38 41 173
41 38 173
38 59 743
59 38 743
38 41 322
41 38 322
39 58 131
58 39 131
40 46 567
46 40 567
40 71 226
71 40 226
40 73 959
73 40 959
41 45 980
45 41 980
41 58 510
58 41 510
43 49 144
49 43 144
44 64 301
64 44 301
44 55 378
55 44 378
44 49 748
49 44 748
45 56 479
56 45 479
49 75 726
75 49 726
50 52 802
52 50 802
51 54 494
54 51 494
51 62 563
62 51 563
52 63 198
63 52 198
53 72 370
72 53 370
53 73 479
73 53 479
55 63 301
63 55 301
57 75 623
75 57 623
59 62 521
62 59 521
64 65 246
65 64 246
64 72 435
72 64 435
