40

0 1 924
1 0 924
0 2 152
2 0 152
0 25 368
25 0 368
0 35 336
35 0 336
0 18 120
18 0 120
0 13 688
13 0 688
0 34 255
34 0 255
1 3 328
3 1 328
1 14 261
14 1 261
1 29 778
29 1 778
2 5 811
5 2 811
2 7 64
7 2 64
2 9 49
9 2 49
2 12 490
12 2 490
2 26 212
26 2 212
2 21 953
21 2 953
2 39 32
39 2 32
2 13 877
13 2 877
3 4 451
4 3 451
3 8 910
8 3 910
3 17 492
17 3 492
3 32 352
32 3 352
3 29 190
29 3 190
3 17 168
17 3 168
3 25 307
25 3 307
3 30 939
30 3 939
3 30 50
30 3 50
4 6 103
6 4 103
4 20 842
20 4 842
4 17 505
17 4 505
4 8 918
8 4 918
5 10 358
10 5 358
5 13 153
13 5 153
5 16 85
16 5 85
5 34 812
34 5 812
5 21 737
21 5 737
5 19 35
19 5 35
6 8 897
8 6 897
6 26 573
26 6 573
6 39 144
39 6 144
7 35 542
35 7 542
7 35 107
35 7 107
8 15 93
15 8 93
8 30 583
30 8 583
8 28 164
28 8 164
8 28 560
28 8 560
8 27 133
27 8 133
9 19 744
19 9 744
9 23 538
23 9 538
9 31 652
31 9 652
9 14 486
14 9 486
9 12 867
12 9 867
10 11 698
11 10 698
10 38 494
38 10 494
10 29 468
29 10 468
10 21 75
21 10 75
10 33 659
33 10 659
11 28 996
28 11 996
11 38 660
38 11 660
11 15 551
15 11 551
12 29 573
29 12 573
12 35 648
35 12 648
12 23 910
23 12 910
12 20 819
20 12 819
12 35 779
35 12 779
13 26 994
26 13 994
13 21 545
21 13 545
13 34 85
34 13 85
14 38 247
38 14 247
14 29 59
29 14 59
15 22 382
22 15 382
15 32 664
32 15 664
15 39 362
39 15 362
16 23 899
23 16 899
17 18 182
18 17 182
17 30 448
30 17 448
17 38 504
38 17 504
18 37 341
37 18 341
18 35 841
35 18 841
18 20 235
20 18 235
18 29 517
29 18 517
18 32 581
32 18 581
19 21 8
21 19 8
19 22 708
22 19 708
20 31 331
31 20 331
20 35 971
35 20 971
20 27 755
27 20 755
20 37 245
37 20 245
20 27 215
27 20 215
21 24 960
24 21 960
21 39 551
39 21 551
22 31 284
31 22 284
22 32 563
32 22 563
22 29 478
29 22 478
23 31 732
31 23 732
24 33 538
33 24 538
25 27 110
27 25 110
25 29 580
29 25 580
25 30 719
30 25 719
25 37 44
37 25 44
26 34 59
34 26 59
26 29 280
29 26 280
28 33 344
33 28 344
28 37 289
37 28 289
29 34 314
34 29 314
30 38 33
38 30 33
31 36 850
36 31 850
35 39 544
39 35 544
36 37 637
37 36 637
37 39 263
39 37 263
