11

0 1 42
1 0 42
0 2 146
2 0 146
0 4 947
4 0 947
1 3 12
3 1 12
1 10 197
10 1 197
2 5 86
5 2 86
2 6 113
6 2 113
2 10 476
10 2 476
3 8 124
8 3 124
3 9 925
9 3 925
3 5 402
5 3 402
4 7 685
7 4 685
6 10 99
10 6 99
