40

0 1 828
1 0 828
0 2 932
2 0 932
0 3 826
3 0 826
0 7 227
7 0 227
0 10 390
10 0 390
1 4 175
4 1 175
1 5 149
5 1 149
1 8 210
8 1 210
1 17 245
17 1 245
1 33 680
33 1 680
1 27 329
27 1 329
2 11 80
11 2 80
2 31 913
31 2 913
3 12 136
12 3 136
3 14 584
14 3 584
3 20 295
20 3 295
3 27 729
27 3 729
3 29 78
29 3 78
4 6 983
6 4 983
4 22 581
22 4 581
5 9 377
9 5 377
5 36 898
36 5 898
8 15 123
15 8 123
8 18 805
18 8 805
8 23 550
23 8 550
9 32 646
32 9 646
10 16 271
16 10 271
12 13 245
13 12 245
12 28 373
28 12 373
12 37 381
37 12 381
14 26 429
26 14 429
14 30 625
30 14 625
16 21 853
21 16 853
16 25 265
25 16 265
18 19 419
19 18 419
19 34 53
34 19 53
19 35 184
35 19 184
21 24 838
24 21 838
26 30 203
30 26 203
27 39 66
39 27 66
30 36 838
36 30 838
35 38 857
38 35 857
