38

0 1 250
1 0 250
0 36 849
36 0 849
0 5 926
5 0 926
0 8 937
8 0 937
0 37 812
37 0 812
0 33 115
33 0 115
0 9 985
9 0 985
0 15 780
15 0 780
0 26 965
26 0 965
0 15 449
15 0 449
1 2 397
2 1 397
1 3 557
3 1 557
1 9 25
9 1 25
1 15 726
15 1 726
1 25 659
25 1 659
1 26 996
26 1 996
1 12 550
12 1 550
1 3 508
3 1 508
1 8 753
8 1 753
1 19 689
19 1 689
1 5 279
5 1 279
1 28 407
28 1 407
2 8 357
8 2 357
2 24 595
24 2 595
2 27 425
27 2 425
2 8 460
8 2 460
2 32 414
32 2 414
2 4 364
4 2 364
2 33 364
33 2 364
3 4 844
4 3 844
3 8 300
8 3 300
3 12 650
12 3 650
3 24 968
24 3 968
3 19 25
19 3 25
3 7 466
7 3 466
3 3 60
3 3 60
3 32 358
32 3 358
3 10 142
10 3 142
3 13 389
13 3 389
4 5 804
5 4 804
4 22 390
22 4 390
4 12 580
12 4 580
4 20 684
20 4 684
4 25 594
25 4 594
4 21 533
21 4 533
5 6 732
6 5 732
5 7 680
7 5 680
5 10 998
10 5 998
5 8 456
8 5 456
5 33 552
33 5 552
5 35 509
35 5 509
5 8 813
8 5 813
5 34 858
34 5 858
5 30 662
30 5 662
5 17 363
17 5 363
5 14 906
14 5 906
5 20 825
20 5 825
5 16 312
16 5 312
5 21 606
21 5 606
5 21 502
21 5 502
5 16 19
16 5 19
6 12 781
12 6 781
6 15 719
15 6 719
6 29 953
29 6 953
6 24 620
24 6 620
6 27 760
27 6 760
6 36 690
36 6 690
6 30 771
30 6 771
7 24 297
24 7 297
7 9 752
9 7 752
7 16 737
16 7 737
7 29 796
29 7 796
7 10 727
10 7 727
7 12 386
12 7 386
7 22 410
22 7 410
7 13 279
13 7 279
8 19 66
19 8 66
8 23 326
23 8 326
8 26 281
26 8 281
8 14 414
14 8 414
8 32 892
32 8 892
8 16 244
16 8 244
8 15 587
15 8 587
8 11 695
11 8 695
8 35 535
35 8 535
9 13 550
13 9 550
9 23 607
23 9 607
9 31 706
31 9 706
9 37 166
37 9 166
9 11 796
11 9 796
9 23 590
23 9 590
9 26 351
26 9 351
9 33 745
33 9 745
9 9 676
9 9 676
9 30 3
30 9 3
10 11 493
11 10 493
10 33 750
33 10 750
10 21 400
21 10 400
10 33 389
33 10 389
10 25 885
25 10 885
11 17 814
17 11 814
11 23 456
23 11 456
11 13 823
13 11 823
11 37 243
37 11 243
11 12 270
12 11 270
11 22 888
22 11 888
12 16 213
16 12 213
12 37 844
37 12 844
12 25 499
25 12 499
12 36 870
36 12 870
12 36 219
36 12 219
12 20 259
20 12 259
13 14 596
14 13 596
13 25 574
25 13 574
13 28 145
28 13 145
13 20 134
20 13 134
13 27 462
27 13 462
14 18 362
18 14 362
14 27 865
27 14 865
14 22 655
22 14 655
14 30 38
30 14 38
14 25 427
25 14 427
14 33 276
33 14 276
14 22 586
22 14 586
14 20 662
20 14 662
15 18 17
18 15 17
15 23 785
23 15 785
15 22 521
22 15 521
15 18 903
18 15 903
15 26 749
26 15 749
15 18 615
18 15 615
15 31 692
31 15 692
15 16 350
16 15 350
16 37 491
37 16 491
16 33 591
33 16 591
16 26 325
26 16 325
16 24 731
24 16 731
16 36 706
36 16 706
16 35 206
35 16 206
17 20 779
20 17 779
17 21 206
21 17 206
17 23 336
23 17 336
17 31 456
31 17 456
17 19 643
19 17 643
17 24 256
24 17 256
18 29 894
29 18 894
18 32 550
32 18 550
18 24 626
24 18 626
18 33 158
33 18 158
19 30 130
30 19 130
19 33 949
33 19 949
19 37 11
37 19 11
19 31 914
31 19 914
19 37 457
37 19 457
19 21 80
21 19 80
20 31 784
31 20 784
20 24 748
24 20 748
20 28 204
28 20 204
20 26 537
26 20 537
20 22 598
22 20 598
21 31 531
31 21 531
21 31 914
31 21 914
21 22 779
22 21 779
21 35 254
35 21 254
21 26 680
26 21 680
22 34 765
34 22 765
22 37 424
37 22 424
22 29 939
29 22 939
22 30 153
30 22 153
22 32 398
32 22 398
22 36 412
36 22 412
22 33 133
33 22 133
23 28 298
28 23 298
23 24 548
24 23 548
25 26 197
26 25 197
25 30 283
30 25 283
25 26 744
26 25 744
25 31 140
31 25 140
25 29 679
29 25 679
26 26 824
26 26 824
26 34 51
34 26 51
27 34 190
34 27 190
28 34 254
34 28 254
28 34 938
34 28 938
28 32 890
32 28 890
28 34 715
34 28 715
29 30 205
30 29 205
30 35 568
35 30 568
30 32 282
32 30 282
30 30 405
30 30 405
30 36 203
36 30 203
31 32 611
32 31 611
