54

0 1 458
1 0 458
0 2 666
2 0 666
0 5 622
5 0 622
0 12 363
12 0 363
0 2 710
2 0 710
0 17 881
17 0 881
0 18 670
18 0 670
0 7 787
7 0 787
0 32 899
32 0 899
0 17 779
17 0 779
1 3 694
3 1 694
1 6 949
6 1 949
1 20 438
20 1 438
1 10 655
10 1 655
1 7 927
7 1 927
1 28 87
28 1 87
1 50 158
50 1 158
1 8 680
8 1 680
1 2 933
2 1 933
1 52 388
52 1 388
2 8 632
8 2 632
2 25 972
25 2 972
2 27 197
27 2 197
2 39 455
39 2 455
2 41 303
41 2 303
2 35 159
35 2 159
2 21 520
21 2 520
3 4 270
4 3 270
3 7 960
7 3 960
3 14 729
14 3 729
3 25 751
25 3 751
3 42 377
42 3 377
3 33 993
33 3 993
3 34 734
34 3 734
4 9 182
9 4 182
4 40 379
40 4 379
4 52 157
52 4 157
4 52 632
52 4 632
4 5 199
5 4 199
5 15 132
15 5 132
5 41 366
41 5 366
5 38 571
38 5 571
5 44 210
44 5 210
5 8 726
8 5 726
5 25 499
25 5 499
5 28 393
28 5 393
5 26 35
26 5 35
5 43 720
43 5 720
5 51 52
51 5 52
5 28 839
28 5 839
6 22 828
22 6 828
6 31 592
31 6 592
6 33 529
33 6 529
6 9 895
9 6 895
6 52 540
52 6 540
6 11 15
11 6 15
6 39 629
39 6 629
7 10 804
10 7 804
7 11 840
11 7 840
7 48 241
48 7 241
7 22 811
22 7 811
7 8 543
8 7 543
7 23 304
23 7 304
8 19 103
19 8 103
8 23 521
23 8 521
8 11 482
11 8 482
8 27 371
27 8 371
8 45 197
45 8 197
8 42 772
42 8 772
8 36 400
36 8 400
9 18 796
18 9 796
9 28 310
28 9 310
9 36 718
36 9 718
9 51 122
51 9 122
9 20 460
20 9 460
9 41 998
41 9 998
9 27 470
27 9 470
9 13 414
13 9 414
9 49 532
49 9 532
10 13 488
13 10 488
10 18 93
18 10 93
10 35 812
35 10 812
10 26 753
26 10 753
10 34 812
34 10 812
10 13 975
13 10 975
10 20 213
20 10 213
10 17 673
17 10 673
11 13 698
13 11 698
11 16 691
16 11 691
11 37 30
37 11 30
11 38 707
38 11 707
11 27 976
27 11 976
11 51 103
51 11 103
11 14 111
14 11 111
11 21 767
21 11 767
11 13 310
13 11 310
12 17 403
17 12 403
12 24 931
24 12 931
12 15 173
15 12 173
12 45 610
45 12 610
12 15 374
15 12 374
12 33 842
33 12 842
12 13 825
13 12 825
12 49 313
49 12 313
13 34 993
34 13 993
13 32 869
32 13 869
13 21 592
21 13 592
13 47 739
47 13 739
13 30 562
30 13 562
14 21 303
21 14 303
14 16 384
16 14 384
14 36 773
36 14 773
14 33 325
33 14 325
14 15 539
15 14 539
14 21 920
21 14 920
14 51 74
51 14 74
15 33 768
33 15 768
15 30 284
30 15 284
15 31 457
31 15 457
15 23 845
23 15 845
15 47 347
47 15 347
16 39 352
39 16 352
16 32 914
32 16 914
17 26 357
26 17 357
17 30 1
30 17 1
17 23 725
23 17 725
17 46 983
46 17 983
17 45 110
45 17 110
17 28 224
28 17 224
19 26 90
26 19 90
19 33 262
33 19 262
19 50 362
50 19 362
19 39 732
39 19 732
20 51 338
51 20 338
20 20 134
20 20 134
21 39 231
39 21 231
21 53 202
53 21 202
21 39 615
39 21 615
21 41 736
41 21 736
21 40 373
40 21 373
21 49 593
49 21 593
22 23 642
23 22 642
22 29 208
29 22 208
22 50 527
50 22 527
22 34 493
34 22 493
23 42 358
42 23 358
23 43 326
43 23 326
23 33 945
33 23 945
23 46 157
46 23 157
23 24 440
24 23 440
23 23 992
23 23 992
24 46 234
46 24 234
24 32 66
32 24 66
24 37 989
37 24 989
25 44 201
44 25 201
25 26 188
26 25 188
26 29 426
29 26 426
26 31 925
31 26 925
26 42 647
42 26 647
26 28 477
28 26 477
27 32 718
32 27 718
27 49 719
49 27 719
27 47 447
47 27 447
27 51 947
51 27 947
28 35 226
35 28 226
28 35 628
35 28 628
28 37 338
37 28 338
28 50 190
50 28 190
28 51 263
51 28 263
29 33 786
33 29 786
29 36 68
36 29 68
29 36 971
36 29 971
29 48 377
48 29 377
29 38 689
38 29 689
30 37 684
37 30 684
30 43 569
43 30 569
30 45 852
45 30 852
32 47 505
47 32 505
32 47 194
47 32 194
32 44 619
44 32 619
32 34 622
34 32 622
32 50 779
50 32 779
32 47 647
47 32 647
32 35 45
35 32 45
32 53 759
53 32 759
32 42 286
42 32 286
33 37 206
37 33 206
34 36 619
36 34 619
35 46 913
46 35 913
35 44 323
44 35 323
35 40 832
40 35 832
35 42 376
42 35 376
36 44 946
44 36 946
36 40 325
40 36 325
37 52 954
52 37 954
37 49 833
49 37 833
37 43 633
43 37 633
37 40 48
40 37 48
38 49 774
49 38 774
39 50 729
50 39 729
39 49 50
49 39 50
39 44 935
44 39 935
40 45 465
45 40 465
40 50 701
50 40 701
40 40 711
40 40 711
41 53 501
53 41 501
41 51 875
51 41 875
41 48 280
48 41 280
41 49 696
49 41 696
43 44 177
44 43 177
44 49 309
49 44 309
44 46 301
46 44 301
45 52 195
52 45 195
45 53 145
53 45 145
46 49 64
49 46 64
46 49 409
49 46 409
46 50 123
50 46 123
47 52 560
52 47 560
48 52 436
52 48 436
48 52 825
52 48 825
49 49 229
49 49 229
49 50 506
50 49 506
49 52 572
52 49 572
