15

0 1 455
1 0 455
0 7 9
7 0 9
0 13 819
13 0 819
1 2 835
2 1 835
1 3 670
3 1 670
1 4 539
4 1 539
1 6 533
6 1 533
1 14 520
14 1 520
1 1 525
1 1 525
1 11 105
11 1 105
3 5 21
5 3 21
3 10 829
10 3 829
4 8 689
8 4 689
4 12 30
12 4 30
4 9 238
9 4 238
4 9 766
9 4 766
5 14 135
14 5 135
6 11 171
11 6 171
6 8 466
8 6 466
6 7 570
7 6 570
6 7 122
7 6 122
7 9 774
9 7 774
7 8 107
8 7 107
9 13 574
13 9 574
9 12 272
12 9 272
11 13 796
13 11 796
