81

0 1 369
1 0 369
0 2 26
2 0 26
0 53 336
53 0 336
0 38 719
38 0 719
0 2 160
2 0 160
0 12 163
12 0 163
0 27 547
27 0 547
0 50 212
50 0 212
0 66 461
66 0 461
1 15 776
15 1 776
1 40 342
40 1 342
1 35 228
35 1 228
1 47 454
47 1 454
1 61 524
61 1 524
2 3 19
3 2 19
2 4 523
4 2 523
2 6 361
6 2 361
2 9 775
9 2 775
2 16 725
16 2 725
2 18 306
18 2 306
2 57 812
57 2 812
3 10 235
10 3 235
3 48 928
48 3 928
3 34 163
34 3 163
4 5 70
5 4 70
4 7 66
7 4 66
4 44 819
44 4 819
4 17 441
17 4 441
4 8 788
8 4 788
4 10 418
10 4 418
4 62 44
62 4 44
5 11 168
11 5 168
5 13 262
13 5 262
5 58 904
58 5 904
5 68 629
68 5 629
5 11 226
11 5 226
5 27 358
27 5 358
5 48 625
48 5 625
5 55 85
55 5 85
5 17 797
17 5 797
5 55 969
55 5 969
5 44 819
44 5 819
5 25 688
25 5 688
6 8 305
8 6 305
6 20 167
20 6 167
6 63 865
63 6 865
6 61 725
61 6 725
6 33 846
33 6 846
7 73 168
73 7 168
7 10 976
10 7 976
7 51 11
51 7 11
8 27 940
27 8 940
8 29 549
29 8 549
8 66 482
66 8 482
8 60 762
60 8 762
9 69 493
69 9 493
9 78 432
78 9 432
9 74 489
74 9 489
9 17 247
17 9 247
10 12 483
12 10 483
10 42 45
42 10 45
10 70 284
70 10 284
10 13 349
13 10 349
11 48 501
48 11 501
11 55 355
55 11 355
11 34 763
34 11 763
11 18 247
18 11 247
11 50 944
50 11 944
12 14 933
14 12 933
12 21 553
21 12 553
12 30 781
30 12 781
12 50 851
50 12 851
12 27 995
27 12 995
12 38 226
38 12 226
12 30 888
30 12 888
13 31 884
31 13 884
13 77 693
77 13 693
13 56 964
56 13 964
13 21 860
21 13 860
13 74 979
74 13 979
13 18 117
18 13 117
14 26 143
26 14 143
14 41 631
41 14 631
14 55 428
55 14 428
14 24 245
24 14 245
14 61 42
61 14 42
15 23 14
23 15 14
15 24 567
24 15 567
15 25 557
25 15 557
15 74 195
74 15 195
15 44 702
44 15 702
15 36 507
36 15 507
16 17 991
17 16 991
16 57 31
57 16 31
16 50 843
50 16 843
16 41 248
41 16 248
16 54 380
54 16 380
16 57 601
57 16 601
16 24 210
24 16 210
17 19 454
19 17 454
17 28 79
28 17 79
17 36 632
36 17 632
17 37 958
37 17 958
17 63 919
63 17 919
17 55 611
55 17 611
18 41 588
41 18 588
19 22 930
22 19 930
19 35 6
35 19 6
19 49 632
49 19 632
19 71 685
71 19 685
19 31 894
31 19 894
19 28 461
28 19 461
19 72 127
72 19 127
20 45 193
45 20 193
20 43 958
43 20 958
21 76 549
76 21 549
21 58 345
58 21 345
21 60 405
60 21 405
22 32 126
32 22 126
22 50 952
50 22 952
22 32 853
32 22 853
23 43 368
43 23 368
23 79 413
79 23 413
23 41 367
41 23 367
23 80 39
80 23 39
24 33 22
33 24 22
24 32 710
32 24 710
24 56 849
56 24 849
24 50 461
50 24 461
25 46 705
46 25 705
25 63 934
63 25 934
25 37 913
37 25 913
25 62 523
62 25 523
25 26 299
26 25 299
25 34 779
34 25 779
25 57 82
57 25 82
25 53 744
53 25 744
26 32 494
32 26 494
27 51 740
51 27 740
27 49 377
49 27 377
27 43 13
43 27 13
27 48 220
48 27 220
27 37 38
37 27 38
28 60 890
60 28 890
28 38 160
38 28 160
28 59 952
59 28 952
29 34 902
34 29 902
29 58 975
58 29 975
29 60 281
60 29 281
29 50 681
50 29 681
29 71 850
71 29 850
30 38 991
38 30 991
30 54 929
54 30 929
30 57 478
57 30 478
30 49 243
49 30 243
30 34 635
34 30 635
30 67 790
67 30 790
31 72 942
72 31 942
31 78 762
78 31 762
31 64 528
64 31 528
31 35 434
35 31 434
32 39 250
39 32 250
32 52 921
52 32 921
32 70 110
70 32 110
33 65 302
65 33 302
33 57 591
57 33 591
34 44 592
44 34 592
34 48 35
48 34 35
35 47 811
47 35 811
35 45 570
45 35 570
36 61 772
61 36 772
36 58 18
58 36 18
36 58 138
58 36 138
36 80 926
80 36 926
37 62 708
62 37 708
37 45 388
45 37 388
37 40 970
40 37 970
39 50 141
50 39 141
39 50 454
50 39 454
40 55 177
55 40 177
40 80 962
80 40 962
41 55 153
55 41 153
41 56 989
56 41 989
42 76 516
76 42 516
43 55 438
55 43 438
43 63 242
63 43 242
44 62 223
62 44 223
45 59 124
59 45 124
45 77 333
77 45 333
45 72 477
72 45 477
45 54 678
54 45 678
45 46 269
46 45 269
46 68 122
68 46 122
50 53 445
53 50 445
52 75 73
75 52 73
52 69 486
69 52 486
52 74 551
74 52 551
52 57 747
57 52 747
53 56 252
56 53 252
53 65 607
65 53 607
54 54 131
54 54 131
56 72 413
72 56 413
57 59 463
59 57 463
58 63 119
63 58 119
59 61 164
61 59 164
60 74 234
74 60 234
61 64 134
64 61 134
61 63 500
63 61 500
62 79 705
79 62 705
62 70 440
70 62 440
62 68 38
68 62 38
63 69 526
69 63 526
64 67 244
67 64 244
67 67 290
67 67 290
68 75 60
75 68 60
70 74 657
74 70 657
70 75 917
75 70 917
70 75 664
75 70 664
72 76 570
76 72 570
72 76 269
76 72 269
79 80 360
80 79 360
