62

0 1 324
1 0 324
0 4 130
4 0 130
0 6 634
6 0 634
0 18 396
18 0 396
0 23 411
23 0 411
0 40 349
40 0 349
0 33 286
33 0 286
0 6 154
6 0 154
0 54 888
54 0 888
0 3 522
3 0 522
0 46 617
46 0 617
0 37 811
37 0 811
0 7 334
7 0 334
0 51 239
51 0 239
0 6 665
6 0 665
0 48 487
48 0 487
1 2 713
2 1 713
1 3 644
3 1 644
1 5 435
5 1 435
1 8 630
8 1 630
1 9 548
9 1 548
1 13 985
13 1 985
1 32 345
32 1 345
1 54 80
54 1 80
1 25 31
25 1 31
1 44 945
44 1 945
1 19 431
19 1 431
1 37 311
37 1 311
1 17 385
17 1 385
1 38 8
38 1 8
1 27 382
27 1 382
1 18 755
18 1 755
1 50 135
50 1 135
1 57 916
57 1 916
1 23 894
23 1 894
2 56 228
56 2 228
2 36 58
36 2 58
2 50 317
50 2 317
2 44 350
44 2 350
2 58 971
58 2 971
2 12 371
12 2 371
2 57 625
57 2 625
2 44 111
44 2 111
2 8 555
8 2 555
2 32 742
32 2 742
2 41 496
41 2 496
3 51 738
51 3 738
3 56 867
56 3 867
3 50 478
50 3 478
3 18 912
18 3 912
3 5 491
5 3 491
3 33 316
33 3 316
3 55 798
55 3 798
3 5 206
5 3 206
3 60 217
60 3 217
3 31 418
31 3 418
3 53 107
53 3 107
3 6 241
6 3 241
3 27 362
27 3 362
3 32 951
32 3 951
4 20 30
20 4 30
4 24 948
24 4 948
4 34 872
34 4 872
4 60 36
60 4 36
4 49 670
49 4 670
4 44 522
44 4 522
4 51 112
51 4 112
4 47 239
47 4 239
4 58 32
58 4 32
4 48 505
48 4 505
4 27 865
27 4 865
4 34 260
34 4 260
4 16 180
16 4 180
4 38 736
38 4 736
4 25 373
25 4 373
4 6 643
6 4 643
4 18 421
18 4 421
4 38 832
38 4 832
5 7 562
7 5 562
5 12 730
12 5 730
5 49 21
49 5 21
5 18 269
18 5 269
5 47 557
47 5 557
5 52 406
52 5 406
5 7 266
7 5 266
5 46 269
46 5 269
5 57 3
57 5 3
5 57 586
57 5 586
5 12 208
12 5 208
6 10 395
10 6 395
6 50 827
50 6 827
6 55 346
55 6 346
6 52 678
52 6 678
6 19 960
19 6 960
6 54 563
54 6 563
6 61 117
61 6 117
6 61 439
61 6 439
7 16 12
16 7 12
7 29 714
29 7 714
7 25 313
25 7 313
7 38 662
38 7 662
7 39 871
39 7 871
7 44 853
44 7 853
7 20 221
20 7 221
8 44 493
44 8 493
8 46 202
46 8 202
8 29 751
29 8 751
8 17 675
17 8 675
8 14 348
14 8 348
8 45 463
45 8 463
8 54 916
54 8 916
8 57 931
57 8 931
8 49 88
49 8 88
8 29 581
29 8 581
8 47 197
47 8 197
9 11 210
11 9 210
9 25 568
25 9 568
9 28 933
28 9 933
9 45 471
45 9 471
9 53 971
53 9 971
9 38 933
38 9 933
9 61 645
61 9 645
9 48 255
48 9 255
9 20 766
20 9 766
9 22 916
22 9 916
9 21 748
21 9 748
9 39 624
39 9 624
9 49 786
49 9 786
9 49 746
49 9 746
9 23 282
23 9 282
9 16 479
16 9 479
10 47 424
47 10 424
10 13 97
13 10 97
10 33 710
33 10 710
10 19 794
19 10 794
10 32 74
32 10 74
10 50 75
50 10 75
10 61 182
61 10 182
10 17 291
17 10 291
10 40 944
40 10 944
10 44 316
44 10 316
10 38 166
38 10 166
10 55 643
55 10 643
10 16 620
16 10 620
11 26 119
26 11 119
11 40 496
40 11 496
11 47 143
47 11 143
11 27 11
27 11 11
11 54 680
54 11 680
11 46 352
46 11 352
11 24 357
24 11 357
11 54 805
54 11 805
11 57 419
57 11 419
11 19 990
19 11 990
11 46 584
46 11 584
11 35 359
35 11 359
12 24 421
24 12 421
12 42 332
42 12 332
12 34 608
34 12 608
12 59 350
59 12 350
12 58 469
58 12 469
13 14 330
14 13 330
13 40 983
40 13 983
13 30 615
30 13 615
13 37 798
37 13 798
13 37 510
37 13 510
13 26 936
26 13 936
13 20 865
20 13 865
13 51 403
51 13 403
13 51 239
51 13 239
13 49 872
49 13 872
13 36 230
36 13 230
14 15 294
15 14 294
14 21 240
21 14 240
14 39 244
39 14 244
14 40 727
40 14 727
14 49 305
49 14 305
14 55 468
55 14 468
14 32 214
32 14 214
14 46 501
46 14 501
14 53 707
53 14 707
14 50 228
50 14 228
15 17 995
17 15 995
15 36 676
36 15 676
15 29 710
29 15 710
15 48 644
48 15 644
15 42 86
42 15 86
15 43 990
43 15 990
15 60 327
60 15 327
15 24 221
24 15 221
16 42 147
42 16 147
16 32 103
32 16 103
16 35 815
35 16 815
16 43 164
43 16 164
16 41 485
41 16 485
16 18 191
18 16 191
16 60 124
60 16 124
16 26 665
26 16 665
16 27 321
27 16 321
16 54 210
54 16 210
16 58 710
58 16 710
16 47 888
47 16 888
16 59 969
59 16 969
17 31 146
31 17 146
17 45 615
45 17 615
17 22 582
22 17 582
17 42 899
42 17 899
17 30 906
30 17 906
18 19 564
19 18 564
18 23 539
23 18 539
18 56 93
56 18 93
18 41 81
41 18 81
18 38 458
38 18 458
18 43 840
43 18 840
18 27 265
27 18 265
18 29 26
29 18 26
18 32 496
32 18 496
18 35 69
35 18 69
19 43 856
43 19 856
19 58 440
58 19 440
19 47 174
47 19 174
19 46 45
46 19 45
19 32 799
32 19 799
19 59 833
59 19 833
20 38 489
38 20 489
20 22 108
22 20 108
20 48 52
48 20 52
20 44 347
44 20 347
20 45 131
45 20 131
20 56 139
56 20 139
20 42 151
42 20 151
21 22 695
22 21 695
21 55 582
55 21 582
21 23 950
23 21 950
21 38 52
38 21 52
21 54 998
54 21 998
21 54 929
54 21 929
21 25 519
25 21 519
22 30 15
30 22 15
22 36 132
36 22 132
22 26 752
26 22 752
23 27 440
27 23 440
23 33 523
33 23 523
23 28 527
28 23 527
23 27 29
27 23 29
23 28 359
28 23 359
23 33 67
33 23 67
23 49 835
49 23 835
23 43 114
43 23 114
23 37 658
37 23 658
24 54 767
54 24 767
24 29 671
29 24 671
24 47 955
47 24 955
24 55 319
55 24 319
24 36 958
36 24 958
24 44 638
44 24 638
24 30 527
30 24 527
24 55 940
55 24 940
25 31 546
31 25 546
25 42 443
42 25 443
25 54 663
54 25 663
25 43 395
43 25 395
25 58 367
58 25 367
25 29 916
29 25 916
25 35 637
35 25 637
26 58 472
58 26 472
26 42 881
42 26 881
26 53 363
53 26 363
26 40 386
40 26 386
26 41 966
41 26 966
26 55 551
55 26 551
26 38 977
38 26 977
26 49 149
49 26 149
26 31 719
31 26 719
27 54 514
54 27 514
27 57 313
57 27 313
27 33 713
33 27 713
27 30 368
30 27 368
27 33 841
33 27 841
28 30 167
30 28 167
28 43 537
43 28 537
28 42 88
42 28 88
28 41 594
41 28 594
28 37 570
37 28 570
28 36 981
36 28 981
28 57 879
57 28 879
29 58 697
58 29 697
29 46 636
46 29 636
29 42 7
42 29 7
29 56 184
56 29 184
30 52 320
52 30 320
30 40 741
40 30 741
30 35 345
35 30 345
30 48 481
48 30 481
30 45 792
45 30 792
30 60 757
60 30 757
30 45 416
45 30 416
31 54 598
54 31 598
31 43 125
43 31 125
31 35 467
35 31 467
31 38 165
38 31 165
31 58 704
58 31 704
31 41 30
41 31 30
31 49 527
49 31 527
31 33 397
33 31 397
31 59 412
59 31 412
32 35 944
35 32 944
32 38 9
38 32 9
32 43 495
43 32 495
32 41 316
41 32 316
32 59 557
59 32 557
32 46 840
46 32 840
33 37 882
37 33 882
33 59 668
59 33 668
33 58 991
58 33 991
34 49 700
49 34 700
34 56 118
56 34 118
34 56 691
56 34 691
34 45 697
45 34 697
34 36 727
36 34 727
34 40 19
40 34 19
34 46 244
46 34 244
35 55 216
55 35 216
36 48 712
48 36 712
36 39 563
39 36 563
36 49 99
49 36 99
36 54 503
54 36 503
36 57 499
57 36 499
36 61 150
61 36 150
37 61 813
61 37 813
37 41 831
41 37 831
37 41 631
41 37 631
37 41 863
41 37 863
38 49 628
49 38 628
39 41 866
41 39 866
39 46 311
46 39 311
39 57 45
57 39 45
39 54 553
54 39 553
39 45 573
45 39 573
39 41 604
41 39 604
40 54 249
54 40 249
40 49 685
49 40 685
40 55 718
55 40 718
41 61 339
61 41 339
41 53 295
53 41 295
42 53 812
53 42 812
42 51 141
51 42 141
42 57 372
57 42 372
42 59 335
59 42 335
42 43 52
43 42 52
44 53 899
53 44 899
46 46 199
46 46 199
46 56 181
56 46 181
47 52 433
52 47 433
50 57 522
57 50 522
50 56 14
56 50 14
50 58 408
58 50 408
50 53 158
53 50 158
51 59 815
59 51 815
53 60 935
60 53 935
53 59 620
59 53 620
53 58 243
58 53 243
54 57 77
57 54 77
56 59 288
59 56 288
57 58 585
58 57 585
61 61 90
61 61 90
