11

0 1 891
1 0 891
0 9 482
9 0 482
0 3 351
3 0 351
0 10 762
10 0 762
1 2 208
2 1 208
1 5 702
5 1 702
2 3 245
3 2 245
2 10 742
10 2 742
3 4 560
4 3 560
3 7 626
7 3 626
4 6 405
6 4 405
6 8 35
8 6 35
6 8 152
8 6 152
6 10 865
10 6 865
