78

0 1 298
1 0 298
0 2 50
2 0 50
0 3 994
3 0 994
0 6 134
6 0 134
0 44 590
44 0 590
0 77 395
77 0 395
0 67 513
67 0 513
0 13 539
13 0 539
1 4 625
4 1 625
1 7 122
7 1 122
1 61 495
61 1 495
2 61 903
61 2 903
3 5 457
5 3 457
3 13 155
13 3 155
3 50 963
50 3 963
4 8 591
8 4 591
4 59 121
59 4 121
5 19 302
19 5 302
5 29 676
29 5 676
5 52 903
52 5 903
6 18 347
18 6 347
6 65 290
65 6 290
7 9 907
9 7 907
7 24 956
24 7 956
7 53 429
53 7 429
7 47 586
47 7 586
7 73 445
73 7 445
8 14 69
14 8 69
8 31 519
31 8 519
8 37 20
37 8 20
9 10 517
10 9 517
9 12 263
12 9 263
9 17 208
17 9 208
10 11 783
11 10 783
10 23 834
23 10 834
10 40 486
40 10 486
10 34 506
34 10 506
11 15 506
15 11 506
11 57 641
57 11 641
12 34 405
34 12 405
12 68 754
68 12 754
13 21 386
21 13 386
13 22 527
22 13 527
13 27 670
27 13 670
13 28 704
28 13 704
13 64 300
64 13 300
13 21 890
21 13 890
14 16 269
16 14 269
14 54 588
54 14 588
15 20 657
20 15 657
15 26 511
26 15 511
15 45 854
45 15 854
15 40 15
40 15 15
15 58 182
58 15 182
16 18 552
18 16 552
17 42 797
42 17 797
18 30 161
30 18 161
18 32 663
32 18 663
18 72 409
72 18 409
18 58 520
58 18 520
19 43 856
43 19 856
20 69 508
69 20 508
20 73 719
73 20 719
21 51 570
51 21 570
21 76 324
76 21 324
21 73 508
73 21 508
23 25 174
25 23 174
23 58 992
58 23 992
25 36 127
36 25 127
25 39 397
39 25 397
25 37 187
37 25 187
26 57 292
57 26 292
27 38 563
38 27 563
27 57 15
57 27 15
27 28 890
28 27 890
28 33 48
33 28 48
28 76 576
76 28 576
31 49 58
49 31 58
31 65 942
65 31 942
31 75 326
75 31 326
33 35 212
35 33 212
33 56 122
56 33 122
33 67 21
67 33 21
33 51 148
51 33 148
34 62 444
62 34 444
34 42 229
42 34 229
35 48 231
48 35 231
36 63 372
63 36 372
37 47 627
47 37 627
37 41 506
41 37 506
38 41 781
41 38 781
38 62 786
62 38 786
38 72 372
72 38 372
39 68 108
68 39 108
39 75 360
75 39 360
39 66 237
66 39 237
40 76 272
76 40 272
41 46 529
46 41 529
43 66 390
66 43 390
43 74 13
74 43 13
44 47 680
47 44 680
45 73 59
73 45 59
46 52 131
52 46 131
46 55 309
55 46 309
48 71 256
71 48 256
48 69 596
69 48 596
49 60 586
60 49 586
49 57 222
57 49 222
49 71 834
71 49 834
50 71 705
71 50 705
50 77 111
77 50 111
52 60 31
60 52 31
54 58 580
58 54 580
56 64 303
64 56 303
57 67 866
67 57 866
57 58 179
58 57 179
62 73 330
73 62 330
63 74 572
74 63 572
65 70 513
70 65 513
