69

0 1 182
1 0 182
0 2 542
2 0 542
0 4 207
4 0 207
0 28 550
28 0 550
0 35 790
35 0 790
0 45 933
45 0 933
0 10 910
10 0 910
0 12 754
12 0 754
1 5 953
5 1 953
1 16 244
16 1 244
1 47 976
47 1 976
1 5 5
5 1 5
1 16 558
16 1 558
2 3 93
3 2 93
2 9 837
9 2 837
2 12 972
12 2 972
2 34 785
34 2 785
2 35 707
35 2 707
2 23 169
23 2 169
2 65 83
65 2 83
3 7 977
7 3 977
3 8 972
8 3 972
3 64 759
64 3 759
3 68 736
68 3 736
3 24 796
24 3 796
3 26 68
26 3 68
3 27 323
27 3 323
4 6 627
6 4 627
4 13 9
13 4 9
4 66 481
66 4 481
4 57 359
57 4 359
4 44 715
44 4 715
5 10 378
10 5 378
5 25 401
25 5 401
5 66 448
66 5 448
5 25 178
25 5 178
5 27 718
27 5 718
5 55 858
55 5 858
5 63 351
63 5 351
6 27 557
27 6 557
6 38 359
38 6 359
6 44 451
44 6 451
6 11 84
11 6 84
6 35 975
35 6 975
6 17 385
17 6 385
6 42 668
42 6 668
6 31 776
31 6 776
7 15 660
15 7 660
7 17 164
17 7 164
7 43 370
43 7 370
7 46 614
46 7 614
7 25 157
25 7 157
7 10 162
10 7 162
7 29 107
29 7 107
7 16 732
16 7 732
7 8 620
8 7 620
8 21 294
21 8 294
8 47 105
47 8 105
8 20 158
20 8 158
8 62 567
62 8 567
8 13 605
13 8 605
9 11 354
11 9 354
9 20 877
20 9 877
9 55 98
55 9 98
9 64 226
64 9 226
9 51 292
51 9 292
9 42 447
42 9 447
10 32 540
32 10 540
10 44 302
44 10 302
11 52 427
52 11 427
11 65 277
65 11 277
11 49 968
49 11 968
11 23 215
23 11 215
11 30 906
30 11 906
11 50 876
50 11 876
12 41 605
41 12 605
12 48 407
48 12 407
12 68 722
68 12 722
12 51 773
51 12 773
12 21 940
21 12 940
13 14 34
14 13 34
13 26 129
26 13 129
13 63 990
63 13 990
13 43 517
43 13 517
13 40 106
40 13 106
13 22 616
22 13 616
13 18 333
18 13 333
13 50 526
50 13 526
13 63 470
63 13 470
13 17 46
17 13 46
14 19 819
19 14 819
14 50 318
50 14 318
14 64 857
64 14 857
15 29 716
29 15 716
15 39 973
39 15 973
15 56 235
56 15 235
15 51 228
51 15 228
15 35 562
35 15 562
15 55 745
55 15 745
15 57 387
57 15 387
15 16 589
16 15 589
17 18 744
18 17 744
17 61 827
61 17 827
17 37 269
37 17 269
18 40 370
40 18 370
18 53 349
53 18 349
19 22 263
22 19 263
19 51 366
51 19 366
20 59 875
59 20 875
21 23 591
23 21 591
21 24 999
24 21 999
21 30 419
30 21 419
21 60 847
60 21 847
21 29 919
29 21 919
21 61 444
61 21 444
21 61 204
61 21 204
21 27 790
27 21 790
22 54 56
54 22 56
22 28 228
28 22 228
22 27 165
27 22 165
22 38 388
38 22 388
23 31 702
31 23 702
23 58 569
58 23 569
23 54 817
54 23 817
23 60 581
60 23 581
24 33 58
33 24 58
24 33 501
33 24 501
24 36 805
36 24 805
25 36 598
36 25 598
25 62 349
62 25 349
25 46 774
46 25 774
25 56 858
56 25 858
25 33 148
33 25 148
26 44 270
44 26 270
26 40 771
40 26 771
26 36 22
36 26 22
26 29 617
29 26 617
26 58 583
58 26 583
27 57 249
57 27 249
27 38 413
38 27 413
27 54 688
54 27 688
27 44 896
44 27 896
28 37 381
37 28 381
28 58 374
58 28 374
28 37 250
37 28 250
29 62 493
62 29 493
29 43 119
43 29 119
30 33 344
33 30 344
30 43 32
43 30 32
30 52 795
52 30 795
30 46 890
46 30 890
30 57 397
57 30 397
30 58 221
58 30 221
31 32 513
32 31 513
31 47 698
47 31 698
31 50 337
50 31 337
32 42 878
42 32 878
32 67 23
67 32 23
32 64 763
64 32 763
33 50 399
50 33 399
34 54 886
54 34 886
34 54 243
54 34 243
35 56 599
56 35 599
36 37 825
37 36 825
36 58 961
58 36 961
36 61 209
61 36 209
36 43 254
43 36 254
36 39 664
39 36 664
37 52 546
52 37 546
38 58 711
58 38 711
38 63 158
63 38 158
39 40 68
40 39 68
39 49 8
49 39 8
40 58 71
58 40 71
40 44 719
44 40 719
40 47 436
47 40 436
41 53 317
53 41 317
42 51 798
51 42 798
42 49 356
49 42 356
42 53 7
53 42 7
42 55 707
55 42 707
42 57 579
57 42 579
43 68 197
68 43 197
43 56 434
56 43 434
44 50 137
50 44 137
44 66 623
66 44 623
46 56 685
56 46 685
46 68 607
68 46 607
47 48 330
48 47 330
49 62 702
62 49 702
49 65 158
65 49 158
50 52 908
52 50 908
50 67 356
67 50 356
52 59 922
59 52 922
53 65 949
65 53 949
54 64 449
64 54 449
56 65 618
65 56 618
57 63 462
63 57 462
57 63 746
63 57 746
58 61 391
61 58 391
58 65 222
65 58 222
59 68 7
68 59 7
59 64 595
64 59 595
60 63 937
63 60 937
61 66 857
66 61 857
65 68 283
68 65 283
