73

0 1 151
1 0 151
0 4 932
4 0 932
0 5 867
5 0 867
0 34 856
34 0 856
0 69 603
69 0 603
0 72 734
72 0 734
1 2 570
2 1 570
1 3 540
3 1 540
1 6 275
6 1 275
1 12 733
12 1 733
1 18 329
18 1 329
2 37 88
37 2 88
2 59 184
59 2 184
3 9 464
9 3 464
3 17 913
17 3 913
4 25 511
25 4 511
4 35 721
35 4 721
4 60 81
60 4 81
5 15 684
15 5 684
5 16 511
16 5 511
5 19 58
19 5 58
5 52 328
52 5 328
6 7 49
7 6 49
6 8 867
8 6 867
6 20 922
20 6 922
6 24 931
24 6 931
7 10 215
10 7 215
7 21 200
21 7 200
7 28 147
28 7 147
7 29 506
29 7 506
7 45 413
45 7 413
7 19 97
19 7 97
8 11 594
11 8 594
8 45 649
45 8 649
9 45 294
45 9 294
10 30 554
30 10 554
10 46 349
46 10 349
12 13 420
13 12 420
12 22 571
22 12 571
13 14 907
14 13 907
13 41 2
41 13 2
14 58 158
58 14 158
14 72 706
72 14 706
15 44 857
44 15 857
15 63 212
63 15 212
16 27 825
27 16 825
16 47 841
47 16 841
16 37 993
37 16 993
17 23 695
23 17 695
17 55 796
55 17 796
17 34 840
34 17 840
18 38 51
38 18 51
18 61 44
61 18 44
18 66 110
66 18 110
19 42 217
42 19 217
20 62 504
62 20 504
20 61 447
61 20 447
20 44 183
44 20 183
22 33 739
33 22 739
23 26 675
26 23 675
24 45 161
45 24 161
25 53 234
53 25 234
26 35 677
35 26 677
27 31 204
31 27 204
28 40 348
40 28 348
29 36 288
36 29 288
29 46 943
46 29 943
29 50 596
50 29 596
30 32 995
32 30 995
30 39 228
39 30 228
33 57 629
57 33 629
34 51 128
51 34 128
35 40 102
40 35 102
37 71 80
71 37 80
39 43 3
43 39 3
40 48 428
48 40 428
41 49 757
49 41 757
41 45 88
45 41 88
41 67 243
67 41 243
42 51 534
51 42 534
46 62 804
62 46 804
46 65 526
65 46 526
47 68 624
68 47 624
49 54 113
54 49 113
49 56 938
56 49 938
52 65 90
65 52 90
53 71 476
71 53 476
56 70 364
70 56 364
57 64 898
64 57 898
62 65 829
65 62 829
63 69 775
69 63 775
66 67 47
67 66 47
67 68 957
68 67 957
68 71 344
71 68 344
