91

0 1 336
1 0 336
0 2 987
2 0 987
0 7 703
7 0 703
0 12 392
12 0 392
0 16 819
16 0 819
0 30 934
30 0 934
0 34 382
34 0 382
0 47 849
47 0 849
0 80 424
80 0 424
0 66 755
66 0 755
0 15 786
15 0 786
0 48 168
48 0 168
0 27 107
27 0 107
0 63 830
63 0 830
0 50 171
50 0 171
0 90 999
90 0 999
0 77 59
77 0 59
0 82 903
82 0 903
0 87 20
87 0 20
0 36 153
36 0 153
0 59 468
59 0 468
1 3 568
3 1 568
1 10 950
10 1 950
1 13 591
13 1 591
1 18 422
18 1 422
1 56 300
56 1 300
1 39 6
39 1 6
1 5 317
5 1 317
1 69 959
69 1 959
1 69 724
69 1 724
1 75 60
75 1 60
1 60 340
60 1 340
1 89 394
89 1 394
1 87 156
87 1 156
1 57 213
57 1 213
1 68 518
68 1 518
2 8 620
8 2 620
2 14 333
14 2 333
2 27 206
27 2 206
2 40 285
40 2 285
2 73 24
73 2 24
2 40 82
40 2 82
2 85 601
85 2 601
2 44 31
44 2 31
2 62 649
62 2 649
2 4 911
4 2 911
2 72 915
72 2 915
2 38 523
38 2 523
2 70 307
70 2 307
2 18 522
18 2 522
2 30 643
30 2 643
2 44 184
44 2 184
3 4 224
4 3 224
3 5 784
5 3 784
3 6 244
6 3 244
3 31 629
31 3 629
3 48 275
48 3 275
3 53 104
53 3 104
3 63 843
63 3 843
3 76 695
76 3 695
3 5 357
5 3 357
3 38 52
38 3 52
3 26 773
26 3 773
3 8 427
8 3 427
3 69 481
69 3 481
3 63 519
63 3 519
3 54 350
54 3 350
3 56 295
56 3 295
3 41 513
41 3 513
3 66 995
66 3 995
3 13 371
13 3 371
3 9 264
9 3 264
3 84 51
84 3 51
3 8 504
8 3 504
4 11 630
11 4 630
4 26 262
26 4 262
4 37 688
37 4 688
4 38 831
38 4 831
4 66 521
66 4 521
4 85 202
85 4 202
4 31 858
31 4 858
4 74 490
74 4 490
4 6 189
6 4 189
4 31 178
31 4 178
5 17 374
17 5 374
5 54 400
54 5 400
5 53 103
53 5 103
5 79 283
79 5 283
5 75 111
75 5 111
5 64 733
64 5 733
5 33 632
33 5 632
5 52 538
52 5 538
5 14 951
14 5 951
5 76 62
76 5 62
5 18 729
18 5 729
5 41 571
41 5 571
5 16 728
16 5 728
6 9 131
9 6 131
6 32 692
32 6 692
6 58 667
58 6 667
6 64 579
64 6 579
6 74 234
74 6 234
6 77 293
77 6 293
6 8 285
8 6 285
6 62 709
62 6 709
6 73 72
73 6 72
6 75 608
75 6 608
6 88 376
88 6 376
6 22 31
22 6 31
6 14 904
14 6 904
6 20 702
20 6 702
6 14 484
14 6 484
6 31 553
31 6 553
7 15 497
15 7 497
7 29 361
29 7 361
7 83 147
83 7 147
7 59 849
59 7 849
7 12 302
12 7 302
7 26 521
26 7 521
7 38 536
38 7 536
7 79 520
79 7 520
7 26 389
26 7 389
7 27 903
27 7 903
7 66 702
66 7 702
7 33 553
33 7 553
7 9 998
9 7 998
8 17 792
17 8 792
8 74 954
74 8 954
8 41 41
41 8 41
8 34 355
34 8 355
8 83 917
83 8 917
8 75 256
75 8 256
8 29 288
29 8 288
8 73 423
73 8 423
8 54 31
54 8 31
8 89 866
89 8 866
9 43 700
43 9 700
9 41 535
41 9 535
9 87 250
87 9 250
9 90 505
90 9 505
9 75 312
75 9 312
9 77 57
77 9 57
9 49 947
49 9 947
9 48 793
48 9 793
9 68 684
68 9 684
9 78 90
78 9 90
9 33 364
33 9 364
9 54 108
54 9 108
9 79 23
79 9 23
9 75 628
75 9 628
10 55 958
55 10 958
10 36 966
36 10 966
10 61 434
61 10 434
10 51 526
51 10 526
10 48 609
48 10 609
10 38 130
38 10 130
10 41 868
41 10 868
10 55 341
55 10 341
10 48 900
48 10 900
10 37 82
37 10 82
10 81 49
81 10 49
10 48 877
48 10 877
10 74 590
74 10 590
10 42 416
42 10 416
10 53 122
53 10 122
10 44 535
44 10 535
11 22 169
22 11 169
11 33 237
33 11 237
11 38 798
38 11 798
11 41 555
41 11 555
11 81 144
81 11 144
11 72 781
72 11 781
11 64 608
64 11 608
11 89 5
89 11 5
11 54 48
54 11 48
11 33 316
33 11 316
12 62 120
62 12 120
12 89 84
89 12 84
12 70 287
70 12 287
12 44 938
44 12 938
12 55 794
55 12 794
12 77 674
77 12 674
12 84 951
84 12 951
12 18 757
18 12 757
12 29 700
29 12 700
12 42 150
42 12 150
12 29 250
29 12 250
12 64 503
64 12 503
13 88 377
88 13 377
13 33 809
33 13 809
13 49 28
49 13 28
13 76 503
76 13 503
13 48 142
48 13 142
13 86 444
86 13 444
13 65 271
65 13 271
13 89 758
89 13 758
13 16 942
16 13 942
13 45 825
45 13 825
14 63 994
63 14 994
14 26 563
26 14 563
14 77 998
77 14 998
14 57 260
57 14 260
14 42 968
42 14 968
14 72 839
72 14 839
14 47 693
47 14 693
14 74 760
74 14 760
14 87 218
87 14 218
14 78 245
78 14 245
14 27 87
27 14 87
14 20 248
20 14 248
15 36 933
36 15 933
15 44 25
44 15 25
15 45 236
45 15 236
15 29 580
29 15 580
15 24 91
24 15 91
15 46 190
46 15 190
15 63 584
63 15 584
15 57 944
57 15 944
15 72 558
72 15 558
15 60 593
60 15 593
15 25 36
25 15 36
15 24 555
24 15 555
15 16 461
16 15 461
15 73 544
73 15 544
15 45 648
45 15 648
15 42 316
42 15 316
15 85 197
85 15 197
15 74 901
74 15 901
15 23 601
23 15 601
15 53 891
53 15 891
16 19 525
19 16 525
16 24 61
24 16 61
16 46 864
46 16 864
16 70 769
70 16 769
16 26 181
26 16 181
16 72 173
72 16 173
16 29 616
29 16 616
17 38 177
38 17 177
17 46 155
46 17 155
17 29 668
29 17 668
17 51 721
51 17 721
18 20 24
20 18 24
18 21 239
21 18 239
18 25 516
25 18 516
18 28 446
28 18 446
18 22 223
22 18 223
18 23 30
23 18 30
18 69 891
69 18 891
18 82 220
82 18 220
18 51 354
51 18 354
18 70 856
70 18 856
18 56 13
56 18 13
18 74 355
74 18 355
18 21 157
21 18 157
18 82 924
82 18 924
18 27 929
27 18 929
18 88 647
88 18 647
18 61 823
61 18 823
18 79 867
79 18 867
19 67 270
67 19 270
19 83 29
83 19 29
19 79 822
79 19 822
19 21 262
21 19 262
19 55 92
55 19 92
19 49 445
49 19 445
19 37 74
37 19 74
19 43 72
43 19 72
19 46 696
46 19 696
19 41 670
41 19 670
19 88 365
88 19 365
19 75 610
75 19 610
19 34 392
34 19 392
20 73 544
73 20 544
20 36 303
36 20 303
20 90 869
90 20 869
20 48 719
48 20 719
20 41 704
41 20 704
20 34 995
34 20 995
20 39 740
39 20 740
20 38 801
38 20 801
20 37 868
37 20 868
20 90 409
90 20 409
20 30 141
30 20 141
20 52 982
52 20 982
20 25 439
25 20 439
20 62 862
62 20 862
21 23 574
23 21 574
21 50 789
50 21 789
21 60 957
60 21 957
21 28 975
28 21 975
21 85 570
85 21 570
21 88 975
88 21 975
21 51 765
51 21 765
21 53 950
53 21 950
21 69 131
69 21 131
21 71 388
71 21 388
21 61 962
61 21 962
21 62 925
62 21 925
21 47 259
47 21 259
21 50 252
50 21 252
22 71 297
71 22 297
22 80 936
80 22 936
22 38 128
38 22 128
22 57 975
57 22 975
22 76 978
76 22 978
22 48 611
48 22 611
22 68 9
68 22 9
22 43 560
43 22 560
22 41 913
41 22 913
22 82 246
82 22 246
22 89 606
89 22 606
22 66 397
66 22 397
23 49 333
49 23 333
23 45 698
45 23 698
23 25 425
25 23 425
23 32 262
32 23 262
23 64 482
64 23 482
23 70 636
70 23 636
23 30 555
30 23 555
23 69 270
69 23 270
23 84 966
84 23 966
23 25 773
25 23 773
23 25 70
25 23 70
23 54 270
54 23 270
23 41 210
41 23 210
23 26 846
26 23 846
24 70 185
70 24 185
24 81 156
81 24 156
24 45 15
45 24 15
24 76 402
76 24 402
24 42 438
42 24 438
24 30 982
30 24 982
24 28 618
28 24 618
24 51 806
51 24 806
24 26 426
26 24 426
24 87 904
87 24 904
24 29 308
29 24 308
24 45 24
45 24 24
24 42 313
42 24 313
24 76 643
76 24 643
25 47 681
47 25 681
25 36 278
36 25 278
25 36 833
36 25 833
25 82 487
82 25 487
25 33 95
33 25 95
26 54 111
54 26 111
26 85 400
85 26 400
26 34 720
34 26 720
26 63 870
63 26 870
26 82 884
82 26 884
26 70 32
70 26 32
26 29 3
29 26 3
26 75 895
75 26 895
27 35 83
35 27 83
27 87 515
87 27 515
27 39 207
39 27 207
27 36 892
36 27 892
27 30 808
30 27 808
27 39 471
39 27 471
27 88 712
88 27 712
27 42 296
42 27 296
27 33 937
33 27 937
27 67 663
67 27 663
28 59 923
59 28 923
28 43 601
43 28 601
28 83 725
83 28 725
28 62 471
62 28 471
28 35 47
35 28 47
28 58 951
58 28 951
28 52 327
52 28 327
28 80 50
80 28 50
28 55 146
55 28 146
29 65 782
65 29 782
29 82 246
82 29 246
29 75 973
75 29 973
29 31 40
31 29 40
29 79 509
79 29 509
29 65 23
65 29 23
29 84 764
84 29 764
29 42 180
42 29 180
29 38 953
38 29 953
30 41 101
41 30 101
30 31 898
31 30 898
30 85 750
85 30 750
30 75 240
75 30 240
30 66 525
66 30 525
30 69 258
69 30 258
31 56 752
56 31 752
31 69 878
69 31 878
31 70 639
70 31 639
31 78 2
78 31 2
31 37 676
37 31 676
31 34 620
34 31 620
31 54 403
54 31 403
31 90 64
90 31 64
31 46 982
46 31 982
31 66 875
66 31 875
32 51 240
51 32 240
32 66 993
66 32 993
32 37 393
37 32 393
32 70 394
70 32 394
32 70 838
70 32 838
32 64 596
64 32 596
32 46 591
46 32 591
32 89 969
89 32 969
32 47 152
47 32 152
32 62 654
62 32 654
32 37 855
37 32 855
32 69 273
69 32 273
33 42 750
42 33 750
33 55 224
55 33 224
33 55 305
55 33 305
33 79 183
79 33 183
33 85 869
85 33 869
33 84 38
84 33 38
33 76 606
76 33 606
33 78 542
78 33 542
33 45 838
45 33 838
33 63 133
63 33 133
33 71 103
71 33 103
33 75 47
75 33 47
33 43 805
43 33 805
33 36 654
36 33 654
33 74 417
74 33 417
33 36 13
36 33 13
34 39 851
39 34 851
34 86 264
86 34 264
34 62 728
62 34 728
34 53 715
53 34 715
34 35 897
35 34 897
34 59 666
59 34 666
34 55 277
55 34 277
34 38 858
38 34 858
34 35 589
35 34 589
34 54 298
54 34 298
34 42 271
42 34 271
34 63 972
63 34 972
34 83 874
83 34 874
34 87 528
87 34 528
35 61 290
61 35 290
35 72 352
72 35 352
35 39 640
39 35 640
35 57 595
57 35 595
35 65 294
65 35 294
35 47 434
47 35 434
35 89 634
89 35 634
35 65 37
65 35 37
36 69 589
69 36 589
36 73 158
73 36 158
36 39 606
39 36 606
36 90 864
90 36 864
36 40 815
40 36 815
37 64 343
64 37 343
37 40 860
40 37 860
37 73 72
73 37 72
37 89 402
89 37 402
37 75 533
75 37 533
37 62 244
62 37 244
37 70 595
70 37 595
37 87 540
87 37 540
37 37 329
37 37 329
38 63 621
63 38 621
38 70 398
70 38 398
38 45 639
45 38 639
38 65 39
65 38 39
38 78 555
78 38 555
39 52 845
52 39 845
39 46 335
46 39 335
39 43 837
43 39 837
39 46 808
46 39 808
39 53 909
53 39 909
40 46 792
46 40 792
40 70 918
70 40 918
40 74 233
74 40 233
40 57 855
57 40 855
40 79 501
79 40 501
40 71 505
71 40 505
40 79 492
79 40 492
40 68 840
68 40 840
40 72 981
72 40 981
41 41 485
41 41 485
41 48 586
48 41 586
41 53 930
53 41 930
41 46 478
46 41 478
41 63 225
63 41 225
41 88 869
88 41 869
41 89 230
89 41 230
41 85 484
85 41 484
42 46 169
46 42 169
42 82 141
82 42 141
42 78 668
78 42 668
42 78 49
78 42 49
42 81 598
81 42 598
42 59 174
59 42 174
43 89 695
89 43 695
43 77 212
77 43 212
43 86 825
86 43 825
43 71 975
71 43 975
43 62 416
62 43 416
43 65 749
65 43 749
44 86 577
86 44 577
44 64 179
64 44 179
44 75 517
75 44 517
44 78 557
78 44 557
44 60 571
60 44 571
45 87 968
87 45 968
45 48 763
48 45 763
45 51 647
51 45 647
45 89 925
89 45 925
45 73 115
73 45 115
45 72 32
72 45 32
46 77 145
77 46 145
46 54 780
54 46 780
46 79 333
79 46 333
46 83 260
83 46 260
46 50 282
50 46 282
46 75 813
75 46 813
46 75 467
75 46 467
46 59 179
59 46 179
46 62 959
62 46 959
46 48 36
48 46 36
46 65 914
65 46 914
47 87 179
87 47 179
47 55 12
55 47 12
47 86 328
86 47 328
47 63 430
63 47 430
48 68 399
68 48 399
48 85 704
85 48 704
48 82 185
82 48 185
48 71 515
71 48 515
48 90 137
90 48 137
48 56 690
56 48 690
48 69 289
69 48 289
48 61 469
61 48 469
48 82 346
82 48 346
48 90 875
90 48 875
49 78 826
78 49 826
49 89 653
89 49 653
49 81 835
81 49 835
49 90 385
90 49 385
49 90 6
90 49 6
49 85 132
85 49 132
49 81 185
81 49 185
50 68 243
68 50 243
50 56 663
56 50 663
50 58 122
58 50 122
51 82 584
82 51 584
51 63 531
63 51 531
51 77 845
77 51 845
51 81 641
81 51 641
51 59 321
59 51 321
51 57 6
57 51 6
52 67 765
67 52 765
52 76 432
76 52 432
52 64 506
64 52 506
53 73 119
73 53 119
53 61 392
61 53 392
53 73 304
73 53 304
53 85 694
85 53 694
53 56 71
56 53 71
54 81 484
81 54 484
54 85 315
85 54 315
54 78 314
78 54 314
54 77 316
77 54 316
54 66 377
66 54 377
54 87 775
87 54 775
54 74 90
74 54 90
54 84 164
84 54 164
54 54 811
54 54 811
54 60 71
60 54 71
55 65 444
65 55 444
55 69 949
69 55 949
55 55 751
55 55 751
56 57 83
57 56 83
56 58 922
58 56 922
56 79 897
79 56 897
56 73 226
73 56 226
57 84 76
84 57 76
57 88 867
88 57 867
57 71 133
71 57 133
57 71 394
71 57 394
57 85 691
85 57 691
57 68 351
68 57 351
57 83 985
83 57 985
58 60 417
60 58 417
58 69 937
69 58 937
59 86 73
86 59 73
59 88 384
88 59 384
59 69 344
69 59 344
59 80 485
80 59 485
59 81 402
81 59 402
60 79 32
79 60 32
60 68 922
68 60 922
60 66 425
66 60 425
60 66 915
66 60 915
60 62 103
62 60 103
60 89 592
89 60 592
60 80 540
80 60 540
60 63 850
63 60 850
61 82 513
82 61 513
61 72 408
72 61 408
61 71 475
71 61 475
62 83 654
83 62 654
62 66 643
66 62 643
62 69 17
69 62 17
62 86 859
86 62 859
62 71 638
71 62 638
63 90 648
90 63 648
63 86 3
86 63 3
63 84 589
84 63 589
63 85 413
85 63 413
63 80 740
80 63 740
63 76 157
76 63 157
63 64 135
64 63 135
63 78 771
78 63 771
64 65 201
65 64 201
64 72 102
72 64 102
64 75 921
75 64 921
65 78 565
78 65 565
66 78 857
78 66 857
66 73 761
73 66 761
67 74 131
74 67 131
67 84 276
84 67 276
68 84 573
84 68 573
69 77 616
77 69 616
69 72 927
72 69 927
70 87 157
87 70 157
70 86 103
86 70 103
71 87 883
87 71 883
71 86 853
86 71 853
71 75 570
75 71 570
72 75 535
75 72 535
72 86 263
86 72 263
72 74 141
74 72 141
72 78 12
78 72 12
73 78 168
78 73 168
73 86 463
86 73 463
73 75 520
75 73 520
73 89 735
89 73 735
74 89 554
89 74 554
74 78 733
78 74 733
75 85 868
85 75 868
75 77 428
77 75 428
76 85 190
85 76 190
76 84 204
84 76 204
76 77 18
77 76 18
78 79 736
79 78 736
78 83 639
83 78 639
78 82 616
82 78 616
79 90 295
90 79 295
82 90 109
90 82 109
83 90 910
90 83 910
83 86 933
86 83 933
84 86 343
86 84 343
88 89 522
89 88 522
89 89 22
89 89 22
90 90 984
90 90 984
90 90 910
90 90 910
