77

0 1 167
1 0 167
0 2 793
2 0 793
0 9 627
9 0 627
0 10 555
10 0 555
0 13 970
13 0 970
0 16 680
16 0 680
0 48 604
48 0 604
0 70 694
70 0 694
0 26 729
26 0 729
0 18 480
18 0 480
0 47 337
47 0 337
0 7 296
7 0 296
0 60 927
60 0 927
0 73 121
73 0 121
0 28 235
28 0 235
0 12 154
12 0 154
0 49 517
49 0 517
0 76 218
76 0 218
0 51 246
51 0 246
0 10 734
10 0 734
0 39 219
39 0 219
0 50 555
50 0 555
0 62 25
62 0 25
0 27 273
27 0 273
0 72 494
72 0 494
0 8 826
8 0 826
0 70 964
70 0 964
1 29 216
29 1 216
1 39 644
39 1 644
1 47 856
47 1 856
1 71 255
71 1 255
1 69 461
69 1 461
1 23 885
23 1 885
1 21 716
21 1 716
1 22 125
22 1 125
1 47 279
47 1 279
1 33 508
33 1 508
1 55 764
55 1 764
1 22 48
22 1 48
1 16 383
16 1 383
1 34 322
34 1 322
1 13 625
13 1 625
1 17 868
17 1 868
2 3 229
3 2 229
2 5 412
5 2 412
2 12 369
12 2 369
2 68 768
68 2 768
2 38 407
38 2 407
2 55 986
55 2 986
2 48 176
48 2 176
2 20 600
20 2 600
2 13 910
13 2 910
2 61 113
61 2 113
2 57 541
57 2 541
3 4 24
4 3 24
3 6 331
6 3 331
3 24 98
24 3 98
3 69 70
69 3 70
3 7 21
7 3 21
3 49 607
49 3 607
3 67 217
67 3 217
3 33 671
33 3 671
3 4 204
4 3 204
3 27 919
27 3 919
3 35 772
35 3 772
3 15 987
15 3 987
3 28 546
28 3 546
3 72 357
72 3 357
3 52 915
52 3 915
3 6 26
6 3 26
4 15 108
15 4 108
4 63 999
63 4 999
4 8 765
8 4 765
4 15 813
15 4 813
4 61 9
61 4 9
4 45 949
45 4 949
4 54 580
54 4 580
4 59 622
59 4 622
4 25 674
25 4 674
4 17 669
17 4 669
4 66 672
66 4 672
4 26 607
26 4 607
4 38 759
38 4 759
5 7 61
7 5 61
5 8 31
8 5 31
5 46 830
46 5 830
5 13 142
13 5 142
5 19 924
19 5 924
5 62 218
62 5 218
5 71 972
71 5 972
5 47 407
47 5 407
5 59 106
59 5 106
5 40 798
40 5 798
5 30 259
30 5 259
5 51 107
51 5 107
5 13 235
13 5 235
5 38 495
38 5 495
6 47 255
47 6 255
6 10 740
10 6 740
6 60 911
60 6 911
6 22 587
22 6 587
6 37 839
37 6 839
6 8 560
8 6 560
6 21 373
21 6 373
6 12 419
12 6 419
6 57 797
57 6 797
6 23 698
23 6 698
6 7 545
7 6 545
6 31 455
31 6 455
6 16 740
16 6 740
6 67 835
67 6 835
6 20 898
20 6 898
7 17 687
17 7 687
7 22 63
22 7 63
7 58 885
58 7 885
7 22 39
22 7 39
7 52 369
52 7 369
7 13 386
13 7 386
7 59 139
59 7 139
7 13 51
13 7 51
7 63 285
63 7 285
7 11 846
11 7 846
8 20 646
20 8 646
8 26 528
26 8 528
8 55 341
55 8 341
8 72 118
72 8 118
8 14 593
14 8 593
8 40 610
40 8 610
8 31 197
31 8 197
8 42 219
42 8 219
8 33 197
33 8 197
8 72 770
72 8 770
8 45 583
45 8 583
8 62 3
62 8 3
8 76 892
76 8 892
9 27 419
27 9 419
9 37 710
37 9 710
9 26 379
26 9 379
9 12 315
12 9 315
9 52 738
52 9 738
9 57 507
57 9 507
9 51 891
51 9 891
9 58 662
58 9 662
9 18 537
18 9 537
9 27 972
27 9 972
9 61 698
61 9 698
9 50 47
50 9 47
9 25 968
25 9 968
9 38 733
38 9 733
9 76 992
76 9 992
9 51 667
51 9 667
9 9 832
9 9 832
10 11 826
11 10 826
10 14 288
14 10 288
10 34 975
34 10 975
10 38 946
38 10 946
10 41 406
41 10 406
10 67 670
67 10 670
10 63 616
63 10 616
10 38 463
38 10 463
10 69 662
69 10 662
10 20 768
20 10 768
10 70 585
70 10 585
10 47 230
47 10 230
10 52 167
52 10 167
10 21 379
21 10 379
10 75 763
75 10 763
10 72 439
72 10 439
10 44 605
44 10 605
10 25 294
25 10 294
10 37 159
37 10 159
11 20 661
20 11 661
11 36 95
36 11 95
11 31 885
31 11 885
11 33 974
33 11 974
11 46 383
46 11 383
11 18 33
18 11 33
11 47 856
47 11 856
11 61 372
61 11 372
11 24 600
24 11 600
11 55 325
55 11 325
11 43 931
43 11 931
12 36 341
36 12 341
12 52 191
52 12 191
12 26 290
26 12 290
12 73 250
73 12 250
12 45 860
45 12 860
12 66 573
66 12 573
12 36 330
36 12 330
12 68 224
68 12 224
12 34 241
34 12 241
12 58 120
58 12 120
12 56 741
56 12 741
12 13 430
13 12 430
12 25 754
25 12 754
12 46 758
46 12 758
12 67 99
67 12 99
13 18 450
18 13 450
13 58 672
58 13 672
13 28 174
28 13 174
13 47 133
47 13 133
14 25 538
25 14 538
14 61 875
61 14 875
14 66 105
66 14 105
14 33 48
33 14 48
14 55 927
55 14 927
14 27 794
27 14 794
14 26 377
26 14 377
14 40 389
40 14 389
14 34 92
34 14 92
14 71 613
71 14 613
14 23 664
23 14 664
15 48 598
48 15 598
15 74 373
74 15 373
15 46 949
46 15 949
15 57 915
57 15 915
15 19 278
19 15 278
15 60 847
60 15 847
15 72 752
72 15 752
16 21 813
21 16 813
16 52 159
52 16 159
16 67 442
67 16 442
16 61 653
61 16 653
16 72 377
72 16 377
16 27 392
27 16 392
16 29 235
29 16 235
16 27 827
27 16 827
16 28 652
28 16 652
16 53 638
53 16 638
16 48 393
48 16 393
16 48 917
48 16 917
16 42 613
42 16 613
17 75 102
75 17 102
17 35 672
35 17 672
17 55 106
55 17 106
17 60 514
60 17 514
17 67 166
67 17 166
17 48 586
48 17 586
17 75 289
75 17 289
17 42 463
42 17 463
17 45 216
45 17 216
17 65 460
65 17 460
17 62 677
62 17 677
17 48 373
48 17 373
18 19 376
19 18 376
18 58 542
58 18 542
18 60 113
60 18 113
18 51 935
51 18 935
18 54 844
54 18 844
18 67 982
67 18 982
18 46 51
46 18 51
18 65 269
65 18 269
18 63 83
63 18 83
19 57 100
57 19 100
19 21 938
21 19 938
19 39 676
39 19 676
19 39 154
39 19 154
19 71 778
71 19 778
19 61 966
61 19 966
19 72 315
72 19 315
19 74 913
74 19 913
19 40 127
40 19 127
19 36 654
36 19 654
19 55 165
55 19 165
20 42 599
42 20 599
20 64 347
64 20 347
20 34 929
34 20 929
20 55 967
55 20 967
20 23 707
23 20 707
20 43 840
43 20 840
20 50 625
50 20 625
20 50 375
50 20 375
21 23 188
23 21 188
21 31 197
31 21 197
21 75 788
75 21 788
21 70 514
70 21 514
21 73 847
73 21 847
21 44 545
44 21 545
21 39 493
39 21 493
21 41 43
41 21 43
21 54 280
54 21 280
21 57 433
57 21 433
21 71 151
71 21 151
21 63 574
63 21 574
21 31 875
31 21 875
21 36 51
36 21 51
21 42 717
42 21 717
22 30 284
30 22 284
22 64 611
64 22 611
22 54 795
54 22 795
22 58 192
58 22 192
22 40 93
40 22 93
22 40 269
40 22 269
22 48 431
48 22 431
22 48 430
48 22 430
22 67 895
67 22 895
22 23 440
23 22 440
23 40 865
40 23 865
23 23 492
23 23 492
23 70 691
70 23 691
23 73 141
73 23 141
23 45 647
45 23 647
23 73 851
73 23 851
23 49 16
49 23 16
23 50 797
50 23 797
24 28 263
28 24 263
24 50 426
50 24 426
24 51 759
51 24 759
24 39 877
39 24 877
24 46 366
46 24 366
24 75 658
75 24 658
24 26 343
26 24 343
24 75 556
75 24 556
24 66 437
66 24 437
24 72 493
72 24 493
24 71 899
71 24 899
24 64 846
64 24 846
25 44 122
44 25 122
25 55 670
55 25 670
25 29 9
29 25 9
25 42 298
42 25 298
25 75 127
75 25 127
25 28 944
28 25 944
25 62 399
62 25 399
25 62 199
62 25 199
25 59 382
59 25 382
25 75 503
75 25 503
25 30 923
30 25 923
25 72 594
72 25 594
25 34 750
34 25 750
26 32 374
32 26 374
26 60 305
60 26 305
26 42 185
42 26 185
26 72 192
72 26 192
26 32 83
32 26 83
26 69 702
69 26 702
27 76 20
76 27 20
27 55 536
55 27 536
27 33 724
33 27 724
27 48 29
48 27 29
27 64 824
64 27 824
27 51 427
51 27 427
27 46 279
46 27 279
27 52 356
52 27 356
27 73 869
73 27 869
27 32 803
32 27 803
28 49 656
49 28 656
28 75 446
75 28 446
28 46 391
46 28 391
28 48 549
48 28 549
28 59 393
59 28 393
28 60 90
60 28 90
28 42 455
42 28 455
28 74 194
74 28 194
28 30 804
30 28 804
28 55 396
55 28 396
29 59 176
59 29 176
29 36 576
36 29 576
29 63 159
63 29 159
29 46 126
46 29 126
29 52 745
52 29 745
29 35 302
35 29 302
29 58 973
58 29 973
30 53 10
53 30 10
30 39 758
39 30 758
30 61 206
61 30 206
30 57 116
57 30 116
30 52 854
52 30 854
30 38 891
38 30 891
30 60 602
60 30 602
30 40 142
40 30 142
30 44 202
44 30 202
30 33 676
33 30 676
31 66 38
66 31 38
31 38 423
38 31 423
31 41 534
41 31 534
31 37 568
37 31 568
31 37 948
37 31 948
32 33 725
33 32 725
32 47 753
47 32 753
32 35 800
35 32 800
32 41 67
41 32 67
33 35 30
35 33 30
33 70 881
70 33 881
33 33 150
33 33 150
33 37 840
37 33 840
33 55 871
55 33 871
33 58 352
58 33 352
33 52 570
52 33 570
33 65 598
65 33 598
33 73 349
73 33 349
33 44 997
44 33 997
34 37 547
37 34 547
34 51 415
51 34 415
34 63 108
63 34 108
34 38 949
38 34 949
34 62 430
62 34 430
34 67 847
67 34 847
34 41 855
41 34 855
35 41 730
41 35 730
35 51 472
51 35 472
35 48 425
48 35 425
36 40 970
40 36 970
36 44 719
44 36 719
36 64 146
64 36 146
36 59 250
59 36 250
36 61 107
61 36 107
37 68 721
68 37 721
37 64 284
64 37 284
37 63 361
63 37 361
37 55 573
55 37 573
37 38 343
38 37 343
37 41 331
41 37 331
37 52 448
52 37 448
38 69 402
69 38 402
38 39 150
39 38 150
38 53 635
53 38 635
38 44 904
44 38 904
38 57 991
57 38 991
39 41 438
41 39 438
39 60 525
60 39 525
39 56 609
56 39 609
39 64 894
64 39 894
39 65 605
65 39 605
39 75 696
75 39 696
39 65 580
65 39 580
39 76 471
76 39 471
40 43 173
43 40 173
40 56 409
56 40 409
40 74 317
74 40 317
40 48 652
48 40 652
40 44 512
44 40 512
40 47 837
47 40 837
40 74 840
74 40 840
40 74 241
74 40 241
40 65 563
65 40 563
40 66 900
66 40 900
41 63 571
63 41 571
41 66 587
66 41 587
41 60 322
60 41 322
41 47 906
47 41 906
41 43 109
43 41 109
41 58 897
58 41 897
41 65 716
65 41 716
41 67 287
67 41 287
41 41 733
41 41 733
41 46 63
46 41 63
42 45 213
45 42 213
42 73 479
73 42 479
42 52 151
52 42 151
42 49 929
49 42 929
42 48 371
48 42 371
42 73 823
73 42 823
42 47 621
47 42 621
42 72 832
72 42 832
43 72 852
72 43 852
43 50 427
50 43 427
43 50 568
50 43 568
44 74 770
74 44 770
44 54 981
54 44 981
44 59 474
59 44 474
44 53 801
53 44 801
44 76 657
76 44 657
45 71 257
71 45 257
45 55 270
55 45 270
45 48 881
48 45 881
45 76 474
76 45 474
45 73 717
73 45 717
45 57 635
57 45 635
45 48 45
48 45 45
45 45 903
45 45 903
45 69 843
69 45 843
46 76 923
76 46 923
46 70 752
70 46 752
46 69 109
69 46 109
46 62 550
62 46 550
46 67 653
67 46 653
46 71 615
71 46 615
46 53 666
53 46 666
46 54 817
54 46 817
46 66 892
66 46 892
46 54 535
54 46 535
47 70 925
70 47 925
47 57 250
57 47 250
47 66 927
66 47 927
47 70 202
70 47 202
47 70 333
70 47 333
48 71 769
71 48 769
48 74 679
74 48 679
48 51 496
51 48 496
48 61 347
61 48 347
49 61 931
61 49 931
49 61 750
61 49 750
49 76 701
76 49 701
50 71 858
71 50 858
50 75 390
75 50 390
50 63 755
63 50 755
50 51 107
51 50 107
50 63 738
63 50 738
51 63 418
63 51 418
51 67 972
67 51 972
52 54 620
54 52 620
52 56 119
56 52 119
52 58 233
58 52 233
53 74 521
74 53 521
53 67 628
67 53 628
53 75 505
75 53 505
54 62 122
62 54 122
54 67 900
67 54 900
54 69 424
69 54 424
54 75 363
75 54 363
54 55 448
55 54 448
54 74 423
74 54 423
54 64 559
64 54 559
54 67 148
67 54 148
55 56 406
56 55 406
55 65 39
65 55 39
55 75 738
75 55 738
55 76 747
76 55 747
55 67 167
67 55 167
56 72 681
72 56 681
56 59 230
59 56 230
57 75 43
75 57 43
57 71 697
71 57 697
57 64 618
64 57 618
58 68 165
68 58 165
58 76 33
76 58 33
59 65 612
65 59 612
59 76 480
76 59 480
59 66 854
66 59 854
59 63 246
63 59 246
60 76 256
76 60 256
60 72 937
72 60 937
61 66 103
66 61 103
62 66 109
66 62 109
62 64 229
64 62 229
62 63 271
63 62 271
63 64 908
64 63 908
63 69 510
69 63 510
64 65 804
65 64 804
64 76 103
76 64 103
64 72 266
72 64 266
65 71 359
71 65 359
65 74 650
74 65 650
68 70 630
70 68 630
68 70 75
70 68 75
69 72 36
72 69 36
69 75 860
75 69 860
69 75 433
75 69 433
69 76 54
76 69 54
71 75 558
75 71 558
73 75 305
75 73 305
73 74 434
74 73 434
75 75 447
75 75 447
