94

0 1 14
1 0 14
0 2 925
2 0 925
0 3 329
3 0 329
0 5 107
5 0 107
0 22 167
22 0 167
0 75 941
75 0 941
0 81 560
81 0 560
0 22 271
22 0 271
0 16 451
16 0 451
0 32 105
32 0 105
0 16 62
16 0 62
0 6 697
6 0 697
0 46 316
46 0 316
0 6 624
6 0 624
0 83 134
83 0 134
0 73 604
73 0 604
0 73 578
73 0 578
0 50 276
50 0 276
0 34 344
34 0 344
1 10 234
10 1 234
1 30 259
30 1 259
1 22 217
22 1 217
1 84 71
84 1 71
1 16 427
16 1 427
1 82 358
82 1 358
1 79 531
79 1 531
1 4 306
4 1 306
1 37 334
37 1 334
1 62 116
62 1 116
1 78 386
78 1 386
1 10 533
10 1 533
1 71 319
71 1 319
1 89 316
89 1 316
2 4 11
4 2 11
2 15 768
15 2 768
2 62 838
62 2 838
2 17 668
17 2 668
2 51 944
51 2 944
2 44 389
44 2 389
2 92 731
92 2 731
2 46 818
46 2 818
2 16 719
16 2 719
2 9 859
9 2 859
3 8 220
8 3 220
3 21 980
21 3 980
3 37 747
37 3 747
3 84 912
84 3 912
3 42 3
42 3 3
3 47 748
47 3 748
3 14 337
14 3 337
3 49 599
49 3 599
3 81 254
81 3 254
3 30 402
30 3 402
3 9 587
9 3 587
3 38 948
38 3 948
3 52 25
52 3 25
3 84 822
84 3 822
3 52 153
52 3 153
4 11 910
11 4 910
4 27 179
27 4 179
4 89 914
89 4 914
4 27 654
27 4 654
4 54 358
54 4 358
4 31 248
31 4 248
4 10 629
10 4 629
4 93 875
93 4 875
4 16 307
16 4 307
4 28 366
28 4 366
4 15 591
15 4 591
4 55 873
55 4 873
4 91 921
91 4 921
5 6 292
6 5 292
5 7 236
7 5 236
5 14 887
14 5 887
5 91 762
91 5 762
5 40 770
40 5 770
5 15 289
15 5 289
5 70 577
70 5 577
5 25 732
25 5 732
5 41 884
41 5 884
5 35 475
35 5 475
5 78 659
78 5 659
5 26 113
26 5 113
5 13 64
13 5 64
5 38 576
38 5 576
5 57 385
57 5 385
6 20 612
20 6 612
6 38 596
38 6 596
6 43 150
43 6 150
6 92 81
92 6 81
6 59 495
59 6 495
6 82 808
82 6 808
6 28 861
28 6 861
6 17 921
17 6 921
6 39 794
39 6 794
6 68 628
68 6 628
6 46 168
46 6 168
7 25 830
25 7 830
7 14 593
14 7 593
7 36 190
36 7 190
7 65 717
65 7 717
7 70 282
70 7 282
8 9 196
9 8 196
8 36 713
36 8 713
8 16 103
16 8 103
8 69 780
69 8 780
8 65 990
65 8 990
8 66 778
66 8 778
8 76 343
76 8 343
8 85 417
85 8 417
8 80 812
80 8 812
8 40 151
40 8 151
8 57 933
57 8 933
9 16 174
16 9 174
9 48 335
48 9 335
9 38 351
38 9 351
9 85 667
85 9 667
9 34 580
34 9 580
9 20 813
20 9 813
9 89 96
89 9 96
9 43 12
43 9 12
9 47 336
47 9 336
9 88 777
88 9 777
9 64 460
64 9 460
9 18 243
18 9 243
10 12 573
12 10 573
10 13 484
13 10 484
10 23 956
23 10 956
10 28 201
28 10 201
10 90 682
90 10 682
10 90 595
90 10 595
10 76 373
76 10 373
10 61 875
61 10 875
10 75 795
75 10 795
10 62 506
62 10 506
10 69 417
69 10 417
10 76 800
76 10 800
10 93 879
93 10 879
10 78 29
78 10 29
10 60 405
60 10 405
10 72 243
72 10 243
11 61 929
61 11 929
11 79 672
79 11 672
11 82 455
82 11 455
11 66 184
66 11 184
11 28 449
28 11 449
11 44 439
44 11 439
11 80 922
80 11 922
12 31 64
31 12 64
12 34 714
34 12 714
12 70 143
70 12 143
12 24 157
24 12 157
12 12 226
12 12 226
12 39 305
39 12 305
12 82 630
82 12 630
12 64 642
64 12 642
12 13 187
13 12 187
12 89 2
89 12 2
13 26 11
26 13 11
13 42 197
42 13 197
13 55 387
55 13 387
13 69 247
69 13 247
13 68 771
68 13 771
13 89 642
89 13 642
13 55 331
55 13 331
13 68 875
68 13 875
13 66 506
66 13 506
13 50 462
50 13 462
13 41 13
41 13 13
13 55 459
55 13 459
13 24 49
24 13 49
13 86 715
86 13 715
14 19 125
19 14 125
14 44 5
44 14 5
14 82 582
82 14 582
14 40 603
40 14 603
14 81 980
81 14 980
14 47 111
47 14 111
14 40 878
40 14 878
14 80 198
80 14 198
14 36 295
36 14 295
14 30 76
30 14 76
15 17 210
17 15 210
15 49 879
49 15 879
15 63 431
63 15 431
15 30 658
30 15 658
15 72 742
72 15 742
15 27 778
27 15 778
15 85 531
85 15 531
15 44 175
44 15 175
15 41 310
41 15 310
15 24 666
24 15 666
15 33 637
33 15 637
15 66 139
66 15 139
15 38 640
38 15 640
15 18 636
18 15 636
15 60 990
60 15 990
16 18 602
18 16 602
16 24 837
24 16 837
16 56 613
56 16 613
16 53 317
53 16 317
16 36 711
36 16 711
16 34 827
34 16 827
16 49 386
49 16 386
16 90 971
90 16 971
16 40 584
40 16 584
16 80 695
80 16 695
17 40 150
40 17 150
17 74 417
74 17 417
17 89 105
89 17 105
17 39 868
39 17 868
17 43 799
43 17 799
17 20 434
20 17 434
18 39 902
39 18 902
18 20 594
20 18 594
18 92 980
92 18 980
18 32 519
32 18 519
18 89 323
89 18 323
18 53 737
53 18 737
18 25 554
25 18 554
18 39 311
39 18 311
18 19 876
19 18 876
19 41 104
41 19 104
19 45 518
45 19 518
19 72 521
72 19 521
19 66 297
66 19 297
19 62 112
62 19 112
20 59 505
59 20 505
20 63 180
63 20 180
20 57 694
57 20 694
20 84 911
84 20 911
20 58 437
58 20 437
20 52 454
52 20 454
20 51 812
51 20 812
20 36 414
36 20 414
20 91 703
91 20 703
20 92 333
92 20 333
20 62 309
62 20 309
21 29 498
29 21 498
21 35 496
35 21 496
21 73 845
73 21 845
21 40 833
40 21 833
21 30 923
30 21 923
21 77 870
77 21 870
21 58 603
58 21 603
21 30 729
30 21 729
21 52 573
52 21 573
21 71 560
71 21 560
21 61 154
61 21 154
22 71 219
71 22 219
22 56 700
56 22 700
22 84 657
84 22 657
22 75 163
75 22 163
22 23 527
23 22 527
22 54 808
54 22 808
22 50 768
50 22 768
22 61 869
61 22 869
22 42 60
42 22 60
22 70 62
70 22 62
22 23 258
23 22 258
23 67 922
67 23 922
23 73 942
73 23 942
23 85 20
85 23 20
23 90 415
90 23 415
23 91 402
91 23 402
23 65 262
65 23 262
23 66 245
66 23 245
23 39 960
39 23 960
23 87 903
87 23 903
23 58 779
58 23 779
23 86 790
86 23 790
23 84 27
84 23 27
23 91 406
91 23 406
23 40 396
40 23 396
23 75 959
75 23 959
23 51 66
51 23 66
24 32 891
32 24 891
24 46 348
46 24 348
24 50 318
50 24 318
24 81 993
81 24 993
24 46 752
46 24 752
24 62 201
62 24 201
24 49 407
49 24 407
24 93 79
93 24 79
24 32 128
32 24 128
24 49 956
49 24 956
24 74 86
74 24 86
24 85 113
85 24 113
25 40 309
40 25 309
25 45 457
45 25 457
25 87 801
87 25 801
25 71 838
71 25 838
25 45 752
45 25 752
25 68 770
68 25 770
25 88 987
88 25 987
26 33 886
33 26 886
26 75 156
75 26 156
26 43 216
43 26 216
26 55 869
55 26 869
26 30 199
30 26 199
26 63 164
63 26 164
26 28 251
28 26 251
26 59 313
59 26 313
26 76 236
76 26 236
27 46 708
46 27 708
27 32 767
32 27 767
27 43 273
43 27 273
27 36 791
36 27 791
27 61 176
61 27 176
27 88 264
88 27 264
27 77 279
77 27 279
27 59 433
59 27 433
27 72 874
72 27 874
28 66 316
66 28 316
28 54 253
54 28 253
28 88 74
88 28 74
28 45 456
45 28 456
28 55 258
55 28 258
28 58 52
58 28 52
28 41 866
41 28 866
29 58 534
58 29 534
29 30 309
30 29 309
29 65 689
65 29 689
29 58 327
58 29 327
29 39 469
39 29 469
29 50 34
50 29 34
30 77 944
77 30 944
30 50 780
50 30 780
30 79 822
79 30 822
30 61 176
61 30 176
30 64 930
64 30 930
30 89 879
89 30 879
30 52 413
52 30 413
31 54 284
54 31 284
31 85 840
85 31 840
31 32 572
32 31 572
31 93 210
93 31 210
31 52 118
52 31 118
31 79 911
79 31 911
32 52 604
52 32 604
32 92 955
92 32 955
32 67 982
67 32 982
32 84 150
84 32 150
32 48 514
48 32 514
32 45 411
45 32 411
33 47 280
47 33 280
33 38 98
38 33 98
33 33 573
33 33 573
33 72 133
72 33 133
33 62 617
62 33 617
33 83 725
83 33 725
34 37 456
37 34 456
34 82 335
82 34 335
34 91 323
91 34 323
34 72 392
72 34 392
35 68 240
68 35 240
35 51 264
51 35 264
35 72 996
72 35 996
35 38 601
38 35 601
35 83 918
83 35 918
36 46 931
46 36 931
36 92 791
92 36 791
36 45 981
45 36 981
36 69 877
69 36 877
36 78 898
78 36 898
36 55 735
55 36 735
36 38 911
38 36 911
36 61 497
61 36 497
36 88 986
88 36 986
37 75 134
75 37 134
37 86 887
86 37 887
37 81 410
81 37 410
37 67 352
67 37 352
38 48 183
48 38 183
38 76 169
76 38 169
38 43 152
43 38 152
38 62 20
62 38 20
38 39 927
39 38 927
38 88 320
88 38 320
38 70 889
70 38 889
39 64 518
64 39 518
39 52 686
52 39 686
39 78 282
78 39 282
39 63 329
63 39 329
39 56 321
56 39 321
39 57 39
57 39 39
40 73 235
73 40 235
40 70 560
70 40 560
40 91 466
91 40 466
40 43 211
43 40 211
40 69 727
69 40 727
40 51 434
51 40 434
40 66 873
66 40 873
40 72 313
72 40 313
40 54 211
54 40 211
40 85 801
85 40 801
41 79 719
79 41 719
41 71 891
71 41 891
41 66 923
66 41 923
41 92 563
92 41 563
41 82 112
82 41 112
41 84 111
84 41 111
41 90 617
90 41 617
41 65 904
65 41 904
41 73 887
73 41 887
41 44 534
44 41 534
42 53 177
53 42 177
42 84 986
84 42 986
42 73 611
73 42 611
42 61 627
61 42 627
42 52 40
52 42 40
42 73 992
73 42 992
42 59 548
59 42 548
43 85 654
85 43 654
43 66 890
66 43 890
44 86 65
86 44 65
44 84 330
84 44 330
44 62 986
62 44 986
44 78 552
78 44 552
44 46 189
46 44 189
44 66 776
66 44 776
45 87 713
87 45 713
45 50 648
50 45 648
45 45 111
45 45 111
45 64 874
64 45 874
45 77 682
77 45 682
45 65 445
65 45 445
45 57 896
57 45 896
45 88 223
88 45 223
46 52 405
52 46 405
46 91 89
91 46 89
47 82 398
82 47 398
47 60 234
60 47 234
47 89 101
89 47 101
47 75 254
75 47 254
47 59 380
59 47 380
47 80 853
80 47 853
48 51 182
51 48 182
48 79 291
79 48 291
48 90 248
90 48 248
48 70 555
70 48 555
48 50 891
50 48 891
49 51 438
51 49 438
49 79 159
79 49 159
49 55 282
55 49 282
49 72 525
72 49 525
49 63 279
63 49 279
50 56 552
56 50 552
50 83 270
83 50 270
50 79 26
79 50 26
50 61 896
61 50 896
51 76 826
76 51 826
51 81 188
81 51 188
51 91 448
91 51 448
51 52 404
52 51 404
51 79 984
79 51 984
52 88 106
88 52 106
52 57 422
57 52 422
52 76 850
76 52 850
52 64 715
64 52 715
52 68 588
68 52 588
52 55 985
55 52 985
53 71 825
71 53 825
53 80 40
80 53 40
53 80 64
80 53 64
53 89 693
89 53 693
53 83 672
83 53 672
54 57 530
57 54 530
54 67 907
67 54 907
54 90 15
90 54 15
54 74 114
74 54 114
55 76 89
76 55 89
55 87 558
87 55 558
55 69 665
69 55 665
55 77 924
77 55 924
55 83 847
83 55 847
56 60 883
60 56 883
56 65 570
65 56 570
56 78 383
78 56 383
56 85 834
85 56 834
56 92 458
92 56 458
56 82 864
82 56 864
57 74 537
74 57 537
57 85 901
85 57 901
57 90 78
90 57 78
57 76 355
76 57 355
57 84 580
84 57 580
57 72 105
72 57 105
57 58 484
58 57 484
57 79 470
79 57 470
57 78 348
78 57 348
57 63 403
63 57 403
58 78 106
78 58 106
58 86 479
86 58 479
58 65 388
65 58 388
58 76 942
76 58 942
58 74 583
74 58 583
60 87 982
87 60 982
60 84 36
84 60 36
60 80 419
80 60 419
61 66 302
66 61 302
61 83 567
83 61 567
61 83 94
83 61 94
61 61 645
61 61 645
61 87 603
87 61 603
62 84 245
84 62 245
62 84 214
84 62 214
62 66 250
66 62 250
63 75 349
75 63 349
63 69 740
69 63 740
63 86 416
86 63 416
64 76 608
76 64 608
64 77 467
77 64 467
64 80 308
80 64 308
64 69 122
69 64 122
65 91 875
91 65 875
65 86 823
86 65 823
66 68 327
68 66 327
66 71 589
71 66 589
66 69 312
69 66 312
66 69 105
69 66 105
66 70 586
70 66 586
66 86 400
86 66 400
66 79 227
79 66 227
66 80 796
80 66 796
67 92 851
92 67 851
67 79 734
79 67 734
68 82 207
82 68 207
68 86 348
86 68 348
68 72 233
72 68 233
68 74 36
74 68 36
68 68 202
68 68 202
68 89 278
89 68 278
69 78 606
78 69 606
69 80 22
80 69 22
69 74 930
74 69 930
69 86 790
86 69 790
70 72 170
72 70 170
70 70 159
70 70 159
70 85 603
85 70 603
70 82 688
82 70 688
70 78 819
78 70 819
70 87 96
87 70 96
70 84 595
84 70 595
70 89 388
89 70 388
71 73 105
73 71 105
71 79 350
79 71 350
71 81 572
81 71 572
72 91 822
91 72 822
72 87 86
87 72 86
72 74 920
74 72 920
72 86 461
86 72 461
72 80 75
80 72 75
73 89 838
89 73 838
73 76 810
76 73 810
73 92 886
92 73 886
73 77 521
77 73 521
74 86 582
86 74 582
74 89 518
89 74 518
77 77 892
77 77 892
78 89 615
89 78 615
79 83 77
83 79 77
79 86 666
86 79 666
79 79 65
79 79 65
80 80 617
80 80 617
81 81 568
81 81 568
81 88 651
88 81 651
81 81 912
81 81 912
83 85 92
85 83 92
85 93 537
93 85 537
85 93 808
93 85 808
86 88 501
88 86 501
90 90 572
90 90 572
