95

0 1 492
1 0 492
0 3 121
3 0 121
0 4 939
4 0 939
0 8 335
8 0 335
0 9 33
9 0 33
0 33 385
33 0 385
0 70 345
70 0 345
0 36 137
36 0 137
1 2 198
2 1 198
1 10 318
10 1 318
1 11 769
11 1 769
1 12 971
12 1 971
1 16 793
16 1 793
1 68 241
68 1 241
1 45 815
45 1 815
1 66 861
66 1 861
1 18 382
18 1 382
2 6 19
6 2 19
2 31 640
31 2 640
2 61 389
61 2 389
2 69 437
69 2 437
2 16 568
16 2 568
2 83 511
83 2 511
2 34 279
34 2 279
3 40 437
40 3 437
3 22 89
22 3 89
3 45 604
45 3 604
3 68 543
68 3 543
4 5 870
5 4 870
4 15 361
15 4 361
4 36 960
36 4 960
4 59 266
59 4 266
4 38 829
38 4 829
4 78 565
78 4 565
4 21 620
21 4 620
5 46 572
46 5 572
6 7 150
7 6 150
6 54 234
54 6 234
6 16 743
16 6 743
6 52 426
52 6 426
6 33 625
33 6 625
6 49 732
49 6 732
6 65 444
65 6 444
6 76 893
76 6 893
6 24 388
24 6 388
7 83 444
83 7 444
7 86 161
86 7 161
7 80 731
80 7 731
7 93 603
93 7 603
7 47 994
47 7 994
7 42 196
42 7 196
8 18 829
18 8 829
9 14 299
14 9 299
9 21 901
21 9 901
9 24 112
24 9 112
9 28 867
28 9 867
9 83 750
83 9 750
9 22 688
22 9 688
9 17 35
17 9 35
10 17 892
17 10 892
10 87 263
87 10 263
10 90 786
90 10 786
10 31 537
31 10 537
10 68 457
68 10 457
10 25 265
25 10 265
11 25 330
25 11 330
11 29 265
29 11 265
11 38 284
38 11 284
11 67 472
67 11 472
11 88 31
88 11 31
11 67 895
67 11 895
11 51 143
51 11 143
11 71 263
71 11 263
11 61 589
61 11 589
11 92 988
92 11 988
12 13 900
13 12 900
12 83 329
83 12 329
12 61 927
61 12 927
12 64 765
64 12 765
12 52 187
52 12 187
12 54 647
54 12 647
13 35 689
35 13 689
13 65 316
65 13 316
13 85 433
85 13 433
13 94 246
94 13 246
13 63 365
63 13 365
13 60 105
60 13 105
14 20 963
20 14 963
14 23 464
23 14 464
14 34 775
34 14 775
14 50 472
50 14 472
14 51 83
51 14 83
14 19 647
19 14 647
14 54 631
54 14 631
14 75 303
75 14 303
15 32 253
32 15 253
15 43 775
43 15 775
15 58 305
58 15 305
15 71 346
71 15 346
15 77 181
77 15 181
15 71 806
71 15 806
15 39 284
39 15 284
15 73 633
73 15 633
15 33 687
33 15 687
15 73 602
73 15 602
16 18 141
18 16 141
16 22 564
22 16 564
16 55 288
55 16 288
16 93 257
93 16 257
17 41 734
41 17 734
17 42 404
42 17 404
17 81 580
81 17 580
17 90 49
90 17 49
17 41 994
41 17 994
17 70 854
70 17 854
17 87 178
87 17 178
17 37 670
37 17 670
17 36 237
36 17 237
17 28 799
28 17 799
17 62 490
62 17 490
18 19 533
19 18 533
18 39 889
39 18 889
18 46 635
46 18 635
18 36 21
36 18 21
18 48 92
48 18 92
19 54 301
54 19 301
19 33 437
33 19 437
20 66 832
66 20 832
20 92 756
92 20 756
20 29 749
29 20 749
20 72 26
72 20 26
21 45 618
45 21 618
21 48 582
48 21 582
21 53 603
53 21 603
21 90 476
90 21 476
21 67 224
67 21 224
22 27 678
27 22 678
22 43 770
43 22 770
22 46 477
46 22 477
22 76 48
76 22 48
22 42 511
42 22 511
23 74 116
74 23 116
23 94 474
94 23 474
24 26 113
26 24 113
24 30 498
30 24 498
24 73 59
73 24 59
24 30 183
30 24 183
24 54 299
54 24 299
24 88 275
88 24 275
24 38 54
38 24 54
24 88 944
88 24 944
25 47 888
47 25 888
25 79 262
79 25 262
25 67 555
67 25 555
25 86 561
86 25 561
26 49 784
49 26 784
26 68 637
68 26 637
26 33 575
33 26 575
27 92 603
92 27 603
27 41 612
41 27 612
27 64 324
64 27 324
27 75 815
75 27 815
27 73 937
73 27 937
27 58 879
58 27 879
27 36 646
36 27 646
27 53 569
53 27 569
28 53 932
53 28 932
28 62 824
62 28 824
28 65 698
65 28 698
28 40 701
40 28 701
28 34 466
34 28 466
28 49 653
49 28 653
28 74 454
74 28 454
29 56 127
56 29 127
29 43 968
43 29 968
29 80 903
80 29 903
29 87 561
87 29 561
30 63 797
63 30 797
30 57 675
57 30 675
30 81 697
81 30 697
30 74 160
74 30 160
31 59 951
59 31 951
31 67 657
67 31 657
32 44 343
44 32 343
32 93 418
93 32 418
32 58 626
58 32 626
32 54 589
54 32 589
32 38 336
38 32 336
32 87 19
87 32 19
33 40 596
40 33 596
33 53 229
53 33 229
34 40 645
40 34 645
34 89 851
89 34 851
34 85 704
85 34 704
34 79 586
79 34 586
34 56 305
56 34 305
35 88 355
88 35 355
35 49 601
49 35 601
35 37 425
37 35 425
36 37 790
37 36 790
37 79 138
79 37 138
38 79 940
79 38 940
38 40 802
40 38 802
39 52 652
52 39 652
39 72 61
72 39 61
39 94 151
94 39 151
39 91 89
91 39 89
39 50 688
50 39 688
40 56 664
56 40 664
41 77 484
77 41 484
41 84 618
84 41 618
42 53 709
53 42 709
42 90 7
90 42 7
43 60 851
60 43 851
43 80 965
80 43 965
44 79 375
79 44 375
44 69 425
69 44 425
44 93 843
93 44 843
45 65 632
65 45 632
45 49 454
49 45 454
46 57 976
57 46 976
46 85 495
85 46 495
47 66 61
66 47 61
47 57 21
57 47 21
49 79 869
79 49 869
49 74 650
74 49 650
50 62 145
62 50 145
50 73 479
73 50 479
51 64 753
64 51 753
52 79 323
79 52 323
53 59 560
59 53 560
54 72 817
72 54 817
54 57 630
57 54 630
55 88 561
88 55 561
55 87 33
87 55 33
55 68 291
68 55 291
57 73 52
73 57 52
59 67 437
67 59 437
60 64 222
64 60 222
60 93 467
93 60 467
61 68 610
68 61 610
61 75 558
75 61 558
62 62 655
62 62 655
63 64 495
64 63 495
63 84 964
84 63 964
63 86 63
86 63 63
63 91 762
91 63 762
64 84 210
84 64 210
66 90 256
90 66 256
67 71 871
71 67 871
67 78 296
78 67 296
67 85 816
85 67 816
68 76 947
76 68 947
68 90 390
90 68 390
69 78 373
78 69 373
69 87 523
87 69 523
70 85 125
85 70 125
71 89 980
89 71 980
71 93 728
93 71 728
72 74 271
74 72 271
72 84 870
84 72 870
72 77 288
77 72 288
73 78 625
78 73 625
76 80 768
80 76 768
77 82 961
82 77 961
77 78 128
78 77 128
78 89 277
89 78 277
79 91 105
91 79 105
79 86 120
86 79 120
79 93 472
93 79 472
81 81 845
81 81 845
84 86 219
86 84 219
84 87 652
87 84 652
85 88 141
88 85 141
91 93 10
93 91 10
