23

0 1 638
1 0 638
0 2 451
2 0 451
0 3 667
3 0 667
0 17 848
17 0 848
0 5 829
5 0 829
0 19 165
19 0 165
1 4 551
4 1 551
1 15 234
15 1 234
1 19 387
19 1 387
2 9 925
9 2 925
2 9 63
9 2 63
2 15 693
15 2 693
3 6 407
6 3 407
3 7 632
7 3 632
3 8 965
8 3 965
4 5 609
5 4 609
4 11 203
11 4 203
4 13 788
13 4 788
5 8 857
8 5 857
5 10 38
10 5 38
5 16 67
16 5 67
5 20 891
20 5 891
5 16 839
16 5 839
5 9 840
9 5 840
6 21 142
21 6 142
7 19 421
19 7 421
7 21 853
21 7 853
7 9 532
9 7 532
8 22 368
22 8 368
8 21 751
21 8 751
9 12 357
12 9 357
11 12 775
12 11 775
11 19 300
19 11 300
11 20 295
20 11 295
11 14 810
14 11 810
13 14 311
14 13 311
13 18 216
18 13 216
13 19 979
19 13 979
17 19 250
19 17 250
18 21 237
21 18 237
19 20 259
20 19 259
21 22 934
22 21 934
