65

0 1 295
1 0 295
0 2 96
2 0 96
0 8 24
8 0 24
0 34 361
34 0 361
0 44 484
44 0 484
0 37 114
37 0 114
0 12 755
12 0 755
0 21 530
21 0 530
0 8 626
8 0 626
0 20 281
20 0 281
0 21 526
21 0 526
0 29 139
29 0 139
0 57 516
57 0 516
0 17 796
17 0 796
0 29 166
29 0 166
0 12 12
12 0 12
0 2 84
2 0 84
0 6 95
6 0 95
0 11 23
11 0 23
0 2 859
2 0 859
0 39 240
39 0 240
1 4 451
4 1 451
1 7 41
7 1 41
1 11 107
11 1 107
1 17 759
17 1 759
1 28 209
28 1 209
1 59 878
59 1 878
1 41 509
41 1 509
1 38 920
38 1 920
1 59 286
59 1 286
1 63 956
63 1 956
1 60 781
60 1 781
1 32 55
32 1 55
1 48 859
48 1 859
1 27 684
27 1 684
2 3 459
3 2 459
2 6 336
6 2 336
2 14 826
14 2 826
2 31 692
31 2 692
2 54 874
54 2 874
2 45 898
45 2 898
2 2 395
2 2 395
2 61 482
61 2 482
2 39 95
39 2 95
2 16 763
16 2 763
2 10 628
10 2 628
2 49 142
49 2 142
2 8 167
8 2 167
2 62 118
62 2 118
2 38 80
38 2 80
2 53 258
53 2 258
2 52 603
52 2 603
3 21 726
21 3 726
3 39 700
39 3 700
3 30 217
30 3 217
3 7 559
7 3 559
3 18 791
18 3 791
3 14 149
14 3 149
3 41 633
41 3 633
3 60 126
60 3 126
3 34 601
34 3 601
4 5 882
5 4 882
4 9 24
9 4 24
4 25 745
25 4 745
4 34 429
34 4 429
4 56 574
56 4 574
4 54 999
54 4 999
4 56 584
56 4 584
4 13 227
13 4 227
4 5 278
5 4 278
4 29 925
29 4 925
5 60 881
60 5 881
5 50 498
50 5 498
5 44 530
44 5 530
5 21 546
21 5 546
5 51 826
51 5 826
5 13 451
13 5 451
5 15 277
15 5 277
5 43 374
43 5 374
5 61 966
61 5 966
5 62 46
62 5 46
5 23 694
23 5 694
5 27 5
27 5 5
5 11 159
11 5 159
5 8 685
8 5 685
6 10 94
10 6 94
6 13 539
13 6 539
6 24 895
24 6 895
6 43 500
43 6 500
6 46 885
46 6 885
6 13 609
13 6 609
6 40 767
40 6 767
6 41 6
41 6 6
6 22 485
22 6 485
6 8 387
8 6 387
6 41 86
41 6 86
6 23 446
23 6 446
6 10 341
10 6 341
6 63 21
63 6 21
6 21 452
21 6 452
6 31 173
31 6 173
7 18 306
18 7 306
7 30 579
30 7 579
7 16 381
16 7 381
7 24 84
24 7 84
7 22 253
22 7 253
7 44 727
44 7 727
7 28 323
28 7 323
7 54 664
54 7 664
7 30 449
30 7 449
7 16 124
16 7 124
7 56 79
56 7 79
7 15 902
15 7 902
7 12 103
12 7 103
7 30 237
30 7 237
7 44 494
44 7 494
8 16 864
16 8 864
8 52 815
52 8 815
8 37 660
37 8 660
8 47 942
47 8 942
8 62 545
62 8 545
8 16 140
16 8 140
8 57 863
57 8 863
8 9 718
9 8 718
8 37 164
37 8 164
8 35 96
35 8 96
8 41 159
41 8 159
8 33 98
33 8 98
9 12 32
12 9 32
9 35 427
35 9 427
9 62 654
62 9 654
9 19 257
19 9 257
9 11 972
11 9 972
9 33 410
33 9 410
10 15 760
15 10 760
10 19 749
19 10 749
10 38 516
38 10 516
10 54 259
54 10 259
10 64 557
64 10 557
10 51 122
51 10 122
10 59 341
59 10 341
10 36 285
36 10 285
10 40 943
40 10 943
10 54 947
54 10 947
10 56 392
56 10 392
10 50 477
50 10 477
10 11 199
11 10 199
10 61 144
61 10 144
10 16 85
16 10 85
10 40 100
40 10 100
10 57 458
57 10 458
11 26 791
26 11 791
11 27 92
27 11 92
11 20 362
20 11 362
11 24 40
24 11 40
11 31 596
31 11 596
11 57 442
57 11 442
11 43 9
43 11 9
11 31 426
31 11 426
11 17 47
17 11 47
11 51 671
51 11 671
11 33 237
33 11 237
11 22 507
22 11 507
12 22 826
22 12 826
12 56 184
56 12 184
12 27 994
27 12 994
12 33 477
33 12 477
12 21 703
21 12 703
12 44 159
44 12 159
12 32 358
32 12 358
12 18 275
18 12 275
12 54 295
54 12 295
12 18 819
18 12 819
12 47 818
47 12 818
12 43 109
43 12 109
12 43 341
43 12 341
12 41 502
41 12 502
13 20 494
20 13 494
13 22 492
22 13 492
13 34 226
34 13 226
13 53 643
53 13 643
13 45 776
45 13 776
13 15 709
15 13 709
13 44 504
44 13 504
13 42 943
42 13 943
13 16 815
16 13 815
13 22 587
22 13 587
13 38 172
38 13 172
13 64 99
64 13 99
14 31 323
31 14 323
14 53 630
53 14 630
14 45 228
45 14 228
14 47 314
47 14 314
14 17 124
17 14 124
14 29 918
29 14 918
14 62 431
62 14 431
14 31 138
31 14 138
14 23 822
23 14 822
14 33 660
33 14 660
15 36 238
36 15 238
15 41 564
41 15 564
15 50 531
50 15 531
15 59 578
59 15 578
15 22 509
22 15 509
15 32 57
32 15 57
15 58 644
58 15 644
15 53 851
53 15 851
15 49 840
49 15 840
15 37 72
37 15 72
15 51 252
51 15 252
15 59 443
59 15 443
15 46 431
46 15 431
15 38 455
38 15 455
15 60 168
60 15 168
15 26 402
26 15 402
15 16 656
16 15 656
16 35 665
35 16 665
16 50 806
50 16 806
16 62 649
62 16 649
16 18 153
18 16 153
16 40 276
40 16 276
16 53 28
53 16 28
16 61 231
61 16 231
16 43 834
43 16 834
16 27 908
27 16 908
17 61 871
61 17 871
17 30 576
30 17 576
17 33 880
33 17 880
17 57 630
57 17 630
17 33 312
33 17 312
17 24 113
24 17 113
17 31 939
31 17 939
17 36 544
36 17 544
17 24 148
24 17 148
17 31 846
31 17 846
17 44 512
44 17 512
17 19 533
19 17 533
17 34 257
34 17 257
17 63 178
63 17 178
17 56 393
56 17 393
18 23 786
23 18 786
18 43 604
43 18 604
18 44 935
44 18 935
18 28 562
28 18 562
18 56 330
56 18 330
18 42 300
42 18 300
18 60 343
60 18 343
18 28 673
28 18 673
18 19 830
19 18 830
18 58 674
58 18 674
19 43 79
43 19 79
19 61 424
61 19 424
19 44 168
44 19 168
19 59 624
59 19 624
19 32 261
32 19 261
19 40 12
40 19 12
19 43 989
43 19 989
19 52 48
52 19 48
19 46 400
46 19 400
19 35 265
35 19 265
20 53 663
53 20 663
20 60 39
60 20 39
20 53 563
53 20 563
20 60 628
60 20 628
20 64 62
64 20 62
20 24 117
24 20 117
20 25 747
25 20 747
20 31 661
31 20 661
20 48 517
48 20 517
20 41 457
41 20 457
20 27 751
27 20 751
20 51 600
51 20 600
20 55 104
55 20 104
20 49 66
49 20 66
21 40 639
40 21 639
21 60 778
60 21 778
21 27 362
27 21 362
21 50 515
50 21 515
21 31 450
31 21 450
21 48 4
48 21 4
21 64 536
64 21 536
21 37 121
37 21 121
22 44 855
44 22 855
22 57 333
57 22 333
22 64 711
64 22 711
22 51 610
51 22 610
22 47 57
47 22 57
22 50 256
50 22 256
22 62 949
62 22 949
22 33 258
33 22 258
22 55 227
55 22 227
22 56 165
56 22 165
22 59 954
59 22 954
22 28 37
28 22 37
23 40 248
40 23 248
23 58 19
58 23 19
23 52 235
52 23 235
23 56 798
56 23 798
23 26 801
26 23 801
23 40 674
40 23 674
23 37 41
37 23 41
24 63 402
63 24 402
24 34 629
34 24 629
24 37 775
37 24 775
24 57 891
57 24 891
24 34 863
34 24 863
24 55 457
55 24 457
24 53 620
53 24 620
24 44 662
44 24 662
25 49 582
49 25 582
25 25 944
25 25 944
25 37 555
37 25 555
25 58 697
58 25 697
25 48 484
48 25 484
25 55 54
55 25 54
26 33 767
33 26 767
26 34 79
34 26 79
26 30 622
30 26 622
26 57 354
57 26 354
26 43 347
43 26 347
26 60 888
60 26 888
26 59 448
59 26 448
26 61 370
61 26 370
27 29 297
29 27 297
27 32 278
32 27 278
27 42 891
42 27 891
27 41 503
41 27 503
27 64 33
64 27 33
27 37 781
37 27 781
27 35 985
35 27 985
27 40 184
40 27 184
27 34 449
34 27 449
28 37 829
37 28 829
28 47 911
47 28 911
28 35 118
35 28 118
28 39 639
39 28 639
28 34 654
34 28 654
28 52 763
52 28 763
28 49 331
49 28 331
28 38 419
38 28 419
29 51 661
51 29 661
29 54 990
54 29 990
29 36 425
36 29 425
29 57 825
57 29 825
29 59 769
59 29 769
29 49 791
49 29 791
29 33 172
33 29 172
29 49 938
49 29 938
29 33 157
33 29 157
30 52 126
52 30 126
30 36 282
36 30 282
30 42 613
42 30 613
30 40 11
40 30 11
30 33 433
33 30 433
30 50 94
50 30 94
30 33 246
33 30 246
30 31 542
31 30 542
30 63 825
63 30 825
31 39 507
39 31 507
31 42 702
42 31 702
31 52 514
52 31 514
31 33 576
33 31 576
31 60 599
60 31 599
31 55 917
55 31 917
31 38 336
38 31 336
31 53 971
53 31 971
31 63 466
63 31 466
32 58 160
58 32 160
32 48 461
48 32 461
32 58 892
58 32 892
32 53 211
53 32 211
32 44 882
44 32 882
32 35 264
35 32 264
32 42 442
42 32 442
33 55 602
55 33 602
33 49 402
49 33 402
33 35 806
35 33 806
33 34 777
34 33 777
33 57 250
57 33 250
33 61 49
61 33 49
33 52 720
52 33 720
34 58 597
58 34 597
34 44 919
44 34 919
34 50 575
50 34 575
35 50 538
50 35 538
35 40 519
40 35 519
36 51 203
51 36 203
36 46 921
46 36 921
36 64 520
64 36 520
36 41 668
41 36 668
37 45 707
45 37 707
37 56 487
56 37 487
37 47 811
47 37 811
37 42 893
42 37 893
37 45 121
45 37 121
37 44 494
44 37 494
37 41 859
41 37 859
37 55 273
55 37 273
37 59 548
59 37 548
38 53 439
53 38 439
38 51 530
51 38 530
38 51 966
51 38 966
38 48 761
48 38 761
38 44 541
44 38 541
38 64 779
64 38 779
39 60 541
60 39 541
39 55 475
55 39 475
39 51 975
51 39 975
39 61 648
61 39 648
39 57 966
57 39 966
39 60 328
60 39 328
40 61 988
61 40 988
40 44 717
44 40 717
40 61 496
61 40 496
40 49 109
49 40 109
40 43 475
43 40 475
40 57 732
57 40 732
40 45 287
45 40 287
40 51 592
51 40 592
40 62 14
62 40 14
41 48 262
48 41 262
41 59 661
59 41 661
41 49 7
49 41 7
41 57 2
57 41 2
41 52 820
52 41 820
41 43 537
43 41 537
41 48 150
48 41 150
42 56 867
56 42 867
42 49 554
49 42 554
42 46 517
46 42 517
42 63 202
63 42 202
43 60 998
60 43 998
43 47 250
47 43 250
43 43 603
43 43 603
43 56 870
56 43 870
43 49 478
49 43 478
43 61 179
61 43 179
44 54 649
54 44 649
45 51 934
51 45 934
45 48 650
48 45 650
46 58 718
58 46 718
46 62 573
62 46 573
48 58 388
58 48 388
48 49 485
49 48 485
48 50 825
50 48 825
48 54 485
54 48 485
49 51 676
51 49 676
49 59 644
59 49 644
49 56 365
56 49 365
50 63 224
63 50 224
50 58 441
58 50 441
50 57 720
57 50 720
50 62 732
62 50 732
50 56 484
56 50 484
52 59 204
59 52 204
53 56 526
56 53 526
53 63 990
63 53 990
54 63 687
63 54 687
54 64 705
64 54 705
54 57 629
57 54 629
55 59 238
59 55 238
55 64 246
64 55 246
56 59 681
59 56 681
56 58 186
58 56 186
57 61 109
61 57 109
57 59 286
59 57 286
61 61 204
61 61 204
61 64 120
64 61 120
