87

0 1 584
1 0 584
0 8 361
8 0 361
0 24 484
24 0 484
0 38 501
38 0 501
0 56 356
56 0 356
0 28 787
28 0 787
0 13 76
13 0 76
1 2 260
2 1 260
1 4 221
4 1 221
1 5 884
5 1 884
1 17 549
17 1 549
1 19 707
19 1 707
1 44 377
44 1 377
1 65 3
65 1 3
1 38 92
38 1 92
2 3 126
3 2 126
2 6 723
6 2 723
2 12 527
12 2 527
2 13 687
13 2 687
2 58 757
58 2 757
2 86 442
86 2 442
2 28 941
28 2 941
2 34 751
34 2 751
3 10 117
10 3 117
3 40 761
40 3 761
3 64 809
64 3 809
3 71 79
71 3 79
3 84 167
84 3 167
3 11 953
11 3 953
3 13 499
13 3 499
3 59 357
59 3 357
4 14 907
14 4 907
4 41 96
41 4 96
4 54 895
54 4 895
4 7 605
7 4 605
4 53 160
53 4 160
5 7 858
7 5 858
5 16 855
16 5 855
5 9 603
9 5 603
5 53 263
53 5 263
6 81 175
81 6 175
6 47 390
47 6 390
7 68 177
68 7 177
7 17 848
17 7 848
7 41 369
41 7 369
8 9 72
9 8 72
8 15 146
15 8 146
8 72 272
72 8 272
8 39 990
39 8 990
9 57 222
57 9 222
9 16 368
16 9 368
9 15 568
15 9 568
10 11 618
11 10 618
10 39 441
39 10 441
10 75 942
75 10 942
10 68 849
68 10 849
10 34 182
34 10 182
11 18 36
18 11 36
11 23 478
23 11 478
11 59 196
59 11 196
11 51 196
51 11 196
12 47 245
47 12 245
12 83 477
83 12 477
12 28 59
28 12 59
12 47 802
47 12 802
12 48 73
48 12 73
12 39 150
39 12 150
13 22 480
22 13 480
14 29 265
29 14 265
14 33 255
33 14 255
14 63 378
63 14 378
14 77 367
77 14 367
15 31 110
31 15 110
15 53 564
53 15 564
16 21 892
21 16 892
16 26 460
26 16 460
16 43 566
43 16 566
16 34 52
34 16 52
16 77 442
77 16 442
16 86 342
86 16 342
17 20 805
20 17 805
17 27 497
27 17 497
17 67 846
67 17 846
17 57 521
57 17 521
18 54 40
54 18 40
18 68 563
68 18 563
19 34 638
34 19 638
19 74 817
74 19 817
19 53 883
53 19 883
20 55 187
55 20 187
20 74 192
74 20 192
20 27 103
27 20 103
20 66 773
66 20 773
21 22 638
22 21 638
21 25 997
25 21 997
21 30 612
30 21 612
21 35 186
35 21 186
21 71 545
71 21 545
21 74 776
74 21 776
21 82 432
82 21 432
21 77 879
77 21 879
22 73 393
73 22 393
22 75 608
75 22 608
23 52 782
52 23 782
23 65 828
65 23 828
23 69 399
69 23 399
23 40 276
40 23 276
24 43 737
43 24 737
25 45 580
45 25 580
25 46 940
46 25 940
25 56 808
56 25 808
25 59 383
59 25 383
26 32 892
32 26 892
26 51 13
51 26 13
26 52 830
52 26 830
27 28 899
28 27 899
27 36 857
36 27 857
27 85 641
85 27 641
27 59 807
59 27 807
28 51 185
51 28 185
28 82 971
82 28 971
28 43 447
43 28 447
28 69 342
69 28 342
28 47 201
47 28 201
29 85 380
85 29 380
30 67 551
67 30 551
31 68 339
68 31 339
31 79 339
79 31 339
32 53 639
53 32 639
32 62 398
62 32 398
34 42 221
42 34 221
35 37 381
37 35 381
35 61 915
61 35 915
35 40 654
40 35 654
36 66 237
66 36 237
36 78 362
78 36 362
36 83 95
83 36 95
37 60 407
60 37 407
38 50 229
50 38 229
38 78 56
78 38 56
38 65 274
65 38 274
39 68 112
68 39 112
39 63 381
63 39 381
40 81 100
81 40 100
40 73 577
73 40 577
40 73 271
73 40 271
42 61 662
61 42 662
42 78 663
78 42 663
43 49 800
49 43 800
43 78 895
78 43 895
43 49 407
49 43 407
44 48 683
48 44 683
44 62 384
62 44 384
46 70 727
70 46 727
46 47 383
47 46 383
47 73 615
73 47 615
49 58 86
58 49 86
50 59 153
59 50 153
50 86 47
86 50 47
52 61 184
61 52 184
52 53 314
53 52 314
54 54 923
54 54 923
54 64 964
64 54 964
55 71 604
71 55 604
59 67 59
67 59 59
62 64 488
64 62 488
64 64 459
64 64 459
65 67 237
67 65 237
65 70 691
70 65 691
67 70 878
70 67 878
69 76 836
76 69 836
69 78 370
78 69 370
70 80 446
80 70 446
72 73 5
73 72 5
72 86 529
86 72 529
75 84 477
84 75 477
76 79 749
79 76 749
79 86 939
86 79 939
