49

0 1 944
1 0 944
0 5 331
5 0 331
0 9 976
9 0 976
0 11 660
11 0 660
0 15 225
15 0 225
0 22 653
22 0 653
0 30 271
30 0 271
1 2 79
2 1 79
1 12 525
12 1 525
1 13 167
13 1 167
1 41 238
41 1 238
1 44 695
44 1 695
1 32 623
32 1 623
2 3 695
3 2 695
2 4 97
4 2 97
2 19 201
19 2 201
2 46 773
46 2 773
2 6 74
6 2 74
3 8 316
8 3 316
3 44 112
44 3 112
3 17 726
17 3 726
3 12 337
12 3 337
4 6 432
6 4 432
4 14 267
14 4 267
4 43 526
43 4 526
4 26 556
26 4 556
4 23 960
23 4 960
5 7 894
7 5 894
5 10 163
10 5 163
5 18 187
18 5 187
5 22 903
22 5 903
5 21 523
21 5 523
5 19 101
19 5 101
5 22 505
22 5 505
5 19 998
19 5 998
5 35 867
35 5 867
6 17 79
17 6 79
6 34 706
34 6 706
6 24 33
24 6 33
7 32 727
32 7 727
7 35 613
35 7 613
7 36 249
36 7 249
7 34 535
34 7 535
7 20 572
20 7 572
7 14 829
14 7 829
8 45 779
45 8 779
8 12 542
12 8 542
8 32 797
32 8 797
9 34 919
34 9 919
9 45 13
45 9 13
10 15 350
15 10 350
10 26 336
26 10 336
10 37 343
37 10 343
10 20 639
20 10 639
11 47 127
47 11 127
11 34 34
34 11 34
12 14 976
14 12 976
12 24 155
24 12 155
12 27 606
27 12 606
12 17 225
17 12 225
12 41 696
41 12 696
13 30 44
30 13 44
13 33 880
33 13 880
14 43 148
43 14 148
14 27 867
27 14 867
15 16 547
16 15 547
16 17 514
17 16 514
17 20 985
20 17 985
17 25 100
25 17 100
18 28 327
28 18 327
19 43 953
43 19 953
19 34 489
34 19 489
19 41 587
41 19 587
20 21 531
21 20 531
20 37 732
37 20 732
20 43 734
43 20 734
21 25 53
25 21 53
21 29 224
29 21 224
22 23 66
23 22 66
22 28 261
28 22 261
22 35 939
35 22 939
22 25 455
25 22 455
22 25 711
25 22 711
23 43 794
43 23 794
23 43 682
43 23 682
24 27 606
27 24 606
24 42 69
42 24 69
24 44 468
44 24 468
25 32 801
32 25 801
26 37 550
37 26 550
26 40 770
40 26 770
27 44 426
44 27 426
27 45 480
45 27 480
28 31 634
31 28 634
28 42 180
42 28 180
31 47 631
47 31 631
32 44 721
44 32 721
33 38 11
38 33 11
33 45 614
45 33 614
33 40 538
40 33 538
35 39 214
39 35 214
36 39 195
39 36 195
37 42 914
42 37 914
39 48 544
48 39 544
39 45 202
45 39 202
41 45 479
45 41 479
43 47 55
47 43 55
46 46 708
46 46 708
