10

0 1 698
1 0 698
0 6 669
6 0 669
0 5 576
5 0 576
1 2 463
2 1 463
1 3 188
3 1 188
2 4 112
4 2 112
2 9 595
9 2 595
3 7 981
7 3 981
3 8 331
8 3 331
3 4 884
4 3 884
4 5 11
5 4 11
5 9 421
9 5 421
5 6 469
6 5 469
6 6 748
6 6 748
8 9 832
9 8 832
