89

0 1 48
1 0 48
0 5 95
5 0 95
0 6 270
6 0 270
0 10 164
10 0 164
0 18 168
18 0 168
0 21 492
21 0 492
0 27 223
27 0 223
0 45 589
45 0 589
0 74 346
74 0 346
0 62 498
62 0 498
0 9 440
9 0 440
0 17 853
17 0 853
0 17 867
17 0 867
0 88 328
88 0 328
0 26 318
26 0 318
0 59 800
59 0 800
0 75 63
75 0 63
0 37 977
37 0 977
1 2 113
2 1 113
1 78 234
78 1 234
1 72 969
72 1 969
1 45 179
45 1 179
1 70 311
70 1 311
1 20 334
20 1 334
1 87 447
87 1 447
1 26 424
26 1 424
2 3 920
3 2 920
2 20 749
20 2 749
2 28 475
28 2 475
2 81 231
81 2 231
2 13 194
13 2 194
2 57 503
57 2 503
2 5 650
5 2 650
2 44 260
44 2 260
2 65 11
65 2 11
2 44 334
44 2 334
2 72 321
72 2 321
3 4 170
4 3 170
3 7 313
7 3 313
3 17 174
17 3 174
3 32 130
32 3 130
3 75 241
75 3 241
3 30 800
30 3 800
3 14 589
14 3 589
3 73 262
73 3 262
4 19 164
19 4 164
4 85 206
85 4 206
4 55 673
55 4 673
4 70 520
70 4 520
4 63 556
63 4 556
5 57 654
57 5 654
5 54 392
54 5 392
6 82 683
82 6 683
6 76 221
76 6 221
6 28 538
28 6 538
6 77 920
77 6 920
6 28 100
28 6 100
6 37 819
37 6 819
7 8 26
8 7 26
7 11 67
11 7 67
7 35 55
35 7 55
7 60 114
60 7 114
7 65 223
65 7 223
7 34 104
34 7 104
7 26 467
26 7 467
7 59 353
59 7 353
7 25 642
25 7 642
7 59 713
59 7 713
7 24 577
24 7 577
7 62 880
62 7 880
8 9 950
9 8 950
8 22 63
22 8 63
8 23 314
23 8 314
8 86 633
86 8 633
8 65 264
65 8 264
8 14 337
14 8 337
8 28 688
28 8 688
8 54 685
54 8 685
8 70 162
70 8 162
9 13 125
13 9 125
9 56 207
56 9 207
9 54 419
54 9 419
9 40 570
40 9 570
9 18 30
18 9 30
9 71 355
71 9 355
10 16 264
16 10 264
10 37 144
37 10 144
10 76 308
76 10 308
10 30 349
30 10 349
10 51 823
51 10 823
10 56 647
56 10 647
10 43 355
43 10 355
10 45 194
45 10 194
10 30 468
30 10 468
11 12 267
12 11 267
11 26 259
26 11 259
11 58 229
58 11 229
11 45 950
45 11 950
11 54 928
54 11 928
11 37 364
37 11 364
11 61 775
61 11 775
11 62 584
62 11 584
11 77 8
77 11 8
12 14 801
14 12 801
12 56 929
56 12 929
12 63 915
63 12 915
12 59 924
59 12 924
12 69 928
69 12 928
13 57 509
57 13 509
13 83 668
83 13 668
13 86 588
86 13 588
13 18 614
18 13 614
13 68 408
68 13 408
13 30 919
30 13 919
13 71 685
71 13 685
13 37 456
37 13 456
13 59 597
59 13 597
13 87 326
87 13 326
14 15 960
15 14 960
14 25 698
25 14 698
14 30 252
30 14 252
14 46 106
46 14 106
14 77 551
77 14 551
14 19 298
19 14 298
14 65 678
65 14 678
14 15 95
15 14 95
14 71 274
71 14 274
14 83 493
83 14 493
14 64 199
64 14 199
15 33 565
33 15 565
15 42 48
42 15 48
15 58 790
58 15 790
15 38 133
38 15 133
15 40 386
40 15 386
15 64 79
64 15 79
15 87 740
87 15 740
15 44 424
44 15 424
15 65 538
65 15 538
15 71 473
71 15 473
15 45 521
45 15 521
15 31 662
31 15 662
16 43 930
43 16 930
16 47 723
47 16 723
16 25 284
25 16 284
16 48 382
48 16 382
16 45 58
45 16 58
16 31 612
31 16 612
16 25 263
25 16 263
16 85 478
85 16 478
16 30 341
30 16 341
16 83 149
83 16 149
17 57 746
57 17 746
17 36 624
36 17 624
17 18 622
18 17 622
17 60 558
60 17 558
17 43 819
43 17 819
17 78 317
78 17 317
17 22 49
22 17 49
17 38 592
38 17 592
17 25 122
25 17 122
17 23 679
23 17 679
17 22 583
22 17 583
17 60 560
60 17 560
17 49 472
49 17 472
17 45 722
45 17 722
17 48 926
48 17 926
17 72 198
72 17 198
17 20 331
20 17 331
17 80 677
80 17 677
17 64 753
64 17 753
18 80 424
80 18 424
18 77 491
77 18 491
18 50 498
50 18 498
18 36 566
36 18 566
18 56 817
56 18 817
18 50 388
50 18 388
19 78 359
78 19 359
19 76 771
76 19 771
19 28 492
28 19 492
19 38 178
38 19 178
20 24 35
24 20 35
20 45 275
45 20 275
20 66 778
66 20 778
20 20 616
20 20 616
20 35 889
35 20 889
20 44 500
44 20 500
20 47 922
47 20 922
20 71 982
71 20 982
20 54 752
54 20 752
21 44 123
44 21 123
21 85 937
85 21 937
21 59 807
59 21 807
21 66 282
66 21 282
21 67 106
67 21 106
21 56 732
56 21 732
22 30 393
30 22 393
22 37 836
37 22 836
22 56 870
56 22 870
22 58 204
58 22 204
22 72 999
72 22 999
22 28 698
28 22 698
22 82 354
82 22 354
23 82 893
82 23 893
23 67 446
67 23 446
23 88 1
88 23 1
24 31 206
31 24 206
24 59 97
59 24 97
24 75 353
75 24 353
24 37 352
37 24 352
24 35 346
35 24 346
24 72 676
72 24 676
24 57 351
57 24 351
24 57 278
57 24 278
24 39 959
39 24 959
24 78 750
78 24 750
25 34 729
34 25 729
25 67 738
67 25 738
25 72 386
72 25 386
25 65 455
65 25 455
25 37 970
37 25 970
25 32 800
32 25 800
26 72 659
72 26 659
26 51 14
51 26 14
26 85 210
85 26 210
26 29 425
29 26 425
26 69 116
69 26 116
26 29 142
29 26 142
27 64 888
64 27 888
27 43 160
43 27 160
27 38 707
38 27 707
27 63 623
63 27 623
27 50 184
50 27 184
27 67 305
67 27 305
27 31 165
31 27 165
27 63 376
63 27 376
28 29 113
29 28 113
28 77 890
77 28 890
28 46 479
46 28 479
28 77 572
77 28 572
28 64 244
64 28 244
28 52 624
52 28 624
28 53 69
53 28 69
28 71 815
71 28 815
29 38 176
38 29 176
29 68 586
68 29 586
29 31 537
31 29 537
29 33 944
33 29 944
29 50 559
50 29 559
29 36 755
36 29 755
29 59 127
59 29 127
29 46 718
46 29 718
30 64 281
64 30 281
30 73 903
73 30 903
30 50 479
50 30 479
30 67 496
67 30 496
30 52 446
52 30 446
30 81 315
81 30 315
30 33 176
33 30 176
30 86 875
86 30 875
31 36 21
36 31 21
31 55 186
55 31 186
31 62 21
62 31 21
31 50 981
50 31 981
31 37 797
37 31 797
31 68 663
68 31 663
31 54 402
54 31 402
32 40 53
40 32 53
32 68 437
68 32 437
32 42 222
42 32 222
32 70 224
70 32 224
32 62 283
62 32 283
32 85 996
85 32 996
32 34 920
34 32 920
33 79 71
79 33 71
33 38 41
38 33 41
33 66 800
66 33 800
33 49 17
49 33 17
33 62 930
62 33 930
33 67 489
67 33 489
34 54 672
54 34 672
34 49 76
49 34 76
34 41 525
41 34 525
34 82 59
82 34 59
34 83 723
83 34 723
34 60 615
60 34 615
34 61 52
61 34 52
34 35 404
35 34 404
34 73 836
73 34 836
35 74 860
74 35 860
35 44 868
44 35 868
35 46 825
46 35 825
36 39 355
39 36 355
36 41 996
41 36 996
36 52 586
52 36 586
36 81 88
81 36 88
36 47 106
47 36 106
37 76 106
76 37 106
37 60 399
60 37 399
37 38 863
38 37 863
37 82 747
82 37 747
37 74 237
74 37 237
38 58 482
58 38 482
38 62 944
62 38 944
39 83 643
83 39 643
39 76 56
76 39 56
39 47 669
47 39 669
39 52 329
52 39 329
39 60 188
60 39 188
40 61 351
61 40 351
40 79 560
79 40 560
40 46 203
46 40 203
40 83 243
83 40 243
41 46 232
46 41 232
41 77 635
77 41 635
41 54 32
54 41 32
41 65 309
65 41 309
41 65 968
65 41 968
41 85 353
85 41 353
41 49 338
49 41 338
41 64 457
64 41 457
41 87 815
87 41 815
41 69 458
69 41 458
42 88 570
88 42 570
42 60 360
60 42 360
43 51 675
51 43 675
43 59 650
59 43 650
43 56 978
56 43 978
43 78 303
78 43 303
43 81 764
81 43 764
43 60 283
60 43 283
44 48 655
48 44 655
44 50 960
50 44 960
44 58 897
58 44 897
44 62 362
62 44 362
44 58 22
58 44 22
44 69 921
69 44 921
44 61 478
61 44 478
44 78 437
78 44 437
45 87 342
87 45 342
45 53 954
53 45 954
45 76 200
76 45 200
46 84 958
84 46 958
46 87 937
87 46 937
46 51 819
51 46 819
46 48 460
48 46 460
46 85 508
85 46 508
47 53 820
53 47 820
47 73 873
73 47 873
47 68 147
68 47 147
48 49 372
49 48 372
48 53 196
53 48 196
48 65 881
65 48 881
48 56 974
56 48 974
49 54 793
54 49 793
49 50 435
50 49 435
49 60 85
60 49 85
49 52 709
52 49 709
49 53 839
53 49 839
50 53 504
53 50 504
50 83 631
83 50 631
50 59 852
59 50 852
50 79 285
79 50 285
50 81 874
81 50 874
50 77 349
77 50 349
50 69 487
69 50 487
51 51 608
51 51 608
52 62 507
62 52 507
53 63 726
63 53 726
53 55 595
55 53 595
54 83 752
83 54 752
54 70 142
70 54 142
55 66 975
66 55 975
55 59 184
59 55 184
55 88 924
88 55 924
56 59 816
59 56 816
56 71 503
71 56 503
56 65 640
65 56 640
56 86 160
86 56 160
57 59 893
59 57 893
58 74 838
74 58 838
58 76 288
76 58 288
59 71 286
71 59 286
60 66 505
66 60 505
60 75 987
75 60 987
60 77 655
77 60 655
61 61 928
61 61 928
61 69 768
69 61 768
61 67 180
67 61 180
62 67 732
67 62 732
62 75 566
75 62 566
63 84 115
84 63 115
63 64 277
64 63 277
63 76 906
76 63 906
63 78 753
78 63 753
64 74 152
74 64 152
64 72 149
72 64 149
64 76 245
76 64 245
65 86 388
86 65 388
66 69 15
69 66 15
66 70 34
70 66 34
66 85 175
85 66 175
66 75 114
75 66 114
66 74 435
74 66 435
66 83 360
83 66 360
67 78 606
78 67 606
68 76 639
76 68 639
69 82 411
82 69 411
69 72 989
72 69 989
70 79 208
79 70 208
70 70 239
70 70 239
71 83 711
83 71 711
73 75 837
75 73 837
76 88 197
88 76 197
76 86 986
86 76 986
77 79 695
79 77 695
78 80 797
80 78 797
79 85 840
85 79 840
80 82 813
82 80 813
81 83 837
83 81 837
81 81 104
81 81 104
84 84 579
84 84 579
