79

0 1 691
1 0 691
0 3 69
3 0 69
0 10 66
10 0 66
0 18 167
18 0 167
0 49 152
49 0 152
0 46 569
46 0 569
0 74 18
74 0 18
0 22 460
22 0 460
0 66 916
66 0 916
0 62 391
62 0 391
0 64 894
64 0 894
1 2 876
2 1 876
1 7 13
7 1 13
1 21 972
21 1 972
1 3 562
3 1 562
1 48 104
48 1 104
1 45 294
45 1 294
1 5 716
5 1 716
1 70 710
70 1 710
1 47 26
47 1 26
1 24 663
24 1 663
2 4 141
4 2 141
2 17 705
17 2 705
2 6 549
6 2 549
2 27 760
27 2 760
2 66 978
66 2 978
2 62 328
62 2 328
2 41 812
41 2 812
2 51 933
51 2 933
2 32 687
32 2 687
3 6 344
6 3 344
3 9 717
9 3 717
3 12 886
12 3 886
3 44 469
44 3 469
3 70 836
70 3 836
3 75 298
75 3 298
3 30 696
30 3 696
3 35 633
35 3 633
3 40 172
40 3 172
3 46 527
46 3 527
4 5 419
5 4 419
4 16 925
16 4 925
4 29 628
29 4 628
4 57 574
57 4 574
4 63 232
63 4 232
4 41 895
41 4 895
4 8 857
8 4 857
4 13 904
13 4 904
4 72 739
72 4 739
4 36 73
36 4 73
4 22 581
22 4 581
4 65 920
65 4 920
4 11 5
11 4 5
5 13 745
13 5 745
5 49 960
49 5 960
5 63 196
63 5 196
5 56 639
56 5 639
5 34 108
34 5 108
5 6 274
6 5 274
5 77 653
77 5 653
5 17 238
17 5 238
5 65 739
65 5 739
5 35 182
35 5 182
6 67 228
67 6 228
6 36 409
36 6 409
6 75 123
75 6 123
6 65 126
65 6 126
6 59 888
59 6 888
6 15 516
15 6 516
7 8 312
8 7 312
7 14 808
14 7 808
7 19 206
19 7 206
7 22 459
22 7 459
7 69 607
69 7 607
7 13 183
13 7 183
7 55 310
55 7 310
7 76 994
76 7 994
7 45 261
45 7 261
7 39 7
39 7 7
7 68 292
68 7 292
7 57 692
57 7 692
7 67 186
67 7 186
7 28 799
28 7 799
8 15 612
15 8 612
8 44 910
44 8 910
8 20 151
20 8 151
8 31 413
31 8 413
8 17 103
17 8 103
8 45 467
45 8 467
8 32 609
32 8 609
9 11 924
11 9 924
9 35 580
35 9 580
9 52 7
52 9 7
9 60 663
60 9 663
9 49 485
49 9 485
9 70 136
70 9 136
9 66 3
66 9 3
9 50 532
50 9 532
9 69 647
69 9 647
9 11 965
11 9 965
9 34 417
34 9 417
9 50 356
50 9 356
10 27 556
27 10 556
10 34 119
34 10 119
10 61 242
61 10 242
10 72 198
72 10 198
10 12 56
12 10 56
10 75 66
75 10 66
10 42 937
42 10 937
10 65 23
65 10 23
11 53 613
53 11 613
11 25 413
25 11 413
11 23 929
23 11 929
11 29 133
29 11 133
11 58 440
58 11 440
12 20 491
20 12 491
12 63 72
63 12 72
12 17 316
17 12 316
12 69 113
69 12 113
12 31 761
31 12 761
12 58 943
58 12 943
12 45 603
45 12 603
12 55 822
55 12 822
12 71 87
71 12 87
12 34 529
34 12 529
12 14 688
14 12 688
12 26 614
26 12 614
12 16 171
16 12 171
13 23 555
23 13 555
13 30 316
30 13 316
13 46 654
46 13 654
13 51 463
51 13 463
13 58 72
58 13 72
13 73 276
73 13 276
13 76 608
76 13 608
13 48 523
48 13 523
13 45 102
45 13 102
14 57 525
57 14 525
14 20 880
20 14 880
14 43 624
43 14 624
15 39 837
39 15 837
15 69 283
69 15 283
15 59 885
59 15 885
15 52 457
52 15 457
15 61 370
61 15 370
15 44 471
44 15 471
16 26 753
26 16 753
16 54 196
54 16 196
16 55 452
55 16 452
16 49 273
49 16 273
16 65 808
65 16 808
16 45 112
45 16 112
16 61 840
61 16 840
16 20 832
20 16 832
16 75 998
75 16 998
16 16 46
16 16 46
16 60 817
60 16 817
17 45 968
45 17 968
17 37 422
37 17 422
17 76 712
76 17 712
17 51 753
51 17 753
17 44 563
44 17 563
17 22 625
22 17 625
17 52 403
52 17 403
17 37 750
37 17 750
18 30 905
30 18 905
18 47 71
47 18 71
18 59 755
59 18 755
18 24 113
24 18 113
18 45 88
45 18 88
19 24 345
24 19 345
19 33 773
33 19 773
19 42 952
42 19 952
19 78 519
78 19 519
19 69 765
69 19 765
19 68 346
68 19 346
19 49 852
49 19 852
19 69 87
69 19 87
19 78 642
78 19 642
19 29 105
29 19 105
20 36 601
36 20 601
20 62 645
62 20 645
20 36 939
36 20 939
20 25 954
25 20 954
20 74 916
74 20 916
20 25 869
25 20 869
20 20 571
20 20 571
20 51 471
51 20 471
21 43 925
43 21 925
21 65 751
65 21 751
21 32 931
32 21 931
21 44 427
44 21 427
21 32 227
32 21 227
21 55 175
55 21 175
21 27 192
27 21 192
22 25 636
25 22 636
22 28 588
28 22 588
22 31 827
31 22 827
22 24 624
24 22 624
22 35 533
35 22 533
22 33 406
33 22 406
23 38 865
38 23 865
23 75 939
75 23 939
23 56 200
56 23 200
23 74 809
74 23 809
23 64 139
64 23 139
23 49 663
49 23 663
23 29 516
29 23 516
24 65 544
65 24 544
24 55 622
55 24 622
24 61 600
61 24 600
24 73 608
73 24 608
25 64 765
64 25 765
25 76 815
76 25 815
25 73 309
73 25 309
25 65 786
65 25 786
26 47 658
47 26 658
26 46 153
46 26 153
26 76 864
76 26 864
26 54 420
54 26 420
26 67 338
67 26 338
26 60 359
60 26 359
26 54 345
54 26 345
27 52 978
52 27 978
27 74 760
74 27 760
27 30 282
30 27 282
28 59 493
59 28 493
28 54 319
54 28 319
28 66 200
66 28 200
28 64 341
64 28 341
28 68 689
68 28 689
29 73 814
73 29 814
29 63 484
63 29 484
29 34 576
34 29 576
29 68 526
68 29 526
29 65 858
65 29 858
30 32 577
32 30 577
30 36 769
36 30 769
30 40 22
40 30 22
30 62 553
62 30 553
30 32 176
32 30 176
30 38 461
38 30 461
31 62 397
62 31 397
31 36 526
36 31 526
31 34 492
34 31 492
31 75 157
75 31 157
32 68 315
68 32 315
32 57 719
57 32 719
32 72 288
72 32 288
32 61 975
61 32 975
33 64 626
64 33 626
33 73 698
73 33 698
33 70 952
70 33 952
33 64 18
64 33 18
33 47 364
47 33 364
34 40 114
40 34 114
34 67 491
67 34 491
34 57 877
57 34 877
34 44 979
44 34 979
34 40 572
40 34 572
35 43 518
43 35 518
35 49 270
49 35 270
35 69 317
69 35 317
35 68 670
68 35 670
35 64 928
64 35 928
36 37 891
37 36 891
36 48 825
48 36 825
36 52 475
52 36 475
36 57 355
57 36 355
37 48 582
48 37 582
37 50 142
50 37 142
37 42 927
42 37 927
37 49 808
49 37 808
37 71 686
71 37 686
37 47 697
47 37 697
37 38 609
38 37 609
37 63 68
63 37 68
38 51 737
51 38 737
38 69 633
69 38 633
38 64 302
64 38 302
38 56 247
56 38 247
39 41 402
41 39 402
39 42 276
42 39 276
39 40 288
40 39 288
39 60 889
60 39 889
39 47 831
47 39 831
39 44 507
44 39 507
39 46 803
46 39 803
40 77 776
77 40 776
40 48 951
48 40 951
40 58 639
58 40 639
41 73 10
73 41 10
41 48 321
48 41 321
42 48 532
48 42 532
43 64 575
64 43 575
43 71 311
71 43 311
43 72 667
72 43 667
43 71 755
71 43 755
43 73 6
73 43 6
44 45 486
45 44 486
45 61 582
61 45 582
45 50 763
50 45 763
45 52 440
52 45 440
46 67 386
67 46 386
46 61 902
61 46 902
46 71 269
71 46 269
47 75 143
75 47 143
47 56 745
56 47 745
48 65 251
65 48 251
49 72 187
72 49 187
50 56 431
56 50 431
50 74 317
74 50 317
50 60 751
60 50 751
50 60 239
60 50 239
50 50 173
50 50 173
51 70 65
70 51 65
51 58 443
58 51 443
51 67 798
67 51 798
52 78 771
78 52 771
54 56 223
56 54 223
54 58 868
58 54 868
54 54 901
54 54 901
56 64 512
64 56 512
58 65 931
65 58 931
59 66 61
66 59 61
59 76 323
76 59 323
59 78 802
78 59 802
59 74 627
74 59 627
60 78 590
78 60 590
60 70 902
70 60 902
61 68 23
68 61 23
62 74 271
74 62 271
62 78 646
78 62 646
62 68 952
68 62 952
63 65 784
65 63 784
63 72 253
72 63 253
64 72 760
72 64 760
65 75 365
75 65 365
66 67 252
67 66 252
67 67 784
67 67 784
67 71 809
71 67 809
68 77 761
77 68 761
69 78 770
78 69 770
71 74 65
74 71 65
74 76 346
76 74 346
74 76 248
76 74 248
74 75 478
75 74 478
76 78 644
78 76 644
