78

0 1 672
1 0 672
0 5 574
5 0 574
0 60 779
60 0 779
0 20 696
20 0 696
0 45 12
45 0 12
0 59 924
59 0 924
1 2 137
2 1 137
1 3 137
3 1 137
1 20 687
20 1 687
1 32 857
32 1 857
1 46 81
46 1 81
1 47 502
47 1 502
1 54 809
54 1 809
1 14 986
14 1 986
1 3 93
3 1 93
1 58 234
58 1 234
1 41 673
41 1 673
1 54 995
54 1 995
2 6 945
6 2 945
2 8 103
8 2 103
2 36 674
36 2 674
2 67 816
67 2 816
2 75 213
75 2 213
2 13 176
13 2 176
2 26 84
26 2 84
2 57 534
57 2 534
2 6 508
6 2 508
2 11 633
11 2 633
2 26 310
26 2 310
2 5 981
5 2 981
2 6 290
6 2 290
2 5 206
5 2 206
3 4 95
4 3 95
3 7 858
7 3 858
3 30 214
30 3 214
3 37 463
37 3 463
3 67 574
67 3 574
3 38 483
38 3 483
3 20 412
20 3 412
3 3 576
3 3 576
3 28 649
28 3 649
3 77 430
77 3 430
3 58 655
58 3 655
3 11 140
11 3 140
3 70 759
70 3 759
3 15 442
15 3 442
3 14 336
14 3 336
4 14 340
14 4 340
4 44 948
44 4 948
4 71 92
71 4 92
4 74 136
74 4 136
4 16 573
16 4 573
4 27 210
27 4 210
4 34 873
34 4 873
4 17 301
17 4 301
4 37 803
37 4 803
4 11 326
11 4 326
5 9 716
9 5 716
5 13 290
13 5 290
5 75 993
75 5 993
5 21 216
21 5 216
5 23 377
23 5 377
5 65 817
65 5 817
5 25 469
25 5 469
5 21 439
21 5 439
5 13 6
13 5 6
5 73 219
73 5 219
5 24 781
24 5 781
5 32 703
32 5 703
6 15 237
15 6 237
6 61 453
61 6 453
6 56 455
56 6 455
6 41 227
41 6 227
6 61 731
61 6 731
6 24 275
24 6 275
6 31 427
31 6 427
6 47 872
47 6 872
6 50 124
50 6 124
6 44 267
44 6 267
6 51 131
51 6 131
7 17 776
17 7 776
7 23 895
23 7 895
7 62 377
62 7 377
7 71 542
71 7 542
7 49 957
49 7 957
7 39 916
39 7 916
7 7 477
7 7 477
7 26 776
26 7 776
7 58 372
58 7 372
8 11 681
11 8 681
8 19 36
19 8 36
8 46 297
46 8 297
8 27 420
27 8 420
8 11 600
11 8 600
8 68 800
68 8 800
8 35 164
35 8 164
8 18 691
18 8 691
8 12 633
12 8 633
8 29 264
29 8 264
9 10 400
10 9 400
9 43 717
43 9 717
9 19 134
19 9 134
9 18 92
18 9 92
9 58 398
58 9 398
9 53 910
53 9 910
9 43 13
43 9 13
10 12 94
12 10 94
10 18 876
18 10 876
10 22 573
22 10 573
10 53 749
53 10 749
10 26 253
26 10 253
10 35 331
35 10 331
10 49 245
49 10 245
10 49 778
49 10 778
11 21 459
21 11 459
11 44 321
44 11 321
11 51 240
51 11 240
11 49 56
49 11 56
11 46 607
46 11 607
11 60 913
60 11 913
11 76 519
76 11 519
11 35 712
35 11 712
11 54 967
54 11 967
12 16 330
16 12 330
12 25 574
25 12 574
12 31 672
31 12 672
12 58 874
58 12 874
12 67 958
67 12 958
12 68 207
68 12 207
12 34 176
34 12 176
12 58 843
58 12 843
13 18 473
18 13 473
13 53 610
53 13 610
13 51 108
51 13 108
13 32 787
32 13 787
13 40 696
40 13 696
13 36 305
36 13 305
14 76 839
76 14 839
14 39 849
39 14 849
14 19 132
19 14 132
14 63 180
63 14 180
14 56 863
56 14 863
14 50 203
50 14 203
15 27 190
27 15 190
15 73 412
73 15 412
15 72 944
72 15 944
15 56 529
56 15 529
15 38 813
38 15 813
15 38 529
38 15 529
15 34 601
34 15 601
16 29 604
29 16 604
16 50 495
50 16 495
16 75 428
75 16 428
16 38 303
38 16 303
16 35 330
35 16 330
16 55 138
55 16 138
16 56 290
56 16 290
17 34 337
34 17 337
17 38 630
38 17 630
17 75 769
75 17 769
17 42 605
42 17 605
17 19 400
19 17 400
17 27 431
27 17 431
17 32 61
32 17 61
17 64 809
64 17 809
17 27 983
27 17 983
17 75 339
75 17 339
18 72 248
72 18 248
18 37 250
37 18 250
19 56 86
56 19 86
19 77 373
77 19 373
19 72 105
72 19 105
19 42 92
42 19 92
19 39 401
39 19 401
19 65 449
65 19 449
20 45 83
45 20 83
20 69 237
69 20 237
20 59 298
59 20 298
20 76 52
76 20 52
20 72 173
72 20 173
20 61 363
61 20 363
20 65 964
65 20 964
21 42 31
42 21 31
21 25 779
25 21 779
21 64 265
64 21 265
21 33 260
33 21 260
21 36 379
36 21 379
21 41 7
41 21 7
21 45 933
45 21 933
21 35 303
35 21 303
22 39 755
39 22 755
22 61 457
61 22 457
22 37 369
37 22 369
23 24 331
24 23 331
23 28 264
28 23 264
23 41 313
41 23 313
23 29 997
29 23 997
23 55 484
55 23 484
23 35 678
35 23 678
23 69 51
69 23 51
24 26 215
26 24 215
24 74 952
74 24 952
24 51 936
51 24 936
24 46 457
46 24 457
24 29 86
29 24 86
25 68 552
68 25 552
25 28 359
28 25 359
25 43 833
43 25 833
25 46 359
46 25 359
25 65 829
65 25 829
26 33 932
33 26 932
26 34 122
34 26 122
26 50 709
50 26 709
26 43 936
43 26 936
26 41 696
41 26 696
26 37 630
37 26 630
26 49 69
49 26 69
26 41 85
41 26 85
26 58 85
58 26 85
26 61 771
61 26 771
27 35 991
35 27 991
27 41 210
41 27 210
27 52 880
52 27 880
27 69 252
69 27 252
27 40 832
40 27 832
27 49 273
49 27 273
27 28 338
28 27 338
28 48 777
48 28 777
28 65 626
65 28 626
28 70 348
70 28 348
28 46 627
46 28 627
28 74 392
74 28 392
28 68 585
68 28 585
28 61 899
61 28 899
29 70 480
70 29 480
29 76 806
76 29 806
29 65 811
65 29 811
29 63 495
63 29 495
29 52 718
52 29 718
29 73 966
73 29 966
29 72 715
72 29 715
30 69 621
69 30 621
30 49 267
49 30 267
30 61 901
61 30 901
30 52 358
52 30 358
30 45 715
45 30 715
30 69 941
69 30 941
31 53 80
53 31 80
31 76 307
76 31 307
31 41 377
41 31 377
31 67 614
67 31 614
31 63 18
63 31 18
31 49 130
49 31 130
32 77 875
77 32 875
32 40 518
40 32 518
33 67 663
67 33 663
33 36 143
36 33 143
33 37 522
37 33 522
33 68 222
68 33 222
33 33 24
33 33 24
33 44 435
44 33 435
33 63 696
63 33 696
33 55 42
55 33 42
33 56 140
56 33 140
33 73 670
73 33 670
33 54 201
54 33 201
33 44 808
44 33 808
33 56 450
56 33 450
33 60 660
60 33 660
34 51 475
51 34 475
34 47 696
47 34 696
34 54 21
54 34 21
34 65 392
65 34 392
35 40 219
40 35 219
35 41 878
41 35 878
35 69 867
69 35 867
35 41 599
41 35 599
35 49 728
49 35 728
35 61 600
61 35 600
36 55 760
55 36 760
36 43 62
43 36 62
36 55 509
55 36 509
36 58 434
58 36 434
37 49 57
49 37 57
37 61 537
61 37 537
37 61 897
61 37 897
37 52 721
52 37 721
38 53 65
53 38 65
38 72 143
72 38 143
38 39 923
39 38 923
38 76 116
76 38 116
38 43 60
43 38 60
38 74 674
74 38 674
39 59 361
59 39 361
39 54 501
54 39 501
39 50 908
50 39 908
39 62 432
62 39 432
40 53 455
53 40 455
40 54 356
54 40 356
41 57 212
57 41 212
41 77 724
77 41 724
41 67 198
67 41 198
42 64 147
64 42 147
42 45 673
45 42 673
43 49 193
49 43 193
43 77 896
77 43 896
44 48 361
48 44 361
44 45 534
45 44 534
45 58 878
58 45 878
45 70 519
70 45 519
45 77 806
77 45 806
45 71 72
71 45 72
45 66 60
66 45 60
45 52 196
52 45 196
45 69 66
69 45 66
46 63 610
63 46 610
46 66 567
66 46 567
46 51 21
51 46 21
47 52 107
52 47 107
48 65 148
65 48 148
48 60 769
60 48 769
48 64 489
64 48 489
48 73 636
73 48 636
49 68 306
68 49 306
49 77 119
77 49 119
49 67 425
67 49 425
49 67 376
67 49 376
50 55 139
55 50 139
50 69 226
69 50 226
51 73 548
73 51 548
51 74 513
74 51 513
52 75 600
75 52 600
52 55 569
55 52 569
52 53 124
53 52 124
52 74 443
74 52 443
53 64 678
64 53 678
54 61 511
61 54 511
54 54 45
54 54 45
54 64 551
64 54 551
54 65 18
65 54 18
55 73 56
73 55 56
57 59 737
59 57 737
57 65 3
65 57 3
58 74 870
74 58 870
58 58 492
58 58 492
58 69 309
69 58 309
58 62 10
62 58 10
59 72 522
72 59 522
60 77 453
77 60 453
60 68 976
68 60 976
60 77 926
77 60 926
61 64 73
64 61 73
62 77 466
77 62 466
64 69 270
69 64 270
65 67 511
67 65 511
66 70 381
70 66 381
67 76 430
76 67 430
68 71 662
71 68 662
69 70 471
70 69 471
70 72 978
72 70 978
71 74 541
74 71 541
74 74 467
74 74 467
75 75 269
75 75 269
75 77 289
77 75 289
