94

0 1 432
1 0 432
0 6 389
6 0 389
0 60 683
60 0 683
0 78 300
78 0 300
0 91 776
91 0 776
0 79 957
79 0 957
0 47 507
47 0 507
0 52 233
52 0 233
0 6 523
6 0 523
0 90 244
90 0 244
0 21 571
21 0 571
0 27 538
27 0 538
0 43 498
43 0 498
0 93 558
93 0 558
0 26 896
26 0 896
0 57 170
57 0 170
0 81 15
81 0 15
0 24 474
24 0 474
0 33 273
33 0 273
0 35 623
35 0 623
0 42 564
42 0 564
0 49 51
49 0 51
0 13 457
13 0 457
0 27 747
27 0 747
0 52 814
52 0 814
0 8 445
8 0 445
0 34 109
34 0 109
0 38 915
38 0 915
0 57 509
57 0 509
1 2 760
2 1 760
1 9 567
9 1 567
1 41 692
41 1 692
1 83 207
83 1 207
1 12 499
12 1 499
1 2 346
2 1 346
1 7 267
7 1 267
1 65 767
65 1 767
1 44 789
44 1 789
1 27 650
27 1 650
1 68 93
68 1 93
1 50 674
50 1 674
1 40 497
40 1 497
1 31 473
31 1 473
1 73 392
73 1 392
1 18 88
18 1 88
1 17 273
17 1 273
1 46 865
46 1 865
1 25 156
25 1 156
1 36 666
36 1 666
1 91 631
91 1 631
1 11 670
11 1 670
1 42 688
42 1 688
1 34 671
34 1 671
1 50 908
50 1 908
1 36 406
36 1 406
1 75 602
75 1 602
2 3 675
3 2 675
2 4 708
4 2 708
2 7 430
7 2 430
2 38 815
38 2 815
2 48 707
48 2 707
2 2 803
2 2 803
2 78 765
78 2 765
2 85 657
85 2 657
2 22 388
22 2 388
2 86 192
86 2 192
2 68 789
68 2 789
2 62 324
62 2 324
2 75 655
75 2 655
2 90 294
90 2 294
2 7 147
7 2 147
2 26 501
26 2 501
2 78 634
78 2 634
2 26 185
26 2 185
2 89 120
89 2 120
2 89 448
89 2 448
2 36 372
36 2 372
2 47 15
47 2 15
2 89 792
89 2 792
2 9 103
9 2 103
3 5 870
5 3 870
3 8 600
8 3 600
3 25 507
25 3 507
3 63 321
63 3 321
3 78 741
78 3 741
3 31 384
31 3 384
3 65 820
65 3 820
3 4 600
4 3 600
3 51 937
51 3 937
3 66 746
66 3 746
3 31 156
31 3 156
3 63 965
63 3 965
3 4 546
4 3 546
3 27 327
27 3 327
3 83 907
83 3 907
3 13 710
13 3 710
3 33 787
33 3 787
3 8 919
8 3 919
3 57 219
57 3 219
4 81 563
81 4 563
4 38 797
38 4 797
4 40 311
40 4 311
4 71 818
71 4 818
4 15 459
15 4 459
4 93 167
93 4 167
4 49 879
49 4 879
4 83 436
83 4 436
4 78 1000
78 4 1000
4 20 800
20 4 800
4 75 789
75 4 789
4 70 696
70 4 696
4 91 712
91 4 712
4 47 982
47 4 982
4 16 31
16 4 31
4 53 470
53 4 470
4 87 211
87 4 211
4 8 803
8 4 803
4 78 672
78 4 672
4 37 8
37 4 8
4 29 904
29 4 904
4 19 563
19 4 563
4 51 984
51 4 984
4 10 548
10 4 548
4 66 322
66 4 322
4 90 34
90 4 34
5 11 687
11 5 687
5 57 196
57 5 196
5 72 326
72 5 326
5 88 264
88 5 264
5 85 82
85 5 82
5 9 61
9 5 61
5 78 533
78 5 533
5 72 837
72 5 837
5 59 550
59 5 550
5 63 142
63 5 142
5 69 557
69 5 557
5 92 461
92 5 461
5 88 444
88 5 444
5 37 818
37 5 818
5 39 639
39 5 639
5 6 321
6 5 321
5 26 698
26 5 698
6 23 898
23 6 898
6 47 610
47 6 610
6 82 506
82 6 506
6 58 311
58 6 311
6 48 795
48 6 795
6 49 254
49 6 254
6 58 982
58 6 982
6 28 28
28 6 28
6 19 177
19 6 177
6 65 215
65 6 215
6 68 871
68 6 871
6 31 127
31 6 127
6 45 172
45 6 172
6 88 331
88 6 331
6 93 707
93 6 707
6 10 291
10 6 291
6 63 417
63 6 417
6 40 223
40 6 223
6 9 367
9 6 367
6 41 952
41 6 952
6 70 510
70 6 510
6 36 272
36 6 272
7 15 572
15 7 572
7 28 862
28 7 862
7 44 508
44 7 508
7 52 172
52 7 172
7 89 795
89 7 795
7 12 619
12 7 619
7 14 266
14 7 266
7 56 432
56 7 432
7 51 641
51 7 641
7 27 71
27 7 71
7 90 809
90 7 809
7 51 455
51 7 455
7 31 753
31 7 753
7 72 809
72 7 809
7 18 775
18 7 775
7 29 182
29 7 182
7 70 398
70 7 398
7 33 47
33 7 47
7 80 210
80 7 210
7 25 865
25 7 865
7 70 137
70 7 137
7 25 276
25 7 276
7 82 47
82 7 47
7 89 925
89 7 925
7 50 438
50 7 438
7 84 886
84 7 886
8 30 41
30 8 41
8 45 513
45 8 513
8 52 821
52 8 821
8 72 370
72 8 370
8 77 548
77 8 548
8 26 697
26 8 697
8 19 1000
19 8 1000
8 64 96
64 8 96
8 62 100
62 8 100
8 40 643
40 8 643
8 75 802
75 8 802
8 31 624
31 8 624
8 44 545
44 8 545
8 39 477
39 8 477
8 14 58
14 8 58
8 86 479
86 8 479
8 15 970
15 8 970
8 49 912
49 8 912
8 91 913
91 8 913
8 18 629
18 8 629
9 10 170
10 9 170
9 14 77
14 9 77
9 43 508
43 9 508
9 56 783
56 9 783
9 14 897
14 9 897
9 31 887
31 9 887
9 23 470
23 9 470
9 55 705
55 9 705
9 88 741
88 9 741
9 17 487
17 9 487
9 9 13
9 9 13
9 65 492
65 9 492
9 45 653
45 9 653
9 13 723
13 9 723
9 18 291
18 9 291
9 59 702
59 9 702
9 83 109
83 9 109
9 42 630
42 9 630
9 58 429
58 9 429
10 46 993
46 10 993
10 50 293
50 10 293
10 26 466
26 10 466
10 63 621
63 10 621
10 73 553
73 10 553
10 24 940
24 10 940
10 22 352
22 10 352
10 48 689
48 10 689
10 71 156
71 10 156
10 61 452
61 10 452
10 64 584
64 10 584
10 45 671
45 10 671
10 14 138
14 10 138
10 48 398
48 10 398
10 11 774
11 10 774
10 45 933
45 10 933
10 17 436
17 10 436
10 62 821
62 10 821
10 84 409
84 10 409
10 93 507
93 10 507
10 38 994
38 10 994
10 21 987
21 10 987
10 84 945
84 10 945
11 12 864
12 11 864
11 13 200
13 11 200
11 17 372
17 11 372
11 33 999
33 11 999
11 92 923
92 11 923
11 12 322
12 11 322
11 51 621
51 11 621
11 46 557
46 11 557
11 23 974
23 11 974
11 35 682
35 11 682
11 50 937
50 11 937
11 68 438
68 11 438
11 35 529
35 11 529
11 91 535
91 11 535
11 29 576
29 11 576
11 45 534
45 11 534
12 26 61
26 12 61
12 32 368
32 12 368
12 75 893
75 12 893
12 43 11
43 12 11
12 20 851
20 12 851
12 35 262
35 12 262
12 57 597
57 12 597
12 35 197
35 12 197
12 83 791
83 12 791
12 16 515
16 12 515
12 88 188
88 12 188
12 49 977
49 12 977
12 31 869
31 12 869
12 31 283
31 12 283
12 92 857
92 12 857
12 62 999
62 12 999
12 51 477
51 12 477
12 35 644
35 12 644
12 74 387
74 12 387
12 47 625
47 12 625
12 58 446
58 12 446
12 64 222
64 12 222
12 93 379
93 12 379
12 29 325
29 12 325
12 34 122
34 12 122
13 22 992
22 13 992
13 37 832
37 13 832
13 39 820
39 13 820
13 32 626
32 13 626
13 61 484
61 13 484
13 52 272
52 13 272
13 80 936
80 13 936
13 76 595
76 13 595
13 60 467
60 13 467
13 71 548
71 13 548
13 33 523
33 13 523
13 64 934
64 13 934
13 14 749
14 13 749
13 52 742
52 13 742
13 38 136
38 13 136
13 51 542
51 13 542
14 35 855
35 14 855
14 75 467
75 14 467
14 15 991
15 14 991
14 62 73
62 14 73
14 83 247
83 14 247
14 52 795
52 14 795
14 43 703
43 14 703
14 68 743
68 14 743
14 82 466
82 14 466
14 29 465
29 14 465
14 71 379
71 14 379
14 21 771
21 14 771
15 16 617
16 15 617
15 33 280
33 15 280
15 34 285
34 15 285
15 36 813
36 15 813
15 30 772
30 15 772
15 68 624
68 15 624
15 66 925
66 15 925
15 29 267
29 15 267
15 56 837
56 15 837
15 65 93
65 15 93
15 76 804
76 15 804
15 31 609
31 15 609
15 56 857
56 15 857
15 46 907
46 15 907
15 47 923
47 15 923
15 25 785
25 15 785
15 41 689
41 15 689
15 40 546
40 15 546
15 66 187
66 15 187
15 17 170
17 15 170
16 19 462
19 16 462
16 40 381
40 16 381
16 38 191
38 16 191
16 69 415
69 16 415
16 42 247
42 16 247
16 93 909
93 16 909
16 51 977
51 16 977
16 47 657
47 16 657
16 18 876
18 16 876
16 20 671
20 16 671
16 62 580
62 16 580
16 27 255
27 16 255
16 55 703
55 16 703
16 41 742
41 16 742
16 85 191
85 16 191
16 21 843
21 16 843
17 18 671
18 17 671
17 20 119
20 17 119
17 31 193
31 17 193
17 74 592
74 17 592
17 75 370
75 17 370
17 86 139
86 17 139
17 36 957
36 17 957
17 19 566
19 17 566
17 72 713
72 17 713
17 27 557
27 17 557
17 93 120
93 17 120
17 36 989
36 17 989
17 58 838
58 17 838
17 64 338
64 17 338
17 91 512
91 17 512
17 78 909
78 17 909
17 82 85
82 17 85
17 77 936
77 17 936
17 32 892
32 17 892
18 21 604
21 18 604
18 52 96
52 18 96
18 70 961
70 18 961
18 66 580
66 18 580
18 21 59
21 18 59
18 20 91
20 18 91
18 79 42
79 18 42
18 30 142
30 18 142
18 51 211
51 18 211
18 27 986
27 18 986
18 90 777
90 18 777
18 82 476
82 18 476
18 75 104
75 18 104
18 93 732
93 18 732
18 84 627
84 18 627
18 27 353
27 18 353
18 80 145
80 18 145
18 65 76
65 18 76
18 83 379
83 18 379
18 71 521
71 18 521
18 41 104
41 18 104
19 24 583
24 19 583
19 50 249
50 19 249
19 50 796
50 19 796
19 57 728
57 19 728
19 63 312
63 19 312
19 23 227
23 19 227
19 72 508
72 19 508
19 47 76
47 19 76
19 29 34
29 19 34
19 89 966
89 19 966
19 23 622
23 19 622
19 43 464
43 19 464
19 86 889
86 19 889
19 89 882
89 19 882
19 90 155
90 19 155
20 51 413
51 20 413
20 45 334
45 20 334
20 75 626
75 20 626
20 70 907
70 20 907
20 50 555
50 20 555
20 36 159
36 20 159
20 33 84
33 20 84
20 74 979
74 20 979
20 86 787
86 20 787
20 64 920
64 20 920
20 58 686
58 20 686
20 49 441
49 20 441
20 58 202
58 20 202
20 89 667
89 20 667
20 35 926
35 20 926
21 32 959
32 21 959
21 65 55
65 21 55
21 42 673
42 21 673
21 67 394
67 21 394
21 87 749
87 21 749
21 52 858
52 21 858
21 22 583
22 21 583
21 46 634
46 21 634
21 73 570
73 21 570
21 59 883
59 21 883
21 41 110
41 21 110
22 38 997
38 22 997
22 60 215
60 22 215
22 89 251
89 22 251
22 64 178
64 22 178
22 93 590
93 22 590
22 62 845
62 22 845
22 45 516
45 22 516
22 69 516
69 22 516
22 29 449
29 22 449
22 22 821
22 22 821
22 66 49
66 22 49
23 33 375
33 23 375
23 80 241
80 23 241
23 34 353
34 23 353
23 63 154
63 23 154
23 28 129
28 23 129
23 26 728
26 23 728
23 84 543
84 23 543
23 54 201
54 23 201
23 23 954
23 23 954
23 88 226
88 23 226
23 24 32
24 23 32
23 76 310
76 23 310
23 36 317
36 23 317
23 69 798
69 23 798
23 77 670
77 23 670
24 42 546
42 24 546
24 85 946
85 24 946
24 88 798
88 24 798
24 51 246
51 24 246
24 27 983
27 24 983
24 58 504
58 24 504
24 79 778
79 24 778
24 56 145
56 24 145
24 35 434
35 24 434
24 83 355
83 24 355
24 39 962
39 24 962
24 65 700
65 24 700
24 78 228
78 24 228
25 27 491
27 25 491
25 53 644
53 25 644
25 87 927
87 25 927
25 47 805
47 25 805
25 41 895
41 25 895
25 35 775
35 25 775
25 50 110
50 25 110
25 65 220
65 25 220
25 42 517
42 25 517
25 59 351
59 25 351
25 39 178
39 25 178
25 42 514
42 25 514
25 67 85
67 25 85
25 71 828
71 25 828
25 81 842
81 25 842
25 43 23
43 25 23
25 48 389
48 25 389
25 66 279
66 25 279
26 56 666
56 26 666
26 40 879
40 26 879
26 37 189
37 26 189
26 38 675
38 26 675
26 79 636
79 26 636
26 66 223
66 26 223
26 69 565
69 26 565
26 39 470
39 26 470
26 62 332
62 26 332
26 91 574
91 26 574
26 41 359
41 26 359
26 35 479
35 26 479
26 77 349
77 26 349
26 46 331
46 26 331
27 29 865
29 27 865
27 43 449
43 27 449
27 59 477
59 27 477
27 47 434
47 27 434
27 89 381
89 27 381
27 44 357
44 27 357
27 65 800
65 27 800
27 53 892
53 27 892
27 92 144
92 27 144
27 47 672
47 27 672
27 71 950
71 27 950
27 75 743
75 27 743
27 60 604
60 27 604
27 36 987
36 27 987
27 93 935
93 27 935
28 79 625
79 28 625
28 86 620
86 28 620
28 80 282
80 28 282
28 44 147
44 28 147
28 91 654
91 28 654
28 89 463
89 28 463
28 75 10
75 28 10
28 64 797
64 28 797
28 76 432
76 28 432
28 53 575
53 28 575
29 30 670
30 29 670
29 38 963
38 29 963
29 69 253
69 29 253
29 56 90
56 29 90
29 67 806
67 29 806
29 73 195
73 29 195
29 48 134
48 29 134
29 66 484
66 29 484
29 66 623
66 29 623
29 41 413
41 29 413
29 82 493
82 29 493
30 49 295
49 30 295
30 42 415
42 30 415
30 45 244
45 30 244
30 82 45
82 30 45
30 62 774
62 30 774
30 77 413
77 30 413
30 65 871
65 30 871
30 81 159
81 30 159
30 52 371
52 30 371
30 87 154
87 30 154
30 32 2
32 30 2
30 47 778
47 30 778
30 88 792
88 30 792
30 48 92
48 30 92
30 47 989
47 30 989
31 58 842
58 31 842
31 41 945
41 31 945
31 53 526
53 31 526
31 62 365
62 31 365
31 72 483
72 31 483
31 47 441
47 31 441
31 54 540
54 31 540
31 66 115
66 31 115
31 82 907
82 31 907
31 42 505
42 31 505
31 35 435
35 31 435
32 92 811
92 32 811
32 79 841
79 32 841
32 70 524
70 32 524
32 56 156
56 32 156
32 82 684
82 32 684
32 91 687
91 32 687
32 34 575
34 32 575
32 65 497
65 32 497
32 93 640
93 32 640
32 45 61
45 32 61
32 33 157
33 32 157
32 89 869
89 32 869
32 34 865
34 32 865
33 39 658
39 33 658
33 69 326
69 33 326
33 76 690
76 33 690
33 91 913
91 33 913
33 50 259
50 33 259
33 88 893
88 33 893
33 59 246
59 33 246
33 62 248
62 33 248
33 59 413
59 33 413
33 56 588
56 33 588
33 56 217
56 33 217
33 57 109
57 33 109
33 82 16
82 33 16
33 72 327
72 33 327
33 91 130
91 33 130
33 85 101
85 33 101
33 45 415
45 33 415
33 78 747
78 33 747
34 48 682
48 34 682
34 86 742
86 34 742
34 86 404
86 34 404
34 49 743
49 34 743
34 67 372
67 34 372
34 82 516
82 34 516
34 81 411
81 34 411
34 60 102
60 34 102
34 35 826
35 34 826
34 71 451
71 34 451
34 48 58
48 34 58
34 53 85
53 34 85
35 65 347
65 35 347
35 65 421
65 35 421
35 49 252
49 35 252
35 53 89
53 35 89
35 56 602
56 35 602
35 84 784
84 35 784
35 63 451
63 35 451
35 53 355
53 35 355
35 47 74
47 35 74
35 73 909
73 35 909
35 71 408
71 35 408
35 78 761
78 35 761
35 55 541
55 35 541
35 41 149
41 35 149
35 50 732
50 35 732
36 93 534
93 36 534
36 38 908
38 36 908
36 80 181
80 36 181
36 70 468
70 36 468
36 63 446
63 36 446
36 91 91
91 36 91
36 38 494
38 36 494
36 81 887
81 36 887
36 79 250
79 36 250
36 85 145
85 36 145
36 82 889
82 36 889
36 91 768
91 36 768
36 64 952
64 36 952
36 53 377
53 36 377
37 68 118
68 37 118
37 84 67
84 37 67
37 83 282
83 37 282
37 75 4
75 37 4
37 77 875
77 37 875
37 64 794
64 37 794
37 63 697
63 37 697
37 76 275
76 37 275
37 66 963
66 37 963
37 52 473
52 37 473
37 53 958
53 37 958
38 84 739
84 38 739
38 76 34
76 38 34
38 48 732
48 38 732
38 59 996
59 38 996
38 82 784
82 38 784
38 77 628
77 38 628
38 60 452
60 38 452
39 62 648
62 39 648
39 65 814
65 39 814
39 79 883
79 39 883
39 93 282
93 39 282
39 67 435
67 39 435
39 64 417
64 39 417
39 70 507
70 39 507
39 54 760
54 39 760
39 78 634
78 39 634
39 54 14
54 39 14
39 45 691
45 39 691
40 85 19
85 40 19
40 78 253
78 40 253
40 79 992
79 40 992
40 48 250
48 40 250
40 86 594
86 40 594
40 50 632
50 40 632
40 47 874
47 40 874
40 77 199
77 40 199
40 69 147
69 40 147
40 76 854
76 40 854
40 69 833
69 40 833
40 78 320
78 40 320
40 62 125
62 40 125
40 74 413
74 40 413
40 75 274
75 40 274
41 66 1000
66 41 1000
41 73 477
73 41 477
41 89 101
89 41 101
41 55 186
55 41 186
41 77 643
77 41 643
41 55 731
55 41 731
42 68 273
68 42 273
42 63 992
63 42 992
42 64 119
64 42 119
42 80 508
80 42 508
42 93 945
93 42 945
42 88 467
88 42 467
42 92 949
92 42 949
42 93 658
93 42 658
42 48 232
48 42 232
42 76 720
76 42 720
42 73 826
73 42 826
42 72 280
72 42 280
43 44 467
44 43 467
43 65 823
65 43 823
43 80 439
80 43 439
43 59 929
59 43 929
43 86 604
86 43 604
43 70 317
70 43 317
43 57 644
57 43 644
43 45 613
45 43 613
44 54 132
54 44 132
44 66 200
66 44 200
44 84 590
84 44 590
44 48 219
48 44 219
44 45 821
45 44 821
44 63 109
63 44 109
44 67 646
67 44 646
44 81 393
81 44 393
44 82 843
82 44 843
44 65 472
65 44 472
45 69 863
69 45 863
45 65 691
65 45 691
45 84 725
84 45 725
45 45 850
45 45 850
45 52 474
52 45 474
45 65 784
65 45 784
45 64 796
64 45 796
45 86 634
86 45 634
45 86 140
86 45 140
45 60 241
60 45 241
45 83 837
83 45 837
45 73 695
73 45 695
45 60 922
60 45 922
45 48 624
48 45 624
45 54 65
54 45 65
45 79 377
79 45 377
46 83 860
83 46 860
46 72 947
72 46 947
46 90 49
90 46 49
46 79 293
79 46 293
46 73 334
73 46 334
46 75 58
75 46 58
46 80 898
80 46 898
46 60 746
60 46 746
47 73 429
73 47 429
47 84 372
84 47 372
47 67 890
67 47 890
47 54 538
54 47 538
47 56 33
56 47 33
47 56 164
56 47 164
48 54 972
54 48 972
48 65 714
65 48 714
48 71 522
71 48 522
48 90 169
90 48 169
48 73 940
73 48 940
48 86 148
86 48 148
48 72 691
72 48 691
48 83 450
83 48 450
48 89 38
89 48 38
48 53 308
53 48 308
48 82 170
82 48 170
48 83 410
83 48 410
49 53 667
53 49 667
49 61 455
61 49 455
49 54 701
54 49 701
49 54 283
54 49 283
49 82 837
82 49 837
49 59 691
59 49 691
49 55 357
55 49 357
49 73 158
73 49 158
50 55 70
55 50 70
50 68 191
68 50 191
50 93 500
93 50 500
50 89 186
89 50 186
50 69 817
69 50 817
50 51 887
51 50 887
50 82 552
82 50 552
50 63 70
63 50 70
51 56 862
56 51 862
51 89 552
89 51 552
51 74 802
74 51 802
51 92 422
92 51 422
51 90 608
90 51 608
51 75 540
75 51 540
52 85 719
85 52 719
52 64 985
64 52 985
52 76 73
76 52 73
52 87 875
87 52 875
52 72 426
72 52 426
52 77 383
77 52 383
52 74 809
74 52 809
52 88 802
88 52 802
53 75 897
75 53 897
53 61 37
61 53 37
53 86 931
86 53 931
53 80 901
80 53 901
53 59 408
59 53 408
53 72 264
72 53 264
53 54 844
54 53 844
53 82 776
82 53 776
53 55 511
55 53 511
53 83 129
83 53 129
54 91 751
91 54 751
54 59 541
59 54 541
54 66 293
66 54 293
54 71 462
71 54 462
54 78 371
78 54 371
54 58 772
58 54 772
54 91 484
91 54 484
54 64 86
64 54 86
55 73 614
73 55 614
55 81 878
81 55 878
55 73 185
73 55 185
55 68 622
68 55 622
55 58 264
58 55 264
55 60 377
60 55 377
55 77 803
77 55 803
55 79 870
79 55 870
55 81 429
81 55 429
55 65 713
65 55 713
55 72 276
72 55 276
56 61 445
61 56 445
56 71 114
71 56 114
56 89 394
89 56 394
56 77 589
77 56 589
56 81 428
81 56 428
56 89 213
89 56 213
56 66 545
66 56 545
56 63 288
63 56 288
56 77 470
77 56 470
56 76 174
76 56 174
56 88 306
88 56 306
56 90 622
90 56 622
57 59 825
59 57 825
57 67 862
67 57 862
57 76 475
76 57 475
57 76 62
76 57 62
57 87 926
87 57 926
57 88 879
88 57 879
57 86 607
86 57 607
57 77 40
77 57 40
57 92 444
92 57 444
57 83 600
83 57 600
57 91 597
91 57 597
57 68 582
68 57 582
58 64 833
64 58 833
58 77 74
77 58 74
58 67 263
67 58 263
58 72 74
72 58 74
58 66 394
66 58 394
58 60 457
60 58 457
58 68 919
68 58 919
58 65 134
65 58 134
58 80 186
80 58 186
58 84 411
84 58 411
58 67 369
67 58 369
59 86 624
86 59 624
59 92 374
92 59 374
59 92 822
92 59 822
59 70 71
70 59 71
59 60 150
60 59 150
60 89 876
89 60 876
60 78 183
78 60 183
60 79 18
79 60 18
60 68 177
68 60 177
60 67 314
67 60 314
60 81 603
81 60 603
60 63 63
63 60 63
60 66 207
66 60 207
60 72 15
72 60 15
61 76 235
76 61 235
61 63 954
63 61 954
61 62 344
62 61 344
61 67 596
67 61 596
61 91 321
91 61 321
61 68 229
68 61 229
61 65 241
65 61 241
61 75 516
75 61 516
61 75 638
75 61 638
61 62 786
62 61 786
62 70 344
70 62 344
62 79 159
79 62 159
62 91 980
91 62 980
62 71 386
71 62 386
63 87 824
87 63 824
63 82 373
82 63 373
63 82 693
82 63 693
63 87 694
87 63 694
63 64 379
64 63 379
63 63 360
63 63 360
63 66 803
66 63 803
63 85 328
85 63 328
63 79 681
79 63 681
63 66 78
66 63 78
63 91 634
91 63 634
64 88 891
88 64 891
64 70 718
70 64 718
64 80 314
80 64 314
64 87 230
87 64 230
64 87 261
87 64 261
64 91 342
91 64 342
64 81 697
81 64 697
65 76 734
76 65 734
65 68 998
68 65 998
65 84 354
84 65 354
65 65 957
65 65 957
65 66 123
66 65 123
65 74 627
74 65 627
65 79 233
79 65 233
66 92 951
92 66 951
66 72 56
72 66 56
66 68 521
68 66 521
66 74 633
74 66 633
67 80 19
80 67 19
67 84 411
84 67 411
67 86 365
86 67 365
67 89 480
89 67 480
67 90 567
90 67 567
67 88 36
88 67 36
67 77 528
77 67 528
67 74 400
74 67 400
68 75 559
75 68 559
69 89 995
89 69 995
69 71 44
71 69 44
69 79 634
79 69 634
69 79 306
79 69 306
70 73 817
73 70 817
70 74 116
74 70 116
71 80 139
80 71 139
71 83 654
83 71 654
71 72 520
72 71 520
71 88 474
88 71 474
71 76 872
76 71 872
72 89 360
89 72 360
72 92 356
92 72 356
72 81 737
81 72 737
72 77 952
77 72 952
72 78 105
78 72 105
73 85 592
85 73 592
73 91 644
91 73 644
74 89 272
89 74 272
74 75 860
75 74 860
74 75 579
75 74 579
74 81 985
81 74 985
74 88 28
88 74 28
75 89 680
89 75 680
75 77 21
77 75 21
75 92 66
92 75 66
75 88 507
88 75 507
75 90 28
90 75 28
75 92 918
92 75 918
75 85 104
85 75 104
76 81 706
81 76 706
76 89 192
89 76 192
76 92 128
92 76 128
77 88 285
88 77 285
77 88 394
88 77 394
77 83 295
83 77 295
77 92 416
92 77 416
78 93 435
93 78 435
78 91 436
91 78 436
78 88 52
88 78 52
79 80 825
80 79 825
79 85 639
85 79 639
79 85 451
85 79 451
79 80 525
80 79 525
79 84 455
84 79 455
80 82 410
82 80 410
80 82 68
82 80 68
80 93 397
93 80 397
80 89 393
89 80 393
80 88 769
88 80 769
81 89 698
89 81 698
81 90 691
90 81 691
81 89 933
89 81 933
81 85 885
85 81 885
82 86 769
86 82 769
82 91 784
91 82 784
83 85 384
85 83 384
83 88 178
88 83 178
83 88 615
88 83 615
84 85 635
85 84 635
86 87 278
87 86 278
86 91 468
91 86 468
89 92 397
92 89 397
