93

0 1 794
1 0 794
0 4 774
4 0 774
0 7 267
7 0 267
0 15 595
15 0 595
0 22 553
22 0 553
0 35 789
35 0 789
0 36 132
36 0 132
0 73 938
73 0 938
0 40 538
40 0 538
0 38 399
38 0 399
0 41 435
41 0 435
0 39 136
39 0 136
0 65 138
65 0 138
0 19 935
19 0 935
0 72 849
72 0 849
0 44 9
44 0 9
0 89 5
89 0 5
0 65 767
65 0 767
0 50 187
50 0 187
0 51 69
51 0 69
0 69 512
69 0 512
0 6 75
6 0 75
0 18 477
18 0 477
0 39 245
39 0 245
0 43 639
43 0 639
1 2 739
2 1 739
1 3 344
3 1 344
1 6 567
6 1 567
1 9 556
9 1 556
1 24 367
24 1 367
1 42 725
42 1 725
1 78 617
78 1 617
1 72 32
72 1 32
1 23 282
23 1 282
1 16 473
16 1 473
1 3 282
3 1 282
1 3 494
3 1 494
1 61 822
61 1 822
1 38 347
38 1 347
1 14 914
14 1 914
1 4 428
4 1 428
1 9 297
9 1 297
1 39 323
39 1 323
1 20 637
20 1 637
1 38 850
38 1 850
1 28 950
28 1 950
1 67 801
67 1 801
1 55 435
55 1 435
2 5 440
5 2 440
2 10 427
10 2 427
2 13 346
13 2 346
2 14 517
14 2 517
2 16 952
16 2 952
2 30 791
30 2 791
2 81 655
81 2 655
2 69 818
69 2 818
2 44 596
44 2 596
2 57 470
57 2 470
2 51 355
51 2 355
2 75 558
75 2 558
2 20 332
20 2 332
2 32 286
32 2 286
2 22 872
22 2 872
2 43 573
43 2 573
2 62 940
62 2 940
2 44 116
44 2 116
2 21 971
21 2 971
2 87 258
87 2 258
2 32 238
32 2 238
2 3 50
3 2 50
2 42 875
42 2 875
2 36 160
36 2 160
3 31 966
31 3 966
3 83 361
83 3 361
3 6 827
6 3 827
3 10 975
10 3 975
3 70 770
70 3 770
3 15 861
15 3 861
3 47 410
47 3 410
3 27 320
27 3 320
3 88 168
88 3 168
3 25 401
25 3 401
3 24 378
24 3 378
3 24 158
24 3 158
4 8 993
8 4 993
4 21 157
21 4 157
4 84 304
84 4 304
4 38 429
38 4 429
4 90 699
90 4 699
4 16 557
16 4 557
4 68 624
68 4 624
4 8 108
8 4 108
5 12 215
12 5 215
5 18 190
18 5 190
5 25 698
25 5 698
5 29 443
29 5 443
5 54 728
54 5 728
5 7 932
7 5 932
5 47 761
47 5 761
5 64 570
64 5 570
5 72 893
72 5 893
5 69 536
69 5 536
5 20 823
20 5 823
5 64 880
64 5 880
5 49 126
49 5 126
6 22 344
22 6 344
6 89 741
89 6 741
6 92 200
92 6 200
6 59 79
59 6 79
6 28 637
28 6 637
6 68 71
68 6 71
6 76 576
76 6 576
6 10 101
10 6 101
6 67 624
67 6 624
7 11 659
11 7 659
7 19 208
19 7 208
7 20 957
20 7 957
7 33 85
33 7 85
7 90 894
90 7 894
7 49 55
49 7 55
7 30 275
30 7 275
7 46 361
46 7 361
7 17 943
17 7 943
7 36 489
36 7 489
7 69 81
69 7 81
7 13 306
13 7 306
7 74 19
74 7 19
7 45 67
45 7 67
7 92 573
92 7 573
7 44 556
44 7 556
7 70 853
70 7 853
7 31 855
31 7 855
8 74 509
74 8 509
8 35 400
35 8 400
8 35 246
35 8 246
8 82 447
82 8 447
8 24 60
24 8 60
8 55 361
55 8 361
8 27 493
27 8 493
8 73 6
73 8 6
9 40 904
40 9 904
9 49 435
49 9 435
9 92 594
92 9 594
9 54 192
54 9 192
9 29 616
29 9 616
9 31 967
31 9 967
9 75 789
75 9 789
9 28 213
28 9 213
9 56 852
56 9 852
9 56 319
56 9 319
9 12 710
12 9 710
9 74 287
74 9 287
9 63 707
63 9 707
9 91 807
91 9 807
9 64 111
64 9 111
9 81 123
81 9 123
9 82 98
82 9 98
10 52 80
52 10 80
10 71 980
71 10 980
10 18 259
18 10 259
10 85 290
85 10 290
10 34 413
34 10 413
10 24 509
24 10 509
10 22 565
22 10 565
10 26 227
26 10 227
10 56 350
56 10 350
10 84 923
84 10 923
10 69 645
69 10 645
10 58 702
58 10 702
10 79 860
79 10 860
10 31 933
31 10 933
10 61 524
61 10 524
10 34 570
34 10 570
11 55 702
55 11 702
11 21 869
21 11 869
11 53 709
53 11 709
11 60 788
60 11 788
11 51 831
51 11 831
11 16 140
16 11 140
11 52 936
52 11 936
11 21 395
21 11 395
11 76 400
76 11 400
11 70 64
70 11 64
11 47 184
47 11 184
11 17 105
17 11 105
12 32 172
32 12 172
12 46 705
46 12 705
12 41 974
41 12 974
12 31 413
31 12 413
12 53 752
53 12 752
12 17 378
17 12 378
12 80 556
80 12 556
12 32 286
32 12 286
12 91 860
91 12 860
12 16 718
16 12 718
12 68 61
68 12 61
12 89 660
89 12 660
12 65 612
65 12 612
12 39 80
39 12 80
12 37 429
37 12 429
13 28 76
28 13 76
13 34 333
34 13 333
13 19 27
19 13 27
13 82 885
82 13 885
13 42 289
42 13 289
13 33 646
33 13 646
13 74 417
74 13 417
14 17 811
17 14 811
14 23 608
23 14 608
14 46 94
46 14 94
14 15 441
15 14 441
14 22 5
22 14 5
14 44 563
44 14 563
14 76 509
76 14 509
14 34 145
34 14 145
14 29 656
29 14 656
14 76 121
76 14 121
15 48 743
48 15 743
15 88 315
88 15 315
15 54 644
54 15 644
15 59 477
59 15 477
15 92 26
92 15 26
15 50 427
50 15 427
15 77 336
77 15 336
15 33 928
33 15 928
15 19 197
19 15 197
15 45 945
45 15 945
15 26 854
26 15 854
15 63 885
63 15 885
15 49 567
49 15 567
15 45 55
45 15 55
15 31 655
31 15 655
15 19 690
19 15 690
15 82 145
82 15 145
16 43 197
43 16 197
16 40 610
40 16 610
16 83 646
83 16 646
17 29 254
29 17 254
17 85 147
85 17 147
17 71 34
71 17 34
17 19 784
19 17 784
17 28 895
28 17 895
17 90 568
90 17 568
17 41 447
41 17 447
18 41 756
41 18 756
18 50 128
50 18 128
18 51 9
51 18 9
18 72 936
72 18 936
18 76 183
76 18 183
18 90 43
90 18 43
18 40 802
40 18 802
18 39 740
39 18 740
18 78 829
78 18 829
18 23 202
23 18 202
18 45 540
45 18 540
18 37 451
37 18 451
18 28 78
28 18 78
18 48 310
48 18 310
18 89 926
89 18 926
18 51 489
51 18 489
18 91 93
91 18 93
18 85 878
85 18 878
18 66 392
66 18 392
18 24 338
24 18 338
18 90 760
90 18 760
19 27 766
27 19 766
19 53 959
53 19 959
19 58 67
58 19 67
19 72 306
72 19 306
19 82 902
82 19 902
19 24 914
24 19 914
19 80 25
80 19 25
19 65 571
65 19 571
19 65 662
65 19 662
19 88 687
88 19 687
19 68 613
68 19 613
19 27 708
27 19 708
20 47 652
47 20 652
20 91 345
91 20 345
20 34 240
34 20 240
20 45 736
45 20 736
20 49 187
49 20 187
20 68 349
68 20 349
20 75 195
75 20 195
20 59 700
59 20 700
20 35 255
35 20 255
20 23 576
23 20 576
20 78 448
78 20 448
20 25 445
25 20 445
20 62 557
62 20 557
21 54 935
54 21 935
21 30 663
30 21 663
21 88 395
88 21 395
21 44 571
44 21 571
21 36 244
36 21 244
21 85 594
85 21 594
22 24 527
24 22 527
22 64 871
64 22 871
22 67 729
67 22 729
22 60 413
60 22 413
22 54 582
54 22 582
22 87 99
87 22 99
22 83 680
83 22 680
22 42 768
42 22 768
22 36 686
36 22 686
23 26 281
26 23 281
23 69 705
69 23 705
23 87 782
87 23 782
23 66 125
66 23 125
23 53 198
53 23 198
23 24 820
24 23 820
23 51 846
51 23 846
23 70 782
70 23 782
23 59 755
59 23 755
23 61 969
61 23 969
23 56 218
56 23 218
23 36 328
36 23 328
23 41 58
41 23 58
23 88 594
88 23 594
23 82 881
82 23 881
23 30 780
30 23 780
23 52 587
52 23 587
24 39 878
39 24 878
24 33 824
33 24 824
24 33 735
33 24 735
24 87 245
87 24 245
24 42 434
42 24 434
24 74 15
74 24 15
24 27 444
27 24 444
24 56 577
56 24 577
24 53 524
53 24 524
24 70 244
70 24 244
24 24 699
24 24 699
25 62 66
62 25 66
25 70 733
70 25 733
25 27 365
27 25 365
25 32 561
32 25 561
25 71 137
71 25 137
25 91 534
91 25 534
25 68 590
68 25 590
25 39 316
39 25 316
25 44 509
44 25 509
25 83 298
83 25 298
25 82 501
82 25 501
26 38 987
38 26 987
26 82 41
82 26 41
26 43 278
43 26 278
26 81 608
81 26 608
26 50 542
50 26 542
26 59 214
59 26 214
26 41 324
41 26 324
26 74 707
74 26 707
26 34 169
34 26 169
26 28 703
28 26 703
26 34 961
34 26 961
26 74 766
74 26 766
26 88 337
88 26 337
26 78 504
78 26 504
27 50 898
50 27 898
27 54 679
54 27 679
27 92 134
92 27 134
27 62 125
62 27 125
27 65 85
65 27 85
27 72 209
72 27 209
27 90 684
90 27 684
27 65 17
65 27 17
28 45 103
45 28 103
28 67 598
67 28 598
28 59 178
59 28 178
29 77 455
77 29 455
29 41 149
41 29 149
29 42 383
42 29 383
29 92 854
92 29 854
29 37 349
37 29 349
29 82 635
82 29 635
29 51 810
51 29 810
29 65 736
65 29 736
29 33 597
33 29 597
29 60 916
60 29 916
30 37 611
37 30 611
30 38 480
38 30 480
30 74 289
74 30 289
30 41 258
41 30 258
30 81 331
81 30 331
30 58 607
58 30 607
30 69 372
69 30 372
30 69 896
69 30 896
30 75 943
75 30 943
31 73 387
73 31 387
31 54 798
54 31 798
31 33 2
33 31 2
31 52 81
52 31 81
31 37 279
37 31 279
31 68 552
68 31 552
31 72 22
72 31 22
32 67 235
67 32 235
32 81 286
81 32 286
32 81 65
81 32 65
32 44 145
44 32 145
32 78 881
78 32 881
32 63 401
63 32 401
32 60 744
60 32 744
32 86 781
86 32 781
32 34 345
34 32 345
32 92 359
92 32 359
32 86 789
86 32 789
32 40 560
40 32 560
32 48 135
48 32 135
32 49 773
49 32 773
32 84 413
84 32 413
32 67 495
67 32 495
33 42 58
42 33 58
33 44 701
44 33 701
33 46 564
46 33 564
33 57 153
57 33 153
33 85 809
85 33 809
33 74 449
74 33 449
33 53 407
53 33 407
33 55 24
55 33 24
33 91 655
91 33 655
33 78 214
78 33 214
34 74 921
74 34 921
34 45 749
45 34 749
34 58 484
58 34 484
34 43 282
43 34 282
34 71 395
71 34 395
34 59 449
59 34 449
34 48 104
48 34 104
34 90 630
90 34 630
35 67 740
67 35 740
35 79 153
79 35 153
35 56 572
56 35 572
35 78 646
78 35 646
35 46 403
46 35 403
35 69 295
69 35 295
35 58 968
58 35 968
35 66 695
66 35 695
35 91 974
91 35 974
35 72 931
72 35 931
35 48 984
48 35 984
35 46 704
46 35 704
35 77 290
77 35 290
36 38 68
38 36 68
36 63 559
63 36 559
36 36 317
36 36 317
36 89 497
89 36 497
36 64 950
64 36 950
36 84 21
84 36 21
36 60 479
60 36 479
37 80 814
80 37 814
37 47 538
47 37 538
37 46 767
46 37 767
37 76 993
76 37 993
37 66 633
66 37 633
37 71 275
71 37 275
38 85 241
85 38 241
38 92 3
92 38 3
38 57 939
57 38 939
38 62 256
62 38 256
38 57 226
57 38 226
38 78 867
78 38 867
39 73 55
73 39 55
39 65 163
65 39 163
39 73 873
73 39 873
39 54 573
54 39 573
40 60 22
60 40 22
40 89 206
89 40 206
40 71 260
71 40 260
40 46 708
46 40 708
40 83 232
83 40 232
40 78 312
78 40 312
40 49 163
49 40 163
40 92 334
92 40 334
40 79 498
79 40 498
40 42 361
42 40 361
41 81 907
81 41 907
41 75 197
75 41 197
41 83 104
83 41 104
41 85 729
85 41 729
41 68 374
68 41 374
41 45 901
45 41 901
41 84 937
84 41 937
42 62 948
62 42 948
42 57 696
57 42 696
42 67 856
67 42 856
42 59 883
59 42 883
42 64 292
64 42 292
42 82 983
82 42 983
43 68 839
68 43 839
43 89 816
89 43 816
43 46 253
46 43 253
43 76 248
76 43 248
43 45 792
45 43 792
43 84 312
84 43 312
43 78 877
78 43 877
43 57 336
57 43 336
43 77 340
77 43 340
43 47 154
47 43 154
44 63 772
63 44 772
44 87 261
87 44 261
44 61 474
61 44 474
44 64 793
64 44 793
44 58 364
58 44 364
44 72 739
72 44 739
44 45 704
45 44 704
45 75 893
75 45 893
45 52 16
52 45 16
45 70 577
70 45 577
45 83 193
83 45 193
45 80 198
80 45 198
45 69 710
69 45 710
45 64 926
64 45 926
45 51 959
51 45 959
46 74 266
74 46 266
46 61 228
61 46 228
46 76 790
76 46 790
46 69 996
69 46 996
46 58 333
58 46 333
46 84 838
84 46 838
46 54 272
54 46 272
47 70 437
70 47 437
47 81 878
81 47 878
47 76 415
76 47 415
47 71 688
71 47 688
47 65 680
65 47 680
48 49 407
49 48 407
48 56 93
56 48 93
48 59 225
59 48 225
48 61 861
61 48 861
48 67 71
67 48 71
48 73 982
73 48 982
48 62 799
62 48 799
48 63 340
63 48 340
48 60 186
60 48 186
48 84 368
84 48 368
48 60 212
60 48 212
48 74 200
74 48 200
49 64 437
64 49 437
49 82 400
82 49 400
49 74 311
74 49 311
49 87 172
87 49 172
50 52 79
52 50 79
50 85 845
85 50 845
50 84 688
84 50 688
50 79 459
79 50 459
50 80 351
80 50 351
50 79 732
79 50 732
51 68 149
68 51 149
51 82 668
82 51 668
51 72 546
72 51 546
51 74 705
74 51 705
51 79 365
79 51 365
52 56 254
56 52 254
52 61 713
61 52 713
52 88 586
88 52 586
52 58 427
58 52 427
52 56 13
56 52 13
52 92 283
92 52 283
52 81 964
81 52 964
52 89 643
89 52 643
52 84 953
84 52 953
52 74 421
74 52 421
52 76 70
76 52 70
52 85 36
85 52 36
53 74 477
74 53 477
53 89 884
89 53 884
53 84 625
84 53 625
53 59 607
59 53 607
54 63 279
63 54 279
54 72 227
72 54 227
54 81 361
81 54 361
54 55 371
55 54 371
54 68 455
68 54 455
54 61 999
61 54 999
55 66 408
66 55 408
55 82 152
82 55 152
55 62 970
62 55 970
55 91 621
91 55 621
55 63 312
63 55 312
55 74 480
74 55 480
55 87 579
87 55 579
56 87 816
87 56 816
56 82 115
82 56 115
56 64 524
64 56 524
56 63 985
63 56 985
57 82 985
82 57 985
57 82 163
82 57 163
57 84 723
84 57 723
57 88 133
88 57 133
58 65 403
65 58 403
58 72 184
72 58 184
58 84 123
84 58 123
58 78 604
78 58 604
58 72 153
72 58 153
58 78 757
78 58 757
58 81 916
81 58 916
59 69 647
69 59 647
59 81 751
81 59 751
59 91 783
91 59 783
59 62 982
62 59 982
60 86 107
86 60 107
60 64 192
64 60 192
60 71 641
71 60 641
60 68 118
68 60 118
61 84 401
84 61 401
61 67 207
67 61 207
62 77 719
77 62 719
62 89 966
89 62 966
62 86 52
86 62 52
62 85 936
85 62 936
62 79 826
79 62 826
62 85 5
85 62 5
62 68 385
68 62 385
62 66 112
66 62 112
62 77 159
77 62 159
62 91 60
91 62 60
63 82 17
82 63 17
63 65 702
65 63 702
63 85 123
85 63 123
63 90 606
90 63 606
63 85 282
85 63 282
64 71 135
71 64 135
64 78 345
78 64 345
64 90 861
90 64 861
65 75 401
75 65 401
65 86 686
86 65 686
65 82 30
82 65 30
65 76 167
76 65 167
65 77 710
77 65 710
66 79 332
79 66 332
66 78 118
78 66 118
67 90 256
90 67 256
67 71 531
71 67 531
67 80 363
80 67 363
68 74 914
74 68 914
68 70 310
70 68 310
68 68 8
68 68 8
68 85 882
85 68 882
69 78 893
78 69 893
69 87 359
87 69 359
69 74 204
74 69 204
70 82 445
82 70 445
70 78 630
78 70 630
71 78 114
78 71 114
71 85 323
85 71 323
71 84 489
84 71 489
71 81 483
81 71 483
72 75 74
75 72 74
73 81 596
81 73 596
74 77 188
77 74 188
76 77 314
77 76 314
77 87 463
87 77 463
77 80 465
80 77 465
77 78 30
78 77 30
77 87 214
87 77 214
77 82 802
82 77 802
78 79 281
79 78 281
78 79 94
79 78 94
78 78 147
78 78 147
78 78 117
78 78 117
79 82 936
82 79 936
79 80 812
80 79 812
79 88 340
88 79 340
79 85 239
85 79 239
80 86 447
86 80 447
82 87 913
87 82 913
82 86 953
86 82 953
83 86 663
86 83 663
84 88 676
88 84 676
84 85 215
85 84 215
85 92 116
92 85 116
87 88 671
88 87 671
87 92 129
92 87 129
88 92 610
92 88 610
90 91 684
91 90 684
