76

0 1 336
1 0 336
0 3 681
3 0 681
0 7 662
7 0 662
0 10 992
10 0 992
0 21 816
21 0 816
0 37 824
37 0 824
0 4 202
4 0 202
0 14 347
14 0 347
0 35 326
35 0 326
0 0 812
0 0 812
0 71 851
71 0 851
0 6 271
6 0 271
0 38 947
38 0 947
0 28 130
28 0 130
0 39 579
39 0 579
0 9 734
9 0 734
0 19 672
19 0 672
1 2 155
2 1 155
1 8 380
8 1 380
1 27 402
27 1 402
1 43 567
43 1 567
1 48 75
48 1 75
1 51 565
51 1 565
1 16 971
16 1 971
1 31 761
31 1 761
1 14 739
14 1 739
1 73 659
73 1 659
1 22 730
22 1 730
1 4 379
4 1 379
1 33 73
33 1 73
1 23 396
23 1 396
1 45 400
45 1 400
1 75 11
75 1 11
1 52 784
52 1 784
1 54 198
54 1 198
2 5 553
5 2 553
2 29 105
29 2 105
2 49 77
49 2 77
2 51 912
51 2 912
2 62 376
62 2 376
2 46 853
46 2 853
2 12 523
12 2 523
2 19 386
19 2 386
2 52 929
52 2 929
3 4 126
4 3 126
3 18 379
18 3 379
3 39 98
39 3 98
3 59 501
59 3 501
3 20 962
20 3 962
3 10 311
10 3 311
3 33 858
33 3 858
3 5 292
5 3 292
3 60 115
60 3 115
3 57 415
57 3 415
3 54 807
54 3 807
3 70 217
70 3 217
3 72 238
72 3 238
3 51 750
51 3 750
4 11 915
11 4 915
4 12 739
12 4 739
4 15 895
15 4 895
4 26 644
26 4 644
4 50 467
50 4 467
4 11 57
11 4 57
4 59 902
59 4 902
4 20 590
20 4 590
4 66 946
66 4 946
4 6 57
6 4 57
4 45 827
45 4 827
4 28 191
28 4 191
4 70 507
70 4 507
4 73 723
73 4 723
4 75 417
75 4 417
5 6 792
6 5 792
5 13 448
13 5 448
5 21 130
21 5 130
5 18 925
18 5 925
5 51 465
51 5 465
5 14 162
14 5 162
5 67 870
67 5 870
5 11 418
11 5 418
5 55 547
55 5 547
5 56 218
56 5 218
5 65 892
65 5 892
5 34 56
34 5 56
5 51 295
51 5 295
5 12 421
12 5 421
6 34 932
34 6 932
6 41 167
41 6 167
6 56 113
56 6 113
6 7 676
7 6 676
6 11 400
11 6 400
6 36 658
36 6 658
6 12 517
12 6 517
6 40 999
40 6 999
6 7 809
7 6 809
6 65 352
65 6 352
6 18 65
18 6 65
6 29 635
29 6 635
6 10 837
10 6 837
6 61 786
61 6 786
6 32 78
32 6 78
7 9 118
9 7 118
7 17 370
17 7 370
7 40 599
40 7 599
7 66 580
66 7 580
7 40 164
40 7 164
7 19 234
19 7 234
7 23 201
23 7 201
7 52 693
52 7 693
7 48 854
48 7 854
7 48 272
48 7 272
7 20 754
20 7 754
7 7 938
7 7 938
7 52 588
52 7 588
7 66 529
66 7 529
7 58 630
58 7 630
7 16 562
16 7 562
8 51 535
51 8 535
8 35 478
35 8 478
8 16 165
16 8 165
8 42 390
42 8 390
8 26 211
26 8 211
8 70 973
70 8 973
8 62 490
62 8 490
8 20 866
20 8 866
8 20 58
20 8 58
9 22 191
22 9 191
9 46 81
46 9 81
9 73 137
73 9 137
9 45 103
45 9 103
9 23 748
23 9 748
9 66 880
66 9 880
9 62 906
62 9 906
9 68 361
68 9 361
9 33 271
33 9 271
9 50 28
50 9 28
9 51 490
51 9 490
9 50 512
50 9 512
10 14 704
14 10 704
10 65 256
65 10 256
10 55 252
55 10 252
10 60 758
60 10 758
10 67 515
67 10 515
10 70 630
70 10 630
10 45 879
45 10 879
10 23 583
23 10 583
10 17 22
17 10 22
10 49 23
49 10 23
10 73 187
73 10 187
10 58 177
58 10 177
10 28 699
28 10 699
10 10 724
10 10 724
10 56 955
56 10 955
11 19 610
19 11 610
11 49 427
49 11 427
11 33 66
33 11 66
11 16 142
16 11 142
11 48 307
48 11 307
11 53 976
53 11 976
11 26 496
26 11 496
11 52 29
52 11 29
11 30 890
30 11 890
11 24 539
24 11 539
11 35 633
35 11 633
11 64 5
64 11 5
12 31 142
31 12 142
12 29 413
29 12 413
12 37 756
37 12 756
12 72 393
72 12 393
12 26 330
26 12 330
12 18 287
18 12 287
12 14 237
14 12 237
12 53 39
53 12 39
12 75 991
75 12 991
12 50 852
50 12 852
12 23 246
23 12 246
12 37 541
37 12 541
12 52 911
52 12 911
13 46 646
46 13 646
13 75 422
75 13 422
13 32 780
32 13 780
13 31 998
31 13 998
13 49 111
49 13 111
13 50 827
50 13 827
13 37 43
37 13 43
13 45 486
45 13 486
13 20 376
20 13 376
13 48 634
48 13 634
13 58 785
58 13 785
14 16 104
16 14 104
14 44 455
44 14 455
14 58 845
58 14 845
14 73 363
73 14 363
14 62 712
62 14 712
14 33 107
33 14 107
14 66 623
66 14 623
14 57 686
57 14 686
14 20 707
20 14 707
14 16 879
16 14 879
14 64 754
64 14 754
14 60 214
60 14 214
15 25 554
25 15 554
15 64 744
64 15 744
15 73 30
73 15 30
15 19 916
19 15 916
15 50 689
50 15 689
15 43 25
43 15 25
15 36 157
36 15 157
15 40 988
40 15 988
15 40 656
40 15 656
15 16 112
16 15 112
16 24 125
24 16 125
16 35 835
35 16 835
16 44 978
44 16 978
16 75 282
75 16 282
16 50 49
50 16 49
16 17 984
17 16 984
16 30 24
30 16 24
16 69 76
69 16 76
17 74 934
74 17 934
17 41 286
41 17 286
17 55 188
55 17 188
17 23 357
23 17 357
17 42 828
42 17 828
17 70 132
70 17 132
17 48 825
48 17 825
17 67 872
67 17 872
17 49 33
49 17 33
17 42 605
42 17 605
17 58 585
58 17 585
17 73 804
73 17 804
18 20 570
20 18 570
18 67 686
67 18 686
18 18 849
18 18 849
18 43 998
43 18 998
18 63 53
63 18 53
18 24 633
24 18 633
18 23 468
23 18 468
18 70 727
70 18 727
18 28 113
28 18 113
18 51 213
51 18 213
18 42 910
42 18 910
18 42 409
42 18 409
18 52 595
52 18 595
18 49 974
49 18 974
18 43 834
43 18 834
18 31 373
31 18 373
18 33 673
33 18 673
19 54 288
54 19 288
19 67 932
67 19 932
19 34 645
34 19 645
19 22 651
22 19 651
19 65 634
65 19 634
20 23 164
23 20 164
20 36 418
36 20 418
20 42 738
42 20 738
20 31 749
31 20 749
20 64 849
64 20 849
20 32 338
32 20 338
20 75 701
75 20 701
20 49 541
49 20 541
21 30 768
30 21 768
21 62 838
62 21 838
21 24 384
24 21 384
21 30 32
30 21 32
21 35 861
35 21 861
21 56 434
56 21 434
21 22 725
22 21 725
21 28 135
28 21 135
21 36 62
36 21 62
21 37 380
37 21 380
21 58 928
58 21 928
21 27 380
27 21 380
21 35 687
35 21 687
21 69 662
69 21 662
21 22 825
22 21 825
21 33 593
33 21 593
21 47 362
47 21 362
22 69 645
69 22 645
22 22 235
22 22 235
22 69 204
69 22 204
22 72 391
72 22 391
22 63 899
63 22 899
22 66 570
66 22 570
22 53 488
53 22 488
22 57 279
57 22 279
22 62 174
62 22 174
22 25 392
25 22 392
22 29 985
29 22 985
23 42 893
42 23 893
23 51 545
51 23 545
23 75 704
75 23 704
23 35 972
35 23 972
23 51 141
51 23 141
23 62 952
62 23 952
23 56 220
56 23 220
23 38 242
38 23 242
23 53 389
53 23 389
24 28 348
28 24 348
24 28 781
28 24 781
24 69 172
69 24 172
24 64 231
64 24 231
24 38 311
38 24 311
24 38 685
38 24 685
24 51 129
51 24 129
25 66 486
66 25 486
25 30 414
30 25 414
25 50 551
50 25 551
25 67 900
67 25 900
25 70 833
70 25 833
25 67 711
67 25 711
25 41 201
41 25 201
25 49 280
49 25 280
25 62 62
62 25 62
25 36 120
36 25 120
25 40 330
40 25 330
26 33 225
33 26 225
26 33 791
33 26 791
26 66 324
66 26 324
26 30 667
30 26 667
26 48 474
48 26 474
26 73 955
73 26 955
27 38 413
38 27 413
27 47 492
47 27 492
27 39 474
39 27 474
27 75 839
75 27 839
27 27 846
27 27 846
27 50 837
50 27 837
27 58 988
58 27 988
27 34 833
34 27 833
27 47 735
47 27 735
28 59 516
59 28 516
28 62 347
62 28 347
28 51 571
51 28 571
28 38 498
38 28 498
28 44 521
44 28 521
28 49 366
49 28 366
28 74 999
74 28 999
28 40 184
40 28 184
28 65 60
65 28 60
28 72 33
72 28 33
28 48 191
48 28 191
29 55 311
55 29 311
29 71 992
71 29 992
29 47 28
47 29 28
29 71 642
71 29 642
29 35 684
35 29 684
29 38 16
38 29 16
29 32 568
32 29 568
30 69 194
69 30 194
30 46 601
46 30 601
30 71 887
71 30 887
30 70 959
70 30 959
30 60 111
60 30 111
30 50 269
50 30 269
31 32 909
32 31 909
31 70 404
70 31 404
31 60 643
60 31 643
31 50 652
50 31 652
31 33 397
33 31 397
31 71 298
71 31 298
31 72 165
72 31 165
31 63 445
63 31 445
32 52 1
52 32 1
32 33 734
33 32 734
32 58 615
58 32 615
32 35 187
35 32 187
33 48 974
48 33 974
33 49 336
49 33 336
33 36 134
36 33 134
33 50 386
50 33 386
33 42 730
42 33 730
33 66 793
66 33 793
34 61 822
61 34 822
34 43 560
43 34 560
34 65 407
65 34 407
34 60 346
60 34 346
34 62 375
62 34 375
34 44 10
44 34 10
34 35 666
35 34 666
34 48 24
48 34 24
34 55 552
55 34 552
35 56 186
56 35 186
35 37 531
37 35 531
35 59 421
59 35 421
35 73 123
73 35 123
35 59 799
59 35 799
35 70 703
70 35 703
35 38 150
38 35 150
35 68 616
68 35 616
36 48 347
48 36 347
36 46 65
46 36 65
36 52 213
52 36 213
36 72 975
72 36 975
37 62 243
62 37 243
37 61 368
61 37 368
37 46 229
46 37 229
37 40 126
40 37 126
37 68 28
68 37 28
37 67 194
67 37 194
37 72 134
72 37 134
38 45 391
45 38 391
38 75 325
75 38 325
38 72 687
72 38 687
38 65 40
65 38 40
38 52 890
52 38 890
38 44 291
44 38 291
38 49 949
49 38 949
39 46 75
46 39 75
39 75 57
75 39 57
39 44 750
44 39 750
39 60 440
60 39 440
39 64 71
64 39 71
39 54 796
54 39 796
39 59 186
59 39 186
40 65 991
65 40 991
40 41 428
41 40 428
40 57 540
57 40 540
40 62 564
62 40 564
40 73 104
73 40 104
40 64 753
64 40 753
40 70 921
70 40 921
40 55 612
55 40 612
40 73 299
73 40 299
41 53 13
53 41 13
41 64 791
64 41 791
41 64 604
64 41 604
41 67 257
67 41 257
41 47 929
47 41 929
42 62 597
62 42 597
42 68 477
68 42 477
42 51 782
51 42 782
42 51 637
51 42 637
42 65 894
65 42 894
42 71 319
71 42 319
42 66 315
66 42 315
42 62 90
62 42 90
43 45 248
45 43 248
43 65 932
65 43 932
44 47 270
47 44 270
44 58 495
58 44 495
44 58 988
58 44 988
44 49 716
49 44 716
45 60 992
60 45 992
45 57 873
57 45 873
45 55 501
55 45 501
45 73 263
73 45 263
46 73 678
73 46 678
46 68 607
68 46 607
46 61 938
61 46 938
46 63 66
63 46 66
47 63 295
63 47 295
47 66 74
66 47 74
47 56 991
56 47 991
47 60 856
60 47 856
47 52 93
52 47 93
48 62 929
62 48 929
48 50 900
50 48 900
48 65 157
65 48 157
48 62 927
62 48 927
49 74 938
74 49 938
49 62 707
62 49 707
49 52 433
52 49 433
49 50 387
50 49 387
49 61 588
61 49 588
49 70 997
70 49 997
49 59 364
59 49 364
49 62 279
62 49 279
50 57 460
57 50 460
50 54 931
54 50 931
51 68 852
68 51 852
51 51 77
51 51 77
52 54 713
54 52 713
52 56 398
56 52 398
52 72 105
72 52 105
52 54 425
54 52 425
53 63 765
63 53 765
53 69 590
69 53 590
53 72 91
72 53 91
54 62 92
62 54 92
54 72 987
72 54 987
54 58 629
58 54 629
54 56 777
56 54 777
54 55 93
55 54 93
55 58 456
58 55 456
55 69 585
69 55 585
56 60 353
60 56 353
56 59 457
59 56 457
56 62 102
62 56 102
57 68 780
68 57 780
57 64 361
64 57 361
57 74 674
74 57 674
57 61 274
61 57 274
58 70 365
70 58 365
58 59 188
59 58 188
58 74 312
74 58 312
59 70 392
70 59 392
60 74 254
74 60 254
62 68 474
68 62 474
62 74 378
74 62 378
62 72 735
72 62 735
63 72 678
72 63 678
63 70 192
70 63 192
63 74 4
74 63 4
63 75 500
75 63 500
64 70 87
70 64 87
64 73 967
73 64 967
65 68 511
68 65 511
65 65 504
65 65 504
66 75 121
75 66 121
66 75 558
75 66 558
68 71 644
71 68 644
68 74 330
74 68 330
68 71 456
71 68 456
69 74 997
74 69 997
69 73 536
73 69 536
69 73 274
73 69 274
69 75 417
75 69 417
