23

0 1 99
1 0 99
0 2 89
2 0 89
0 3 360
3 0 360
0 7 387
7 0 387
0 17 788
17 0 788
0 18 320
18 0 320
1 4 279
4 1 279
1 11 756
11 1 756
1 3 428
3 1 428
1 22 186
22 1 186
2 6 910
6 2 910
2 21 983
21 2 983
2 16 648
16 2 648
3 8 549
8 3 549
3 9 325
9 3 325
4 5 995
5 4 995
4 8 438
8 4 438
4 15 674
15 4 674
5 6 470
6 5 470
5 13 696
13 5 696
6 10 481
10 6 481
6 15 870
15 6 870
7 15 967
15 7 967
7 8 119
8 7 119
7 7 257
7 7 257
8 12 118
12 8 118
8 14 95
14 8 95
8 11 170
11 8 170
8 13 298
13 8 298
8 19 64
19 8 64
9 19 268
19 9 268
11 21 551
21 11 551
11 14 407
14 11 407
13 22 735
22 13 735
14 19 450
19 14 450
15 16 61
16 15 61
15 20 985
20 15 985
