29

0 1 423
1 0 423
0 3 545
3 0 545
0 19 735
19 0 735
0 20 617
20 0 617
1 2 935
2 1 935
2 5 419
5 2 419
2 24 161
24 2 161
3 4 56
4 3 56
3 5 767
5 3 767
3 6 673
6 3 673
3 11 371
11 3 371
4 9 840
9 4 840
4 24 880
24 4 880
4 14 649
14 4 649
4 27 940
27 4 940
6 7 577
7 6 577
6 8 967
8 6 967
6 10 404
10 6 404
7 10 637
10 7 637
7 24 485
24 7 485
7 8 964
8 7 964
9 13 276
13 9 276
9 14 75
14 9 75
9 16 312
16 9 312
9 25 847
25 9 847
9 10 71
10 9 71
9 14 22
14 9 22
9 16 318
16 9 318
10 12 331
12 10 331
10 17 228
17 10 228
10 22 804
22 10 804
11 14 571
14 11 571
11 27 512
27 11 512
11 18 366
18 11 366
12 21 461
21 12 461
12 26 200
26 12 200
12 25 884
25 12 884
13 15 505
15 13 505
13 23 584
23 13 584
14 18 930
18 14 930
16 20 641
20 16 641
17 26 560
26 17 560
17 28 817
28 17 817
18 27 428
27 18 428
