95

0 1 784
1 0 784
0 3 30
3 0 30
0 4 248
4 0 248
0 15 465
15 0 465
0 20 866
20 0 866
0 23 701
23 0 701
0 28 20
28 0 20
0 37 659
37 0 659
0 27 843
27 0 843
0 54 692
54 0 692
0 58 45
58 0 45
0 39 433
39 0 433
1 2 644
2 1 644
1 5 823
5 1 823
1 6 934
6 1 934
1 11 868
11 1 868
1 36 838
36 1 838
1 82 942
82 1 942
1 64 177
64 1 177
1 74 671
74 1 671
1 10 418
10 1 418
2 64 485
64 2 485
2 3 742
3 2 742
2 62 881
62 2 881
2 62 714
62 2 714
2 19 488
19 2 488
2 38 335
38 2 335
2 87 393
87 2 393
3 25 793
25 3 793
3 32 273
32 3 273
3 79 174
79 3 174
3 64 645
64 3 645
3 70 340
70 3 340
3 87 286
87 3 286
3 43 46
43 3 46
4 7 569
7 4 569
4 9 186
9 4 186
4 21 123
21 4 123
4 33 565
33 4 565
4 50 493
50 4 493
4 55 722
55 4 722
4 67 778
67 4 778
4 84 987
84 4 987
4 63 193
63 4 193
4 62 306
62 4 306
5 12 608
12 5 608
5 40 673
40 5 673
5 64 562
64 5 562
5 42 351
42 5 351
5 22 276
22 5 276
5 94 758
94 5 758
5 93 758
93 5 758
5 82 204
82 5 204
5 89 998
89 5 998
5 31 590
31 5 590
5 68 620
68 5 620
5 32 842
32 5 842
6 10 487
10 6 487
6 13 446
13 6 446
6 16 791
16 6 791
6 17 284
17 6 284
6 43 405
43 6 405
6 54 560
54 6 560
6 12 628
12 6 628
6 87 510
87 6 510
6 30 450
30 6 450
6 41 434
41 6 434
6 39 167
39 6 167
7 8 181
8 7 181
7 18 569
18 7 569
7 49 78
49 7 78
7 18 238
18 7 238
7 36 453
36 7 453
7 54 985
54 7 985
7 32 158
32 7 158
7 48 824
48 7 824
7 91 302
91 7 302
7 34 496
34 7 496
7 18 293
18 7 293
8 34 723
34 8 723
8 28 221
28 8 221
8 27 278
27 8 278
8 90 445
90 8 445
9 52 633
52 9 633
9 61 342
61 9 342
9 69 101
69 9 101
9 46 193
46 9 193
9 57 553
57 9 553
9 23 232
23 9 232
9 55 699
55 9 699
9 41 771
41 9 771
9 14 125
14 9 125
10 42 507
42 10 507
10 63 19
63 10 19
10 17 915
17 10 915
11 27 714
27 11 714
11 31 648
31 11 648
11 60 981
60 11 981
11 74 281
74 11 281
11 77 843
77 11 843
11 29 387
29 11 387
11 41 361
41 11 361
12 42 645
42 12 645
12 67 365
67 12 365
13 14 491
14 13 491
13 19 339
19 13 339
13 42 824
42 13 824
13 94 411
94 13 411
13 68 169
68 13 169
13 85 647
85 13 647
13 31 853
31 13 853
13 63 983
63 13 983
13 86 870
86 13 870
14 22 44
22 14 44
14 34 413
34 14 413
14 29 245
29 14 245
14 78 839
78 14 839
14 77 607
77 14 607
14 82 883
82 14 883
14 14 995
14 14 995
15 26 261
26 15 261
15 35 505
35 15 505
15 47 22
47 15 22
15 85 122
85 15 122
15 68 627
68 15 627
15 22 281
22 15 281
15 42 939
42 15 939
16 59 178
59 16 178
16 74 322
74 16 322
16 78 819
78 16 819
16 93 687
93 16 687
16 24 368
24 16 368
16 39 269
39 16 269
16 73 393
73 16 393
16 88 783
88 16 783
16 86 391
86 16 391
16 76 951
76 16 951
16 57 775
57 16 775
17 38 408
38 17 408
17 56 485
56 17 485
17 48 855
48 17 855
17 85 885
85 17 885
17 48 810
48 17 810
18 64 520
64 18 520
18 54 818
54 18 818
18 30 910
30 18 910
18 55 96
55 18 96
18 77 432
77 18 432
19 36 574
36 19 574
19 45 594
45 19 594
19 66 497
66 19 497
19 81 950
81 19 950
19 35 228
35 19 228
19 86 904
86 19 904
19 68 653
68 19 653
19 44 833
44 19 833
19 62 597
62 19 597
19 71 935
71 19 935
20 51 534
51 20 534
20 73 558
73 20 558
20 59 693
59 20 693
20 30 215
30 20 215
20 56 181
56 20 181
20 60 636
60 20 636
20 73 715
73 20 715
21 87 288
87 21 288
21 71 121
71 21 121
21 44 726
44 21 726
21 67 330
67 21 330
21 22 16
22 21 16
22 24 655
24 22 655
22 44 519
44 22 519
22 70 808
70 22 808
22 73 882
73 22 882
22 92 43
92 22 43
22 47 329
47 22 329
23 44 891
44 23 891
23 53 263
53 23 263
23 84 395
84 23 395
24 53 752
53 24 752
24 68 145
68 24 145
24 28 421
28 24 421
25 29 358
29 25 358
25 39 744
39 25 744
25 41 412
41 25 412
25 63 550
63 25 550
25 39 21
39 25 21
25 29 387
29 25 387
25 89 89
89 25 89
25 73 56
73 25 56
26 30 911
30 26 911
26 80 480
80 26 480
26 30 252
30 26 252
26 48 221
48 26 221
26 82 98
82 26 98
26 41 600
41 26 600
27 92 439
92 27 439
27 68 418
68 27 418
28 57 380
57 28 380
28 37 400
37 28 400
28 41 701
41 28 701
28 35 207
35 28 207
28 70 543
70 28 543
28 33 836
33 28 836
29 71 213
71 29 213
30 50 675
50 30 675
30 33 52
33 30 52
30 51 5
51 30 5
30 48 399
48 30 399
30 50 129
50 30 129
31 46 237
46 31 237
31 69 543
69 31 543
31 94 478
94 31 478
32 80 868
80 32 868
32 38 758
38 32 758
32 87 263
87 32 263
33 48 703
48 33 703
33 80 272
80 33 272
33 74 553
74 33 553
33 70 881
70 33 881
33 54 877
54 33 877
34 53 786
53 34 786
34 90 324
90 34 324
34 56 586
56 34 586
34 41 443
41 34 443
34 64 16
64 34 16
34 87 979
87 34 979
34 67 57
67 34 57
35 71 300
71 35 300
35 44 101
44 35 101
35 52 29
52 35 29
36 77 109
77 36 109
36 88 451
88 36 451
36 79 212
79 36 212
36 82 736
82 36 736
37 56 481
56 37 481
37 68 920
68 37 920
37 55 173
55 37 173
37 41 369
41 37 369
37 88 204
88 37 204
37 55 495
55 37 495
38 77 710
77 38 710
38 46 250
46 38 250
39 73 66
73 39 66
39 68 425
68 39 425
39 92 393
92 39 393
39 94 457
94 39 457
39 68 388
68 39 388
40 72 606
72 40 606
40 82 612
82 40 612
40 41 721
41 40 721
40 42 213
42 40 213
40 85 213
85 40 213
41 47 393
47 41 393
41 86 60
86 41 60
42 89 998
89 42 998
42 75 841
75 42 841
42 91 603
91 42 603
42 43 416
43 42 416
43 62 470
62 43 470
43 91 160
91 43 160
43 55 454
55 43 454
44 80 560
80 44 560
44 76 603
76 44 603
44 56 348
56 44 348
44 61 935
61 44 935
44 70 205
70 44 205
45 81 437
81 45 437
45 94 111
94 45 111
46 64 713
64 46 713
46 68 520
68 46 520
46 82 895
82 46 895
47 65 134
65 47 134
47 88 483
88 47 483
49 88 464
88 49 464
49 93 100
93 49 100
49 79 15
79 49 15
49 49 375
49 49 375
50 65 225
65 50 225
51 89 815
89 51 815
51 72 66
72 51 66
52 63 549
63 52 549
53 75 49
75 53 49
53 68 622
68 53 622
53 57 418
57 53 418
53 88 372
88 53 372
54 88 752
88 54 752
54 89 566
89 54 566
55 85 587
85 55 587
55 94 276
94 55 276
55 65 108
65 55 108
55 94 265
94 55 265
55 59 369
59 55 369
55 85 102
85 55 102
56 58 520
58 56 520
57 81 623
81 57 623
57 89 348
89 57 348
57 71 471
71 57 471
57 64 760
64 57 760
58 71 602
71 58 602
58 80 304
80 58 304
58 91 566
91 58 566
58 63 143
63 58 143
59 89 385
89 59 385
59 85 159
85 59 159
59 72 736
72 59 736
60 62 802
62 60 802
61 65 788
65 61 788
62 86 978
86 62 978
62 66 678
66 62 678
62 92 478
92 62 478
62 70 649
70 62 649
63 84 122
84 63 122
63 93 980
93 63 980
63 94 497
94 63 497
64 67 511
67 64 511
64 85 55
85 64 55
64 66 934
66 64 934
67 82 947
82 67 947
69 74 748
74 69 748
70 82 541
82 70 541
71 76 407
76 71 407
71 83 382
83 71 382
71 79 803
79 71 803
71 86 60
86 71 60
72 89 999
89 72 999
74 87 524
87 74 524
75 93 629
93 75 629
75 90 311
90 75 311
75 94 991
94 75 991
76 91 74
91 76 74
76 79 810
79 76 810
76 94 371
94 76 371
77 80 72
80 77 72
77 86 477
86 77 477
78 86 469
86 78 469
78 84 393
84 78 393
80 82 639
82 80 639
83 89 572
89 83 572
83 90 537
90 83 537
85 90 233
90 85 233
