66

0 1 476
1 0 476
0 3 227
3 0 227
0 5 652
5 0 652
0 14 306
14 0 306
0 42 734
42 0 734
0 8 862
8 0 862
0 38 148
38 0 148
0 30 145
30 0 145
0 63 281
63 0 281
0 14 127
14 0 127
1 2 336
2 1 336
1 13 858
13 1 858
1 19 763
19 1 763
1 48 266
48 1 266
1 60 65
60 1 65
1 3 724
3 1 724
1 28 707
28 1 707
1 20 666
20 1 666
2 4 146
4 2 146
2 8 318
8 2 318
2 16 89
16 2 89
2 22 564
22 2 564
2 23 681
23 2 681
2 53 154
53 2 154
2 13 158
13 2 158
2 2 247
2 2 247
2 26 900
26 2 900
2 30 894
30 2 894
2 22 625
22 2 625
2 33 143
33 2 143
2 30 897
30 2 897
2 7 987
7 2 987
2 44 698
44 2 698
2 36 173
36 2 173
2 65 185
65 2 185
3 6 542
6 3 542
3 7 36
7 3 36
3 12 540
12 3 540
3 26 841
26 3 841
3 7 267
7 3 267
3 4 739
4 3 739
3 63 296
63 3 296
3 27 163
27 3 163
4 17 414
17 4 414
4 43 902
43 4 902
4 15 632
15 4 632
4 37 110
37 4 110
5 11 852
11 5 852
5 14 164
14 5 164
5 20 304
20 5 304
5 20 908
20 5 908
5 51 28
51 5 28
5 50 475
50 5 475
5 37 687
37 5 687
5 53 848
53 5 848
5 53 146
53 5 146
6 40 282
40 6 282
6 31 420
31 6 420
6 37 120
37 6 120
6 34 822
34 6 822
6 9 743
9 6 743
6 61 664
61 6 664
6 32 100
32 6 100
6 34 165
34 6 165
6 55 398
55 6 398
7 36 172
36 7 172
7 59 25
59 7 25
7 10 62
10 7 62
7 40 854
40 7 854
7 19 695
19 7 695
7 21 615
21 7 615
7 14 403
14 7 403
7 26 770
26 7 770
7 17 919
17 7 919
7 61 574
61 7 574
8 9 187
9 8 187
8 10 896
10 8 896
8 21 347
21 8 347
8 49 206
49 8 206
8 59 252
59 8 252
8 23 464
23 8 464
8 65 784
65 8 784
8 34 911
34 8 911
8 50 757
50 8 757
8 17 757
17 8 757
8 20 244
20 8 244
9 18 435
18 9 435
9 51 763
51 9 763
9 14 961
14 9 961
9 49 938
49 9 938
9 24 167
24 9 167
9 15 881
15 9 881
9 34 662
34 9 662
9 31 637
31 9 637
10 26 435
26 10 435
10 27 821
27 10 821
10 36 765
36 10 765
10 37 567
37 10 567
10 14 900
14 10 900
10 21 134
21 10 134
10 61 191
61 10 191
10 15 209
15 10 209
11 54 797
54 11 797
11 38 542
38 11 542
11 49 235
49 11 235
11 44 100
44 11 100
11 44 495
44 11 495
11 55 405
55 11 405
11 41 140
41 11 140
12 46 455
46 12 455
12 58 843
58 12 843
12 34 600
34 12 600
12 18 990
18 12 990
12 44 372
44 12 372
12 22 562
22 12 562
12 29 612
29 12 612
12 15 829
15 12 829
12 61 710
61 12 710
13 20 411
20 13 411
13 35 308
35 13 308
13 61 356
61 13 356
13 18 942
18 13 942
13 18 258
18 13 258
14 15 38
15 14 38
14 33 676
33 14 676
14 44 483
44 14 483
14 28 779
28 14 779
14 62 794
62 14 794
14 24 873
24 14 873
14 59 20
59 14 20
14 23 746
23 14 746
15 20 838
20 15 838
15 27 546
27 15 546
15 24 590
24 15 590
15 30 742
30 15 742
15 40 831
40 15 831
15 32 226
32 15 226
16 47 987
47 16 987
16 22 694
22 16 694
16 16 97
16 16 97
17 57 610
57 17 610
17 65 185
65 17 185
17 31 592
31 17 592
17 29 648
29 17 648
17 60 701
60 17 701
17 32 861
32 17 861
18 24 824
24 18 824
18 29 214
29 18 214
18 34 33
34 18 33
18 41 150
41 18 150
18 21 193
21 18 193
18 50 942
50 18 942
18 20 277
20 18 277
18 36 947
36 18 947
18 61 271
61 18 271
18 48 387
48 18 387
18 56 364
56 18 364
19 33 539
33 19 539
19 51 654
51 19 654
19 64 666
64 19 666
19 48 295
48 19 295
19 56 698
56 19 698
19 54 388
54 19 388
19 27 354
27 19 354
19 63 242
63 19 242
19 61 5
61 19 5
20 32 809
32 20 809
20 27 379
27 20 379
20 39 656
39 20 656
20 41 53
41 20 53
20 49 332
49 20 332
21 25 548
25 21 548
21 30 769
30 21 769
21 35 72
35 21 72
21 38 231
38 21 231
21 43 866
43 21 866
21 37 727
37 21 727
21 58 218
58 21 218
21 42 221
42 21 221
22 28 134
28 22 134
22 55 575
55 22 575
22 45 267
45 22 267
22 32 546
32 22 546
22 27 145
27 22 145
22 52 188
52 22 188
22 60 252
60 22 252
23 52 128
52 23 128
23 29 878
29 23 878
23 42 676
42 23 676
23 46 824
46 23 824
23 61 34
61 23 34
23 31 478
31 23 478
23 32 892
32 23 892
23 55 568
55 23 568
24 31 533
31 24 533
24 45 966
45 24 966
24 43 223
43 24 223
24 62 309
62 24 309
24 43 426
43 24 426
25 54 945
54 25 945
25 47 721
47 25 721
25 50 572
50 25 572
25 28 354
28 25 354
26 42 32
42 26 32
26 60 364
60 26 364
26 60 842
60 26 842
26 65 393
65 26 393
26 33 320
33 26 320
27 42 467
42 27 467
27 38 387
38 27 387
27 55 562
55 27 562
27 36 784
36 27 784
28 29 639
29 28 639
28 63 599
63 28 599
28 62 610
62 28 610
29 54 524
54 29 524
29 58 741
58 29 741
29 60 679
60 29 679
29 44 244
44 29 244
29 38 987
38 29 987
30 45 789
45 30 789
30 47 212
47 30 212
31 50 111
50 31 111
31 35 533
35 31 533
31 64 298
64 31 298
31 36 6
36 31 6
31 52 348
52 31 348
31 37 653
37 31 653
31 42 663
42 31 663
32 39 200
39 32 200
32 51 848
51 32 848
33 64 991
64 33 991
33 52 682
52 33 682
34 58 140
58 34 140
34 53 986
53 34 986
34 40 285
40 34 285
34 45 624
45 34 624
34 56 157
56 34 157
34 38 859
38 34 859
34 49 779
49 34 779
34 61 103
61 34 103
35 44 737
44 35 737
35 40 794
40 35 794
35 63 647
63 35 647
37 56 449
56 37 449
37 62 250
62 37 250
37 54 725
54 37 725
39 55 510
55 39 510
40 60 358
60 40 358
40 60 367
60 40 367
40 44 23
44 40 23
41 52 89
52 41 89
41 48 411
48 41 411
41 43 235
43 41 235
42 58 69
58 42 69
42 65 306
65 42 306
43 44 716
44 43 716
43 63 63
63 43 63
43 63 69
63 43 69
43 46 796
46 43 796
44 51 374
51 44 374
44 61 942
61 44 942
45 59 156
59 45 156
45 47 999
47 45 999
46 64 106
64 46 106
46 49 259
49 46 259
46 52 597
52 46 597
46 51 383
51 46 383
47 47 432
47 47 432
47 55 209
55 47 209
48 49 570
49 48 570
48 54 28
54 48 28
48 54 29
54 48 29
49 63 161
63 49 161
49 54 966
54 49 966
49 57 446
57 49 446
49 58 702
58 49 702
51 65 329
65 51 329
51 56 398
56 51 398
52 56 194
56 52 194
53 55 613
55 53 613
54 55 819
55 54 819
54 59 649
59 54 649
55 60 909
60 55 909
55 58 814
58 55 814
56 58 615
58 56 615
58 61 783
61 58 783
58 64 167
64 58 167
58 60 242
60 58 242
58 58 266
58 58 266
61 65 654
65 61 654
63 65 404
65 63 404
