69

0 1 296
1 0 296
0 2 6
2 0 6
0 11 700
11 0 700
0 15 29
15 0 29
0 18 542
18 0 542
0 4 163
4 0 163
0 62 548
62 0 548
0 15 929
15 0 929
0 23 664
23 0 664
0 27 669
27 0 669
0 56 143
56 0 143
0 28 49
28 0 49
0 55 981
55 0 981
0 39 58
39 0 58
0 22 822
22 0 822
0 28 971
28 0 971
1 8 858
8 1 858
1 30 122
30 1 122
1 49 598
49 1 598
1 15 439
15 1 439
1 44 541
44 1 541
1 60 490
60 1 490
1 5 667
5 1 667
1 57 257
57 1 257
1 6 40
6 1 40
2 3 650
3 2 650
2 4 287
4 2 287
2 29 923
29 2 923
2 20 723
20 2 723
2 57 939
57 2 939
2 42 193
42 2 193
2 21 903
21 2 903
2 36 831
36 2 831
3 7 141
7 3 141
3 16 746
16 3 746
3 44 496
44 3 496
3 53 211
53 3 211
3 45 886
45 3 886
3 15 856
15 3 856
3 7 228
7 3 228
3 15 292
15 3 292
3 35 722
35 3 722
3 66 630
66 3 630
3 3 789
3 3 789
3 22 657
22 3 657
3 44 266
44 3 266
3 3 353
3 3 353
4 5 791
5 4 791
4 6 15
6 4 15
4 56 835
56 4 835
4 64 783
64 4 783
4 21 319
21 4 319
4 44 589
44 4 589
4 62 104
62 4 104
4 42 95
42 4 95
5 10 70
10 5 70
5 19 979
19 5 979
5 28 183
28 5 183
5 18 941
18 5 941
5 63 81
63 5 81
6 41 720
41 6 720
6 19 421
19 6 421
6 20 2
20 6 2
6 48 652
48 6 652
6 31 152
31 6 152
6 34 623
34 6 623
6 13 945
13 6 945
6 32 795
32 6 795
6 60 735
60 6 735
6 40 220
40 6 220
7 40 806
40 7 806
7 21 874
21 7 874
7 55 924
55 7 924
7 27 809
27 7 809
7 10 486
10 7 486
8 9 96
9 8 96
8 13 964
13 8 964
8 32 134
32 8 134
8 36 621
36 8 621
8 51 313
51 8 313
8 15 73
15 8 73
8 33 670
33 8 670
8 11 527
11 8 527
8 59 745
59 8 745
9 17 956
17 9 956
9 25 556
25 9 556
9 11 217
11 9 217
9 42 646
42 9 646
9 45 849
45 9 849
9 63 722
63 9 722
9 36 860
36 9 860
10 64 907
64 10 907
10 29 196
29 10 196
10 11 550
11 10 550
11 12 945
12 11 945
11 14 502
14 11 502
11 21 236
21 11 236
11 35 647
35 11 647
11 51 915
51 11 915
11 54 365
54 11 365
11 36 797
36 11 797
11 22 554
22 11 554
11 19 664
19 11 664
11 42 843
42 11 843
11 30 104
30 11 104
12 26 458
26 12 458
12 34 160
34 12 160
12 49 174
49 12 174
12 22 835
22 12 835
12 53 485
53 12 485
12 45 25
45 12 25
12 37 900
37 12 900
12 14 451
14 12 451
13 54 495
54 13 495
13 15 272
15 13 272
13 50 378
50 13 378
13 20 283
20 13 283
13 33 383
33 13 383
14 31 689
31 14 689
14 24 785
24 14 785
14 48 414
48 14 414
14 60 655
60 14 655
15 20 415
20 15 415
15 41 145
41 15 145
15 46 748
46 15 748
15 63 601
63 15 601
15 25 766
25 15 766
15 47 740
47 15 740
15 60 650
60 15 650
16 66 340
66 16 340
16 59 626
59 16 626
16 35 426
35 16 426
17 22 507
22 17 507
17 39 360
39 17 360
17 18 470
18 17 470
17 30 577
30 17 577
17 56 46
56 17 46
17 56 757
56 17 757
17 48 962
48 17 962
17 66 720
66 17 720
17 54 65
54 17 65
17 46 512
46 17 512
17 44 804
44 17 804
18 27 897
27 18 897
18 46 420
46 18 420
18 47 912
47 18 912
18 43 655
43 18 655
18 55 766
55 18 766
18 47 214
47 18 214
18 35 656
35 18 656
18 23 865
23 18 865
18 30 896
30 18 896
19 38 61
38 19 61
19 45 990
45 19 990
19 49 399
49 19 399
20 23 438
23 20 438
20 24 256
24 20 256
20 33 661
33 20 661
20 57 1
57 20 1
20 58 430
58 20 430
20 50 379
50 20 379
20 40 330
40 20 330
20 29 533
29 20 533
21 58 157
58 21 157
21 36 177
36 21 177
21 26 314
26 21 314
22 59 443
59 22 443
22 26 540
26 22 540
23 32 999
32 23 999
24 43 870
43 24 870
24 52 601
52 24 601
24 37 124
37 24 124
24 54 995
54 24 995
25 45 656
45 25 656
25 60 977
60 25 977
25 51 559
51 25 559
25 64 884
64 25 884
25 28 721
28 25 721
25 27 463
27 25 463
25 53 663
53 25 663
25 30 666
30 25 666
25 47 101
47 25 101
25 51 945
51 25 945
26 37 851
37 26 851
26 53 522
53 26 522
26 51 282
51 26 282
26 54 28
54 26 28
27 43 681
43 27 681
27 60 489
60 27 489
27 59 362
59 27 362
27 54 809
54 27 809
27 38 908
38 27 908
28 65 244
65 28 244
28 47 761
47 28 761
28 54 202
54 28 202
28 32 2
32 28 2
29 50 619
50 29 619
29 40 851
40 29 851
29 60 831
60 29 831
29 59 372
59 29 372
30 57 838
57 30 838
31 49 920
49 31 920
31 32 893
32 31 893
31 66 235
66 31 235
31 39 867
39 31 867
31 58 335
58 31 335
32 38 193
38 32 193
32 60 688
60 32 688
32 60 407
60 32 407
32 61 255
61 32 255
32 37 658
37 32 658
32 45 209
45 32 209
32 43 932
43 32 932
33 40 286
40 33 286
33 65 207
65 33 207
33 52 7
52 33 7
33 53 439
53 33 439
33 68 147
68 33 147
33 51 502
51 33 502
33 68 534
68 33 534
34 37 307
37 34 307
34 44 689
44 34 689
34 65 362
65 34 362
35 56 871
56 35 871
35 55 273
55 35 273
36 48 943
48 36 943
36 68 767
68 36 767
36 65 826
65 36 826
36 62 317
62 36 317
36 37 712
37 36 712
37 42 946
42 37 946
37 54 552
54 37 552
37 52 706
52 37 706
38 67 148
67 38 148
38 60 478
60 38 478
38 46 600
46 38 600
38 48 60
48 38 60
39 61 444
61 39 444
39 68 831
68 39 831
39 66 794
66 39 794
39 40 488
40 39 488
40 59 486
59 40 486
40 66 222
66 40 222
40 64 789
64 40 789
41 63 202
63 41 202
41 45 186
45 41 186
41 43 991
43 41 991
42 48 13
48 42 13
42 54 110
54 42 110
42 53 926
53 42 926
43 51 791
51 43 791
44 67 199
67 44 199
45 55 625
55 45 625
45 63 984
63 45 984
45 51 665
51 45 665
46 60 372
60 46 372
47 68 511
68 47 511
47 55 987
55 47 987
49 52 187
52 49 187
49 63 236
63 49 236
49 60 657
60 49 657
50 66 81
66 50 81
50 53 327
53 50 327
51 55 883
55 51 883
51 53 803
53 51 803
51 52 117
52 51 117
52 68 886
68 52 886
54 58 745
58 54 745
55 62 994
62 55 994
55 65 320
65 55 320
55 62 509
62 55 509
56 68 434
68 56 434
57 61 360
61 57 360
58 60 891
60 58 891
58 62 406
62 58 406
58 58 807
58 58 807
58 62 9
62 58 9
63 64 370
64 63 370
63 63 929
63 63 929
64 67 814
67 64 814
67 68 630
68 67 630
