88

0 1 439
1 0 439
0 4 925
4 0 925
0 8 245
8 0 245
0 13 632
13 0 632
0 77 208
77 0 208
0 73 323
73 0 323
0 5 812
5 0 812
0 30 188
30 0 188
0 70 627
70 0 627
0 73 92
73 0 92
0 3 645
3 0 645
0 4 365
4 0 365
1 2 303
2 1 303
1 3 908
3 1 908
1 12 582
12 1 582
1 42 361
42 1 361
1 61 744
61 1 744
1 36 640
36 1 640
1 7 519
7 1 519
2 34 925
34 2 925
2 43 262
43 2 262
2 85 90
85 2 90
2 3 307
3 2 307
2 11 553
11 2 553
2 64 953
64 2 953
3 6 990
6 3 990
3 76 501
76 3 501
3 18 323
18 3 323
3 73 662
73 3 662
3 66 129
66 3 129
3 82 800
82 3 800
4 5 133
5 4 133
4 7 652
7 4 652
4 9 102
9 4 102
4 40 537
40 4 537
4 66 420
66 4 420
4 45 614
45 4 614
4 64 756
64 4 756
4 77 279
77 4 279
4 39 546
39 4 546
5 16 270
16 5 270
5 20 739
20 5 739
5 23 69
23 5 69
5 55 830
55 5 830
5 76 669
76 5 669
5 39 547
39 5 547
5 73 857
73 5 857
5 57 400
57 5 400
6 10 924
10 6 924
6 11 796
11 6 796
6 27 656
27 6 656
6 36 987
36 6 987
6 50 80
50 6 80
6 51 332
51 6 332
6 61 88
61 6 88
6 11 644
11 6 644
6 76 342
76 6 342
6 36 396
36 6 396
7 17 449
17 7 449
7 21 542
21 7 542
7 9 903
9 7 903
7 65 301
65 7 301
7 32 43
32 7 43
7 50 400
50 7 400
8 35 944
35 8 944
8 51 949
51 8 949
8 53 963
53 8 963
8 62 162
62 8 162
8 43 246
43 8 246
8 55 346
55 8 346
9 18 351
18 9 351
9 51 291
51 9 291
9 31 845
31 9 845
9 25 880
25 9 880
9 63 284
63 9 284
9 23 849
23 9 849
10 54 158
54 10 158
10 59 425
59 10 425
10 50 666
50 10 666
10 47 151
47 10 151
10 17 660
17 10 660
10 57 161
57 10 161
10 87 700
87 10 700
11 14 990
14 11 990
11 64 454
64 11 454
11 20 553
20 11 553
11 83 30
83 11 30
11 48 512
48 11 512
11 23 299
23 11 299
11 65 848
65 11 848
11 33 483
33 11 483
11 73 263
73 11 263
12 29 913
29 12 913
12 82 157
82 12 157
12 48 877
48 12 877
12 49 643
49 12 643
12 37 499
37 12 499
12 55 935
55 12 935
13 15 938
15 13 938
13 22 45
22 13 45
13 86 40
86 13 40
13 75 456
75 13 456
13 71 289
71 13 289
13 15 871
15 13 871
13 44 636
44 13 636
14 24 524
24 14 524
14 41 385
41 14 385
14 33 631
33 14 631
14 55 191
55 14 191
15 19 951
19 15 951
15 48 920
48 15 920
15 81 183
81 15 183
15 18 775
18 15 775
16 77 983
77 16 983
16 66 889
66 16 889
16 87 449
87 16 449
16 66 561
66 16 561
17 60 874
60 17 874
17 46 357
46 17 357
17 44 22
44 17 22
17 68 977
68 17 977
17 29 643
29 17 643
17 52 820
52 17 820
18 56 575
56 18 575
18 57 440
57 18 440
19 31 939
31 19 939
19 68 292
68 19 292
19 73 263
73 19 263
19 32 376
32 19 376
20 30 842
30 20 842
20 56 549
56 20 549
20 44 224
44 20 224
20 41 364
41 20 364
21 25 476
25 21 476
21 33 840
33 21 840
21 77 917
77 21 917
22 28 491
28 22 491
22 32 562
32 22 562
22 39 37
39 22 37
22 60 607
60 22 607
22 76 750
76 22 750
23 52 382
52 23 382
23 57 724
57 23 724
23 79 901
79 23 901
23 41 913
41 23 913
23 72 458
72 23 458
23 32 361
32 23 361
23 77 91
77 23 91
24 44 316
44 24 316
24 47 131
47 24 131
24 64 849
64 24 849
24 80 396
80 24 396
24 33 579
33 24 579
24 72 655
72 24 655
24 50 598
50 24 598
24 76 249
76 24 249
24 44 639
44 24 639
25 26 950
26 25 950
25 33 122
33 25 122
25 38 361
38 25 361
25 70 716
70 25 716
25 48 435
48 25 435
25 48 208
48 25 208
25 74 967
74 25 967
25 87 679
87 25 679
25 65 529
65 25 529
25 58 599
58 25 599
26 66 767
66 26 767
26 85 239
85 26 239
26 32 664
32 26 664
26 46 933
46 26 933
26 74 761
74 26 761
26 81 390
81 26 390
26 51 381
51 26 381
27 67 523
67 27 523
27 75 445
75 27 445
27 61 788
61 27 788
27 54 309
54 27 309
27 69 415
69 27 415
27 37 729
37 27 729
28 76 781
76 28 781
28 35 93
35 28 93
28 59 574
59 28 574
28 50 257
50 28 257
28 57 758
57 28 758
29 42 753
42 29 753
29 86 93
86 29 93
29 53 323
53 29 323
29 35 562
35 29 562
29 38 468
38 29 468
29 46 676
46 29 676
29 34 634
34 29 634
29 71 849
71 29 849
30 74 308
74 30 308
30 35 502
35 30 502
30 52 362
52 30 362
31 32 879
32 31 879
31 40 115
40 31 115
31 83 600
83 31 600
32 57 936
57 32 936
32 48 630
48 32 630
32 41 322
41 32 322
33 63 320
63 33 320
33 65 675
65 33 675
33 75 636
75 33 636
34 37 890
37 34 890
34 68 678
68 34 678
34 65 746
65 34 746
34 47 66
47 34 66
34 35 250
35 34 250
35 43 582
43 35 582
35 52 941
52 35 941
36 39 127
39 36 127
36 55 928
55 36 928
36 52 432
52 36 432
36 80 711
80 36 711
37 82 493
82 37 493
37 87 186
87 37 186
37 50 400
50 37 400
37 63 933
63 37 933
38 45 904
45 38 904
38 77 837
77 38 837
38 81 532
81 38 532
39 73 661
73 39 661
39 85 505
85 39 505
40 60 879
60 40 879
40 55 7
55 40 7
40 58 240
58 40 240
41 46 59
46 41 59
42 59 896
59 42 896
42 73 262
73 42 262
42 70 12
70 42 12
43 74 46
74 43 46
43 82 590
82 43 590
44 57 105
57 44 105
44 47 200
47 44 200
44 45 72
45 44 72
44 48 371
48 44 371
45 61 428
61 45 428
46 75 6
75 46 6
47 49 801
49 47 801
47 64 328
64 47 328
47 82 756
82 47 756
47 80 245
80 47 245
47 62 467
62 47 467
48 76 371
76 48 371
48 85 439
85 48 439
49 61 675
61 49 675
49 80 365
80 49 365
49 87 846
87 49 846
49 75 714
75 49 714
49 79 779
79 49 779
49 64 838
64 49 838
49 67 586
67 49 586
51 78 233
78 51 233
51 71 136
71 51 136
51 74 30
74 51 30
51 74 252
74 51 252
51 60 908
60 51 908
51 75 910
75 51 910
52 71 336
71 52 336
52 79 316
79 52 316
52 53 547
53 52 547
53 58 990
58 53 990
53 83 466
83 53 466
53 81 473
81 53 473
54 61 973
61 54 973
54 67 915
67 54 915
54 86 621
86 54 621
54 72 321
72 54 321
54 84 800
84 54 800
54 70 751
70 54 751
55 73 694
73 55 694
55 66 461
66 55 461
55 72 406
72 55 406
56 56 137
56 56 137
57 86 930
86 57 930
57 66 866
66 57 866
58 72 418
72 58 418
58 75 763
75 58 763
59 72 519
72 59 519
60 71 300
71 60 300
60 72 858
72 60 858
61 78 299
78 61 299
62 63 168
63 62 168
62 66 145
66 62 145
63 82 313
82 63 313
65 70 824
70 65 824
66 70 828
70 66 828
68 69 873
69 68 873
68 80 518
80 68 518
68 73 351
73 68 351
68 84 346
84 68 346
69 81 333
81 69 333
69 72 499
72 69 499
70 86 677
86 70 677
70 78 479
78 70 479
70 71 301
71 70 301
71 80 676
80 71 676
73 85 155
85 73 155
74 82 386
82 74 386
75 80 683
80 75 683
76 84 318
84 76 318
76 84 816
84 76 816
78 80 438
80 78 438
78 78 767
78 78 767
79 83 395
83 79 395
80 86 653
86 80 653
