33

0 1 249
1 0 249
0 10 953
10 0 953
0 20 152
20 0 152
1 2 678
2 1 678
1 3 263
3 1 263
2 4 795
4 2 795
2 7 241
7 2 241
2 8 891
8 2 891
2 15 467
15 2 467
2 18 708
18 2 708
2 25 921
25 2 921
2 24 433
24 2 433
3 9 85
9 3 85
3 14 801
14 3 801
3 28 955
28 3 955
3 17 133
17 3 133
3 31 523
31 3 523
4 5 733
5 4 733
4 6 479
6 4 479
5 22 1
22 5 1
5 15 583
15 5 583
6 19 228
19 6 228
6 30 366
30 6 366
6 24 85
24 6 85
7 12 787
12 7 787
7 13 811
13 7 811
7 8 740
8 7 740
8 23 883
23 8 883
9 11 134
11 9 134
9 11 619
11 9 619
9 22 112
22 9 112
13 16 991
16 13 991
15 17 392
17 15 392
17 32 699
32 17 699
17 18 765
18 17 765
18 21 887
21 18 887
19 24 808
24 19 808
19 32 829
32 19 829
20 27 667
27 20 667
21 29 102
29 21 102
23 26 614
26 23 614
29 31 740
31 29 740
