95

0 1 891
1 0 891
0 11 123
11 0 123
0 80 501
80 0 501
0 57 359
57 0 359
0 11 859
11 0 859
0 83 597
83 0 597
0 80 675
80 0 675
0 93 343
93 0 343
0 55 75
55 0 75
0 30 813
30 0 813
0 88 402
88 0 402
0 43 395
43 0 395
0 47 685
47 0 685
0 14 653
14 0 653
0 77 809
77 0 809
0 3 628
3 0 628
0 71 55
71 0 55
0 27 630
27 0 630
1 2 31
2 1 31
1 4 653
4 1 653
1 6 155
6 1 155
1 7 898
7 1 898
1 8 965
8 1 965
1 16 234
16 1 234
1 17 867
17 1 867
1 28 820
28 1 820
1 79 761
79 1 761
1 71 259
71 1 259
1 15 858
15 1 858
1 49 10
49 1 10
1 3 783
3 1 783
1 27 624
27 1 624
1 47 540
47 1 540
1 61 516
61 1 516
1 52 701
52 1 701
1 52 828
52 1 828
1 43 909
43 1 909
1 9 910
9 1 910
1 32 623
32 1 623
1 59 537
59 1 537
1 90 119
90 1 119
1 31 195
31 1 195
2 3 298
3 2 298
2 9 58
9 2 58
2 25 882
25 2 882
2 62 316
62 2 316
2 30 132
30 2 132
2 63 318
63 2 318
2 43 610
43 2 610
2 84 201
84 2 201
2 82 384
82 2 384
2 93 270
93 2 270
2 92 998
92 2 998
2 54 522
54 2 522
2 56 284
56 2 284
2 65 699
65 2 699
2 4 122
4 2 122
2 43 828
43 2 828
3 12 902
12 3 902
3 31 449
31 3 449
3 54 62
54 3 62
3 86 701
86 3 701
3 24 566
24 3 566
3 80 126
80 3 126
3 84 638
84 3 638
3 52 817
52 3 817
3 54 215
54 3 215
3 12 516
12 3 516
3 45 225
45 3 225
3 91 43
91 3 43
3 29 568
29 3 568
3 6 436
6 3 436
3 54 309
54 3 309
3 29 951
29 3 951
4 5 583
5 4 583
4 40 306
40 4 306
4 93 891
93 4 891
4 75 789
75 4 789
4 39 363
39 4 363
4 64 159
64 4 159
4 54 566
54 4 566
4 76 300
76 4 300
4 52 180
52 4 180
4 37 518
37 4 518
4 62 367
62 4 367
4 28 264
28 4 264
4 86 271
86 4 271
4 31 859
31 4 859
4 59 861
59 4 861
4 19 716
19 4 716
4 55 334
55 4 334
4 29 682
29 4 682
4 11 966
11 4 966
4 8 387
8 4 387
4 19 450
19 4 450
4 55 903
55 4 903
4 93 976
93 4 976
4 7 434
7 4 434
4 94 639
94 4 639
4 84 518
84 4 518
4 90 948
90 4 948
4 53 598
53 4 598
5 14 91
14 5 91
5 18 235
18 5 235
5 77 302
77 5 302
5 25 192
25 5 192
5 89 768
89 5 768
5 91 354
91 5 354
5 86 303
86 5 303
5 39 817
39 5 817
5 55 125
55 5 125
5 44 921
44 5 921
5 88 576
88 5 576
5 29 953
29 5 953
5 60 318
60 5 318
5 20 619
20 5 619
5 26 145
26 5 145
5 43 951
43 5 951
6 12 964
12 6 964
6 26 304
26 6 304
6 18 895
18 6 895
6 16 782
16 6 782
6 92 165
92 6 165
6 54 912
54 6 912
6 46 261
46 6 261
6 83 596
83 6 596
6 68 664
68 6 664
6 45 423
45 6 423
6 38 710
38 6 710
6 8 506
8 6 506
6 67 714
67 6 714
6 74 230
74 6 230
6 74 939
74 6 939
6 30 933
30 6 933
7 10 290
10 7 290
7 79 756
79 7 756
7 55 2
55 7 2
7 73 41
73 7 41
7 75 166
75 7 166
7 68 688
68 7 688
7 94 368
94 7 368
7 39 322
39 7 322
7 48 989
48 7 989
7 66 403
66 7 403
7 80 553
80 7 553
7 79 682
79 7 682
7 25 241
25 7 241
7 91 279
91 7 279
7 66 480
66 7 480
7 54 111
54 7 111
7 47 149
47 7 149
7 78 532
78 7 532
7 76 682
76 7 682
7 8 616
8 7 616
7 8 921
8 7 921
7 23 175
23 7 175
7 26 715
26 7 715
8 13 417
13 8 417
8 15 781
15 8 781
8 20 237
20 8 237
8 38 56
38 8 56
8 46 559
46 8 559
8 50 405
50 8 405
8 16 903
16 8 903
8 61 696
61 8 696
8 20 887
20 8 887
8 31 41
31 8 41
8 41 786
41 8 786
8 78 615
78 8 615
8 47 518
47 8 518
8 61 867
61 8 867
8 81 399
81 8 399
8 90 38
90 8 38
8 18 136
18 8 136
8 44 189
44 8 189
9 23 90
23 9 90
9 9 407
9 9 407
9 30 970
30 9 970
9 90 990
90 9 990
9 83 412
83 9 412
9 90 969
90 9 969
9 18 498
18 9 498
9 19 730
19 9 730
9 25 480
25 9 480
9 82 376
82 9 376
9 34 29
34 9 29
9 74 419
74 9 419
9 69 264
69 9 264
10 77 493
77 10 493
10 35 806
35 10 806
10 62 900
62 10 900
10 45 45
45 10 45
10 69 976
69 10 976
10 73 920
73 10 920
10 60 285
60 10 285
10 24 252
24 10 252
10 16 735
16 10 735
10 61 82
61 10 82
11 22 641
22 11 641
11 27 315
27 11 315
11 94 27
94 11 27
11 53 710
53 11 710
11 12 450
12 11 450
11 61 856
61 11 856
11 77 593
77 11 593
11 69 263
69 11 263
11 37 817
37 11 817
11 21 207
21 11 207
11 92 370
92 11 370
11 13 202
13 11 202
11 77 695
77 11 695
11 22 629
22 11 629
11 13 584
13 11 584
11 55 510
55 11 510
12 63 812
63 12 812
12 69 231
69 12 231
12 39 489
39 12 489
12 50 213
50 12 213
12 85 513
85 12 513
12 62 425
62 12 425
12 90 582
90 12 582
12 38 251
38 12 251
12 27 693
27 12 693
12 92 226
92 12 226
12 87 626
87 12 626
12 16 467
16 12 467
12 86 658
86 12 658
12 25 953
25 12 953
12 38 829
38 12 829
12 74 420
74 12 420
12 26 196
26 12 196
12 64 482
64 12 482
12 37 165
37 12 165
12 50 432
50 12 432
12 72 730
72 12 730
12 16 747
16 12 747
12 65 428
65 12 428
13 29 806
29 13 806
13 35 75
35 13 75
13 81 257
81 13 257
13 18 788
18 13 788
13 74 526
74 13 526
13 23 283
23 13 283
13 17 39
17 13 39
13 49 431
49 13 431
13 17 181
17 13 181
13 42 696
42 13 696
13 53 768
53 13 768
13 85 270
85 13 270
13 54 812
54 13 812
13 89 44
89 13 44
13 91 662
91 13 662
13 82 443
82 13 443
13 81 729
81 13 729
13 47 792
47 13 792
13 47 73
47 13 73
13 59 596
59 13 596
13 42 940
42 13 940
14 30 673
30 14 673
14 49 544
49 14 544
14 72 991
72 14 991
14 49 460
49 14 460
14 86 586
86 14 586
14 34 241
34 14 241
14 58 65
58 14 65
14 36 235
36 14 235
14 46 705
46 14 705
14 83 424
83 14 424
14 27 94
27 14 94
14 91 996
91 14 996
14 65 578
65 14 578
14 45 82
45 14 82
14 32 202
32 14 202
14 61 773
61 14 773
14 62 948
62 14 948
14 74 580
74 14 580
14 14 991
14 14 991
14 80 366
80 14 366
15 21 974
21 15 974
15 39 391
39 15 391
15 44 60
44 15 60
15 82 363
82 15 363
15 61 593
61 15 593
15 91 491
91 15 491
15 61 129
61 15 129
15 48 592
48 15 592
15 55 906
55 15 906
15 75 703
75 15 703
15 66 872
66 15 872
15 39 233
39 15 233
15 35 825
35 15 825
15 59 273
59 15 273
15 74 612
74 15 612
15 28 605
28 15 605
15 37 374
37 15 374
15 89 186
89 15 186
15 29 152
29 15 152
15 39 583
39 15 583
15 80 649
80 15 649
16 19 788
19 16 788
16 43 400
43 16 400
16 57 197
57 16 197
16 53 287
53 16 287
16 68 13
68 16 13
16 88 386
88 16 386
16 39 570
39 16 570
16 40 585
40 16 585
16 23 349
23 16 349
16 39 501
39 16 501
16 88 801
88 16 801
16 27 920
27 16 920
16 85 431
85 16 431
16 56 102
56 16 102
16 93 79
93 16 79
17 41 586
41 17 586
17 51 281
51 17 281
17 77 189
77 17 189
17 25 184
25 17 184
17 47 234
47 17 234
17 69 877
69 17 877
17 50 665
50 17 665
17 29 555
29 17 555
17 45 958
45 17 958
17 91 68
91 17 68
17 50 381
50 17 381
17 52 399
52 17 399
17 33 575
33 17 575
17 58 864
58 17 864
17 54 828
54 17 828
17 85 398
85 17 398
17 46 413
46 17 413
17 76 711
76 17 711
17 81 290
81 17 290
17 43 323
43 17 323
18 36 421
36 18 421
18 91 328
91 18 328
18 90 701
90 18 701
18 50 397
50 18 397
18 91 421
91 18 421
18 24 569
24 18 569
18 81 529
81 18 529
18 32 156
32 18 156
18 19 959
19 18 959
18 80 403
80 18 403
18 32 133
32 18 133
18 22 173
22 18 173
19 24 352
24 19 352
19 88 486
88 19 486
19 35 536
35 19 536
19 74 565
74 19 565
19 41 863
41 19 863
19 20 3
20 19 3
19 34 838
34 19 838
19 21 783
21 19 783
19 85 124
85 19 124
19 26 846
26 19 846
19 73 741
73 19 741
19 91 315
91 19 315
19 87 928
87 19 928
19 67 502
67 19 502
19 39 820
39 19 820
19 88 655
88 19 655
20 45 265
45 20 265
20 50 935
50 20 935
20 60 770
60 20 770
20 36 172
36 20 172
20 69 866
69 20 866
20 76 763
76 20 763
20 36 970
36 20 970
20 85 925
85 20 925
20 53 753
53 20 753
20 75 378
75 20 378
20 65 641
65 20 641
20 59 695
59 20 695
20 50 1000
50 20 1000
20 68 161
68 20 161
20 75 847
75 20 847
21 55 266
55 21 266
21 79 330
79 21 330
21 45 23
45 21 23
21 58 263
58 21 263
21 75 170
75 21 170
21 66 765
66 21 765
21 22 243
22 21 243
21 33 820
33 21 820
21 80 816
80 21 816
21 26 366
26 21 366
22 26 170
26 22 170
22 89 827
89 22 827
22 61 95
61 22 95
22 85 473
85 22 473
22 45 174
45 22 174
22 66 8
66 22 8
22 75 680
75 22 680
22 54 329
54 22 329
22 41 959
41 22 959
22 25 446
25 22 446
22 52 107
52 22 107
22 81 343
81 22 343
23 37 351
37 23 351
23 86 313
86 23 313
23 92 88
92 23 88
23 90 427
90 23 427
23 88 25
88 23 25
23 87 157
87 23 157
23 94 68
94 23 68
23 36 73
36 23 73
23 39 1
39 23 1
23 39 773
39 23 773
23 84 825
84 23 825
23 68 163
68 23 163
23 40 596
40 23 596
23 33 749
33 23 749
23 42 956
42 23 956
23 84 107
84 23 107
24 73 347
73 24 347
24 52 852
52 24 852
24 73 583
73 24 583
24 39 312
39 24 312
24 35 791
35 24 791
24 47 771
47 24 771
24 65 416
65 24 416
24 93 743
93 24 743
24 35 42
35 24 42
24 35 522
35 24 522
24 63 554
63 24 554
25 32 794
32 25 794
25 50 778
50 25 778
25 40 719
40 25 719
25 65 719
65 25 719
25 42 177
42 25 177
25 43 832
43 25 832
25 78 988
78 25 988
25 81 841
81 25 841
25 37 61
37 25 61
25 32 54
32 25 54
25 92 639
92 25 639
25 60 780
60 25 780
25 89 156
89 25 156
25 92 913
92 25 913
25 92 433
92 25 433
25 78 667
78 25 667
25 91 533
91 25 533
26 91 498
91 26 498
26 73 710
73 26 710
26 87 599
87 26 599
26 70 834
70 26 834
26 49 434
49 26 434
26 87 430
87 26 430
26 76 864
76 26 864
26 48 525
48 26 525
26 52 471
52 26 471
27 87 629
87 27 629
27 91 35
91 27 35
27 44 350
44 27 350
27 86 277
86 27 277
27 55 520
55 27 520
27 29 56
29 27 56
27 60 5
60 27 5
27 38 8
38 27 8
27 66 122
66 27 122
28 47 656
47 28 656
28 33 255
33 28 255
28 71 392
71 28 392
28 80 344
80 28 344
28 58 712
58 28 712
28 49 748
49 28 748
28 67 599
67 28 599
28 73 40
73 28 40
28 80 102
80 28 102
28 61 279
61 28 279
28 89 416
89 28 416
28 38 604
38 28 604
28 58 845
58 28 845
29 34 873
34 29 873
29 83 115
83 29 115
29 90 604
90 29 604
29 42 425
42 29 425
29 48 387
48 29 387
29 35 925
35 29 925
29 93 705
93 29 705
29 74 96
74 29 96
29 47 362
47 29 362
29 69 484
69 29 484
29 71 429
71 29 429
29 34 572
34 29 572
30 34 570
34 30 570
30 55 814
55 30 814
30 41 446
41 30 446
30 61 410
61 30 410
30 75 874
75 30 874
30 62 369
62 30 369
30 52 106
52 30 106
30 43 538
43 30 538
30 72 378
72 30 378
30 69 469
69 30 469
30 43 244
43 30 244
31 70 854
70 31 854
31 41 380
41 31 380
31 40 461
40 31 461
31 55 514
55 31 514
31 70 59
70 31 59
31 35 197
35 31 197
31 60 547
60 31 547
31 62 992
62 31 992
31 49 195
49 31 195
32 33 463
33 32 463
32 49 370
49 32 370
32 81 191
81 32 191
32 79 744
79 32 744
32 89 239
89 32 239
32 47 839
47 32 839
33 58 517
58 33 517
33 70 947
70 33 947
33 93 93
93 33 93
33 64 793
64 33 793
33 63 608
63 33 608
33 90 136
90 33 136
33 68 441
68 33 441
33 60 981
60 33 981
33 66 218
66 33 218
33 54 261
54 33 261
33 90 201
90 33 201
33 38 853
38 33 853
33 43 96
43 33 96
33 66 647
66 33 647
33 47 22
47 33 22
33 75 676
75 33 676
33 75 525
75 33 525
34 56 733
56 34 733
34 76 989
76 34 989
34 85 132
85 34 132
34 61 428
61 34 428
34 74 511
74 34 511
34 81 900
81 34 900
34 83 514
83 34 514
34 71 595
71 34 595
34 55 391
55 34 391
34 59 951
59 34 951
34 91 603
91 34 603
34 64 763
64 34 763
35 48 756
48 35 756
35 58 656
58 35 656
35 71 441
71 35 441
35 45 540
45 35 540
35 67 515
67 35 515
35 57 376
57 35 376
35 39 172
39 35 172
35 43 661
43 35 661
35 78 679
78 35 679
35 87 480
87 35 480
35 41 957
41 35 957
35 51 540
51 35 540
36 37 773
37 36 773
36 66 859
66 36 859
36 45 205
45 36 205
36 66 566
66 36 566
36 93 64
93 36 64
36 60 710
60 36 710
36 51 407
51 36 407
36 57 750
57 36 750
36 88 705
88 36 705
36 36 388
36 36 388
36 67 377
67 36 377
36 68 330
68 36 330
36 92 757
92 36 757
36 43 713
43 36 713
36 88 651
88 36 651
36 62 442
62 36 442
36 59 739
59 36 739
36 38 9
38 36 9
37 51 244
51 37 244
37 69 225
69 37 225
37 67 528
67 37 528
37 53 931
53 37 931
37 48 769
48 37 769
37 52 618
52 37 618
37 91 828
91 37 828
37 78 587
78 37 587
37 42 136
42 37 136
38 42 698
42 38 698
38 43 141
43 38 141
38 70 475
70 38 475
38 53 471
53 38 471
38 49 420
49 38 420
38 69 724
69 38 724
38 77 667
77 38 667
38 85 414
85 38 414
38 87 927
87 38 927
38 57 456
57 38 456
39 60 516
60 39 516
39 88 650
88 39 650
39 67 435
67 39 435
39 73 164
73 39 164
39 39 159
39 39 159
39 91 502
91 39 502
39 52 306
52 39 306
39 64 82
64 39 82
39 80 841
80 39 841
39 94 954
94 39 954
39 53 197
53 39 197
39 89 916
89 39 916
39 54 755
54 39 755
40 58 101
58 40 101
40 50 391
50 40 391
40 48 184
48 40 184
40 55 921
55 40 921
40 75 480
75 40 480
40 91 829
91 40 829
40 73 870
73 40 870
40 52 811
52 40 811
40 82 435
82 40 435
40 85 181
85 40 181
41 60 248
60 41 248
41 58 156
58 41 156
41 82 508
82 41 508
41 72 896
72 41 896
41 45 925
45 41 925
41 74 797
74 41 797
41 75 478
75 41 478
41 61 670
61 41 670
41 59 574
59 41 574
41 56 385
56 41 385
41 67 208
67 41 208
41 55 215
55 41 215
42 84 895
84 42 895
42 91 205
91 42 205
42 50 873
50 42 873
42 65 581
65 42 581
42 80 252
80 42 252
42 67 880
67 42 880
42 44 19
44 42 19
42 77 946
77 42 946
42 64 715
64 42 715
42 50 226
50 42 226
43 59 253
59 43 253
43 89 420
89 43 420
43 66 838
66 43 838
43 66 875
66 43 875
43 69 417
69 43 417
43 78 665
78 43 665
43 82 548
82 43 548
43 86 478
86 43 478
43 69 977
69 43 977
43 50 106
50 43 106
44 60 474
60 44 474
44 67 16
67 44 16
44 59 850
59 44 850
44 79 865
79 44 865
44 68 336
68 44 336
44 54 725
54 44 725
44 59 453
59 44 453
44 60 207
60 44 207
44 92 567
92 44 567
44 45 575
45 44 575
44 91 946
91 44 946
45 52 381
52 45 381
45 73 360
73 45 360
45 55 325
55 45 325
45 63 568
63 45 568
45 78 339
78 45 339
45 88 804
88 45 804
45 79 412
79 45 412
45 67 485
67 45 485
45 94 85
94 45 85
45 59 173
59 45 173
46 84 466
84 46 466
46 85 853
85 46 853
46 51 240
51 46 240
46 89 398
89 46 398
46 49 916
49 46 916
46 58 191
58 46 191
46 72 478
72 46 478
46 81 470
81 46 470
46 83 920
83 46 920
46 55 367
55 46 367
46 47 959
47 46 959
46 93 847
93 46 847
46 94 529
94 46 529
47 61 949
61 47 949
47 70 816
70 47 816
47 94 780
94 47 780
47 71 632
71 47 632
47 78 795
78 47 795
47 80 41
80 47 41
48 74 278
74 48 278
48 93 112
93 48 112
48 93 687
93 48 687
48 88 974
88 48 974
48 58 749
58 48 749
48 76 827
76 48 827
48 68 435
68 48 435
49 92 381
92 49 381
49 59 805
59 49 805
49 87 301
87 49 301
49 94 843
94 49 843
49 90 297
90 49 297
50 53 344
53 50 344
50 74 46
74 50 46
50 92 385
92 50 385
50 84 290
84 50 290
50 87 931
87 50 931
50 83 198
83 50 198
50 92 793
92 50 793
50 84 679
84 50 679
50 62 195
62 50 195
50 55 463
55 50 463
50 74 735
74 50 735
50 55 422
55 50 422
50 66 747
66 50 747
51 68 271
68 51 271
51 94 294
94 51 294
51 79 335
79 51 335
51 82 770
82 51 770
51 60 964
60 51 964
51 67 622
67 51 622
51 61 689
61 51 689
52 64 801
64 52 801
52 75 928
75 52 928
52 71 473
71 52 473
52 68 574
68 52 574
52 60 201
60 52 201
53 79 436
79 53 436
53 64 648
64 53 648
53 68 444
68 53 444
53 91 535
91 53 535
53 80 147
80 53 147
53 66 181
66 53 181
53 63 648
63 53 648
54 66 917
66 54 917
54 71 919
71 54 919
54 90 676
90 54 676
54 58 438
58 54 438
54 78 195
78 54 195
54 76 497
76 54 497
54 85 601
85 54 601
55 65 394
65 55 394
55 67 656
67 55 656
55 67 606
67 55 606
55 91 948
91 55 948
55 85 726
85 55 726
55 60 760
60 55 760
56 91 519
91 56 519
56 66 907
66 56 907
56 57 803
57 56 803
56 72 397
72 56 397
56 59 199
59 56 199
56 64 568
64 56 568
56 76 914
76 56 914
56 82 130
82 56 130
57 61 394
61 57 394
57 68 709
68 57 709
57 88 956
88 57 956
57 93 641
93 57 641
57 89 176
89 57 176
57 84 183
84 57 183
58 85 946
85 58 946
58 94 940
94 58 940
58 94 745
94 58 745
58 78 55
78 58 55
58 64 681
64 58 681
58 92 700
92 58 700
58 74 896
74 58 896
58 94 466
94 58 466
58 89 172
89 58 172
59 67 274
67 59 274
59 78 721
78 59 721
59 79 423
79 59 423
59 88 97
88 59 97
59 68 315
68 59 315
59 80 332
80 59 332
59 84 187
84 59 187
60 64 37
64 60 37
60 79 314
79 60 314
60 86 246
86 60 246
60 81 999
81 60 999
60 91 601
91 60 601
60 76 420
76 60 420
60 61 3
61 60 3
60 64 672
64 60 672
60 87 324
87 60 324
61 93 638
93 61 638
61 83 474
83 61 474
61 73 689
73 61 689
61 67 96
67 61 96
61 84 599
84 61 599
61 62 712
62 61 712
61 87 769
87 61 769
61 77 151
77 61 151
62 85 162
85 62 162
62 75 633
75 62 633
62 67 287
67 62 287
62 90 649
90 62 649
62 80 561
80 62 561
63 78 671
78 63 671
63 89 812
89 63 812
63 94 803
94 63 803
64 93 463
93 64 463
64 78 23
78 64 23
64 86 708
86 64 708
64 89 534
89 64 534
65 67 521
67 65 521
65 80 397
80 65 397
65 89 477
89 65 477
65 76 794
76 65 794
65 67 637
67 65 637
65 92 379
92 65 379
66 93 776
93 66 776
66 71 669
71 66 669
66 81 942
81 66 942
66 78 862
78 66 862
66 89 163
89 66 163
66 70 426
70 66 426
66 79 750
79 66 750
67 80 697
80 67 697
67 86 53
86 67 53
67 76 603
76 67 603
67 72 648
72 67 648
67 79 79
79 67 79
68 90 213
90 68 213
68 89 898
89 68 898
68 77 342
77 68 342
68 82 496
82 68 496
68 80 586
80 68 586
68 94 223
94 68 223
68 83 344
83 68 344
68 79 691
79 68 691
68 87 143
87 68 143
68 75 835
75 68 835
69 78 444
78 69 444
69 91 462
91 69 462
69 74 275
74 69 275
70 74 952
74 70 952
70 73 55
73 70 55
70 75 918
75 70 918
70 86 183
86 70 183
71 72 627
72 71 627
71 75 242
75 71 242
71 86 659
86 71 659
71 76 952
76 71 952
71 84 726
84 71 726
71 77 128
77 71 128
72 93 463
93 72 463
72 84 558
84 72 558
73 88 88
88 73 88
73 89 41
89 73 41
73 94 903
94 73 903
73 83 980
83 73 980
73 78 263
78 73 263
73 84 68
84 73 68
73 75 594
75 73 594
74 88 728
88 74 728
74 93 340
93 74 340
74 83 618
83 74 618
75 88 862
88 75 862
76 77 912
77 76 912
76 90 45
90 76 45
76 77 96
77 76 96
76 80 644
80 76 644
76 78 344
78 76 344
76 82 18
82 76 18
76 87 525
87 76 525
76 87 456
87 76 456
77 85 481
85 77 481
77 90 461
90 77 461
77 94 485
94 77 485
77 84 810
84 77 810
78 87 437
87 78 437
78 94 894
94 78 894
78 86 533
86 78 533
78 81 945
81 78 945
79 94 112
94 79 112
80 92 128
92 80 128
80 90 893
90 80 893
81 87 150
87 81 150
81 88 145
88 81 145
81 85 775
85 81 775
82 87 677
87 82 677
82 92 240
92 82 240
82 94 898
94 82 898
82 90 361
90 82 361
82 82 108
82 82 108
84 86 744
86 84 744
84 88 947
88 84 947
84 93 358
93 84 358
84 85 693
85 84 693
85 85 214
85 85 214
85 93 286
93 85 286
86 94 202
94 86 202
92 92 32
92 92 32
