82

0 1 276
1 0 276
0 2 361
2 0 361
0 3 217
3 0 217
0 4 997
4 0 997
0 6 935
6 0 935
0 9 285
9 0 285
0 12 780
12 0 780
0 18 738
18 0 738
1 8 284
8 1 284
1 21 417
21 1 417
1 25 348
25 1 348
1 31 912
31 1 912
1 11 568
11 1 568
1 10 760
10 1 760
1 48 202
48 1 202
2 5 466
5 2 466
2 23 988
23 2 988
2 29 797
29 2 797
2 64 739
64 2 739
2 71 927
71 2 927
2 79 2
79 2 2
2 39 376
39 2 376
2 51 638
51 2 638
2 36 120
36 2 120
2 63 428
63 2 428
2 13 129
13 2 129
3 16 42
16 3 42
3 38 613
38 3 613
3 73 984
73 3 984
3 63 6
63 3 6
3 19 661
19 3 661
3 6 315
6 3 315
3 36 759
36 3 759
4 77 198
77 4 198
4 9 728
9 4 728
5 17 530
17 5 530
5 32 58
32 5 58
5 52 689
52 5 689
5 59 853
59 5 853
5 63 924
63 5 924
5 31 513
31 5 513
5 80 377
80 5 377
5 64 121
64 5 121
5 78 210
78 5 210
5 38 368
38 5 368
6 7 795
7 6 795
6 10 380
10 6 380
6 43 475
43 6 475
6 52 365
52 6 365
6 40 198
40 6 198
7 14 682
14 7 682
7 28 901
28 7 901
7 48 474
48 7 474
7 69 29
69 7 29
7 70 433
70 7 433
7 74 542
74 7 542
7 19 244
19 7 244
7 22 218
22 7 218
7 59 831
59 7 831
7 49 912
49 7 912
8 11 302
11 8 302
8 15 491
15 8 491
8 22 912
22 8 912
8 14 864
14 8 864
8 45 194
45 8 194
8 43 998
43 8 998
8 79 930
79 8 930
10 13 472
13 10 472
10 13 518
13 10 518
10 38 297
38 10 297
11 26 749
26 11 749
11 31 788
31 11 788
11 56 778
56 11 778
11 65 866
65 11 866
11 61 205
61 11 205
11 39 827
39 11 827
11 31 222
31 11 222
11 72 36
72 11 36
11 18 45
18 11 45
11 39 648
39 11 648
11 77 933
77 11 933
12 55 13
55 12 13
12 72 223
72 12 223
12 37 590
37 12 590
12 15 349
15 12 349
12 56 792
56 12 792
12 55 676
55 12 676
12 35 700
35 12 700
13 26 78
26 13 78
13 18 546
18 13 546
13 52 709
52 13 709
14 19 396
19 14 396
14 25 509
25 14 509
14 50 892
50 14 892
14 58 816
58 14 816
14 20 462
20 14 462
14 21 156
21 14 156
14 15 516
15 14 516
14 46 432
46 14 432
15 34 478
34 15 478
15 60 209
60 15 209
15 63 169
63 15 169
15 34 289
34 15 289
16 58 1
58 16 1
16 58 758
58 16 758
16 77 373
77 16 373
16 45 763
45 16 763
16 61 226
61 16 226
16 60 135
60 16 135
17 20 324
20 17 324
17 22 17
22 17 17
17 71 245
71 17 245
17 76 896
76 17 896
18 24 982
24 18 982
18 77 502
77 18 502
19 37 280
37 19 280
19 62 777
62 19 777
19 65 901
65 19 901
19 70 582
70 19 582
20 21 661
21 20 661
20 27 835
27 20 835
20 33 953
33 20 953
20 51 733
51 20 733
20 52 656
52 20 656
20 45 418
45 20 418
21 51 159
51 21 159
21 79 792
79 21 792
21 48 517
48 21 517
21 54 787
54 21 787
21 54 159
54 21 159
22 45 165
45 22 165
23 42 190
42 23 190
23 56 852
56 23 852
23 43 928
43 23 928
23 64 197
64 23 197
23 77 512
77 23 512
24 57 609
57 24 609
24 75 250
75 24 250
24 34 62
34 24 62
24 49 944
49 24 944
25 66 59
66 25 59
25 66 119
66 25 119
25 54 115
54 25 115
25 67 648
67 25 648
25 73 725
73 25 725
25 28 685
28 25 685
26 61 649
61 26 649
26 36 212
36 26 212
26 32 845
32 26 845
26 29 241
29 26 241
27 47 86
47 27 86
27 59 259
59 27 259
27 45 796
45 27 796
28 62 653
62 28 653
28 73 119
73 28 119
29 30 690
30 29 690
29 35 601
35 29 601
30 35 84
35 30 84
30 44 177
44 30 177
30 66 465
66 30 465
31 72 452
72 31 452
31 59 503
59 31 503
31 42 925
42 31 925
32 36 641
36 32 641
32 74 188
74 32 188
33 67 606
67 33 606
34 43 403
43 34 403
34 73 588
73 34 588
34 58 817
58 34 817
35 40 44
40 35 44
35 56 885
56 35 885
35 50 715
50 35 715
36 41 459
41 36 459
36 46 59
46 36 59
36 37 446
37 36 446
36 74 477
74 36 477
36 42 948
42 36 948
37 62 812
62 37 812
37 76 351
76 37 351
37 78 515
78 37 515
37 57 990
57 37 990
38 39 662
39 38 662
38 77 847
77 38 847
38 78 780
78 38 780
38 67 73
67 38 73
39 43 265
43 39 265
40 81 321
81 40 321
40 50 864
50 40 864
42 67 500
67 42 500
43 61 965
61 43 965
43 60 786
60 43 786
44 53 216
53 44 216
44 77 101
77 44 101
44 62 48
62 44 48
45 76 961
76 45 961
45 47 437
47 45 437
46 60 14
60 46 14
46 67 558
67 46 558
47 49 271
49 47 271
48 49 111
49 48 111
48 54 56
54 48 56
48 51 432
51 48 432
48 60 54
60 48 54
50 53 107
53 50 107
50 72 49
72 50 49
50 51 595
51 50 595
50 71 616
71 50 616
51 64 289
64 51 289
51 57 82
57 51 82
52 79 523
79 52 523
52 61 178
61 52 178
53 65 715
65 53 715
53 61 4
61 53 4
53 62 210
62 53 210
55 72 877
72 55 877
55 77 735
77 55 735
56 67 288
67 56 288
56 67 508
67 56 508
56 76 160
76 56 160
56 72 688
72 56 688
57 68 395
68 57 395
57 59 197
59 57 197
57 78 823
78 57 823
58 69 919
69 58 919
58 69 839
69 58 839
58 79 191
79 58 191
59 77 249
77 59 249
60 78 993
78 60 993
61 70 688
70 61 688
61 72 675
72 61 675
61 76 299
76 61 299
63 64 319
64 63 319
64 64 84
64 64 84
64 80 830
80 64 830
65 69 527
69 65 527
65 79 243
79 65 243
69 69 604
69 69 604
70 74 909
74 70 909
70 73 613
73 70 613
71 80 300
80 71 300
71 78 667
78 71 667
72 81 531
81 72 531
72 75 19
75 72 19
73 77 928
77 73 928
73 74 615
74 73 615
74 78 581
78 74 581
75 80 345
80 75 345
