88

0 1 282
1 0 282
0 4 592
4 0 592
0 15 228
15 0 228
0 80 737
80 0 737
0 68 605
68 0 605
0 47 134
47 0 134
0 6 341
6 0 341
0 87 712
87 0 712
0 56 392
56 0 392
0 50 881
50 0 881
0 61 957
61 0 957
0 50 882
50 0 882
0 76 433
76 0 433
0 51 995
51 0 995
0 61 723
61 0 723
0 74 386
74 0 386
0 2 811
2 0 811
0 27 81
27 0 81
0 54 357
54 0 357
1 2 69
2 1 69
1 7 625
7 1 625
1 12 642
12 1 642
1 16 349
16 1 349
1 21 682
21 1 682
1 64 583
64 1 583
1 22 612
22 1 612
1 2 967
2 1 967
1 26 97
26 1 97
1 28 730
28 1 730
1 2 558
2 1 558
1 80 356
80 1 356
1 42 925
42 1 925
1 16 115
16 1 115
2 3 727
3 2 727
2 6 435
6 2 435
2 34 344
34 2 344
2 40 665
40 2 665
2 71 993
71 2 993
2 74 296
74 2 296
2 60 293
60 2 293
2 40 807
40 2 807
2 18 654
18 2 654
2 70 700
70 2 700
2 68 50
68 2 50
2 16 924
16 2 924
2 81 278
81 2 278
2 14 144
14 2 144
2 61 392
61 2 392
2 28 57
28 2 57
2 37 540
37 2 540
2 3 44
3 2 44
2 8 315
8 2 315
2 4 620
4 2 620
3 5 289
5 3 289
3 9 199
9 3 199
3 27 145
27 3 145
3 83 188
83 3 188
3 86 188
86 3 188
3 30 707
30 3 707
3 31 117
31 3 117
3 15 373
15 3 373
3 48 929
48 3 929
3 71 59
71 3 59
3 13 977
13 3 977
3 48 926
48 3 926
3 6 424
6 3 424
3 39 100
39 3 100
3 80 293
80 3 293
3 37 654
37 3 654
4 10 64
10 4 64
4 20 757
20 4 757
4 31 340
31 4 340
4 85 474
85 4 474
4 78 815
78 4 815
4 83 797
83 4 797
4 35 679
35 4 679
4 72 916
72 4 916
4 43 839
43 4 839
4 28 348
28 4 348
4 74 784
74 4 784
4 68 197
68 4 197
4 82 728
82 4 728
5 32 185
32 5 185
5 50 202
50 5 202
5 42 673
42 5 673
5 11 513
11 5 513
5 9 332
9 5 332
5 55 288
55 5 288
5 71 255
71 5 255
5 78 69
78 5 69
5 53 433
53 5 433
5 41 718
41 5 718
5 14 425
14 5 425
5 87 435
87 5 435
5 64 675
64 5 675
5 53 945
53 5 945
6 37 940
37 6 940
6 48 211
48 6 211
6 63 450
63 6 450
6 72 202
72 6 202
6 34 582
34 6 582
6 68 806
68 6 806
6 68 917
68 6 917
6 49 5
49 6 5
6 60 236
60 6 236
6 82 90
82 6 90
6 52 961
52 6 961
6 32 266
32 6 266
6 74 533
74 6 533
6 53 120
53 6 120
6 66 38
66 6 38
7 8 676
8 7 676
7 11 961
11 7 961
7 23 261
23 7 261
7 24 874
24 7 874
7 54 966
54 7 966
7 55 299
55 7 299
7 27 130
27 7 130
7 16 429
16 7 429
7 37 359
37 7 359
7 78 765
78 7 765
7 22 848
22 7 848
7 49 978
49 7 978
7 77 958
77 7 958
7 59 718
59 7 718
7 83 459
83 7 459
7 37 808
37 7 808
7 22 569
22 7 569
8 67 887
67 8 887
8 77 116
77 8 116
8 67 286
67 8 286
8 86 619
86 8 619
8 53 917
53 8 917
8 22 554
22 8 554
8 20 282
20 8 282
8 77 433
77 8 433
8 50 1
50 8 1
8 27 641
27 8 641
9 47 709
47 9 709
9 41 569
41 9 569
9 85 900
85 9 900
9 81 417
81 9 417
9 72 811
72 9 811
9 83 328
83 9 328
9 69 226
69 9 226
9 46 927
46 9 927
9 50 373
50 9 373
9 45 239
45 9 239
9 67 461
67 9 461
9 77 26
77 9 26
10 18 249
18 10 249
10 19 969
19 10 969
10 41 189
41 10 189
10 32 669
32 10 669
10 50 424
50 10 424
10 26 365
26 10 365
10 78 912
78 10 912
10 58 776
58 10 776
10 33 471
33 10 471
10 23 499
23 10 499
10 45 18
45 10 18
10 50 371
50 10 371
10 39 89
39 10 89
10 60 952
60 10 952
10 20 827
20 10 827
11 17 604
17 11 604
11 66 315
66 11 315
11 54 418
54 11 418
11 71 746
71 11 746
11 84 512
84 11 512
11 63 333
63 11 333
11 76 544
76 11 544
11 54 633
54 11 633
11 43 116
43 11 116
11 69 559
69 11 559
11 32 660
32 11 660
11 70 944
70 11 944
11 56 264
56 11 264
11 85 304
85 11 304
11 64 371
64 11 371
11 14 443
14 11 443
11 48 902
48 11 902
11 46 186
46 11 186
11 30 873
30 11 873
12 13 713
13 12 713
12 14 340
14 12 340
12 26 932
26 12 932
12 29 191
29 12 191
12 64 997
64 12 997
12 65 813
65 12 813
12 26 455
26 12 455
12 71 604
71 12 604
12 15 200
15 12 200
12 14 359
14 12 359
12 84 649
84 12 649
12 61 225
61 12 225
13 58 803
58 13 803
13 71 98
71 13 98
13 61 232
61 13 232
13 39 817
39 13 817
13 25 812
25 13 812
13 18 327
18 13 327
13 46 7
46 13 7
13 60 577
60 13 577
13 57 102
57 13 102
13 76 226
76 13 226
14 47 882
47 14 882
14 25 843
25 14 843
14 63 766
63 14 766
14 51 637
51 14 637
14 31 960
31 14 960
14 33 785
33 14 785
14 23 690
23 14 690
14 79 506
79 14 506
14 36 930
36 14 930
14 47 295
47 14 295
14 32 375
32 14 375
14 60 469
60 14 469
14 39 663
39 14 663
14 35 979
35 14 979
14 53 169
53 14 169
14 61 430
61 14 430
15 28 92
28 15 92
15 22 49
22 15 49
15 71 709
71 15 709
15 19 277
19 15 277
15 26 810
26 15 810
15 75 953
75 15 953
15 64 409
64 15 409
15 78 769
78 15 769
15 27 667
27 15 667
15 64 292
64 15 292
15 83 18
83 15 18
15 77 843
77 15 843
15 44 704
44 15 704
16 25 532
25 16 532
16 38 418
38 16 418
16 76 33
76 16 33
16 18 83
18 16 83
16 57 686
57 16 686
16 69 847
69 16 847
16 79 955
79 16 955
16 41 461
41 16 461
16 38 272
38 16 272
16 70 955
70 16 955
16 42 32
42 16 32
16 27 288
27 16 288
16 87 775
87 16 775
16 34 550
34 16 550
17 56 909
56 17 909
17 77 483
77 17 483
17 38 529
38 17 529
17 72 403
72 17 403
17 37 818
37 17 818
18 39 638
39 18 638
18 60 502
60 18 502
18 53 8
53 18 8
18 73 851
73 18 851
18 85 941
85 18 941
18 83 896
83 18 896
18 74 346
74 18 346
18 58 462
58 18 462
18 64 578
64 18 578
18 69 461
69 18 461
18 64 889
64 18 889
18 51 376
51 18 376
18 76 596
76 18 596
19 42 856
42 19 856
19 46 2
46 19 2
19 50 48
50 19 48
19 25 490
25 19 490
19 40 637
40 19 637
19 66 135
66 19 135
19 65 88
65 19 88
20 57 72
57 20 72
20 84 808
84 20 808
20 28 650
28 20 650
20 21 209
21 20 209
20 29 640
29 20 640
20 31 57
31 20 57
20 57 168
57 20 168
20 43 804
43 20 804
20 30 147
30 20 147
20 27 885
27 20 885
20 50 315
50 20 315
21 22 814
22 21 814
21 63 838
63 21 838
21 76 432
76 21 432
21 73 378
73 21 378
21 74 574
74 21 574
21 26 518
26 21 518
21 35 748
35 21 748
21 59 71
59 21 71
21 87 195
87 21 195
21 55 277
55 21 277
21 72 85
72 21 85
21 55 540
55 21 540
22 69 553
69 22 553
22 55 489
55 22 489
22 46 69
46 22 69
22 28 711
28 22 711
22 75 351
75 22 351
22 22 364
22 22 364
22 34 57
34 22 57
22 42 452
42 22 452
22 37 845
37 22 845
22 65 847
65 22 847
23 36 1000
36 23 1000
23 53 422
53 23 422
23 65 47
65 23 47
23 25 465
25 23 465
23 84 750
84 23 750
23 25 900
25 23 900
23 30 381
30 23 381
23 83 510
83 23 510
23 71 121
71 23 121
23 24 746
24 23 746
23 29 503
29 23 503
23 58 251
58 23 251
23 78 790
78 23 790
23 40 249
40 23 249
23 37 148
37 23 148
24 74 414
74 24 414
24 32 779
32 24 779
24 45 348
45 24 348
24 29 119
29 24 119
24 70 203
70 24 203
24 43 115
43 24 115
25 82 297
82 25 297
25 38 930
38 25 930
25 31 344
31 25 344
25 32 541
32 25 541
25 81 316
81 25 316
25 26 538
26 25 538
25 62 614
62 25 614
25 84 609
84 25 609
25 85 349
85 25 349
25 33 691
33 25 691
25 51 986
51 25 986
25 30 314
30 25 314
25 67 559
67 25 559
25 75 885
75 25 885
26 62 998
62 26 998
26 70 209
70 26 209
26 55 384
55 26 384
26 78 677
78 26 677
27 31 749
31 27 749
27 46 39
46 27 39
27 59 593
59 27 593
27 68 442
68 27 442
27 77 733
77 27 733
27 56 73
56 27 73
27 36 635
36 27 635
27 48 878
48 27 878
27 67 205
67 27 205
27 70 273
70 27 273
27 70 704
70 27 704
27 64 224
64 27 224
28 33 79
33 28 79
28 52 749
52 28 749
28 84 799
84 28 799
28 45 695
45 28 695
28 46 163
46 28 163
28 73 774
73 28 774
28 41 279
41 28 279
28 41 634
41 28 634
28 31 966
31 28 966
28 77 899
77 28 899
28 65 59
65 28 59
28 78 732
78 28 732
28 42 360
42 28 360
28 69 818
69 28 818
29 30 561
30 29 561
29 34 543
34 29 543
29 40 189
40 29 189
29 86 528
86 29 528
29 34 47
34 29 47
29 53 75
53 29 75
29 77 973
77 29 973
29 75 757
75 29 757
29 49 380
49 29 380
29 73 815
73 29 815
29 53 880
53 29 880
29 56 929
56 29 929
29 49 626
49 29 626
29 62 863
62 29 863
30 43 299
43 30 299
30 62 85
62 30 85
30 83 906
83 30 906
30 56 14
56 30 14
30 43 838
43 30 838
30 67 692
67 30 692
30 67 695
67 30 695
30 48 507
48 30 507
30 43 617
43 30 617
31 73 6
73 31 6
31 46 160
46 31 160
31 70 699
70 31 699
31 38 422
38 31 422
31 34 287
34 31 287
31 51 66
51 31 66
31 59 337
59 31 337
31 69 486
69 31 486
31 75 56
75 31 56
31 39 352
39 31 352
31 67 763
67 31 763
31 57 851
57 31 851
31 34 372
34 31 372
31 43 636
43 31 636
31 81 515
81 31 515
32 45 552
45 32 552
32 87 866
87 32 866
32 66 352
66 32 352
32 47 229
47 32 229
32 75 291
75 32 291
32 59 673
59 32 673
32 56 625
56 32 625
33 35 155
35 33 155
33 44 599
44 33 599
33 41 379
41 33 379
33 82 164
82 33 164
33 56 17
56 33 17
33 37 483
37 33 483
33 42 452
42 33 452
33 65 867
65 33 867
33 76 102
76 33 102
33 85 656
85 33 656
33 83 339
83 33 339
33 45 25
45 33 25
33 33 193
33 33 193
34 79 357
79 34 357
34 49 76
49 34 76
34 44 308
44 34 308
34 67 834
67 34 834
34 75 874
75 34 874
34 66 405
66 34 405
34 86 875
86 34 875
34 85 371
85 34 371
35 55 969
55 35 969
35 76 245
76 35 245
35 81 273
81 35 273
35 78 785
78 35 785
35 38 956
38 35 956
35 51 371
51 35 371
35 41 110
41 35 110
35 53 902
53 35 902
36 46 59
46 36 59
36 72 311
72 36 311
36 38 729
38 36 729
36 84 838
84 36 838
36 83 847
83 36 847
37 67 159
67 37 159
37 45 438
45 37 438
37 44 215
44 37 215
37 75 139
75 37 139
37 79 237
79 37 237
37 43 701
43 37 701
37 76 102
76 37 102
38 74 883
74 38 883
38 81 271
81 38 271
38 87 745
87 38 745
38 76 101
76 38 101
38 81 95
81 38 95
38 58 186
58 38 186
38 86 699
86 38 699
38 57 301
57 38 301
38 79 707
79 38 707
38 41 741
41 38 741
38 62 33
62 38 33
38 39 576
39 38 576
39 51 756
51 39 756
39 68 380
68 39 380
39 75 307
75 39 307
39 52 893
52 39 893
39 81 863
81 39 863
39 48 617
48 39 617
39 85 606
85 39 606
39 48 978
48 39 978
39 82 476
82 39 476
40 78 973
78 40 973
40 87 986
87 40 986
40 55 926
55 40 926
40 67 19
67 40 19
40 47 699
47 40 699
40 71 927
71 40 927
41 62 776
62 41 776
41 42 614
42 41 614
42 79 740
79 42 740
42 63 987
63 42 987
42 62 886
62 42 886
42 65 753
65 42 753
42 66 505
66 42 505
42 54 892
54 42 892
42 58 770
58 42 770
42 56 541
56 42 541
43 64 903
64 43 903
43 61 631
61 43 631
43 64 949
64 43 949
43 64 872
64 43 872
43 60 93
60 43 93
43 53 422
53 43 422
44 57 894
57 44 894
44 61 426
61 44 426
44 82 745
82 44 745
44 46 444
46 44 444
44 82 407
82 44 407
44 80 225
80 44 225
44 75 703
75 44 703
45 49 762
49 45 762
45 77 51
77 45 51
45 54 922
54 45 922
45 56 739
56 45 739
46 48 522
48 46 522
46 72 929
72 46 929
46 76 412
76 46 412
46 61 544
61 46 544
46 80 842
80 46 842
46 52 689
52 46 689
46 86 853
86 46 853
47 65 409
65 47 409
47 75 54
75 47 54
47 74 766
74 47 766
47 77 937
77 47 937
47 85 187
85 47 187
48 83 659
83 48 659
48 83 92
83 48 92
48 66 85
66 48 85
48 80 686
80 48 686
48 68 359
68 48 359
48 86 452
86 48 452
48 50 175
50 48 175
48 68 138
68 48 138
49 56 161
56 49 161
49 82 394
82 49 394
49 57 43
57 49 43
49 75 631
75 49 631
49 74 354
74 49 354
50 76 531
76 50 531
51 59 811
59 51 811
51 64 336
64 51 336
51 56 694
56 51 694
51 78 259
78 51 259
51 86 320
86 51 320
51 74 711
74 51 711
51 86 437
86 51 437
52 85 140
85 52 140
52 73 135
73 52 135
52 63 533
63 52 533
52 73 777
73 52 777
52 79 167
79 52 167
52 60 995
60 52 995
52 87 746
87 52 746
53 55 304
55 53 304
53 58 857
58 53 857
53 59 440
59 53 440
53 59 223
59 53 223
53 68 878
68 53 878
53 59 771
59 53 771
53 68 154
68 53 154
53 63 222
63 53 222
53 85 415
85 53 415
53 67 382
67 53 382
54 82 954
82 54 954
54 77 214
77 54 214
54 81 716
81 54 716
54 71 514
71 54 514
54 81 847
81 54 847
54 84 273
84 54 273
55 56 928
56 55 928
55 81 804
81 55 804
55 66 840
66 55 840
56 61 744
61 56 744
56 87 794
87 56 794
56 85 142
85 56 142
56 62 5
62 56 5
56 61 678
61 56 678
56 87 157
87 56 157
57 85 822
85 57 822
57 63 31
63 57 31
58 79 349
79 58 349
58 58 474
58 58 474
58 60 346
60 58 346
58 70 784
70 58 784
58 75 663
75 58 663
59 67 84
67 59 84
59 79 211
79 59 211
59 82 722
82 59 722
59 62 734
62 59 734
59 60 493
60 59 493
59 74 559
74 59 559
60 79 807
79 60 807
60 83 455
83 60 455
60 63 481
63 60 481
61 69 802
69 61 802
61 63 360
63 61 360
61 76 466
76 61 466
62 66 573
66 62 573
62 63 593
63 62 593
62 81 395
81 62 395
63 84 995
84 63 995
64 85 927
85 64 927
64 78 981
78 64 981
64 81 84
81 64 84
65 87 843
87 65 843
66 78 500
78 66 500
66 86 534
86 66 534
66 80 479
80 66 479
66 66 450
66 66 450
67 80 167
80 67 167
67 86 981
86 67 981
67 82 637
82 67 637
67 85 595
85 67 595
68 71 967
71 68 967
68 85 520
85 68 520
69 81 919
81 69 919
69 81 393
81 69 393
69 78 529
78 69 529
70 76 327
76 70 327
70 75 980
75 70 980
72 86 954
86 72 954
72 73 19
73 72 19
73 76 295
76 73 295
73 80 542
80 73 542
73 79 625
79 73 625
73 78 824
78 73 824
74 80 461
80 74 461
75 85 508
85 75 508
75 81 617
81 75 617
76 81 364
81 76 364
76 82 269
82 76 269
76 78 148
78 76 148
76 78 933
78 76 933
78 86 372
86 78 372
79 80 308
80 79 308
80 83 159
83 80 159
80 87 48
87 80 48
80 87 741
87 80 741
81 83 311
83 81 311
83 86 781
86 83 781
84 87 326
87 84 326
85 86 762
86 85 762
86 87 502
87 86 502
86 87 855
87 86 855
