97

0 1 716
1 0 716
0 4 967
4 0 967
0 14 308
14 0 308
0 63 468
63 0 468
0 90 152
90 0 152
0 57 852
57 0 852
0 11 993
11 0 993
0 71 90
71 0 90
0 39 163
39 0 163
0 95 874
95 0 874
0 12 68
12 0 68
0 68 775
68 0 775
0 93 618
93 0 618
0 40 804
40 0 804
0 11 100
11 0 100
0 51 473
51 0 473
0 15 939
15 0 939
0 71 482
71 0 482
0 41 846
41 0 846
0 68 938
68 0 938
0 66 196
66 0 196
1 2 421
2 1 421
1 7 795
7 1 795
1 12 875
12 1 875
1 26 598
26 1 598
1 4 658
4 1 658
1 5 1
5 1 1
1 31 515
31 1 515
1 83 625
83 1 625
1 32 946
32 1 946
1 24 24
24 1 24
1 76 884
76 1 884
1 59 781
59 1 781
1 25 90
25 1 90
1 96 31
96 1 31
1 33 198
33 1 198
1 61 327
61 1 327
1 3 268
3 1 268
2 3 29
3 2 29
2 6 10
6 2 10
2 9 149
9 2 149
2 11 279
11 2 279
2 17 82
17 2 82
2 81 982
81 2 982
2 48 196
48 2 196
2 32 956
32 2 956
2 27 1
27 2 1
2 65 642
65 2 642
2 72 620
72 2 620
2 34 795
34 2 795
2 36 320
36 2 320
2 35 333
35 2 333
2 49 618
49 2 618
2 75 932
75 2 932
2 19 518
19 2 518
2 52 457
52 2 457
2 45 958
45 2 958
2 15 479
15 2 479
2 46 837
46 2 837
2 82 734
82 2 734
2 91 253
91 2 253
2 45 216
45 2 216
2 2 273
2 2 273
2 4 418
4 2 418
2 83 525
83 2 525
2 81 325
81 2 325
2 21 948
21 2 948
2 17 873
17 2 873
3 10 159
10 3 159
3 13 979
13 3 979
3 31 71
31 3 71
3 61 278
61 3 278
3 22 717
22 3 717
3 48 35
48 3 35
3 77 101
77 3 101
3 70 593
70 3 593
3 30 10
30 3 10
3 77 5
77 3 5
3 87 616
87 3 616
3 23 357
23 3 357
3 22 774
22 3 774
3 58 271
58 3 271
3 68 121
68 3 121
3 29 327
29 3 327
3 22 479
22 3 479
3 56 934
56 3 934
4 5 265
5 4 265
4 8 540
8 4 540
4 33 137
33 4 137
4 92 563
92 4 563
4 48 552
48 4 552
4 20 845
20 4 845
4 88 624
88 4 624
4 71 708
71 4 708
4 34 323
34 4 323
4 75 1
75 4 1
4 69 117
69 4 117
4 49 62
49 4 62
4 27 627
27 4 627
4 53 893
53 4 893
4 53 278
53 4 278
4 7 786
7 4 786
4 95 205
95 4 205
4 7 186
7 4 186
4 93 174
93 4 174
4 33 532
33 4 532
4 59 696
59 4 696
4 81 588
81 4 588
4 36 855
36 4 855
4 70 610
70 4 610
5 7 198
7 5 198
5 94 629
94 5 629
5 36 178
36 5 178
5 22 928
22 5 928
5 18 236
18 5 236
5 61 468
61 5 468
5 92 945
92 5 945
5 25 324
25 5 324
5 58 801
58 5 801
5 87 336
87 5 336
5 12 850
12 5 850
5 7 419
7 5 419
5 65 646
65 5 646
5 8 289
8 5 289
5 61 29
61 5 29
5 83 658
83 5 658
5 40 810
40 5 810
5 77 365
77 5 365
5 46 367
46 5 367
5 31 179
31 5 179
5 32 233
32 5 233
6 35 672
35 6 672
6 33 471
33 6 471
6 62 381
62 6 381
6 42 218
42 6 218
6 96 279
96 6 279
6 78 447
78 6 447
6 62 687
62 6 687
6 83 669
83 6 669
6 85 470
85 6 470
6 9 931
9 6 931
6 10 379
10 6 379
6 84 154
84 6 154
6 83 975
83 6 975
6 72 906
72 6 906
6 10 641
10 6 641
6 39 572
39 6 572
6 70 583
70 6 583
6 68 850
68 6 850
6 71 255
71 6 255
6 62 113
62 6 113
7 23 453
23 7 453
7 12 451
12 7 451
7 62 779
62 7 779
7 18 296
18 7 296
7 23 195
23 7 195
7 80 473
80 7 473
7 83 572
83 7 572
7 54 416
54 7 416
7 96 917
96 7 917
7 48 903
48 7 903
7 28 502
28 7 502
7 92 345
92 7 345
7 55 399
55 7 399
7 70 945
70 7 945
7 57 785
57 7 785
7 60 793
60 7 793
7 93 632
93 7 632
8 24 992
24 8 992
8 38 65
38 8 65
8 70 429
70 8 429
8 56 288
56 8 288
8 96 405
96 8 405
8 45 364
45 8 364
8 24 1
24 8 1
8 77 122
77 8 122
8 53 496
53 8 496
8 21 19
21 8 19
8 92 715
92 8 715
8 23 983
23 8 983
8 67 743
67 8 743
8 57 768
57 8 768
8 52 599
52 8 599
8 13 331
13 8 331
8 25 79
25 8 79
8 20 598
20 8 598
9 15 996
15 9 996
9 29 310
29 9 310
9 46 926
46 9 926
9 58 820
58 9 820
9 84 988
84 9 988
9 17 810
17 9 810
9 72 121
72 9 121
9 49 698
49 9 698
9 67 111
67 9 111
9 83 404
83 9 404
9 23 250
23 9 250
9 70 368
70 9 368
9 33 947
33 9 947
9 95 495
95 9 495
9 85 315
85 9 315
9 53 671
53 9 671
9 30 659
30 9 659
9 26 807
26 9 807
9 28 448
28 9 448
9 64 12
64 9 12
9 27 961
27 9 961
9 93 384
93 9 384
10 34 96
34 10 96
10 76 726
76 10 726
10 40 199
40 10 199
10 67 939
67 10 939
10 35 680
35 10 680
10 94 331
94 10 331
10 71 798
71 10 798
10 12 660
12 10 660
10 11 548
11 10 548
10 62 946
62 10 946
10 55 816
55 10 816
10 23 677
23 10 677
10 76 994
76 10 994
10 57 257
57 10 257
10 45 84
45 10 84
10 34 510
34 10 510
10 23 51
23 10 51
10 65 67
65 10 67
10 91 737
91 10 737
10 38 473
38 10 473
10 26 448
26 10 448
10 33 981
33 10 981
10 53 440
53 10 440
11 32 17
32 11 17
11 87 642
87 11 642
11 96 198
96 11 198
11 72 94
72 11 94
11 32 920
32 11 920
11 42 173
42 11 173
11 66 807
66 11 807
11 79 297
79 11 297
11 44 436
44 11 436
11 91 440
91 11 440
11 75 778
75 11 778
11 20 812
20 11 812
11 43 731
43 11 731
11 85 707
85 11 707
11 26 680
26 11 680
11 50 934
50 11 934
11 24 600
24 11 600
11 80 206
80 11 206
11 70 378
70 11 378
11 78 521
78 11 521
12 21 192
21 12 192
12 37 91
37 12 91
12 75 233
75 12 233
12 24 472
24 12 472
12 80 231
80 12 231
12 14 598
14 12 598
12 39 137
39 12 137
12 82 829
82 12 829
12 72 3
72 12 3
12 75 651
75 12 651
12 81 618
81 12 618
12 69 389
69 12 389
12 37 786
37 12 786
12 85 773
85 12 773
12 62 986
62 12 986
12 64 867
64 12 867
12 61 918
61 12 918
12 95 299
95 12 299
13 18 357
18 13 357
13 31 883
31 13 883
13 41 833
41 13 833
13 52 395
52 13 395
13 68 422
68 13 422
13 73 877
73 13 877
13 28 158
28 13 158
13 48 665
48 13 665
13 32 547
32 13 547
13 38 35
38 13 35
13 38 736
38 13 736
13 62 908
62 13 908
13 58 654
58 13 654
13 27 395
27 13 395
13 43 832
43 13 832
13 57 759
57 13 759
13 93 499
93 13 499
13 68 395
68 13 395
13 70 98
70 13 98
13 22 51
22 13 51
13 27 608
27 13 608
14 16 812
16 14 812
14 22 389
22 14 389
14 27 843
27 14 843
14 36 975
36 14 975
14 51 638
51 14 638
14 67 485
67 14 485
14 75 142
75 14 142
14 86 159
86 14 159
14 86 771
86 14 771
14 89 160
89 14 160
14 85 145
85 14 145
14 50 48
50 14 48
14 47 972
47 14 972
14 33 991
33 14 991
14 17 309
17 14 309
14 54 344
54 14 344
14 56 373
56 14 373
14 20 495
20 14 495
14 28 702
28 14 702
15 62 17
62 15 17
15 70 852
70 15 852
15 85 126
85 15 126
15 23 46
23 15 46
15 37 53
37 15 53
15 21 887
21 15 887
15 39 141
39 15 141
15 75 622
75 15 622
15 79 381
79 15 381
15 56 312
56 15 312
15 21 369
21 15 369
15 22 852
22 15 852
15 52 58
52 15 58
15 33 752
33 15 752
15 75 221
75 15 221
15 71 516
71 15 516
16 20 422
20 16 422
16 57 462
57 16 462
16 73 926
73 16 926
16 62 168
62 16 168
16 83 548
83 16 548
16 43 273
43 16 273
16 84 201
84 16 201
16 31 526
31 16 526
16 46 259
46 16 259
16 21 502
21 16 502
16 38 504
38 16 504
16 79 805
79 16 805
16 59 543
59 16 543
16 87 404
87 16 404
16 91 73
91 16 73
16 32 548
32 16 548
16 70 949
70 16 949
16 87 895
87 16 895
16 68 62
68 16 62
17 42 477
42 17 477
17 92 892
92 17 892
17 82 979
82 17 979
17 52 429
52 17 429
17 53 317
53 17 317
17 37 774
37 17 774
17 91 435
91 17 435
17 87 966
87 17 966
17 23 173
23 17 173
17 38 342
38 17 342
17 54 320
54 17 320
17 29 973
29 17 973
17 18 949
18 17 949
18 19 874
19 18 874
18 65 71
65 18 71
18 28 625
28 18 625
18 73 242
73 18 242
18 77 229
77 18 229
18 30 459
30 18 459
18 93 9
93 18 9
18 52 602
52 18 602
18 88 460
88 18 460
18 81 887
81 18 887
18 50 760
50 18 760
18 25 217
25 18 217
18 55 345
55 18 345
18 33 297
33 18 297
18 91 27
91 18 27
19 45 661
45 19 661
19 47 172
47 19 172
19 42 838
42 19 838
19 85 205
85 19 205
19 43 470
43 19 470
19 81 398
81 19 398
19 42 474
42 19 474
19 24 845
24 19 845
19 68 947
68 19 947
19 19 646
19 19 646
19 32 918
32 19 918
19 78 747
78 19 747
19 94 844
94 19 844
19 47 931
47 19 931
19 39 370
39 19 370
19 51 818
51 19 818
20 25 129
25 20 129
20 30 430
30 20 430
20 54 686
54 20 686
20 20 739
20 20 739
20 30 590
30 20 590
20 52 668
52 20 668
20 39 522
39 20 522
20 51 230
51 20 230
20 78 246
78 20 246
20 64 994
64 20 994
20 69 26
69 20 26
20 49 195
49 20 195
20 83 414
83 20 414
20 42 80
42 20 80
20 83 176
83 20 176
20 60 778
60 20 778
20 48 949
48 20 949
20 39 229
39 20 229
20 85 536
85 20 536
20 33 35
33 20 35
21 40 20
40 21 20
21 65 915
65 21 915
21 83 453
83 21 453
21 36 84
36 21 84
21 85 762
85 21 762
21 73 482
73 21 482
21 64 229
64 21 229
21 57 208
57 21 208
21 50 357
50 21 357
21 74 163
74 21 163
21 89 840
89 21 840
21 81 606
81 21 606
21 25 641
25 21 641
22 86 232
86 22 232
22 28 854
28 22 854
22 39 748
39 22 748
22 95 925
95 22 925
22 85 11
85 22 11
22 62 438
62 22 438
22 54 691
54 22 691
22 33 983
33 22 983
22 64 528
64 22 528
22 57 384
57 22 384
22 60 952
60 22 952
22 57 319
57 22 319
22 81 521
81 22 521
22 25 618
25 22 618
22 95 366
95 22 366
23 34 828
34 23 828
23 52 209
52 23 209
23 90 590
90 23 590
23 73 702
73 23 702
23 39 388
39 23 388
23 41 696
41 23 696
23 24 367
24 23 367
23 63 294
63 23 294
23 59 356
59 23 356
23 78 715
78 23 715
23 60 49
60 23 49
23 42 951
42 23 951
23 87 390
87 23 390
23 28 867
28 23 867
23 78 919
78 23 919
23 74 788
74 23 788
24 33 512
33 24 512
24 25 940
25 24 940
24 94 238
94 24 238
24 62 272
62 24 272
24 69 702
69 24 702
24 47 639
47 24 639
24 86 414
86 24 414
24 85 915
85 24 915
24 94 101
94 24 101
24 38 149
38 24 149
24 83 543
83 24 543
25 28 423
28 25 423
25 91 293
91 25 293
25 95 732
95 25 732
25 73 891
73 25 891
25 80 858
80 25 858
25 93 901
93 25 901
25 77 29
77 25 29
25 29 655
29 25 655
25 48 910
48 25 910
25 32 705
32 25 705
25 47 650
47 25 650
25 28 126
28 25 126
25 61 208
61 25 208
25 58 63
58 25 63
25 32 296
32 25 296
25 57 449
57 25 449
25 44 614
44 25 614
25 43 982
43 25 982
25 50 859
50 25 859
25 34 710
34 25 710
26 77 669
77 26 669
26 58 657
58 26 657
26 64 809
64 26 809
26 64 4
64 26 4
26 93 191
93 26 191
26 88 165
88 26 165
26 52 756
52 26 756
26 45 979
45 26 979
26 67 660
67 26 660
26 46 14
46 26 14
26 50 6
50 26 6
26 70 758
70 26 758
26 47 192
47 26 192
26 59 849
59 26 849
26 96 99
96 26 99
27 87 463
87 27 463
27 79 641
79 27 641
27 55 293
55 27 293
27 56 726
56 27 726
27 29 107
29 27 107
27 87 129
87 27 129
27 62 477
62 27 477
27 77 97
77 27 97
27 57 813
57 27 813
28 59 879
59 28 879
28 73 559
73 28 559
28 59 288
59 28 288
28 91 476
91 28 476
28 90 445
90 28 445
28 34 854
34 28 854
28 88 197
88 28 197
28 95 491
95 28 491
28 78 88
78 28 88
28 46 607
46 28 607
28 95 66
95 28 66
28 61 976
61 28 976
28 83 233
83 28 233
29 60 226
60 29 226
29 64 393
64 29 393
29 74 907
74 29 907
29 89 482
89 29 482
29 96 583
96 29 583
29 77 825
77 29 825
29 47 573
47 29 573
29 75 414
75 29 414
29 69 744
69 29 744
29 57 344
57 29 344
29 66 702
66 29 702
29 41 488
41 29 488
29 90 485
90 29 485
29 71 681
71 29 681
30 86 517
86 30 517
30 31 531
31 30 531
30 70 610
70 30 610
30 65 383
65 30 383
30 76 637
76 30 637
30 58 136
58 30 136
30 86 379
86 30 379
30 93 467
93 30 467
30 41 305
41 30 305
30 80 784
80 30 784
30 68 249
68 30 249
30 70 755
70 30 755
30 34 677
34 30 677
31 65 423
65 31 423
31 91 999
91 31 999
31 96 206
96 31 206
31 59 439
59 31 439
31 62 517
62 31 517
31 32 217
32 31 217
31 60 501
60 31 501
31 71 369
71 31 369
31 78 915
78 31 915
31 33 953
33 31 953
31 96 902
96 31 902
31 45 934
45 31 934
31 91 437
91 31 437
31 73 899
73 31 899
31 46 918
46 31 918
32 78 135
78 32 135
32 74 783
74 32 783
32 96 936
96 32 936
32 43 1
43 32 1
32 59 891
59 32 891
32 70 401
70 32 401
32 85 5
85 32 5
32 75 21
75 32 21
32 54 766
54 32 766
32 33 901
33 32 901
33 68 421
68 33 421
33 64 1
64 33 1
33 88 622
88 33 622
33 79 763
79 33 763
33 90 517
90 33 517
33 55 628
55 33 628
33 83 155
83 33 155
33 71 656
71 33 656
33 95 337
95 33 337
33 44 1000
44 33 1000
33 35 8
35 33 8
33 43 574
43 33 574
33 57 833
57 33 833
33 63 73
63 33 73
33 76 344
76 33 344
33 35 506
35 33 506
34 95 965
95 34 965
34 39 235
39 34 235
34 41 776
41 34 776
34 36 225
36 34 225
34 43 794
43 34 794
34 57 234
57 34 234
34 38 944
38 34 944
34 52 147
52 34 147
34 52 287
52 34 287
34 49 932
49 34 932
34 51 263
51 34 263
35 52 786
52 35 786
35 58 480
58 35 480
35 94 628
94 35 628
35 87 113
87 35 113
35 51 146
51 35 146
35 51 988
51 35 988
35 90 819
90 35 819
35 84 647
84 35 647
35 93 742
93 35 742
35 66 899
66 35 899
35 59 572
59 35 572
36 43 646
43 36 646
36 76 232
76 36 232
36 74 418
74 36 418
36 87 644
87 36 644
36 92 937
92 36 937
36 52 786
52 36 786
36 38 681
38 36 681
36 48 570
48 36 570
36 53 406
53 36 406
36 89 890
89 36 890
36 83 459
83 36 459
36 45 415
45 36 415
36 69 510
69 36 510
36 51 795
51 36 795
36 88 363
88 36 363
36 47 720
47 36 720
36 37 415
37 36 415
36 43 398
43 36 398
37 39 197
39 37 197
37 44 253
44 37 253
37 79 215
79 37 215
37 62 79
62 37 79
37 66 830
66 37 830
37 94 329
94 37 329
37 90 46
90 37 46
37 85 178
85 37 178
37 94 190
94 37 190
37 37 995
37 37 995
37 62 866
62 37 866
38 51 506
51 38 506
38 70 873
70 38 873
38 94 934
94 38 934
38 91 480
91 38 480
38 49 791
49 38 791
38 47 903
47 38 903
38 53 117
53 38 117
38 60 425
60 38 425
38 66 704
66 38 704
39 57 458
57 39 458
39 59 659
59 39 659
39 40 552
40 39 552
39 81 66
81 39 66
39 42 129
42 39 129
39 63 953
63 39 953
39 81 65
81 39 65
39 67 250
67 39 250
39 82 962
82 39 962
39 59 389
59 39 389
39 44 26
44 39 26
40 50 355
50 40 355
40 67 408
67 40 408
40 66 296
66 40 296
40 69 471
69 40 471
40 56 518
56 40 518
40 87 515
87 40 515
40 94 164
94 40 164
40 56 944
56 40 944
40 56 833
56 40 833
40 65 675
65 40 675
40 48 240
48 40 240
40 61 641
61 40 641
40 51 140
51 40 140
40 75 286
75 40 286
41 78 255
78 41 255
41 56 926
56 41 926
41 82 500
82 41 500
41 43 119
43 41 119
41 54 579
54 41 579
41 89 379
89 41 379
41 51 215
51 41 215
41 63 556
63 41 556
41 72 791
72 41 791
42 47 776
47 42 776
42 61 942
61 42 942
42 96 7
96 42 7
42 52 277
52 42 277
42 52 763
52 42 763
42 96 46
96 42 46
42 77 23
77 42 23
42 51 686
51 42 686
42 57 903
57 42 903
42 67 61
67 42 61
42 74 965
74 42 965
43 49 83
49 43 83
43 71 145
71 43 145
43 96 501
96 43 501
43 84 862
84 43 862
43 77 861
77 43 861
43 48 176
48 43 176
43 50 404
50 43 404
43 73 45
73 43 45
43 88 62
88 43 62
43 91 913
91 43 913
44 53 549
53 44 549
44 70 377
70 44 377
44 49 858
49 44 858
44 74 209
74 44 209
44 44 462
44 44 462
44 52 90
52 44 90
44 65 194
65 44 194
44 74 885
74 44 885
44 82 978
82 44 978
44 67 943
67 44 943
44 66 935
66 44 935
45 48 174
48 45 174
45 66 698
66 45 698
45 73 263
73 45 263
45 46 920
46 45 920
45 65 550
65 45 550
45 80 531
80 45 531
45 65 934
65 45 934
45 87 550
87 45 550
45 62 679
62 45 679
45 49 568
49 45 568
45 55 252
55 45 252
45 54 418
54 45 418
46 85 148
85 46 148
46 74 920
74 46 920
46 90 269
90 46 269
46 54 171
54 46 171
46 57 709
57 46 709
46 63 381
63 46 381
46 67 327
67 46 327
46 61 735
61 46 735
46 81 454
81 46 454
47 52 210
52 47 210
47 74 676
74 47 676
47 87 974
87 47 974
47 89 282
89 47 282
47 51 628
51 47 628
47 51 820
51 47 820
47 92 41
92 47 41
47 50 492
50 47 492
47 93 188
93 47 188
48 81 918
81 48 918
48 69 794
69 48 794
48 96 174
96 48 174
48 96 874
96 48 874
48 54 238
54 48 238
48 72 343
72 48 343
48 77 487
77 48 487
48 77 346
77 48 346
48 85 416
85 48 416
49 59 368
59 49 368
49 72 439
72 49 439
49 51 144
51 49 144
49 86 197
86 49 197
49 51 50
51 49 50
49 72 150
72 49 150
49 49 384
49 49 384
49 65 898
65 49 898
49 76 714
76 49 714
49 52 279
52 49 279
49 50 978
50 49 978
49 50 193
50 49 193
50 55 501
55 50 501
50 79 740
79 50 740
50 83 928
83 50 928
50 82 108
82 50 108
50 68 763
68 50 763
50 81 576
81 50 576
50 83 43
83 50 43
50 73 755
73 50 755
50 73 667
73 50 667
50 83 72
83 50 72
50 70 38
70 50 38
50 78 548
78 50 548
51 56 727
56 51 727
51 71 530
71 51 530
51 82 338
82 51 338
51 52 115
52 51 115
51 80 324
80 51 324
51 81 671
81 51 671
51 96 52
96 51 52
51 69 994
69 51 994
51 55 945
55 51 945
51 72 432
72 51 432
52 57 327
57 52 327
52 94 270
94 52 270
52 90 741
90 52 741
52 69 647
69 52 647
52 76 509
76 52 509
52 67 185
67 52 185
52 78 496
78 52 496
52 79 322
79 52 322
52 54 167
54 52 167
52 59 527
59 52 527
53 74 6
74 53 6
53 55 47
55 53 47
53 72 890
72 53 890
53 88 244
88 53 244
53 88 49
88 53 49
53 70 447
70 53 447
53 70 678
70 53 678
53 85 227
85 53 227
53 58 844
58 53 844
53 81 652
81 53 652
53 73 614
73 53 614
54 72 919
72 54 919
54 67 807
67 54 807
54 93 779
93 54 779
54 64 888
64 54 888
54 95 347
95 54 347
54 77 972
77 54 972
54 94 856
94 54 856
55 57 91
57 55 91
55 74 719
74 55 719
55 61 927
61 55 927
55 66 975
66 55 975
56 70 702
70 56 702
56 91 28
91 56 28
56 64 440
64 56 440
56 82 142
82 56 142
56 95 460
95 56 460
56 74 634
74 56 634
56 88 958
88 56 958
56 70 222
70 56 222
57 94 772
94 57 772
57 81 187
81 57 187
57 91 483
91 57 483
57 92 612
92 57 612
57 58 228
58 57 228
57 61 159
61 57 159
57 68 973
68 57 973
57 66 15
66 57 15
58 61 513
61 58 513
58 79 652
79 58 652
58 71 330
71 58 330
58 60 683
60 58 683
58 90 734
90 58 734
58 76 40
76 58 40
58 73 45
73 58 45
58 88 65
88 58 65
58 88 81
88 58 81
58 72 701
72 58 701
58 59 204
59 58 204
59 88 545
88 59 545
59 95 889
95 59 889
59 81 424
81 59 424
59 83 316
83 59 316
59 93 602
93 59 602
59 68 419
68 59 419
59 91 291
91 59 291
59 61 290
61 59 290
59 82 825
82 59 825
60 81 811
81 60 811
60 86 124
86 60 124
60 79 911
79 60 911
60 84 768
84 60 768
60 96 430
96 60 430
60 69 956
69 60 956
60 70 960
70 60 960
61 69 927
69 61 927
61 83 176
83 61 176
61 76 103
76 61 103
61 69 220
69 61 220
61 95 992
95 61 992
61 84 523
84 61 523
62 77 896
77 62 896
62 64 941
64 62 941
62 72 57
72 62 57
62 93 729
93 62 729
62 66 569
66 62 569
62 77 756
77 62 756
62 80 964
80 62 964
62 95 383
95 62 383
62 85 243
85 62 243
63 88 338
88 63 338
63 71 384
71 63 384
63 73 826
73 63 826
63 82 259
82 63 259
63 70 459
70 63 459
63 84 536
84 63 536
63 85 552
85 63 552
63 64 745
64 63 745
63 74 599
74 63 599
63 68 896
68 63 896
64 96 422
96 64 422
64 67 196
67 64 196
64 78 748
78 64 748
64 65 662
65 64 662
64 68 796
68 64 796
64 87 527
87 64 527
65 96 28
96 65 28
65 88 571
88 65 571
65 90 473
90 65 473
65 79 690
79 65 690
65 71 612
71 65 612
65 68 872
68 65 872
65 81 177
81 65 177
66 81 217
81 66 217
66 69 832
69 66 832
66 71 634
71 66 634
66 71 493
71 66 493
66 93 447
93 66 447
66 87 971
87 66 971
67 72 520
72 67 520
67 75 238
75 67 238
67 91 90
91 67 90
67 81 279
81 67 279
68 83 151
83 68 151
68 76 201
76 68 201
68 87 258
87 68 258
68 70 572
70 68 572
68 73 705
73 68 705
68 92 731
92 68 731
68 78 658
78 68 658
69 82 269
82 69 269
69 94 114
94 69 114
69 71 986
71 69 986
69 91 918
91 69 918
69 75 368
75 69 368
70 93 882
93 70 882
70 81 180
81 70 180
70 75 579
75 70 579
70 95 899
95 70 899
70 79 177
79 70 177
71 80 320
80 71 320
71 85 846
85 71 846
71 92 655
92 71 655
71 79 925
79 71 925
71 92 111
92 71 111
71 77 375
77 71 375
71 79 167
79 71 167
71 73 797
73 71 797
71 72 956
72 71 956
71 87 639
87 71 639
71 90 340
90 71 340
72 93 397
93 72 397
72 82 578
82 72 578
72 77 950
77 72 950
72 79 953
79 72 953
72 83 91
83 72 91
72 82 838
82 72 838
72 89 336
89 72 336
72 93 189
93 72 189
73 79 293
79 73 293
73 84 382
84 73 382
73 77 163
77 73 163
73 79 906
79 73 906
73 93 377
93 73 377
74 89 62
89 74 62
74 92 636
92 74 636
74 76 475
76 74 475
74 81 38
81 74 38
74 77 971
77 74 971
75 90 75
90 75 75
75 95 331
95 75 331
75 92 233
92 75 233
75 86 798
86 75 798
76 78 891
78 76 891
76 76 853
76 76 853
76 78 195
78 76 195
77 87 592
87 77 592
77 96 175
96 77 175
78 94 272
94 78 272
78 92 580
92 78 580
78 95 501
95 78 501
78 88 961
88 78 961
78 80 914
80 78 914
78 94 298
94 78 298
79 79 119
79 79 119
79 87 250
87 79 250
79 79 881
79 79 881
80 94 547
94 80 547
80 85 338
85 80 338
81 87 682
87 81 682
81 82 162
82 81 162
82 89 341
89 82 341
82 91 226
91 82 226
82 89 131
89 82 131
83 93 828
93 83 828
83 86 398
86 83 398
83 92 75
92 83 75
83 89 980
89 83 980
84 90 304
90 84 304
84 87 444
87 84 444
84 92 561
92 84 561
86 92 206
92 86 206
87 95 140
95 87 140
87 89 841
89 87 841
88 90 226
90 88 226
91 93 987
93 91 987
91 92 954
92 91 954
95 96 188
96 95 188
