86

0 1 765
1 0 765
0 2 166
2 0 166
0 69 199
69 0 199
1 4 647
4 1 647
1 79 636
79 1 636
1 66 97
66 1 97
1 25 324
25 1 324
1 33 887
33 1 887
2 3 256
3 2 256
2 5 196
5 2 196
2 23 581
23 2 581
2 34 360
34 2 360
2 19 910
19 2 910
2 58 615
58 2 615
2 58 67
58 2 67
2 4 451
4 2 451
2 5 824
5 2 824
2 9 330
9 2 330
3 6 796
6 3 796
3 8 352
8 3 352
3 12 366
12 3 366
3 20 722
20 3 722
3 29 126
29 3 126
3 61 652
61 3 652
3 23 970
23 3 970
3 17 485
17 3 485
3 75 500
75 3 500
3 33 506
33 3 506
4 9 950
9 4 950
4 16 809
16 4 809
4 18 102
18 4 102
4 30 496
30 4 496
4 39 794
39 4 794
4 15 388
15 4 388
4 9 620
9 4 620
4 82 845
82 4 845
5 7 870
7 5 870
5 10 934
10 5 934
5 11 130
11 5 130
5 24 836
24 5 836
5 62 479
62 5 479
5 32 61
32 5 61
6 14 206
14 6 206
6 25 433
25 6 433
6 72 967
72 6 967
6 42 173
42 6 173
6 21 725
21 6 725
7 17 709
17 7 709
7 28 691
28 7 691
7 36 78
36 7 78
7 73 67
73 7 67
8 21 528
21 8 528
8 48 824
48 8 824
8 80 929
80 8 929
8 25 635
25 8 635
8 73 663
73 8 663
9 35 596
35 9 596
9 50 48
50 9 48
9 82 614
82 9 614
9 20 74
20 9 74
10 13 981
13 10 981
10 22 964
22 10 964
10 66 176
66 10 176
10 29 313
29 10 313
11 33 870
33 11 870
11 38 515
38 11 515
11 16 224
16 11 224
11 59 420
59 11 420
11 50 507
50 11 507
11 58 796
58 11 796
11 34 989
34 11 989
13 52 710
52 13 710
13 67 191
67 13 191
14 15 223
15 14 223
14 19 476
19 14 476
14 37 384
37 14 384
14 17 759
17 14 759
15 59 337
59 15 337
15 61 892
61 15 892
16 43 908
43 16 908
17 26 271
26 17 271
17 58 840
58 17 840
17 75 110
75 17 110
17 83 157
83 17 157
18 85 244
85 18 244
18 55 490
55 18 490
18 65 824
65 18 824
19 22 452
22 19 452
19 67 112
67 19 112
19 67 673
67 19 673
20 20 557
20 20 557
20 29 13
29 20 13
20 25 352
25 20 352
20 69 231
69 20 231
20 41 401
41 20 401
21 57 984
57 21 984
21 68 818
68 21 818
21 38 697
38 21 697
22 27 753
27 22 753
23 73 735
73 23 735
23 83 662
83 23 662
24 84 589
84 24 589
24 45 518
45 24 518
24 42 825
42 24 825
24 66 778
66 24 778
26 31 59
31 26 59
26 32 443
32 26 443
26 37 215
37 26 215
26 42 671
42 26 671
26 65 885
65 26 885
26 79 71
79 26 71
26 75 262
75 26 262
26 72 85
72 26 85
27 33 17
33 27 17
28 41 329
41 28 329
28 76 330
76 28 330
29 40 921
40 29 921
29 30 106
30 29 106
31 46 488
46 31 488
31 72 141
72 31 141
31 48 390
48 31 390
31 76 811
76 31 811
32 58 794
58 32 794
32 43 282
43 32 282
33 43 44
43 33 44
33 51 580
51 33 580
33 56 977
56 33 977
33 77 31
77 33 31
34 79 304
79 34 304
35 36 585
36 35 585
35 69 396
69 35 396
35 78 112
78 35 112
35 51 350
51 35 350
36 45 219
45 36 219
36 70 649
70 36 649
36 83 627
83 36 627
36 73 253
73 36 253
36 53 532
53 36 532
36 72 468
72 36 468
37 44 693
44 37 693
38 71 79
71 38 79
38 55 49
55 38 49
39 46 540
46 39 540
40 47 26
47 40 26
40 54 461
54 40 461
40 68 712
68 40 712
41 81 457
81 41 457
44 54 286
54 44 286
45 55 428
55 45 428
45 74 318
74 45 318
45 77 929
77 45 929
45 62 998
62 45 998
45 83 829
83 45 829
46 49 152
49 46 152
46 55 133
55 46 133
46 76 903
76 46 903
46 65 280
65 46 280
46 52 754
52 46 754
47 60 534
60 47 534
47 74 156
74 47 156
48 54 884
54 48 884
48 71 871
71 48 871
49 53 793
53 49 793
49 64 907
64 49 907
49 50 278
50 49 278
49 67 976
67 49 976
51 63 628
63 51 628
52 59 364
59 52 364
52 66 291
66 52 291
53 76 536
76 53 536
53 76 549
76 53 549
53 75 6
75 53 6
55 59 757
59 55 757
55 81 59
81 55 59
56 78 795
78 56 795
58 72 744
72 58 744
59 65 915
65 59 915
59 82 351
82 59 351
60 79 730
79 60 730
61 72 722
72 61 722
61 79 39
79 61 39
61 84 96
84 61 96
61 81 881
81 61 881
62 66 754
66 62 754
62 76 20
76 62 20
63 67 297
67 63 297
63 69 237
69 63 237
64 67 502
67 64 502
65 68 573
68 65 573
66 76 625
76 66 625
66 74 566
74 66 566
70 85 924
85 70 924
70 83 608
83 70 608
73 84 485
84 73 485
74 85 725
85 74 725
75 78 137
78 75 137
77 84 740
84 77 740
77 85 230
85 77 230
