74

0 1 347
1 0 347
0 4 70
4 0 70
0 18 384
18 0 384
0 60 799
60 0 799
0 64 952
64 0 952
0 23 577
23 0 577
0 67 720
67 0 720
0 62 640
62 0 640
0 22 427
22 0 427
0 31 560
31 0 560
0 19 752
19 0 752
1 2 326
2 1 326
1 5 46
5 1 46
1 10 548
10 1 548
1 11 69
11 1 69
1 19 748
19 1 748
1 21 20
21 1 20
1 25 473
25 1 473
1 34 220
34 1 220
1 53 271
53 1 271
1 52 81
52 1 81
1 67 381
67 1 381
1 37 178
37 1 178
1 47 645
47 1 645
1 63 824
63 1 824
1 1 36
1 1 36
1 9 629
9 1 629
1 2 531
2 1 531
2 3 240
3 2 240
2 12 150
12 2 150
2 26 709
26 2 709
2 32 409
32 2 409
2 62 607
62 2 607
2 45 697
45 2 697
2 58 839
58 2 839
2 15 438
15 2 438
2 17 233
17 2 233
2 27 143
27 2 143
2 69 682
69 2 682
2 58 182
58 2 182
2 21 554
21 2 554
3 6 126
6 3 126
3 39 441
39 3 441
3 71 65
71 3 65
3 73 561
73 3 561
3 43 350
43 3 350
3 29 595
29 3 595
3 59 847
59 3 847
3 58 967
58 3 967
3 71 505
71 3 505
3 65 121
65 3 121
3 30 811
30 3 811
3 44 483
44 3 483
3 54 555
54 3 555
3 56 670
56 3 670
3 60 703
60 3 703
3 49 68
49 3 68
3 23 173
23 3 173
3 52 831
52 3 831
3 29 821
29 3 821
3 29 84
29 3 84
4 17 670
17 4 670
4 27 15
27 4 15
4 48 368
48 4 368
4 32 315
32 4 315
4 38 807
38 4 807
4 62 930
62 4 930
4 68 149
68 4 149
4 5 513
5 4 513
4 32 482
32 4 482
4 53 280
53 4 280
4 23 731
23 4 731
4 56 49
56 4 49
4 33 510
33 4 510
4 8 263
8 4 263
4 35 144
35 4 144
4 57 234
57 4 234
5 7 96
7 5 96
5 23 752
23 5 752
5 46 164
46 5 164
5 51 496
51 5 496
5 36 384
36 5 384
5 54 38
54 5 38
5 67 532
67 5 532
5 21 274
21 5 274
5 5 447
5 5 447
5 26 53
26 5 53
5 50 34
50 5 34
5 52 557
52 5 557
5 56 127
56 5 127
5 6 65
6 5 65
5 57 623
57 5 623
5 62 826
62 5 826
5 52 337
52 5 337
5 43 688
43 5 688
5 48 850
48 5 850
6 8 634
8 6 634
6 18 758
18 6 758
6 61 424
61 6 424
6 9 476
9 6 476
6 20 60
20 6 60
6 42 708
42 6 708
6 38 189
38 6 189
6 30 968
30 6 968
6 23 274
23 6 274
6 72 186
72 6 186
7 9 995
9 7 995
7 47 582
47 7 582
7 16 146
16 7 146
7 73 766
73 7 766
7 19 1000
19 7 1000
7 22 64
22 7 64
7 26 963
26 7 963
7 12 668
12 7 668
7 32 381
32 7 381
7 24 686
24 7 686
7 35 690
35 7 690
7 38 934
38 7 934
7 33 805
33 7 805
7 67 343
67 7 343
8 16 758
16 8 758
8 34 758
34 8 758
8 12 729
12 8 729
8 19 312
19 8 312
8 43 886
43 8 886
8 40 955
40 8 955
8 72 766
72 8 766
8 55 648
55 8 648
8 39 263
39 8 263
8 34 278
34 8 278
9 33 118
33 9 118
9 42 142
42 9 142
9 29 149
29 9 149
9 48 609
48 9 609
9 69 478
69 9 478
9 66 830
66 9 830
9 55 501
55 9 501
9 46 352
46 9 352
9 66 529
66 9 529
9 56 48
56 9 48
9 12 12
12 9 12
9 57 915
57 9 915
10 13 864
13 10 864
10 15 723
15 10 723
10 20 451
20 10 451
10 59 447
59 10 447
10 49 594
49 10 594
10 69 721
69 10 721
10 65 12
65 10 12
10 66 329
66 10 329
10 71 352
71 10 352
10 52 227
52 10 227
10 36 478
36 10 478
10 45 476
45 10 476
10 44 683
44 10 683
10 65 19
65 10 19
10 23 36
23 10 36
10 62 733
62 10 733
11 73 692
73 11 692
11 14 4
14 11 4
11 13 624
13 11 624
11 41 327
41 11 327
11 36 755
36 11 755
11 49 636
49 11 636
11 72 309
72 11 309
11 49 515
49 11 515
11 14 486
14 11 486
11 22 856
22 11 856
11 62 145
62 11 145
11 25 104
25 11 104
11 50 15
50 11 15
11 23 48
23 11 48
11 11 12
11 11 12
12 14 924
14 12 924
12 65 434
65 12 434
12 60 70
60 12 70
12 48 373
48 12 373
12 65 498
65 12 498
12 46 724
46 12 724
12 56 787
56 12 787
12 64 694
64 12 694
12 43 358
43 12 358
12 47 727
47 12 727
13 67 59
67 13 59
13 35 129
35 13 129
13 67 841
67 13 841
13 52 135
52 13 135
13 21 184
21 13 184
13 60 252
60 13 252
13 30 917
30 13 917
13 14 204
14 13 204
13 63 670
63 13 670
13 47 182
47 13 182
13 62 278
62 13 278
13 60 397
60 13 397
13 30 332
30 13 332
13 25 80
25 13 80
14 22 467
22 14 467
14 28 734
28 14 734
14 18 417
18 14 417
14 46 755
46 14 755
14 41 968
41 14 968
14 22 209
22 14 209
14 65 265
65 14 265
14 57 903
57 14 903
14 60 329
60 14 329
14 20 509
20 14 509
14 63 185
63 14 185
14 68 47
68 14 47
14 64 520
64 14 520
14 28 278
28 14 278
14 43 294
43 14 294
14 33 210
33 14 210
14 67 461
67 14 461
14 19 286
19 14 286
14 63 172
63 14 172
15 54 903
54 15 903
15 27 184
27 15 184
15 26 999
26 15 999
15 21 463
21 15 463
15 63 28
63 15 28
15 72 251
72 15 251
15 29 785
29 15 785
15 38 288
38 15 288
15 50 719
50 15 719
15 60 574
60 15 574
15 16 954
16 15 954
15 19 691
19 15 691
15 18 845
18 15 845
15 22 765
22 15 765
16 30 986
30 16 986
16 37 711
37 16 711
16 26 384
26 16 384
16 67 855
67 16 855
16 63 754
63 16 754
16 52 137
52 16 137
16 26 881
26 16 881
16 17 269
17 16 269
16 63 347
63 16 347
16 44 917
44 16 917
16 38 198
38 16 198
16 45 450
45 16 450
16 24 188
24 16 188
16 37 871
37 16 871
17 60 793
60 17 793
17 26 977
26 17 977
17 46 519
46 17 519
17 37 664
37 17 664
17 47 7
47 17 7
17 66 562
66 17 562
18 31 872
31 18 872
18 32 329
32 18 329
18 57 595
57 18 595
18 27 961
27 18 961
18 39 605
39 18 605
18 39 376
39 18 376
18 48 431
48 18 431
18 65 55
65 18 55
18 72 372
72 18 372
18 37 595
37 18 595
18 29 762
29 18 762
19 41 47
41 19 47
19 55 146
55 19 146
19 47 841
47 19 841
19 38 899
38 19 899
19 58 641
58 19 641
20 47 441
47 20 441
20 22 750
22 20 750
20 50 117
50 20 117
20 57 160
57 20 160
20 46 367
46 20 367
20 72 901
72 20 901
20 69 462
69 20 462
20 73 585
73 20 585
20 54 498
54 20 498
20 26 300
26 20 300
20 36 829
36 20 829
20 21 135
21 20 135
20 24 999
24 20 999
20 37 744
37 20 744
20 63 269
63 20 269
21 36 713
36 21 713
21 38 424
38 21 424
21 54 852
54 21 852
21 27 694
27 21 694
21 26 945
26 21 945
21 58 747
58 21 747
21 64 190
64 21 190
21 51 795
51 21 795
21 63 247
63 21 247
21 27 248
27 21 248
22 70 802
70 22 802
22 69 646
69 22 646
22 41 188
41 22 188
22 61 686
61 22 686
22 57 135
57 22 135
22 61 876
61 22 876
22 22 241
22 22 241
22 23 687
23 22 687
22 32 936
32 22 936
22 33 768
33 22 768
22 42 398
42 22 398
23 24 604
24 23 604
23 35 256
35 23 256
23 50 77
50 23 77
23 72 739
72 23 739
23 56 163
56 23 163
23 66 925
66 23 925
23 35 523
35 23 523
24 40 909
40 24 909
24 70 246
70 24 246
24 66 73
66 24 73
24 26 947
26 24 947
24 63 968
63 24 968
24 38 341
38 24 341
24 63 484
63 24 484
24 32 833
32 24 833
25 57 228
57 25 228
25 42 702
42 25 702
25 27 691
27 25 691
25 53 431
53 25 431
25 54 523
54 25 523
25 39 809
39 25 809
25 48 5
48 25 5
25 30 797
30 25 797
25 37 61
37 25 61
25 50 905
50 25 905
26 44 58
44 26 58
26 52 627
52 26 627
26 43 197
43 26 197
26 61 469
61 26 469
26 29 974
29 26 974
26 68 145
68 26 145
26 52 745
52 26 745
26 52 287
52 26 287
26 48 942
48 26 942
26 46 81
46 26 81
27 29 780
29 27 780
27 46 498
46 27 498
27 57 695
57 27 695
27 33 433
33 27 433
27 65 496
65 27 496
27 44 276
44 27 276
28 60 95
60 28 95
28 40 618
40 28 618
28 48 909
48 28 909
28 29 19
29 28 19
28 44 223
44 28 223
28 62 62
62 28 62
28 35 556
35 28 556
28 32 48
32 28 48
28 61 653
61 28 653
28 47 400
47 28 400
28 69 225
69 28 225
28 31 274
31 28 274
28 37 45
37 28 45
28 62 250
62 28 250
28 64 258
64 28 258
29 30 23
30 29 23
29 40 163
40 29 163
29 38 380
38 29 380
29 35 408
35 29 408
29 43 558
43 29 558
29 45 914
45 29 914
29 48 872
48 29 872
29 61 945
61 29 945
29 33 753
33 29 753
29 38 584
38 29 584
29 57 120
57 29 120
29 34 139
34 29 139
29 33 733
33 29 733
29 60 599
60 29 599
30 50 611
50 30 611
30 51 879
51 30 879
30 68 759
68 30 759
30 38 726
38 30 726
30 42 396
42 30 396
30 36 366
36 30 366
30 55 332
55 30 332
30 65 904
65 30 904
30 69 796
69 30 796
30 46 942
46 30 942
30 58 412
58 30 412
31 59 672
59 31 672
31 72 971
72 31 971
31 73 651
73 31 651
31 44 600
44 31 600
31 64 57
64 31 57
31 61 884
61 31 884
31 32 806
32 31 806
31 72 352
72 31 352
31 60 91
60 31 91
31 55 637
55 31 637
32 63 986
63 32 986
32 66 606
66 32 606
32 44 531
44 32 531
32 33 836
33 32 836
32 52 489
52 32 489
32 73 110
73 32 110
32 65 989
65 32 989
32 62 371
62 32 371
32 57 120
57 32 120
32 63 384
63 32 384
32 47 331
47 32 331
32 61 292
61 32 292
32 54 842
54 32 842
32 41 237
41 32 237
33 41 358
41 33 358
33 64 697
64 33 697
33 65 929
65 33 929
33 47 297
47 33 297
33 62 81
62 33 81
33 37 841
37 33 841
33 54 691
54 33 691
33 58 34
58 33 34
33 51 501
51 33 501
34 51 323
51 34 323
34 37 200
37 34 200
34 40 984
40 34 984
34 37 807
37 34 807
34 58 996
58 34 996
34 65 891
65 34 891
34 62 777
62 34 777
34 59 901
59 34 901
34 42 731
42 34 731
34 51 642
51 34 642
34 61 98
61 34 98
34 72 282
72 34 282
34 56 902
56 34 902
35 73 12
73 35 12
35 69 157
69 35 157
35 36 4
36 35 4
35 67 632
67 35 632
35 42 61
42 35 61
35 58 235
58 35 235
36 49 593
49 36 593
36 54 162
54 36 162
36 46 398
46 36 398
36 37 48
37 36 48
36 65 944
65 36 944
36 45 449
45 36 449
36 60 729
60 36 729
37 66 546
66 37 546
37 49 779
49 37 779
37 60 965
60 37 965
37 69 480
69 37 480
37 60 243
60 37 243
37 39 603
39 37 603
37 37 474
37 37 474
37 72 860
72 37 860
37 68 250
68 37 250
37 40 237
40 37 237
37 57 672
57 37 672
38 53 771
53 38 771
38 69 199
69 38 199
38 55 204
55 38 204
38 69 797
69 38 797
38 43 324
43 38 324
38 66 815
66 38 815
39 59 697
59 39 697
39 53 567
53 39 567
39 55 554
55 39 554
39 48 756
48 39 756
39 58 111
58 39 111
39 48 563
48 39 563
39 61 641
61 39 641
39 45 998
45 39 998
39 70 628
70 39 628
39 42 706
42 39 706
40 42 875
42 40 875
40 48 560
48 40 560
40 54 365
54 40 365
41 43 467
43 41 467
41 45 584
45 41 584
41 60 175
60 41 175
41 71 34
71 41 34
41 69 656
69 41 656
42 70 970
70 42 970
42 57 618
57 42 618
42 44 497
44 42 497
42 67 648
67 42 648
42 46 967
46 42 967
42 44 364
44 42 364
42 64 125
64 42 125
43 70 880
70 43 880
43 62 408
62 43 408
43 46 886
46 43 886
43 69 179
69 43 179
44 45 336
45 44 336
44 55 884
55 44 884
45 69 429
69 45 429
45 50 860
50 45 860
45 55 271
55 45 271
45 66 499
66 45 499
45 50 726
50 45 726
46 56 598
56 46 598
46 51 991
51 46 991
46 49 786
49 46 786
46 50 334
50 46 334
46 56 946
56 46 946
47 55 655
55 47 655
47 69 356
69 47 356
47 60 296
60 47 296
48 61 392
61 48 392
48 71 699
71 48 699
48 67 575
67 48 575
48 52 62
52 48 62
48 62 812
62 48 812
48 60 339
60 48 339
49 65 670
65 49 670
49 62 194
62 49 194
49 63 862
63 49 862
49 49 636
49 49 636
49 58 976
58 49 976
50 62 176
62 50 176
50 65 993
65 50 993
50 71 804
71 50 804
50 66 240
66 50 240
50 68 57
68 50 57
50 72 40
72 50 40
50 63 658
63 50 658
50 54 203
54 50 203
50 71 868
71 50 868
50 71 334
71 50 334
50 59 79
59 50 79
50 65 898
65 50 898
51 64 401
64 51 401
51 73 250
73 51 250
51 65 245
65 51 245
51 68 882
68 51 882
51 56 973
56 51 973
51 53 533
53 51 533
52 59 87
59 52 87
52 54 725
54 52 725
52 63 863
63 52 863
52 60 268
60 52 268
52 61 340
61 52 340
52 60 165
60 52 165
53 56 204
56 53 204
53 53 557
53 53 557
53 69 173
69 53 173
53 57 985
57 53 985
54 64 708
64 54 708
54 58 163
58 54 163
55 65 800
65 55 800
55 64 360
64 55 360
55 71 131
71 55 131
56 58 159
58 56 159
56 64 184
64 56 184
56 57 762
57 56 762
56 63 464
63 56 464
57 68 1
68 57 1
57 64 370
64 57 370
57 67 671
67 57 671
57 68 677
68 57 677
58 72 944
72 58 944
58 65 998
65 58 998
58 59 438
59 58 438
58 62 997
62 58 997
59 67 57
67 59 57
59 72 539
72 59 539
59 66 704
66 59 704
60 64 565
64 60 565
61 71 287
71 61 287
63 68 488
68 63 488
64 67 65
67 64 65
65 69 417
69 65 417
66 67 202
67 66 202
67 72 708
72 67 708
68 69 456
69 68 456
