16

0 1 470
1 0 470
0 2 811
2 0 811
0 8 548
8 0 548
0 14 876
14 0 876
1 3 325
3 1 325
1 9 207
9 1 207
1 10 691
10 1 691
1 14 492
14 1 492
1 11 499
11 1 499
2 10 35
10 2 35
3 4 767
4 3 767
3 5 162
5 3 162
4 5 249
5 4 249
4 7 134
7 4 134
5 6 913
6 5 913
5 14 983
14 5 983
5 6 999
6 5 999
7 11 860
11 7 860
7 9 727
9 7 727
8 12 885
12 8 885
12 13 241
13 12 241
13 14 600
14 13 600
14 15 288
15 14 288
