82

0 1 97
1 0 97
0 2 414
2 0 414
0 4 64
4 0 64
0 10 349
10 0 349
0 27 753
27 0 753
0 29 364
29 0 364
0 80 707
80 0 707
0 64 52
64 0 52
0 79 467
79 0 467
0 27 466
27 0 466
0 15 784
15 0 784
0 8 320
8 0 320
0 76 819
76 0 819
0 35 54
35 0 54
0 47 293
47 0 293
0 12 365
12 0 365
0 28 628
28 0 628
0 25 457
25 0 457
1 3 829
3 1 829
1 12 279
12 1 279
1 42 442
42 1 442
1 70 744
70 1 744
1 3 773
3 1 773
1 75 368
75 1 368
1 54 28
54 1 28
1 61 613
61 1 613
1 53 821
53 1 821
1 62 719
62 1 719
1 42 196
42 1 196
1 38 219
38 1 219
1 12 389
12 1 389
1 32 740
32 1 740
1 9 389
9 1 389
1 68 660
68 1 660
1 39 901
39 1 901
1 77 948
77 1 948
1 11 684
11 1 684
1 38 226
38 1 226
1 14 329
14 1 329
2 5 796
5 2 796
2 8 824
8 2 824
2 56 343
56 2 343
2 67 743
67 2 743
2 44 137
44 2 137
2 61 756
61 2 756
2 24 984
24 2 984
2 40 894
40 2 894
2 22 691
22 2 691
2 62 20
62 2 20
2 38 932
38 2 932
2 6 353
6 2 353
2 80 753
80 2 753
2 19 429
19 2 429
2 6 625
6 2 625
2 33 19
33 2 19
2 47 577
47 2 577
2 13 166
13 2 166
2 37 255
37 2 255
3 9 214
9 3 214
3 16 85
16 3 85
3 30 460
30 3 460
3 49 951
49 3 951
3 57 372
57 3 372
3 6 392
6 3 392
3 7 108
7 3 108
3 6 561
6 3 561
3 27 38
27 3 38
3 32 307
32 3 307
3 52 262
52 3 262
3 19 865
19 3 865
3 31 711
31 3 711
3 33 480
33 3 480
4 6 769
6 4 769
4 38 790
38 4 790
4 56 969
56 4 969
4 10 724
10 4 724
4 75 634
75 4 634
4 54 992
54 4 992
4 73 789
73 4 789
4 22 309
22 4 309
4 53 559
53 4 559
4 48 74
48 4 74
4 72 849
72 4 849
4 8 612
8 4 612
4 69 327
69 4 327
4 17 86
17 4 86
4 39 815
39 4 815
4 18 309
18 4 309
4 13 983
13 4 983
4 76 412
76 4 412
5 24 465
24 5 465
5 18 487
18 5 487
5 66 862
66 5 862
5 11 28
11 5 28
5 29 674
29 5 674
5 68 767
68 5 767
5 40 350
40 5 350
5 39 739
39 5 739
5 68 206
68 5 206
5 12 750
12 5 750
5 9 934
9 5 934
5 70 850
70 5 850
5 64 658
64 5 658
5 32 413
32 5 413
5 21 847
21 5 847
5 35 525
35 5 525
5 43 799
43 5 799
5 64 404
64 5 404
6 7 205
7 6 205
6 11 45
11 6 45
6 25 266
25 6 266
6 26 692
26 6 692
6 18 347
18 6 347
6 57 691
57 6 691
6 13 843
13 6 843
6 67 135
67 6 135
6 65 931
65 6 931
6 54 516
54 6 516
6 44 474
44 6 474
6 79 399
79 6 399
6 32 325
32 6 325
6 36 813
36 6 813
6 19 118
19 6 118
6 7 887
7 6 887
6 68 141
68 6 141
6 66 141
66 6 141
6 33 670
33 6 670
7 38 642
38 7 642
7 12 642
12 7 642
7 11 651
11 7 651
7 45 60
45 7 60
7 30 102
30 7 102
7 22 765
22 7 765
7 25 225
25 7 225
7 29 499
29 7 499
7 8 229
8 7 229
7 38 742
38 7 742
7 19 101
19 7 101
7 37 720
37 7 720
7 58 730
58 7 730
7 27 948
27 7 948
7 55 164
55 7 164
7 18 883
18 7 883
7 59 440
59 7 440
7 62 153
62 7 153
7 16 466
16 7 466
8 14 716
14 8 716
8 36 233
36 8 233
8 66 612
66 8 612
8 27 224
27 8 224
8 72 334
72 8 334
8 32 775
32 8 775
8 47 546
47 8 546
8 37 355
37 8 355
8 58 136
58 8 136
8 73 570
73 8 570
8 43 849
43 8 849
8 50 443
50 8 443
8 12 421
12 8 421
8 34 436
34 8 436
8 64 872
64 8 872
9 17 584
17 9 584
9 46 862
46 9 862
9 72 586
72 9 586
9 75 15
75 9 15
9 45 409
45 9 409
9 14 122
14 9 122
9 33 792
33 9 792
9 50 351
50 9 351
9 14 547
14 9 547
9 41 413
41 9 413
9 33 61
33 9 61
9 32 829
32 9 829
9 70 468
70 9 468
9 34 510
34 9 510
9 36 918
36 9 918
9 60 258
60 9 258
9 58 280
58 9 280
9 52 541
52 9 541
9 33 979
33 9 979
10 13 706
13 10 706
10 17 313
17 10 313
10 21 184
21 10 184
10 75 691
75 10 691
10 80 564
80 10 564
10 47 357
47 10 357
10 53 920
53 10 920
10 69 197
69 10 197
10 57 476
57 10 476
10 74 499
74 10 499
10 67 877
67 10 877
10 50 298
50 10 298
10 53 139
53 10 139
10 44 799
44 10 799
10 60 297
60 10 297
10 65 792
65 10 792
10 79 750
79 10 750
10 55 908
55 10 908
10 75 823
75 10 823
10 41 927
41 10 927
10 33 595
33 10 595
11 15 780
15 11 780
11 22 315
22 11 315
11 24 497
24 11 497
11 70 736
70 11 736
11 71 126
71 11 126
11 81 811
81 11 811
11 30 854
30 11 854
11 30 404
30 11 404
11 37 83
37 11 83
11 56 647
56 11 647
11 50 55
50 11 55
11 13 564
13 11 564
11 70 465
70 11 465
11 79 778
79 11 778
11 38 444
38 11 444
11 57 315
57 11 315
12 28 138
28 12 138
12 27 447
27 12 447
12 71 746
71 12 746
12 69 499
69 12 499
12 68 336
68 12 336
12 13 778
13 12 778
12 43 873
43 12 873
12 42 616
42 12 616
12 59 565
59 12 565
12 76 704
76 12 704
13 20 457
20 13 457
13 14 424
14 13 424
13 43 989
43 13 989
13 68 53
68 13 53
13 42 227
42 13 227
13 19 570
19 13 570
13 49 808
49 13 808
13 27 751
27 13 751
13 18 942
18 13 942
13 19 596
19 13 596
13 58 930
58 13 930
13 34 711
34 13 711
13 73 601
73 13 601
13 76 583
76 13 583
13 53 162
53 13 162
13 62 666
62 13 666
13 21 589
21 13 589
13 30 108
30 13 108
13 13 535
13 13 535
13 28 944
28 13 944
13 70 787
70 13 787
13 65 804
65 13 804
13 56 601
56 13 601
14 18 760
18 14 760
14 19 753
19 14 753
14 34 735
34 14 735
14 43 555
43 14 555
14 62 555
62 14 555
14 67 487
67 14 487
14 70 601
70 14 601
14 45 960
45 14 960
14 52 80
52 14 80
14 34 7
34 14 7
14 25 942
25 14 942
14 74 779
74 14 779
14 72 424
72 14 424
15 55 433
55 15 433
15 51 910
51 15 910
15 32 729
32 15 729
15 77 500
77 15 500
15 63 520
63 15 520
15 39 746
39 15 746
15 19 780
19 15 780
15 40 81
40 15 81
15 67 500
67 15 500
15 58 708
58 15 708
15 30 148
30 15 148
15 45 807
45 15 807
15 49 119
49 15 119
15 59 423
59 15 423
15 40 15
40 15 15
15 16 138
16 15 138
15 18 46
18 15 46
15 41 930
41 15 930
15 44 280
44 15 280
15 73 976
73 15 976
15 67 359
67 15 359
15 17 562
17 15 562
15 45 967
45 15 967
16 59 682
59 16 682
16 71 459
71 16 459
16 74 25
74 16 25
16 33 807
33 16 807
16 18 183
18 16 183
16 53 646
53 16 646
16 70 849
70 16 849
16 69 994
69 16 994
16 55 586
55 16 586
16 69 634
69 16 634
16 62 390
62 16 390
16 44 654
44 16 654
16 65 961
65 16 961
17 63 906
63 17 906
17 31 758
31 17 758
17 18 963
18 17 963
17 53 886
53 17 886
17 63 270
63 17 270
17 40 335
40 17 335
17 22 811
22 17 811
17 43 829
43 17 829
17 19 498
19 17 498
17 81 226
81 17 226
17 53 260
53 17 260
17 59 311
59 17 311
17 77 291
77 17 291
17 60 284
60 17 284
17 53 482
53 17 482
17 74 175
74 17 175
18 35 423
35 18 423
18 53 84
53 18 84
18 23 476
23 18 476
18 45 740
45 18 740
18 79 869
79 18 869
18 61 545
61 18 545
18 27 509
27 18 509
18 55 824
55 18 824
18 55 448
55 18 448
18 41 847
41 18 847
18 32 835
32 18 835
18 53 834
53 18 834
18 75 992
75 18 992
18 77 819
77 18 819
19 23 110
23 19 110
19 77 579
77 19 579
19 50 771
50 19 771
19 61 497
61 19 497
19 30 542
30 19 542
19 43 283
43 19 283
19 75 103
75 19 103
19 28 391
28 19 391
19 45 95
45 19 95
19 68 875
68 19 875
19 50 708
50 19 708
19 42 201
42 19 201
19 61 755
61 19 755
19 32 838
32 19 838
19 75 860
75 19 860
19 20 62
20 19 62
19 80 812
80 19 812
19 46 51
46 19 51
19 21 418
21 19 418
19 41 533
41 19 533
19 71 590
71 19 590
19 20 251
20 19 251
19 26 365
26 19 365
20 32 474
32 20 474
20 69 825
69 20 825
20 56 659
56 20 659
20 78 600
78 20 600
20 41 469
41 20 469
20 75 369
75 20 369
20 50 609
50 20 609
20 70 985
70 20 985
20 63 109
63 20 109
20 41 283
41 20 283
20 41 587
41 20 587
20 27 328
27 20 328
20 46 502
46 20 502
21 47 188
47 21 188
21 30 601
30 21 601
21 32 288
32 21 288
21 57 112
57 21 112
21 67 459
67 21 459
21 60 483
60 21 483
21 27 235
27 21 235
21 70 290
70 21 290
22 33 433
33 22 433
22 40 362
40 22 362
22 80 82
80 22 82
22 81 316
81 22 316
22 50 55
50 22 55
22 31 868
31 22 868
22 58 401
58 22 401
22 51 398
51 22 398
22 54 12
54 22 12
22 50 282
50 22 282
22 58 911
58 22 911
22 44 847
44 22 847
22 55 923
55 22 923
22 41 978
41 22 978
22 28 127
28 22 127
22 81 618
81 22 618
22 24 147
24 22 147
22 71 434
71 22 434
22 25 152
25 22 152
22 56 857
56 22 857
22 45 612
45 22 612
23 28 101
28 23 101
23 45 14
45 23 14
23 23 742
23 23 742
23 52 717
52 23 717
23 72 623
72 23 623
23 46 434
46 23 434
23 71 979
71 23 979
23 65 958
65 23 958
23 79 694
79 23 694
23 74 312
74 23 312
24 29 536
29 24 536
24 63 789
63 24 789
24 52 886
52 24 886
24 72 517
72 24 517
24 52 717
52 24 717
24 59 117
59 24 117
24 75 90
75 24 90
24 26 999
26 24 999
24 37 354
37 24 354
24 34 329
34 24 329
25 37 742
37 25 742
25 69 992
69 25 992
25 69 767
69 25 767
25 80 99
80 25 99
25 36 947
36 25 947
25 75 684
75 25 684
25 50 868
50 25 868
25 28 446
28 25 446
25 37 405
37 25 405
25 32 598
32 25 598
25 76 135
76 25 135
25 67 998
67 25 998
25 44 286
44 25 286
25 61 750
61 25 750
25 31 616
31 25 616
25 79 343
79 25 343
25 65 987
65 25 987
26 31 553
31 26 553
26 47 971
47 26 971
26 71 793
71 26 793
26 56 78
56 26 78
26 56 20
56 26 20
26 63 757
63 26 757
26 49 39
49 26 39
26 48 381
48 26 381
26 66 24
66 26 24
26 52 757
52 26 757
26 70 683
70 26 683
27 62 475
62 27 475
27 76 8
76 27 8
27 54 895
54 27 895
27 40 966
40 27 966
27 47 110
47 27 110
27 69 111
69 27 111
27 55 151
55 27 151
28 73 52
73 28 52
28 64 70
64 28 70
28 80 271
80 28 271
28 29 87
29 28 87
28 36 804
36 28 804
28 59 55
59 28 55
28 62 497
62 28 497
28 78 418
78 28 418
28 32 963
32 28 963
28 44 343
44 28 343
29 54 174
54 29 174
29 65 66
65 29 66
29 67 710
67 29 710
29 71 559
71 29 559
29 59 355
59 29 355
29 56 794
56 29 794
29 41 224
41 29 224
29 71 703
71 29 703
29 37 227
37 29 227
29 61 277
61 29 277
29 38 706
38 29 706
29 36 589
36 29 589
29 30 103
30 29 103
29 32 91
32 29 91
29 73 534
73 29 534
29 32 406
32 29 406
29 37 519
37 29 519
30 50 648
50 30 648
30 44 846
44 30 846
30 67 681
67 30 681
30 48 219
48 30 219
30 68 417
68 30 417
30 74 420
74 30 420
30 64 632
64 30 632
30 64 771
64 30 771
30 46 682
46 30 682
30 64 28
64 30 28
30 33 714
33 30 714
30 36 59
36 30 59
30 57 691
57 30 691
31 49 231
49 31 231
31 66 931
66 31 931
31 64 774
64 31 774
31 43 664
43 31 664
31 48 86
48 31 86
31 42 144
42 31 144
31 64 822
64 31 822
31 38 773
38 31 773
32 41 760
41 32 760
32 46 955
46 32 955
32 57 176
57 32 176
32 78 68
78 32 68
32 65 68
65 32 68
32 61 982
61 32 982
32 78 678
78 32 678
32 80 200
80 32 200
32 38 86
38 32 86
32 56 485
56 32 485
32 36 558
36 32 558
33 51 953
51 33 953
33 40 621
40 33 621
33 36 896
36 33 896
33 46 832
46 33 832
33 68 634
68 33 634
33 44 518
44 33 518
33 68 279
68 33 279
33 36 691
36 33 691
33 54 702
54 33 702
33 80 753
80 33 753
34 39 48
39 34 48
34 77 446
77 34 446
34 73 37
73 34 37
34 49 502
49 34 502
34 81 479
81 34 479
34 40 87
40 34 87
34 78 335
78 34 335
34 51 363
51 34 363
35 43 62
43 35 62
35 37 146
37 35 146
35 46 317
46 35 317
35 68 50
68 35 50
35 66 256
66 35 256
35 74 769
74 35 769
36 60 702
60 36 702
36 70 143
70 36 143
36 72 172
72 36 172
36 74 596
74 36 596
37 44 109
44 37 109
37 72 991
72 37 991
37 55 321
55 37 321
37 59 45
59 37 45
37 42 118
42 37 118
37 52 709
52 37 709
37 73 288
73 37 288
37 66 369
66 37 369
38 62 930
62 38 930
38 62 101
62 38 101
38 60 178
60 38 178
38 45 911
45 38 911
38 66 333
66 38 333
39 67 244
67 39 244
39 74 216
74 39 216
39 62 849
62 39 849
39 60 901
60 39 901
40 57 65
57 40 65
40 54 413
54 40 413
40 68 956
68 40 956
40 51 228
51 40 228
40 78 293
78 40 293
40 61 886
61 40 886
40 75 553
75 40 553
40 67 161
67 40 161
40 60 893
60 40 893
40 41 693
41 40 693
40 77 383
77 40 383
40 44 617
44 40 617
40 42 352
42 40 352
41 71 26
71 41 26
41 74 557
74 41 557
41 68 740
68 41 740
41 55 999
55 41 999
41 58 243
58 41 243
41 45 391
45 41 391
41 56 62
56 41 62
41 61 22
61 41 22
41 59 379
59 41 379
41 52 78
52 41 78
41 66 281
66 41 281
42 48 893
48 42 893
42 61 691
61 42 691
42 48 640
48 42 640
42 50 782
50 42 782
42 60 268
60 42 268
42 43 348
43 42 348
42 73 382
73 42 382
42 80 41
80 42 41
43 51 296
51 43 296
43 77 284
77 43 284
43 66 917
66 43 917
43 78 645
78 43 645
43 62 468
62 43 468
43 67 424
67 43 424
43 54 420
54 43 420
43 52 536
52 43 536
43 79 187
79 43 187
43 48 965
48 43 965
43 80 598
80 43 598
43 55 733
55 43 733
43 54 992
54 43 992
44 59 354
59 44 354
44 63 468
63 44 468
44 80 828
80 44 828
44 63 905
63 44 905
44 56 447
56 44 447
44 59 584
59 44 584
45 66 782
66 45 782
45 53 496
53 45 496
45 58 907
58 45 907
45 51 236
51 45 236
46 58 845
58 46 845
46 80 795
80 46 795
46 58 682
58 46 682
46 49 101
49 46 101
46 46 850
46 46 850
47 75 543
75 47 543
47 50 742
50 47 742
47 60 50
60 47 50
47 47 829
47 47 829
47 77 889
77 47 889
47 78 163
78 47 163
47 77 225
77 47 225
48 55 120
55 48 120
48 69 924
69 48 924
48 64 239
64 48 239
48 73 200
73 48 200
48 73 853
73 48 853
48 79 691
79 48 691
48 52 739
52 48 739
49 76 953
76 49 953
49 57 128
57 49 128
49 51 705
51 49 705
49 50 155
50 49 155
49 53 941
53 49 941
50 65 403
65 50 403
50 51 848
51 50 848
50 53 556
53 50 556
50 74 285
74 50 285
50 81 127
81 50 127
50 77 87
77 50 87
50 73 101
73 50 101
50 68 205
68 50 205
51 52 703
52 51 703
51 70 220
70 51 220
51 55 531
55 51 531
51 53 572
53 51 572
51 55 82
55 51 82
51 69 843
69 51 843
52 67 554
67 52 554
52 57 198
57 52 198
52 76 151
76 52 151
52 77 496
77 52 496
52 71 64
71 52 64
52 79 677
79 52 677
52 54 584
54 52 584
53 76 15
76 53 15
53 71 259
71 53 259
53 53 501
53 53 501
53 63 617
63 53 617
53 66 645
66 53 645
53 72 410
72 53 410
53 74 524
74 53 524
53 69 241
69 53 241
53 64 240
64 53 240
54 64 844
64 54 844
54 68 312
68 54 312
54 79 845
79 54 845
54 67 854
67 54 854
54 78 710
78 54 710
54 56 284
56 54 284
54 76 588
76 54 588
54 59 563
59 54 563
55 73 344
73 55 344
56 67 600
67 56 600
56 68 725
68 56 725
56 75 830
75 56 830
56 75 774
75 56 774
57 78 265
78 57 265
57 78 901
78 57 901
58 61 36
61 58 36
58 77 286
77 58 286
58 80 140
80 58 140
58 66 601
66 58 601
58 58 371
58 58 371
58 75 949
75 58 949
59 73 559
73 59 559
60 72 896
72 60 896
60 76 220
76 60 220
60 64 290
64 60 290
60 69 51
69 60 51
61 77 267
77 61 267
61 77 839
77 61 839
61 62 928
62 61 928
61 61 325
61 61 325
61 64 999
64 61 999
61 74 270
74 61 270
61 76 243
76 61 243
62 70 897
70 62 897
62 75 373
75 62 373
64 69 593
69 64 593
65 77 311
77 65 311
65 67 621
67 65 621
65 78 793
78 65 793
65 76 120
76 65 120
65 77 145
77 65 145
65 70 448
70 65 448
65 81 863
81 65 863
65 76 980
76 65 980
66 78 709
78 66 709
66 76 282
76 66 282
66 79 64
79 66 64
67 71 339
71 67 339
67 79 899
79 67 899
68 80 759
80 68 759
68 75 513
75 68 513
69 71 595
71 69 595
70 79 103
79 70 103
70 77 872
77 70 872
70 77 215
77 70 215
70 74 581
74 70 581
71 74 234
74 71 234
71 75 988
75 71 988
71 73 159
73 71 159
72 79 954
79 72 954
72 73 137
73 72 137
73 77 17
77 73 17
74 77 131
77 74 131
75 77 237
77 75 237
75 77 234
77 75 234
75 77 432
77 75 432
75 80 686
80 75 686
76 80 166
80 76 166
76 79 373
79 76 373
79 81 197
81 79 197
