59

0 1 848
1 0 848
0 2 725
2 0 725
0 14 945
14 0 945
0 50 512
50 0 512
0 9 191
9 0 191
0 40 546
40 0 546
0 32 427
32 0 427
0 43 395
43 0 395
0 12 953
12 0 953
0 35 876
35 0 876
0 1 78
1 0 78
0 42 456
42 0 456
1 3 269
3 1 269
1 5 198
5 1 198
1 6 580
6 1 580
1 9 414
9 1 414
1 16 342
16 1 342
1 17 767
17 1 767
1 26 90
26 1 90
1 34 325
34 1 325
1 47 903
47 1 903
1 41 826
41 1 826
1 5 198
5 1 198
1 25 194
25 1 194
1 41 392
41 1 392
1 21 858
21 1 858
1 24 445
24 1 445
1 56 449
56 1 449
1 42 214
42 1 214
1 48 813
48 1 813
1 12 180
12 1 180
1 26 434
26 1 434
1 42 972
42 1 972
1 52 158
52 1 158
2 4 704
4 2 704
2 38 125
38 2 125
2 11 686
11 2 686
2 33 716
33 2 716
2 50 442
50 2 442
2 10 347
10 2 347
2 50 307
50 2 307
2 27 3
27 2 3
2 55 739
55 2 739
2 38 168
38 2 168
2 31 558
31 2 558
2 37 926
37 2 926
2 54 192
54 2 192
3 15 399
15 3 399
3 23 394
23 3 394
3 40 674
40 3 674
3 53 464
53 3 464
3 48 201
48 3 201
3 29 797
29 3 797
3 7 514
7 3 514
3 26 862
26 3 862
3 12 76
12 3 76
3 33 802
33 3 802
3 58 380
58 3 380
3 54 198
54 3 198
4 7 202
7 4 202
4 10 399
10 4 399
4 22 407
22 4 407
4 31 352
31 4 352
4 52 384
52 4 384
4 57 329
57 4 329
4 16 675
16 4 675
4 30 36
30 4 36
4 57 712
57 4 712
4 58 155
58 4 155
4 46 205
46 4 205
4 38 300
38 4 300
4 13 705
13 4 705
4 35 810
35 4 810
4 5 825
5 4 825
5 40 605
40 5 605
5 22 199
22 5 199
5 5 82
5 5 82
5 20 176
20 5 176
5 23 283
23 5 283
5 27 43
27 5 43
5 11 167
11 5 167
5 33 928
33 5 928
6 12 688
12 6 688
6 20 402
20 6 402
6 30 875
30 6 875
6 23 530
23 6 530
6 12 830
12 6 830
6 13 387
13 6 387
7 8 845
8 7 845
7 56 218
56 7 218
7 39 570
39 7 570
7 47 157
47 7 157
7 40 820
40 7 820
7 30 786
30 7 786
7 9 421
9 7 421
7 44 87
44 7 87
7 12 677
12 7 677
7 17 959
17 7 959
7 12 344
12 7 344
8 37 439
37 8 439
8 42 556
42 8 556
8 48 133
48 8 133
8 11 132
11 8 132
8 40 83
40 8 83
8 35 12
35 8 12
8 22 545
22 8 545
8 27 646
27 8 646
9 11 371
11 9 371
9 16 95
16 9 95
9 19 381
19 9 381
9 57 810
57 9 810
9 48 473
48 9 473
9 29 448
29 9 448
9 51 184
51 9 184
9 55 729
55 9 729
9 25 746
25 9 746
9 43 721
43 9 721
10 41 210
41 10 210
10 29 926
29 10 926
10 44 694
44 10 694
10 10 197
10 10 197
10 13 82
13 10 82
10 26 435
26 10 435
10 44 23
44 10 23
10 25 636
25 10 636
10 15 526
15 10 526
11 18 813
18 11 813
11 32 741
32 11 741
11 45 878
45 11 878
11 17 563
17 11 563
11 22 602
22 11 602
11 45 514
45 11 514
11 49 633
49 11 633
11 13 523
13 11 523
11 43 587
43 11 587
11 49 933
49 11 933
12 13 342
13 12 342
12 19 656
19 12 656
12 37 54
37 12 54
12 35 892
35 12 892
12 20 857
20 12 857
12 30 144
30 12 144
12 54 792
54 12 792
12 57 890
57 12 890
12 48 219
48 12 219
12 45 511
45 12 511
13 17 353
17 13 353
13 21 860
21 13 860
13 26 20
26 13 20
13 43 965
43 13 965
13 20 552
20 13 552
13 14 116
14 13 116
13 54 870
54 13 870
13 40 131
40 13 131
13 26 374
26 13 374
13 45 633
45 13 633
14 43 496
43 14 496
14 27 204
27 14 204
14 24 137
24 14 137
14 34 617
34 14 617
14 58 373
58 14 373
15 21 925
21 15 925
15 43 501
43 15 501
15 55 71
55 15 71
15 58 520
58 15 520
15 40 171
40 15 171
15 52 252
52 15 252
15 44 705
44 15 705
15 27 748
27 15 748
15 38 115
38 15 115
15 36 329
36 15 329
15 33 223
33 15 223
15 50 176
50 15 176
15 50 189
50 15 189
16 23 607
23 16 607
16 37 662
37 16 662
16 41 798
41 16 798
16 34 83
34 16 83
16 30 400
30 16 400
16 44 545
44 16 545
16 58 899
58 16 899
17 52 618
52 17 618
17 42 304
42 17 304
17 21 376
21 17 376
17 23 811
23 17 811
18 38 178
38 18 178
18 34 171
34 18 171
18 56 868
56 18 868
18 38 780
38 18 780
18 28 89
28 18 89
18 30 132
30 18 132
19 42 958
42 19 958
19 25 341
25 19 341
19 30 352
30 19 352
19 22 55
22 19 55
19 25 647
25 19 647
19 50 288
50 19 288
19 27 887
27 19 887
19 21 240
21 19 240
19 48 529
48 19 529
20 24 19
24 20 19
20 25 229
25 20 229
20 52 673
52 20 673
20 51 655
51 20 655
20 29 783
29 20 783
21 28 432
28 21 432
21 48 594
48 21 594
21 41 281
41 21 281
21 29 387
29 21 387
21 24 228
24 21 228
21 55 224
55 21 224
21 55 223
55 21 223
21 42 990
42 21 990
21 41 236
41 21 236
21 58 359
58 21 359
21 38 235
38 21 235
22 52 455
52 22 455
22 54 558
54 22 558
23 27 47
27 23 47
23 39 260
39 23 260
23 57 15
57 23 15
23 25 48
25 23 48
23 56 229
56 23 229
23 38 452
38 23 452
24 47 388
47 24 388
24 53 177
53 24 177
24 43 422
43 24 422
24 29 394
29 24 394
24 32 543
32 24 543
24 49 268
49 24 268
25 30 315
30 25 315
25 51 610
51 25 610
25 49 243
49 25 243
25 29 485
29 25 485
25 27 431
27 25 431
26 55 768
55 26 768
26 51 282
51 26 282
26 46 221
46 26 221
26 55 971
55 26 971
26 53 188
53 26 188
27 29 245
29 27 245
27 36 729
36 27 729
27 39 353
39 27 353
27 57 87
57 27 87
27 47 990
47 27 990
27 34 210
34 27 210
27 55 138
55 27 138
27 58 38
58 27 38
27 32 197
32 27 197
27 57 587
57 27 587
27 49 795
49 27 795
28 48 680
48 28 680
28 53 234
53 28 234
28 55 136
55 28 136
28 52 417
52 28 417
28 52 261
52 28 261
28 55 24
55 28 24
28 43 222
43 28 222
29 58 230
58 29 230
29 29 345
29 29 345
29 35 483
35 29 483
29 52 862
52 29 862
29 41 324
41 29 324
29 53 823
53 29 823
29 54 830
54 29 830
30 55 79
55 30 79
30 36 52
36 30 52
30 58 819
58 30 819
30 44 261
44 30 261
30 46 239
46 30 239
31 58 46
58 31 46
31 53 781
53 31 781
32 33 876
33 32 876
32 34 498
34 32 498
32 35 600
35 32 600
32 37 596
37 32 596
32 42 191
42 32 191
32 58 766
58 32 766
32 40 532
40 32 532
33 36 523
36 33 523
33 38 602
38 33 602
33 39 341
39 33 341
33 50 822
50 33 822
33 47 945
47 33 945
34 58 989
58 34 989
34 58 629
58 34 629
34 39 803
39 34 803
35 53 231
53 35 231
35 37 229
37 35 229
35 36 698
36 35 698
35 43 5
43 35 5
35 42 683
42 35 683
35 42 594
42 35 594
35 46 146
46 35 146
36 36 630
36 36 630
36 54 100
54 36 100
36 49 993
49 36 993
36 58 518
58 36 518
36 55 130
55 36 130
37 48 421
48 37 421
37 51 317
51 37 317
37 51 859
51 37 859
37 45 828
45 37 828
37 38 954
38 37 954
38 44 600
44 38 600
38 46 3
46 38 3
38 54 698
54 38 698
38 39 327
39 38 327
38 44 717
44 38 717
38 54 741
54 38 741
38 41 441
41 38 441
39 40 153
40 39 153
39 46 562
46 39 562
39 49 62
49 39 62
40 42 599
42 40 599
41 46 420
46 41 420
41 42 103
42 41 103
41 51 695
51 41 695
41 48 133
48 41 133
41 47 647
47 41 647
42 47 408
47 42 408
42 48 657
48 42 657
42 46 728
46 42 728
42 49 126
49 42 126
43 55 711
55 43 711
43 52 664
52 43 664
44 52 768
52 44 768
44 45 405
45 44 405
44 45 998
45 44 998
44 47 247
47 44 247
45 49 776
49 45 776
45 53 739
53 45 739
45 54 562
54 45 562
45 58 431
58 45 431
45 53 155
53 45 155
45 47 575
47 45 575
46 55 815
55 46 815
46 52 570
52 46 570
47 58 237
58 47 237
47 54 311
54 47 311
48 51 10
51 48 10
48 55 960
55 48 960
49 57 430
57 49 430
49 52 361
52 49 361
50 54 28
54 50 28
51 54 103
54 51 103
51 57 746
57 51 746
51 56 80
56 51 80
52 54 876
54 52 876
55 56 967
56 55 967
55 58 113
58 55 113
55 56 540
56 55 540
