65

0 1 736
1 0 736
0 2 990
2 0 990
0 10 422
10 0 422
0 18 719
18 0 719
0 42 806
42 0 806
0 54 79
54 0 79
0 60 95
60 0 95
0 5 264
5 0 264
1 3 612
3 1 612
1 4 842
4 1 842
1 8 135
8 1 135
1 13 386
13 1 386
2 15 125
15 2 125
2 17 361
17 2 361
2 60 933
60 2 933
2 26 631
26 2 631
2 23 75
23 2 75
2 2 300
2 2 300
3 31 216
31 3 216
3 45 744
45 3 744
3 56 433
56 3 433
3 46 900
46 3 900
4 5 9
5 4 9
4 6 533
6 4 533
4 25 51
25 4 51
5 14 891
14 5 891
5 29 945
29 5 945
6 7 215
7 6 215
6 35 576
35 6 576
7 20 527
20 7 527
7 42 632
42 7 632
7 59 770
59 7 770
7 12 297
12 7 297
8 9 803
9 8 803
8 12 639
12 8 639
8 16 464
16 8 464
8 40 511
40 8 511
8 36 307
36 8 307
8 24 171
24 8 171
9 53 357
53 9 357
9 43 763
43 9 763
9 27 28
27 9 28
9 13 434
13 9 434
10 11 71
11 10 71
10 27 941
27 10 941
10 22 596
22 10 596
11 22 779
22 11 779
13 39 993
39 13 993
13 63 693
63 13 693
14 19 158
19 14 158
14 35 20
35 14 20
14 31 331
31 14 331
14 15 302
15 14 302
14 42 202
42 14 202
15 23 865
23 15 865
15 28 128
28 15 128
15 33 13
33 15 13
15 34 684
34 15 684
15 44 363
44 15 363
16 21 486
21 16 486
16 30 649
30 16 649
16 43 93
43 16 93
16 59 359
59 16 359
16 24 933
24 16 933
17 32 717
32 17 717
17 34 343
34 17 343
17 63 226
63 17 226
18 24 117
24 18 117
18 33 702
33 18 702
19 31 482
31 19 482
19 50 452
50 19 452
20 22 184
22 20 184
20 46 634
46 20 634
21 47 683
47 21 683
22 26 364
26 22 364
22 63 570
63 22 570
22 42 462
42 22 462
22 36 655
36 22 655
23 37 574
37 23 574
23 41 218
41 23 218
23 26 368
26 23 368
23 50 806
50 23 806
24 35 57
35 24 57
24 37 219
37 24 219
25 49 261
49 25 261
25 50 801
50 25 801
25 55 553
55 25 553
25 27 213
27 25 213
25 62 772
62 25 772
27 57 455
57 27 455
27 55 945
55 27 945
30 34 472
34 30 472
30 57 773
57 30 773
31 64 271
64 31 271
32 56 282
56 32 282
32 62 900
62 32 900
33 44 986
44 33 986
33 34 80
34 33 80
34 36 2
36 34 2
34 38 101
38 34 101
34 48 361
48 34 361
35 40 288
40 35 288
35 44 801
44 35 801
36 60 793
60 36 793
38 51 412
51 38 412
38 62 752
62 38 752
41 52 260
52 41 260
41 61 631
61 41 631
41 47 85
47 41 85
43 51 461
51 43 461
44 63 909
63 44 909
44 49 409
49 44 409
44 62 609
62 44 609
45 46 171
46 45 171
45 47 975
47 45 975
46 64 661
64 46 661
46 62 488
62 46 488
47 54 569
54 47 569
49 51 16
51 49 16
56 58 412
58 56 412
58 63 456
63 58 456
58 62 365
62 58 365
