32

0 1 928
1 0 928
0 3 674
3 0 674
0 6 853
6 0 853
0 7 81
7 0 81
0 18 518
18 0 518
1 2 890
2 1 890
1 23 975
23 1 975
2 9 526
9 2 526
2 19 415
19 2 415
2 30 916
30 2 916
2 14 974
14 2 974
3 4 246
4 3 246
3 5 961
5 3 961
4 31 970
31 4 970
5 8 53
8 5 53
5 15 525
15 5 525
6 27 572
27 6 572
6 28 209
28 6 209
7 14 203
14 7 203
7 23 597
23 7 597
7 30 530
30 7 530
7 28 43
28 7 43
8 10 476
10 8 476
8 11 450
11 8 450
9 12 498
12 9 498
9 13 816
13 9 816
12 17 135
17 12 135
12 25 216
25 12 216
12 29 612
29 12 612
13 16 736
16 13 736
14 22 493
22 14 493
15 20 630
20 15 630
16 21 450
21 16 450
17 29 389
29 17 389
17 31 581
31 17 581
19 22 193
22 19 193
20 24 249
24 20 249
22 26 102
26 22 102
23 26 849
26 23 849
