67

0 1 353
1 0 353
0 5 381
5 0 381
0 7 439
7 0 439
0 8 163
8 0 163
0 12 975
12 0 975
0 20 408
20 0 408
0 39 349
39 0 349
0 50 912
50 0 912
0 51 663
51 0 663
0 56 919
56 0 919
0 23 647
23 0 647
0 24 13
24 0 13
0 60 372
60 0 372
0 13 402
13 0 402
0 38 589
38 0 589
0 12 634
12 0 634
0 26 588
26 0 588
0 65 487
65 0 487
0 14 582
14 0 582
0 55 914
55 0 914
1 2 598
2 1 598
1 40 637
40 1 637
1 10 443
10 1 443
1 22 225
22 1 225
1 45 712
45 1 712
1 47 43
47 1 43
1 22 409
22 1 409
1 46 270
46 1 270
1 34 845
34 1 845
1 66 462
66 1 462
1 62 477
62 1 477
1 11 492
11 1 492
1 36 349
36 1 349
1 44 783
44 1 783
2 3 179
3 2 179
2 6 754
6 2 754
2 13 984
13 2 984
2 42 158
42 2 158
2 3 300
3 2 300
2 66 461
66 2 461
2 9 870
9 2 870
2 34 871
34 2 871
2 23 895
23 2 895
3 4 203
4 3 203
3 36 458
36 3 458
3 53 623
53 3 623
3 5 59
5 3 59
3 34 847
34 3 847
3 58 986
58 3 986
3 31 752
31 3 752
3 43 941
43 3 941
3 12 8
12 3 8
3 45 506
45 3 506
4 18 402
18 4 402
4 19 104
19 4 104
4 43 351
43 4 351
4 34 108
34 4 108
4 46 20
46 4 20
4 44 407
44 4 407
4 10 160
10 4 160
4 30 914
30 4 914
4 66 346
66 4 346
4 27 70
27 4 70
4 39 228
39 4 228
4 49 342
49 4 342
4 55 188
55 4 188
4 61 922
61 4 922
5 9 382
9 5 382
5 21 178
21 5 178
5 34 963
34 5 963
5 31 854
31 5 854
5 30 482
30 5 482
5 46 922
46 5 922
5 28 17
28 5 17
5 14 745
14 5 745
5 15 532
15 5 532
5 54 428
54 5 428
5 39 825
39 5 825
5 34 799
34 5 799
5 10 916
10 5 916
5 30 817
30 5 817
6 11 583
11 6 583
6 41 747
41 6 747
6 62 104
62 6 104
6 28 674
28 6 674
6 61 321
61 6 321
6 28 100
28 6 100
6 34 631
34 6 631
6 50 565
50 6 565
6 51 37
51 6 37
6 47 132
47 6 132
6 54 248
54 6 248
7 14 996
14 7 996
7 20 14
20 7 14
7 51 287
51 7 287
7 10 919
10 7 919
7 22 863
22 7 863
7 25 766
25 7 766
7 24 685
24 7 685
8 17 517
17 8 517
8 27 847
27 8 847
8 45 654
45 8 654
8 27 780
27 8 780
8 29 660
29 8 660
8 41 9
41 8 9
8 33 670
33 8 670
8 36 205
36 8 205
8 15 708
15 8 708
8 66 523
66 8 523
8 19 839
19 8 839
8 44 828
44 8 828
8 8 406
8 8 406
8 41 665
41 8 665
8 15 386
15 8 386
8 43 204
43 8 204
9 10 500
10 9 500
9 13 502
13 9 502
9 22 146
22 9 146
9 29 785
29 9 785
9 20 144
20 9 144
9 20 738
20 9 738
9 24 439
24 9 439
9 34 244
34 9 244
9 28 403
28 9 403
9 58 351
58 9 351
9 30 69
30 9 69
9 12 506
12 9 506
10 24 925
24 10 925
10 52 693
52 10 693
10 66 990
66 10 990
10 63 577
63 10 577
10 60 473
60 10 473
10 61 571
61 10 571
10 26 436
26 10 436
10 27 516
27 10 516
10 30 314
30 10 314
10 33 842
33 10 842
10 28 676
28 10 676
10 41 871
41 10 871
10 40 933
40 10 933
10 54 990
54 10 990
10 21 873
21 10 873
11 16 134
16 11 134
11 47 744
47 11 744
11 20 574
20 11 574
11 57 181
57 11 181
11 40 390
40 11 390
11 48 488
48 11 488
11 65 964
65 11 964
11 46 430
46 11 430
11 26 464
26 11 464
11 23 487
23 11 487
11 44 312
44 11 312
11 12 793
12 11 793
12 15 963
15 12 963
12 42 164
42 12 164
12 47 351
47 12 351
12 20 775
20 12 775
12 22 244
22 12 244
12 46 110
46 12 110
12 17 398
17 12 398
12 54 534
54 12 534
12 64 217
64 12 217
12 58 495
58 12 495
12 63 102
63 12 102
12 13 874
13 12 874
12 35 93
35 12 93
12 28 844
28 12 844
12 54 712
54 12 712
12 49 34
49 12 34
13 31 382
31 13 382
13 66 199
66 13 199
13 48 79
48 13 79
13 24 467
24 13 467
13 14 174
14 13 174
13 41 959
41 13 959
13 36 666
36 13 666
13 23 997
23 13 997
13 33 601
33 13 601
13 28 397
28 13 397
13 61 789
61 13 789
13 14 412
14 13 412
14 28 98
28 14 98
14 30 162
30 14 162
14 63 128
63 14 128
14 18 277
18 14 277
14 61 963
61 14 963
14 34 378
34 14 378
14 53 611
53 14 611
14 49 606
49 14 606
14 41 330
41 14 330
14 52 837
52 14 837
14 32 709
32 14 709
14 24 803
24 14 803
14 49 541
49 14 541
14 33 345
33 14 345
14 22 915
22 14 915
14 19 756
19 14 756
14 46 778
46 14 778
14 36 507
36 14 507
15 32 600
32 15 600
15 53 298
53 15 298
15 41 480
41 15 480
15 16 309
16 15 309
15 64 447
64 15 447
15 34 605
34 15 605
15 26 399
26 15 399
15 65 853
65 15 853
15 50 615
50 15 615
16 23 405
23 16 405
16 48 168
48 16 168
16 45 511
45 16 511
16 48 169
48 16 169
16 17 732
17 16 732
16 60 943
60 16 943
16 59 921
59 16 921
16 59 743
59 16 743
16 65 54
65 16 54
16 47 942
47 16 942
16 40 637
40 16 637
16 37 834
37 16 834
16 41 722
41 16 722
16 25 613
25 16 613
16 22 763
22 16 763
17 33 951
33 17 951
17 55 528
55 17 528
17 50 412
50 17 412
17 58 97
58 17 97
17 42 218
42 17 218
17 41 540
41 17 540
17 18 519
18 17 519
17 54 564
54 17 564
17 23 665
23 17 665
17 38 782
38 17 782
17 40 220
40 17 220
17 25 426
25 17 426
17 59 565
59 17 565
18 23 995
23 18 995
18 38 536
38 18 536
18 30 9
30 18 9
18 35 786
35 18 786
18 22 789
22 18 789
18 34 480
34 18 480
18 35 961
35 18 961
18 45 489
45 18 489
18 61 363
61 18 363
18 45 160
45 18 160
18 55 489
55 18 489
18 57 81
57 18 81
18 66 403
66 18 403
19 35 580
35 19 580
19 37 451
37 19 451
19 66 367
66 19 367
19 50 901
50 19 901
19 59 522
59 19 522
19 63 366
63 19 366
19 34 490
34 19 490
19 24 671
24 19 671
19 61 880
61 19 880
19 34 941
34 19 941
19 56 676
56 19 676
20 56 218
56 20 218
20 36 436
36 20 436
20 65 977
65 20 977
20 28 335
28 20 335
20 43 349
43 20 349
20 62 910
62 20 910
21 40 739
40 21 739
21 31 736
31 21 736
21 24 406
24 21 406
21 47 436
47 21 436
21 34 931
34 21 931
21 44 297
44 21 297
21 65 806
65 21 806
21 33 142
33 21 142
22 54 365
54 22 365
22 59 915
59 22 915
22 34 914
34 22 914
22 57 968
57 22 968
22 51 228
51 22 228
22 49 556
49 22 556
22 23 63
23 22 63
22 57 260
57 22 260
23 42 186
42 23 186
23 44 455
44 23 455
23 45 788
45 23 788
23 36 201
36 23 201
23 26 655
26 23 655
23 24 962
24 23 962
23 34 618
34 23 618
23 32 393
32 23 393
23 66 370
66 23 370
23 63 872
63 23 872
23 52 380
52 23 380
23 53 786
53 23 786
23 24 904
24 23 904
24 25 153
25 24 153
24 27 750
27 24 750
24 64 806
64 24 806
24 57 867
57 24 867
24 25 877
25 24 877
24 46 604
46 24 604
24 63 940
63 24 940
24 41 419
41 24 419
24 51 833
51 24 833
24 33 429
33 24 429
24 35 187
35 24 187
24 37 349
37 24 349
24 39 56
39 24 56
25 26 266
26 25 266
25 34 561
34 25 561
25 62 846
62 25 846
25 38 404
38 25 404
25 34 473
34 25 473
25 41 827
41 25 827
26 37 899
37 26 899
26 57 990
57 26 990
26 43 501
43 26 501
26 58 538
58 26 538
26 48 417
48 26 417
26 26 334
26 26 334
26 58 150
58 26 150
26 58 791
58 26 791
27 48 589
48 27 589
27 45 106
45 27 106
27 41 902
41 27 902
27 38 669
38 27 669
28 61 732
61 28 732
28 36 735
36 28 735
28 28 112
28 28 112
28 44 264
44 28 264
28 29 193
29 28 193
28 42 167
42 28 167
28 38 222
38 28 222
29 49 915
49 29 915
29 49 544
49 29 544
29 57 482
57 29 482
29 61 676
61 29 676
29 41 892
41 29 892
29 52 617
52 29 617
29 29 156
29 29 156
29 37 436
37 29 436
29 42 798
42 29 798
30 36 859
36 30 859
30 63 656
63 30 656
30 37 561
37 30 561
31 54 744
54 31 744
31 56 347
56 31 347
31 36 88
36 31 88
31 45 372
45 31 372
31 62 969
62 31 969
32 65 788
65 32 788
32 32 480
32 32 480
32 66 963
66 32 963
32 40 660
40 32 660
32 58 361
58 32 361
32 42 689
42 32 689
33 35 67
35 33 67
33 40 238
40 33 238
33 55 614
55 33 614
33 56 770
56 33 770
33 37 506
37 33 506
33 60 458
60 33 458
33 57 170
57 33 170
34 42 324
42 34 324
34 51 463
51 34 463
34 50 993
50 34 993
35 65 311
65 35 311
35 62 551
62 35 551
35 47 517
47 35 517
35 58 493
58 35 493
35 47 746
47 35 746
35 51 110
51 35 110
35 57 675
57 35 675
35 57 602
57 35 602
36 46 697
46 36 697
36 51 202
51 36 202
36 52 343
52 36 343
37 45 387
45 37 387
37 48 379
48 37 379
37 55 189
55 37 189
37 47 653
47 37 653
38 51 862
51 38 862
38 39 326
39 38 326
38 51 121
51 38 121
39 56 669
56 39 669
39 47 805
47 39 805
39 42 576
42 39 576
39 64 554
64 39 554
40 40 621
40 40 621
40 64 505
64 40 505
40 55 316
55 40 316
40 43 794
43 40 794
40 65 306
65 40 306
41 46 640
46 41 640
41 60 728
60 41 728
41 63 395
63 41 395
41 66 548
66 41 548
41 61 672
61 41 672
41 54 854
54 41 854
41 61 760
61 41 760
41 48 108
48 41 108
42 60 171
60 42 171
42 58 161
58 42 161
42 63 907
63 42 907
42 61 719
61 42 719
43 57 486
57 43 486
43 50 32
50 43 32
43 55 487
55 43 487
44 48 824
48 44 824
44 58 832
58 44 832
44 53 223
53 44 223
44 46 277
46 44 277
44 47 995
47 44 995
44 46 874
46 44 874
45 50 936
50 45 936
45 57 715
57 45 715
45 54 535
54 45 535
46 57 775
57 46 775
46 57 528
57 46 528
46 61 712
61 46 712
47 49 297
49 47 297
47 49 75
49 47 75
47 51 65
51 47 65
48 63 486
63 48 486
48 64 252
64 48 252
48 52 588
52 48 588
49 59 469
59 49 469
49 64 975
64 49 975
49 56 302
56 49 302
49 53 110
53 49 110
49 65 412
65 49 412
50 52 656
52 50 656
50 66 29
66 50 29
51 64 930
64 51 930
51 61 817
61 51 817
51 56 641
56 51 641
52 52 915
52 52 915
52 59 96
59 52 96
53 58 729
58 53 729
53 62 887
62 53 887
54 64 827
64 54 827
54 64 311
64 54 311
55 60 548
60 55 548
56 57 572
57 56 572
57 65 448
65 57 448
58 59 729
59 58 729
58 64 515
64 58 515
59 64 571
64 59 571
59 61 277
61 59 277
59 60 266
60 59 266
60 65 830
65 60 830
