99

0 1 354
1 0 354
0 3 478
3 0 478
0 56 65
56 0 65
0 46 74
46 0 74
0 4 133
4 0 133
0 67 444
67 0 444
0 58 681
58 0 681
0 50 161
50 0 161
0 65 952
65 0 952
0 9 799
9 0 799
0 69 426
69 0 426
0 49 306
49 0 306
1 2 818
2 1 818
1 12 368
12 1 368
1 29 244
29 1 244
1 51 829
51 1 829
1 70 722
70 1 722
1 17 549
17 1 549
1 47 991
47 1 991
1 26 837
26 1 837
2 4 954
4 2 954
2 8 356
8 2 356
2 11 553
11 2 553
2 33 51
33 2 51
2 42 399
42 2 399
2 53 941
53 2 941
2 34 649
34 2 649
2 74 859
74 2 859
2 84 449
84 2 449
2 23 370
23 2 370
2 77 80
77 2 80
2 28 928
28 2 928
2 70 949
70 2 949
3 5 569
5 3 569
3 10 212
10 3 212
3 30 427
30 3 427
3 12 970
12 3 970
3 98 787
98 3 787
3 53 338
53 3 338
3 7 415
7 3 415
3 67 137
67 3 137
3 60 786
60 3 786
3 20 812
20 3 812
3 13 808
13 3 808
4 6 777
6 4 777
4 9 319
9 4 319
4 50 315
50 4 315
4 37 765
37 4 765
4 73 69
73 4 69
4 96 948
96 4 948
4 88 925
88 4 925
4 12 496
12 4 496
4 92 344
92 4 344
4 15 231
15 4 231
4 73 795
73 4 795
4 35 491
35 4 491
4 70 244
70 4 244
5 20 640
20 5 640
5 80 157
80 5 157
5 47 25
47 5 25
5 14 370
14 5 370
5 55 825
55 5 825
6 7 304
7 6 304
6 18 910
18 6 910
6 60 511
60 6 511
6 75 461
75 6 461
6 97 437
97 6 437
6 32 49
32 6 49
7 17 533
17 7 533
7 22 334
22 7 334
7 24 67
24 7 67
7 70 179
70 7 179
7 45 711
45 7 711
7 7 891
7 7 891
7 19 484
19 7 484
7 97 931
97 7 931
8 68 35
68 8 35
8 69 606
69 8 606
8 62 871
62 8 871
8 73 315
73 8 315
8 32 779
32 8 779
8 35 5
35 8 5
8 49 186
49 8 186
8 10 906
10 8 906
8 20 144
20 8 144
8 75 792
75 8 792
9 13 20
13 9 20
9 15 858
15 9 858
9 16 478
16 9 478
9 32 362
32 9 362
9 63 587
63 9 587
9 53 978
53 9 978
9 31 446
31 9 446
9 93 391
93 9 391
9 18 650
18 9 650
9 57 666
57 9 666
9 10 225
10 9 225
9 77 600
77 9 600
9 85 690
85 9 690
9 42 987
42 9 987
9 26 970
26 9 970
10 86 438
86 10 438
10 31 238
31 10 238
10 58 262
58 10 262
10 94 984
94 10 984
10 13 38
13 10 38
10 13 319
13 10 319
10 64 640
64 10 640
11 59 261
59 11 261
11 70 114
70 11 114
11 86 154
86 11 154
11 31 80
31 11 80
11 13 633
13 11 633
11 13 91
13 11 91
12 91 879
91 12 879
12 42 169
42 12 169
12 73 675
73 12 675
12 84 244
84 12 244
12 18 527
18 12 527
12 25 886
25 12 886
12 29 608
29 12 608
13 14 802
14 13 802
13 21 81
21 13 81
13 37 6
37 13 6
13 19 235
19 13 235
13 16 116
16 13 116
13 81 697
81 13 697
13 54 23
54 13 23
14 28 702
28 14 702
14 31 207
31 14 207
14 15 81
15 14 81
14 61 947
61 14 947
14 66 317
66 14 317
14 33 910
33 14 910
14 75 431
75 14 431
15 70 448
70 15 448
15 41 760
41 15 760
15 42 158
42 15 158
15 52 762
52 15 762
15 66 320
66 15 320
15 17 14
17 15 14
15 86 966
86 15 966
15 25 903
25 15 903
15 37 521
37 15 521
15 97 117
97 15 117
15 46 146
46 15 146
16 19 856
19 16 856
16 25 118
25 16 118
16 76 702
76 16 702
16 37 234
37 16 234
16 87 285
87 16 285
16 72 684
72 16 684
16 42 802
42 16 802
17 48 744
48 17 744
17 45 452
45 17 452
17 34 964
34 17 964
17 60 107
60 17 107
18 27 128
27 18 128
18 82 86
82 18 86
18 35 822
35 18 822
18 63 907
63 18 907
18 24 872
24 18 872
18 91 377
91 18 377
19 23 872
23 19 872
19 40 317
40 19 317
19 79 354
79 19 354
19 22 628
22 19 628
19 34 260
34 19 260
19 44 179
44 19 179
19 68 304
68 19 304
19 61 336
61 19 336
19 81 500
81 19 500
20 87 542
87 20 542
20 88 141
88 20 141
20 71 379
71 20 379
20 68 456
68 20 456
20 28 941
28 20 941
20 27 153
27 20 153
20 87 640
87 20 640
21 55 954
55 21 954
21 98 163
98 21 163
21 27 160
27 21 160
21 97 998
97 21 998
21 40 462
40 21 462
21 47 765
47 21 765
21 92 599
92 21 599
21 29 767
29 21 767
21 39 874
39 21 874
21 42 238
42 21 238
22 58 783
58 22 783
22 33 942
33 22 942
22 78 748
78 22 748
22 90 201
90 22 201
22 68 380
68 22 380
22 86 185
86 22 185
23 47 234
47 23 234
23 54 980
54 23 980
23 74 274
74 23 274
23 29 310
29 23 310
23 61 949
61 23 949
24 97 5
97 24 5
24 69 467
69 24 467
24 40 2
40 24 2
24 72 307
72 24 307
24 42 101
42 24 101
25 26 154
26 25 154
25 36 20
36 25 20
25 57 749
57 25 749
25 31 377
31 25 377
25 42 645
42 25 645
25 54 931
54 25 931
25 53 439
53 25 439
25 78 203
78 25 203
25 95 512
95 25 512
25 31 818
31 25 818
25 28 20
28 25 20
26 45 420
45 26 420
26 26 106
26 26 106
26 30 722
30 26 722
26 54 583
54 26 583
26 40 761
40 26 761
26 93 18
93 26 18
27 45 276
45 27 276
27 61 236
61 27 236
27 45 504
45 27 504
27 92 455
92 27 455
27 57 303
57 27 303
27 63 587
63 27 587
27 57 373
57 27 373
28 35 343
35 28 343
28 77 872
77 28 872
28 41 366
41 28 366
28 41 111
41 28 111
28 48 104
48 28 104
28 29 52
29 28 52
29 83 898
83 29 898
29 97 649
97 29 649
29 92 284
92 29 284
29 85 662
85 29 662
29 62 479
62 29 479
30 46 530
46 30 530
30 81 69
81 30 69
30 95 345
95 30 345
30 69 546
69 30 546
30 48 141
48 30 141
30 39 787
39 30 787
30 40 593
40 30 593
31 34 503
34 31 503
31 38 805
38 31 805
31 81 390
81 31 390
31 93 403
93 31 403
31 69 733
69 31 733
31 47 22
47 31 22
31 90 840
90 31 840
31 94 160
94 31 160
32 63 266
63 32 266
32 47 355
47 32 355
32 54 326
54 32 326
32 55 934
55 32 934
32 64 151
64 32 151
32 57 441
57 32 441
32 85 192
85 32 192
32 58 737
58 32 737
33 41 564
41 33 564
33 43 581
43 33 581
33 44 556
44 33 556
33 72 684
72 33 684
33 67 751
67 33 751
33 96 865
96 33 865
33 72 811
72 33 811
34 61 763
61 34 763
34 86 789
86 34 789
34 81 284
81 34 284
34 88 756
88 34 756
34 88 6
88 34 6
34 58 935
58 34 935
34 67 699
67 34 699
35 61 743
61 35 743
35 63 546
63 35 546
35 51 108
51 35 108
35 83 64
83 35 64
35 64 605
64 35 605
35 47 245
47 35 245
36 39 588
39 36 588
36 66 944
66 36 944
36 87 289
87 36 289
36 63 731
63 36 731
36 87 844
87 36 844
36 54 521
54 36 521
36 54 918
54 36 918
36 93 829
93 36 829
36 61 560
61 36 560
36 56 438
56 36 438
37 89 625
89 37 625
37 52 962
52 37 962
38 98 61
98 38 61
38 88 849
88 38 849
38 49 919
49 38 919
38 54 694
54 38 694
39 49 497
49 39 497
39 66 544
66 39 544
39 43 885
43 39 885
39 88 417
88 39 417
39 68 801
68 39 801
39 80 146
80 39 146
39 93 726
93 39 726
40 83 666
83 40 666
40 66 833
66 40 833
41 52 810
52 41 810
41 82 181
82 41 181
41 63 591
63 41 591
42 97 813
97 42 813
42 88 567
88 42 567
42 78 783
78 42 783
42 50 406
50 42 406
42 66 225
66 42 225
43 72 608
72 43 608
43 90 965
90 43 965
43 59 594
59 43 594
43 80 284
80 43 284
44 74 418
74 44 418
44 79 679
79 44 679
44 93 972
93 44 972
45 78 20
78 45 20
45 71 790
71 45 790
45 45 426
45 45 426
46 65 47
65 46 47
46 90 393
90 46 393
46 68 724
68 46 724
46 52 943
52 46 943
47 75 564
75 47 564
47 78 245
78 47 245
47 76 203
76 47 203
47 70 119
70 47 119
48 62 645
62 48 645
48 50 986
50 48 986
48 98 594
98 48 594
48 98 749
98 48 749
48 95 215
95 48 215
48 98 45
98 48 45
48 58 81
58 48 81
49 78 411
78 49 411
49 75 825
75 49 825
50 71 931
71 50 931
50 88 526
88 50 526
50 54 452
54 50 452
50 94 382
94 50 382
50 63 623
63 50 623
50 85 803
85 50 803
50 86 682
86 50 682
50 96 858
96 50 858
51 64 882
64 51 882
51 72 573
72 51 573
51 87 548
87 51 548
51 97 189
97 51 189
52 52 762
52 52 762
52 96 853
96 52 853
52 93 979
93 52 979
52 84 314
84 52 314
53 71 297
71 53 297
53 90 541
90 53 541
53 64 672
64 53 672
53 68 396
68 53 396
54 91 131
91 54 131
55 73 903
73 55 903
55 93 545
93 55 545
55 64 994
64 55 994
55 67 13
67 55 13
55 84 62
84 55 62
55 97 119
97 55 119
56 69 476
69 56 476
56 79 464
79 56 464
56 67 796
67 56 796
56 74 839
74 56 839
57 86 783
86 57 783
57 88 529
88 57 529
57 93 460
93 57 460
57 75 280
75 57 280
58 70 237
70 58 237
58 88 652
88 58 652
58 84 327
84 58 327
59 80 731
80 59 731
60 95 326
95 60 326
60 80 955
80 60 955
60 81 929
81 60 929
61 78 880
78 61 880
61 84 873
84 61 873
61 94 648
94 61 648
62 65 532
65 62 532
62 65 319
65 62 319
62 90 590
90 62 590
62 87 907
87 62 907
62 89 5
89 62 5
63 67 843
67 63 843
63 93 646
93 63 646
63 97 666
97 63 666
63 85 26
85 63 26
63 86 644
86 63 644
64 69 214
69 64 214
64 92 769
92 64 769
64 69 135
69 64 135
65 73 159
73 65 159
66 72 472
72 66 472
67 71 457
71 67 457
67 92 905
92 67 905
67 74 242
74 67 242
68 84 863
84 68 863
68 92 971
92 68 971
68 74 617
74 68 617
68 98 53
98 68 53
69 91 124
91 69 124
69 96 384
96 69 384
69 85 926
85 69 926
70 88 965
88 70 965
70 93 344
93 70 344
71 90 837
90 71 837
71 94 35
94 71 35
71 78 798
78 71 798
72 76 749
76 72 749
74 89 21
89 74 21
75 78 75
78 75 75
76 80 134
80 76 134
77 84 897
84 77 897
77 92 933
92 77 933
77 91 242
91 77 242
78 93 877
93 78 877
78 88 878
88 78 878
79 94 75
94 79 75
79 85 988
85 79 988
80 81 97
81 80 97
81 86 148
86 81 148
83 84 916
84 83 916
83 87 629
87 83 629
84 85 421
85 84 421
84 92 907
92 84 907
84 84 347
84 84 347
85 96 521
96 85 521
85 92 783
92 85 783
86 97 947
97 86 947
88 89 53
89 88 53
88 88 496
88 88 496
90 97 245
97 90 245
91 94 708
94 91 708
96 98 845
98 96 845
