80

0 1 866
1 0 866
0 2 106
2 0 106
0 4 714
4 0 714
0 17 914
17 0 914
0 26 653
26 0 653
0 35 963
35 0 963
0 50 44
50 0 44
1 39 278
39 1 278
1 51 973
51 1 973
1 41 640
41 1 640
1 70 139
70 1 139
2 3 812
3 2 812
2 11 888
11 2 888
2 20 651
20 2 651
2 23 532
23 2 532
2 63 16
63 2 16
2 67 936
67 2 936
3 7 741
7 3 741
3 8 760
8 3 760
3 14 661
14 3 661
3 77 333
77 3 333
3 12 585
12 3 585
4 5 29
5 4 29
4 9 779
9 4 779
4 13 949
13 4 949
4 43 941
43 4 941
5 6 745
6 5 745
5 19 977
19 5 977
5 33 371
33 5 371
5 41 953
41 5 953
5 59 134
59 5 134
5 61 648
61 5 648
5 74 317
74 5 317
6 40 832
40 6 832
6 54 666
54 6 666
7 10 241
10 7 241
7 22 839
22 7 839
7 76 488
76 7 488
7 17 59
17 7 59
7 70 891
70 7 891
8 65 770
65 8 770
9 12 753
12 9 753
9 16 498
16 9 498
9 33 529
33 9 529
9 17 529
17 9 529
9 36 731
36 9 731
10 47 833
47 10 833
10 55 39
55 10 39
10 28 293
28 10 293
11 15 257
15 11 257
11 18 771
18 11 771
11 45 314
45 11 314
11 72 399
72 11 399
11 50 489
50 11 489
11 35 85
35 11 85
12 53 208
53 12 208
13 21 882
21 13 882
13 30 544
30 13 544
13 76 202
76 13 202
13 28 502
28 13 502
13 35 890
35 13 890
14 36 439
36 14 439
14 64 312
64 14 312
14 53 606
53 14 606
14 45 611
45 14 611
15 27 589
27 15 589
15 70 613
70 15 613
17 34 128
34 17 128
18 20 144
20 18 144
18 62 324
62 18 324
19 33 645
33 19 645
19 66 45
66 19 45
20 32 327
32 20 327
20 46 204
46 20 204
20 44 435
44 20 435
20 24 352
24 20 352
20 63 135
63 20 135
21 25 898
25 21 898
21 61 25
61 21 25
21 49 537
49 21 537
22 24 231
24 22 231
22 53 585
53 22 585
22 75 482
75 22 482
23 28 798
28 23 798
23 38 307
38 23 307
24 43 435
43 24 435
24 66 289
66 24 289
24 56 483
56 24 483
25 37 610
37 25 610
25 74 160
74 25 160
26 31 493
31 26 493
27 68 427
68 27 427
27 73 190
73 27 190
28 29 547
29 28 547
29 42 538
42 29 538
30 62 912
62 30 912
31 49 584
49 31 584
31 79 291
79 31 291
32 69 445
69 32 445
32 58 510
58 32 510
33 54 799
54 33 799
34 57 747
57 34 747
35 73 386
73 35 386
35 39 149
39 35 149
36 78 718
78 36 718
38 69 61
69 38 61
39 58 36
58 39 36
39 60 720
60 39 720
40 44 419
44 40 419
40 67 903
67 40 903
40 75 127
75 40 127
40 62 342
62 40 342
41 54 191
54 41 191
42 52 182
52 42 182
42 67 16
67 42 16
43 48 782
48 43 782
43 79 186
79 43 186
43 69 557
69 43 557
46 48 135
48 46 135
48 75 268
75 48 268
49 65 507
65 49 507
49 76 487
76 49 487
49 71 316
71 49 316
49 59 593
59 49 593
51 65 644
65 51 644
51 75 513
75 51 513
52 76 806
76 52 806
55 56 913
56 55 913
58 58 521
58 58 521
59 63 442
63 59 442
59 64 737
64 59 737
62 78 264
78 62 264
65 71 124
71 65 124
