75

0 1 898
1 0 898
0 3 262
3 0 262
0 11 743
11 0 743
0 51 691
51 0 691
0 60 557
60 0 557
0 6 965
6 0 965
0 10 945
10 0 945
0 45 437
45 0 437
0 74 498
74 0 498
0 47 882
47 0 882
1 2 275
2 1 275
1 7 838
7 1 838
1 8 377
8 1 377
1 14 177
14 1 177
1 66 700
66 1 700
1 70 33
70 1 33
1 61 847
61 1 847
2 4 161
4 2 161
2 17 365
17 2 365
2 40 920
40 2 920
2 68 896
68 2 896
2 51 960
51 2 960
2 35 975
35 2 975
2 28 569
28 2 569
2 49 409
49 2 409
2 44 467
44 2 467
3 6 144
6 3 144
3 13 36
13 3 36
3 14 7
14 3 7
3 41 581
41 3 581
3 33 150
33 3 150
3 28 834
28 3 834
3 63 751
63 3 751
3 73 124
73 3 124
4 5 825
5 4 825
4 9 799
9 4 799
4 24 286
24 4 286
4 7 246
7 4 246
4 13 822
13 4 822
4 67 432
67 4 432
4 39 444
39 4 444
4 5 618
5 4 618
5 37 757
37 5 757
5 52 61
52 5 61
5 11 53
11 5 53
5 58 582
58 5 582
5 56 607
56 5 607
6 27 753
27 6 753
6 34 186
34 6 186
6 11 98
11 6 98
6 8 860
8 6 860
6 52 56
52 6 56
6 48 600
48 6 600
6 61 359
61 6 359
7 10 380
10 7 380
7 21 428
21 7 428
7 35 67
35 7 67
7 65 939
65 7 939
7 28 503
28 7 503
7 60 272
60 7 272
7 46 155
46 7 155
7 8 76
8 7 76
7 72 611
72 7 611
7 27 616
27 7 616
7 12 668
12 7 668
8 23 187
23 8 187
8 44 674
44 8 674
8 67 890
67 8 890
8 43 87
43 8 87
8 70 913
70 8 913
8 39 371
39 8 371
9 12 586
12 9 586
9 62 202
62 9 202
9 54 664
54 9 664
9 37 663
37 9 663
9 73 80
73 9 80
10 33 136
33 10 136
10 54 123
54 10 123
10 50 935
50 10 935
10 52 972
52 10 972
10 45 701
45 10 701
10 20 656
20 10 656
10 34 642
34 10 642
11 13 26
13 11 26
11 61 113
61 11 113
11 32 114
32 11 114
11 16 558
16 11 558
11 57 597
57 11 597
11 72 617
72 11 617
11 28 886
28 11 886
12 68 126
68 12 126
13 15 12
15 13 12
13 16 286
16 13 286
13 26 290
26 13 290
13 72 228
72 13 228
13 74 769
74 13 769
13 40 812
40 13 812
13 68 718
68 13 718
13 17 983
17 13 983
13 20 238
20 13 238
13 73 323
73 13 323
14 44 965
44 14 965
14 71 185
71 14 185
14 73 665
73 14 665
14 50 361
50 14 361
14 55 824
55 14 824
14 65 624
65 14 624
15 30 134
30 15 134
15 73 660
73 15 660
15 64 387
64 15 387
16 20 308
20 16 308
16 22 125
22 16 125
16 46 811
46 16 811
16 31 423
31 16 423
17 18 747
18 17 747
17 25 726
25 17 726
17 21 12
21 17 12
17 69 714
69 17 714
17 39 800
39 17 800
17 50 864
50 17 864
18 19 946
19 18 946
18 47 182
47 18 182
18 64 51
64 18 51
18 70 619
70 18 619
18 56 1000
56 18 1000
18 35 497
35 18 497
19 39 857
39 19 857
19 49 721
49 19 721
19 66 984
66 19 984
19 58 85
58 19 85
20 31 709
31 20 709
20 33 944
33 20 944
20 72 884
72 20 884
21 48 954
48 21 954
21 73 841
73 21 841
21 67 430
67 21 430
21 47 208
47 21 208
21 36 117
36 21 117
21 31 75
31 21 75
22 28 533
28 22 533
22 43 409
43 22 409
22 30 585
30 22 585
22 31 516
31 22 516
23 43 35
43 23 35
23 56 258
56 23 258
23 28 36
28 23 36
23 51 193
51 23 193
24 29 980
29 24 980
24 43 698
43 24 698
24 73 522
73 24 522
24 64 16
64 24 16
24 62 578
62 24 578
25 55 829
55 25 829
25 46 873
46 25 873
25 29 623
29 25 623
26 32 598
32 26 598
26 38 463
38 26 463
26 48 182
48 26 182
26 52 218
52 26 218
26 53 822
53 26 822
27 35 405
35 27 405
27 52 768
52 27 768
27 30 846
30 27 846
27 39 662
39 27 662
28 35 235
35 28 235
28 73 123
73 28 123
29 41 696
41 29 696
29 58 632
58 29 632
29 49 334
49 29 334
29 68 453
68 29 453
29 63 877
63 29 877
29 64 384
64 29 384
29 32 548
32 29 548
30 54 885
54 30 885
30 30 838
30 30 838
30 61 990
61 30 990
30 71 752
71 30 752
31 59 696
59 31 696
31 35 146
35 31 146
31 39 800
39 31 800
32 42 175
42 32 175
32 48 912
48 32 912
32 40 817
40 32 817
32 36 750
36 32 750
33 36 315
36 33 315
34 72 668
72 34 668
34 47 38
47 34 38
35 53 217
53 35 217
36 55 85
55 36 85
36 56 840
56 36 840
36 47 586
47 36 586
36 49 440
49 36 440
36 71 632
71 36 632
36 48 10
48 36 10
37 43 937
43 37 937
37 71 516
71 37 516
37 74 801
74 37 801
37 51 107
51 37 107
38 63 524
63 38 524
38 70 857
70 38 857
38 40 988
40 38 988
38 58 575
58 38 575
38 53 213
53 38 213
38 56 987
56 38 987
38 56 603
56 38 603
39 50 457
50 39 457
40 58 985
58 40 985
40 67 684
67 40 684
40 47 177
47 40 177
40 56 491
56 40 491
41 45 161
45 41 161
41 73 538
73 41 538
41 64 826
64 41 826
42 56 296
56 42 296
43 51 139
51 43 139
43 69 959
69 43 959
44 68 286
68 44 286
45 66 183
66 45 183
45 66 764
66 45 764
46 56 255
56 46 255
46 73 747
73 46 747
47 72 479
72 47 479
47 47 542
47 47 542
48 74 801
74 48 801
49 60 951
60 49 951
49 50 120
50 49 120
50 69 949
69 50 949
51 70 146
70 51 146
51 67 399
67 51 399
52 57 436
57 52 436
52 60 509
60 52 509
52 60 347
60 52 347
52 58 602
58 52 602
52 64 354
64 52 354
53 63 401
63 53 401
54 69 188
69 54 188
54 56 726
56 54 726
54 68 643
68 54 643
55 69 736
69 55 736
56 67 224
67 56 224
57 65 68
65 57 68
57 71 209
71 57 209
59 69 677
69 59 677
59 65 385
65 59 385
59 67 58
67 59 58
61 64 432
64 61 432
61 70 200
70 61 200
62 62 772
62 62 772
66 70 997
70 66 997
70 74 651
74 70 651
