85

0 1 783
1 0 783
0 2 33
2 0 33
0 4 46
4 0 46
0 7 465
7 0 465
0 27 315
27 0 315
0 26 582
26 0 582
0 1 3
1 0 3
0 26 753
26 0 753
1 3 350
3 1 350
1 13 692
13 1 692
1 25 897
25 1 897
2 11 997
11 2 997
2 15 280
15 2 280
2 13 511
13 2 511
2 11 236
11 2 236
3 6 400
6 3 400
3 14 32
14 3 32
3 31 63
31 3 63
3 81 728
81 3 728
3 13 610
13 3 610
3 84 33
84 3 33
4 5 332
5 4 332
4 9 402
9 4 402
4 28 526
28 4 526
4 29 367
29 4 367
4 81 922
81 4 922
5 42 362
42 5 362
5 77 40
77 5 40
5 18 690
18 5 690
5 46 656
46 5 656
6 12 757
12 6 757
6 19 467
19 6 467
6 55 964
55 6 964
6 78 514
78 6 514
6 26 108
26 6 108
6 64 708
64 6 708
7 8 181
8 7 181
7 33 838
33 7 838
7 34 113
34 7 113
7 40 784
40 7 784
7 52 692
52 7 692
7 82 922
82 7 922
7 78 573
78 7 573
8 18 652
18 8 652
8 24 511
24 8 511
8 36 644
36 8 644
8 56 91
56 8 91
8 34 722
34 8 722
8 17 439
17 8 439
9 10 327
10 9 327
9 20 900
20 9 900
9 84 830
84 9 830
9 56 789
56 9 789
9 78 810
78 9 810
10 82 627
82 10 627
10 34 467
34 10 467
11 16 371
16 11 371
11 17 660
17 11 660
11 39 879
39 11 879
11 20 4
20 11 4
11 67 667
67 11 667
11 71 592
71 11 592
11 79 510
79 11 510
11 63 276
63 11 276
11 70 43
70 11 43
11 34 565
34 11 565
12 80 943
80 12 943
13 32 294
32 13 294
13 17 935
17 13 935
13 74 792
74 13 792
13 26 361
26 13 361
14 66 319
66 14 319
14 82 790
82 14 790
14 40 468
40 14 468
15 21 334
21 15 334
15 26 267
26 15 267
15 68 984
68 15 984
16 22 58
22 16 58
16 51 869
51 16 869
16 68 777
68 16 777
16 46 788
46 16 788
17 35 558
35 17 558
17 64 186
64 17 186
17 62 826
62 17 826
17 66 187
66 17 187
18 49 331
49 18 331
18 75 874
75 18 874
18 72 199
72 18 199
18 67 94
67 18 94
19 63 925
63 19 925
19 33 108
33 19 108
19 39 979
39 19 979
19 37 527
37 19 527
20 75 431
75 20 431
20 44 159
44 20 159
20 51 207
51 20 207
20 22 416
22 20 416
20 73 733
73 20 733
20 64 158
64 20 158
20 45 30
45 20 30
21 50 207
50 21 207
21 53 568
53 21 568
21 68 98
68 21 98
22 23 444
23 22 444
22 25 952
25 22 952
22 30 415
30 22 415
22 84 901
84 22 901
22 43 446
43 22 446
22 78 600
78 22 600
23 43 738
43 23 738
23 83 700
83 23 700
23 23 626
23 23 626
23 40 852
40 23 852
23 58 957
58 23 957
24 71 762
71 24 762
24 68 724
68 24 724
25 37 663
37 25 663
25 81 884
81 25 884
25 77 957
77 25 957
26 47 406
47 26 406
26 48 494
48 26 494
26 54 340
54 26 340
28 30 5
30 28 5
28 41 868
41 28 868
28 39 959
39 28 959
28 31 469
31 28 469
29 46 738
46 29 738
29 84 72
84 29 72
30 38 874
38 30 874
30 45 585
45 30 585
30 73 352
73 30 352
31 37 270
37 31 270
31 70 287
70 31 287
32 57 990
57 32 990
32 59 974
59 32 974
32 42 467
42 32 467
33 56 865
56 33 865
33 47 218
47 33 218
34 81 191
81 34 191
34 35 994
35 34 994
35 65 308
65 35 308
35 84 743
84 35 743
36 60 788
60 36 788
36 57 611
57 36 611
37 49 954
49 37 954
38 71 433
71 38 433
38 71 734
71 38 734
38 50 674
50 38 674
38 63 733
63 38 733
39 44 120
44 39 120
39 60 670
60 39 670
39 53 595
53 39 595
40 40 641
40 40 641
40 52 721
52 40 721
40 61 274
61 40 274
40 47 513
47 40 513
41 72 117
72 41 117
42 83 859
83 42 859
43 54 949
54 43 949
43 61 714
61 43 714
43 49 896
49 43 896
44 71 120
71 44 120
44 79 750
79 44 750
45 59 740
59 45 740
48 69 210
69 48 210
48 80 169
80 48 169
49 80 852
80 49 852
50 78 247
78 50 247
51 70 233
70 51 233
52 67 456
67 52 456
52 71 885
71 52 885
53 58 680
58 53 680
54 67 469
67 54 469
55 58 577
58 55 577
56 70 514
70 56 514
57 61 24
61 57 24
58 62 879
62 58 879
59 79 483
79 59 483
62 71 908
71 62 908
63 74 176
74 63 176
65 66 597
66 65 597
65 79 8
79 65 8
65 66 866
66 65 866
68 74 389
74 68 389
71 76 572
76 71 572
74 80 981
80 74 981
76 83 251
83 76 251
