86

0 1 449
1 0 449
0 4 541
4 0 541
0 5 282
5 0 282
0 83 786
83 0 786
0 22 520
22 0 520
0 19 874
19 0 874
0 52 515
52 0 515
0 7 153
7 0 153
0 40 415
40 0 415
0 58 924
58 0 924
0 14 639
14 0 639
0 42 434
42 0 434
0 67 116
67 0 116
0 58 502
58 0 502
0 47 324
47 0 324
0 23 81
23 0 81
0 22 714
22 0 714
0 1 682
1 0 682
0 22 603
22 0 603
1 2 50
2 1 50
1 3 755
3 1 755
1 6 305
6 1 305
1 32 761
32 1 761
1 47 411
47 1 411
1 79 494
79 1 494
1 18 266
18 1 266
1 79 817
79 1 817
1 72 680
72 1 680
1 65 765
65 1 765
1 42 368
42 1 368
1 41 915
41 1 915
1 75 214
75 1 214
1 30 713
30 1 713
1 53 997
53 1 997
1 8 652
8 1 652
1 81 43
81 1 43
2 8 120
8 2 120
2 16 144
16 2 144
2 26 794
26 2 794
2 29 341
29 2 341
2 9 599
9 2 599
2 59 406
59 2 406
2 40 187
40 2 187
2 75 302
75 2 302
2 31 25
31 2 25
2 12 822
12 2 822
2 18 410
18 2 410
2 14 550
14 2 550
2 21 182
21 2 182
2 29 909
29 2 909
2 43 673
43 2 673
2 27 429
27 2 429
2 33 926
33 2 926
3 11 801
11 3 801
3 12 644
12 3 644
3 45 397
45 3 397
3 52 813
52 3 813
3 65 93
65 3 93
3 6 276
6 3 276
3 58 677
58 3 677
3 11 793
11 3 793
3 51 503
51 3 503
3 28 688
28 3 688
3 13 451
13 3 451
3 21 26
21 3 26
3 82 588
82 3 588
3 16 915
16 3 915
3 45 677
45 3 677
3 67 726
67 3 726
3 58 395
58 3 395
3 39 489
39 3 489
3 26 867
26 3 867
3 42 505
42 3 505
4 9 331
9 4 331
4 44 684
44 4 684
4 78 893
78 4 893
4 23 898
23 4 898
4 49 973
49 4 973
4 4 355
4 4 355
4 60 981
60 4 981
4 54 350
54 4 350
4 69 295
69 4 295
4 72 123
72 4 123
4 81 121
81 4 121
5 7 337
7 5 337
5 48 259
48 5 259
5 65 100
65 5 100
5 36 715
36 5 715
5 23 447
23 5 447
5 65 275
65 5 275
5 29 825
29 5 825
5 70 204
70 5 204
5 46 514
46 5 514
5 28 485
28 5 485
5 9 984
9 5 984
5 58 381
58 5 381
5 65 863
65 5 863
6 10 919
10 6 919
6 30 755
30 6 755
6 41 370
41 6 370
6 72 324
72 6 324
6 49 406
49 6 406
6 10 638
10 6 638
6 43 298
43 6 298
6 9 804
9 6 804
6 51 942
51 6 942
6 32 97
32 6 97
6 36 223
36 6 223
6 13 496
13 6 496
7 14 518
14 7 518
7 18 444
18 7 444
7 20 75
20 7 75
7 21 578
21 7 578
7 23 98
23 7 98
7 46 756
46 7 756
7 58 218
58 7 218
7 49 913
49 7 913
7 65 299
65 7 299
7 12 197
12 7 197
7 42 206
42 7 206
7 55 858
55 7 858
7 62 106
62 7 106
7 29 900
29 7 900
7 9 304
9 7 304
7 35 700
35 7 700
8 15 775
15 8 775
8 22 76
22 8 76
8 62 216
62 8 216
8 25 619
25 8 619
8 74 870
74 8 870
8 57 598
57 8 598
8 59 477
59 8 477
8 37 786
37 8 786
8 66 911
66 8 911
8 50 807
50 8 807
8 40 956
40 8 956
8 65 550
65 8 550
8 29 791
29 8 791
8 81 722
81 8 722
9 17 397
17 9 397
9 24 339
24 9 339
9 40 68
40 9 68
9 68 609
68 9 609
9 50 362
50 9 362
9 39 207
39 9 207
9 82 754
82 9 754
9 83 765
83 9 765
9 36 375
36 9 375
9 48 317
48 9 317
9 38 531
38 9 531
9 68 32
68 9 32
9 19 694
19 9 694
9 70 764
70 9 764
9 84 578
84 9 578
9 14 26
14 9 26
9 27 833
27 9 833
10 28 819
28 10 819
10 69 660
69 10 660
10 68 126
68 10 126
10 84 613
84 10 613
10 18 13
18 10 13
10 56 856
56 10 856
10 42 608
42 10 608
10 22 683
22 10 683
10 53 811
53 10 811
10 48 111
48 10 111
10 20 151
20 10 151
10 35 129
35 10 129
10 63 879
63 10 879
10 52 375
52 10 375
10 68 985
68 10 985
11 33 621
33 11 621
11 66 594
66 11 594
11 84 63
84 11 63
11 19 647
19 11 647
11 41 801
41 11 801
11 28 5
28 11 5
11 26 774
26 11 774
11 25 680
25 11 680
11 25 428
25 11 428
11 27 543
27 11 543
11 22 650
22 11 650
11 73 547
73 11 547
11 70 359
70 11 359
11 17 30
17 11 30
11 73 187
73 11 187
11 83 302
83 11 302
11 74 50
74 11 50
12 13 505
13 12 505
12 23 262
23 12 262
12 80 869
80 12 869
12 83 829
83 12 829
12 83 888
83 12 888
12 84 354
84 12 354
12 29 780
29 12 780
12 63 969
63 12 969
12 24 162
24 12 162
12 35 247
35 12 247
12 17 684
17 12 684
12 70 748
70 12 748
12 59 945
59 12 945
12 59 645
59 12 645
12 12 614
12 12 614
13 77 682
77 13 682
13 41 381
41 13 381
13 21 44
21 13 44
13 44 827
44 13 827
13 80 785
80 13 785
13 25 212
25 13 212
13 58 298
58 13 298
13 55 410
55 13 410
13 42 710
42 13 710
13 81 511
81 13 511
13 13 528
13 13 528
13 72 251
72 13 251
13 33 953
33 13 953
13 59 768
59 13 768
13 79 15
79 13 15
13 63 496
63 13 496
13 25 99
25 13 99
14 51 302
51 14 302
14 53 366
53 14 366
14 22 735
22 14 735
14 27 683
27 14 683
14 54 65
54 14 65
14 63 406
63 14 406
14 32 486
32 14 486
14 74 596
74 14 596
14 53 420
53 14 420
14 30 649
30 14 649
14 37 357
37 14 357
14 21 644
21 14 644
14 22 482
22 14 482
14 36 365
36 14 365
14 19 424
19 14 424
14 28 258
28 14 258
15 36 766
36 15 766
15 57 613
57 15 613
15 70 104
70 15 104
15 64 394
64 15 394
15 45 524
45 15 524
15 53 293
53 15 293
15 21 932
21 15 932
15 69 769
69 15 769
15 41 200
41 15 200
15 72 699
72 15 699
15 55 268
55 15 268
15 62 466
62 15 466
15 81 702
81 15 702
15 39 973
39 15 973
15 40 782
40 15 782
16 19 973
19 16 973
16 60 129
60 16 129
16 52 515
52 16 515
16 73 812
73 16 812
16 30 186
30 16 186
16 24 972
24 16 972
17 39 560
39 17 560
17 37 248
37 17 248
17 51 970
51 17 970
17 45 574
45 17 574
17 35 989
35 17 989
17 32 386
32 17 386
17 58 247
58 17 247
17 60 708
60 17 708
17 30 872
30 17 872
17 20 158
20 17 158
18 25 646
25 18 646
18 31 143
31 18 143
18 73 674
73 18 674
18 48 343
48 18 343
18 78 57
78 18 57
18 83 424
83 18 424
18 58 455
58 18 455
18 43 774
43 18 774
18 50 355
50 18 355
18 44 968
44 18 968
18 23 517
23 18 517
18 58 673
58 18 673
18 41 774
41 18 774
18 22 926
22 18 926
19 72 768
72 19 768
19 73 329
73 19 329
19 61 437
61 19 437
19 44 81
44 19 81
19 53 327
53 19 327
19 55 612
55 19 612
19 63 136
63 19 136
19 27 412
27 19 412
19 81 204
81 19 204
19 79 380
79 19 380
19 45 245
45 19 245
19 74 732
74 19 732
19 72 615
72 19 615
19 33 844
33 19 844
19 26 117
26 19 117
20 34 491
34 20 491
20 80 589
80 20 589
20 84 566
84 20 566
20 24 716
24 20 716
20 64 895
64 20 895
20 49 348
49 20 348
20 29 979
29 20 979
21 42 257
42 21 257
21 71 410
71 21 410
21 24 508
24 21 508
21 53 918
53 21 918
21 38 832
38 21 832
21 67 329
67 21 329
21 57 962
57 21 962
21 71 366
71 21 366
21 85 764
85 21 764
21 68 468
68 21 468
21 52 527
52 21 527
21 25 453
25 21 453
21 36 859
36 21 859
21 61 954
61 21 954
21 77 321
77 21 321
21 73 65
73 21 65
21 74 470
74 21 470
21 43 582
43 21 582
22 72 423
72 22 423
22 66 327
66 22 327
22 80 481
80 22 481
22 33 33
33 22 33
22 49 690
49 22 690
22 69 178
69 22 178
22 42 616
42 22 616
22 33 789
33 22 789
22 31 218
31 22 218
22 47 368
47 22 368
23 38 791
38 23 791
23 34 868
34 23 868
23 61 720
61 23 720
23 35 329
35 23 329
23 68 849
68 23 849
23 80 41
80 23 41
23 59 363
59 23 363
23 81 152
81 23 152
23 49 969
49 23 969
23 46 665
46 23 665
23 31 640
31 23 640
23 29 861
29 23 861
23 80 341
80 23 341
23 69 636
69 23 636
23 38 297
38 23 297
23 46 527
46 23 527
23 25 188
25 23 188
23 85 264
85 23 264
23 26 536
26 23 536
24 37 942
37 24 942
24 43 758
43 24 758
24 55 606
55 24 606
24 78 519
78 24 519
24 49 131
49 24 131
24 42 88
42 24 88
24 33 973
33 24 973
24 55 756
55 24 756
24 64 465
64 24 465
24 76 105
76 24 105
25 27 691
27 25 691
25 37 34
37 25 34
25 37 447
37 25 447
25 73 845
73 25 845
25 55 288
55 25 288
25 32 940
32 25 940
25 56 958
56 25 958
25 63 313
63 25 313
25 84 739
84 25 739
26 56 567
56 26 567
26 69 272
69 26 272
26 49 82
49 26 82
26 52 528
52 26 528
26 56 773
56 26 773
27 54 591
54 27 591
27 78 61
78 27 61
27 46 461
46 27 461
27 62 349
62 27 349
27 85 2
85 27 2
27 77 497
77 27 497
27 66 173
66 27 173
27 66 407
66 27 407
27 70 35
70 27 35
27 29 701
29 27 701
27 46 1
46 27 1
27 31 242
31 27 242
28 50 174
50 28 174
28 28 164
28 28 164
28 30 557
30 28 557
28 54 495
54 28 495
28 39 879
39 28 879
28 37 312
37 28 312
28 51 652
51 28 652
28 32 167
32 28 167
28 63 425
63 28 425
28 46 219
46 28 219
29 44 53
44 29 53
29 46 76
46 29 76
29 76 685
76 29 685
29 55 934
55 29 934
29 31 312
31 29 312
29 33 991
33 29 991
30 63 748
63 30 748
30 84 563
84 30 563
30 46 755
46 30 755
30 54 38
54 30 38
30 45 670
45 30 670
30 66 341
66 30 341
30 33 687
33 30 687
30 81 794
81 30 794
30 41 859
41 30 859
30 65 538
65 30 538
30 51 283
51 30 283
30 56 493
56 30 493
30 84 221
84 30 221
31 58 376
58 31 376
31 74 923
74 31 923
31 61 351
61 31 351
31 50 671
50 31 671
31 58 254
58 31 254
31 49 732
49 31 732
31 83 143
83 31 143
31 74 638
74 31 638
31 49 67
49 31 67
31 52 10
52 31 10
31 82 219
82 31 219
31 69 933
69 31 933
32 83 183
83 32 183
32 42 825
42 32 825
32 36 167
36 32 167
32 70 503
70 32 503
32 60 536
60 32 536
32 35 340
35 32 340
32 71 363
71 32 363
32 63 871
63 32 871
32 41 167
41 32 167
32 66 311
66 32 311
33 35 423
35 33 423
33 49 602
49 33 602
33 64 328
64 33 328
33 79 476
79 33 476
33 67 128
67 33 128
33 78 969
78 33 969
33 83 783
83 33 783
33 46 650
46 33 650
33 39 603
39 33 603
33 54 567
54 33 567
33 59 48
59 33 48
33 50 93
50 33 93
33 70 631
70 33 631
34 38 709
38 34 709
34 40 300
40 34 300
34 78 276
78 34 276
34 40 546
40 34 546
34 37 786
37 34 786
34 49 172
49 34 172
34 64 9
64 34 9
34 81 591
81 34 591
34 41 853
41 34 853
34 52 971
52 34 971
35 69 703
69 35 703
35 59 622
59 35 622
35 40 479
40 35 479
35 81 241
81 35 241
35 78 298
78 35 298
35 79 175
79 35 175
35 63 945
63 35 945
35 65 563
65 35 563
35 68 22
68 35 22
35 70 118
70 35 118
35 71 232
71 35 232
35 37 33
37 35 33
36 53 7
53 36 7
36 55 184
55 36 184
36 52 584
52 36 584
36 41 991
41 36 991
36 36 247
36 36 247
36 36 301
36 36 301
36 48 511
48 36 511
36 66 246
66 36 246
36 78 283
78 36 283
36 49 845
49 36 845
36 75 810
75 36 810
36 67 701
67 36 701
36 76 432
76 36 432
36 45 878
45 36 878
36 64 786
64 36 786
36 77 282
77 36 282
37 58 80
58 37 80
37 56 991
56 37 991
37 70 262
70 37 262
37 64 154
64 37 154
37 59 414
59 37 414
37 41 596
41 37 596
37 71 217
71 37 217
37 85 957
85 37 957
38 51 913
51 38 913
38 74 389
74 38 389
38 59 491
59 38 491
38 70 385
70 38 385
38 39 636
39 38 636
38 74 851
74 38 851
38 57 707
57 38 707
39 47 228
47 39 228
39 50 338
50 39 338
39 53 876
53 39 876
39 40 352
40 39 352
39 59 646
59 39 646
39 76 937
76 39 937
40 59 876
59 40 876
40 74 221
74 40 221
40 81 885
81 40 885
40 52 915
52 40 915
40 84 855
84 40 855
40 61 795
61 40 795
40 72 28
72 40 28
41 59 758
59 41 758
41 59 961
59 41 961
41 45 974
45 41 974
41 69 325
69 41 325
41 82 181
82 41 181
41 66 695
66 41 695
41 61 327
61 41 327
41 80 929
80 41 929
41 76 591
76 41 591
42 50 145
50 42 145
42 56 732
56 42 732
42 52 592
52 42 592
42 67 361
67 42 361
42 50 516
50 42 516
42 61 155
61 42 155
43 61 378
61 43 378
43 47 564
47 43 564
43 79 220
79 43 220
43 51 890
51 43 890
44 56 227
56 44 227
44 79 705
79 44 705
44 70 826
70 44 826
44 65 879
65 44 879
44 56 181
56 44 181
44 85 438
85 44 438
44 66 306
66 44 306
44 47 963
47 44 963
44 58 542
58 44 542
45 76 349
76 45 349
45 82 664
82 45 664
45 53 300
53 45 300
45 78 997
78 45 997
45 53 622
53 45 622
45 73 58
73 45 58
45 84 399
84 45 399
45 54 969
54 45 969
45 78 858
78 45 858
45 67 303
67 45 303
46 80 237
80 46 237
46 50 478
50 46 478
46 78 760
78 46 760
46 53 782
53 46 782
46 60 652
60 46 652
46 47 550
47 46 550
46 55 996
55 46 996
47 68 305
68 47 305
47 73 831
73 47 831
47 62 635
62 47 635
47 50 39
50 47 39
47 51 737
51 47 737
47 83 177
83 47 177
48 67 335
67 48 335
48 74 803
74 48 803
48 54 216
54 48 216
48 77 475
77 48 475
48 81 624
81 48 624
48 52 80
52 48 80
48 75 546
75 48 546
48 84 749
84 48 749
48 80 194
80 48 194
48 71 466
71 48 466
48 55 606
55 48 606
49 74 178
74 49 178
49 66 440
66 49 440
49 80 538
80 49 538
49 50 778
50 49 778
49 72 605
72 49 605
49 54 691
54 49 691
49 84 752
84 49 752
49 70 174
70 49 174
49 83 86
83 49 86
50 62 541
62 50 541
50 60 701
60 50 701
50 60 901
60 50 901
50 64 12
64 50 12
51 70 91
70 51 91
51 62 919
62 51 919
51 85 153
85 51 153
51 81 712
81 51 712
51 54 129
54 51 129
51 77 441
77 51 441
52 63 559
63 52 559
52 56 134
56 52 134
52 83 603
83 52 603
53 79 780
79 53 780
53 80 185
80 53 185
53 82 226
82 53 226
53 63 26
63 53 26
53 77 491
77 53 491
54 83 690
83 54 690
54 56 820
56 54 820
54 77 192
77 54 192
54 63 77
63 54 77
55 75 328
75 55 328
55 69 269
69 55 269
55 79 791
79 55 791
55 74 451
74 55 451
55 71 417
71 55 417
55 63 3
63 55 3
55 84 879
84 55 879
55 60 81
60 55 81
56 79 913
79 56 913
56 60 761
60 56 761
56 61 220
61 56 220
57 58 529
58 57 529
57 73 324
73 57 324
58 59 632
59 58 632
58 64 188
64 58 188
59 84 407
84 59 407
59 69 517
69 59 517
59 83 516
83 59 516
60 81 294
81 60 294
60 84 736
84 60 736
60 83 130
83 60 130
60 61 243
61 60 243
60 68 418
68 60 418
60 81 495
81 60 495
61 85 978
85 61 978
61 79 288
79 61 288
61 63 589
63 61 589
61 85 711
85 61 711
61 68 603
68 61 603
61 75 920
75 61 920
61 81 812
81 61 812
62 65 53
65 62 53
62 65 226
65 62 226
63 74 651
74 63 651
63 66 738
66 63 738
63 85 684
85 63 684
63 85 342
85 63 342
64 78 828
78 64 828
64 85 918
85 64 918
64 75 869
75 64 869
64 83 259
83 64 259
65 78 464
78 65 464
65 85 661
85 65 661
65 82 845
82 65 845
65 85 478
85 65 478
65 73 222
73 65 222
66 73 93
73 66 93
66 79 666
79 66 666
66 68 174
68 66 174
67 71 379
71 67 379
67 85 457
85 67 457
67 68 102
68 67 102
68 68 643
68 68 643
68 85 167
85 68 167
70 78 602
78 70 602
71 74 639
74 71 639
72 82 587
82 72 587
72 80 597
80 72 597
72 83 737
83 72 737
73 83 497
83 73 497
73 83 838
83 73 838
73 81 225
81 73 225
75 80 18
80 75 18
75 79 616
79 75 616
76 80 89
80 76 89
77 82 797
82 77 797
77 80 64
80 77 64
78 80 935
80 78 935
81 82 604
82 81 604
82 82 204
82 82 204
