85

0 1 122
1 0 122
0 6 225
6 0 225
0 8 401
8 0 401
0 9 95
9 0 95
0 11 560
11 0 560
0 16 703
16 0 703
0 37 375
37 0 375
0 69 553
69 0 553
0 27 905
27 0 905
0 15 451
15 0 451
0 49 121
49 0 121
0 73 320
73 0 320
0 12 370
12 0 370
0 49 396
49 0 396
0 67 112
67 0 112
0 74 245
74 0 245
0 0 334
0 0 334
1 2 3
2 1 3
1 3 837
3 1 837
1 79 852
79 1 852
1 65 963
65 1 963
1 71 824
71 1 824
2 4 326
4 2 326
2 7 839
7 2 839
2 10 727
10 2 727
2 20 738
20 2 738
2 27 774
27 2 774
2 34 18
34 2 18
2 25 916
25 2 916
2 24 99
24 2 99
2 8 525
8 2 525
2 80 66
80 2 66
2 71 836
71 2 836
3 18 588
18 3 588
3 22 713
22 3 713
3 29 589
29 3 589
3 24 63
24 3 63
3 26 776
26 3 776
3 11 189
11 3 189
3 10 43
10 3 43
4 5 805
5 4 805
4 79 200
79 4 200
4 5 944
5 4 944
5 33 613
33 5 613
5 40 768
40 5 768
5 66 430
66 5 430
5 38 522
38 5 522
5 72 752
72 5 752
5 15 962
15 5 962
5 20 349
20 5 349
6 25 718
25 6 718
6 32 854
32 6 854
6 56 183
56 6 183
6 83 906
83 6 906
6 46 973
46 6 973
6 31 150
31 6 150
7 24 74
24 7 74
7 55 875
55 7 875
7 18 568
18 7 568
7 67 134
67 7 134
7 81 466
81 7 466
7 11 918
11 7 918
7 30 631
30 7 631
7 14 173
14 7 173
7 53 874
53 7 874
7 51 299
51 7 299
7 44 167
44 7 167
8 13 973
13 8 973
8 80 363
80 8 363
8 31 947
31 8 947
8 78 83
78 8 83
8 42 679
42 8 679
8 20 654
20 8 654
8 10 641
10 8 641
8 18 9
18 8 9
9 53 607
53 9 607
9 54 890
54 9 890
9 21 14
21 9 14
9 14 358
14 9 358
9 36 700
36 9 700
9 15 184
15 9 184
10 19 542
19 10 542
10 57 1
57 10 1
10 72 727
72 10 727
10 59 351
59 10 351
10 45 235
45 10 235
10 13 520
13 10 520
10 67 285
67 10 285
11 12 403
12 11 403
11 35 564
35 11 564
11 36 526
36 11 526
11 52 691
52 11 691
11 80 977
80 11 977
12 41 168
41 12 168
12 75 480
75 12 480
12 77 250
77 12 250
12 63 711
63 12 711
13 14 176
14 13 176
13 15 165
15 13 165
13 45 413
45 13 413
13 68 655
68 13 655
14 17 8
17 14 8
14 40 596
40 14 596
14 77 507
77 14 507
14 36 714
36 14 714
14 43 796
43 14 796
14 69 873
69 14 873
14 42 802
42 14 802
14 55 826
55 14 826
15 26 452
26 15 452
15 67 782
67 15 782
15 37 664
37 15 664
16 44 640
44 16 640
16 26 254
26 16 254
16 33 677
33 16 677
17 68 827
68 17 827
17 77 386
77 17 386
17 21 555
21 17 555
17 66 165
66 17 165
17 50 156
50 17 156
17 29 500
29 17 500
17 35 8
35 17 8
17 67 11
67 17 11
18 63 921
63 18 921
18 82 454
82 18 454
18 78 451
78 18 451
18 80 688
80 18 688
19 32 73
32 19 73
19 72 803
72 19 803
19 25 370
25 19 370
19 56 168
56 19 168
19 74 859
74 19 859
20 21 857
21 20 857
20 23 82
23 20 82
20 28 45
28 20 45
20 54 829
54 20 829
20 69 415
69 20 415
20 77 525
77 20 525
20 76 619
76 20 619
20 30 594
30 20 594
20 69 949
69 20 949
20 43 574
43 20 574
20 73 758
73 20 758
21 55 945
55 21 945
21 41 672
41 21 672
22 61 845
61 22 845
22 63 980
63 22 980
22 76 56
76 22 56
23 58 407
58 23 407
23 60 298
60 23 298
23 68 635
68 23 635
24 30 587
30 24 587
24 43 567
43 24 567
24 81 57
81 24 57
24 58 175
58 24 175
24 74 294
74 24 294
24 72 313
72 24 313
24 39 247
39 24 247
25 60 398
60 25 398
25 50 972
50 25 972
25 84 841
84 25 841
25 68 753
68 25 753
25 64 453
64 25 453
26 62 424
62 26 424
26 28 983
28 26 983
27 64 858
64 27 858
27 46 986
46 27 986
27 60 478
60 27 478
28 38 752
38 28 752
28 77 165
77 28 165
29 39 671
39 29 671
29 65 971
65 29 971
29 78 893
78 29 893
29 68 313
68 29 313
29 70 281
70 29 281
29 76 941
76 29 941
29 52 49
52 29 49
29 69 80
69 29 80
29 43 381
43 29 381
29 32 745
32 29 745
29 40 83
40 29 83
29 36 569
36 29 569
30 31 122
31 30 122
30 82 694
82 30 694
30 82 293
82 30 293
30 40 477
40 30 477
30 70 85
70 30 85
30 84 706
84 30 706
31 38 190
38 31 190
31 73 456
73 31 456
31 79 602
79 31 602
32 76 219
76 32 219
32 84 850
84 32 850
33 47 34
47 33 34
33 48 338
48 33 338
33 77 854
77 33 854
34 60 571
60 34 571
34 67 382
67 34 382
34 38 947
38 34 947
35 41 605
41 35 605
35 49 481
49 35 481
35 72 411
72 35 411
36 67 609
67 36 609
36 67 723
67 36 723
36 76 781
76 36 781
37 75 758
75 37 758
38 45 496
45 38 496
38 77 770
77 38 770
38 76 619
76 38 619
39 62 572
62 39 572
40 42 212
42 40 212
40 66 399
66 40 399
40 66 189
66 40 189
41 42 443
42 41 443
42 73 875
73 42 875
42 52 546
52 42 546
43 49 413
49 43 413
43 83 615
83 43 615
43 58 601
58 43 601
44 46 268
46 44 268
44 70 271
70 44 271
44 53 847
53 44 847
45 50 381
50 45 381
45 78 221
78 45 221
45 71 634
71 45 634
45 78 332
78 45 332
45 82 913
82 45 913
46 80 354
80 46 354
46 81 918
81 46 918
46 75 91
75 46 91
47 72 421
72 47 421
48 53 68
53 48 68
49 51 886
51 49 886
49 65 277
65 49 277
50 73 616
73 50 616
50 78 546
78 50 546
51 74 246
74 51 246
51 78 313
78 51 313
51 74 314
74 51 314
52 77 678
77 52 678
53 78 517
78 53 517
55 59 58
59 55 58
55 57 780
57 55 780
56 81 738
81 56 738
56 57 631
57 56 631
58 84 560
84 58 560
59 82 211
82 59 211
60 77 310
77 60 310
61 64 55
64 61 55
61 70 596
70 61 596
62 76 954
76 62 954
63 83 683
83 63 683
63 67 358
67 63 358
63 64 270
64 63 270
63 77 259
77 63 259
64 76 299
76 64 299
65 72 254
72 65 254
65 74 452
74 65 452
66 81 345
81 66 345
67 71 677
71 67 677
68 69 37
69 68 37
69 71 552
71 69 552
69 72 431
72 69 431
69 73 27
73 69 27
70 76 984
76 70 984
71 84 59
84 71 59
74 75 535
75 74 535
78 79 245
79 78 245
79 84 773
84 79 773
