65

0 1 631
1 0 631
0 21 845
21 0 845
1 2 889
2 1 889
1 5 737
5 1 737
1 7 573
7 1 573
1 14 378
14 1 378
1 36 873
36 1 873
1 16 619
16 1 619
2 3 510
3 2 510
2 4 187
4 2 187
2 12 258
12 2 258
2 23 489
23 2 489
2 12 514
12 2 514
3 6 29
6 3 29
3 9 198
9 3 198
3 25 301
25 3 301
3 28 106
28 3 106
3 31 315
31 3 315
3 32 164
32 3 164
3 23 984
23 3 984
4 11 988
11 4 988
4 33 175
33 4 175
4 61 144
61 4 144
5 10 825
10 5 825
5 17 641
17 5 641
5 18 795
18 5 795
5 27 847
27 5 847
6 8 718
8 6 718
7 16 785
16 7 785
7 39 6
39 7 6
7 28 600
28 7 600
8 13 766
13 8 766
8 26 494
26 8 494
8 53 730
53 8 730
10 29 979
29 10 979
11 15 61
15 11 61
11 47 913
47 11 913
11 64 123
64 11 123
11 41 123
41 11 123
12 56 861
56 12 861
12 24 190
24 12 190
13 28 517
28 13 517
15 19 726
19 15 726
15 20 155
20 15 155
17 22 902
22 17 902
17 51 13
51 17 13
18 49 545
49 18 545
18 52 128
52 18 128
20 24 327
24 20 327
20 44 751
44 20 751
20 58 192
58 20 192
21 40 805
40 21 805
22 43 937
43 22 937
22 50 126
50 22 126
23 35 335
35 23 335
23 24 823
24 23 823
24 64 715
64 24 715
25 48 886
48 25 886
25 25 596
25 25 596
28 30 998
30 28 998
29 37 257
37 29 257
29 38 225
38 29 225
31 54 730
54 31 730
33 34 106
34 33 106
33 41 246
41 33 246
33 53 111
53 33 111
34 45 651
45 34 651
34 49 443
49 34 443
34 50 135
50 34 135
36 42 77
42 36 77
36 46 959
46 36 959
39 60 98
60 39 98
42 57 10
57 42 10
43 55 884
55 43 884
43 55 981
55 43 981
44 47 66
47 44 66
44 51 468
51 44 468
44 59 400
59 44 400
46 47 964
47 46 964
49 61 191
61 49 191
50 59 973
59 50 973
52 63 677
63 52 677
55 62 555
62 55 555
