68

0 1 269
1 0 269
0 2 872
2 0 872
0 10 871
10 0 871
0 26 702
26 0 702
0 29 830
29 0 830
0 5 983
5 0 983
0 40 254
40 0 254
0 66 589
66 0 589
0 66 731
66 0 731
1 3 5
3 1 5
1 12 222
12 1 222
1 16 198
16 1 198
1 17 520
17 1 520
1 58 871
58 1 871
1 45 642
45 1 642
1 5 683
5 1 683
1 61 472
61 1 472
2 4 515
4 2 515
2 5 945
5 2 945
2 7 993
7 2 993
2 25 330
25 2 330
2 52 62
52 2 62
2 29 320
29 2 320
3 9 903
9 3 903
3 11 362
11 3 362
3 24 383
24 3 383
3 32 887
32 3 887
3 55 199
55 3 199
3 26 303
26 3 303
3 11 660
11 3 660
4 8 845
8 4 845
4 20 469
20 4 469
4 11 142
11 4 142
4 64 651
64 4 651
4 56 600
56 4 600
4 50 338
50 4 338
4 62 533
62 4 533
5 6 645
6 5 645
5 31 325
31 5 325
5 13 999
13 5 999
5 6 218
6 5 218
5 21 225
21 5 225
5 56 438
56 5 438
6 66 989
66 6 989
6 49 99
49 6 99
6 32 476
32 6 476
7 14 925
14 7 925
7 57 669
57 7 669
7 31 57
31 7 57
7 62 462
62 7 462
7 11 479
11 7 479
8 21 570
21 8 570
8 59 286
59 8 286
8 43 984
43 8 984
8 40 203
40 8 203
8 67 379
67 8 379
8 21 885
21 8 885
8 20 284
20 8 284
8 33 346
33 8 346
9 28 19
28 9 19
9 58 810
58 9 810
9 27 460
27 9 460
9 14 800
14 9 800
9 25 352
25 9 352
9 56 739
56 9 739
9 54 873
54 9 873
10 13 353
13 10 353
10 39 834
39 10 834
10 48 65
48 10 65
10 65 951
65 10 951
10 53 717
53 10 717
10 65 565
65 10 565
11 51 362
51 11 362
11 33 904
33 11 904
11 40 92
40 11 92
11 51 286
51 11 286
11 56 791
56 11 791
11 54 583
54 11 583
11 60 967
60 11 967
12 15 231
15 12 231
12 62 799
62 12 799
12 16 122
16 12 122
12 53 631
53 12 631
13 30 946
30 13 946
13 49 266
49 13 266
13 37 872
37 13 872
13 63 92
63 13 92
14 18 822
18 14 822
14 22 162
22 14 162
14 42 195
42 14 195
14 46 313
46 14 313
14 66 757
66 14 757
14 60 925
60 14 925
14 39 155
39 14 155
14 33 627
33 14 627
14 59 401
59 14 401
14 60 197
60 14 197
15 23 300
23 15 300
15 35 199
35 15 199
15 37 306
37 15 306
15 63 292
63 15 292
15 47 533
47 15 533
15 23 813
23 15 813
16 19 773
19 16 773
16 27 795
27 16 795
16 61 892
61 16 892
16 64 989
64 16 989
16 54 929
54 16 929
16 40 612
40 16 612
16 17 715
17 16 715
17 66 917
66 17 917
17 19 913
19 17 913
17 50 602
50 17 602
17 47 391
47 17 391
17 58 465
58 17 465
17 28 546
28 17 546
17 32 361
32 17 361
18 36 463
36 18 463
18 23 465
23 18 465
18 56 993
56 18 993
19 33 326
33 19 326
19 45 302
45 19 302
19 51 18
51 19 18
19 62 186
62 19 186
20 34 831
34 20 831
20 43 114
43 20 114
20 32 440
32 20 440
20 32 445
32 20 445
21 38 903
38 21 903
22 40 98
40 22 98
22 46 268
46 22 268
22 61 386
61 22 386
23 61 207
61 23 207
23 38 106
38 23 106
23 47 847
47 23 847
24 38 14
38 24 14
24 30 602
30 24 602
24 64 256
64 24 256
24 24 255
24 24 255
24 38 872
38 24 872
25 49 629
49 25 629
25 27 867
27 25 867
25 50 574
50 25 574
25 46 874
46 25 874
26 57 5
57 26 5
26 60 163
60 26 163
26 44 623
44 26 623
27 67 61
67 27 61
27 32 20
32 27 20
27 45 570
45 27 570
28 38 661
38 28 661
28 50 433
50 28 433
29 44 516
44 29 516
29 50 448
50 29 448
29 49 914
49 29 914
29 30 980
30 29 980
30 34 158
34 30 158
31 62 380
62 31 380
31 48 67
48 31 67
31 54 355
54 31 355
32 53 218
53 32 218
32 55 161
55 32 161
32 54 8
54 32 8
33 40 665
40 33 665
33 43 321
43 33 321
33 35 934
35 33 934
33 38 157
38 33 157
34 41 323
41 34 323
34 50 167
50 34 167
34 55 497
55 34 497
34 40 728
40 34 728
34 37 846
37 34 846
35 38 397
38 35 397
36 39 458
39 36 458
36 65 508
65 36 508
36 46 526
46 36 526
37 47 598
47 37 598
37 45 175
45 37 175
37 63 944
63 37 944
37 58 123
58 37 123
38 47 712
47 38 712
38 40 390
40 38 390
39 57 432
57 39 432
40 53 316
53 40 316
41 63 145
63 41 145
41 64 676
64 41 676
41 67 771
67 41 771
42 67 107
67 42 107
43 51 484
51 43 484
43 66 866
66 43 866
43 51 338
51 43 338
43 63 675
63 43 675
44 46 836
46 44 836
44 65 875
65 44 875
45 54 733
54 45 733
45 59 423
59 45 423
46 65 547
65 46 547
47 51 424
51 47 424
47 62 733
62 47 733
47 58 406
58 47 406
47 66 753
66 47 753
49 50 453
50 49 453
51 67 656
67 51 656
52 56 381
56 52 381
53 59 758
59 53 758
58 61 39
61 58 39
59 60 759
60 59 759
59 62 346
62 59 346
61 61 555
61 61 555
