70

0 1 6
1 0 6
0 2 711
2 0 711
0 31 697
31 0 697
0 51 323
51 0 323
0 25 614
25 0 614
0 19 399
19 0 399
0 35 693
35 0 693
0 35 530
35 0 530
1 4 259
4 1 259
1 5 648
5 1 648
1 32 600
32 1 600
1 45 431
45 1 431
1 48 997
48 1 997
1 17 782
17 1 782
1 3 812
3 1 812
1 39 83
39 1 83
1 34 165
34 1 165
1 4 469
4 1 469
1 56 767
56 1 767
1 11 411
11 1 411
2 3 705
3 2 705
2 46 480
46 2 480
2 58 11
58 2 11
2 12 132
12 2 132
2 24 541
24 2 541
2 16 552
16 2 552
2 42 527
42 2 527
3 16 357
16 3 357
3 47 720
47 3 720
3 25 809
25 3 809
3 46 962
46 3 962
3 43 17
43 3 17
3 38 856
38 3 856
3 25 318
25 3 318
3 25 193
25 3 193
3 39 159
39 3 159
3 50 759
50 3 759
3 22 891
22 3 891
3 64 103
64 3 103
3 27 458
27 3 458
3 62 254
62 3 254
3 11 426
11 3 426
4 6 338
6 4 338
4 11 655
11 4 655
4 12 314
12 4 314
4 18 196
18 4 196
4 5 790
5 4 790
4 57 202
57 4 202
4 59 655
59 4 655
4 13 540
13 4 540
4 59 50
59 4 50
4 54 765
54 4 765
4 49 66
49 4 66
4 11 659
11 4 659
4 31 479
31 4 479
5 7 903
7 5 903
5 15 611
15 5 611
5 17 964
17 5 964
5 24 233
24 5 233
5 10 2
10 5 2
5 50 140
50 5 140
5 50 184
50 5 184
5 22 918
22 5 918
6 8 599
8 6 599
6 26 592
26 6 592
6 29 483
29 6 483
6 50 412
50 6 412
6 21 377
21 6 377
6 27 293
27 6 293
6 35 44
35 6 44
6 48 137
48 6 137
6 61 430
61 6 430
6 7 956
7 6 956
6 42 444
42 6 444
7 28 260
28 7 260
7 60 88
60 7 88
7 29 575
29 7 575
7 44 102
44 7 102
7 12 802
12 7 802
7 17 434
17 7 434
7 8 604
8 7 604
7 46 16
46 7 16
7 23 220
23 7 220
8 9 393
9 8 393
8 13 905
13 8 905
8 17 297
17 8 297
8 19 238
19 8 238
8 46 347
46 8 347
8 23 926
23 8 926
8 33 72
33 8 72
8 52 406
52 8 406
8 13 595
13 8 595
8 37 616
37 8 616
8 31 415
31 8 415
8 51 431
51 8 431
8 66 822
66 8 822
9 10 679
10 9 679
9 37 487
37 9 487
9 49 303
49 9 303
9 66 363
66 9 363
9 65 93
65 9 93
9 38 565
38 9 565
9 43 716
43 9 716
9 22 256
22 9 256
10 20 201
20 10 201
10 24 583
24 10 583
10 33 75
33 10 75
10 44 786
44 10 786
10 37 515
37 10 515
10 33 263
33 10 263
10 24 97
24 10 97
10 22 591
22 10 591
11 30 23
30 11 23
11 40 20
40 11 20
11 46 333
46 11 333
11 37 803
37 11 803
11 45 508
45 11 508
11 37 473
37 11 473
12 14 710
14 12 710
12 23 421
23 12 421
12 65 658
65 12 658
12 16 326
16 12 326
12 12 13
12 12 13
12 47 428
47 12 428
12 32 887
32 12 887
12 41 718
41 12 718
12 28 772
28 12 772
13 41 829
41 13 829
13 45 955
45 13 955
13 22 227
22 13 227
14 25 356
25 14 356
14 40 270
40 14 270
14 49 575
49 14 575
14 25 147
25 14 147
14 54 508
54 14 508
14 54 282
54 14 282
15 42 760
42 15 760
15 25 691
25 15 691
15 25 660
25 15 660
15 22 327
22 15 327
16 21 992
21 16 992
16 55 338
55 16 338
16 29 341
29 16 341
16 61 585
61 16 585
16 28 28
28 16 28
16 40 707
40 16 707
16 31 921
31 16 921
16 22 166
22 16 166
16 22 968
22 16 968
16 21 82
21 16 82
17 42 365
42 17 365
17 36 510
36 17 510
17 29 509
29 17 509
17 45 167
45 17 167
17 32 413
32 17 413
18 27 583
27 18 583
18 38 276
38 18 276
18 49 750
49 18 750
18 23 160
23 18 160
18 29 419
29 18 419
18 65 572
65 18 572
18 45 275
45 18 275
18 24 234
24 18 234
19 22 178
22 19 178
19 40 442
40 19 442
19 19 332
19 19 332
19 26 800
26 19 800
19 61 774
61 19 774
19 60 551
60 19 551
19 27 605
27 19 605
19 65 435
65 19 435
19 58 249
58 19 249
20 23 596
23 20 596
20 56 278
56 20 278
20 43 353
43 20 353
20 48 217
48 20 217
20 58 172
58 20 172
20 66 585
66 20 585
20 22 91
22 20 91
20 47 381
47 20 381
21 64 732
64 21 732
21 55 652
55 21 652
21 66 244
66 21 244
21 41 396
41 21 396
21 39 880
39 21 880
21 28 849
28 21 849
21 25 405
25 21 405
21 22 389
22 21 389
21 35 844
35 21 844
22 30 429
30 22 429
22 46 754
46 22 754
22 54 212
54 22 212
22 55 451
55 22 451
22 41 487
41 22 487
22 42 280
42 22 280
22 47 604
47 22 604
23 34 980
34 23 980
23 38 865
38 23 865
23 46 135
46 23 135
23 66 437
66 23 437
23 61 890
61 23 890
23 51 691
51 23 691
23 45 453
45 23 453
24 62 838
62 24 838
24 62 145
62 24 145
24 64 775
64 24 775
24 27 148
27 24 148
24 44 622
44 24 622
25 53 255
53 25 255
25 55 92
55 25 92
25 50 123
50 25 123
25 60 704
60 25 704
26 39 195
39 26 195
26 43 289
43 26 289
26 28 193
28 26 193
26 56 752
56 26 752
26 30 406
30 26 406
26 39 281
39 26 281
26 45 148
45 26 148
27 50 705
50 27 705
27 47 363
47 27 363
27 53 501
53 27 501
27 32 431
32 27 431
27 63 784
63 27 784
28 40 920
40 28 920
28 58 117
58 28 117
28 34 690
34 28 690
28 55 668
55 28 668
29 66 407
66 29 407
29 51 181
51 29 181
30 44 316
44 30 316
30 59 61
59 30 61
30 44 408
44 30 408
30 61 536
61 30 536
30 36 606
36 30 606
30 55 978
55 30 978
31 69 764
69 31 764
31 68 676
68 31 676
31 67 831
67 31 831
31 34 51
34 31 51
31 49 454
49 31 454
32 59 60
59 32 60
32 33 899
33 32 899
32 32 81
32 32 81
33 35 91
35 33 91
33 46 151
46 33 151
33 68 937
68 33 937
33 50 356
50 33 356
33 47 50
47 33 50
34 36 859
36 34 859
34 68 441
68 34 441
34 64 573
64 34 573
35 43 266
43 35 266
35 61 341
61 35 341
36 68 623
68 36 623
36 51 678
51 36 678
36 51 669
51 36 669
36 50 960
50 36 960
36 43 988
43 36 988
36 66 459
66 36 459
37 47 563
47 37 563
38 60 107
60 38 107
38 49 576
49 38 576
39 53 958
53 39 958
39 66 635
66 39 635
39 42 689
42 39 689
40 56 311
56 40 311
40 50 641
50 40 641
41 58 298
58 41 298
42 52 555
52 42 555
42 57 847
57 42 847
42 66 423
66 42 423
43 63 664
63 43 664
43 45 185
45 43 185
43 49 260
49 43 260
43 46 906
46 43 906
43 57 505
57 43 505
43 52 291
52 43 291
45 61 655
61 45 655
46 67 829
67 46 829
46 62 370
62 46 370
46 60 19
60 46 19
47 67 153
67 47 153
47 66 303
66 47 303
47 57 797
57 47 797
47 61 28
61 47 28
48 48 920
48 48 920
48 64 513
64 48 513
49 49 152
49 49 152
49 67 241
67 49 241
49 54 868
54 49 868
50 53 9
53 50 9
52 62 320
62 52 320
52 66 263
66 52 263
52 64 131
64 52 131
53 54 570
54 53 570
53 59 356
59 53 356
53 55 179
55 53 179
53 69 232
69 53 232
53 67 594
67 53 594
54 57 575
57 54 575
54 63 206
63 54 206
56 65 952
65 56 952
56 68 293
68 56 293
56 68 521
68 56 521
57 60 730
60 57 730
57 61 214
61 57 214
58 58 321
58 58 321
61 62 702
62 61 702
64 66 489
66 64 489
66 68 806
68 66 806
