33

0 1 232
1 0 232
0 4 74
4 0 74
0 5 443
5 0 443
0 14 731
14 0 731
0 22 955
22 0 955
0 22 330
22 0 330
0 11 318
11 0 318
0 14 163
14 0 163
1 2 214
2 1 214
1 3 481
3 1 481
2 23 410
23 2 410
3 6 865
6 3 865
3 7 456
7 3 456
3 9 317
9 3 317
3 18 736
18 3 736
4 8 451
8 4 451
5 10 455
10 5 455
5 25 132
25 5 132
5 14 600
14 5 600
6 16 662
16 6 662
6 23 352
23 6 352
6 20 879
20 6 879
6 32 862
32 6 862
7 17 83
17 7 83
7 22 573
22 7 573
8 12 506
12 8 506
9 29 128
29 9 128
9 11 754
11 9 754
9 14 163
14 9 163
10 11 743
11 10 743
10 13 221
13 10 221
10 15 576
15 10 576
10 24 35
24 10 35
10 25 264
25 10 264
11 23 213
23 11 213
13 19 529
19 13 529
14 21 557
21 14 557
15 26 662
26 15 662
16 18 849
18 16 849
16 30 56
30 16 56
17 20 445
20 17 445
17 22 741
22 17 741
17 25 802
25 17 802
19 28 557
28 19 557
19 32 187
32 19 187
20 21 336
21 20 336
20 27 943
27 20 943
20 28 153
28 20 153
20 27 619
27 20 619
23 32 55
32 23 55
24 31 660
31 24 660
25 26 127
26 25 127
