97

0 1 354
1 0 354
0 8 490
8 0 490
0 39 304
39 0 304
0 79 16
79 0 16
0 16 701
16 0 701
0 27 853
27 0 853
0 96 94
96 0 94
0 67 814
67 0 814
0 90 851
90 0 851
0 37 637
37 0 637
0 9 520
9 0 520
0 12 152
12 0 152
0 19 198
19 0 198
0 88 773
88 0 773
0 5 802
5 0 802
0 65 384
65 0 384
0 80 477
80 0 477
0 66 702
66 0 702
0 85 179
85 0 179
1 2 254
2 1 254
1 3 852
3 1 852
1 7 396
7 1 396
1 15 811
15 1 811
1 35 425
35 1 425
1 29 452
29 1 452
1 76 175
76 1 175
1 87 184
87 1 184
1 10 951
10 1 951
1 70 952
70 1 952
1 76 819
76 1 819
1 2 780
2 1 780
1 18 419
18 1 419
1 81 398
81 1 398
2 4 356
4 2 356
2 13 336
13 2 336
2 31 487
31 2 487
2 91 463
91 2 463
2 29 44
29 2 44
2 16 534
16 2 534
2 67 900
67 2 900
2 75 1
75 2 1
2 25 603
25 2 603
2 61 712
61 2 712
2 70 536
70 2 536
2 32 599
32 2 599
2 34 10
34 2 10
2 52 233
52 2 233
2 6 117
6 2 117
2 34 192
34 2 192
2 43 900
43 2 900
2 21 159
21 2 159
2 12 856
12 2 856
2 17 813
17 2 813
2 72 46
72 2 46
3 9 471
9 3 471
3 33 93
33 3 93
3 47 148
47 3 148
3 66 473
66 3 473
3 88 309
88 3 309
3 47 484
47 3 484
3 24 882
24 3 882
3 86 66
86 3 66
3 13 75
13 3 75
3 5 78
5 3 78
3 62 437
62 3 437
3 42 449
42 3 449
3 87 456
87 3 456
3 34 880
34 3 880
3 47 704
47 3 704
3 29 368
29 3 368
3 79 859
79 3 859
4 5 255
5 4 255
4 34 83
34 4 83
4 84 471
84 4 471
4 53 186
53 4 186
4 54 697
54 4 697
4 45 254
45 4 254
4 55 800
55 4 800
4 31 311
31 4 311
4 8 930
8 4 930
4 69 491
69 4 491
4 23 557
23 4 557
4 63 184
63 4 184
4 7 582
7 4 582
5 6 780
6 5 780
5 11 481
11 5 481
5 14 122
14 5 122
5 23 900
23 5 900
5 80 850
80 5 850
5 48 3
48 5 3
5 9 943
9 5 943
5 24 110
24 5 110
5 10 826
10 5 826
5 69 873
69 5 873
5 90 397
90 5 397
5 65 948
65 5 948
5 86 21
86 5 21
5 33 348
33 5 348
6 46 515
46 6 515
6 54 671
54 6 671
6 51 862
51 6 862
6 74 20
74 6 20
6 73 766
73 6 766
6 82 493
82 6 493
6 64 761
64 6 761
6 57 815
57 6 815
6 21 977
21 6 977
6 30 336
30 6 336
7 10 255
10 7 255
7 16 426
16 7 426
7 35 816
35 7 816
7 43 987
43 7 987
7 9 418
9 7 418
7 40 730
40 7 730
7 88 493
88 7 493
7 77 196
77 7 196
7 95 690
95 7 690
7 47 535
47 7 535
7 35 349
35 7 349
7 77 56
77 7 56
7 48 707
48 7 707
7 14 569
14 7 569
7 32 847
32 7 847
7 21 668
21 7 668
7 25 569
25 7 569
7 52 566
52 7 566
7 49 133
49 7 133
7 33 826
33 7 826
7 60 223
60 7 223
7 77 864
77 7 864
7 25 551
25 7 551
8 60 180
60 8 180
8 11 282
11 8 282
8 51 651
51 8 651
8 57 697
57 8 697
8 77 406
77 8 406
8 51 941
51 8 941
8 48 791
48 8 791
8 54 95
54 8 95
8 23 931
23 8 931
8 48 590
48 8 590
8 49 340
49 8 340
8 35 692
35 8 692
8 94 467
94 8 467
8 24 681
24 8 681
8 32 951
32 8 951
8 43 50
43 8 50
9 12 973
12 9 973
9 18 528
18 9 528
9 25 817
25 9 817
9 41 600
41 9 600
9 36 522
36 9 522
9 79 338
79 9 338
9 93 356
93 9 356
9 76 996
76 9 996
9 47 101
47 9 101
9 75 486
75 9 486
9 46 51
46 9 51
9 26 920
26 9 920
9 42 321
42 9 321
9 49 524
49 9 524
9 11 594
11 9 594
10 21 415
21 10 415
10 53 127
53 10 127
10 56 240
56 10 240
10 87 457
87 10 457
10 90 443
90 10 443
10 82 644
82 10 644
10 61 634
61 10 634
10 63 223
63 10 223
10 21 577
21 10 577
10 19 402
19 10 402
10 69 701
69 10 701
10 21 297
21 10 297
10 29 483
29 10 483
10 78 708
78 10 708
10 60 548
60 10 548
10 70 932
70 10 932
10 22 776
22 10 776
10 60 958
60 10 958
10 17 102
17 10 102
10 15 363
15 10 363
10 79 111
79 10 111
10 22 980
22 10 980
10 32 344
32 10 344
10 93 629
93 10 629
10 48 347
48 10 347
11 38 176
38 11 176
11 64 101
64 11 101
11 41 63
41 11 63
11 15 580
15 11 580
11 19 932
19 11 932
11 49 516
49 11 516
11 14 706
14 11 706
11 61 477
61 11 477
11 59 782
59 11 782
11 92 891
92 11 891
11 30 971
30 11 971
11 14 965
14 11 965
11 31 556
31 11 556
11 20 437
20 11 437
11 76 379
76 11 379
12 20 665
20 12 665
12 51 818
51 12 818
12 18 843
18 12 843
12 45 782
45 12 782
12 47 159
47 12 159
12 73 648
73 12 648
12 54 796
54 12 796
12 44 769
44 12 769
12 22 819
22 12 819
12 31 888
31 12 888
12 89 278
89 12 278
12 38 406
38 12 406
12 14 548
14 12 548
13 55 465
55 13 465
13 15 352
15 13 352
13 82 655
82 13 655
13 47 140
47 13 140
13 19 336
19 13 336
13 85 545
85 13 545
13 48 479
48 13 479
13 35 392
35 13 392
13 15 766
15 13 766
13 72 872
72 13 872
13 78 170
78 13 170
13 71 471
71 13 471
13 71 960
71 13 960
14 17 278
17 14 278
14 45 503
45 14 503
14 69 835
69 14 835
14 67 192
67 14 192
14 34 789
34 14 789
14 40 717
40 14 717
14 95 176
95 14 176
14 96 666
96 14 666
15 17 27
17 15 27
15 27 804
27 15 804
15 49 401
49 15 401
15 39 194
39 15 194
15 45 428
45 15 428
15 42 367
42 15 367
15 88 604
88 15 604
15 58 474
58 15 474
15 81 98
81 15 98
15 38 273
38 15 273
15 90 654
90 15 654
15 32 593
32 15 593
15 54 193
54 15 193
15 71 132
71 15 132
16 19 157
19 16 157
16 65 957
65 16 957
16 49 837
49 16 837
16 84 57
84 16 57
16 62 190
62 16 190
16 18 93
18 16 93
16 36 618
36 16 618
16 92 283
92 16 283
16 91 305
91 16 305
16 68 488
68 16 488
16 49 470
49 16 470
17 28 626
28 17 626
17 62 508
62 17 508
17 18 174
18 17 174
17 77 958
77 17 958
17 48 544
48 17 544
17 63 842
63 17 842
17 37 75
37 17 75
17 41 597
41 17 597
17 46 36
46 17 36
17 63 761
63 17 761
17 20 119
20 17 119
18 24 687
24 18 687
18 29 3
29 18 3
18 32 146
32 18 146
18 42 28
42 18 28
18 62 909
62 18 909
18 24 123
24 18 123
18 55 451
55 18 451
18 23 548
23 18 548
18 21 926
21 18 926
18 51 771
51 18 771
18 44 810
44 18 810
18 26 409
26 18 409
19 26 435
26 19 435
19 30 238
30 19 238
19 37 738
37 19 738
19 57 106
57 19 106
19 87 353
87 19 353
19 20 686
20 19 686
19 39 620
39 19 620
19 48 619
48 19 619
19 36 626
36 19 626
19 37 770
37 19 770
19 94 293
94 19 293
19 41 99
41 19 99
20 22 420
22 20 420
20 55 13
55 20 13
20 69 761
69 20 761
20 29 652
29 20 652
20 59 973
59 20 973
20 70 239
70 20 239
20 46 759
46 20 759
20 91 429
91 20 429
20 23 343
23 20 343
20 25 48
25 20 48
20 92 171
92 20 171
20 92 291
92 20 291
20 46 571
46 20 571
21 31 737
31 21 737
21 86 176
86 21 176
21 55 55
55 21 55
21 61 791
61 21 791
21 52 849
52 21 849
21 83 840
83 21 840
21 80 442
80 21 442
21 26 236
26 21 236
21 52 775
52 21 775
21 79 978
79 21 978
21 45 630
45 21 630
22 70 267
70 22 267
22 36 80
36 22 80
22 76 580
76 22 580
22 23 180
23 22 180
22 52 913
52 22 913
22 45 962
45 22 962
22 34 446
34 22 446
22 74 302
74 22 302
22 78 618
78 22 618
23 92 736
92 23 736
23 65 110
65 23 110
23 74 545
74 23 545
23 77 262
77 23 262
23 74 76
74 23 76
23 36 888
36 23 888
23 86 542
86 23 542
23 51 157
51 23 157
23 80 525
80 23 525
23 27 723
27 23 723
23 79 392
79 23 392
24 45 253
45 24 253
24 90 237
90 24 237
24 80 76
80 24 76
24 90 568
90 24 568
24 96 369
96 24 369
24 77 784
77 24 784
24 26 227
26 24 227
25 94 345
94 25 345
25 26 26
26 25 26
25 87 289
87 25 289
25 85 691
85 25 691
25 64 166
64 25 166
25 66 328
66 25 328
25 38 424
38 25 424
26 38 776
38 26 776
26 51 452
51 26 452
26 57 54
57 26 54
26 60 522
60 26 522
26 57 876
57 26 876
26 37 574
37 26 574
26 82 401
82 26 401
26 55 253
55 26 253
26 35 903
35 26 903
26 64 628
64 26 628
26 90 143
90 26 143
27 36 563
36 27 563
27 46 318
46 27 318
27 63 49
63 27 49
27 72 997
72 27 997
27 78 749
78 27 749
27 93 37
93 27 37
27 54 596
54 27 596
27 79 387
79 27 387
27 70 942
70 27 942
27 61 621
61 27 621
27 74 791
74 27 791
28 61 904
61 28 904
28 34 774
34 28 774
28 58 470
58 28 470
28 65 19
65 28 19
28 35 879
35 28 879
28 61 772
61 28 772
28 37 250
37 28 250
28 49 921
49 28 921
28 37 314
37 28 314
29 34 836
34 29 836
29 60 361
60 29 361
29 42 657
42 29 657
29 70 607
70 29 607
29 31 421
31 29 421
29 34 468
34 29 468
29 65 30
65 29 30
30 58 689
58 30 689
30 67 961
67 30 961
30 57 435
57 30 435
30 65 847
65 30 847
30 89 416
89 30 416
30 87 564
87 30 564
31 92 892
92 31 892
31 38 53
38 31 53
31 87 571
87 31 571
31 93 715
93 31 715
31 52 361
52 31 361
32 59 44
59 32 44
32 65 777
65 32 777
32 86 758
86 32 758
32 72 494
72 32 494
32 91 252
91 32 252
32 86 665
86 32 665
32 81 46
81 32 46
32 77 569
77 32 569
32 81 857
81 32 857
32 52 848
52 32 848
33 65 656
65 33 656
33 68 276
68 33 276
33 46 158
46 33 158
33 57 788
57 33 788
33 57 720
57 33 720
33 56 84
56 33 84
33 50 944
50 33 944
33 44 154
44 33 154
33 83 478
83 33 478
34 40 698
40 34 698
34 76 825
76 34 825
34 91 661
91 34 661
34 91 908
91 34 908
34 57 181
57 34 181
34 83 191
83 34 191
34 38 661
38 34 661
34 90 775
90 34 775
34 63 242
63 34 242
34 40 420
40 34 420
34 57 815
57 34 815
34 35 857
35 34 857
34 81 520
81 34 520
34 78 790
78 34 790
34 56 591
56 34 591
34 69 267
69 34 267
34 93 809
93 34 809
34 89 323
89 34 323
35 43 294
43 35 294
35 44 299
44 35 299
35 50 36
50 35 36
35 46 277
46 35 277
35 63 529
63 35 529
35 92 112
92 35 112
35 37 73
37 35 73
35 37 392
37 35 392
36 80 292
80 36 292
36 57 266
57 36 266
36 53 629
53 36 629
36 66 122
66 36 122
36 86 786
86 36 786
36 93 160
93 36 160
36 47 931
47 36 931
36 49 572
49 36 572
36 61 825
61 36 825
36 72 649
72 36 649
36 48 540
48 36 540
36 80 580
80 36 580
37 52 987
52 37 987
37 96 250
96 37 250
37 84 256
84 37 256
37 87 670
87 37 670
37 54 317
54 37 317
37 85 502
85 37 502
37 75 140
75 37 140
37 96 743
96 37 743
38 41 22
41 38 22
38 69 239
69 38 239
38 95 353
95 38 353
38 46 513
46 38 513
38 78 384
78 38 384
39 40 327
40 39 327
39 62 487
62 39 487
39 57 106
57 39 106
39 87 685
87 39 685
39 55 307
55 39 307
39 81 693
81 39 693
39 70 289
70 39 289
39 80 57
80 39 57
39 88 938
88 39 938
39 75 846
75 39 846
39 69 859
69 39 859
39 80 346
80 39 346
39 66 266
66 39 266
39 68 882
68 39 882
40 44 106
44 40 106
40 59 324
59 40 324
40 77 337
77 40 337
40 49 670
49 40 670
40 54 860
54 40 860
40 47 143
47 40 143
40 81 216
81 40 216
41 63 104
63 41 104
41 84 322
84 41 322
41 63 742
63 41 742
41 51 886
51 41 886
41 67 686
67 41 686
41 56 56
56 41 56
41 85 105
85 41 105
41 68 524
68 41 524
41 94 505
94 41 505
41 90 977
90 41 977
41 93 688
93 41 688
41 83 38
83 41 38
41 73 731
73 41 731
42 69 125
69 42 125
42 82 259
82 42 259
42 47 184
47 42 184
42 69 681
69 42 681
42 51 919
51 42 919
42 70 555
70 42 555
42 58 292
58 42 292
42 95 874
95 42 874
42 96 848
96 42 848
43 71 123
71 43 123
43 84 157
84 43 157
43 82 524
82 43 524
43 86 853
86 43 853
43 84 644
84 43 644
43 63 488
63 43 488
43 81 563
81 43 563
43 57 471
57 43 471
43 94 267
94 43 267
43 73 75
73 43 75
43 72 534
72 43 534
43 73 422
73 43 422
43 55 912
55 43 912
44 48 19
48 44 19
44 72 431
72 44 431
44 64 505
64 44 505
44 70 162
70 44 162
44 94 707
94 44 707
45 96 709
96 45 709
45 68 669
68 45 669
45 60 530
60 45 530
45 49 813
49 45 813
46 95 290
95 46 290
46 55 197
55 46 197
46 70 115
70 46 115
46 82 196
82 46 196
46 56 497
56 46 497
46 69 1
69 46 1
46 95 692
95 46 692
46 94 810
94 46 810
46 50 57
50 46 57
47 50 736
50 47 736
47 68 996
68 47 996
47 63 935
63 47 935
47 60 571
60 47 571
47 51 293
51 47 293
48 89 641
89 48 641
48 83 365
83 48 365
48 82 411
82 48 411
48 54 363
54 48 363
48 92 276
92 48 276
49 96 345
96 49 345
49 78 331
78 49 331
49 54 507
54 49 507
49 50 313
50 49 313
49 87 101
87 49 101
49 56 971
56 49 971
49 84 165
84 49 165
50 57 268
57 50 268
50 79 428
79 50 428
51 86 515
86 51 515
51 58 578
58 51 578
51 88 219
88 51 219
51 84 56
84 51 56
51 51 88
51 51 88
51 66 480
66 51 480
51 53 743
53 51 743
51 73 227
73 51 227
52 64 211
64 52 211
52 93 989
93 52 989
52 85 572
85 52 572
52 53 561
53 52 561
52 72 430
72 52 430
52 93 754
93 52 754
52 76 672
76 52 672
52 80 687
80 52 687
53 73 478
73 53 478
53 58 749
58 53 749
53 89 947
89 53 947
53 74 331
74 53 331
53 67 62
67 53 62
53 55 721
55 53 721
53 91 960
91 53 960
53 96 192
96 53 192
54 68 925
68 54 925
54 73 954
73 54 954
54 72 76
72 54 76
54 78 75
78 54 75
54 66 690
66 54 690
54 58 156
58 54 156
54 73 381
73 54 381
55 57 895
57 55 895
55 57 350
57 55 350
55 74 999
74 55 999
55 83 167
83 55 167
55 71 519
71 55 519
55 68 395
68 55 395
55 57 356
57 55 356
55 63 373
63 55 373
55 80 183
80 55 183
55 71 547
71 55 547
56 87 76
87 56 76
56 90 482
90 56 482
56 63 945
63 56 945
56 58 264
58 56 264
56 92 850
92 56 850
56 89 700
89 56 700
56 88 117
88 56 117
56 81 555
81 56 555
57 87 668
87 57 668
57 65 556
65 57 556
57 91 313
91 57 313
58 73 115
73 58 115
58 88 90
88 58 90
58 80 142
80 58 142
58 79 591
79 58 591
59 87 503
87 59 503
59 89 296
89 59 296
59 79 690
79 59 690
59 72 440
72 59 440
60 64 809
64 60 809
60 72 188
72 60 188
60 78 736
78 60 736
60 62 640
62 60 640
61 74 412
74 61 412
61 83 227
83 61 227
61 93 215
93 61 215
61 94 961
94 61 961
61 91 528
91 61 528
61 65 300
65 61 300
61 94 299
94 61 299
61 62 831
62 61 831
61 67 414
67 61 414
61 89 229
89 61 229
62 77 640
77 62 640
62 83 51
83 62 51
62 89 53
89 62 53
62 72 451
72 62 451
62 95 66
95 62 66
62 82 558
82 62 558
62 76 416
76 62 416
63 64 300
64 63 300
64 80 429
80 64 429
64 91 607
91 64 607
64 84 345
84 64 345
64 79 109
79 64 109
65 75 223
75 65 223
65 86 212
86 65 212
65 76 561
76 65 561
65 68 436
68 65 436
65 82 338
82 65 338
66 70 711
70 66 711
66 71 105
71 66 105
66 85 80
85 66 80
66 72 71
72 66 71
66 89 136
89 66 136
67 89 212
89 67 212
67 91 581
91 67 581
67 91 443
91 67 443
67 91 179
91 67 179
67 85 387
85 67 387
67 70 400
70 67 400
68 76 843
76 68 843
68 86 614
86 68 614
69 81 909
81 69 909
69 84 281
84 69 281
69 91 706
91 69 706
69 90 439
90 69 439
70 75 150
75 70 150
70 79 80
79 70 80
70 93 362
93 70 362
70 72 978
72 70 978
70 87 30
87 70 30
71 90 33
90 71 33
71 83 490
83 71 490
71 96 172
96 71 172
71 84 421
84 71 421
71 82 297
82 71 297
71 95 481
95 71 481
72 87 107
87 72 107
72 72 936
72 72 936
72 74 218
74 72 218
73 94 845
94 73 845
73 87 304
87 73 304
73 89 644
89 73 644
73 79 519
79 73 519
73 87 527
87 73 527
73 85 986
85 73 986
73 73 783
73 73 783
74 78 743
78 74 743
74 85 121
85 74 121
74 94 948
94 74 948
75 78 889
78 75 889
75 77 143
77 75 143
75 92 174
92 75 174
76 91 648
91 76 648
76 96 145
96 76 145
77 90 543
90 77 543
77 92 117
92 77 117
77 88 62
88 77 62
78 80 683
80 78 683
79 81 512
81 79 512
80 85 968
85 80 968
80 89 675
89 80 675
81 87 858
87 81 858
81 89 52
89 81 52
81 89 986
89 81 986
82 92 781
92 82 781
82 84 942
84 82 942
83 96 266
96 83 266
84 90 891
90 84 891
85 94 392
94 85 392
85 94 9
94 85 9
85 87 293
87 85 293
86 95 955
95 86 955
86 96 729
96 86 729
87 91 106
91 87 106
88 96 607
96 88 607
89 91 158
91 89 158
89 96 724
96 89 724
90 91 335
91 90 335
90 94 483
94 90 483
91 95 707
95 91 707
92 96 312
96 92 312
