55

0 1 480
1 0 480
0 2 744
2 0 744
0 4 693
4 0 693
0 52 782
52 0 782
0 40 636
40 0 636
0 36 130
36 0 130
0 33 792
33 0 792
0 28 335
28 0 335
0 15 233
15 0 233
0 24 298
24 0 298
0 7 615
7 0 615
0 48 913
48 0 913
1 5 815
5 1 815
1 48 266
48 1 266
1 2 538
2 1 538
1 52 202
52 1 202
1 50 537
50 1 537
1 20 890
20 1 890
1 29 512
29 1 512
1 47 973
47 1 973
2 3 156
3 2 156
2 6 578
6 2 578
2 12 444
12 2 444
2 22 261
22 2 261
2 53 602
53 2 602
2 16 948
16 2 948
2 7 231
7 2 231
2 54 146
54 2 146
2 21 626
21 2 626
2 6 888
6 2 888
3 7 415
7 3 415
3 9 838
9 3 838
3 32 980
32 3 980
3 41 278
41 3 278
3 10 754
10 3 754
3 23 382
23 3 382
3 36 505
36 3 505
3 29 86
29 3 86
3 28 265
28 3 265
3 45 265
45 3 265
3 34 321
34 3 321
3 13 595
13 3 595
3 49 214
49 3 214
4 31 676
31 4 676
4 32 972
32 4 972
4 12 152
12 4 152
4 18 595
18 4 595
4 29 420
29 4 420
4 53 703
53 4 703
4 26 678
26 4 678
4 9 760
9 4 760
4 32 751
32 4 751
4 48 608
48 4 608
5 30 717
30 5 717
5 18 11
18 5 11
5 35 858
35 5 858
5 17 330
17 5 330
5 26 180
26 5 180
5 8 613
8 5 613
5 43 79
43 5 79
5 17 346
17 5 346
5 45 367
45 5 367
5 40 278
40 5 278
6 8 623
8 6 623
6 10 521
10 6 521
6 11 53
11 6 53
6 13 303
13 6 303
6 29 840
29 6 840
6 24 55
24 6 55
6 53 617
53 6 617
6 6 358
6 6 358
6 9 983
9 6 983
6 17 449
17 6 449
6 31 874
31 6 874
6 53 278
53 6 278
6 52 124
52 6 124
6 19 677
19 6 677
6 16 813
16 6 813
7 19 542
19 7 542
7 30 306
30 7 306
7 12 166
12 7 166
7 54 925
54 7 925
7 17 474
17 7 474
7 29 640
29 7 640
7 20 861
20 7 861
7 49 94
49 7 94
7 16 263
16 7 263
7 45 241
45 7 241
7 54 947
54 7 947
8 25 560
25 8 560
8 43 211
43 8 211
8 21 789
21 8 789
8 51 74
51 8 74
8 11 211
11 8 211
9 15 30
15 9 30
9 18 730
18 9 730
9 20 262
20 9 262
9 23 979
23 9 979
9 25 73
25 9 73
9 46 719
46 9 719
9 36 511
36 9 511
9 35 417
35 9 417
9 49 519
49 9 519
9 33 495
33 9 495
9 37 482
37 9 482
10 26 602
26 10 602
10 33 130
33 10 130
10 24 859
24 10 859
10 39 865
39 10 865
10 38 126
38 10 126
10 36 447
36 10 447
10 26 170
26 10 170
10 32 732
32 10 732
10 29 363
29 10 363
10 19 157
19 10 157
10 32 978
32 10 978
10 40 71
40 10 71
11 16 888
16 11 888
11 21 717
21 11 717
11 27 731
27 11 731
11 46 773
46 11 773
11 13 782
13 11 782
11 15 585
15 11 585
11 53 915
53 11 915
11 22 275
22 11 275
11 27 369
27 11 369
11 53 489
53 11 489
11 54 816
54 11 816
12 14 299
14 12 299
12 53 910
53 12 910
12 36 670
36 12 670
12 13 710
13 12 710
12 32 723
32 12 723
12 49 899
49 12 899
12 19 997
19 12 997
12 36 584
36 12 584
12 13 34
13 12 34
12 26 502
26 12 502
13 27 411
27 13 411
13 15 184
15 13 184
13 32 13
32 13 13
13 37 715
37 13 715
13 42 358
42 13 358
13 27 238
27 13 238
13 48 576
48 13 576
13 39 465
39 13 465
13 30 424
30 13 424
13 22 477
22 13 477
14 19 674
19 14 674
14 52 837
52 14 837
14 47 151
47 14 151
14 51 738
51 14 738
14 18 524
18 14 524
14 16 754
16 14 754
14 43 425
43 14 425
14 22 361
22 14 361
14 22 397
22 14 397
15 17 428
17 15 428
15 50 443
50 15 443
15 19 405
19 15 405
15 54 376
54 15 376
15 20 655
20 15 655
15 28 876
28 15 876
15 30 863
30 15 863
15 35 72
35 15 72
15 47 131
47 15 131
15 27 303
27 15 303
15 32 603
32 15 603
16 50 246
50 16 246
16 47 131
47 16 131
16 51 587
51 16 587
16 23 996
23 16 996
16 27 83
27 16 83
16 34 90
34 16 90
16 22 794
22 16 794
17 24 787
24 17 787
17 36 701
36 17 701
17 47 676
47 17 676
17 35 689
35 17 689
17 31 976
31 17 976
18 40 595
40 18 595
18 54 476
54 18 476
18 36 57
36 18 57
18 19 14
19 18 14
18 49 440
49 18 440
19 38 527
38 19 527
19 42 758
42 19 758
19 35 614
35 19 614
19 23 979
23 19 979
20 33 727
33 20 727
20 37 51
37 20 51
20 27 659
27 20 659
20 20 106
20 20 106
21 28 620
28 21 620
21 39 963
39 21 963
21 47 254
47 21 254
21 43 880
43 21 880
21 46 191
46 21 191
22 44 670
44 22 670
23 25 18
25 23 18
23 41 729
41 23 729
23 53 689
53 23 689
23 54 948
54 23 948
23 28 153
28 23 153
23 46 111
46 23 111
23 49 445
49 23 445
24 31 104
31 24 104
24 35 344
35 24 344
24 53 389
53 24 389
24 54 845
54 24 845
25 36 436
36 25 436
25 45 846
45 25 846
25 36 191
36 25 191
25 30 289
30 25 289
25 36 166
36 25 166
26 29 824
29 26 824
26 35 847
35 26 847
27 31 132
31 27 132
27 34 317
34 27 317
27 49 141
49 27 141
27 41 333
41 27 333
28 49 762
49 28 762
28 35 807
35 28 807
28 45 579
45 28 579
29 52 103
52 29 103
29 40 367
40 29 367
29 31 744
31 29 744
30 34 742
34 30 742
30 41 215
41 30 215
30 39 783
39 30 783
30 51 276
51 30 276
30 33 911
33 30 911
30 42 522
42 30 522
30 51 614
51 30 614
31 35 241
35 31 241
31 32 978
32 31 978
32 34 942
34 32 942
32 40 614
40 32 614
32 41 649
41 32 649
33 41 921
41 33 921
33 42 218
42 33 218
34 41 406
41 34 406
34 49 785
49 34 785
34 51 864
51 34 864
34 38 917
38 34 917
34 42 193
42 34 193
35 54 794
54 35 794
36 37 830
37 36 830
36 43 696
43 36 696
36 41 433
41 36 433
37 38 962
38 37 962
37 48 831
48 37 831
37 37 603
37 37 603
38 47 987
47 38 987
38 50 473
50 38 473
39 44 888
44 39 888
39 52 510
52 39 510
40 48 360
48 40 360
40 53 392
53 40 392
40 42 852
42 40 852
40 47 717
47 40 717
41 54 546
54 41 546
41 52 974
52 41 974
41 47 890
47 41 890
41 53 251
53 41 251
42 48 968
48 42 968
43 46 523
46 43 523
44 48 488
48 44 488
45 45 933
45 45 933
46 52 529
52 46 529
47 53 750
53 47 750
47 52 696
52 47 696
48 50 835
50 48 835
48 52 525
52 48 525
49 51 832
51 49 832
49 53 397
53 49 397
49 54 635
54 49 635
