95

0 1 903
1 0 903
0 80 971
80 0 971
0 67 404
67 0 404
0 34 861
34 0 861
0 45 572
45 0 572
0 31 352
31 0 352
0 93 241
93 0 241
0 29 478
29 0 478
0 59 750
59 0 750
1 2 730
2 1 730
1 3 546
3 1 546
1 5 340
5 1 340
1 8 41
8 1 41
1 30 728
30 1 728
1 34 296
34 1 296
1 65 52
65 1 52
1 85 214
85 1 214
1 18 133
18 1 133
1 20 682
20 1 682
1 46 469
46 1 469
1 78 885
78 1 885
1 9 897
9 1 897
2 4 843
4 2 843
2 12 76
12 2 76
2 18 696
18 2 696
2 34 88
34 2 88
2 72 223
72 2 223
2 9 543
9 2 543
3 7 928
7 3 928
3 37 965
37 3 965
3 41 706
41 3 706
3 72 510
72 3 510
3 15 304
15 3 304
3 40 778
40 3 778
3 42 11
42 3 11
3 55 625
55 3 625
3 62 736
62 3 736
3 92 811
92 3 811
4 10 717
10 4 717
4 15 672
15 4 672
4 42 303
42 4 303
4 50 720
50 4 720
4 47 44
47 4 44
4 62 166
62 4 166
4 58 414
58 4 414
4 67 917
67 4 917
4 27 97
27 4 97
4 59 752
59 4 752
4 13 318
13 4 318
4 93 456
93 4 456
4 29 49
29 4 49
5 6 663
6 5 663
5 36 522
36 5 522
5 89 370
89 5 370
5 83 419
83 5 419
5 84 665
84 5 665
5 25 594
25 5 594
5 81 419
81 5 419
5 39 339
39 5 339
5 16 785
16 5 785
6 17 767
17 6 767
6 23 66
23 6 66
6 91 913
91 6 913
6 12 971
12 6 971
6 37 971
37 6 971
7 27 507
27 7 507
7 48 587
48 7 587
7 79 176
79 7 176
7 72 952
72 7 952
8 9 97
9 8 97
8 14 310
14 8 310
8 12 912
12 8 912
8 42 534
42 8 534
8 41 684
41 8 684
8 54 187
54 8 187
8 22 485
22 8 485
8 80 549
80 8 549
8 72 819
72 8 819
9 11 154
11 9 154
9 13 740
13 9 740
9 26 577
26 9 577
9 42 567
42 9 567
9 38 308
38 9 308
9 9 939
9 9 939
9 28 915
28 9 915
9 22 174
22 9 174
10 48 250
48 10 250
10 58 818
58 10 818
10 66 381
66 10 381
10 28 666
28 10 666
10 82 651
82 10 651
11 28 212
28 11 212
11 32 86
32 11 86
11 51 365
51 11 365
11 54 115
54 11 115
11 70 822
70 11 822
11 84 11
84 11 11
11 34 869
34 11 869
11 73 851
73 11 851
11 93 102
93 11 102
11 42 94
42 11 94
12 13 172
13 12 172
12 38 577
38 12 577
12 64 687
64 12 687
13 21 891
21 13 891
13 25 534
25 13 534
13 33 186
33 13 186
13 47 969
47 13 969
13 36 185
36 13 185
13 67 749
67 13 749
13 66 325
66 13 325
13 93 701
93 13 701
13 88 605
88 13 605
14 16 102
16 14 102
14 19 83
19 14 83
14 22 285
22 14 285
14 39 540
39 14 540
14 71 612
71 14 612
14 63 34
63 14 34
14 23 745
23 14 745
14 36 987
36 14 987
14 51 225
51 14 225
15 16 528
16 15 528
15 68 378
68 15 378
15 94 458
94 15 458
16 65 320
65 16 320
16 82 670
82 16 670
16 29 937
29 16 937
16 65 507
65 16 507
16 27 617
27 16 617
16 40 971
40 16 971
16 17 472
17 16 472
16 88 808
88 16 808
16 84 532
84 16 532
16 86 647
86 16 647
17 31 997
31 17 997
17 18 625
18 17 625
17 60 160
60 17 160
17 73 261
73 17 261
18 20 472
20 18 472
18 89 34
89 18 34
18 61 757
61 18 757
18 74 419
74 18 419
19 29 179
29 19 179
20 94 482
94 20 482
20 26 246
26 20 246
21 87 314
87 21 314
21 31 998
31 21 998
21 37 377
37 21 377
21 77 307
77 21 307
22 47 262
47 22 262
22 25 542
25 22 542
22 39 772
39 22 772
22 27 388
27 22 388
22 53 450
53 22 450
23 24 574
24 23 574
24 40 594
40 24 594
24 27 743
27 24 743
24 53 711
53 24 711
24 38 613
38 24 613
25 59 622
59 25 622
25 70 634
70 25 634
25 56 400
56 25 400
26 35 453
35 26 453
26 38 213
38 26 213
26 45 514
45 26 514
26 36 701
36 26 701
27 38 72
38 27 72
27 68 48
68 27 48
28 55 72
55 28 72
28 62 491
62 28 491
28 79 88
79 28 88
28 53 366
53 28 366
28 78 293
78 28 293
28 46 364
46 28 364
28 32 993
32 28 993
29 82 945
82 29 945
29 68 719
68 29 719
29 75 11
75 29 11
29 48 375
48 29 375
29 47 112
47 29 112
30 56 788
56 30 788
30 61 425
61 30 425
30 77 537
77 30 537
30 93 593
93 30 593
32 76 474
76 32 474
32 79 150
79 32 150
32 89 394
89 32 394
32 83 556
83 32 556
33 74 765
74 33 765
33 69 83
69 33 83
33 74 266
74 33 266
33 58 741
58 33 741
34 49 54
49 34 54
34 53 816
53 34 816
34 44 774
44 34 774
34 72 236
72 34 236
34 74 764
74 34 764
34 82 714
82 34 714
34 75 733
75 34 733
35 81 643
81 35 643
35 84 961
84 35 961
35 94 675
94 35 675
35 49 89
49 35 89
35 47 876
47 35 876
35 76 649
76 35 649
37 72 141
72 37 141
37 64 645
64 37 645
37 87 538
87 37 538
38 43 554
43 38 554
38 46 1000
46 38 1000
38 83 178
83 38 178
38 65 724
65 38 724
39 54 583
54 39 583
39 39 334
39 39 334
39 53 619
53 39 619
39 93 751
93 39 751
40 63 803
63 40 803
40 83 187
83 40 187
40 59 907
59 40 907
40 91 16
91 40 16
41 44 16
44 41 16
41 45 617
45 41 617
41 52 784
52 41 784
41 64 271
64 41 271
41 75 199
75 41 199
41 71 671
71 41 671
41 87 147
87 41 147
43 71 317
71 43 317
43 60 296
60 43 296
44 81 265
81 44 265
45 90 65
90 45 65
45 52 853
52 45 853
46 58 712
58 46 712
46 50 353
50 46 353
46 91 91
91 46 91
47 91 423
91 47 423
48 51 382
51 48 382
48 67 620
67 48 620
49 74 980
74 49 980
49 77 320
77 49 320
50 57 154
57 50 154
50 76 344
76 50 344
51 70 640
70 51 640
51 78 171
78 51 171
51 82 289
82 51 289
52 60 338
60 52 338
52 68 308
68 52 308
53 69 947
69 53 947
53 94 96
94 53 96
53 84 770
84 53 770
53 77 120
77 53 120
54 66 314
66 54 314
54 61 913
61 54 913
55 87 880
87 55 880
55 73 813
73 55 813
55 63 424
63 55 424
56 60 186
60 56 186
56 65 598
65 56 598
56 80 839
80 56 839
57 92 415
92 57 415
58 68 70
68 58 70
58 67 886
67 58 886
58 69 277
69 58 277
59 72 540
72 59 540
59 73 125
73 59 125
59 65 379
65 59 379
60 72 441
72 60 441
60 82 315
82 60 315
62 67 900
67 62 900
62 84 840
84 62 840
62 93 386
93 62 386
62 82 483
82 62 483
62 93 893
93 62 893
63 68 38
68 63 38
63 78 273
78 63 273
63 83 807
83 63 807
63 84 309
84 63 309
64 65 798
65 64 798
64 89 154
89 64 154
64 92 1
92 64 1
64 73 641
73 64 641
65 85 723
85 65 723
66 89 490
89 66 490
67 88 976
88 67 976
68 92 817
92 68 817
68 73 682
73 68 682
69 73 448
73 69 448
69 87 759
87 69 759
70 93 712
93 70 712
71 80 739
80 71 739
72 81 941
81 72 941
73 86 377
86 73 377
73 92 324
92 73 324
75 81 423
81 75 423
75 93 232
93 75 232
75 84 299
84 75 299
78 80 303
80 78 303
82 85 974
85 82 974
83 86 153
86 83 153
88 93 735
93 88 735
