79

0 1 23
1 0 23
0 3 442
3 0 442
0 4 375
4 0 375
0 22 807
22 0 807
0 44 5
44 0 5
0 26 950
26 0 950
1 2 261
2 1 261
1 11 149
11 1 149
1 18 198
18 1 198
1 20 923
20 1 923
1 32 283
32 1 283
1 25 108
25 1 108
1 26 131
26 1 131
1 11 64
11 1 64
1 12 989
12 1 989
1 20 664
20 1 664
1 33 796
33 1 796
1 32 169
32 1 169
1 15 178
15 1 178
2 13 5
13 2 5
2 34 174
34 2 174
2 70 446
70 2 446
2 70 225
70 2 225
2 41 77
41 2 77
2 62 790
62 2 790
2 39 436
39 2 436
3 8 903
8 3 903
3 21 482
21 3 482
3 25 904
25 3 904
3 72 935
72 3 935
3 10 693
10 3 693
4 5 393
5 4 393
4 7 790
7 4 790
4 9 331
9 4 331
4 40 278
40 4 278
4 63 962
63 4 962
4 27 860
27 4 860
4 23 559
23 4 559
4 56 724
56 4 724
5 6 498
6 5 498
5 10 649
10 5 649
5 15 608
15 5 608
5 31 21
31 5 21
5 68 896
68 5 896
5 55 294
55 5 294
5 48 661
48 5 661
5 35 190
35 5 190
5 42 734
42 5 734
5 72 821
72 5 821
6 67 980
67 6 980
6 46 684
46 6 684
6 34 386
34 6 386
6 9 806
9 6 806
6 31 151
31 6 151
6 15 172
15 6 172
7 48 411
48 7 411
7 26 661
26 7 661
8 12 848
12 8 848
8 19 340
19 8 340
8 40 613
40 8 613
8 57 850
57 8 850
8 76 721
76 8 721
8 16 606
16 8 606
8 76 250
76 8 250
8 78 726
78 8 726
8 27 17
27 8 17
9 66 662
66 9 662
10 24 683
24 10 683
10 26 781
26 10 781
10 44 104
44 10 104
10 15 651
15 10 651
11 30 554
30 11 554
11 50 23
50 11 23
11 59 398
59 11 398
11 14 474
14 11 474
11 71 469
71 11 469
11 54 710
54 11 710
11 75 87
75 11 87
12 33 227
33 12 227
12 49 707
49 12 707
12 71 151
71 12 151
12 52 238
52 12 238
13 14 520
14 13 520
13 16 132
16 13 132
13 28 815
28 13 815
13 42 776
42 13 776
13 50 763
50 13 763
13 59 599
59 13 599
13 48 215
48 13 215
13 31 438
31 13 438
13 31 972
31 13 972
14 17 216
17 14 216
14 37 296
37 14 296
14 58 504
58 14 504
14 62 687
62 14 687
14 64 875
64 14 875
14 44 412
44 14 412
14 51 861
51 14 861
14 67 912
67 14 912
15 47 127
47 15 127
15 62 475
62 15 475
15 62 331
62 15 331
15 33 734
33 15 734
15 45 752
45 15 752
15 72 501
72 15 501
15 71 834
71 15 834
16 49 689
49 16 689
16 74 140
74 16 140
16 67 199
67 16 199
16 33 442
33 16 442
16 37 718
37 16 718
17 43 185
43 17 185
17 67 812
67 17 812
17 48 880
48 17 880
18 47 625
47 18 625
18 78 955
78 18 955
19 60 124
60 19 124
20 23 116
23 20 116
20 27 85
27 20 85
20 61 151
61 20 151
20 42 374
42 20 374
20 60 606
60 20 606
21 35 651
35 21 651
21 74 769
74 21 769
21 45 983
45 21 983
22 36 59
36 22 59
22 39 609
39 22 609
22 28 312
28 22 312
23 25 22
25 23 22
24 55 890
55 24 890
24 54 716
54 24 716
24 50 867
50 24 867
24 43 796
43 24 796
24 64 453
64 24 453
25 28 96
28 25 96
26 29 620
29 26 620
26 41 236
41 26 236
26 64 767
64 26 767
26 61 151
61 26 151
27 60 70
60 27 70
27 61 556
61 27 556
27 59 629
59 27 629
27 41 710
41 27 710
27 64 835
64 27 835
27 78 495
78 27 495
28 72 534
72 28 534
29 76 16
76 29 16
29 44 125
44 29 125
30 53 875
53 30 875
30 55 342
55 30 342
30 48 885
48 30 885
30 66 672
66 30 672
31 73 652
73 31 652
31 64 853
64 31 853
31 33 349
33 31 349
32 38 573
38 32 573
32 41 374
41 32 374
32 76 674
76 32 674
33 45 485
45 33 485
33 35 147
35 33 147
33 34 372
34 33 372
33 58 549
58 33 549
35 61 218
61 35 218
36 69 610
69 36 610
36 40 104
40 36 104
36 60 747
60 36 747
37 69 594
69 37 594
37 42 456
42 37 456
37 48 697
48 37 697
38 56 918
56 38 918
38 48 217
48 38 217
39 70 613
70 39 613
39 55 59
55 39 59
39 58 290
58 39 290
40 51 805
51 40 805
41 66 113
66 41 113
41 50 844
50 41 844
41 48 816
48 41 816
42 52 698
52 42 698
42 54 778
54 42 778
42 50 59
50 42 59
43 49 437
49 43 437
44 46 214
46 44 214
44 59 475
59 44 475
44 75 100
75 44 100
45 66 704
66 45 704
45 78 724
78 45 724
45 45 747
45 45 747
45 68 627
68 45 627
45 50 367
50 45 367
47 48 932
48 47 932
47 57 908
57 47 908
47 53 119
53 47 119
47 51 786
51 47 786
48 63 304
63 48 304
48 55 409
55 48 409
48 69 458
69 48 458
50 56 834
56 50 834
50 63 134
63 50 134
50 74 149
74 50 149
50 53 828
53 50 828
50 70 508
70 50 508
51 54 774
54 51 774
51 63 39
63 51 39
51 71 674
71 51 674
51 65 968
65 51 968
51 66 708
66 51 708
51 53 148
53 51 148
52 63 253
63 52 253
52 71 924
71 52 924
52 67 368
67 52 368
53 78 770
78 53 770
54 71 982
71 54 982
54 78 813
78 54 813
54 78 578
78 54 578
54 74 303
74 54 303
54 58 707
58 54 707
55 56 265
56 55 265
56 65 941
65 56 941
56 62 440
62 56 440
56 74 587
74 56 587
60 68 382
68 60 382
60 66 417
66 60 417
62 75 828
75 62 828
65 77 639
77 65 639
66 73 327
73 66 327
67 78 765
78 67 765
67 72 537
72 67 537
68 76 169
76 68 169
68 75 166
75 68 166
68 78 874
78 68 874
69 75 367
75 69 367
70 74 402
74 70 402
70 71 784
71 70 784
72 75 931
75 72 931
