63

0 1 775
1 0 775
0 7 522
7 0 522
0 14 274
14 0 274
0 19 758
19 0 758
0 52 244
52 0 244
0 31 563
31 0 563
0 13 52
13 0 52
0 18 990
18 0 990
1 2 475
2 1 475
1 3 781
3 1 781
1 11 135
11 1 135
1 54 254
54 1 254
2 4 681
4 2 681
2 12 149
12 2 149
2 36 958
36 2 958
2 54 235
54 2 235
2 49 891
49 2 891
3 16 430
16 3 430
3 47 556
47 3 556
3 60 69
60 3 69
3 50 944
50 3 944
3 5 964
5 3 964
3 19 736
19 3 736
4 5 317
5 4 317
4 6 361
6 4 361
4 30 955
30 4 955
4 62 591
62 4 591
4 54 324
54 4 324
5 8 649
8 5 649
5 24 117
24 5 117
5 62 354
62 5 354
5 43 509
43 5 509
5 29 158
29 5 158
6 15 525
15 6 525
6 21 770
21 6 770
6 11 259
11 6 259
6 25 179
25 6 179
6 61 807
61 6 807
7 9 683
9 7 683
7 23 923
23 7 923
7 43 349
43 7 349
7 37 314
37 7 314
7 39 173
39 7 173
7 48 108
48 7 108
8 10 614
10 8 614
8 25 5
25 8 5
8 49 813
49 8 813
8 12 553
12 8 553
8 60 169
60 8 169
8 18 256
18 8 256
9 17 290
17 9 290
9 18 719
18 9 719
9 46 789
46 9 789
9 26 507
26 9 507
9 33 203
33 9 203
9 29 499
29 9 499
9 59 106
59 9 106
9 29 922
29 9 922
10 53 13
53 10 13
10 37 64
37 10 64
10 57 401
57 10 401
10 21 279
21 10 279
10 33 251
33 10 251
10 50 403
50 10 403
11 26 856
26 11 856
11 11 62
11 11 62
11 43 452
43 11 452
11 57 565
57 11 565
12 13 42
13 12 42
12 29 591
29 12 591
12 39 338
39 12 338
12 24 484
24 12 484
12 49 119
49 12 119
12 45 517
45 12 517
13 33 823
33 13 823
13 29 214
29 13 214
13 60 831
60 13 831
13 55 565
55 13 565
13 44 373
44 13 373
14 22 202
22 14 202
14 31 284
31 14 284
14 23 548
23 14 548
14 44 177
44 14 177
14 16 957
16 14 957
14 25 292
25 14 292
14 41 919
41 14 919
15 38 799
38 15 799
15 29 620
29 15 620
15 36 201
36 15 201
15 29 274
29 15 274
15 42 193
42 15 193
16 55 279
55 16 279
16 51 181
51 16 181
16 46 396
46 16 396
16 29 361
29 16 361
17 20 653
20 17 653
17 48 624
48 17 624
17 57 297
57 17 297
17 22 825
22 17 825
17 20 930
20 17 930
18 25 554
25 18 554
19 37 689
37 19 689
19 47 919
47 19 919
20 34 615
34 20 615
20 35 499
35 20 499
20 22 374
22 20 374
20 61 761
61 20 761
20 41 284
41 20 284
20 51 393
51 20 393
22 28 73
28 22 73
22 42 177
42 22 177
22 38 875
38 22 875
22 37 925
37 22 925
22 47 587
47 22 587
22 59 887
59 22 887
23 39 132
39 23 132
23 45 326
45 23 326
23 61 573
61 23 573
23 33 708
33 23 708
23 50 435
50 23 435
23 36 714
36 23 714
24 54 652
54 24 652
24 36 632
36 24 632
25 27 886
27 25 886
25 59 558
59 25 558
25 32 164
32 25 164
25 53 225
53 25 225
25 33 325
33 25 325
25 35 632
35 25 632
25 38 892
38 25 892
26 62 67
62 26 67
27 49 59
49 27 59
27 29 221
29 27 221
28 58 160
58 28 160
28 52 823
52 28 823
29 32 544
32 29 544
29 41 578
41 29 578
29 38 216
38 29 216
30 37 764
37 30 764
30 44 767
44 30 767
31 39 925
39 31 925
31 54 197
54 31 197
31 62 674
62 31 674
32 58 822
58 32 822
32 54 555
54 32 555
32 39 34
39 32 34
34 60 703
60 34 703
34 56 773
56 34 773
34 57 432
57 34 432
36 50 850
50 36 850
36 38 424
38 36 424
36 42 792
42 36 792
37 40 168
40 37 168
37 54 109
54 37 109
37 48 476
48 37 476
38 62 533
62 38 533
38 42 759
42 38 759
39 53 966
53 39 966
40 59 559
59 40 559
40 62 351
62 40 351
40 42 115
42 40 115
41 43 613
43 41 613
41 42 895
42 41 895
42 44 140
44 42 140
42 55 127
55 42 127
44 51 956
51 44 956
44 49 586
49 44 586
45 57 176
57 45 176
46 52 726
52 46 726
47 56 887
56 47 887
48 51 442
51 48 442
48 60 752
60 48 752
49 55 88
55 49 88
49 52 425
52 49 425
52 56 925
56 52 925
53 54 539
54 53 539
