100

0 1 454
1 0 454
0 2 603
2 0 603
0 5 868
5 0 868
0 23 777
23 0 777
0 59 610
59 0 610
0 71 649
71 0 649
0 19 296
19 0 296
0 86 634
86 0 634
0 28 450
28 0 450
0 19 123
19 0 123
0 89 364
89 0 364
0 98 203
98 0 203
0 37 121
37 0 121
0 75 592
75 0 592
0 94 575
94 0 575
0 94 410
94 0 410
0 45 40
45 0 40
0 92 784
92 0 784
0 9 571
9 0 571
0 94 686
94 0 686
1 6 701
6 1 701
1 7 935
7 1 935
1 21 110
21 1 110
1 24 937
24 1 937
1 55 696
55 1 696
1 58 958
58 1 958
1 10 391
10 1 391
1 73 140
73 1 140
1 94 62
94 1 62
1 2 193
2 1 193
1 3 686
3 1 686
1 55 630
55 1 630
1 80 259
80 1 259
1 63 919
63 1 919
1 17 158
17 1 158
1 64 429
64 1 429
1 99 413
99 1 413
1 43 839
43 1 839
2 3 880
3 2 880
2 9 741
9 2 741
2 13 353
13 2 353
2 16 848
16 2 848
2 29 528
29 2 528
2 51 807
51 2 807
2 12 365
12 2 365
2 54 238
54 2 238
2 89 146
89 2 146
2 59 584
59 2 584
2 68 44
68 2 44
2 75 687
75 2 687
2 21 991
21 2 991
2 7 846
7 2 846
2 97 168
97 2 168
2 98 573
98 2 573
2 27 161
27 2 161
2 95 151
95 2 151
2 72 533
72 2 533
3 4 199
4 3 199
3 27 45
27 3 45
3 87 35
87 3 35
3 94 622
94 3 622
3 76 742
76 3 742
3 44 74
44 3 74
3 9 18
9 3 18
3 7 189
7 3 189
3 80 241
80 3 241
3 19 547
19 3 547
3 7 891
7 3 891
3 91 686
91 3 686
3 67 582
67 3 582
4 11 565
11 4 565
4 31 932
31 4 932
4 33 772
33 4 772
4 36 6
36 4 6
4 12 470
12 4 470
4 10 659
10 4 659
4 20 623
20 4 623
4 39 859
39 4 859
4 9 217
9 4 217
4 23 10
23 4 10
4 73 327
73 4 327
4 89 268
89 4 268
4 23 894
23 4 894
4 87 618
87 4 618
5 14 461
14 5 461
5 43 504
43 5 504
5 66 82
66 5 82
5 45 181
45 5 181
5 81 381
81 5 381
5 26 360
26 5 360
5 86 247
86 5 247
5 59 496
59 5 496
5 84 457
84 5 457
5 7 120
7 5 120
5 36 25
36 5 25
5 57 385
57 5 385
5 69 632
69 5 632
5 46 712
46 5 712
5 91 781
91 5 781
6 12 62
12 6 62
6 48 878
48 6 878
6 50 129
50 6 129
6 97 330
97 6 330
6 65 277
65 6 277
6 48 551
48 6 551
6 84 537
84 6 537
6 28 916
28 6 916
6 61 536
61 6 536
6 49 399
49 6 399
6 54 420
54 6 420
6 16 732
16 6 732
6 77 887
77 6 887
6 13 18
13 6 18
6 32 622
32 6 622
6 31 95
31 6 95
7 8 951
8 7 951
7 43 407
43 7 407
7 18 598
18 7 598
7 69 309
69 7 309
7 63 906
63 7 906
7 58 437
58 7 437
7 32 24
32 7 24
7 12 213
12 7 213
7 11 485
11 7 485
7 87 217
87 7 217
7 51 698
51 7 698
7 30 598
30 7 598
7 12 674
12 7 674
7 77 405
77 7 405
7 9 780
9 7 780
7 48 216
48 7 216
7 40 700
40 7 700
7 30 529
30 7 529
7 85 17
85 7 17
7 58 372
58 7 372
8 26 71
26 8 71
8 47 744
47 8 744
8 65 873
65 8 873
8 14 156
14 8 156
8 77 19
77 8 19
8 81 450
81 8 450
8 35 498
35 8 498
8 48 183
48 8 183
8 43 379
43 8 379
8 47 371
47 8 371
8 29 987
29 8 987
8 22 984
22 8 984
8 92 427
92 8 427
8 51 28
51 8 28
8 67 994
67 8 994
8 47 973
47 8 973
9 10 256
10 9 256
9 74 217
74 9 217
9 92 446
92 9 446
9 95 978
95 9 978
9 94 477
94 9 477
9 13 207
13 9 207
9 87 859
87 9 859
9 75 370
75 9 370
9 53 49
53 9 49
9 60 35
60 9 35
9 9 819
9 9 819
9 25 457
25 9 457
9 61 685
61 9 685
10 17 608
17 10 608
10 19 326
19 10 326
10 39 906
39 10 906
10 30 123
30 10 123
10 43 819
43 10 819
10 87 562
87 10 562
10 11 743
11 10 743
10 87 940
87 10 940
10 68 805
68 10 805
10 58 372
58 10 372
10 37 238
37 10 238
11 60 24
60 11 24
11 32 352
32 11 352
11 78 350
78 11 350
11 39 625
39 11 625
11 36 137
36 11 137
11 94 872
94 11 872
11 42 380
42 11 380
11 51 98
51 11 98
11 11 557
11 11 557
11 37 378
37 11 378
12 20 840
20 12 840
12 33 247
33 12 247
12 46 603
46 12 603
12 90 350
90 12 350
12 23 170
23 12 170
12 53 915
53 12 915
12 76 521
76 12 521
12 59 557
59 12 557
12 84 114
84 12 114
12 83 621
83 12 621
13 61 730
61 13 730
13 62 309
62 13 309
13 28 906
28 13 906
13 28 844
28 13 844
13 43 975
43 13 975
13 48 157
48 13 157
13 85 688
85 13 688
13 41 719
41 13 719
13 55 229
55 13 229
13 17 97
17 13 97
13 67 68
67 13 68
14 15 300
15 14 300
14 35 322
35 14 322
14 45 592
45 14 592
14 72 486
72 14 486
14 28 486
28 14 486
14 26 158
26 14 158
14 60 500
60 14 500
14 37 348
37 14 348
14 84 416
84 14 416
14 61 172
61 14 172
14 83 998
83 14 998
14 79 729
79 14 729
14 40 295
40 14 295
14 15 853
15 14 853
15 38 964
38 15 964
15 72 501
72 15 501
15 83 782
83 15 782
15 89 424
89 15 424
15 60 106
60 15 106
15 28 627
28 15 627
15 62 616
62 15 616
15 64 44
64 15 44
15 83 519
83 15 519
15 26 863
26 15 863
15 77 368
77 15 368
15 34 548
34 15 548
15 19 521
19 15 521
15 20 312
20 15 312
15 72 202
72 15 202
15 42 92
42 15 92
15 86 538
86 15 538
15 97 346
97 15 346
15 22 235
22 15 235
15 23 503
23 15 503
16 18 277
18 16 277
16 45 646
45 16 646
16 71 957
71 16 957
16 56 297
56 16 297
16 51 809
51 16 809
16 83 32
83 16 32
16 19 415
19 16 415
16 42 877
42 16 877
16 59 577
59 16 577
16 42 708
42 16 708
16 24 325
24 16 325
16 89 433
89 16 433
16 58 151
58 16 151
16 46 693
46 16 693
16 44 888
44 16 888
17 22 139
22 17 139
17 41 97
41 17 97
17 78 908
78 17 908
17 83 699
83 17 699
17 38 618
38 17 618
17 44 989
44 17 989
17 95 723
95 17 723
17 89 828
89 17 828
17 64 97
64 17 97
17 83 128
83 17 128
17 44 647
44 17 647
17 57 623
57 17 623
17 29 909
29 17 909
17 77 302
77 17 302
18 32 221
32 18 221
18 67 407
67 18 407
18 73 529
73 18 529
18 83 496
83 18 496
18 66 919
66 18 919
18 31 717
31 18 717
18 39 142
39 18 142
19 63 806
63 19 806
19 77 969
77 19 969
19 58 876
58 19 876
19 55 1
55 19 1
19 90 272
90 19 272
19 61 817
61 19 817
19 82 22
82 19 22
19 48 853
48 19 853
19 95 249
95 19 249
19 84 367
84 19 367
19 57 221
57 19 221
19 41 370
41 19 370
19 74 414
74 19 414
19 43 608
43 19 608
20 25 497
25 20 497
20 44 149
44 20 149
20 66 469
66 20 469
20 98 450
98 20 450
20 60 378
60 20 378
20 60 719
60 20 719
20 89 772
89 20 772
20 60 418
60 20 418
20 36 626
36 20 626
20 76 77
76 20 77
20 25 988
25 20 988
20 27 274
27 20 274
20 35 132
35 20 132
21 28 850
28 21 850
21 71 298
71 21 298
21 74 514
74 21 514
21 91 725
91 21 725
21 62 880
62 21 880
21 67 264
67 21 264
21 29 727
29 21 727
21 41 190
41 21 190
21 27 281
27 21 281
21 77 662
77 21 662
21 86 980
86 21 980
21 30 596
30 21 596
21 30 482
30 21 482
22 44 528
44 22 528
22 66 239
66 22 239
22 61 216
61 22 216
22 98 405
98 22 405
22 57 892
57 22 892
22 44 991
44 22 991
22 28 292
28 22 292
22 59 375
59 22 375
22 89 34
89 22 34
22 70 945
70 22 945
22 61 908
61 22 908
22 52 979
52 22 979
22 42 709
42 22 709
22 71 272
71 22 272
22 51 935
51 22 935
22 26 260
26 22 260
23 70 844
70 23 844
23 65 783
65 23 783
23 50 295
50 23 295
23 60 803
60 23 803
23 95 777
95 23 777
23 72 419
72 23 419
23 60 889
60 23 889
24 37 767
37 24 767
24 76 741
76 24 741
24 90 759
90 24 759
24 39 108
39 24 108
24 59 667
59 24 667
24 59 864
59 24 864
24 57 592
57 24 592
24 45 142
45 24 142
24 67 464
67 24 464
24 37 955
37 24 955
24 89 225
89 24 225
25 93 868
93 25 868
25 28 332
28 25 332
25 32 706
32 25 706
25 94 557
94 25 557
25 99 23
99 25 23
25 35 366
35 25 366
25 33 370
33 25 370
25 64 786
64 25 786
25 53 10
53 25 10
25 80 301
80 25 301
25 75 818
75 25 818
25 34 596
34 25 596
25 30 601
30 25 601
26 54 429
54 26 429
26 98 814
98 26 814
26 93 659
93 26 659
26 28 489
28 26 489
26 43 35
43 26 35
26 72 465
72 26 465
26 44 544
44 26 544
26 46 170
46 26 170
26 27 151
27 26 151
26 75 788
75 26 788
26 64 917
64 26 917
26 41 114
41 26 114
27 60 561
60 27 561
27 43 171
43 27 171
27 76 90
76 27 90
27 45 236
45 27 236
27 37 411
37 27 411
27 78 207
78 27 207
27 74 877
74 27 877
27 57 814
57 27 814
27 60 63
60 27 63
27 38 843
38 27 843
27 56 582
56 27 582
28 30 253
30 28 253
28 80 898
80 28 898
28 70 962
70 28 962
28 40 325
40 28 325
28 50 58
50 28 58
28 54 920
54 28 920
28 70 14
70 28 14
28 36 21
36 28 21
28 33 584
33 28 584
28 68 871
68 28 871
28 51 996
51 28 996
28 78 393
78 28 393
28 48 306
48 28 306
28 32 528
32 28 528
28 57 684
57 28 684
29 92 541
92 29 541
29 80 18
80 29 18
29 84 384
84 29 384
29 62 155
62 29 155
29 85 885
85 29 885
29 75 898
75 29 898
29 76 112
76 29 112
29 74 651
74 29 651
29 78 486
78 29 486
29 98 176
98 29 176
29 43 469
43 29 469
29 65 595
65 29 595
29 57 889
57 29 889
29 88 968
88 29 968
30 39 487
39 30 487
30 81 724
81 30 724
30 83 94
83 30 94
30 40 656
40 30 656
30 52 580
52 30 580
30 41 368
41 30 368
30 42 977
42 30 977
30 34 275
34 30 275
30 54 659
54 30 659
30 34 547
34 30 547
30 89 734
89 30 734
30 75 619
75 30 619
30 61 516
61 30 516
30 78 963
78 30 963
31 47 939
47 31 939
31 31 392
31 31 392
31 99 759
99 31 759
31 37 746
37 31 746
31 59 880
59 31 880
31 40 28
40 31 28
31 39 677
39 31 677
31 78 871
78 31 871
31 77 968
77 31 968
32 34 915
34 32 915
32 47 41
47 32 41
32 33 411
33 32 411
32 36 770
36 32 770
32 60 183
60 32 183
32 56 96
56 32 96
32 58 912
58 32 912
32 87 295
87 32 295
32 82 668
82 32 668
32 42 499
42 32 499
32 55 158
55 32 158
33 84 462
84 33 462
33 79 954
79 33 954
33 81 790
81 33 790
33 65 715
65 33 715
33 64 738
64 33 738
33 70 215
70 33 215
33 67 835
67 33 835
34 89 106
89 34 106
34 64 730
64 34 730
34 41 638
41 34 638
34 75 841
75 34 841
34 91 648
91 34 648
34 75 259
75 34 259
34 57 665
57 34 665
34 41 751
41 34 751
34 47 524
47 34 524
34 81 205
81 34 205
34 45 864
45 34 864
35 40 913
40 35 913
35 42 367
42 35 367
35 56 381
56 35 381
35 39 641
39 35 641
35 89 413
89 35 413
35 41 864
41 35 864
35 44 120
44 35 120
35 77 830
77 35 830
35 87 198
87 35 198
35 43 346
43 35 346
35 42 432
42 35 432
35 56 675
56 35 675
35 43 391
43 35 391
36 75 837
75 36 837
36 92 580
92 36 580
36 62 292
62 36 292
36 51 620
51 36 620
36 99 950
99 36 950
36 42 663
42 36 663
36 43 239
43 36 239
36 71 121
71 36 121
36 84 677
84 36 677
36 52 632
52 36 632
36 67 402
67 36 402
36 56 133
56 36 133
36 65 784
65 36 784
36 80 884
80 36 884
36 55 154
55 36 154
37 71 210
71 37 210
37 87 118
87 37 118
37 69 222
69 37 222
37 69 440
69 37 440
37 49 407
49 37 407
37 72 731
72 37 731
37 80 272
80 37 272
37 88 702
88 37 702
37 62 854
62 37 854
37 42 920
42 37 920
38 46 708
46 38 708
38 66 580
66 38 580
38 57 32
57 38 32
38 74 191
74 38 191
38 95 979
95 38 979
38 93 893
93 38 893
39 59 517
59 39 517
39 47 810
47 39 810
39 46 885
46 39 885
39 66 118
66 39 118
39 68 379
68 39 379
40 90 255
90 40 255
40 79 651
79 40 651
40 48 728
48 40 728
40 60 613
60 40 613
40 60 771
60 40 771
40 57 997
57 40 997
40 49 185
49 40 185
40 78 420
78 40 420
40 66 260
66 40 260
41 68 397
68 41 397
41 66 329
66 41 329
41 45 334
45 41 334
41 63 671
63 41 671
41 93 497
93 41 497
41 96 869
96 41 869
41 78 357
78 41 357
41 64 254
64 41 254
41 81 255
81 41 255
41 74 718
74 41 718
42 57 638
57 42 638
42 82 363
82 42 363
42 56 888
56 42 888
42 57 17
57 42 17
42 67 149
67 42 149
42 93 625
93 42 625
42 85 348
85 42 348
42 90 803
90 42 803
42 76 364
76 42 364
42 68 928
68 42 928
42 52 639
52 42 639
42 75 539
75 42 539
43 52 550
52 43 550
43 68 425
68 43 425
43 84 652
84 43 652
43 48 79
48 43 79
43 47 836
47 43 836
43 54 249
54 43 249
43 98 555
98 43 555
43 57 801
57 43 801
43 75 150
75 43 150
43 59 927
59 43 927
43 91 716
91 43 716
43 63 33
63 43 33
44 82 285
82 44 285
44 91 796
91 44 796
44 95 678
95 44 678
44 46 423
46 44 423
44 84 877
84 44 877
44 45 29
45 44 29
44 74 521
74 44 521
44 78 728
78 44 728
45 85 16
85 45 16
45 60 302
60 45 302
45 48 330
48 45 330
45 46 676
46 45 676
45 68 45
68 45 45
45 78 567
78 45 567
45 94 986
94 45 986
46 53 686
53 46 686
46 95 714
95 46 714
46 85 865
85 46 865
46 95 120
95 46 120
46 55 124
55 46 124
46 68 334
68 46 334
46 81 696
81 46 696
46 59 936
59 46 936
46 81 481
81 46 481
46 89 528
89 46 528
47 49 502
49 47 502
47 91 623
91 47 623
47 71 907
71 47 907
47 72 758
72 47 758
47 55 422
55 47 422
47 60 326
60 47 326
47 94 735
94 47 735
48 81 88
81 48 88
48 91 970
91 48 970
48 76 955
76 48 955
48 88 509
88 48 509
48 62 969
62 48 969
48 50 218
50 48 218
48 91 389
91 48 389
48 87 421
87 48 421
48 80 450
80 48 450
48 91 399
91 48 399
48 70 858
70 48 858
49 78 697
78 49 697
49 68 671
68 49 671
50 85 574
85 50 574
50 72 526
72 50 526
51 64 315
64 51 315
51 58 157
58 51 157
51 60 889
60 51 889
51 67 386
67 51 386
51 53 115
53 51 115
51 77 598
77 51 598
51 91 804
91 51 804
51 86 30
86 51 30
51 76 771
76 51 771
51 95 830
95 51 830
51 98 886
98 51 886
51 60 96
60 51 96
52 72 623
72 52 623
52 90 126
90 52 126
52 95 890
95 52 890
53 53 509
53 53 509
53 99 263
99 53 263
53 65 258
65 53 258
53 92 48
92 53 48
54 72 301
72 54 301
54 60 611
60 54 611
54 59 982
59 54 982
54 87 929
87 54 929
54 58 269
58 54 269
54 75 100
75 54 100
54 59 576
59 54 576
54 57 124
57 54 124
55 66 825
66 55 825
55 65 928
65 55 928
55 88 311
88 55 311
55 80 217
80 55 217
56 84 290
84 56 290
56 75 116
75 56 116
56 90 194
90 56 194
56 59 525
59 56 525
56 90 590
90 56 590
56 97 224
97 56 224
56 60 968
60 56 968
56 72 74
72 56 74
57 90 376
90 57 376
57 90 160
90 57 160
57 74 767
74 57 767
57 82 406
82 57 406
58 69 161
69 58 161
58 98 629
98 58 629
58 77 308
77 58 308
58 85 89
85 58 89
59 96 636
96 59 636
59 76 843
76 59 843
59 88 884
88 59 884
59 90 550
90 59 550
59 70 76
70 59 76
59 65 131
65 59 131
60 64 963
64 60 963
60 83 832
83 60 832
60 71 142
71 60 142
60 84 351
84 60 351
60 78 573
78 60 573
60 64 235
64 60 235
61 80 684
80 61 684
61 74 52
74 61 52
61 92 945
92 61 945
61 63 733
63 61 733
61 61 200
61 61 200
62 82 635
82 62 635
62 84 12
84 62 12
62 94 6
94 62 6
62 85 834
85 62 834
62 75 383
75 62 383
63 99 243
99 63 243
63 69 596
69 63 596
63 85 741
85 63 741
63 98 968
98 63 968
63 64 293
64 63 293
63 81 736
81 63 736
64 87 351
87 64 351
64 74 176
74 64 176
64 88 84
88 64 84
65 91 231
91 65 231
65 94 616
94 65 616
65 72 145
72 65 145
66 70 408
70 66 408
66 86 182
86 66 182
66 75 102
75 66 102
66 87 453
87 66 453
66 69 186
69 66 186
67 80 486
80 67 486
67 91 182
91 67 182
67 89 18
89 67 18
67 85 806
85 67 806
67 95 753
95 67 753
68 74 516
74 68 516
68 85 837
85 68 837
68 89 300
89 68 300
69 86 28
86 69 28
69 79 352
79 69 352
69 93 339
93 69 339
70 91 778
91 70 778
70 90 152
90 70 152
70 92 414
92 70 414
70 92 124
92 70 124
71 85 31
85 71 31
71 79 257
79 71 257
71 90 316
90 71 316
71 74 498
74 71 498
72 86 40
86 72 40
72 88 536
88 72 536
72 95 102
95 72 102
72 84 481
84 72 481
73 76 309
76 73 309
73 83 362
83 73 362
73 83 274
83 73 274
73 75 268
75 73 268
74 88 317
88 74 317
74 98 959
98 74 959
74 79 194
79 74 194
75 79 213
79 75 213
75 79 528
79 75 528
75 88 942
88 75 942
75 87 381
87 75 381
76 89 170
89 76 170
76 95 973
95 76 973
77 93 513
93 77 513
77 79 867
79 77 867
77 95 711
95 77 711
77 93 685
93 77 685
77 86 414
86 77 414
78 91 817
91 78 817
78 81 681
81 78 681
78 91 166
91 78 166
79 86 227
86 79 227
79 92 126
92 79 126
80 94 30
94 80 30
81 95 225
95 81 225
81 90 351
90 81 351
81 86 792
86 81 792
82 82 510
82 82 510
83 96 448
96 83 448
83 95 457
95 83 457
83 88 200
88 83 200
83 99 2
99 83 2
85 91 679
91 85 679
85 99 146
99 85 146
85 95 320
95 85 320
86 91 365
91 86 365
87 99 759
99 87 759
87 98 726
98 87 726
87 92 775
92 87 775
87 98 377
98 87 377
87 98 185
98 87 185
88 93 161
93 88 161
88 91 988
91 88 988
89 97 955
97 89 955
89 97 49
97 89 49
89 99 489
99 89 489
90 97 5
97 90 5
90 90 595
90 90 595
90 91 83
91 90 83
91 93 983
93 91 983
92 97 526
97 92 526
92 94 530
94 92 530
94 95 281
95 94 281
95 99 909
99 95 909
98 99 479
99 98 479
98 98 266
98 98 266
