89

0 1 712
1 0 712
0 2 892
2 0 892
0 8 48
8 0 48
0 55 985
55 0 985
0 56 3
56 0 3
0 59 716
59 0 716
0 60 286
60 0 286
0 24 612
24 0 612
0 32 952
32 0 952
0 78 572
78 0 572
0 55 680
55 0 680
0 2 607
2 0 607
0 24 339
24 0 339
0 33 446
33 0 446
0 36 409
36 0 409
0 38 954
38 0 954
1 3 955
3 1 955
1 4 203
4 1 203
1 7 841
7 1 841
1 14 600
14 1 600
1 48 561
48 1 561
1 41 840
41 1 840
1 21 972
21 1 972
1 15 638
15 1 638
1 65 661
65 1 661
1 64 792
64 1 792
1 2 681
2 1 681
1 40 450
40 1 450
1 20 317
20 1 317
1 70 425
70 1 425
1 27 255
27 1 255
1 87 374
87 1 374
2 15 799
15 2 799
2 28 592
28 2 592
2 28 634
28 2 634
2 84 40
84 2 40
2 79 718
79 2 718
2 80 458
80 2 458
2 34 456
34 2 456
2 64 110
64 2 110
2 81 692
81 2 692
3 5 471
5 3 471
3 20 767
20 3 767
3 81 390
81 3 390
3 26 617
26 3 617
3 37 592
37 3 592
3 44 43
44 3 43
3 49 496
49 3 496
3 56 728
56 3 728
3 55 73
55 3 73
3 26 459
26 3 459
3 77 430
77 3 430
3 6 271
6 3 271
3 88 968
88 3 968
3 86 1
86 3 1
3 76 499
76 3 499
3 81 82
81 3 82
4 6 515
6 4 515
4 13 172
13 4 172
4 19 864
19 4 864
4 50 755
50 4 755
4 49 220
49 4 220
4 35 83
35 4 83
4 59 792
59 4 792
4 45 33
45 4 33
4 55 917
55 4 917
4 8 65
8 4 65
4 5 921
5 4 921
4 38 815
38 4 815
4 72 282
72 4 282
5 16 904
16 5 904
5 30 68
30 5 68
5 47 957
47 5 957
5 53 867
53 5 867
5 6 74
6 5 74
5 64 197
64 5 197
5 9 424
9 5 424
5 17 970
17 5 970
5 64 544
64 5 544
6 9 915
9 6 915
6 12 560
12 6 560
6 53 538
53 6 538
6 6 479
6 6 479
6 72 388
72 6 388
6 67 932
67 6 932
6 57 259
57 6 259
6 10 331
10 6 331
6 15 866
15 6 866
6 27 71
27 6 71
6 20 96
20 6 96
6 45 524
45 6 524
7 65 881
65 7 881
7 14 435
14 7 435
7 43 627
43 7 627
7 80 181
80 7 181
7 71 559
71 7 559
7 60 482
60 7 482
7 24 926
24 7 926
8 25 208
25 8 208
8 74 522
74 8 522
8 84 153
84 8 153
8 39 215
39 8 215
8 31 749
31 8 749
8 86 341
86 8 341
8 75 684
75 8 684
8 69 368
69 8 368
8 74 548
74 8 548
8 60 223
60 8 223
9 10 807
10 9 807
9 23 795
23 9 795
9 46 27
46 9 27
9 39 65
39 9 65
9 62 477
62 9 477
9 79 6
79 9 6
9 61 414
61 9 414
9 39 172
39 9 172
9 40 56
40 9 56
9 18 637
18 9 637
10 11 236
11 10 236
10 37 811
37 10 811
10 39 351
39 10 351
10 31 18
31 10 18
10 75 765
75 10 765
10 37 247
37 10 247
10 73 297
73 10 297
10 27 709
27 10 709
10 70 736
70 10 736
10 69 722
69 10 722
10 26 909
26 10 909
10 47 825
47 10 825
10 54 683
54 10 683
11 35 63
35 11 63
11 57 547
57 11 547
11 85 212
85 11 212
11 50 913
50 11 913
11 71 856
71 11 856
11 71 706
71 11 706
11 70 19
70 11 19
12 52 174
52 12 174
12 26 527
26 12 527
12 39 15
39 12 15
12 59 579
59 12 579
12 70 486
70 12 486
12 63 926
63 12 926
13 17 226
17 13 226
13 18 196
18 13 196
13 21 555
21 13 555
13 27 601
27 13 601
13 29 382
29 13 382
13 65 720
65 13 720
13 86 116
86 13 116
13 40 580
40 13 580
13 51 195
51 13 195
13 37 956
37 13 956
13 27 780
27 13 780
14 39 425
39 14 425
14 66 873
66 14 873
14 28 891
28 14 891
14 80 145
80 14 145
14 73 475
73 14 475
14 79 865
79 14 865
15 26 607
26 15 607
15 33 723
33 15 723
15 69 152
69 15 152
15 81 124
81 15 124
15 62 817
62 15 817
15 38 397
38 15 397
15 37 73
37 15 73
15 43 262
43 15 262
16 34 517
34 16 517
16 71 956
71 16 956
16 47 178
47 16 178
16 60 150
60 16 150
16 75 891
75 16 891
16 36 392
36 16 392
16 33 482
33 16 482
16 52 725
52 16 725
16 88 732
88 16 732
17 24 795
24 17 795
17 58 464
58 17 464
17 64 941
64 17 941
17 73 657
73 17 657
17 60 661
60 17 661
17 27 914
27 17 914
17 21 534
21 17 534
17 33 316
33 17 316
18 86 924
86 18 924
18 77 990
77 18 990
18 62 799
62 18 799
18 42 553
42 18 553
18 54 240
54 18 240
19 22 537
22 19 537
19 31 251
31 19 251
19 51 72
51 19 72
19 23 59
23 19 59
19 41 537
41 19 537
19 80 661
80 19 661
19 49 426
49 19 426
20 66 917
66 20 917
20 70 487
70 20 487
20 83 80
83 20 80
20 24 262
24 20 262
20 68 358
68 20 358
20 40 301
40 20 301
20 56 357
56 20 357
20 79 368
79 20 368
20 52 558
52 20 558
21 41 243
41 21 243
21 72 761
72 21 761
21 68 69
68 21 69
21 46 114
46 21 114
21 51 82
51 21 82
21 37 336
37 21 336
22 49 672
49 22 672
22 28 354
28 22 354
22 72 36
72 22 36
22 74 285
74 22 285
22 88 458
88 22 458
22 81 711
81 22 711
22 26 347
26 22 347
22 77 205
77 22 205
22 39 22
39 22 22
22 51 238
51 22 238
22 69 677
69 22 677
22 62 852
62 22 852
22 30 783
30 22 783
22 46 188
46 22 188
23 40 976
40 23 976
23 87 890
87 23 890
23 86 665
86 23 665
23 33 423
33 23 423
23 24 643
24 23 643
23 47 467
47 23 467
23 46 638
46 23 638
23 46 888
46 23 888
23 26 653
26 23 653
23 45 631
45 23 631
24 44 567
44 24 567
24 27 443
27 24 443
24 81 533
81 24 533
24 48 413
48 24 413
24 74 625
74 24 625
24 66 960
66 24 960
24 78 863
78 24 863
25 70 466
70 25 466
25 32 686
32 25 686
25 30 820
30 25 820
25 55 200
55 25 200
25 78 991
78 25 991
25 27 44
27 25 44
25 34 605
34 25 605
25 39 956
39 25 956
26 43 937
43 26 937
26 75 353
75 26 353
26 44 470
44 26 470
26 51 511
51 26 511
26 29 955
29 26 955
26 53 948
53 26 948
26 32 364
32 26 364
26 82 146
82 26 146
26 46 469
46 26 469
26 67 831
67 26 831
26 66 121
66 26 121
26 86 8
86 26 8
26 87 411
87 26 411
27 32 166
32 27 166
27 70 303
70 27 303
27 78 304
78 27 304
27 56 558
56 27 558
27 38 558
38 27 558
27 48 635
48 27 635
27 73 797
73 27 797
28 48 358
48 28 358
28 59 985
59 28 985
28 72 133
72 28 133
28 62 159
62 28 159
28 29 911
29 28 911
28 42 869
42 28 869
28 84 455
84 28 455
29 36 56
36 29 56
29 38 306
38 29 306
29 63 999
63 29 999
29 44 621
44 29 621
29 50 192
50 29 192
29 73 473
73 29 473
30 63 441
63 30 441
30 61 301
61 30 301
30 64 351
64 30 351
30 84 982
84 30 982
30 47 385
47 30 385
30 39 638
39 30 638
31 56 95
56 31 95
31 69 227
69 31 227
31 53 719
53 31 719
31 88 99
88 31 99
31 55 410
55 31 410
31 50 916
50 31 916
31 73 28
73 31 28
31 64 312
64 31 312
31 72 770
72 31 770
32 78 840
78 32 840
32 53 44
53 32 44
32 33 549
33 32 549
32 70 25
70 32 25
32 84 16
84 32 16
32 71 384
71 32 384
32 60 316
60 32 316
32 39 446
39 32 446
32 35 592
35 32 592
33 45 290
45 33 290
33 76 844
76 33 844
33 86 477
86 33 477
33 41 611
41 33 611
33 75 898
75 33 898
33 85 53
85 33 53
33 67 985
67 33 985
33 36 622
36 33 622
33 37 897
37 33 897
33 73 201
73 33 201
33 65 469
65 33 469
33 70 874
70 33 874
33 80 264
80 33 264
33 46 9
46 33 9
33 69 492
69 33 492
33 54 4
54 33 4
33 75 1000
75 33 1000
33 70 778
70 33 778
33 88 285
88 33 285
34 34 765
34 34 765
34 61 789
61 34 789
34 85 294
85 34 294
34 80 233
80 34 233
34 65 304
65 34 304
35 42 924
42 35 924
35 50 172
50 35 172
35 68 70
68 35 70
35 39 120
39 35 120
35 50 306
50 35 306
35 45 754
45 35 754
36 56 448
56 36 448
36 50 932
50 36 932
37 56 175
56 37 175
37 61 683
61 37 683
37 47 722
47 37 722
37 77 61
77 37 61
38 54 90
54 38 90
38 52 801
52 38 801
38 81 534
81 38 534
38 54 995
54 38 995
38 74 757
74 38 757
38 70 736
70 38 736
38 38 277
38 38 277
39 62 208
62 39 208
39 69 96
69 39 96
39 62 975
62 39 975
40 52 851
52 40 851
40 82 163
82 40 163
40 75 714
75 40 714
40 51 207
51 40 207
40 86 547
86 40 547
40 54 151
54 40 151
40 54 913
54 40 913
40 49 959
49 40 959
40 75 344
75 40 344
40 46 212
46 40 212
41 63 836
63 41 836
41 64 306
64 41 306
41 83 960
83 41 960
41 63 586
63 41 586
42 80 327
80 42 327
42 60 446
60 42 446
42 66 654
66 42 654
42 79 576
79 42 576
42 43 709
43 42 709
43 72 192
72 43 192
43 62 615
62 43 615
43 68 498
68 43 498
43 54 311
54 43 311
43 75 581
75 43 581
43 74 865
74 43 865
44 68 792
68 44 792
44 53 295
53 44 295
45 54 893
54 45 893
45 86 28
86 45 28
45 77 213
77 45 213
45 62 445
62 45 445
46 79 352
79 46 352
46 79 400
79 46 400
46 78 904
78 46 904
46 64 518
64 46 518
46 87 89
87 46 89
46 59 914
59 46 914
46 66 803
66 46 803
47 77 11
77 47 11
47 88 979
88 47 979
47 63 799
63 47 799
47 51 940
51 47 940
47 59 892
59 47 892
47 73 629
73 47 629
47 54 129
54 47 129
47 67 487
67 47 487
47 61 876
61 47 876
48 61 905
61 48 905
48 49 663
49 48 663
48 71 478
71 48 478
48 78 889
78 48 889
48 80 861
80 48 861
48 67 269
67 48 269
48 68 629
68 48 629
49 78 672
78 49 672
49 67 714
67 49 714
49 52 883
52 49 883
49 57 733
57 49 733
50 87 78
87 50 78
50 61 405
61 50 405
51 53 385
53 51 385
51 73 998
73 51 998
51 69 263
69 51 263
51 68 674
68 51 674
52 69 189
69 52 189
52 73 580
73 52 580
52 71 847
71 52 847
52 58 901
58 52 901
52 80 995
80 52 995
52 73 644
73 52 644
52 80 800
80 52 800
53 81 906
81 53 906
53 55 128
55 53 128
53 81 38
81 53 38
53 80 78
80 53 78
53 82 814
82 53 814
53 60 271
60 53 271
53 80 491
80 53 491
54 84 69
84 54 69
54 56 522
56 54 522
54 66 707
66 54 707
54 78 222
78 54 222
54 64 431
64 54 431
55 79 513
79 55 513
55 75 352
75 55 352
56 67 7
67 56 7
56 76 980
76 56 980
56 60 115
60 56 115
56 59 906
59 56 906
56 60 675
60 56 675
56 63 810
63 56 810
57 76 728
76 57 728
58 67 246
67 58 246
59 82 537
82 59 537
59 73 52
73 59 52
60 78 348
78 60 348
60 77 832
77 60 832
60 72 745
72 60 745
60 76 850
76 60 850
61 68 421
68 61 421
61 68 805
68 61 805
62 85 508
85 62 508
62 82 617
82 62 617
62 70 787
70 62 787
62 72 813
72 62 813
63 65 995
65 63 995
64 72 97
72 64 97
64 73 997
73 64 997
64 73 86
73 64 86
64 88 227
88 64 227
64 73 199
73 64 199
64 81 603
81 64 603
65 70 199
70 65 199
65 85 585
85 65 585
66 73 405
73 66 405
66 69 837
69 66 837
66 79 91
79 66 91
66 69 461
69 66 461
66 71 507
71 66 507
68 76 5
76 68 5
68 80 261
80 68 261
68 69 537
69 68 537
68 84 614
84 68 614
69 82 591
82 69 591
70 74 365
74 70 365
70 73 577
73 70 577
71 88 176
88 71 176
71 84 575
84 71 575
71 86 31
86 71 31
72 77 851
77 72 851
72 76 441
76 72 441
73 76 421
76 73 421
73 80 99
80 73 99
73 85 624
85 73 624
73 88 689
88 73 689
74 85 237
85 74 237
74 82 457
82 74 457
74 87 308
87 74 308
74 83 639
83 74 639
75 82 983
82 75 983
77 88 187
88 77 187
79 86 553
86 79 553
80 84 50
84 80 50
82 86 802
86 82 802
82 85 653
85 82 653
