82

0 1 958
1 0 958
0 3 441
3 0 441
0 8 848
8 0 848
0 10 963
10 0 963
0 16 617
16 0 617
0 3 277
3 0 277
0 73 843
73 0 843
0 1 85
1 0 85
0 34 991
34 0 991
0 22 858
22 0 858
0 67 145
67 0 145
0 65 64
65 0 64
0 57 441
57 0 441
0 80 179
80 0 179
0 32 483
32 0 483
0 10 369
10 0 369
0 19 74
19 0 74
0 42 939
42 0 939
1 2 896
2 1 896
1 9 414
9 1 414
1 39 856
39 1 856
1 73 216
73 1 216
1 79 846
79 1 846
1 76 125
76 1 125
1 51 214
51 1 214
1 39 176
39 1 176
1 19 967
19 1 967
1 33 42
33 1 42
2 4 315
4 2 315
2 21 199
21 2 199
2 37 221
37 2 221
2 35 719
35 2 719
2 39 119
39 2 119
2 69 504
69 2 504
2 18 35
18 2 35
2 17 776
17 2 776
2 53 354
53 2 354
2 54 512
54 2 512
2 16 375
16 2 375
2 42 34
42 2 34
2 58 618
58 2 618
2 17 721
17 2 721
2 76 262
76 2 262
2 58 935
58 2 935
2 36 712
36 2 712
3 5 524
5 3 524
3 22 848
22 3 848
3 16 405
16 3 405
3 63 86
63 3 86
3 66 646
66 3 646
3 69 143
69 3 143
3 17 994
17 3 994
3 29 911
29 3 911
3 4 776
4 3 776
3 45 847
45 3 847
3 45 592
45 3 592
3 11 378
11 3 378
3 23 464
23 3 464
3 25 508
25 3 508
3 23 933
23 3 933
3 18 38
18 3 38
3 33 825
33 3 825
3 52 912
52 3 912
4 6 285
6 4 285
4 24 577
24 4 577
4 80 317
80 4 317
4 46 514
46 4 514
4 33 994
33 4 994
4 21 163
21 4 163
4 51 198
51 4 198
4 23 344
23 4 344
5 7 404
7 5 404
5 11 985
11 5 985
5 31 624
31 5 624
5 78 446
78 5 446
5 22 488
22 5 488
5 64 145
64 5 145
5 74 370
74 5 370
5 39 742
39 5 742
5 14 911
14 5 911
5 80 204
80 5 204
5 44 918
44 5 918
5 39 336
39 5 336
5 38 199
38 5 199
6 17 398
17 6 398
6 27 384
27 6 384
6 10 431
10 6 431
6 25 189
25 6 189
6 80 226
80 6 226
6 8 100
8 6 100
6 26 333
26 6 333
6 70 240
70 6 240
6 81 126
81 6 126
6 36 984
36 6 984
6 25 778
25 6 778
6 57 149
57 6 149
6 9 294
9 6 294
6 68 931
68 6 931
6 27 27
27 6 27
7 12 147
12 7 147
7 54 756
54 7 756
7 48 852
48 7 852
7 33 166
33 7 166
7 12 664
12 7 664
7 24 87
24 7 87
7 12 575
12 7 575
7 77 1000
77 7 1000
7 40 404
40 7 404
7 21 670
21 7 670
8 14 968
14 8 968
8 19 545
19 8 545
8 20 938
20 8 938
8 50 71
50 8 71
8 70 421
70 8 421
8 53 115
53 8 115
8 66 846
66 8 846
8 69 503
69 8 503
8 36 420
36 8 420
8 78 985
78 8 985
8 25 592
25 8 592
9 43 251
43 9 251
9 47 79
47 9 79
9 68 104
68 9 104
9 70 259
70 9 259
9 45 123
45 9 123
9 40 442
40 9 442
9 50 268
50 9 268
9 13 886
13 9 886
9 25 60
25 9 60
9 23 230
23 9 230
9 41 729
41 9 729
9 25 607
25 9 607
10 13 943
13 10 943
10 33 809
33 10 809
10 40 726
40 10 726
10 19 18
19 10 18
10 42 116
42 10 116
10 26 695
26 10 695
10 38 326
38 10 326
10 21 50
21 10 50
10 17 860
17 10 860
10 66 313
66 10 313
10 33 401
33 10 401
10 73 42
73 10 42
11 15 647
15 11 647
11 72 38
72 11 38
11 33 435
33 11 435
11 81 539
81 11 539
11 52 518
52 11 518
11 43 262
43 11 262
11 54 363
54 11 363
11 55 333
55 11 333
11 65 485
65 11 485
12 36 94
36 12 94
12 51 999
51 12 999
12 76 687
76 12 687
12 58 931
58 12 931
12 23 159
23 12 159
12 60 68
60 12 68
12 45 809
45 12 809
12 32 85
32 12 85
12 52 967
52 12 967
12 35 773
35 12 773
13 39 507
39 13 507
13 24 248
24 13 248
13 23 729
23 13 729
13 71 621
71 13 621
13 77 665
77 13 665
13 61 270
61 13 270
13 45 871
45 13 871
13 22 225
22 13 225
13 32 512
32 13 512
13 34 232
34 13 232
14 49 12
49 14 12
14 58 305
58 14 305
14 27 176
27 14 176
14 55 357
55 14 357
14 47 308
47 14 308
14 29 499
29 14 499
14 30 991
30 14 991
14 71 800
71 14 800
15 29 719
29 15 719
15 32 769
32 15 769
15 50 245
50 15 245
15 40 541
40 15 541
15 57 563
57 15 563
15 17 180
17 15 180
15 80 293
80 15 293
15 43 127
43 15 127
15 28 582
28 15 582
15 44 684
44 15 684
15 56 265
56 15 265
15 23 734
23 15 734
15 19 239
19 15 239
15 65 835
65 15 835
15 76 835
76 15 835
16 25 919
25 16 919
16 71 521
71 16 521
16 27 190
27 16 190
16 53 535
53 16 535
16 53 62
53 16 62
16 75 862
75 16 862
16 26 367
26 16 367
17 18 254
18 17 254
17 23 843
23 17 843
17 79 835
79 17 835
17 49 800
49 17 800
17 27 981
27 17 981
17 80 523
80 17 523
17 60 452
60 17 452
17 70 463
70 17 463
17 54 482
54 17 482
17 76 431
76 17 431
17 29 55
29 17 55
17 74 842
74 17 842
17 69 626
69 17 626
18 41 906
41 18 906
18 45 533
45 18 533
18 48 805
48 18 805
18 71 472
71 18 472
18 79 220
79 18 220
18 34 600
34 18 600
18 76 169
76 18 169
18 70 181
70 18 181
18 58 643
58 18 643
18 61 964
61 18 964
18 43 432
43 18 432
18 54 466
54 18 466
18 53 435
53 18 435
19 30 848
30 19 848
19 71 641
71 19 641
19 45 711
45 19 711
19 26 463
26 19 463
19 35 690
35 19 690
19 66 458
66 19 458
19 32 112
32 19 112
19 64 407
64 19 407
19 51 441
51 19 441
19 59 963
59 19 963
20 75 287
75 20 287
20 78 769
78 20 769
20 64 701
64 20 701
21 63 489
63 21 489
21 48 910
48 21 910
21 25 797
25 21 797
21 38 886
38 21 886
21 40 17
40 21 17
21 54 224
54 21 224
21 80 630
80 21 630
21 24 244
24 21 244
21 43 285
43 21 285
22 26 196
26 22 196
22 40 380
40 22 380
22 81 944
81 22 944
22 47 651
47 22 651
22 38 981
38 22 981
22 50 982
50 22 982
23 28 728
28 23 728
23 34 290
34 23 290
23 46 67
46 23 67
23 76 246
76 23 246
23 40 689
40 23 689
23 30 631
30 23 631
23 41 793
41 23 793
23 52 797
52 23 797
23 58 917
58 23 917
23 40 866
40 23 866
23 80 743
80 23 743
24 44 252
44 24 252
24 39 472
39 24 472
24 56 177
56 24 177
24 68 934
68 24 934
24 42 663
42 24 663
24 81 724
81 24 724
24 30 440
30 24 440
24 81 640
81 24 640
24 51 712
51 24 712
24 55 906
55 24 906
25 29 117
29 25 117
25 33 286
33 25 286
25 49 277
49 25 277
25 77 511
77 25 511
25 38 201
38 25 201
25 62 950
62 25 950
25 79 258
79 25 258
25 37 115
37 25 115
25 48 532
48 25 532
25 53 813
53 25 813
25 50 9
50 25 9
26 77 997
77 26 997
26 51 449
51 26 449
26 79 26
79 26 26
26 66 429
66 26 429
26 45 384
45 26 384
26 59 787
59 26 787
26 58 800
58 26 800
26 68 31
68 26 31
26 35 708
35 26 708
26 76 57
76 26 57
26 31 750
31 26 750
27 52 126
52 27 126
27 75 988
75 27 988
27 45 105
45 27 105
27 67 790
67 27 790
27 76 40
76 27 40
27 33 350
33 27 350
28 59 875
59 28 875
28 30 648
30 28 648
28 76 439
76 28 439
29 38 579
38 29 579
29 55 626
55 29 626
29 68 732
68 29 732
29 42 20
42 29 20
29 49 761
49 29 761
29 29 888
29 29 888
29 35 61
35 29 61
29 46 574
46 29 574
29 71 470
71 29 470
30 32 947
32 30 947
30 35 635
35 30 635
30 76 181
76 30 181
30 52 360
52 30 360
30 42 427
42 30 427
30 58 729
58 30 729
31 67 957
67 31 957
31 49 788
49 31 788
31 55 87
55 31 87
31 33 694
33 31 694
31 58 775
58 31 775
31 33 289
33 31 289
31 75 524
75 31 524
31 70 89
70 31 89
32 36 840
36 32 840
32 73 846
73 32 846
32 62 309
62 32 309
32 61 310
61 32 310
34 36 912
36 34 912
34 76 807
76 34 807
34 38 222
38 34 222
34 58 790
58 34 790
34 80 183
80 34 183
35 57 106
57 35 106
35 59 820
59 35 820
35 45 694
45 35 694
35 49 121
49 35 121
36 61 539
61 36 539
36 73 803
73 36 803
36 79 648
79 36 648
36 75 439
75 36 439
36 43 801
43 36 801
36 57 328
57 36 328
36 57 914
57 36 914
37 51 92
51 37 92
37 47 212
47 37 212
37 65 424
65 37 424
37 44 241
44 37 241
37 52 552
52 37 552
37 46 750
46 37 750
37 55 474
55 37 474
38 49 235
49 38 235
38 62 805
62 38 805
38 63 712
63 38 712
38 59 965
59 38 965
38 40 10
40 38 10
38 45 1000
45 38 1000
39 42 180
42 39 180
39 53 406
53 39 406
39 56 895
56 39 895
39 55 557
55 39 557
39 40 211
40 39 211
39 49 209
49 39 209
39 73 626
73 39 626
40 66 865
66 40 865
40 56 859
56 40 859
40 58 686
58 40 686
40 71 674
71 40 674
40 64 827
64 40 827
40 43 563
43 40 563
40 57 715
57 40 715
40 76 355
76 40 355
41 56 368
56 41 368
41 78 250
78 41 250
41 53 692
53 41 692
41 41 944
41 41 944
41 54 727
54 41 727
42 69 934
69 42 934
42 77 666
77 42 666
42 66 440
66 42 440
42 55 114
55 42 114
42 51 198
51 42 198
42 57 738
57 42 738
42 79 654
79 42 654
43 71 661
71 43 661
43 52 725
52 43 725
43 65 580
65 43 580
43 44 972
44 43 972
44 46 445
46 44 445
44 48 96
48 44 96
44 47 370
47 44 370
45 73 621
73 45 621
45 57 466
57 45 466
46 56 848
56 46 848
46 73 188
73 46 188
46 59 931
59 46 931
46 50 813
50 46 813
47 74 38
74 47 38
47 50 389
50 47 389
47 64 329
64 47 329
47 76 486
76 47 486
47 69 268
69 47 268
47 50 367
50 47 367
48 54 166
54 48 166
48 81 757
81 48 757
48 64 485
64 48 485
48 76 294
76 48 294
48 51 665
51 48 665
49 62 400
62 49 400
49 81 152
81 49 152
49 77 696
77 49 696
49 63 280
63 49 280
51 58 537
58 51 537
51 55 462
55 51 462
51 54 25
54 51 25
51 81 758
81 51 758
51 61 111
61 51 111
51 61 269
61 51 269
51 75 860
75 51 860
52 65 617
65 52 617
52 62 117
62 52 117
52 53 401
53 52 401
52 63 269
63 52 269
52 78 226
78 52 226
52 71 232
71 52 232
52 72 917
72 52 917
53 72 301
72 53 301
53 66 682
66 53 682
55 61 359
61 55 359
55 67 464
67 55 464
55 76 378
76 55 378
55 81 819
81 55 819
55 74 229
74 55 229
55 79 187
79 55 187
55 58 551
58 55 551
55 78 9
78 55 9
55 72 937
72 55 937
56 64 734
64 56 734
56 74 5
74 56 5
56 64 558
64 56 558
56 72 948
72 56 948
56 76 462
76 56 462
56 69 870
69 56 870
56 59 217
59 56 217
57 62 178
62 57 178
57 75 65
75 57 65
57 80 320
80 57 320
58 73 92
73 58 92
58 61 828
61 58 828
59 60 833
60 59 833
60 63 395
63 60 395
60 66 595
66 60 595
60 69 805
69 60 805
61 66 516
66 61 516
61 72 901
72 61 901
61 73 403
73 61 403
61 73 995
73 61 995
61 66 922
66 61 922
61 76 290
76 61 290
62 67 962
67 62 962
62 66 532
66 62 532
62 75 467
75 62 467
62 75 270
75 62 270
63 75 697
75 63 697
63 81 813
81 63 813
63 70 476
70 63 476
63 75 356
75 63 356
63 65 390
65 63 390
63 76 492
76 63 492
63 71 311
71 63 311
64 81 352
81 64 352
64 77 268
77 64 268
65 78 860
78 65 860
65 78 924
78 65 924
66 79 611
79 66 611
66 71 438
71 66 438
67 68 391
68 67 391
68 75 90
75 68 90
68 77 372
77 68 372
69 76 932
76 69 932
70 76 508
76 70 508
70 80 11
80 70 11
71 74 36
74 71 36
71 74 219
74 71 219
71 80 87
80 71 87
72 79 4
79 72 4
73 76 230
76 73 230
73 76 661
76 73 661
74 81 201
81 74 201
75 77 397
77 75 397
75 78 613
78 75 613
76 77 693
77 76 693
78 79 530
79 78 530
