98

0 1 876
1 0 876
0 4 18
4 0 18
0 8 594
8 0 594
0 17 795
17 0 795
0 63 435
63 0 435
0 53 889
53 0 889
0 27 545
27 0 545
0 51 245
51 0 245
0 67 238
67 0 238
0 25 950
25 0 950
0 94 255
94 0 255
0 92 430
92 0 430
0 52 485
52 0 485
0 47 385
47 0 385
0 26 55
26 0 55
0 24 43
24 0 43
1 2 68
2 1 68
1 3 355
3 1 355
1 5 844
5 1 844
1 21 923
21 1 923
1 48 71
48 1 71
1 56 859
56 1 859
1 31 881
31 1 881
1 26 680
26 1 680
1 74 788
74 1 788
1 56 507
56 1 507
1 16 987
16 1 987
1 76 920
76 1 920
1 89 426
89 1 426
1 18 528
18 1 528
1 97 544
97 1 544
1 85 219
85 1 219
1 11 113
11 1 113
1 79 785
79 1 785
1 36 454
36 1 454
2 14 869
14 2 869
2 30 219
30 2 219
2 69 211
69 2 211
2 35 99
35 2 99
2 68 415
68 2 415
2 95 267
95 2 267
2 7 453
7 2 453
2 28 127
28 2 127
2 48 862
48 2 862
2 90 403
90 2 403
2 61 181
61 2 181
2 32 84
32 2 84
2 56 263
56 2 263
2 81 508
81 2 508
3 6 919
6 3 919
3 10 403
10 3 403
3 23 295
23 3 295
3 90 48
90 3 48
3 74 417
74 3 417
3 76 725
76 3 725
3 41 247
41 3 247
3 17 7
17 3 7
3 59 700
59 3 700
3 29 438
29 3 438
3 41 182
41 3 182
3 18 370
18 3 370
3 93 299
93 3 299
3 96 714
96 3 714
3 87 693
87 3 693
3 38 874
38 3 874
3 41 274
41 3 274
4 7 383
7 4 383
4 9 556
9 4 556
4 25 346
25 4 346
4 27 939
27 4 939
4 73 942
73 4 942
4 22 742
22 4 742
4 16 103
16 4 103
4 73 689
73 4 689
4 85 898
85 4 898
4 10 940
10 4 940
4 62 744
62 4 744
4 19 933
19 4 933
5 46 391
46 5 391
5 25 261
25 5 261
5 77 429
77 5 429
5 39 506
39 5 506
5 21 647
21 5 647
5 44 73
44 5 73
5 89 162
89 5 162
5 45 386
45 5 386
5 88 647
88 5 647
5 23 33
23 5 33
6 12 931
12 6 931
6 24 539
24 6 539
6 82 70
82 6 70
6 86 264
86 6 264
6 15 887
15 6 887
6 40 570
40 6 570
6 10 207
10 6 207
6 95 931
95 6 931
6 39 555
39 6 555
6 10 798
10 6 798
6 48 314
48 6 314
6 45 571
45 6 571
6 66 979
66 6 979
6 83 147
83 6 147
6 55 93
55 6 93
7 20 155
20 7 155
7 74 782
74 7 782
7 69 852
69 7 852
7 17 796
17 7 796
7 70 654
70 7 654
7 17 607
17 7 607
8 13 388
13 8 388
8 89 780
89 8 780
8 59 500
59 8 500
8 14 522
14 8 522
8 60 573
60 8 573
8 66 963
66 8 963
8 63 130
63 8 130
8 10 103
10 8 103
8 68 546
68 8 546
8 76 831
76 8 831
8 56 890
56 8 890
8 79 10
79 8 10
8 69 661
69 8 661
9 11 356
11 9 356
9 58 711
58 9 711
9 76 915
76 9 915
9 28 642
28 9 642
9 21 263
21 9 263
9 84 743
84 9 743
9 66 184
66 9 184
9 28 596
28 9 596
9 28 999
28 9 999
9 59 243
59 9 243
9 72 153
72 9 153
9 96 97
96 9 97
9 88 601
88 9 601
9 78 539
78 9 539
9 55 181
55 9 181
10 87 411
87 10 411
10 12 68
12 10 68
10 35 462
35 10 462
10 31 269
31 10 269
10 11 455
11 10 455
10 38 623
38 10 623
10 68 933
68 10 933
10 97 903
97 10 903
10 64 190
64 10 190
10 40 362
40 10 362
10 20 976
20 10 976
10 35 569
35 10 569
11 22 186
22 11 186
11 53 458
53 11 458
11 48 99
48 11 99
11 65 578
65 11 578
11 77 3
77 11 3
11 92 616
92 11 616
11 14 763
14 11 763
11 76 91
76 11 91
12 19 729
19 12 729
12 34 648
34 12 648
12 49 816
49 12 816
12 96 325
96 12 325
12 50 921
50 12 921
12 85 144
85 12 144
12 53 29
53 12 29
12 58 159
58 12 159
12 29 916
29 12 916
12 92 565
92 12 565
12 70 285
70 12 285
12 29 841
29 12 841
12 97 175
97 12 175
12 65 363
65 12 363
13 18 503
18 13 503
13 29 846
29 13 846
13 31 580
31 13 580
13 47 354
47 13 354
13 51 511
51 13 511
13 73 489
73 13 489
13 80 860
80 13 860
13 94 797
94 13 797
13 82 22
82 13 22
13 45 116
45 13 116
13 60 834
60 13 834
13 34 592
34 13 592
13 15 842
15 13 842
13 40 997
40 13 997
13 96 771
96 13 771
14 15 926
15 14 926
14 35 448
35 14 448
14 93 719
93 14 719
14 81 670
81 14 670
14 68 97
68 14 97
14 43 272
43 14 272
14 55 574
55 14 574
14 44 709
44 14 709
14 72 420
72 14 420
14 45 743
45 14 743
14 81 628
81 14 628
15 16 76
16 15 76
15 32 337
32 15 337
15 70 134
70 15 134
15 95 445
95 15 445
15 93 897
93 15 897
15 94 148
94 15 148
15 91 390
91 15 390
15 87 256
87 15 256
15 79 646
79 15 646
15 52 930
52 15 930
16 91 37
91 16 37
16 21 34
21 16 34
16 49 968
49 16 968
16 50 820
50 16 820
16 25 990
25 16 990
16 88 682
88 16 682
16 33 840
33 16 840
16 59 172
59 16 172
16 39 273
39 16 273
17 28 731
28 17 731
17 68 65
68 17 65
17 84 721
84 17 721
17 45 970
45 17 970
17 68 659
68 17 659
17 72 67
72 17 67
17 44 825
44 17 825
17 34 958
34 17 958
17 81 244
81 17 244
17 31 745
31 17 745
17 28 887
28 17 887
17 68 758
68 17 758
17 50 733
50 17 733
18 33 493
33 18 493
18 52 440
52 18 440
18 56 506
56 18 506
18 65 171
65 18 171
18 54 978
54 18 978
18 47 926
47 18 926
18 29 694
29 18 694
18 25 689
25 18 689
18 96 682
96 18 682
18 90 339
90 18 339
18 57 343
57 18 343
18 29 494
29 18 494
19 53 184
53 19 184
19 25 629
25 19 629
19 93 348
93 19 348
20 26 153
26 20 153
20 50 951
50 20 951
20 72 764
72 20 764
20 41 128
41 20 128
20 96 635
96 20 635
20 31 143
31 20 143
21 71 384
71 21 384
21 76 175
76 21 175
21 94 455
94 21 455
21 34 168
34 21 168
21 50 361
50 21 361
21 93 969
93 21 969
21 58 281
58 21 281
22 37 876
37 22 876
22 42 875
42 22 875
22 61 922
61 22 922
22 47 684
47 22 684
22 86 570
86 22 570
22 27 658
27 22 658
22 51 335
51 22 335
22 41 416
41 22 416
22 48 326
48 22 326
23 68 549
68 23 549
23 60 877
60 23 877
23 60 854
60 23 854
23 95 96
95 23 96
23 26 851
26 23 851
23 42 238
42 23 238
23 45 630
45 23 630
23 82 992
82 23 992
23 56 495
56 23 495
24 94 315
94 24 315
24 96 403
96 24 403
24 61 217
61 24 217
24 35 943
35 24 943
24 31 845
31 24 845
24 62 928
62 24 928
24 59 103
59 24 103
24 68 940
68 24 940
24 35 37
35 24 37
24 75 706
75 24 706
24 40 764
40 24 764
24 50 99
50 24 99
24 86 183
86 24 183
24 44 755
44 24 755
24 88 622
88 24 622
25 45 627
45 25 627
25 63 33
63 25 33
25 93 200
93 25 200
25 84 741
84 25 741
25 70 903
70 25 903
25 65 65
65 25 65
25 74 995
74 25 995
26 41 229
41 26 229
26 92 337
92 26 337
26 67 526
67 26 526
26 38 896
38 26 896
26 70 195
70 26 195
26 57 923
57 26 923
26 87 168
87 26 168
26 28 294
28 26 294
26 41 777
41 26 777
26 71 413
71 26 413
27 74 544
74 27 544
27 51 631
51 27 631
27 43 827
43 27 827
27 85 671
85 27 671
27 71 299
71 27 299
27 41 999
41 27 999
27 68 181
68 27 181
27 73 38
73 27 38
27 44 301
44 27 301
27 28 406
28 27 406
27 46 635
46 27 635
27 52 575
52 27 575
28 36 37
36 28 37
28 64 660
64 28 660
28 55 800
55 28 800
28 54 421
54 28 421
28 53 879
53 28 879
28 53 970
53 28 970
28 55 15
55 28 15
28 41 16
41 28 16
28 69 534
69 28 534
29 46 908
46 29 908
29 62 53
62 29 53
29 87 429
87 29 429
29 73 964
73 29 964
29 88 926
88 29 926
29 70 437
70 29 437
29 62 569
62 29 569
29 37 188
37 29 188
29 68 773
68 29 773
30 69 541
69 30 541
30 37 655
37 30 655
30 32 372
32 30 372
30 61 777
61 30 777
30 38 491
38 30 491
30 97 994
97 30 994
30 54 378
54 30 378
30 67 336
67 30 336
30 40 209
40 30 209
30 71 795
71 30 795
31 43 117
43 31 117
31 57 786
57 31 786
31 93 607
93 31 607
31 45 913
45 31 913
31 36 200
36 31 200
31 59 201
59 31 201
31 66 287
66 31 287
31 81 688
81 31 688
31 90 123
90 31 123
31 45 800
45 31 800
32 40 620
40 32 620
32 44 239
44 32 239
32 69 405
69 32 405
32 85 625
85 32 625
32 34 869
34 32 869
32 48 660
48 32 660
32 92 499
92 32 499
32 79 761
79 32 761
33 83 749
83 33 749
33 65 873
65 33 873
33 70 415
70 33 415
33 91 172
91 33 172
33 57 651
57 33 651
33 56 469
56 33 469
33 64 249
64 33 249
34 88 41
88 34 41
34 84 950
84 34 950
34 91 655
91 34 655
34 72 507
72 34 507
34 79 681
79 34 681
34 57 403
57 34 403
34 78 294
78 34 294
34 45 82
45 34 82
34 68 837
68 34 837
35 39 719
39 35 719
35 41 427
41 35 427
35 67 197
67 35 197
35 61 397
61 35 397
35 96 583
96 35 583
35 65 485
65 35 485
35 55 207
55 35 207
35 42 784
42 35 784
35 60 392
60 35 392
36 64 93
64 36 93
36 72 348
72 36 348
36 64 827
64 36 827
36 59 146
59 36 146
36 93 985
93 36 985
36 41 366
41 36 366
36 92 305
92 36 305
36 38 688
38 36 688
37 38 134
38 37 134
37 79 844
79 37 844
37 95 387
95 37 387
37 44 879
44 37 879
37 90 982
90 37 982
37 52 869
52 37 869
37 49 435
49 37 435
37 84 946
84 37 946
37 50 834
50 37 834
37 72 4
72 37 4
37 70 31
70 37 31
37 58 216
58 37 216
37 83 208
83 37 208
38 91 426
91 38 426
38 84 604
84 38 604
38 78 440
78 38 440
38 65 374
65 38 374
38 78 153
78 38 153
38 59 396
59 38 396
38 40 304
40 38 304
38 69 909
69 38 909
39 67 625
67 39 625
39 62 7
62 39 7
39 76 344
76 39 344
39 79 954
79 39 954
39 50 54
50 39 54
39 50 788
50 39 788
39 91 921
91 39 921
40 60 292
60 40 292
40 82 608
82 40 608
40 81 727
81 40 727
40 66 422
66 40 422
40 91 478
91 40 478
40 92 359
92 40 359
40 48 145
48 40 145
40 61 30
61 40 30
40 94 545
94 40 545
41 66 558
66 41 558
41 41 339
41 41 339
41 66 517
66 41 517
41 92 64
92 41 64
41 85 503
85 41 503
41 86 122
86 41 122
41 92 832
92 41 832
42 86 251
86 42 251
42 45 423
45 42 423
42 52 232
52 42 232
42 90 341
90 42 341
42 85 206
85 42 206
42 67 916
67 42 916
42 70 844
70 42 844
43 54 769
54 43 769
43 62 690
62 43 690
43 48 673
48 43 673
43 97 183
97 43 183
43 56 722
56 43 722
43 65 599
65 43 599
44 50 437
50 44 437
44 48 96
48 44 96
44 93 381
93 44 381
44 62 559
62 44 559
44 46 431
46 44 431
44 77 704
77 44 704
44 91 579
91 44 579
44 77 150
77 44 150
44 83 373
83 44 373
44 84 263
84 44 263
45 73 870
73 45 870
45 58 917
58 45 917
45 71 828
71 45 828
45 91 690
91 45 690
45 79 950
79 45 950
45 87 613
87 45 613
45 79 510
79 45 510
45 75 221
75 45 221
45 47 299
47 45 299
45 84 152
84 45 152
46 68 910
68 46 910
46 57 835
57 46 835
46 77 207
77 46 207
46 56 229
56 46 229
46 87 856
87 46 856
47 94 230
94 47 230
47 62 774
62 47 774
47 75 390
75 47 390
47 52 97
52 47 97
47 79 78
79 47 78
47 66 55
66 47 55
47 57 639
57 47 639
48 49 620
49 48 620
48 74 112
74 48 112
48 95 161
95 48 161
49 82 62
82 49 62
49 67 124
67 49 124
49 57 836
57 49 836
49 62 193
62 49 193
49 85 896
85 49 896
50 65 563
65 50 563
50 77 140
77 50 140
50 61 46
61 50 46
50 72 840
72 50 840
50 63 274
63 50 274
50 77 834
77 50 834
50 58 216
58 50 216
51 75 332
75 51 332
51 60 695
60 51 695
51 60 323
60 51 323
52 96 986
96 52 986
52 85 773
85 52 773
52 70 59
70 52 59
52 69 648
69 52 648
53 94 548
94 53 548
53 86 77
86 53 77
53 78 563
78 53 563
53 70 783
70 53 783
53 75 744
75 53 744
53 70 480
70 53 480
53 66 701
66 53 701
54 55 948
55 54 948
54 59 409
59 54 409
54 70 398
70 54 398
54 77 617
77 54 617
54 75 299
75 54 299
54 93 155
93 54 155
54 65 581
65 54 581
54 95 882
95 54 882
54 84 329
84 54 329
54 92 161
92 54 161
55 72 254
72 55 254
55 81 1000
81 55 1000
55 78 863
78 55 863
55 89 344
89 55 344
55 72 125
72 55 125
55 83 820
83 55 820
55 73 405
73 55 405
56 63 133
63 56 133
56 97 143
97 56 143
56 78 146
78 56 146
56 60 616
60 56 616
56 97 666
97 56 666
56 88 89
88 56 89
56 72 127
72 56 127
56 83 40
83 56 40
57 65 695
65 57 695
57 81 834
81 57 834
57 75 690
75 57 690
58 74 7
74 58 7
58 82 823
82 58 823
58 83 130
83 58 130
58 66 11
66 58 11
58 85 556
85 58 556
58 96 837
96 58 837
59 74 688
74 59 688
59 89 659
89 59 659
59 78 509
78 59 509
59 89 612
89 59 612
59 89 81
89 59 81
59 82 921
82 59 921
59 77 755
77 59 755
59 97 96
97 59 96
59 69 577
69 59 577
60 69 937
69 60 937
60 67 599
67 60 599
60 60 994
60 60 994
61 74 978
74 61 978
62 78 148
78 62 148
62 76 847
76 62 847
62 67 195
67 62 195
62 91 90
91 62 90
62 68 441
68 62 441
62 74 587
74 62 587
62 90 496
90 62 496
63 93 99
93 63 99
63 94 292
94 63 292
63 81 112
81 63 112
63 85 511
85 63 511
63 71 214
71 63 214
64 70 389
70 64 389
64 77 668
77 64 668
65 94 994
94 65 994
65 85 962
85 65 962
65 77 757
77 65 757
65 80 504
80 65 504
65 90 416
90 65 416
65 95 730
95 65 730
66 85 897
85 66 897
66 82 970
82 66 970
67 81 7
81 67 7
67 91 596
91 67 596
67 76 277
76 67 277
67 78 678
78 67 678
67 93 531
93 67 531
68 71 188
71 68 188
68 91 369
91 68 369
68 84 764
84 68 764
68 91 636
91 68 636
68 90 372
90 68 372
69 79 301
79 69 301
69 78 709
78 69 709
69 83 504
83 69 504
70 74 19
74 70 19
70 79 42
79 70 42
70 91 758
91 70 758
70 93 933
93 70 933
71 72 322
72 71 322
71 79 774
79 71 774
71 73 536
73 71 536
72 84 539
84 72 539
72 84 390
84 72 390
72 96 726
96 72 726
73 83 41
83 73 41
73 80 941
80 73 941
75 96 56
96 75 56
75 76 534
76 75 534
75 82 861
82 75 861
75 86 387
86 75 387
75 77 580
77 75 580
75 84 355
84 75 355
76 78 721
78 76 721
76 88 617
88 76 617
76 95 2
95 76 2
76 88 809
88 76 809
76 81 130
81 76 130
77 81 360
81 77 360
77 95 583
95 77 583
78 81 480
81 78 480
78 97 36
97 78 36
79 80 182
80 79 182
79 85 325
85 79 325
80 86 356
86 80 356
80 83 818
83 80 818
80 89 725
89 80 725
80 91 818
91 80 818
82 84 765
84 82 765
82 92 950
92 82 950
83 92 119
92 83 119
83 84 183
84 83 183
84 94 176
94 84 176
85 92 814
92 85 814
85 95 899
95 85 899
85 86 486
86 85 486
87 89 833
89 87 833
87 92 57
92 87 57
87 95 905
95 87 905
89 90 188
90 89 188
90 96 595
96 90 595
90 92 267
92 90 267
90 92 706
92 90 706
92 93 59
93 92 59
94 96 931
96 94 931
