85

0 1 928
1 0 928
0 23 425
23 0 425
0 36 915
36 0 915
0 58 940
58 0 940
0 70 921
70 0 921
0 27 398
27 0 398
0 28 775
28 0 775
0 55 823
55 0 823
0 12 994
12 0 994
0 25 489
25 0 489
0 13 60
13 0 60
0 49 686
49 0 686
0 75 634
75 0 634
0 30 753
30 0 753
0 66 802
66 0 802
1 2 373
2 1 373
1 4 613
4 1 613
1 11 721
11 1 721
1 20 168
20 1 168
1 37 616
37 1 616
1 76 927
76 1 927
1 33 569
33 1 569
1 23 435
23 1 435
1 7 481
7 1 481
1 84 136
84 1 136
1 79 809
79 1 809
1 14 845
14 1 845
1 64 900
64 1 900
1 28 987
28 1 987
1 3 95
3 1 95
1 56 827
56 1 827
1 17 504
17 1 504
2 3 689
3 2 689
2 16 690
16 2 690
2 18 69
18 2 69
2 26 114
26 2 114
2 28 20
28 2 20
2 78 166
78 2 166
2 18 712
18 2 712
2 68 462
68 2 462
2 60 697
60 2 697
2 12 36
12 2 36
2 60 174
60 2 174
2 7 217
7 2 217
2 81 388
81 2 388
2 19 151
19 2 151
2 56 58
56 2 58
2 61 949
61 2 949
3 17 893
17 3 893
3 38 956
38 3 956
3 35 462
35 3 462
3 78 37
78 3 37
3 77 178
77 3 178
3 29 518
29 3 518
3 77 896
77 3 896
3 11 606
11 3 606
3 10 271
10 3 271
3 24 734
24 3 734
3 67 50
67 3 50
3 53 872
53 3 872
3 35 44
35 3 44
4 5 318
5 4 318
4 8 745
8 4 745
4 13 490
13 4 490
4 77 100
77 4 100
4 38 579
38 4 579
4 15 207
15 4 207
4 84 187
84 4 187
4 34 5
34 4 5
4 17 338
17 4 338
4 13 532
13 4 532
4 30 665
30 4 665
4 39 581
39 4 581
4 45 973
45 4 973
4 66 878
66 4 878
4 84 381
84 4 381
4 17 898
17 4 898
4 79 415
79 4 415
5 6 151
6 5 151
5 7 366
7 5 366
5 27 596
27 5 596
5 58 315
58 5 315
5 51 441
51 5 441
5 17 538
17 5 538
5 51 662
51 5 662
5 20 126
20 5 126
5 69 949
69 5 949
5 70 837
70 5 837
5 80 303
80 5 303
5 17 62
17 5 62
6 26 613
26 6 613
6 14 909
14 6 909
6 59 458
59 6 458
6 7 336
7 6 336
6 80 840
80 6 840
6 14 655
14 6 655
6 54 167
54 6 167
6 74 427
74 6 427
6 40 671
40 6 671
6 73 22
73 6 22
6 65 768
65 6 768
7 62 114
62 7 114
7 41 569
41 7 569
7 17 871
17 7 871
7 49 167
49 7 167
7 56 784
56 7 784
7 44 974
44 7 974
7 71 844
71 7 844
7 27 462
27 7 462
7 12 8
12 7 8
7 31 933
31 7 933
7 79 909
79 7 909
7 44 379
44 7 379
8 9 57
9 8 57
8 10 573
10 8 573
8 40 87
40 8 87
8 62 676
62 8 676
8 61 536
61 8 536
8 84 69
84 8 69
8 9 856
9 8 856
8 37 531
37 8 531
8 35 25
35 8 25
8 28 860
28 8 860
8 75 954
75 8 954
8 56 468
56 8 468
8 48 839
48 8 839
8 19 627
19 8 627
8 43 122
43 8 122
8 41 377
41 8 377
8 16 242
16 8 242
8 45 904
45 8 904
9 12 75
12 9 75
9 15 836
15 9 836
9 21 288
21 9 288
9 31 184
31 9 184
9 41 823
41 9 823
9 44 62
44 9 62
9 75 219
75 9 219
9 34 668
34 9 668
9 61 384
61 9 384
9 51 378
51 9 378
9 29 381
29 9 381
9 15 350
15 9 350
9 30 782
30 9 782
9 11 935
11 9 935
9 30 54
30 9 54
9 23 382
23 9 382
9 31 587
31 9 587
9 49 389
49 9 389
9 79 567
79 9 567
9 77 939
77 9 939
9 77 557
77 9 557
9 70 150
70 9 150
9 32 329
32 9 329
10 64 397
64 10 397
10 80 281
80 10 281
10 84 941
84 10 941
10 83 749
83 10 749
10 72 252
72 10 252
10 78 290
78 10 290
10 53 848
53 10 848
10 34 419
34 10 419
10 46 915
46 10 915
10 23 513
23 10 513
10 63 968
63 10 968
10 12 435
12 10 435
10 74 731
74 10 731
10 84 289
84 10 289
10 19 281
19 10 281
10 74 631
74 10 631
10 77 389
77 10 389
11 14 868
14 11 868
11 24 768
24 11 768
11 74 780
74 11 780
11 28 890
28 11 890
11 18 954
18 11 954
11 65 503
65 11 503
11 33 314
33 11 314
11 12 252
12 11 252
11 50 882
50 11 882
11 11 31
11 11 31
11 74 561
74 11 561
11 84 480
84 11 480
11 58 705
58 11 705
11 35 57
35 11 57
12 25 70
25 12 70
12 72 710
72 12 710
12 62 238
62 12 238
12 44 42
44 12 42
12 19 423
19 12 423
12 15 258
15 12 258
12 69 410
69 12 410
12 34 175
34 12 175
12 37 217
37 12 217
12 60 989
60 12 989
12 25 557
25 12 557
12 43 181
43 12 181
13 22 509
22 13 509
13 29 733
29 13 733
13 30 622
30 13 622
13 56 157
56 13 157
13 80 965
80 13 965
13 82 187
82 13 187
13 75 963
75 13 963
13 55 798
55 13 798
13 71 860
71 13 860
13 24 330
24 13 330
13 33 758
33 13 758
13 58 800
58 13 800
13 56 708
56 13 708
13 67 343
67 13 343
13 50 113
50 13 113
13 26 442
26 13 442
14 50 644
50 14 644
14 44 609
44 14 609
14 21 848
21 14 848
14 32 655
32 14 655
14 36 830
36 14 830
14 23 235
23 14 235
15 33 715
33 15 715
15 35 216
35 15 216
15 35 301
35 15 301
15 43 404
43 15 404
15 57 35
57 15 35
15 23 600
23 15 600
15 22 369
22 15 369
15 70 120
70 15 120
15 81 878
81 15 878
16 46 473
46 16 473
16 65 191
65 16 191
16 43 664
43 16 664
16 44 193
44 16 193
16 37 713
37 16 713
16 44 423
44 16 423
16 17 947
17 16 947
16 28 814
28 16 814
16 75 177
75 16 177
16 47 65
47 16 65
16 31 454
31 16 454
16 46 330
46 16 330
17 49 496
49 17 496
17 51 566
51 17 566
17 59 492
59 17 492
17 52 479
52 17 479
17 31 804
31 17 804
17 34 910
34 17 910
17 77 862
77 17 862
17 24 785
24 17 785
17 68 95
68 17 95
17 79 578
79 17 578
17 23 730
23 17 730
17 45 277
45 17 277
17 19 117
19 17 117
17 39 529
39 17 529
17 49 85
49 17 85
17 18 797
18 17 797
18 19 867
19 18 867
18 32 425
32 18 425
18 67 768
67 18 768
18 84 851
84 18 851
18 67 178
67 18 178
18 48 326
48 18 326
18 71 891
71 18 891
18 52 599
52 18 599
18 27 242
27 18 242
18 69 231
69 18 231
18 67 34
67 18 34
18 65 58
65 18 58
18 25 810
25 18 810
18 83 880
83 18 880
18 26 391
26 18 391
18 41 544
41 18 544
19 80 341
80 19 341
19 73 115
73 19 115
19 82 367
82 19 367
19 81 168
81 19 168
19 84 355
84 19 355
19 62 769
62 19 769
19 64 57
64 19 57
19 81 255
81 19 255
19 81 81
81 19 81
20 63 98
63 20 98
20 81 246
81 20 246
20 84 220
84 20 220
20 83 113
83 20 113
20 77 356
77 20 356
20 22 206
22 20 206
20 42 195
42 20 195
20 55 880
55 20 880
20 32 275
32 20 275
21 66 503
66 21 503
21 65 304
65 21 304
21 72 641
72 21 641
21 53 357
53 21 357
21 54 280
54 21 280
21 76 434
76 21 434
21 51 311
51 21 311
21 53 99
53 21 99
22 76 128
76 22 128
22 24 341
24 22 341
22 43 289
43 22 289
22 48 567
48 22 567
22 28 813
28 22 813
22 48 75
48 22 75
22 52 410
52 22 410
22 23 773
23 22 773
23 44 636
44 23 636
23 72 447
72 23 447
23 72 244
72 23 244
23 81 81
81 23 81
23 70 985
70 23 985
23 67 247
67 23 247
23 58 928
58 23 928
23 29 4
29 23 4
23 38 862
38 23 862
23 48 788
48 23 788
23 40 918
40 23 918
23 31 22
31 23 22
24 71 248
71 24 248
24 44 803
44 24 803
24 65 226
65 24 226
24 73 240
73 24 240
24 58 390
58 24 390
24 42 467
42 24 467
24 53 74
53 24 74
24 56 850
56 24 850
24 72 340
72 24 340
24 51 491
51 24 491
24 84 555
84 24 555
24 35 115
35 24 115
24 63 922
63 24 922
25 30 198
30 25 198
25 42 243
42 25 243
25 46 72
46 25 72
25 71 569
71 25 569
25 75 293
75 25 293
25 70 460
70 25 460
25 70 793
70 25 793
25 80 31
80 25 31
25 51 778
51 25 778
25 68 618
68 25 618
25 40 814
40 25 814
26 64 949
64 26 949
26 64 460
64 26 460
26 80 206
80 26 206
26 71 494
71 26 494
26 40 681
40 26 681
26 36 422
36 26 422
26 29 807
29 26 807
26 78 164
78 26 164
26 76 316
76 26 316
27 43 54
43 27 54
27 61 148
61 27 148
27 69 119
69 27 119
27 84 512
84 27 512
27 80 585
80 27 585
27 70 338
70 27 338
27 47 41
47 27 41
27 28 432
28 27 432
28 39 257
39 28 257
28 78 322
78 28 322
28 53 794
53 28 794
28 36 995
36 28 995
28 56 584
56 28 584
28 38 487
38 28 487
28 48 795
48 28 795
28 49 458
49 28 458
28 66 575
66 28 575
28 55 424
55 28 424
28 40 167
40 28 167
29 42 531
42 29 531
29 74 520
74 29 520
29 78 74
78 29 74
29 49 229
49 29 229
29 59 390
59 29 390
29 77 685
77 29 685
29 51 298
51 29 298
30 71 851
71 30 851
30 73 74
73 30 74
30 74 467
74 30 467
30 62 756
62 30 756
30 77 561
77 30 561
30 57 45
57 30 45
30 68 929
68 30 929
30 73 166
73 30 166
31 33 671
33 31 671
31 59 38
59 31 38
31 81 52
81 31 52
31 63 627
63 31 627
31 80 157
80 31 157
31 72 591
72 31 591
31 81 315
81 31 315
31 58 226
58 31 226
32 34 646
34 32 646
32 73 356
73 32 356
32 61 591
61 32 591
32 69 604
69 32 604
32 43 299
43 32 299
32 42 359
42 32 359
32 49 669
49 32 669
33 45 642
45 33 642
33 69 707
69 33 707
33 44 715
44 33 715
33 78 779
78 33 779
33 56 787
56 33 787
33 59 782
59 33 782
33 58 590
58 33 590
33 40 457
40 33 457
34 73 548
73 34 548
34 62 94
62 34 94
34 62 335
62 34 335
34 69 462
69 34 462
34 52 791
52 34 791
34 49 533
49 34 533
34 67 221
67 34 221
34 46 640
46 34 640
34 41 857
41 34 857
35 75 136
75 35 136
35 48 403
48 35 403
35 57 704
57 35 704
35 37 571
37 35 571
36 71 586
71 36 586
36 78 764
78 36 764
36 53 655
53 36 655
36 45 157
45 36 157
36 52 762
52 36 762
36 38 307
38 36 307
36 84 911
84 36 911
36 73 784
73 36 784
36 55 304
55 36 304
36 62 211
62 36 211
36 79 611
79 36 611
36 68 724
68 36 724
36 75 419
75 36 419
36 48 471
48 36 471
37 66 684
66 37 684
37 84 741
84 37 741
37 74 939
74 37 939
37 65 714
65 37 714
37 78 778
78 37 778
37 84 188
84 37 188
37 47 978
47 37 978
37 46 541
46 37 541
37 62 725
62 37 725
37 44 793
44 37 793
37 72 383
72 37 383
37 47 66
47 37 66
37 62 619
62 37 619
38 53 26
53 38 26
38 65 205
65 38 205
38 57 537
57 38 537
38 43 889
43 38 889
38 68 100
68 38 100
38 77 950
77 38 950
38 44 586
44 38 586
38 54 772
54 38 772
38 64 175
64 38 175
39 55 208
55 39 208
39 83 671
83 39 671
39 76 360
76 39 360
39 50 732
50 39 732
39 51 879
51 39 879
39 79 285
79 39 285
39 62 661
62 39 661
39 41 376
41 39 376
39 55 374
55 39 374
39 63 794
63 39 794
39 55 809
55 39 809
40 68 709
68 40 709
40 45 929
45 40 929
40 65 243
65 40 243
40 76 790
76 40 790
40 60 411
60 40 411
40 60 366
60 40 366
40 63 728
63 40 728
40 47 862
47 40 862
41 69 288
69 41 288
41 41 967
41 41 967
41 57 186
57 41 186
41 47 311
47 41 311
41 73 324
73 41 324
41 64 528
64 41 528
41 48 638
48 41 638
41 55 986
55 41 986
41 56 877
56 41 877
41 73 871
73 41 871
42 47 450
47 42 450
42 52 374
52 42 374
42 60 696
60 42 696
42 49 488
49 42 488
42 81 250
81 42 250
42 66 501
66 42 501
42 76 534
76 42 534
42 45 939
45 42 939
42 54 49
54 42 49
42 76 665
76 42 665
42 56 875
56 42 875
42 42 607
42 42 607
43 61 261
61 43 261
43 71 269
71 43 269
43 70 301
70 43 301
43 67 527
67 43 527
43 62 745
62 43 745
43 70 566
70 43 566
43 69 263
69 43 263
44 79 164
79 44 164
44 58 210
58 44 210
44 63 883
63 44 883
44 53 288
53 44 288
44 56 451
56 44 451
44 84 803
84 44 803
44 68 68
68 44 68
44 82 892
82 44 892
44 66 825
66 44 825
45 48 884
48 45 884
45 55 459
55 45 459
45 56 614
56 45 614
45 51 195
51 45 195
45 60 505
60 45 505
45 47 367
47 45 367
45 50 532
50 45 532
45 79 114
79 45 114
45 63 744
63 45 744
46 83 865
83 46 865
46 72 858
72 46 858
46 77 611
77 46 611
46 77 634
77 46 634
46 75 67
75 46 67
46 84 849
84 46 849
46 53 14
53 46 14
46 63 154
63 46 154
46 76 233
76 46 233
47 62 931
62 47 931
47 78 831
78 47 831
47 71 385
71 47 385
47 74 921
74 47 921
47 66 188
66 47 188
48 54 951
54 48 951
48 70 408
70 48 408
48 74 391
74 48 391
48 69 805
69 48 805
48 68 204
68 48 204
48 72 529
72 48 529
48 63 713
63 48 713
48 60 911
60 48 911
49 75 207
75 49 207
49 81 11
81 49 11
49 65 478
65 49 478
49 79 5
79 49 5
49 54 701
54 49 701
50 82 551
82 50 551
50 70 53
70 50 53
50 67 805
67 50 805
50 54 503
54 50 503
50 66 142
66 50 142
50 58 410
58 50 410
50 68 671
68 50 671
51 57 203
57 51 203
51 73 82
73 51 82
51 77 809
77 51 809
51 76 187
76 51 187
52 70 502
70 52 502
52 80 765
80 52 765
52 81 736
81 52 736
52 75 264
75 52 264
52 81 551
81 52 551
52 82 913
82 52 913
52 62 341
62 52 341
53 71 877
71 53 877
53 83 602
83 53 602
53 84 748
84 53 748
53 73 828
73 53 828
54 60 532
60 54 532
54 55 743
55 54 743
54 83 715
83 54 715
54 64 360
64 54 360
55 78 769
78 55 769
55 74 944
74 55 944
55 74 836
74 55 836
55 67 42
67 55 42
55 60 526
60 55 526
55 57 863
57 55 863
55 57 179
57 55 179
55 78 589
78 55 589
55 77 477
77 55 477
56 80 597
80 56 597
56 64 51
64 56 51
56 75 923
75 56 923
56 60 420
60 56 420
56 61 499
61 56 499
56 57 464
57 56 464
56 65 582
65 56 582
57 67 185
67 57 185
57 77 495
77 57 495
57 82 491
82 57 491
57 68 702
68 57 702
58 84 451
84 58 451
58 62 236
62 58 236
58 81 537
81 58 537
58 65 60
65 58 60
59 83 411
83 59 411
60 83 879
83 60 879
61 75 204
75 61 204
61 63 597
63 61 597
61 69 256
69 61 256
61 74 714
74 61 714
62 84 615
84 62 615
63 68 807
68 63 807
63 80 927
80 63 927
64 75 827
75 64 827
64 66 903
66 64 903
65 80 736
80 65 736
66 69 806
69 66 806
66 80 520
80 66 520
67 71 380
71 67 380
67 69 940
69 67 940
67 73 725
73 67 725
67 68 833
68 67 833
68 81 654
81 68 654
68 68 2
68 68 2
70 73 834
73 70 834
70 75 213
75 70 213
70 79 811
79 70 811
70 73 924
73 70 924
70 71 833
71 70 833
71 80 48
80 71 48
71 80 942
80 71 942
71 79 147
79 71 147
71 83 853
83 71 853
73 76 102
76 73 102
73 78 557
78 73 557
75 84 873
84 75 873
75 78 914
78 75 914
75 82 54
82 75 54
75 78 587
78 75 587
79 80 535
80 79 535
79 81 109
81 79 109
79 79 499
79 79 499
80 83 425
83 80 425
