53

0 1 416
1 0 416
0 7 486
7 0 486
0 8 505
8 0 505
0 10 267
10 0 267
0 16 999
16 0 999
0 24 723
24 0 723
0 25 135
25 0 135
0 17 917
17 0 917
0 48 473
48 0 473
1 2 565
2 1 565
1 6 261
6 1 261
1 9 404
9 1 404
1 9 360
9 1 360
1 51 985
51 1 985
1 33 340
33 1 340
1 4 837
4 1 837
1 44 101
44 1 101
1 23 51
23 1 51
2 3 23
3 2 23
2 4 280
4 2 280
2 9 129
9 2 129
2 11 182
11 2 182
2 45 361
45 2 361
2 49 812
49 2 812
2 40 85
40 2 85
2 36 614
36 2 614
2 6 783
6 2 783
2 5 269
5 2 269
2 38 860
38 2 860
2 20 329
20 2 329
2 27 878
27 2 878
2 6 653
6 2 653
2 46 592
46 2 592
2 23 864
23 2 864
2 28 617
28 2 617
3 17 4
17 3 4
3 36 21
36 3 21
3 43 104
43 3 104
3 27 121
27 3 121
3 9 579
9 3 579
4 5 70
5 4 70
4 15 716
15 4 716
4 39 964
39 4 964
4 41 365
41 4 365
4 28 934
28 4 934
4 27 693
27 4 693
4 37 77
37 4 77
4 45 622
45 4 622
4 25 954
25 4 954
5 39 478
39 5 478
5 18 970
18 5 970
5 10 329
10 5 329
5 16 138
16 5 138
6 14 376
14 6 376
6 27 957
27 6 957
6 22 344
22 6 344
6 31 789
31 6 789
6 32 754
32 6 754
6 37 271
37 6 271
6 18 109
18 6 109
6 24 464
24 6 464
7 22 469
22 7 469
7 37 469
37 7 469
7 51 913
51 7 913
7 21 387
21 7 387
7 36 508
36 7 508
7 46 851
46 7 851
7 50 991
50 7 991
8 19 188
19 8 188
8 26 43
26 8 43
8 35 707
35 8 707
8 17 164
17 8 164
8 38 391
38 8 391
8 45 389
45 8 389
8 33 655
33 8 655
8 22 565
22 8 565
9 45 244
45 9 244
9 14 730
14 9 730
9 34 437
34 9 437
9 13 250
13 9 250
9 40 600
40 9 600
10 12 219
12 10 219
10 13 967
13 10 967
10 21 5
21 10 5
10 30 445
30 10 445
10 19 571
19 10 571
10 52 485
52 10 485
10 51 372
51 10 372
10 24 855
24 10 855
11 33 608
33 11 608
11 40 742
40 11 742
11 17 532
17 11 532
11 33 740
33 11 740
11 24 903
24 11 903
12 36 514
36 12 514
12 17 381
17 12 381
12 50 317
50 12 317
12 31 223
31 12 223
12 29 127
29 12 127
13 18 36
18 13 36
13 28 505
28 13 505
13 40 748
40 13 748
13 22 399
22 13 399
13 46 198
46 13 198
13 26 769
26 13 769
13 32 885
32 13 885
13 30 682
30 13 682
13 20 674
20 13 674
14 20 695
20 14 695
14 29 39
29 14 39
14 39 474
39 14 474
14 21 273
21 14 273
14 20 515
20 14 515
14 43 420
43 14 420
14 35 870
35 14 870
14 50 796
50 14 796
14 48 443
48 14 443
15 48 923
48 15 923
15 52 983
52 15 983
15 33 605
33 15 605
15 44 866
44 15 866
15 19 497
19 15 497
15 52 728
52 15 728
15 16 376
16 15 376
15 45 282
45 15 282
15 40 953
40 15 953
16 23 189
23 16 189
16 31 508
31 16 508
16 31 134
31 16 134
16 31 40
31 16 40
16 28 740
28 16 740
17 33 831
33 17 831
17 42 714
42 17 714
17 19 621
19 17 621
17 44 491
44 17 491
18 32 33
32 18 33
18 25 977
25 18 977
19 39 748
39 19 748
19 30 856
30 19 856
19 28 147
28 19 147
19 35 933
35 19 933
19 40 455
40 19 455
19 20 172
20 19 172
19 50 527
50 19 527
19 22 683
22 19 683
20 52 861
52 20 861
20 22 703
22 20 703
20 37 206
37 20 206
20 31 375
31 20 375
21 44 476
44 21 476
21 45 661
45 21 661
21 38 609
38 21 609
21 50 780
50 21 780
21 23 785
23 21 785
21 32 696
32 21 696
22 50 225
50 22 225
22 35 161
35 22 161
23 39 69
39 23 69
23 34 382
34 23 382
23 45 708
45 23 708
24 35 781
35 24 781
24 28 255
28 24 255
24 46 281
46 24 281
25 47 105
47 25 105
25 50 399
50 25 399
26 47 177
47 26 177
26 48 422
48 26 422
26 49 242
49 26 242
26 42 94
42 26 94
26 40 840
40 26 840
26 50 840
50 26 840
26 30 194
30 26 194
26 46 661
46 26 661
27 34 442
34 27 442
27 46 92
46 27 92
27 34 620
34 27 620
28 50 103
50 28 103
28 51 307
51 28 307
29 48 6
48 29 6
29 50 231
50 29 231
30 46 631
46 30 631
30 51 362
51 30 362
30 34 887
34 30 887
30 37 505
37 30 505
31 38 387
38 31 387
31 48 9
48 31 9
31 42 748
42 31 748
32 39 681
39 32 681
32 45 736
45 32 736
32 51 203
51 32 203
32 37 522
37 32 522
32 38 723
38 32 723
33 48 876
48 33 876
33 45 145
45 33 145
34 35 763
35 34 763
34 48 907
48 34 907
35 50 471
50 35 471
35 37 41
37 35 41
36 50 199
50 36 199
37 52 233
52 37 233
38 39 513
39 38 513
38 51 44
51 38 44
39 42 186
42 39 186
39 51 496
51 39 496
39 52 447
52 39 447
39 42 354
42 39 354
40 41 470
41 40 470
40 42 606
42 40 606
40 41 351
41 40 351
40 51 103
51 40 103
40 49 740
49 40 740
41 52 616
52 41 616
41 46 787
46 41 787
42 46 299
46 42 299
43 52 703
52 43 703
45 52 33
52 45 33
48 49 746
49 48 746
50 50 631
50 50 631
