80

0 1 9
1 0 9
0 2 580
2 0 580
0 3 66
3 0 66
0 11 282
11 0 282
0 15 173
15 0 173
0 22 570
22 0 570
0 34 803
34 0 803
0 49 270
49 0 270
0 51 736
51 0 736
0 41 39
41 0 39
0 48 974
48 0 974
0 71 190
71 0 190
0 12 877
12 0 877
0 71 773
71 0 773
1 6 490
6 1 490
1 10 289
10 1 289
1 16 623
16 1 623
1 21 255
21 1 255
1 23 688
23 1 688
1 37 478
37 1 478
1 72 209
72 1 209
1 5 324
5 1 324
1 58 66
58 1 66
1 10 474
10 1 474
1 42 108
42 1 108
1 44 781
44 1 781
1 66 816
66 1 816
1 65 450
65 1 450
1 68 932
68 1 932
1 45 631
45 1 631
1 13 148
13 1 148
1 56 311
56 1 311
2 4 744
4 2 744
2 5 354
5 2 354
2 8 726
8 2 726
2 12 947
12 2 947
2 13 369
13 2 369
2 31 989
31 2 989
2 63 253
63 2 253
2 76 914
76 2 914
2 45 92
45 2 92
2 53 953
53 2 953
2 73 792
73 2 792
2 26 637
26 2 637
2 4 453
4 2 453
2 46 355
46 2 355
2 38 955
38 2 955
2 68 876
68 2 876
2 58 493
58 2 493
2 66 537
66 2 537
3 7 111
7 3 111
3 25 617
25 3 617
3 28 459
28 3 459
3 35 426
35 3 426
3 39 347
39 3 347
3 53 104
53 3 104
3 43 875
43 3 875
3 61 359
61 3 359
3 5 492
5 3 492
3 78 907
78 3 907
4 29 193
29 4 193
4 57 729
57 4 729
4 66 108
66 4 108
4 7 611
7 4 611
4 57 726
57 4 726
4 61 132
61 4 132
5 9 869
9 5 869
5 61 341
61 5 341
5 42 591
42 5 591
5 75 732
75 5 732
5 37 647
37 5 647
5 24 324
24 5 324
5 20 874
20 5 874
6 35 655
35 6 655
6 63 51
63 6 51
6 59 642
59 6 642
6 41 311
41 6 311
6 20 943
20 6 943
6 70 842
70 6 842
6 25 115
25 6 115
6 54 485
54 6 485
6 39 78
39 6 78
6 9 169
9 6 169
7 50 105
50 7 105
7 19 497
19 7 497
7 9 805
9 7 805
7 52 35
52 7 35
7 75 480
75 7 480
7 18 885
18 7 885
7 45 793
45 7 793
7 34 846
34 7 846
7 16 233
16 7 233
8 54 221
54 8 221
8 30 318
30 8 318
8 66 984
66 8 984
8 59 826
59 8 826
8 42 185
42 8 185
8 27 676
27 8 676
8 18 848
18 8 848
8 29 663
29 8 663
8 9 42
9 8 42
8 22 813
22 8 813
8 27 80
27 8 80
9 18 549
18 9 549
9 48 998
48 9 998
9 67 532
67 9 532
9 66 520
66 9 520
9 42 754
42 9 754
9 12 640
12 9 640
9 39 278
39 9 278
9 48 203
48 9 203
9 34 406
34 9 406
10 42 4
42 10 4
10 33 870
33 10 870
10 57 516
57 10 516
10 63 173
63 10 173
10 18 355
18 10 355
10 75 797
75 10 797
11 54 666
54 11 666
11 75 867
75 11 867
11 24 618
24 11 618
11 11 95
11 11 95
11 52 567
52 11 567
12 17 676
17 12 676
12 19 129
19 12 129
12 34 658
34 12 658
12 76 185
76 12 185
12 39 174
39 12 174
12 57 769
57 12 769
12 70 671
70 12 671
12 56 805
56 12 805
12 46 637
46 12 637
12 73 977
73 12 977
12 62 463
62 12 463
12 70 585
70 12 585
12 28 670
28 12 670
12 42 358
42 12 358
12 33 200
33 12 200
13 14 150
14 13 150
13 41 706
41 13 706
13 56 352
56 13 352
13 63 223
63 13 223
13 79 713
79 13 713
13 45 619
45 13 619
14 20 416
20 14 416
14 59 643
59 14 643
14 23 821
23 14 821
14 62 563
62 14 563
14 57 263
57 14 263
14 34 271
34 14 271
14 76 600
76 14 600
14 55 614
55 14 614
15 32 768
32 15 768
15 43 850
43 15 850
15 29 683
29 15 683
15 28 447
28 15 447
15 38 756
38 15 756
16 49 21
49 16 21
16 67 193
67 16 193
16 48 681
48 16 681
16 47 45
47 16 45
16 75 291
75 16 291
17 62 926
62 17 926
17 72 968
72 17 968
18 26 713
26 18 713
18 38 228
38 18 228
18 70 827
70 18 827
18 30 471
30 18 471
18 18 245
18 18 245
18 63 439
63 18 439
18 70 267
70 18 267
18 70 422
70 18 422
18 31 858
31 18 858
18 55 56
55 18 56
18 49 535
49 18 535
19 33 54
33 19 54
19 40 436
40 19 436
19 56 755
56 19 755
19 39 507
39 19 507
19 60 389
60 19 389
19 34 988
34 19 988
19 65 372
65 19 372
19 43 760
43 19 760
19 53 38
53 19 38
19 37 931
37 19 931
19 70 537
70 19 537
20 27 407
27 20 407
20 46 847
46 20 847
20 59 791
59 20 791
20 37 440
37 20 440
20 39 738
39 20 738
21 30 821
30 21 821
21 43 550
43 21 550
21 55 998
55 21 998
21 60 682
60 21 682
21 47 556
47 21 556
21 59 199
59 21 199
21 74 824
74 21 824
21 22 900
22 21 900
21 55 221
55 21 221
21 41 957
41 21 957
21 73 55
73 21 55
21 36 255
36 21 255
21 28 801
28 21 801
21 44 397
44 21 397
21 38 974
38 21 974
22 62 876
62 22 876
22 36 139
36 22 139
22 46 737
46 22 737
22 70 988
70 22 988
22 47 910
47 22 910
22 27 112
27 22 112
23 24 753
24 23 753
24 29 567
29 24 567
24 51 394
51 24 394
24 79 842
79 24 842
24 64 684
64 24 684
25 70 468
70 25 468
25 39 677
39 25 677
25 45 919
45 25 919
25 27 752
27 25 752
25 53 666
53 25 666
25 79 766
79 25 766
26 46 765
46 26 765
26 32 911
32 26 911
26 36 12
36 26 12
26 70 137
70 26 137
26 27 929
27 26 929
26 28 253
28 26 253
27 44 839
44 27 839
27 40 445
40 27 445
28 69 652
69 28 652
28 29 574
29 28 574
28 35 489
35 28 489
28 66 421
66 28 421
28 57 913
57 28 913
28 29 864
29 28 864
29 42 208
42 29 208
29 43 523
43 29 523
29 66 845
66 29 845
29 69 482
69 29 482
29 72 472
72 29 472
29 70 661
70 29 661
30 47 224
47 30 224
30 69 533
69 30 533
30 70 513
70 30 513
30 52 160
52 30 160
31 64 293
64 31 293
31 52 720
52 31 720
31 66 383
66 31 383
31 42 994
42 31 994
32 41 5
41 32 5
32 77 709
77 32 709
32 35 908
35 32 908
32 55 129
55 32 129
32 42 432
42 32 432
33 36 563
36 33 563
33 52 479
52 33 479
33 36 405
36 33 405
33 54 624
54 33 624
33 41 462
41 33 462
33 61 756
61 33 756
33 37 991
37 33 991
34 44 568
44 34 568
34 52 409
52 34 409
34 57 451
57 34 451
34 35 909
35 34 909
34 53 402
53 34 402
34 59 907
59 34 907
35 63 164
63 35 164
35 76 953
76 35 953
36 68 243
68 36 243
36 66 561
66 36 561
36 67 607
67 36 607
36 49 881
49 36 881
36 62 546
62 36 546
36 52 455
52 36 455
37 68 7
68 37 7
37 40 929
40 37 929
37 59 697
59 37 697
37 58 759
58 37 759
37 58 777
58 37 777
38 64 663
64 38 663
38 41 359
41 38 359
38 39 965
39 38 965
38 43 221
43 38 221
38 46 447
46 38 447
38 73 744
73 38 744
38 51 696
51 38 696
38 78 129
78 38 129
39 59 982
59 39 982
39 63 538
63 39 538
39 67 681
67 39 681
39 79 87
79 39 87
39 68 934
68 39 934
39 51 282
51 39 282
39 53 939
53 39 939
40 60 211
60 40 211
40 44 845
44 40 845
40 64 536
64 40 536
40 60 222
60 40 222
41 45 517
45 41 517
41 65 221
65 41 221
41 53 467
53 41 467
41 54 168
54 41 168
41 68 992
68 41 992
42 66 761
66 42 761
42 78 93
78 42 93
42 75 654
75 42 654
42 77 883
77 42 883
43 46 504
46 43 504
43 47 649
47 43 649
44 71 549
71 44 549
44 78 653
78 44 653
44 58 443
58 44 443
44 77 611
77 44 611
44 61 792
61 44 792
44 65 578
65 44 578
44 66 915
66 44 915
45 70 328
70 45 328
46 75 493
75 46 493
46 59 823
59 46 823
46 49 741
49 46 741
46 79 294
79 46 294
47 75 430
75 47 430
47 79 623
79 47 623
47 68 20
68 47 20
48 65 225
65 48 225
48 72 613
72 48 613
48 49 738
49 48 738
48 59 247
59 48 247
49 50 736
50 49 736
49 67 410
67 49 410
50 51 131
51 50 131
50 54 738
54 50 738
50 63 617
63 50 617
50 74 564
74 50 564
51 67 621
67 51 621
51 51 492
51 51 492
52 67 150
67 52 150
53 67 312
67 53 312
53 61 825
61 53 825
53 70 171
70 53 171
53 75 677
75 53 677
53 73 887
73 53 887
53 65 557
65 53 557
54 57 26
57 54 26
54 57 597
57 54 597
55 58 363
58 55 363
55 73 685
73 55 685
55 63 927
63 55 927
56 73 572
73 56 572
56 59 141
59 56 141
56 61 180
61 56 180
56 64 545
64 56 545
57 62 655
62 57 655
58 75 827
75 58 827
58 65 828
65 58 828
59 79 393
79 59 393
59 64 366
64 59 366
60 61 198
61 60 198
60 68 515
68 60 515
61 68 953
68 61 953
61 65 265
65 61 265
61 69 492
69 61 492
62 70 204
70 62 204
62 68 963
68 62 963
62 68 552
68 62 552
63 71 314
71 63 314
64 72 584
72 64 584
65 77 253
77 65 253
67 78 364
78 67 364
67 69 95
69 67 95
68 72 903
72 68 903
69 70 653
70 69 653
70 76 716
76 70 716
71 74 454
74 71 454
72 79 288
79 72 288
73 77 443
77 73 443
78 78 417
78 78 417
