75

0 1 43
1 0 43
0 4 393
4 0 393
0 5 930
5 0 930
0 18 877
18 0 877
0 29 81
29 0 81
0 54 48
54 0 48
0 32 225
32 0 225
0 31 554
31 0 554
0 3 244
3 0 244
1 2 416
2 1 416
1 15 414
15 1 414
1 25 821
25 1 821
1 30 497
30 1 497
1 66 573
66 1 573
1 55 57
55 1 57
1 34 809
34 1 809
1 11 815
11 1 815
1 14 612
14 1 612
1 69 184
69 1 184
2 3 413
3 2 413
2 8 429
8 2 429
2 9 708
9 2 708
2 42 368
42 2 368
2 24 963
24 2 963
2 7 3
7 2 3
3 6 142
6 3 142
3 10 860
10 3 860
3 14 802
14 3 802
3 31 200
31 3 200
3 9 394
9 3 394
3 41 154
41 3 154
3 73 424
73 3 424
3 24 217
24 3 217
3 52 283
52 3 283
3 21 758
21 3 758
3 73 757
73 3 757
3 39 751
39 3 751
3 9 566
9 3 566
3 66 791
66 3 791
3 15 38
15 3 38
3 34 568
34 3 568
4 37 259
37 4 259
4 59 717
59 4 717
4 62 342
62 4 342
4 22 261
22 4 261
4 34 559
34 4 559
4 50 216
50 4 216
4 50 85
50 4 85
4 28 678
28 4 678
4 72 797
72 4 797
4 17 55
17 4 55
5 7 411
7 5 411
5 13 329
13 5 329
5 19 598
19 5 598
5 30 460
30 5 460
5 15 177
15 5 177
5 47 76
47 5 76
5 42 1000
42 5 1000
5 30 74
30 5 74
6 28 376
28 6 376
6 63 452
63 6 452
6 16 536
16 6 536
6 28 861
28 6 861
6 69 554
69 6 554
6 67 30
67 6 30
6 61 82
61 6 82
6 43 433
43 6 433
6 36 947
36 6 947
7 17 15
17 7 15
7 22 145
22 7 145
7 56 365
56 7 365
7 48 80
48 7 80
7 34 605
34 7 605
7 43 517
43 7 517
7 8 877
8 7 877
7 17 747
17 7 747
7 55 470
55 7 470
7 24 672
24 7 672
8 12 680
12 8 680
8 32 777
32 8 777
8 58 275
58 8 275
8 73 497
73 8 497
8 38 90
38 8 90
8 10 140
10 8 140
8 65 593
65 8 593
8 29 671
29 8 671
8 25 191
25 8 191
8 19 247
19 8 247
8 55 284
55 8 284
8 56 626
56 8 626
8 67 215
67 8 215
8 16 917
16 8 917
8 36 290
36 8 290
8 37 883
37 8 883
9 11 704
11 9 704
9 26 913
26 9 913
9 51 492
51 9 492
9 53 402
53 9 402
9 50 394
50 9 394
9 61 357
61 9 357
9 70 568
70 9 568
9 66 771
66 9 771
9 44 938
44 9 938
9 64 762
64 9 762
9 42 312
42 9 312
10 16 778
16 10 778
10 21 31
21 10 31
10 41 930
41 10 930
10 35 7
35 10 7
10 29 288
29 10 288
10 15 546
15 10 546
10 40 185
40 10 185
10 66 332
66 10 332
10 28 832
28 10 832
10 45 201
45 10 201
10 61 621
61 10 621
11 20 60
20 11 60
11 24 668
24 11 668
11 47 757
47 11 757
11 15 910
15 11 910
11 68 344
68 11 344
11 65 957
65 11 957
11 72 900
72 11 900
11 62 318
62 11 318
11 39 291
39 11 291
11 30 720
30 11 720
12 27 897
27 12 897
12 64 134
64 12 134
12 38 475
38 12 475
12 40 203
40 12 203
12 49 111
49 12 111
12 30 741
30 12 741
12 70 280
70 12 280
12 52 858
52 12 858
12 55 384
55 12 384
13 38 871
38 13 871
13 42 25
42 13 25
13 63 34
63 13 34
13 60 298
60 13 298
13 30 22
30 13 22
13 67 753
67 13 753
14 28 308
28 14 308
14 22 125
22 14 125
14 22 201
22 14 201
14 64 158
64 14 158
14 43 40
43 14 40
15 73 460
73 15 460
15 20 575
20 15 575
15 36 765
36 15 765
15 58 577
58 15 577
15 28 760
28 15 760
15 61 804
61 15 804
15 40 697
40 15 697
16 38 989
38 16 989
16 64 775
64 16 775
16 71 881
71 16 881
16 30 183
30 16 183
16 27 688
27 16 688
16 30 281
30 16 281
16 38 737
38 16 737
16 48 162
48 16 162
16 28 713
28 16 713
16 24 703
24 16 703
16 47 124
47 16 124
16 31 497
31 16 497
17 45 504
45 17 504
17 73 881
73 17 881
17 60 339
60 17 339
17 61 956
61 17 956
17 41 263
41 17 263
17 34 348
34 17 348
17 51 170
51 17 170
17 24 921
24 17 921
17 71 227
71 17 227
17 44 754
44 17 754
17 52 926
52 17 926
17 61 824
61 17 824
18 40 818
40 18 818
18 43 753
43 18 753
18 41 379
41 18 379
18 23 383
23 18 383
18 29 719
29 18 719
18 72 103
72 18 103
18 65 992
65 18 992
19 23 974
23 19 974
19 68 144
68 19 144
19 74 605
74 19 605
19 29 282
29 19 282
19 38 528
38 19 528
19 60 323
60 19 323
20 43 736
43 20 736
20 62 948
62 20 948
21 29 208
29 21 208
21 58 709
58 21 709
21 47 653
47 21 653
21 52 496
52 21 496
21 49 850
49 21 850
21 60 44
60 21 44
21 46 912
46 21 912
21 70 122
70 21 122
21 66 704
66 21 704
22 61 835
61 22 835
22 35 611
35 22 611
22 45 189
45 22 189
22 63 538
63 22 538
22 29 783
29 22 783
22 37 886
37 22 886
22 45 571
45 22 571
22 67 949
67 22 949
23 52 591
52 23 591
23 53 276
53 23 276
23 52 806
52 23 806
23 58 657
58 23 657
23 41 798
41 23 798
23 48 951
48 23 951
24 42 384
42 24 384
24 67 298
67 24 298
24 59 441
59 24 441
24 69 1000
69 24 1000
24 51 927
51 24 927
24 34 176
34 24 176
24 27 122
27 24 122
24 66 429
66 24 429
24 56 215
56 24 215
24 27 173
27 24 173
24 68 957
68 24 957
25 48 207
48 25 207
25 31 467
31 25 467
25 47 134
47 25 134
25 33 259
33 25 259
25 38 95
38 25 95
25 52 223
52 25 223
25 44 560
44 25 560
25 30 663
30 25 663
25 61 215
61 25 215
25 73 380
73 25 380
25 51 707
51 25 707
26 33 708
33 26 708
26 34 310
34 26 310
26 73 334
73 26 334
26 46 478
46 26 478
26 59 736
59 26 736
26 73 829
73 26 829
26 54 476
54 26 476
26 70 992
70 26 992
27 35 717
35 27 717
27 36 98
36 27 98
27 36 831
36 27 831
27 33 581
33 27 581
27 35 898
35 27 898
27 27 992
27 27 992
27 63 904
63 27 904
27 34 602
34 27 602
27 28 122
28 27 122
27 32 771
32 27 771
28 43 601
43 28 601
28 44 543
44 28 543
28 72 660
72 28 660
28 46 968
46 28 968
28 60 703
60 28 703
28 60 445
60 28 445
29 47 819
47 29 819
29 58 193
58 29 193
29 35 459
35 29 459
30 36 477
36 30 477
30 66 26
66 30 26
30 59 988
59 30 988
30 47 969
47 30 969
30 64 963
64 30 963
31 68 807
68 31 807
31 43 979
43 31 979
31 66 574
66 31 574
31 46 845
46 31 845
31 72 217
72 31 217
31 56 128
56 31 128
32 44 32
44 32 32
32 64 950
64 32 950
32 65 427
65 32 427
33 39 184
39 33 184
33 66 135
66 33 135
33 61 483
61 33 483
33 50 883
50 33 883
33 64 657
64 33 657
33 66 208
66 33 208
33 67 328
67 33 328
33 68 678
68 33 678
33 49 208
49 33 208
34 62 601
62 34 601
34 40 226
40 34 226
34 52 518
52 34 518
34 61 568
61 34 568
34 38 124
38 34 124
35 49 718
49 35 718
35 44 517
44 35 517
35 72 139
72 35 139
35 72 943
72 35 943
36 65 607
65 36 607
36 37 159
37 36 159
36 59 410
59 36 410
36 37 33
37 36 33
37 50 693
50 37 693
37 57 103
57 37 103
37 47 685
47 37 685
37 63 515
63 37 515
37 57 972
57 37 972
37 58 680
58 37 680
37 50 739
50 37 739
37 63 498
63 37 498
38 44 293
44 38 293
38 62 897
62 38 897
39 55 401
55 39 401
39 41 89
41 39 89
39 54 214
54 39 214
39 60 556
60 39 556
40 42 102
42 40 102
40 51 60
51 40 60
40 45 112
45 40 112
40 58 1
58 40 1
40 60 618
60 40 618
40 40 635
40 40 635
40 55 895
55 40 895
41 67 991
67 41 991
41 41 214
41 41 214
41 74 23
74 41 23
41 58 22
58 41 22
41 56 985
56 41 985
42 42 29
42 42 29
42 54 124
54 42 124
42 72 435
72 42 435
42 56 440
56 42 440
42 59 116
59 42 116
43 46 246
46 43 246
43 45 668
45 43 668
43 56 778
56 43 778
43 63 840
63 43 840
43 55 332
55 43 332
43 52 312
52 43 312
44 49 630
49 44 630
44 45 881
45 44 881
44 70 928
70 44 928
45 56 923
56 45 923
45 47 402
47 45 402
45 60 7
60 45 7
45 52 29
52 45 29
45 64 122
64 45 122
46 68 838
68 46 838
46 74 948
74 46 948
49 53 193
53 49 193
49 50 112
50 49 112
50 60 801
60 50 801
51 71 663
71 51 663
51 71 638
71 51 638
51 56 1
56 51 1
51 57 835
57 51 835
51 74 788
74 51 788
51 64 861
64 51 861
52 54 74
54 52 74
52 73 63
73 52 63
52 59 690
59 52 690
53 65 747
65 53 747
54 58 569
58 54 569
54 69 121
69 54 121
54 54 404
54 54 404
54 60 51
60 54 51
54 54 828
54 54 828
55 70 187
70 55 187
55 61 234
61 55 234
56 70 268
70 56 268
56 70 303
70 56 303
57 71 397
71 57 397
57 72 456
72 57 456
58 73 881
73 58 881
58 67 294
67 58 294
58 58 577
58 58 577
58 65 29
65 58 29
58 71 253
71 58 253
58 68 25
68 58 25
59 64 166
64 59 166
59 70 944
70 59 944
59 62 122
62 59 122
59 62 297
62 59 297
60 62 132
62 60 132
60 67 3
67 60 3
61 66 23
66 61 23
62 74 96
74 62 96
64 69 305
69 64 305
66 74 695
74 66 695
67 71 485
71 67 485
68 69 854
69 68 854
68 70 996
70 68 996
68 73 339
73 68 339
68 74 139
74 68 139
71 71 605
71 71 605
71 74 863
74 71 863
71 73 40
73 71 40
71 74 449
74 71 449
