90

0 1 656
1 0 656
0 2 393
2 0 393
0 57 964
57 0 964
0 87 990
87 0 990
0 22 387
22 0 387
0 58 206
58 0 206
0 7 664
7 0 664
0 30 543
30 0 543
0 26 136
26 0 136
0 65 82
65 0 82
0 61 66
61 0 66
0 22 82
22 0 82
0 38 540
38 0 540
0 56 857
56 0 857
0 78 807
78 0 807
0 70 505
70 0 505
1 3 350
3 1 350
1 6 223
6 1 223
1 46 461
46 1 461
1 62 381
62 1 381
1 7 461
7 1 461
1 56 502
56 1 502
1 8 207
8 1 207
1 31 78
31 1 78
1 59 543
59 1 543
1 53 830
53 1 830
1 43 705
43 1 705
1 7 551
7 1 551
1 7 90
7 1 90
1 58 673
58 1 673
1 86 301
86 1 301
1 77 616
77 1 616
1 68 379
68 1 379
1 18 129
18 1 129
1 13 331
13 1 331
1 61 807
61 1 807
1 37 835
37 1 835
2 8 571
8 2 571
2 13 729
13 2 729
2 24 845
24 2 845
2 52 749
52 2 749
2 64 62
64 2 62
2 19 55
19 2 55
2 12 186
12 2 186
2 50 949
50 2 949
2 69 541
69 2 541
2 7 936
7 2 936
2 3 847
3 2 847
2 37 308
37 2 308
2 74 125
74 2 125
2 42 429
42 2 429
2 82 463
82 2 463
2 68 403
68 2 403
2 48 494
48 2 494
2 58 247
58 2 247
3 4 902
4 3 902
3 5 636
5 3 636
3 12 101
12 3 101
3 17 198
17 3 198
3 38 506
38 3 506
3 39 17
39 3 17
3 70 426
70 3 426
3 12 219
12 3 219
3 68 473
68 3 473
3 85 197
85 3 197
3 85 398
85 3 398
3 89 141
89 3 141
3 49 985
49 3 985
3 51 824
51 3 824
3 38 731
38 3 731
3 89 14
89 3 14
3 83 48
83 3 48
3 53 538
53 3 538
4 14 476
14 4 476
4 15 360
15 4 360
4 33 227
33 4 227
4 23 848
23 4 848
4 66 109
66 4 109
4 51 806
51 4 806
4 18 459
18 4 459
4 63 888
63 4 888
4 64 886
64 4 886
4 41 376
41 4 376
4 20 822
20 4 822
4 43 97
43 4 97
4 41 847
41 4 847
4 38 175
38 4 175
4 25 295
25 4 295
4 52 421
52 4 421
5 11 515
11 5 515
5 19 80
19 5 80
5 27 516
27 5 516
5 74 6
74 5 6
5 80 77
80 5 77
5 7 858
7 5 858
5 22 936
22 5 936
5 74 887
74 5 887
5 25 930
25 5 930
5 15 926
15 5 926
5 66 252
66 5 252
5 39 736
39 5 736
5 8 207
8 5 207
5 76 11
76 5 11
5 29 713
29 5 713
5 78 334
78 5 334
5 26 124
26 5 124
5 73 702
73 5 702
5 79 927
79 5 927
5 7 977
7 5 977
6 7 121
7 6 121
6 9 387
9 6 387
6 82 278
82 6 278
6 62 223
62 6 223
6 82 730
82 6 730
6 70 379
70 6 379
6 85 193
85 6 193
6 21 154
21 6 154
6 53 883
53 6 883
6 31 735
31 6 735
6 35 689
35 6 689
6 58 83
58 6 83
6 54 347
54 6 347
6 26 989
26 6 989
6 66 269
66 6 269
6 55 57
55 6 57
6 69 930
69 6 930
6 85 390
85 6 390
6 36 47
36 6 47
6 17 364
17 6 364
6 58 98
58 6 98
7 37 314
37 7 314
7 56 664
56 7 664
7 49 641
49 7 641
7 73 891
73 7 891
7 36 178
36 7 178
7 75 35
75 7 35
7 89 873
89 7 873
7 86 933
86 7 933
7 61 495
61 7 495
7 53 223
53 7 223
7 18 766
18 7 766
7 18 962
18 7 962
7 24 102
24 7 102
7 72 960
72 7 960
7 58 79
58 7 79
7 67 701
67 7 701
7 54 614
54 7 614
7 49 537
49 7 537
7 73 875
73 7 875
7 8 268
8 7 268
7 26 169
26 7 169
8 45 84
45 8 84
8 68 375
68 8 375
8 47 441
47 8 441
8 22 229
22 8 229
8 65 684
65 8 684
8 67 181
67 8 181
8 47 230
47 8 230
8 12 454
12 8 454
8 81 192
81 8 192
8 65 231
65 8 231
8 69 426
69 8 426
8 22 73
22 8 73
8 86 14
86 8 14
8 10 372
10 8 372
8 52 872
52 8 872
8 20 256
20 8 256
8 22 194
22 8 194
9 10 245
10 9 245
9 32 616
32 9 616
9 88 488
88 9 488
9 45 580
45 9 580
9 62 322
62 9 322
9 49 740
49 9 740
9 65 735
65 9 735
9 76 598
76 9 598
9 19 748
19 9 748
9 29 679
29 9 679
9 21 93
21 9 93
9 69 171
69 9 171
9 32 731
32 9 731
9 65 601
65 9 601
9 57 969
57 9 969
9 60 665
60 9 665
10 30 604
30 10 604
10 36 105
36 10 105
10 59 538
59 10 538
10 88 479
88 10 479
10 88 622
88 10 622
10 20 44
20 10 44
10 57 666
57 10 666
10 64 123
64 10 123
10 55 157
55 10 157
10 73 375
73 10 375
10 73 458
73 10 458
10 55 629
55 10 629
10 78 211
78 10 211
10 68 667
68 10 667
11 16 382
16 11 382
11 26 361
26 11 361
11 53 649
53 11 649
11 21 229
21 11 229
11 55 294
55 11 294
11 76 544
76 11 544
11 24 747
24 11 747
11 39 75
39 11 75
11 81 196
81 11 196
11 55 551
55 11 551
11 82 385
82 11 385
11 50 61
50 11 61
11 22 28
22 11 28
12 18 451
18 12 451
12 35 935
35 12 935
12 47 903
47 12 903
12 73 803
73 12 803
12 22 648
22 12 648
12 47 186
47 12 186
12 49 38
49 12 38
12 70 916
70 12 916
12 72 345
72 12 345
12 76 125
76 12 125
12 21 151
21 12 151
12 79 737
79 12 737
12 40 928
40 12 928
13 22 404
22 13 404
13 25 409
25 13 409
13 57 338
57 13 338
13 56 554
56 13 554
13 73 178
73 13 178
13 29 172
29 13 172
13 60 34
60 13 34
13 60 748
60 13 748
13 81 35
81 13 35
13 20 265
20 13 265
13 18 182
18 13 182
13 69 883
69 13 883
13 47 159
47 13 159
13 22 369
22 13 369
14 20 259
20 14 259
14 21 354
21 14 354
14 72 2
72 14 2
14 16 417
16 14 417
14 54 711
54 14 711
14 44 350
44 14 350
14 37 852
37 14 852
14 53 711
53 14 711
15 28 132
28 15 132
15 78 695
78 15 695
15 83 720
83 15 720
15 40 630
40 15 630
15 66 688
66 15 688
15 55 173
55 15 173
15 26 496
26 15 496
15 66 223
66 15 223
15 35 163
35 15 163
15 23 14
23 15 14
15 49 242
49 15 242
15 77 587
77 15 587
15 48 591
48 15 591
16 64 182
64 16 182
16 54 887
54 16 887
16 77 532
77 16 532
16 65 761
65 16 761
16 20 927
20 16 927
16 32 311
32 16 311
16 40 988
40 16 988
16 73 338
73 16 338
16 22 36
22 16 36
16 34 141
34 16 141
16 51 62
51 16 62
16 40 290
40 16 290
16 80 72
80 16 72
16 75 862
75 16 862
17 41 438
41 17 438
17 76 747
76 17 747
17 55 476
55 17 476
17 22 383
22 17 383
17 52 259
52 17 259
17 66 175
66 17 175
17 39 766
39 17 766
17 31 494
31 17 494
17 67 922
67 17 922
17 85 977
85 17 977
17 64 542
64 17 542
17 68 532
68 17 532
18 42 555
42 18 555
18 38 513
38 18 513
18 80 696
80 18 696
18 33 850
33 18 850
18 51 252
51 18 252
18 19 405
19 18 405
18 49 86
49 18 86
18 25 314
25 18 314
18 88 106
88 18 106
18 82 890
82 18 890
18 60 816
60 18 816
18 34 983
34 18 983
18 42 803
42 18 803
18 71 719
71 18 719
18 35 171
35 18 171
18 51 901
51 18 901
19 71 120
71 19 120
19 20 180
20 19 180
19 51 389
51 19 389
19 49 398
49 19 398
19 77 741
77 19 741
19 51 540
51 19 540
19 54 524
54 19 524
19 25 466
25 19 466
19 72 214
72 19 214
19 84 815
84 19 815
19 28 749
28 19 749
19 42 453
42 19 453
20 47 348
47 20 348
20 63 267
63 20 267
20 74 948
74 20 948
20 36 450
36 20 450
20 53 323
53 20 323
20 80 877
80 20 877
20 82 582
82 20 582
20 44 191
44 20 191
21 23 847
23 21 847
21 29 348
29 21 348
21 31 871
31 21 871
21 26 895
26 21 895
21 78 501
78 21 501
21 44 25
44 21 25
21 38 256
38 21 256
21 56 226
56 21 226
21 40 181
40 21 181
21 89 534
89 21 534
21 87 429
87 21 429
21 35 800
35 21 800
22 33 184
33 22 184
22 48 313
48 22 313
22 86 541
86 22 541
22 63 294
63 22 294
22 66 267
66 22 267
22 70 936
70 22 936
22 42 536
42 22 536
22 53 100
53 22 100
22 82 695
82 22 695
22 54 539
54 22 539
22 63 77
63 22 77
22 76 211
76 22 211
22 40 521
40 22 521
22 75 713
75 22 713
22 64 967
64 22 967
22 37 745
37 22 745
22 75 862
75 22 862
22 65 209
65 22 209
23 50 810
50 23 810
23 67 709
67 23 709
23 54 959
54 23 959
23 62 567
62 23 567
23 29 888
29 23 888
23 76 470
76 23 470
23 73 292
73 23 292
23 82 69
82 23 69
23 53 669
53 23 669
23 24 464
24 23 464
23 38 923
38 23 923
23 77 41
77 23 41
24 43 997
43 24 997
24 74 313
74 24 313
24 86 832
86 24 832
24 65 511
65 24 511
24 51 928
51 24 928
24 44 264
44 24 264
24 47 882
47 24 882
24 33 86
33 24 86
24 85 774
85 24 774
24 87 696
87 24 696
25 80 260
80 25 260
25 85 977
85 25 977
25 31 968
31 25 968
25 59 866
59 25 866
25 65 897
65 25 897
25 83 657
83 25 657
25 47 259
47 25 259
25 25 385
25 25 385
26 61 910
61 26 910
26 75 114
75 26 114
26 62 15
62 26 15
26 56 404
56 26 404
26 71 689
71 26 689
26 48 261
48 26 261
26 67 557
67 26 557
26 87 866
87 26 866
26 74 954
74 26 954
26 83 151
83 26 151
27 44 725
44 27 725
27 59 197
59 27 197
27 40 986
40 27 986
27 36 759
36 27 759
27 82 774
82 27 774
27 48 419
48 27 419
27 48 685
48 27 685
27 55 666
55 27 666
27 89 694
89 27 694
28 34 991
34 28 991
28 49 21
49 28 21
28 76 325
76 28 325
28 79 361
79 28 361
28 64 733
64 28 733
28 62 435
62 28 435
28 54 565
54 28 565
28 46 877
46 28 877
28 69 491
69 28 491
28 43 987
43 28 987
28 34 224
34 28 224
28 49 14
49 28 14
28 80 619
80 28 619
28 39 288
39 28 288
29 50 175
50 29 175
29 81 685
81 29 685
29 72 190
72 29 190
29 54 133
54 29 133
29 72 675
72 29 675
29 48 3
48 29 3
29 43 610
43 29 610
30 81 291
81 30 291
30 86 69
86 30 69
30 40 615
40 30 615
30 80 256
80 30 256
30 31 960
31 30 960
30 65 512
65 30 512
30 72 95
72 30 95
30 57 247
57 30 247
30 49 671
49 30 671
30 50 835
50 30 835
30 53 902
53 30 902
30 76 206
76 30 206
30 59 186
59 30 186
30 40 492
40 30 492
30 37 532
37 30 532
31 40 227
40 31 227
31 88 820
88 31 820
31 46 160
46 31 160
31 58 184
58 31 184
31 69 849
69 31 849
31 60 371
60 31 371
31 57 678
57 31 678
31 81 785
81 31 785
31 40 760
40 31 760
31 33 893
33 31 893
31 65 876
65 31 876
31 71 444
71 31 444
31 77 60
77 31 60
31 84 714
84 31 714
32 71 959
71 32 959
32 88 613
88 32 613
32 87 893
87 32 893
32 79 162
79 32 162
32 83 894
83 32 894
32 56 430
56 32 430
32 84 155
84 32 155
32 49 223
49 32 223
33 65 659
65 33 659
33 66 219
66 33 219
33 47 8
47 33 8
33 88 57
88 33 57
33 52 437
52 33 437
33 58 648
58 33 648
33 68 841
68 33 841
33 39 734
39 33 734
34 71 84
71 34 84
34 87 803
87 34 803
34 48 453
48 34 453
34 41 95
41 34 95
34 57 181
57 34 181
34 54 610
54 34 610
34 43 793
43 34 793
34 74 191
74 34 191
34 68 964
68 34 964
34 73 162
73 34 162
35 67 780
67 35 780
35 68 593
68 35 593
35 67 606
67 35 606
35 88 642
88 35 642
35 46 202
46 35 202
35 54 321
54 35 321
35 42 498
42 35 498
35 74 575
74 35 575
35 66 223
66 35 223
35 72 33
72 35 33
36 61 666
61 36 666
36 57 624
57 36 624
36 60 533
60 36 533
36 81 410
81 36 410
36 76 532
76 36 532
36 43 851
43 36 851
36 52 607
52 36 607
36 77 543
77 36 543
36 67 393
67 36 393
37 89 937
89 37 937
37 54 301
54 37 301
37 57 175
57 37 175
37 54 475
54 37 475
37 67 355
67 37 355
37 50 628
50 37 628
37 87 960
87 37 960
37 59 749
59 37 749
38 54 802
54 38 802
38 73 776
73 38 776
38 83 986
83 38 986
38 76 107
76 38 107
38 70 281
70 38 281
38 62 434
62 38 434
38 81 255
81 38 255
38 63 286
63 38 286
38 50 885
50 38 885
38 79 423
79 38 423
38 44 899
44 38 899
39 60 454
60 39 454
39 72 185
72 39 185
39 89 744
89 39 744
39 86 141
86 39 141
39 69 435
69 39 435
39 40 87
40 39 87
39 65 304
65 39 304
39 67 893
67 39 893
39 57 678
57 39 678
39 54 671
54 39 671
39 82 214
82 39 214
39 44 690
44 39 690
39 69 962
69 39 962
39 85 601
85 39 601
39 74 683
74 39 683
39 47 131
47 39 131
39 51 904
51 39 904
39 65 505
65 39 505
39 74 487
74 39 487
40 75 749
75 40 749
40 89 398
89 40 398
40 54 489
54 40 489
40 79 878
79 40 878
40 58 540
58 40 540
40 85 335
85 40 335
40 73 666
73 40 666
40 88 230
88 40 230
40 61 886
61 40 886
40 86 267
86 40 267
40 57 727
57 40 727
41 81 761
81 41 761
41 64 928
64 41 928
41 88 816
88 41 816
41 52 14
52 41 14
41 67 778
67 41 778
41 88 723
88 41 723
41 89 471
89 41 471
41 83 358
83 41 358
41 73 985
73 41 985
42 44 85
44 42 85
42 67 534
67 42 534
42 78 287
78 42 287
43 51 720
51 43 720
43 83 62
83 43 62
43 48 537
48 43 537
43 46 352
46 43 352
43 83 541
83 43 541
43 51 681
51 43 681
43 48 908
48 43 908
43 68 738
68 43 738
43 89 99
89 43 99
43 46 401
46 43 401
43 69 342
69 43 342
43 69 363
69 43 363
43 58 85
58 43 85
43 48 491
48 43 491
44 89 793
89 44 793
44 68 49
68 44 49
44 81 198
81 44 198
44 72 501
72 44 501
44 80 524
80 44 524
44 79 921
79 44 921
44 75 133
75 44 133
45 87 110
87 45 110
45 71 465
71 45 465
45 54 522
54 45 522
45 88 324
88 45 324
45 81 435
81 45 435
45 61 878
61 45 878
45 49 877
49 45 877
45 54 112
54 45 112
45 88 102
88 45 102
46 55 395
55 46 395
46 88 1000
88 46 1000
46 75 640
75 46 640
46 62 775
62 46 775
46 88 203
88 46 203
46 47 27
47 46 27
46 71 94
71 46 94
46 55 754
55 46 754
46 84 498
84 46 498
46 59 713
59 46 713
46 50 336
50 46 336
47 58 371
58 47 371
47 70 989
70 47 989
47 64 518
64 47 518
47 66 378
66 47 378
47 89 453
89 47 453
47 58 29
58 47 29
47 71 590
71 47 590
48 58 580
58 48 580
48 49 869
49 48 869
48 67 556
67 48 556
49 63 166
63 49 166
49 86 739
86 49 739
49 89 40
89 49 40
49 74 435
74 49 435
49 54 947
54 49 947
49 60 12
60 49 12
49 88 334
88 49 334
49 83 373
83 49 373
49 81 657
81 49 657
50 55 919
55 50 919
50 82 500
82 50 500
50 56 10
56 50 10
50 85 258
85 50 258
50 60 279
60 50 279
50 75 1
75 50 1
50 55 109
55 50 109
50 71 788
71 50 788
50 72 126
72 50 126
50 74 38
74 50 38
50 85 724
85 50 724
51 77 468
77 51 468
51 77 405
77 51 405
51 84 809
84 51 809
51 66 517
66 51 517
51 70 774
70 51 774
51 65 996
65 51 996
51 69 74
69 51 74
52 86 611
86 52 611
52 67 15
67 52 15
52 88 361
88 52 361
52 53 663
53 52 663
52 66 221
66 52 221
52 52 897
52 52 897
53 69 889
69 53 889
53 80 476
80 53 476
53 84 97
84 53 97
53 70 129
70 53 129
53 58 81
58 53 81
54 66 194
66 54 194
54 68 271
68 54 271
54 62 318
62 54 318
54 67 24
67 54 24
54 64 118
64 54 118
55 82 659
82 55 659
56 58 229
58 56 229
56 68 429
68 56 429
56 64 605
64 56 605
56 66 587
66 56 587
56 62 798
62 56 798
56 71 950
71 56 950
56 78 790
78 56 790
56 73 589
73 56 589
57 62 862
62 57 862
57 79 757
79 57 757
57 61 95
61 57 95
57 74 867
74 57 867
57 64 380
64 57 380
57 63 911
63 57 911
57 75 245
75 57 245
58 61 772
61 58 772
58 71 631
71 58 631
58 88 355
88 58 355
58 64 769
64 58 769
58 79 95
79 58 95
58 81 895
81 58 895
59 88 620
88 59 620
59 63 401
63 59 401
59 67 696
67 59 696
59 89 400
89 59 400
59 71 47
71 59 47
59 62 981
62 59 981
59 77 450
77 59 450
60 85 965
85 60 965
60 60 942
60 60 942
60 83 128
83 60 128
61 62 57
62 61 57
61 86 231
86 61 231
61 89 235
89 61 235
61 70 172
70 61 172
61 66 768
66 61 768
61 71 696
71 61 696
61 75 948
75 61 948
61 82 196
82 61 196
62 70 403
70 62 403
62 64 875
64 62 875
62 76 448
76 62 448
62 62 896
62 62 896
62 76 283
76 62 283
62 85 978
85 62 978
62 82 768
82 62 768
62 63 854
63 62 854
63 82 356
82 63 356
63 87 633
87 63 633
63 68 373
68 63 373
63 87 74
87 63 74
63 84 568
84 63 568
63 85 955
85 63 955
64 79 206
79 64 206
64 64 557
64 64 557
64 79 157
79 64 157
65 65 727
65 65 727
65 86 219
86 65 219
65 73 879
73 65 879
65 79 122
79 65 122
66 73 424
73 66 424
66 79 927
79 66 927
66 89 806
89 66 806
67 69 160
69 67 160
67 79 648
79 67 648
67 81 23
81 67 23
67 72 290
72 67 290
67 83 32
83 67 32
67 80 270
80 67 270
67 75 870
75 67 870
67 77 527
77 67 527
67 78 308
78 67 308
68 84 594
84 68 594
68 75 973
75 68 973
68 73 146
73 68 146
69 72 943
72 69 943
69 74 435
74 69 435
70 87 55
87 70 55
70 86 163
86 70 163
70 82 125
82 70 125
71 77 360
77 71 360
71 80 392
80 71 392
71 78 87
78 71 87
71 71 340
71 71 340
72 74 330
74 72 330
72 86 608
86 72 608
73 82 211
82 73 211
73 84 113
84 73 113
73 88 334
88 73 334
73 79 473
79 73 473
73 79 894
79 73 894
73 89 97
89 73 97
73 83 270
83 73 270
74 75 568
75 74 568
74 82 247
82 74 247
74 74 281
74 74 281
75 79 970
79 75 970
75 83 180
83 75 180
76 79 1
79 76 1
76 84 453
84 76 453
76 84 243
84 76 243
76 80 401
80 76 401
76 86 917
86 76 917
76 86 418
86 76 418
77 84 233
84 77 233
78 82 889
82 78 889
79 84 454
84 79 454
80 81 568
81 80 568
80 86 240
86 80 240
82 85 543
85 82 543
82 87 886
87 82 886
84 87 940
87 84 940
84 89 337
89 84 337
84 88 494
88 84 494
