83

0 1 273
1 0 273
0 3 78
3 0 78
0 5 975
5 0 975
0 35 253
35 0 253
0 57 243
57 0 243
0 75 186
75 0 186
0 78 112
78 0 112
0 20 211
20 0 211
0 75 281
75 0 281
0 58 200
58 0 200
0 50 808
50 0 808
0 65 361
65 0 361
1 2 460
2 1 460
1 6 70
6 1 70
1 18 3
18 1 3
1 71 749
71 1 749
1 68 241
68 1 241
1 57 853
57 1 853
1 31 399
31 1 399
1 57 591
57 1 591
2 4 357
4 2 357
2 7 317
7 2 317
2 14 706
14 2 706
2 34 954
34 2 954
2 41 787
41 2 787
2 47 961
47 2 961
2 49 393
49 2 393
2 29 681
29 2 681
3 11 120
11 3 120
3 28 292
28 3 292
3 41 996
41 3 996
3 51 245
51 3 245
3 50 409
50 3 409
3 60 263
60 3 263
3 24 113
24 3 113
3 16 636
16 3 636
3 8 667
8 3 667
4 17 913
17 4 913
4 24 498
24 4 498
4 27 152
27 4 152
4 63 198
63 4 198
4 75 590
75 4 590
4 72 872
72 4 872
4 64 757
64 4 757
4 27 690
27 4 690
4 9 425
9 4 425
5 25 424
25 5 424
5 29 530
29 5 530
5 10 342
10 5 342
5 59 781
59 5 781
5 66 512
66 5 512
5 70 642
70 5 642
6 12 611
12 6 611
6 19 619
19 6 619
6 16 523
16 6 523
6 42 796
42 6 796
6 16 836
16 6 836
6 69 203
69 6 203
6 81 574
81 6 574
7 8 367
8 7 367
7 9 736
9 7 736
7 44 130
44 7 130
7 61 618
61 7 618
7 69 128
69 7 128
7 16 693
16 7 693
7 34 127
34 7 127
8 10 563
10 8 563
8 13 19
13 8 19
8 49 444
49 8 444
8 50 657
50 8 657
8 18 9
18 8 9
8 42 921
42 8 921
8 35 803
35 8 803
8 45 893
45 8 893
9 16 932
16 9 932
9 51 124
51 9 124
9 53 92
53 9 92
10 26 967
26 10 967
10 55 356
55 10 356
11 74 590
74 11 590
11 76 257
76 11 257
11 77 908
77 11 908
11 59 487
59 11 487
11 42 456
42 11 456
11 31 57
31 11 57
12 73 466
73 12 466
12 31 637
31 12 637
12 18 343
18 12 343
12 32 23
32 12 23
12 17 716
17 12 716
12 47 847
47 12 847
12 30 740
30 12 740
12 16 303
16 12 303
12 27 355
27 12 355
12 70 572
70 12 572
13 31 58
31 13 58
13 82 606
82 13 606
13 43 528
43 13 528
13 53 976
53 13 976
13 75 60
75 13 60
13 62 646
62 13 646
13 69 38
69 13 38
13 76 693
76 13 693
13 37 256
37 13 256
13 74 33
74 13 33
14 15 765
15 14 765
14 40 116
40 14 116
14 57 113
57 14 113
14 31 936
31 14 936
15 22 510
22 15 510
15 71 167
71 15 167
15 49 577
49 15 577
15 76 162
76 15 162
15 57 747
57 15 747
16 23 408
23 16 408
16 37 974
37 16 974
16 45 444
45 16 444
17 20 365
20 17 365
17 64 481
64 17 481
17 67 431
67 17 431
17 41 927
41 17 927
17 36 174
36 17 174
17 40 581
40 17 581
18 43 314
43 18 314
18 39 185
39 18 185
18 53 154
53 18 154
18 66 113
66 18 113
19 26 63
26 19 63
19 36 300
36 19 300
19 50 513
50 19 513
19 53 482
53 19 482
19 25 80
25 19 80
19 26 985
26 19 985
19 32 109
32 19 109
19 67 384
67 19 384
19 30 721
30 19 721
20 21 658
21 20 658
20 30 217
30 20 217
20 81 62
81 20 62
20 53 147
53 20 147
20 59 837
59 20 837
20 67 628
67 20 628
21 48 751
48 21 751
21 53 776
53 21 776
22 52 842
52 22 842
22 71 861
71 22 861
22 73 929
73 22 929
22 42 813
42 22 813
23 58 315
58 23 315
23 34 221
34 23 221
23 44 835
44 23 835
24 78 371
78 24 371
24 52 274
52 24 274
24 59 38
59 24 38
24 41 190
41 24 190
25 33 738
33 25 738
25 74 805
74 25 805
25 78 626
78 25 626
25 36 322
36 25 322
26 72 334
72 26 334
26 36 142
36 26 142
26 38 177
38 26 177
26 42 806
42 26 806
27 31 572
31 27 572
27 52 162
52 27 162
27 40 226
40 27 226
28 62 38
62 28 38
28 53 117
53 28 117
28 79 46
79 28 46
29 52 837
52 29 837
29 43 278
43 29 278
29 63 805
63 29 805
29 57 415
57 29 415
30 32 500
32 30 500
30 38 965
38 30 965
30 46 507
46 30 507
30 55 938
55 30 938
30 43 325
43 30 325
30 34 397
34 30 397
30 73 321
73 30 321
30 53 756
53 30 756
31 47 850
47 31 850
31 55 280
55 31 280
31 40 258
40 31 258
31 37 83
37 31 83
31 66 498
66 31 498
32 40 793
40 32 793
32 57 624
57 32 624
33 82 364
82 33 364
33 62 706
62 33 706
33 70 147
70 33 147
34 81 116
81 34 116
34 44 192
44 34 192
34 68 680
68 34 680
34 81 747
81 34 747
34 66 887
66 34 887
34 51 213
51 34 213
35 48 834
48 35 834
35 77 314
77 35 314
35 51 691
51 35 691
35 82 828
82 35 828
36 79 367
79 36 367
36 56 846
56 36 846
36 58 88
58 36 88
36 36 553
36 36 553
36 82 838
82 36 838
37 39 372
39 37 372
37 39 111
39 37 111
37 38 593
38 37 593
37 71 810
71 37 810
39 55 213
55 39 213
40 42 968
42 40 968
40 54 225
54 40 225
41 45 513
45 41 513
41 77 362
77 41 362
42 80 536
80 42 536
42 62 814
62 42 814
43 54 742
54 43 742
43 81 766
81 43 766
43 81 699
81 43 699
43 78 707
78 43 707
43 50 518
50 43 518
43 44 640
44 43 640
44 82 634
82 44 634
45 59 726
59 45 726
45 66 256
66 45 256
45 68 162
68 45 162
46 72 764
72 46 764
46 70 157
70 46 157
47 63 373
63 47 373
47 65 944
65 47 944
47 66 463
66 47 463
47 80 963
80 47 963
48 49 367
49 48 367
48 56 102
56 48 102
48 68 165
68 48 165
48 71 237
71 48 237
49 61 420
61 49 420
49 54 514
54 49 514
50 55 72
55 50 72
50 70 294
70 50 294
50 67 80
67 50 80
51 60 511
60 51 511
51 72 784
72 51 784
51 67 761
67 51 761
51 81 863
81 51 863
51 55 695
55 51 695
52 73 160
73 52 160
52 73 799
73 52 799
54 57 800
57 54 800
55 75 695
75 55 695
55 56 712
56 55 712
57 65 348
65 57 348
57 74 128
74 57 128
57 68 818
68 57 818
59 77 570
77 59 570
60 73 119
73 60 119
61 70 716
70 61 716
61 75 896
75 61 896
62 67 511
67 62 511
62 63 863
63 62 863
62 64 298
64 62 298
62 75 751
75 62 751
63 77 853
77 63 853
64 70 12
70 64 12
65 79 821
79 65 821
66 69 998
69 66 998
66 80 302
80 66 302
66 71 782
71 66 782
67 71 720
71 67 720
67 75 907
75 67 907
67 75 86
75 67 86
68 74 807
74 68 807
68 78 553
78 68 553
69 75 199
75 69 199
70 81 710
81 70 710
71 82 84
82 71 84
71 76 583
76 71 583
72 73 965
73 72 965
73 80 32
80 73 32
73 78 178
78 73 178
74 80 260
80 74 260
74 80 35
80 74 35
76 79 438
79 76 438
76 82 288
82 76 288
