31

0 1 877
1 0 877
0 2 547
2 0 547
0 19 591
19 0 591
0 3 830
3 0 830
0 5 47
5 0 47
0 8 545
8 0 545
0 20 83
20 0 83
0 28 580
28 0 580
0 24 866
24 0 866
0 19 59
19 0 59
0 20 852
20 0 852
0 27 41
27 0 41
0 11 922
11 0 922
1 3 378
3 1 378
1 4 737
4 1 737
1 5 602
5 1 602
1 18 584
18 1 584
1 27 891
27 1 891
1 9 998
9 1 998
2 9 393
9 2 393
2 21 672
21 2 672
2 29 993
29 2 993
3 25 83
25 3 83
3 19 223
19 3 223
3 19 638
19 3 638
4 6 282
6 4 282
4 27 921
27 4 921
4 11 657
11 4 657
4 16 232
16 4 232
4 17 217
17 4 217
4 15 705
15 4 705
5 14 478
14 5 478
5 21 804
21 5 804
5 25 972
25 5 972
5 24 692
24 5 692
5 22 696
22 5 696
5 7 801
7 5 801
5 15 184
15 5 184
5 9 802
9 5 802
5 23 727
23 5 727
6 7 164
7 6 164
6 15 150
15 6 150
6 17 673
17 6 673
6 26 918
26 6 918
6 16 721
16 6 721
6 26 679
26 6 679
6 10 146
10 6 146
6 9 286
9 6 286
6 26 207
26 6 207
6 14 963
14 6 963
6 9 788
9 6 788
6 14 35
14 6 35
6 7 669
7 6 669
7 8 100
8 7 100
7 13 587
13 7 587
7 23 294
23 7 294
7 20 665
20 7 665
7 17 402
17 7 402
8 9 796
9 8 796
8 25 871
25 8 871
8 17 293
17 8 293
8 22 329
22 8 329
8 23 219
23 8 219
9 10 24
10 9 24
9 20 786
20 9 786
9 27 919
27 9 919
9 29 649
29 9 649
9 17 545
17 9 545
9 16 250
16 9 250
10 11 435
11 10 435
10 12 289
12 10 289
10 13 51
13 10 51
10 17 344
17 10 344
11 22 752
22 11 752
11 23 239
23 11 239
11 26 795
26 11 795
11 12 442
12 11 442
11 19 471
19 11 471
11 29 508
29 11 508
11 13 315
13 11 315
11 20 459
20 11 459
11 11 946
11 11 946
11 15 461
15 11 461
12 26 521
26 12 521
12 17 760
17 12 760
12 19 390
19 12 390
12 24 362
24 12 362
13 25 92
25 13 92
13 27 770
27 13 770
13 21 323
21 13 323
14 16 445
16 14 445
14 27 611
27 14 611
14 20 952
20 14 952
14 19 341
19 14 341
14 14 25
14 14 25
15 24 297
24 15 297
15 26 183
26 15 183
15 22 780
22 15 780
15 28 678
28 15 678
16 29 428
29 16 428
16 28 374
28 16 374
17 19 109
19 17 109
17 24 933
24 17 933
18 24 12
24 18 12
19 26 550
26 19 550
19 24 317
24 19 317
20 28 944
28 20 944
20 26 563
26 20 563
21 30 472
30 21 472
22 30 902
30 22 902
22 30 728
30 22 728
22 28 172
28 22 172
22 23 648
23 22 648
23 27 270
27 23 270
23 30 741
30 23 741
24 28 821
28 24 821
26 28 96
28 26 96
28 30 247
30 28 247
28 30 667
30 28 667
