73

0 1 46
1 0 46
0 4 386
4 0 386
0 6 892
6 0 892
0 8 703
8 0 703
0 71 687
71 0 687
0 43 292
43 0 292
0 47 222
47 0 222
0 7 583
7 0 583
0 14 890
14 0 890
0 32 20
32 0 20
0 19 763
19 0 763
0 19 595
19 0 595
0 7 87
7 0 87
0 54 353
54 0 353
1 2 322
2 1 322
1 3 338
3 1 338
1 11 702
11 1 702
1 16 194
16 1 194
1 19 887
19 1 887
1 22 753
22 1 753
1 29 507
29 1 507
1 53 150
53 1 150
1 61 649
61 1 649
1 65 557
65 1 557
1 14 785
14 1 785
2 72 403
72 2 403
2 43 840
43 2 840
2 44 270
44 2 270
2 58 8
58 2 8
2 20 291
20 2 291
2 67 112
67 2 112
2 54 435
54 2 435
2 44 961
44 2 961
3 5 979
5 3 979
3 7 533
7 3 533
3 42 240
42 3 240
3 52 902
52 3 902
3 26 775
26 3 775
3 8 996
8 3 996
3 39 95
39 3 95
3 26 404
26 3 404
3 15 144
15 3 144
3 72 983
72 3 983
3 33 524
33 3 524
3 7 83
7 3 83
4 41 571
41 4 571
4 49 778
49 4 778
4 52 59
52 4 59
4 54 778
54 4 778
4 34 644
34 4 644
4 69 458
69 4 458
4 28 506
28 4 506
5 14 251
14 5 251
5 20 955
20 5 955
5 25 349
25 5 349
5 46 253
46 5 253
5 25 830
25 5 830
5 12 72
12 5 72
5 66 287
66 5 287
5 58 81
58 5 81
6 9 298
9 6 298
6 15 371
15 6 371
6 26 973
26 6 973
6 35 772
35 6 772
6 18 978
18 6 978
6 10 444
10 6 444
6 34 86
34 6 86
6 17 823
17 6 823
6 70 172
70 6 172
6 38 821
38 6 821
7 12 93
12 7 93
7 13 900
13 7 900
7 23 723
23 7 723
7 56 738
56 7 738
7 26 471
26 7 471
7 21 321
21 7 321
7 69 824
69 7 824
7 17 75
17 7 75
7 65 334
65 7 334
8 10 494
10 8 494
8 21 861
21 8 861
8 31 852
31 8 852
8 53 847
53 8 847
8 32 912
32 8 912
8 54 419
54 8 419
8 19 198
19 8 198
8 62 389
62 8 389
8 16 959
16 8 959
8 30 643
30 8 643
9 32 943
32 9 943
9 20 719
20 9 719
9 65 548
65 9 548
9 50 6
50 9 6
9 41 932
41 9 932
9 68 523
68 9 523
9 54 823
54 9 823
9 68 810
68 9 810
10 69 244
69 10 244
10 36 572
36 10 572
10 64 388
64 10 388
10 45 668
45 10 668
10 13 227
13 10 227
11 39 694
39 11 694
11 54 485
54 11 485
11 67 314
67 11 314
11 35 342
35 11 342
11 18 391
18 11 391
11 47 476
47 11 476
11 70 251
70 11 251
11 28 243
28 11 243
11 20 643
20 11 643
11 43 884
43 11 884
12 18 77
18 12 77
12 38 797
38 12 797
12 66 36
66 12 36
12 56 522
56 12 522
12 14 143
14 12 143
12 53 632
53 12 632
12 63 542
63 12 542
12 12 310
12 12 310
12 64 638
64 12 638
12 68 380
68 12 380
12 62 909
62 12 909
13 28 451
28 13 451
13 63 63
63 13 63
13 32 878
32 13 878
13 56 356
56 13 356
13 71 458
71 13 458
14 30 90
30 14 90
14 70 161
70 14 161
14 25 766
25 14 766
14 35 796
35 14 796
14 47 304
47 14 304
14 42 240
42 14 240
15 17 482
17 15 482
15 67 921
67 15 921
15 36 130
36 15 130
15 60 97
60 15 97
15 21 24
21 15 24
15 67 217
67 15 217
16 36 492
36 16 492
16 20 155
20 16 155
16 21 773
21 16 773
16 66 780
66 16 780
17 24 740
24 17 740
17 27 537
27 17 537
17 44 645
44 17 645
17 58 395
58 17 395
17 59 325
59 17 325
17 64 232
64 17 232
17 65 807
65 17 807
17 21 977
21 17 977
17 30 848
30 17 848
17 38 503
38 17 503
17 54 610
54 17 610
17 32 430
32 17 430
18 31 292
31 18 292
18 63 652
63 18 652
18 46 536
46 18 536
18 48 145
48 18 145
18 66 181
66 18 181
19 34 680
34 19 680
19 36 281
36 19 281
19 49 957
49 19 957
19 35 325
35 19 325
19 55 133
55 19 133
19 37 378
37 19 378
19 43 993
43 19 993
19 49 745
49 19 745
19 72 721
72 19 721
20 57 281
57 20 281
20 32 359
32 20 359
20 48 18
48 20 18
20 60 130
60 20 130
20 64 294
64 20 294
20 51 620
51 20 620
21 32 904
32 21 904
21 48 92
48 21 92
22 40 187
40 22 187
22 51 704
51 22 704
22 59 521
59 22 521
22 53 1
53 22 1
22 37 608
37 22 608
22 70 922
70 22 922
22 64 244
64 22 244
23 37 74
37 23 74
23 41 673
41 23 673
23 45 210
45 23 210
23 67 711
67 23 711
23 45 721
45 23 721
23 59 488
59 23 488
24 49 386
49 24 386
24 50 423
50 24 423
24 69 520
69 24 520
24 25 349
25 24 349
24 46 998
46 24 998
25 69 476
69 25 476
25 33 627
33 25 627
25 49 372
49 25 372
25 48 625
48 25 625
25 71 50
71 25 50
25 46 546
46 25 546
25 32 900
32 25 900
25 32 803
32 25 803
25 67 663
67 25 663
26 33 976
33 26 976
26 65 820
65 26 820
26 38 871
38 26 871
26 38 668
38 26 668
26 42 846
42 26 846
26 60 481
60 26 481
26 50 233
50 26 233
26 40 267
40 26 267
27 27 475
27 27 475
27 38 695
38 27 695
27 32 864
32 27 864
27 43 123
43 27 123
27 32 398
32 27 398
28 48 24
48 28 24
28 58 375
58 28 375
28 65 967
65 28 967
28 46 690
46 28 690
28 63 604
63 28 604
28 72 80
72 28 80
29 41 865
41 29 865
30 52 815
52 30 815
30 35 29
35 30 29
30 40 792
40 30 792
30 36 332
36 30 332
31 53 421
53 31 421
31 52 544
52 31 544
31 72 757
72 31 757
31 55 732
55 31 732
32 45 747
45 32 747
32 42 549
42 32 549
32 51 136
51 32 136
32 33 934
33 32 934
32 64 718
64 32 718
32 60 508
60 32 508
33 62 149
62 33 149
33 68 843
68 33 843
33 43 940
43 33 940
33 43 98
43 33 98
33 55 114
55 33 114
33 47 342
47 33 342
33 68 54
68 33 54
33 53 576
53 33 576
34 60 514
60 34 514
34 50 957
50 34 957
34 66 775
66 34 775
34 55 639
55 34 639
34 59 458
59 34 458
34 59 750
59 34 750
35 67 735
67 35 735
35 62 694
62 35 694
35 62 589
62 35 589
35 37 19
37 35 19
35 41 658
41 35 658
36 65 858
65 36 858
36 42 720
42 36 720
36 48 915
48 36 915
36 41 751
41 36 751
36 60 571
60 36 571
37 43 490
43 37 490
37 43 942
43 37 942
37 63 826
63 37 826
37 54 525
54 37 525
38 57 235
57 38 235
38 56 941
56 38 941
38 50 412
50 38 412
38 65 377
65 38 377
38 71 746
71 38 746
38 50 442
50 38 442
38 71 720
71 38 720
39 69 87
69 39 87
39 49 641
49 39 641
40 68 183
68 40 183
40 49 468
49 40 468
40 54 798
54 40 798
41 70 727
70 41 727
41 63 269
63 41 269
41 51 650
51 41 650
42 44 13
44 42 13
42 45 670
45 42 670
42 57 860
57 42 860
42 69 423
69 42 423
42 64 297
64 42 297
42 53 954
53 42 954
43 68 957
68 43 957
43 72 613
72 43 613
44 63 634
63 44 634
44 61 557
61 44 557
45 47 427
47 45 427
45 55 352
55 45 352
45 61 689
61 45 689
45 53 170
53 45 170
45 49 487
49 45 487
45 69 696
69 45 696
45 63 962
63 45 962
46 58 342
58 46 342
46 71 503
71 46 503
46 65 859
65 46 859
46 58 985
58 46 985
47 55 724
55 47 724
47 60 36
60 47 36
47 64 829
64 47 829
47 59 972
59 47 972
47 51 9
51 47 9
47 52 391
52 47 391
48 56 130
56 48 130
49 66 747
66 49 747
49 55 389
55 49 389
49 72 386
72 49 386
49 62 861
62 49 861
50 57 502
57 50 502
50 51 935
51 50 935
51 53 836
53 51 836
51 58 365
58 51 365
51 60 848
60 51 848
52 61 244
61 52 244
52 64 549
64 52 549
52 55 969
55 52 969
52 65 308
65 52 308
52 62 911
62 52 911
53 68 241
68 53 241
53 59 382
59 53 382
53 72 805
72 53 805
54 61 789
61 54 789
55 59 382
59 55 382
56 67 477
67 56 477
56 71 49
71 56 49
56 62 514
62 56 514
57 62 27
62 57 27
57 58 697
58 57 697
58 70 921
70 58 921
58 60 197
60 58 197
61 68 544
68 61 544
61 68 379
68 61 379
61 64 114
64 61 114
67 68 695
68 67 695
67 71 141
71 67 141
