95

0 1 539
1 0 539
0 71 645
71 0 645
0 7 515
7 0 515
0 14 153
14 0 153
0 82 663
82 0 663
0 22 906
22 0 906
1 2 289
2 1 289
1 3 444
3 1 444
1 5 880
5 1 880
1 38 760
38 1 760
1 39 397
39 1 397
1 32 134
32 1 134
1 41 162
41 1 162
1 52 189
52 1 189
1 41 64
41 1 64
1 16 814
16 1 814
2 4 213
4 2 213
2 8 372
8 2 372
2 17 709
17 2 709
2 20 289
20 2 289
2 37 359
37 2 359
2 43 966
43 2 966
2 48 268
48 2 268
2 8 929
8 2 929
2 81 828
81 2 828
2 9 519
9 2 519
2 71 154
71 2 154
2 42 902
42 2 902
2 70 272
70 2 272
3 11 232
11 3 232
3 77 413
77 3 413
3 94 445
94 3 445
3 23 321
23 3 321
3 59 404
59 3 404
3 67 623
67 3 623
3 10 101
10 3 101
3 78 514
78 3 514
3 6 906
6 3 906
3 73 559
73 3 559
3 38 598
38 3 598
3 9 925
9 3 925
4 13 510
13 4 510
4 14 643
14 4 643
4 15 901
15 4 901
4 50 860
50 4 860
4 5 961
5 4 961
4 65 969
65 4 969
4 68 906
68 4 906
4 58 436
58 4 436
4 12 16
12 4 16
4 52 718
52 4 718
4 5 533
5 4 533
4 19 331
19 4 331
4 83 15
83 4 15
4 72 478
72 4 478
5 6 872
6 5 872
5 41 165
41 5 165
5 66 39
66 5 39
5 79 262
79 5 262
5 88 693
88 5 693
5 36 323
36 5 323
5 64 157
64 5 157
5 29 423
29 5 423
5 57 723
57 5 723
5 17 502
17 5 502
5 21 815
21 5 815
5 9 715
9 5 715
6 7 428
7 6 428
6 10 952
10 6 952
6 25 779
25 6 779
6 14 277
14 6 277
6 21 141
21 6 141
6 60 776
60 6 776
7 9 806
9 7 806
7 77 379
77 7 379
7 79 386
79 7 386
7 65 198
65 7 198
7 58 859
58 7 859
7 89 757
89 7 757
7 53 197
53 7 197
7 13 301
13 7 301
7 82 308
82 7 308
7 74 599
74 7 599
7 84 228
84 7 228
7 47 748
47 7 748
8 12 276
12 8 276
8 49 378
49 8 378
8 52 493
52 8 493
8 67 41
67 8 41
8 88 586
88 8 586
8 62 838
62 8 838
8 35 606
35 8 606
8 17 94
17 8 94
8 50 492
50 8 492
8 28 53
28 8 53
8 88 682
88 8 682
8 31 502
31 8 502
8 53 936
53 8 936
8 13 137
13 8 137
8 22 756
22 8 756
9 24 268
24 9 268
9 28 85
28 9 85
9 40 223
40 9 223
9 46 819
46 9 819
9 83 803
83 9 803
9 74 885
74 9 885
10 25 36
25 10 36
10 34 389
34 10 389
10 36 501
36 10 501
10 65 853
65 10 853
10 85 368
85 10 368
10 64 806
64 10 806
10 65 359
65 10 359
10 83 301
83 10 301
10 72 956
72 10 956
10 35 844
35 10 844
10 84 820
84 10 820
10 72 931
72 10 931
11 22 207
22 11 207
11 93 450
93 11 450
11 63 816
63 11 816
11 93 288
93 11 288
11 81 930
81 11 930
11 16 965
16 11 965
11 60 670
60 11 670
11 45 458
45 11 458
11 35 259
35 11 259
11 45 132
45 11 132
11 61 652
61 11 652
11 24 70
24 11 70
12 31 250
31 12 250
12 84 994
84 12 994
12 70 557
70 12 557
12 66 108
66 12 108
12 55 651
55 12 651
12 77 359
77 12 359
12 79 126
79 12 126
13 16 391
16 13 391
13 19 379
19 13 379
13 69 477
69 13 477
13 35 458
35 13 458
13 44 248
44 13 248
13 65 595
65 13 595
13 26 852
26 13 852
13 58 898
58 13 898
13 55 691
55 13 691
14 27 365
27 14 365
14 44 753
44 14 753
14 33 924
33 14 924
14 80 868
80 14 868
14 38 271
38 14 271
14 32 472
32 14 472
14 84 392
84 14 392
14 61 765
61 14 765
14 37 972
37 14 972
15 18 281
18 15 281
15 84 40
84 15 40
15 75 846
75 15 846
16 44 972
44 16 972
16 93 661
93 16 661
16 77 80
77 16 80
16 39 932
39 16 932
16 84 848
84 16 848
16 32 937
32 16 937
17 23 824
23 17 824
17 26 985
26 17 985
17 85 594
85 17 594
17 89 437
89 17 437
17 38 84
38 17 84
17 21 692
21 17 692
17 59 442
59 17 442
17 54 136
54 17 136
18 70 414
70 18 414
18 53 153
53 18 153
18 45 330
45 18 330
18 22 297
22 18 297
18 36 774
36 18 774
18 21 473
21 18 473
18 49 637
49 18 637
18 85 543
85 18 543
18 82 509
82 18 509
18 91 80
91 18 80
18 88 942
88 18 942
19 32 876
32 19 876
19 55 553
55 19 553
19 56 679
56 19 679
19 93 491
93 19 491
19 38 672
38 19 672
19 72 888
72 19 888
19 48 507
48 19 507
20 21 870
21 20 870
20 64 215
64 20 215
20 78 612
78 20 612
20 70 193
70 20 193
20 75 556
75 20 556
20 67 373
67 20 373
20 83 916
83 20 916
20 24 481
24 20 481
21 72 539
72 21 539
21 72 302
72 21 302
21 41 115
41 21 115
21 66 919
66 21 919
21 59 742
59 21 742
22 35 515
35 22 515
22 28 259
28 22 259
22 61 186
61 22 186
22 92 161
92 22 161
23 83 454
83 23 454
23 36 186
36 23 186
23 59 737
59 23 737
23 92 809
92 23 809
23 41 20
41 23 20
23 80 682
80 23 682
23 63 702
63 23 702
23 74 147
74 23 147
23 43 820
43 23 820
24 33 916
33 24 916
24 41 435
41 24 435
24 80 33
80 24 33
24 65 537
65 24 537
25 30 555
30 25 555
25 56 969
56 25 969
25 68 974
68 25 974
25 57 205
57 25 205
25 50 485
50 25 485
25 76 819
76 25 819
25 52 265
52 25 265
25 74 146
74 25 146
25 89 586
89 25 586
26 29 556
29 26 556
26 48 738
48 26 738
26 71 553
71 26 553
26 82 836
82 26 836
26 51 15
51 26 15
27 63 770
63 27 770
27 65 276
65 27 276
27 90 811
90 27 811
27 35 134
35 27 134
28 92 243
92 28 243
28 38 403
38 28 403
28 93 594
93 28 594
28 82 110
82 28 110
28 58 385
58 28 385
28 42 809
42 28 809
29 88 338
88 29 338
29 67 661
67 29 661
29 70 351
70 29 351
29 43 910
43 29 910
30 73 149
73 30 149
30 68 268
68 30 268
30 39 130
39 30 130
31 75 649
75 31 649
31 33 157
33 31 157
31 40 515
40 31 515
31 84 600
84 31 600
31 69 198
69 31 198
31 84 469
84 31 469
31 54 690
54 31 690
31 81 840
81 31 840
31 93 579
93 31 579
32 74 770
74 32 770
32 47 908
47 32 908
32 52 114
52 32 114
32 48 45
48 32 45
32 50 634
50 32 634
33 53 77
53 33 77
33 80 248
80 33 248
33 85 805
85 33 805
33 59 928
59 33 928
33 37 609
37 33 609
33 49 112
49 33 112
34 58 517
58 34 517
34 59 583
59 34 583
34 91 924
91 34 924
34 41 322
41 34 322
34 85 94
85 34 94
34 37 553
37 34 553
34 92 951
92 34 951
34 79 914
79 34 914
34 89 285
89 34 285
35 42 764
42 35 764
35 83 721
83 35 721
35 77 996
77 35 996
35 77 26
77 35 26
36 45 442
45 36 442
36 72 490
72 36 490
36 48 357
48 36 357
36 69 335
69 36 335
36 44 612
44 36 612
36 82 9
82 36 9
36 38 47
38 36 47
36 41 283
41 36 283
36 48 678
48 36 678
36 78 714
78 36 714
37 79 886
79 37 886
37 86 567
86 37 567
37 56 68
56 37 68
38 44 587
44 38 587
38 87 864
87 38 864
38 38 276
38 38 276
38 46 62
46 38 62
38 73 260
73 38 260
38 60 988
60 38 988
39 54 776
54 39 776
39 62 353
62 39 353
39 51 938
51 39 938
39 80 711
80 39 711
40 51 107
51 40 107
40 63 156
63 40 156
40 68 221
68 40 221
40 42 249
42 40 249
40 80 436
80 40 436
41 83 845
83 41 845
41 48 2
48 41 2
42 53 467
53 42 467
42 94 81
94 42 81
42 53 455
53 42 455
43 94 849
94 43 849
43 58 998
58 43 998
43 91 449
91 43 449
43 81 30
81 43 30
43 79 153
79 43 153
44 93 395
93 44 395
44 92 494
92 44 494
44 71 608
71 44 608
44 79 341
79 44 341
45 46 144
46 45 144
45 47 717
47 45 717
45 61 440
61 45 440
45 66 541
66 45 541
45 66 966
66 45 966
46 82 587
82 46 587
46 89 383
89 46 383
46 53 50
53 46 50
46 87 122
87 46 122
46 62 473
62 46 473
47 76 875
76 47 875
47 77 669
77 47 669
47 87 212
87 47 212
47 87 67
87 47 67
47 48 417
48 47 417
48 60 960
60 48 960
48 88 494
88 48 494
48 93 207
93 48 207
48 76 614
76 48 614
48 86 883
86 48 883
48 85 680
85 48 680
49 93 453
93 49 453
49 92 987
92 49 987
49 51 519
51 49 519
49 65 986
65 49 986
49 91 369
91 49 369
50 80 702
80 50 702
50 79 932
79 50 932
51 58 384
58 51 384
51 91 993
91 51 993
51 62 856
62 51 856
51 57 312
57 51 312
51 64 327
64 51 327
52 59 827
59 52 827
52 53 760
53 52 760
52 76 63
76 52 63
52 60 698
60 52 698
52 69 528
69 52 528
53 59 848
59 53 848
53 61 106
61 53 106
53 65 410
65 53 410
54 64 722
64 54 722
54 78 103
78 54 103
54 58 26
58 54 26
54 58 816
58 54 816
54 72 543
72 54 543
55 57 266
57 55 266
55 78 100
78 55 100
55 78 690
78 55 690
55 59 347
59 55 347
55 79 624
79 55 624
56 66 548
66 56 548
57 61 923
61 57 923
57 87 230
87 57 230
57 92 129
92 57 129
57 68 194
68 57 194
57 59 674
59 57 674
58 90 312
90 58 312
58 74 228
74 58 228
58 78 846
78 58 846
58 66 799
66 58 799
59 68 197
68 59 197
59 94 691
94 59 691
59 88 193
88 59 193
60 63 231
63 60 231
60 82 967
82 60 967
61 93 795
93 61 795
61 66 684
66 61 684
61 74 57
74 61 57
61 61 355
61 61 355
61 63 63
63 61 63
61 61 550
61 61 550
61 88 393
88 61 393
62 81 668
81 62 668
62 81 213
81 62 213
62 93 301
93 62 301
63 73 209
73 63 209
63 89 804
89 63 804
64 86 308
86 64 308
64 70 102
70 64 102
64 76 654
76 64 654
64 83 121
83 64 121
64 82 902
82 64 902
64 86 746
86 64 746
65 67 111
67 65 111
65 78 958
78 65 958
65 75 189
75 65 189
65 65 501
65 65 501
66 82 187
82 66 187
66 94 479
94 66 479
67 69 51
69 67 51
67 87 358
87 67 358
67 80 880
80 67 880
67 87 99
87 67 99
68 73 441
73 68 441
68 85 901
85 68 901
69 71 506
71 69 506
69 88 258
88 69 258
69 82 787
82 69 787
70 76 320
76 70 320
70 79 918
79 70 918
71 92 792
92 71 792
71 83 354
83 71 354
71 85 734
85 71 734
72 92 68
92 72 68
72 86 60
86 72 60
73 79 553
79 73 553
73 94 924
94 73 924
73 88 101
88 73 101
73 74 924
74 73 924
73 89 667
89 73 667
74 94 643
94 74 643
74 84 408
84 74 408
74 89 251
89 74 251
74 74 209
74 74 209
75 77 207
77 75 207
75 82 200
82 75 200
75 82 590
82 75 590
76 76 381
76 76 381
77 79 462
79 77 462
78 92 57
92 78 57
78 94 465
94 78 465
78 81 739
81 78 739
79 79 113
79 79 113
79 84 980
84 79 980
80 85 695
85 80 695
81 82 552
82 81 552
82 92 844
92 82 844
82 87 914
87 82 914
83 94 703
94 83 703
84 87 43
87 84 43
84 86 876
86 84 876
85 92 836
92 85 836
86 91 643
91 86 643
87 89 641
89 87 641
87 91 432
91 87 432
91 94 441
94 91 441
91 92 495
92 91 495
91 93 826
93 91 826
