100

0 1 93
1 0 93
1 2 831
2 1 831
1 4 479
4 1 479
1 12 609
12 1 609
1 29 621
29 1 621
1 30 247
30 1 247
2 3 694
3 2 694
2 5 214
5 2 214
2 20 110
20 2 110
2 31 780
31 2 780
3 7 258
7 3 258
3 8 520
8 3 520
3 22 989
22 3 989
4 6 568
6 4 568
4 11 696
11 4 696
4 16 196
16 4 196
4 47 322
47 4 322
4 93 908
93 4 908
4 72 967
72 4 967
5 18 515
18 5 515
5 80 392
80 5 392
5 84 855
84 5 855
5 99 351
99 5 351
6 21 8
21 6 8
6 89 51
89 6 51
7 9 574
9 7 574
7 13 233
13 7 233
7 37 678
37 7 678
7 46 480
46 7 480
8 10 66
10 8 66
8 17 164
17 8 164
8 26 120
26 8 120
8 28 361
28 8 361
9 25 387
25 9 387
9 27 432
27 9 432
9 38 13
38 9 13
10 60 829
60 10 829
11 14 135
14 11 135
11 34 711
34 11 711
11 40 849
40 11 849
11 77 610
77 11 610
11 81 428
81 11 428
12 32 598
32 12 598
13 15 729
15 13 729
16 24 910
24 16 910
16 39 555
39 16 555
17 45 356
45 17 356
18 19 295
19 18 295
18 51 466
51 18 466
18 67 168
67 18 168
19 35 324
35 19 324
19 73 675
73 19 675
20 23 147
23 20 147
20 44 665
44 20 665
21 36 792
36 21 792
21 85 289
85 21 289
26 70 212
70 26 212
27 33 55
33 27 55
28 49 146
49 28 146
29 63 211
63 29 211
29 75 125
75 29 125
30 43 662
43 30 662
30 88 868
88 30 868
31 41 894
41 31 894
32 48 21
48 32 21
32 41 561
41 32 561
35 50 46
50 35 46
35 56 161
56 35 161
35 59 324
59 35 324
36 46 293
46 36 293
37 79 636
79 37 636
37 87 75
87 37 75
39 42 746
42 39 746
39 64 891
64 39 891
40 71 58
71 40 58
42 54 195
54 42 195
44 76 725
76 44 725
44 78 600
78 44 600
45 52 95
52 45 95
46 55 873
55 46 873
46 57 138
57 46 138
46 65 789
65 46 789
48 96 443
96 48 443
50 53 989
53 50 989
50 82 301
82 50 301
50 94 224
94 50 224
50 63 546
63 50 546
55 72 34
72 55 34
56 74 518
74 56 518
57 58 706
58 57 706
58 66 641
66 58 641
58 83 976
83 58 976
59 68 619
68 59 619
59 76 895
76 59 895
60 61 658
61 60 658
61 62 463
62 61 463
61 69 634
69 61 634
62 92 293
92 62 293
66 97 657
97 66 657
68 98 306
98 68 306
70 72 205
72 70 205
78 86 949
86 78 949
82 91 911
91 82 911
83 90 429
90 83 429
89 95 734
95 89 734
