99

0 1 588
1 0 588
0 3 761
3 0 761
0 4 396
4 0 396
0 8 188
8 0 188
0 16 622
16 0 622
0 30 970
30 0 970
0 31 839
31 0 839
0 53 546
53 0 546
0 51 122
51 0 122
0 11 273
11 0 273
0 13 476
13 0 476
0 93 217
93 0 217
0 64 726
64 0 726
0 10 588
10 0 588
1 2 893
2 1 893
1 6 22
6 1 22
1 7 87
7 1 87
1 12 717
12 1 717
1 42 130
42 1 130
1 69 161
69 1 161
1 75 151
75 1 151
1 65 254
65 1 254
1 34 490
34 1 490
1 41 657
41 1 657
1 62 589
62 1 589
1 29 238
29 1 238
1 40 742
40 1 742
1 62 989
62 1 989
1 66 842
66 1 842
1 23 864
23 1 864
2 34 614
34 2 614
2 57 454
57 2 454
2 94 776
94 2 776
2 90 168
90 2 168
2 78 239
78 2 239
2 12 338
12 2 338
2 88 101
88 2 101
2 48 803
48 2 803
2 26 849
26 2 849
2 9 697
9 2 697
3 10 358
10 3 358
3 19 631
19 3 631
3 33 625
33 3 625
3 36 588
36 3 588
3 64 769
64 3 769
3 97 718
97 3 718
3 29 204
29 3 204
3 14 706
14 3 706
3 43 434
43 3 434
3 73 511
73 3 511
3 51 787
51 3 787
3 32 34
32 3 34
3 40 997
40 3 997
4 5 920
5 4 920
4 9 638
9 4 638
4 15 778
15 4 778
4 48 533
48 4 533
4 78 560
78 4 560
4 56 404
56 4 404
4 70 291
70 4 291
4 79 313
79 4 313
4 23 768
23 4 768
4 12 541
12 4 541
4 80 577
80 4 577
5 79 667
79 5 667
5 51 474
51 5 474
5 21 567
21 5 567
5 85 237
85 5 237
5 23 571
23 5 571
5 78 729
78 5 729
5 29 675
29 5 675
6 15 804
15 6 804
6 32 659
32 6 659
6 39 817
39 6 817
6 44 389
44 6 389
6 60 615
60 6 615
6 86 622
86 6 622
6 64 75
64 6 75
6 7 324
7 6 324
6 33 194
33 6 194
6 39 571
39 6 571
6 27 469
27 6 469
6 33 404
33 6 404
6 91 952
91 6 952
7 35 108
35 7 108
7 58 236
58 7 236
7 88 82
88 7 82
7 46 911
46 7 911
7 21 323
21 7 323
7 87 110
87 7 110
7 63 417
63 7 417
8 11 344
11 8 344
8 56 334
56 8 334
8 83 642
83 8 642
8 98 94
98 8 94
8 15 388
15 8 388
8 72 648
72 8 648
8 83 84
83 8 84
9 24 923
24 9 923
9 14 316
14 9 316
9 98 319
98 9 319
9 30 106
30 9 106
9 38 953
38 9 953
9 71 400
71 9 400
10 13 696
13 10 696
10 68 977
68 10 977
10 86 557
86 10 557
10 67 397
67 10 397
10 68 824
68 10 824
10 24 872
24 10 872
11 14 976
14 11 976
11 65 655
65 11 655
11 90 288
90 11 288
11 79 760
79 11 760
11 77 548
77 11 548
11 39 978
39 11 978
11 81 259
81 11 259
11 66 269
66 11 269
11 96 473
96 11 473
11 51 495
51 11 495
11 64 148
64 11 148
12 96 566
96 12 566
12 35 810
35 12 810
12 22 242
22 12 242
12 88 160
88 12 160
13 54 39
54 13 39
13 82 81
82 13 81
13 96 527
96 13 527
13 58 964
58 13 964
13 64 882
64 13 882
14 17 230
17 14 230
14 18 434
18 14 434
14 20 990
20 14 990
14 22 645
22 14 645
14 37 232
37 14 232
14 14 724
14 14 724
14 82 442
82 14 442
14 93 31
93 14 31
14 87 68
87 14 68
14 46 51
46 14 51
14 87 334
87 14 334
14 53 250
53 14 250
14 78 895
78 14 895
15 80 204
80 15 204
15 41 282
41 15 282
15 30 676
30 15 676
15 61 538
61 15 538
15 61 615
61 15 615
15 54 648
54 15 648
15 81 136
81 15 136
15 75 747
75 15 747
15 63 915
63 15 915
16 80 818
80 16 818
16 74 188
74 16 188
16 36 731
36 16 731
16 32 853
32 16 853
16 89 864
89 16 864
16 34 900
34 16 900
16 89 983
89 16 983
16 35 204
35 16 204
17 28 511
28 17 511
17 31 46
31 17 46
17 84 975
84 17 975
17 65 662
65 17 662
17 64 420
64 17 420
17 35 431
35 17 431
18 26 676
26 18 676
18 49 698
49 18 698
18 40 237
40 18 237
18 75 812
75 18 812
18 72 350
72 18 350
18 38 913
38 18 913
18 39 172
39 18 172
18 67 86
67 18 86
18 20 826
20 18 826
18 64 973
64 18 973
18 46 941
46 18 941
18 85 757
85 18 757
19 21 749
21 19 749
19 23 257
23 19 257
19 65 38
65 19 38
19 63 697
63 19 697
19 78 711
78 19 711
19 64 215
64 19 215
19 64 55
64 19 55
19 89 91
89 19 91
19 30 180
30 19 180
19 36 878
36 19 878
19 32 446
32 19 446
19 96 789
96 19 789
19 87 672
87 19 672
19 36 29
36 19 29
19 89 491
89 19 491
19 75 607
75 19 607
20 27 598
27 20 598
20 72 542
72 20 542
21 47 176
47 21 176
21 87 400
87 21 400
21 55 937
55 21 937
21 35 533
35 21 533
21 39 347
39 21 347
21 41 457
41 21 457
22 25 715
25 22 715
22 41 405
41 22 405
22 48 285
48 22 285
22 77 340
77 22 340
22 67 973
67 22 973
22 69 530
69 22 530
22 67 281
67 22 281
23 38 924
38 23 924
23 64 486
64 23 486
23 67 755
67 23 755
23 60 781
60 23 781
23 47 307
47 23 307
23 60 563
60 23 563
24 65 624
65 24 624
24 70 610
70 24 610
24 59 464
59 24 464
24 40 202
40 24 202
24 92 370
92 24 370
24 33 970
33 24 970
24 31 70
31 24 70
24 60 633
60 24 633
24 94 442
94 24 442
25 47 552
47 25 552
25 84 982
84 25 982
25 94 533
94 25 533
25 37 645
37 25 645
25 38 926
38 25 926
25 77 605
77 25 605
25 43 373
43 25 373
26 96 68
96 26 68
26 69 981
69 26 981
26 62 22
62 26 22
26 63 98
63 26 98
27 90 440
90 27 440
27 97 336
97 27 336
28 29 298
29 28 298
28 95 792
95 28 792
28 44 387
44 28 387
29 55 422
55 29 422
29 85 780
85 29 780
29 42 910
42 29 910
29 59 626
59 29 626
29 51 277
51 29 277
29 62 211
62 29 211
29 95 301
95 29 301
29 42 419
42 29 419
29 33 980
33 29 980
29 78 601
78 29 601
29 33 649
33 29 649
30 58 110
58 30 110
30 96 415
96 30 415
30 69 490
69 30 490
30 88 973
88 30 973
30 54 451
54 30 451
30 72 140
72 30 140
30 82 126
82 30 126
31 45 747
45 31 747
31 72 160
72 31 160
31 72 851
72 31 851
31 44 699
44 31 699
31 59 1000
59 31 1000
31 88 284
88 31 284
31 94 322
94 31 322
31 75 108
75 31 108
32 34 504
34 32 504
32 40 333
40 32 333
32 98 814
98 32 814
32 83 302
83 32 302
32 78 24
78 32 24
32 75 649
75 32 649
32 41 842
41 32 842
33 93 435
93 33 435
33 39 915
39 33 915
33 81 880
81 33 880
33 70 433
70 33 433
34 61 578
61 34 578
34 37 177
37 34 177
34 76 858
76 34 858
34 53 81
53 34 81
35 52 896
52 35 896
35 44 431
44 35 431
35 71 605
71 35 605
35 70 362
70 35 362
35 73 899
73 35 899
35 48 953
48 35 953
36 94 851
94 36 851
36 38 396
38 36 396
36 47 152
47 36 152
37 46 35
46 37 35
37 62 844
62 37 844
37 70 306
70 37 306
37 64 835
64 37 835
37 50 163
50 37 163
37 63 936
63 37 936
37 68 46
68 37 46
37 43 201
43 37 201
37 58 702
58 37 702
38 50 978
50 38 978
39 95 874
95 39 874
39 98 116
98 39 116
39 79 169
79 39 169
39 50 705
50 39 705
39 68 632
68 39 632
40 57 317
57 40 317
40 64 563
64 40 563
41 43 973
43 41 973
41 74 836
74 41 836
41 85 692
85 41 692
41 93 308
93 41 308
41 65 758
65 41 758
41 62 343
62 41 343
42 51 699
51 42 699
42 82 719
82 42 719
42 87 499
87 42 499
42 74 357
74 42 357
42 44 410
44 42 410
43 63 573
63 43 573
43 81 838
81 43 838
43 57 355
57 43 355
44 69 131
69 44 131
44 84 79
84 44 79
44 57 693
57 44 693
44 91 129
91 44 129
44 69 492
69 44 492
45 71 569
71 45 569
46 74 699
74 46 699
46 94 472
94 46 472
46 62 81
62 46 81
47 59 606
59 47 606
47 74 717
74 47 717
47 70 378
70 47 378
47 81 834
81 47 834
47 82 603
82 47 603
48 64 153
64 48 153
48 69 67
69 48 67
49 66 883
66 49 883
49 93 787
93 49 787
49 60 679
60 49 679
49 71 472
71 49 472
49 59 877
59 49 877
49 84 39
84 49 39
50 96 275
96 50 275
50 53 303
53 50 303
50 91 74
91 50 74
50 98 249
98 50 249
50 62 591
62 50 591
50 56 53
56 50 53
50 98 134
98 50 134
51 73 685
73 51 685
51 76 235
76 51 235
51 84 370
84 51 370
51 82 268
82 51 268
51 76 72
76 51 72
51 95 367
95 51 367
51 97 353
97 51 353
51 83 125
83 51 125
51 69 755
69 51 755
51 72 93
72 51 93
52 95 158
95 52 158
52 69 579
69 52 579
52 83 852
83 52 852
52 63 327
63 52 327
52 76 969
76 52 969
53 69 854
69 53 854
53 92 106
92 53 106
54 95 103
95 54 103
54 55 374
55 54 374
54 64 412
64 54 412
54 56 107
56 54 107
54 94 985
94 54 985
55 82 974
82 55 974
55 82 407
82 55 407
55 73 49
73 55 49
56 98 926
98 56 926
56 75 912
75 56 912
56 66 312
66 56 312
56 70 190
70 56 190
56 84 73
84 56 73
56 59 394
59 56 394
57 98 466
98 57 466
57 76 19
76 57 19
57 71 206
71 57 206
57 87 381
87 57 381
58 89 520
89 58 520
58 68 80
68 58 80
58 91 475
91 58 475
58 69 507
69 58 507
58 77 111
77 58 111
58 97 420
97 58 420
58 65 496
65 58 496
59 71 885
71 59 885
59 62 45
62 59 45
60 90 139
90 60 139
61 80 763
80 61 763
61 67 561
67 61 561
62 73 591
73 62 591
62 64 718
64 62 718
62 65 404
65 62 404
62 85 469
85 62 469
63 67 227
67 63 227
63 88 463
88 63 463
64 68 710
68 64 710
64 87 509
87 64 509
64 81 240
81 64 240
64 88 287
88 64 287
65 95 108
95 65 108
65 72 891
72 65 891
65 74 281
74 65 281
66 81 889
81 66 889
66 86 518
86 66 518
66 77 472
77 66 472
66 92 599
92 66 599
66 77 742
77 66 742
67 69 497
69 67 497
67 67 211
67 67 211
68 87 680
87 68 680
68 71 963
71 68 963
69 89 686
89 69 686
69 88 918
88 69 918
69 96 141
96 69 141
70 77 902
77 70 902
71 71 732
71 71 732
72 80 886
80 72 886
73 76 705
76 73 705
74 82 111
82 74 111
74 74 179
74 74 179
74 75 951
75 74 951
74 97 555
97 74 555
74 74 413
74 74 413
74 88 34
88 74 34
74 91 583
91 74 583
74 97 293
97 74 293
74 77 542
77 74 542
75 78 254
78 75 254
75 80 988
80 75 988
75 95 613
95 75 613
75 95 893
95 75 893
76 92 890
92 76 890
76 87 457
87 76 457
76 91 523
91 76 523
77 92 598
92 77 598
77 87 213
87 77 213
79 85 625
85 79 625
80 98 344
98 80 344
80 88 175
88 80 175
81 82 149
82 81 149
84 85 970
85 84 970
86 91 578
91 86 578
86 98 589
98 86 589
87 93 338
93 87 338
87 98 252
98 87 252
87 88 165
88 87 165
88 91 601
91 88 601
88 93 640
93 88 640
89 97 767
97 89 767
89 93 135
93 89 135
90 91 92
91 90 92
90 95 158
95 90 158
91 92 124
92 91 124
91 95 373
95 91 373
96 97 864
97 96 864
