98

0 1 326
1 0 326
0 2 636
2 0 636
0 3 739
3 0 739
0 6 370
6 0 370
0 9 234
9 0 234
0 15 121
15 0 121
0 49 178
49 0 178
0 25 606
25 0 606
0 0 83
0 0 83
0 38 273
38 0 273
0 94 945
94 0 945
0 20 608
20 0 608
0 40 685
40 0 685
0 65 730
65 0 730
0 7 563
7 0 563
0 67 90
67 0 90
0 9 666
9 0 666
0 54 85
54 0 85
0 60 229
60 0 229
0 24 331
24 0 331
0 17 405
17 0 405
0 9 701
9 0 701
0 16 287
16 0 287
0 71 883
71 0 883
0 64 697
64 0 697
0 15 739
15 0 739
0 40 462
40 0 462
0 84 789
84 0 789
0 46 304
46 0 304
1 4 452
4 1 452
1 24 691
24 1 691
1 8 112
8 1 112
1 41 502
41 1 502
1 73 355
73 1 355
1 71 150
71 1 150
1 49 908
49 1 908
1 11 677
11 1 677
1 29 680
29 1 680
1 10 48
10 1 48
1 9 362
9 1 362
1 12 634
12 1 634
1 94 689
94 1 689
1 12 73
12 1 73
1 45 860
45 1 860
2 5 192
5 2 192
2 19 74
19 2 74
2 23 902
23 2 902
2 28 473
28 2 473
2 29 93
29 2 93
2 36 107
36 2 107
2 65 820
65 2 820
2 94 710
94 2 710
2 12 376
12 2 376
2 10 653
10 2 653
2 2 220
2 2 220
2 88 24
88 2 24
2 17 690
17 2 690
2 66 444
66 2 444
2 9 63
9 2 63
2 57 262
57 2 262
2 75 191
75 2 191
2 55 238
55 2 238
2 90 653
90 2 653
2 88 849
88 2 849
2 88 873
88 2 873
2 70 403
70 2 403
3 10 776
10 3 776
3 13 568
13 3 568
3 26 273
26 3 273
3 89 39
89 3 39
3 79 16
79 3 16
3 55 334
55 3 334
3 10 375
10 3 375
3 21 501
21 3 501
3 74 963
74 3 963
3 69 547
69 3 547
3 92 106
92 3 106
3 52 236
52 3 236
3 42 815
42 3 815
3 58 233
58 3 233
3 4 63
4 3 63
3 89 141
89 3 141
3 14 287
14 3 287
4 33 741
33 4 741
4 62 65
62 4 65
4 41 638
41 4 638
4 12 781
12 4 781
4 47 183
47 4 183
4 14 992
14 4 992
4 96 348
96 4 348
4 73 525
73 4 525
5 7 942
7 5 942
5 51 792
51 5 792
5 58 798
58 5 798
5 8 47
8 5 47
5 8 823
8 5 823
5 91 981
91 5 981
5 12 145
12 5 145
5 35 417
35 5 417
5 10 720
10 5 720
5 40 617
40 5 617
5 41 405
41 5 405
5 41 467
41 5 467
5 97 784
97 5 784
5 19 658
19 5 658
5 68 797
68 5 797
5 36 104
36 5 104
5 90 158
90 5 158
5 14 244
14 5 244
5 89 546
89 5 546
5 91 294
91 5 294
5 79 433
79 5 433
6 8 649
8 6 649
6 12 603
12 6 603
6 30 257
30 6 257
6 55 3
55 6 3
6 36 788
36 6 788
6 37 4
37 6 4
6 70 692
70 6 692
6 42 279
42 6 279
6 67 618
67 6 618
6 92 256
92 6 256
6 91 324
91 6 324
6 83 81
83 6 81
6 73 562
73 6 562
6 42 378
42 6 378
6 17 787
17 6 787
6 21 681
21 6 681
6 37 201
37 6 201
6 15 243
15 6 243
7 35 395
35 7 395
7 77 581
77 7 581
7 24 450
24 7 450
7 66 399
66 7 399
7 78 807
78 7 807
7 47 75
47 7 75
7 41 438
41 7 438
7 84 43
84 7 43
7 25 151
25 7 151
7 47 334
47 7 334
7 80 568
80 7 568
7 72 951
72 7 951
8 11 667
11 8 667
8 14 948
14 8 948
8 63 894
63 8 894
8 90 10
90 8 10
8 38 234
38 8 234
8 62 212
62 8 212
8 64 764
64 8 764
8 71 693
71 8 693
8 66 108
66 8 108
8 90 325
90 8 325
8 18 371
18 8 371
8 94 80
94 8 80
8 22 411
22 8 411
8 38 41
38 8 41
8 75 838
75 8 838
8 85 112
85 8 112
8 79 602
79 8 602
8 28 472
28 8 472
8 77 968
77 8 968
8 15 505
15 8 505
8 48 409
48 8 409
8 16 936
16 8 936
8 72 876
72 8 876
9 60 908
60 9 908
9 67 642
67 9 642
9 74 765
74 9 765
9 59 595
59 9 595
9 59 426
59 9 426
9 14 784
14 9 784
9 80 562
80 9 562
9 47 335
47 9 335
9 63 276
63 9 276
9 59 215
59 9 215
9 49 17
49 9 17
9 30 51
30 9 51
9 39 865
39 9 865
9 18 891
18 9 891
9 12 914
12 9 914
9 38 685
38 9 685
9 63 840
63 9 840
9 84 48
84 9 48
10 18 267
18 10 267
10 69 404
69 10 404
10 76 245
76 10 245
10 97 353
97 10 353
10 93 629
93 10 629
10 19 833
19 10 833
10 79 806
79 10 806
10 90 738
90 10 738
10 94 122
94 10 122
10 56 8
56 10 8
10 69 123
69 10 123
10 42 670
42 10 670
10 28 767
28 10 767
10 85 960
85 10 960
10 49 459
49 10 459
11 32 457
32 11 457
11 29 960
29 11 960
11 66 463
66 11 463
11 81 151
81 11 151
11 65 866
65 11 866
11 51 42
51 11 42
11 21 68
21 11 68
11 14 745
14 11 745
11 29 192
29 11 192
11 25 387
25 11 387
11 89 790
89 11 790
11 23 307
23 11 307
11 19 417
19 11 417
11 31 228
31 11 228
11 90 53
90 11 53
11 83 952
83 11 952
11 40 631
40 11 631
11 72 56
72 11 56
12 17 20
17 12 20
12 68 74
68 12 74
12 56 504
56 12 504
12 47 243
47 12 243
12 51 328
51 12 328
12 26 147
26 12 147
12 63 747
63 12 747
12 44 800
44 12 800
13 16 595
16 13 595
13 92 936
92 13 936
13 90 607
90 13 607
13 46 446
46 13 446
13 44 659
44 13 659
13 58 868
58 13 868
13 62 461
62 13 461
14 80 145
80 14 145
14 88 568
88 14 568
14 27 361
27 14 361
14 33 876
33 14 876
14 61 149
61 14 149
14 53 729
53 14 729
14 68 781
68 14 781
14 89 8
89 14 8
14 73 740
73 14 740
14 73 67
73 14 67
14 59 723
59 14 723
14 52 69
52 14 69
14 32 356
32 14 356
14 48 726
48 14 726
14 79 822
79 14 822
15 33 349
33 15 349
15 68 439
68 15 439
15 95 443
95 15 443
15 59 74
59 15 74
15 60 422
60 15 422
15 19 564
19 15 564
15 23 443
23 15 443
15 31 623
31 15 623
15 65 285
65 15 285
15 28 202
28 15 202
15 63 499
63 15 499
15 61 790
61 15 790
15 39 581
39 15 581
15 40 262
40 15 262
16 20 965
20 16 965
16 22 353
22 16 353
16 41 63
41 16 63
16 28 630
28 16 630
16 64 145
64 16 145
16 92 400
92 16 400
16 31 523
31 16 523
16 34 672
34 16 672
16 70 994
70 16 994
16 23 846
23 16 846
16 78 346
78 16 346
16 21 743
21 16 743
16 86 227
86 16 227
16 28 785
28 16 785
16 34 859
34 16 859
16 36 79
36 16 79
17 43 552
43 17 552
17 47 985
47 17 985
17 92 134
92 17 134
17 83 199
83 17 199
17 94 350
94 17 350
17 28 941
28 17 941
17 59 812
59 17 812
17 43 86
43 17 86
17 65 827
65 17 827
17 86 819
86 17 819
17 21 104
21 17 104
17 24 521
24 17 521
17 75 916
75 17 916
17 72 711
72 17 711
17 92 188
92 17 188
17 63 377
63 17 377
17 36 923
36 17 923
17 89 398
89 17 398
17 66 916
66 17 916
18 38 292
38 18 292
18 82 389
82 18 389
18 65 278
65 18 278
18 79 100
79 18 100
18 88 580
88 18 580
18 29 228
29 18 228
18 95 682
95 18 682
18 79 698
79 18 698
18 32 755
32 18 755
18 46 450
46 18 450
19 42 579
42 19 579
19 93 758
93 19 758
19 44 601
44 19 601
19 78 380
78 19 380
19 39 134
39 19 134
19 68 762
68 19 762
19 71 378
71 19 378
19 69 758
69 19 758
19 68 126
68 19 126
19 88 239
88 19 239
19 69 832
69 19 832
19 38 279
38 19 279
19 93 514
93 19 514
19 57 461
57 19 461
19 31 395
31 19 395
19 40 906
40 19 906
20 21 174
21 20 174
20 78 221
78 20 221
20 47 135
47 20 135
20 80 346
80 20 346
20 28 47
28 20 47
20 57 171
57 20 171
20 59 505
59 20 505
20 52 564
52 20 564
20 30 618
30 20 618
20 80 287
80 20 287
20 36 343
36 20 343
20 55 455
55 20 455
20 46 246
46 20 246
21 45 974
45 21 974
21 52 990
52 21 990
21 50 754
50 21 754
21 57 904
57 21 904
21 50 306
50 21 306
21 87 517
87 21 517
21 71 672
71 21 672
21 48 12
48 21 12
21 93 296
93 21 296
21 83 351
83 21 351
21 22 779
22 21 779
21 47 780
47 21 780
21 47 766
47 21 766
21 23 734
23 21 734
21 50 80
50 21 80
21 24 77
24 21 77
22 27 324
27 22 324
22 44 744
44 22 744
22 91 161
91 22 161
22 43 810
43 22 810
22 25 22
25 22 22
22 97 777
97 22 777
23 37 658
37 23 658
23 61 362
61 23 362
23 91 652
91 23 652
23 77 30
77 23 30
23 27 98
27 23 98
23 34 630
34 23 630
23 96 567
96 23 567
23 86 254
86 23 254
23 48 123
48 23 123
23 76 111
76 23 111
23 29 819
29 23 819
23 89 714
89 23 714
23 84 469
84 23 469
23 52 964
52 23 964
23 82 882
82 23 882
24 25 439
25 24 439
24 60 534
60 24 534
24 28 812
28 24 812
24 47 278
47 24 278
24 68 217
68 24 217
24 28 524
28 24 524
24 87 966
87 24 966
24 37 60
37 24 60
24 58 377
58 24 377
24 81 304
81 24 304
24 87 865
87 24 865
24 41 969
41 24 969
24 80 437
80 24 437
25 34 17
34 25 17
25 88 962
88 25 962
25 89 710
89 25 710
25 64 243
64 25 243
25 36 371
36 25 371
25 89 434
89 25 434
25 65 411
65 25 411
25 52 57
52 25 57
25 34 236
34 25 236
25 82 8
82 25 8
25 75 564
75 25 564
25 63 779
63 25 779
26 65 714
65 26 714
26 94 48
94 26 48
26 91 907
91 26 907
26 38 765
38 26 765
26 79 719
79 26 719
26 75 92
75 26 92
26 54 817
54 26 817
26 73 236
73 26 236
26 59 561
59 26 561
26 73 351
73 26 351
26 50 271
50 26 271
26 26 444
26 26 444
26 69 901
69 26 901
26 56 867
56 26 867
26 81 979
81 26 979
27 90 736
90 27 736
27 49 499
49 27 499
27 75 844
75 27 844
27 63 957
63 27 957
27 49 165
49 27 165
27 97 791
97 27 791
27 78 827
78 27 827
27 81 994
81 27 994
27 34 597
34 27 597
27 86 606
86 27 606
27 91 607
91 27 607
28 31 480
31 28 480
28 52 432
52 28 432
28 42 631
42 28 631
28 65 480
65 28 480
28 65 644
65 28 644
28 31 220
31 28 220
28 39 767
39 28 767
28 31 152
31 28 152
28 39 368
39 28 368
28 37 467
37 28 467
28 66 247
66 28 247
28 64 62
64 28 62
28 53 22
53 28 22
28 34 143
34 28 143
28 45 316
45 28 316
29 40 207
40 29 207
29 50 129
50 29 129
29 79 240
79 29 240
29 42 75
42 29 75
29 75 282
75 29 282
29 44 409
44 29 409
29 91 634
91 29 634
29 71 419
71 29 419
29 75 352
75 29 352
29 97 888
97 29 888
29 51 461
51 29 461
29 67 626
67 29 626
29 65 418
65 29 418
29 69 292
69 29 292
29 52 15
52 29 15
29 93 389
93 29 389
30 45 331
45 30 331
30 57 168
57 30 168
30 58 772
58 30 772
30 60 548
60 30 548
30 35 650
35 30 650
30 72 371
72 30 371
30 79 249
79 30 249
30 94 385
94 30 385
30 84 11
84 30 11
30 56 447
56 30 447
30 95 998
95 30 998
30 71 70
71 30 70
31 83 177
83 31 177
31 77 425
77 31 425
31 39 934
39 31 934
31 51 34
51 31 34
32 76 827
76 32 827
32 83 749
83 32 749
32 73 954
73 32 954
32 86 351
86 32 351
32 60 6
60 32 6
32 69 602
69 32 602
32 92 196
92 32 196
32 64 161
64 32 161
32 95 124
95 32 124
32 61 830
61 32 830
32 75 842
75 32 842
32 51 514
51 32 514
33 64 252
64 33 252
33 52 782
52 33 782
33 61 775
61 33 775
33 91 606
91 33 606
33 41 285
41 33 285
33 47 149
47 33 149
33 65 487
65 33 487
33 77 908
77 33 908
33 81 402
81 33 402
33 36 488
36 33 488
33 34 234
34 33 234
33 85 674
85 33 674
33 59 288
59 33 288
34 39 434
39 34 434
34 49 252
49 34 252
34 80 224
80 34 224
34 63 571
63 34 571
34 92 540
92 34 540
34 59 910
59 34 910
34 66 334
66 34 334
34 59 538
59 34 538
34 48 379
48 34 379
34 55 368
55 34 368
34 93 427
93 34 427
34 79 941
79 34 941
34 96 648
96 34 648
34 43 243
43 34 243
35 46 71
46 35 71
35 72 231
72 35 231
35 86 519
86 35 519
35 68 134
68 35 134
35 75 750
75 35 750
35 36 949
36 35 949
35 70 134
70 35 134
35 54 550
54 35 550
35 45 870
45 35 870
35 66 300
66 35 300
35 55 491
55 35 491
35 48 117
48 35 117
35 47 262
47 35 262
36 82 728
82 36 728
36 76 903
76 36 903
36 66 880
66 36 880
36 53 87
53 36 87
36 86 246
86 36 246
36 88 107
88 36 107
37 57 33
57 37 33
37 74 255
74 37 255
37 52 891
52 37 891
37 49 930
49 37 930
37 59 702
59 37 702
37 53 659
53 37 659
37 71 733
71 37 733
37 53 189
53 37 189
37 87 866
87 37 866
37 53 976
53 37 976
38 42 493
42 38 493
38 83 629
83 38 629
38 59 624
59 38 624
38 82 773
82 38 773
38 50 118
50 38 118
38 49 230
49 38 230
38 53 825
53 38 825
38 72 878
72 38 878
38 48 696
48 38 696
39 70 114
70 39 114
39 91 538
91 39 538
39 72 507
72 39 507
39 44 620
44 39 620
39 88 832
88 39 832
39 94 48
94 39 48
39 82 525
82 39 525
39 63 592
63 39 592
39 76 618
76 39 618
39 88 243
88 39 243
39 93 741
93 39 741
40 48 564
48 40 564
40 47 192
47 40 192
40 63 942
63 40 942
40 89 878
89 40 878
40 97 195
97 40 195
40 84 502
84 40 502
41 52 24
52 41 24
41 93 300
93 41 300
41 85 721
85 41 721
41 50 390
50 41 390
41 93 132
93 41 132
41 57 1
57 41 1
41 48 848
48 41 848
41 47 585
47 41 585
41 94 476
94 41 476
41 53 102
53 41 102
41 74 601
74 41 601
41 90 370
90 41 370
41 96 335
96 41 335
41 75 282
75 41 282
42 67 29
67 42 29
42 69 830
69 42 830
42 74 947
74 42 947
42 85 282
85 42 282
42 73 884
73 42 884
42 89 740
89 42 740
42 85 977
85 42 977
42 54 188
54 42 188
42 68 682
68 42 682
43 93 339
93 43 339
43 67 319
67 43 319
43 91 847
91 43 847
43 55 18
55 43 18
43 82 523
82 43 523
44 56 311
56 44 311
44 92 217
92 44 217
44 48 524
48 44 524
44 76 87
76 44 87
45 66 572
66 45 572
45 70 713
70 45 713
45 76 714
76 45 714
45 49 646
49 45 646
46 85 84
85 46 84
46 90 64
90 46 64
46 86 630
86 46 630
46 52 618
52 46 618
46 58 183
58 46 183
47 66 524
66 47 524
47 58 29
58 47 29
47 89 775
89 47 775
47 88 473
88 47 473
47 65 986
65 47 986
47 73 817
73 47 817
47 77 633
77 47 633
47 62 577
62 47 577
47 50 486
50 47 486
47 97 797
97 47 797
48 56 614
56 48 614
48 91 368
91 48 368
48 71 9
71 48 9
48 69 965
69 48 965
48 72 534
72 48 534
48 90 159
90 48 159
48 80 114
80 48 114
48 81 212
81 48 212
48 70 565
70 48 565
48 69 224
69 48 224
48 89 113
89 48 113
48 55 371
55 48 371
49 68 769
68 49 769
49 84 882
84 49 882
49 53 506
53 49 506
50 59 143
59 50 143
50 57 399
57 50 399
50 73 731
73 50 731
50 89 419
89 50 419
51 53 970
53 51 970
51 88 764
88 51 764
51 73 758
73 51 758
51 68 697
68 51 697
51 83 169
83 51 169
51 56 576
56 51 576
52 54 595
54 52 595
52 77 528
77 52 528
52 78 631
78 52 631
52 62 473
62 52 473
52 68 543
68 52 543
52 68 167
68 52 167
53 80 489
80 53 489
53 70 314
70 53 314
53 83 382
83 53 382
53 66 473
66 53 473
53 68 880
68 53 880
53 62 997
62 53 997
54 72 334
72 54 334
54 72 431
72 54 431
54 90 327
90 54 327
54 88 445
88 54 445
54 86 447
86 54 447
54 71 605
71 54 605
54 96 308
96 54 308
55 84 177
84 55 177
55 92 197
92 55 197
55 88 608
88 55 608
55 74 646
74 55 646
55 66 671
66 55 671
56 69 935
69 56 935
56 79 475
79 56 475
56 91 66
91 56 66
56 91 128
91 56 128
56 76 429
76 56 429
56 95 286
95 56 286
56 59 488
59 56 488
56 57 220
57 56 220
56 90 130
90 56 130
56 89 286
89 56 286
56 70 376
70 56 376
57 75 163
75 57 163
57 93 240
93 57 240
57 75 605
75 57 605
57 71 43
71 57 43
57 85 947
85 57 947
57 96 768
96 57 768
57 58 231
58 57 231
57 67 748
67 57 748
57 84 925
84 57 925
58 62 734
62 58 734
58 81 246
81 58 246
58 86 155
86 58 155
58 67 705
67 58 705
58 72 301
72 58 301
59 70 630
70 59 630
59 79 235
79 59 235
59 81 508
81 59 508
59 78 116
78 59 116
59 97 911
97 59 911
59 83 687
83 59 687
59 80 231
80 59 231
60 71 950
71 60 950
60 91 707
91 60 707
60 93 172
93 60 172
60 61 219
61 60 219
60 76 625
76 60 625
60 69 364
69 60 364
60 78 255
78 60 255
61 84 814
84 61 814
61 76 753
76 61 753
61 90 976
90 61 976
61 83 647
83 61 647
61 66 965
66 61 965
61 63 10
63 61 10
61 91 752
91 61 752
62 87 576
87 62 576
62 72 157
72 62 157
62 84 912
84 62 912
63 78 355
78 63 355
63 93 825
93 63 825
63 66 109
66 63 109
63 76 457
76 63 457
63 82 977
82 63 977
63 79 597
79 63 597
63 82 481
82 63 481
63 94 728
94 63 728
64 86 322
86 64 322
64 95 505
95 64 505
64 93 137
93 64 137
64 80 208
80 64 208
64 86 871
86 64 871
64 84 447
84 64 447
65 71 908
71 65 908
65 86 967
86 65 967
65 92 411
92 65 411
65 96 751
96 65 751
66 85 2
85 66 2
66 81 569
81 66 569
66 72 887
72 66 887
66 86 934
86 66 934
66 68 250
68 66 250
67 79 129
79 67 129
67 87 766
87 67 766
67 76 805
76 67 805
67 77 941
77 67 941
67 76 224
76 67 224
67 68 913
68 67 913
68 73 876
73 68 876
68 87 895
87 68 895
68 87 888
87 68 888
69 74 858
74 69 858
69 94 11
94 69 11
69 92 612
92 69 612
69 91 674
91 69 674
70 91 271
91 70 271
70 76 777
76 70 777
70 81 27
81 70 27
71 80 359
80 71 359
71 84 390
84 71 390
72 97 283
97 72 283
73 88 719
88 73 719
73 86 47
86 73 47
73 96 963
96 73 963
74 81 283
81 74 283
75 89 720
89 75 720
76 79 942
79 76 942
76 85 179
85 76 179
76 91 807
91 76 807
77 81 963
81 77 963
78 86 242
86 78 242
78 90 658
90 78 658
78 80 350
80 78 350
79 83 644
83 79 644
79 82 981
82 79 981
80 96 685
96 80 685
80 89 565
89 80 565
80 85 117
85 80 117
81 85 121
85 81 121
81 89 44
89 81 44
81 96 793
96 81 793
81 96 209
96 81 209
81 92 536
92 81 536
81 96 155
96 81 155
82 91 719
91 82 719
82 92 432
92 82 432
83 86 436
86 83 436
83 83 23
83 83 23
84 91 842
91 84 842
84 86 425
86 84 425
84 85 148
85 84 148
85 91 386
91 85 386
85 95 347
95 85 347
85 86 925
86 85 925
86 94 660
94 86 660
86 89 576
89 86 576
86 91 521
91 86 521
87 94 13
94 87 13
89 92 116
92 89 116
91 91 369
91 91 369
94 97 444
97 94 444
94 97 218
97 94 218
96 97 525
97 96 525
