93

0 1 107
1 0 107
0 8 961
8 0 961
0 9 294
9 0 294
0 60 181
60 0 181
0 89 917
89 0 917
0 2 6
2 0 6
0 43 770
43 0 770
0 48 549
48 0 549
0 36 365
36 0 365
0 62 824
62 0 824
0 43 30
43 0 30
0 45 61
45 0 61
0 64 25
64 0 25
0 50 1000
50 0 1000
0 84 401
84 0 401
0 58 789
58 0 789
1 2 255
2 1 255
1 4 434
4 1 434
1 6 987
6 1 987
1 10 856
10 1 856
1 17 265
17 1 265
1 18 678
18 1 678
1 20 67
20 1 67
1 42 72
42 1 72
1 32 674
32 1 674
1 46 500
46 1 500
1 12 991
12 1 991
1 61 575
61 1 575
1 19 418
19 1 418
1 81 626
81 1 626
1 19 637
19 1 637
1 71 183
71 1 183
1 57 699
57 1 699
1 41 69
41 1 69
1 20 264
20 1 264
2 3 820
3 2 820
2 11 518
11 2 518
2 24 772
24 2 772
2 30 757
30 2 757
2 43 813
43 2 813
2 35 991
35 2 991
2 92 481
92 2 481
2 22 6
22 2 6
2 84 480
84 2 480
2 19 460
19 2 460
2 83 345
83 2 345
2 81 559
81 2 559
2 34 558
34 2 558
2 79 154
79 2 154
2 90 217
90 2 217
2 70 255
70 2 255
2 84 968
84 2 968
2 57 590
57 2 590
2 37 391
37 2 391
3 5 845
5 3 845
3 12 656
12 3 656
3 46 297
46 3 297
3 63 813
63 3 813
3 78 261
78 3 261
3 18 11
18 3 11
3 73 73
73 3 73
3 75 852
75 3 852
3 53 719
53 3 719
3 59 786
59 3 786
3 18 792
18 3 792
3 92 761
92 3 761
3 28 865
28 3 865
3 87 297
87 3 297
3 55 336
55 3 336
3 74 449
74 3 449
3 86 723
86 3 723
3 65 791
65 3 791
3 15 734
15 3 734
3 65 480
65 3 480
3 52 814
52 3 814
3 55 384
55 3 384
4 34 758
34 4 758
4 37 201
37 4 201
4 56 581
56 4 581
4 83 305
83 4 305
4 62 916
62 4 916
4 4 349
4 4 349
4 5 491
5 4 491
4 56 60
56 4 60
4 50 362
50 4 362
4 83 89
83 4 89
4 32 524
32 4 524
4 6 953
6 4 953
4 18 201
18 4 201
4 72 76
72 4 76
4 38 157
38 4 157
4 25 311
25 4 311
4 74 780
74 4 780
4 5 423
5 4 423
4 63 272
63 4 272
4 66 445
66 4 445
4 17 34
17 4 34
4 75 106
75 4 106
5 7 79
7 5 79
5 19 333
19 5 333
5 27 393
27 5 393
5 31 844
31 5 844
5 31 629
31 5 629
5 63 549
63 5 549
5 21 734
21 5 734
5 54 373
54 5 373
5 81 993
81 5 993
5 90 817
90 5 817
5 79 67
79 5 67
5 76 882
76 5 882
5 84 552
84 5 552
5 49 442
49 5 442
5 29 705
29 5 705
5 55 311
55 5 311
5 89 672
89 5 672
6 22 898
22 6 898
6 23 96
23 6 96
6 25 242
25 6 242
6 29 606
29 6 606
6 36 203
36 6 203
6 91 418
91 6 418
6 7 611
7 6 611
6 82 794
82 6 794
6 65 758
65 6 758
6 58 194
58 6 194
6 51 403
51 6 403
6 40 469
40 6 469
6 14 775
14 6 775
6 42 503
42 6 503
6 59 181
59 6 181
6 72 390
72 6 390
6 45 717
45 6 717
6 80 284
80 6 284
6 91 135
91 6 135
6 20 725
20 6 725
7 50 346
50 7 346
7 83 973
83 7 973
7 19 472
19 7 472
7 75 240
75 7 240
7 30 760
30 7 760
7 80 315
80 7 315
7 80 586
80 7 586
7 18 129
18 7 129
7 22 540
22 7 540
7 31 83
31 7 83
7 28 624
28 7 624
7 68 903
68 7 903
7 17 296
17 7 296
7 59 216
59 7 216
7 49 321
49 7 321
7 84 338
84 7 338
7 44 3
44 7 3
7 27 347
27 7 347
8 77 243
77 8 243
8 73 990
73 8 990
8 81 781
81 8 781
8 37 27
37 8 27
8 75 927
75 8 927
8 23 450
23 8 450
8 54 324
54 8 324
8 15 596
15 8 596
8 56 283
56 8 283
8 74 290
74 8 290
8 19 814
19 8 814
8 76 565
76 8 565
8 10 770
10 8 770
8 77 678
77 8 678
8 8 215
8 8 215
8 63 804
63 8 804
9 70 97
70 9 97
9 90 436
90 9 436
9 21 856
21 9 856
9 75 792
75 9 792
9 36 586
36 9 586
9 79 691
79 9 691
9 13 51
13 9 51
9 24 595
24 9 595
9 27 359
27 9 359
9 79 391
79 9 391
9 73 90
73 9 90
9 83 956
83 9 956
9 52 210
52 9 210
9 63 167
63 9 167
10 14 982
14 10 982
10 75 104
75 10 104
10 78 696
78 10 696
10 74 494
74 10 494
10 67 705
67 10 705
10 32 835
32 10 835
10 25 103
25 10 103
10 52 5
52 10 5
10 41 34
41 10 34
10 71 691
71 10 691
10 66 696
66 10 696
10 86 33
86 10 33
10 44 258
44 10 258
10 36 18
36 10 18
10 80 118
80 10 118
10 50 505
50 10 505
10 26 986
26 10 986
10 70 373
70 10 373
10 42 384
42 10 384
10 58 795
58 10 795
11 15 751
15 11 751
11 16 75
16 11 75
11 12 160
12 11 160
11 86 927
86 11 927
11 54 559
54 11 559
11 62 996
62 11 996
11 79 778
79 11 778
11 66 777
66 11 777
11 50 4
50 11 4
11 37 329
37 11 329
11 84 205
84 11 205
11 19 95
19 11 95
11 56 710
56 11 710
11 31 537
31 11 537
12 13 606
13 12 606
12 28 517
28 12 517
12 79 168
79 12 168
12 71 587
71 12 587
12 43 292
43 12 292
12 31 955
31 12 955
12 61 30
61 12 30
12 76 317
76 12 317
12 61 392
61 12 392
12 45 808
45 12 808
13 21 908
21 13 908
13 35 758
35 13 758
13 52 632
52 13 632
13 31 265
31 13 265
13 24 654
24 13 654
13 26 843
26 13 843
13 50 891
50 13 891
13 31 118
31 13 118
13 23 932
23 13 932
13 76 574
76 13 574
13 48 823
48 13 823
13 60 26
60 13 26
13 76 202
76 13 202
13 74 853
74 13 853
13 71 859
71 13 859
13 51 747
51 13 747
14 26 220
26 14 220
14 23 566
23 14 566
14 38 529
38 14 529
14 75 145
75 14 145
14 38 587
38 14 587
14 25 17
25 14 17
15 38 259
38 15 259
15 49 704
49 15 704
15 67 702
67 15 702
15 32 119
32 15 119
15 88 611
88 15 611
15 89 847
89 15 847
15 69 86
69 15 86
15 52 305
52 15 305
15 76 10
76 15 10
15 34 184
34 15 184
15 57 195
57 15 195
15 49 319
49 15 319
15 56 623
56 15 623
15 48 957
48 15 957
15 31 805
31 15 805
15 55 884
55 15 884
16 74 136
74 16 136
16 86 635
86 16 635
16 29 31
29 16 31
16 46 938
46 16 938
16 83 722
83 16 722
16 53 301
53 16 301
16 77 470
77 16 470
16 55 974
55 16 974
16 75 94
75 16 94
16 73 54
73 16 54
17 55 28
55 17 28
17 57 161
57 17 161
17 85 826
85 17 826
17 75 620
75 17 620
17 33 213
33 17 213
17 73 2
73 17 2
17 19 981
19 17 981
17 80 515
80 17 515
17 84 582
84 17 582
17 67 842
67 17 842
18 51 372
51 18 372
18 92 657
92 18 657
18 34 16
34 18 16
18 75 929
75 18 929
18 27 165
27 18 165
18 49 12
49 18 12
18 26 835
26 18 835
18 46 691
46 18 691
18 26 342
26 18 342
18 86 243
86 18 243
18 65 790
65 18 790
19 75 331
75 19 331
19 31 820
31 19 820
19 90 821
90 19 821
19 31 361
31 19 361
19 52 337
52 19 337
19 46 373
46 19 373
19 35 601
35 19 601
19 20 982
20 19 982
19 42 863
42 19 863
19 74 413
74 19 413
19 28 38
28 19 38
19 49 368
49 19 368
19 87 997
87 19 997
19 42 17
42 19 17
20 49 348
49 20 348
20 61 583
61 20 583
20 44 345
44 20 345
20 57 811
57 20 811
20 70 343
70 20 343
20 25 402
25 20 402
20 34 576
34 20 576
20 22 485
22 20 485
20 48 544
48 20 544
20 37 956
37 20 956
20 45 983
45 20 983
20 40 675
40 20 675
21 32 470
32 21 470
21 92 404
92 21 404
21 88 542
88 21 542
21 39 53
39 21 53
21 66 910
66 21 910
21 85 121
85 21 121
21 83 929
83 21 929
21 24 662
24 21 662
21 91 402
91 21 402
21 63 630
63 21 630
21 30 783
30 21 783
21 37 134
37 21 134
21 32 750
32 21 750
22 41 769
41 22 769
22 52 906
52 22 906
22 33 24
33 22 24
22 33 820
33 22 820
22 42 22
42 22 22
22 75 474
75 22 474
22 87 155
87 22 155
22 68 384
68 22 384
22 74 878
74 22 878
22 22 156
22 22 156
22 84 649
84 22 649
22 91 386
91 22 386
23 62 38
62 23 38
23 72 866
72 23 866
23 84 122
84 23 122
23 28 805
28 23 805
23 67 155
67 23 155
23 74 963
74 23 963
23 81 395
81 23 395
23 31 597
31 23 597
23 56 338
56 23 338
23 50 392
50 23 392
23 92 866
92 23 866
23 62 169
62 23 169
23 68 506
68 23 506
24 65 372
65 24 372
24 74 320
74 24 320
24 26 191
26 24 191
24 57 369
57 24 369
24 43 508
43 24 508
24 74 192
74 24 192
24 46 914
46 24 914
24 37 78
37 24 78
24 63 726
63 24 726
24 67 800
67 24 800
24 90 209
90 24 209
24 90 465
90 24 465
24 40 100
40 24 100
24 48 271
48 24 271
25 51 136
51 25 136
25 80 235
80 25 235
25 34 944
34 25 944
25 39 946
39 25 946
25 45 899
45 25 899
25 61 554
61 25 554
25 58 959
58 25 959
25 78 266
78 25 266
25 43 317
43 25 317
26 50 204
50 26 204
26 72 857
72 26 857
26 55 509
55 26 509
26 36 414
36 26 414
26 51 151
51 26 151
26 56 643
56 26 643
26 47 217
47 26 217
26 85 504
85 26 504
26 49 495
49 26 495
27 77 736
77 27 736
27 57 846
57 27 846
27 63 179
63 27 179
27 85 441
85 27 441
27 68 519
68 27 519
27 34 22
34 27 22
27 71 157
71 27 157
27 48 358
48 27 358
27 74 644
74 27 644
27 45 468
45 27 468
27 71 845
71 27 845
28 59 768
59 28 768
28 46 736
46 28 736
28 30 214
30 28 214
28 82 881
82 28 881
28 56 38
56 28 38
28 33 217
33 28 217
28 63 548
63 28 548
28 48 575
48 28 575
28 64 806
64 28 806
28 28 804
28 28 804
28 68 654
68 28 654
29 75 350
75 29 350
29 73 916
73 29 916
29 47 803
47 29 803
30 45 387
45 30 387
30 79 608
79 30 608
30 52 522
52 30 522
30 56 889
56 30 889
30 79 603
79 30 603
30 50 461
50 30 461
30 59 971
59 30 971
30 51 803
51 30 803
30 41 715
41 30 715
30 68 166
68 30 166
30 67 115
67 30 115
30 40 667
40 30 667
30 66 967
66 30 967
30 52 362
52 30 362
31 33 413
33 31 413
31 58 647
58 31 647
31 75 460
75 31 460
31 84 531
84 31 531
31 60 290
60 31 290
31 61 477
61 31 477
31 32 519
32 31 519
31 51 81
51 31 81
31 50 362
50 31 362
31 62 474
62 31 474
31 58 958
58 31 958
31 46 21
46 31 21
32 82 13
82 32 13
32 82 16
82 32 16
32 74 203
74 32 203
32 59 927
59 32 927
32 82 274
82 32 274
32 52 209
52 32 209
32 66 262
66 32 262
32 91 855
91 32 855
32 49 956
49 32 956
33 82 312
82 33 312
33 65 237
65 33 237
33 40 245
40 33 245
33 59 847
59 33 847
33 62 90
62 33 90
33 39 414
39 33 414
33 62 308
62 33 308
33 90 116
90 33 116
33 50 854
50 33 854
34 44 144
44 34 144
34 67 709
67 34 709
34 74 335
74 34 335
34 43 485
43 34 485
34 43 284
43 34 284
34 77 773
77 34 773
34 80 415
80 34 415
34 81 515
81 34 515
34 40 902
40 34 902
35 89 708
89 35 708
35 55 138
55 35 138
35 91 748
91 35 748
35 63 216
63 35 216
35 83 114
83 35 114
35 67 517
67 35 517
35 77 428
77 35 428
36 81 899
81 36 899
36 36 286
36 36 286
36 44 88
44 36 88
36 71 549
71 36 549
36 89 409
89 36 409
37 73 968
73 37 968
37 39 41
39 37 41
37 63 838
63 37 838
37 52 206
52 37 206
37 48 702
48 37 702
37 50 564
50 37 564
37 73 708
73 37 708
38 39 457
39 38 457
38 82 571
82 38 571
38 86 810
86 38 810
38 69 655
69 38 655
38 74 102
74 38 102
38 66 155
66 38 155
38 40 128
40 38 128
38 73 649
73 38 649
38 78 153
78 38 153
38 89 43
89 38 43
38 89 589
89 38 589
38 50 776
50 38 776
38 87 730
87 38 730
38 39 323
39 38 323
38 68 518
68 38 518
38 85 43
85 38 43
39 40 615
40 39 615
39 78 467
78 39 467
39 41 70
41 39 70
39 92 801
92 39 801
39 65 232
65 39 232
39 70 336
70 39 336
40 49 511
49 40 511
40 72 142
72 40 142
40 86 91
86 40 91
40 76 200
76 40 200
40 61 621
61 40 621
40 54 312
54 40 312
41 90 146
90 41 146
41 59 46
59 41 46
41 78 469
78 41 469
41 46 20
46 41 20
41 57 899
57 41 899
41 63 427
63 41 427
41 49 91
49 41 91
41 57 990
57 41 990
42 48 217
48 42 217
42 71 807
71 42 807
42 68 537
68 42 537
42 62 9
62 42 9
42 46 507
46 42 507
43 54 92
54 43 92
43 47 310
47 43 310
43 65 680
65 43 680
43 46 715
46 43 715
43 46 493
46 43 493
43 71 128
71 43 128
43 72 684
72 43 684
44 56 374
56 44 374
44 74 724
74 44 724
44 46 709
46 44 709
44 71 917
71 44 917
44 51 639
51 44 639
44 68 898
68 44 898
44 64 158
64 44 158
45 61 33
61 45 33
45 67 223
67 45 223
45 89 991
89 45 991
45 72 517
72 45 517
45 92 426
92 45 426
45 82 945
82 45 945
45 72 169
72 45 169
45 75 615
75 45 615
45 63 435
63 45 435
45 56 874
56 45 874
45 90 630
90 45 630
45 75 703
75 45 703
46 47 98
47 46 98
46 73 906
73 46 906
46 64 259
64 46 259
46 55 976
55 46 976
46 71 740
71 46 740
46 61 863
61 46 863
46 81 728
81 46 728
46 72 877
72 46 877
47 61 848
61 47 848
47 61 589
61 47 589
47 75 374
75 47 374
47 75 273
75 47 273
47 89 236
89 47 236
48 68 895
68 48 895
48 57 634
57 48 634
48 90 334
90 48 334
48 74 37
74 48 37
48 61 889
61 48 889
48 63 455
63 48 455
48 51 775
51 48 775
48 91 274
91 48 274
48 68 562
68 48 562
49 65 284
65 49 284
49 88 684
88 49 684
50 71 698
71 50 698
50 60 994
60 50 994
50 77 137
77 50 137
51 54 137
54 51 137
51 62 960
62 51 960
51 84 295
84 51 295
51 53 111
53 51 111
51 64 176
64 51 176
51 86 124
86 51 124
51 72 278
72 51 278
52 53 584
53 52 584
52 56 506
56 52 506
52 80 283
80 52 283
52 83 799
83 52 799
52 86 939
86 52 939
52 59 830
59 52 830
52 58 81
58 52 81
52 66 665
66 52 665
52 58 267
58 52 267
52 67 481
67 52 481
52 72 834
72 52 834
53 76 502
76 53 502
53 85 956
85 53 956
53 71 558
71 53 558
53 69 516
69 53 516
53 78 595
78 53 595
54 81 119
81 54 119
54 54 927
54 54 927
54 67 625
67 54 625
54 87 96
87 54 96
54 70 333
70 54 333
54 80 788
80 54 788
54 82 760
82 54 760
54 77 261
77 54 261
54 62 919
62 54 919
55 66 883
66 55 883
55 84 729
84 55 729
55 90 751
90 55 751
55 85 608
85 55 608
55 73 526
73 55 526
55 78 253
78 55 253
55 65 68
65 55 68
56 75 156
75 56 156
56 81 130
81 56 130
56 92 62
92 56 62
56 70 704
70 56 704
57 69 562
69 57 562
58 88 789
88 58 789
58 88 981
88 58 981
58 92 634
92 58 634
58 77 484
77 58 484
58 70 677
70 58 677
59 86 19
86 59 19
59 71 358
71 59 358
59 60 794
60 59 794
59 88 380
88 59 380
59 88 663
88 59 663
59 87 413
87 59 413
59 69 785
69 59 785
59 72 308
72 59 308
60 86 808
86 60 808
60 66 345
66 60 345
60 77 464
77 60 464
60 60 878
60 60 878
61 83 959
83 61 959
61 86 208
86 61 208
61 86 354
86 61 354
61 62 355
62 61 355
61 72 972
72 61 972
61 66 902
66 61 902
62 67 970
67 62 970
62 80 160
80 62 160
62 74 540
74 62 540
62 68 228
68 62 228
62 67 10
67 62 10
62 65 340
65 62 340
63 64 477
64 63 477
63 64 623
64 63 623
63 75 138
75 63 138
63 70 602
70 63 602
64 66 433
66 64 433
64 76 578
76 64 578
64 91 616
91 64 616
64 87 373
87 64 373
64 74 55
74 64 55
64 74 177
74 64 177
65 90 218
90 65 218
65 87 990
87 65 990
65 68 505
68 65 505
66 74 563
74 66 563
66 69 225
69 66 225
66 90 708
90 66 708
66 69 886
69 66 886
66 69 732
69 66 732
67 90 400
90 67 400
67 89 797
89 67 797
67 92 9
92 67 9
68 73 887
73 68 887
68 86 304
86 68 304
69 80 30
80 69 30
69 78 806
78 69 806
69 79 20
79 69 20
69 74 701
74 69 701
69 84 140
84 69 140
69 88 304
88 69 304
69 89 125
89 69 125
70 80 531
80 70 531
70 86 525
86 70 525
71 89 423
89 71 423
71 73 574
73 71 574
71 83 828
83 71 828
71 86 20
86 71 20
71 85 994
85 71 994
71 83 445
83 71 445
72 74 79
74 72 79
72 90 447
90 72 447
72 79 172
79 72 172
72 82 258
82 72 258
72 83 343
83 72 343
72 75 526
75 72 526
72 83 614
83 72 614
72 86 27
86 72 27
73 87 956
87 73 956
73 81 142
81 73 142
74 91 331
91 74 331
75 76 831
76 75 831
75 76 5
76 75 5
75 76 485
76 75 485
76 91 171
91 76 171
76 92 203
92 76 203
77 79 845
79 77 845
77 88 73
88 77 73
78 80 260
80 78 260
79 81 115
81 79 115
79 91 389
91 79 389
80 85 913
85 80 913
80 88 253
88 80 253
80 90 328
90 80 328
82 92 44
92 82 44
83 89 524
89 83 524
83 91 638
91 83 638
83 89 734
89 83 734
84 89 709
89 84 709
86 88 910
88 86 910
88 89 736
89 88 736
