36

0 1 787
1 0 787
0 2 719
2 0 719
0 6 65
6 0 65
0 8 445
8 0 445
0 9 113
9 0 113
0 25 464
25 0 464
1 3 923
3 1 923
1 5 1
5 1 1
1 15 727
15 1 727
1 23 254
23 1 254
1 20 666
20 1 666
2 13 15
13 2 15
2 21 26
21 2 26
2 32 670
32 2 670
2 20 33
20 2 33
3 4 474
4 3 474
3 11 563
11 3 563
3 18 628
18 3 628
3 30 276
30 3 276
3 9 454
9 3 454
3 31 511
31 3 511
3 27 820
27 3 820
4 32 423
32 4 423
5 7 783
7 5 783
5 28 861
28 5 861
5 21 137
21 5 137
6 26 798
26 6 798
7 16 946
16 7 946
7 17 43
17 7 43
7 16 578
16 7 578
7 34 619
34 7 619
7 35 711
35 7 711
8 29 176
29 8 176
8 14 762
14 8 762
9 10 397
10 9 397
9 12 57
12 9 57
9 14 398
14 9 398
11 20 288
20 11 288
11 28 54
28 11 54
12 14 896
14 12 896
12 30 388
30 12 388
12 29 842
29 12 842
12 28 69
28 12 69
12 21 469
21 12 469
12 18 892
18 12 892
13 27 121
27 13 121
16 22 220
22 16 220
16 31 457
31 16 457
16 30 237
30 16 237
17 25 560
25 17 560
18 19 433
19 18 433
18 26 229
26 18 229
18 21 809
21 18 809
18 29 510
29 18 510
19 20 277
20 19 277
19 25 693
25 19 693
20 34 755
34 20 755
21 24 77
24 21 77
22 28 136
28 22 136
22 33 819
33 22 819
22 32 316
32 22 316
22 22 401
22 22 401
23 32 338
32 23 338
24 29 113
29 24 113
26 26 591
26 26 591
27 32 327
32 27 327
28 30 100
30 28 100
29 35 270
35 29 270
32 34 775
34 32 775
34 35 612
35 34 612
