75

0 1 679
1 0 679
0 4 80
4 0 80
0 5 248
5 0 248
0 6 755
6 0 755
0 10 710
10 0 710
0 20 255
20 0 255
0 30 836
30 0 836
0 61 198
61 0 198
0 14 902
14 0 902
0 1 72
1 0 72
0 62 80
62 0 80
0 48 26
48 0 26
0 63 503
63 0 503
0 6 853
6 0 853
0 41 973
41 0 973
0 50 435
50 0 435
0 4 227
4 0 227
0 42 604
42 0 604
0 23 11
23 0 11
1 2 116
2 1 116
1 3 932
3 1 932
1 43 748
43 1 748
1 30 577
30 1 577
1 61 899
61 1 899
1 74 626
74 1 626
1 14 116
14 1 116
1 12 332
12 1 332
1 58 925
58 1 925
1 30 60
30 1 60
1 34 703
34 1 703
1 14 849
14 1 849
2 54 142
54 2 142
2 64 287
64 2 287
2 50 225
50 2 225
2 10 137
10 2 137
2 54 856
54 2 856
2 27 129
27 2 129
2 33 146
33 2 146
2 9 130
9 2 130
2 67 621
67 2 621
2 68 673
68 2 673
2 59 219
59 2 219
2 8 555
8 2 555
3 18 771
18 3 771
3 29 561
29 3 561
3 4 973
4 3 973
3 40 94
40 3 94
3 57 775
57 3 775
3 37 878
37 3 878
3 68 546
68 3 546
3 15 170
15 3 170
3 69 152
69 3 152
3 60 106
60 3 106
4 7 12
7 4 12
4 13 644
13 4 644
4 13 341
13 4 341
4 9 379
9 4 379
4 33 48
33 4 48
4 31 35
31 4 35
4 14 402
14 4 402
4 39 613
39 4 613
4 50 767
50 4 767
4 49 198
49 4 198
4 31 70
31 4 70
4 42 535
42 4 535
4 30 604
30 4 604
4 48 19
48 4 19
4 15 264
15 4 264
5 9 499
9 5 499
5 12 687
12 5 687
5 16 102
16 5 102
5 19 38
19 5 38
5 11 240
11 5 240
5 69 448
69 5 448
5 31 678
31 5 678
5 45 343
45 5 343
5 54 319
54 5 319
5 32 162
32 5 162
5 53 418
53 5 418
5 46 757
46 5 757
5 59 401
59 5 401
5 9 443
9 5 443
5 48 354
48 5 354
5 69 396
69 5 396
5 72 409
72 5 409
6 8 693
8 6 693
6 24 15
24 6 15
6 46 196
46 6 196
6 70 825
70 6 825
6 62 310
62 6 310
6 12 146
12 6 146
6 12 519
12 6 519
6 12 205
12 6 205
6 64 286
64 6 286
6 56 806
56 6 806
6 12 225
12 6 225
6 28 886
28 6 886
6 15 617
15 6 617
6 41 647
41 6 647
6 68 269
68 6 269
6 8 19
8 6 19
7 69 525
69 7 525
7 58 736
58 7 736
7 29 270
29 7 270
7 44 159
44 7 159
7 8 393
8 7 393
7 72 979
72 7 979
7 47 170
47 7 170
7 32 760
32 7 760
8 11 697
11 8 697
8 31 46
31 8 46
8 32 594
32 8 594
8 42 462
42 8 462
8 39 76
39 8 76
8 29 437
29 8 437
8 53 875
53 8 875
8 40 822
40 8 822
8 51 709
51 8 709
8 34 564
34 8 564
9 35 119
35 9 119
9 50 108
50 9 108
9 11 307
11 9 307
9 27 250
27 9 250
9 25 887
25 9 887
9 21 902
21 9 902
9 23 426
23 9 426
9 68 192
68 9 192
9 65 611
65 9 611
9 62 371
62 9 371
9 58 516
58 9 516
9 45 98
45 9 98
10 14 779
14 10 779
10 30 747
30 10 747
10 40 297
40 10 297
10 49 335
49 10 335
10 28 414
28 10 414
10 26 180
26 10 180
11 17 743
17 11 743
11 27 161
27 11 161
11 63 159
63 11 159
11 31 764
31 11 764
11 29 680
29 11 680
11 54 86
54 11 86
11 46 832
46 11 832
11 17 484
17 11 484
11 41 124
41 11 124
11 71 993
71 11 993
11 49 874
49 11 874
11 31 694
31 11 694
11 31 987
31 11 987
12 23 864
23 12 864
12 22 665
22 12 665
12 69 889
69 12 889
12 63 573
63 12 573
12 18 226
18 12 226
12 54 58
54 12 58
12 56 602
56 12 602
12 21 327
21 12 327
12 30 12
30 12 12
12 51 80
51 12 80
12 34 642
34 12 642
12 28 685
28 12 685
12 50 309
50 12 309
12 26 87
26 12 87
13 15 438
15 13 438
13 38 447
38 13 447
13 43 784
43 13 784
13 53 496
53 13 496
13 43 325
43 13 325
13 29 12
29 13 12
13 40 500
40 13 500
13 58 701
58 13 701
13 15 87
15 13 87
13 56 82
56 13 82
13 26 224
26 13 224
13 22 757
22 13 757
14 70 863
70 14 863
14 72 591
72 14 591
14 23 905
23 14 905
14 70 853
70 14 853
14 18 745
18 14 745
14 50 778
50 14 778
14 59 255
59 14 255
14 44 954
44 14 954
14 70 722
70 14 722
14 53 236
53 14 236
14 26 13
26 14 13
14 40 648
40 14 648
15 22 137
22 15 137
15 29 959
29 15 959
15 74 887
74 15 887
15 40 704
40 15 704
15 53 720
53 15 720
15 50 646
50 15 646
15 20 531
20 15 531
15 21 985
21 15 985
15 34 917
34 15 917
15 29 109
29 15 109
15 25 721
25 15 721
15 65 973
65 15 973
15 63 530
63 15 530
16 21 81
21 16 81
16 25 178
25 16 178
16 46 679
46 16 679
16 17 820
17 16 820
16 41 357
41 16 357
16 42 827
42 16 827
16 18 805
18 16 805
16 40 601
40 16 601
16 40 194
40 16 194
16 37 906
37 16 906
16 29 677
29 16 677
17 26 503
26 17 503
17 56 11
56 17 11
17 45 385
45 17 385
17 53 972
53 17 972
17 20 147
20 17 147
17 20 653
20 17 653
17 62 650
62 17 650
17 69 396
69 17 396
17 69 496
69 17 496
17 58 314
58 17 314
17 55 227
55 17 227
17 44 144
44 17 144
18 28 189
28 18 189
18 74 517
74 18 517
18 52 541
52 18 541
18 27 874
27 18 874
18 49 378
49 18 378
18 33 726
33 18 726
18 70 23
70 18 23
18 64 1
64 18 1
18 47 239
47 18 239
18 55 890
55 18 890
18 58 39
58 18 39
18 54 349
54 18 349
18 63 909
63 18 909
18 43 709
43 18 709
19 34 371
34 19 371
19 47 962
47 19 962
19 57 906
57 19 906
19 66 916
66 19 916
19 59 525
59 19 525
19 58 86
58 19 86
19 45 557
45 19 557
19 20 554
20 19 554
19 20 809
20 19 809
19 27 407
27 19 407
19 20 292
20 19 292
19 56 541
56 19 541
19 60 19
60 19 19
20 36 528
36 20 528
20 52 800
52 20 800
20 49 601
49 20 601
20 69 738
69 20 738
20 57 374
57 20 374
20 32 380
32 20 380
20 59 287
59 20 287
20 37 358
37 20 358
20 37 564
37 20 564
20 74 733
74 20 733
20 64 253
64 20 253
20 54 275
54 20 275
21 28 196
28 21 196
21 72 154
72 21 154
21 30 671
30 21 671
21 62 475
62 21 475
21 35 797
35 21 797
21 22 768
22 21 768
22 68 333
68 22 333
22 70 147
70 22 147
22 45 1000
45 22 1000
22 50 949
50 22 949
22 61 284
61 22 284
22 55 31
55 22 31
22 33 488
33 22 488
22 41 12
41 22 12
23 60 555
60 23 555
23 65 980
65 23 980
23 38 634
38 23 634
23 46 733
46 23 733
23 31 106
31 23 106
23 35 218
35 23 218
23 33 264
33 23 264
23 27 514
27 23 514
23 69 313
69 23 313
23 62 608
62 23 608
23 56 839
56 23 839
23 30 532
30 23 532
24 40 511
40 24 511
24 41 69
41 24 69
24 63 551
63 24 551
24 54 630
54 24 630
24 61 274
61 24 274
24 39 500
39 24 500
24 31 530
31 24 530
24 69 675
69 24 675
24 65 362
65 24 362
24 60 251
60 24 251
24 59 230
59 24 230
24 73 747
73 24 747
25 39 15
39 25 15
25 58 81
58 25 81
25 29 723
29 25 723
25 36 559
36 25 559
25 26 470
26 25 470
25 71 977
71 25 977
26 68 130
68 26 130
26 72 580
72 26 580
26 33 76
33 26 76
26 71 849
71 26 849
26 52 437
52 26 437
26 56 831
56 26 831
26 29 631
29 26 631
26 55 171
55 26 171
26 32 608
32 26 608
26 29 646
29 26 646
27 46 36
46 27 36
27 65 664
65 27 664
27 65 515
65 27 515
27 28 559
28 27 559
27 74 188
74 27 188
27 53 79
53 27 79
27 41 387
41 27 387
27 62 549
62 27 549
27 50 447
50 27 447
27 54 171
54 27 171
28 33 438
33 28 438
28 73 918
73 28 918
28 40 561
40 28 561
28 71 323
71 28 323
28 67 260
67 28 260
28 29 736
29 28 736
28 60 195
60 28 195
29 56 759
56 29 759
29 31 12
31 29 12
29 62 884
62 29 884
29 35 875
35 29 875
29 56 72
56 29 72
30 46 569
46 30 569
30 60 634
60 30 634
30 56 419
56 30 419
30 38 81
38 30 81
30 55 392
55 30 392
30 43 618
43 30 618
30 61 101
61 30 101
31 53 34
53 31 34
31 65 559
65 31 559
31 36 504
36 31 504
31 59 318
59 31 318
31 68 673
68 31 673
31 47 344
47 31 344
31 61 578
61 31 578
31 64 273
64 31 273
31 60 245
60 31 245
32 48 569
48 32 569
32 37 877
37 32 877
32 63 62
63 32 62
32 62 908
62 32 908
32 34 131
34 32 131
32 46 235
46 32 235
32 59 574
59 32 574
32 32 652
32 32 652
32 43 973
43 32 973
33 49 112
49 33 112
33 52 567
52 33 567
33 37 573
37 33 573
33 47 485
47 33 485
33 50 830
50 33 830
33 49 323
49 33 323
33 48 64
48 33 64
33 51 657
51 33 657
34 65 899
65 34 899
34 61 789
61 34 789
34 39 921
39 34 921
34 37 10
37 34 10
34 40 701
40 34 701
34 56 737
56 34 737
34 70 57
70 34 57
34 41 999
41 34 999
35 37 226
37 35 226
35 51 803
51 35 803
35 64 834
64 35 834
35 71 560
71 35 560
35 56 80
56 35 80
35 37 801
37 35 801
35 57 461
57 35 461
35 47 111
47 35 111
35 44 431
44 35 431
36 60 434
60 36 434
36 36 725
36 36 725
36 60 712
60 36 712
36 72 9
72 36 9
36 40 752
40 36 752
36 46 497
46 36 497
37 42 681
42 37 681
37 49 132
49 37 132
37 56 509
56 37 509
38 45 491
45 38 491
38 57 628
57 38 628
38 56 818
56 38 818
38 71 327
71 38 327
38 72 454
72 38 454
38 44 755
44 38 755
39 74 328
74 39 328
39 47 338
47 39 338
39 59 196
59 39 196
39 63 734
63 39 734
39 52 684
52 39 684
39 40 297
40 39 297
39 61 438
61 39 438
40 58 167
58 40 167
40 59 188
59 40 188
40 72 743
72 40 743
40 55 830
55 40 830
40 49 794
49 40 794
40 55 754
55 40 754
40 41 271
41 40 271
40 58 874
58 40 874
41 64 860
64 41 860
41 44 130
44 41 130
42 62 862
62 42 862
42 73 678
73 42 678
43 44 811
44 43 811
43 61 40
61 43 40
43 74 82
74 43 82
43 69 276
69 43 276
44 45 697
45 44 697
44 67 119
67 44 119
44 52 724
52 44 724
44 62 768
62 44 768
44 49 207
49 44 207
44 46 690
46 44 690
44 50 216
50 44 216
44 66 112
66 44 112
45 70 856
70 45 856
45 65 699
65 45 699
45 52 667
52 45 667
46 71 438
71 46 438
46 52 113
52 46 113
46 58 448
58 46 448
46 57 62
57 46 62
46 70 424
70 46 424
46 48 820
48 46 820
47 65 707
65 47 707
47 70 343
70 47 343
47 59 148
59 47 148
47 74 977
74 47 977
47 53 845
53 47 845
47 67 159
67 47 159
47 54 705
54 47 705
48 69 594
69 48 594
48 71 869
71 48 869
48 55 224
55 48 224
48 71 21
71 48 21
48 60 996
60 48 996
48 66 321
66 48 321
48 54 848
54 48 848
49 59 142
59 49 142
49 69 866
69 49 866
49 58 869
58 49 869
49 72 754
72 49 754
49 57 573
57 49 573
49 68 967
68 49 967
50 66 938
66 50 938
50 52 873
52 50 873
50 52 492
52 50 492
50 60 182
60 50 182
50 70 923
70 50 923
51 55 721
55 51 721
51 71 118
71 51 118
51 66 313
66 51 313
52 72 923
72 52 923
52 67 91
67 52 91
52 62 185
62 52 185
52 67 570
67 52 570
53 70 157
70 53 157
53 54 710
54 53 710
54 70 33
70 54 33
54 56 922
56 54 922
54 56 490
56 54 490
54 55 533
55 54 533
55 56 828
56 55 828
55 57 625
57 55 625
56 68 26
68 56 26
57 57 451
57 57 451
57 71 923
71 57 923
57 69 57
69 57 57
57 61 162
61 57 162
57 74 578
74 57 578
57 70 862
70 57 862
57 66 52
66 57 52
58 62 195
62 58 195
58 68 823
68 58 823
58 74 684
74 58 684
59 68 658
68 59 658
59 61 142
61 59 142
59 73 265
73 59 265
59 71 171
71 59 171
59 71 353
71 59 353
59 63 612
63 59 612
59 60 842
60 59 842
60 69 876
69 60 876
60 72 967
72 60 967
61 67 839
67 61 839
61 71 828
71 61 828
61 66 393
66 61 393
62 73 141
73 62 141
62 71 315
71 62 315
63 68 596
68 63 596
63 65 523
65 63 523
64 66 90
66 64 90
64 67 197
67 64 197
65 71 203
71 65 203
65 65 803
65 65 803
66 69 498
69 66 498
66 72 44
72 66 44
67 68 348
68 67 348
68 71 384
71 68 384
68 72 872
72 68 872
69 74 72
74 69 72
70 73 357
73 70 357
71 73 262
73 71 262
71 71 30
71 71 30
