85

0 1 156
1 0 156
0 7 602
7 0 602
0 39 76
39 0 76
0 68 317
68 0 317
0 39 956
39 0 956
0 56 131
56 0 131
0 60 910
60 0 910
1 2 251
2 1 251
1 3 677
3 1 677
1 6 432
6 1 432
1 18 295
18 1 295
1 22 56
22 1 56
1 32 810
32 1 810
1 40 570
40 1 570
1 48 651
48 1 651
1 74 194
74 1 194
1 38 232
38 1 232
1 40 957
40 1 957
1 82 834
82 1 834
2 15 776
15 2 776
2 28 962
28 2 962
2 49 226
49 2 226
2 61 205
61 2 205
2 18 666
18 2 666
2 80 377
80 2 377
3 4 973
4 3 973
3 5 935
5 3 935
3 11 425
11 3 425
3 16 513
16 3 513
3 25 301
25 3 301
3 48 932
48 3 932
3 11 514
11 3 514
3 55 140
55 3 140
3 84 663
84 3 663
3 48 559
48 3 559
3 14 438
14 3 438
3 83 436
83 3 436
3 21 723
21 3 723
3 35 878
35 3 878
3 3 713
3 3 713
4 10 127
10 4 127
4 13 657
13 4 657
4 25 574
25 4 574
4 8 494
8 4 494
4 19 224
19 4 224
4 51 234
51 4 234
4 9 613
9 4 613
4 52 306
52 4 306
5 13 395
13 5 395
5 77 127
77 5 127
5 51 248
51 5 248
5 11 912
11 5 912
5 47 683
47 5 683
6 8 53
8 6 53
6 9 343
9 6 343
6 12 135
12 6 135
6 38 886
38 6 886
6 44 637
44 6 637
6 15 517
15 6 517
6 48 15
48 6 15
6 73 118
73 6 118
7 20 845
20 7 845
7 74 950
74 7 950
7 9 38
9 7 38
7 31 822
31 7 822
7 34 385
34 7 385
7 27 992
27 7 992
7 79 169
79 7 169
7 51 545
51 7 545
8 42 263
42 8 263
8 43 33
43 8 33
8 46 595
46 8 595
8 52 213
52 8 213
8 21 401
21 8 401
8 23 979
23 8 979
8 75 829
75 8 829
9 24 510
24 9 510
9 57 189
57 9 189
9 80 793
80 9 793
10 47 853
47 10 853
10 14 414
14 10 414
10 74 926
74 10 926
10 13 115
13 10 115
11 14 970
14 11 970
11 17 958
17 11 958
11 19 401
19 11 401
11 36 680
36 11 680
11 70 48
70 11 48
11 50 654
50 11 654
11 82 801
82 11 801
12 30 398
30 12 398
12 36 913
36 12 913
12 73 690
73 12 690
12 16 50
16 12 50
12 28 959
28 12 959
12 50 665
50 12 665
12 15 886
15 12 886
12 81 208
81 12 208
13 37 244
37 13 244
13 50 522
50 13 522
13 54 202
54 13 202
13 36 457
36 13 457
13 60 78
60 13 78
14 56 653
56 14 653
14 84 415
84 14 415
14 83 360
83 14 360
14 14 68
14 14 68
14 69 550
69 14 550
14 31 777
31 14 777
14 17 759
17 14 759
14 56 460
56 14 460
14 21 726
21 14 726
14 28 196
28 14 196
14 72 816
72 14 816
15 35 844
35 15 844
15 69 871
69 15 871
15 71 135
71 15 135
15 77 881
77 15 881
15 33 863
33 15 863
15 28 75
28 15 75
15 21 124
21 15 124
15 23 430
23 15 430
15 61 605
61 15 605
16 17 830
17 16 830
16 35 16
35 16 16
16 83 309
83 16 309
16 43 87
43 16 87
16 67 480
67 16 480
16 83 910
83 16 910
16 43 768
43 16 768
16 48 530
48 16 530
16 62 29
62 16 29
17 27 409
27 17 409
17 59 663
59 17 663
17 75 405
75 17 405
17 29 656
29 17 656
17 63 420
63 17 420
17 54 438
54 17 438
17 79 730
79 17 730
18 46 153
46 18 153
18 57 629
57 18 629
18 65 2
65 18 2
18 37 847
37 18 847
18 79 976
79 18 976
19 23 746
23 19 746
19 31 805
31 19 805
19 61 724
61 19 724
19 43 266
43 19 266
19 35 698
35 19 698
19 49 307
49 19 307
19 61 212
61 19 212
19 67 627
67 19 627
19 75 992
75 19 992
20 21 657
21 20 657
20 41 203
41 20 203
20 61 921
61 20 921
20 58 21
58 20 21
20 43 543
43 20 543
20 66 361
66 20 361
20 33 788
33 20 788
21 50 370
50 21 370
21 48 32
48 21 32
22 26 615
26 22 615
22 45 703
45 22 703
22 38 189
38 22 189
22 44 507
44 22 507
22 37 391
37 22 391
22 63 87
63 22 87
23 35 85
35 23 85
23 79 601
79 23 601
23 81 153
81 23 153
23 62 535
62 23 535
24 29 515
29 24 515
24 36 890
36 24 890
24 70 710
70 24 710
25 82 624
82 25 624
25 68 959
68 25 959
25 39 74
39 25 74
26 49 487
49 26 487
26 57 914
57 26 914
26 63 90
63 26 90
26 63 61
63 26 61
26 40 956
40 26 956
26 77 294
77 26 294
26 79 485
79 26 485
27 33 339
33 27 339
27 61 467
61 27 467
27 74 138
74 27 138
27 53 449
53 27 449
28 72 970
72 28 970
28 52 532
52 28 532
28 74 393
74 28 393
28 66 996
66 28 996
28 83 710
83 28 710
29 64 913
64 29 913
29 79 868
79 29 868
29 53 691
53 29 691
29 76 443
76 29 443
30 79 688
79 30 688
30 79 277
79 30 277
30 44 421
44 30 421
30 44 823
44 30 823
30 80 210
80 30 210
30 58 62
58 30 62
31 42 145
42 31 145
31 67 499
67 31 499
31 63 508
63 31 508
32 38 92
38 32 92
32 42 786
42 32 786
32 83 769
83 32 769
32 34 475
34 32 475
33 34 175
34 33 175
33 54 567
54 33 567
33 45 670
45 33 670
33 50 10
50 33 10
33 62 495
62 33 495
33 69 666
69 33 666
33 64 959
64 33 959
33 44 452
44 33 452
33 44 411
44 33 411
33 43 543
43 33 543
34 70 317
70 34 317
34 39 97
39 34 97
34 77 942
77 34 942
35 66 596
66 35 596
35 67 163
67 35 163
35 57 632
57 35 632
36 73 152
73 36 152
36 80 207
80 36 207
36 57 798
57 36 798
37 52 224
52 37 224
37 53 499
53 37 499
37 63 738
63 37 738
38 75 600
75 38 600
39 64 308
64 39 308
39 80 202
80 39 202
39 55 509
55 39 509
39 39 451
39 39 451
40 46 628
46 40 628
40 53 227
53 40 227
40 43 561
43 40 561
40 54 860
54 40 860
41 73 84
73 41 84
41 75 655
75 41 655
42 81 736
81 42 736
42 72 698
72 42 698
42 64 338
64 42 338
42 63 264
63 42 264
43 70 114
70 43 114
43 59 53
59 43 53
43 50 756
50 43 756
43 80 256
80 43 256
44 60 389
60 44 389
44 46 192
46 44 192
44 68 751
68 44 751
45 58 787
58 45 787
45 53 317
53 45 317
45 49 547
49 45 547
45 73 449
73 45 449
46 55 950
55 46 950
46 71 873
71 46 873
46 57 179
57 46 179
47 51 814
51 47 814
47 82 52
82 47 52
47 65 451
65 47 451
48 83 777
83 48 777
48 74 243
74 48 243
49 82 741
82 49 741
49 68 23
68 49 23
49 81 186
81 49 186
50 63 920
63 50 920
50 78 405
78 50 405
50 80 922
80 50 922
50 81 689
81 50 689
50 60 146
60 50 146
50 80 420
80 50 420
50 65 691
65 50 691
51 76 37
76 51 37
51 83 209
83 51 209
52 76 620
76 52 620
52 60 419
60 52 419
53 80 655
80 53 655
53 79 958
79 53 958
53 76 635
76 53 635
53 75 385
75 53 385
54 71 187
71 54 187
54 73 520
73 54 520
54 73 262
73 54 262
55 64 621
64 55 621
55 83 139
83 55 139
56 75 828
75 56 828
56 78 290
78 56 290
57 77 326
77 57 326
57 70 207
70 57 207
57 66 991
66 57 991
57 70 977
70 57 977
58 61 660
61 58 660
59 62 147
62 59 147
59 80 138
80 59 138
60 62 61
62 60 61
61 64 102
64 61 102
61 74 746
74 61 746
62 77 143
77 62 143
62 67 535
67 62 535
63 83 274
83 63 274
63 67 640
67 63 640
63 67 888
67 63 888
64 65 14
65 64 14
65 67 209
67 65 209
66 67 877
67 66 877
66 70 51
70 66 51
67 82 117
82 67 117
67 70 912
70 67 912
68 74 4
74 68 4
69 70 92
70 69 92
70 83 311
83 70 311
70 76 557
76 70 557
70 71 159
71 70 159
71 75 917
75 71 917
71 72 96
72 71 96
71 76 154
76 71 154
71 78 387
78 71 387
71 76 552
76 71 552
72 80 857
80 72 857
75 75 971
75 75 971
77 84 104
84 77 104
81 82 952
82 81 952
82 84 881
84 82 881
