28

0 1 68
1 0 68
0 4 476
4 0 476
0 7 72
7 0 72
0 14 33
14 0 33
0 12 493
12 0 493
0 3 738
3 0 738
1 2 294
2 1 294
1 5 636
5 1 636
2 3 502
3 2 502
2 10 963
10 2 963
2 19 101
19 2 101
2 14 106
14 2 106
2 16 354
16 2 354
3 8 160
8 3 160
3 15 284
15 3 284
3 7 909
7 3 909
4 11 373
11 4 373
4 26 119
26 4 119
5 6 663
6 5 663
5 24 120
24 5 120
6 13 15
13 6 15
6 19 765
19 6 765
6 15 557
15 6 557
7 9 3
9 7 3
8 16 531
16 8 531
8 18 243
18 8 243
9 15 618
15 9 618
10 21 643
21 10 643
10 26 303
26 10 303
10 27 449
27 10 449
11 12 207
12 11 207
11 22 872
22 11 872
11 20 675
20 11 675
12 26 958
26 12 958
13 17 424
17 13 424
13 25 87
25 13 87
15 25 100
25 15 100
15 21 177
21 15 177
15 25 995
25 15 995
16 20 93
20 16 93
16 26 829
26 16 829
17 26 855
26 17 855
17 24 571
24 17 571
18 27 300
27 18 300
21 23 273
23 21 273
21 23 105
23 21 105
