98

0 1 147
1 0 147
0 11 283
11 0 283
0 14 368
14 0 368
0 27 722
27 0 722
0 36 833
36 0 833
0 57 713
57 0 713
0 68 968
68 0 968
0 31 527
31 0 527
0 11 6
11 0 6
0 19 256
19 0 256
0 49 119
49 0 119
0 83 770
83 0 770
0 96 131
96 0 131
0 81 765
81 0 765
0 64 96
64 0 96
0 51 385
51 0 385
0 15 216
15 0 216
0 85 793
85 0 793
0 20 325
20 0 325
0 66 673
66 0 673
0 27 874
27 0 874
0 13 275
13 0 275
1 2 379
2 1 379
1 6 778
6 1 778
1 9 989
9 1 989
1 17 563
17 1 563
1 32 548
32 1 548
1 44 302
44 1 302
1 94 227
94 1 227
1 15 903
15 1 903
1 34 322
34 1 322
1 67 884
67 1 884
1 97 18
97 1 18
1 68 254
68 1 254
1 86 178
86 1 178
1 7 639
7 1 639
1 53 521
53 1 521
1 64 277
64 1 277
1 43 111
43 1 111
1 6 632
6 1 632
1 55 880
55 1 880
1 74 22
74 1 22
1 30 570
30 1 570
1 70 387
70 1 387
1 29 340
29 1 340
1 25 405
25 1 405
1 11 504
11 1 504
1 41 803
41 1 803
2 3 666
3 2 666
2 59 492
59 2 492
2 89 602
89 2 602
2 18 926
18 2 926
2 37 688
37 2 688
2 84 361
84 2 361
2 70 434
70 2 434
2 57 665
57 2 665
2 97 184
97 2 184
2 71 727
71 2 727
2 87 953
87 2 953
2 67 617
67 2 617
2 72 423
72 2 423
2 87 509
87 2 509
2 71 230
71 2 230
2 49 658
49 2 658
2 36 612
36 2 612
2 5 780
5 2 780
2 78 563
78 2 563
2 64 499
64 2 499
2 58 113
58 2 113
2 26 973
26 2 973
2 93 994
93 2 994
2 87 630
87 2 630
2 58 475
58 2 475
3 4 312
4 3 312
3 5 427
5 3 427
3 15 60
15 3 60
3 21 861
21 3 861
3 40 363
40 3 363
3 66 824
66 3 824
3 32 17
32 3 17
3 41 47
41 3 47
3 28 270
28 3 270
3 92 81
92 3 81
3 56 25
56 3 25
3 18 391
18 3 391
3 48 347
48 3 347
3 15 734
15 3 734
3 83 56
83 3 56
3 22 225
22 3 225
3 39 255
39 3 255
3 19 405
19 3 405
3 7 580
7 3 580
4 50 193
50 4 193
4 77 778
77 4 778
4 41 960
41 4 960
4 52 12
52 4 12
4 83 999
83 4 999
4 54 365
54 4 365
4 12 185
12 4 185
4 10 57
10 4 57
4 90 113
90 4 113
4 30 520
30 4 520
4 23 205
23 4 205
4 4 470
4 4 470
4 36 710
36 4 710
4 70 295
70 4 295
4 31 104
31 4 104
5 12 648
12 5 648
5 26 455
26 5 455
5 35 74
35 5 74
5 41 163
41 5 163
5 61 911
61 5 911
5 42 28
42 5 28
5 62 571
62 5 571
5 78 276
78 5 276
5 46 903
46 5 903
5 21 40
21 5 40
5 84 169
84 5 169
5 60 35
60 5 35
5 39 652
39 5 652
5 19 910
19 5 910
5 78 676
78 5 676
5 29 553
29 5 553
5 70 649
70 5 649
5 80 869
80 5 869
5 11 397
11 5 397
5 43 527
43 5 527
5 86 709
86 5 709
6 7 836
7 6 836
6 8 728
8 6 728
6 20 368
20 6 368
6 23 592
23 6 592
6 80 266
80 6 266
6 85 835
85 6 835
6 67 382
67 6 382
6 14 710
14 6 710
6 12 648
12 6 648
6 40 908
40 6 908
6 29 22
29 6 22
6 38 214
38 6 214
6 97 622
97 6 622
6 22 986
22 6 986
6 49 91
49 6 91
6 42 266
42 6 266
6 14 870
14 6 870
6 65 317
65 6 317
7 20 33
20 7 33
7 83 74
83 7 74
7 83 489
83 7 489
7 85 463
85 7 463
7 21 34
21 7 34
7 22 181
22 7 181
7 41 885
41 7 885
7 63 315
63 7 315
7 90 143
90 7 143
7 60 7
60 7 7
7 88 198
88 7 198
7 91 466
91 7 466
7 51 564
51 7 564
7 68 553
68 7 553
7 24 728
24 7 728
7 17 780
17 7 780
8 13 101
13 8 101
8 74 666
74 8 666
8 80 451
80 8 451
8 12 858
12 8 858
8 34 710
34 8 710
8 90 314
90 8 314
8 57 761
57 8 761
8 70 478
70 8 478
8 23 45
23 8 45
8 48 475
48 8 475
8 74 427
74 8 427
8 43 800
43 8 800
8 76 225
76 8 225
8 13 920
13 8 920
8 78 59
78 8 59
9 10 88
10 9 88
9 16 830
16 9 830
9 56 943
56 9 943
9 48 84
48 9 84
9 93 628
93 9 628
9 80 675
80 9 675
9 86 146
86 9 146
9 11 838
11 9 838
9 57 645
57 9 645
10 23 206
23 10 206
10 59 658
59 10 658
10 14 952
14 10 952
10 12 294
12 10 294
10 59 71
59 10 71
10 49 419
49 10 419
10 74 293
74 10 293
10 66 696
66 10 696
10 61 653
61 10 653
10 30 157
30 10 157
10 58 546
58 10 546
10 56 704
56 10 704
10 42 754
42 10 754
10 69 212
69 10 212
10 25 367
25 10 367
10 12 24
12 10 24
11 43 671
43 11 671
11 64 957
64 11 957
11 69 812
69 11 812
11 67 79
67 11 79
11 49 323
49 11 323
11 23 28
23 11 28
11 18 202
18 11 202
11 92 291
92 11 291
11 49 186
49 11 186
11 58 900
58 11 900
11 44 516
44 11 516
11 39 104
39 11 104
11 66 174
66 11 174
11 17 730
17 11 730
11 44 263
44 11 263
12 70 187
70 12 187
12 48 680
48 12 680
12 94 56
94 12 56
12 92 744
92 12 744
12 78 625
78 12 625
12 71 980
71 12 980
12 29 565
29 12 565
12 32 409
32 12 409
12 58 859
58 12 859
12 92 719
92 12 719
12 17 67
17 12 67
12 63 486
63 12 486
13 25 628
25 13 628
13 51 339
51 13 339
13 60 603
60 13 603
13 65 924
65 13 924
13 32 221
32 13 221
13 31 678
31 13 678
13 52 871
52 13 871
13 35 522
35 13 522
13 42 647
42 13 647
13 95 543
95 13 543
13 31 803
31 13 803
13 69 217
69 13 217
13 40 496
40 13 496
13 18 696
18 13 696
13 70 424
70 13 424
13 31 117
31 13 117
13 79 412
79 13 412
13 48 431
48 13 431
13 27 820
27 13 820
13 81 863
81 13 863
14 48 691
48 14 691
14 20 356
20 14 356
14 72 586
72 14 586
14 33 584
33 14 584
14 47 356
47 14 356
14 54 413
54 14 413
14 59 450
59 14 450
14 32 94
32 14 94
14 84 650
84 14 650
14 28 922
28 14 922
14 14 865
14 14 865
14 80 548
80 14 548
14 60 137
60 14 137
15 19 829
19 15 829
15 24 253
24 15 253
15 27 477
27 15 477
15 71 729
71 15 729
15 54 328
54 15 328
15 17 935
17 15 935
15 49 855
49 15 855
15 80 729
80 15 729
15 93 31
93 15 31
15 53 38
53 15 38
15 49 596
49 15 596
15 84 114
84 15 114
15 80 119
80 15 119
16 18 211
18 16 211
16 22 839
22 16 839
16 62 911
62 16 911
16 33 697
33 16 697
16 65 383
65 16 383
16 85 68
85 16 68
16 46 508
46 16 508
16 84 503
84 16 503
16 30 474
30 16 474
16 64 130
64 16 130
16 84 759
84 16 759
16 45 636
45 16 636
16 52 543
52 16 543
16 31 207
31 16 207
16 58 441
58 16 441
16 37 447
37 16 447
16 94 600
94 16 600
16 75 181
75 16 181
16 16 841
16 16 841
16 33 107
33 16 107
17 23 730
23 17 730
17 93 633
93 17 633
17 57 468
57 17 468
17 74 280
74 17 280
17 89 119
89 17 119
17 23 692
23 17 692
17 42 225
42 17 225
17 59 784
59 17 784
17 56 258
56 17 258
17 66 625
66 17 625
17 25 622
25 17 622
17 55 201
55 17 201
17 40 189
40 17 189
17 83 895
83 17 895
17 36 697
36 17 697
18 39 704
39 18 704
18 41 403
41 18 403
18 40 673
40 18 673
18 43 332
43 18 332
18 50 771
50 18 771
18 26 224
26 18 224
18 42 228
42 18 228
18 92 88
92 18 88
18 34 938
34 18 938
18 51 522
51 18 522
18 22 162
22 18 162
18 59 290
59 18 290
18 61 303
61 18 303
18 60 620
60 18 620
19 34 846
34 19 846
19 22 136
22 19 136
19 71 462
71 19 462
19 65 66
65 19 66
19 34 231
34 19 231
19 78 256
78 19 256
19 46 616
46 19 616
19 30 727
30 19 727
19 28 277
28 19 277
19 33 562
33 19 562
19 57 484
57 19 484
19 21 892
21 19 892
19 60 17
60 19 17
19 29 203
29 19 203
19 26 711
26 19 711
20 28 426
28 20 426
20 96 235
96 20 235
20 25 752
25 20 752
20 39 735
39 20 735
20 42 202
42 20 202
20 29 381
29 20 381
20 51 302
51 20 302
20 21 623
21 20 623
20 40 636
40 20 636
20 96 80
96 20 80
20 92 807
92 20 807
20 23 508
23 20 508
20 76 145
76 20 145
20 46 580
46 20 580
20 25 413
25 20 413
20 81 757
81 20 757
20 83 630
83 20 630
20 49 55
49 20 55
21 29 24
29 21 24
21 55 193
55 21 193
21 95 735
95 21 735
21 64 497
64 21 497
21 72 283
72 21 283
21 33 652
33 21 652
21 94 429
94 21 429
21 31 359
31 21 359
21 65 997
65 21 997
21 73 34
73 21 34
21 44 350
44 21 350
22 59 743
59 22 743
22 31 360
31 22 360
22 65 659
65 22 659
22 93 649
93 22 649
22 34 42
34 22 42
22 49 399
49 22 399
22 37 348
37 22 348
22 74 419
74 22 419
22 37 763
37 22 763
22 42 252
42 22 252
22 82 151
82 22 151
22 86 538
86 22 538
22 67 563
67 22 563
22 47 456
47 22 456
23 33 655
33 23 655
23 50 582
50 23 582
23 39 262
39 23 262
23 27 676
27 23 676
23 39 319
39 23 319
23 76 522
76 23 522
23 93 612
93 23 612
24 78 866
78 24 866
24 59 288
59 24 288
24 55 142
55 24 142
24 63 198
63 24 198
24 97 199
97 24 199
24 31 145
31 24 145
24 80 164
80 24 164
24 58 388
58 24 388
24 54 321
54 24 321
24 47 727
47 24 727
25 72 719
72 25 719
25 37 24
37 25 24
25 73 886
73 25 886
25 27 436
27 25 436
25 53 760
53 25 760
25 34 397
34 25 397
25 54 977
54 25 977
26 46 284
46 26 284
26 47 399
47 26 399
26 50 622
50 26 622
26 32 619
32 26 619
26 80 828
80 26 828
26 41 694
41 26 694
26 82 218
82 26 218
26 44 137
44 26 137
26 65 88
65 26 88
26 51 678
51 26 678
26 42 807
42 26 807
26 63 855
63 26 855
26 72 905
72 26 905
27 31 31
31 27 31
27 83 715
83 27 715
27 62 556
62 27 556
27 40 938
40 27 938
27 42 179
42 27 179
27 93 447
93 27 447
27 71 367
71 27 367
27 79 48
79 27 48
27 82 65
82 27 65
27 80 451
80 27 451
27 69 173
69 27 173
28 30 503
30 28 503
28 49 961
49 28 961
28 89 118
89 28 118
28 52 531
52 28 531
28 58 255
58 28 255
28 84 118
84 28 118
28 51 517
51 28 517
28 59 530
59 28 530
28 36 637
36 28 637
28 62 913
62 28 913
28 70 299
70 28 299
28 96 712
96 28 712
28 69 643
69 28 643
28 91 338
91 28 338
28 91 259
91 28 259
29 37 660
37 29 660
29 67 935
67 29 935
29 66 11
66 29 11
29 52 882
52 29 882
29 54 420
54 29 420
29 74 254
74 29 254
29 90 892
90 29 892
29 78 348
78 29 348
29 80 941
80 29 941
29 38 582
38 29 582
29 33 413
33 29 413
29 50 377
50 29 377
29 49 9
49 29 9
29 50 124
50 29 124
29 80 601
80 29 601
30 87 13
87 30 13
30 48 630
48 30 630
30 36 304
36 30 304
30 44 782
44 30 782
30 60 230
60 30 230
30 76 689
76 30 689
30 74 579
74 30 579
30 76 258
76 30 258
30 37 742
37 30 742
30 62 598
62 30 598
30 92 909
92 30 909
30 72 934
72 30 934
31 42 1
42 31 1
31 80 329
80 31 329
31 55 720
55 31 720
31 86 380
86 31 380
31 70 993
70 31 993
31 60 798
60 31 798
31 40 895
40 31 895
31 67 773
67 31 773
31 93 843
93 31 843
31 51 295
51 31 295
31 60 820
60 31 820
31 62 93
62 31 93
32 38 668
38 32 668
32 90 147
90 32 147
32 41 327
41 32 327
32 67 67
67 32 67
32 40 814
40 32 814
32 50 601
50 32 601
32 90 707
90 32 707
32 62 919
62 32 919
32 73 365
73 32 365
32 65 58
65 32 58
32 61 463
61 32 463
32 89 358
89 32 358
32 94 874
94 32 874
32 57 565
57 32 565
32 74 758
74 32 758
33 59 398
59 33 398
33 88 14
88 33 14
33 42 273
42 33 273
33 47 909
47 33 909
33 56 901
56 33 901
33 49 239
49 33 239
33 96 996
96 33 996
33 45 121
45 33 121
33 97 403
97 33 403
33 69 152
69 33 152
33 38 220
38 33 220
33 35 984
35 33 984
33 34 409
34 33 409
33 65 35
65 33 35
33 48 404
48 33 404
33 71 731
71 33 731
34 79 508
79 34 508
34 39 13
39 34 13
34 97 474
97 34 474
34 71 330
71 34 330
34 79 606
79 34 606
34 34 393
34 34 393
34 57 196
57 34 196
34 57 691
57 34 691
34 51 510
51 34 510
34 64 522
64 34 522
34 73 125
73 34 125
34 51 859
51 34 859
34 40 475
40 34 475
34 91 59
91 34 59
34 76 893
76 34 893
34 64 600
64 34 600
34 35 379
35 34 379
34 86 553
86 34 553
35 70 197
70 35 197
35 63 105
63 35 105
35 35 761
35 35 761
35 77 651
77 35 651
35 85 733
85 35 733
35 70 750
70 35 750
35 59 593
59 35 593
35 75 991
75 35 991
35 84 550
84 35 550
35 63 799
63 35 799
35 59 480
59 35 480
35 71 231
71 35 231
35 83 702
83 35 702
36 55 425
55 36 425
36 95 66
95 36 66
36 61 266
61 36 266
36 53 987
53 36 987
36 38 955
38 36 955
36 96 939
96 36 939
36 60 103
60 36 103
36 72 158
72 36 158
36 59 774
59 36 774
36 50 888
50 36 888
37 80 325
80 37 325
37 79 118
79 37 118
37 84 587
84 37 587
38 61 457
61 38 457
38 86 608
86 38 608
38 96 31
96 38 31
38 97 450
97 38 450
38 69 113
69 38 113
38 88 397
88 38 397
38 48 875
48 38 875
38 96 63
96 38 63
38 38 725
38 38 725
38 41 792
41 38 792
38 44 135
44 38 135
38 61 31
61 38 31
38 53 773
53 38 773
39 69 68
69 39 68
39 39 22
39 39 22
39 60 843
60 39 843
39 41 793
41 39 793
39 85 990
85 39 990
39 42 436
42 39 436
40 45 262
45 40 262
40 77 234
77 40 234
40 87 470
87 40 470
40 89 78
89 40 78
40 65 630
65 40 630
40 73 22
73 40 22
40 94 380
94 40 380
41 50 263
50 41 263
41 64 980
64 41 980
41 94 988
94 41 988
41 75 70
75 41 70
41 53 256
53 41 256
41 53 264
53 41 264
41 82 904
82 41 904
42 52 733
52 42 733
42 79 803
79 42 803
42 47 114
47 42 114
42 47 428
47 42 428
42 56 746
56 42 746
42 73 38
73 42 38
42 87 826
87 42 826
42 80 471
80 42 471
42 71 338
71 42 338
43 58 735
58 43 735
43 95 340
95 43 340
43 86 30
86 43 30
43 49 26
49 43 26
43 84 844
84 43 844
43 89 52
89 43 52
43 84 573
84 43 573
43 75 460
75 43 460
43 91 624
91 43 624
43 59 31
59 43 31
43 75 33
75 43 33
43 47 569
47 43 569
43 83 276
83 43 276
43 82 431
82 43 431
43 82 988
82 43 988
43 79 839
79 43 839
44 73 326
73 44 326
44 77 261
77 44 261
44 67 689
67 44 689
44 68 431
68 44 431
44 97 240
97 44 240
44 94 894
94 44 894
44 96 164
96 44 164
44 68 785
68 44 785
45 56 697
56 45 697
45 88 844
88 45 844
45 84 613
84 45 613
45 76 477
76 45 477
45 86 156
86 45 156
45 74 605
74 45 605
45 70 191
70 45 191
45 60 532
60 45 532
46 89 601
89 46 601
46 63 413
63 46 413
46 72 207
72 46 207
46 84 144
84 46 144
46 70 131
70 46 131
46 70 234
70 46 234
46 96 812
96 46 812
46 52 557
52 46 557
46 53 650
53 46 650
46 52 882
52 46 882
46 58 234
58 46 234
47 53 46
53 47 46
47 73 630
73 47 630
47 85 816
85 47 816
47 87 145
87 47 145
47 74 863
74 47 863
47 74 227
74 47 227
47 57 368
57 47 368
47 94 465
94 47 465
47 64 277
64 47 277
47 61 763
61 47 763
47 74 874
74 47 874
48 54 533
54 48 533
48 49 720
49 48 720
48 70 459
70 48 459
48 63 603
63 48 603
48 60 209
60 48 209
48 48 517
48 48 517
48 80 139
80 48 139
48 78 118
78 48 118
48 51 771
51 48 771
48 88 170
88 48 170
48 83 887
83 48 887
48 66 278
66 48 278
48 57 667
57 48 667
49 85 226
85 49 226
49 78 491
78 49 491
49 94 217
94 49 217
49 84 585
84 49 585
49 79 305
79 49 305
49 78 808
78 49 808
49 88 3
88 49 3
49 73 345
73 49 345
49 95 759
95 49 759
49 56 942
56 49 942
50 88 568
88 50 568
50 97 247
97 50 247
50 73 188
73 50 188
50 61 818
61 50 818
50 69 284
69 50 284
50 94 149
94 50 149
50 86 289
86 50 289
50 57 516
57 50 516
50 68 138
68 50 138
51 65 244
65 51 244
51 63 480
63 51 480
51 77 909
77 51 909
51 56 395
56 51 395
51 52 916
52 51 916
51 61 645
61 51 645
51 67 437
67 51 437
51 52 581
52 51 581
51 80 743
80 51 743
51 91 596
91 51 596
52 66 86
66 52 86
52 76 834
76 52 834
52 75 233
75 52 233
52 57 576
57 52 576
52 77 459
77 52 459
52 90 749
90 52 749
52 94 858
94 52 858
52 63 961
63 52 961
52 91 236
91 52 236
52 55 915
55 52 915
52 92 526
92 52 526
52 59 476
59 52 476
53 89 899
89 53 899
53 66 566
66 53 566
53 96 54
96 53 54
53 60 781
60 53 781
53 83 925
83 53 925
53 70 188
70 53 188
53 69 494
69 53 494
54 90 759
90 54 759
54 94 111
94 54 111
54 80 509
80 54 509
54 79 6
79 54 6
54 65 682
65 54 682
54 56 56
56 54 56
54 95 574
95 54 574
54 86 586
86 54 586
54 86 354
86 54 354
55 85 773
85 55 773
55 56 811
56 55 811
55 90 394
90 55 394
55 97 936
97 55 936
55 74 694
74 55 694
56 63 212
63 56 212
56 78 667
78 56 667
56 71 348
71 56 348
56 74 144
74 56 144
56 83 883
83 56 883
56 56 610
56 56 610
56 84 215
84 56 215
56 62 652
62 56 652
56 57 263
57 56 263
56 63 468
63 56 468
56 96 566
96 56 566
56 69 863
69 56 863
56 63 317
63 56 317
57 67 967
67 57 967
57 61 870
61 57 870
57 97 766
97 57 766
57 92 465
92 57 465
57 78 65
78 57 65
57 95 336
95 57 336
57 58 513
58 57 513
57 58 834
58 57 834
57 58 805
58 57 805
57 64 68
64 57 68
57 69 143
69 57 143
57 86 74
86 57 74
58 86 236
86 58 236
58 61 528
61 58 528
58 79 807
79 58 807
58 93 701
93 58 701
58 64 413
64 58 413
58 58 75
58 58 75
58 80 770
80 58 770
58 92 415
92 58 415
59 93 296
93 59 296
59 67 740
67 59 740
59 65 940
65 59 940
59 60 944
60 59 944
59 97 728
97 59 728
60 73 184
73 60 184
60 72 774
72 60 774
60 71 270
71 60 270
60 71 43
71 60 43
61 76 7
76 61 7
61 89 112
89 61 112
61 61 377
61 61 377
62 65 656
65 62 656
62 71 422
71 62 422
62 97 787
97 62 787
62 68 670
68 62 670
62 80 38
80 62 38
62 91 329
91 62 329
62 77 41
77 62 41
63 76 975
76 63 975
63 69 361
69 63 361
63 72 767
72 63 767
64 66 488
66 64 488
64 96 949
96 64 949
64 77 240
77 64 240
65 85 788
85 65 788
65 86 380
86 65 380
65 84 468
84 65 468
65 96 110
96 65 110
65 79 34
79 65 34
65 87 873
87 65 873
65 66 321
66 65 321
66 92 635
92 66 635
66 85 811
85 66 811
66 94 148
94 66 148
66 90 814
90 66 814
66 76 115
76 66 115
66 91 564
91 66 564
67 81 430
81 67 430
67 79 960
79 67 960
67 96 670
96 67 670
67 71 551
71 67 551
67 88 80
88 67 80
67 75 131
75 67 131
68 92 119
92 68 119
68 70 918
70 68 918
68 73 724
73 68 724
69 97 940
97 69 940
69 75 186
75 69 186
70 93 323
93 70 323
70 81 468
81 70 468
70 93 627
93 70 627
70 83 252
83 70 252
70 79 115
79 70 115
71 72 570
72 71 570
72 82 737
82 72 737
72 74 197
74 72 197
72 77 508
77 72 508
72 75 48
75 72 48
72 87 386
87 72 386
72 95 985
95 72 985
72 88 134
88 72 134
72 80 119
80 72 119
73 91 151
91 73 151
73 81 543
81 73 543
73 78 285
78 73 285
73 93 189
93 73 189
73 91 956
91 73 956
73 80 670
80 73 670
73 78 31
78 73 31
74 75 419
75 74 419
74 86 466
86 74 466
74 90 334
90 74 334
74 75 414
75 74 414
74 90 243
90 74 243
75 77 570
77 75 570
75 88 567
88 75 567
75 89 887
89 75 887
75 85 18
85 75 18
75 95 586
95 75 586
75 86 822
86 75 822
77 96 721
96 77 721
77 77 338
77 77 338
77 77 868
77 77 868
77 88 304
88 77 304
78 89 640
89 78 640
78 92 268
92 78 268
78 87 996
87 78 996
79 93 533
93 79 533
79 87 618
87 79 618
80 84 40
84 80 40
80 91 490
91 80 490
80 90 194
90 80 194
81 91 973
91 81 973
81 92 905
92 81 905
81 95 637
95 81 637
81 85 762
85 81 762
81 84 167
84 81 167
82 91 144
91 82 144
82 86 402
86 82 402
82 95 339
95 82 339
82 83 512
83 82 512
82 91 35
91 82 35
83 89 185
89 83 185
84 91 374
91 84 374
84 96 974
96 84 974
84 96 519
96 84 519
84 97 835
97 84 835
84 91 920
91 84 920
85 95 391
95 85 391
85 88 491
88 85 491
87 95 896
95 87 896
87 87 723
87 87 723
87 97 727
97 87 727
88 93 486
93 88 486
88 93 571
93 88 571
88 97 312
97 88 312
90 91 899
91 90 899
90 93 249
93 90 249
90 91 832
91 90 832
90 94 313
94 90 313
92 97 279
97 92 279
94 94 804
94 94 804
95 96 325
96 95 325
95 96 502
96 95 502
96 96 173
96 96 173
