88

0 1 286
1 0 286
0 14 794
14 0 794
0 29 761
29 0 761
0 47 282
47 0 282
0 85 458
85 0 458
0 63 505
63 0 505
0 82 96
82 0 96
0 34 425
34 0 425
0 52 670
52 0 670
0 34 109
34 0 109
0 60 620
60 0 620
0 36 514
36 0 514
1 2 376
2 1 376
1 4 250
4 1 250
1 5 380
5 1 380
1 8 635
8 1 635
1 62 353
62 1 353
1 63 700
63 1 700
1 75 344
75 1 344
1 31 658
31 1 658
1 83 183
83 1 183
1 15 138
15 1 138
1 26 354
26 1 354
2 3 980
3 2 980
2 11 332
11 2 332
2 15 345
15 2 345
2 18 185
18 2 185
2 79 332
79 2 332
2 70 582
70 2 582
3 13 572
13 3 572
3 22 591
22 3 591
3 40 163
40 3 163
3 79 845
79 3 845
3 27 674
27 3 674
4 34 830
34 4 830
4 50 231
50 4 231
5 6 156
6 5 156
5 7 71
7 5 71
5 21 482
21 5 482
5 35 178
35 5 178
5 43 592
43 5 592
5 84 329
84 5 329
5 29 104
29 5 104
5 73 757
73 5 757
5 56 191
56 5 191
5 7 797
7 5 797
5 48 787
48 5 787
6 12 973
12 6 973
6 10 970
10 6 970
6 14 995
14 6 995
7 9 158
9 7 158
7 60 922
60 7 922
8 16 996
16 8 996
8 40 806
40 8 806
8 53 49
53 8 49
8 26 777
26 8 777
8 39 25
39 8 25
8 57 804
57 8 804
9 10 81
10 9 81
9 38 39
38 9 39
9 52 735
52 9 735
9 40 674
40 9 674
9 81 605
81 9 605
10 51 728
51 10 728
10 25 213
25 10 213
10 58 486
58 10 486
10 61 567
61 10 567
10 30 167
30 10 167
11 17 141
17 11 141
11 32 954
32 11 954
11 59 943
59 11 943
11 67 978
67 11 978
11 32 950
32 11 950
11 18 142
18 11 142
11 83 133
83 11 133
12 19 636
19 12 636
12 18 328
18 12 328
12 64 759
64 12 759
12 74 258
74 12 258
12 79 635
79 12 635
12 23 608
23 12 608
12 48 167
48 12 167
13 24 529
24 13 529
13 37 82
37 13 82
13 79 425
79 13 425
13 86 795
86 13 795
13 26 54
26 13 54
14 30 822
30 14 822
14 56 301
56 14 301
14 67 64
67 14 64
14 87 562
87 14 562
14 39 945
39 14 945
14 80 314
80 14 314
15 23 353
23 15 353
15 46 261
46 15 261
15 51 803
51 15 803
16 25 839
25 16 839
16 51 756
51 16 756
16 22 576
22 16 576
17 36 782
36 17 782
17 60 427
60 17 427
17 49 898
49 17 898
18 51 304
51 18 304
18 26 300
26 18 300
18 29 266
29 18 266
19 20 73
20 19 73
19 73 45
73 19 45
19 20 78
20 19 78
20 26 804
26 20 804
20 26 789
26 20 789
20 49 329
49 20 329
20 48 588
48 20 588
20 68 242
68 20 242
21 48 408
48 21 408
21 32 186
32 21 186
21 41 742
41 21 742
21 46 63
46 21 63
22 33 36
33 22 36
22 47 898
47 22 898
22 46 570
46 22 570
23 23 201
23 23 201
23 59 229
59 23 229
24 27 371
27 24 371
24 62 254
62 24 254
24 42 497
42 24 497
24 72 301
72 24 301
25 31 904
31 25 904
25 64 475
64 25 475
25 71 581
71 25 581
25 74 513
74 25 513
25 30 200
30 25 200
25 59 97
59 25 97
25 50 892
50 25 892
26 28 237
28 26 237
26 73 773
73 26 773
26 81 256
81 26 256
26 73 717
73 26 717
27 68 560
68 27 560
27 28 10
28 27 10
27 39 336
39 27 336
27 77 363
77 27 363
27 54 393
54 27 393
28 63 976
63 28 976
28 32 174
32 28 174
29 83 957
83 29 957
30 41 807
41 30 807
30 49 575
49 30 575
30 34 78
34 30 78
30 56 798
56 30 798
31 54 921
54 31 921
31 60 521
60 31 521
31 87 394
87 31 394
31 41 398
41 31 398
32 76 301
76 32 301
32 40 739
40 32 739
32 58 70
58 32 70
33 72 44
72 33 44
35 39 942
39 35 942
35 44 628
44 35 628
35 81 728
81 35 728
35 59 150
59 35 150
35 81 976
81 35 976
36 42 883
42 36 883
36 70 724
70 36 724
36 86 83
86 36 83
36 78 717
78 36 717
37 37 48
37 37 48
37 42 52
42 37 52
38 86 865
86 38 865
38 62 804
62 38 804
38 60 703
60 38 703
38 83 562
83 38 562
38 73 369
73 38 369
38 74 564
74 38 564
38 46 736
46 38 736
38 52 741
52 38 741
39 50 270
50 39 270
39 75 586
75 39 586
39 81 251
81 39 251
40 45 723
45 40 723
40 54 975
54 40 975
40 66 827
66 40 827
41 55 910
55 41 910
41 65 626
65 41 626
41 69 600
69 41 600
42 42 33
42 42 33
42 43 675
43 42 675
42 79 657
79 42 657
43 64 917
64 43 917
43 80 974
80 43 974
43 70 760
70 43 760
43 74 373
74 43 373
44 78 677
78 44 677
48 80 379
80 48 379
48 82 719
82 48 719
49 66 385
66 49 385
49 59 388
59 49 388
50 57 468
57 50 468
50 58 916
58 50 916
50 72 601
72 50 601
50 74 302
74 50 302
50 74 978
74 50 978
51 70 86
70 51 86
52 72 744
72 52 744
53 81 861
81 53 861
53 71 694
71 53 694
53 73 632
73 53 632
54 69 687
69 54 687
55 61 693
61 55 693
56 82 153
82 56 153
56 66 606
66 56 606
57 65 281
65 57 281
57 67 989
67 57 989
57 67 411
67 57 411
58 67 364
67 58 364
59 81 339
81 59 339
59 68 787
68 59 787
59 71 903
71 59 903
61 84 204
84 61 204
62 65 627
65 62 627
62 82 367
82 62 367
62 83 363
83 62 363
63 69 213
69 63 213
63 85 32
85 63 32
64 84 250
84 64 250
65 70 926
70 65 926
66 75 245
75 66 245
67 84 618
84 67 618
67 70 460
70 67 460
68 80 57
80 68 57
69 81 917
81 69 917
71 72 172
72 71 172
71 82 518
82 71 518
72 76 262
76 72 262
73 81 881
81 73 881
74 77 646
77 74 646
76 86 704
86 76 704
77 84 701
84 77 701
79 80 977
80 79 977
79 81 541
81 79 541
80 80 258
80 80 258
85 87 793
87 85 793
