81

0 1 761
1 0 761
0 7 197
7 0 197
0 25 708
25 0 708
0 57 740
57 0 740
1 2 483
2 1 483
1 13 164
13 1 164
1 15 239
15 1 239
1 30 425
30 1 425
1 50 124
50 1 124
1 56 666
56 1 666
1 13 785
13 1 785
1 64 478
64 1 478
2 3 908
3 2 908
2 4 233
4 2 233
2 5 77
5 2 77
2 53 33
53 2 33
2 22 381
22 2 381
2 47 399
47 2 399
3 8 433
8 3 433
3 10 534
10 3 534
3 47 714
47 3 714
3 53 718
53 3 718
3 64 400
64 3 400
3 13 435
13 3 435
3 78 405
78 3 405
3 11 324
11 3 324
4 28 901
28 4 901
4 32 133
32 4 133
4 68 455
68 4 455
4 15 3
15 4 3
5 6 122
6 5 122
5 9 188
9 5 188
5 26 405
26 5 405
5 49 630
49 5 630
5 36 993
36 5 993
5 13 190
13 5 190
6 12 203
12 6 203
6 13 989
13 6 989
7 58 534
58 7 534
7 22 966
22 7 966
8 11 732
11 8 732
8 14 845
14 8 845
8 16 480
16 8 480
8 38 280
38 8 280
8 48 408
48 8 408
8 71 592
71 8 592
9 19 5
19 9 5
10 39 420
39 10 420
10 78 702
78 10 702
10 17 213
17 10 213
10 13 262
13 10 262
11 22 955
22 11 955
11 31 641
31 11 641
11 49 399
49 11 399
11 76 269
76 11 269
11 35 383
35 11 383
11 62 167
62 11 167
11 25 969
25 11 969
11 78 950
78 11 950
12 42 786
42 12 786
12 53 997
53 12 997
12 21 137
21 12 137
12 79 713
79 12 713
12 58 435
58 12 435
13 17 275
17 13 275
13 18 967
18 13 967
13 27 649
27 13 649
13 53 694
53 13 694
13 36 966
36 13 966
13 58 566
58 13 566
14 20 236
20 14 236
14 46 424
46 14 424
14 25 626
25 14 626
14 28 265
28 14 265
14 70 260
70 14 260
14 54 240
54 14 240
15 36 741
36 15 741
15 41 663
41 15 663
15 65 148
65 15 148
15 20 268
20 15 268
15 40 636
40 15 636
16 35 847
35 16 847
16 55 846
55 16 846
16 36 844
36 16 844
16 26 940
26 16 940
16 41 902
41 16 902
16 24 462
24 16 462
16 22 471
22 16 471
17 28 734
28 17 734
17 35 682
35 17 682
18 21 927
21 18 927
18 34 895
34 18 895
18 54 123
54 18 123
18 75 41
75 18 41
19 23 256
23 19 256
19 62 876
62 19 876
19 45 359
45 19 359
19 80 104
80 19 104
19 70 125
70 19 125
19 51 75
51 19 75
19 46 307
46 19 307
20 43 827
43 20 827
21 58 859
58 21 859
21 44 594
44 21 594
22 24 82
24 22 82
22 57 64
57 22 64
22 79 693
79 22 693
22 79 277
79 22 277
24 70 905
70 24 905
24 36 930
36 24 930
25 48 431
48 25 431
25 42 223
42 25 223
25 32 53
32 25 53
25 73 42
73 25 42
26 29 683
29 26 683
26 71 129
71 26 129
26 79 940
79 26 940
27 64 944
64 27 944
27 68 993
68 27 993
27 54 227
54 27 227
28 47 254
47 28 254
29 53 656
53 29 656
29 48 646
48 29 646
30 33 326
33 30 326
30 42 172
42 30 172
31 56 66
56 31 66
31 59 352
59 31 352
31 42 941
42 31 941
32 45 560
45 32 560
32 77 985
77 32 985
32 64 388
64 32 388
33 47 459
47 33 459
33 59 291
59 33 291
33 70 706
70 33 706
33 63 877
63 33 877
34 40 746
40 34 746
34 71 872
71 34 872
34 40 499
40 34 499
35 37 821
37 35 821
35 69 516
69 35 516
35 38 257
38 35 257
35 77 20
77 35 20
37 46 231
46 37 231
37 53 152
53 37 152
37 50 71
50 37 71
38 61 181
61 38 181
38 53 34
53 38 34
39 66 519
66 39 519
40 56 154
56 40 154
40 65 712
65 40 712
41 58 69
58 41 69
41 54 5
54 41 5
42 44 478
44 42 478
42 73 218
73 42 218
42 77 141
77 42 141
42 51 533
51 42 533
44 67 964
67 44 964
44 54 970
54 44 970
44 72 364
72 44 364
45 70 364
70 45 364
46 74 900
74 46 900
46 59 379
59 46 379
46 71 541
71 46 541
47 52 290
52 47 290
47 68 654
68 47 654
47 48 200
48 47 200
48 69 3
69 48 3
49 51 525
51 49 525
49 63 29
63 49 29
49 56 887
56 49 887
49 51 8
51 49 8
50 63 34
63 50 34
51 57 898
57 51 898
51 69 51
69 51 51
51 80 949
80 51 949
52 73 422
73 52 422
52 61 572
61 52 572
52 54 761
54 52 761
52 71 290
71 52 290
54 60 402
60 54 402
57 72 454
72 57 454
58 69 876
69 58 876
58 74 507
74 58 507
58 78 23
78 58 23
59 63 74
63 59 74
59 75 395
75 59 395
60 76 499
76 60 499
60 65 939
65 60 939
61 75 450
75 61 450
62 80 375
80 62 375
64 66 817
66 64 817
64 73 43
73 64 43
64 76 472
76 64 472
65 74 745
74 65 745
67 78 325
78 67 325
70 79 87
79 70 87
74 77 179
77 74 179
77 78 166
78 77 166
