100

0 1 750
1 0 750
0 3 886
3 0 886
0 6 77
6 0 77
0 84 876
84 0 876
0 7 105
7 0 105
0 2 667
2 0 667
0 70 239
70 0 239
0 77 638
77 0 638
1 2 390
2 1 390
1 4 45
4 1 45
1 5 786
5 1 786
1 8 273
8 1 273
1 10 914
10 1 914
1 36 35
36 1 35
1 69 897
69 1 897
1 61 495
61 1 495
2 9 752
9 2 752
2 18 696
18 2 696
2 19 216
19 2 216
2 62 951
62 2 951
2 35 520
35 2 520
2 12 110
12 2 110
2 49 685
49 2 685
2 38 234
38 2 234
3 16 939
16 3 939
3 20 509
20 3 509
3 21 973
21 3 973
3 23 295
23 3 295
3 31 23
31 3 23
3 79 106
79 3 106
4 7 738
7 4 738
4 37 727
37 4 727
4 65 736
65 4 736
5 25 626
25 5 626
5 66 860
66 5 860
6 39 296
39 6 296
6 44 494
44 6 494
6 45 539
45 6 539
6 76 25
76 6 25
6 81 210
81 6 210
6 25 894
25 6 894
6 37 602
37 6 602
7 42 259
42 7 259
7 57 514
57 7 514
7 65 858
65 7 858
7 96 285
96 7 285
7 81 277
81 7 277
7 92 426
92 7 426
8 14 662
14 8 662
8 81 541
81 8 541
9 13 46
13 9 46
9 17 333
17 9 333
9 35 840
35 9 840
10 11 981
11 10 981
10 12 523
12 10 523
10 28 922
28 10 922
10 82 240
82 10 240
10 37 592
37 10 592
10 41 147
41 10 147
10 52 604
52 10 604
11 43 464
43 11 464
11 48 461
48 11 461
11 78 351
78 11 351
11 85 34
85 11 34
11 82 350
82 11 350
11 73 782
73 11 782
12 92 692
92 12 692
12 58 2
58 12 2
12 37 892
37 12 892
13 15 902
15 13 902
13 30 947
30 13 947
13 53 419
53 13 419
13 46 44
46 13 44
14 26 705
26 14 705
14 80 455
80 14 455
15 91 527
91 15 527
15 47 893
47 15 893
16 46 936
46 16 936
16 30 58
30 16 58
17 22 776
22 17 776
17 24 818
24 17 818
17 29 361
29 17 361
17 86 965
86 17 965
18 27 12
27 18 12
19 56 792
56 19 792
19 24 451
24 19 451
19 44 94
44 19 94
20 91 999
91 20 999
20 62 847
62 20 847
21 27 960
27 21 960
21 37 71
37 21 71
22 33 102
33 22 102
22 34 762
34 22 762
23 50 972
50 23 972
23 98 505
98 23 505
23 66 311
66 23 311
23 76 609
76 23 609
23 86 675
86 23 675
24 71 771
71 24 771
26 78 205
78 26 205
26 63 272
63 26 272
27 68 675
68 27 675
27 59 415
59 27 415
27 57 832
57 27 832
28 50 435
50 28 435
29 40 264
40 29 264
29 61 61
61 29 61
29 81 248
81 29 248
29 88 409
88 29 409
29 63 123
63 29 123
30 32 301
32 30 301
30 64 672
64 30 672
30 86 642
86 30 642
30 89 866
89 30 866
30 68 863
68 30 863
30 79 487
79 30 487
30 92 667
92 30 667
30 43 813
43 30 813
30 73 748
73 30 748
31 41 395
41 31 395
31 34 819
34 31 819
32 74 293
74 32 293
32 65 439
65 32 439
32 65 596
65 32 596
33 46 16
46 33 16
33 94 63
94 33 63
34 38 902
38 34 902
34 70 192
70 34 192
35 41 419
41 35 419
35 97 963
97 35 963
36 47 794
47 36 794
36 50 580
50 36 580
37 66 881
66 37 881
37 68 386
68 37 386
37 46 875
46 37 875
37 61 468
61 37 468
37 84 849
84 37 849
38 64 440
64 38 440
39 55 406
55 39 406
40 63 295
63 40 295
41 94 287
94 41 287
41 91 125
91 41 125
42 85 217
85 42 217
42 66 294
66 42 294
43 72 412
72 43 412
43 89 860
89 43 860
44 70 536
70 44 536
44 58 646
58 44 646
45 52 689
52 45 689
46 58 833
58 46 833
47 51 229
51 47 229
47 54 535
54 47 535
47 86 856
86 47 856
48 49 16
49 48 16
48 60 377
60 48 377
48 63 655
63 48 655
49 59 299
59 49 299
49 67 749
67 49 749
50 73 305
73 50 305
51 71 483
71 51 483
51 94 50
94 51 50
51 54 884
54 51 884
51 78 513
78 51 513
52 75 957
75 52 957
52 57 941
57 52 941
53 91 812
91 53 812
53 54 648
54 53 648
54 77 76
77 54 76
54 65 127
65 54 127
55 90 483
90 55 483
55 55 154
55 55 154
56 90 149
90 56 149
57 73 945
73 57 945
59 88 338
88 59 338
60 98 118
98 60 118
60 80 665
80 60 665
62 95 285
95 62 285
63 70 12
70 63 12
63 79 310
79 63 310
64 65 582
65 64 582
66 67 623
67 66 623
68 98 401
98 68 401
70 91 416
91 70 416
71 94 549
94 71 549
74 90 707
90 74 707
74 99 959
99 74 959
75 75 692
75 75 692
75 93 882
93 75 882
76 79 184
79 76 184
78 97 149
97 78 149
78 88 650
88 78 650
80 88 642
88 80 642
81 83 519
83 81 519
81 97 189
97 81 189
83 87 23
87 83 23
83 93 194
93 83 194
85 97 55
97 85 55
86 94 565
94 86 565
92 95 182
95 92 182
