85

0 1 80
1 0 80
0 2 983
2 0 983
0 10 683
10 0 683
0 37 355
37 0 355
0 47 436
47 0 436
0 59 189
59 0 189
1 5 237
5 1 237
1 6 797
6 1 797
1 13 960
13 1 960
1 16 11
16 1 11
1 23 71
23 1 71
1 29 186
29 1 186
2 3 795
3 2 795
2 11 542
11 2 542
2 83 60
83 2 60
2 45 689
45 2 689
3 4 561
4 3 561
3 60 708
60 3 708
4 12 216
12 4 216
4 19 170
19 4 170
4 21 375
21 4 375
4 7 330
7 4 330
4 21 904
21 4 904
5 7 237
7 5 237
5 28 74
28 5 74
5 36 698
36 5 698
5 43 862
43 5 862
5 16 376
16 5 376
5 37 823
37 5 823
5 83 207
83 5 207
6 9 817
9 6 817
6 14 506
14 6 506
7 8 417
8 7 417
8 20 990
20 8 990
9 26 16
26 9 16
9 44 438
44 9 438
9 80 580
80 9 580
10 84 491
84 10 491
12 15 830
15 12 830
12 24 765
24 12 765
12 30 330
30 12 330
12 74 138
74 12 138
12 38 441
38 12 441
13 17 27
17 13 27
13 56 240
56 13 240
13 59 468
59 13 468
13 75 281
75 13 281
14 55 938
55 14 938
14 76 955
76 14 955
14 80 934
80 14 934
15 51 876
51 15 876
15 54 32
54 15 32
15 79 57
79 15 57
15 31 965
31 15 965
15 38 445
38 15 445
16 18 90
18 16 90
16 25 970
25 16 970
16 40 920
40 16 920
16 58 184
58 16 184
17 31 238
31 17 238
18 22 663
22 18 663
18 41 137
41 18 137
19 25 510
25 19 510
20 68 436
68 20 436
21 41 48
41 21 48
22 46 891
46 22 891
22 49 699
49 22 699
23 32 977
32 23 977
23 39 16
39 23 16
23 28 601
28 23 601
24 31 381
31 24 381
25 27 308
27 25 308
25 65 220
65 25 220
25 70 472
70 25 472
25 29 100
29 25 100
25 67 722
67 25 722
25 53 839
53 25 839
26 42 818
42 26 818
27 82 649
82 27 649
27 71 30
71 27 30
28 71 62
71 28 62
29 35 98
35 29 98
29 69 901
69 29 901
32 33 314
33 32 314
32 63 737
63 32 737
32 84 469
84 32 469
32 36 9
36 32 9
32 56 338
56 32 338
33 34 181
34 33 181
34 38 1
38 34 1
34 76 130
76 34 130
34 48 981
48 34 981
35 73 170
73 35 170
36 83 872
83 36 872
37 48 841
48 37 841
37 52 187
52 37 187
37 53 481
53 37 481
37 81 382
81 37 382
38 45 80
45 38 80
40 62 597
62 40 597
41 69 423
69 41 423
42 50 620
50 42 620
45 71 333
71 45 333
45 53 999
53 45 999
46 64 390
64 46 390
46 81 17
81 46 17
46 64 679
64 46 679
46 49 977
49 46 977
48 57 19
57 48 19
48 73 400
73 48 400
48 50 934
50 48 934
49 53 490
53 49 490
49 73 149
73 49 149
50 70 275
70 50 275
51 77 415
77 51 415
52 72 122
72 52 122
54 71 97
71 54 97
54 78 623
78 54 623
55 58 448
58 55 448
58 61 211
61 58 211
58 70 254
70 58 254
58 60 518
60 58 518
59 82 465
82 59 465
61 67 25
67 61 25
62 73 435
73 62 435
64 66 415
66 64 415
67 78 966
78 67 966
80 83 294
83 80 294
