39

0 1 319
1 0 319
0 2 966
2 0 966
0 27 450
27 0 450
0 19 203
19 0 203
0 16 812
16 0 812
0 15 8
15 0 8
0 5 509
5 0 509
0 12 303
12 0 303
0 32 173
32 0 173
1 4 355
4 1 355
1 16 629
16 1 629
1 24 3
24 1 3
1 37 153
37 1 153
1 3 152
3 1 152
1 8 772
8 1 772
1 12 519
12 1 519
1 30 168
30 1 168
1 18 71
18 1 71
1 21 616
21 1 616
1 10 815
10 1 815
2 3 358
3 2 358
2 8 386
8 2 386
2 19 850
19 2 850
2 28 761
28 2 761
2 9 35
9 2 35
2 25 418
25 2 418
2 35 969
35 2 969
3 5 743
5 3 743
3 12 526
12 3 526
3 25 20
25 3 20
4 17 51
17 4 51
4 28 998
28 4 998
4 29 764
29 4 764
4 35 865
35 4 865
4 32 275
32 4 275
4 37 256
37 4 256
5 6 349
6 5 349
5 34 963
34 5 963
5 9 991
9 5 991
5 23 745
23 5 745
5 12 81
12 5 81
5 26 781
26 5 781
6 7 414
7 6 414
6 11 193
11 6 193
6 15 922
15 6 922
6 21 961
21 6 961
6 20 96
20 6 96
6 36 787
36 6 787
6 7 165
7 6 165
6 10 462
10 6 462
6 16 196
16 6 196
6 25 279
25 6 279
6 22 404
22 6 404
6 25 54
25 6 54
6 26 702
26 6 702
7 9 910
9 7 910
7 10 628
10 7 628
7 31 605
31 7 605
7 32 358
32 7 358
7 13 646
13 7 646
7 28 577
28 7 577
7 8 410
8 7 410
7 25 331
25 7 331
8 12 520
12 8 520
8 27 971
27 8 971
8 12 821
12 8 821
8 32 418
32 8 418
8 11 48
11 8 48
8 29 773
29 8 773
8 12 520
12 8 520
8 36 344
36 8 344
8 9 503
9 8 503
9 13 635
13 9 635
9 16 269
16 9 269
9 24 65
24 9 65
9 17 860
17 9 860
9 16 47
16 9 47
9 14 733
14 9 733
9 38 321
38 9 321
9 26 101
26 9 101
10 14 32
14 10 32
10 18 114
18 10 114
10 30 727
30 10 727
10 15 711
15 10 711
10 38 996
38 10 996
10 31 798
31 10 798
10 12 801
12 10 801
10 28 68
28 10 68
10 13 6
13 10 6
10 32 437
32 10 437
10 27 54
27 10 54
11 28 561
28 11 561
11 17 434
17 11 434
11 21 449
21 11 449
12 20 30
20 12 30
12 23 935
23 12 935
12 16 569
16 12 569
12 24 859
24 12 859
12 28 159
28 12 159
12 27 923
27 12 923
13 36 110
36 13 110
13 26 389
26 13 389
13 16 224
16 13 224
13 17 739
17 13 739
13 34 666
34 13 666
13 28 995
28 13 995
13 23 914
23 13 914
13 26 338
26 13 338
13 37 114
37 13 114
13 29 192
29 13 192
13 22 244
22 13 244
13 28 545
28 13 545
13 20 543
20 13 543
13 24 960
24 13 960
14 21 413
21 14 413
14 29 195
29 14 195
14 34 452
34 14 452
14 23 369
23 14 369
14 36 550
36 14 550
14 32 607
32 14 607
14 23 1
23 14 1
14 37 709
37 14 709
14 22 831
22 14 831
14 14 703
14 14 703
14 16 816
16 14 816
14 33 623
33 14 623
15 38 62
38 15 62
15 38 520
38 15 520
15 17 408
17 15 408
15 32 919
32 15 919
15 33 737
33 15 737
15 18 769
18 15 769
15 19 397
19 15 397
16 37 192
37 16 192
17 22 449
22 17 449
17 32 170
32 17 170
17 29 229
29 17 229
17 35 223
35 17 223
17 22 898
22 17 898
17 22 490
22 17 490
17 23 717
23 17 717
17 27 721
27 17 721
17 27 305
27 17 305
18 30 901
30 18 901
18 19 669
19 18 669
18 37 383
37 18 383
19 37 177
37 19 177
19 23 17
23 19 17
20 29 96
29 20 96
20 34 399
34 20 399
21 36 264
36 21 264
21 32 26
32 21 26
22 32 403
32 22 403
23 26 994
26 23 994
23 26 210
26 23 210
23 25 823
25 23 823
23 36 810
36 23 810
23 32 456
32 23 456
24 25 657
25 24 657
24 33 996
33 24 996
24 28 117
28 24 117
24 28 907
28 24 907
24 31 606
31 24 606
25 33 492
33 25 492
25 31 139
31 25 139
25 32 426
32 25 426
26 32 23
32 26 23
26 34 997
34 26 997
26 38 887
38 26 887
27 34 885
34 27 885
27 29 29
29 27 29
28 33 532
33 28 532
28 33 243
33 28 243
28 32 73
32 28 73
29 36 713
36 29 713
30 32 46
32 30 46
30 34 661
34 30 661
31 36 63
36 31 63
31 33 494
33 31 494
32 35 391
35 32 391
34 35 209
35 34 209
34 36 258
36 34 258
