73

0 1 428
1 0 428
0 9 920
9 0 920
0 15 958
15 0 958
0 28 224
28 0 224
0 37 487
37 0 487
0 1 968
1 0 968
0 32 246
32 0 246
0 68 957
68 0 957
0 1 1000
1 0 1000
0 65 152
65 0 152
0 41 488
41 0 488
0 62 96
62 0 96
0 38 421
38 0 421
0 28 380
28 0 380
1 2 598
2 1 598
1 5 324
5 1 324
1 8 355
8 1 355
1 14 138
14 1 138
1 48 691
48 1 691
1 23 519
23 1 519
1 38 608
38 1 608
2 3 727
3 2 727
2 4 801
4 2 801
2 6 63
6 2 63
2 19 682
19 2 682
2 38 549
38 2 549
2 43 142
43 2 142
2 70 912
70 2 912
2 25 527
25 2 527
2 4 302
4 2 302
2 44 901
44 2 901
2 62 224
62 2 224
2 13 308
13 2 308
2 28 15
28 2 15
2 7 267
7 2 267
2 66 39
66 2 39
2 2 985
2 2 985
2 16 151
16 2 151
3 36 360
36 3 360
3 45 669
45 3 669
3 70 418
70 3 418
3 66 134
66 3 134
3 12 135
12 3 135
3 42 367
42 3 367
3 40 263
40 3 263
3 63 124
63 3 124
3 6 477
6 3 477
4 50 280
50 4 280
4 56 442
56 4 442
4 58 111
58 4 111
4 23 78
23 4 78
4 48 372
48 4 372
4 54 414
54 4 414
4 11 930
11 4 930
5 13 406
13 5 406
5 56 951
56 5 951
5 55 807
55 5 807
5 56 976
56 5 976
5 9 229
9 5 229
5 16 767
16 5 767
5 70 349
70 5 349
5 18 678
18 5 678
5 31 513
31 5 513
5 47 120
47 5 120
6 7 470
7 6 470
6 11 351
11 6 351
6 41 333
41 6 333
6 56 807
56 6 807
6 62 419
62 6 419
6 8 275
8 6 275
6 56 870
56 6 870
6 28 371
28 6 371
6 40 79
40 6 79
6 50 77
50 6 77
6 14 321
14 6 321
7 10 965
10 7 965
7 72 193
72 7 193
7 30 899
30 7 899
7 58 333
58 7 333
7 11 577
11 7 577
7 55 384
55 7 384
7 48 631
48 7 631
7 26 146
26 7 146
7 23 383
23 7 383
7 54 96
54 7 96
7 43 947
43 7 947
7 54 547
54 7 547
8 23 483
23 8 483
8 25 209
25 8 209
8 39 455
39 8 455
8 69 454
69 8 454
8 68 875
68 8 875
8 32 691
32 8 691
8 19 483
19 8 483
8 11 150
11 8 150
8 20 328
20 8 328
8 66 611
66 8 611
8 28 68
28 8 68
8 48 832
48 8 832
8 55 708
55 8 708
8 52 751
52 8 751
8 30 694
30 8 694
8 28 899
28 8 899
9 20 775
20 9 775
9 48 760
48 9 760
9 42 199
42 9 199
9 13 759
13 9 759
9 65 130
65 9 130
9 22 853
22 9 853
9 14 534
14 9 534
9 21 150
21 9 150
9 13 129
13 9 129
10 54 132
54 10 132
10 12 15
12 10 15
10 28 104
28 10 104
10 19 26
19 10 26
10 41 755
41 10 755
10 65 37
65 10 37
10 72 941
72 10 941
10 39 930
39 10 930
10 27 233
27 10 233
10 47 386
47 10 386
10 32 60
32 10 60
11 12 502
12 11 502
11 16 944
16 11 944
11 21 908
21 11 908
11 43 515
43 11 515
11 57 870
57 11 870
11 31 464
31 11 464
11 28 99
28 11 99
11 61 918
61 11 918
11 33 434
33 11 434
11 52 746
52 11 746
11 27 943
27 11 943
11 71 731
71 11 731
12 17 836
17 12 836
12 34 882
34 12 882
12 23 173
23 12 173
12 36 421
36 12 421
12 52 997
52 12 997
12 67 936
67 12 936
12 52 500
52 12 500
12 17 422
17 12 422
12 52 886
52 12 886
12 19 204
19 12 204
13 24 111
24 13 111
13 46 160
46 13 160
13 21 67
21 13 67
13 22 898
22 13 898
13 44 934
44 13 934
13 36 12
36 13 12
13 52 387
52 13 387
13 33 487
33 13 487
13 57 988
57 13 988
13 64 279
64 13 279
13 27 922
27 13 922
13 62 294
62 13 294
13 28 651
28 13 651
13 40 759
40 13 759
13 15 271
15 13 271
13 48 636
48 13 636
13 70 28
70 13 28
14 29 735
29 14 735
14 46 660
46 14 660
14 64 632
64 14 632
14 16 999
16 14 999
14 54 798
54 14 798
14 64 187
64 14 187
14 53 596
53 14 596
14 50 130
50 14 130
14 19 382
19 14 382
14 44 778
44 14 778
15 50 231
50 15 231
15 61 439
61 15 439
15 34 218
34 15 218
15 50 267
50 15 267
15 49 991
49 15 991
15 45 742
45 15 742
15 17 641
17 15 641
15 30 387
30 15 387
16 24 451
24 16 451
16 47 445
47 16 445
16 17 228
17 16 228
16 16 482
16 16 482
16 18 691
18 16 691
16 48 487
48 16 487
16 48 96
48 16 96
16 33 832
33 16 832
16 59 101
59 16 101
16 39 411
39 16 411
17 18 336
18 17 336
17 71 840
71 17 840
17 21 551
21 17 551
17 52 698
52 17 698
17 27 203
27 17 203
17 34 749
34 17 749
17 32 984
32 17 984
17 45 117
45 17 117
18 32 776
32 18 776
18 49 406
49 18 406
18 52 800
52 18 800
18 19 281
19 18 281
18 30 703
30 18 703
18 21 697
21 18 697
18 35 701
35 18 701
18 68 569
68 18 569
18 25 41
25 18 41
18 26 808
26 18 808
18 51 673
51 18 673
19 22 763
22 19 763
19 27 107
27 19 107
19 31 848
31 19 848
19 33 353
33 19 353
19 58 323
58 19 323
19 56 334
56 19 334
19 43 688
43 19 688
19 35 871
35 19 871
19 66 76
66 19 76
19 34 800
34 19 800
20 28 326
28 20 326
20 59 120
59 20 120
20 40 754
40 20 754
21 67 314
67 21 314
21 67 198
67 21 198
21 67 824
67 21 824
21 67 870
67 21 870
22 54 559
54 22 559
22 26 357
26 22 357
22 40 935
40 22 935
22 72 903
72 22 903
22 49 58
49 22 58
22 56 24
56 22 24
22 40 258
40 22 258
22 66 588
66 22 588
22 24 242
24 22 242
23 49 24
49 23 24
23 54 272
54 23 272
23 61 496
61 23 496
23 61 508
61 23 508
23 25 117
25 23 117
23 33 980
33 23 980
23 71 228
71 23 228
23 49 184
49 23 184
23 43 584
43 23 584
23 33 20
33 23 20
23 34 532
34 23 532
23 30 829
30 23 829
23 65 338
65 23 338
24 26 728
26 24 728
24 53 601
53 24 601
24 24 448
24 24 448
24 27 252
27 24 252
24 39 33
39 24 33
24 30 852
30 24 852
24 56 834
56 24 834
25 55 176
55 25 176
25 42 408
42 25 408
25 26 752
26 25 752
25 49 800
49 25 800
25 59 58
59 25 58
25 39 936
39 25 936
25 71 787
71 25 787
25 59 385
59 25 385
26 30 485
30 26 485
26 35 494
35 26 494
26 52 775
52 26 775
26 40 748
40 26 748
26 63 124
63 26 124
26 38 350
38 26 350
26 42 124
42 26 124
27 44 684
44 27 684
27 51 448
51 27 448
27 64 222
64 27 222
27 27 429
27 27 429
27 63 814
63 27 814
27 36 751
36 27 751
28 68 720
68 28 720
28 63 569
63 28 569
28 44 153
44 28 153
28 36 911
36 28 911
28 32 292
32 28 292
28 37 225
37 28 225
28 49 910
49 28 910
29 52 579
52 29 579
29 53 753
53 29 753
29 59 75
59 29 75
29 62 89
62 29 89
29 56 808
56 29 808
29 49 738
49 29 738
29 42 366
42 29 366
29 46 767
46 29 767
30 67 227
67 30 227
30 37 248
37 30 248
30 46 996
46 30 996
31 38 988
38 31 988
31 61 702
61 31 702
31 50 299
50 31 299
31 34 785
34 31 785
32 40 22
40 32 22
32 42 281
42 32 281
32 67 195
67 32 195
32 58 412
58 32 412
32 58 449
58 32 449
32 63 271
63 32 271
32 46 721
46 32 721
32 39 619
39 32 619
33 61 964
61 33 964
33 38 276
38 33 276
33 71 518
71 33 518
33 68 190
68 33 190
33 37 808
37 33 808
33 48 581
48 33 581
34 47 248
47 34 248
34 37 987
37 34 987
34 45 909
45 34 909
34 72 942
72 34 942
34 39 893
39 34 893
34 58 817
58 34 817
34 58 262
58 34 262
35 47 629
47 35 629
35 41 954
41 35 954
35 53 843
53 35 843
35 44 882
44 35 882
35 53 733
53 35 733
35 41 477
41 35 477
35 42 285
42 35 285
35 47 53
47 35 53
36 61 795
61 36 795
36 45 85
45 36 85
36 70 817
70 36 817
36 40 801
40 36 801
36 46 251
46 36 251
36 66 359
66 36 359
36 70 401
70 36 401
36 60 458
60 36 458
36 39 305
39 36 305
36 36 582
36 36 582
36 64 943
64 36 943
36 49 598
49 36 598
37 60 273
60 37 273
37 64 400
64 37 400
37 70 766
70 37 766
37 60 780
60 37 780
37 51 16
51 37 16
37 71 226
71 37 226
37 43 958
43 37 958
38 43 691
43 38 691
38 64 123
64 38 123
38 65 498
65 38 498
38 53 526
53 38 526
39 55 364
55 39 364
39 66 489
66 39 489
39 49 616
49 39 616
39 61 69
61 39 69
39 58 892
58 39 892
40 67 128
67 40 128
40 64 512
64 40 512
40 49 333
49 40 333
40 53 108
53 40 108
40 57 269
57 40 269
40 55 798
55 40 798
41 52 512
52 41 512
41 62 38
62 41 38
41 45 507
45 41 507
41 54 779
54 41 779
41 57 107
57 41 107
41 47 778
47 41 778
41 66 875
66 41 875
41 43 591
43 41 591
42 71 585
71 42 585
42 51 414
51 42 414
42 43 919
43 42 919
43 65 148
65 43 148
43 69 910
69 43 910
43 68 946
68 43 946
43 71 961
71 43 961
43 61 244
61 43 244
43 54 146
54 43 146
44 45 585
45 44 585
44 64 106
64 44 106
44 53 802
53 44 802
44 51 628
51 44 628
44 48 676
48 44 676
44 59 996
59 44 996
45 52 991
52 45 991
45 66 815
66 45 815
45 65 488
65 45 488
45 69 810
69 45 810
45 55 458
55 45 458
46 63 39
63 46 39
46 48 144
48 46 144
47 69 606
69 47 606
48 50 293
50 48 293
48 59 352
59 48 352
48 69 141
69 48 141
48 51 44
51 48 44
48 58 521
58 48 521
48 62 42
62 48 42
49 68 554
68 49 554
49 51 9
51 49 9
49 68 65
68 49 65
50 68 908
68 50 908
50 52 863
52 50 863
51 54 386
54 51 386
51 66 712
66 51 712
52 70 775
70 52 775
53 59 625
59 53 625
54 55 772
55 54 772
54 61 654
61 54 654
54 70 154
70 54 154
55 66 973
66 55 973
55 72 114
72 55 114
55 65 486
65 55 486
55 70 224
70 55 224
55 56 757
56 55 757
55 72 480
72 55 480
55 65 142
65 55 142
56 71 264
71 56 264
57 71 106
71 57 106
57 66 434
66 57 434
57 62 14
62 57 14
58 69 668
69 58 668
58 71 459
71 58 459
58 70 909
70 58 909
58 66 304
66 58 304
59 70 811
70 59 811
60 61 441
61 60 441
61 66 461
66 61 461
61 65 225
65 61 225
61 71 234
71 61 234
62 67 547
67 62 547
62 64 612
64 62 612
62 64 582
64 62 582
63 64 259
64 63 259
64 70 683
70 64 683
64 67 339
67 64 339
66 68 413
68 66 413
66 72 834
72 66 834
66 70 444
70 66 444
67 68 698
68 67 698
68 68 937
68 68 937
69 71 426
71 69 426
