83

0 1 999
1 0 999
0 6 188
6 0 188
0 7 436
7 0 436
0 10 169
10 0 169
0 50 753
50 0 753
0 14 368
14 0 368
0 58 315
58 0 315
0 11 591
11 0 591
0 21 312
21 0 312
1 2 842
2 1 842
1 4 901
4 1 901
1 27 772
27 1 772
1 75 881
75 1 881
1 11 778
11 1 778
1 50 568
50 1 568
2 3 278
3 2 278
2 5 424
5 2 424
2 21 982
21 2 982
2 73 916
73 2 916
2 31 466
31 2 466
2 32 769
32 2 769
3 34 671
34 3 671
3 57 544
57 3 544
3 49 135
49 3 135
4 48 258
48 4 258
4 79 714
79 4 714
4 63 610
63 4 610
4 44 465
44 4 465
5 11 266
11 5 266
5 12 463
12 5 463
5 24 687
24 5 687
5 21 435
21 5 435
5 68 185
68 5 185
6 8 869
8 6 869
6 18 110
18 6 110
6 67 807
67 6 807
6 8 638
8 6 638
7 13 129
13 7 129
7 14 479
14 7 479
7 22 296
22 7 296
7 57 747
57 7 747
7 44 485
44 7 485
7 14 741
14 7 741
7 74 117
74 7 117
8 9 335
9 8 335
8 36 977
36 8 977
8 75 774
75 8 774
8 46 853
46 8 853
8 78 388
78 8 388
8 51 492
51 8 492
8 58 897
58 8 897
8 30 399
30 8 399
9 26 937
26 9 937
9 43 593
43 9 593
9 48 284
48 9 284
9 60 310
60 9 310
10 20 664
20 10 664
10 48 471
48 10 471
10 72 300
72 10 300
10 43 441
43 10 441
10 21 977
21 10 977
11 15 465
15 11 465
11 74 985
74 11 985
11 26 115
26 11 115
11 12 810
12 11 810
11 24 338
24 11 338
12 33 106
33 12 106
12 71 120
71 12 120
12 46 847
46 12 847
12 32 420
32 12 420
12 40 815
40 12 815
12 41 612
41 12 612
13 16 51
16 13 51
13 32 881
32 13 881
13 38 909
38 13 909
13 64 883
64 13 883
13 30 158
30 13 158
13 40 802
40 13 802
13 49 203
49 13 203
14 17 883
17 14 883
14 23 667
23 14 667
14 21 248
21 14 248
14 77 192
77 14 192
15 29 235
29 15 235
15 45 374
45 15 374
15 46 561
46 15 561
15 59 826
59 15 826
15 70 54
70 15 54
15 80 823
80 15 823
15 18 752
18 15 752
15 32 896
32 15 896
15 17 268
17 15 268
15 81 99
81 15 99
16 80 60
80 16 60
16 61 891
61 16 891
16 76 507
76 16 507
16 32 827
32 16 827
16 74 440
74 16 440
16 38 335
38 16 335
16 39 519
39 16 519
16 64 200
64 16 200
17 19 420
19 17 420
17 37 605
37 17 605
17 47 693
47 17 693
17 37 10
37 17 10
17 58 126
58 17 126
18 30 672
30 18 672
18 49 805
49 18 805
18 76 607
76 18 607
18 37 451
37 18 451
18 67 790
67 18 790
19 44 2
44 19 2
19 32 840
32 19 840
19 73 397
73 19 397
20 25 315
25 20 315
20 41 403
41 20 403
20 53 209
53 20 209
20 53 813
53 20 813
20 67 785
67 20 785
20 73 183
73 20 183
20 55 429
55 20 429
21 40 395
40 21 395
21 63 278
63 21 278
21 82 728
82 21 728
21 63 376
63 21 376
21 60 255
60 21 255
21 53 730
53 21 730
21 49 170
49 21 170
21 38 570
38 21 570
21 65 309
65 21 309
22 31 941
31 22 941
22 55 564
55 22 564
22 69 707
69 22 707
22 78 526
78 22 526
22 45 6
45 22 6
22 82 758
82 22 758
23 35 836
35 23 836
23 63 733
63 23 733
23 57 160
57 23 160
23 66 441
66 23 441
24 28 959
28 24 959
24 46 553
46 24 553
24 65 93
65 24 93
25 47 235
47 25 235
26 69 371
69 26 371
26 52 843
52 26 843
27 76 807
76 27 807
27 52 468
52 27 468
28 56 109
56 28 109
28 75 717
75 28 717
28 78 59
78 28 59
28 60 492
60 28 492
28 40 208
40 28 208
28 74 534
74 28 534
28 48 188
48 28 188
29 62 813
62 29 813
29 61 773
61 29 773
29 47 387
47 29 387
30 39 187
39 30 187
30 80 467
80 30 467
30 76 913
76 30 913
30 64 71
64 30 71
30 72 996
72 30 996
30 44 414
44 30 414
31 69 554
69 31 554
31 55 144
55 31 144
32 49 4
49 32 4
32 46 217
46 32 217
33 63 513
63 33 513
33 45 777
45 33 777
33 61 639
61 33 639
34 72 765
72 34 765
34 78 679
78 34 679
34 69 59
69 34 59
34 75 226
75 34 226
34 60 517
60 34 517
35 51 414
51 35 414
35 58 281
58 35 281
35 39 634
39 35 634
35 39 435
39 35 435
36 42 627
42 36 627
36 74 461
74 36 461
36 52 166
52 36 166
37 75 475
75 37 475
38 79 468
79 38 468
38 45 106
45 38 106
39 66 133
66 39 133
39 74 650
74 39 650
39 51 327
51 39 327
40 65 700
65 40 700
40 50 618
50 40 618
40 79 246
79 40 246
42 54 116
54 42 116
42 44 342
44 42 342
42 48 76
48 42 76
43 49 104
49 43 104
43 47 926
47 43 926
44 65 85
65 44 85
44 73 683
73 44 683
45 64 652
64 45 652
45 55 341
55 45 341
48 51 814
51 48 814
49 52 37
52 49 37
49 53 119
53 49 119
49 56 332
56 49 332
50 64 729
64 50 729
50 74 185
74 50 185
50 61 720
61 50 720
50 70 233
70 50 233
51 60 423
60 51 423
51 65 773
65 51 773
51 56 404
56 51 404
53 81 336
81 53 336
53 63 789
63 53 789
53 66 405
66 53 405
54 69 698
69 54 698
54 55 628
55 54 628
54 60 15
60 54 15
55 61 439
61 55 439
55 68 366
68 55 366
56 78 602
78 56 602
56 70 639
70 56 639
58 62 694
62 58 694
58 62 440
62 58 440
58 74 878
74 58 878
59 70 38
70 59 38
60 80 33
80 60 33
60 68 678
68 60 678
60 77 661
77 60 661
60 62 567
62 60 567
63 77 165
77 63 165
64 68 18
68 64 18
64 82 699
82 64 699
64 77 719
77 64 719
65 70 792
70 65 792
66 72 243
72 66 243
70 80 111
80 70 111
71 74 970
74 71 970
74 77 268
77 74 268
76 82 997
82 76 997
77 81 299
81 77 299
