47

0 1 45
1 0 45
0 2 536
2 0 536
0 4 402
4 0 402
0 9 480
9 0 480
0 17 760
17 0 760
1 3 781
3 1 781
1 6 201
6 1 201
1 19 396
19 1 396
1 43 898
43 1 898
1 25 75
25 1 75
2 29 584
29 2 584
3 5 558
5 3 558
3 13 332
13 3 332
3 28 862
28 3 862
4 7 326
7 4 326
4 14 605
14 4 605
5 7 951
7 5 951
5 11 206
11 5 206
5 38 990
38 5 990
5 39 423
39 5 423
5 14 743
14 5 743
6 8 350
8 6 350
6 12 162
12 6 162
6 14 589
14 6 589
6 16 318
16 6 318
6 31 482
31 6 482
6 12 345
12 6 345
8 10 858
10 8 858
8 28 68
28 8 68
9 23 568
23 9 568
9 26 995
26 9 995
10 18 607
18 10 607
10 14 328
14 10 328
11 38 630
38 11 630
12 15 609
15 12 609
12 24 688
24 12 688
12 25 892
25 12 892
12 43 603
43 12 603
13 21 676
21 13 676
13 41 569
41 13 569
13 29 463
29 13 463
14 39 581
39 14 581
15 22 993
22 15 993
15 26 877
26 15 877
15 46 217
46 15 217
15 23 537
23 15 537
16 46 834
46 16 834
17 20 703
20 17 703
17 29 298
29 17 298
17 31 967
31 17 967
18 34 471
34 18 471
18 36 605
36 18 605
18 21 50
21 18 50
18 30 496
30 18 496
19 45 541
45 19 541
19 44 704
44 19 704
20 42 286
42 20 286
20 30 419
30 20 419
20 20 780
20 20 780
20 29 311
29 20 311
21 27 823
27 21 823
22 30 903
30 22 903
22 31 246
31 22 246
23 32 99
32 23 99
24 33 702
33 24 702
26 40 699
40 26 699
26 31 625
31 26 625
27 42 701
42 27 701
28 40 132
40 28 132
28 46 621
46 28 621
30 35 442
35 30 442
33 37 258
37 33 258
37 40 194
40 37 194
42 45 192
45 42 192
43 44 142
44 43 142
