81

0 1 763
1 0 763
0 8 33
8 0 33
0 30 705
30 0 705
0 32 705
32 0 705
0 52 181
52 0 181
0 77 929
77 0 929
0 44 425
44 0 425
0 53 883
53 0 883
1 2 464
2 1 464
1 4 258
4 1 258
1 7 560
7 1 560
1 9 646
9 1 646
1 38 134
38 1 134
1 35 167
35 1 167
1 7 699
7 1 699
1 38 339
38 1 339
1 80 47
80 1 47
1 31 583
31 1 583
1 26 616
26 1 616
1 11 879
11 1 879
1 47 200
47 1 200
2 3 625
3 2 625
2 12 510
12 2 510
2 58 583
58 2 583
2 74 691
74 2 691
2 69 935
69 2 935
2 70 722
70 2 722
2 75 315
75 2 315
3 15 496
15 3 496
3 48 398
48 3 398
3 45 285
45 3 285
3 24 254
24 3 254
3 24 240
24 3 240
3 16 826
16 3 826
3 30 601
30 3 601
3 33 505
33 3 505
3 30 729
30 3 729
3 22 640
22 3 640
3 37 436
37 3 436
4 5 911
5 4 911
4 6 664
6 4 664
4 23 692
23 4 692
4 26 472
26 4 472
4 27 259
27 4 259
4 18 942
18 4 942
4 73 165
73 4 165
4 16 38
16 4 38
4 14 911
14 4 911
4 56 719
56 4 719
4 49 2
49 4 2
4 76 48
76 4 48
4 28 875
28 4 875
4 14 84
14 4 84
5 14 483
14 5 483
5 70 788
70 5 788
5 73 390
73 5 390
5 64 119
64 5 119
5 30 170
30 5 170
5 16 714
16 5 714
5 35 257
35 5 257
5 47 935
47 5 935
5 33 991
33 5 991
5 47 314
47 5 314
6 10 648
10 6 648
6 19 155
19 6 155
6 17 957
17 6 957
6 21 143
21 6 143
6 44 331
44 6 331
6 29 947
29 6 947
6 65 536
65 6 536
6 59 288
59 6 288
6 57 16
57 6 16
6 13 752
13 6 752
6 74 692
74 6 692
7 55 995
55 7 995
7 58 5
58 7 5
7 77 715
77 7 715
7 31 840
31 7 840
7 34 298
34 7 298
7 69 208
69 7 208
7 64 754
64 7 754
7 41 564
41 7 564
7 75 341
75 7 341
7 13 141
13 7 141
7 15 74
15 7 74
7 38 769
38 7 769
8 20 31
20 8 31
8 39 443
39 8 443
8 68 668
68 8 668
8 71 473
71 8 473
8 80 641
80 8 641
8 49 732
49 8 732
8 9 649
9 8 649
8 45 126
45 8 126
8 48 138
48 8 138
8 22 852
22 8 852
8 32 650
32 8 650
8 27 719
27 8 719
8 21 95
21 8 95
8 15 61
15 8 61
8 54 147
54 8 147
8 65 364
65 8 364
8 64 712
64 8 712
8 33 285
33 8 285
8 29 951
29 8 951
8 79 530
79 8 530
9 11 618
11 9 618
9 53 684
53 9 684
9 76 301
76 9 301
9 48 130
48 9 130
9 63 646
63 9 646
9 25 314
25 9 314
9 11 655
11 9 655
9 39 782
39 9 782
9 50 850
50 9 850
10 13 83
13 10 83
10 18 634
18 10 634
10 65 247
65 10 247
10 50 864
50 10 864
10 49 969
49 10 969
10 49 415
49 10 415
10 30 193
30 10 193
10 30 567
30 10 567
10 23 83
23 10 83
10 41 455
41 10 455
10 76 759
76 10 759
10 57 651
57 10 651
11 16 398
16 11 398
11 17 526
17 11 526
11 22 519
22 11 519
11 63 947
63 11 947
11 55 436
55 11 436
11 11 645
11 11 645
11 76 2
76 11 2
11 24 192
24 11 192
11 18 197
18 11 197
11 49 80
49 11 80
11 62 202
62 11 202
11 15 675
15 11 675
11 48 371
48 11 371
12 25 729
25 12 729
12 50 775
50 12 775
12 47 153
47 12 153
12 35 753
35 12 753
12 66 495
66 12 495
12 39 418
39 12 418
12 61 955
61 12 955
12 73 647
73 12 647
13 64 818
64 13 818
13 71 217
71 13 217
13 30 103
30 13 103
13 62 556
62 13 556
13 19 706
19 13 706
13 32 547
32 13 547
13 39 472
39 13 472
13 61 702
61 13 702
13 70 174
70 13 174
14 40 855
40 14 855
14 49 928
49 14 928
14 71 54
71 14 54
14 76 869
76 14 869
14 57 848
57 14 848
14 30 834
30 14 834
14 77 707
77 14 707
14 34 145
34 14 145
14 37 289
37 14 289
14 23 770
23 14 770
14 75 174
75 14 174
14 46 344
46 14 344
14 27 247
27 14 247
15 22 533
22 15 533
15 40 72
40 15 72
15 72 780
72 15 780
15 73 22
73 15 22
15 55 207
55 15 207
15 30 531
30 15 531
15 54 965
54 15 965
15 44 50
44 15 50
16 33 33
33 16 33
16 56 868
56 16 868
16 60 394
60 16 394
16 18 989
18 16 989
16 34 894
34 16 894
16 28 751
28 16 751
16 21 604
21 16 604
16 62 2
62 16 2
16 43 749
43 16 749
16 73 589
73 16 589
17 21 505
21 17 505
17 41 935
41 17 935
17 30 83
30 17 83
17 39 874
39 17 874
18 34 199
34 18 199
18 36 986
36 18 986
18 37 532
37 18 532
18 43 243
43 18 243
18 45 799
45 18 799
18 73 422
73 18 422
18 54 778
54 18 778
18 45 596
45 18 596
18 77 814
77 18 814
18 38 753
38 18 753
18 52 414
52 18 414
18 55 253
55 18 253
19 65 582
65 19 582
19 46 21
46 19 21
19 23 657
23 19 657
19 27 685
27 19 685
19 28 537
28 19 537
19 21 798
21 19 798
19 63 414
63 19 414
19 80 76
80 19 76
20 78 157
78 20 157
20 64 841
64 20 841
20 23 957
23 20 957
20 67 377
67 20 377
20 35 644
35 20 644
20 76 343
76 20 343
20 75 488
75 20 488
20 30 8
30 20 8
21 29 250
29 21 250
21 41 87
41 21 87
21 76 268
76 21 268
21 38 608
38 21 608
21 74 505
74 21 505
21 67 627
67 21 627
21 46 360
46 21 360
21 27 708
27 21 708
21 28 39
28 21 39
21 25 947
25 21 947
22 24 101
24 22 101
22 55 894
55 22 894
22 45 350
45 22 350
22 24 789
24 22 789
22 52 971
52 22 971
23 28 809
28 23 809
23 42 142
42 23 142
23 54 424
54 23 424
23 42 980
42 23 980
23 53 161
53 23 161
23 64 167
64 23 167
23 53 321
53 23 321
23 49 414
49 23 414
24 35 80
35 24 80
24 41 878
41 24 878
24 51 212
51 24 212
25 55 864
55 25 864
25 80 52
80 25 52
25 43 611
43 25 611
25 53 399
53 25 399
25 46 48
46 25 48
25 79 673
79 25 673
25 53 28
53 25 28
25 57 298
57 25 298
25 69 255
69 25 255
25 33 801
33 25 801
25 45 580
45 25 580
25 70 401
70 25 401
26 44 453
44 26 453
26 46 927
46 26 927
26 42 244
42 26 244
26 37 738
37 26 738
26 66 228
66 26 228
26 47 655
47 26 655
27 50 801
50 27 801
27 64 769
64 27 769
27 65 744
65 27 744
27 63 247
63 27 247
27 59 170
59 27 170
28 31 631
31 28 631
28 38 374
38 28 374
28 59 920
59 28 920
28 52 688
52 28 688
28 59 488
59 28 488
28 42 718
42 28 718
29 33 713
33 29 713
30 61 841
61 30 841
30 62 684
62 30 684
30 48 384
48 30 384
30 68 360
68 30 360
30 58 29
58 30 29
30 54 643
54 30 643
30 72 648
72 30 648
30 70 229
70 30 229
30 68 116
68 30 116
30 72 881
72 30 881
30 64 860
64 30 860
31 43 475
43 31 475
31 63 718
63 31 718
31 35 806
35 31 806
31 50 109
50 31 109
31 39 203
39 31 203
31 68 559
68 31 559
31 68 833
68 31 833
31 55 452
55 31 452
32 47 784
47 32 784
32 52 549
52 32 549
32 40 770
40 32 770
32 65 325
65 32 325
32 78 842
78 32 842
32 44 276
44 32 276
32 80 122
80 32 122
32 65 408
65 32 408
33 49 867
49 33 867
33 68 176
68 33 176
33 43 450
43 33 450
33 41 73
41 33 73
33 54 81
54 33 81
33 76 478
76 33 478
33 40 705
40 33 705
33 69 297
69 33 297
33 40 41
40 33 41
33 42 233
42 33 233
34 54 713
54 34 713
34 77 371
77 34 371
34 42 465
42 34 465
34 35 550
35 34 550
34 75 82
75 34 82
34 77 680
77 34 680
34 71 53
71 34 53
35 42 214
42 35 214
35 52 709
52 35 709
35 54 37
54 35 37
35 41 934
41 35 934
35 53 309
53 35 309
35 68 170
68 35 170
35 38 247
38 35 247
35 45 645
45 35 645
36 51 82
51 36 82
36 41 384
41 36 384
36 40 890
40 36 890
36 64 807
64 36 807
36 59 709
59 36 709
36 80 818
80 36 818
37 62 535
62 37 535
37 66 343
66 37 343
37 41 344
41 37 344
37 75 668
75 37 668
37 75 27
75 37 27
37 67 157
67 37 157
37 47 825
47 37 825
37 59 97
59 37 97
37 80 526
80 37 526
37 62 703
62 37 703
37 46 838
46 37 838
37 74 965
74 37 965
38 78 395
78 38 395
39 44 125
44 39 125
39 41 709
41 39 709
39 67 294
67 39 294
39 66 408
66 39 408
40 58 55
58 40 55
40 47 760
47 40 760
40 78 294
78 40 294
41 55 56
55 41 56
41 42 2
42 41 2
41 49 782
49 41 782
41 49 940
49 41 940
41 69 927
69 41 927
42 46 268
46 42 268
42 61 46
61 42 46
42 47 330
47 42 330
42 72 880
72 42 880
43 45 82
45 43 82
43 53 427
53 43 427
43 73 497
73 43 497
44 68 353
68 44 353
44 79 934
79 44 934
45 57 746
57 45 746
45 63 597
63 45 597
45 48 188
48 45 188
46 61 338
61 46 338
46 65 147
65 46 147
46 79 940
79 46 940
46 48 445
48 46 445
46 74 30
74 46 30
47 75 461
75 47 461
47 80 191
80 47 191
47 50 810
50 47 810
47 52 804
52 47 804
48 69 329
69 48 329
48 53 109
53 48 109
48 71 426
71 48 426
48 78 689
78 48 689
48 55 876
55 48 876
49 59 64
59 49 64
49 49 445
49 49 445
49 63 835
63 49 835
50 74 929
74 50 929
50 57 248
57 50 248
50 62 937
62 50 937
50 74 115
74 50 115
51 68 616
68 51 616
51 53 688
53 51 688
51 66 271
66 51 271
51 70 400
70 51 400
52 56 393
56 52 393
52 72 37
72 52 37
52 68 464
68 52 464
52 65 60
65 52 60
52 61 614
61 52 614
52 57 771
57 52 771
52 64 744
64 52 744
52 69 425
69 52 425
53 72 227
72 53 227
53 76 322
76 53 322
54 77 474
77 54 474
54 74 702
74 54 702
56 64 279
64 56 279
56 78 243
78 56 243
56 64 834
64 56 834
56 68 601
68 56 601
57 80 268
80 57 268
57 76 33
76 57 33
57 67 568
67 57 568
57 70 389
70 57 389
57 66 225
66 57 225
57 75 98
75 57 98
57 67 657
67 57 657
58 73 303
73 58 303
58 75 127
75 58 127
58 68 658
68 58 658
58 65 94
65 58 94
58 64 58
64 58 58
59 78 962
78 59 962
59 62 944
62 59 944
59 72 1
72 59 1
60 67 80
67 60 80
60 79 675
79 60 675
60 76 804
76 60 804
60 61 335
61 60 335
60 77 598
77 60 598
60 69 703
69 60 703
61 63 940
63 61 940
61 70 885
70 61 885
61 62 737
62 61 737
62 73 402
73 62 402
62 68 880
68 62 880
63 65 676
65 63 676
64 66 746
66 64 746
65 67 701
67 65 701
66 76 589
76 66 589
66 75 602
75 66 602
66 78 93
78 66 93
66 73 920
73 66 920
67 69 150
69 67 150
67 76 363
76 67 363
67 77 379
77 67 379
68 79 178
79 68 178
68 80 1
80 68 1
68 75 234
75 68 234
70 74 665
74 70 665
70 80 887
80 70 887
71 79 144
79 71 144
71 78 528
78 71 528
71 80 182
80 71 182
74 75 870
75 74 870
80 80 607
80 80 607
