95

0 1 338
1 0 338
0 4 442
4 0 442
0 31 527
31 0 527
0 34 167
34 0 167
0 45 142
45 0 142
0 58 354
58 0 354
0 83 250
83 0 250
0 94 864
94 0 864
0 80 891
80 0 891
0 85 715
85 0 715
0 16 52
16 0 52
1 2 818
2 1 818
1 5 454
5 1 454
1 22 477
22 1 477
1 78 855
78 1 855
1 85 863
85 1 863
1 61 302
61 1 302
1 55 392
55 1 392
1 34 272
34 1 272
1 65 671
65 1 671
1 5 233
5 1 233
1 35 630
35 1 630
1 35 979
35 1 979
1 5 873
5 1 873
1 84 491
84 1 491
2 3 165
3 2 165
2 6 400
6 2 400
2 10 814
10 2 814
2 13 163
13 2 163
2 23 646
23 2 646
2 82 364
82 2 364
2 84 18
84 2 18
2 11 922
11 2 922
2 9 767
9 2 767
2 21 115
21 2 115
2 41 522
41 2 522
2 77 466
77 2 466
2 51 533
51 2 533
2 19 360
19 2 360
2 87 326
87 2 326
2 57 554
57 2 554
2 13 353
13 2 353
3 8 570
8 3 570
3 9 319
9 3 319
3 71 352
71 3 352
3 25 443
25 3 443
3 58 947
58 3 947
3 83 369
83 3 369
4 7 436
7 4 436
4 18 271
18 4 271
4 40 739
40 4 739
4 47 638
47 4 638
4 25 383
25 4 383
4 47 955
47 4 955
4 80 529
80 4 529
4 66 464
66 4 464
4 76 368
76 4 368
4 5 487
5 4 487
5 17 596
17 5 596
5 60 685
60 5 685
5 42 225
42 5 225
5 44 388
44 5 388
5 86 312
86 5 312
5 10 103
10 5 103
5 42 899
42 5 899
5 7 285
7 5 285
6 12 513
12 6 513
6 30 360
30 6 360
6 46 106
46 6 106
6 60 556
60 6 556
6 63 783
63 6 783
6 78 452
78 6 452
6 51 730
51 6 730
7 27 435
27 7 435
7 91 680
91 7 680
7 36 624
36 7 624
7 21 665
21 7 665
7 93 383
93 7 383
7 18 904
18 7 904
7 71 129
71 7 129
8 19 100
19 8 100
8 48 185
48 8 185
8 73 839
73 8 839
8 9 125
9 8 125
8 46 115
46 8 115
8 15 428
15 8 428
8 58 128
58 8 128
8 59 322
59 8 322
8 55 288
55 8 288
8 57 683
57 8 683
8 13 286
13 8 286
9 26 882
26 9 882
9 42 810
42 9 810
9 67 751
67 9 751
9 33 619
33 9 619
9 35 999
35 9 999
9 53 280
53 9 280
9 61 153
61 9 153
9 93 631
93 9 631
9 38 809
38 9 809
9 71 207
71 9 207
9 51 530
51 9 530
9 24 672
24 9 672
9 80 911
80 9 911
9 61 887
61 9 887
10 11 628
11 10 628
10 59 441
59 10 441
10 90 512
90 10 512
10 60 880
60 10 880
10 12 466
12 10 466
10 45 376
45 10 376
10 49 329
49 10 329
10 60 690
60 10 690
10 35 990
35 10 990
11 14 629
14 11 629
11 80 870
80 11 870
11 88 129
88 11 129
11 84 723
84 11 723
11 46 377
46 11 377
11 20 255
20 11 255
11 55 712
55 11 712
11 31 327
31 11 327
11 43 954
43 11 954
11 48 526
48 11 526
11 14 121
14 11 121
11 88 397
88 11 397
11 55 717
55 11 717
11 31 476
31 11 476
11 76 457
76 11 457
12 15 202
15 12 202
12 79 730
79 12 730
12 86 71
86 12 71
12 22 253
22 12 253
12 49 183
49 12 183
12 80 49
80 12 49
12 79 749
79 12 749
12 24 471
24 12 471
13 16 629
16 13 629
13 25 76
25 13 76
13 37 258
37 13 258
13 50 838
50 13 838
13 76 314
76 13 314
13 58 922
58 13 922
13 92 549
92 13 549
13 80 670
80 13 670
13 61 930
61 13 930
13 14 95
14 13 95
13 36 329
36 13 329
13 83 590
83 13 590
13 62 952
62 13 952
13 17 722
17 13 722
13 80 564
80 13 564
13 56 889
56 13 889
13 78 60
78 13 60
14 20 933
20 14 933
14 21 327
21 14 327
14 43 836
43 14 836
14 61 903
61 14 903
14 85 172
85 14 172
14 55 192
55 14 192
15 89 802
89 15 802
15 69 60
69 15 60
15 51 276
51 15 276
15 36 33
36 15 33
15 44 265
44 15 265
15 58 764
58 15 764
15 74 239
74 15 239
15 17 699
17 15 699
16 32 526
32 16 526
16 33 14
33 16 14
16 43 358
43 16 358
16 44 732
44 16 732
16 53 48
53 16 48
16 52 825
52 16 825
16 18 94
18 16 94
16 22 847
22 16 847
16 36 983
36 16 983
16 66 413
66 16 413
16 64 361
64 16 361
16 80 688
80 16 688
16 35 388
35 16 388
16 23 72
23 16 72
17 24 631
24 17 631
17 29 999
29 17 999
17 68 441
68 17 441
17 86 915
86 17 915
17 32 875
32 17 875
17 92 442
92 17 442
17 67 76
67 17 76
17 43 819
43 17 819
17 50 806
50 17 806
17 47 72
47 17 72
18 39 355
39 18 355
18 88 260
88 18 260
18 65 246
65 18 246
18 40 280
40 18 280
19 38 869
38 19 869
19 93 640
93 19 640
19 94 598
94 19 598
19 25 101
25 19 101
19 65 933
65 19 933
19 32 278
32 19 278
19 70 686
70 19 686
19 52 976
52 19 976
19 79 826
79 19 826
20 28 889
28 20 889
20 52 383
52 20 383
20 59 443
59 20 443
20 55 288
55 20 288
20 80 757
80 20 757
20 33 170
33 20 170
20 66 792
66 20 792
20 90 363
90 20 363
20 27 114
27 20 114
20 56 594
56 20 594
20 70 804
70 20 804
21 56 917
56 21 917
21 42 941
42 21 941
21 63 189
63 21 189
21 81 77
81 21 77
21 83 679
83 21 679
21 31 719
31 21 719
21 94 284
94 21 284
21 87 13
87 21 13
21 29 268
29 21 268
22 76 932
76 22 932
22 32 39
32 22 39
22 82 754
82 22 754
22 75 237
75 22 237
22 37 601
37 22 601
22 67 59
67 22 59
23 74 560
74 23 560
23 53 886
53 23 886
23 83 130
83 23 130
23 54 285
54 23 285
23 77 797
77 23 797
23 91 147
91 23 147
23 73 642
73 23 642
23 25 798
25 23 798
23 42 824
42 23 824
23 37 517
37 23 517
23 89 672
89 23 672
23 62 596
62 23 596
24 35 523
35 24 523
24 62 733
62 24 733
24 24 597
24 24 597
24 43 290
43 24 290
24 81 445
81 24 445
24 45 673
45 24 673
24 51 246
51 24 246
25 71 894
71 25 894
25 90 892
90 25 892
25 40 879
40 25 879
25 59 932
59 25 932
25 62 955
62 25 955
25 61 250
61 25 250
25 35 587
35 25 587
25 89 937
89 25 937
25 90 988
90 25 988
26 81 408
81 26 408
26 77 148
77 26 148
26 47 652
47 26 652
26 71 910
71 26 910
26 38 220
38 26 220
26 81 260
81 26 260
27 88 415
88 27 415
27 74 347
74 27 347
27 45 991
45 27 991
27 57 110
57 27 110
27 28 732
28 27 732
27 80 400
80 27 400
27 35 490
35 27 490
27 66 649
66 27 649
28 61 187
61 28 187
28 87 833
87 28 833
28 91 909
91 28 909
28 93 293
93 28 293
29 65 55
65 29 55
29 78 346
78 29 346
29 78 472
78 29 472
29 56 244
56 29 244
29 81 212
81 29 212
30 70 493
70 30 493
30 77 435
77 30 435
30 88 638
88 30 638
30 64 118
64 30 118
30 86 152
86 30 152
30 56 47
56 30 47
31 80 298
80 31 298
31 84 585
84 31 585
31 35 193
35 31 193
31 34 335
34 31 335
31 67 741
67 31 741
31 69 141
69 31 141
31 69 342
69 31 342
32 62 711
62 32 711
32 46 897
46 32 897
32 80 915
80 32 915
32 83 539
83 32 539
32 92 414
92 32 414
33 36 983
36 33 983
33 49 494
49 33 494
33 75 993
75 33 993
33 40 602
40 33 602
33 76 599
76 33 599
34 55 448
55 34 448
34 53 253
53 34 253
34 88 920
88 34 920
34 50 446
50 34 446
34 66 266
66 34 266
34 51 973
51 34 973
34 91 572
91 34 572
35 39 995
39 35 995
35 80 872
80 35 872
35 55 91
55 35 91
35 61 826
61 35 826
35 56 989
56 35 989
35 42 348
42 35 348
35 64 466
64 35 466
35 84 998
84 35 998
35 52 669
52 35 669
35 72 94
72 35 94
35 92 303
92 35 303
36 90 531
90 36 531
36 83 479
83 36 479
36 56 403
56 36 403
36 74 33
74 36 33
36 71 426
71 36 426
36 69 482
69 36 482
36 46 540
46 36 540
36 51 405
51 36 405
37 91 980
91 37 980
37 53 444
53 37 444
37 93 114
93 37 114
37 51 454
51 37 454
38 41 186
41 38 186
38 94 721
94 38 721
38 77 576
77 38 576
38 78 294
78 38 294
38 93 291
93 38 291
38 59 165
59 38 165
39 54 951
54 39 951
39 77 931
77 39 931
39 65 845
65 39 845
39 41 41
41 39 41
40 62 200
62 40 200
40 59 597
59 40 597
41 71 67
71 41 67
41 86 877
86 41 877
41 73 674
73 41 674
41 76 702
76 41 702
41 74 417
74 41 417
41 55 162
55 41 162
41 74 461
74 41 461
41 49 633
49 41 633
42 54 527
54 42 527
42 67 449
67 42 449
42 43 293
43 42 293
42 50 65
50 42 65
42 49 198
49 42 198
43 90 891
90 43 891
43 50 387
50 43 387
43 51 805
51 43 805
43 87 227
87 43 227
44 62 125
62 44 125
44 57 926
57 44 926
44 84 904
84 44 904
45 77 392
77 45 392
45 88 637
88 45 637
45 69 667
69 45 667
46 79 482
79 46 482
46 52 45
52 46 45
46 66 665
66 46 665
46 73 787
73 46 787
46 53 571
53 46 571
47 83 376
83 47 376
47 80 497
80 47 497
47 54 152
54 47 152
47 55 828
55 47 828
48 57 94
57 48 94
48 60 138
60 48 138
48 85 446
85 48 446
48 56 366
56 48 366
48 86 698
86 48 698
48 75 998
75 48 998
48 87 157
87 48 157
48 68 409
68 48 409
49 66 804
66 49 804
49 73 942
73 49 942
49 81 962
81 49 962
49 51 400
51 49 400
50 51 906
51 50 906
50 72 376
72 50 376
50 56 296
56 50 296
50 65 524
65 50 524
50 74 238
74 50 238
50 57 420
57 50 420
50 87 63
87 50 63
51 77 529
77 51 529
51 67 460
67 51 460
51 67 293
67 51 293
51 83 918
83 51 918
51 61 763
61 51 763
51 88 384
88 51 384
52 57 402
57 52 402
52 69 442
69 52 442
53 75 872
75 53 872
53 90 910
90 53 910
53 92 918
92 53 918
53 94 49
94 53 49
53 62 107
62 53 107
53 61 810
61 53 810
54 72 760
72 54 760
54 62 861
62 54 861
54 61 753
61 54 753
54 71 133
71 54 133
55 59 228
59 55 228
55 56 983
56 55 983
55 85 606
85 55 606
55 86 178
86 55 178
56 75 506
75 56 506
56 72 644
72 56 644
56 92 937
92 56 937
56 68 79
68 56 79
57 71 597
71 57 597
57 83 522
83 57 522
57 83 674
83 57 674
58 91 842
91 58 842
58 59 804
59 58 804
58 90 106
90 58 106
59 85 482
85 59 482
59 60 28
60 59 28
60 71 714
71 60 714
60 84 169
84 60 169
60 93 812
93 60 812
60 90 14
90 60 14
61 76 154
76 61 154
61 77 754
77 61 754
61 67 368
67 61 368
61 83 551
83 61 551
61 91 767
91 61 767
62 63 4
63 62 4
62 64 985
64 62 985
62 91 732
91 62 732
62 90 648
90 62 648
63 64 423
64 63 423
63 69 263
69 63 263
63 92 333
92 63 333
63 67 706
67 63 706
63 94 198
94 63 198
64 79 601
79 64 601
65 65 997
65 65 997
65 78 319
78 65 319
66 72 877
72 66 877
66 81 867
81 66 867
67 75 595
75 67 595
67 92 980
92 67 980
67 72 142
72 67 142
67 85 126
85 67 126
68 69 331
69 68 331
69 80 985
80 69 985
69 70 169
70 69 169
69 92 732
92 69 732
70 75 518
75 70 518
70 83 385
83 70 385
70 77 84
77 70 84
70 81 544
81 70 544
70 72 400
72 70 400
70 90 655
90 70 655
71 92 160
92 71 160
72 83 876
83 72 876
72 79 326
79 72 326
72 89 337
89 72 337
73 93 477
93 73 477
73 80 739
80 73 739
74 92 638
92 74 638
74 74 939
74 74 939
76 82 869
82 76 869
76 77 707
77 76 707
77 87 102
87 77 102
77 85 697
85 77 697
79 84 361
84 79 361
79 83 379
83 79 379
80 90 721
90 80 721
81 88 102
88 81 102
82 88 183
88 82 183
82 92 872
92 82 872
82 92 258
92 82 258
82 91 827
91 82 827
84 85 458
85 84 458
85 94 49
94 85 49
87 94 902
94 87 902
88 89 199
89 88 199
88 92 676
92 88 676
92 94 573
94 92 573
92 94 974
94 92 974
