85

0 1 236
1 0 236
0 17 373
17 0 373
0 25 27
25 0 27
0 79 617
79 0 617
1 2 605
2 1 605
1 3 827
3 1 827
1 11 939
11 1 939
1 29 968
29 1 968
1 48 498
48 1 498
2 14 407
14 2 407
2 66 131
66 2 131
2 83 667
83 2 667
3 4 897
4 3 897
3 5 817
5 3 817
3 13 903
13 3 903
3 55 996
55 3 996
3 67 721
67 3 721
4 6 512
6 4 512
4 7 471
7 4 471
4 19 828
19 4 828
5 8 633
8 5 633
5 9 739
9 5 739
5 16 140
16 5 140
5 24 214
24 5 214
5 50 892
50 5 892
6 35 92
35 6 92
7 23 157
23 7 157
8 10 332
10 8 332
8 18 681
18 8 681
8 33 319
33 8 319
8 37 108
37 8 108
9 54 865
54 9 865
10 15 468
15 10 468
10 22 228
22 10 228
10 34 92
34 10 92
11 12 72
12 11 72
11 58 384
58 11 384
12 52 150
52 12 150
12 59 102
59 12 102
13 21 389
21 13 389
13 41 386
41 13 386
13 58 746
58 13 746
13 60 391
60 13 391
14 32 551
32 14 551
15 30 123
30 15 123
15 40 381
40 15 381
15 43 513
43 15 513
16 51 857
51 16 857
19 20 780
20 19 780
19 28 854
28 19 854
19 75 381
75 19 381
21 27 931
27 21 931
21 44 674
44 21 674
21 32 572
32 21 572
22 26 516
26 22 516
23 47 159
47 23 159
24 39 928
39 24 928
24 61 443
61 24 443
24 82 603
82 24 603
24 84 700
84 24 700
27 36 101
36 27 101
28 31 977
31 28 977
29 42 436
42 29 436
29 76 109
76 29 109
30 38 609
38 30 609
30 45 923
45 30 923
30 44 286
44 30 286
30 50 349
50 30 349
32 46 184
46 32 184
32 80 102
80 32 102
34 47 761
47 34 761
34 38 879
38 34 879
36 56 25
56 36 25
36 65 733
65 36 733
36 74 488
74 36 488
37 57 189
57 37 189
37 64 755
64 37 755
37 51 282
51 37 282
38 49 403
49 38 403
38 75 149
75 38 149
39 71 638
71 39 638
41 63 340
63 41 340
41 69 105
69 41 105
43 62 228
62 43 228
44 68 145
68 44 145
46 70 969
70 46 969
48 83 478
83 48 478
49 54 639
54 49 639
50 53 251
53 50 251
53 77 498
77 53 498
54 81 377
81 54 377
58 59 289
59 58 289
63 73 297
73 63 297
63 76 22
76 63 22
63 80 148
80 63 148
66 72 978
72 66 978
68 77 688
77 68 688
75 78 357
78 75 357
