98

0 1 154
1 0 154
0 5 685
5 0 685
0 18 485
18 0 485
0 70 927
70 0 927
0 75 504
75 0 504
0 24 202
24 0 202
1 2 241
2 1 241
1 3 979
3 1 979
1 13 701
13 1 701
1 85 692
85 1 692
1 71 261
71 1 261
1 21 744
21 1 744
1 80 369
80 1 369
1 63 686
63 1 686
1 72 474
72 1 474
1 32 83
32 1 83
2 4 337
4 2 337
2 10 207
10 2 207
2 24 544
24 2 544
2 40 438
40 2 438
2 45 997
45 2 997
2 80 272
80 2 272
2 37 445
37 2 445
2 40 430
40 2 430
2 78 846
78 2 846
2 56 495
56 2 495
3 9 4
9 3 4
3 44 667
44 3 667
3 59 433
59 3 433
3 13 257
13 3 257
3 15 195
15 3 195
3 76 346
76 3 346
3 44 831
44 3 831
4 6 8
6 4 8
4 11 310
11 4 310
4 14 447
14 4 447
4 17 688
17 4 688
4 29 419
29 4 419
4 39 17
39 4 17
4 33 652
33 4 652
4 47 833
47 4 833
5 7 573
7 5 573
5 8 894
8 5 894
5 23 609
23 5 609
5 6 674
6 5 674
5 62 436
62 5 436
5 88 38
88 5 38
5 59 520
59 5 520
5 25 522
25 5 522
5 78 838
78 5 838
6 61 330
61 6 330
6 67 980
67 6 980
6 78 563
78 6 563
7 16 588
16 7 588
7 26 812
26 7 812
7 32 827
32 7 827
7 89 128
89 7 128
7 37 194
37 7 194
7 18 168
18 7 168
7 63 240
63 7 240
7 84 156
84 7 156
7 74 847
74 7 847
8 20 840
20 8 840
8 33 191
33 8 191
8 62 913
62 8 913
8 91 542
91 8 542
9 12 220
12 9 220
9 68 392
68 9 392
9 44 81
44 9 81
9 19 297
19 9 297
9 49 218
49 9 218
9 64 521
64 9 521
10 15 120
15 10 120
10 88 473
88 10 473
10 62 400
62 10 400
10 87 664
87 10 664
10 70 529
70 10 529
10 60 225
60 10 225
10 28 570
28 10 570
10 87 473
87 10 473
11 22 295
22 11 295
11 28 432
28 11 432
11 21 580
21 11 580
11 64 698
64 11 698
11 82 455
82 11 455
11 25 462
25 11 462
11 23 458
23 11 458
11 97 411
97 11 411
11 39 720
39 11 720
11 22 293
22 11 293
12 31 375
31 12 375
12 48 305
48 12 305
12 60 863
60 12 863
12 82 978
82 12 978
12 25 765
25 12 765
12 97 267
97 12 267
12 45 486
45 12 486
12 31 763
31 12 763
12 48 427
48 12 427
12 54 628
54 12 628
13 25 266
25 13 266
13 13 735
13 13 735
13 32 481
32 13 481
13 29 160
29 13 160
13 63 447
63 13 447
13 77 909
77 13 909
13 19 873
19 13 873
13 41 595
41 13 595
13 78 651
78 13 651
14 21 196
21 14 196
14 96 931
96 14 931
14 26 454
26 14 454
14 65 117
65 14 117
14 79 755
79 14 755
14 21 677
21 14 677
15 55 85
55 15 85
15 94 667
94 15 667
15 41 899
41 15 899
15 91 339
91 15 339
15 85 491
85 15 491
15 29 938
29 15 938
16 37 416
37 16 416
16 90 541
90 16 541
16 65 304
65 16 304
16 65 780
65 16 780
16 84 172
84 16 172
16 60 261
60 16 261
16 35 794
35 16 794
16 28 13
28 16 13
17 38 108
38 17 108
17 36 866
36 17 866
17 95 174
95 17 174
17 70 109
70 17 109
18 19 530
19 18 530
18 81 730
81 18 730
18 77 733
77 18 733
18 95 145
95 18 145
19 35 890
35 19 890
19 54 906
54 19 906
19 66 76
66 19 76
19 75 887
75 19 887
19 55 992
55 19 992
19 34 310
34 19 310
19 46 191
46 19 191
19 70 472
70 19 472
19 88 960
88 19 960
20 50 159
50 20 159
20 80 864
80 20 864
20 47 140
47 20 140
20 33 567
33 20 567
20 88 608
88 20 608
20 73 953
73 20 953
21 27 784
27 21 784
21 63 965
63 21 965
21 79 828
79 21 828
21 69 71
69 21 71
22 41 956
41 22 956
22 87 647
87 22 647
22 24 793
24 22 793
22 37 500
37 22 500
22 77 866
77 22 866
22 95 44
95 22 44
23 30 586
30 23 586
23 46 674
46 23 674
23 64 868
64 23 868
23 69 63
69 23 63
23 70 824
70 23 824
23 64 858
64 23 858
23 45 788
45 23 788
23 51 795
51 23 795
23 53 730
53 23 730
23 91 409
91 23 409
24 56 408
56 24 408
24 85 297
85 24 297
24 91 931
91 24 931
24 85 405
85 24 405
24 73 837
73 24 837
24 48 298
48 24 298
25 86 995
86 25 995
25 88 611
88 25 611
25 53 978
53 25 978
25 26 826
26 25 826
25 73 464
73 25 464
25 69 267
69 25 267
26 35 114
35 26 114
26 37 532
37 26 532
27 39 66
39 27 66
27 30 373
30 27 373
28 84 404
84 28 404
28 33 609
33 28 609
28 37 882
37 28 882
30 44 146
44 30 146
31 60 944
60 31 944
31 93 965
93 31 965
31 65 773
65 31 773
31 56 70
56 31 70
32 62 561
62 32 561
32 92 232
92 32 232
32 39 362
39 32 362
32 62 310
62 32 310
33 34 497
34 33 497
33 36 203
36 33 203
33 40 539
40 33 539
33 67 378
67 33 378
33 75 844
75 33 844
34 57 119
57 34 119
34 68 619
68 34 619
34 45 988
45 34 988
34 38 506
38 34 506
35 43 763
43 35 763
35 53 880
53 35 880
35 92 650
92 35 650
35 36 263
36 35 263
35 69 943
69 35 943
36 47 215
47 36 215
36 95 667
95 36 667
36 72 655
72 36 655
36 70 286
70 36 286
36 38 205
38 36 205
37 38 42
38 37 42
37 55 325
55 37 325
37 62 668
62 37 668
37 44 920
44 37 920
37 86 170
86 37 170
37 52 572
52 37 572
38 79 847
79 38 847
38 89 385
89 38 385
38 84 646
84 38 646
38 89 784
89 38 784
39 84 224
84 39 224
39 51 995
51 39 995
39 69 564
69 39 564
40 42 872
42 40 872
40 42 224
42 40 224
40 54 972
54 40 972
40 69 663
69 40 663
40 45 414
45 40 414
40 87 260
87 40 260
40 80 494
80 40 494
41 93 474
93 41 474
41 92 688
92 41 688
41 55 398
55 41 398
41 95 740
95 41 740
41 96 885
96 41 885
42 75 409
75 42 409
42 87 245
87 42 245
42 78 53
78 42 53
42 89 362
89 42 362
42 92 320
92 42 320
43 80 322
80 43 322
44 52 398
52 44 398
44 58 978
58 44 978
44 54 955
54 44 955
44 58 447
58 44 447
45 70 550
70 45 550
45 97 959
97 45 959
46 51 303
51 46 303
46 83 567
83 46 567
46 92 845
92 46 845
47 72 193
72 47 193
47 95 547
95 47 547
47 88 915
88 47 915
47 88 894
88 47 894
48 49 886
49 48 886
48 73 549
73 48 549
48 65 140
65 48 140
48 97 85
97 48 85
49 70 665
70 49 665
49 61 271
61 49 271
50 74 852
74 50 852
50 74 890
74 50 890
50 83 3
83 50 3
50 96 808
96 50 808
50 64 323
64 50 323
50 66 683
66 50 683
51 55 369
55 51 369
51 83 12
83 51 12
51 92 811
92 51 811
52 65 999
65 52 999
52 93 440
93 52 440
52 94 612
94 52 612
52 68 724
68 52 724
53 56 551
56 53 551
53 55 405
55 53 405
53 59 567
59 53 567
53 64 581
64 53 581
53 95 599
95 53 599
53 84 470
84 53 470
54 78 267
78 54 267
54 59 399
59 54 399
55 90 168
90 55 168
55 66 778
66 55 778
55 93 896
93 55 896
55 60 78
60 55 78
56 70 218
70 56 218
56 76 759
76 56 759
56 71 374
71 56 374
56 91 695
91 56 695
57 63 656
63 57 656
57 86 663
86 57 663
57 73 1
73 57 1
57 62 219
62 57 219
57 61 383
61 57 383
57 73 467
73 57 467
59 97 42
97 59 42
59 84 444
84 59 444
60 71 498
71 60 498
60 75 437
75 60 437
61 72 263
72 61 263
61 93 874
93 61 874
61 73 381
73 61 381
61 63 661
63 61 661
61 69 919
69 61 919
61 95 38
95 61 38
61 78 638
78 61 638
61 71 523
71 61 523
62 88 410
88 62 410
62 94 650
94 62 650
62 74 176
74 62 176
63 95 658
95 63 658
64 65 119
65 64 119
64 82 624
82 64 624
64 74 904
74 64 904
64 93 145
93 64 145
65 73 798
73 65 798
66 67 354
67 66 354
66 78 553
78 66 553
68 81 673
81 68 673
68 94 758
94 68 758
68 85 126
85 68 126
68 91 951
91 68 951
68 86 329
86 68 329
69 75 269
75 69 269
71 84 435
84 71 435
71 83 659
83 71 659
72 81 445
81 72 445
73 90 865
90 73 865
74 93 165
93 74 165
75 76 253
76 75 253
76 77 473
77 76 473
76 79 158
79 76 158
77 79 277
79 77 277
79 82 154
82 79 154
79 92 998
92 79 998
81 94 945
94 81 945
81 87 739
87 81 739
81 97 311
97 81 311
82 86 662
86 82 662
83 96 804
96 83 804
86 94 843
94 86 843
87 97 211
97 87 211
89 91 530
91 89 530
89 96 271
96 89 271
