87

0 1 997
1 0 997
0 4 935
4 0 935
0 11 716
11 0 716
0 12 593
12 0 593
0 83 390
83 0 390
0 78 33
78 0 33
1 2 510
2 1 510
1 5 537
5 1 537
1 13 20
13 1 20
1 45 228
45 1 228
2 3 454
3 2 454
2 7 742
7 2 742
2 30 223
30 2 223
2 8 639
8 2 639
3 8 708
8 3 708
3 61 241
61 3 241
3 67 367
67 3 367
3 84 146
84 3 146
3 66 48
66 3 48
3 46 996
46 3 996
3 68 278
68 3 278
3 51 353
51 3 353
5 6 822
6 5 822
5 17 573
17 5 573
5 47 905
47 5 905
6 9 158
9 6 158
6 21 889
21 6 889
6 53 347
53 6 347
6 76 803
76 6 803
6 80 707
80 6 707
7 44 416
44 7 416
7 63 556
63 7 556
7 72 552
72 7 552
7 20 391
20 7 391
8 10 514
10 8 514
8 22 876
22 8 876
8 54 679
54 8 679
8 58 570
58 8 570
8 81 705
81 8 705
8 50 360
50 8 360
9 16 629
16 9 629
9 46 905
46 9 905
9 45 115
45 9 115
10 14 968
14 10 968
10 34 118
34 10 118
10 75 985
75 10 985
11 15 795
15 11 795
11 35 258
35 11 258
11 69 279
69 11 279
12 80 491
80 12 491
12 65 889
65 12 889
13 20 288
20 13 288
13 23 916
23 13 916
13 41 242
41 13 242
13 68 400
68 13 400
14 68 766
68 14 766
14 40 607
40 14 607
14 61 383
61 14 383
14 20 795
20 14 795
15 18 634
18 15 634
15 19 244
19 15 244
15 26 298
26 15 298
15 32 453
32 15 453
15 63 366
63 15 366
15 56 369
56 15 369
16 24 952
24 16 952
17 25 576
25 17 576
17 58 904
58 17 904
17 79 252
79 17 252
18 27 470
27 18 470
18 31 6
31 18 6
18 33 248
33 18 248
18 77 671
77 18 671
18 60 697
60 18 697
19 51 920
51 19 920
19 38 961
38 19 961
19 50 261
50 19 261
19 60 727
60 19 727
20 28 366
28 20 366
20 29 920
29 20 920
20 55 173
55 20 173
20 80 582
80 20 582
21 38 179
38 21 179
21 39 158
39 21 158
21 42 13
42 21 13
21 57 953
57 21 953
21 81 307
81 21 307
21 22 382
22 21 382
21 32 994
32 21 994
21 75 440
75 21 440
22 47 112
47 22 112
22 73 770
73 22 770
22 74 781
74 22 781
22 75 344
75 22 344
22 72 185
72 22 185
22 32 29
32 22 29
22 38 352
38 22 352
23 36 565
36 23 565
23 40 543
40 23 543
23 34 423
34 23 423
23 35 953
35 23 953
24 40 246
40 24 246
25 72 993
72 25 993
25 48 618
48 25 618
25 60 295
60 25 295
26 37 734
37 26 734
26 81 942
81 26 942
26 68 785
68 26 785
26 84 878
84 26 878
26 51 220
51 26 220
26 31 184
31 26 184
27 82 573
82 27 573
27 27 165
27 27 165
28 32 579
32 28 579
28 58 432
58 28 432
28 54 465
54 28 465
29 50 453
50 29 453
29 38 190
38 29 190
29 69 84
69 29 84
32 48 647
48 32 647
32 65 240
65 32 240
32 59 722
59 32 722
33 85 86
85 33 86
33 43 984
43 33 984
33 48 321
48 33 321
34 59 80
59 34 80
34 61 94
61 34 94
35 49 714
49 35 714
35 50 986
50 35 986
35 55 159
55 35 159
36 43 994
43 36 994
38 40 897
40 38 897
38 50 924
50 38 924
41 45 4
45 41 4
42 70 939
70 42 939
42 78 172
78 42 172
43 78 123
78 43 123
43 68 183
68 43 183
45 71 911
71 45 911
46 77 663
77 46 663
46 57 519
57 46 519
47 56 889
56 47 889
47 64 163
64 47 163
47 78 37
78 47 37
48 60 911
60 48 911
48 50 831
50 48 831
49 52 592
52 49 592
49 62 122
62 49 122
49 86 783
86 49 783
51 69 601
69 51 601
51 52 461
52 51 461
52 64 62
64 52 62
53 84 788
84 53 788
53 86 542
86 53 542
54 54 70
54 54 70
55 67 318
67 55 318
55 79 54
79 55 54
57 66 564
66 57 564
57 71 859
71 57 859
58 60 329
60 58 329
59 65 866
65 59 866
61 81 153
81 61 153
61 62 678
62 61 678
63 70 33
70 63 33
63 82 902
82 63 902
65 75 309
75 65 309
67 79 926
79 67 926
71 80 674
80 71 674
72 72 90
72 72 90
73 83 748
83 73 748
81 83 725
83 81 725
