75

0 1 219
1 0 219
0 3 515
3 0 515
0 5 188
5 0 188
0 32 112
32 0 112
0 61 285
61 0 285
0 47 902
47 0 902
0 8 67
8 0 67
1 2 664
2 1 664
1 4 338
4 1 338
1 6 604
6 1 604
1 7 810
7 1 810
1 56 25
56 1 25
1 13 124
13 1 124
2 19 774
19 2 774
2 26 666
26 2 666
2 17 698
17 2 698
3 15 733
15 3 733
3 59 404
59 3 404
4 56 894
56 4 894
4 35 825
35 4 825
4 24 602
24 4 602
4 54 70
54 4 70
4 29 188
29 4 188
4 52 584
52 4 584
4 12 8
12 4 8
4 12 380
12 4 380
5 23 99
23 5 99
5 39 828
39 5 828
5 14 976
14 5 976
5 57 729
57 5 729
5 31 128
31 5 128
6 41 601
41 6 601
6 43 927
43 6 927
6 11 637
11 6 637
6 69 247
69 6 247
6 59 136
59 6 136
6 69 768
69 6 768
6 10 606
10 6 606
7 8 913
8 7 913
7 25 821
25 7 821
7 30 715
30 7 715
7 44 71
44 7 71
7 34 651
34 7 651
7 50 651
50 7 651
7 28 315
28 7 315
7 12 141
12 7 141
8 9 521
9 8 521
8 11 706
11 8 706
8 42 665
42 8 665
8 13 901
13 8 901
8 49 285
49 8 285
9 10 556
10 9 556
9 12 113
12 9 113
9 40 650
40 9 650
9 58 455
58 9 455
9 59 890
59 9 890
9 68 802
68 9 802
9 69 502
69 9 502
9 66 144
66 9 144
10 29 828
29 10 828
10 64 528
64 10 528
10 71 47
71 10 47
11 14 952
14 11 952
11 18 331
18 11 331
11 67 587
67 11 587
11 29 227
29 11 227
11 51 684
51 11 684
11 64 886
64 11 886
11 17 827
17 11 827
11 28 309
28 11 309
11 48 897
48 11 897
12 13 692
13 12 692
12 17 5
17 12 5
12 22 115
22 12 115
12 65 198
65 12 198
12 58 385
58 12 385
12 68 69
68 12 69
12 20 880
20 12 880
13 24 85
24 13 85
13 50 863
50 13 863
13 68 733
68 13 733
13 20 241
20 13 241
13 48 335
48 13 335
13 66 972
66 13 972
14 41 765
41 14 765
14 55 373
55 14 373
15 16 414
16 15 414
15 67 708
67 15 708
15 53 955
53 15 955
15 60 864
60 15 864
15 74 752
74 15 752
16 61 732
61 16 732
16 69 118
69 16 118
16 67 952
67 16 952
17 62 663
62 17 663
17 26 881
26 17 881
17 34 412
34 17 412
17 46 125
46 17 125
17 54 239
54 17 239
18 20 231
20 18 231
18 21 168
21 18 168
18 56 95
56 18 95
18 66 820
66 18 820
18 42 276
42 18 276
20 28 234
28 20 234
20 35 904
35 20 904
20 33 1000
33 20 1000
20 72 94
72 20 94
21 27 310
27 21 310
21 26 472
26 21 472
22 73 279
73 22 279
22 62 126
62 22 126
22 34 992
34 22 992
22 57 328
57 22 328
22 29 842
29 22 842
23 31 215
31 23 215
23 51 403
51 23 403
23 29 929
29 23 929
24 51 917
51 24 917
24 57 59
57 24 59
24 39 21
39 24 21
25 34 728
34 25 728
25 50 120
50 25 120
25 34 358
34 25 358
25 52 350
52 25 350
25 52 846
52 25 846
25 66 102
66 25 102
26 43 599
43 26 599
26 70 323
70 26 323
26 63 995
63 26 995
27 45 152
45 27 152
27 31 127
31 27 127
28 52 359
52 28 359
28 55 556
55 28 556
28 57 233
57 28 233
28 70 535
70 28 535
28 30 427
30 28 427
28 66 493
66 28 493
28 41 251
41 28 251
29 71 343
71 29 343
29 37 721
37 29 721
29 36 119
36 29 119
30 38 701
38 30 701
30 48 962
48 30 962
30 58 109
58 30 109
30 45 82
45 30 82
31 33 877
33 31 877
31 37 430
37 31 430
31 34 243
34 31 243
31 59 707
59 31 707
31 69 51
69 31 51
31 67 427
67 31 427
32 74 500
74 32 500
32 34 637
34 32 637
32 51 898
51 32 898
32 35 189
35 32 189
32 51 351
51 32 351
33 34 394
34 33 394
33 35 824
35 33 824
33 36 842
36 33 842
33 47 529
47 33 529
34 65 185
65 34 185
34 68 386
68 34 386
34 59 126
59 34 126
34 35 377
35 34 377
35 66 146
66 35 146
35 72 888
72 35 888
35 59 76
59 35 76
35 46 35
46 35 35
35 41 495
41 35 495
35 57 41
57 35 41
35 47 294
47 35 294
35 69 648
69 35 648
36 46 387
46 36 387
36 47 268
47 36 268
36 69 897
69 36 897
36 63 752
63 36 752
36 37 392
37 36 392
36 50 122
50 36 122
37 47 55
47 37 55
40 73 1
73 40 1
41 60 666
60 41 666
41 48 545
48 41 545
41 57 463
57 41 463
42 69 591
69 42 591
42 74 724
74 42 724
42 63 688
63 42 688
42 68 161
68 42 161
43 71 302
71 43 302
43 51 896
51 43 896
43 54 10
54 43 10
43 64 181
64 43 181
44 63 729
63 44 729
46 49 79
49 46 79
46 64 961
64 46 961
47 53 438
53 47 438
47 70 34
70 47 34
48 73 295
73 48 295
48 55 457
55 48 457
49 65 525
65 49 525
49 62 380
62 49 380
49 69 5
69 49 5
49 53 46
53 49 46
50 55 25
55 50 25
52 73 758
73 52 758
53 54 205
54 53 205
53 65 990
65 53 990
53 61 683
61 53 683
53 58 758
58 53 758
54 56 246
56 54 246
54 70 628
70 54 628
54 72 281
72 54 281
55 58 88
58 55 88
56 61 697
61 56 697
59 67 179
67 59 179
60 64 102
64 60 102
69 70 162
70 69 162
71 72 664
72 71 664
