21

0 1 976
1 0 976
0 20 16
20 0 16
1 2 419
2 1 419
1 5 646
5 1 646
1 6 836
6 1 836
2 3 278
3 2 278
2 4 424
4 2 424
2 8 234
8 2 234
3 7 792
7 3 792
3 14 750
14 3 750
3 13 611
13 3 611
3 8 194
8 3 194
4 11 835
11 4 835
4 12 628
12 4 628
4 13 811
13 4 811
5 7 924
7 5 924
5 6 751
6 5 751
6 7 652
7 6 652
7 9 424
9 7 424
7 13 837
13 7 837
7 20 768
20 7 768
8 16 321
16 8 321
8 20 944
20 8 944
9 10 539
10 9 539
9 17 192
17 9 192
9 17 238
17 9 238
10 18 138
18 10 138
10 14 577
14 10 577
10 13 403
13 10 403
10 18 241
18 10 241
12 15 595
15 12 595
12 13 449
13 12 449
12 13 687
13 12 687
13 19 210
19 13 210
17 19 834
19 17 834
17 17 709
17 17 709
