94

0 1 199
1 0 199
0 3 77
3 0 77
1 2 258
2 1 258
1 38 743
38 1 743
1 40 708
40 1 708
1 64 763
64 1 763
1 50 452
50 1 452
2 4 223
4 2 223
2 5 633
5 2 633
2 17 313
17 2 313
2 58 19
58 2 19
2 75 512
75 2 512
2 37 894
37 2 894
3 7 933
7 3 933
3 9 452
9 3 452
3 11 475
11 3 475
3 55 958
55 3 958
3 12 625
12 3 625
4 6 134
6 4 134
4 12 324
12 4 324
4 20 165
20 4 165
4 61 649
61 4 649
4 37 993
37 4 993
4 69 729
69 4 729
5 64 784
64 5 784
6 8 192
8 6 192
6 30 954
30 6 954
6 46 387
46 6 387
7 18 524
18 7 524
7 19 415
19 7 415
7 25 631
25 7 631
7 68 450
68 7 450
7 89 964
89 7 964
8 13 638
13 8 638
8 31 405
31 8 405
8 54 903
54 8 903
8 67 298
67 8 298
9 10 306
10 9 306
9 80 389
80 9 389
10 15 811
15 10 811
10 22 191
22 10 191
10 32 439
32 10 439
10 39 853
39 10 853
10 52 523
52 10 523
10 27 813
27 10 813
11 51 169
51 11 169
11 93 306
93 11 306
12 14 406
14 12 406
12 16 171
16 12 171
13 23 272
23 13 272
13 60 296
60 13 296
13 86 370
86 13 370
14 23 437
23 14 437
15 33 327
33 15 327
15 75 928
75 15 928
16 35 555
35 16 555
16 41 260
41 16 260
16 84 61
84 16 61
17 24 21
24 17 21
17 34 661
34 17 661
17 62 421
62 17 421
19 27 58
27 19 58
20 21 649
21 20 649
21 45 940
45 21 940
22 26 265
26 22 265
22 28 427
28 22 427
22 42 838
42 22 838
22 25 991
25 22 991
23 53 55
53 23 55
23 62 577
62 23 577
24 42 840
42 24 840
24 87 914
87 24 914
24 70 824
70 24 824
25 65 647
65 25 647
25 54 236
54 25 236
26 29 350
29 26 350
26 43 710
43 26 710
26 36 358
36 26 358
26 61 152
61 26 152
27 47 156
47 27 156
27 85 322
85 27 322
28 36 120
36 28 120
28 46 788
46 28 788
30 37 187
37 30 187
30 44 395
44 30 395
30 47 695
47 30 695
31 74 64
74 31 64
32 43 335
43 32 335
33 48 703
48 33 703
33 57 618
57 33 618
33 78 924
78 33 924
35 59 99
59 35 99
35 67 921
67 35 921
35 81 875
81 35 875
38 54 394
54 38 394
39 49 551
49 39 551
40 50 521
50 40 521
40 91 286
91 40 286
40 41 237
41 40 237
40 63 938
63 40 938
41 79 863
79 41 863
44 66 582
66 44 582
45 73 110
73 45 110
45 78 516
78 45 516
45 56 923
56 45 923
46 70 325
70 46 325
47 56 495
56 47 495
47 81 203
81 47 203
49 84 998
84 49 998
50 90 368
90 50 368
51 54 481
54 51 481
52 71 244
71 52 244
52 52 135
52 52 135
53 77 225
77 53 225
54 63 514
63 54 514
54 65 105
65 54 105
55 72 289
72 55 289
55 81 235
81 55 235
56 61 591
61 56 591
56 91 154
91 56 154
57 92 572
92 57 572
57 92 661
92 57 661
58 93 627
93 58 627
60 85 500
85 60 500
61 76 246
76 61 246
61 89 817
89 61 817
63 69 655
69 63 655
63 77 537
77 63 537
63 70 496
70 63 496
64 83 905
83 64 905
66 88 133
88 66 133
69 76 830
76 69 830
70 75 829
75 70 829
72 72 976
72 72 976
74 82 754
82 74 754
75 79 440
79 75 440
75 90 770
90 75 770
85 90 692
90 85 692
87 89 47
89 87 47
