97

0 1 300
1 0 300
0 4 837
4 0 837
0 7 875
7 0 875
0 8 598
8 0 598
0 26 999
26 0 999
0 53 113
53 0 113
0 67 245
67 0 245
0 93 678
93 0 678
0 20 83
20 0 83
0 8 60
8 0 60
0 7 791
7 0 791
0 22 607
22 0 607
0 11 903
11 0 903
0 58 474
58 0 474
0 23 28
23 0 28
0 64 680
64 0 680
0 54 241
54 0 241
0 32 812
32 0 812
0 0 710
0 0 710
0 42 282
42 0 282
0 91 3
91 0 3
0 49 144
49 0 144
1 2 540
2 1 540
1 10 649
10 1 649
1 18 91
18 1 91
1 21 112
21 1 112
1 90 407
90 1 407
1 74 197
74 1 197
1 12 902
12 1 902
1 8 423
8 1 423
1 33 940
33 1 940
1 96 777
96 1 777
1 27 918
27 1 918
1 60 39
60 1 39
1 45 30
45 1 30
1 89 468
89 1 468
1 56 166
56 1 166
1 18 676
18 1 676
1 28 590
28 1 590
1 37 975
37 1 975
2 3 91
3 2 91
2 17 318
17 2 318
2 72 243
72 2 243
2 90 426
90 2 426
2 5 749
5 2 749
2 59 694
59 2 694
2 52 761
52 2 761
2 96 531
96 2 531
2 95 222
95 2 222
2 55 181
55 2 181
2 64 465
64 2 465
2 42 696
42 2 696
2 84 847
84 2 847
3 28 792
28 3 792
3 50 348
50 3 348
3 81 12
81 3 12
3 68 948
68 3 948
3 83 335
83 3 335
3 24 984
24 3 984
3 43 149
43 3 149
3 70 269
70 3 269
3 9 813
9 3 813
3 51 495
51 3 495
3 82 904
82 3 904
3 76 779
76 3 779
4 5 428
5 4 428
4 6 503
6 4 503
4 11 581
11 4 581
4 80 568
80 4 568
4 96 178
96 4 178
4 78 314
78 4 314
4 73 918
73 4 918
4 77 286
77 4 286
4 4 369
4 4 369
4 23 305
23 4 305
4 35 68
35 4 68
4 96 828
96 4 828
4 17 127
17 4 127
4 14 625
14 4 625
5 71 232
71 5 232
5 84 715
84 5 715
5 93 259
93 5 259
5 61 1
61 5 1
5 83 270
83 5 270
5 62 124
62 5 124
5 54 76
54 5 76
5 24 783
24 5 783
5 37 459
37 5 459
5 65 856
65 5 856
5 93 566
93 5 566
5 23 185
23 5 185
5 72 502
72 5 502
5 33 679
33 5 679
5 44 997
44 5 997
6 9 47
9 6 47
6 13 916
13 6 916
6 93 399
93 6 399
6 61 56
61 6 56
6 9 796
9 6 796
6 52 826
52 6 826
6 92 67
92 6 67
6 95 297
95 6 297
6 65 9
65 6 9
6 42 529
42 6 529
6 25 633
25 6 633
6 12 437
12 6 437
6 85 169
85 6 169
7 32 52
32 7 52
7 37 962
37 7 962
7 40 190
40 7 190
7 16 359
16 7 359
7 15 318
15 7 318
7 72 233
72 7 233
7 40 767
40 7 767
7 12 942
12 7 942
7 14 359
14 7 359
7 15 502
15 7 502
7 66 126
66 7 126
7 49 861
49 7 861
7 23 383
23 7 383
8 34 474
34 8 474
8 60 440
60 8 440
8 35 134
35 8 134
8 78 503
78 8 503
8 68 5
68 8 5
8 44 521
44 8 521
8 80 192
80 8 192
8 53 326
53 8 326
8 31 112
31 8 112
8 11 527
11 8 527
8 37 839
37 8 839
8 86 792
86 8 792
8 11 229
11 8 229
8 86 7
86 8 7
8 75 433
75 8 433
8 56 501
56 8 501
9 30 354
30 9 354
9 39 545
39 9 545
9 15 38
15 9 38
9 72 518
72 9 518
9 46 804
46 9 804
9 72 849
72 9 849
9 73 718
73 9 718
9 46 878
46 9 878
9 35 984
35 9 984
9 64 110
64 9 110
9 74 203
74 9 203
9 75 935
75 9 935
9 12 903
12 9 903
9 49 591
49 9 591
9 81 615
81 9 615
10 19 217
19 10 217
10 22 729
22 10 729
10 24 700
24 10 700
10 41 697
41 10 697
10 66 475
66 10 475
10 13 547
13 10 547
10 87 472
87 10 472
10 60 141
60 10 141
10 42 57
42 10 57
10 79 792
79 10 792
10 15 580
15 10 580
10 42 564
42 10 564
10 93 692
93 10 692
11 12 678
12 11 678
11 16 299
16 11 299
11 77 537
77 11 537
11 58 698
58 11 698
11 61 781
61 11 781
11 21 940
21 11 940
11 62 988
62 11 988
11 65 472
65 11 472
11 86 209
86 11 209
12 15 499
15 12 499
12 33 619
33 12 619
12 42 206
42 12 206
12 87 427
87 12 427
12 44 252
44 12 252
12 68 208
68 12 208
12 63 596
63 12 596
12 91 890
91 12 890
12 50 944
50 12 944
12 20 535
20 12 535
12 94 621
94 12 621
12 78 76
78 12 76
12 59 630
59 12 630
13 14 703
14 13 703
13 49 424
49 13 424
13 83 755
83 13 755
13 30 327
30 13 327
13 95 803
95 13 803
13 28 195
28 13 195
13 76 152
76 13 152
13 39 481
39 13 481
13 38 852
38 13 852
13 56 147
56 13 147
13 43 746
43 13 746
13 74 485
74 13 485
13 51 888
51 13 888
13 49 287
49 13 287
13 67 434
67 13 434
13 27 484
27 13 484
13 20 737
20 13 737
13 61 59
61 13 59
14 23 309
23 14 309
14 54 666
54 14 666
14 82 233
82 14 233
14 96 853
96 14 853
14 22 504
22 14 504
14 82 264
82 14 264
14 68 471
68 14 471
14 76 811
76 14 811
14 43 804
43 14 804
14 29 745
29 14 745
14 43 556
43 14 556
14 23 125
23 14 125
14 21 358
21 14 358
14 37 452
37 14 452
15 55 549
55 15 549
15 37 469
37 15 469
15 54 191
54 15 191
15 41 671
41 15 671
15 16 829
16 15 829
15 67 431
67 15 431
15 88 409
88 15 409
15 82 533
82 15 533
15 61 897
61 15 897
16 27 139
27 16 139
16 91 501
91 16 501
16 50 427
50 16 427
16 74 404
74 16 404
16 80 354
80 16 354
16 67 325
67 16 325
16 74 137
74 16 137
16 28 206
28 16 206
16 22 363
22 16 363
16 49 235
49 16 235
16 29 414
29 16 414
17 20 237
20 17 237
17 21 356
21 17 356
17 44 643
44 17 643
17 61 452
61 17 452
17 21 328
21 17 328
17 63 471
63 17 471
17 64 384
64 17 384
18 43 217
43 18 217
18 68 571
68 18 571
18 85 900
85 18 900
18 91 409
91 18 409
18 56 737
56 18 737
18 84 522
84 18 522
18 78 288
78 18 288
18 58 34
58 18 34
18 64 624
64 18 624
18 56 13
56 18 13
18 70 271
70 18 271
19 86 72
86 19 72
19 62 655
62 19 655
19 91 510
91 19 510
19 24 348
24 19 348
19 42 492
42 19 492
19 82 214
82 19 214
20 25 381
25 20 381
20 35 948
35 20 948
20 39 348
39 20 348
20 50 642
50 20 642
20 77 849
77 20 849
20 61 262
61 20 262
20 30 686
30 20 686
20 53 923
53 20 923
20 23 125
23 20 125
20 74 521
74 20 521
20 44 464
44 20 464
20 46 169
46 20 169
20 47 872
47 20 872
20 49 872
49 20 872
20 30 475
30 20 475
20 52 56
52 20 56
20 70 849
70 20 849
20 66 49
66 20 49
20 58 716
58 20 716
20 52 48
52 20 48
21 70 795
70 21 795
21 91 227
91 21 227
21 44 985
44 21 985
21 32 149
32 21 149
21 47 633
47 21 633
21 92 783
92 21 783
21 54 495
54 21 495
21 23 304
23 21 304
21 34 879
34 21 879
22 92 395
92 22 395
22 56 149
56 22 149
22 72 295
72 22 295
22 60 419
60 22 419
22 86 868
86 22 868
22 76 220
76 22 220
23 31 847
31 23 847
23 44 288
44 23 288
23 63 732
63 23 732
23 60 373
60 23 373
23 72 534
72 23 534
23 72 817
72 23 817
23 72 312
72 23 312
23 39 928
39 23 928
23 56 256
56 23 256
23 70 486
70 23 486
24 59 595
59 24 595
24 60 589
60 24 589
24 35 174
35 24 174
24 42 36
42 24 36
24 63 590
63 24 590
24 33 738
33 24 738
24 78 762
78 24 762
24 66 174
66 24 174
24 96 605
96 24 605
24 54 547
54 24 547
24 75 163
75 24 163
24 80 915
80 24 915
24 67 943
67 24 943
24 79 540
79 24 540
24 36 203
36 24 203
24 34 690
34 24 690
25 52 761
52 25 761
25 81 384
81 25 384
25 66 717
66 25 717
25 42 7
42 25 7
25 78 374
78 25 374
25 93 202
93 25 202
25 83 539
83 25 539
25 32 933
32 25 933
25 88 388
88 25 388
25 88 571
88 25 571
25 91 535
91 25 535
25 81 596
81 25 596
25 96 12
96 25 12
25 89 963
89 25 963
26 50 902
50 26 902
26 62 73
62 26 73
26 54 475
54 26 475
26 52 653
52 26 653
26 52 721
52 26 721
26 38 92
38 26 92
26 26 12
26 26 12
26 64 105
64 26 105
26 88 905
88 26 905
26 40 48
40 26 48
26 51 900
51 26 900
26 35 208
35 26 208
26 87 440
87 26 440
26 80 174
80 26 174
27 29 709
29 27 709
27 68 355
68 27 355
27 80 288
80 27 288
27 78 239
78 27 239
27 37 898
37 27 898
27 67 310
67 27 310
27 76 846
76 27 846
28 73 886
73 28 886
28 58 584
58 28 584
28 96 384
96 28 384
28 55 967
55 28 967
28 60 241
60 28 241
28 39 59
39 28 59
29 87 837
87 29 837
29 73 85
73 29 85
29 78 903
78 29 903
29 67 8
67 29 8
29 79 721
79 29 721
29 49 908
49 29 908
29 42 436
42 29 436
29 75 402
75 29 402
29 95 312
95 29 312
30 77 263
77 30 263
30 36 674
36 30 674
30 96 737
96 30 737
30 87 714
87 30 714
30 96 191
96 30 191
31 36 660
36 31 660
31 62 197
62 31 197
31 51 26
51 31 26
31 88 802
88 31 802
31 74 475
74 31 475
31 56 943
56 31 943
31 43 689
43 31 689
31 85 172
85 31 172
31 45 176
45 31 176
31 35 855
35 31 855
31 64 274
64 31 274
32 38 421
38 32 421
32 51 379
51 32 379
32 87 846
87 32 846
32 56 89
56 32 89
32 65 750
65 32 750
32 68 959
68 32 959
32 39 370
39 32 370
32 86 915
86 32 915
32 42 433
42 32 433
33 47 948
47 33 948
33 95 685
95 33 685
33 85 904
85 33 904
33 69 903
69 33 903
33 84 24
84 33 24
33 38 197
38 33 197
33 64 766
64 33 766
33 81 961
81 33 961
33 41 863
41 33 863
33 49 91
49 33 91
33 46 972
46 33 972
34 74 471
74 34 471
34 88 694
88 34 694
34 91 868
91 34 868
34 37 995
37 34 995
34 55 185
55 34 185
34 55 81
55 34 81
34 82 79
82 34 79
34 83 471
83 34 471
34 92 863
92 34 863
34 42 886
42 34 886
34 85 663
85 34 663
34 81 520
81 34 520
35 76 654
76 35 654
35 87 718
87 35 718
35 88 78
88 35 78
35 36 360
36 35 360
35 57 694
57 35 694
35 77 759
77 35 759
35 89 33
89 35 33
35 60 868
60 35 868
36 73 263
73 36 263
36 72 153
72 36 153
36 94 603
94 36 603
36 79 862
79 36 862
36 93 106
93 36 106
36 61 511
61 36 511
36 83 254
83 36 254
36 75 629
75 36 629
36 56 382
56 36 382
36 65 177
65 36 177
37 48 566
48 37 566
37 69 285
69 37 285
37 54 665
54 37 665
37 66 744
66 37 744
37 89 286
89 37 286
37 42 509
42 37 509
37 74 55
74 37 55
37 58 309
58 37 309
37 43 620
43 37 620
37 38 696
38 37 696
37 52 765
52 37 765
38 46 806
46 38 806
38 89 912
89 38 912
38 96 911
96 38 911
38 87 215
87 38 215
38 74 476
74 38 476
38 76 734
76 38 734
38 86 360
86 38 360
38 39 183
39 38 183
38 85 188
85 38 188
38 65 383
65 38 383
38 81 969
81 38 969
39 41 469
41 39 469
39 57 904
57 39 904
39 72 754
72 39 754
39 54 258
54 39 258
40 45 479
45 40 479
40 61 429
61 40 429
40 63 8
63 40 8
40 60 812
60 40 812
40 54 528
54 40 528
40 62 176
62 40 176
40 78 632
78 40 632
41 70 96
70 41 96
41 64 558
64 41 558
41 57 736
57 41 736
41 52 585
52 41 585
41 78 739
78 41 739
41 56 936
56 41 936
41 52 458
52 41 458
41 51 428
51 41 428
41 73 338
73 41 338
42 57 166
57 42 166
42 67 477
67 42 477
42 66 763
66 42 763
42 87 309
87 42 309
43 56 913
56 43 913
43 52 559
52 43 559
43 52 958
52 43 958
43 47 589
47 43 589
43 69 22
69 43 22
43 61 846
61 43 846
43 48 306
48 43 306
44 49 98
49 44 98
44 46 19
46 44 19
44 54 408
54 44 408
44 59 402
59 44 402
44 73 539
73 44 539
44 50 214
50 44 214
44 76 378
76 44 378
44 60 889
60 44 889
44 73 575
73 44 575
45 55 60
55 45 60
45 65 573
65 45 573
45 75 531
75 45 531
45 83 470
83 45 470
45 47 7
47 45 7
45 53 143
53 45 143
45 73 413
73 45 413
45 52 880
52 45 880
46 63 178
63 46 178
46 58 217
58 46 217
46 47 762
47 46 762
46 82 885
82 46 885
46 85 872
85 46 872
46 86 659
86 46 659
47 48 722
48 47 722
47 64 535
64 47 535
47 50 182
50 47 182
47 94 809
94 47 809
47 89 227
89 47 227
47 60 188
60 47 188
47 51 442
51 47 442
47 76 503
76 47 503
47 80 209
80 47 209
48 81 339
81 48 339
48 52 622
52 48 622
48 78 451
78 48 451
48 84 124
84 48 124
48 91 591
91 48 591
48 72 51
72 48 51
48 72 266
72 48 266
48 79 425
79 48 425
48 63 651
63 48 651
48 73 697
73 48 697
49 94 166
94 49 166
49 81 355
81 49 355
49 58 952
58 49 952
49 70 800
70 49 800
49 56 249
56 49 249
49 77 66
77 49 66
50 76 30
76 50 30
50 75 563
75 50 563
50 72 32
72 50 32
50 82 689
82 50 689
50 87 755
87 50 755
50 88 233
88 50 233
50 52 41
52 50 41
50 93 384
93 50 384
50 76 889
76 50 889
50 65 587
65 50 587
51 90 172
90 51 172
51 73 613
73 51 613
51 82 758
82 51 758
51 85 259
85 51 259
51 69 891
69 51 891
51 65 132
65 51 132
52 90 837
90 52 837
52 94 147
94 52 147
52 66 983
66 52 983
52 68 998
68 52 998
52 83 307
83 52 307
52 71 759
71 52 759
52 62 306
62 52 306
53 58 368
58 53 368
53 78 891
78 53 891
53 81 615
81 53 615
53 75 23
75 53 23
53 74 339
74 53 339
53 94 702
94 53 702
54 78 372
78 54 372
54 67 160
67 54 160
54 75 608
75 54 608
54 65 175
65 54 175
54 68 890
68 54 890
55 70 620
70 55 620
55 80 872
80 55 872
55 60 539
60 55 539
55 96 65
96 55 65
55 75 427
75 55 427
55 94 674
94 55 674
55 91 11
91 55 11
55 66 211
66 55 211
56 79 149
79 56 149
56 90 248
90 56 248
56 56 319
56 56 319
56 83 728
83 56 728
57 80 403
80 57 403
57 92 139
92 57 139
58 79 802
79 58 802
58 66 764
66 58 764
58 70 612
70 58 612
58 85 964
85 58 964
58 93 397
93 58 397
58 74 81
74 58 81
59 74 593
74 59 593
59 76 718
76 59 718
59 86 66
86 59 66
59 94 791
94 59 791
59 73 57
73 59 57
60 61 487
61 60 487
60 64 457
64 60 457
60 80 221
80 60 221
60 68 61
68 60 61
60 68 828
68 60 828
60 90 804
90 60 804
60 85 780
85 60 780
61 75 719
75 61 719
61 83 834
83 61 834
61 77 171
77 61 171
62 82 947
82 62 947
62 81 4
81 62 4
62 84 852
84 62 852
62 90 536
90 62 536
62 73 840
73 62 840
62 64 512
64 62 512
63 89 250
89 63 250
63 85 262
85 63 262
63 67 293
67 63 293
63 94 738
94 63 738
63 96 926
96 63 926
63 84 511
84 63 511
63 66 291
66 63 291
63 92 83
92 63 83
64 69 385
69 64 385
64 83 561
83 64 561
64 65 260
65 64 260
64 90 261
90 64 261
64 71 786
71 64 786
64 90 898
90 64 898
64 88 366
88 64 366
64 66 70
66 64 70
64 66 166
66 64 166
65 93 430
93 65 430
65 92 199
92 65 199
65 80 760
80 65 760
65 67 161
67 65 161
65 68 957
68 65 957
66 74 125
74 66 125
66 93 904
93 66 904
66 73 818
73 66 818
66 72 897
72 66 897
66 79 714
79 66 714
68 90 656
90 68 656
68 83 433
83 68 433
68 80 42
80 68 42
68 75 124
75 68 124
68 89 697
89 68 697
68 75 77
75 68 77
69 77 812
77 69 812
70 80 342
80 70 342
70 88 983
88 70 983
70 77 209
77 70 209
70 96 931
96 70 931
71 73 606
73 71 606
71 86 933
86 71 933
71 76 529
76 71 529
71 79 139
79 71 139
72 90 265
90 72 265
72 85 453
85 72 453
72 75 73
75 72 73
73 83 966
83 73 966
73 83 503
83 73 503
73 94 759
94 73 759
73 79 775
79 73 775
73 76 444
76 73 444
73 77 102
77 73 102
74 90 572
90 74 572
74 84 953
84 74 953
75 87 501
87 75 501
75 92 189
92 75 189
75 82 739
82 75 739
75 96 749
96 75 749
75 94 217
94 75 217
76 90 654
90 76 654
77 78 316
78 77 316
77 84 623
84 77 623
77 78 368
78 77 368
77 92 867
92 77 867
78 85 752
85 78 752
78 82 55
82 78 55
78 79 607
79 78 607
78 83 217
83 78 217
80 85 819
85 80 819
80 85 464
85 80 464
81 94 596
94 81 596
81 89 180
89 81 180
81 96 98
96 81 98
82 88 249
88 82 249
82 83 358
83 82 358
83 89 268
89 83 268
83 95 109
95 83 109
83 95 861
95 83 861
83 92 464
92 83 464
84 85 921
85 84 921
86 88 468
88 86 468
87 90 167
90 87 167
87 92 35
92 87 35
87 87 959
87 87 959
87 90 115
90 87 115
88 96 75
96 88 75
90 96 39
96 90 39
90 96 667
96 90 667
91 92 136
92 91 136
