96

0 1 569
1 0 569
0 2 635
2 0 635
0 17 324
17 0 324
0 83 120
83 0 120
0 23 868
23 0 868
0 64 299
64 0 299
0 53 189
53 0 189
1 3 326
3 1 326
1 7 527
7 1 527
1 10 919
10 1 919
1 16 866
16 1 866
1 57 879
57 1 879
1 30 731
30 1 731
1 54 894
54 1 894
1 69 838
69 1 838
1 11 987
11 1 987
1 35 878
35 1 878
1 90 558
90 1 558
1 65 628
65 1 628
2 4 474
4 2 474
2 5 256
5 2 256
2 34 984
34 2 984
2 22 508
22 2 508
2 52 223
52 2 223
2 37 339
37 2 339
3 18 833
18 3 833
3 19 882
19 3 882
3 42 631
42 3 631
3 80 115
80 3 115
3 66 390
66 3 390
3 88 683
88 3 683
3 93 780
93 3 780
3 90 857
90 3 857
3 60 188
60 3 188
3 29 377
29 3 377
3 14 336
14 3 336
3 54 242
54 3 242
3 3 277
3 3 277
3 52 598
52 3 598
3 84 61
84 3 61
4 6 112
6 4 112
4 31 470
31 4 470
4 13 366
13 4 366
4 51 400
51 4 400
4 60 812
60 4 812
4 63 296
63 4 296
4 52 517
52 4 517
4 16 468
16 4 468
5 9 18
9 5 18
5 11 245
11 5 245
5 27 648
27 5 648
5 73 470
73 5 470
5 79 72
79 5 72
5 17 567
17 5 567
5 91 92
91 5 92
5 80 814
80 5 814
5 66 182
66 5 182
5 42 825
42 5 825
5 61 316
61 5 316
5 29 376
29 5 376
6 15 466
15 6 466
6 23 948
23 6 948
6 28 980
28 6 980
6 35 969
35 6 969
6 92 679
92 6 679
6 92 477
92 6 477
6 21 221
21 6 221
6 22 646
22 6 646
6 60 259
60 6 259
6 88 33
88 6 33
6 23 698
23 6 698
6 87 756
87 6 756
7 8 768
8 7 768
7 29 686
29 7 686
7 74 145
74 7 145
7 58 848
58 7 848
7 75 265
75 7 265
7 54 783
54 7 783
7 45 378
45 7 378
8 12 927
12 8 927
8 14 328
14 8 328
8 34 374
34 8 374
8 87 442
87 8 442
8 95 653
95 8 653
8 70 29
70 8 29
8 12 239
12 8 239
8 74 223
74 8 223
8 49 993
49 8 993
8 39 371
39 8 371
8 32 185
32 8 185
8 69 280
69 8 280
8 47 152
47 8 152
9 71 202
71 9 202
9 41 437
41 9 437
9 39 93
39 9 93
9 93 646
93 9 646
9 43 643
43 9 643
9 62 726
62 9 726
9 46 499
46 9 499
9 75 27
75 9 27
9 81 400
81 9 400
9 22 318
22 9 318
10 25 437
25 10 437
10 32 341
32 10 341
10 72 179
72 10 179
10 34 723
34 10 723
10 73 894
73 10 894
10 22 36
22 10 36
10 25 75
25 10 75
11 13 450
13 11 450
11 43 12
43 11 12
11 74 995
74 11 995
11 65 67
65 11 67
12 20 535
20 12 535
12 24 869
24 12 869
12 74 883
74 12 883
12 93 465
93 12 465
12 35 94
35 12 94
13 81 255
81 13 255
13 75 864
75 13 864
13 43 660
43 13 660
13 49 615
49 13 615
13 26 817
26 13 817
13 21 631
21 13 631
13 53 189
53 13 189
14 26 498
26 14 498
14 62 400
62 14 400
14 51 143
51 14 143
14 65 617
65 14 617
14 89 38
89 14 38
14 15 87
15 14 87
15 21 965
21 15 965
15 41 717
41 15 717
15 41 185
41 15 185
15 82 245
82 15 245
15 36 594
36 15 594
15 25 998
25 15 998
15 64 196
64 15 196
15 75 964
75 15 964
15 61 132
61 15 132
16 22 940
22 16 940
16 41 94
41 16 94
16 58 935
58 16 935
16 40 96
40 16 96
16 75 543
75 16 543
17 83 368
83 17 368
17 76 325
76 17 325
17 22 45
22 17 45
17 82 224
82 17 224
17 95 392
95 17 392
17 23 581
23 17 581
17 51 660
51 17 660
17 85 979
85 17 979
18 40 805
40 18 805
18 80 250
80 18 250
18 58 699
58 18 699
18 52 567
52 18 567
18 43 727
43 18 727
18 59 176
59 18 176
18 54 817
54 18 817
18 54 546
54 18 546
18 20 66
20 18 66
19 74 259
74 19 259
19 47 177
47 19 177
19 57 593
57 19 593
19 43 128
43 19 128
20 56 78
56 20 78
20 90 79
90 20 79
20 39 565
39 20 565
20 36 614
36 20 614
20 21 395
21 20 395
21 39 392
39 21 392
21 55 987
55 21 987
21 61 670
61 21 670
21 74 827
74 21 827
21 72 996
72 21 996
21 67 367
67 21 367
22 91 852
91 22 852
22 41 584
41 22 584
22 57 878
57 22 878
22 91 228
91 22 228
22 40 511
40 22 511
22 75 318
75 22 318
23 38 718
38 23 718
23 85 681
85 23 681
23 49 764
49 23 764
23 52 56
52 23 56
23 85 697
85 23 697
23 85 402
85 23 402
23 75 870
75 23 870
23 37 332
37 23 332
23 81 390
81 23 390
24 36 205
36 24 205
24 59 83
59 24 83
24 85 126
85 24 126
24 35 66
35 24 66
25 41 805
41 25 805
25 52 58
52 25 58
25 64 845
64 25 845
25 89 971
89 25 971
25 61 474
61 25 474
25 54 525
54 25 525
25 25 4
25 25 4
25 35 128
35 25 128
25 43 469
43 25 469
25 93 701
93 25 701
25 70 393
70 25 393
25 93 551
93 25 551
25 65 140
65 25 140
25 76 921
76 25 921
25 42 651
42 25 651
26 30 611
30 26 611
26 45 432
45 26 432
26 66 891
66 26 891
26 59 722
59 26 722
26 88 991
88 26 991
26 39 215
39 26 215
27 54 357
54 27 357
27 78 999
78 27 999
27 59 65
59 27 65
27 77 997
77 27 997
28 33 961
33 28 961
28 65 872
65 28 872
28 86 284
86 28 284
28 54 274
54 28 274
28 70 705
70 28 705
28 35 708
35 28 708
28 74 607
74 28 607
28 28 449
28 28 449
29 55 968
55 29 968
29 81 358
81 29 358
30 59 834
59 30 834
30 38 669
38 30 669
30 31 126
31 30 126
30 50 256
50 30 256
30 69 720
69 30 720
30 53 716
53 30 716
30 86 911
86 30 911
31 84 496
84 31 496
31 53 907
53 31 907
31 32 408
32 31 408
31 52 113
52 31 113
31 37 562
37 31 562
31 38 831
38 31 831
32 66 893
66 32 893
32 40 288
40 32 288
32 48 340
48 32 340
32 89 292
89 32 292
33 82 442
82 33 442
33 66 888
66 33 888
33 75 511
75 33 511
33 42 288
42 33 288
33 82 898
82 33 898
33 42 992
42 33 992
34 37 141
37 34 141
34 83 968
83 34 968
34 61 34
61 34 34
34 92 796
92 34 796
34 60 285
60 34 285
35 49 137
49 35 137
35 67 323
67 35 323
35 68 604
68 35 604
35 60 978
60 35 978
35 53 161
53 35 161
35 53 282
53 35 282
35 61 513
61 35 513
36 44 575
44 36 575
36 85 430
85 36 430
36 70 254
70 36 254
36 64 318
64 36 318
36 80 506
80 36 506
36 66 24
66 36 24
36 64 696
64 36 696
36 49 680
49 36 680
36 50 957
50 36 957
37 68 102
68 37 102
37 69 872
69 37 872
37 49 744
49 37 744
37 93 952
93 37 952
37 83 552
83 37 552
37 62 159
62 37 159
37 46 398
46 37 398
37 59 301
59 37 301
38 51 410
51 38 410
38 60 334
60 38 334
38 61 352
61 38 352
38 76 367
76 38 367
38 74 518
74 38 518
38 55 58
55 38 58
38 45 550
45 38 550
38 80 142
80 38 142
39 58 427
58 39 427
39 63 664
63 39 664
39 48 847
48 39 847
39 79 413
79 39 413
39 77 141
77 39 141
39 51 844
51 39 844
39 85 916
85 39 916
40 45 704
45 40 704
40 71 747
71 40 747
40 84 733
84 40 733
40 53 308
53 40 308
40 78 154
78 40 154
40 59 585
59 40 585
40 43 2
43 40 2
41 43 141
43 41 141
41 84 257
84 41 257
41 78 594
78 41 594
41 48 827
48 41 827
41 43 1
43 41 1
42 46 378
46 42 378
42 91 889
91 42 889
42 47 723
47 42 723
42 60 33
60 42 33
43 48 396
48 43 396
43 81 389
81 43 389
43 51 321
51 43 321
43 43 518
43 43 518
43 43 99
43 43 99
44 57 667
57 44 667
44 76 313
76 44 313
44 58 880
58 44 880
44 47 303
47 44 303
44 68 965
68 44 965
45 90 2
90 45 2
45 84 173
84 45 173
45 79 598
79 45 598
46 47 242
47 46 242
46 61 536
61 46 536
46 82 296
82 46 296
46 57 755
57 46 755
46 71 897
71 46 897
46 54 357
54 46 357
47 78 719
78 47 719
48 50 974
50 48 974
48 53 166
53 48 166
48 89 848
89 48 848
48 80 235
80 48 235
49 72 593
72 49 593
49 94 131
94 49 131
49 72 582
72 49 582
50 52 884
52 50 884
50 57 881
57 50 881
50 67 770
67 50 770
50 63 374
63 50 374
50 63 848
63 50 848
51 54 563
54 51 563
51 77 488
77 51 488
51 83 351
83 51 351
51 90 896
90 51 896
51 54 390
54 51 390
52 68 956
68 52 956
52 55 10
55 52 10
52 67 669
67 52 669
52 93 438
93 52 438
53 63 218
63 53 218
53 93 532
93 53 532
53 67 953
67 53 953
54 91 745
91 54 745
54 60 66
60 54 66
54 63 798
63 54 798
55 61 773
61 55 773
55 93 358
93 55 358
55 74 440
74 55 440
55 83 45
83 55 45
55 60 194
60 55 194
56 63 540
63 56 540
56 70 680
70 56 680
56 89 973
89 56 973
56 78 894
78 56 894
56 86 646
86 56 646
56 85 645
85 56 645
57 58 171
58 57 171
57 63 470
63 57 470
58 88 760
88 58 760
58 92 901
92 58 901
58 67 466
67 58 466
59 74 757
74 59 757
60 93 62
93 60 62
60 82 613
82 60 613
61 70 748
70 61 748
61 85 879
85 61 879
61 77 488
77 61 488
61 85 95
85 61 95
61 71 466
71 61 466
61 67 978
67 61 978
62 83 465
83 62 465
62 67 772
67 62 772
62 78 308
78 62 308
62 75 134
75 62 134
62 75 618
75 62 618
63 87 644
87 63 644
63 81 124
81 63 124
64 69 792
69 64 792
65 68 786
68 65 786
65 76 919
76 65 919
65 89 830
89 65 830
65 91 482
91 65 482
65 88 714
88 65 714
66 88 257
88 66 257
66 84 918
84 66 918
66 88 426
88 66 426
66 84 707
84 66 707
66 85 162
85 66 162
66 74 357
74 66 357
67 91 242
91 67 242
67 76 773
76 67 773
67 91 856
91 67 856
67 68 597
68 67 597
68 81 499
81 68 499
68 85 839
85 68 839
68 82 888
82 68 888
68 93 919
93 68 919
69 93 698
93 69 698
69 79 733
79 69 733
70 93 238
93 70 238
70 93 155
93 70 155
71 94 955
94 71 955
72 94 132
94 72 132
73 82 958
82 73 958
74 75 631
75 74 631
74 84 429
84 74 429
74 94 279
94 74 279
74 75 884
75 74 884
74 84 716
84 74 716
75 78 193
78 75 193
76 78 121
78 76 121
76 86 409
86 76 409
77 84 433
84 77 433
77 94 20
94 77 20
80 80 991
80 80 991
80 82 327
82 80 327
80 85 249
85 80 249
81 88 843
88 81 843
87 91 901
91 87 901
90 91 287
91 90 287
92 95 789
95 92 789
93 95 430
95 93 430
93 95 989
95 93 989
