95

0 1 121
1 0 121
0 4 458
4 0 458
0 11 272
11 0 272
0 28 524
28 0 524
0 40 563
40 0 563
0 50 888
50 0 888
0 76 980
76 0 980
1 2 577
2 1 577
1 16 9
16 1 9
1 49 554
49 1 554
1 22 229
22 1 229
1 23 806
23 1 806
2 3 105
3 2 105
2 5 16
5 2 16
2 9 269
9 2 269
2 22 672
22 2 672
2 43 570
43 2 570
2 3 730
3 2 730
3 6 12
6 3 12
3 7 104
7 3 104
3 12 619
12 3 619
3 17 833
17 3 833
3 88 616
88 3 616
3 83 15
83 3 15
3 73 753
73 3 753
3 63 856
63 3 856
4 10 597
10 4 597
4 14 259
14 4 259
4 18 16
18 4 16
4 58 282
58 4 282
4 72 157
72 4 157
4 74 986
74 4 986
4 93 155
93 4 155
4 43 790
43 4 790
4 62 832
62 4 832
4 47 775
47 4 775
4 20 354
20 4 354
5 8 920
8 5 920
5 19 981
19 5 981
5 35 458
35 5 458
6 21 285
21 6 285
6 21 441
21 6 441
6 59 821
59 6 821
7 42 658
42 7 658
7 63 976
63 7 976
7 92 321
92 7 321
7 25 58
25 7 58
8 26 293
26 8 293
8 26 934
26 8 934
9 27 67
27 9 67
9 39 966
39 9 966
9 61 293
61 9 293
9 72 998
72 9 998
10 13 993
13 10 993
10 60 871
60 10 871
10 20 579
20 10 579
12 55 474
55 12 474
13 91 551
91 13 551
13 67 371
67 13 371
13 90 300
90 13 300
14 15 140
15 14 140
14 20 997
20 14 997
14 32 209
32 14 209
14 67 440
67 14 440
14 57 573
57 14 573
14 14 384
14 14 384
15 33 281
33 15 281
15 60 14
60 15 14
16 23 461
23 16 461
16 46 194
46 16 194
16 51 273
51 16 273
16 49 762
49 16 762
16 67 519
67 16 519
16 57 631
57 16 631
16 53 644
53 16 644
17 24 704
24 17 704
17 62 909
62 17 909
17 73 413
73 17 413
17 84 380
84 17 380
17 48 819
48 17 819
17 41 287
41 17 287
18 60 665
60 18 665
18 47 936
47 18 936
19 55 598
55 19 598
20 30 343
30 20 343
20 33 339
33 20 339
20 35 980
35 20 980
20 36 994
36 20 994
20 33 483
33 20 483
21 29 22
29 21 22
21 31 563
31 21 563
21 63 582
63 21 582
22 25 91
25 22 91
22 43 868
43 22 868
22 65 245
65 22 245
22 41 961
41 22 961
22 73 552
73 22 552
22 23 232
23 22 232
22 94 432
94 22 432
23 70 291
70 23 291
24 37 699
37 24 699
24 41 567
41 24 567
24 53 60
53 24 60
24 61 740
61 24 740
24 87 213
87 24 213
25 87 451
87 25 451
25 55 845
55 25 845
26 65 333
65 26 333
26 35 714
35 26 714
27 92 86
92 27 86
27 53 472
53 27 472
27 44 632
44 27 632
27 62 789
62 27 789
28 59 118
59 28 118
28 86 748
86 28 748
29 91 914
91 29 914
29 39 995
39 29 995
29 94 695
94 29 695
30 75 420
75 30 420
30 49 773
49 30 773
30 65 166
65 30 166
31 38 96
38 31 96
31 44 127
44 31 127
31 80 162
80 31 162
31 44 117
44 31 117
31 80 995
80 31 995
31 94 162
94 31 162
32 45 238
45 32 238
32 66 851
66 32 851
32 45 793
45 32 793
32 65 565
65 32 565
32 35 730
35 32 730
33 34 394
34 33 394
34 47 403
47 34 403
34 52 67
52 34 67
34 65 991
65 34 991
35 57 963
57 35 963
35 37 349
37 35 349
35 37 282
37 35 282
36 73 982
73 36 982
37 52 738
52 37 738
37 56 447
56 37 447
37 68 727
68 37 727
37 71 14
71 37 14
39 84 590
84 39 590
39 90 341
90 39 341
40 45 946
45 40 946
41 69 669
69 41 669
41 79 969
79 41 969
41 54 844
54 41 844
41 90 489
90 41 489
42 50 210
50 42 210
43 60 550
60 43 550
44 68 253
68 44 253
44 78 319
78 44 319
44 83 814
83 44 814
45 48 439
48 45 439
47 64 187
64 47 187
47 83 93
83 47 93
48 83 727
83 48 727
48 78 991
78 48 991
49 54 270
54 49 270
50 67 412
67 50 412
51 71 396
71 51 396
51 70 690
70 51 690
52 77 776
77 52 776
52 81 128
81 52 128
52 59 768
59 52 768
59 76 457
76 59 457
59 65 759
65 59 759
60 85 889
85 60 889
61 92 282
92 61 282
62 83 358
83 62 358
62 64 924
64 62 924
63 89 520
89 63 520
65 67 994
67 65 994
65 91 926
91 65 926
67 94 15
94 67 15
70 84 382
84 70 382
71 82 754
82 71 754
71 77 483
77 71 483
72 73 932
73 72 932
72 74 484
74 72 484
72 92 341
92 72 341
73 86 341
86 73 341
74 94 551
94 74 551
76 90 961
90 76 961
76 83 75
83 76 75
77 90 365
90 77 365
77 91 971
91 77 971
79 86 431
86 79 431
81 93 784
93 81 784
86 90 801
90 86 801
88 91 404
91 88 404
90 94 471
94 90 471
