47

0 1 312
1 0 312
0 2 396
2 0 396
0 7 760
7 0 760
0 11 912
11 0 912
0 13 450
13 0 450
0 18 698
18 0 698
0 5 301
5 0 301
1 5 752
5 1 752
1 33 52
33 1 52
2 3 927
3 2 927
2 4 458
4 2 458
2 14 919
14 2 919
2 15 203
15 2 203
2 17 567
17 2 567
2 20 60
20 2 60
3 32 646
32 3 646
3 41 808
41 3 808
4 6 383
6 4 383
4 35 541
35 4 541
4 18 829
18 4 829
5 34 988
34 5 988
5 43 176
43 5 176
6 8 166
8 6 166
6 10 743
10 6 743
6 27 438
27 6 438
6 35 290
35 6 290
7 33 103
33 7 103
8 9 256
9 8 256
8 21 822
21 8 822
8 42 922
42 8 922
8 35 866
35 8 866
8 18 274
18 8 274
8 20 739
20 8 739
9 16 407
16 9 407
9 25 301
25 9 301
9 28 468
28 9 468
10 19 856
19 10 856
10 35 253
35 10 253
11 12 837
12 11 837
11 24 757
24 11 757
11 29 175
29 11 175
12 26 502
26 12 502
13 19 988
19 13 988
13 17 355
17 13 355
14 29 3
29 14 3
15 20 443
20 15 443
15 37 688
37 15 688
15 42 598
42 15 598
16 27 523
27 16 523
16 31 617
31 16 617
16 29 55
29 16 55
17 22 96
22 17 96
17 40 33
40 17 33
18 22 850
22 18 850
18 23 35
23 18 35
18 43 890
43 18 890
19 38 809
38 19 809
21 39 619
39 21 619
22 30 101
30 22 101
22 43 334
43 22 334
23 31 247
31 23 247
23 36 267
36 23 267
25 46 644
46 25 644
25 34 635
34 25 635
26 43 684
43 26 684
27 45 886
45 27 886
27 45 44
45 27 44
28 42 139
42 28 139
29 40 158
40 29 158
31 44 122
44 31 122
32 36 491
36 32 491
32 38 820
38 32 820
34 44 438
44 34 438
45 46 879
46 45 879
