89

0 1 763
1 0 763
0 3 739
3 0 739
0 4 765
4 0 765
0 36 870
36 0 870
0 48 429
48 0 429
1 2 924
2 1 924
1 7 735
7 1 735
1 18 477
18 1 477
2 31 217
31 2 217
3 5 764
5 3 764
3 10 960
10 3 960
3 43 957
43 3 957
3 58 905
58 3 905
3 49 730
49 3 730
4 6 588
6 4 588
4 25 467
25 4 467
4 44 214
44 4 214
4 62 555
62 4 555
4 66 505
66 4 505
5 9 264
9 5 264
5 12 8
12 5 8
5 14 472
14 5 472
5 88 161
88 5 161
5 74 518
74 5 518
6 11 116
11 6 116
6 15 183
15 6 183
6 70 255
70 6 255
7 8 725
8 7 725
7 83 531
83 7 531
7 70 82
70 7 82
7 53 227
53 7 227
8 13 196
13 8 196
8 22 822
22 8 822
8 44 179
44 8 179
8 20 90
20 8 90
10 17 144
17 10 144
10 27 581
27 10 581
11 16 565
16 11 565
11 28 158
28 11 158
11 29 453
29 11 453
11 32 546
32 11 546
12 20 899
20 12 899
13 30 473
30 13 473
13 67 436
67 13 436
14 37 738
37 14 738
14 39 63
39 14 63
15 19 619
19 15 619
15 33 855
33 15 855
16 21 30
21 16 30
16 65 209
65 16 209
16 41 227
41 16 227
17 78 588
78 17 588
18 41 151
41 18 151
19 23 219
23 19 219
19 26 643
26 19 643
19 63 530
63 19 530
20 24 739
24 20 739
20 87 643
87 20 643
20 40 720
40 20 720
21 38 313
38 21 313
22 53 68
53 22 68
22 54 955
54 22 955
22 80 957
80 22 957
23 81 477
81 23 477
23 50 702
50 23 702
24 40 480
40 24 480
24 57 447
57 24 447
24 68 929
68 24 929
24 55 301
55 24 301
26 35 317
35 26 317
26 61 869
61 26 869
26 62 761
62 26 761
27 47 62
47 27 62
27 73 848
73 27 848
27 84 756
84 27 756
28 78 187
78 28 187
28 71 911
71 28 911
29 34 428
34 29 428
29 38 605
38 29 605
30 39 752
39 30 752
31 49 251
49 31 251
31 33 970
33 31 970
31 59 530
59 31 530
34 68 537
68 34 537
36 42 687
42 36 687
38 86 289
86 38 289
39 72 168
72 39 168
39 78 798
78 39 798
40 75 897
75 40 897
41 45 862
45 41 862
41 46 113
46 41 113
41 52 820
52 41 820
42 74 297
74 42 297
43 48 354
48 43 354
43 50 443
50 43 443
45 51 401
51 45 401
47 55 521
55 47 521
48 59 439
59 48 439
49 56 663
56 49 663
49 86 239
86 49 239
49 84 33
84 49 33
50 69 904
69 50 904
50 60 843
60 50 843
51 66 137
66 51 137
51 70 297
70 51 297
53 60 190
60 53 190
53 80 656
80 53 656
54 78 502
78 54 502
55 71 934
71 55 934
55 85 658
85 55 658
57 64 571
64 57 571
58 79 65
79 58 65
60 77 614
77 60 614
62 76 696
76 62 696
64 84 171
84 64 171
67 85 134
85 67 134
68 82 671
82 68 671
70 82 559
82 70 559
77 86 798
86 77 798
