78

0 1 946
1 0 946
0 3 246
3 0 246
0 6 575
6 0 575
0 9 953
9 0 953
0 11 381
11 0 381
0 25 929
25 0 929
0 36 396
36 0 396
0 40 91
40 0 91
0 66 140
66 0 140
0 39 123
39 0 123
0 19 152
19 0 152
0 70 677
70 0 677
0 50 744
50 0 744
0 19 144
19 0 144
0 61 631
61 0 631
0 9 437
9 0 437
0 36 699
36 0 699
0 19 146
19 0 146
0 56 338
56 0 338
0 36 858
36 0 858
0 72 649
72 0 649
0 2 603
2 0 603
0 7 64
7 0 64
0 50 693
50 0 693
1 2 559
2 1 559
1 4 254
4 1 254
1 5 699
5 1 699
1 15 401
15 1 401
1 27 694
27 1 694
1 48 293
48 1 293
1 50 251
50 1 251
1 19 380
19 1 380
1 6 361
6 1 361
1 30 176
30 1 176
1 53 503
53 1 503
1 72 295
72 1 295
1 48 861
48 1 861
1 50 852
50 1 852
1 75 395
75 1 395
1 65 454
65 1 454
1 15 89
15 1 89
1 67 372
67 1 372
1 27 952
27 1 952
2 7 503
7 2 503
2 10 945
10 2 945
2 22 658
22 2 658
2 38 393
38 2 393
2 33 147
33 2 147
2 49 602
49 2 602
2 4 67
4 2 67
2 28 200
28 2 200
2 75 165
75 2 165
2 50 705
50 2 705
2 68 434
68 2 434
2 16 138
16 2 138
2 7 722
7 2 722
2 15 283
15 2 283
2 13 449
13 2 449
2 71 780
71 2 780
2 44 284
44 2 284
2 8 291
8 2 291
3 12 983
12 3 983
3 25 95
25 3 95
3 57 848
57 3 848
3 27 897
27 3 897
3 34 251
34 3 251
3 37 552
37 3 552
3 25 450
25 3 450
3 62 618
62 3 618
3 51 62
51 3 62
3 36 41
36 3 41
4 30 712
30 4 712
4 67 243
67 4 243
4 28 650
28 4 650
4 76 253
76 4 253
4 77 654
77 4 654
4 63 105
63 4 105
4 58 147
58 4 147
4 37 342
37 4 342
4 45 905
45 4 905
4 35 282
35 4 282
4 31 281
31 4 281
4 63 899
63 4 899
4 48 773
48 4 773
4 56 16
56 4 16
4 63 304
63 4 304
4 6 467
6 4 467
4 31 948
31 4 948
4 73 688
73 4 688
4 22 500
22 4 500
4 71 803
71 4 803
5 14 641
14 5 641
5 15 343
15 5 343
5 46 576
46 5 576
5 9 215
9 5 215
5 10 137
10 5 137
5 45 298
45 5 298
5 29 233
29 5 233
5 63 679
63 5 679
5 17 624
17 5 624
5 57 710
57 5 710
5 47 575
47 5 575
5 32 357
32 5 357
5 75 952
75 5 952
6 13 490
13 6 490
6 28 746
28 6 746
6 48 134
48 6 134
6 39 623
39 6 623
6 8 205
8 6 205
6 36 641
36 6 641
6 39 61
39 6 61
6 53 248
53 6 248
6 74 852
74 6 852
6 12 472
12 6 472
6 72 443
72 6 443
6 63 177
63 6 177
7 8 360
8 7 360
7 41 999
41 7 999
7 61 652
61 7 652
7 11 929
11 7 929
7 61 249
61 7 249
7 63 265
63 7 265
7 10 437
10 7 437
7 14 189
14 7 189
7 23 725
23 7 725
7 76 568
76 7 568
7 15 144
15 7 144
7 44 688
44 7 688
8 42 764
42 8 764
8 33 52
33 8 52
8 14 756
14 8 756
8 14 373
14 8 373
8 56 552
56 8 552
8 36 562
36 8 562
8 36 621
36 8 621
9 28 907
28 9 907
9 62 372
62 9 372
9 64 177
64 9 177
9 31 813
31 9 813
9 20 677
20 9 677
9 24 536
24 9 536
9 48 114
48 9 114
9 72 105
72 9 105
9 58 451
58 9 451
9 32 140
32 9 140
9 67 215
67 9 215
9 59 158
59 9 158
9 54 850
54 9 850
9 49 163
49 9 163
9 39 99
39 9 99
9 63 346
63 9 346
9 26 942
26 9 942
10 71 833
71 10 833
10 37 553
37 10 553
10 65 24
65 10 24
10 51 75
51 10 75
10 39 907
39 10 907
10 70 362
70 10 362
10 70 470
70 10 470
10 61 10
61 10 10
10 14 491
14 10 491
10 62 695
62 10 695
10 66 74
66 10 74
10 64 612
64 10 612
10 58 727
58 10 727
11 24 76
24 11 76
11 29 165
29 11 165
11 46 496
46 11 496
11 57 823
57 11 823
11 66 847
66 11 847
11 26 857
26 11 857
11 43 308
43 11 308
11 28 877
28 11 877
11 39 256
39 11 256
11 61 71
61 11 71
11 66 712
66 11 712
11 29 375
29 11 375
11 59 291
59 11 291
11 17 697
17 11 697
11 15 5
15 11 5
11 60 193
60 11 193
12 17 933
17 12 933
12 26 879
26 12 879
12 32 537
32 12 537
12 34 25
34 12 25
12 52 269
52 12 269
12 33 809
33 12 809
12 49 610
49 12 610
12 76 493
76 12 493
12 47 750
47 12 750
12 50 77
50 12 77
12 53 723
53 12 723
12 76 388
76 12 388
13 16 692
16 13 692
13 19 964
19 13 964
13 35 350
35 13 350
13 70 247
70 13 247
13 55 190
55 13 190
13 43 308
43 13 308
13 63 948
63 13 948
13 77 340
77 13 340
13 23 44
23 13 44
14 58 889
58 14 889
14 57 851
57 14 851
14 62 152
62 14 152
14 15 65
15 14 65
14 63 750
63 14 750
14 21 921
21 14 921
14 74 11
74 14 11
14 75 667
75 14 667
14 30 40
30 14 40
14 58 456
58 14 456
14 66 185
66 14 185
14 19 237
19 14 237
14 44 511
44 14 511
14 23 784
23 14 784
15 20 130
20 15 130
15 54 836
54 15 836
15 33 245
33 15 245
15 74 240
74 15 240
15 31 579
31 15 579
15 19 884
19 15 884
15 37 563
37 15 563
15 30 554
30 15 554
15 66 766
66 15 766
15 73 565
73 15 565
15 18 321
18 15 321
15 69 515
69 15 515
15 25 102
25 15 102
15 62 309
62 15 309
15 60 681
60 15 681
15 75 517
75 15 517
16 55 768
55 16 768
16 68 242
68 16 242
16 74 671
74 16 671
16 63 69
63 16 69
16 60 954
60 16 954
16 40 802
40 16 802
16 23 935
23 16 935
16 73 237
73 16 237
16 69 52
69 16 52
16 17 742
17 16 742
16 66 892
66 16 892
16 76 119
76 16 119
17 18 190
18 17 190
17 47 98
47 17 98
17 46 355
46 17 355
17 36 405
36 17 405
17 66 741
66 17 741
18 54 584
54 18 584
18 58 733
58 18 733
18 68 425
68 18 425
18 54 989
54 18 989
18 31 397
31 18 397
18 26 676
26 18 676
18 28 689
28 18 689
18 47 375
47 18 375
18 42 128
42 18 128
18 25 810
25 18 810
19 47 830
47 19 830
19 51 878
51 19 878
19 35 678
35 19 678
19 64 51
64 19 51
19 68 529
68 19 529
19 38 516
38 19 516
19 49 350
49 19 350
19 29 750
29 19 750
19 69 805
69 19 805
19 56 854
56 19 854
19 39 336
39 19 336
19 65 829
65 19 829
19 58 832
58 19 832
19 58 414
58 19 414
19 65 624
65 19 624
19 51 534
51 19 534
19 30 4
30 19 4
19 31 3
31 19 3
19 50 897
50 19 897
19 33 336
33 19 336
19 77 993
77 19 993
19 58 99
58 19 99
20 21 191
21 20 191
20 43 276
43 20 276
20 38 437
38 20 437
20 45 60
45 20 60
20 54 810
54 20 810
21 23 973
23 21 973
21 31 321
31 21 321
21 39 947
39 21 947
21 63 779
63 21 779
21 74 809
74 21 809
21 28 704
28 21 704
21 54 346
54 21 346
21 29 587
29 21 587
21 77 77
77 21 77
21 30 948
30 21 948
21 26 585
26 21 585
21 66 215
66 21 215
21 67 10
67 21 10
21 71 609
71 21 609
21 68 961
68 21 961
21 71 97
71 21 97
21 22 63
22 21 63
21 42 774
42 21 774
21 60 46
60 21 46
22 56 817
56 22 817
22 60 172
60 22 172
22 56 461
56 22 461
22 54 713
54 22 713
22 28 340
28 22 340
22 56 254
56 22 254
22 72 478
72 22 478
22 49 197
49 22 197
22 73 785
73 22 785
23 53 559
53 23 559
23 54 812
54 23 812
23 58 260
58 23 260
23 28 892
28 23 892
23 28 226
28 23 226
23 25 828
25 23 828
23 30 464
30 23 464
23 27 402
27 23 402
23 25 761
25 23 761
23 27 802
27 23 802
23 35 960
35 23 960
24 45 583
45 24 583
24 68 292
68 24 292
24 63 892
63 24 892
24 24 703
24 24 703
24 61 418
61 24 418
24 37 437
37 24 437
24 59 312
59 24 312
24 35 98
35 24 98
24 55 976
55 24 976
24 44 321
44 24 321
24 59 788
59 24 788
24 47 23
47 24 23
24 44 977
44 24 977
25 37 470
37 25 470
25 54 212
54 25 212
25 49 858
49 25 858
25 65 784
65 25 784
25 66 239
66 25 239
25 64 64
64 25 64
25 29 176
29 25 176
25 39 528
39 25 528
25 63 794
63 25 794
25 74 583
74 25 583
25 44 671
44 25 671
25 74 38
74 25 38
26 55 244
55 26 244
26 54 959
54 26 959
26 63 442
63 26 442
26 75 340
75 26 340
26 73 881
73 26 881
26 26 801
26 26 801
26 53 14
53 26 14
26 39 927
39 26 927
26 32 634
32 26 634
26 74 970
74 26 970
26 69 760
69 26 760
26 36 355
36 26 355
27 49 905
49 27 905
27 42 866
42 27 866
27 71 197
71 27 197
27 53 520
53 27 520
27 72 468
72 27 468
27 54 210
54 27 210
28 33 365
33 28 365
28 61 403
61 28 403
28 70 831
70 28 831
28 70 482
70 28 482
29 72 71
72 29 71
29 67 200
67 29 200
29 37 520
37 29 520
29 61 490
61 29 490
29 60 760
60 29 760
29 66 690
66 29 690
29 63 293
63 29 293
29 41 206
41 29 206
30 72 570
72 30 570
30 77 887
77 30 887
30 58 146
58 30 146
30 63 818
63 30 818
30 41 321
41 30 321
30 33 877
33 30 877
30 66 487
66 30 487
30 40 658
40 30 658
30 34 732
34 30 732
30 32 65
32 30 65
30 46 649
46 30 649
30 35 297
35 30 297
31 45 147
45 31 147
31 53 918
53 31 918
31 49 947
49 31 947
31 73 794
73 31 794
31 48 647
48 31 647
31 42 602
42 31 602
31 46 850
46 31 850
31 74 305
74 31 305
32 62 642
62 32 642
32 65 618
65 32 618
32 58 838
58 32 838
32 68 672
68 32 672
32 40 16
40 32 16
32 53 32
53 32 32
32 40 220
40 32 220
32 50 184
50 32 184
32 65 953
65 32 953
32 74 508
74 32 508
32 77 961
77 32 961
32 33 574
33 32 574
32 77 999
77 32 999
33 44 496
44 33 496
33 64 171
64 33 171
33 57 962
57 33 962
33 57 466
57 33 466
33 35 154
35 33 154
33 43 126
43 33 126
33 39 420
39 33 420
33 36 147
36 33 147
34 59 181
59 34 181
34 68 228
68 34 228
34 40 735
40 34 735
34 46 445
46 34 445
34 45 516
45 34 516
35 40 536
40 35 536
35 46 887
46 35 887
35 76 110
76 35 110
35 74 725
74 35 725
35 68 873
68 35 873
35 62 744
62 35 744
35 38 343
38 35 343
35 66 467
66 35 467
36 38 581
38 36 581
36 70 698
70 36 698
36 76 841
76 36 841
36 61 396
61 36 396
36 70 901
70 36 901
36 46 843
46 36 843
36 69 449
69 36 449
36 39 566
39 36 566
37 72 683
72 37 683
37 48 122
48 37 122
37 70 623
70 37 623
37 59 803
59 37 803
37 57 630
57 37 630
37 71 482
71 37 482
37 49 647
49 37 647
37 64 519
64 37 519
37 54 379
54 37 379
37 59 993
59 37 993
37 65 116
65 37 116
37 76 758
76 37 758
38 41 672
41 38 672
38 47 7
47 38 7
38 63 24
63 38 24
38 56 998
56 38 998
38 54 35
54 38 35
38 43 730
43 38 730
38 63 24
63 38 24
38 54 369
54 38 369
39 44 319
44 39 319
39 73 562
73 39 562
39 42 148
42 39 148
39 42 209
42 39 209
39 54 931
54 39 931
39 61 545
61 39 545
40 53 546
53 40 546
40 56 632
56 40 632
40 57 747
57 40 747
40 56 376
56 40 376
40 49 388
49 40 388
40 59 408
59 40 408
41 77 165
77 41 165
41 69 521
69 41 521
41 47 862
47 41 862
41 65 119
65 41 119
41 74 101
74 41 101
41 69 162
69 41 162
41 42 997
42 41 997
41 71 916
71 41 916
41 50 596
50 41 596
42 54 668
54 42 668
42 62 199
62 42 199
42 55 381
55 42 381
43 50 146
50 43 146
43 50 954
50 43 954
44 65 135
65 44 135
44 49 450
49 44 450
44 55 199
55 44 199
44 62 864
62 44 864
44 77 116
77 44 116
44 61 931
61 44 931
44 72 808
72 44 808
45 77 826
77 45 826
45 61 335
61 45 335
46 61 964
61 46 964
46 46 950
46 46 950
46 70 179
70 46 179
46 53 579
53 46 579
46 68 853
68 46 853
46 67 870
67 46 870
46 71 402
71 46 402
46 60 513
60 46 513
47 59 740
59 47 740
47 73 202
73 47 202
48 65 491
65 48 491
48 58 821
58 48 821
48 77 159
77 48 159
49 50 220
50 49 220
49 72 826
72 49 826
49 60 569
60 49 569
49 69 390
69 49 390
49 76 513
76 49 513
49 49 392
49 49 392
49 63 95
63 49 95
49 52 265
52 49 265
49 66 631
66 49 631
49 50 241
50 49 241
50 69 622
69 50 622
50 76 507
76 50 507
50 70 824
70 50 824
50 58 273
58 50 273
50 77 889
77 50 889
50 65 667
65 50 667
51 75 674
75 51 674
51 55 155
55 51 155
51 77 597
77 51 597
52 75 339
75 52 339
52 63 523
63 52 523
52 54 8
54 52 8
52 61 354
61 52 354
53 75 991
75 53 991
53 69 867
69 53 867
53 60 473
60 53 473
53 57 652
57 53 652
53 55 114
55 53 114
53 70 36
70 53 36
54 63 408
63 54 408
55 68 504
68 55 504
55 64 781
64 55 781
55 58 696
58 55 696
55 66 453
66 55 453
56 64 547
64 56 547
56 71 911
71 56 911
56 67 960
67 56 960
57 67 328
67 57 328
57 66 584
66 57 584
57 63 54
63 57 54
57 68 308
68 57 308
58 69 797
69 58 797
58 74 65
74 58 65
59 63 942
63 59 942
59 64 774
64 59 774
59 75 633
75 59 633
59 63 283
63 59 283
60 74 517
74 60 517
61 63 325
63 61 325
61 72 75
72 61 75
61 71 685
71 61 685
62 76 703
76 62 703
62 67 756
67 62 756
62 64 103
64 62 103
62 73 762
73 62 762
63 76 51
76 63 51
64 66 25
66 64 25
64 66 12
66 64 12
65 73 819
73 65 819
66 74 451
74 66 451
66 71 458
71 66 458
66 75 457
75 66 457
66 73 287
73 66 287
68 76 370
76 68 370
69 77 264
77 69 264
70 70 153
70 70 153
70 72 652
72 70 652
71 71 978
71 71 978
71 76 518
76 71 518
71 77 310
77 71 310
72 74 424
74 72 424
73 76 846
76 73 846
