64

0 1 959
1 0 959
0 5 457
5 0 457
0 17 668
17 0 668
0 23 55
23 0 55
0 31 828
31 0 828
0 61 918
61 0 918
0 12 116
12 0 116
0 11 236
11 0 236
0 46 773
46 0 773
0 30 233
30 0 233
0 12 303
12 0 303
0 62 507
62 0 507
0 24 719
24 0 719
0 20 31
20 0 31
0 1 560
1 0 560
0 28 529
28 0 529
1 2 157
2 1 157
1 3 869
3 1 869
1 10 516
10 1 516
1 11 258
11 1 258
1 40 177
40 1 177
1 52 323
52 1 323
1 56 414
56 1 414
1 24 362
24 1 362
1 50 320
50 1 320
1 22 60
22 1 60
1 30 262
30 1 262
1 26 166
26 1 166
1 10 333
10 1 333
1 1 537
1 1 537
1 24 48
24 1 48
1 28 699
28 1 699
1 16 187
16 1 187
2 7 798
7 2 798
2 33 129
33 2 129
2 53 720
53 2 720
2 6 457
6 2 457
2 32 906
32 2 906
2 44 388
44 2 388
2 15 225
15 2 225
2 32 733
32 2 733
2 17 581
17 2 581
2 15 335
15 2 335
2 14 552
14 2 552
3 4 821
4 3 821
3 52 847
52 3 847
3 24 676
24 3 676
3 41 989
41 3 989
3 7 605
7 3 605
3 56 695
56 3 695
3 3 349
3 3 349
3 38 921
38 3 921
3 36 330
36 3 330
3 11 680
11 3 680
3 49 932
49 3 932
3 37 566
37 3 566
3 33 190
33 3 190
3 39 964
39 3 964
3 41 747
41 3 747
3 29 502
29 3 502
3 4 933
4 3 933
3 21 727
21 3 727
4 6 230
6 4 230
4 47 249
47 4 249
4 5 166
5 4 166
4 11 5
11 4 5
4 44 929
44 4 929
4 52 646
52 4 646
4 22 599
22 4 599
4 62 398
62 4 398
4 62 528
62 4 528
4 29 867
29 4 867
4 6 829
6 4 829
4 62 606
62 4 606
4 44 748
44 4 748
4 8 649
8 4 649
4 36 691
36 4 691
4 7 792
7 4 792
4 55 140
55 4 140
5 37 423
37 5 423
5 57 512
57 5 512
5 44 268
44 5 268
5 63 115
63 5 115
5 11 798
11 5 798
5 43 91
43 5 91
5 53 421
53 5 421
5 55 397
55 5 397
5 59 552
59 5 552
5 9 205
9 5 205
5 23 698
23 5 698
6 25 248
25 6 248
6 30 813
30 6 813
6 39 621
39 6 621
6 34 799
34 6 799
6 25 477
25 6 477
6 21 527
21 6 527
6 60 427
60 6 427
6 33 519
33 6 519
6 35 391
35 6 391
6 55 635
55 6 635
6 62 145
62 6 145
6 51 528
51 6 528
6 41 493
41 6 493
6 40 65
40 6 65
6 21 871
21 6 871
6 19 198
19 6 198
6 15 276
15 6 276
6 36 790
36 6 790
7 8 913
8 7 913
7 9 261
9 7 261
7 18 725
18 7 725
7 22 619
22 7 619
7 56 189
56 7 189
7 24 297
24 7 297
7 43 585
43 7 585
7 44 772
44 7 772
7 46 33
46 7 33
7 55 612
55 7 612
7 22 587
22 7 587
7 33 174
33 7 174
7 41 110
41 7 110
8 24 48
24 8 48
8 59 316
59 8 316
8 57 356
57 8 356
8 56 775
56 8 775
8 56 210
56 8 210
8 41 938
41 8 938
8 51 581
51 8 581
8 27 350
27 8 350
8 29 673
29 8 673
8 18 266
18 8 266
8 22 763
22 8 763
8 61 858
61 8 858
8 23 114
23 8 114
8 54 909
54 8 909
9 39 439
39 9 439
9 62 236
62 9 236
9 11 115
11 9 115
9 34 609
34 9 609
9 38 157
38 9 157
9 60 457
60 9 457
9 21 298
21 9 298
9 19 442
19 9 442
9 40 592
40 9 592
9 43 436
43 9 436
10 12 111
12 10 111
10 13 98
13 10 98
10 14 468
14 10 468
10 15 174
15 10 174
10 19 442
19 10 442
10 51 504
51 10 504
10 56 25
56 10 25
10 38 748
38 10 748
10 17 187
17 10 187
10 37 132
37 10 132
10 60 547
60 10 547
10 27 534
27 10 534
10 43 50
43 10 50
10 37 825
37 10 825
10 61 202
61 10 202
10 52 609
52 10 609
10 11 305
11 10 305
10 23 873
23 10 873
10 62 912
62 10 912
11 26 248
26 11 248
11 29 623
29 11 623
11 36 18
36 11 18
11 35 563
35 11 563
11 48 474
48 11 474
11 12 165
12 11 165
11 46 718
46 11 718
11 34 627
34 11 627
11 18 836
18 11 836
11 16 630
16 11 630
11 27 454
27 11 454
11 13 332
13 11 332
11 19 10
19 11 10
11 15 511
15 11 511
11 26 209
26 11 209
12 16 696
16 12 696
12 21 738
21 12 738
12 48 304
48 12 304
12 13 799
13 12 799
12 46 765
46 12 765
12 38 210
38 12 210
12 43 583
43 12 583
12 32 252
32 12 252
12 60 726
60 12 726
12 19 8
19 12 8
12 51 504
51 12 504
13 61 75
61 13 75
13 48 972
48 13 972
13 54 389
54 13 389
13 27 576
27 13 576
13 34 460
34 13 460
13 38 822
38 13 822
13 44 945
44 13 945
13 13 120
13 13 120
13 26 487
26 13 487
13 61 194
61 13 194
13 25 659
25 13 659
13 61 650
61 13 650
14 28 125
28 14 125
14 47 236
47 14 236
14 38 729
38 14 729
14 39 269
39 14 269
14 51 653
51 14 653
14 46 627
46 14 627
14 51 526
51 14 526
14 53 578
53 14 578
14 24 513
24 14 513
14 23 744
23 14 744
15 27 644
27 15 644
15 34 695
34 15 695
15 46 67
46 15 67
15 47 821
47 15 821
15 58 920
58 15 920
15 45 414
45 15 414
15 57 323
57 15 323
15 28 529
28 15 529
15 28 203
28 15 203
15 26 631
26 15 631
15 24 732
24 15 732
15 18 317
18 15 317
15 50 632
50 15 632
15 37 382
37 15 382
16 20 862
20 16 862
16 51 392
51 16 392
16 18 840
18 16 840
16 29 418
29 16 418
16 34 241
34 16 241
16 61 969
61 16 969
16 42 632
42 16 632
16 37 874
37 16 874
16 27 682
27 16 682
17 54 356
54 17 356
17 34 400
34 17 400
17 38 942
38 17 942
17 27 402
27 17 402
17 62 729
62 17 729
17 47 650
47 17 650
17 41 853
41 17 853
17 26 642
26 17 642
17 34 181
34 17 181
17 30 668
30 17 668
18 41 328
41 18 328
18 37 550
37 18 550
18 23 89
23 18 89
18 24 636
24 18 636
18 20 245
20 18 245
18 44 491
44 18 491
18 29 892
29 18 892
18 29 208
29 18 208
18 62 589
62 18 589
18 29 95
29 18 95
18 23 771
23 18 771
18 46 584
46 18 584
18 21 868
21 18 868
19 28 489
28 19 489
19 44 767
44 19 767
19 54 510
54 19 510
19 53 681
53 19 681
19 34 932
34 19 932
19 57 228
57 19 228
20 43 907
43 20 907
20 26 168
26 20 168
20 36 234
36 20 234
20 58 491
58 20 491
20 53 692
53 20 692
20 57 528
57 20 528
20 57 315
57 20 315
20 29 300
29 20 300
20 30 454
30 20 454
20 22 762
22 20 762
20 59 66
59 20 66
21 59 422
59 21 422
21 26 570
26 21 570
21 58 830
58 21 830
21 22 370
22 21 370
21 62 751
62 21 751
21 30 213
30 21 213
21 41 675
41 21 675
21 55 670
55 21 670
21 39 232
39 21 232
21 59 141
59 21 141
22 28 808
28 22 808
22 38 487
38 22 487
22 55 133
55 22 133
22 54 325
54 22 325
22 58 709
58 22 709
22 56 501
56 22 501
22 55 306
55 22 306
23 57 632
57 23 632
23 26 34
26 23 34
23 31 466
31 23 466
23 38 937
38 23 937
23 49 285
49 23 285
23 55 985
55 23 985
23 30 330
30 23 330
23 61 164
61 23 164
24 49 166
49 24 166
24 42 85
42 24 85
24 45 900
45 24 900
24 62 220
62 24 220
24 62 721
62 24 721
24 59 623
59 24 623
25 35 622
35 25 622
25 27 350
27 25 350
25 39 467
39 25 467
25 56 790
56 25 790
25 50 961
50 25 961
25 48 812
48 25 812
25 34 30
34 25 30
25 62 860
62 25 860
25 45 492
45 25 492
25 39 84
39 25 84
26 50 260
50 26 260
26 41 576
41 26 576
26 36 300
36 26 300
26 59 71
59 26 71
27 45 708
45 27 708
27 41 507
41 27 507
27 44 118
44 27 118
27 48 17
48 27 17
27 35 156
35 27 156
27 38 18
38 27 18
27 40 342
40 27 342
27 44 251
44 27 251
27 61 980
61 27 980
28 43 72
43 28 72
28 30 742
30 28 742
28 44 446
44 28 446
28 43 503
43 28 503
28 59 378
59 28 378
28 46 549
46 28 549
29 32 405
32 29 405
29 38 405
38 29 405
29 32 349
32 29 349
29 30 477
30 29 477
29 29 848
29 29 848
29 41 85
41 29 85
29 33 525
33 29 525
30 44 720
44 30 720
30 63 617
63 30 617
30 35 253
35 30 253
30 30 856
30 30 856
30 57 248
57 30 248
30 60 459
60 30 459
30 43 123
43 30 123
30 33 982
33 30 982
30 40 830
40 30 830
31 59 576
59 31 576
31 50 887
50 31 887
31 62 670
62 31 670
31 61 332
61 31 332
31 55 46
55 31 46
31 57 863
57 31 863
31 48 51
48 31 51
32 39 535
39 32 535
32 60 358
60 32 358
32 63 994
63 32 994
32 61 158
61 32 158
32 52 450
52 32 450
33 40 541
40 33 541
33 42 868
42 33 868
33 50 471
50 33 471
33 62 993
62 33 993
33 57 394
57 33 394
33 34 324
34 33 324
33 54 821
54 33 821
34 40 166
40 34 166
34 47 884
47 34 884
34 61 409
61 34 409
35 42 170
42 35 170
35 55 578
55 35 578
35 45 82
45 35 82
35 44 540
44 35 540
35 42 40
42 35 40
35 56 908
56 35 908
35 62 322
62 35 322
35 43 933
43 35 933
35 51 207
51 35 207
36 48 975
48 36 975
36 48 183
48 36 183
36 59 837
59 36 837
36 36 842
36 36 842
36 42 870
42 36 870
36 51 971
51 36 971
36 54 758
54 36 758
37 38 493
38 37 493
37 40 941
40 37 941
37 39 516
39 37 516
37 53 364
53 37 364
37 51 489
51 37 489
38 57 544
57 38 544
38 41 728
41 38 728
38 43 394
43 38 394
38 63 623
63 38 623
38 46 226
46 38 226
39 43 252
43 39 252
39 53 195
53 39 195
39 54 337
54 39 337
39 57 183
57 39 183
39 42 508
42 39 508
39 56 906
56 39 906
39 46 426
46 39 426
40 63 1
63 40 1
40 49 971
49 40 971
40 46 605
46 40 605
40 62 658
62 40 658
40 47 444
47 40 444
40 63 583
63 40 583
40 40 403
40 40 403
40 48 278
48 40 278
41 63 96
63 41 96
41 59 954
59 41 954
41 59 586
59 41 586
41 46 481
46 41 481
41 54 613
54 41 613
42 55 317
55 42 317
42 62 194
62 42 194
42 46 564
46 42 564
42 50 315
50 42 315
43 52 63
52 43 63
43 58 245
58 43 245
43 50 660
50 43 660
43 43 352
43 43 352
44 52 291
52 44 291
44 62 442
62 44 442
45 61 356
61 45 356
45 51 929
51 45 929
45 52 146
52 45 146
45 51 75
51 45 75
45 51 951
51 45 951
46 58 824
58 46 824
46 57 727
57 46 727
46 61 679
61 46 679
46 56 216
56 46 216
46 50 926
50 46 926
47 60 79
60 47 79
47 52 741
52 47 741
47 61 392
61 47 392
47 48 112
48 47 112
47 48 829
48 47 829
47 56 888
56 47 888
47 48 941
48 47 941
47 58 734
58 47 734
48 61 834
61 48 834
48 56 714
56 48 714
48 55 368
55 48 368
48 54 411
54 48 411
48 59 589
59 48 589
49 56 640
56 49 640
49 58 645
58 49 645
49 60 828
60 49 828
49 59 781
59 49 781
49 52 182
52 49 182
50 51 427
51 50 427
50 61 921
61 50 921
50 59 726
59 50 726
51 56 703
56 51 703
51 61 493
61 51 493
53 56 967
56 53 967
54 60 561
60 54 561
54 56 776
56 54 776
54 57 920
57 54 920
54 57 12
57 54 12
54 55 493
55 54 493
55 61 294
61 55 294
55 63 529
63 55 529
56 62 789
62 56 789
56 60 991
60 56 991
56 63 542
63 56 542
56 58 114
58 56 114
57 62 383
62 57 383
59 63 451
63 59 451
59 63 898
63 59 898
60 62 891
62 60 891
61 62 188
62 61 188
62 63 734
63 62 734
