94

0 1 147
1 0 147
0 3 324
3 0 324
0 13 678
13 0 678
0 91 10
91 0 10
1 2 164
2 1 164
1 48 372
48 1 372
1 50 812
50 1 812
1 27 921
27 1 921
1 22 926
22 1 926
1 56 54
56 1 54
2 4 838
4 2 838
2 5 957
5 2 957
2 6 237
6 2 237
2 8 968
8 2 968
2 54 450
54 2 450
2 81 795
81 2 795
2 82 252
82 2 252
2 36 954
36 2 954
2 19 107
19 2 107
3 10 79
10 3 79
3 18 38
18 3 38
3 39 89
39 3 89
3 14 426
14 3 426
4 34 951
34 4 951
5 7 418
7 5 418
5 42 235
42 5 235
5 46 587
46 5 587
5 49 367
49 5 367
6 9 644
9 6 644
6 12 51
12 6 51
6 16 396
16 6 396
6 20 837
20 6 837
6 17 741
17 6 741
6 44 659
44 6 659
6 80 431
80 6 431
7 11 146
11 7 146
7 62 732
62 7 732
7 27 791
27 7 791
7 73 579
73 7 579
8 32 672
32 8 672
8 35 68
35 8 68
8 56 62
56 8 62
8 89 266
89 8 266
8 58 505
58 8 505
9 15 226
15 9 226
9 23 854
23 9 854
9 26 69
26 9 69
9 31 598
31 9 598
9 61 762
61 9 762
9 17 741
17 9 741
10 14 770
14 10 770
10 20 769
20 10 769
10 28 288
28 10 288
10 29 889
29 10 889
10 93 703
93 10 703
10 90 736
90 10 736
10 89 993
89 10 993
10 82 237
82 10 237
11 78 846
78 11 846
11 80 541
80 11 541
11 39 46
39 11 46
12 30 981
30 12 981
12 50 673
50 12 673
12 50 189
50 12 189
13 17 45
17 13 45
13 68 232
68 13 232
13 72 499
72 13 499
13 16 661
16 13 661
13 37 403
37 13 403
14 21 682
21 14 682
14 24 9
24 14 9
14 65 580
65 14 580
15 19 565
19 15 565
15 27 307
27 15 307
15 38 637
38 15 637
15 88 16
88 15 16
15 50 14
50 15 14
16 71 372
71 16 372
17 60 152
60 17 152
17 30 602
30 17 602
18 25 693
25 18 693
18 44 444
44 18 444
18 73 373
73 18 373
19 36 652
36 19 652
20 64 47
64 20 47
20 26 517
26 20 517
21 22 918
22 21 918
21 64 823
64 21 823
21 62 750
62 21 750
22 43 242
43 22 242
22 57 201
57 22 201
22 89 649
89 22 649
23 51 830
51 23 830
23 76 308
76 23 308
24 47 810
47 24 810
25 37 983
37 25 983
25 41 458
41 25 458
25 26 516
26 25 516
26 33 958
33 26 958
26 57 296
57 26 296
26 93 437
93 26 437
29 52 237
52 29 237
29 88 587
88 29 587
30 63 890
63 30 890
30 77 525
77 30 525
30 84 244
84 30 244
30 57 767
57 30 767
31 58 670
58 31 670
32 45 683
45 32 683
32 73 422
73 32 422
32 80 33
80 32 33
32 61 376
61 32 376
32 71 846
71 32 846
33 66 759
66 33 759
34 58 65
58 34 65
34 40 488
40 34 488
35 40 392
40 35 392
35 55 150
55 35 150
35 47 304
47 35 304
37 41 876
41 37 876
39 44 312
44 39 312
39 55 567
55 39 567
40 40 785
40 40 785
41 59 355
59 41 355
41 83 949
83 41 949
41 67 234
67 41 234
43 86 823
86 43 823
43 49 286
49 43 286
44 69 750
69 44 750
44 61 32
61 44 32
45 85 52
85 45 52
47 65 999
65 47 999
48 71 435
71 48 435
50 68 822
68 50 822
51 53 930
53 51 930
51 88 530
88 51 530
51 53 821
53 51 821
52 83 450
83 52 450
53 67 768
67 53 768
53 74 61
74 53 61
54 85 161
85 54 161
54 88 456
88 54 456
55 86 945
86 55 945
56 61 651
61 56 651
57 70 304
70 57 304
58 82 823
82 58 823
58 79 198
79 58 198
58 64 500
64 58 500
59 75 323
75 59 323
60 74 362
74 60 362
60 78 871
78 60 871
61 76 93
76 61 93
62 77 664
77 62 664
62 90 486
90 62 486
63 74 838
74 63 838
63 76 413
76 63 413
63 90 214
90 63 214
66 86 811
86 66 811
67 87 453
87 67 453
71 79 281
79 71 281
72 74 708
74 72 708
74 79 907
79 74 907
74 92 160
92 74 160
78 80 372
80 78 372
80 84 70
84 80 70
