28

0 1 547
1 0 547
0 2 238
2 0 238
0 14 254
14 0 254
1 3 13
3 1 13
1 4 151
4 1 151
1 6 316
6 1 316
1 11 598
11 1 598
1 26 850
26 1 850
2 7 653
7 2 653
2 25 112
25 2 112
2 17 122
17 2 122
3 5 4
5 3 4
3 9 137
9 3 137
3 22 603
22 3 603
3 3 626
3 3 626
4 7 753
7 4 753
6 8 921
8 6 921
6 10 761
10 6 761
6 23 539
23 6 539
10 12 747
12 10 747
10 13 559
13 10 559
10 16 393
16 10 393
10 18 411
18 10 411
10 20 918
20 10 918
10 25 955
25 10 955
12 15 246
15 12 246
12 17 235
17 12 235
12 21 201
21 12 201
12 27 449
27 12 449
13 27 615
27 13 615
13 27 307
27 13 307
16 19 989
19 16 989
21 24 148
24 21 148
