39

0 1 764
1 0 764
0 6 79
6 0 79
0 15 594
15 0 594
0 28 432
28 0 432
0 18 78
18 0 78
0 37 151
37 0 151
0 14 71
14 0 71
1 2 346
2 1 346
1 9 972
9 1 972
1 30 654
30 1 654
1 11 895
11 1 895
1 15 840
15 1 840
1 21 449
21 1 449
1 8 922
8 1 922
1 18 101
18 1 101
1 35 525
35 1 525
2 3 530
3 2 530
2 4 829
4 2 829
2 7 560
7 2 560
2 10 394
10 2 394
2 29 225
29 2 225
2 24 939
24 2 939
2 32 774
32 2 774
2 31 614
31 2 614
2 4 987
4 2 987
2 21 980
21 2 980
2 16 165
16 2 165
2 25 644
25 2 644
3 16 37
16 3 37
3 28 714
28 3 714
3 15 514
15 3 514
3 9 639
9 3 639
3 6 428
6 3 428
3 35 399
35 3 399
3 14 521
14 3 521
3 36 450
36 3 450
3 13 219
13 3 219
3 31 659
31 3 659
3 18 89
18 3 89
3 38 756
38 3 756
4 5 176
5 4 176
4 11 521
11 4 521
4 20 594
20 4 594
4 24 242
24 4 242
4 4 677
4 4 677
4 4 427
4 4 427
4 16 876
16 4 876
5 8 358
8 5 358
5 12 768
12 5 768
5 17 167
17 5 167
5 31 786
31 5 786
5 17 370
17 5 370
5 32 42
32 5 42
5 31 93
31 5 93
5 24 867
24 5 867
5 16 29
16 5 29
5 23 164
23 5 164
5 19 288
19 5 288
5 6 573
6 5 573
6 13 729
13 6 729
6 23 376
23 6 376
6 8 800
8 6 800
6 26 778
26 6 778
6 18 40
18 6 40
6 26 15
26 6 15
6 15 851
15 6 851
7 25 751
25 7 751
7 29 913
29 7 913
7 8 50
8 7 50
7 23 279
23 7 279
7 32 468
32 7 468
7 34 231
34 7 231
7 36 904
36 7 904
7 28 736
28 7 736
8 18 28
18 8 28
8 22 856
22 8 856
8 25 2
25 8 2
8 34 916
34 8 916
8 9 121
9 8 121
8 22 722
22 8 722
8 33 313
33 8 313
9 33 440
33 9 440
9 10 885
10 9 885
9 15 779
15 9 779
9 36 599
36 9 599
9 12 613
12 9 613
9 20 478
20 9 478
10 23 167
23 10 167
10 12 255
12 10 255
10 29 210
29 10 210
10 26 240
26 10 240
10 19 256
19 10 256
10 27 538
27 10 538
10 38 260
38 10 260
10 29 88
29 10 88
11 11 983
11 11 983
11 26 746
26 11 746
11 27 948
27 11 948
11 13 21
13 11 21
11 12 24
12 11 24
11 33 695
33 11 695
11 37 888
37 11 888
12 14 407
14 12 407
12 19 268
19 12 268
12 19 794
19 12 794
12 16 968
16 12 968
12 16 373
16 12 373
13 24 688
24 13 688
13 31 728
31 13 728
13 15 415
15 13 415
14 15 190
15 14 190
14 21 901
21 14 901
14 16 456
16 14 456
14 35 993
35 14 993
14 34 895
34 14 895
14 24 827
24 14 827
14 37 320
37 14 320
15 36 381
36 15 381
15 24 976
24 15 976
15 33 751
33 15 751
15 31 147
31 15 147
16 26 618
26 16 618
16 27 627
27 16 627
16 24 588
24 16 588
16 25 813
25 16 813
16 34 256
34 16 256
16 36 816
36 16 816
16 32 518
32 16 518
16 21 128
21 16 128
17 22 20
22 17 20
17 27 87
27 17 87
17 34 455
34 17 455
17 21 398
21 17 398
17 23 147
23 17 147
17 37 252
37 17 252
17 22 512
22 17 512
18 24 304
24 18 304
18 24 788
24 18 788
18 24 361
24 18 361
18 19 267
19 18 267
18 34 314
34 18 314
19 37 694
37 19 694
19 35 673
35 19 673
19 29 129
29 19 129
20 38 263
38 20 263
21 30 297
30 21 297
21 31 792
31 21 792
21 26 3
26 21 3
22 31 221
31 22 221
22 36 84
36 22 84
22 33 98
33 22 98
22 35 727
35 22 727
23 25 7
25 23 7
23 27 302
27 23 302
24 31 862
31 24 862
24 27 730
27 24 730
25 26 38
26 25 38
25 30 313
30 25 313
26 38 473
38 26 473
27 35 394
35 27 394
27 31 581
31 27 581
27 36 194
36 27 194
28 31 282
31 28 282
28 35 353
35 28 353
28 34 905
34 28 905
29 36 777
36 29 777
29 32 838
32 29 838
30 32 159
32 30 159
30 38 937
38 30 937
31 37 461
37 31 461
31 35 289
35 31 289
32 37 393
37 32 393
33 36 528
36 33 528
34 37 759
37 34 759
35 38 540
38 35 540
35 38 902
38 35 902
