88

0 1 101
1 0 101
0 3 597
3 0 597
0 4 519
4 0 519
0 17 679
17 0 679
0 44 815
44 0 815
0 32 215
32 0 215
0 1 779
1 0 779
0 41 308
41 0 308
0 45 477
45 0 477
0 82 674
82 0 674
1 2 997
2 1 997
1 5 654
5 1 654
1 9 162
9 1 162
1 10 651
10 1 651
1 80 520
80 1 520
1 84 109
84 1 109
1 4 961
4 1 961
1 46 388
46 1 388
1 37 770
37 1 770
2 7 397
7 2 397
2 8 449
8 2 449
2 11 54
11 2 54
2 16 13
16 2 13
2 18 274
18 2 274
2 26 735
26 2 735
2 78 290
78 2 290
2 53 533
53 2 533
3 15 803
15 3 803
3 54 781
54 3 781
3 12 664
12 3 664
3 80 764
80 3 764
3 35 203
35 3 203
3 25 415
25 3 415
3 53 317
53 3 317
4 6 391
6 4 391
4 33 372
33 4 372
4 37 144
37 4 144
4 72 963
72 4 963
4 78 170
78 4 170
4 32 662
32 4 662
4 66 518
66 4 518
4 14 745
14 4 745
5 19 202
19 5 202
5 23 402
23 5 402
5 38 365
38 5 365
5 46 377
46 5 377
5 68 207
68 5 207
5 71 332
71 5 332
5 55 30
55 5 30
5 72 894
72 5 894
5 46 938
46 5 938
5 9 880
9 5 880
5 24 533
24 5 533
5 64 157
64 5 157
6 12 795
12 6 795
6 76 167
76 6 167
6 14 230
14 6 230
6 26 265
26 6 265
6 17 996
17 6 996
6 63 97
63 6 97
7 14 341
14 7 341
7 29 424
29 7 424
7 83 525
83 7 525
7 85 506
85 7 506
7 53 884
53 7 884
7 43 520
43 7 520
8 25 406
25 8 406
8 31 442
31 8 442
8 17 784
17 8 784
9 40 145
40 9 145
9 62 203
62 9 203
9 23 168
23 9 168
9 70 758
70 9 758
9 51 263
51 9 263
9 66 558
66 9 558
9 25 952
25 9 952
9 75 5
75 9 5
10 13 171
13 10 171
10 39 79
39 10 79
10 26 715
26 10 715
10 33 32
33 10 32
11 32 958
32 11 958
11 35 456
35 11 456
11 76 156
76 11 156
12 21 501
21 12 501
12 39 53
39 12 53
13 36 860
36 13 860
13 75 632
75 13 632
13 15 628
15 13 628
13 46 532
46 13 532
13 49 667
49 13 667
14 40 265
40 14 265
14 50 563
50 14 563
14 29 673
29 14 673
15 20 52
20 15 52
15 53 123
53 15 123
15 70 189
70 15 189
15 51 460
51 15 460
15 25 747
25 15 747
15 27 379
27 15 379
15 27 884
27 15 884
15 28 962
28 15 962
16 22 299
22 16 299
16 61 728
61 16 728
16 16 500
16 16 500
16 48 741
48 16 741
17 43 813
43 17 813
17 30 452
30 17 452
17 68 809
68 17 809
18 41 189
41 18 189
18 56 904
56 18 904
18 76 553
76 18 553
18 60 852
60 18 852
19 27 699
27 19 699
19 30 553
30 19 553
19 20 652
20 19 652
19 56 579
56 19 579
20 24 829
24 20 829
20 85 801
85 20 801
20 84 559
84 20 559
21 47 955
47 21 955
21 48 229
48 21 229
21 77 13
77 21 13
21 50 388
50 21 388
22 28 978
28 22 978
22 39 272
39 22 272
22 27 385
27 22 385
22 24 320
24 22 320
23 65 999
65 23 999
23 73 541
73 23 541
23 85 727
85 23 727
23 53 792
53 23 792
24 86 507
86 24 507
24 35 89
35 24 89
25 75 528
75 25 528
26 50 55
50 26 55
26 87 558
87 26 558
26 48 519
48 26 519
26 27 648
27 26 648
26 63 858
63 26 858
27 54 928
54 27 928
27 44 699
44 27 699
27 87 808
87 27 808
28 34 856
34 28 856
28 81 915
81 28 915
29 51 682
51 29 682
29 57 390
57 29 390
29 64 465
64 29 465
29 67 251
67 29 251
29 80 198
80 29 198
29 41 533
41 29 533
29 72 168
72 29 168
29 70 615
70 29 615
29 48 323
48 29 323
30 35 956
35 30 956
30 40 598
40 30 598
30 33 224
33 30 224
31 87 899
87 31 899
31 82 460
82 31 460
31 78 86
78 31 86
32 45 438
45 32 438
32 61 532
61 32 532
32 35 951
35 32 951
33 51 444
51 33 444
34 53 284
53 34 284
35 42 243
42 35 243
35 56 805
56 35 805
35 38 203
38 35 203
36 65 242
65 36 242
37 49 360
49 37 360
37 63 476
63 37 476
37 68 296
68 37 296
38 64 581
64 38 581
39 79 668
79 39 668
40 43 799
43 40 799
40 69 275
69 40 275
41 85 485
85 41 485
41 66 341
66 41 341
42 54 316
54 42 316
42 73 485
73 42 485
43 59 110
59 43 110
44 67 272
67 44 272
44 84 506
84 44 506
44 83 304
83 44 304
44 80 732
80 44 732
45 69 802
69 45 802
46 55 928
55 46 928
46 57 594
57 46 594
47 52 134
52 47 134
47 65 367
65 47 367
47 67 911
67 47 911
48 55 106
55 48 106
49 87 440
87 49 440
49 77 69
77 49 69
50 76 127
76 50 127
50 58 139
58 50 139
50 50 402
50 50 402
51 64 127
64 51 127
51 86 304
86 51 304
52 80 459
80 52 459
53 82 966
82 53 966
54 60 183
60 54 183
54 63 700
63 54 700
55 61 838
61 55 838
55 67 426
67 55 426
56 66 575
66 56 575
56 79 396
79 56 396
56 80 47
80 56 47
56 64 906
64 56 906
57 58 637
58 57 637
57 81 63
81 57 63
58 78 997
78 58 997
59 64 273
64 59 273
60 82 815
82 60 815
60 74 405
74 60 405
61 74 736
74 61 736
62 74 717
74 62 717
62 80 45
80 62 45
63 65 694
65 63 694
65 69 368
69 65 368
65 86 105
86 65 105
65 74 139
74 65 139
65 85 149
85 65 149
66 78 449
78 66 449
66 70 510
70 66 510
67 84 712
84 67 712
67 84 453
84 67 453
67 68 939
68 67 939
67 84 133
84 67 133
68 86 85
86 68 85
69 78 189
78 69 189
71 81 568
81 71 568
73 84 623
84 73 623
74 83 575
83 74 575
75 77 271
77 75 271
76 84 392
84 76 392
