90

0 1 494
1 0 494
0 2 314
2 0 314
0 7 104
7 0 104
0 16 58
16 0 58
0 43 501
43 0 501
1 5 825
5 1 825
1 6 453
6 1 453
1 12 613
12 1 613
1 65 863
65 1 863
2 3 752
3 2 752
2 4 236
4 2 236
2 23 57
23 2 57
2 60 340
60 2 340
3 74 599
74 3 599
4 8 575
8 4 575
4 10 255
10 4 255
4 21 925
21 4 925
4 53 735
53 4 735
4 17 904
17 4 904
5 13 82
13 5 82
5 17 453
17 5 453
5 84 950
84 5 950
6 14 300
14 6 300
6 61 849
61 6 849
6 77 912
77 6 912
6 88 236
88 6 236
7 9 983
9 7 983
7 20 307
20 7 307
7 35 401
35 7 401
8 11 333
11 8 333
8 15 195
15 8 195
8 49 55
49 8 55
8 67 407
67 8 407
8 83 421
83 8 421
9 34 19
34 9 19
9 86 111
86 9 111
10 25 240
25 10 240
10 44 426
44 10 426
10 64 246
64 10 246
11 28 199
28 11 199
12 33 725
33 12 725
12 37 385
37 12 385
12 56 933
56 12 933
13 19 872
19 13 872
15 18 946
18 15 946
15 40 108
40 15 108
15 70 304
70 15 304
15 66 718
66 15 718
16 22 495
22 16 495
16 26 181
26 16 181
16 73 711
73 16 711
16 80 919
80 16 919
17 24 609
24 17 609
18 30 860
30 18 860
19 27 670
27 19 670
19 32 964
32 19 964
19 58 999
58 19 999
19 76 212
76 19 212
21 25 241
25 21 241
22 38 171
38 22 171
22 69 602
69 22 602
23 72 702
72 23 702
24 52 780
52 24 780
25 29 231
29 25 231
25 41 463
41 25 463
27 36 370
36 27 370
28 46 755
46 28 755
28 48 317
48 28 317
29 31 399
31 29 399
30 50 252
50 30 252
30 57 675
57 30 675
31 39 900
39 31 900
31 47 910
47 31 910
32 42 125
42 32 125
33 62 58
62 33 58
34 57 380
57 34 380
37 89 438
89 37 438
40 63 782
63 40 782
40 71 979
71 40 979
41 81 570
81 41 570
43 45 526
45 43 526
43 62 141
62 43 141
44 54 404
54 44 404
47 59 484
59 47 484
48 51 932
51 48 932
48 80 979
80 48 979
51 66 416
66 51 416
54 55 201
55 54 201
55 68 452
68 55 452
62 79 996
79 62 996
65 85 934
85 65 934
67 75 358
75 67 358
72 87 83
87 72 83
73 78 938
78 73 938
73 82 632
82 73 632
