15

0 1 757
1 0 757
0 10 343
10 0 343
0 11 295
11 0 295
0 14 50
14 0 50
1 2 166
2 1 166
1 3 256
3 1 256
1 9 731
9 1 731
1 12 550
12 1 550
1 13 365
13 1 365
2 4 578
4 2 578
3 5 324
5 3 324
3 7 289
7 3 289
5 6 428
6 5 428
5 8 457
8 5 457
