76

0 1 130
1 0 130
0 2 120
2 0 120
0 3 219
3 0 219
0 12 547
12 0 547
0 19 976
19 0 976
0 44 98
44 0 98
0 29 842
29 0 842
0 9 774
9 0 774
0 9 223
9 0 223
0 30 788
30 0 788
0 2 803
2 0 803
0 6 164
6 0 164
0 60 634
60 0 634
0 50 955
50 0 955
1 5 583
5 1 583
1 6 710
6 1 710
1 7 480
7 1 480
1 8 124
8 1 124
1 22 376
22 1 376
1 49 820
49 1 820
1 42 731
42 1 731
1 50 303
50 1 303
1 15 368
15 1 368
1 74 59
74 1 59
1 28 761
28 1 761
1 35 472
35 1 472
1 40 30
40 1 30
1 32 602
32 1 602
1 50 958
50 1 958
1 31 521
31 1 521
1 37 272
37 1 272
2 61 941
61 2 941
2 41 445
41 2 445
2 57 537
57 2 537
2 67 900
67 2 900
2 56 571
56 2 571
2 43 238
43 2 238
2 20 826
20 2 826
2 40 480
40 2 480
2 33 743
33 2 743
3 4 21
4 3 21
3 9 425
9 3 425
3 15 7
15 3 7
3 16 172
16 3 172
3 37 362
37 3 362
3 35 610
35 3 610
3 35 413
35 3 413
3 44 246
44 3 246
3 40 711
40 3 711
3 41 524
41 3 524
3 13 497
13 3 497
3 37 424
37 3 424
4 57 914
57 4 914
4 71 410
71 4 410
4 21 233
21 4 233
4 75 38
75 4 38
4 53 589
53 4 589
5 10 123
10 5 123
5 34 104
34 5 104
5 45 460
45 5 460
5 46 805
46 5 805
5 6 486
6 5 486
5 49 606
49 5 606
5 75 963
75 5 963
6 28 941
28 6 941
6 42 419
42 6 419
6 62 528
62 6 528
6 6 105
6 6 105
6 19 668
19 6 668
6 56 425
56 6 425
6 59 948
59 6 948
6 44 496
44 6 496
6 68 956
68 6 956
6 54 265
54 6 265
6 11 240
11 6 240
6 21 823
21 6 823
6 26 108
26 6 108
7 11 218
11 7 218
7 64 525
64 7 525
7 13 981
13 7 981
7 23 530
23 7 530
7 30 489
30 7 489
7 56 335
56 7 335
7 21 698
21 7 698
7 40 802
40 7 802
7 63 78
63 7 78
7 23 891
23 7 891
7 21 836
21 7 836
7 28 119
28 7 119
8 23 29
23 8 29
8 32 790
32 8 790
8 42 942
42 8 942
8 48 867
48 8 867
8 21 284
21 8 284
8 44 113
44 8 113
8 20 297
20 8 297
8 52 401
52 8 401
8 36 340
36 8 340
8 39 519
39 8 519
8 60 840
60 8 840
8 67 496
67 8 496
8 22 249
22 8 249
9 14 145
14 9 145
9 44 469
44 9 469
9 68 678
68 9 678
9 14 730
14 9 730
9 9 736
9 9 736
9 71 79
71 9 79
9 39 650
39 9 650
9 21 572
21 9 572
9 35 30
35 9 30
9 33 418
33 9 418
9 60 59
60 9 59
9 46 986
46 9 986
9 30 299
30 9 299
9 44 889
44 9 889
9 53 813
53 9 813
9 11 835
11 9 835
9 14 848
14 9 848
10 34 778
34 10 778
10 65 216
65 10 216
10 49 350
49 10 350
10 48 430
48 10 430
10 29 287
29 10 287
10 70 871
70 10 871
10 42 875
42 10 875
10 37 78
37 10 78
11 18 448
18 11 448
11 30 964
30 11 964
11 48 305
48 11 305
11 37 538
37 11 538
11 21 853
21 11 853
11 29 797
29 11 797
11 18 224
18 11 224
11 75 347
75 11 347
11 52 103
52 11 103
11 29 374
29 11 374
11 73 922
73 11 922
11 58 961
58 11 961
11 13 784
13 11 784
11 40 622
40 11 622
12 13 92
13 12 92
12 36 388
36 12 388
12 72 610
72 12 610
12 48 29
48 12 29
12 29 289
29 12 289
12 14 407
14 12 407
12 48 46
48 12 46
12 35 416
35 12 416
12 67 382
67 12 382
12 68 203
68 12 203
12 65 383
65 12 383
12 47 38
47 12 38
12 69 904
69 12 904
12 74 472
74 12 472
12 25 77
25 12 77
12 43 708
43 12 708
13 17 360
17 13 360
13 20 591
20 13 591
13 26 288
26 13 288
13 27 268
27 13 268
13 26 35
26 13 35
13 29 971
29 13 971
13 75 144
75 13 144
13 28 371
28 13 371
13 16 880
16 13 880
13 70 256
70 13 256
14 25 630
25 14 630
14 62 242
62 14 242
14 41 865
41 14 865
14 26 311
26 14 311
14 69 202
69 14 202
14 31 726
31 14 726
14 45 872
45 14 872
14 61 983
61 14 983
14 40 544
40 14 544
14 20 97
20 14 97
14 69 573
69 14 573
14 29 948
29 14 948
15 75 847
75 15 847
15 37 224
37 15 224
15 60 460
60 15 460
15 44 497
44 15 497
15 56 932
56 15 932
15 23 687
23 15 687
15 32 904
32 15 904
16 24 978
24 16 978
16 53 134
53 16 134
16 72 154
72 16 154
16 28 350
28 16 350
16 41 315
41 16 315
16 32 685
32 16 685
16 72 839
72 16 839
16 64 279
64 16 279
16 48 818
48 16 818
16 39 980
39 16 980
17 40 858
40 17 858
17 44 391
44 17 391
17 32 806
32 17 806
17 73 294
73 17 294
18 33 759
33 18 759
18 69 247
69 18 247
18 60 188
60 18 188
18 44 696
44 18 696
19 21 788
21 19 788
19 23 475
23 19 475
19 74 743
74 19 743
19 30 941
30 19 941
19 67 667
67 19 667
19 56 201
56 19 201
19 62 4
62 19 4
20 47 883
47 20 883
20 33 721
33 20 721
20 52 171
52 20 171
20 25 342
25 20 342
20 69 939
69 20 939
20 31 724
31 20 724
20 27 220
27 20 220
20 25 363
25 20 363
20 63 645
63 20 645
20 35 600
35 20 600
21 31 322
31 21 322
21 35 842
35 21 842
21 47 173
47 21 173
21 54 856
54 21 856
21 34 994
34 21 994
21 31 555
31 21 555
21 48 306
48 21 306
21 28 108
28 21 108
21 68 317
68 21 317
21 49 108
49 21 108
22 28 340
28 22 340
22 29 512
29 22 512
22 59 474
59 22 474
22 37 626
37 22 626
22 50 309
50 22 309
22 51 472
51 22 472
22 70 394
70 22 394
22 42 174
42 22 174
22 36 706
36 22 706
22 60 594
60 22 594
22 60 526
60 22 526
23 26 747
26 23 747
23 44 647
44 23 647
24 59 209
59 24 209
24 48 487
48 24 487
24 53 432
53 24 432
24 57 24
57 24 24
24 70 593
70 24 593
24 38 264
38 24 264
24 52 824
52 24 824
24 32 640
32 24 640
24 28 592
28 24 592
24 29 321
29 24 321
24 70 138
70 24 138
25 43 158
43 25 158
25 53 488
53 25 488
25 43 844
43 25 844
25 42 430
42 25 430
25 54 477
54 25 477
25 71 867
71 25 867
25 32 183
32 25 183
25 58 87
58 25 87
25 70 947
70 25 947
25 55 884
55 25 884
25 31 798
31 25 798
25 51 924
51 25 924
25 58 221
58 25 221
26 42 104
42 26 104
26 51 727
51 26 727
26 42 439
42 26 439
26 30 678
30 26 678
26 71 377
71 26 377
26 28 412
28 26 412
27 27 216
27 27 216
27 30 275
30 27 275
27 44 85
44 27 85
27 39 640
39 27 640
27 29 789
29 27 789
27 47 781
47 27 781
27 34 95
34 27 95
27 53 403
53 27 403
27 40 464
40 27 464
27 71 81
71 27 81
28 66 162
66 28 162
28 51 809
51 28 809
28 30 652
30 28 652
28 29 910
29 28 910
28 71 273
71 28 273
29 38 207
38 29 207
29 50 411
50 29 411
29 43 785
43 29 785
29 69 310
69 29 310
29 69 5
69 29 5
29 46 776
46 29 776
30 73 941
73 30 941
30 42 152
42 30 152
30 46 878
46 30 878
30 46 242
46 30 242
30 65 584
65 30 584
31 41 989
41 31 989
31 43 580
43 31 580
31 53 878
53 31 878
31 63 544
63 31 544
31 46 277
46 31 277
31 38 67
38 31 67
31 37 557
37 31 557
31 75 204
75 31 204
31 51 959
51 31 959
31 68 66
68 31 66
32 58 746
58 32 746
32 60 666
60 32 666
32 61 501
61 32 501
32 58 435
58 32 435
32 45 714
45 32 714
32 68 543
68 32 543
32 55 856
55 32 856
32 74 144
74 32 144
33 69 10
69 33 10
33 33 604
33 33 604
33 49 514
49 33 514
33 47 610
47 33 610
33 40 685
40 33 685
33 63 392
63 33 392
33 73 399
73 33 399
33 66 43
66 33 43
34 70 235
70 34 235
34 37 149
37 34 149
34 67 821
67 34 821
34 56 337
56 34 337
34 42 79
42 34 79
34 60 306
60 34 306
34 73 829
73 34 829
35 50 219
50 35 219
35 40 30
40 35 30
35 42 774
42 35 774
35 56 334
56 35 334
35 65 217
65 35 217
36 74 728
74 36 728
36 48 736
48 36 736
36 56 326
56 36 326
36 46 375
46 36 375
37 39 523
39 37 523
37 39 802
39 37 802
37 44 625
44 37 625
37 46 97
46 37 97
37 59 750
59 37 750
38 64 536
64 38 536
39 56 670
56 39 670
39 39 82
39 39 82
40 51 656
51 40 656
42 60 580
60 42 580
42 61 300
61 42 300
42 73 663
73 42 663
42 72 321
72 42 321
43 45 128
45 43 128
43 61 410
61 43 410
43 49 335
49 43 335
43 56 316
56 43 316
43 60 401
60 43 401
43 70 269
70 43 269
43 47 423
47 43 423
43 49 791
49 43 791
43 58 885
58 43 885
44 73 245
73 44 245
44 50 413
50 44 413
44 75 720
75 44 720
44 56 852
56 44 852
44 73 759
73 44 759
45 66 568
66 45 568
45 55 224
55 45 224
45 74 449
74 45 449
45 70 978
70 45 978
45 60 487
60 45 487
45 71 806
71 45 806
46 49 114
49 46 114
46 73 282
73 46 282
46 75 197
75 46 197
46 70 593
70 46 593
46 64 197
64 46 197
46 71 761
71 46 761
46 62 707
62 46 707
47 66 508
66 47 508
47 55 294
55 47 294
47 53 520
53 47 520
47 75 909
75 47 909
47 55 451
55 47 451
47 47 314
47 47 314
47 59 199
59 47 199
47 52 722
52 47 722
47 54 480
54 47 480
47 64 71
64 47 71
47 63 405
63 47 405
48 63 25
63 48 25
48 53 769
53 48 769
48 73 360
73 48 360
48 67 786
67 48 786
48 73 647
73 48 647
48 57 477
57 48 477
49 55 69
55 49 69
49 57 793
57 49 793
49 71 236
71 49 236
50 52 967
52 50 967
50 58 665
58 50 665
50 54 384
54 50 384
50 70 675
70 50 675
50 51 261
51 50 261
50 57 271
57 50 271
50 57 594
57 50 594
51 67 449
67 51 449
51 74 448
74 51 448
51 53 208
53 51 208
52 70 24
70 52 24
52 55 209
55 52 209
53 68 582
68 53 582
53 68 849
68 53 849
54 55 442
55 54 442
54 75 314
75 54 314
54 71 473
71 54 473
54 55 19
55 54 19
54 71 275
71 54 275
55 59 386
59 55 386
55 69 252
69 55 252
55 66 928
66 55 928
56 62 567
62 56 567
56 62 779
62 56 779
56 68 691
68 56 691
56 73 48
73 56 48
57 70 270
70 57 270
57 71 639
71 57 639
58 67 919
67 58 919
58 72 980
72 58 980
58 68 29
68 58 29
58 68 936
68 58 936
59 71 501
71 59 501
59 65 377
65 59 377
59 60 397
60 59 397
60 65 886
65 60 886
60 71 351
71 60 351
60 72 828
72 60 828
60 70 734
70 60 734
60 74 731
74 60 731
60 70 448
70 60 448
60 70 840
70 60 840
61 72 237
72 61 237
62 68 168
68 62 168
65 70 759
70 65 759
65 71 395
71 65 395
67 69 250
69 67 250
68 71 185
71 68 185
68 73 876
73 68 876
70 75 220
75 70 220
71 74 326
74 71 326
