83

0 1 858
1 0 858
0 7 137
7 0 137
0 19 322
19 0 322
0 26 704
26 0 704
0 33 949
33 0 949
0 62 453
62 0 453
0 59 968
59 0 968
0 18 166
18 0 166
0 10 636
10 0 636
0 45 852
45 0 852
0 23 74
23 0 74
0 69 361
69 0 361
0 5 26
5 0 26
1 2 970
2 1 970
1 3 591
3 1 591
1 4 639
4 1 639
1 12 425
12 1 425
1 15 737
15 1 737
1 23 22
23 1 22
1 57 816
57 1 816
1 71 420
71 1 420
1 34 989
34 1 989
1 60 822
60 1 822
1 73 177
73 1 177
1 65 8
65 1 8
1 66 426
66 1 426
1 3 318
3 1 318
1 7 721
7 1 721
1 13 265
13 1 265
1 13 34
13 1 34
1 35 64
35 1 64
2 5 90
5 2 90
2 8 899
8 2 899
2 17 603
17 2 603
2 27 918
27 2 918
2 45 866
45 2 866
2 70 350
70 2 350
2 19 69
19 2 69
2 57 879
57 2 879
2 23 693
23 2 693
2 26 599
26 2 599
2 49 49
49 2 49
2 16 138
16 2 138
2 32 111
32 2 111
2 42 316
42 2 316
2 13 490
13 2 490
2 52 653
52 2 653
2 52 667
52 2 667
2 66 376
66 2 376
2 31 919
31 2 919
3 36 560
36 3 560
3 55 102
55 3 102
3 79 700
79 3 700
3 26 547
26 3 547
3 30 607
30 3 607
3 60 365
60 3 365
3 8 138
8 3 138
3 6 24
6 3 24
3 7 833
7 3 833
3 40 939
40 3 939
3 32 282
32 3 282
3 37 346
37 3 346
3 46 928
46 3 928
3 77 974
77 3 974
3 18 151
18 3 151
3 17 107
17 3 107
3 54 484
54 3 484
3 64 487
64 3 487
3 40 289
40 3 289
4 52 323
52 4 323
4 47 507
47 4 507
4 29 621
29 4 621
4 82 414
82 4 414
4 22 752
22 4 752
4 39 952
39 4 952
4 39 669
39 4 669
4 38 726
38 4 726
4 70 706
70 4 706
4 45 525
45 4 525
4 46 285
46 4 285
4 9 709
9 4 709
5 6 715
6 5 715
5 9 714
9 5 714
5 11 808
11 5 808
5 32 79
32 5 79
5 67 658
67 5 658
5 76 19
76 5 19
5 67 635
67 5 635
5 19 459
19 5 459
5 78 61
78 5 61
5 61 265
61 5 265
5 21 165
21 5 165
5 32 71
32 5 71
5 7 196
7 5 196
5 43 727
43 5 727
5 27 44
27 5 44
5 59 69
59 5 69
6 33 690
33 6 690
6 55 279
55 6 279
6 62 938
62 6 938
6 62 945
62 6 945
6 54 677
54 6 677
6 79 62
79 6 62
6 40 349
40 6 349
6 50 84
50 6 84
7 10 811
10 7 811
7 31 723
31 7 723
7 38 129
38 7 129
7 42 528
42 7 528
7 54 559
54 7 559
7 72 557
72 7 557
7 60 784
60 7 784
7 44 921
44 7 921
7 56 173
56 7 173
7 33 936
33 7 936
7 10 99
10 7 99
7 79 972
79 7 972
7 71 183
71 7 183
7 18 802
18 7 802
7 74 328
74 7 328
7 79 255
79 7 255
7 74 161
74 7 161
7 37 704
37 7 704
7 48 718
48 7 718
7 28 609
28 7 609
7 18 211
18 7 211
8 66 967
66 8 967
8 39 519
39 8 519
8 39 913
39 8 913
8 54 928
54 8 928
8 13 618
13 8 618
8 61 273
61 8 273
8 50 761
50 8 761
8 23 226
23 8 226
8 47 380
47 8 380
8 37 117
37 8 117
8 51 828
51 8 828
8 24 888
24 8 888
8 62 269
62 8 269
8 9 702
9 8 702
8 59 999
59 8 999
9 41 801
41 9 801
9 43 978
43 9 978
9 48 989
48 9 989
9 53 727
53 9 727
9 77 410
77 9 410
9 38 265
38 9 265
9 18 932
18 9 932
9 74 593
74 9 593
9 42 466
42 9 466
9 14 567
14 9 567
10 21 221
21 10 221
10 49 416
49 10 416
10 44 276
44 10 276
10 73 285
73 10 285
10 82 508
82 10 508
10 59 504
59 10 504
10 57 17
57 10 17
10 60 835
60 10 835
10 68 56
68 10 56
10 45 115
45 10 115
10 55 787
55 10 787
10 56 696
56 10 696
10 56 994
56 10 994
11 22 724
22 11 724
11 64 431
64 11 431
11 42 780
42 11 780
11 32 742
32 11 742
11 28 560
28 11 560
11 73 771
73 11 771
11 33 516
33 11 516
11 19 301
19 11 301
11 43 637
43 11 637
11 30 420
30 11 420
11 51 718
51 11 718
11 61 335
61 11 335
12 13 998
13 12 998
12 18 973
18 12 973
12 46 886
46 12 886
12 18 74
18 12 74
12 45 775
45 12 775
12 41 625
41 12 625
12 68 461
68 12 461
12 36 538
36 12 538
12 58 421
58 12 421
12 55 789
55 12 789
12 28 51
28 12 51
12 16 514
16 12 514
12 45 587
45 12 587
12 54 368
54 12 368
12 67 482
67 12 482
13 14 884
14 13 884
13 16 647
16 13 647
13 78 574
78 13 574
13 78 70
78 13 70
13 37 195
37 13 195
13 47 85
47 13 85
13 45 341
45 13 341
13 46 266
46 13 266
13 78 17
78 13 17
13 70 818
70 13 818
13 58 958
58 13 958
13 38 556
38 13 556
13 36 555
36 13 555
13 25 958
25 13 958
14 29 146
29 14 146
14 44 668
44 14 668
14 69 378
69 14 378
14 18 794
18 14 794
14 44 700
44 14 700
14 41 841
41 14 841
14 39 792
39 14 792
14 72 823
72 14 823
14 28 842
28 14 842
14 52 659
52 14 659
14 44 194
44 14 194
14 45 178
45 14 178
14 53 197
53 14 197
14 52 359
52 14 359
14 16 262
16 14 262
14 19 942
19 14 942
14 43 538
43 14 538
14 30 273
30 14 273
15 20 250
20 15 250
15 21 55
21 15 55
15 36 996
36 15 996
15 61 370
61 15 370
15 28 196
28 15 196
15 33 107
33 15 107
15 16 651
16 15 651
15 43 982
43 15 982
15 46 736
46 15 736
15 82 113
82 15 113
16 67 115
67 16 115
16 58 750
58 16 750
16 63 936
63 16 936
16 71 766
71 16 766
16 52 244
52 16 244
16 57 735
57 16 735
16 48 130
48 16 130
16 33 597
33 16 597
16 22 690
22 16 690
16 24 981
24 16 981
17 73 290
73 17 290
17 44 40
44 17 40
17 20 441
20 17 441
17 56 519
56 17 519
17 40 518
40 17 518
17 55 649
55 17 649
17 56 67
56 17 67
17 33 316
33 17 316
17 46 252
46 17 252
17 46 776
46 17 776
17 55 960
55 17 960
18 58 229
58 18 229
18 74 820
74 18 820
18 34 414
34 18 414
18 60 775
60 18 775
18 71 253
71 18 253
18 71 930
71 18 930
18 73 867
73 18 867
18 51 8
51 18 8
19 41 79
41 19 79
19 78 889
78 19 889
19 21 341
21 19 341
19 27 338
27 19 338
19 26 807
26 19 807
19 74 944
74 19 944
19 22 226
22 19 226
19 42 701
42 19 701
19 31 642
31 19 642
19 30 56
30 19 56
19 34 173
34 19 173
19 77 758
77 19 758
19 51 991
51 19 991
20 35 659
35 20 659
20 59 885
59 20 885
20 33 384
33 20 384
20 73 250
73 20 250
20 46 613
46 20 613
20 49 456
49 20 456
20 81 576
81 20 576
20 33 107
33 20 107
20 22 119
22 20 119
20 79 122
79 20 122
20 66 513
66 20 513
21 52 376
52 21 376
21 53 606
53 21 606
21 70 715
70 21 715
21 29 275
29 21 275
21 31 432
31 21 432
21 45 547
45 21 547
22 24 909
24 22 909
22 25 510
25 22 510
22 28 418
28 22 418
22 41 955
41 22 955
22 70 316
70 22 316
22 67 232
67 22 232
22 73 279
73 22 279
22 31 565
31 22 565
22 26 850
26 22 850
22 31 793
31 22 793
22 23 414
23 22 414
22 81 893
81 22 893
22 43 423
43 22 423
22 76 298
76 22 298
23 30 160
30 23 160
23 69 800
69 23 800
23 36 898
36 23 898
23 35 984
35 23 984
23 59 42
59 23 42
23 78 213
78 23 213
23 72 629
72 23 629
23 58 503
58 23 503
23 43 673
43 23 673
23 67 894
67 23 894
23 35 544
35 23 544
23 29 84
29 23 84
24 62 338
62 24 338
24 79 457
79 24 457
24 65 584
65 24 584
24 68 151
68 24 151
24 52 299
52 24 299
25 37 34
37 25 34
25 44 422
44 25 422
25 79 457
79 25 457
25 75 220
75 25 220
25 42 37
42 25 37
25 32 73
32 25 73
25 27 75
27 25 75
25 62 855
62 25 855
26 61 98
61 26 98
26 76 902
76 26 902
26 61 624
61 26 624
26 48 141
48 26 141
26 38 897
38 26 897
26 70 56
70 26 56
26 30 606
30 26 606
26 39 366
39 26 366
26 75 266
75 26 266
27 51 134
51 27 134
27 73 426
73 27 426
27 46 561
46 27 561
27 39 614
39 27 614
27 82 449
82 27 449
27 73 365
73 27 365
27 38 781
38 27 781
27 55 198
55 27 198
27 62 735
62 27 735
27 75 30
75 27 30
27 73 151
73 27 151
27 62 650
62 27 650
27 54 541
54 27 541
28 40 158
40 28 158
28 45 600
45 28 600
28 82 463
82 28 463
28 32 281
32 28 281
28 78 404
78 28 404
28 53 833
53 28 833
28 66 611
66 28 611
28 65 247
65 28 247
28 77 797
77 28 797
29 72 408
72 29 408
29 63 116
63 29 116
29 79 900
79 29 900
29 41 537
41 29 537
29 50 109
50 29 109
29 62 147
62 29 147
29 46 824
46 29 824
29 68 820
68 29 820
29 51 872
51 29 872
29 50 657
50 29 657
29 33 820
33 29 820
29 47 238
47 29 238
29 29 29
29 29 29
29 79 98
79 29 98
30 34 575
34 30 575
30 57 552
57 30 552
30 57 939
57 30 939
30 52 812
52 30 812
30 60 990
60 30 990
30 52 672
52 30 672
30 75 264
75 30 264
31 80 481
80 31 481
31 38 976
38 31 976
31 82 797
82 31 797
31 77 608
77 31 608
31 39 12
39 31 12
31 36 665
36 31 665
31 81 921
81 31 921
31 67 79
67 31 79
32 39 472
39 32 472
32 75 793
75 32 793
32 34 653
34 32 653
32 57 92
57 32 92
32 44 101
44 32 101
32 61 840
61 32 840
32 78 129
78 32 129
32 62 780
62 32 780
32 73 929
73 32 929
32 57 215
57 32 215
32 40 142
40 32 142
32 42 496
42 32 496
32 70 184
70 32 184
33 59 706
59 33 706
33 60 700
60 33 700
33 56 549
56 33 549
33 76 938
76 33 938
33 58 571
58 33 571
34 56 349
56 34 349
34 64 104
64 34 104
34 71 528
71 34 528
34 46 389
46 34 389
34 43 187
43 34 187
34 72 551
72 34 551
34 75 213
75 34 213
34 35 524
35 34 524
34 58 505
58 34 505
34 71 295
71 34 295
35 76 460
76 35 460
35 46 656
46 35 656
35 82 163
82 35 163
35 82 63
82 35 63
35 64 164
64 35 164
35 50 585
50 35 585
35 71 605
71 35 605
35 53 748
53 35 748
36 80 815
80 36 815
36 50 562
50 36 562
36 41 728
41 36 728
36 48 786
48 36 786
36 77 829
77 36 829
36 78 818
78 36 818
37 64 254
64 37 254
37 64 13
64 37 13
37 47 306
47 37 306
37 78 477
78 37 477
37 49 379
49 37 379
37 70 112
70 37 112
37 47 22
47 37 22
37 39 149
39 37 149
37 51 580
51 37 580
37 70 490
70 37 490
37 82 79
82 37 79
37 80 60
80 37 60
37 77 361
77 37 361
38 55 98
55 38 98
38 53 131
53 38 131
38 51 380
51 38 380
38 65 3
65 38 3
38 44 591
44 38 591
38 53 607
53 38 607
38 54 493
54 38 493
39 56 1
56 39 1
39 56 33
56 39 33
39 82 898
82 39 898
39 47 298
47 39 298
39 42 446
42 39 446
39 50 318
50 39 318
39 80 116
80 39 116
39 62 335
62 39 335
40 50 443
50 40 443
40 81 600
81 40 600
40 74 986
74 40 986
40 72 443
72 40 443
40 48 840
48 40 840
41 70 975
70 41 975
41 75 967
75 41 967
41 62 18
62 41 18
41 78 971
78 41 971
42 47 62
47 42 62
42 77 631
77 42 631
42 45 642
45 42 642
43 74 585
74 43 585
43 50 997
50 43 997
43 54 92
54 43 92
44 81 918
81 44 918
44 72 969
72 44 969
44 78 793
78 44 793
45 60 100
60 45 100
45 46 142
46 45 142
45 47 226
47 45 226
45 75 913
75 45 913
45 71 304
71 45 304
46 47 673
47 46 673
46 79 328
79 46 328
46 60 100
60 46 100
46 76 825
76 46 825
47 73 473
73 47 473
47 62 669
62 47 669
47 48 270
48 47 270
47 80 836
80 47 836
47 47 753
47 47 753
47 52 854
52 47 854
48 49 817
49 48 817
48 49 178
49 48 178
48 72 882
72 48 882
48 55 21
55 48 21
48 59 444
59 48 444
48 81 793
81 48 793
48 71 561
71 48 561
49 76 24
76 49 24
49 57 170
57 49 170
50 74 775
74 50 775
50 76 758
76 50 758
50 51 643
51 50 643
50 55 273
55 50 273
51 72 247
72 51 247
52 65 995
65 52 995
52 63 52
63 52 52
52 62 992
62 52 992
52 65 356
65 52 356
52 78 917
78 52 917
52 80 30
80 52 30
52 75 679
75 52 679
53 72 266
72 53 266
53 82 779
82 53 779
53 56 595
56 53 595
53 59 28
59 53 28
53 77 971
77 53 971
53 72 714
72 53 714
53 77 291
77 53 291
53 54 683
54 53 683
54 63 444
63 54 444
54 77 905
77 54 905
54 60 438
60 54 438
54 74 432
74 54 432
54 68 698
68 54 698
54 62 264
62 54 264
54 66 188
66 54 188
55 68 782
68 55 782
55 73 756
73 55 756
55 61 600
61 55 600
55 76 373
76 55 373
56 62 775
62 56 775
56 65 88
65 56 88
56 58 416
58 56 416
57 68 557
68 57 557
57 74 765
74 57 765
57 63 642
63 57 642
58 72 420
72 58 420
58 73 537
73 58 537
58 77 648
77 58 648
59 79 645
79 59 645
59 77 184
77 59 184
59 65 522
65 59 522
59 69 182
69 59 182
59 76 543
76 59 543
59 70 563
70 59 563
60 69 590
69 60 590
60 79 899
79 60 899
60 66 598
66 60 598
60 66 332
66 60 332
60 81 302
81 60 302
61 73 566
73 61 566
61 68 392
68 61 392
61 64 580
64 61 580
61 71 647
71 61 647
61 77 781
77 61 781
61 73 706
73 61 706
62 70 889
70 62 889
62 70 435
70 62 435
62 63 975
63 62 975
63 75 753
75 63 753
63 78 388
78 63 388
63 72 685
72 63 685
63 67 705
67 63 705
63 73 233
73 63 233
63 64 864
64 63 864
64 82 903
82 64 903
64 77 511
77 64 511
65 74 326
74 65 326
65 78 86
78 65 86
65 81 901
81 65 901
65 65 245
65 65 245
65 69 361
69 65 361
65 75 340
75 65 340
66 78 461
78 66 461
66 80 634
80 66 634
66 73 455
73 66 455
67 82 476
82 67 476
67 77 43
77 67 43
67 71 767
71 67 767
68 79 278
79 68 278
68 74 856
74 68 856
68 81 733
81 68 733
69 79 918
79 69 918
69 78 671
78 69 671
69 79 685
79 69 685
70 72 23
72 70 23
71 82 842
82 71 842
73 77 575
77 73 575
73 80 734
80 73 734
74 76 238
76 74 238
75 78 580
78 75 580
76 82 116
82 76 116
77 78 938
78 77 938
78 82 124
82 78 124
78 79 510
79 78 510
78 80 725
80 78 725
79 80 978
80 79 978
81 82 729
82 81 729
