60

0 1 318
1 0 318
0 2 500
2 0 500
0 5 77
5 0 77
0 45 770
45 0 770
0 37 717
37 0 717
0 3 822
3 0 822
0 32 406
32 0 406
0 17 464
17 0 464
0 40 60
40 0 60
0 44 531
44 0 531
1 3 538
3 1 538
1 7 103
7 1 103
1 49 49
49 1 49
1 22 658
22 1 658
1 19 295
19 1 295
1 33 181
33 1 181
1 32 875
32 1 875
1 53 644
53 1 644
1 55 90
55 1 90
2 6 447
6 2 447
2 27 354
27 2 354
2 8 79
8 2 79
2 45 596
45 2 596
2 19 852
19 2 852
2 25 684
25 2 684
3 4 806
4 3 806
3 8 248
8 3 248
3 10 766
10 3 766
3 13 281
13 3 281
3 5 540
5 3 540
3 33 516
33 3 516
3 58 375
58 3 375
3 23 910
23 3 910
3 19 705
19 3 705
3 51 762
51 3 762
4 11 742
11 4 742
4 37 837
37 4 837
4 13 480
13 4 480
4 56 315
56 4 315
4 57 289
57 4 289
4 49 261
49 4 261
5 9 641
9 5 641
5 12 354
12 5 354
5 14 802
14 5 802
5 15 983
15 5 983
5 35 889
35 5 889
5 44 434
44 5 434
5 16 147
16 5 147
5 19 645
19 5 645
6 26 59
26 6 59
6 49 338
49 6 338
6 54 558
54 6 558
6 47 289
47 6 289
6 50 672
50 6 672
7 29 461
29 7 461
7 59 231
59 7 231
7 46 491
46 7 491
7 12 501
12 7 501
7 7 276
7 7 276
7 41 322
41 7 322
8 11 213
11 8 213
8 15 263
15 8 263
8 20 805
20 8 805
8 24 259
24 8 259
8 33 150
33 8 150
8 42 81
42 8 81
8 53 774
53 8 774
8 33 251
33 8 251
8 27 621
27 8 621
8 59 12
59 8 12
8 30 18
30 8 18
8 30 593
30 8 593
8 12 69
12 8 69
8 34 254
34 8 254
8 18 255
18 8 255
9 17 703
17 9 703
9 34 709
34 9 709
9 37 307
37 9 307
10 16 649
16 10 649
10 25 350
25 10 350
10 44 869
44 10 869
10 27 365
27 10 365
10 43 991
43 10 991
10 32 849
32 10 849
10 17 64
17 10 64
10 51 604
51 10 604
11 18 352
18 11 352
11 23 612
23 11 612
11 30 766
30 11 766
11 14 814
14 11 814
11 53 292
53 11 292
12 22 218
22 12 218
12 39 517
39 12 517
12 14 63
14 12 63
12 22 814
22 12 814
12 18 354
18 12 354
12 24 953
24 12 953
12 43 139
43 12 139
12 30 596
30 12 596
13 19 769
19 13 769
13 35 144
35 13 144
13 44 641
44 13 641
13 34 206
34 13 206
13 42 510
42 13 510
14 26 540
26 14 540
14 47 332
47 14 332
14 15 377
15 14 377
14 47 296
47 14 296
14 57 67
57 14 67
14 23 200
23 14 200
14 22 247
22 14 247
14 37 808
37 14 808
15 39 967
39 15 967
15 54 384
54 15 384
15 30 951
30 15 951
15 19 459
19 15 459
15 16 975
16 15 975
15 39 109
39 15 109
15 24 479
24 15 479
15 37 142
37 15 142
16 28 676
28 16 676
16 31 399
31 16 399
16 34 181
34 16 181
16 34 981
34 16 981
16 42 83
42 16 83
16 50 668
50 16 668
16 28 135
28 16 135
16 20 892
20 16 892
17 19 970
19 17 970
17 45 848
45 17 848
17 28 262
28 17 262
18 26 735
26 18 735
18 32 83
32 18 83
18 38 433
38 18 433
18 40 949
40 18 949
18 59 55
59 18 55
18 20 587
20 18 587
18 38 908
38 18 908
18 48 408
48 18 408
18 43 387
43 18 387
18 38 583
38 18 583
18 46 432
46 18 432
18 48 526
48 18 526
19 21 992
21 19 992
19 55 394
55 19 394
19 30 570
30 19 570
19 59 234
59 19 234
19 45 865
45 19 865
20 26 491
26 20 491
20 41 496
41 20 496
20 35 280
35 20 280
20 43 59
43 20 59
20 29 611
29 20 611
21 33 46
33 21 46
21 56 93
56 21 93
21 40 695
40 21 695
21 51 438
51 21 438
22 30 438
30 22 438
22 52 706
52 22 706
22 37 776
37 22 776
22 56 774
56 22 774
22 56 229
56 22 229
23 30 966
30 23 966
23 47 753
47 23 753
23 51 475
51 23 475
23 52 863
52 23 863
23 27 51
27 23 51
24 31 68
31 24 68
24 58 253
58 24 253
24 52 602
52 24 602
24 42 967
42 24 967
24 26 473
26 24 473
24 48 511
48 24 511
24 47 74
47 24 74
24 55 825
55 24 825
25 37 722
37 25 722
25 48 859
48 25 859
26 37 701
37 26 701
26 50 213
50 26 213
26 58 879
58 26 879
26 38 184
38 26 184
26 43 578
43 26 578
27 51 145
51 27 145
27 32 775
32 27 775
27 31 917
31 27 917
28 47 339
47 28 339
28 33 376
33 28 376
28 32 192
32 28 192
28 58 651
58 28 651
28 58 403
58 28 403
29 43 987
43 29 987
29 55 514
55 29 514
29 53 70
53 29 70
29 49 154
49 29 154
30 41 50
41 30 50
30 52 3
52 30 3
30 43 381
43 30 381
31 39 295
39 31 295
31 41 412
41 31 412
32 55 737
55 32 737
33 57 511
57 33 511
33 39 178
39 33 178
33 36 192
36 33 192
33 36 918
36 33 918
33 56 463
56 33 463
33 55 660
55 33 660
34 36 948
36 34 948
34 39 571
39 34 571
34 41 210
41 34 210
35 39 937
39 35 937
35 56 975
56 35 975
36 51 724
51 36 724
36 58 207
58 36 207
36 46 711
46 36 711
37 39 779
39 37 779
38 47 255
47 38 255
38 49 204
49 38 204
39 53 336
53 39 336
40 46 807
46 40 807
40 57 705
57 40 705
40 59 438
59 40 438
41 49 400
49 41 400
42 48 221
48 42 221
42 56 398
56 42 398
43 44 9
44 43 9
43 46 983
46 43 983
46 53 419
53 46 419
46 58 488
58 46 488
48 58 176
58 48 176
48 53 166
53 48 166
49 50 555
50 49 555
49 51 155
51 49 155
51 54 618
54 51 618
51 59 147
59 51 147
51 53 243
53 51 243
51 54 373
54 51 373
51 58 238
58 51 238
53 58 547
58 53 547
54 55 823
55 54 823
54 58 747
58 54 747
54 57 934
57 54 934
56 59 888
59 56 888
57 59 888
59 57 888
