99

0 1 643
1 0 643
0 2 994
2 0 994
0 7 687
7 0 687
0 8 273
8 0 273
0 31 901
31 0 901
0 80 83
80 0 83
0 42 448
42 0 448
0 95 418
95 0 418
1 16 251
16 1 251
1 9 959
9 1 959
1 42 899
42 1 899
1 39 412
39 1 412
1 66 987
66 1 987
1 4 345
4 1 345
1 78 385
78 1 385
1 94 691
94 1 691
1 72 721
72 1 721
2 3 585
3 2 585
2 48 590
48 2 590
2 72 151
72 2 151
2 60 951
60 2 951
2 4 729
4 2 729
2 80 315
80 2 315
2 35 257
35 2 257
2 47 460
47 2 460
3 4 346
4 3 346
3 11 998
11 3 998
3 14 116
14 3 116
3 25 965
25 3 965
3 23 651
23 3 651
3 45 6
45 3 6
3 56 684
56 3 684
3 56 758
56 3 758
3 10 710
10 3 710
3 20 213
20 3 213
3 73 438
73 3 438
3 87 422
87 3 422
4 5 108
5 4 108
4 28 263
28 4 263
4 56 156
56 4 156
4 64 158
64 4 158
4 66 289
66 4 289
4 74 370
74 4 370
4 78 115
78 4 115
5 6 146
6 5 146
5 15 709
15 5 709
5 17 581
17 5 581
5 18 28
18 5 28
5 84 543
84 5 543
5 51 852
51 5 852
5 84 205
84 5 205
6 9 882
9 6 882
6 34 873
34 6 873
6 97 678
97 6 678
7 10 306
10 7 306
7 39 972
39 7 972
7 97 352
97 7 352
7 9 433
9 7 433
7 46 369
46 7 369
7 98 270
98 7 270
7 90 59
90 7 59
8 69 411
69 8 411
8 16 184
16 8 184
8 52 743
52 8 743
8 65 8
65 8 8
8 59 22
59 8 22
8 22 633
22 8 633
8 57 822
57 8 822
8 67 281
67 8 281
8 78 26
78 8 26
9 21 139
21 9 139
9 68 710
68 9 710
9 23 423
23 9 423
9 35 839
35 9 839
9 63 522
63 9 522
9 35 633
35 9 633
9 79 677
79 9 677
9 29 227
29 9 227
10 20 254
20 10 254
10 71 245
71 10 245
10 13 71
13 10 71
10 20 620
20 10 620
10 84 578
84 10 578
10 15 563
15 10 563
10 61 96
61 10 96
11 12 571
12 11 571
11 29 339
29 11 339
11 90 684
90 11 684
11 52 700
52 11 700
11 37 821
37 11 821
12 13 428
13 12 428
12 22 67
22 12 67
12 24 504
24 12 504
12 67 258
67 12 258
12 19 138
19 12 138
12 79 667
79 12 667
12 35 149
35 12 149
12 44 626
44 12 626
12 32 106
32 12 106
12 85 345
85 12 345
12 82 729
82 12 729
13 32 962
32 13 962
13 46 630
46 13 630
13 51 834
51 13 834
13 21 561
21 13 561
13 37 518
37 13 518
13 77 150
77 13 150
13 40 325
40 13 325
13 20 845
20 13 845
13 39 119
39 13 119
13 74 926
74 13 926
13 84 726
84 13 726
13 58 168
58 13 168
13 95 482
95 13 482
14 19 735
19 14 735
14 40 638
40 14 638
14 44 501
44 14 501
14 82 108
82 14 108
14 55 644
55 14 644
15 61 301
61 15 301
15 33 163
33 15 163
16 23 829
23 16 829
16 79 220
79 16 220
16 54 308
54 16 308
16 52 703
52 16 703
17 62 673
62 17 673
18 27 457
27 18 457
18 47 377
47 18 377
18 70 738
70 18 738
18 51 120
51 18 120
18 79 585
79 18 585
18 91 289
91 18 289
18 58 340
58 18 340
19 35 752
35 19 752
19 58 256
58 19 256
19 79 842
79 19 842
19 86 430
86 19 430
19 74 977
74 19 977
19 62 404
62 19 404
19 87 905
87 19 905
19 78 603
78 19 603
19 63 502
63 19 502
19 63 605
63 19 605
20 44 739
44 20 739
20 51 586
51 20 586
20 98 154
98 20 154
21 26 568
26 21 568
21 59 127
59 21 127
21 60 955
60 21 955
21 93 978
93 21 978
21 60 874
60 21 874
21 89 904
89 21 904
21 53 359
53 21 359
22 33 999
33 22 999
22 53 530
53 22 530
22 61 737
61 22 737
22 78 380
78 22 380
23 35 216
35 23 216
23 26 763
26 23 763
23 58 404
58 23 404
23 69 500
69 23 500
24 65 278
65 24 278
24 35 161
35 24 161
24 33 373
33 24 373
24 65 736
65 24 736
24 62 789
62 24 789
25 57 868
57 25 868
25 77 83
77 25 83
25 96 329
96 25 329
25 62 430
62 25 430
25 92 61
92 25 61
25 90 447
90 25 447
25 32 758
32 25 758
26 38 61
38 26 61
26 55 619
55 26 619
26 74 494
74 26 494
26 47 467
47 26 467
27 37 914
37 27 914
27 62 803
62 27 803
27 56 553
56 27 553
27 85 177
85 27 177
28 50 773
50 28 773
28 95 206
95 28 206
29 30 813
30 29 813
29 76 146
76 29 146
29 95 176
95 29 176
30 68 379
68 30 379
30 66 657
66 30 657
31 43 201
43 31 201
31 88 677
88 31 677
31 38 216
38 31 216
32 88 975
88 32 975
32 88 779
88 32 779
32 96 179
96 32 179
33 52 409
52 33 409
33 62 96
62 33 96
33 53 228
53 33 228
33 62 637
62 33 637
34 36 230
36 34 230
34 49 966
49 34 966
34 73 632
73 34 632
34 74 840
74 34 840
35 62 976
62 35 976
35 76 344
76 35 344
35 36 971
36 35 971
36 54 351
54 36 351
36 55 129
55 36 129
36 81 871
81 36 871
36 54 380
54 36 380
36 64 946
64 36 946
36 60 87
60 36 87
36 85 787
85 36 787
37 41 24
41 37 24
39 45 558
45 39 558
39 70 569
70 39 569
39 62 625
62 39 625
39 76 998
76 39 998
40 42 873
42 40 873
40 51 878
51 40 878
40 43 963
43 40 963
41 52 371
52 41 371
41 59 46
59 41 46
41 87 645
87 41 645
41 48 465
48 41 465
42 95 139
95 42 139
43 49 716
49 43 716
43 63 291
63 43 291
43 92 107
92 43 107
43 95 270
95 43 270
44 60 841
60 44 841
44 92 412
92 44 412
44 73 553
73 44 553
45 83 847
83 45 847
45 87 850
87 45 850
45 78 694
78 45 694
45 96 78
96 45 78
45 82 496
82 45 496
46 69 584
69 46 584
46 94 192
94 46 192
46 53 843
53 46 843
46 82 367
82 46 367
47 91 282
91 47 282
47 65 907
65 47 907
47 54 328
54 47 328
48 85 323
85 48 323
48 59 334
59 48 334
48 60 649
60 48 649
48 85 92
85 48 92
49 96 743
96 49 743
49 92 831
92 49 831
50 75 801
75 50 801
50 89 700
89 50 700
50 95 535
95 50 535
51 60 166
60 51 166
51 67 547
67 51 547
52 63 971
63 52 971
52 94 275
94 52 275
53 68 319
68 53 319
53 61 10
61 53 10
53 64 891
64 53 891
53 75 159
75 53 159
53 97 405
97 53 405
54 90 435
90 54 435
55 89 63
89 55 63
55 81 105
81 55 105
55 74 527
74 55 527
56 87 487
87 56 487
56 78 367
78 56 367
56 70 496
70 56 496
57 73 716
73 57 716
57 82 220
82 57 220
57 61 286
61 57 286
57 95 466
95 57 466
57 82 374
82 57 374
58 78 944
78 58 944
60 79 470
79 60 470
61 64 944
64 61 944
62 86 676
86 62 676
62 80 853
80 62 853
62 78 65
78 62 65
63 97 768
97 63 768
64 84 927
84 64 927
64 94 281
94 64 281
64 92 694
92 64 694
64 81 531
81 64 531
65 66 105
66 65 105
66 89 398
89 66 398
68 73 527
73 68 527
68 79 587
79 68 587
68 85 359
85 68 359
69 85 763
85 69 763
69 89 399
89 69 399
69 71 741
71 69 741
71 78 730
78 71 730
72 72 510
72 72 510
72 73 388
73 72 388
73 74 596
74 73 596
74 87 389
87 74 389
75 96 661
96 75 661
76 90 847
90 76 847
77 85 982
85 77 982
78 86 51
86 78 51
78 92 793
92 78 793
78 94 852
94 78 852
79 85 236
85 79 236
80 98 939
98 80 939
80 89 51
89 80 51
87 92 894
92 87 894
89 92 824
92 89 824
89 94 506
94 89 506
91 93 263
93 91 263
91 95 153
95 91 153
92 95 547
95 92 547
93 94 352
94 93 352
