70

0 1 299
1 0 299
0 5 328
5 0 328
0 54 340
54 0 340
0 55 859
55 0 859
0 53 605
53 0 605
0 19 907
19 0 907
0 9 248
9 0 248
0 38 781
38 0 781
0 40 134
40 0 134
0 10 266
10 0 266
0 64 411
64 0 411
0 47 298
47 0 298
0 30 854
30 0 854
1 2 82
2 1 82
1 6 507
6 1 507
1 7 130
7 1 130
1 9 266
9 1 266
1 18 851
18 1 851
1 20 532
20 1 532
1 24 480
24 1 480
1 31 822
31 1 822
1 44 393
44 1 393
1 5 570
5 1 570
1 20 295
20 1 295
1 33 65
33 1 65
1 24 416
24 1 416
1 61 162
61 1 162
1 17 634
17 1 634
1 33 478
33 1 478
2 3 84
3 2 84
2 8 339
8 2 339
2 14 733
14 2 733
2 15 216
15 2 216
2 16 772
16 2 772
2 36 21
36 2 21
2 60 438
60 2 438
2 64 230
64 2 230
2 24 380
24 2 380
2 45 395
45 2 395
2 12 768
12 2 768
2 27 374
27 2 374
2 35 75
35 2 75
2 47 86
47 2 86
2 54 544
54 2 544
2 63 131
63 2 131
2 63 632
63 2 632
2 49 766
49 2 766
2 45 819
45 2 819
2 41 712
41 2 712
2 37 167
37 2 167
3 4 855
4 3 855
3 10 559
10 3 559
3 13 727
13 3 727
3 47 347
47 3 347
3 17 1000
17 3 1000
3 30 470
30 3 470
3 14 5
14 3 5
3 28 199
28 3 199
3 41 31
41 3 31
3 3 762
3 3 762
3 57 9
57 3 9
3 39 457
39 3 457
3 37 344
37 3 344
3 52 49
52 3 49
4 61 581
61 4 581
4 37 592
37 4 592
4 34 159
34 4 159
4 10 47
10 4 47
4 42 849
42 4 849
4 56 858
56 4 858
4 62 295
62 4 295
4 68 981
68 4 981
4 22 218
22 4 218
4 51 163
51 4 163
4 9 191
9 4 191
4 7 169
7 4 169
4 14 516
14 4 516
5 50 652
50 5 652
5 19 381
19 5 381
5 60 465
60 5 465
5 25 953
25 5 953
5 54 703
54 5 703
5 55 75
55 5 75
5 14 947
14 5 947
6 11 736
11 6 736
6 48 20
48 6 20
6 30 259
30 6 259
6 54 389
54 6 389
6 55 464
55 6 464
6 10 610
10 6 610
7 19 114
19 7 114
7 28 135
28 7 135
7 12 164
12 7 164
7 56 953
56 7 953
7 52 992
52 7 992
7 45 608
45 7 608
7 37 219
37 7 219
7 31 96
31 7 96
7 35 339
35 7 339
8 57 181
57 8 181
8 54 242
54 8 242
8 25 633
25 8 633
8 21 909
21 8 909
8 31 334
31 8 334
8 13 869
13 8 869
8 10 462
10 8 462
8 48 928
48 8 928
8 27 895
27 8 895
8 21 70
21 8 70
8 42 547
42 8 547
8 56 964
56 8 964
8 67 677
67 8 677
9 12 531
12 9 531
9 17 795
17 9 795
9 33 348
33 9 348
9 42 187
42 9 187
9 49 906
49 9 906
9 31 888
31 9 888
9 45 799
45 9 799
9 20 841
20 9 841
9 32 736
32 9 736
9 17 76
17 9 76
9 44 546
44 9 546
10 19 491
19 10 491
10 29 837
29 10 837
10 35 11
35 10 11
10 14 542
14 10 542
10 40 71
40 10 71
10 52 85
52 10 85
10 54 253
54 10 253
10 44 397
44 10 397
10 68 626
68 10 626
10 68 922
68 10 922
10 64 771
64 10 771
10 54 336
54 10 336
10 63 530
63 10 530
11 28 293
28 11 293
11 43 672
43 11 672
11 15 902
15 11 902
11 62 110
62 11 110
11 38 130
38 11 130
11 62 235
62 11 235
11 34 473
34 11 473
12 31 18
31 12 18
12 54 569
54 12 569
12 43 164
43 12 164
12 53 993
53 12 993
12 30 925
30 12 925
12 14 703
14 12 703
12 45 123
45 12 123
12 44 34
44 12 34
12 19 370
19 12 370
13 21 438
21 13 438
13 34 676
34 13 676
13 66 612
66 13 612
13 25 598
25 13 598
13 41 932
41 13 932
13 56 660
56 13 660
13 14 791
14 13 791
14 19 823
19 14 823
14 61 218
61 14 218
14 63 797
63 14 797
14 42 990
42 14 990
14 59 466
59 14 466
14 47 677
47 14 677
14 21 822
21 14 822
14 22 717
22 14 717
14 30 384
30 14 384
15 17 437
17 15 437
15 23 885
23 15 885
15 40 884
40 15 884
15 15 616
15 15 616
15 60 897
60 15 897
15 65 220
65 15 220
15 67 19
67 15 19
16 27 847
27 16 847
16 31 451
31 16 451
16 25 255
25 16 255
16 30 715
30 16 715
16 17 105
17 16 105
16 36 792
36 16 792
16 61 523
61 16 523
16 33 110
33 16 110
16 29 412
29 16 412
17 22 318
22 17 318
17 26 452
26 17 452
17 53 569
53 17 569
17 34 953
34 17 953
17 29 714
29 17 714
17 55 851
55 17 851
17 52 576
52 17 576
17 54 560
54 17 560
17 30 506
30 17 506
17 32 280
32 17 280
17 55 225
55 17 225
17 46 379
46 17 379
18 32 768
32 18 768
18 49 481
49 18 481
18 55 84
55 18 84
18 63 841
63 18 841
18 46 510
46 18 510
18 28 545
28 18 545
18 21 683
21 18 683
18 54 780
54 18 780
19 39 382
39 19 382
19 65 208
65 19 208
19 39 771
39 19 771
19 40 80
40 19 80
19 29 395
29 19 395
19 54 855
54 19 855
19 26 264
26 19 264
19 53 25
53 19 25
20 23 611
23 20 611
20 25 420
25 20 420
20 56 316
56 20 316
20 63 250
63 20 250
20 61 616
61 20 616
20 22 91
22 20 91
20 27 205
27 20 205
20 21 505
21 20 505
20 67 387
67 20 387
20 37 233
37 20 233
21 42 997
42 21 997
21 39 84
39 21 84
21 48 793
48 21 793
21 42 376
42 21 376
21 27 538
27 21 538
21 50 568
50 21 568
21 50 381
50 21 381
21 66 581
66 21 581
21 29 990
29 21 990
22 38 183
38 22 183
22 40 277
40 22 277
22 40 47
40 22 47
22 69 794
69 22 794
22 29 365
29 22 365
22 44 809
44 22 809
22 46 62
46 22 62
22 53 181
53 22 181
22 46 625
46 22 625
22 67 105
67 22 105
22 49 458
49 22 458
22 63 943
63 22 943
23 49 44
49 23 44
23 39 34
39 23 34
23 52 569
52 23 569
24 30 35
30 24 35
24 29 946
29 24 946
24 47 598
47 24 598
24 53 940
53 24 940
24 49 278
49 24 278
24 67 767
67 24 767
25 59 3
59 25 3
25 65 202
65 25 202
25 56 402
56 25 402
25 37 309
37 25 309
25 29 511
29 25 511
25 35 359
35 25 359
25 55 478
55 25 478
26 56 149
56 26 149
26 64 730
64 26 730
26 31 729
31 26 729
26 60 134
60 26 134
26 61 827
61 26 827
26 58 89
58 26 89
26 38 7
38 26 7
26 63 889
63 26 889
27 66 931
66 27 931
27 28 760
28 27 760
27 54 599
54 27 599
27 69 362
69 27 362
28 33 276
33 28 276
29 63 379
63 29 379
29 47 607
47 29 607
29 58 624
58 29 624
30 41 50
41 30 50
30 33 571
33 30 571
31 57 834
57 31 834
31 40 619
40 31 619
31 55 307
55 31 307
31 46 486
46 31 486
31 51 342
51 31 342
32 68 762
68 32 762
32 56 933
56 32 933
32 65 889
65 32 889
33 37 533
37 33 533
33 67 209
67 33 209
33 66 632
66 33 632
33 63 428
63 33 428
34 59 566
59 34 566
34 63 501
63 34 501
34 59 264
59 34 264
34 42 383
42 34 383
34 42 802
42 34 802
34 65 385
65 34 385
34 51 967
51 34 967
34 36 839
36 34 839
35 42 878
42 35 878
35 48 511
48 35 511
35 51 518
51 35 518
35 48 845
48 35 845
36 37 150
37 36 150
36 60 43
60 36 43
36 60 581
60 36 581
37 41 895
41 37 895
37 53 986
53 37 986
37 61 958
61 37 958
37 57 842
57 37 842
37 42 662
42 37 662
38 46 927
46 38 927
38 53 302
53 38 302
38 57 676
57 38 676
38 63 528
63 38 528
38 59 709
59 38 709
38 42 526
42 38 526
39 46 110
46 39 110
39 48 643
48 39 643
39 64 257
64 39 257
39 50 859
50 39 859
40 57 234
57 40 234
40 49 158
49 40 158
41 58 278
58 41 278
41 49 860
49 41 860
41 56 298
56 41 298
42 54 605
54 42 605
42 51 619
51 42 619
42 58 131
58 42 131
42 59 554
59 42 554
42 59 308
59 42 308
43 45 375
45 43 375
43 52 942
52 43 942
43 46 611
46 43 611
43 50 199
50 43 199
44 49 251
49 44 251
44 48 110
48 44 110
44 46 483
46 44 483
44 68 576
68 44 576
45 67 36
67 45 36
45 54 16
54 45 16
45 50 990
50 45 990
45 69 640
69 45 640
45 49 244
49 45 244
45 48 811
48 45 811
46 46 605
46 46 605
46 50 782
50 46 782
47 55 302
55 47 302
47 58 815
58 47 815
47 49 914
49 47 914
47 62 972
62 47 972
47 58 942
58 47 942
48 69 969
69 48 969
48 69 772
69 48 772
48 57 459
57 48 459
48 55 739
55 48 739
49 52 822
52 49 822
49 64 136
64 49 136
49 67 301
67 49 301
50 51 241
51 50 241
50 57 978
57 50 978
51 68 717
68 51 717
51 55 380
55 51 380
51 62 218
62 51 218
51 53 795
53 51 795
52 63 844
63 52 844
52 52 378
52 52 378
53 68 310
68 53 310
53 64 526
64 53 526
53 63 601
63 53 601
54 62 821
62 54 821
54 63 95
63 54 95
54 57 36
57 54 36
54 60 350
60 54 350
55 68 425
68 55 425
56 59 135
59 56 135
57 67 118
67 57 118
57 61 755
61 57 755
60 68 573
68 60 573
60 67 58
67 60 58
63 65 344
65 63 344
63 65 544
65 63 544
63 66 680
66 63 680
65 68 515
68 65 515
