92

0 1 234
1 0 234
0 4 516
4 0 516
0 16 295
16 0 295
0 20 760
20 0 760
0 39 76
39 0 76
0 35 829
35 0 829
0 83 788
83 0 788
0 33 185
33 0 185
0 22 923
22 0 923
1 2 920
2 1 920
1 14 913
14 1 913
1 23 733
23 1 733
1 28 888
28 1 888
1 55 682
55 1 682
1 20 516
20 1 516
1 39 444
39 1 444
2 3 769
3 2 769
2 5 782
5 2 782
2 34 721
34 2 721
2 10 560
10 2 560
2 14 892
14 2 892
2 58 166
58 2 166
3 11 964
11 3 964
3 19 935
19 3 935
3 21 276
21 3 276
3 43 118
43 3 118
3 63 678
63 3 678
3 74 309
74 3 309
3 47 657
47 3 657
3 73 116
73 3 116
3 22 387
22 3 387
4 27 200
27 4 200
4 44 497
44 4 497
4 38 700
38 4 700
5 6 381
6 5 381
5 7 156
7 5 156
5 15 696
15 5 696
5 47 308
47 5 308
5 42 173
42 5 173
5 21 345
21 5 345
5 21 257
21 5 257
5 8 570
8 5 570
6 10 88
10 6 88
6 25 984
25 6 984
6 42 911
42 6 911
6 38 445
38 6 445
6 78 18
78 6 18
6 55 947
55 6 947
6 83 708
83 6 708
6 76 479
76 6 479
6 72 38
72 6 38
6 59 197
59 6 197
7 8 263
8 7 263
7 22 932
22 7 932
7 26 540
26 7 540
7 37 717
37 7 717
7 52 247
52 7 247
7 70 526
70 7 526
7 63 760
63 7 760
7 21 100
21 7 100
7 25 947
25 7 947
8 9 578
9 8 578
8 13 235
13 8 235
8 32 757
32 8 757
8 41 165
41 8 165
8 51 554
51 8 554
8 62 846
62 8 846
8 36 134
36 8 134
8 41 169
41 8 169
8 33 278
33 8 278
8 64 563
64 8 563
8 76 603
76 8 603
8 37 286
37 8 286
9 12 656
12 9 656
9 29 325
29 9 325
9 57 180
57 9 180
9 33 4
33 9 4
9 84 495
84 9 495
9 24 386
24 9 386
9 61 478
61 9 478
9 51 466
51 9 466
9 9 198
9 9 198
9 43 133
43 9 133
10 24 852
24 10 852
10 58 106
58 10 106
10 66 532
66 10 532
10 57 128
57 10 128
10 38 515
38 10 515
10 73 554
73 10 554
11 15 895
15 11 895
11 60 745
60 11 745
11 41 648
41 11 648
12 56 690
56 12 690
12 90 692
90 12 692
12 88 318
88 12 318
13 45 709
45 13 709
13 74 933
74 13 933
13 81 594
81 13 594
13 71 949
71 13 949
14 30 519
30 14 519
14 53 463
53 14 463
14 79 39
79 14 39
14 49 602
49 14 602
14 66 134
66 14 134
14 44 15
44 14 15
15 17 610
17 15 610
15 76 518
76 15 518
15 42 447
42 15 447
15 53 719
53 15 719
15 57 662
57 15 662
15 50 879
50 15 879
16 18 834
18 16 834
16 91 610
91 16 610
16 77 10
77 16 10
16 62 231
62 16 231
16 59 935
59 16 935
16 81 311
81 16 311
17 78 65
78 17 65
17 91 427
91 17 427
17 81 95
81 17 95
18 64 286
64 18 286
18 70 324
70 18 324
18 88 755
88 18 755
19 33 4
33 19 4
19 49 614
49 19 614
19 24 587
24 19 587
19 50 616
50 19 616
19 86 186
86 19 186
19 81 84
81 19 84
20 75 78
75 20 78
20 75 561
75 20 561
20 81 748
81 20 748
21 42 206
42 21 206
21 36 467
36 21 467
21 83 20
83 21 20
22 76 858
76 22 858
22 85 505
85 22 505
22 55 203
55 22 203
22 29 195
29 22 195
23 31 211
31 23 211
24 84 850
84 24 850
24 90 735
90 24 735
24 51 509
51 24 509
24 49 238
49 24 238
25 50 532
50 25 532
25 42 422
42 25 422
26 28 389
28 26 389
26 43 595
43 26 595
26 48 224
48 26 224
27 27 978
27 27 978
28 60 734
60 28 734
28 90 56
90 28 56
28 32 606
32 28 606
28 31 460
31 28 460
29 68 968
68 29 968
29 80 330
80 29 330
29 69 805
69 29 805
29 48 436
48 29 436
30 36 123
36 30 123
30 38 111
38 30 111
30 46 53
46 30 53
30 89 373
89 30 373
30 31 283
31 30 283
30 53 180
53 30 180
30 33 789
33 30 789
31 88 170
88 31 170
31 66 6
66 31 6
31 55 328
55 31 328
31 50 779
50 31 779
32 85 546
85 32 546
32 49 126
49 32 126
32 56 717
56 32 717
32 82 940
82 32 940
33 35 380
35 33 380
33 65 935
65 33 935
33 89 458
89 33 458
33 79 866
79 33 866
34 66 878
66 34 878
34 52 21
52 34 21
34 71 295
71 34 295
35 40 166
40 35 166
35 61 177
61 35 177
35 86 319
86 35 319
35 44 630
44 35 630
36 77 74
77 36 74
37 87 46
87 37 46
37 77 410
77 37 410
38 48 125
48 38 125
38 59 40
59 38 40
38 49 633
49 38 633
40 73 478
73 40 478
40 89 32
89 40 32
41 76 569
76 41 569
41 81 784
81 41 784
41 79 311
79 41 311
42 53 291
53 42 291
42 88 919
88 42 919
42 82 733
82 42 733
42 73 525
73 42 525
43 69 92
69 43 92
43 64 551
64 43 551
43 71 850
71 43 850
44 54 829
54 44 829
44 59 622
59 44 622
44 46 387
46 44 387
44 48 869
48 44 869
44 81 610
81 44 610
45 72 627
72 45 627
45 81 852
81 45 852
45 82 116
82 45 116
45 65 941
65 45 941
46 77 781
77 46 781
46 48 243
48 46 243
47 57 848
57 47 848
47 56 522
56 47 522
48 66 380
66 48 380
49 71 184
71 49 184
49 50 694
50 49 694
49 67 976
67 49 976
49 68 10
68 49 10
50 72 657
72 50 657
50 59 235
59 50 235
50 83 652
83 50 652
51 77 230
77 51 230
51 60 885
60 51 885
51 70 197
70 51 197
53 83 452
83 53 452
53 76 592
76 53 592
54 86 326
86 54 326
54 81 770
81 54 770
55 70 128
70 55 128
56 66 782
66 56 782
56 82 15
82 56 15
57 58 206
58 57 206
57 67 44
67 57 44
57 61 205
61 57 205
58 70 642
70 58 642
58 75 632
75 58 632
59 70 141
70 59 141
59 77 229
77 59 229
60 64 826
64 60 826
60 62 811
62 60 811
61 78 525
78 61 525
61 78 816
78 61 816
61 80 345
80 61 345
61 62 250
62 61 250
62 67 275
67 62 275
62 67 223
67 62 223
64 82 407
82 64 407
64 83 620
83 64 620
65 68 61
68 65 61
65 79 949
79 65 949
65 89 747
89 65 747
66 70 911
70 66 911
66 86 355
86 66 355
67 86 819
86 67 819
67 74 578
74 67 578
68 85 581
85 68 581
68 75 126
75 68 126
69 91 44
91 69 44
72 80 163
80 72 163
72 85 937
85 72 937
73 88 218
88 73 218
76 90 659
90 76 659
81 89 152
89 81 152
81 84 674
84 81 674
83 90 283
90 83 283
85 91 434
91 85 434
