83

0 1 937
1 0 937
0 76 455
76 0 455
0 77 738
77 0 738
0 31 141
31 0 141
0 11 60
11 0 60
0 4 611
4 0 611
0 31 108
31 0 108
1 2 198
2 1 198
1 3 305
3 1 305
1 5 981
5 1 981
1 29 656
29 1 656
1 42 797
42 1 797
1 67 790
67 1 790
1 20 745
20 1 745
2 9 256
9 2 256
2 10 59
10 2 59
2 17 823
17 2 823
2 52 516
52 2 516
2 60 268
60 2 268
2 18 627
18 2 627
3 4 93
4 3 93
3 78 251
78 3 251
3 76 106
76 3 106
3 11 172
11 3 172
3 3 341
3 3 341
3 40 237
40 3 237
4 7 860
7 4 860
4 8 148
8 4 148
4 11 505
11 4 505
4 58 239
58 4 239
4 66 630
66 4 630
4 66 151
66 4 151
4 9 56
9 4 56
4 58 768
58 4 768
5 6 965
6 5 965
5 15 674
15 5 674
5 47 25
47 5 25
5 79 352
79 5 352
5 10 604
10 5 604
5 20 949
20 5 949
6 8 889
8 6 889
6 25 650
25 6 650
6 26 338
26 6 338
6 16 468
16 6 468
7 59 263
59 7 263
7 63 236
63 7 236
7 30 607
30 7 607
7 54 807
54 7 807
7 21 842
21 7 842
7 71 703
71 7 703
8 28 859
28 8 859
8 72 758
72 8 758
8 37 621
37 8 621
9 13 773
13 9 773
9 20 775
20 9 775
9 31 574
31 9 574
9 46 449
46 9 449
9 65 359
65 9 359
9 31 219
31 9 219
9 38 491
38 9 491
9 43 447
43 9 447
10 66 259
66 10 259
11 12 988
12 11 988
11 14 697
14 11 697
11 38 270
38 11 270
11 12 30
12 11 30
11 36 677
36 11 677
11 55 681
55 11 681
12 43 729
43 12 729
12 52 897
52 12 897
12 43 124
43 12 124
13 27 51
27 13 51
13 50 542
50 13 542
13 54 52
54 13 52
14 23 992
23 14 992
14 45 337
45 14 337
14 36 217
36 14 217
14 73 255
73 14 255
15 16 298
16 15 298
15 17 706
17 15 706
15 18 62
18 15 62
15 22 860
22 15 860
15 44 29
44 15 29
15 26 935
26 15 935
16 19 759
19 16 759
16 21 763
21 16 763
16 30 828
30 16 828
16 34 297
34 16 297
16 28 213
28 16 213
16 51 954
51 16 954
17 39 600
39 17 600
17 24 998
24 17 998
17 63 596
63 17 596
18 53 775
53 18 775
18 60 136
60 18 136
18 70 327
70 18 327
18 28 795
28 18 795
18 80 580
80 18 580
19 64 56
64 19 56
19 49 558
49 19 558
20 24 467
24 20 467
20 37 806
37 20 806
20 41 562
41 20 562
20 35 558
35 20 558
21 74 93
74 21 93
22 54 802
54 22 802
23 25 479
25 23 479
23 51 530
51 23 530
23 38 919
38 23 919
24 26 966
26 24 966
25 69 134
69 25 134
25 75 913
75 25 913
25 63 389
63 25 389
25 58 769
58 25 769
25 28 352
28 25 352
25 76 518
76 25 518
26 56 278
56 26 278
26 38 809
38 26 809
26 28 82
28 26 82
26 31 205
31 26 205
27 57 307
57 27 307
28 32 565
32 28 565
28 51 459
51 28 459
29 40 180
40 29 180
29 70 109
70 29 109
29 73 160
73 29 160
29 33 471
33 29 471
29 43 764
43 29 764
29 78 72
78 29 72
30 58 271
58 30 271
30 82 144
82 30 144
30 52 194
52 30 194
31 35 754
35 31 754
31 49 204
49 31 204
32 33 731
33 32 731
32 36 773
36 32 773
32 48 80
48 32 80
32 48 432
48 32 432
32 44 983
44 32 983
34 70 507
70 34 507
35 55 967
55 35 967
35 53 841
53 35 841
36 44 449
44 36 449
37 81 59
81 37 59
37 78 302
78 37 302
39 44 622
44 39 622
39 81 541
81 39 541
39 54 697
54 39 697
39 67 412
67 39 412
40 55 113
55 40 113
41 68 143
68 41 143
41 56 809
56 41 809
41 46 343
46 41 343
41 61 432
61 41 432
41 45 144
45 41 144
43 51 962
51 43 962
44 62 759
62 44 759
44 74 145
74 44 145
45 49 764
49 45 764
47 60 221
60 47 221
48 71 292
71 48 292
48 52 670
52 48 670
48 67 739
67 48 739
48 80 430
80 48 430
49 61 593
61 49 593
49 66 328
66 49 328
49 53 777
53 49 777
49 52 701
52 49 701
51 73 331
73 51 331
51 71 295
71 51 295
52 56 20
56 52 20
52 53 513
53 52 513
54 70 946
70 54 946
55 67 515
67 55 515
55 74 208
74 55 208
55 80 218
80 55 218
56 74 219
74 56 219
56 80 532
80 56 532
56 60 65
60 56 65
57 68 885
68 57 885
58 72 342
72 58 342
60 70 231
70 60 231
60 81 681
81 60 681
60 79 706
79 60 706
61 64 969
64 61 969
61 81 856
81 61 856
61 80 238
80 61 238
62 66 789
66 62 789
65 73 473
73 65 473
66 66 752
66 66 752
67 71 883
71 67 883
67 71 720
71 67 720
69 72 340
72 69 340
72 82 250
82 72 250
77 78 231
78 77 231
