97

0 1 663
1 0 663
0 3 890
3 0 890
0 9 810
9 0 810
0 71 791
71 0 791
0 38 236
38 0 236
0 57 615
57 0 615
0 96 695
96 0 695
0 65 644
65 0 644
0 63 898
63 0 898
0 60 349
60 0 349
0 70 3
70 0 3
0 45 40
45 0 40
0 13 297
13 0 297
0 56 358
56 0 358
0 35 160
35 0 160
0 7 728
7 0 728
0 48 253
48 0 253
0 15 760
15 0 760
0 9 724
9 0 724
0 77 449
77 0 449
0 89 955
89 0 955
0 52 78
52 0 78
1 2 586
2 1 586
1 6 351
6 1 351
1 11 719
11 1 719
1 34 760
34 1 760
1 45 653
45 1 653
1 27 893
27 1 893
1 10 381
10 1 381
1 73 306
73 1 306
1 86 986
86 1 986
1 20 510
20 1 510
1 89 990
89 1 990
1 16 438
16 1 438
1 36 601
36 1 601
1 81 294
81 1 294
1 9 268
9 1 268
1 39 298
39 1 298
1 11 197
11 1 197
1 29 720
29 1 720
1 47 196
47 1 196
1 16 193
16 1 193
1 96 728
96 1 728
2 5 701
5 2 701
2 7 255
7 2 255
2 10 530
10 2 530
2 54 783
54 2 783
2 55 307
55 2 307
2 79 209
79 2 209
2 12 756
12 2 756
2 53 406
53 2 406
2 9 44
9 2 44
2 54 658
54 2 658
2 7 101
7 2 101
2 62 417
62 2 417
2 52 892
52 2 892
2 62 404
62 2 404
2 40 438
40 2 438
2 89 936
89 2 936
2 52 3
52 2 3
2 94 106
94 2 106
2 22 515
22 2 515
2 57 949
57 2 949
2 37 125
37 2 125
2 2 181
2 2 181
2 92 959
92 2 959
2 68 392
68 2 392
2 94 378
94 2 378
2 6 135
6 2 135
3 4 956
4 3 956
3 19 11
19 3 11
3 21 54
21 3 54
3 26 720
26 3 720
3 78 388
78 3 388
3 38 779
38 3 779
3 95 54
95 3 54
3 64 858
64 3 858
3 85 190
85 3 190
3 95 270
95 3 270
3 13 176
13 3 176
3 85 660
85 3 660
3 63 509
63 3 509
3 50 376
50 3 376
3 68 672
68 3 672
3 49 766
49 3 766
4 8 350
8 4 350
4 27 903
27 4 903
4 37 759
37 4 759
4 38 1000
38 4 1000
4 52 87
52 4 87
4 82 367
82 4 367
4 18 601
18 4 601
4 24 517
24 4 517
4 93 143
93 4 143
4 88 631
88 4 631
4 85 976
85 4 976
4 96 359
96 4 359
4 63 68
63 4 68
4 86 854
86 4 854
4 41 8
41 4 8
4 47 540
47 4 540
4 64 808
64 4 808
5 14 178
14 5 178
5 15 196
15 5 196
5 17 844
17 5 844
5 39 313
39 5 313
5 25 281
25 5 281
5 29 159
29 5 159
5 69 640
69 5 640
5 77 468
77 5 468
5 27 85
27 5 85
5 60 821
60 5 821
5 18 750
18 5 750
5 26 928
26 5 928
5 8 778
8 5 778
5 24 710
24 5 710
5 37 897
37 5 897
5 23 540
23 5 540
6 12 94
12 6 94
6 30 326
30 6 326
6 73 349
73 6 349
6 54 735
54 6 735
6 81 708
81 6 708
6 26 851
26 6 851
6 66 602
66 6 602
6 34 953
34 6 953
6 95 111
95 6 111
6 54 118
54 6 118
6 10 308
10 6 308
6 72 953
72 6 953
6 50 371
50 6 371
6 61 60
61 6 60
6 10 618
10 6 618
6 67 778
67 6 778
6 20 592
20 6 592
6 19 174
19 6 174
6 28 819
28 6 819
6 79 98
79 6 98
6 48 394
48 6 394
6 82 5
82 6 5
6 41 440
41 6 440
6 84 932
84 6 932
6 17 125
17 6 125
6 38 405
38 6 405
7 23 757
23 7 757
7 32 421
32 7 421
7 86 136
86 7 136
7 20 135
20 7 135
7 26 126
26 7 126
7 78 244
78 7 244
7 22 476
22 7 476
7 88 888
88 7 888
7 92 333
92 7 333
7 16 56
16 7 56
7 73 285
73 7 285
7 54 483
54 7 483
7 36 439
36 7 439
7 68 225
68 7 225
7 10 294
10 7 294
7 33 201
33 7 201
7 14 386
14 7 386
7 57 18
57 7 18
7 66 975
66 7 975
8 13 351
13 8 351
8 16 605
16 8 605
8 18 916
18 8 916
8 47 921
47 8 921
8 96 643
96 8 643
8 64 261
64 8 261
8 96 398
96 8 398
8 78 514
78 8 514
8 73 812
73 8 812
8 50 126
50 8 126
8 74 136
74 8 136
8 71 74
71 8 74
8 81 108
81 8 108
8 58 643
58 8 643
8 95 269
95 8 269
8 80 202
80 8 202
8 64 413
64 8 413
8 47 777
47 8 777
8 17 347
17 8 347
8 75 127
75 8 127
8 68 290
68 8 290
8 63 189
63 8 189
8 74 925
74 8 925
8 55 640
55 8 640
8 35 754
35 8 754
9 22 426
22 9 426
9 28 322
28 9 322
9 13 15
13 9 15
9 31 634
31 9 634
9 56 275
56 9 275
9 42 104
42 9 104
9 21 124
21 9 124
9 10 546
10 9 546
9 64 175
64 9 175
9 82 889
82 9 889
9 11 418
11 9 418
9 48 829
48 9 829
9 81 834
81 9 834
9 12 95
12 9 95
9 70 79
70 9 79
9 15 714
15 9 714
9 24 748
24 9 748
9 25 285
25 9 285
9 89 162
89 9 162
9 32 43
32 9 43
9 38 937
38 9 937
10 40 225
40 10 225
10 40 626
40 10 626
10 72 555
72 10 555
10 76 296
76 10 296
10 70 101
70 10 101
10 27 528
27 10 528
10 22 758
22 10 758
10 56 327
56 10 327
10 59 296
59 10 296
10 87 137
87 10 137
10 61 783
61 10 783
10 55 640
55 10 640
10 84 579
84 10 579
10 53 204
53 10 204
10 86 461
86 10 461
10 15 810
15 10 810
10 45 293
45 10 293
11 51 365
51 11 365
11 65 202
65 11 202
11 31 554
31 11 554
11 74 392
74 11 392
11 48 373
48 11 373
11 92 683
92 11 683
11 32 434
32 11 434
11 75 769
75 11 769
11 57 157
57 11 157
11 51 323
51 11 323
11 57 16
57 11 16
11 21 809
21 11 809
11 22 341
22 11 341
12 62 755
62 12 755
12 70 328
70 12 328
12 92 637
92 12 637
12 24 748
24 12 748
12 26 667
26 12 667
12 79 494
79 12 494
12 76 45
76 12 45
12 72 345
72 12 345
12 72 348
72 12 348
12 81 231
81 12 231
12 91 29
91 12 29
12 76 792
76 12 792
12 66 319
66 12 319
12 57 914
57 12 914
12 59 15
59 12 15
12 25 313
25 12 313
12 36 779
36 12 779
12 78 365
78 12 365
13 82 923
82 13 923
13 28 616
28 13 616
13 66 479
66 13 479
13 25 301
25 13 301
13 90 860
90 13 860
13 51 972
51 13 972
13 47 291
47 13 291
13 69 371
69 13 371
13 27 381
27 13 381
13 57 122
57 13 122
13 65 426
65 13 426
13 66 457
66 13 457
13 68 534
68 13 534
13 51 571
51 13 571
14 48 797
48 14 797
14 68 560
68 14 560
14 76 369
76 14 369
14 53 413
53 14 413
14 81 387
81 14 387
14 42 942
42 14 942
14 33 977
33 14 977
14 92 647
92 14 647
14 62 230
62 14 230
14 87 665
87 14 665
14 27 507
27 14 507
14 96 731
96 14 731
14 59 862
59 14 862
14 28 825
28 14 825
14 54 407
54 14 407
14 14 951
14 14 951
15 31 443
31 15 443
15 43 5
43 15 5
15 31 372
31 15 372
15 29 698
29 15 698
15 50 218
50 15 218
15 80 168
80 15 168
15 73 565
73 15 565
15 71 662
71 15 662
15 94 400
94 15 400
15 39 178
39 15 178
15 88 275
88 15 275
15 32 58
32 15 58
15 17 460
17 15 460
15 73 265
73 15 265
15 86 243
86 15 243
15 81 548
81 15 548
16 25 708
25 16 708
16 61 406
61 16 406
16 66 129
66 16 129
16 35 999
35 16 999
16 61 46
61 16 46
16 69 106
69 16 106
16 62 507
62 16 507
16 68 963
68 16 963
16 61 336
61 16 336
16 90 166
90 16 166
16 34 661
34 16 661
16 70 758
70 16 758
16 61 180
61 16 180
16 73 596
73 16 596
16 78 865
78 16 865
16 87 374
87 16 374
17 36 745
36 17 745
17 81 758
81 17 758
17 91 156
91 17 156
17 37 221
37 17 221
17 33 71
33 17 71
17 89 345
89 17 345
17 18 417
18 17 417
17 52 624
52 17 624
17 91 531
91 17 531
17 40 735
40 17 735
17 82 521
82 17 521
18 57 789
57 18 789
18 89 919
89 18 919
18 66 362
66 18 362
18 50 270
50 18 270
18 90 447
90 18 447
18 76 329
76 18 329
18 85 394
85 18 394
18 57 420
57 18 420
18 86 42
86 18 42
18 52 67
52 18 67
18 92 306
92 18 306
18 19 626
19 18 626
18 63 547
63 18 547
18 48 481
48 18 481
18 35 551
35 18 551
19 20 906
20 19 906
19 56 680
56 19 680
19 93 422
93 19 422
19 78 863
78 19 863
19 42 257
42 19 257
19 43 829
43 19 829
19 85 876
85 19 876
19 26 305
26 19 305
19 93 248
93 19 248
19 41 303
41 19 303
19 92 76
92 19 76
19 33 678
33 19 678
19 95 792
95 19 792
19 88 210
88 19 210
19 51 174
51 19 174
19 73 737
73 19 737
19 35 542
35 19 542
19 71 269
71 19 269
19 64 911
64 19 911
19 55 247
55 19 247
19 92 567
92 19 567
19 64 693
64 19 693
19 94 501
94 19 501
20 24 611
24 20 611
20 21 58
21 20 58
20 59 850
59 20 850
20 24 142
24 20 142
20 43 291
43 20 291
20 52 356
52 20 356
20 69 345
69 20 345
20 88 541
88 20 541
20 92 824
92 20 824
21 80 419
80 21 419
21 44 206
44 21 206
21 87 619
87 21 619
21 95 402
95 21 402
21 87 636
87 21 636
21 81 468
81 21 468
21 38 469
38 21 469
21 37 972
37 21 972
21 36 609
36 21 609
21 31 269
31 21 269
21 52 607
52 21 607
21 38 580
38 21 580
21 90 336
90 21 336
21 37 700
37 21 700
21 24 616
24 21 616
21 91 800
91 21 800
21 67 269
67 21 269
21 89 884
89 21 884
22 60 305
60 22 305
22 45 765
45 22 765
22 54 137
54 22 137
22 94 50
94 22 50
22 74 54
74 22 54
22 77 827
77 22 827
22 50 822
50 22 822
22 93 795
93 22 795
22 74 966
74 22 966
22 53 64
53 22 64
22 75 79
75 22 79
22 27 245
27 22 245
22 23 811
23 22 811
22 67 415
67 22 415
22 34 316
34 22 316
23 59 995
59 23 995
23 64 880
64 23 880
23 35 488
35 23 488
23 27 763
27 23 763
23 54 54
54 23 54
23 75 612
75 23 612
23 86 444
86 23 444
23 45 900
45 23 900
23 68 951
68 23 951
23 23 797
23 23 797
23 66 40
66 23 40
24 33 208
33 24 208
24 46 13
46 24 13
24 95 661
95 24 661
24 54 494
54 24 494
24 29 269
29 24 269
24 83 80
83 24 80
24 26 550
26 24 550
24 71 297
71 24 297
24 34 775
34 24 775
24 26 211
26 24 211
24 82 143
82 24 143
24 34 975
34 24 975
24 55 478
55 24 478
24 62 616
62 24 616
25 95 716
95 25 716
25 58 970
58 25 970
25 35 320
35 25 320
25 38 84
38 25 84
25 79 908
79 25 908
25 40 778
40 25 778
25 47 53
47 25 53
25 71 134
71 25 134
25 79 250
79 25 250
25 72 817
72 25 817
25 73 838
73 25 838
25 68 176
68 25 176
25 50 843
50 25 843
26 29 328
29 26 328
26 67 880
67 26 880
26 87 716
87 26 716
26 47 371
47 26 371
26 56 270
56 26 270
26 95 116
95 26 116
26 62 219
62 26 219
26 82 365
82 26 365
26 63 605
63 26 605
26 77 424
77 26 424
26 94 621
94 26 621
26 51 822
51 26 822
26 65 397
65 26 397
27 36 878
36 27 878
27 93 137
93 27 137
27 49 467
49 27 467
27 35 394
35 27 394
27 88 62
88 27 62
27 61 704
61 27 704
27 34 35
34 27 35
27 78 88
78 27 88
27 70 343
70 27 343
27 49 927
49 27 927
27 37 130
37 27 130
27 79 52
79 27 52
27 44 278
44 27 278
27 77 937
77 27 937
28 35 633
35 28 633
28 94 929
94 28 929
28 57 680
57 28 680
28 84 695
84 28 695
28 89 917
89 28 917
28 81 435
81 28 435
28 64 569
64 28 569
28 40 469
40 28 469
28 89 72
89 28 72
28 75 510
75 28 510
28 82 459
82 28 459
28 33 195
33 28 195
28 80 391
80 28 391
29 41 786
41 29 786
29 75 407
75 29 407
29 94 507
94 29 507
29 54 714
54 29 714
29 30 67
30 29 67
29 45 762
45 29 762
29 87 401
87 29 401
29 96 156
96 29 156
29 65 899
65 29 899
29 53 535
53 29 535
29 78 602
78 29 602
29 94 260
94 29 260
29 53 500
53 29 500
30 39 461
39 30 461
30 42 184
42 30 184
30 49 391
49 30 391
30 59 960
59 30 960
30 66 550
66 30 550
30 90 736
90 30 736
30 95 819
95 30 819
30 88 888
88 30 888
30 31 772
31 30 772
30 71 801
71 30 801
31 44 840
44 31 840
31 69 151
69 31 151
31 37 300
37 31 300
31 82 29
82 31 29
31 76 151
76 31 151
31 52 63
52 31 63
31 55 461
55 31 461
31 57 263
57 31 263
31 88 416
88 31 416
31 54 1
54 31 1
31 63 175
63 31 175
31 85 866
85 31 866
32 84 956
84 32 956
32 60 278
60 32 278
32 90 264
90 32 264
32 60 410
60 32 410
32 66 280
66 32 280
32 36 756
36 32 756
32 93 395
93 32 395
32 61 376
61 32 376
32 47 308
47 32 308
32 83 305
83 32 305
32 57 939
57 32 939
32 45 70
45 32 70
32 74 124
74 32 124
32 57 514
57 32 514
33 50 607
50 33 607
33 55 315
55 33 315
33 63 597
63 33 597
33 74 548
74 33 548
33 36 783
36 33 783
33 92 985
92 33 985
33 44 932
44 33 932
33 91 621
91 33 621
33 73 845
73 33 845
33 84 699
84 33 699
33 67 332
67 33 332
33 54 675
54 33 675
34 95 982
95 34 982
34 58 498
58 34 498
34 65 490
65 34 490
34 56 716
56 34 716
34 67 717
67 34 717
34 63 200
63 34 200
34 90 348
90 34 348
35 76 789
76 35 789
35 79 197
79 35 197
35 67 551
67 35 551
35 44 733
44 35 733
35 80 935
80 35 935
35 79 327
79 35 327
35 49 516
49 35 516
35 83 889
83 35 889
35 67 177
67 35 177
35 95 35
95 35 35
35 70 346
70 35 346
35 94 646
94 35 646
35 57 615
57 35 615
35 77 889
77 35 889
36 75 499
75 36 499
36 75 996
75 36 996
36 91 259
91 36 259
36 57 650
57 36 650
36 56 508
56 36 508
36 83 633
83 36 633
36 85 533
85 36 533
37 45 76
45 37 76
37 62 503
62 37 503
37 67 791
67 37 791
37 77 359
77 37 359
37 51 750
51 37 750
37 41 342
41 37 342
37 85 826
85 37 826
37 44 859
44 37 859
37 72 28
72 37 28
37 68 459
68 37 459
38 58 699
58 38 699
38 57 676
57 38 676
38 70 271
70 38 271
38 93 791
93 38 791
38 81 236
81 38 236
38 83 334
83 38 334
38 91 540
91 38 540
39 66 720
66 39 720
39 59 468
59 39 468
39 54 895
54 39 895
39 77 524
77 39 524
39 87 341
87 39 341
39 74 529
74 39 529
39 47 290
47 39 290
40 69 222
69 40 222
40 75 665
75 40 665
40 76 542
76 40 542
40 84 184
84 40 184
40 96 702
96 40 702
40 75 559
75 40 559
40 49 402
49 40 402
40 73 96
73 40 96
40 73 935
73 40 935
40 45 828
45 40 828
40 43 592
43 40 592
40 82 973
82 40 973
40 70 931
70 40 931
40 82 920
82 40 920
40 86 382
86 40 382
41 77 176
77 41 176
41 68 826
68 41 826
41 42 120
42 41 120
41 88 411
88 41 411
41 49 42
49 41 42
41 82 736
82 41 736
41 51 334
51 41 334
41 81 124
81 41 124
41 51 320
51 41 320
41 93 957
93 41 957
41 43 997
43 41 997
41 57 584
57 41 584
41 56 102
56 41 102
42 76 478
76 42 478
42 70 999
70 42 999
42 80 553
80 42 553
42 93 291
93 42 291
42 50 394
50 42 394
42 69 486
69 42 486
42 58 633
58 42 633
42 96 126
96 42 126
42 45 996
45 42 996
42 91 887
91 42 887
42 48 226
48 42 226
43 83 780
83 43 780
43 57 279
57 43 279
43 91 885
91 43 885
43 84 99
84 43 99
43 66 999
66 43 999
44 96 49
96 44 49
44 50 597
50 44 597
44 68 726
68 44 726
44 69 655
69 44 655
44 81 643
81 44 643
44 89 952
89 44 952
44 58 821
58 44 821
44 80 631
80 44 631
44 73 333
73 44 333
44 62 195
62 44 195
44 49 890
49 44 890
45 63 635
63 45 635
45 83 200
83 45 200
45 59 321
59 45 321
45 79 335
79 45 335
45 70 36
70 45 36
45 70 156
70 45 156
45 86 572
86 45 572
45 87 184
87 45 184
45 71 886
71 45 886
45 67 764
67 45 764
46 92 493
92 46 493
46 89 864
89 46 864
46 63 270
63 46 270
46 49 339
49 46 339
46 66 863
66 46 863
46 66 814
66 46 814
46 84 214
84 46 214
46 86 13
86 46 13
46 81 142
81 46 142
46 95 341
95 46 341
46 70 693
70 46 693
46 77 732
77 46 732
46 55 270
55 46 270
46 79 232
79 46 232
47 48 380
48 47 380
47 81 820
81 47 820
47 70 557
70 47 557
48 70 452
70 48 452
48 71 243
71 48 243
48 49 434
49 48 434
48 86 449
86 48 449
48 77 954
77 48 954
48 48 253
48 48 253
48 58 687
58 48 687
48 79 556
79 48 556
48 56 905
56 48 905
48 53 742
53 48 742
48 85 676
85 48 676
49 55 440
55 49 440
49 85 963
85 49 963
49 75 388
75 49 388
49 89 839
89 49 839
49 81 903
81 49 903
49 91 918
91 49 918
49 52 616
52 49 616
49 76 320
76 49 320
49 55 224
55 49 224
49 91 991
91 49 991
49 53 591
53 49 591
49 84 948
84 49 948
49 67 427
67 49 427
50 63 6
63 50 6
50 57 366
57 50 366
50 89 570
89 50 570
50 83 561
83 50 561
50 81 405
81 50 405
50 86 511
86 50 511
50 75 851
75 50 851
50 58 305
58 50 305
51 68 123
68 51 123
51 88 621
88 51 621
51 96 451
96 51 451
51 69 773
69 51 773
51 55 89
55 51 89
51 78 644
78 51 644
51 90 410
90 51 410
52 53 668
53 52 668
52 75 528
75 52 528
52 85 693
85 52 693
52 67 426
67 52 426
52 85 11
85 52 11
52 69 633
69 52 633
52 58 401
58 52 401
53 72 547
72 53 547
53 76 622
76 53 622
53 53 324
53 53 324
53 53 69
53 53 69
53 90 810
90 53 810
53 80 973
80 53 973
53 80 822
80 53 822
53 77 838
77 53 838
53 67 58
67 53 58
53 69 819
69 53 819
54 81 821
81 54 821
54 77 315
77 54 315
54 87 117
87 54 117
54 61 99
61 54 99
54 82 254
82 54 254
54 63 334
63 54 334
54 84 719
84 54 719
54 76 597
76 54 597
54 88 11
88 54 11
54 93 263
93 54 263
54 77 841
77 54 841
54 67 524
67 54 524
55 63 358
63 55 358
55 66 627
66 55 627
55 81 907
81 55 907
55 91 780
91 55 780
55 65 816
65 55 816
55 70 505
70 55 505
55 69 872
69 55 872
55 83 228
83 55 228
56 72 777
72 56 777
56 66 918
66 56 918
56 89 370
89 56 370
56 73 5
73 56 5
56 87 904
87 56 904
56 75 429
75 56 429
56 58 932
58 56 932
57 58 594
58 57 594
57 79 47
79 57 47
57 96 370
96 57 370
57 91 532
91 57 532
57 61 973
61 57 973
57 77 12
77 57 12
57 94 372
94 57 372
57 64 488
64 57 488
58 81 266
81 58 266
58 95 322
95 58 322
58 69 778
69 58 778
58 63 558
63 58 558
58 59 233
59 58 233
58 96 331
96 58 331
58 94 575
94 58 575
58 87 858
87 58 858
59 67 754
67 59 754
59 70 392
70 59 392
59 88 280
88 59 280
59 74 336
74 59 336
59 93 803
93 59 803
59 62 760
62 59 760
59 61 41
61 59 41
60 85 905
85 60 905
60 83 842
83 60 842
60 84 713
84 60 713
60 82 900
82 60 900
60 87 673
87 60 673
60 81 33
81 60 33
60 86 512
86 60 512
60 62 374
62 60 374
61 96 656
96 61 656
61 66 537
66 61 537
61 67 992
67 61 992
61 95 151
95 61 151
61 74 222
74 61 222
62 87 745
87 62 745
62 72 933
72 62 933
62 91 714
91 62 714
62 75 794
75 62 794
62 92 900
92 62 900
62 91 73
91 62 73
62 87 863
87 62 863
62 90 712
90 62 712
62 76 630
76 62 630
63 86 413
86 63 413
63 85 781
85 63 781
63 87 757
87 63 757
64 79 560
79 64 560
64 90 12
90 64 12
64 73 679
73 64 679
64 93 931
93 64 931
64 74 361
74 64 361
64 69 896
69 64 896
64 89 780
89 64 780
64 71 947
71 64 947
64 75 614
75 64 614
64 64 29
64 64 29
65 90 739
90 65 739
65 68 545
68 65 545
65 70 158
70 65 158
66 85 1
85 66 1
66 95 417
95 66 417
66 67 30
67 66 30
66 91 441
91 66 441
66 81 329
81 66 329
66 89 484
89 66 484
67 83 58
83 67 58
67 89 520
89 67 520
67 68 945
68 67 945
67 94 372
94 67 372
67 82 930
82 67 930
67 78 170
78 67 170
67 94 938
94 67 938
68 89 523
89 68 523
68 91 954
91 68 954
68 87 857
87 68 857
68 89 250
89 68 250
68 76 184
76 68 184
69 78 763
78 69 763
69 83 187
83 69 187
69 76 935
76 69 935
69 90 963
90 69 963
69 90 446
90 69 446
69 87 640
87 69 640
69 84 577
84 69 577
69 87 18
87 69 18
70 85 465
85 70 465
70 94 46
94 70 46
70 79 314
79 70 314
70 87 792
87 70 792
71 86 537
86 71 537
71 95 914
95 71 914
71 79 540
79 71 540
71 86 443
86 71 443
71 84 258
84 71 258
72 79 107
79 72 107
72 73 624
73 72 624
72 96 662
96 72 662
72 88 548
88 72 548
72 84 380
84 72 380
72 75 128
75 72 128
72 87 139
87 72 139
73 74 282
74 73 282
73 82 207
82 73 207
73 91 676
91 73 676
73 74 918
74 73 918
73 76 8
76 73 8
73 86 476
86 73 476
73 84 838
84 73 838
73 80 472
80 73 472
73 78 680
78 73 680
73 83 961
83 73 961
73 82 552
82 73 552
74 78 113
78 74 113
75 87 173
87 75 173
75 86 122
86 75 122
75 92 713
92 75 713
76 91 94
91 76 94
77 90 182
90 77 182
77 79 237
79 77 237
78 86 540
86 78 540
78 89 348
89 78 348
78 78 306
78 78 306
79 90 161
90 79 161
80 82 204
82 80 204
80 85 510
85 80 510
80 86 743
86 80 743
80 81 937
81 80 937
80 87 370
87 80 370
81 85 115
85 81 115
81 82 48
82 81 48
81 96 642
96 81 642
82 91 286
91 82 286
82 85 33
85 82 33
83 88 88
88 83 88
83 95 369
95 83 369
83 85 929
85 83 929
83 94 910
94 83 910
84 91 696
91 84 696
84 85 993
85 84 993
84 94 992
94 84 992
84 93 123
93 84 123
84 87 601
87 84 601
85 91 398
91 85 398
85 87 300
87 85 300
86 94 219
94 86 219
86 86 602
86 86 602
87 89 609
89 87 609
88 90 835
90 88 835
88 94 534
94 88 534
88 95 304
95 88 304
91 95 679
95 91 679
91 94 63
94 91 63
94 95 640
95 94 640
