94

0 1 760
1 0 760
0 2 4
2 0 4
0 12 514
12 0 514
0 16 758
16 0 758
0 38 399
38 0 399
0 35 620
35 0 620
0 51 507
51 0 507
0 91 678
91 0 678
1 4 32
4 1 32
1 6 663
6 1 663
1 10 346
10 1 346
1 52 974
52 1 974
1 85 286
85 1 286
1 78 681
78 1 681
1 58 156
58 1 156
1 78 445
78 1 445
1 87 480
87 1 480
1 81 328
81 1 328
2 3 408
3 2 408
2 23 975
23 2 975
2 41 804
41 2 804
2 45 571
45 2 571
2 62 146
62 2 146
2 7 480
7 2 480
2 67 998
67 2 998
2 40 674
40 2 674
3 24 597
24 3 597
3 30 298
30 3 298
3 43 175
43 3 175
3 15 311
15 3 311
3 15 490
15 3 490
3 35 815
35 3 815
3 84 294
84 3 294
3 88 78
88 3 78
3 31 733
31 3 733
4 5 178
5 4 178
4 9 391
9 4 391
4 15 37
15 4 37
4 28 336
28 4 336
4 33 671
33 4 671
4 15 201
15 4 201
4 55 822
55 4 822
4 34 36
34 4 36
5 17 161
17 5 161
5 22 423
22 5 423
5 72 674
72 5 674
5 41 582
41 5 582
5 88 855
88 5 855
5 28 625
28 5 625
5 57 292
57 5 292
6 7 827
7 6 827
6 11 771
11 6 771
6 13 198
13 6 198
6 18 987
18 6 987
6 40 914
40 6 914
6 47 273
47 6 273
6 49 342
49 6 342
6 79 552
79 6 552
6 10 640
10 6 640
6 77 58
77 6 58
6 46 782
46 6 782
6 83 338
83 6 338
6 13 969
13 6 969
7 8 820
8 7 820
7 92 435
92 7 435
7 59 166
59 7 166
7 41 834
41 7 834
7 52 472
52 7 472
7 79 961
79 7 961
7 66 687
66 7 687
8 37 150
37 8 150
8 68 528
68 8 528
8 25 735
25 8 735
8 23 669
23 8 669
8 43 755
43 8 755
8 70 998
70 8 998
9 75 924
75 9 924
9 52 118
52 9 118
10 14 767
14 10 767
10 71 198
71 10 198
10 31 888
31 10 888
10 37 599
37 10 599
11 19 821
19 11 821
11 27 99
27 11 99
11 42 141
42 11 141
11 66 33
66 11 33
12 67 383
67 12 383
12 46 998
46 12 998
12 89 803
89 12 803
12 89 795
89 12 795
13 42 636
42 13 636
13 68 319
68 13 319
14 31 494
31 14 494
14 34 271
34 14 271
14 27 23
27 14 23
14 51 257
51 14 257
14 30 571
30 14 571
14 56 39
56 14 39
15 25 64
25 15 64
15 30 419
30 15 419
15 79 181
79 15 181
15 69 291
69 15 291
15 59 241
59 15 241
16 26 801
26 16 801
16 90 716
90 16 716
16 34 775
34 16 775
16 59 926
59 16 926
16 56 762
56 16 762
16 76 723
76 16 723
17 21 970
21 17 970
17 38 992
38 17 992
18 56 455
56 18 455
18 68 933
68 18 933
18 72 5
72 18 5
18 22 247
22 18 247
18 81 209
81 18 209
18 58 475
58 18 475
19 20 911
20 19 911
19 51 478
51 19 478
19 71 954
71 19 954
19 48 797
48 19 797
19 62 637
62 19 637
19 56 812
56 19 812
19 82 741
82 19 741
19 37 320
37 19 320
19 58 363
58 19 363
19 76 17
76 19 17
20 25 313
25 20 313
20 29 433
29 20 433
20 57 721
57 20 721
20 89 576
89 20 576
20 37 437
37 20 437
21 32 451
32 21 451
21 44 32
44 21 32
23 86 541
86 23 541
23 31 968
31 23 968
24 76 310
76 24 310
24 27 707
27 24 707
24 53 557
53 24 557
25 36 945
36 25 945
25 46 943
46 25 943
25 61 849
61 25 849
25 49 151
49 25 151
25 88 277
88 25 277
25 87 807
87 25 807
25 28 220
28 25 220
25 66 622
66 25 622
26 55 912
55 26 912
26 63 835
63 26 835
26 43 121
43 26 121
26 67 750
67 26 750
26 70 615
70 26 615
26 63 188
63 26 188
27 82 447
82 27 447
27 83 984
83 27 984
27 29 159
29 27 159
27 59 988
59 27 988
27 92 151
92 27 151
27 49 487
49 27 487
28 39 245
39 28 245
28 58 717
58 28 717
28 93 162
93 28 162
29 54 687
54 29 687
29 35 764
35 29 764
29 85 136
85 29 136
29 38 272
38 29 272
29 39 903
39 29 903
30 88 461
88 30 461
30 38 182
38 30 182
31 53 358
53 31 358
31 60 734
60 31 734
31 63 397
63 31 397
31 52 515
52 31 515
31 40 507
40 31 507
32 35 598
35 32 598
32 79 502
79 32 502
32 72 409
72 32 409
32 54 477
54 32 477
33 70 914
70 33 914
33 64 99
64 33 99
34 93 480
93 34 480
34 83 827
83 34 827
34 72 316
72 34 316
34 70 954
70 34 954
35 51 454
51 35 454
35 54 340
54 35 340
35 71 324
71 35 324
35 73 937
73 35 937
36 60 243
60 36 243
36 60 299
60 36 299
37 65 414
65 37 414
37 77 251
77 37 251
37 88 229
88 37 229
37 75 219
75 37 219
37 60 120
60 37 120
37 92 583
92 37 583
37 40 736
40 37 736
38 88 874
88 38 874
38 66 317
66 38 317
39 53 119
53 39 119
39 47 145
47 39 145
39 63 176
63 39 176
39 76 832
76 39 832
39 68 635
68 39 635
39 78 804
78 39 804
40 81 648
81 40 648
40 88 587
88 40 587
40 42 157
42 40 157
40 87 246
87 40 246
40 43 61
43 40 61
41 80 908
80 41 908
41 91 540
91 41 540
42 73 497
73 42 497
42 80 683
80 42 683
42 50 644
50 42 644
43 91 925
91 43 925
43 65 184
65 43 184
43 45 422
45 43 422
43 57 105
57 43 105
44 64 471
64 44 471
44 47 20
47 44 20
44 90 25
90 44 25
45 84 599
84 45 599
45 67 262
67 45 262
45 63 643
63 45 643
45 81 894
81 45 894
45 78 591
78 45 591
45 73 900
73 45 900
46 63 543
63 46 543
46 54 456
54 46 456
47 48 181
48 47 181
47 93 248
93 47 248
47 59 725
59 47 725
48 50 848
50 48 848
48 74 375
74 48 375
48 68 885
68 48 885
48 56 134
56 48 134
49 87 173
87 49 173
50 69 13
69 50 13
50 63 244
63 50 244
50 74 655
74 50 655
50 64 313
64 50 313
50 91 950
91 50 950
51 77 65
77 51 65
51 53 182
53 51 182
51 76 228
76 51 228
52 77 997
77 52 997
52 88 263
88 52 263
52 60 853
60 52 853
52 75 35
75 52 35
53 60 944
60 53 944
53 66 41
66 53 41
54 74 22
74 54 22
54 70 993
70 54 993
54 93 188
93 54 188
55 60 807
60 55 807
57 76 863
76 57 863
57 64 548
64 57 548
57 82 296
82 57 296
58 59 911
59 58 911
58 67 227
67 58 227
58 74 969
74 58 969
59 91 729
91 59 729
59 66 172
66 59 172
60 78 947
78 60 947
60 83 562
83 60 562
60 81 647
81 60 647
60 87 398
87 60 398
61 92 304
92 61 304
61 69 981
69 61 981
62 68 127
68 62 127
62 69 283
69 62 283
63 84 265
84 63 265
64 92 245
92 64 245
64 83 745
83 64 745
65 86 702
86 65 702
65 73 327
73 65 327
65 85 114
85 65 114
66 93 149
93 66 149
67 85 151
85 67 151
68 75 403
75 68 403
68 79 424
79 68 424
68 76 101
76 68 101
69 70 992
70 69 992
69 87 856
87 69 856
70 76 143
76 70 143
71 75 926
75 71 926
71 77 655
77 71 655
73 75 954
75 73 954
74 79 240
79 74 240
75 87 836
87 75 836
77 89 234
89 77 234
77 89 407
89 77 407
78 83 112
83 78 112
79 80 544
80 79 544
83 87 159
87 83 159
86 89 384
89 86 384
87 90 546
90 87 546
88 92 373
92 88 373
