99

0 1 886
1 0 886
0 3 889
3 0 889
0 5 855
5 0 855
0 13 798
13 0 798
0 90 692
90 0 692
0 4 733
4 0 733
0 43 614
43 0 614
0 93 776
93 0 776
0 27 746
27 0 746
0 69 502
69 0 502
0 10 263
10 0 263
0 43 48
43 0 48
0 27 144
27 0 144
1 2 827
2 1 827
1 25 431
25 1 431
1 48 327
48 1 327
1 56 595
56 1 595
1 74 264
74 1 264
1 47 118
47 1 118
1 90 454
90 1 454
1 94 643
94 1 643
1 16 155
16 1 155
1 88 736
88 1 736
1 1 547
1 1 547
1 79 856
79 1 856
1 98 470
98 1 470
1 10 956
10 1 956
1 61 242
61 1 242
1 30 873
30 1 873
2 4 606
4 2 606
2 7 449
7 2 449
2 29 329
29 2 329
2 86 138
86 2 138
2 2 108
2 2 108
2 57 595
57 2 595
2 81 331
81 2 331
2 81 144
81 2 144
2 35 341
35 2 341
2 54 626
54 2 626
2 19 517
19 2 517
2 49 300
49 2 300
2 29 72
29 2 72
2 95 572
95 2 572
2 38 959
38 2 959
2 73 748
73 2 748
2 34 295
34 2 295
3 6 929
6 3 929
3 12 711
12 3 711
3 18 331
18 3 331
3 36 711
36 3 711
3 41 683
41 3 683
3 94 651
94 3 651
3 41 562
41 3 562
3 33 476
33 3 476
3 12 252
12 3 252
3 29 624
29 3 624
3 14 319
14 3 319
3 25 282
25 3 282
3 18 194
18 3 194
3 92 696
92 3 696
3 12 265
12 3 265
3 28 763
28 3 763
3 52 668
52 3 668
3 33 134
33 3 134
3 79 528
79 3 528
3 82 183
82 3 183
3 34 507
34 3 507
3 23 814
23 3 814
3 71 723
71 3 723
3 39 966
39 3 966
4 22 616
22 4 616
4 33 460
33 4 460
4 50 274
50 4 274
4 47 892
47 4 892
4 52 809
52 4 809
4 60 248
60 4 248
4 62 737
62 4 737
4 31 818
31 4 818
4 89 312
89 4 312
4 25 170
25 4 170
4 23 373
23 4 373
4 51 37
51 4 37
4 75 694
75 4 694
4 62 331
62 4 331
4 98 771
98 4 771
4 19 369
19 4 369
5 17 485
17 5 485
5 29 673
29 5 673
5 95 566
95 5 566
5 38 707
38 5 707
5 28 514
28 5 514
5 45 48
45 5 48
5 42 782
42 5 782
5 74 538
74 5 538
5 88 152
88 5 152
5 39 953
39 5 953
5 44 662
44 5 662
5 80 167
80 5 167
5 96 93
96 5 93
5 34 497
34 5 497
5 45 12
45 5 12
5 27 879
27 5 879
5 41 915
41 5 915
5 59 118
59 5 118
5 69 984
69 5 984
5 84 297
84 5 297
5 67 496
67 5 496
5 25 756
25 5 756
5 11 285
11 5 285
6 14 751
14 6 751
6 27 555
27 6 555
6 98 804
98 6 804
6 58 966
58 6 966
6 76 707
76 6 707
6 70 430
70 6 430
6 75 895
75 6 895
6 61 865
61 6 865
6 59 632
59 6 632
6 86 825
86 6 825
6 85 385
85 6 385
6 98 726
98 6 726
6 32 982
32 6 982
6 17 251
17 6 251
6 90 489
90 6 489
6 60 355
60 6 355
6 82 494
82 6 494
6 64 107
64 6 107
6 69 992
69 6 992
6 41 941
41 6 941
6 89 195
89 6 195
6 79 760
79 6 760
6 77 940
77 6 940
6 33 565
33 6 565
6 46 773
46 6 773
7 8 231
8 7 231
7 19 77
19 7 77
7 31 285
31 7 285
7 49 692
49 7 692
7 66 745
66 7 745
7 45 501
45 7 501
7 75 592
75 7 592
7 38 815
38 7 815
7 26 304
26 7 304
7 88 124
88 7 124
7 89 635
89 7 635
7 98 11
98 7 11
7 86 951
86 7 951
7 35 617
35 7 617
8 9 335
9 8 335
8 10 935
10 8 935
8 16 808
16 8 808
8 58 495
58 8 495
8 82 646
82 8 646
8 60 124
60 8 124
8 48 168
48 8 168
8 57 490
57 8 490
8 14 264
14 8 264
8 35 674
35 8 674
8 37 290
37 8 290
8 50 897
50 8 897
8 18 404
18 8 404
8 67 167
67 8 167
8 65 644
65 8 644
8 40 639
40 8 639
8 51 270
51 8 270
8 27 173
27 8 173
8 89 285
89 8 285
8 30 573
30 8 573
9 11 738
11 9 738
9 24 974
24 9 974
9 38 870
38 9 870
9 40 388
40 9 388
9 53 648
53 9 648
9 92 385
92 9 385
9 82 943
82 9 943
9 50 440
50 9 440
9 49 71
49 9 71
9 34 213
34 9 213
9 37 907
37 9 907
9 17 449
17 9 449
9 55 728
55 9 728
9 61 228
61 9 228
9 32 576
32 9 576
9 28 993
28 9 993
9 19 250
19 9 250
9 71 356
71 9 356
9 33 285
33 9 285
9 93 621
93 9 621
9 68 751
68 9 751
9 49 43
49 9 43
9 75 675
75 9 675
10 15 563
15 10 563
10 21 693
21 10 693
10 86 330
86 10 330
10 74 30
74 10 30
10 11 900
11 10 900
10 22 491
22 10 491
10 98 652
98 10 652
10 75 608
75 10 608
10 46 614
46 10 614
10 79 767
79 10 767
10 73 575
73 10 575
10 92 738
92 10 738
10 81 164
81 10 164
11 42 980
42 11 980
11 50 440
50 11 440
11 85 493
85 11 493
11 35 307
35 11 307
11 68 761
68 11 761
11 16 458
16 11 458
11 83 416
83 11 416
11 51 763
51 11 763
11 56 997
56 11 997
11 18 299
18 11 299
11 44 128
44 11 128
11 41 235
41 11 235
11 46 893
46 11 893
11 48 390
48 11 390
11 51 698
51 11 698
11 23 736
23 11 736
11 16 102
16 11 102
11 28 208
28 11 208
12 85 749
85 12 749
12 41 581
41 12 581
12 80 972
80 12 972
12 28 461
28 12 461
12 94 197
94 12 197
12 69 359
69 12 359
12 67 112
67 12 112
12 95 829
95 12 829
12 44 973
44 12 973
12 76 69
76 12 69
12 27 564
27 12 564
12 40 304
40 12 304
13 20 392
20 13 392
13 28 651
28 13 651
13 82 44
82 13 44
13 28 55
28 13 55
13 15 669
15 13 669
13 20 512
20 13 512
13 34 685
34 13 685
13 40 915
40 13 915
13 53 545
53 13 545
13 80 369
80 13 369
13 53 567
53 13 567
13 78 462
78 13 462
13 56 144
56 13 144
13 96 866
96 13 866
13 23 956
23 13 956
13 72 746
72 13 746
13 28 423
28 13 423
14 23 734
23 14 734
14 37 747
37 14 747
14 39 748
39 14 748
14 18 400
18 14 400
14 63 775
63 14 775
14 97 146
97 14 146
14 67 94
67 14 94
14 97 58
97 14 58
14 54 310
54 14 310
14 54 711
54 14 711
14 22 517
22 14 517
14 26 174
26 14 174
14 19 660
19 14 660
14 96 350
96 14 350
15 34 274
34 15 274
15 74 694
74 15 694
15 26 393
26 15 393
15 66 269
66 15 269
15 69 212
69 15 212
15 21 519
21 15 519
15 31 737
31 15 737
16 61 922
61 16 922
16 75 753
75 16 753
16 90 825
90 16 825
16 60 394
60 16 394
16 27 999
27 16 999
16 24 390
24 16 390
16 41 134
41 16 134
16 18 768
18 16 768
16 95 501
95 16 501
16 41 361
41 16 361
16 23 790
23 16 790
16 25 917
25 16 917
16 37 30
37 16 30
17 65 488
65 17 488
17 84 528
84 17 528
17 88 151
88 17 151
17 59 110
59 17 110
17 63 321
63 17 321
17 28 15
28 17 15
17 67 56
67 17 56
17 81 165
81 17 165
17 40 873
40 17 873
17 86 557
86 17 557
17 77 759
77 17 759
18 30 535
30 18 535
18 71 77
71 18 77
18 94 130
94 18 130
18 69 860
69 18 860
18 87 237
87 18 237
18 42 165
42 18 165
18 45 219
45 18 219
18 31 873
31 18 873
18 98 769
98 18 769
18 70 429
70 18 429
18 44 562
44 18 562
18 23 829
23 18 829
18 36 378
36 18 378
18 89 548
89 18 548
18 63 860
63 18 860
19 63 374
63 19 374
19 78 46
78 19 46
19 93 10
93 19 10
19 59 963
59 19 963
19 85 468
85 19 468
19 77 218
77 19 218
19 30 46
30 19 46
20 26 141
26 20 141
20 45 376
45 20 376
20 38 410
38 20 410
20 59 56
59 20 56
20 40 517
40 20 517
20 80 833
80 20 833
20 51 593
51 20 593
20 84 822
84 20 822
20 29 837
29 20 837
20 29 377
29 20 377
20 80 678
80 20 678
20 62 915
62 20 915
20 27 815
27 20 815
20 73 756
73 20 756
20 68 489
68 20 489
20 77 697
77 20 697
20 76 275
76 20 275
20 93 133
93 20 133
20 53 253
53 20 253
20 75 729
75 20 729
21 47 924
47 21 924
21 75 566
75 21 566
21 67 683
67 21 683
21 22 902
22 21 902
21 27 925
27 21 925
21 54 268
54 21 268
21 69 850
69 21 850
21 53 259
53 21 259
21 50 742
50 21 742
21 71 151
71 21 151
21 32 905
32 21 905
21 84 826
84 21 826
21 93 173
93 21 173
21 63 847
63 21 847
21 70 506
70 21 506
21 97 451
97 21 451
21 68 76
68 21 76
22 73 148
73 22 148
22 96 427
96 22 427
22 86 737
86 22 737
22 65 979
65 22 979
22 84 384
84 22 384
22 44 770
44 22 770
22 70 542
70 22 542
22 46 258
46 22 258
22 30 318
30 22 318
22 71 234
71 22 234
22 44 680
44 22 680
22 49 875
49 22 875
22 62 996
62 22 996
22 75 444
75 22 444
22 72 677
72 22 677
22 51 433
51 22 433
22 82 129
82 22 129
23 55 355
55 23 355
23 56 360
56 23 360
23 58 289
58 23 289
23 77 541
77 23 541
23 48 235
48 23 235
23 43 220
43 23 220
23 36 808
36 23 808
23 37 442
37 23 442
23 69 799
69 23 799
23 53 289
53 23 289
23 34 109
34 23 109
23 71 718
71 23 718
23 65 321
65 23 321
24 35 819
35 24 819
24 46 162
46 24 162
24 64 853
64 24 853
24 39 430
39 24 430
24 82 180
82 24 180
24 26 414
26 24 414
24 52 767
52 24 767
24 55 105
55 24 105
24 41 898
41 24 898
24 78 558
78 24 558
24 52 803
52 24 803
24 25 623
25 24 623
24 87 790
87 24 790
24 34 252
34 24 252
24 29 334
29 24 334
24 33 318
33 24 318
25 52 847
52 25 847
25 75 670
75 25 670
25 62 657
62 25 657
25 49 864
49 25 864
25 68 899
68 25 899
25 78 746
78 25 746
25 38 578
38 25 578
25 38 500
38 25 500
25 80 519
80 25 519
25 42 480
42 25 480
25 60 593
60 25 593
25 28 490
28 25 490
26 86 507
86 26 507
26 80 635
80 26 635
26 57 616
57 26 616
26 81 398
81 26 398
26 51 709
51 26 709
26 47 753
47 26 753
26 34 470
34 26 470
26 88 840
88 26 840
26 40 658
40 26 658
26 80 382
80 26 382
26 74 434
74 26 434
26 61 814
61 26 814
27 82 15
82 27 15
27 84 868
84 27 868
27 54 172
54 27 172
27 31 631
31 27 631
27 90 715
90 27 715
27 94 654
94 27 654
27 75 236
75 27 236
27 89 682
89 27 682
27 55 463
55 27 463
27 41 790
41 27 790
27 59 489
59 27 489
28 81 743
81 28 743
28 88 481
88 28 481
28 68 720
68 28 720
28 48 638
48 28 638
28 83 715
83 28 715
28 92 10
92 28 10
28 28 880
28 28 880
28 45 761
45 28 761
28 39 749
39 28 749
29 32 556
32 29 556
29 92 133
92 29 133
29 90 840
90 29 840
29 87 985
87 29 985
29 65 965
65 29 965
29 95 601
95 29 601
29 48 420
48 29 420
30 40 805
40 30 805
30 83 709
83 30 709
30 79 792
79 30 792
30 67 390
67 30 390
30 67 851
67 30 851
30 92 290
92 30 290
30 87 895
87 30 895
30 95 906
95 30 906
30 54 435
54 30 435
30 38 291
38 30 291
31 72 231
72 31 231
31 56 446
56 31 446
31 58 77
58 31 77
31 95 971
95 31 971
31 85 864
85 31 864
31 94 387
94 31 387
31 69 803
69 31 803
31 88 779
88 31 779
31 95 4
95 31 4
31 45 702
45 31 702
31 95 988
95 31 988
31 89 345
89 31 345
31 66 723
66 31 723
31 59 60
59 31 60
32 70 662
70 32 662
32 79 574
79 32 574
32 58 655
58 32 655
32 74 967
74 32 967
32 74 10
74 32 10
32 69 714
69 32 714
32 32 708
32 32 708
32 71 204
71 32 204
32 57 443
57 32 443
32 54 333
54 32 333
32 58 642
58 32 642
32 80 100
80 32 100
32 69 984
69 32 984
32 92 145
92 32 145
32 36 161
36 32 161
32 88 477
88 32 477
32 78 788
78 32 788
32 79 683
79 32 683
32 37 794
37 32 794
32 40 109
40 32 109
32 92 632
92 32 632
32 67 612
67 32 612
32 87 78
87 32 78
32 42 865
42 32 865
33 91 524
91 33 524
33 52 662
52 33 662
33 98 420
98 33 420
33 82 757
82 33 757
33 65 179
65 33 179
33 50 546
50 33 546
33 50 904
50 33 904
33 72 445
72 33 445
33 79 776
79 33 776
33 75 222
75 33 222
33 94 472
94 33 472
33 34 73
34 33 73
33 63 125
63 33 125
33 70 848
70 33 848
33 43 790
43 33 790
33 94 590
94 33 590
34 59 154
59 34 154
34 96 969
96 34 969
34 47 887
47 34 887
34 82 608
82 34 608
34 63 896
63 34 896
34 94 97
94 34 97
34 75 821
75 34 821
34 79 504
79 34 504
34 35 836
35 34 836
35 74 35
74 35 35
35 60 539
60 35 539
35 38 721
38 35 721
35 64 111
64 35 111
35 57 690
57 35 690
35 88 240
88 35 240
35 70 800
70 35 800
35 67 490
67 35 490
35 60 171
60 35 171
35 93 670
93 35 670
36 66 878
66 36 878
36 90 743
90 36 743
36 77 687
77 36 687
36 92 457
92 36 457
36 94 633
94 36 633
36 71 1
71 36 1
36 81 909
81 36 909
36 80 287
80 36 287
37 43 713
43 37 713
37 92 872
92 37 872
37 97 109
97 37 109
37 95 859
95 37 859
37 54 989
54 37 989
37 45 672
45 37 672
37 45 885
45 37 885
37 70 745
70 37 745
37 73 722
73 37 722
37 68 319
68 37 319
37 90 480
90 37 480
37 86 340
86 37 340
37 62 154
62 37 154
38 80 760
80 38 760
38 90 962
90 38 962
38 47 400
47 38 400
38 56 479
56 38 479
38 73 704
73 38 704
38 63 687
63 38 687
38 95 657
95 38 657
38 56 346
56 38 346
38 58 300
58 38 300
38 62 235
62 38 235
38 89 275
89 38 275
38 95 118
95 38 118
39 44 900
44 39 900
39 93 340
93 39 340
39 52 231
52 39 231
39 45 772
45 39 772
39 67 995
67 39 995
39 83 808
83 39 808
39 72 648
72 39 648
40 49 31
49 40 31
40 91 102
91 40 102
40 63 135
63 40 135
40 56 195
56 40 195
40 45 533
45 40 533
40 64 8
64 40 8
40 98 764
98 40 764
40 75 474
75 40 474
40 67 745
67 40 745
40 61 681
61 40 681
41 61 885
61 41 885
41 75 174
75 41 174
41 80 639
80 41 639
41 74 615
74 41 615
41 96 934
96 41 934
41 70 273
70 41 273
41 96 447
96 41 447
41 83 884
83 41 884
41 71 971
71 41 971
41 98 52
98 41 52
42 88 84
88 42 84
42 86 16
86 42 16
42 98 388
98 42 388
42 88 908
88 42 908
42 94 294
94 42 294
42 70 686
70 42 686
43 75 954
75 43 954
43 46 794
46 43 794
43 85 340
85 43 340
43 45 122
45 43 122
43 93 609
93 43 609
43 67 547
67 43 547
43 56 671
56 43 671
43 55 42
55 43 42
44 76 267
76 44 267
44 65 637
65 44 637
44 54 833
54 44 833
44 77 505
77 44 505
44 58 388
58 44 388
44 88 29
88 44 29
44 73 506
73 44 506
44 44 373
44 44 373
44 87 832
87 44 832
44 82 945
82 44 945
45 51 611
51 45 611
45 60 967
60 45 967
45 61 769
61 45 769
45 48 157
48 45 157
45 58 798
58 45 798
45 55 791
55 45 791
45 74 565
74 45 565
45 77 212
77 45 212
45 56 921
56 45 921
45 55 368
55 45 368
46 54 940
54 46 940
46 77 828
77 46 828
46 97 328
97 46 328
46 69 216
69 46 216
46 90 738
90 46 738
46 79 51
79 46 51
46 71 801
71 46 801
46 60 283
60 46 283
46 58 297
58 46 297
46 57 819
57 46 819
47 74 723
74 47 723
47 63 301
63 47 301
47 62 772
62 47 772
47 89 352
89 47 352
47 70 701
70 47 701
47 64 355
64 47 355
48 57 58
57 48 58
48 64 234
64 48 234
48 77 62
77 48 62
48 60 441
60 48 441
48 68 505
68 48 505
48 98 78
98 48 78
48 54 890
54 48 890
48 56 660
56 48 660
49 51 338
51 49 338
49 79 822
79 49 822
49 87 273
87 49 273
49 85 211
85 49 211
49 80 873
80 49 873
49 53 424
53 49 424
49 87 521
87 49 521
49 65 225
65 49 225
49 83 252
83 49 252
49 79 534
79 49 534
49 65 360
65 49 360
50 75 775
75 50 775
50 92 897
92 50 897
50 92 457
92 50 457
50 60 508
60 50 508
50 97 430
97 50 430
50 77 460
77 50 460
50 83 256
83 50 256
50 52 611
52 50 611
51 73 4
73 51 4
51 55 949
55 51 949
51 96 640
96 51 640
51 66 376
66 51 376
51 59 73
59 51 73
51 59 195
59 51 195
51 57 862
57 51 862
51 93 203
93 51 203
51 81 219
81 51 219
51 72 774
72 51 774
51 93 838
93 51 838
51 57 132
57 51 132
52 89 213
89 52 213
52 93 305
93 52 305
52 74 587
74 52 587
52 65 938
65 52 938
52 68 517
68 52 517
52 95 126
95 52 126
52 93 166
93 52 166
52 96 450
96 52 450
52 85 465
85 52 465
53 98 452
98 53 452
53 90 896
90 53 896
53 76 437
76 53 437
53 85 301
85 53 301
53 87 879
87 53 879
53 92 461
92 53 461
53 56 774
56 53 774
53 78 809
78 53 809
53 77 997
77 53 997
54 62 602
62 54 602
54 70 671
70 54 671
54 54 581
54 54 581
54 59 894
59 54 894
54 63 673
63 54 673
54 56 467
56 54 467
54 81 146
81 54 146
54 54 370
54 54 370
54 64 781
64 54 781
54 69 197
69 54 197
54 69 539
69 54 539
55 83 796
83 55 796
55 87 988
87 55 988
55 56 736
56 55 736
55 61 537
61 55 537
55 87 957
87 55 957
55 62 45
62 55 45
55 91 532
91 55 532
55 91 84
91 55 84
55 62 246
62 55 246
56 61 513
61 56 513
56 65 983
65 56 983
56 57 952
57 56 952
56 96 465
96 56 465
56 74 106
74 56 106
56 92 650
92 56 650
56 72 879
72 56 879
56 59 958
59 56 958
56 64 872
64 56 872
57 96 955
96 57 955
57 73 194
73 57 194
57 86 20
86 57 20
57 72 695
72 57 695
57 66 672
66 57 672
57 88 118
88 57 118
58 67 249
67 58 249
58 87 989
87 58 989
58 96 545
96 58 545
58 73 118
73 58 118
58 63 805
63 58 805
58 80 913
80 58 913
58 96 580
96 58 580
58 58 630
58 58 630
58 96 114
96 58 114
58 94 957
94 58 957
58 83 877
83 58 877
59 74 875
74 59 875
59 78 327
78 59 327
59 85 567
85 59 567
59 65 639
65 59 639
59 89 492
89 59 492
59 95 779
95 59 779
59 63 130
63 59 130
60 67 17
67 60 17
60 63 268
63 60 268
60 83 97
83 60 97
60 63 296
63 60 296
60 68 526
68 60 526
60 96 550
96 60 550
60 82 609
82 60 609
61 83 260
83 61 260
61 88 764
88 61 764
61 93 211
93 61 211
61 87 121
87 61 121
61 94 976
94 61 976
61 96 55
96 61 55
61 75 279
75 61 279
61 64 176
64 61 176
61 73 151
73 61 151
61 74 283
74 61 283
61 91 306
91 61 306
62 68 704
68 62 704
62 85 595
85 62 595
62 83 216
83 62 216
62 86 152
86 62 152
62 87 472
87 62 472
62 98 112
98 62 112
63 69 671
69 63 671
63 81 705
81 63 705
63 81 42
81 63 42
63 82 697
82 63 697
63 89 158
89 63 158
63 76 584
76 63 584
63 71 602
71 63 602
64 65 460
65 64 460
64 67 118
67 64 118
65 86 533
86 65 533
65 71 920
71 65 920
65 86 678
86 65 678
66 70 184
70 66 184
66 86 396
86 66 396
67 87 49
87 67 49
67 67 558
67 67 558
67 88 305
88 67 305
68 93 437
93 68 437
68 87 493
87 68 493
68 76 903
76 68 903
68 93 432
93 68 432
68 77 149
77 68 149
68 82 141
82 68 141
68 87 791
87 68 791
69 86 415
86 69 415
69 76 327
76 69 327
69 94 187
94 69 187
69 97 492
97 69 492
69 78 974
78 69 974
69 70 203
70 69 203
69 86 132
86 69 132
70 87 723
87 70 723
71 85 858
85 71 858
71 80 572
80 71 572
71 72 885
72 71 885
71 97 94
97 71 94
71 90 701
90 71 701
71 87 928
87 71 928
72 97 365
97 72 365
72 77 313
77 72 313
73 78 81
78 73 81
73 97 156
97 73 156
73 79 580
79 73 580
74 93 329
93 74 329
74 96 496
96 74 496
74 97 603
97 74 603
74 98 486
98 74 486
74 79 257
79 74 257
75 96 992
96 75 992
75 86 206
86 75 206
75 91 693
91 75 693
75 88 411
88 75 411
76 96 557
96 76 557
76 79 619
79 76 619
76 84 630
84 76 630
76 92 279
92 76 279
76 90 392
90 76 392
77 95 290
95 77 290
77 89 52
89 77 52
77 84 832
84 77 832
77 87 247
87 77 247
77 85 713
85 77 713
77 87 947
87 77 947
78 91 466
91 78 466
78 97 513
97 78 513
78 97 462
97 78 462
79 84 401
84 79 401
79 80 703
80 79 703
79 98 950
98 79 950
79 86 101
86 79 101
80 87 345
87 80 345
80 80 1000
80 80 1000
80 89 490
89 80 490
81 82 256
82 81 256
81 94 691
94 81 691
81 93 333
93 81 333
81 92 226
92 81 226
81 96 557
96 81 557
82 98 864
98 82 864
82 98 818
98 82 818
83 85 649
85 83 649
83 97 615
97 83 615
83 97 657
97 83 657
83 84 120
84 83 120
84 94 61
94 84 61
84 89 663
89 84 663
84 94 142
94 84 142
84 94 164
94 84 164
85 94 503
94 85 503
86 94 531
94 86 531
86 97 954
97 86 954
87 92 316
92 87 316
87 92 679
92 87 679
87 88 948
88 87 948
88 90 958
90 88 958
88 96 809
96 88 809
89 97 659
97 89 659
89 98 696
98 89 696
89 97 357
97 89 357
89 92 168
92 89 168
90 97 935
97 90 935
91 94 801
94 91 801
91 95 81
95 91 81
91 93 701
93 91 701
92 96 679
96 92 679
92 98 820
98 92 820
94 98 873
98 94 873
