18

0 1 623
1 0 623
0 2 345
2 0 345
0 3 600
3 0 600
0 5 966
5 0 966
0 9 202
9 0 202
0 10 586
10 0 586
1 4 282
4 1 282
2 7 431
7 2 431
3 12 919
12 3 919
4 6 890
6 4 890
5 8 912
8 5 912
5 14 33
14 5 33
5 15 139
15 5 139
10 11 477
11 10 477
10 13 20
13 10 20
11 15 4
15 11 4
13 16 175
16 13 175
14 17 159
17 14 159
