41

0 1 214
1 0 214
0 12 690
12 0 690
0 14 420
14 0 420
0 21 832
21 0 832
0 30 673
30 0 673
1 2 971
2 1 971
1 5 983
5 1 983
1 22 168
22 1 168
1 10 948
10 1 948
1 11 799
11 1 799
1 15 541
15 1 541
1 11 762
11 1 762
1 22 264
22 1 264
1 19 915
19 1 915
2 3 358
3 2 358
2 4 388
4 2 388
2 13 656
13 2 656
2 24 274
24 2 274
2 34 497
34 2 497
2 9 411
9 2 411
2 10 794
10 2 794
2 6 449
6 2 449
3 6 732
6 3 732
3 9 940
9 3 940
3 17 865
17 3 865
3 29 254
29 3 254
3 29 661
29 3 661
3 39 226
39 3 226
4 7 515
7 4 515
4 10 517
10 4 517
4 39 734
39 4 734
4 20 139
20 4 139
4 35 748
35 4 748
5 28 446
28 5 446
5 30 890
30 5 890
5 26 211
26 5 211
6 8 336
8 6 336
6 11 956
11 6 956
6 37 565
37 6 565
6 39 56
39 6 56
6 33 992
33 6 992
7 16 451
16 7 451
7 14 293
14 7 293
8 33 328
33 8 328
8 23 628
23 8 628
8 22 987
22 8 987
9 25 606
25 9 606
9 20 125
20 9 125
9 14 977
14 9 977
10 31 922
31 10 922
10 19 392
19 10 392
10 13 194
13 10 194
10 40 414
40 10 414
10 38 344
38 10 344
11 27 338
27 11 338
12 15 108
15 12 108
12 20 560
20 12 560
12 36 318
36 12 318
12 33 286
33 12 286
13 18 945
18 13 945
13 27 756
27 13 756
13 38 76
38 13 76
13 38 36
38 13 36
13 17 567
17 13 567
13 31 635
31 13 635
13 28 817
28 13 817
14 25 471
25 14 471
14 22 108
22 14 108
15 39 500
39 15 500
15 25 253
25 15 253
15 19 509
19 15 509
15 24 189
24 15 189
15 32 615
32 15 615
15 36 194
36 15 194
15 26 162
26 15 162
15 31 623
31 15 623
15 35 250
35 15 250
15 27 382
27 15 382
16 25 621
25 16 621
16 34 882
34 16 882
16 34 230
34 16 230
17 31 66
31 17 66
18 19 911
19 18 911
18 32 390
32 18 390
18 27 527
27 18 527
20 38 676
38 20 676
20 36 291
36 20 291
20 32 597
32 20 597
20 28 762
28 20 762
21 35 918
35 21 918
21 29 251
29 21 251
22 23 736
23 22 736
23 35 58
35 23 58
23 32 842
32 23 842
23 37 127
37 23 127
23 29 436
29 23 436
24 26 444
26 24 444
24 25 949
25 24 949
26 30 126
30 26 126
26 30 910
30 26 910
28 39 11
39 28 11
28 40 162
40 28 162
28 30 401
30 28 401
33 38 877
38 33 877
34 40 318
40 34 318
34 40 751
40 34 751
40 40 937
40 40 937
