88

0 1 314
1 0 314
0 2 812
2 0 812
0 8 696
8 0 696
0 66 463
66 0 463
0 54 153
54 0 153
0 35 81
35 0 81
0 41 254
41 0 254
0 82 121
82 0 121
0 2 152
2 0 152
1 5 239
5 1 239
1 6 790
6 1 790
1 11 658
11 1 658
1 12 108
12 1 108
1 16 819
16 1 819
1 19 300
19 1 300
1 28 109
28 1 109
1 52 566
52 1 566
1 64 430
64 1 430
1 75 550
75 1 550
1 50 774
50 1 774
2 3 800
3 2 800
2 4 129
4 2 129
2 10 89
10 2 89
2 15 699
15 2 699
2 26 357
26 2 357
2 30 79
30 2 79
2 50 886
50 2 886
2 20 978
20 2 978
2 64 973
64 2 973
2 57 569
57 2 569
2 7 1000
7 2 1000
2 66 865
66 2 865
2 38 373
38 2 373
3 13 951
13 3 951
3 24 681
24 3 681
3 27 232
27 3 232
3 31 356
31 3 356
3 64 603
64 3 603
3 7 787
7 3 787
3 56 436
56 3 436
3 34 568
34 3 568
3 75 85
75 3 85
3 28 542
28 3 542
4 7 38
7 4 38
4 55 417
55 4 417
4 58 70
58 4 70
4 11 295
11 4 295
4 27 545
27 4 545
4 75 283
75 4 283
4 22 982
22 4 982
4 18 214
18 4 214
4 47 37
47 4 37
4 38 786
38 4 786
5 9 847
9 5 847
5 17 443
17 5 443
5 73 965
73 5 965
5 12 341
12 5 341
5 44 847
44 5 847
5 48 214
48 5 214
5 38 242
38 5 242
5 81 441
81 5 441
5 12 478
12 5 478
6 34 357
34 6 357
6 12 144
12 6 144
6 55 403
55 6 403
6 22 472
22 6 472
6 35 735
35 6 735
6 27 656
27 6 656
6 7 836
7 6 836
7 63 793
63 7 793
7 37 52
37 7 52
7 16 750
16 7 750
7 67 108
67 7 108
8 14 154
14 8 154
8 74 557
74 8 557
8 24 919
24 8 919
8 28 51
28 8 51
8 51 366
51 8 366
8 70 940
70 8 940
8 66 200
66 8 200
9 23 906
23 9 906
9 30 63
30 9 63
9 74 495
74 9 495
9 40 513
40 9 513
9 28 816
28 9 816
10 32 597
32 10 597
10 80 491
80 10 491
10 84 566
84 10 566
10 42 131
42 10 131
10 64 439
64 10 439
10 37 575
37 10 575
10 18 351
18 10 351
11 75 758
75 11 758
11 65 120
65 11 120
11 35 128
35 11 128
11 31 382
31 11 382
11 16 65
16 11 65
11 38 580
38 11 580
11 40 329
40 11 329
12 52 734
52 12 734
12 59 475
59 12 475
12 59 168
59 12 168
12 75 21
75 12 21
12 77 413
77 12 413
12 15 285
15 12 285
12 66 152
66 12 152
12 72 285
72 12 285
12 29 255
29 12 255
12 78 107
78 12 107
13 36 54
36 13 54
13 52 541
52 13 541
13 30 326
30 13 326
13 24 344
24 13 344
14 18 592
18 14 592
14 38 612
38 14 612
14 51 854
51 14 854
14 67 787
67 14 787
14 70 449
70 14 449
14 15 740
15 14 740
14 19 551
19 14 551
14 51 99
51 14 99
14 19 916
19 14 916
14 36 915
36 14 915
14 23 545
23 14 545
15 55 963
55 15 963
15 61 268
61 15 268
15 83 466
83 15 466
15 78 215
78 15 215
15 69 312
69 15 312
15 42 150
42 15 150
15 28 565
28 15 565
16 26 73
26 16 73
16 70 852
70 16 852
16 68 970
68 16 970
16 82 589
82 16 589
16 55 163
55 16 163
16 50 618
50 16 618
16 30 570
30 16 570
16 62 352
62 16 352
17 45 675
45 17 675
17 60 222
60 17 222
17 48 297
48 17 297
17 85 537
85 17 537
18 20 963
20 18 963
18 22 743
22 18 743
18 35 34
35 18 34
18 47 241
47 18 241
18 55 318
55 18 318
18 80 412
80 18 412
18 73 438
73 18 438
19 33 324
33 19 324
19 84 155
84 19 155
19 51 158
51 19 158
19 82 169
82 19 169
19 42 101
42 19 101
19 78 46
78 19 46
19 35 882
35 19 882
20 21 167
21 20 167
20 29 674
29 20 674
20 57 415
57 20 415
20 71 132
71 20 132
21 25 287
25 21 287
21 78 206
78 21 206
21 61 394
61 21 394
21 63 705
63 21 705
21 49 175
49 21 175
21 56 130
56 21 130
21 55 869
55 21 869
21 39 709
39 21 709
21 72 753
72 21 753
22 40 440
40 22 440
22 38 335
38 22 335
22 76 482
76 22 482
22 30 587
30 22 587
22 31 931
31 22 931
23 71 608
71 23 608
23 68 999
68 23 999
23 59 113
59 23 113
23 69 301
69 23 301
23 35 155
35 23 155
23 84 579
84 23 579
24 49 376
49 24 376
24 86 307
86 24 307
24 35 279
35 24 279
24 78 894
78 24 894
24 38 20
38 24 20
25 39 595
39 25 595
25 70 188
70 25 188
25 87 721
87 25 721
25 70 781
70 25 781
25 55 206
55 25 206
26 77 32
77 26 32
26 67 863
67 26 863
26 70 365
70 26 365
26 52 121
52 26 121
27 41 309
41 27 309
27 32 889
32 27 889
27 76 980
76 27 980
27 82 793
82 27 793
27 42 425
42 27 425
27 38 20
38 27 20
28 37 383
37 28 383
28 50 158
50 28 158
28 30 950
30 28 950
28 52 469
52 28 469
28 31 698
31 28 698
29 60 734
60 29 734
29 77 3
77 29 3
29 49 408
49 29 408
29 85 594
85 29 594
29 53 49
53 29 49
30 44 937
44 30 937
30 77 742
77 30 742
30 85 971
85 30 971
30 62 808
62 30 808
30 84 704
84 30 704
30 55 946
55 30 946
31 74 619
74 31 619
31 42 254
42 31 254
32 48 921
48 32 921
32 33 40
33 32 40
32 45 326
45 32 326
32 85 517
85 32 517
32 55 464
55 32 464
32 35 191
35 32 191
33 57 938
57 33 938
33 61 609
61 33 609
33 64 402
64 33 402
33 42 803
42 33 803
34 75 479
75 34 479
34 46 87
46 34 87
34 73 351
73 34 351
35 66 623
66 35 623
35 65 106
65 35 106
35 55 427
55 35 427
36 43 813
43 36 813
36 66 982
66 36 982
36 38 365
38 36 365
36 48 854
48 36 854
37 68 695
68 37 695
37 79 491
79 37 491
37 47 221
47 37 221
37 54 453
54 37 453
37 67 374
67 37 374
37 67 975
67 37 975
38 62 173
62 38 173
38 44 369
44 38 369
39 42 509
42 39 509
39 77 486
77 39 486
39 46 516
46 39 516
39 50 434
50 39 434
39 87 244
87 39 244
40 82 201
82 40 201
40 41 370
41 40 370
40 56 410
56 40 410
40 44 86
44 40 86
41 61 492
61 41 492
41 71 318
71 41 318
41 72 859
72 41 859
41 55 608
55 41 608
41 47 342
47 41 342
42 46 493
46 42 493
42 62 939
62 42 939
42 70 12
70 42 12
42 47 948
47 42 948
42 49 352
49 42 352
42 56 589
56 42 589
43 87 832
87 43 832
43 80 183
80 43 183
43 66 725
66 43 725
43 45 780
45 43 780
43 69 227
69 43 227
44 53 849
53 44 849
44 72 784
72 44 784
44 53 476
53 44 476
44 65 930
65 44 930
45 69 984
69 45 984
45 56 353
56 45 353
46 48 320
48 46 320
46 56 330
56 46 330
46 51 505
51 46 505
46 80 65
80 46 65
46 71 27
71 46 27
46 61 829
61 46 829
47 80 175
80 47 175
47 63 933
63 47 933
48 68 957
68 48 957
48 62 840
62 48 840
48 63 868
63 48 868
49 58 304
58 49 304
49 64 892
64 49 892
49 67 671
67 49 671
49 85 950
85 49 950
49 53 783
53 49 783
49 50 928
50 49 928
49 79 932
79 49 932
50 54 310
54 50 310
50 56 191
56 50 191
50 66 40
66 50 40
50 62 222
62 50 222
50 87 606
87 50 606
51 65 85
65 51 85
51 87 462
87 51 462
51 80 451
80 51 451
52 56 25
56 52 25
52 81 182
81 52 182
52 52 497
52 52 497
52 57 591
57 52 591
52 82 602
82 52 602
53 76 921
76 53 921
53 62 577
62 53 577
53 61 858
61 53 858
53 65 2
65 53 2
53 79 178
79 53 178
53 62 649
62 53 649
54 74 366
74 54 366
54 83 540
83 54 540
54 86 174
86 54 174
55 55 745
55 55 745
55 76 599
76 55 599
55 59 881
59 55 881
56 83 219
83 56 219
57 62 303
62 57 303
57 72 71
72 57 71
58 58 944
58 58 944
58 58 809
58 58 809
59 70 253
70 59 253
59 61 58
61 59 58
59 79 847
79 59 847
59 60 346
60 59 346
61 68 338
68 61 338
62 79 292
79 62 292
62 68 112
68 62 112
62 67 552
67 62 552
62 65 867
65 62 867
63 74 804
74 63 804
63 79 986
79 63 986
64 78 151
78 64 151
64 67 394
67 64 394
65 81 617
81 65 617
66 73 447
73 66 447
66 79 447
79 66 447
67 68 793
68 67 793
68 83 760
83 68 760
68 83 446
83 68 446
70 74 463
74 70 463
71 86 440
86 71 440
71 73 300
73 71 300
72 75 582
75 72 582
76 77 518
77 76 518
76 87 197
87 76 197
76 81 914
81 76 914
77 87 238
87 77 238
77 79 766
79 77 766
78 83 912
83 78 912
78 80 834
80 78 834
80 87 655
87 80 655
80 82 533
82 80 533
81 83 84
83 81 84
