40

0 1 143
1 0 143
0 2 450
2 0 450
0 5 718
5 0 718
0 18 974
18 0 974
0 21 882
21 0 882
0 0 630
0 0 630
0 13 2
13 0 2
0 22 899
22 0 899
1 4 470
4 1 470
1 8 240
8 1 240
1 32 681
32 1 681
2 3 842
3 2 842
2 38 535
38 2 535
3 26 661
26 3 661
3 37 160
37 3 160
3 6 580
6 3 580
4 7 44
7 4 44
4 10 166
10 4 166
4 28 60
28 4 60
4 33 301
33 4 301
4 12 402
12 4 402
5 6 214
6 5 214
5 9 382
9 5 382
5 11 70
11 5 70
5 29 428
29 5 428
5 13 771
13 5 771
6 22 921
22 6 921
6 29 420
29 6 420
6 36 452
36 6 452
6 39 201
39 6 201
6 24 318
24 6 318
7 12 656
12 7 656
7 23 521
23 7 521
7 37 415
37 7 415
7 24 449
24 7 449
7 16 806
16 7 806
7 8 2
8 7 2
7 12 85
12 7 85
8 16 871
16 8 871
8 25 268
25 8 268
8 38 406
38 8 406
8 28 385
28 8 385
8 39 868
39 8 868
8 14 184
14 8 184
8 21 92
21 8 92
8 16 240
16 8 240
9 13 635
13 9 635
9 15 240
15 9 240
9 20 830
20 9 830
9 39 778
39 9 778
9 32 608
32 9 608
9 10 488
10 9 488
10 32 45
32 10 45
10 23 59
23 10 59
11 14 343
14 11 343
11 13 224
13 11 224
11 13 196
13 11 196
12 17 849
17 12 849
12 34 494
34 12 494
12 29 570
29 12 570
13 19 792
19 13 792
13 30 805
30 13 805
13 32 427
32 13 427
13 24 923
24 13 923
13 37 411
37 13 411
14 30 170
30 14 170
14 36 340
36 14 340
14 39 362
39 14 362
15 29 336
29 15 336
16 37 641
37 16 641
16 28 12
28 16 12
17 18 629
18 17 629
18 34 691
34 18 691
18 30 18
30 18 18
19 33 488
33 19 488
19 31 180
31 19 180
20 39 702
39 20 702
20 29 109
29 20 109
21 32 947
32 21 947
21 34 262
34 21 262
21 33 644
33 21 644
22 24 151
24 22 151
22 35 157
35 22 157
22 27 798
27 22 798
22 38 28
38 22 28
22 27 610
27 22 610
22 25 874
25 22 874
24 36 307
36 24 307
25 30 702
30 25 702
26 27 420
27 26 420
26 29 554
29 26 554
28 31 501
31 28 501
29 36 197
36 29 197
33 37 187
37 33 187
34 37 228
37 34 228
35 39 490
39 35 490
35 35 445
35 35 445
35 36 373
36 35 373
36 39 640
39 36 640
37 39 670
39 37 670
