55

0 1 124
1 0 124
0 4 847
4 0 847
0 5 710
5 0 710
0 16 209
16 0 209
0 17 833
17 0 833
0 37 530
37 0 530
0 47 817
47 0 817
0 34 997
34 0 997
1 2 102
2 1 102
1 6 2
6 1 2
1 53 889
53 1 889
1 30 492
30 1 492
1 35 291
35 1 291
2 3 953
3 2 953
2 9 847
9 2 847
2 6 48
6 2 48
2 3 513
3 2 513
2 28 740
28 2 740
3 11 386
11 3 386
3 53 177
53 3 177
3 53 798
53 3 798
3 36 196
36 3 196
3 38 167
38 3 167
3 27 530
27 3 530
3 50 403
50 3 403
4 8 92
8 4 92
4 12 388
12 4 388
4 46 937
46 4 937
4 49 698
49 4 698
4 21 830
21 4 830
4 14 548
14 4 548
4 9 486
9 4 486
4 40 285
40 4 285
5 13 285
13 5 285
5 26 921
26 5 921
5 26 10
26 5 10
5 11 904
11 5 904
5 54 93
54 5 93
5 52 210
52 5 210
5 53 45
53 5 45
6 7 148
7 6 148
6 13 690
13 6 690
6 42 65
42 6 65
6 11 860
11 6 860
6 22 913
22 6 913
6 46 955
46 6 955
6 25 265
25 6 265
7 10 619
10 7 619
7 15 22
15 7 22
7 25 43
25 7 43
7 42 788
42 7 788
7 49 976
49 7 976
8 20 638
20 8 638
8 24 169
24 8 169
8 20 273
20 8 273
8 34 901
34 8 901
8 10 905
10 8 905
8 43 326
43 8 326
8 21 157
21 8 157
8 35 838
35 8 838
9 41 341
41 9 341
9 42 198
42 9 198
9 38 378
38 9 378
10 34 942
34 10 942
10 33 475
33 10 475
10 35 746
35 10 746
10 15 88
15 10 88
10 34 446
34 10 446
10 21 523
21 10 523
10 44 618
44 10 618
10 42 240
42 10 240
11 14 67
14 11 67
11 18 481
18 11 481
11 21 758
21 11 758
11 25 314
25 11 314
11 13 729
13 11 729
11 33 719
33 11 719
11 32 222
32 11 222
11 48 28
48 11 28
12 23 309
23 12 309
12 24 19
24 12 19
12 26 914
26 12 914
12 33 984
33 12 984
12 52 386
52 12 386
12 48 344
48 12 344
12 46 145
46 12 145
12 54 724
54 12 724
12 14 497
14 12 497
13 51 114
51 13 114
14 36 780
36 14 780
14 49 804
49 14 804
14 29 709
29 14 709
15 22 292
22 15 292
15 32 103
32 15 103
15 26 685
26 15 685
15 50 438
50 15 438
15 15 297
15 15 297
15 16 140
16 15 140
15 24 245
24 15 245
16 45 65
45 16 65
16 40 83
40 16 83
16 46 615
46 16 615
17 23 305
23 17 305
17 49 387
49 17 387
17 43 378
43 17 378
18 19 60
19 18 60
18 29 950
29 18 950
18 30 603
30 18 603
18 49 327
49 18 327
18 35 788
35 18 788
18 27 883
27 18 883
19 28 734
28 19 734
19 34 869
34 19 869
19 46 547
46 19 547
19 25 711
25 19 711
20 25 752
25 20 752
20 44 829
44 20 829
20 54 507
54 20 507
21 28 583
28 21 583
21 41 788
41 21 788
21 39 582
39 21 582
21 23 566
23 21 566
21 40 485
40 21 485
22 35 819
35 22 819
22 33 154
33 22 154
22 31 781
31 22 781
22 43 436
43 22 436
22 47 71
47 22 71
23 27 402
27 23 402
23 30 877
30 23 877
23 42 799
42 23 799
23 25 428
25 23 428
23 42 573
42 23 573
24 29 847
29 24 847
24 33 918
33 24 918
24 41 823
41 24 823
25 45 676
45 25 676
25 48 377
48 25 377
25 38 771
38 25 771
25 40 579
40 25 579
25 43 51
43 25 51
25 27 690
27 25 690
26 28 81
28 26 81
26 26 879
26 26 879
27 40 95
40 27 95
27 52 680
52 27 680
27 47 760
47 27 760
27 52 66
52 27 66
28 31 9
31 28 9
28 48 143
48 28 143
28 53 672
53 28 672
28 42 41
42 28 41
28 50 840
50 28 840
28 30 73
30 28 73
28 41 944
41 28 944
28 45 384
45 28 384
29 38 842
38 29 842
29 51 187
51 29 187
29 42 269
42 29 269
29 31 196
31 29 196
30 37 461
37 30 461
30 43 566
43 30 566
30 53 21
53 30 21
30 51 549
51 30 549
31 44 792
44 31 792
31 46 956
46 31 956
32 40 487
40 32 487
32 42 719
42 32 719
32 47 176
47 32 176
32 42 225
42 32 225
33 47 639
47 33 639
34 40 493
40 34 493
34 42 431
42 34 431
34 34 882
34 34 882
35 50 995
50 35 995
35 50 190
50 35 190
35 37 222
37 35 222
35 40 217
40 35 217
35 42 102
42 35 102
35 45 933
45 35 933
36 39 28
39 36 28
36 39 994
39 36 994
36 50 107
50 36 107
36 39 551
39 36 551
36 44 465
44 36 465
36 48 400
48 36 400
37 54 349
54 37 349
38 46 257
46 38 257
39 53 76
53 39 76
40 42 760
42 40 760
41 52 386
52 41 386
41 44 151
44 41 151
42 49 803
49 42 803
42 49 514
49 42 514
43 53 685
53 43 685
43 47 980
47 43 980
43 44 184
44 43 184
