85

0 1 204
1 0 204
0 2 308
2 0 308
0 8 160
8 0 160
0 29 857
29 0 857
0 33 223
33 0 223
0 51 720
51 0 720
0 82 596
82 0 596
0 8 76
8 0 76
0 60 139
60 0 139
0 74 412
74 0 412
0 76 540
76 0 540
0 3 567
3 0 567
0 50 619
50 0 619
0 74 405
74 0 405
0 60 717
60 0 717
0 78 522
78 0 522
0 20 652
20 0 652
0 69 68
69 0 68
0 10 968
10 0 968
0 30 84
30 0 84
1 4 778
4 1 778
1 7 615
7 1 615
1 44 761
44 1 761
1 9 2
9 1 2
1 5 50
5 1 50
1 63 708
63 1 708
1 80 316
80 1 316
1 73 865
73 1 865
1 54 136
54 1 136
1 69 484
69 1 484
1 3 62
3 1 62
1 30 882
30 1 882
1 6 716
6 1 716
1 28 418
28 1 418
1 53 324
53 1 324
1 27 176
27 1 176
1 13 750
13 1 750
1 47 723
47 1 723
1 24 667
24 1 667
1 9 275
9 1 275
1 16 513
16 1 513
2 3 557
3 2 557
2 11 421
11 2 421
2 54 932
54 2 932
2 78 751
78 2 751
2 13 306
13 2 306
2 80 402
80 2 402
2 4 241
4 2 241
2 46 485
46 2 485
2 56 751
56 2 751
2 29 603
29 2 603
2 55 183
55 2 183
2 34 923
34 2 923
2 31 596
31 2 596
2 83 893
83 2 893
2 7 763
7 2 763
2 25 244
25 2 244
3 5 875
5 3 875
3 11 766
11 3 766
3 22 877
22 3 877
3 27 74
27 3 74
3 6 405
6 3 405
3 6 180
6 3 180
3 6 554
6 3 554
3 39 309
39 3 309
3 23 228
23 3 228
3 67 766
67 3 766
3 78 79
78 3 79
3 42 341
42 3 341
3 38 91
38 3 91
3 25 585
25 3 585
3 69 63
69 3 63
3 78 127
78 3 127
4 13 921
13 4 921
4 75 791
75 4 791
4 20 735
20 4 735
4 65 747
65 4 747
4 45 530
45 4 530
4 11 288
11 4 288
4 41 99
41 4 99
4 32 786
32 4 786
4 72 889
72 4 889
4 58 594
58 4 594
4 14 960
14 4 960
4 82 711
82 4 711
4 55 365
55 4 365
4 24 358
24 4 358
5 6 983
6 5 983
5 73 997
73 5 997
5 62 745
62 5 745
5 84 672
84 5 672
5 63 118
63 5 118
5 76 576
76 5 576
5 59 759
59 5 759
5 51 600
51 5 600
5 79 885
79 5 885
5 78 610
78 5 610
5 28 625
28 5 625
5 27 681
27 5 681
5 49 27
49 5 27
5 54 328
54 5 328
5 20 251
20 5 251
5 23 74
23 5 74
5 38 650
38 5 650
5 7 256
7 5 256
5 67 846
67 5 846
5 22 800
22 5 800
5 74 476
74 5 476
5 31 275
31 5 275
5 51 931
51 5 931
6 9 631
9 6 631
6 35 291
35 6 291
6 84 943
84 6 943
6 17 327
17 6 327
6 84 537
84 6 537
6 42 731
42 6 731
6 73 310
73 6 310
6 77 92
77 6 92
6 81 910
81 6 910
6 78 953
78 6 953
6 14 37
14 6 37
6 61 7
61 6 7
6 20 991
20 6 991
6 59 849
59 6 849
6 67 406
67 6 406
6 61 221
61 6 221
6 40 678
40 6 678
6 28 290
28 6 290
6 49 782
49 6 782
6 15 475
15 6 475
7 10 789
10 7 789
7 22 343
22 7 343
7 24 358
24 7 358
7 46 336
46 7 336
7 34 697
34 7 697
7 49 532
49 7 532
7 21 478
21 7 478
7 30 218
30 7 218
7 70 586
70 7 586
7 51 117
51 7 117
7 26 292
26 7 292
7 78 117
78 7 117
7 11 118
11 7 118
7 67 705
67 7 705
7 56 75
56 7 75
7 11 56
11 7 56
7 33 437
33 7 437
7 45 815
45 7 815
7 35 358
35 7 358
7 21 316
21 7 316
7 66 629
66 7 629
7 76 123
76 7 123
7 17 633
17 7 633
7 82 36
82 7 36
7 63 475
63 7 475
7 63 425
63 7 425
7 75 208
75 7 208
8 19 264
19 8 264
8 52 755
52 8 755
8 20 393
20 8 393
8 10 294
10 8 294
8 28 226
28 8 226
8 29 274
29 8 274
8 15 760
15 8 760
8 74 979
74 8 979
8 54 723
54 8 723
8 65 205
65 8 205
8 45 711
45 8 711
8 62 155
62 8 155
8 55 715
55 8 715
8 26 215
26 8 215
8 13 149
13 8 149
9 15 825
15 9 825
9 38 709
38 9 709
9 61 519
61 9 519
9 63 956
63 9 956
9 52 431
52 9 431
9 46 843
46 9 843
9 35 783
35 9 783
9 69 106
69 9 106
9 68 979
68 9 979
9 63 120
63 9 120
9 78 849
78 9 849
9 69 572
69 9 572
9 54 970
54 9 970
9 74 282
74 9 282
9 16 71
16 9 71
10 34 35
34 10 35
10 19 694
19 10 694
10 20 83
20 10 83
10 83 132
83 10 132
10 14 14
14 10 14
10 79 122
79 10 122
10 55 667
55 10 667
10 30 498
30 10 498
10 84 232
84 10 232
10 25 949
25 10 949
10 66 527
66 10 527
10 27 357
27 10 357
10 33 44
33 10 44
10 45 628
45 10 628
10 58 95
58 10 95
10 84 83
84 10 83
10 31 709
31 10 709
10 17 34
17 10 34
11 12 221
12 11 221
11 14 162
14 11 162
11 20 987
20 11 987
11 31 796
31 11 796
11 72 736
72 11 736
11 17 559
17 11 559
11 26 601
26 11 601
11 32 149
32 11 149
11 35 476
35 11 476
11 36 62
36 11 62
11 50 948
50 11 948
11 31 677
31 11 677
11 29 667
29 11 667
11 13 814
13 11 814
11 73 166
73 11 166
11 40 619
40 11 619
12 16 251
16 12 251
12 26 284
26 12 284
12 69 79
69 12 79
12 69 602
69 12 602
12 71 752
71 12 752
12 49 38
49 12 38
12 78 699
78 12 699
12 77 192
77 12 192
12 74 374
74 12 374
12 18 59
18 12 59
12 70 161
70 12 161
12 19 776
19 12 776
12 65 151
65 12 151
12 26 457
26 12 457
12 17 457
17 12 457
13 47 130
47 13 130
13 73 368
73 13 368
13 37 646
37 13 646
13 60 44
60 13 44
13 44 958
44 13 958
13 43 402
43 13 402
13 78 76
78 13 76
13 30 11
30 13 11
13 72 355
72 13 355
14 17 236
17 14 236
14 38 622
38 14 622
14 76 114
76 14 114
14 25 976
25 14 976
14 56 78
56 14 78
14 39 130
39 14 130
14 82 56
82 14 56
14 34 819
34 14 819
14 77 765
77 14 765
14 84 544
84 14 544
14 25 523
25 14 523
14 16 995
16 14 995
14 17 825
17 14 825
14 66 427
66 14 427
14 76 127
76 14 127
14 65 923
65 14 923
15 21 149
21 15 149
15 71 844
71 15 844
15 37 837
37 15 837
15 20 218
20 15 218
15 73 599
73 15 599
15 75 372
75 15 372
15 42 638
42 15 638
15 59 326
59 15 326
15 38 44
38 15 44
15 59 998
59 15 998
15 68 236
68 15 236
15 24 632
24 15 632
16 18 401
18 16 401
16 37 947
37 16 947
16 50 739
50 16 739
16 25 14
25 16 14
16 59 866
59 16 866
16 33 430
33 16 430
16 77 471
77 16 471
16 30 351
30 16 351
16 42 670
42 16 670
16 50 182
50 16 182
16 48 918
48 16 918
16 84 17
84 16 17
16 61 345
61 16 345
16 56 725
56 16 725
16 76 642
76 16 642
16 45 242
45 16 242
17 27 224
27 17 224
17 42 901
42 17 901
17 54 86
54 17 86
17 79 66
79 17 66
17 56 45
56 17 45
17 19 865
19 17 865
17 54 358
54 17 358
17 38 571
38 17 571
17 55 288
55 17 288
17 30 164
30 17 164
17 77 685
77 17 685
17 24 853
24 17 853
17 84 522
84 17 522
17 47 47
47 17 47
17 72 306
72 17 306
17 52 672
52 17 672
18 25 906
25 18 906
18 61 361
61 18 361
18 45 99
45 18 99
18 50 923
50 18 923
18 42 60
42 18 60
18 43 499
43 18 499
18 71 687
71 18 687
18 63 739
63 18 739
18 79 967
79 18 967
19 66 607
66 19 607
19 69 322
69 19 322
19 64 622
64 19 622
19 51 534
51 19 534
19 34 122
34 19 122
19 56 83
56 19 83
19 72 8
72 19 8
19 23 361
23 19 361
19 50 35
50 19 35
19 36 656
36 19 656
19 68 775
68 19 775
19 62 125
62 19 125
19 70 74
70 19 74
20 23 162
23 20 162
20 80 697
80 20 697
20 72 233
72 20 233
20 29 614
29 20 614
20 59 39
59 20 39
20 62 40
62 20 40
20 30 81
30 20 81
20 60 187
60 20 187
20 61 215
61 20 215
20 55 21
55 20 21
20 74 30
74 20 30
20 68 721
68 20 721
20 68 325
68 20 325
20 58 396
58 20 396
20 50 577
50 20 577
21 82 938
82 21 938
21 61 396
61 21 396
21 72 640
72 21 640
21 34 702
34 21 702
21 32 496
32 21 496
21 54 972
54 21 972
21 78 411
78 21 411
21 27 238
27 21 238
22 53 718
53 22 718
22 22 519
22 22 519
22 70 539
70 22 539
22 60 468
60 22 468
22 40 429
40 22 429
22 58 557
58 22 557
22 50 938
50 22 938
22 49 517
49 22 517
22 65 3
65 22 3
22 46 490
46 22 490
22 50 122
50 22 122
22 40 503
40 22 503
22 56 334
56 22 334
22 78 114
78 22 114
23 54 614
54 23 614
23 36 689
36 23 689
23 74 350
74 23 350
23 38 493
38 23 493
23 78 528
78 23 528
23 37 3
37 23 3
23 37 443
37 23 443
23 55 120
55 23 120
23 31 860
31 23 860
23 55 793
55 23 793
23 51 782
51 23 782
23 42 935
42 23 935
23 81 493
81 23 493
24 41 390
41 24 390
24 49 639
49 24 639
24 79 39
79 24 39
24 70 377
70 24 377
24 26 418
26 24 418
24 82 119
82 24 119
24 70 318
70 24 318
24 44 678
44 24 678
24 63 855
63 24 855
24 74 920
74 24 920
24 71 364
71 24 364
24 61 362
61 24 362
24 59 782
59 24 782
24 67 197
67 24 197
24 43 592
43 24 592
24 29 740
29 24 740
24 74 10
74 24 10
24 67 298
67 24 298
24 50 298
50 24 298
24 25 916
25 24 916
24 42 921
42 24 921
24 63 577
63 24 577
24 79 37
79 24 37
24 33 698
33 24 698
25 30 788
30 25 788
25 68 446
68 25 446
25 56 920
56 25 920
25 25 491
25 25 491
25 41 952
41 25 952
25 69 890
69 25 890
25 34 832
34 25 832
25 29 829
29 25 829
25 42 197
42 25 197
25 80 606
80 25 606
25 36 797
36 25 797
25 66 388
66 25 388
26 32 148
32 26 148
26 36 126
36 26 126
26 56 583
56 26 583
26 82 1000
82 26 1000
26 35 691
35 26 691
26 44 141
44 26 141
26 79 400
79 26 400
26 73 285
73 26 285
26 57 821
57 26 821
26 59 814
59 26 814
26 83 339
83 26 339
26 55 341
55 26 341
26 83 531
83 26 531
26 44 759
44 26 759
26 60 361
60 26 361
26 65 127
65 26 127
27 28 651
28 27 651
27 59 32
59 27 32
27 63 544
63 27 544
27 70 930
70 27 930
27 55 783
55 27 783
27 31 669
31 27 669
27 56 515
56 27 515
27 83 306
83 27 306
27 32 523
32 27 523
27 83 580
83 27 580
28 63 378
63 28 378
28 68 444
68 28 444
28 60 592
60 28 592
28 63 686
63 28 686
28 69 187
69 28 187
28 40 263
40 28 263
28 32 111
32 28 111
28 45 689
45 28 689
28 71 885
71 28 885
28 81 257
81 28 257
29 39 86
39 29 86
29 59 388
59 29 388
29 33 74
33 29 74
29 40 384
40 29 384
29 52 609
52 29 609
29 82 720
82 29 720
29 79 839
79 29 839
29 52 443
52 29 443
30 70 204
70 30 204
30 83 145
83 30 145
30 82 771
82 30 771
30 68 479
68 30 479
30 49 730
49 30 730
30 77 139
77 30 139
30 61 536
61 30 536
30 66 552
66 30 552
30 84 382
84 30 382
30 75 227
75 30 227
30 39 671
39 30 671
30 80 822
80 30 822
30 55 501
55 30 501
30 36 160
36 30 160
31 33 376
33 31 376
31 72 745
72 31 745
31 54 321
54 31 321
31 54 328
54 31 328
31 61 736
61 31 736
31 73 782
73 31 782
31 72 627
72 31 627
31 49 602
49 31 602
31 78 18
78 31 18
31 65 616
65 31 616
31 45 800
45 31 800
31 76 794
76 31 794
31 83 531
83 31 531
32 51 565
51 32 565
32 76 564
76 32 564
32 39 763
39 32 763
32 51 40
51 32 40
32 66 159
66 32 159
32 44 232
44 32 232
32 40 678
40 32 678
32 62 639
62 32 639
33 84 64
84 33 64
33 42 82
42 33 82
33 41 532
41 33 532
33 34 764
34 33 764
33 73 569
73 33 569
33 52 196
52 33 196
33 50 349
50 33 349
33 77 640
77 33 640
33 56 972
56 33 972
33 62 530
62 33 530
33 84 114
84 33 114
34 43 128
43 34 128
34 80 772
80 34 772
34 36 207
36 34 207
34 60 840
60 34 840
34 55 712
55 34 712
34 43 353
43 34 353
34 56 888
56 34 888
34 55 54
55 34 54
34 75 973
75 34 973
34 47 928
47 34 928
34 57 333
57 34 333
35 76 97
76 35 97
35 68 366
68 35 366
35 71 401
71 35 401
35 46 207
46 35 207
35 71 863
71 35 863
35 77 741
77 35 741
35 45 149
45 35 149
35 49 319
49 35 319
35 48 832
48 35 832
35 35 127
35 35 127
35 46 989
46 35 989
35 66 182
66 35 182
35 80 283
80 35 283
35 73 421
73 35 421
35 73 639
73 35 639
35 59 818
59 35 818
35 37 767
37 35 767
35 69 687
69 35 687
36 57 367
57 36 367
36 37 807
37 36 807
36 56 133
56 36 133
36 73 310
73 36 310
36 46 644
46 36 644
36 75 737
75 36 737
36 43 38
43 36 38
36 76 770
76 36 770
36 78 714
78 36 714
36 44 852
44 36 852
36 47 665
47 36 665
36 67 154
67 36 154
36 40 797
40 36 797
36 72 275
72 36 275
36 61 611
61 36 611
37 60 790
60 37 790
37 70 260
70 37 260
37 60 385
60 37 385
37 61 198
61 37 198
37 69 922
69 37 922
37 39 845
39 37 845
37 37 52
37 37 52
37 44 702
44 37 702
37 78 887
78 37 887
37 82 945
82 37 945
37 62 8
62 37 8
37 83 626
83 37 626
38 40 221
40 38 221
38 72 85
72 38 85
38 43 170
43 38 170
38 79 917
79 38 917
38 55 175
55 38 175
38 71 552
71 38 552
38 52 801
52 38 801
38 64 334
64 38 334
38 47 130
47 38 130
39 48 300
48 39 300
39 62 637
62 39 637
39 45 106
45 39 106
39 73 948
73 39 948
39 44 641
44 39 641
39 78 385
78 39 385
39 40 75
40 39 75
39 59 725
59 39 725
39 42 668
42 39 668
39 50 828
50 39 828
39 59 619
59 39 619
39 68 893
68 39 893
39 69 867
69 39 867
40 75 361
75 40 361
40 83 993
83 40 993
40 46 817
46 40 817
40 61 68
61 40 68
40 73 891
73 40 891
40 48 306
48 40 306
40 72 101
72 40 101
40 40 876
40 40 876
40 59 68
59 40 68
40 79 620
79 40 620
40 47 456
47 40 456
40 43 552
43 40 552
40 57 506
57 40 506
40 47 913
47 40 913
40 48 331
48 40 331
40 47 675
47 40 675
40 80 114
80 40 114
41 45 679
45 41 679
41 84 479
84 41 479
42 67 465
67 42 465
42 42 692
42 42 692
42 72 553
72 42 553
42 54 542
54 42 542
42 76 631
76 42 631
42 52 876
52 42 876
42 78 322
78 42 322
42 57 146
57 42 146
42 78 289
78 42 289
42 70 903
70 42 903
42 74 808
74 42 808
43 55 329
55 43 329
43 78 917
78 43 917
43 48 264
48 43 264
43 75 759
75 43 759
43 58 773
58 43 773
43 64 999
64 43 999
43 79 337
79 43 337
43 62 461
62 43 461
43 45 139
45 43 139
43 45 313
45 43 313
43 65 905
65 43 905
44 81 200
81 44 200
44 55 176
55 44 176
44 79 703
79 44 703
44 84 232
84 44 232
44 71 884
71 44 884
44 51 315
51 44 315
44 79 465
79 44 465
44 78 68
78 44 68
45 73 441
73 45 441
45 83 300
83 45 300
45 66 717
66 45 717
45 61 128
61 45 128
45 70 598
70 45 598
45 60 124
60 45 124
45 78 843
78 45 843
45 68 219
68 45 219
46 80 850
80 46 850
46 63 699
63 46 699
46 71 381
71 46 381
46 59 587
59 46 587
46 82 248
82 46 248
46 77 971
77 46 971
46 84 447
84 46 447
46 72 511
72 46 511
47 50 99
50 47 99
47 78 291
78 47 291
48 65 710
65 48 710
48 61 580
61 48 580
48 56 420
56 48 420
48 67 259
67 48 259
49 79 28
79 49 28
49 55 441
55 49 441
49 64 352
64 49 352
49 57 14
57 49 14
50 58 982
58 50 982
50 72 842
72 50 842
50 61 530
61 50 530
50 63 1
63 50 1
51 70 485
70 51 485
51 78 507
78 51 507
51 70 35
70 51 35
51 79 855
79 51 855
51 58 850
58 51 850
51 78 821
78 51 821
51 60 192
60 51 192
51 56 768
56 51 768
51 69 299
69 51 299
52 56 820
56 52 820
52 60 419
60 52 419
52 55 112
55 52 112
52 69 757
69 52 757
53 68 566
68 53 566
53 77 622
77 53 622
53 62 713
62 53 713
53 78 479
78 53 479
54 82 906
82 54 906
54 83 96
83 54 96
54 75 877
75 54 877
55 65 364
65 55 364
55 56 896
56 55 896
55 71 465
71 55 465
55 84 569
84 55 569
55 81 815
81 55 815
55 62 935
62 55 935
55 76 983
76 55 983
56 58 197
58 56 197
56 70 46
70 56 46
56 56 364
56 56 364
57 74 694
74 57 694
58 79 270
79 58 270
58 71 188
71 58 188
58 76 996
76 58 996
58 77 402
77 58 402
58 76 287
76 58 287
58 73 922
73 58 922
58 62 541
62 58 541
58 83 399
83 58 399
59 79 133
79 59 133
59 75 834
75 59 834
59 68 902
68 59 902
59 65 893
65 59 893
59 67 655
67 59 655
59 62 762
62 59 762
60 69 927
69 60 927
60 84 358
84 60 358
60 64 164
64 60 164
60 80 613
80 60 613
61 64 714
64 61 714
61 73 32
73 61 32
61 69 510
69 61 510
61 81 407
81 61 407
61 63 767
63 61 767
62 74 62
74 62 62
62 68 944
68 62 944
62 80 754
80 62 754
62 63 920
63 62 920
62 72 408
72 62 408
62 70 471
70 62 471
62 66 219
66 62 219
62 71 597
71 62 597
62 78 566
78 62 566
63 81 278
81 63 278
63 82 912
82 63 912
63 79 739
79 63 739
63 81 743
81 63 743
63 83 670
83 63 670
64 77 720
77 64 720
66 77 107
77 66 107
66 69 907
69 66 907
66 67 659
67 66 659
66 72 396
72 66 396
67 79 795
79 67 795
67 72 924
72 67 924
67 80 636
80 67 636
68 80 842
80 68 842
70 78 833
78 70 833
70 78 647
78 70 647
70 76 288
76 70 288
70 70 554
70 70 554
71 81 864
81 71 864
71 72 465
72 71 465
71 78 258
78 71 258
72 83 697
83 72 697
72 81 893
81 72 893
73 81 640
81 73 640
74 84 239
84 74 239
75 77 250
77 75 250
75 83 908
83 75 908
76 84 947
84 76 947
76 81 674
81 76 674
78 83 421
83 78 421
