18

0 1 781
1 0 781
0 2 902
2 0 902
0 4 569
4 0 569
0 13 727
13 0 727
0 14 571
14 0 571
0 12 293
12 0 293
1 4 596
4 1 596
1 8 472
8 1 472
1 3 725
3 1 725
1 10 106
10 1 106
1 12 7
12 1 7
2 3 25
3 2 25
2 6 420
6 2 420
3 5 458
5 3 458
3 10 454
10 3 454
3 16 115
16 3 115
3 7 679
7 3 679
4 7 29
7 4 29
4 5 587
5 4 587
4 9 454
9 4 454
5 15 668
15 5 668
5 17 574
17 5 574
5 8 121
8 5 121
5 14 384
14 5 384
6 11 977
11 6 977
6 12 369
12 6 369
7 9 145
9 7 145
8 14 48
14 8 48
8 9 22
9 8 22
8 17 82
17 8 82
9 13 957
13 9 957
10 13 329
13 10 329
10 12 989
12 10 989
10 16 749
16 10 749
12 13 902
13 12 902
12 17 41
17 12 41
13 16 644
16 13 644
13 16 607
16 13 607
