98

0 1 343
1 0 343
0 29 977
29 0 977
0 43 18
43 0 18
0 50 635
50 0 635
0 46 181
46 0 181
0 4 674
4 0 674
1 2 75
2 1 75
1 3 293
3 1 293
1 6 277
6 1 277
1 10 64
10 1 64
1 20 140
20 1 140
1 21 141
21 1 141
1 70 226
70 1 226
1 97 743
97 1 743
1 47 995
47 1 995
1 21 244
21 1 244
2 11 524
11 2 524
2 13 630
13 2 630
2 25 136
25 2 136
2 86 816
86 2 816
2 3 847
3 2 847
2 44 804
44 2 804
3 4 740
4 3 740
3 7 205
7 3 205
3 15 950
15 3 950
3 32 539
32 3 539
3 9 319
9 3 319
3 82 172
82 3 172
3 82 114
82 3 114
4 5 734
5 4 734
4 19 308
19 4 308
4 31 494
31 4 494
4 75 586
75 4 586
4 17 248
17 4 248
4 35 768
35 4 768
4 79 450
79 4 450
4 58 314
58 4 314
4 67 884
67 4 884
4 51 462
51 4 462
5 8 972
8 5 972
5 34 73
34 5 73
5 58 676
58 5 676
5 20 647
20 5 647
5 74 346
74 5 346
6 12 164
12 6 164
6 14 105
14 6 105
6 16 989
16 6 989
6 18 650
18 6 650
6 69 890
69 6 890
6 87 15
87 6 15
6 78 904
78 6 904
6 95 270
95 6 270
6 62 901
62 6 901
6 9 302
9 6 302
6 38 322
38 6 322
7 9 364
9 7 364
7 22 310
22 7 310
7 94 317
94 7 317
7 88 813
88 7 813
7 92 951
92 7 951
7 97 820
97 7 820
8 23 334
23 8 334
8 33 68
33 8 68
8 84 735
84 8 735
8 30 71
30 8 71
9 48 764
48 9 764
9 76 587
76 9 587
9 83 244
83 9 244
9 17 247
17 9 247
10 27 615
27 10 615
10 31 94
31 10 94
10 56 131
56 10 131
10 79 546
79 10 546
10 77 328
77 10 328
10 61 752
61 10 752
10 42 958
42 10 958
10 94 135
94 10 135
11 37 80
37 11 80
11 68 647
68 11 647
11 95 893
95 11 893
11 58 956
58 11 956
12 26 338
26 12 338
12 18 300
18 12 300
12 68 827
68 12 827
12 88 662
88 12 662
13 36 720
36 13 720
13 41 843
41 13 843
13 47 870
47 13 870
13 89 617
89 13 617
13 32 268
32 13 268
13 17 282
17 13 282
13 60 628
60 13 628
13 18 369
18 13 369
14 42 572
42 14 572
14 18 607
18 14 607
15 77 721
77 15 721
15 40 151
40 15 151
16 17 860
17 16 860
16 39 964
39 16 964
16 40 427
40 16 427
16 44 916
44 16 916
16 72 289
72 16 289
16 44 359
44 16 359
16 70 389
70 16 389
17 47 934
47 17 934
17 84 301
84 17 301
17 93 900
93 17 900
17 29 590
29 17 590
17 46 397
46 17 397
18 24 321
24 18 321
18 80 504
80 18 504
18 73 207
73 18 207
19 53 781
53 19 781
19 89 956
89 19 956
19 77 912
77 19 912
19 24 288
24 19 288
19 97 776
97 19 776
19 92 254
92 19 254
20 49 220
49 20 220
20 52 621
52 20 621
20 83 184
83 20 184
20 58 268
58 20 268
20 81 998
81 20 998
21 85 124
85 21 124
21 77 24
77 21 24
21 24 506
24 21 506
21 85 717
85 21 717
22 32 807
32 22 807
22 56 484
56 22 484
23 33 625
33 23 625
23 66 337
66 23 337
23 93 132
93 23 132
23 69 822
69 23 822
23 51 235
51 23 235
24 28 107
28 24 107
24 62 939
62 24 939
24 40 817
40 24 817
24 32 420
32 24 420
24 53 361
53 24 361
24 41 600
41 24 600
25 78 197
78 25 197
25 48 323
48 25 323
26 30 255
30 26 255
26 35 951
35 26 951
26 62 406
62 26 406
26 88 176
88 26 176
26 96 191
96 26 191
26 93 717
93 26 717
27 38 41
38 27 41
27 71 803
71 27 803
27 55 211
55 27 211
27 70 432
70 27 432
28 45 190
45 28 190
28 60 790
60 28 790
29 67 153
67 29 153
29 68 428
68 29 428
29 50 794
50 29 794
30 54 510
54 30 510
30 78 282
78 30 282
31 68 699
68 31 699
31 80 750
80 31 750
31 83 678
83 31 678
32 55 590
55 32 590
32 34 248
34 32 248
33 51 853
51 33 853
33 59 115
59 33 115
33 87 405
87 33 405
34 71 459
71 34 459
34 61 971
61 34 971
34 81 738
81 34 738
34 44 549
44 34 549
35 65 864
65 35 864
35 81 66
81 35 66
36 36 26
36 36 26
36 75 857
75 36 857
36 92 560
92 36 560
36 52 294
52 36 294
37 55 725
55 37 725
37 63 958
63 37 958
37 77 526
77 37 526
37 61 741
61 37 741
37 72 63
72 37 63
38 61 790
61 38 790
38 65 671
65 38 671
38 74 132
74 38 132
38 45 214
45 38 214
38 93 606
93 38 606
39 70 264
70 39 264
41 75 54
75 41 54
42 77 283
77 42 283
43 46 73
46 43 73
43 73 166
73 43 166
43 80 740
80 43 740
43 72 195
72 43 195
43 65 14
65 43 14
44 92 932
92 44 932
44 53 586
53 44 586
46 81 131
81 46 131
46 96 566
96 46 566
46 86 940
86 46 940
46 96 297
96 46 297
47 74 899
74 47 899
47 94 236
94 47 236
49 49 75
49 49 75
49 67 154
67 49 154
49 52 39
52 49 39
50 66 751
66 50 751
50 95 7
95 50 7
50 94 366
94 50 366
51 64 215
64 51 215
52 81 642
81 52 642
52 92 420
92 52 420
53 57 784
57 53 784
53 60 689
60 53 689
54 90 285
90 54 285
54 81 878
81 54 878
55 94 349
94 55 349
56 60 690
60 56 690
56 75 597
75 56 597
56 58 692
58 56 692
56 71 264
71 56 264
58 60 483
60 58 483
59 70 569
70 59 569
60 66 36
66 60 36
60 66 805
66 60 805
61 64 133
64 61 133
61 81 161
81 61 161
61 73 337
73 61 337
62 73 78
73 62 78
63 82 560
82 63 560
63 97 397
97 63 397
64 90 223
90 64 223
64 81 165
81 64 165
64 82 710
82 64 710
65 91 562
91 65 562
65 97 698
97 65 698
66 83 712
83 66 712
66 86 646
86 66 646
66 75 460
75 66 460
66 97 812
97 66 812
68 75 485
75 68 485
68 79 48
79 68 48
68 95 601
95 68 601
68 71 899
71 68 899
68 78 557
78 68 557
70 79 625
79 70 625
71 82 737
82 71 737
72 74 240
74 72 240
73 82 979
82 73 979
74 82 79
82 74 79
75 92 340
92 75 340
76 79 228
79 76 228
76 95 342
95 76 342
77 96 383
96 77 383
78 87 153
87 78 153
80 91 583
91 80 583
80 95 185
95 80 185
82 86 694
86 82 694
83 84 916
84 83 916
85 95 94
95 85 94
85 88 444
88 85 444
85 93 479
93 85 479
86 92 513
92 86 513
87 89 476
89 87 476
88 94 210
94 88 210
91 97 23
97 91 23
93 97 885
97 93 885
