67

0 1 350
1 0 350
0 3 590
3 0 590
0 43 843
43 0 843
0 52 21
52 0 21
0 61 81
61 0 81
0 11 660
11 0 660
0 48 767
48 0 767
0 18 362
18 0 362
0 47 884
47 0 884
0 18 299
18 0 299
0 56 173
56 0 173
0 24 909
24 0 909
0 21 580
21 0 580
0 49 565
49 0 565
0 18 112
18 0 112
0 1 460
1 0 460
1 2 733
2 1 733
1 5 530
5 1 530
1 12 275
12 1 275
1 26 671
26 1 671
1 48 300
48 1 300
1 25 982
25 1 982
1 65 299
65 1 299
1 25 756
25 1 756
1 35 697
35 1 697
1 32 227
32 1 227
2 7 798
7 2 798
2 21 124
21 2 124
2 12 980
12 2 980
2 44 701
44 2 701
2 35 775
35 2 775
2 49 570
49 2 570
2 52 753
52 2 753
2 3 337
3 2 337
2 59 103
59 2 103
2 37 623
37 2 623
2 8 791
8 2 791
2 39 150
39 2 150
2 21 408
21 2 408
2 33 246
33 2 246
2 13 824
13 2 824
2 41 176
41 2 176
2 62 810
62 2 810
3 4 686
4 3 686
3 6 450
6 3 450
3 9 256
9 3 256
3 10 33
10 3 33
3 62 234
62 3 234
3 58 635
58 3 635
3 55 340
55 3 340
3 32 841
32 3 841
3 5 992
5 3 992
3 59 705
59 3 705
3 15 283
15 3 283
3 58 528
58 3 528
4 13 655
13 4 655
4 15 968
15 4 968
4 32 503
32 4 503
4 40 871
40 4 871
4 6 31
6 4 31
4 52 888
52 4 888
4 34 730
34 4 730
4 18 29
18 4 29
4 64 774
64 4 774
4 63 599
63 4 599
4 19 235
19 4 235
5 8 799
8 5 799
5 25 205
25 5 205
5 45 269
45 5 269
5 26 99
26 5 99
5 40 132
40 5 132
5 20 695
20 5 695
5 24 988
24 5 988
5 7 921
7 5 921
5 25 429
25 5 429
5 12 753
12 5 753
6 11 964
11 6 964
6 17 26
17 6 26
6 19 107
19 6 107
6 51 286
51 6 286
6 57 274
57 6 274
6 8 754
8 6 754
6 53 336
53 6 336
7 44 497
44 7 497
7 54 618
54 7 618
7 30 912
30 7 912
7 45 826
45 7 826
8 53 674
53 8 674
8 33 258
33 8 258
8 29 822
29 8 822
8 57 394
57 8 394
8 46 702
46 8 702
8 54 493
54 8 493
8 25 950
25 8 950
8 47 429
47 8 429
9 26 560
26 9 560
9 16 721
16 9 721
9 26 969
26 9 969
9 57 567
57 9 567
10 14 495
14 10 495
10 20 442
20 10 442
10 23 160
23 10 160
10 41 123
41 10 123
10 38 325
38 10 325
10 57 191
57 10 191
10 26 464
26 10 464
10 12 776
12 10 776
10 15 794
15 10 794
10 48 4
48 10 4
11 27 159
27 11 159
11 30 68
30 11 68
11 18 831
18 11 831
11 33 371
33 11 371
11 65 953
65 11 953
12 37 779
37 12 779
12 53 833
53 12 833
12 56 268
56 12 268
12 23 903
23 12 903
12 58 582
58 12 582
12 54 488
54 12 488
12 17 4
17 12 4
12 47 234
47 12 234
12 40 664
40 12 664
13 16 64
16 13 64
13 24 703
24 13 703
13 48 960
48 13 960
13 26 439
26 13 439
13 65 482
65 13 482
13 25 740
25 13 740
13 26 505
26 13 505
14 22 638
22 14 638
14 63 705
63 14 705
14 40 799
40 14 799
14 46 312
46 14 312
14 40 712
40 14 712
14 22 163
22 14 163
15 37 905
37 15 905
15 56 4
56 15 4
15 53 356
53 15 356
15 21 650
21 15 650
16 18 980
18 16 980
16 61 299
61 16 299
16 47 141
47 16 141
16 65 765
65 16 765
16 27 147
27 16 147
16 24 10
24 16 10
16 47 935
47 16 935
17 31 187
31 17 187
17 39 318
39 17 318
17 42 46
42 17 46
17 30 163
30 17 163
17 26 929
26 17 929
17 49 212
49 17 212
17 66 489
66 17 489
17 63 759
63 17 759
17 65 907
65 17 907
18 50 331
50 18 331
18 56 856
56 18 856
18 22 578
22 18 578
18 27 717
27 18 717
18 39 277
39 18 277
18 39 281
39 18 281
18 57 485
57 18 485
18 42 998
42 18 998
19 28 27
28 19 27
19 24 960
24 19 960
19 54 953
54 19 953
19 37 11
37 19 11
19 37 717
37 19 717
19 30 985
30 19 985
19 36 498
36 19 498
19 56 641
56 19 641
19 52 910
52 19 910
19 32 358
32 19 358
20 29 907
29 20 907
20 45 98
45 20 98
20 48 463
48 20 463
20 61 501
61 20 501
20 55 72
55 20 72
20 39 938
39 20 938
20 47 818
47 20 818
20 51 298
51 20 298
20 22 119
22 20 119
20 28 263
28 20 263
20 39 763
39 20 763
20 24 325
24 20 325
21 44 495
44 21 495
21 55 13
55 21 13
21 59 224
59 21 224
21 48 5
48 21 5
21 50 711
50 21 711
21 55 120
55 21 120
21 45 91
45 21 91
21 46 324
46 21 324
22 55 523
55 22 523
22 34 552
34 22 552
22 45 853
45 22 853
22 63 543
63 22 543
22 57 736
57 22 736
23 35 235
35 23 235
23 43 993
43 23 993
23 31 65
31 23 65
23 49 143
49 23 143
23 40 385
40 23 385
23 37 816
37 23 816
23 40 745
40 23 745
23 35 578
35 23 578
23 50 383
50 23 383
23 55 520
55 23 520
23 62 453
62 23 453
24 24 519
24 24 519
24 45 480
45 24 480
24 40 505
40 24 505
24 32 967
32 24 967
25 52 382
52 25 382
25 41 160
41 25 160
25 47 214
47 25 214
26 54 12
54 26 12
26 63 600
63 26 600
26 63 140
63 26 140
26 58 734
58 26 734
26 60 530
60 26 530
27 38 229
38 27 229
27 64 446
64 27 446
27 65 437
65 27 437
27 60 760
60 27 760
27 65 112
65 27 112
27 53 372
53 27 372
27 59 64
59 27 64
27 49 506
49 27 506
28 37 680
37 28 680
28 64 533
64 28 533
28 64 886
64 28 886
28 49 561
49 28 561
28 33 146
33 28 146
28 32 954
32 28 954
28 53 597
53 28 597
29 46 922
46 29 922
29 49 829
49 29 829
29 46 869
46 29 869
29 65 191
65 29 191
30 34 784
34 30 784
30 66 918
66 30 918
30 50 714
50 30 714
31 33 405
33 31 405
31 33 749
33 31 749
31 34 477
34 31 477
31 62 237
62 31 237
31 56 574
56 31 574
31 57 647
57 31 647
31 65 467
65 31 467
32 53 629
53 32 629
32 42 202
42 32 202
33 56 715
56 33 715
33 61 737
61 33 737
33 59 875
59 33 875
33 58 765
58 33 765
33 37 942
37 33 942
33 59 903
59 33 903
34 57 661
57 34 661
34 62 794
62 34 794
34 50 206
50 34 206
34 64 153
64 34 153
34 47 487
47 34 487
34 48 391
48 34 391
35 36 354
36 35 354
35 47 448
47 35 448
35 56 386
56 35 386
35 59 522
59 35 522
35 37 764
37 35 764
35 49 777
49 35 777
35 58 712
58 35 712
36 58 962
58 36 962
36 44 938
44 36 938
36 40 558
40 36 558
36 48 837
48 36 837
37 64 645
64 37 645
37 42 535
42 37 535
37 51 754
51 37 754
37 44 30
44 37 30
37 40 942
40 37 942
37 60 447
60 37 447
37 38 236
38 37 236
38 52 765
52 38 765
38 42 500
42 38 500
38 55 506
55 38 506
38 51 683
51 38 683
39 51 172
51 39 172
39 55 355
55 39 355
39 40 779
40 39 779
39 64 176
64 39 176
40 42 549
42 40 549
40 41 163
41 40 163
40 55 426
55 40 426
41 43 747
43 41 747
41 55 389
55 41 389
41 59 750
59 41 750
41 42 776
42 41 776
41 59 159
59 41 159
42 58 132
58 42 132
42 61 115
61 42 115
42 50 460
50 42 460
43 46 904
46 43 904
43 48 313
48 43 313
44 49 824
49 44 824
44 56 314
56 44 314
44 56 9
56 44 9
45 54 564
54 45 564
45 46 166
46 45 166
45 55 736
55 45 736
45 55 406
55 45 406
45 56 719
56 45 719
46 56 369
56 46 369
46 55 655
55 46 655
46 52 883
52 46 883
46 62 900
62 46 900
48 50 290
50 48 290
48 53 459
53 48 459
48 62 566
62 48 566
49 52 921
52 49 921
49 51 644
51 49 644
49 53 775
53 49 775
50 63 620
63 50 620
50 62 14
62 50 14
51 66 834
66 51 834
51 57 455
57 51 455
51 63 366
63 51 366
52 57 951
57 52 951
52 55 197
55 52 197
53 54 63
54 53 63
53 65 271
65 53 271
53 60 171
60 53 171
54 58 129
58 54 129
54 60 857
60 54 857
54 63 26
63 54 26
55 62 185
62 55 185
55 63 478
63 55 478
56 57 148
57 56 148
56 59 529
59 56 529
57 60 839
60 57 839
57 58 152
58 57 152
57 62 458
62 57 458
58 63 335
63 58 335
58 66 910
66 58 910
59 65 527
65 59 527
60 64 429
64 60 429
61 66 927
66 61 927
62 65 54
65 62 54
62 63 750
63 62 750
