89

0 1 445
1 0 445
0 2 715
2 0 715
0 3 413
3 0 413
0 33 111
33 0 111
0 56 700
56 0 700
0 2 478
2 0 478
0 4 106
4 0 106
0 23 902
23 0 902
0 46 918
46 0 918
0 67 640
67 0 640
0 72 521
72 0 521
1 4 205
4 1 205
1 13 282
13 1 282
1 14 976
14 1 976
1 29 322
29 1 322
1 16 708
16 1 708
1 52 937
52 1 937
1 66 192
66 1 192
1 80 254
80 1 254
1 69 288
69 1 288
1 41 631
41 1 631
2 11 64
11 2 64
2 23 655
23 2 655
2 45 259
45 2 259
2 43 980
43 2 980
2 33 592
33 2 592
2 14 921
14 2 921
2 64 61
64 2 61
2 31 807
31 2 807
2 72 559
72 2 559
2 41 553
41 2 553
2 35 32
35 2 32
2 4 318
4 2 318
2 4 550
4 2 550
2 8 908
8 2 908
3 9 747
9 3 747
3 25 652
25 3 652
3 39 123
39 3 123
3 35 662
35 3 662
3 73 627
73 3 627
3 80 146
80 3 146
3 15 738
15 3 738
3 78 645
78 3 645
4 5 568
5 4 568
4 7 675
7 4 675
4 8 16
8 4 16
4 66 278
66 4 278
4 41 884
41 4 884
4 34 539
34 4 539
4 54 939
54 4 939
5 6 256
6 5 256
5 12 755
12 5 755
5 24 577
24 5 577
5 26 510
26 5 510
5 27 341
27 5 341
5 81 932
81 5 932
5 85 607
85 5 607
5 85 2
85 5 2
5 34 85
34 5 85
5 50 309
50 5 309
5 71 296
71 5 296
5 12 739
12 5 739
6 82 493
82 6 493
6 57 191
57 6 191
6 7 224
7 6 224
6 61 442
61 6 442
6 81 814
81 6 814
6 15 427
15 6 427
7 10 386
10 7 386
7 17 418
17 7 418
7 75 56
75 7 56
7 86 245
86 7 245
7 81 19
81 7 19
7 27 218
27 7 218
8 15 38
15 8 38
8 35 464
35 8 464
8 55 360
55 8 360
8 77 290
77 8 290
8 74 43
74 8 43
8 20 683
20 8 683
8 75 85
75 8 85
9 19 945
19 9 945
9 74 406
74 9 406
9 14 833
14 9 833
9 34 189
34 9 189
9 32 542
32 9 542
10 62 917
62 10 917
10 21 276
21 10 276
10 16 12
16 10 12
11 44 821
44 11 821
11 55 273
55 11 273
11 23 22
23 11 22
11 12 893
12 11 893
11 35 124
35 11 124
11 33 296
33 11 296
11 85 971
85 11 971
11 70 345
70 11 345
11 28 679
28 11 679
12 41 476
41 12 476
12 85 351
85 12 351
12 85 334
85 12 334
12 24 146
24 12 146
13 66 779
66 13 779
13 71 214
71 13 214
13 63 290
63 13 290
13 56 486
56 13 486
13 28 388
28 13 388
14 16 698
16 14 698
14 20 914
20 14 914
14 19 328
19 14 328
14 83 490
83 14 490
15 18 362
18 15 362
15 74 648
74 15 648
15 53 547
53 15 547
15 58 578
58 15 578
15 65 566
65 15 566
15 50 943
50 15 943
15 41 162
41 15 162
16 36 201
36 16 201
16 32 983
32 16 983
16 84 89
84 16 89
16 53 597
53 16 597
16 72 837
72 16 837
16 30 706
30 16 706
16 37 192
37 16 192
17 54 232
54 17 232
17 49 257
49 17 257
17 54 466
54 17 466
17 71 708
71 17 708
17 78 957
78 17 957
17 48 558
48 17 558
18 21 998
21 18 998
18 28 975
28 18 975
18 81 326
81 18 326
18 66 382
66 18 382
18 71 608
71 18 608
18 81 916
81 18 916
19 32 899
32 19 899
19 57 859
57 19 859
19 68 442
68 19 442
20 65 144
65 20 144
20 58 578
58 20 578
20 44 964
44 20 964
20 46 673
46 20 673
20 29 760
29 20 760
21 22 900
22 21 900
21 31 473
31 21 473
21 34 615
34 21 615
21 76 809
76 21 809
21 42 557
42 21 557
21 50 267
50 21 267
21 83 616
83 21 616
22 36 148
36 22 148
22 37 43
37 22 43
22 62 391
62 22 391
22 43 510
43 22 510
22 40 510
40 22 510
22 83 222
83 22 222
23 68 851
68 23 851
23 39 132
39 23 132
23 28 941
28 23 941
23 77 619
77 23 619
23 73 490
73 23 490
24 51 717
51 24 717
24 73 174
73 24 174
24 87 528
87 24 528
24 47 357
47 24 357
24 67 960
67 24 960
24 42 111
42 24 111
25 50 224
50 25 224
25 79 854
79 25 854
25 29 397
29 25 397
25 41 582
41 25 582
25 39 3
39 25 3
25 88 387
88 25 387
26 29 502
29 26 502
26 64 594
64 26 594
26 54 91
54 26 91
26 31 608
31 26 608
26 84 713
84 26 713
26 67 130
67 26 130
26 75 738
75 26 738
26 53 575
53 26 575
27 30 105
30 27 105
27 86 748
86 27 748
28 43 276
43 28 276
28 80 289
80 28 289
28 57 237
57 28 237
28 42 290
42 28 290
29 66 198
66 29 198
29 62 52
62 29 52
29 61 814
61 29 814
29 42 364
42 29 364
29 61 169
61 29 169
29 34 832
34 29 832
30 69 402
69 30 402
30 71 670
71 30 670
30 74 695
74 30 695
30 53 670
53 30 670
30 76 158
76 30 158
30 69 925
69 30 925
30 75 455
75 30 455
30 56 967
56 30 967
31 43 995
43 31 995
31 48 805
48 31 805
31 60 915
60 31 915
31 67 192
67 31 192
31 49 809
49 31 809
31 55 42
55 31 42
32 40 237
40 32 237
32 80 829
80 32 829
32 79 861
79 32 861
32 48 501
48 32 501
32 41 650
41 32 650
32 67 622
67 32 622
33 38 789
38 33 789
33 34 995
34 33 995
33 67 51
67 33 51
33 54 252
54 33 252
34 57 556
57 34 556
35 61 851
61 35 851
35 70 566
70 35 566
35 44 35
44 35 35
36 70 663
70 36 663
36 82 278
82 36 278
36 54 652
54 36 652
36 80 705
80 36 705
37 46 805
46 37 805
37 59 350
59 37 350
37 86 988
86 37 988
37 80 101
80 37 101
38 42 318
42 38 318
38 49 388
49 38 388
38 64 582
64 38 582
38 88 290
88 38 290
38 45 687
45 38 687
39 47 788
47 39 788
39 49 502
49 39 502
39 52 633
52 39 633
39 74 335
74 39 335
40 61 204
61 40 204
40 62 375
62 40 375
40 67 469
67 40 469
41 53 612
53 41 612
41 84 584
84 41 584
42 47 662
47 42 662
42 63 4
63 42 4
42 64 706
64 42 706
42 57 534
57 42 534
42 62 848
62 42 848
43 57 673
57 43 673
43 70 688
70 43 688
44 64 615
64 44 615
44 87 835
87 44 835
44 62 351
62 44 351
45 83 526
83 45 526
45 80 278
80 45 278
46 63 724
63 46 724
46 51 878
51 46 878
47 58 38
58 47 38
47 81 22
81 47 22
47 81 361
81 47 361
47 66 667
66 47 667
47 70 835
70 47 835
48 88 217
88 48 217
48 77 50
77 48 50
48 71 945
71 48 945
48 86 449
86 48 449
48 73 1000
73 48 1000
48 51 780
51 48 780
48 59 806
59 48 806
48 70 228
70 48 228
48 54 629
54 48 629
49 81 316
81 49 316
49 73 28
73 49 28
49 84 128
84 49 128
49 69 133
69 49 133
50 87 614
87 50 614
50 86 849
86 50 849
51 56 964
56 51 964
51 85 939
85 51 939
51 78 533
78 51 533
51 66 464
66 51 464
52 77 145
77 52 145
52 83 666
83 52 666
53 72 388
72 53 388
53 72 324
72 53 324
54 56 242
56 54 242
54 57 156
57 54 156
55 78 326
78 55 326
56 68 350
68 56 350
56 86 101
86 56 101
56 60 185
60 56 185
57 74 421
74 57 421
57 77 8
77 57 8
58 63 326
63 58 326
59 60 319
60 59 319
60 69 494
69 60 494
61 82 776
82 61 776
61 74 186
74 61 186
62 87 247
87 62 247
63 87 703
87 63 703
63 88 322
88 63 322
65 68 454
68 65 454
66 81 509
81 66 509
67 86 508
86 67 508
67 80 780
80 67 780
67 76 81
76 67 81
68 84 154
84 68 154
68 71 337
71 68 337
68 83 799
83 68 799
68 71 379
71 68 379
69 75 931
75 69 931
69 73 685
73 69 685
70 83 50
83 70 50
70 85 367
85 70 367
71 79 180
79 71 180
72 76 481
76 72 481
72 75 941
75 72 941
73 79 645
79 73 645
73 81 740
81 73 740
74 78 993
78 74 993
74 81 449
81 74 449
76 80 316
80 76 316
76 83 194
83 76 194
76 77 555
77 76 555
80 84 335
84 80 335
80 85 203
85 80 203
82 86 396
86 82 396
