50

0 1 749
1 0 749
0 2 815
2 0 815
0 31 986
31 0 986
0 25 919
25 0 919
0 1 203
1 0 203
1 10 758
10 1 758
1 14 277
14 1 277
1 47 834
47 1 834
2 3 990
3 2 990
2 4 545
4 2 545
2 7 910
7 2 910
2 8 138
8 2 138
2 11 890
11 2 890
2 25 437
25 2 437
2 5 95
5 2 95
2 33 293
33 2 293
2 14 249
14 2 249
2 31 929
31 2 929
3 21 471
21 3 471
3 37 198
37 3 198
3 36 913
36 3 913
4 5 156
5 4 156
4 15 771
15 4 771
4 48 710
48 4 710
4 13 394
13 4 394
4 17 307
17 4 307
5 6 467
6 5 467
5 9 426
9 5 426
5 12 547
12 5 547
5 26 930
26 5 930
5 46 712
46 5 712
6 13 90
13 6 90
6 17 783
17 6 783
6 45 615
45 6 615
6 31 36
31 6 36
6 24 624
24 6 624
6 18 936
18 6 936
6 8 124
8 6 124
6 29 524
29 6 524
7 41 616
41 7 616
7 43 142
43 7 142
7 45 318
45 7 318
7 27 398
27 7 398
8 35 854
35 8 854
8 28 623
28 8 623
8 10 214
10 8 214
8 44 101
44 8 101
8 10 777
10 8 777
8 9 140
9 8 140
9 16 19
16 9 19
9 26 875
26 9 875
9 34 946
34 9 946
9 35 547
35 9 547
9 21 221
21 9 221
9 20 993
20 9 993
9 31 607
31 9 607
9 40 907
40 9 907
9 26 529
26 9 529
9 30 565
30 9 565
10 18 830
18 10 830
10 28 497
28 10 497
10 29 695
29 10 695
10 31 789
31 10 789
11 17 502
17 11 502
12 20 648
20 12 648
12 17 456
17 12 456
13 28 350
28 13 350
14 22 240
22 14 240
14 21 610
21 14 610
14 49 672
49 14 672
15 36 325
36 15 325
15 45 387
45 15 387
16 19 290
19 16 290
16 32 311
32 16 311
17 24 776
24 17 776
18 23 711
23 18 711
18 27 78
27 18 78
18 24 447
24 18 447
18 30 652
30 18 652
18 25 849
25 18 849
18 40 153
40 18 153
18 36 64
36 18 64
19 42 231
42 19 231
20 40 745
40 20 745
20 49 905
49 20 905
20 41 400
41 20 400
20 26 499
26 20 499
21 30 407
30 21 407
21 39 650
39 21 650
21 35 15
35 21 15
22 32 174
32 22 174
22 38 55
38 22 55
22 31 385
31 22 385
23 44 798
44 23 798
24 34 521
34 24 521
24 34 580
34 24 580
25 45 40
45 25 40
25 34 952
34 25 952
27 41 642
41 27 642
27 36 756
36 27 756
28 40 469
40 28 469
29 44 816
44 29 816
29 40 244
40 29 244
30 33 946
33 30 946
30 38 97
38 30 97
30 40 911
40 30 911
30 35 418
35 30 418
30 39 667
39 30 667
31 44 927
44 31 927
31 33 406
33 31 406
32 43 979
43 32 979
32 40 407
40 32 407
33 42 366
42 33 366
33 43 973
43 33 973
34 46 558
46 34 558
34 47 892
47 34 892
38 42 645
42 38 645
40 48 746
48 40 746
40 43 97
43 40 97
41 41 849
41 41 849
