90

0 1 558
1 0 558
0 2 997
2 0 997
0 3 676
3 0 676
0 7 616
7 0 616
0 11 105
11 0 105
0 12 841
12 0 841
0 23 296
23 0 296
0 24 93
24 0 93
0 43 63
43 0 63
0 55 316
55 0 316
0 21 954
21 0 954
0 4 680
4 0 680
0 18 561
18 0 561
0 51 114
51 0 114
0 61 658
61 0 658
0 56 627
56 0 627
0 84 285
84 0 285
0 62 351
62 0 351
0 34 913
34 0 913
0 0 200
0 0 200
0 56 945
56 0 945
0 56 293
56 0 293
1 6 56
6 1 56
1 15 529
15 1 529
1 17 841
17 1 841
1 72 598
72 1 598
1 53 1000
53 1 1000
1 38 408
38 1 408
1 80 196
80 1 196
1 49 429
49 1 429
1 6 832
6 1 832
1 34 158
34 1 158
1 17 846
17 1 846
1 74 281
74 1 281
1 6 513
6 1 513
1 60 824
60 1 824
1 15 307
15 1 307
1 13 314
13 1 314
1 67 237
67 1 237
1 47 214
47 1 214
1 36 5
36 1 5
1 82 41
82 1 41
2 4 242
4 2 242
2 4 519
4 2 519
2 27 672
27 2 672
2 38 105
38 2 105
2 77 330
77 2 330
2 37 715
37 2 715
2 16 308
16 2 308
2 41 571
41 2 571
2 62 484
62 2 484
2 38 176
38 2 176
2 65 713
65 2 713
2 78 750
78 2 750
2 65 449
65 2 449
2 48 686
48 2 686
3 8 946
8 3 946
3 13 798
13 3 798
3 25 815
25 3 815
3 81 498
81 3 498
3 89 105
89 3 105
3 34 300
34 3 300
3 78 811
78 3 811
3 8 510
8 3 510
3 56 769
56 3 769
3 81 151
81 3 151
3 15 404
15 3 404
3 64 954
64 3 954
3 28 282
28 3 282
3 7 646
7 3 646
3 49 924
49 3 924
3 81 524
81 3 524
3 13 66
13 3 66
3 56 120
56 3 120
4 5 510
5 4 510
4 20 944
20 4 944
4 43 748
43 4 748
4 42 963
42 4 963
4 35 768
35 4 768
4 62 174
62 4 174
4 28 208
28 4 208
4 22 222
22 4 222
4 13 13
13 4 13
4 24 665
24 4 665
4 31 629
31 4 629
4 27 466
27 4 466
4 75 209
75 4 209
5 18 385
18 5 385
5 36 309
36 5 309
5 61 992
61 5 992
5 57 225
57 5 225
5 52 483
52 5 483
5 23 863
23 5 863
5 72 678
72 5 678
5 65 75
65 5 75
5 60 164
60 5 164
5 47 486
47 5 486
5 9 420
9 5 420
5 59 999
59 5 999
5 6 998
6 5 998
6 9 494
9 6 494
6 30 974
30 6 974
6 34 915
34 6 915
6 13 829
13 6 829
6 28 347
28 6 347
6 37 210
37 6 210
6 81 137
81 6 137
6 42 530
42 6 530
6 29 80
29 6 80
6 84 57
84 6 57
6 65 603
65 6 603
7 10 69
10 7 69
7 21 927
21 7 927
7 79 316
79 7 316
7 82 587
82 7 587
7 13 801
13 7 801
7 47 871
47 7 871
7 15 789
15 7 789
7 38 847
38 7 847
7 28 535
28 7 535
7 61 111
61 7 111
7 19 355
19 7 355
7 41 161
41 7 161
8 41 193
41 8 193
8 10 607
10 8 607
8 53 719
53 8 719
8 24 921
24 8 921
8 32 587
32 8 587
8 78 522
78 8 522
8 74 229
74 8 229
8 75 451
75 8 451
8 52 361
52 8 361
9 14 321
14 9 321
9 22 238
22 9 238
9 29 860
29 9 860
9 83 16
83 9 16
9 61 361
61 9 361
9 23 515
23 9 515
9 51 335
51 9 335
9 33 596
33 9 596
9 11 600
11 9 600
9 15 196
15 9 196
10 31 262
31 10 262
10 22 117
22 10 117
10 55 30
55 10 30
10 62 496
62 10 496
10 55 574
55 10 574
10 77 312
77 10 312
10 21 829
21 10 829
10 60 768
60 10 768
10 19 867
19 10 867
10 25 264
25 10 264
10 59 445
59 10 445
10 37 799
37 10 799
11 50 70
50 11 70
11 47 24
47 11 24
11 73 420
73 11 420
11 86 386
86 11 386
11 63 23
63 11 23
11 77 909
77 11 909
12 16 346
16 12 346
12 19 991
19 12 991
12 71 49
71 12 49
12 50 690
50 12 690
12 86 894
86 12 894
12 85 13
85 12 13
12 89 445
89 12 445
12 15 719
15 12 719
12 46 562
46 12 562
13 63 248
63 13 248
13 72 174
72 13 174
13 74 649
74 13 649
13 75 665
75 13 665
13 69 163
69 13 163
13 82 646
82 13 646
13 28 129
28 13 129
13 63 949
63 13 949
13 17 498
17 13 498
13 57 617
57 13 617
13 66 953
66 13 953
13 73 527
73 13 527
14 54 151
54 14 151
14 21 31
21 14 31
14 28 608
28 14 608
14 38 195
38 14 195
14 81 446
81 14 446
14 29 956
29 14 956
14 58 405
58 14 405
15 24 501
24 15 501
15 41 474
41 15 474
15 36 47
36 15 47
15 21 407
21 15 407
15 27 873
27 15 873
15 71 180
71 15 180
15 26 242
26 15 242
15 38 756
38 15 756
16 82 663
82 16 663
16 63 559
63 16 559
16 66 144
66 16 144
16 86 518
86 16 518
16 36 181
36 16 181
16 61 820
61 16 820
16 32 857
32 16 857
16 78 498
78 16 498
16 49 812
49 16 812
16 54 273
54 16 273
16 84 647
84 16 647
17 39 500
39 17 500
17 58 432
58 17 432
17 73 984
73 17 984
17 23 211
23 17 211
17 35 243
35 17 243
17 88 170
88 17 170
17 83 872
83 17 872
17 20 979
20 17 979
18 27 639
27 18 639
18 75 381
75 18 381
18 55 526
55 18 526
18 41 871
41 18 871
18 45 10
45 18 10
18 20 603
20 18 603
18 24 695
24 18 695
18 59 4
59 18 4
18 84 653
84 18 653
18 37 199
37 18 199
19 28 628
28 19 628
19 64 627
64 19 627
19 49 275
49 19 275
19 65 744
65 19 744
19 51 730
51 19 730
19 81 736
81 19 736
19 64 835
64 19 835
19 63 473
63 19 473
19 71 188
71 19 188
19 33 148
33 19 148
19 86 914
86 19 914
19 36 972
36 19 972
20 50 45
50 20 45
20 41 703
41 20 703
20 83 582
83 20 582
20 58 52
58 20 52
20 71 570
71 20 570
20 56 862
56 20 862
20 36 613
36 20 613
20 24 914
24 20 914
20 57 585
57 20 585
20 84 621
84 20 621
20 50 168
50 20 168
20 88 57
88 20 57
21 32 326
32 21 326
21 65 389
65 21 389
21 70 384
70 21 384
21 64 755
64 21 755
21 83 257
83 21 257
21 78 986
78 21 986
21 59 24
59 21 24
21 76 39
76 21 39
21 54 915
54 21 915
21 81 147
81 21 147
22 80 566
80 22 566
22 71 55
71 22 55
22 79 591
79 22 591
22 65 956
65 22 956
22 31 373
31 22 373
22 48 288
48 22 288
22 54 327
54 22 327
22 45 749
45 22 749
22 71 785
71 22 785
22 68 543
68 22 543
22 55 670
55 22 670
22 30 808
30 22 808
22 29 447
29 22 447
22 85 50
85 22 50
23 26 603
26 23 603
23 48 767
48 23 767
23 52 448
52 23 448
23 86 921
86 23 921
23 65 839
65 23 839
23 44 969
44 23 969
23 74 627
74 23 627
23 53 813
53 23 813
23 26 881
26 23 881
23 78 128
78 23 128
23 57 220
57 23 220
23 65 399
65 23 399
23 41 990
41 23 990
23 68 125
68 23 125
23 65 848
65 23 848
24 35 240
35 24 240
24 46 611
46 24 611
24 75 246
75 24 246
24 24 375
24 24 375
24 71 251
71 24 251
24 34 223
34 24 223
24 61 268
61 24 268
24 26 403
26 24 403
24 28 346
28 24 346
25 50 162
50 25 162
25 41 860
41 25 860
25 41 62
41 25 62
25 62 844
62 25 844
25 34 630
34 25 630
25 48 63
48 25 63
25 89 674
89 25 674
26 37 380
37 26 380
26 34 161
34 26 161
26 44 99
44 26 99
26 51 463
51 26 463
26 88 417
88 26 417
26 64 953
64 26 953
26 77 97
77 26 97
26 56 4
56 26 4
26 66 466
66 26 466
26 86 185
86 26 185
26 37 482
37 26 482
27 48 535
48 27 535
27 78 519
78 27 519
27 51 865
51 27 865
27 77 652
77 27 652
27 29 728
29 27 728
27 85 438
85 27 438
27 55 840
55 27 840
27 43 88
43 27 88
27 42 513
42 27 513
27 73 771
73 27 771
27 41 100
41 27 100
27 79 456
79 27 456
28 44 554
44 28 554
28 58 94
58 28 94
28 68 307
68 28 307
28 89 549
89 28 549
28 78 96
78 28 96
28 65 454
65 28 454
28 89 387
89 28 387
29 51 265
51 29 265
29 60 138
60 29 138
29 60 736
60 29 736
29 56 482
56 29 482
29 79 571
79 29 571
29 51 27
51 29 27
30 33 38
33 30 38
30 80 710
80 30 710
30 72 240
72 30 240
30 55 551
55 30 551
30 37 834
37 30 834
30 76 578
76 30 578
30 40 144
40 30 144
31 40 27
40 31 27
31 76 207
76 31 207
31 77 290
77 31 290
31 48 550
48 31 550
31 34 146
34 31 146
31 87 672
87 31 672
31 78 554
78 31 554
31 34 580
34 31 580
31 55 415
55 31 415
32 66 750
66 32 750
32 75 196
75 32 196
32 61 89
61 32 89
32 63 269
63 32 269
32 34 647
34 32 647
32 63 107
63 32 107
32 37 225
37 32 225
32 73 272
73 32 272
33 81 656
81 33 656
33 71 378
71 33 378
33 80 161
80 33 161
33 74 44
74 33 44
33 67 408
67 33 408
33 48 675
48 33 675
33 47 390
47 33 390
33 62 415
62 33 415
33 67 512
67 33 512
34 66 636
66 34 636
34 76 507
76 34 507
34 78 150
78 34 150
34 72 264
72 34 264
34 40 201
40 34 201
34 39 35
39 34 35
35 45 609
45 35 609
35 68 864
68 35 864
35 73 558
73 35 558
35 38 628
38 35 628
35 54 438
54 35 438
35 85 760
85 35 760
35 69 554
69 35 554
35 82 560
82 35 560
35 88 846
88 35 846
36 69 487
69 36 487
36 80 200
80 36 200
36 39 220
39 36 220
36 38 228
38 36 228
36 78 582
78 36 582
37 38 710
38 37 710
37 59 45
59 37 45
37 69 372
69 37 372
37 48 995
48 37 995
37 46 514
46 37 514
37 73 783
73 37 783
37 43 305
43 37 305
37 73 197
73 37 197
37 76 732
76 37 732
37 65 604
65 37 604
37 82 187
82 37 187
38 47 236
47 38 236
38 66 113
66 38 113
38 58 642
58 38 642
38 47 561
47 38 561
38 86 481
86 38 481
38 57 808
57 38 808
38 42 734
42 38 734
39 73 970
73 39 970
39 82 965
82 39 965
39 44 985
44 39 985
39 86 239
86 39 239
39 75 852
75 39 852
40 41 353
41 40 353
40 89 821
89 40 821
40 45 697
45 40 697
40 69 126
69 40 126
40 62 242
62 40 242
41 42 436
42 41 436
41 85 202
85 41 202
41 67 289
67 41 289
41 85 965
85 41 965
41 65 933
65 41 933
41 62 2
62 41 2
42 88 6
88 42 6
42 77 623
77 42 623
42 83 618
83 42 618
42 65 677
65 42 677
43 56 740
56 43 740
43 83 426
83 43 426
43 78 608
78 43 608
44 63 50
63 44 50
44 56 31
56 44 31
44 69 24
69 44 24
45 73 457
73 45 457
45 70 524
70 45 524
45 67 127
67 45 127
45 73 824
73 45 824
46 64 44
64 46 44
46 76 763
76 46 763
46 60 595
60 46 595
46 60 98
60 46 98
47 49 538
49 47 538
47 62 14
62 47 14
47 84 875
84 47 875
47 52 65
52 47 65
47 53 129
53 47 129
47 54 714
54 47 714
47 87 223
87 47 223
47 57 217
57 47 217
48 84 470
84 48 470
48 75 753
75 48 753
48 52 935
52 48 935
48 86 202
86 48 202
48 77 505
77 48 505
48 74 511
74 48 511
49 63 244
63 49 244
49 77 997
77 49 997
49 82 749
82 49 749
49 56 76
56 49 76
49 79 996
79 49 996
50 53 380
53 50 380
50 65 923
65 50 923
50 70 913
70 50 913
50 82 661
82 50 661
50 55 844
55 50 844
50 88 737
88 50 737
50 73 616
73 50 616
51 57 392
57 51 392
51 89 794
89 51 794
51 67 778
67 51 778
51 55 328
55 51 328
51 64 944
64 51 944
51 75 771
75 51 771
51 68 65
68 51 65
51 72 42
72 51 42
51 72 136
72 51 136
52 67 964
67 52 964
52 64 479
64 52 479
52 89 513
89 52 513
52 56 272
56 52 272
52 88 816
88 52 816
52 72 515
72 52 515
53 59 917
59 53 917
53 74 864
74 53 864
53 82 665
82 53 665
53 75 608
75 53 608
53 57 421
57 53 421
53 72 774
72 53 774
54 67 813
67 54 813
54 65 314
65 54 314
54 71 771
71 54 771
54 61 552
61 54 552
54 62 576
62 54 576
54 66 420
66 54 420
54 84 597
84 54 597
54 60 242
60 54 242
54 67 314
67 54 314
55 60 823
60 55 823
55 87 658
87 55 658
55 59 933
59 55 933
55 76 602
76 55 602
55 77 897
77 55 897
55 65 589
65 55 589
55 60 613
60 55 613
55 61 608
61 55 608
56 89 117
89 56 117
56 71 175
71 56 175
57 76 320
76 57 320
57 85 311
85 57 311
58 81 613
81 58 613
58 67 512
67 58 512
58 73 634
73 58 634
58 85 41
85 58 41
58 64 150
64 58 150
59 86 888
86 59 888
59 79 380
79 59 380
59 62 290
62 59 290
60 80 240
80 60 240
61 73 4
73 61 4
61 67 355
67 61 355
61 85 712
85 61 712
62 80 484
80 62 484
62 80 106
80 62 106
63 70 728
70 63 728
63 83 433
83 63 433
63 72 767
72 63 767
63 67 783
67 63 783
64 81 910
81 64 910
64 76 133
76 64 133
64 77 203
77 64 203
64 78 517
78 64 517
64 73 174
73 64 174
64 86 488
86 64 488
65 67 610
67 65 610
65 66 401
66 65 401
65 67 436
67 65 436
66 87 399
87 66 399
66 77 836
77 66 836
66 89 449
89 66 449
66 85 32
85 66 32
66 70 808
70 66 808
67 85 164
85 67 164
67 71 311
71 67 311
67 75 463
75 67 463
67 83 775
83 67 775
67 81 569
81 67 569
67 68 344
68 67 344
68 86 406
86 68 406
68 77 195
77 68 195
69 78 295
78 69 295
69 79 363
79 69 363
70 84 251
84 70 251
70 77 471
77 70 471
71 77 576
77 71 576
72 79 290
79 72 290
72 80 10
80 72 10
72 84 171
84 72 171
73 79 56
79 73 56
73 78 447
78 73 447
74 87 320
87 74 320
74 81 286
81 74 286
74 88 792
88 74 792
74 89 792
89 74 792
74 76 692
76 74 692
75 88 54
88 75 54
76 78 482
78 76 482
79 88 164
88 79 164
80 82 684
82 80 684
81 82 35
82 81 35
81 84 829
84 81 829
81 84 322
84 81 322
81 82 708
82 81 708
82 85 658
85 82 658
87 87 227
87 87 227
