97

0 1 699
1 0 699
0 2 847
2 0 847
0 3 660
3 0 660
0 4 68
4 0 68
0 5 578
5 0 578
0 9 204
9 0 204
0 27 835
27 0 835
0 75 679
75 0 679
0 96 666
96 0 666
0 30 202
30 0 202
0 94 879
94 0 879
0 84 908
84 0 908
0 20 98
20 0 98
0 53 192
53 0 192
0 96 251
96 0 251
0 45 201
45 0 201
0 88 173
88 0 173
0 48 198
48 0 198
0 73 450
73 0 450
0 2 643
2 0 643
0 52 363
52 0 363
0 25 604
25 0 604
1 34 331
34 1 331
1 79 417
79 1 417
1 27 324
27 1 324
1 8 919
8 1 919
1 85 207
85 1 207
1 38 906
38 1 906
1 77 763
77 1 763
1 50 491
50 1 491
1 50 508
50 1 508
2 15 804
15 2 804
2 19 508
19 2 508
2 41 687
41 2 687
2 24 634
24 2 634
2 79 246
79 2 246
2 75 729
75 2 729
2 75 470
75 2 470
2 22 738
22 2 738
2 25 860
25 2 860
2 45 720
45 2 720
3 6 249
6 3 249
3 8 642
8 3 642
3 75 167
75 3 167
3 57 528
57 3 528
3 13 709
13 3 709
3 54 333
54 3 333
3 18 945
18 3 945
3 88 758
88 3 758
3 83 556
83 3 556
3 41 140
41 3 140
3 64 120
64 3 120
3 7 589
7 3 589
3 51 276
51 3 276
3 96 645
96 3 645
3 43 88
43 3 88
3 27 248
27 3 248
3 70 605
70 3 605
4 12 133
12 4 133
4 31 191
31 4 191
4 13 250
13 4 250
4 56 848
56 4 848
4 70 749
70 4 749
4 12 561
12 4 561
4 28 704
28 4 704
4 95 756
95 4 756
4 59 802
59 4 802
4 83 818
83 4 818
5 17 3
17 5 3
5 44 123
44 5 123
5 77 693
77 5 693
5 49 895
49 5 895
5 22 574
22 5 574
5 83 436
83 5 436
5 93 505
93 5 505
5 93 29
93 5 29
5 43 690
43 5 690
5 85 941
85 5 941
5 82 86
82 5 86
5 71 823
71 5 823
5 13 287
13 5 287
6 7 461
7 6 461
6 10 454
10 6 454
6 14 305
14 6 305
6 88 973
88 6 973
6 51 634
51 6 634
6 37 105
37 6 105
6 76 555
76 6 555
6 10 518
10 6 518
6 87 254
87 6 254
6 92 659
92 6 659
6 26 750
26 6 750
6 67 771
67 6 771
6 67 911
67 6 911
7 11 681
11 7 681
7 16 370
16 7 370
7 23 449
23 7 449
7 42 571
42 7 571
7 73 170
73 7 170
7 9 103
9 7 103
7 61 385
61 7 385
8 13 663
13 8 663
8 22 563
22 8 563
8 51 731
51 8 731
8 25 719
25 8 719
8 66 361
66 8 361
8 39 435
39 8 435
8 94 29
94 8 29
8 21 472
21 8 472
8 31 270
31 8 270
8 26 994
26 8 994
8 33 176
33 8 176
8 35 417
35 8 417
8 91 251
91 8 251
8 20 247
20 8 247
8 63 904
63 8 904
9 18 979
18 9 979
9 81 838
81 9 838
9 42 678
42 9 678
9 14 254
14 9 254
9 76 799
76 9 799
9 49 376
49 9 376
9 64 840
64 9 840
9 35 323
35 9 323
9 20 941
20 9 941
9 94 604
94 9 604
10 76 644
76 10 644
10 69 138
69 10 138
10 38 295
38 10 295
10 43 407
43 10 407
10 84 350
84 10 350
10 91 206
91 10 206
10 70 582
70 10 582
10 60 68
60 10 68
10 50 112
50 10 112
11 60 741
60 11 741
11 36 125
36 11 125
11 64 41
64 11 41
11 84 908
84 11 908
11 88 937
88 11 937
11 67 637
67 11 637
11 21 104
21 11 104
11 36 334
36 11 334
11 96 586
96 11 586
12 24 487
24 12 487
12 80 730
80 12 730
12 44 224
44 12 224
12 88 583
88 12 583
12 34 48
34 12 48
12 56 576
56 12 576
12 90 472
90 12 472
12 90 795
90 12 795
12 36 596
36 12 596
12 91 963
91 12 963
12 64 383
64 12 383
12 52 106
52 12 106
12 81 617
81 12 617
12 34 407
34 12 407
13 28 484
28 13 484
13 47 84
47 13 84
13 69 597
69 13 597
13 30 808
30 13 808
13 74 911
74 13 911
13 14 878
14 13 878
13 71 14
71 13 14
13 69 876
69 13 876
13 48 650
48 13 650
13 18 858
18 13 858
13 55 208
55 13 208
13 80 896
80 13 896
13 73 484
73 13 484
13 75 786
75 13 786
14 21 17
21 14 17
14 84 103
84 14 103
14 21 426
21 14 426
14 54 563
54 14 563
14 58 493
58 14 493
14 63 159
63 14 159
14 29 598
29 14 598
14 56 853
56 14 853
14 77 246
77 14 246
14 62 66
62 14 66
14 52 77
52 14 77
15 20 729
20 15 729
15 25 546
25 15 546
15 36 915
36 15 915
15 50 812
50 15 812
15 89 927
89 15 927
15 34 579
34 15 579
15 72 516
72 15 516
15 19 154
19 15 154
15 94 750
94 15 750
15 94 212
94 15 212
15 85 239
85 15 239
16 36 633
36 16 633
16 92 417
92 16 417
16 74 483
74 16 483
16 42 964
42 16 964
16 65 980
65 16 980
17 21 392
21 17 392
17 29 415
29 17 415
17 35 416
35 17 416
17 34 808
34 17 808
17 42 425
42 17 425
17 63 549
63 17 549
17 52 101
52 17 101
17 68 169
68 17 169
17 20 175
20 17 175
17 54 633
54 17 633
17 66 844
66 17 844
17 86 406
86 17 406
18 72 558
72 18 558
18 93 42
93 18 42
18 55 129
55 18 129
18 34 2
34 18 2
18 49 678
49 18 678
18 60 190
60 18 190
18 95 181
95 18 181
18 20 260
20 18 260
18 63 894
63 18 894
18 59 484
59 18 484
18 28 729
28 18 729
18 85 787
85 18 787
18 66 495
66 18 495
18 64 870
64 18 870
19 26 445
26 19 445
19 33 272
33 19 272
19 40 254
40 19 254
19 38 384
38 19 384
19 89 30
89 19 30
19 92 126
92 19 126
19 62 457
62 19 457
19 54 208
54 19 208
19 86 926
86 19 926
19 57 629
57 19 629
19 35 18
35 19 18
19 42 901
42 19 901
19 87 895
87 19 895
19 86 759
86 19 759
19 49 354
49 19 354
20 62 224
62 20 224
20 85 579
85 20 579
20 36 646
36 20 646
20 75 541
75 20 541
20 47 987
47 20 987
20 87 819
87 20 819
20 47 268
47 20 268
20 61 299
61 20 299
20 25 690
25 20 690
20 44 447
44 20 447
20 55 140
55 20 140
20 85 460
85 20 460
20 48 735
48 20 735
20 68 902
68 20 902
20 49 765
49 20 765
20 35 827
35 20 827
21 22 934
22 21 934
21 93 744
93 21 744
21 42 145
42 21 145
21 39 687
39 21 687
21 94 923
94 21 923
21 51 937
51 21 937
21 65 193
65 21 193
21 77 26
77 21 26
21 91 954
91 21 954
22 43 123
43 22 123
22 70 337
70 22 337
22 83 584
83 22 584
22 96 50
96 22 50
22 73 375
73 22 375
22 70 483
70 22 483
22 86 839
86 22 839
22 54 467
54 22 467
22 28 72
28 22 72
22 34 850
34 22 850
22 74 8
74 22 8
22 75 172
75 22 172
23 45 420
45 23 420
23 92 251
92 23 251
23 76 317
76 23 317
23 31 464
31 23 464
23 30 198
30 23 198
23 89 782
89 23 782
23 25 921
25 23 921
23 50 898
50 23 898
24 30 566
30 24 566
24 65 735
65 24 735
24 59 105
59 24 105
24 68 800
68 24 800
24 89 281
89 24 281
24 45 595
45 24 595
24 68 713
68 24 713
24 47 499
47 24 499
24 35 332
35 24 332
24 93 617
93 24 617
24 52 19
52 24 19
25 32 197
32 25 197
25 50 634
50 25 634
25 87 238
87 25 238
25 37 367
37 25 367
25 65 792
65 25 792
25 42 124
42 25 124
25 27 92
27 25 92
25 66 927
66 25 927
25 71 755
71 25 755
25 45 188
45 25 188
25 72 627
72 25 627
25 65 278
65 25 278
25 55 520
55 25 520
25 89 796
89 25 796
26 42 697
42 26 697
26 68 368
68 26 368
26 52 232
52 26 232
26 58 958
58 26 958
26 62 285
62 26 285
26 68 738
68 26 738
26 80 400
80 26 400
26 88 123
88 26 123
26 38 213
38 26 213
26 64 920
64 26 920
27 31 903
31 27 903
27 52 10
52 27 10
27 45 738
45 27 738
27 64 424
64 27 424
27 76 615
76 27 615
27 31 658
31 27 658
27 87 174
87 27 174
27 38 347
38 27 347
27 94 262
94 27 262
27 41 391
41 27 391
27 68 1000
68 27 1000
27 94 647
94 27 647
27 47 984
47 27 984
28 76 914
76 28 914
28 93 826
93 28 826
28 34 497
34 28 497
28 56 428
56 28 428
29 64 850
64 29 850
29 82 498
82 29 498
29 96 551
96 29 551
29 80 858
80 29 858
29 85 224
85 29 224
29 91 141
91 29 141
29 77 844
77 29 844
30 62 492
62 30 492
30 62 869
62 30 869
30 94 227
94 30 227
30 64 332
64 30 332
30 65 666
65 30 666
30 43 545
43 30 545
30 51 489
51 30 489
30 94 509
94 30 509
31 48 342
48 31 342
31 73 669
73 31 669
31 76 953
76 31 953
31 94 191
94 31 191
31 45 969
45 31 969
31 73 836
73 31 836
31 47 89
47 31 89
31 61 164
61 31 164
31 85 467
85 31 467
31 93 636
93 31 636
32 46 879
46 32 879
32 66 522
66 32 522
32 86 181
86 32 181
32 61 49
61 32 49
32 68 955
68 32 955
32 81 543
81 32 543
32 73 871
73 32 871
32 63 152
63 32 152
32 94 109
94 32 109
32 56 584
56 32 584
32 80 44
80 32 44
32 70 32
70 32 32
32 33 851
33 32 851
32 40 891
40 32 891
33 63 507
63 33 507
33 73 289
73 33 289
33 83 90
83 33 90
33 77 67
77 33 67
34 61 282
61 34 282
34 65 415
65 34 415
34 51 665
51 34 665
34 70 830
70 34 830
34 90 173
90 34 173
35 37 86
37 35 86
35 74 834
74 35 834
35 76 601
76 35 601
35 52 570
52 35 570
35 62 808
62 35 808
35 46 936
46 35 936
35 88 588
88 35 588
35 43 105
43 35 105
35 47 239
47 35 239
35 65 214
65 35 214
36 39 209
39 36 209
36 57 550
57 36 550
36 65 313
65 36 313
36 60 480
60 36 480
36 52 375
52 36 375
36 49 26
49 36 26
36 56 633
56 36 633
36 88 133
88 36 133
37 38 289
38 37 289
37 60 564
60 37 564
37 66 357
66 37 357
37 57 210
57 37 210
37 64 619
64 37 619
37 55 1
55 37 1
37 84 815
84 37 815
37 67 549
67 37 549
37 62 712
62 37 712
37 64 873
64 37 873
37 84 16
84 37 16
37 88 636
88 37 636
37 44 933
44 37 933
37 49 60
49 37 60
38 49 698
49 38 698
38 53 1
53 38 1
38 89 221
89 38 221
38 92 343
92 38 343
38 46 775
46 38 775
38 93 52
93 38 52
38 83 694
83 38 694
38 59 741
59 38 741
38 55 804
55 38 804
38 60 973
60 38 973
39 58 542
58 39 542
39 59 660
59 39 660
39 52 122
52 39 122
39 45 768
45 39 768
39 79 136
79 39 136
40 54 505
54 40 505
40 50 52
50 40 52
40 77 459
77 40 459
40 60 628
60 40 628
40 50 950
50 40 950
40 53 301
53 40 301
40 46 55
46 40 55
40 62 256
62 40 256
40 41 850
41 40 850
40 52 864
52 40 864
40 63 645
63 40 645
41 42 207
42 41 207
41 72 131
72 41 131
41 67 526
67 41 526
41 88 472
88 41 472
41 72 601
72 41 601
41 64 395
64 41 395
41 75 820
75 41 820
42 58 337
58 42 337
42 79 470
79 42 470
42 67 568
67 42 568
42 89 586
89 42 586
42 87 146
87 42 146
42 75 779
75 42 779
43 91 997
91 43 997
43 47 150
47 43 150
43 72 189
72 43 189
43 79 988
79 43 988
43 60 547
60 43 547
43 57 545
57 43 545
44 74 683
74 44 683
44 58 328
58 44 328
44 75 844
75 44 844
44 61 554
61 44 554
44 72 156
72 44 156
45 55 347
55 45 347
45 67 808
67 45 808
45 86 653
86 45 653
45 82 481
82 45 481
45 94 492
94 45 492
45 88 864
88 45 864
45 62 155
62 45 155
45 65 701
65 45 701
45 84 653
84 45 653
45 80 759
80 45 759
45 65 801
65 45 801
46 51 20
51 46 20
46 86 147
86 46 147
46 76 708
76 46 708
46 84 95
84 46 95
46 65 541
65 46 541
46 53 871
53 46 871
47 64 373
64 47 373
47 47 462
47 47 462
47 47 612
47 47 612
47 96 681
96 47 681
47 74 242
74 47 242
47 85 668
85 47 668
48 50 509
50 48 509
48 53 348
53 48 348
48 52 909
52 48 909
48 72 581
72 48 581
48 59 110
59 48 110
48 64 255
64 48 255
48 49 40
49 48 40
49 57 493
57 49 493
49 81 484
81 49 484
49 90 276
90 49 276
49 75 517
75 49 517
50 63 245
63 50 245
50 50 262
50 50 262
50 82 732
82 50 732
50 79 709
79 50 709
50 85 807
85 50 807
51 91 819
91 51 819
51 93 496
93 51 496
51 83 856
83 51 856
51 80 63
80 51 63
51 88 350
88 51 350
51 64 737
64 51 737
52 64 138
64 52 138
52 93 913
93 52 913
52 52 749
52 52 749
52 92 324
92 52 324
52 79 490
79 52 490
52 60 507
60 52 507
52 86 525
86 52 525
52 61 137
61 52 137
53 68 776
68 53 776
53 59 890
59 53 890
53 82 319
82 53 319
53 83 566
83 53 566
54 78 220
78 54 220
54 73 623
73 54 623
54 78 542
78 54 542
54 85 654
85 54 654
54 91 547
91 54 547
54 86 239
86 54 239
54 87 107
87 54 107
54 87 805
87 54 805
54 90 223
90 54 223
55 56 546
56 55 546
55 62 41
62 55 41
55 79 178
79 55 178
55 56 504
56 55 504
55 60 893
60 55 893
55 57 852
57 55 852
55 64 620
64 55 620
55 88 290
88 55 290
56 67 221
67 56 221
56 83 884
83 56 884
56 86 119
86 56 119
56 93 853
93 56 853
57 59 591
59 57 591
57 86 964
86 57 964
57 77 250
77 57 250
57 80 503
80 57 503
58 82 539
82 58 539
58 67 983
67 58 983
58 85 498
85 58 498
58 88 240
88 58 240
58 75 547
75 58 547
58 68 267
68 58 267
58 96 100
96 58 100
58 65 424
65 58 424
58 79 23
79 58 23
59 81 176
81 59 176
59 64 231
64 59 231
60 93 20
93 60 20
60 64 256
64 60 256
60 65 808
65 60 808
60 75 207
75 60 207
61 93 200
93 61 200
61 62 251
62 61 251
61 61 874
61 61 874
61 62 587
62 61 587
61 92 216
92 61 216
61 89 647
89 61 647
62 95 155
95 62 155
62 88 744
88 62 744
62 81 804
81 62 804
62 88 485
88 62 485
62 69 75
69 62 75
63 79 877
79 63 877
63 77 868
77 63 868
63 93 160
93 63 160
63 69 240
69 63 240
64 65 309
65 64 309
64 95 894
95 64 894
64 75 290
75 64 290
64 80 648
80 64 648
65 71 308
71 65 308
65 80 476
80 65 476
65 84 970
84 65 970
65 81 533
81 65 533
66 72 461
72 66 461
66 83 584
83 66 584
67 85 88
85 67 88
67 89 346
89 67 346
67 67 839
67 67 839
67 91 912
91 67 912
67 74 809
74 67 809
67 67 630
67 67 630
67 71 928
71 67 928
67 86 991
86 67 991
68 73 958
73 68 958
68 96 130
96 68 130
68 94 158
94 68 158
69 72 286
72 69 286
69 94 693
94 69 693
69 82 731
82 69 731
69 96 888
96 69 888
69 85 321
85 69 321
69 83 949
83 69 949
70 78 99
78 70 99
70 94 410
94 70 410
70 81 440
81 70 440
70 71 740
71 70 740
70 90 960
90 70 960
71 93 747
93 71 747
71 78 28
78 71 28
71 87 260
87 71 260
71 75 163
75 71 163
72 87 121
87 72 121
72 75 375
75 72 375
72 76 970
76 72 970
72 89 323
89 72 323
72 77 529
77 72 529
74 75 860
75 74 860
75 77 118
77 75 118
76 87 558
87 76 558
76 76 845
76 76 845
77 88 657
88 77 657
77 83 162
83 77 162
77 88 58
88 77 58
77 85 463
85 77 463
77 84 410
84 77 410
77 85 995
85 77 995
78 84 588
84 78 588
78 81 305
81 78 305
79 96 67
96 79 67
79 79 95
79 79 95
80 80 397
80 80 397
81 81 189
81 81 189
81 93 883
93 81 883
81 92 358
92 81 358
82 84 459
84 82 459
83 90 522
90 83 522
83 91 11
91 83 11
84 88 998
88 84 998
86 93 352
93 86 352
86 95 193
95 86 193
87 92 685
92 87 685
87 95 433
95 87 433
87 89 789
89 87 789
87 91 751
91 87 751
88 92 955
92 88 955
89 89 672
89 89 672
89 92 974
92 89 974
89 93 60
93 89 60
90 93 785
93 90 785
91 94 424
94 91 424
91 94 378
94 91 378
92 94 69
94 92 69
