88

0 1 456
1 0 456
0 33 586
33 0 586
1 2 268
2 1 268
1 3 280
3 1 280
1 12 706
12 1 706
1 23 636
23 1 636
1 66 294
66 1 294
1 49 637
49 1 637
1 64 31
64 1 31
2 7 924
7 2 924
2 50 341
50 2 341
2 81 203
81 2 203
2 79 285
79 2 285
3 4 712
4 3 712
3 6 240
6 3 240
3 8 588
8 3 588
3 11 239
11 3 239
3 13 849
13 3 849
3 14 389
14 3 389
3 36 322
36 3 322
3 50 155
50 3 155
4 5 739
5 4 739
4 25 427
25 4 427
4 42 742
42 4 742
5 9 344
9 5 344
5 10 392
10 5 392
5 28 836
28 5 836
5 35 906
35 5 906
5 49 600
49 5 600
5 61 143
61 5 143
5 62 182
62 5 182
5 86 745
86 5 745
6 51 883
51 6 883
6 33 687
33 6 687
6 24 856
24 6 856
7 17 643
17 7 643
7 22 10
22 7 10
7 68 381
68 7 381
7 83 93
83 7 93
8 38 770
38 8 770
8 36 661
36 8 661
8 44 463
44 8 463
8 67 280
67 8 280
9 16 693
16 9 693
9 21 295
21 9 295
9 60 621
60 9 621
9 34 947
34 9 947
10 72 740
72 10 740
10 75 752
75 10 752
11 15 432
15 11 432
11 27 216
27 11 216
11 44 915
44 11 915
11 59 38
59 11 38
11 72 928
72 11 928
11 20 391
20 11 391
11 59 242
59 11 242
12 30 395
30 12 395
12 66 318
66 12 318
12 45 670
45 12 670
12 36 612
36 12 612
12 12 682
12 12 682
13 18 237
18 13 237
13 38 932
38 13 932
13 54 151
54 13 151
13 67 291
67 13 291
14 30 148
30 14 148
14 31 924
31 14 924
14 70 266
70 14 266
14 63 484
63 14 484
15 19 490
19 15 490
15 26 396
26 15 396
15 56 373
56 15 373
15 69 263
69 15 263
16 20 735
20 16 735
16 73 934
73 16 934
17 24 988
24 17 988
17 34 69
34 17 69
17 61 738
61 17 738
18 56 216
56 18 216
19 32 836
32 19 836
19 48 305
48 19 305
19 30 284
30 19 284
19 78 828
78 19 828
20 64 11
64 20 11
20 52 727
52 20 727
21 47 97
47 21 97
21 24 222
24 21 222
22 29 841
29 22 841
23 58 933
58 23 933
23 33 564
33 23 564
24 43 248
43 24 248
24 69 100
69 24 100
24 42 927
42 24 927
26 37 782
37 26 782
26 57 498
57 26 498
26 73 75
73 26 75
27 34 320
34 27 320
28 46 276
46 28 276
29 41 904
41 29 904
30 86 178
86 30 178
31 45 115
45 31 115
31 74 872
74 31 872
31 79 843
79 31 843
32 82 644
82 32 644
32 50 312
50 32 312
32 54 970
54 32 970
32 35 735
35 32 735
33 39 133
39 33 133
34 40 330
40 34 330
34 42 80
42 34 80
34 65 993
65 34 993
35 55 948
55 35 948
35 59 800
59 35 800
36 39 160
39 36 160
37 77 687
77 37 687
38 48 464
48 38 464
39 73 863
73 39 863
39 80 174
80 39 174
39 48 713
48 39 713
39 44 974
44 39 974
40 52 520
52 40 520
40 66 430
66 40 430
40 48 311
48 40 311
41 53 541
53 41 541
42 46 988
46 42 988
43 84 74
84 43 74
43 86 971
86 43 971
44 70 42
70 44 42
44 85 230
85 44 230
45 65 174
65 45 174
45 76 187
76 45 187
45 51 620
51 45 620
46 83 113
83 46 113
46 86 763
86 46 763
47 79 483
79 47 483
47 62 372
62 47 372
48 86 121
86 48 121
50 63 270
63 50 270
51 55 184
55 51 184
51 51 541
51 51 541
52 56 538
56 52 538
55 68 810
68 55 810
58 85 630
85 58 630
58 71 839
71 58 839
59 71 718
71 59 718
60 76 315
76 60 315
61 83 144
83 61 144
61 66 655
66 61 655
66 85 860
85 66 860
68 80 507
80 68 507
70 72 595
72 70 595
71 78 80
78 71 80
71 79 94
79 71 94
73 81 264
81 73 264
75 77 151
77 75 151
77 87 591
87 77 591
79 82 735
82 79 735
79 82 111
82 79 111
