95

0 1 26
1 0 26
0 2 999
2 0 999
0 3 518
3 0 518
0 4 908
4 0 908
0 26 531
26 0 531
0 42 657
42 0 657
0 93 741
93 0 741
0 11 724
11 0 724
0 68 753
68 0 753
0 17 390
17 0 390
0 57 801
57 0 801
0 18 86
18 0 86
0 70 187
70 0 187
0 57 576
57 0 576
0 30 656
30 0 656
0 88 525
88 0 525
1 15 858
15 1 858
1 40 907
40 1 907
1 7 523
7 1 523
1 57 290
57 1 290
1 36 612
36 1 612
1 23 261
23 1 261
1 89 587
89 1 587
1 71 347
71 1 347
1 43 31
43 1 31
1 84 467
84 1 467
2 29 304
29 2 304
2 87 24
87 2 24
2 63 824
63 2 824
2 45 441
45 2 441
2 78 507
78 2 507
2 65 813
65 2 813
2 52 321
52 2 321
3 5 816
5 3 816
3 6 899
6 3 899
3 22 833
22 3 833
3 45 180
45 3 180
3 18 949
18 3 949
3 77 797
77 3 797
3 55 272
55 3 272
3 75 856
75 3 856
4 50 440
50 4 440
4 30 467
30 4 467
4 25 899
25 4 899
4 60 541
60 4 541
4 76 41
76 4 41
4 51 973
51 4 973
4 5 890
5 4 890
4 80 209
80 4 209
4 22 960
22 4 960
5 7 182
7 5 182
5 9 928
9 5 928
5 53 566
53 5 566
5 19 265
19 5 265
5 40 274
40 5 274
5 19 193
19 5 193
5 82 268
82 5 268
5 75 79
75 5 79
5 39 761
39 5 761
5 78 155
78 5 155
5 51 28
51 5 28
5 92 674
92 5 674
6 8 660
8 6 660
6 10 517
10 6 517
6 14 887
14 6 887
6 35 638
35 6 638
6 54 183
54 6 183
6 10 919
10 6 919
6 36 246
36 6 246
6 86 14
86 6 14
6 22 367
22 6 367
6 65 23
65 6 23
6 9 850
9 6 850
6 78 27
78 6 27
6 17 173
17 6 173
7 18 513
18 7 513
7 25 966
25 7 966
7 76 737
76 7 737
7 19 866
19 7 866
7 8 351
8 7 351
7 13 123
13 7 123
7 84 988
84 7 988
7 78 730
78 7 730
7 63 725
63 7 725
7 62 688
62 7 688
7 87 545
87 7 545
7 9 854
9 7 854
8 20 230
20 8 230
8 63 496
63 8 496
8 89 970
89 8 970
8 40 549
40 8 549
8 28 741
28 8 741
8 18 738
18 8 738
8 28 16
28 8 16
8 33 489
33 8 489
8 69 475
69 8 475
8 82 267
82 8 267
9 13 253
13 9 253
9 63 100
63 9 100
9 75 32
75 9 32
9 92 708
92 9 708
9 57 709
57 9 709
9 63 653
63 9 653
9 50 131
50 9 131
9 41 159
41 9 159
9 16 883
16 9 883
9 72 124
72 9 124
9 26 321
26 9 321
10 11 161
11 10 161
10 12 797
12 10 797
10 27 758
27 10 758
10 30 760
30 10 760
10 64 110
64 10 110
10 89 852
89 10 852
10 39 944
39 10 944
10 73 60
73 10 60
10 11 345
11 10 345
10 12 531
12 10 531
10 25 247
25 10 247
10 31 523
31 10 523
10 77 920
77 10 920
10 92 742
92 10 742
10 36 123
36 10 123
10 83 148
83 10 148
10 15 996
15 10 996
11 17 484
17 11 484
11 34 886
34 11 886
11 43 291
43 11 291
11 73 792
73 11 792
11 80 289
80 11 289
11 42 101
42 11 101
11 91 570
91 11 570
12 24 270
24 12 270
12 28 963
28 12 963
12 74 103
74 12 103
12 78 357
78 12 357
12 41 303
41 12 303
12 82 728
82 12 728
12 16 384
16 12 384
12 53 530
53 12 530
12 64 54
64 12 54
12 38 102
38 12 102
12 72 607
72 12 607
12 85 311
85 12 311
13 19 535
19 13 535
13 31 562
31 13 562
13 41 690
41 13 690
13 61 949
61 13 949
13 51 91
51 13 91
13 19 373
19 13 373
13 37 545
37 13 545
13 27 677
27 13 677
13 22 640
22 13 640
14 16 19
16 14 19
14 23 713
23 14 713
14 36 873
36 14 873
14 37 434
37 14 434
14 61 832
61 14 832
14 18 822
18 14 822
14 84 309
84 14 309
14 88 914
88 14 914
15 33 402
33 15 402
15 91 788
91 15 788
15 23 525
23 15 525
15 78 805
78 15 805
15 91 833
91 15 833
15 87 974
87 15 974
15 24 213
24 15 213
15 45 982
45 15 982
16 53 672
53 16 672
16 68 774
68 16 774
16 25 281
25 16 281
16 78 673
78 16 673
17 21 6
21 17 6
17 49 460
49 17 460
17 65 250
65 17 250
17 93 551
93 17 551
17 47 494
47 17 494
17 35 948
35 17 948
17 64 323
64 17 323
18 69 931
69 18 931
18 89 181
89 18 181
18 39 527
39 18 527
18 39 5
39 18 5
18 20 951
20 18 951
18 42 853
42 18 853
18 77 483
77 18 483
19 46 125
46 19 125
19 34 304
34 19 304
19 33 76
33 19 76
19 68 279
68 19 279
19 85 773
85 19 773
19 70 739
70 19 739
19 23 262
23 19 262
19 36 211
36 19 211
20 32 346
32 20 346
20 87 979
87 20 979
20 33 606
33 20 606
20 21 624
21 20 624
20 43 123
43 20 123
20 72 833
72 20 833
20 38 600
38 20 600
20 86 17
86 20 17
21 79 780
79 21 780
21 83 325
83 21 325
21 66 467
66 21 467
21 65 916
65 21 916
21 40 107
40 21 107
21 35 746
35 21 746
21 47 503
47 21 503
21 92 605
92 21 605
21 44 479
44 21 479
21 41 154
41 21 154
22 68 629
68 22 629
22 26 527
26 22 527
22 94 60
94 22 60
22 34 734
34 22 734
22 50 726
50 22 726
22 25 530
25 22 530
23 69 870
69 23 870
23 72 791
72 23 791
23 70 225
70 23 225
23 36 193
36 23 193
23 38 764
38 23 764
24 60 99
60 24 99
24 67 631
67 24 631
24 86 993
86 24 993
24 84 686
84 24 686
24 74 506
74 24 506
24 38 500
38 24 500
24 72 926
72 24 926
24 35 619
35 24 619
24 69 223
69 24 223
24 34 128
34 24 128
25 62 305
62 25 305
25 91 19
91 25 19
25 94 663
94 25 663
25 26 960
26 25 960
26 66 362
66 26 362
26 72 513
72 26 513
26 94 799
94 26 799
26 76 259
76 26 259
26 67 380
67 26 380
26 42 399
42 26 399
26 71 689
71 26 689
26 46 42
46 26 42
26 35 305
35 26 305
26 45 617
45 26 617
27 32 527
32 27 527
27 65 267
65 27 267
27 50 495
50 27 495
27 80 918
80 27 918
27 40 857
40 27 857
27 50 548
50 27 548
27 31 986
31 27 986
27 80 320
80 27 320
27 56 22
56 27 22
28 66 60
66 28 60
28 89 182
89 28 182
28 31 866
31 28 866
28 69 428
69 28 428
28 41 474
41 28 474
28 36 972
36 28 972
29 39 515
39 29 515
29 59 751
59 29 751
29 81 864
81 29 864
29 66 685
66 29 685
29 43 219
43 29 219
29 83 658
83 29 658
30 38 620
38 30 620
30 73 24
73 30 24
30 63 366
63 30 366
30 56 82
56 30 82
30 77 988
77 30 988
30 64 813
64 30 813
30 68 236
68 30 236
30 66 473
66 30 473
30 61 895
61 30 895
30 80 398
80 30 398
30 73 683
73 30 683
30 67 236
67 30 236
31 34 590
34 31 590
31 43 652
43 31 652
31 55 548
55 31 548
31 58 507
58 31 507
32 64 40
64 32 40
32 56 360
56 32 360
32 73 486
73 32 486
32 80 558
80 32 558
32 36 211
36 32 211
32 63 748
63 32 748
32 55 322
55 32 322
33 81 747
81 33 747
33 86 685
86 33 685
33 39 252
39 33 252
33 94 587
94 33 587
34 77 778
77 34 778
34 70 230
70 34 230
34 91 904
91 34 904
34 46 95
46 34 95
34 68 142
68 34 142
34 54 738
54 34 738
34 47 225
47 34 225
34 60 832
60 34 832
34 52 272
52 34 272
35 51 425
51 35 425
35 65 927
65 35 927
35 91 674
91 35 674
35 73 708
73 35 708
35 68 151
68 35 151
35 70 925
70 35 925
35 43 723
43 35 723
35 38 226
38 35 226
36 47 503
47 36 503
36 90 548
90 36 548
36 83 361
83 36 361
36 57 508
57 36 508
36 62 280
62 36 280
36 92 843
92 36 843
36 71 951
71 36 951
37 47 690
47 37 690
37 40 939
40 37 939
37 52 982
52 37 982
37 73 568
73 37 568
38 52 325
52 38 325
38 76 934
76 38 934
38 56 279
56 38 279
38 85 257
85 38 257
38 81 725
81 38 725
39 44 477
44 39 477
39 82 660
82 39 660
39 51 908
51 39 908
39 92 364
92 39 364
39 50 170
50 39 170
39 78 335
78 39 335
39 60 356
60 39 356
40 88 605
88 40 605
40 55 936
55 40 936
40 69 98
69 40 98
40 84 580
84 40 580
40 53 951
53 40 951
40 44 888
44 40 888
40 75 217
75 40 217
41 85 732
85 41 732
41 93 296
93 41 296
41 67 666
67 41 666
41 46 290
46 41 290
41 54 400
54 41 400
41 65 477
65 41 477
41 47 333
47 41 333
41 50 282
50 41 282
42 48 289
48 42 289
42 75 595
75 42 595
42 91 507
91 42 507
42 90 950
90 42 950
43 82 3
82 43 3
43 86 316
86 43 316
43 57 922
57 43 922
43 59 722
59 43 722
43 60 287
60 43 287
44 58 420
58 44 420
44 50 714
50 44 714
44 85 203
85 44 203
44 52 517
52 44 517
44 45 141
45 44 141
44 92 574
92 44 574
44 61 532
61 44 532
45 49 129
49 45 129
45 78 925
78 45 925
45 74 461
74 45 461
45 85 402
85 45 402
45 73 279
73 45 279
46 50 630
50 46 630
46 58 529
58 46 529
46 79 655
79 46 655
46 52 777
52 46 777
47 83 227
83 47 227
47 94 562
94 47 562
47 53 102
53 47 102
47 89 349
89 47 349
48 57 535
57 48 535
48 72 191
72 48 191
48 57 114
57 48 114
48 65 322
65 48 322
49 86 986
86 49 986
49 70 805
70 49 805
49 91 148
91 49 148
50 94 396
94 50 396
50 69 345
69 50 345
50 70 460
70 50 460
50 90 58
90 50 58
50 83 624
83 50 624
50 89 948
89 50 948
50 60 394
60 50 394
51 71 808
71 51 808
51 53 642
53 51 642
51 79 288
79 51 288
51 80 582
80 51 582
52 70 644
70 52 644
52 74 257
74 52 257
52 71 780
71 52 780
52 85 1
85 52 1
52 71 881
71 52 881
52 76 973
76 52 973
53 68 290
68 53 290
53 74 207
74 53 207
53 74 425
74 53 425
53 86 287
86 53 287
54 56 443
56 54 443
54 68 668
68 54 668
54 75 674
75 54 674
54 73 243
73 54 243
54 78 604
78 54 604
54 84 905
84 54 905
55 64 607
64 55 607
55 59 589
59 55 589
55 72 153
72 55 153
55 57 715
57 55 715
56 94 218
94 56 218
56 65 885
65 56 885
56 75 583
75 56 583
57 88 516
88 57 516
57 76 398
76 57 398
57 79 929
79 57 929
57 73 722
73 57 722
58 85 438
85 58 438
58 72 374
72 58 374
58 73 48
73 58 48
58 67 782
67 58 782
59 84 81
84 59 81
59 88 614
88 59 614
60 85 439
85 60 439
61 90 804
90 61 804
61 76 929
76 61 929
62 72 745
72 62 745
62 67 338
67 62 338
62 72 78
72 62 78
62 85 255
85 62 255
63 77 273
77 63 273
63 91 401
91 63 401
63 74 361
74 63 361
63 63 981
63 63 981
63 71 472
71 63 472
64 82 545
82 64 545
64 77 987
77 64 987
64 90 440
90 64 440
64 66 421
66 64 421
64 81 705
81 64 705
65 74 30
74 65 30
65 69 817
69 65 817
65 68 133
68 65 133
65 72 185
72 65 185
66 79 422
79 66 422
67 83 405
83 67 405
68 93 467
93 68 467
68 83 123
83 68 123
68 88 561
88 68 561
69 93 33
93 69 33
70 80 741
80 70 741
70 74 493
74 70 493
70 85 918
85 70 918
70 76 618
76 70 618
70 93 833
93 70 833
70 71 977
71 70 977
71 89 300
89 71 300
72 82 155
82 72 155
72 90 741
90 72 741
72 91 70
91 72 70
73 93 16
93 73 16
73 78 304
78 73 304
74 87 489
87 74 489
74 79 190
79 74 190
74 86 429
86 74 429
74 89 461
89 74 461
75 80 942
80 75 942
76 81 250
81 76 250
79 87 65
87 79 65
79 84 336
84 79 336
79 85 464
85 79 464
80 85 55
85 80 55
81 89 731
89 81 731
82 92 952
92 82 952
83 93 434
93 83 434
83 83 942
83 83 942
83 92 716
92 83 716
86 93 398
93 86 398
88 89 742
89 88 742
91 91 875
91 91 875
