98

0 1 257
1 0 257
0 2 251
2 0 251
0 7 523
7 0 523
0 27 317
27 0 317
0 44 316
44 0 316
0 93 863
93 0 863
0 54 872
54 0 872
0 3 440
3 0 440
0 60 299
60 0 299
0 95 152
95 0 152
0 49 378
49 0 378
0 4 93
4 0 93
0 81 590
81 0 590
0 67 914
67 0 914
0 20 90
20 0 90
0 84 307
84 0 307
0 70 383
70 0 383
0 94 275
94 0 275
0 31 812
31 0 812
0 39 223
39 0 223
0 34 151
34 0 151
0 76 303
76 0 303
1 3 928
3 1 928
1 5 221
5 1 221
1 11 383
11 1 383
1 20 313
20 1 313
1 28 615
28 1 615
1 13 194
13 1 194
1 43 188
43 1 188
1 41 146
41 1 146
1 62 270
62 1 270
1 4 804
4 1 804
1 23 494
23 1 494
1 32 980
32 1 980
1 97 665
97 1 665
1 82 168
82 1 168
1 26 78
26 1 78
1 70 633
70 1 633
1 2 974
2 1 974
1 93 957
93 1 957
1 20 699
20 1 699
1 49 509
49 1 509
1 94 15
94 1 15
1 87 271
87 1 271
1 63 5
63 1 5
1 38 868
38 1 868
2 24 518
24 2 518
2 97 930
97 2 930
2 76 815
76 2 815
2 25 419
25 2 419
2 54 469
54 2 469
2 20 836
20 2 836
2 73 554
73 2 554
2 67 783
67 2 783
2 30 690
30 2 690
2 70 614
70 2 614
2 18 422
18 2 422
2 96 919
96 2 919
2 17 541
17 2 541
2 91 926
91 2 926
2 49 164
49 2 164
3 4 10
4 3 10
3 36 524
36 3 524
3 43 501
43 3 501
3 61 362
61 3 362
3 47 506
47 3 506
3 80 888
80 3 888
3 28 650
28 3 650
3 38 992
38 3 992
3 45 771
45 3 771
3 13 7
13 3 7
3 74 702
74 3 702
3 94 224
94 3 224
3 68 779
68 3 779
3 83 418
83 3 418
3 61 236
61 3 236
3 68 303
68 3 303
4 6 828
6 4 828
4 17 934
17 4 934
4 49 802
49 4 802
4 59 701
59 4 701
4 89 733
89 4 733
4 45 533
45 4 533
4 40 391
40 4 391
4 95 705
95 4 705
4 53 152
53 4 152
4 78 134
78 4 134
4 15 29
15 4 29
4 34 522
34 4 522
4 88 173
88 4 173
4 85 478
85 4 478
4 54 839
54 4 839
4 7 347
7 4 347
4 87 383
87 4 383
4 41 820
41 4 820
4 46 645
46 4 645
4 39 290
39 4 290
5 8 300
8 5 300
5 12 749
12 5 749
5 35 30
35 5 30
5 38 250
38 5 250
5 42 68
42 5 68
5 72 968
72 5 968
5 81 818
81 5 818
5 21 712
21 5 712
5 48 708
48 5 708
5 41 753
41 5 753
5 88 880
88 5 880
5 52 347
52 5 347
5 51 5
51 5 5
5 87 841
87 5 841
5 87 488
87 5 488
5 70 255
70 5 255
5 26 368
26 5 368
5 58 492
58 5 492
5 93 562
93 5 562
5 62 5
62 5 5
5 62 230
62 5 230
5 13 357
13 5 357
5 31 193
31 5 193
5 90 528
90 5 528
5 5 451
5 5 451
5 58 384
58 5 384
5 91 441
91 5 441
5 24 461
24 5 461
6 10 821
10 6 821
6 23 578
23 6 578
6 58 550
58 6 550
6 37 746
37 6 746
6 36 5
36 6 5
6 81 111
81 6 111
6 89 771
89 6 771
6 11 980
11 6 980
6 23 698
23 6 698
6 11 635
11 6 635
6 94 282
94 6 282
6 41 995
41 6 995
7 9 500
9 7 500
7 16 867
16 7 867
7 67 946
67 7 946
7 90 69
90 7 69
7 76 968
76 7 968
7 70 395
70 7 395
7 11 916
11 7 916
7 43 250
43 7 250
7 73 109
73 7 109
7 12 81
12 7 81
7 48 778
48 7 778
7 26 706
26 7 706
7 18 982
18 7 982
7 44 487
44 7 487
7 92 912
92 7 912
7 82 885
82 7 885
8 13 621
13 8 621
8 26 457
26 8 457
8 31 474
31 8 474
8 52 854
52 8 854
8 55 341
55 8 341
8 91 692
91 8 692
8 96 166
96 8 166
8 28 873
28 8 873
8 44 290
44 8 290
8 48 724
48 8 724
8 82 835
82 8 835
8 25 337
25 8 337
8 90 634
90 8 634
8 70 275
70 8 275
8 50 88
50 8 88
8 59 454
59 8 454
8 91 90
91 8 90
8 91 383
91 8 383
8 55 321
55 8 321
8 75 333
75 8 333
8 33 912
33 8 912
8 58 615
58 8 615
8 37 399
37 8 399
9 18 438
18 9 438
9 23 702
23 9 702
9 63 279
63 9 279
9 25 352
25 9 352
9 80 917
80 9 917
9 25 491
25 9 491
9 89 738
89 9 738
9 93 590
93 9 590
9 37 377
37 9 377
9 68 723
68 9 723
9 90 384
90 9 384
9 71 214
71 9 214
9 79 471
79 9 471
9 18 935
18 9 935
9 57 412
57 9 412
9 77 577
77 9 577
10 26 941
26 10 941
10 19 352
19 10 352
10 58 535
58 10 535
10 90 412
90 10 412
10 30 972
30 10 972
10 32 783
32 10 783
10 84 349
84 10 349
10 46 960
46 10 960
10 24 288
24 10 288
10 44 8
44 10 8
10 50 142
50 10 142
11 15 335
15 11 335
11 84 649
84 11 649
11 75 855
75 11 855
11 41 607
41 11 607
11 67 94
67 11 94
11 65 531
65 11 531
11 35 225
35 11 225
11 50 642
50 11 642
11 95 789
95 11 789
11 36 68
36 11 68
11 81 265
81 11 265
11 39 448
39 11 448
11 65 628
65 11 628
11 40 831
40 11 831
12 14 972
14 12 972
12 61 752
61 12 752
12 92 892
92 12 892
12 41 281
41 12 281
12 47 508
47 12 508
12 83 979
83 12 979
12 38 643
38 12 643
12 38 831
38 12 831
12 39 359
39 12 359
12 63 486
63 12 486
12 86 743
86 12 743
13 60 715
60 13 715
13 60 220
60 13 220
13 87 168
87 13 168
13 96 1000
96 13 1000
13 55 22
55 13 22
13 34 47
34 13 47
13 81 593
81 13 593
13 67 421
67 13 421
13 88 881
88 13 881
13 92 493
92 13 493
13 46 531
46 13 531
13 19 160
19 13 160
13 75 728
75 13 728
13 36 189
36 13 189
13 75 176
75 13 176
13 34 95
34 13 95
13 71 107
71 13 107
13 46 626
46 13 626
13 58 952
58 13 952
13 72 390
72 13 390
14 19 358
19 14 358
14 40 814
40 14 814
14 61 523
61 14 523
14 41 409
41 14 409
14 28 93
28 14 93
14 86 490
86 14 490
14 97 712
97 14 712
14 59 881
59 14 881
14 54 817
54 14 817
14 24 594
24 14 594
14 50 924
50 14 924
14 27 191
27 14 191
15 37 421
37 15 421
15 85 442
85 15 442
15 22 828
22 15 828
15 78 318
78 15 318
15 23 388
23 15 388
15 88 835
88 15 835
15 90 280
90 15 280
15 16 380
16 15 380
15 70 502
70 15 502
15 15 622
15 15 622
15 93 895
93 15 895
15 50 97
50 15 97
15 85 135
85 15 135
15 53 115
53 15 115
15 54 975
54 15 975
15 95 140
95 15 140
15 83 202
83 15 202
15 46 675
46 15 675
15 89 793
89 15 793
15 84 447
84 15 447
16 21 537
21 16 537
16 22 819
22 16 819
16 25 766
25 16 766
16 73 774
73 16 774
16 78 364
78 16 364
16 97 620
97 16 620
16 35 838
35 16 838
16 82 662
82 16 662
16 17 326
17 16 326
16 83 917
83 16 917
16 67 365
67 16 365
16 63 162
63 16 162
16 70 437
70 16 437
16 24 831
24 16 831
16 42 54
42 16 54
16 94 979
94 16 979
16 17 466
17 16 466
16 88 866
88 16 866
17 74 521
74 17 521
17 76 253
76 17 253
17 47 584
47 17 584
17 37 150
37 17 150
17 30 326
30 17 326
17 55 166
55 17 166
17 64 519
64 17 519
17 42 938
42 17 938
17 84 390
84 17 390
17 78 994
78 17 994
17 83 808
83 17 808
17 23 575
23 17 575
17 37 173
37 17 173
17 63 545
63 17 545
17 26 267
26 17 267
17 69 953
69 17 953
18 52 821
52 18 821
18 82 475
82 18 475
18 43 472
43 18 472
18 57 881
57 18 881
18 48 950
48 18 950
18 96 651
96 18 651
18 26 889
26 18 889
18 54 231
54 18 231
18 78 118
78 18 118
18 73 491
73 18 491
18 77 61
77 18 61
18 66 997
66 18 997
18 86 190
86 18 190
18 47 248
47 18 248
18 60 413
60 18 413
18 78 267
78 18 267
18 23 93
23 18 93
19 34 327
34 19 327
19 90 748
90 19 748
19 48 839
48 19 839
19 97 131
97 19 131
19 52 890
52 19 890
19 93 583
93 19 583
19 54 775
54 19 775
19 48 324
48 19 324
19 79 488
79 19 488
19 52 5
52 19 5
19 33 959
33 19 959
19 42 439
42 19 439
19 48 681
48 19 681
19 28 763
28 19 763
19 20 129
20 19 129
19 62 851
62 19 851
19 57 740
57 19 740
19 40 977
40 19 977
20 94 732
94 20 732
20 68 641
68 20 641
20 87 613
87 20 613
20 21 434
21 20 434
20 34 117
34 20 117
20 83 754
83 20 754
20 23 341
23 20 341
20 25 418
25 20 418
20 80 872
80 20 872
20 86 85
86 20 85
20 32 877
32 20 877
21 51 493
51 21 493
21 38 344
38 21 344
21 73 954
73 21 954
21 22 334
22 21 334
21 37 42
37 21 42
21 56 487
56 21 487
21 65 81
65 21 81
21 23 959
23 21 959
21 88 491
88 21 491
21 69 880
69 21 880
21 92 61
92 21 61
21 58 82
58 21 82
21 87 238
87 21 238
21 73 591
73 21 591
21 49 986
49 21 986
22 66 423
66 22 423
22 70 961
70 22 961
22 53 532
53 22 532
22 42 607
42 22 607
22 84 360
84 22 360
22 74 200
74 22 200
22 46 819
46 22 819
22 61 993
61 22 993
22 91 930
91 22 930
22 54 396
54 22 396
22 80 576
80 22 576
22 78 349
78 22 349
23 85 278
85 23 278
23 51 58
51 23 58
23 81 803
81 23 803
23 53 907
53 23 907
23 62 809
62 23 809
23 56 987
56 23 987
23 77 553
77 23 553
23 32 958
32 23 958
23 49 888
49 23 888
23 93 350
93 23 350
23 69 435
69 23 435
23 33 191
33 23 191
23 79 270
79 23 270
24 45 299
45 24 299
24 93 887
93 24 887
24 66 543
66 24 543
24 77 621
77 24 621
24 96 37
96 24 37
24 45 930
45 24 930
24 91 420
91 24 420
24 79 644
79 24 644
24 55 379
55 24 379
24 72 116
72 24 116
24 51 765
51 24 765
25 85 272
85 25 272
25 66 493
66 25 493
25 53 466
53 25 466
25 53 902
53 25 902
25 65 260
65 25 260
25 45 181
45 25 181
25 93 4
93 25 4
25 88 470
88 25 470
25 39 756
39 25 756
25 38 103
38 25 103
25 51 248
51 25 248
25 43 585
43 25 585
25 54 746
54 25 746
25 30 81
30 25 81
26 87 561
87 26 561
26 59 518
59 26 518
26 77 392
77 26 392
26 83 636
83 26 636
26 59 830
59 26 830
26 86 36
86 26 36
26 80 381
80 26 381
26 65 865
65 26 865
26 32 218
32 26 218
26 48 880
48 26 880
26 59 114
59 26 114
26 32 376
32 26 376
26 87 609
87 26 609
26 96 626
96 26 626
26 84 143
84 26 143
27 30 828
30 27 828
27 47 555
47 27 555
27 45 685
45 27 685
27 59 334
59 27 334
27 96 538
96 27 538
27 49 194
49 27 194
27 48 955
48 27 955
27 42 840
42 27 840
27 85 475
85 27 475
27 61 825
61 27 825
27 59 387
59 27 387
27 42 757
42 27 757
28 29 417
29 28 417
28 32 464
32 28 464
28 75 388
75 28 388
28 57 681
57 28 681
28 69 512
69 28 512
28 92 697
92 28 697
28 51 332
51 28 332
28 59 69
59 28 69
28 95 806
95 28 806
28 61 281
61 28 281
28 32 785
32 28 785
28 61 855
61 28 855
28 77 116
77 28 116
28 72 732
72 28 732
28 84 9
84 28 9
28 33 201
33 28 201
28 67 193
67 28 193
28 96 946
96 28 946
29 86 516
86 29 516
29 60 827
60 29 827
29 74 571
74 29 571
29 53 962
53 29 962
29 70 980
70 29 980
29 50 173
50 29 173
29 73 468
73 29 468
29 70 403
70 29 403
29 32 343
32 29 343
29 59 310
59 29 310
29 74 42
74 29 42
30 39 769
39 30 769
30 41 848
41 30 848
30 31 767
31 30 767
30 79 807
79 30 807
30 90 223
90 30 223
30 31 119
31 30 119
30 74 918
74 30 918
30 78 943
78 30 943
30 63 151
63 30 151
30 68 196
68 30 196
30 62 387
62 30 387
30 30 50
30 30 50
30 78 13
78 30 13
30 57 681
57 30 681
30 97 149
97 30 149
31 68 572
68 31 572
31 83 398
83 31 398
31 91 332
91 31 332
31 37 568
37 31 568
31 53 214
53 31 214
31 96 24
96 31 24
31 56 526
56 31 526
31 91 909
91 31 909
31 50 961
50 31 961
31 61 106
61 31 106
31 58 343
58 31 343
31 82 975
82 31 975
31 56 553
56 31 553
31 37 432
37 31 432
31 64 846
64 31 846
31 45 391
45 31 391
32 33 585
33 32 585
32 46 223
46 32 223
32 93 40
93 32 40
32 86 988
86 32 988
32 87 126
87 32 126
32 39 144
39 32 144
32 67 185
67 32 185
32 62 197
62 32 197
32 77 516
77 32 516
32 77 518
77 32 518
32 54 991
54 32 991
32 52 111
52 32 111
33 59 659
59 33 659
33 52 325
52 33 325
33 49 606
49 33 606
33 72 278
72 33 278
33 65 661
65 33 661
33 59 414
59 33 414
33 87 356
87 33 356
33 59 201
59 33 201
33 69 477
69 33 477
33 78 566
78 33 566
33 44 319
44 33 319
33 74 156
74 33 156
33 48 825
48 33 825
34 82 614
82 34 614
34 58 479
58 34 479
34 96 908
96 34 908
34 80 540
80 34 540
34 64 607
64 34 607
34 36 397
36 34 397
34 71 970
71 34 970
35 62 828
62 35 828
35 64 117
64 35 117
35 46 425
46 35 425
35 42 562
42 35 562
35 77 232
77 35 232
35 46 580
46 35 580
35 80 709
80 35 709
35 59 566
59 35 566
36 49 489
49 36 489
36 72 679
72 36 679
36 53 903
53 36 903
36 66 98
66 36 98
36 46 621
46 36 621
36 66 877
66 36 877
36 94 496
94 36 496
37 81 834
81 37 834
37 53 339
53 37 339
37 45 19
45 37 19
37 51 114
51 37 114
37 85 194
85 37 194
37 93 933
93 37 933
37 45 677
45 37 677
37 78 989
78 37 989
37 84 638
84 37 638
37 88 169
88 37 169
38 51 681
51 38 681
38 60 361
60 38 361
38 59 679
59 38 679
38 59 894
59 38 894
38 59 720
59 38 720
38 53 119
53 38 119
38 59 740
59 38 740
39 51 504
51 39 504
39 51 182
51 39 182
39 62 456
62 39 456
39 89 280
89 39 280
39 62 762
62 39 762
40 54 900
54 40 900
40 47 861
47 40 861
40 72 24
72 40 24
40 57 968
57 40 968
40 52 718
52 40 718
40 41 62
41 40 62
40 72 612
72 40 612
40 41 500
41 40 500
40 50 677
50 40 677
40 77 137
77 40 137
40 59 993
59 40 993
40 83 926
83 40 926
41 90 469
90 41 469
41 75 684
75 41 684
41 61 391
61 41 391
41 94 599
94 41 599
41 65 832
65 41 832
41 45 888
45 41 888
41 69 245
69 41 245
41 45 893
45 41 893
41 48 449
48 41 449
41 93 172
93 41 172
41 64 839
64 41 839
41 88 481
88 41 481
42 53 5
53 42 5
42 56 835
56 42 835
42 82 329
82 42 329
42 73 118
73 42 118
42 69 453
69 42 453
42 48 344
48 42 344
42 71 505
71 42 505
42 70 442
70 42 442
42 58 527
58 42 527
42 97 280
97 42 280
42 53 775
53 42 775
42 87 819
87 42 819
42 88 668
88 42 668
42 91 435
91 42 435
43 44 966
44 43 966
43 61 135
61 43 135
43 74 162
74 43 162
43 73 697
73 43 697
43 93 354
93 43 354
43 92 850
92 43 850
43 57 889
57 43 889
43 86 760
86 43 760
43 53 491
53 43 491
43 68 427
68 43 427
43 56 440
56 43 440
43 54 447
54 43 447
43 46 261
46 43 261
44 63 969
63 44 969
44 79 574
79 44 574
44 82 819
82 44 819
44 71 96
71 44 96
45 80 97
80 45 97
45 92 220
92 45 220
45 71 167
71 45 167
45 70 651
70 45 651
45 52 696
52 45 696
45 86 95
86 45 95
45 47 306
47 45 306
45 46 141
46 45 141
45 48 168
48 45 168
45 47 265
47 45 265
45 75 848
75 45 848
45 52 464
52 45 464
45 45 680
45 45 680
45 48 576
48 45 576
45 58 507
58 45 507
45 65 853
65 45 853
45 61 607
61 45 607
46 86 398
86 46 398
46 82 402
82 46 402
46 85 712
85 46 712
46 87 44
87 46 44
46 60 362
60 46 362
46 71 850
71 46 850
46 74 417
74 46 417
46 59 662
59 46 662
46 90 331
90 46 331
46 94 772
94 46 772
46 56 26
56 46 26
46 47 43
47 46 43
47 48 958
48 47 958
47 50 567
50 47 567
47 89 482
89 47 482
47 64 734
64 47 734
47 95 793
95 47 793
47 51 727
51 47 727
48 51 496
51 48 496
48 57 43
57 48 43
48 69 960
69 48 960
48 93 259
93 48 259
48 95 628
95 48 628
48 90 561
90 48 561
48 91 158
91 48 158
48 50 142
50 48 142
49 53 986
53 49 986
49 55 117
55 49 117
49 62 782
62 49 782
49 93 426
93 49 426
49 69 122
69 49 122
49 59 801
59 49 801
49 51 92
51 49 92
49 89 213
89 49 213
49 87 690
87 49 690
49 71 332
71 49 332
49 74 265
74 49 265
49 57 45
57 49 45
49 93 773
93 49 773
50 64 907
64 50 907
50 71 656
71 50 656
50 51 409
51 50 409
50 80 134
80 50 134
50 63 562
63 50 562
50 51 303
51 50 303
50 51 262
51 50 262
50 64 769
64 50 769
50 69 197
69 50 197
50 65 95
65 50 95
50 94 438
94 50 438
50 90 36
90 50 36
50 72 245
72 50 245
50 79 632
79 50 632
50 56 715
56 50 715
50 63 978
63 50 978
50 61 84
61 50 84
51 86 369
86 51 369
51 59 881
59 51 881
51 80 179
80 51 179
51 73 516
73 51 516
51 69 665
69 51 665
52 96 997
96 52 997
52 96 691
96 52 691
52 84 339
84 52 339
52 67 729
67 52 729
52 67 44
67 52 44
52 78 456
78 52 456
53 58 489
58 53 489
53 76 836
76 53 836
53 97 806
97 53 806
53 62 999
62 53 999
53 68 407
68 53 407
53 75 221
75 53 221
53 72 586
72 53 586
53 68 50
68 53 50
54 93 750
93 54 750
54 74 664
74 54 664
54 69 393
69 54 393
54 73 475
73 54 475
54 92 424
92 54 424
54 93 611
93 54 611
54 73 450
73 54 450
54 95 382
95 54 382
54 59 454
59 54 454
55 69 296
69 55 296
55 59 325
59 55 325
55 76 158
76 55 158
55 81 428
81 55 428
55 92 640
92 55 640
55 94 892
94 55 892
55 97 214
97 55 214
55 62 47
62 55 47
56 67 9
67 56 9
56 77 310
77 56 310
56 71 197
71 56 197
56 89 598
89 56 598
56 74 638
74 56 638
56 92 434
92 56 434
56 78 133
78 56 133
56 60 819
60 56 819
57 69 150
69 57 150
57 76 124
76 57 124
57 87 813
87 57 813
58 77 202
77 58 202
58 77 478
77 58 478
58 89 746
89 58 746
58 81 293
81 58 293
58 94 367
94 58 367
58 87 51
87 58 51
59 95 30
95 59 30
59 71 847
71 59 847
59 67 843
67 59 843
59 93 539
93 59 539
59 68 4
68 59 4
59 61 916
61 59 916
59 89 942
89 59 942
60 92 757
92 60 757
60 97 685
97 60 685
60 67 65
67 60 65
60 82 378
82 60 378
60 62 129
62 60 129
60 64 960
64 60 960
60 80 27
80 60 27
60 63 151
63 60 151
60 65 443
65 60 443
60 67 818
67 60 818
60 74 88
74 60 88
60 78 713
78 60 713
61 73 48
73 61 48
61 65 431
65 61 431
62 65 377
65 62 377
62 65 253
65 62 253
62 68 63
68 62 63
63 93 273
93 63 273
63 74 415
74 63 415
63 89 273
89 63 273
63 93 108
93 63 108
63 93 762
93 63 762
63 70 934
70 63 934
63 76 210
76 63 210
63 89 687
89 63 687
63 70 86
70 63 86
63 75 909
75 63 909
63 87 558
87 63 558
64 71 31
71 64 31
64 81 13
81 64 13
64 71 964
71 64 964
64 93 478
93 64 478
64 92 965
92 64 965
64 82 127
82 64 127
64 69 233
69 64 233
64 94 969
94 64 969
64 96 457
96 64 457
65 75 547
75 65 547
65 68 642
68 65 642
65 96 346
96 65 346
65 78 471
78 65 471
65 93 999
93 65 999
65 72 500
72 65 500
65 70 920
70 65 920
65 78 214
78 65 214
65 85 551
85 65 551
66 79 794
79 66 794
66 70 615
70 66 615
66 90 257
90 66 257
66 94 734
94 66 734
66 87 756
87 66 756
67 72 815
72 67 815
67 82 222
82 67 222
67 93 859
93 67 859
67 86 74
86 67 74
68 77 248
77 68 248
68 93 973
93 68 973
68 84 139
84 68 139
68 69 118
69 68 118
68 83 239
83 68 239
68 79 943
79 68 943
69 90 741
90 69 741
69 81 901
81 69 901
70 74 802
74 70 802
70 97 806
97 70 806
70 79 211
79 70 211
70 97 841
97 70 841
71 88 769
88 71 769
71 84 785
84 71 785
71 77 383
77 71 383
71 92 91
92 71 91
71 92 154
92 71 154
71 97 449
97 71 449
72 73 479
73 72 479
72 80 737
80 72 737
72 87 489
87 72 489
72 81 971
81 72 971
73 82 592
82 73 592
73 88 389
88 73 389
73 79 576
79 73 576
73 91 585
91 73 585
73 74 356
74 73 356
74 92 278
92 74 278
74 75 861
75 74 861
74 93 402
93 74 402
75 92 61
92 75 61
75 77 451
77 75 451
76 94 780
94 76 780
76 82 199
82 76 199
76 81 327
81 76 327
77 96 202
96 77 202
77 85 647
85 77 647
78 81 809
81 78 809
78 94 14
94 78 14
78 91 540
91 78 540
79 94 179
94 79 179
79 89 156
89 79 156
79 81 163
81 79 163
79 83 701
83 79 701
80 83 312
83 80 312
80 82 887
82 80 887
80 86 108
86 80 108
80 85 292
85 80 292
81 82 75
82 81 75
81 92 521
92 81 521
81 88 467
88 81 467
81 91 223
91 81 223
82 89 753
89 82 753
82 89 562
89 82 562
83 87 439
87 83 439
83 91 861
91 83 861
83 97 754
97 83 754
83 84 266
84 83 266
84 88 317
88 84 317
84 90 747
90 84 747
84 92 740
92 84 740
85 94 385
94 85 385
85 95 564
95 85 564
85 92 31
92 85 31
87 97 852
97 87 852
87 97 70
97 87 70
88 88 876
88 88 876
88 92 324
92 88 324
88 89 181
89 88 181
89 97 809
97 89 809
90 96 901
96 90 901
90 96 139
96 90 139
90 91 269
91 90 269
91 95 739
95 91 739
91 94 9
94 91 9
92 94 696
94 92 696
94 94 819
94 94 819
94 97 323
97 94 323
