84

0 1 715
1 0 715
0 23 913
23 0 913
0 29 549
29 0 549
0 77 122
77 0 122
0 0 192
0 0 192
0 4 808
4 0 808
0 4 554
4 0 554
0 65 656
65 0 656
0 81 411
81 0 411
0 40 864
40 0 864
0 25 122
25 0 122
0 11 916
11 0 916
0 33 767
33 0 767
0 76 34
76 0 34
0 32 652
32 0 652
1 2 965
2 1 965
1 10 598
10 1 598
1 44 582
44 1 582
1 34 964
34 1 964
1 36 112
36 1 112
1 67 491
67 1 491
1 31 553
31 1 553
1 37 20
37 1 20
1 45 615
45 1 615
1 42 36
42 1 36
1 51 859
51 1 859
1 19 262
19 1 262
1 46 569
46 1 569
1 46 988
46 1 988
1 49 930
49 1 930
1 75 76
75 1 76
1 23 533
23 1 533
1 23 747
23 1 747
1 80 512
80 1 512
1 5 467
5 1 467
2 3 327
3 2 327
2 4 660
4 2 660
2 6 755
6 2 755
2 71 431
71 2 431
2 33 67
33 2 67
2 40 539
40 2 539
2 30 531
30 2 531
2 74 936
74 2 936
2 22 996
22 2 996
2 18 34
18 2 34
2 39 135
39 2 135
3 5 534
5 3 534
3 8 127
8 3 127
3 12 760
12 3 760
3 80 647
80 3 647
3 8 555
8 3 555
3 81 379
81 3 379
3 44 149
44 3 149
3 18 510
18 3 510
3 4 197
4 3 197
3 60 169
60 3 169
3 25 984
25 3 984
4 7 881
7 4 881
4 17 789
17 4 789
4 25 789
25 4 789
4 43 65
43 4 65
4 50 559
50 4 559
4 18 290
18 4 290
4 10 322
10 4 322
4 75 196
75 4 196
4 76 672
76 4 672
4 56 387
56 4 387
4 80 879
80 4 879
4 47 353
47 4 353
4 4 807
4 4 807
4 65 514
65 4 514
4 66 811
66 4 811
5 11 209
11 5 209
5 15 358
15 5 358
5 66 377
66 5 377
5 39 696
39 5 696
5 65 729
65 5 729
5 78 224
78 5 224
5 32 620
32 5 620
5 74 74
74 5 74
5 33 391
33 5 391
5 58 36
58 5 36
5 35 448
35 5 448
5 35 881
35 5 881
5 80 938
80 5 938
5 76 934
76 5 934
6 28 576
28 6 576
6 52 250
52 6 250
6 23 549
23 6 549
6 14 189
14 6 189
6 57 359
57 6 359
6 13 310
13 6 310
6 75 503
75 6 503
7 9 219
9 7 219
7 26 469
26 7 469
7 55 827
55 7 827
7 8 11
8 7 11
7 30 935
30 7 935
7 15 478
15 7 478
7 23 950
23 7 950
7 21 790
21 7 790
7 26 37
26 7 37
8 14 561
14 8 561
8 74 25
74 8 25
8 10 440
10 8 440
8 21 251
21 8 251
8 29 718
29 8 718
8 48 148
48 8 148
8 37 31
37 8 31
8 68 711
68 8 711
8 65 445
65 8 445
8 76 143
76 8 143
8 41 32
41 8 32
8 71 451
71 8 451
8 23 784
23 8 784
8 31 588
31 8 588
8 39 191
39 8 191
8 62 876
62 8 876
8 53 486
53 8 486
9 56 672
56 9 672
9 53 556
53 9 556
9 36 270
36 9 270
9 10 668
10 9 668
9 76 602
76 9 602
9 18 560
18 9 560
9 82 49
82 9 49
9 18 283
18 9 283
9 11 634
11 9 634
9 34 638
34 9 638
9 57 359
57 9 359
9 37 821
37 9 821
9 83 892
83 9 892
9 18 752
18 9 752
9 71 236
71 9 236
10 41 714
41 10 714
10 19 258
19 10 258
10 80 381
80 10 381
10 82 664
82 10 664
10 45 621
45 10 621
10 62 631
62 10 631
10 32 527
32 10 527
10 28 982
28 10 982
10 54 733
54 10 733
10 21 894
21 10 894
10 40 7
40 10 7
10 60 128
60 10 128
11 13 644
13 11 644
11 57 841
57 11 841
11 17 444
17 11 444
11 51 880
51 11 880
11 33 795
33 11 795
11 62 156
62 11 156
11 12 384
12 11 384
11 46 591
46 11 591
11 68 318
68 11 318
11 64 547
64 11 547
12 27 528
27 12 528
12 82 188
82 12 188
12 28 799
28 12 799
12 53 787
53 12 787
12 70 128
70 12 128
12 50 321
50 12 321
12 32 1000
32 12 1000
12 33 133
33 12 133
12 23 365
23 12 365
12 34 845
34 12 845
12 67 352
67 12 352
12 69 952
69 12 952
12 68 799
68 12 799
12 26 840
26 12 840
12 13 394
13 12 394
12 35 793
35 12 793
13 16 365
16 13 365
13 32 52
32 13 52
13 18 50
18 13 50
13 41 262
41 13 262
13 68 663
68 13 663
13 80 352
80 13 352
13 48 474
48 13 474
13 63 137
63 13 137
14 35 952
35 14 952
14 77 663
77 14 663
14 56 537
56 14 537
14 49 629
49 14 629
14 76 815
76 14 815
14 48 740
48 14 740
14 63 696
63 14 696
14 59 974
59 14 974
15 20 19
20 15 19
15 26 645
26 15 645
15 49 835
49 15 835
15 44 319
44 15 319
15 17 845
17 15 845
15 34 659
34 15 659
15 21 634
21 15 634
15 18 477
18 15 477
15 69 391
69 15 391
15 32 722
32 15 722
15 33 541
33 15 541
15 58 423
58 15 423
15 48 999
48 15 999
16 24 630
24 16 630
16 36 519
36 16 519
16 58 728
58 16 728
16 81 388
81 16 388
16 33 640
33 16 640
16 16 998
16 16 998
16 30 538
30 16 538
16 47 911
47 16 911
16 19 207
19 16 207
16 64 316
64 16 316
16 64 324
64 16 324
16 65 241
65 16 241
16 30 485
30 16 485
16 57 994
57 16 994
16 28 846
28 16 846
17 18 585
18 17 585
17 59 958
59 17 958
17 34 550
34 17 550
17 50 907
50 17 907
17 50 755
50 17 755
17 18 635
18 17 635
17 67 983
67 17 983
17 56 190
56 17 190
17 68 171
68 17 171
17 47 382
47 17 382
17 21 900
21 17 900
17 47 13
47 17 13
18 19 689
19 18 689
18 21 537
21 18 537
18 22 980
22 18 980
18 40 666
40 18 666
18 69 490
69 18 490
18 62 304
62 18 304
18 48 849
48 18 849
18 83 185
83 18 185
18 20 365
20 18 365
18 72 232
72 18 232
18 62 410
62 18 410
18 67 704
67 18 704
18 44 268
44 18 268
18 72 841
72 18 841
18 62 609
62 18 609
18 43 394
43 18 394
18 65 887
65 18 887
19 38 766
38 19 766
19 66 957
66 19 957
19 71 571
71 19 571
19 77 223
77 19 223
19 65 652
65 19 652
19 62 427
62 19 427
20 48 764
48 20 764
20 36 397
36 20 397
20 49 728
49 20 728
20 30 631
30 20 631
20 62 269
62 20 269
20 52 635
52 20 635
20 79 862
79 20 862
20 56 34
56 20 34
20 36 305
36 20 305
20 59 841
59 20 841
20 34 771
34 20 771
20 30 370
30 20 370
20 45 708
45 20 708
21 49 613
49 21 613
21 48 279
48 21 279
21 71 944
71 21 944
21 39 760
39 21 760
21 42 953
42 21 953
21 73 653
73 21 653
21 41 593
41 21 593
21 24 225
24 21 225
21 45 632
45 21 632
21 54 795
54 21 795
21 57 905
57 21 905
21 83 51
83 21 51
21 37 318
37 21 318
21 33 413
33 21 413
21 26 534
26 21 534
22 46 102
46 22 102
22 23 224
23 22 224
22 58 478
58 22 478
22 61 891
61 22 891
22 38 246
38 22 246
22 77 380
77 22 380
22 63 882
63 22 882
22 25 800
25 22 800
22 54 349
54 22 349
22 35 375
35 22 375
23 33 527
33 23 527
23 63 471
63 23 471
23 27 129
27 23 129
23 81 374
81 23 374
23 44 31
44 23 31
23 72 20
72 23 20
23 60 411
60 23 411
23 80 781
80 23 781
23 72 576
72 23 576
24 32 691
32 24 691
24 52 733
52 24 733
24 61 248
61 24 248
24 79 126
79 24 126
24 48 273
48 24 273
24 72 562
72 24 562
24 63 180
63 24 180
25 30 714
30 25 714
25 39 655
39 25 655
25 51 859
51 25 859
25 54 666
54 25 666
25 59 280
59 25 280
25 60 613
60 25 613
25 82 796
82 25 796
25 78 886
78 25 886
25 60 253
60 25 253
25 65 375
65 25 375
25 55 49
55 25 49
25 48 407
48 25 407
26 44 515
44 26 515
26 78 658
78 26 658
26 39 74
39 26 74
26 58 760
58 26 760
26 48 68
48 26 68
26 41 875
41 26 875
27 82 631
82 27 631
27 74 545
74 27 545
27 80 691
80 27 691
27 59 604
59 27 604
27 65 867
65 27 867
27 51 918
51 27 918
27 70 528
70 27 528
27 38 533
38 27 533
28 34 928
34 28 928
28 82 494
82 28 494
28 58 85
58 28 85
28 56 134
56 28 134
28 62 231
62 28 231
28 66 271
66 28 271
28 56 84
56 28 84
28 72 537
72 28 537
28 38 421
38 28 421
29 31 861
31 29 861
29 37 853
37 29 853
29 47 433
47 29 433
29 44 814
44 29 814
29 82 813
82 29 813
29 72 529
72 29 529
29 35 417
35 29 417
29 43 431
43 29 431
29 63 268
63 29 268
30 41 667
41 30 667
30 57 971
57 30 971
30 49 485
49 30 485
30 47 317
47 30 317
30 74 478
74 30 478
30 39 339
39 30 339
30 39 817
39 30 817
30 30 244
30 30 244
30 33 899
33 30 899
30 76 575
76 30 575
31 56 460
56 31 460
31 71 824
71 31 824
31 31 850
31 31 850
31 62 677
62 31 677
31 37 162
37 31 162
31 52 412
52 31 412
31 76 268
76 31 268
31 32 337
32 31 337
31 81 46
81 31 46
32 62 846
62 32 846
32 56 56
56 32 56
32 83 357
83 32 357
32 34 238
34 32 238
32 52 598
52 32 598
32 82 319
82 32 319
32 41 742
41 32 742
32 43 844
43 32 844
32 45 303
45 32 303
33 42 578
42 33 578
33 59 745
59 33 745
33 55 57
55 33 57
33 46 688
46 33 688
33 40 996
40 33 996
33 39 204
39 33 204
33 82 351
82 33 351
34 37 123
37 34 123
34 75 551
75 34 551
34 39 659
39 34 659
34 72 544
72 34 544
34 50 701
50 34 701
34 75 954
75 34 954
35 69 359
69 35 359
35 71 883
71 35 883
35 81 545
81 35 545
35 57 700
57 35 700
35 60 477
60 35 477
35 42 745
42 35 745
35 43 730
43 35 730
35 48 594
48 35 594
35 59 457
59 35 457
35 54 304
54 35 304
36 78 413
78 36 413
36 39 559
39 36 559
36 38 215
38 36 215
36 57 38
57 36 38
36 40 878
40 36 878
36 83 35
83 36 35
37 72 46
72 37 46
37 73 767
73 37 767
37 71 734
71 37 734
37 74 971
74 37 971
38 46 210
46 38 210
38 38 819
38 38 819
38 77 218
77 38 218
38 81 18
81 38 18
38 51 937
51 38 937
38 41 678
41 38 678
39 40 813
40 39 813
39 72 948
72 39 948
39 57 735
57 39 735
39 46 39
46 39 39
40 58 230
58 40 230
40 55 208
55 40 208
40 45 817
45 40 817
40 82 995
82 40 995
40 82 221
82 40 221
41 69 362
69 41 362
41 52 72
52 41 72
41 53 79
53 41 79
41 74 382
74 41 382
41 80 882
80 41 882
42 64 72
64 42 72
42 79 647
79 42 647
42 59 872
59 42 872
42 65 196
65 42 196
43 65 773
65 43 773
43 61 314
61 43 314
43 81 569
81 43 569
44 45 563
45 44 563
44 72 969
72 44 969
44 47 553
47 44 553
44 55 256
55 44 256
44 53 152
53 44 152
45 75 132
75 45 132
45 64 512
64 45 512
45 53 405
53 45 405
45 72 887
72 45 887
45 72 863
72 45 863
45 76 329
76 45 329
46 60 606
60 46 606
46 65 339
65 46 339
46 72 895
72 46 895
46 58 77
58 46 77
46 64 603
64 46 603
46 77 885
77 46 885
46 70 319
70 46 319
46 76 238
76 46 238
46 59 6
59 46 6
47 82 895
82 47 895
47 70 593
70 47 593
47 53 457
53 47 457
47 47 372
47 47 372
48 53 96
53 48 96
48 80 176
80 48 176
48 77 423
77 48 423
48 83 457
83 48 457
48 78 766
78 48 766
48 76 837
76 48 837
49 75 235
75 49 235
49 53 814
53 49 814
49 69 448
69 49 448
49 72 761
72 49 761
49 74 658
74 49 658
50 76 707
76 50 707
50 53 734
53 50 734
50 54 326
54 50 326
50 54 811
54 50 811
50 64 645
64 50 645
50 57 347
57 50 347
51 64 662
64 51 662
51 67 275
67 51 275
51 74 57
74 51 57
51 75 279
75 51 279
51 62 329
62 51 329
51 67 50
67 51 50
52 59 443
59 52 443
52 67 766
67 52 766
52 62 173
62 52 173
52 60 270
60 52 270
52 74 59
74 52 59
52 81 797
81 52 797
52 73 820
73 52 820
52 74 143
74 52 143
53 81 695
81 53 695
53 79 175
79 53 175
53 71 171
71 53 171
53 75 949
75 53 949
53 80 463
80 53 463
53 58 273
58 53 273
53 74 64
74 53 64
53 62 653
62 53 653
54 76 464
76 54 464
54 78 707
78 54 707
54 64 766
64 54 766
54 56 639
56 54 639
55 70 284
70 55 284
55 75 888
75 55 888
55 64 638
64 55 638
55 82 805
82 55 805
56 81 372
81 56 372
56 77 672
77 56 672
56 70 546
70 56 546
56 80 450
80 56 450
56 67 806
67 56 806
57 66 11
66 57 11
57 58 262
58 57 262
57 64 297
64 57 297
58 63 911
63 58 911
58 59 750
59 58 750
58 78 654
78 58 654
59 75 466
75 59 466
59 70 730
70 59 730
59 73 841
73 59 841
60 61 68
61 60 68
61 79 487
79 61 487
61 61 780
61 61 780
61 75 75
75 61 75
61 62 238
62 61 238
62 77 202
77 62 202
62 77 779
77 62 779
62 70 483
70 62 483
62 83 674
83 62 674
62 82 471
82 62 471
62 78 336
78 62 336
63 72 638
72 63 638
64 77 793
77 64 793
64 72 368
72 64 368
64 66 395
66 64 395
65 83 971
83 65 971
65 81 738
81 65 738
65 72 504
72 65 504
65 69 153
69 65 153
66 73 146
73 66 146
66 82 155
82 66 155
66 72 196
72 66 196
66 78 27
78 66 27
66 80 966
80 66 966
66 73 821
73 66 821
66 80 413
80 66 413
67 68 860
68 67 860
67 77 537
77 67 537
67 78 941
78 67 941
67 80 832
80 67 832
67 78 930
78 67 930
68 70 30
70 68 30
68 81 111
81 68 111
69 71 486
71 69 486
70 70 746
70 70 746
70 79 762
79 70 762
70 77 356
77 70 356
70 78 856
78 70 856
71 72 109
72 71 109
71 75 683
75 71 683
71 83 982
83 71 982
72 76 422
76 72 422
73 80 103
80 73 103
75 80 701
80 75 701
76 81 311
81 76 311
76 77 292
77 76 292
76 78 57
78 76 57
78 83 348
83 78 348
78 82 189
82 78 189
79 82 386
82 79 386
80 81 306
81 80 306
