97

0 1 118
1 0 118
0 2 110
2 0 110
0 3 521
3 0 521
0 4 6
4 0 6
0 21 957
21 0 957
0 69 645
69 0 645
1 10 846
10 1 846
1 11 838
11 1 838
1 24 758
24 1 758
2 5 738
5 2 738
2 17 758
17 2 758
2 39 12
39 2 12
2 86 173
86 2 173
2 94 624
94 2 624
3 15 482
15 3 482
3 74 259
74 3 259
3 33 532
33 3 532
3 40 270
40 3 270
3 47 430
47 3 430
4 27 675
27 4 675
4 66 814
66 4 814
5 6 316
6 5 316
5 9 715
9 5 715
5 19 591
19 5 591
5 38 855
38 5 855
5 68 638
68 5 638
5 79 108
79 5 108
6 7 243
7 6 243
6 8 852
8 6 852
6 13 120
13 6 120
6 61 636
61 6 636
6 77 713
77 6 713
6 87 976
87 6 976
7 12 744
12 7 744
7 45 93
45 7 93
7 58 350
58 7 350
8 54 663
54 8 663
8 79 837
79 8 837
8 79 259
79 8 259
9 28 152
28 9 152
10 16 784
16 10 784
10 63 526
63 10 526
11 20 250
20 11 250
11 32 251
32 11 251
11 61 769
61 11 769
11 77 169
77 11 169
11 64 789
64 11 789
12 14 263
14 12 263
12 36 558
36 12 558
12 91 613
91 12 613
13 18 520
18 13 520
13 62 376
62 13 376
13 95 819
95 13 819
14 52 687
52 14 687
14 58 182
58 14 182
14 46 175
46 14 175
14 30 871
30 14 871
15 30 210
30 15 210
15 60 215
60 15 215
15 93 338
93 15 338
16 34 495
34 16 495
16 93 748
93 16 748
16 18 431
18 16 431
17 31 709
31 17 709
17 63 834
63 17 834
17 25 124
25 17 124
18 22 467
22 18 467
18 29 851
29 18 851
18 48 530
48 18 530
18 47 200
47 18 200
18 58 353
58 18 353
19 23 886
23 19 886
19 26 795
26 19 795
19 37 563
37 19 563
19 51 372
51 19 372
20 81 732
81 20 732
20 85 951
85 20 951
20 85 926
85 20 926
22 25 953
25 22 953
22 48 180
48 22 180
22 92 607
92 22 607
23 41 20
41 23 20
23 64 181
64 23 181
23 76 83
76 23 83
23 55 788
55 23 788
24 43 638
43 24 638
26 56 509
56 26 509
26 93 401
93 26 401
26 81 144
81 26 144
26 81 119
81 26 119
27 47 29
47 27 29
27 64 441
64 27 441
28 50 159
50 28 159
28 67 414
67 28 414
28 54 557
54 28 557
29 33 408
33 29 408
29 51 448
51 29 448
30 44 443
44 30 443
31 35 324
35 31 324
31 40 723
40 31 723
31 36 918
36 31 918
31 91 489
91 31 489
32 49 737
49 32 737
32 83 887
83 32 887
33 59 316
59 33 316
34 88 383
88 34 383
35 94 783
94 35 783
35 63 520
63 35 520
36 66 375
66 36 375
36 88 619
88 36 619
36 38 70
38 36 70
36 82 784
82 36 784
36 62 896
62 36 896
37 42 298
42 37 298
37 57 353
57 37 353
37 67 210
67 37 210
38 73 768
73 38 768
38 95 562
95 38 562
38 65 284
65 38 284
38 58 386
58 38 386
40 46 424
46 40 424
43 85 655
85 43 655
43 78 999
78 43 999
44 46 988
46 44 988
45 96 719
96 45 719
45 67 765
67 45 765
45 48 317
48 45 317
45 66 203
66 45 203
46 84 398
84 46 398
46 51 784
51 46 784
47 83 681
83 47 681
48 53 455
53 48 455
48 65 975
65 48 975
48 95 828
95 48 828
49 49 624
49 49 624
50 55 355
55 50 355
50 88 487
88 50 487
51 72 328
72 51 328
51 92 318
92 51 318
53 60 368
60 53 368
54 58 980
58 54 980
54 71 699
71 54 699
54 55 483
55 54 483
54 78 31
78 54 31
54 72 921
72 54 921
54 88 364
88 54 364
55 74 2
74 55 2
55 78 649
78 55 649
55 75 371
75 55 371
59 89 43
89 59 43
59 94 602
94 59 602
60 68 874
68 60 874
61 95 201
95 61 201
62 90 714
90 62 714
63 70 69
70 63 69
64 71 508
71 64 508
64 75 974
75 64 974
64 67 200
67 64 200
65 70 365
70 65 365
67 85 312
85 67 312
68 87 622
87 68 622
70 76 269
76 70 269
70 78 101
78 70 101
70 82 429
82 70 429
71 89 475
89 71 475
76 90 427
90 76 427
77 89 385
89 77 385
78 81 804
81 78 804
79 80 520
80 79 520
79 89 20
89 79 20
82 92 871
92 82 871
82 94 489
94 82 489
83 87 848
87 83 848
83 89 215
89 83 215
84 91 882
91 84 882
