94

0 1 855
1 0 855
0 4 649
4 0 649
0 6 793
6 0 793
0 87 827
87 0 827
0 79 133
79 0 133
0 9 189
9 0 189
0 51 297
51 0 297
0 54 166
54 0 166
0 32 165
32 0 165
0 53 274
53 0 274
0 77 830
77 0 830
0 67 409
67 0 409
0 52 617
52 0 617
0 16 629
16 0 629
0 25 362
25 0 362
0 69 507
69 0 507
0 76 97
76 0 97
0 74 634
74 0 634
0 27 868
27 0 868
0 39 601
39 0 601
0 22 628
22 0 628
0 92 75
92 0 75
1 2 406
2 1 406
1 3 411
3 1 411
1 21 809
21 1 809
1 21 46
21 1 46
1 11 294
11 1 294
1 80 554
80 1 554
1 68 27
68 1 27
1 91 622
91 1 622
1 53 742
53 1 742
1 83 390
83 1 390
1 60 65
60 1 65
1 52 764
52 1 764
1 92 538
92 1 538
1 58 72
58 1 72
2 5 191
5 2 191
2 7 129
7 2 129
2 20 693
20 2 693
2 40 651
40 2 651
2 35 23
35 2 23
2 42 142
42 2 142
2 62 668
62 2 668
2 62 527
62 2 527
2 80 834
80 2 834
2 82 443
82 2 443
2 85 162
85 2 162
2 63 544
63 2 544
2 41 22
41 2 22
2 17 121
17 2 121
3 10 899
10 3 899
3 62 554
62 3 554
3 63 41
63 3 41
3 67 649
67 3 649
3 78 267
78 3 267
3 81 591
81 3 591
3 14 658
14 3 658
3 34 185
34 3 185
3 89 80
89 3 80
3 69 523
69 3 523
3 53 904
53 3 904
3 34 73
34 3 73
3 35 246
35 3 246
3 56 343
56 3 343
3 20 918
20 3 918
4 11 21
11 4 21
4 12 304
12 4 304
4 15 597
15 4 597
4 23 612
23 4 612
4 36 851
36 4 851
4 16 185
16 4 185
4 27 351
27 4 351
4 90 606
90 4 606
4 72 992
72 4 992
4 34 687
34 4 687
4 37 671
37 4 671
4 21 34
21 4 34
4 11 671
11 4 671
4 49 208
49 4 208
5 16 962
16 5 962
5 18 844
18 5 844
5 48 682
48 5 682
5 60 793
60 5 793
5 88 727
88 5 727
5 63 508
63 5 508
5 47 529
47 5 529
5 73 946
73 5 946
5 90 650
90 5 650
5 47 108
47 5 108
5 73 49
73 5 49
5 6 933
6 5 933
5 69 820
69 5 820
5 54 835
54 5 835
6 8 445
8 6 445
6 89 730
89 6 730
6 84 501
84 6 501
6 57 389
57 6 389
6 78 720
78 6 720
6 17 629
17 6 629
6 42 848
42 6 848
6 60 384
60 6 384
6 84 164
84 6 164
6 82 190
82 6 190
6 15 74
15 6 74
6 68 51
68 6 51
6 66 811
66 6 811
6 60 898
60 6 898
6 53 239
53 6 239
6 84 948
84 6 948
6 26 237
26 6 237
6 88 386
88 6 386
6 78 635
78 6 635
7 9 517
9 7 517
7 43 231
43 7 231
7 43 844
43 7 844
7 29 468
29 7 468
7 69 789
69 7 789
7 53 649
53 7 649
7 30 550
30 7 550
7 39 427
39 7 427
7 58 639
58 7 639
7 30 402
30 7 402
7 10 256
10 7 256
7 92 37
92 7 37
8 46 861
46 8 861
8 50 570
50 8 570
8 40 13
40 8 13
8 71 691
71 8 691
8 79 291
79 8 291
8 81 510
81 8 510
8 53 909
53 8 909
8 57 163
57 8 163
9 93 309
93 9 309
9 24 659
24 9 659
9 58 499
58 9 499
9 62 129
62 9 129
9 21 898
21 9 898
9 55 362
55 9 362
9 50 383
50 9 383
9 65 666
65 9 666
9 22 231
22 9 231
9 43 993
43 9 993
10 14 62
14 10 62
10 22 201
22 10 201
10 24 699
24 10 699
10 30 825
30 10 825
10 43 305
43 10 305
10 37 650
37 10 650
10 30 469
30 10 469
10 91 434
91 10 434
10 39 727
39 10 727
10 21 255
21 10 255
10 27 233
27 10 233
10 88 540
88 10 540
11 13 857
13 11 857
11 17 750
17 11 750
11 61 79
61 11 79
11 63 265
63 11 265
11 75 179
75 11 179
11 72 57
72 11 57
11 42 803
42 11 803
11 56 23
56 11 23
11 41 258
41 11 258
11 62 109
62 11 109
11 52 163
52 11 163
11 33 8
33 11 8
11 29 132
29 11 132
11 54 247
54 11 247
11 82 545
82 11 545
11 28 870
28 11 870
12 19 647
19 12 647
12 38 175
38 12 175
12 20 748
20 12 748
12 64 903
64 12 903
12 55 597
55 12 597
12 15 922
15 12 922
12 47 242
47 12 242
12 35 429
35 12 429
12 48 571
48 12 571
13 32 770
32 13 770
13 21 170
21 13 170
13 87 580
87 13 580
13 84 581
84 13 581
13 49 757
49 13 757
13 85 179
85 13 179
13 16 169
16 13 169
13 48 600
48 13 600
14 38 362
38 14 362
14 65 593
65 14 593
14 33 962
33 14 962
14 68 984
68 14 984
14 41 100
41 14 100
14 48 253
48 14 253
14 38 582
38 14 582
14 40 583
40 14 583
14 74 772
74 14 772
14 41 539
41 14 539
14 60 500
60 14 500
15 28 633
28 15 633
15 45 261
45 15 261
15 66 496
66 15 496
15 81 303
81 15 303
15 73 269
73 15 269
15 88 238
88 15 238
15 70 60
70 15 60
15 55 463
55 15 463
15 28 399
28 15 399
15 18 219
18 15 219
15 50 403
50 15 403
15 47 738
47 15 738
15 25 987
25 15 987
15 78 887
78 15 887
16 31 117
31 16 117
16 26 501
26 16 501
16 81 933
81 16 933
16 57 659
57 16 659
16 67 214
67 16 214
16 74 21
74 16 21
17 34 986
34 17 986
17 52 615
52 17 615
17 39 311
39 17 311
17 87 627
87 17 627
17 56 540
56 17 540
17 58 352
58 17 352
17 78 390
78 17 390
18 35 615
35 18 615
18 41 871
41 18 871
18 50 900
50 18 900
18 77 425
77 18 425
18 71 490
71 18 490
18 32 61
32 18 61
18 55 25
55 18 25
18 61 306
61 18 306
18 67 35
67 18 35
18 68 390
68 18 390
18 93 941
93 18 941
18 25 76
25 18 76
18 26 902
26 18 902
19 26 174
26 19 174
19 33 467
33 19 467
19 39 546
39 19 546
19 47 704
47 19 704
19 57 756
57 19 756
19 30 548
30 19 548
19 42 307
42 19 307
19 44 677
44 19 677
19 67 414
67 19 414
19 30 662
30 19 662
19 54 187
54 19 187
19 58 262
58 19 262
19 61 94
61 19 94
20 67 170
67 20 170
20 42 184
42 20 184
20 90 431
90 20 431
20 42 741
42 20 741
20 48 144
48 20 144
20 32 235
32 20 235
20 30 951
30 20 951
20 93 889
93 20 889
20 88 888
88 20 888
20 86 563
86 20 563
20 68 239
68 20 239
21 76 478
76 21 478
21 40 463
40 21 463
21 72 306
72 21 306
21 32 246
32 21 246
21 75 342
75 21 342
21 89 801
89 21 801
21 26 536
26 21 536
21 48 485
48 21 485
21 40 793
40 21 793
21 54 714
54 21 714
21 66 517
66 21 517
22 25 402
25 22 402
22 90 405
90 22 405
22 71 697
71 22 697
22 34 679
34 22 679
22 57 604
57 22 604
22 56 955
56 22 955
22 74 489
74 22 489
22 73 621
73 22 621
22 92 307
92 22 307
22 34 316
34 22 316
22 47 271
47 22 271
22 80 877
80 22 877
22 29 583
29 22 583
23 27 285
27 23 285
23 64 248
64 23 248
23 78 17
78 23 17
23 46 29
46 23 29
23 59 638
59 23 638
23 50 742
50 23 742
23 78 130
78 23 130
23 82 640
82 23 640
23 61 41
61 23 41
23 55 580
55 23 580
23 79 53
79 23 53
23 30 278
30 23 278
23 38 545
38 23 545
23 80 808
80 23 808
24 59 750
59 24 750
24 87 356
87 24 356
24 84 323
84 24 323
24 88 534
88 24 534
24 37 302
37 24 302
24 83 107
83 24 107
24 41 25
41 24 25
24 41 347
41 24 347
24 41 139
41 24 139
24 62 71
62 24 71
24 61 52
61 24 52
24 43 794
43 24 794
24 55 65
55 24 65
24 53 252
53 24 252
24 59 538
59 24 538
24 59 237
59 24 237
24 81 193
81 24 193
25 29 987
29 25 987
25 47 262
47 25 262
25 66 537
66 25 537
25 85 988
85 25 988
25 44 146
44 25 146
25 61 670
61 25 670
25 26 370
26 25 370
26 70 319
70 26 319
26 32 335
32 26 335
26 81 591
81 26 591
26 51 78
51 26 78
26 71 6
71 26 6
27 84 860
84 27 860
27 38 87
38 27 87
27 68 668
68 27 668
27 74 748
74 27 748
28 71 424
71 28 424
28 30 568
30 28 568
28 87 571
87 28 571
28 38 373
38 28 373
28 66 798
66 28 798
28 49 497
49 28 497
28 38 370
38 28 370
28 40 270
40 28 270
28 39 130
39 28 130
28 64 220
64 28 220
28 72 424
72 28 424
28 50 440
50 28 440
28 69 475
69 28 475
28 53 321
53 28 321
29 82 286
82 29 286
29 87 331
87 29 331
29 33 392
33 29 392
29 79 296
79 29 296
29 58 367
58 29 367
30 49 733
49 30 733
30 60 74
60 30 74
30 58 167
58 30 167
30 68 96
68 30 96
31 44 387
44 31 387
31 61 160
61 31 160
31 38 973
38 31 973
31 33 879
33 31 879
31 46 616
46 31 616
31 57 51
57 31 51
32 56 666
56 32 666
32 60 155
60 32 155
32 81 958
81 32 958
32 34 920
34 32 920
32 67 901
67 32 901
32 89 654
89 32 654
32 62 630
62 32 630
33 70 646
70 33 646
33 65 466
65 33 466
34 51 629
51 34 629
34 82 791
82 34 791
34 63 151
63 34 151
34 51 391
51 34 391
34 68 41
68 34 41
34 50 278
50 34 278
34 49 956
49 34 956
34 70 306
70 34 306
34 42 270
42 34 270
34 73 883
73 34 883
35 37 695
37 35 695
35 42 361
42 35 361
35 49 562
49 35 562
35 81 854
81 35 854
35 85 23
85 35 23
35 62 933
62 35 933
35 65 86
65 35 86
35 77 163
77 35 163
36 55 930
55 36 930
36 76 430
76 36 430
36 92 674
92 36 674
36 89 12
89 36 12
36 74 132
74 36 132
37 53 164
53 37 164
37 92 141
92 37 141
37 39 86
39 37 86
37 58 289
58 37 289
38 85 316
85 38 316
38 47 693
47 38 693
38 44 551
44 38 551
38 65 471
65 38 471
38 85 485
85 38 485
39 40 197
40 39 197
39 57 978
57 39 978
39 59 301
59 39 301
39 48 664
48 39 664
39 68 287
68 39 287
40 42 118
42 40 118
41 58 751
58 41 751
41 74 653
74 41 653
41 73 738
73 41 738
41 65 800
65 41 800
41 58 896
58 41 896
41 51 881
51 41 881
41 73 555
73 41 555
41 61 33
61 41 33
41 72 223
72 41 223
41 41 97
41 41 97
42 49 440
49 42 440
42 79 810
79 42 810
42 71 609
71 42 609
42 60 914
60 42 914
43 58 870
58 43 870
43 61 809
61 43 809
43 84 6
84 43 6
44 49 147
49 44 147
44 82 166
82 44 166
44 91 804
91 44 804
44 67 914
67 44 914
44 70 863
70 44 863
44 87 294
87 44 294
44 70 313
70 44 313
44 75 899
75 44 899
44 61 480
61 44 480
44 48 162
48 44 162
44 44 106
44 44 106
45 52 339
52 45 339
45 85 479
85 45 479
45 53 511
53 45 511
45 68 701
68 45 701
45 65 689
65 45 689
45 69 597
69 45 597
45 53 57
53 45 57
45 85 772
85 45 772
46 80 37
80 46 37
46 48 747
48 46 747
46 58 844
58 46 844
46 70 5
70 46 5
47 54 478
54 47 478
47 75 427
75 47 427
47 77 628
77 47 628
47 47 601
47 47 601
47 55 695
55 47 695
48 64 103
64 48 103
48 61 917
61 48 917
48 55 253
55 48 253
48 90 274
90 48 274
48 50 559
50 48 559
49 82 174
82 49 174
49 60 16
60 49 16
49 83 173
83 49 173
49 80 870
80 49 870
49 91 741
91 49 741
49 53 233
53 49 233
49 90 532
90 49 532
49 85 1000
85 49 1000
50 68 821
68 50 821
50 78 868
78 50 868
50 83 5
83 50 5
50 64 898
64 50 898
50 55 118
55 50 118
51 79 864
79 51 864
51 91 621
91 51 621
51 64 831
64 51 831
51 72 938
72 51 938
51 69 177
69 51 177
51 66 869
66 51 869
51 85 821
85 51 821
51 77 660
77 51 660
52 90 730
90 52 730
52 54 730
54 52 730
52 68 109
68 52 109
52 72 390
72 52 390
53 57 51
57 53 51
53 84 641
84 53 641
53 63 867
63 53 867
53 63 476
63 53 476
53 65 815
65 53 815
53 84 814
84 53 814
54 86 68
86 54 68
54 76 720
76 54 720
54 54 282
54 54 282
54 86 893
86 54 893
54 90 864
90 54 864
55 63 604
63 55 604
55 57 357
57 55 357
55 61 346
61 55 346
55 76 155
76 55 155
55 70 900
70 55 900
55 83 70
83 55 70
55 83 691
83 55 691
55 88 967
88 55 967
55 82 543
82 55 543
56 83 867
83 56 867
56 85 838
85 56 838
56 87 77
87 56 77
56 64 624
64 56 624
57 85 810
85 57 810
57 84 98
84 57 98
57 92 828
92 57 828
57 79 269
79 57 269
57 67 908
67 57 908
57 61 864
61 57 864
57 64 997
64 57 997
58 77 250
77 58 250
58 88 338
88 58 338
58 93 460
93 58 460
58 76 611
76 58 611
58 66 176
66 58 176
58 79 201
79 58 201
58 76 335
76 58 335
59 65 573
65 59 573
59 71 908
71 59 908
59 63 579
63 59 579
59 78 694
78 59 694
60 72 625
72 60 625
60 73 270
73 60 270
60 73 658
73 60 658
60 73 538
73 60 538
60 80 307
80 60 307
60 64 248
64 60 248
60 76 545
76 60 545
61 68 650
68 61 650
61 80 646
80 61 646
61 83 211
83 61 211
61 72 565
72 61 565
61 88 223
88 61 223
61 70 221
70 61 221
61 92 860
92 61 860
61 79 680
79 61 680
61 89 756
89 61 756
61 79 830
79 61 830
61 65 179
65 61 179
61 80 623
80 61 623
61 63 402
63 61 402
61 66 459
66 61 459
62 69 172
69 62 172
62 78 49
78 62 49
63 78 428
78 63 428
63 81 510
81 63 510
64 77 916
77 64 916
64 84 430
84 64 430
65 80 927
80 65 927
65 84 320
84 65 320
65 89 518
89 65 518
66 89 521
89 66 521
66 93 233
93 66 233
67 88 935
88 67 935
67 78 356
78 67 356
68 84 889
84 68 889
68 92 552
92 68 552
68 71 961
71 68 961
69 91 43
91 69 43
69 93 268
93 69 268
69 92 228
92 69 228
69 84 985
84 69 985
69 88 230
88 69 230
69 93 614
93 69 614
69 91 639
91 69 639
70 73 666
73 70 666
70 85 230
85 70 230
71 88 721
88 71 721
71 83 578
83 71 578
72 89 675
89 72 675
72 86 778
86 72 778
73 75 381
75 73 381
75 85 968
85 75 968
75 87 539
87 75 539
76 88 273
88 76 273
76 88 507
88 76 507
76 81 215
81 76 215
76 90 499
90 76 499
77 86 886
86 77 886
77 78 4
78 77 4
78 84 644
84 78 644
78 90 572
90 78 572
78 93 878
93 78 878
79 86 958
86 79 958
79 80 62
80 79 62
80 85 58
85 80 58
80 87 242
87 80 242
81 90 511
90 81 511
82 83 100
83 82 100
82 89 994
89 82 994
83 86 385
86 83 385
83 84 343
84 83 343
86 87 687
87 86 687
87 88 396
88 87 396
90 92 535
92 90 535
90 93 368
93 90 368
92 93 942
93 92 942
93 93 477
93 93 477
