26

0 1 482
1 0 482
0 2 111
2 0 111
0 4 259
4 0 259
0 18 158
18 0 158
0 21 280
21 0 280
1 3 877
3 1 877
1 5 98
5 1 98
1 8 747
8 1 747
1 18 601
18 1 601
2 6 462
6 2 462
2 9 283
9 2 283
2 20 354
20 2 354
2 10 761
10 2 761
3 13 244
13 3 244
3 22 481
22 3 481
3 25 744
25 3 744
3 6 429
6 3 429
4 11 679
11 4 679
4 20 799
20 4 799
4 21 495
21 4 495
4 17 71
17 4 71
5 10 454
10 5 454
5 12 86
12 5 86
5 16 686
16 5 686
5 7 612
7 5 612
5 20 700
20 5 700
5 12 968
12 5 968
5 17 380
17 5 380
6 7 560
7 6 560
6 21 163
21 6 163
6 24 503
24 6 503
6 25 809
25 6 809
6 22 682
22 6 682
6 14 820
14 6 820
7 22 955
22 7 955
8 16 82
16 8 82
8 9 369
9 8 369
9 23 749
23 9 749
9 14 982
14 9 982
10 16 539
16 10 539
11 14 409
14 11 409
12 19 689
19 12 689
12 22 806
22 12 806
13 18 864
18 13 864
14 15 177
15 14 177
15 19 431
19 15 431
16 17 682
17 16 682
18 24 579
24 18 579
21 25 996
25 21 996
21 22 879
22 21 879
21 24 377
24 21 377
23 25 45
25 23 45
