27

0 1 626
1 0 626
0 2 355
2 0 355
0 7 450
7 0 450
0 9 952
9 0 952
0 20 221
20 0 221
0 9 456
9 0 456
0 11 242
11 0 242
1 3 998
3 1 998
1 4 357
4 1 357
1 10 958
10 1 958
1 10 568
10 1 568
1 26 177
26 1 177
1 19 246
19 1 246
1 12 179
12 1 179
1 25 914
25 1 914
2 5 701
5 2 701
2 23 799
23 2 799
2 12 33
12 2 33
2 13 512
13 2 512
2 12 916
12 2 916
3 14 425
14 3 425
3 21 944
21 3 944
3 18 142
18 3 142
3 13 683
13 3 683
3 3 583
3 3 583
3 7 679
7 3 679
4 11 703
11 4 703
4 12 385
12 4 385
4 15 913
15 4 913
4 8 634
8 4 634
4 25 345
25 4 345
4 25 498
25 4 498
4 13 448
13 4 448
4 14 447
14 4 447
4 7 107
7 4 107
4 26 118
26 4 118
4 19 213
19 4 213
5 6 389
6 5 389
5 22 863
22 5 863
5 15 152
15 5 152
5 15 750
15 5 750
5 17 793
17 5 793
6 8 149
8 6 149
6 13 914
13 6 914
6 18 239
18 6 239
6 15 334
15 6 334
6 20 376
20 6 376
7 23 58
23 7 58
7 21 348
21 7 348
7 13 601
13 7 601
8 17 789
17 8 789
8 26 329
26 8 329
8 9 421
9 8 421
8 9 407
9 8 407
8 22 662
22 8 662
9 21 676
21 9 676
10 19 603
19 10 603
10 16 26
16 10 26
10 22 545
22 10 545
11 13 623
13 11 623
11 16 848
16 11 848
12 22 825
22 12 825
12 26 581
26 12 581
12 20 375
20 12 375
12 23 999
23 12 999
12 26 417
26 12 417
13 17 980
17 13 980
13 25 601
25 13 601
13 16 892
16 13 892
14 25 476
25 14 476
14 15 308
15 14 308
15 16 662
16 15 662
15 16 173
16 15 173
15 21 338
21 15 338
15 19 472
19 15 472
15 20 562
20 15 562
16 20 285
20 16 285
16 24 220
24 16 220
16 18 51
18 16 51
16 19 618
19 16 618
16 25 205
25 16 205
16 23 680
23 16 680
16 21 845
21 16 845
17 25 269
25 17 269
17 26 123
26 17 123
18 20 43
20 18 43
19 24 381
24 19 381
19 25 358
25 19 358
20 26 187
26 20 187
21 25 262
25 21 262
21 24 842
24 21 842
21 22 895
22 21 895
22 23 772
23 22 772
23 26 141
26 23 141
25 26 791
26 25 791
