99

0 1 26
1 0 26
0 2 740
2 0 740
0 11 199
11 0 199
0 14 796
14 0 796
0 20 70
20 0 70
0 35 935
35 0 935
0 53 875
53 0 875
0 76 528
76 0 528
0 2 141
2 0 141
0 36 249
36 0 249
0 59 553
59 0 553
0 63 698
63 0 698
1 3 302
3 1 302
1 6 126
6 1 126
1 26 325
26 1 325
1 28 545
28 1 545
1 33 656
33 1 656
1 40 726
40 1 726
1 50 902
50 1 902
1 51 451
51 1 451
1 69 647
69 1 647
1 44 56
44 1 56
1 92 481
92 1 481
1 16 971
16 1 971
1 27 379
27 1 379
1 20 195
20 1 195
1 39 754
39 1 754
1 38 606
38 1 606
1 24 87
24 1 87
1 25 934
25 1 934
1 53 446
53 1 446
2 4 968
4 2 968
2 8 946
8 2 946
2 10 480
10 2 480
2 34 320
34 2 320
2 4 681
4 2 681
2 76 309
76 2 309
2 71 530
71 2 530
2 40 288
40 2 288
2 63 464
63 2 464
2 54 972
54 2 972
2 48 906
48 2 906
2 40 806
40 2 806
2 30 974
30 2 974
2 82 808
82 2 808
2 16 16
16 2 16
2 8 454
8 2 454
3 7 549
7 3 549
3 61 793
61 3 793
3 88 930
88 3 930
3 97 346
97 3 346
3 53 77
53 3 77
3 80 823
80 3 823
3 83 938
83 3 938
3 16 786
16 3 786
3 35 241
35 3 241
3 85 176
85 3 176
3 11 298
11 3 298
3 20 330
20 3 330
3 78 224
78 3 224
3 78 326
78 3 326
3 27 63
27 3 63
4 5 273
5 4 273
4 15 927
15 4 927
4 80 376
80 4 376
4 85 545
85 4 545
4 93 922
93 4 922
4 8 611
8 4 611
4 39 872
39 4 872
4 40 324
40 4 324
4 70 605
70 4 605
4 25 661
25 4 661
4 81 322
81 4 322
4 39 769
39 4 769
4 39 67
39 4 67
4 28 203
28 4 203
4 18 304
18 4 304
4 89 527
89 4 527
4 97 669
97 4 669
4 46 435
46 4 435
4 6 681
6 4 681
4 40 859
40 4 859
4 6 934
6 4 934
4 65 89
65 4 89
5 19 929
19 5 929
5 23 219
23 5 219
5 29 531
29 5 531
5 47 234
47 5 234
5 68 300
68 5 300
5 28 271
28 5 271
5 17 239
17 5 239
5 21 18
21 5 18
5 95 427
95 5 427
5 37 208
37 5 208
5 15 12
15 5 12
5 58 568
58 5 568
5 54 59
54 5 59
5 74 737
74 5 737
5 26 452
26 5 452
5 56 385
56 5 385
6 9 67
9 6 67
6 77 953
77 6 953
6 45 383
45 6 383
6 61 119
61 6 119
6 30 789
30 6 789
6 47 661
47 6 661
6 8 118
8 6 118
6 93 749
93 6 749
7 32 663
32 7 663
7 28 315
28 7 315
7 86 401
86 7 401
7 44 659
44 7 659
7 10 903
10 7 903
7 88 585
88 7 585
8 32 380
32 8 380
8 37 423
37 8 423
8 28 771
28 8 771
8 11 795
11 8 795
8 19 983
19 8 983
8 36 340
36 8 340
8 66 821
66 8 821
8 60 18
60 8 18
9 13 123
13 9 123
9 18 712
18 9 712
9 53 345
53 9 345
9 75 906
75 9 906
9 31 477
31 9 477
9 36 352
36 9 352
9 50 200
50 9 200
9 76 767
76 9 767
9 85 352
85 9 352
9 53 7
53 9 7
9 78 199
78 9 199
9 60 814
60 9 814
9 95 590
95 9 590
9 77 175
77 9 175
9 87 358
87 9 358
9 55 478
55 9 478
9 76 182
76 9 182
9 55 374
55 9 374
9 91 856
91 9 856
9 42 231
42 9 231
10 12 860
12 10 860
10 28 286
28 10 286
10 49 334
49 10 334
10 85 501
85 10 501
10 35 530
35 10 530
10 38 971
38 10 971
10 50 447
50 10 447
10 50 571
50 10 571
10 14 522
14 10 522
10 36 96
36 10 96
11 74 61
74 11 61
11 68 920
68 11 920
11 42 627
42 11 627
11 27 201
27 11 201
11 65 53
65 11 53
11 12 859
12 11 859
11 19 947
19 11 947
11 69 572
69 11 572
11 85 146
85 11 146
11 50 600
50 11 600
11 27 971
27 11 971
11 90 536
90 11 536
11 49 449
49 11 449
11 57 598
57 11 598
12 42 955
42 12 955
12 44 508
44 12 508
12 98 171
98 12 171
12 61 942
61 12 942
12 36 746
36 12 746
12 93 296
93 12 296
12 22 137
22 12 137
12 58 661
58 12 661
13 16 716
16 13 716
13 35 469
35 13 469
13 39 436
39 13 436
13 70 426
70 13 426
13 92 925
92 13 925
13 53 957
53 13 957
13 82 922
82 13 922
13 90 74
90 13 74
13 24 106
24 13 106
13 46 223
46 13 223
14 21 956
21 14 956
14 52 504
52 14 504
14 71 26
71 14 26
14 75 200
75 14 200
14 92 717
92 14 717
14 16 149
16 14 149
14 29 801
29 14 801
14 93 310
93 14 310
14 62 790
62 14 790
14 15 891
15 14 891
14 28 930
28 14 930
15 56 213
56 15 213
15 76 585
76 15 585
15 39 734
39 15 734
15 54 14
54 15 14
15 17 846
17 15 846
15 59 819
59 15 819
15 69 94
69 15 94
15 31 139
31 15 139
15 95 414
95 15 414
15 15 940
15 15 940
15 67 675
67 15 675
16 17 3
17 16 3
16 73 438
73 16 438
16 36 808
36 16 808
16 27 929
27 16 929
16 92 11
92 16 11
16 24 590
24 16 590
16 65 930
65 16 930
16 20 268
20 16 268
16 39 606
39 16 606
17 63 319
63 17 319
17 42 831
42 17 831
17 63 471
63 17 471
17 29 315
29 17 315
17 69 585
69 17 585
17 80 789
80 17 789
17 17 159
17 17 159
17 91 56
91 17 56
17 35 438
35 17 438
17 85 736
85 17 736
17 81 992
81 17 992
17 97 454
97 17 454
18 36 254
36 18 254
18 35 672
35 18 672
18 98 161
98 18 161
18 46 800
46 18 800
18 30 191
30 18 191
18 77 360
77 18 360
18 63 391
63 18 391
18 80 605
80 18 605
18 90 33
90 18 33
18 95 887
95 18 887
19 22 10
22 19 10
19 83 509
83 19 509
19 21 400
21 19 400
19 90 724
90 19 724
19 95 535
95 19 535
19 97 894
97 19 894
19 77 514
77 19 514
19 81 961
81 19 961
19 79 655
79 19 655
19 72 546
72 19 546
19 53 171
53 19 171
20 24 496
24 20 496
20 30 96
30 20 96
20 57 166
57 20 166
20 23 575
23 20 575
20 54 348
54 20 348
20 32 437
32 20 437
20 90 276
90 20 276
20 92 517
92 20 517
21 25 62
25 21 62
21 27 198
27 21 198
21 38 939
38 21 939
21 96 89
96 21 89
21 23 907
23 21 907
21 46 818
46 21 818
21 48 292
48 21 292
21 97 474
97 21 474
21 64 688
64 21 688
21 50 840
50 21 840
21 65 409
65 21 409
21 92 934
92 21 934
21 35 731
35 21 731
21 48 186
48 21 186
21 68 707
68 21 707
21 94 704
94 21 704
21 60 234
60 21 234
21 25 128
25 21 128
21 34 981
34 21 981
21 49 427
49 21 427
21 77 53
77 21 53
22 43 371
43 22 371
22 48 421
48 22 421
22 57 165
57 22 165
22 87 722
87 22 722
22 83 205
83 22 205
22 81 282
81 22 282
22 64 647
64 22 647
22 44 187
44 22 187
22 78 300
78 22 300
22 78 982
78 22 982
22 88 351
88 22 351
22 55 574
55 22 574
23 73 516
73 23 516
23 91 709
91 23 709
23 96 920
96 23 920
23 24 529
24 23 529
23 62 279
62 23 279
23 74 420
74 23 420
23 60 137
60 23 137
23 95 160
95 23 160
23 64 577
64 23 577
23 25 556
25 23 556
23 39 609
39 23 609
23 40 373
40 23 373
24 75 196
75 24 196
24 69 781
69 24 781
24 98 221
98 24 221
24 91 389
91 24 389
24 85 743
85 24 743
24 31 208
31 24 208
24 44 726
44 24 726
24 68 216
68 24 216
24 75 971
75 24 971
24 92 623
92 24 623
25 70 630
70 25 630
25 76 679
76 25 679
25 86 840
86 25 840
25 63 63
63 25 63
25 62 721
62 25 721
25 78 346
78 25 346
25 40 616
40 25 616
25 32 595
32 25 595
25 29 911
29 25 911
26 31 307
31 26 307
26 46 34
46 26 34
26 62 8
62 26 8
26 43 584
43 26 584
26 84 324
84 26 324
26 35 809
35 26 809
26 41 78
41 26 78
26 76 876
76 26 876
26 59 48
59 26 48
27 94 780
94 27 780
27 30 656
30 27 656
27 32 626
32 27 626
27 32 114
32 27 114
27 92 776
92 27 776
27 93 61
93 27 61
27 75 115
75 27 115
27 96 182
96 27 182
27 98 536
98 27 536
27 33 663
33 27 663
27 63 898
63 27 898
27 42 288
42 27 288
27 95 599
95 27 599
28 60 545
60 28 545
28 78 551
78 28 551
28 82 252
82 28 252
28 53 683
53 28 683
28 88 545
88 28 545
28 52 859
52 28 859
28 47 793
47 28 793
28 70 157
70 28 157
28 41 972
41 28 972
28 95 418
95 28 418
28 78 718
78 28 718
28 94 346
94 28 346
28 41 607
41 28 607
29 49 27
49 29 27
29 52 87
52 29 87
29 45 161
45 29 161
29 39 675
39 29 675
29 34 293
34 29 293
29 38 434
38 29 434
29 70 960
70 29 960
29 88 395
88 29 395
29 63 922
63 29 922
30 49 879
49 30 879
30 90 974
90 30 974
30 52 475
52 30 475
30 63 147
63 30 147
30 32 108
32 30 108
30 46 667
46 30 667
30 64 204
64 30 204
30 63 240
63 30 240
31 41 503
41 31 503
31 65 49
65 31 49
31 70 506
70 31 506
31 75 497
75 31 497
31 45 207
45 31 207
31 39 578
39 31 578
31 44 583
44 31 583
31 44 515
44 31 515
32 74 65
74 32 65
32 63 530
63 32 530
32 40 132
40 32 132
32 86 331
86 32 331
32 69 194
69 32 194
32 43 941
43 32 941
32 38 511
38 32 511
32 53 835
53 32 835
32 56 464
56 32 464
32 40 852
40 32 852
33 57 404
57 33 404
33 85 997
85 33 997
33 84 450
84 33 450
33 92 916
92 33 916
33 92 31
92 33 31
33 72 141
72 33 141
33 88 506
88 33 506
33 55 284
55 33 284
33 91 631
91 33 631
34 82 534
82 34 534
34 35 877
35 34 877
34 86 973
86 34 973
34 88 926
88 34 926
34 78 979
78 34 979
34 88 166
88 34 166
34 77 740
77 34 740
34 81 586
81 34 586
34 64 993
64 34 993
34 77 979
77 34 979
35 63 750
63 35 750
35 76 272
76 35 272
35 92 324
92 35 324
35 71 8
71 35 8
35 74 700
74 35 700
36 58 824
58 36 824
36 37 829
37 36 829
36 87 126
87 36 126
36 36 121
36 36 121
36 50 511
50 36 511
36 81 589
81 36 589
36 62 92
62 36 92
37 91 649
91 37 649
37 46 194
46 37 194
37 59 662
59 37 662
37 77 98
77 37 98
37 75 598
75 37 598
37 60 435
60 37 435
37 50 956
50 37 956
37 74 975
74 37 975
37 66 362
66 37 362
37 38 895
38 37 895
37 60 863
60 37 863
37 87 364
87 37 364
37 88 327
88 37 327
38 54 691
54 38 691
38 54 544
54 38 544
38 97 428
97 38 428
38 84 345
84 38 345
38 93 596
93 38 596
38 89 361
89 38 361
38 82 359
82 38 359
38 46 241
46 38 241
39 66 161
66 39 161
39 43 999
43 39 999
39 60 981
60 39 981
39 59 670
59 39 670
39 56 879
56 39 879
39 65 786
65 39 786
39 92 914
92 39 914
40 43 41
43 40 41
40 85 582
85 40 582
40 77 792
77 40 792
40 75 360
75 40 360
40 42 796
42 40 796
40 56 464
56 40 464
40 90 124
90 40 124
40 41 389
41 40 389
40 75 934
75 40 934
40 61 542
61 40 542
41 45 802
45 41 802
41 83 841
83 41 841
41 47 226
47 41 226
41 67 191
67 41 191
41 65 182
65 41 182
41 68 387
68 41 387
42 85 272
85 42 272
42 42 572
42 42 572
42 84 660
84 42 660
42 61 177
61 42 177
43 81 137
81 43 137
43 82 41
82 43 41
43 79 159
79 43 159
43 79 160
79 43 160
43 89 156
89 43 156
43 48 383
48 43 383
43 51 434
51 43 434
43 85 412
85 43 412
43 54 294
54 43 294
43 55 872
55 43 872
43 44 193
44 43 193
44 87 969
87 44 969
44 71 318
71 44 318
44 87 408
87 44 408
44 93 107
93 44 107
44 98 485
98 44 485
44 81 309
81 44 309
45 67 212
67 45 212
45 74 148
74 45 148
45 80 157
80 45 157
45 97 100
97 45 100
45 57 740
57 45 740
45 97 547
97 45 547
45 95 716
95 45 716
45 52 757
52 45 757
45 64 630
64 45 630
45 83 109
83 45 109
45 73 741
73 45 741
46 79 309
79 46 309
46 98 998
98 46 998
46 89 952
89 46 952
46 73 483
73 46 483
46 84 357
84 46 357
46 64 330
64 46 330
46 67 157
67 46 157
47 59 646
59 47 646
47 94 30
94 47 30
47 68 778
68 47 778
47 71 211
71 47 211
47 74 537
74 47 537
47 54 198
54 47 198
48 57 379
57 48 379
48 66 873
66 48 873
48 76 603
76 48 603
48 61 544
61 48 544
48 51 37
51 48 37
48 64 871
64 48 871
48 74 564
74 48 564
48 96 217
96 48 217
49 87 291
87 49 291
49 86 918
86 49 918
49 63 737
63 49 737
49 97 296
97 49 296
49 98 907
98 49 907
50 72 260
72 50 260
50 50 986
50 50 986
50 93 579
93 50 579
50 81 298
81 50 298
51 64 15
64 51 15
51 84 418
84 51 418
51 63 998
63 51 998
51 92 818
92 51 818
51 94 14
94 51 14
51 91 120
91 51 120
51 75 231
75 51 231
51 56 269
56 51 269
51 70 177
70 51 177
51 89 477
89 51 477
52 55 950
55 52 950
52 62 716
62 52 716
52 98 106
98 52 106
52 86 853
86 52 853
53 98 299
98 53 299
53 75 103
75 53 103
53 69 931
69 53 931
53 64 764
64 53 764
53 73 553
73 53 553
53 54 921
54 53 921
54 55 30
55 54 30
54 89 521
89 54 521
54 90 967
90 54 967
54 55 204
55 54 204
54 78 848
78 54 848
54 76 448
76 54 448
54 60 3
60 54 3
54 70 545
70 54 545
55 62 551
62 55 551
55 88 701
88 55 701
55 92 926
92 55 926
55 69 364
69 55 364
55 80 182
80 55 182
55 65 786
65 55 786
56 95 921
95 56 921
56 58 981
58 56 981
57 59 27
59 57 27
57 97 893
97 57 893
57 82 492
82 57 492
57 75 33
75 57 33
57 91 193
91 57 193
57 80 282
80 57 282
58 96 982
96 58 982
58 64 49
64 58 49
58 71 14
71 58 14
58 83 79
83 58 79
59 79 492
79 59 492
59 78 938
78 59 938
59 80 515
80 59 515
59 63 423
63 59 423
59 76 363
76 59 363
59 77 290
77 59 290
60 67 453
67 60 453
60 86 989
86 60 989
60 95 183
95 60 183
61 89 739
89 61 739
61 94 1
94 61 1
61 96 522
96 61 522
61 84 775
84 61 775
61 81 490
81 61 490
62 73 395
73 62 395
62 75 889
75 62 889
62 68 772
68 62 772
62 79 375
79 62 375
62 83 35
83 62 35
62 72 208
72 62 208
62 81 882
81 62 882
62 95 315
95 62 315
63 85 288
85 63 288
63 93 680
93 63 680
63 75 228
75 63 228
63 76 89
76 63 89
63 89 600
89 63 600
64 86 232
86 64 232
64 73 914
73 64 914
64 73 670
73 64 670
64 72 29
72 64 29
64 65 151
65 64 151
65 90 72
90 65 72
65 70 886
70 65 886
65 89 850
89 65 850
65 84 757
84 65 757
66 67 448
67 66 448
66 94 359
94 66 359
66 90 919
90 66 919
66 72 446
72 66 446
66 70 727
70 66 727
66 80 705
80 66 705
67 82 159
82 67 159
67 75 159
75 67 159
67 83 757
83 67 757
67 95 792
95 67 792
67 76 597
76 67 597
68 81 375
81 68 375
68 71 798
71 68 798
68 88 90
88 68 90
68 76 698
76 68 698
68 82 914
82 68 914
69 86 454
86 69 454
70 98 598
98 70 598
70 84 781
84 70 781
70 75 15
75 70 15
70 75 216
75 70 216
71 76 16
76 71 16
72 95 821
95 72 821
73 88 152
88 73 152
73 79 837
79 73 837
73 73 802
73 73 802
73 83 74
83 73 74
75 84 196
84 75 196
75 87 475
87 75 475
75 86 328
86 75 328
75 96 112
96 75 112
75 86 99
86 75 99
75 79 839
79 75 839
75 82 535
82 75 535
76 86 869
86 76 869
76 83 960
83 76 960
77 81 263
81 77 263
78 96 862
96 78 862
78 89 784
89 78 784
78 91 830
91 78 830
78 94 1
94 78 1
79 97 927
97 79 927
79 96 323
96 79 323
79 90 637
90 79 637
80 83 446
83 80 446
80 84 85
84 80 85
80 92 878
92 80 878
80 85 539
85 80 539
81 95 187
95 81 187
81 84 198
84 81 198
82 94 651
94 82 651
83 85 336
85 83 336
83 91 6
91 83 6
84 91 184
91 84 184
85 96 931
96 85 931
86 96 642
96 86 642
87 93 396
93 87 396
87 94 26
94 87 26
88 92 713
92 88 713
88 97 442
97 88 442
90 95 962
95 90 962
90 93 364
93 90 364
91 93 296
93 91 296
92 93 691
93 92 691
97 98 238
98 97 238
