92

0 1 685
1 0 685
0 2 585
2 0 585
0 4 374
4 0 374
0 5 805
5 0 805
0 6 933
6 0 933
0 90 834
90 0 834
0 91 101
91 0 101
0 41 431
41 0 431
0 4 670
4 0 670
0 0 844
0 0 844
0 38 646
38 0 646
0 51 464
51 0 464
0 39 645
39 0 645
1 3 996
3 1 996
1 10 805
10 1 805
1 80 338
80 1 338
1 9 231
9 1 231
1 46 890
46 1 890
1 5 109
5 1 109
1 36 576
36 1 576
1 23 276
23 1 276
1 27 511
27 1 511
1 79 55
79 1 55
1 67 107
67 1 107
2 7 393
7 2 393
2 11 521
11 2 521
2 15 584
15 2 584
2 27 17
27 2 17
2 84 47
84 2 47
2 62 123
62 2 123
2 15 929
15 2 929
2 65 327
65 2 327
2 47 747
47 2 747
2 57 531
57 2 531
2 8 793
8 2 793
2 17 554
17 2 554
2 9 919
9 2 919
2 80 65
80 2 65
2 82 668
82 2 668
2 3 956
3 2 956
2 26 299
26 2 299
2 22 838
22 2 838
2 49 251
49 2 251
2 44 855
44 2 855
2 51 955
51 2 955
3 13 56
13 3 56
3 19 947
19 3 947
3 25 981
25 3 981
3 55 56
55 3 56
3 79 658
79 3 658
3 59 54
59 3 54
3 49 183
49 3 183
3 5 771
5 3 771
3 12 241
12 3 241
3 36 116
36 3 116
3 50 139
50 3 139
3 35 293
35 3 293
4 9 295
9 4 295
4 16 496
16 4 496
4 38 882
38 4 882
4 40 605
40 4 605
4 50 18
50 4 18
4 19 890
19 4 890
4 71 114
71 4 114
4 44 618
44 4 618
4 16 293
16 4 293
4 82 824
82 4 824
4 76 978
76 4 978
4 20 165
20 4 165
4 80 853
80 4 853
4 79 555
79 4 555
4 9 275
9 4 275
4 84 576
84 4 576
4 17 692
17 4 692
4 21 941
21 4 941
4 71 63
71 4 63
4 29 300
29 4 300
4 13 772
13 4 772
5 12 869
12 5 869
5 17 48
17 5 48
5 39 377
39 5 377
5 7 863
7 5 863
5 86 823
86 5 823
5 47 930
47 5 930
5 37 105
37 5 105
5 46 111
46 5 111
5 23 184
23 5 184
5 55 820
55 5 820
5 63 258
63 5 258
5 89 610
89 5 610
5 39 704
39 5 704
5 73 327
73 5 327
5 36 149
36 5 149
5 41 657
41 5 657
6 22 907
22 6 907
6 26 142
26 6 142
6 43 789
43 6 789
6 10 395
10 6 395
6 53 983
53 6 983
6 8 18
8 6 18
6 19 17
19 6 17
6 28 720
28 6 720
6 82 730
82 6 730
6 63 674
63 6 674
6 23 782
23 6 782
6 44 516
44 6 516
6 27 352
27 6 352
6 85 383
85 6 383
6 49 893
49 6 893
6 60 272
60 6 272
7 8 651
8 7 651
7 18 657
18 7 657
7 41 602
41 7 602
7 49 607
49 7 607
7 81 263
81 7 263
7 60 761
60 7 761
7 23 517
23 7 517
7 80 524
80 7 524
7 14 759
14 7 759
7 52 471
52 7 471
7 82 786
82 7 786
7 23 425
23 7 425
8 14 463
14 8 463
8 70 331
70 8 331
8 38 113
38 8 113
8 79 492
79 8 492
8 46 484
46 8 484
9 47 960
47 9 960
9 52 573
52 9 573
9 17 852
17 9 852
9 37 685
37 9 685
9 45 386
45 9 386
9 80 366
80 9 366
9 79 765
79 9 765
9 18 639
18 9 639
9 48 947
48 9 947
9 9 144
9 9 144
9 79 922
79 9 922
9 72 501
72 9 501
9 42 449
42 9 449
10 21 733
21 10 733
10 47 127
47 10 127
10 87 990
87 10 990
10 75 359
75 10 359
10 68 972
68 10 972
10 37 730
37 10 730
10 32 228
32 10 228
10 70 798
70 10 798
10 46 330
46 10 330
10 77 167
77 10 167
10 58 508
58 10 508
10 36 285
36 10 285
11 24 301
24 11 301
11 45 62
45 11 62
11 87 496
87 11 496
11 38 671
38 11 671
11 15 230
15 11 230
11 72 877
72 11 877
11 88 964
88 11 964
11 81 510
81 11 510
11 21 862
21 11 862
12 28 138
28 12 138
12 54 360
54 12 360
12 24 451
24 12 451
12 31 960
31 12 960
12 25 6
25 12 6
12 42 458
42 12 458
13 56 769
56 13 769
13 14 375
14 13 375
13 76 636
76 13 636
13 39 523
39 13 523
13 78 590
78 13 590
13 23 321
23 13 321
13 59 268
59 13 268
13 28 447
28 13 447
14 73 361
73 14 361
14 29 711
29 14 711
14 65 152
65 14 152
14 55 666
55 14 666
14 27 201
27 14 201
15 48 612
48 15 612
15 42 287
42 15 287
15 78 889
78 15 889
15 51 844
51 15 844
15 77 375
77 15 375
15 43 36
43 15 36
15 44 557
44 15 557
15 56 864
56 15 864
15 41 287
41 15 287
15 55 209
55 15 209
15 61 718
61 15 718
16 33 243
33 16 243
16 37 499
37 16 499
16 61 819
61 16 819
16 67 582
67 16 582
16 47 151
47 16 151
16 79 935
79 16 935
16 78 947
78 16 947
16 30 461
30 16 461
17 29 3
29 17 3
17 53 905
53 17 905
17 64 271
64 17 271
17 35 724
35 17 724
17 65 9
65 17 9
17 82 530
82 17 530
17 66 861
66 17 861
17 49 987
49 17 987
17 27 367
27 17 367
18 20 141
20 18 141
18 23 606
23 18 606
18 57 591
57 18 591
18 74 631
74 18 631
18 58 769
58 18 769
18 73 425
73 18 425
18 63 324
63 18 324
18 46 418
46 18 418
18 24 358
24 18 358
18 43 7
43 18 7
19 63 125
63 19 125
19 88 956
88 19 956
19 38 566
38 19 566
19 48 931
48 19 931
19 54 595
54 19 595
19 27 820
27 19 820
19 54 279
54 19 279
19 61 204
61 19 204
19 85 405
85 19 405
19 77 201
77 19 201
20 30 230
30 20 230
20 35 522
35 20 522
20 70 443
70 20 443
20 65 985
65 20 985
20 22 622
22 20 622
20 76 445
76 20 445
20 68 996
68 20 996
20 83 676
83 20 676
20 47 317
47 20 317
21 83 249
83 21 249
21 40 597
40 21 597
21 63 439
63 21 439
21 83 555
83 21 555
21 24 678
24 21 678
21 84 884
84 21 884
21 25 380
25 21 380
21 80 306
80 21 306
21 89 879
89 21 879
22 49 562
49 22 562
22 57 781
57 22 781
22 29 521
29 22 521
22 28 55
28 22 55
22 78 478
78 22 478
22 29 162
29 22 162
22 65 693
65 22 693
22 42 285
42 22 285
22 59 640
59 22 640
22 47 652
47 22 652
23 83 46
83 23 46
23 45 217
45 23 217
23 27 18
27 23 18
23 65 269
65 23 269
23 51 169
51 23 169
23 70 882
70 23 882
23 56 426
56 23 426
23 39 903
39 23 903
23 79 419
79 23 419
24 34 909
34 24 909
24 30 964
30 24 964
24 85 219
85 24 219
24 63 332
63 24 332
24 55 445
55 24 445
24 43 341
43 24 341
24 82 350
82 24 350
24 39 494
39 24 494
25 86 468
86 25 468
25 31 818
31 25 818
25 88 894
88 25 894
25 50 909
50 25 909
25 69 452
69 25 452
25 65 366
65 25 366
25 70 265
70 25 265
26 32 257
32 26 257
26 54 174
54 26 174
26 64 592
64 26 592
26 85 524
85 26 524
26 86 133
86 26 133
26 76 611
76 26 611
26 73 852
73 26 852
26 72 170
72 26 170
26 66 142
66 26 142
26 78 702
78 26 702
26 39 567
39 26 567
26 60 143
60 26 143
27 55 466
55 27 466
27 64 615
64 27 615
27 45 937
45 27 937
27 66 82
66 27 82
27 44 391
44 27 391
27 71 885
71 27 885
28 50 232
50 28 232
28 84 955
84 28 955
28 75 584
75 28 584
28 45 248
45 28 248
28 86 962
86 28 962
29 31 710
31 29 710
29 51 551
51 29 551
29 35 866
35 29 866
29 67 13
67 29 13
29 51 343
51 29 343
29 41 794
41 29 794
29 46 828
46 29 828
29 39 402
39 29 402
30 42 495
42 30 495
30 66 294
66 30 294
30 54 71
54 30 71
30 81 606
81 30 606
30 52 525
52 30 525
30 66 776
66 30 776
30 31 233
31 30 233
30 88 135
88 30 135
30 67 105
67 30 105
31 36 491
36 31 491
31 34 461
34 31 461
31 57 886
57 31 886
31 73 27
73 31 27
31 87 218
87 31 218
32 87 564
87 32 564
32 73 191
73 32 191
32 86 137
86 32 137
32 59 432
59 32 432
32 87 984
87 32 984
32 57 65
57 32 65
32 82 604
82 32 604
32 42 100
42 32 100
32 50 551
50 32 551
33 74 84
74 33 84
33 46 503
46 33 503
33 36 481
36 33 481
33 46 917
46 33 917
33 88 779
88 33 779
33 79 624
79 33 624
33 77 894
77 33 894
33 54 645
54 33 645
33 34 343
34 33 343
33 84 676
84 33 676
33 53 797
53 33 797
34 53 91
53 34 91
34 58 845
58 34 845
34 67 524
67 34 524
34 65 847
65 34 847
34 84 524
84 34 524
34 91 895
91 34 895
34 56 906
56 34 906
34 49 72
49 34 72
35 68 60
68 35 60
35 66 299
66 35 299
35 82 734
82 35 734
35 64 364
64 35 364
35 75 857
75 35 857
35 60 295
60 35 295
35 37 296
37 35 296
35 66 367
66 35 367
35 71 104
71 35 104
36 56 707
56 36 707
36 82 96
82 36 96
36 54 195
54 36 195
36 82 798
82 36 798
36 86 722
86 36 722
36 86 300
86 36 300
36 63 301
63 36 301
37 75 434
75 37 434
37 52 646
52 37 646
37 40 548
40 37 548
37 89 473
89 37 473
37 39 732
39 37 732
37 61 236
61 37 236
37 69 733
69 37 733
37 71 444
71 37 444
38 67 172
67 38 172
38 73 802
73 38 802
38 61 704
61 38 704
38 71 841
71 38 841
38 77 132
77 38 132
38 50 645
50 38 645
39 44 681
44 39 681
39 65 743
65 39 743
39 91 508
91 39 508
39 74 109
74 39 109
39 79 308
79 39 308
39 84 902
84 39 902
39 44 349
44 39 349
39 73 875
73 39 875
40 81 931
81 40 931
40 66 899
66 40 899
40 72 32
72 40 32
40 82 720
82 40 720
40 86 285
86 40 285
40 41 816
41 40 816
40 83 701
83 40 701
41 59 463
59 41 463
41 75 206
75 41 206
41 88 390
88 41 390
41 72 453
72 41 453
41 49 52
49 41 52
41 56 332
56 41 332
41 61 514
61 41 514
41 62 561
62 41 561
42 71 953
71 42 953
42 68 499
68 42 499
42 70 679
70 42 679
42 47 164
47 42 164
42 64 363
64 42 363
43 48 559
48 43 559
43 51 347
51 43 347
43 53 837
53 43 837
43 81 285
81 43 285
43 50 379
50 43 379
43 73 816
73 43 816
43 55 547
55 43 547
43 53 73
53 43 73
43 60 542
60 43 542
44 79 786
79 44 786
44 57 120
57 44 120
44 91 480
91 44 480
44 82 823
82 44 823
44 76 719
76 44 719
44 89 726
89 44 726
44 85 992
85 44 992
44 86 386
86 44 386
44 76 403
76 44 403
44 47 142
47 44 142
44 74 767
74 44 767
44 91 465
91 44 465
45 46 192
46 45 192
45 66 613
66 45 613
45 89 746
89 45 746
45 45 40
45 45 40
45 56 906
56 45 906
45 75 296
75 45 296
45 46 400
46 45 400
46 72 16
72 46 16
46 88 151
88 46 151
46 81 939
81 46 939
46 91 794
91 46 794
46 88 806
88 46 806
46 84 379
84 46 379
46 65 521
65 46 521
46 58 236
58 46 236
47 71 651
71 47 651
47 79 190
79 47 190
47 52 557
52 47 557
47 82 72
82 47 72
47 71 325
71 47 325
48 49 967
49 48 967
48 53 973
53 48 973
49 91 120
91 49 120
49 77 529
77 49 529
49 65 635
65 49 635
49 50 3
50 49 3
49 91 534
91 49 534
49 82 226
82 49 226
50 84 610
84 50 610
50 79 168
79 50 168
50 73 725
73 50 725
51 72 35
72 51 35
51 61 593
61 51 593
51 61 247
61 51 247
51 82 455
82 51 455
51 55 44
55 51 44
52 61 203
61 52 203
52 59 529
59 52 529
52 82 895
82 52 895
52 65 117
65 52 117
52 70 481
70 52 481
52 84 66
84 52 66
52 68 345
68 52 345
53 90 682
90 53 682
53 56 742
56 53 742
53 62 991
62 53 991
53 78 415
78 53 415
53 83 881
83 53 881
53 55 666
55 53 666
53 71 361
71 53 361
53 61 441
61 53 441
53 77 839
77 53 839
54 67 743
67 54 743
54 73 178
73 54 178
54 76 166
76 54 166
54 64 871
64 54 871
54 91 724
91 54 724
54 60 662
60 54 662
54 71 84
71 54 84
55 60 195
60 55 195
55 64 34
64 55 34
55 64 975
64 55 975
55 59 638
59 55 638
55 76 570
76 55 570
56 58 358
58 56 358
56 68 406
68 56 406
57 62 769
62 57 769
57 76 759
76 57 759
57 90 691
90 57 691
57 64 233
64 57 233
57 91 184
91 57 184
57 80 897
80 57 897
57 91 898
91 57 898
57 74 633
74 57 633
57 70 122
70 57 122
58 70 801
70 58 801
58 90 778
90 58 778
59 67 602
67 59 602
59 70 996
70 59 996
59 84 854
84 59 854
59 68 715
68 59 715
59 83 683
83 59 683
59 68 281
68 59 281
59 59 186
59 59 186
60 82 778
82 60 778
60 75 114
75 60 114
60 68 926
68 60 926
60 81 768
81 60 768
60 64 628
64 60 628
61 87 932
87 61 932
61 88 304
88 61 304
61 90 631
90 61 631
62 70 440
70 62 440
62 66 679
66 62 679
62 72 50
72 62 50
63 78 556
78 63 556
63 74 149
74 63 149
64 66 496
66 64 496
64 76 567
76 64 567
64 79 782
79 64 782
65 80 143
80 65 143
65 87 788
87 65 788
65 69 906
69 65 906
66 72 655
72 66 655
66 70 579
70 66 579
66 89 183
89 66 183
66 74 409
74 66 409
66 80 711
80 66 711
66 86 30
86 66 30
67 72 367
72 67 367
67 90 119
90 67 119
67 83 765
83 67 765
67 87 348
87 67 348
67 86 609
86 67 609
67 76 831
76 67 831
68 69 171
69 68 171
68 77 381
77 68 381
68 78 782
78 68 782
68 85 263
85 68 263
69 78 62
78 69 62
69 88 463
88 69 463
69 91 61
91 69 61
69 70 575
70 69 575
70 91 879
91 70 879
70 76 521
76 70 521
70 88 14
88 70 14
71 78 944
78 71 944
71 81 645
81 71 645
71 79 87
79 71 87
71 86 108
86 71 108
71 73 994
73 71 994
71 74 744
74 71 744
72 81 818
81 72 818
73 80 75
80 73 75
73 74 712
74 73 712
74 85 676
85 74 676
74 80 194
80 74 194
74 76 232
76 74 232
75 77 976
77 75 976
76 83 738
83 76 738
76 83 185
83 76 185
77 83 294
83 77 294
77 91 996
91 77 996
78 85 67
85 78 67
78 79 145
79 78 145
79 85 789
85 79 789
79 89 825
89 79 825
79 83 748
83 79 748
80 87 71
87 80 71
80 80 797
80 80 797
80 87 781
87 80 781
81 82 827
82 81 827
82 85 374
85 82 374
82 91 660
91 82 660
82 89 797
89 82 797
84 87 400
87 84 400
84 86 136
86 84 136
85 86 898
86 85 898
85 87 372
87 85 372
86 91 373
91 86 373
87 89 492
89 87 492
