75

0 1 237
1 0 237
0 3 569
3 0 569
0 60 637
60 0 637
0 14 721
14 0 721
0 45 435
45 0 435
0 18 708
18 0 708
0 70 881
70 0 881
0 18 578
18 0 578
0 46 497
46 0 497
0 74 436
74 0 436
0 35 311
35 0 311
0 9 460
9 0 460
0 52 207
52 0 207
0 26 953
26 0 953
0 15 573
15 0 573
0 31 894
31 0 894
1 2 103
2 1 103
1 7 147
7 1 147
1 8 383
8 1 383
1 10 758
10 1 758
1 42 737
42 1 737
1 14 84
14 1 84
1 7 271
7 1 271
1 6 895
6 1 895
1 51 846
51 1 846
1 31 714
31 1 714
1 18 380
18 1 380
1 70 406
70 1 406
1 67 533
67 1 533
1 37 615
37 1 615
1 36 162
36 1 162
1 14 405
14 1 405
1 21 62
21 1 62
1 38 79
38 1 79
1 2 680
2 1 680
1 53 720
53 1 720
1 68 192
68 1 192
1 31 125
31 1 125
1 27 247
27 1 247
1 4 322
4 1 322
2 5 56
5 2 56
2 6 495
6 2 495
2 9 365
9 2 365
2 23 253
23 2 253
2 42 127
42 2 127
2 2 383
2 2 383
2 71 354
71 2 354
2 35 741
35 2 741
2 40 743
40 2 743
2 5 148
5 2 148
2 29 898
29 2 898
2 46 800
46 2 800
3 4 544
4 3 544
3 59 641
59 3 641
3 17 612
17 3 612
3 31 217
31 3 217
3 65 238
65 3 238
3 66 640
66 3 640
3 47 292
47 3 292
3 11 336
11 3 336
3 51 95
51 3 95
3 67 523
67 3 523
3 68 641
68 3 641
3 48 199
48 3 199
3 46 385
46 3 385
3 17 10
17 3 10
4 16 146
16 4 146
4 32 859
32 4 859
4 32 742
32 4 742
4 72 398
72 4 398
4 13 719
13 4 719
4 43 28
43 4 28
4 18 335
18 4 335
4 67 160
67 4 160
4 56 999
56 4 999
4 36 16
36 4 16
4 11 201
11 4 201
4 42 21
42 4 21
4 63 144
63 4 144
4 11 285
11 4 285
4 58 109
58 4 109
5 13 248
13 5 248
5 50 59
50 5 59
5 57 506
57 5 506
5 62 156
62 5 156
5 38 705
38 5 705
5 73 687
73 5 687
5 21 636
21 5 636
5 56 438
56 5 438
5 69 923
69 5 923
6 24 368
24 6 368
6 20 889
20 6 889
6 59 758
59 6 758
6 68 966
68 6 966
6 28 424
28 6 424
6 19 433
19 6 433
6 30 703
30 6 703
6 59 320
59 6 320
6 8 70
8 6 70
6 59 173
59 6 173
6 54 189
54 6 189
6 41 667
41 6 667
6 43 112
43 6 112
6 18 64
18 6 64
6 16 426
16 6 426
7 50 776
50 7 776
7 53 26
53 7 26
7 66 700
66 7 700
7 22 248
22 7 248
7 60 974
60 7 974
7 31 48
31 7 48
7 57 214
57 7 214
7 55 324
55 7 324
7 37 477
37 7 477
7 14 969
14 7 969
7 64 565
64 7 565
7 56 31
56 7 31
7 27 135
27 7 135
8 11 686
11 8 686
8 15 115
15 8 115
8 20 708
20 8 708
8 72 473
72 8 473
8 66 103
66 8 103
8 19 17
19 8 17
8 22 577
22 8 577
8 44 882
44 8 882
8 31 919
31 8 919
8 67 187
67 8 187
8 67 968
67 8 968
8 25 527
25 8 527
8 58 130
58 8 130
8 18 395
18 8 395
8 66 162
66 8 162
8 57 11
57 8 11
8 24 560
24 8 560
9 17 755
17 9 755
9 19 329
19 9 329
9 41 647
41 9 647
9 25 803
25 9 803
9 60 318
60 9 318
9 32 32
32 9 32
9 15 78
15 9 78
9 37 277
37 9 277
9 58 636
58 9 636
10 12 100
12 10 100
10 13 951
13 10 951
10 51 603
51 10 603
10 60 418
60 10 418
10 44 428
44 10 428
10 12 575
12 10 575
10 31 141
31 10 141
10 28 426
28 10 426
10 59 228
59 10 228
10 69 505
69 10 505
10 43 549
43 10 549
10 42 904
42 10 904
11 14 387
14 11 387
11 34 930
34 11 930
11 37 770
37 11 770
11 36 714
36 11 714
11 50 139
50 11 139
11 47 701
47 11 701
11 39 660
39 11 660
11 54 194
54 11 194
11 21 669
21 11 669
11 35 459
35 11 459
11 48 329
48 11 329
11 38 881
38 11 881
11 61 321
61 11 321
11 37 713
37 11 713
11 60 657
60 11 657
11 11 344
11 11 344
11 72 497
72 11 497
11 74 806
74 11 806
11 70 984
70 11 984
12 29 743
29 12 743
12 33 152
33 12 152
12 39 825
39 12 825
12 43 211
43 12 211
12 53 317
53 12 317
12 19 542
19 12 542
12 62 103
62 12 103
12 52 938
52 12 938
12 51 279
51 12 279
12 31 273
31 12 273
12 21 819
21 12 819
12 43 852
43 12 852
12 20 904
20 12 904
12 48 355
48 12 355
13 21 850
21 13 850
13 47 282
47 13 282
13 63 41
63 13 41
13 52 117
52 13 117
13 36 476
36 13 476
13 44 486
44 13 486
13 17 321
17 13 321
13 70 171
70 13 171
13 20 719
20 13 719
13 18 899
18 13 899
13 51 313
51 13 313
13 48 383
48 13 383
13 16 225
16 13 225
13 49 324
49 13 324
13 30 260
30 13 260
13 67 845
67 13 845
13 45 484
45 13 484
14 41 138
41 14 138
14 45 127
45 14 127
14 64 490
64 14 490
14 51 124
51 14 124
14 25 756
25 14 756
14 69 291
69 14 291
14 65 590
65 14 590
14 64 225
64 14 225
14 46 45
46 14 45
14 65 513
65 14 513
14 65 169
65 14 169
14 49 214
49 14 214
14 47 308
47 14 308
14 18 821
18 14 821
15 46 523
46 15 523
15 66 470
66 15 470
15 20 214
20 15 214
15 17 880
17 15 880
15 61 991
61 15 991
15 41 567
41 15 567
16 74 648
74 16 648
16 51 106
51 16 106
16 29 615
29 16 615
16 37 976
37 16 976
16 29 625
29 16 625
16 45 94
45 16 94
16 17 496
17 16 496
16 37 420
37 16 420
16 68 277
68 16 277
16 45 192
45 16 192
16 41 256
41 16 256
16 19 53
19 16 53
16 60 877
60 16 877
16 22 290
22 16 290
16 62 502
62 16 502
16 24 345
24 16 345
16 36 363
36 16 363
16 56 293
56 16 293
16 44 360
44 16 360
16 36 655
36 16 655
16 22 728
22 16 728
17 18 941
18 17 941
17 36 246
36 17 246
17 61 434
61 17 434
17 24 630
24 17 630
17 22 534
22 17 534
17 29 942
29 17 942
17 20 344
20 17 344
17 51 822
51 17 822
17 72 805
72 17 805
17 52 246
52 17 246
17 59 163
59 17 163
17 65 231
65 17 231
17 54 42
54 17 42
17 34 849
34 17 849
17 62 964
62 17 964
17 43 480
43 17 480
17 46 809
46 17 809
18 26 168
26 18 168
18 44 102
44 18 102
18 74 871
74 18 871
18 70 541
70 18 541
18 60 650
60 18 650
18 58 778
58 18 778
18 27 978
27 18 978
18 34 183
34 18 183
18 73 751
73 18 751
18 57 795
57 18 795
19 28 952
28 19 952
19 51 242
51 19 242
19 30 566
30 19 566
19 70 930
70 19 930
19 44 237
44 19 237
19 71 940
71 19 940
19 71 431
71 19 431
19 52 34
52 19 34
20 27 862
27 20 862
20 48 152
48 20 152
20 71 8
71 20 8
20 25 271
25 20 271
20 63 338
63 20 338
20 28 601
28 20 601
20 55 379
55 20 379
20 49 294
49 20 294
20 68 807
68 20 807
20 38 174
38 20 174
20 67 76
67 20 76
20 74 351
74 20 351
20 55 536
55 20 536
20 20 653
20 20 653
20 50 920
50 20 920
20 27 126
27 20 126
20 27 454
27 20 454
20 61 18
61 20 18
21 22 562
22 21 562
21 71 202
71 21 202
21 68 518
68 21 518
21 27 219
27 21 219
21 53 916
53 21 916
21 41 217
41 21 217
21 31 205
31 21 205
21 26 21
26 21 21
21 31 288
31 21 288
21 33 528
33 21 528
21 50 718
50 21 718
22 47 205
47 22 205
22 53 240
53 22 240
22 71 181
71 22 181
22 51 571
51 22 571
22 28 554
28 22 554
22 26 389
26 22 389
22 71 183
71 22 183
23 25 410
25 23 410
23 30 936
30 23 936
23 31 408
31 23 408
23 57 904
57 23 904
23 44 6
44 23 6
23 54 762
54 23 762
23 28 298
28 23 298
23 70 595
70 23 595
23 74 820
74 23 820
24 49 358
49 24 358
24 58 854
58 24 854
24 38 80
38 24 80
24 55 299
55 24 299
24 69 561
69 24 561
24 50 686
50 24 686
24 30 729
30 24 729
25 40 53
40 25 53
25 72 581
72 25 581
25 36 425
36 25 425
25 37 422
37 25 422
25 51 94
51 25 94
25 36 749
36 25 749
25 40 15
40 25 15
25 50 50
50 25 50
25 29 627
29 25 627
25 62 975
62 25 975
25 70 955
70 25 955
25 49 175
49 25 175
25 55 351
55 25 351
25 37 964
37 25 964
25 65 651
65 25 651
26 35 355
35 26 355
26 51 802
51 26 802
26 56 9
56 26 9
26 60 922
60 26 922
26 49 740
49 26 740
26 41 317
41 26 317
26 69 392
69 26 392
26 59 138
59 26 138
26 44 322
44 26 322
26 65 815
65 26 815
26 51 438
51 26 438
27 41 276
41 27 276
27 50 823
50 27 823
27 46 684
46 27 684
27 51 638
51 27 638
27 49 411
49 27 411
27 38 320
38 27 320
27 70 166
70 27 166
27 58 619
58 27 619
27 57 395
57 27 395
27 64 210
64 27 210
27 59 191
59 27 191
27 54 817
54 27 817
28 47 234
47 28 234
28 41 652
41 28 652
28 31 72
31 28 72
28 61 114
61 28 114
28 28 516
28 28 516
28 64 355
64 28 355
28 70 279
70 28 279
28 53 112
53 28 112
29 38 121
38 29 121
29 42 294
42 29 294
29 34 216
34 29 216
29 56 800
56 29 800
29 59 249
59 29 249
29 40 670
40 29 670
30 67 587
67 30 587
30 68 683
68 30 683
30 62 14
62 30 14
30 43 757
43 30 757
30 72 831
72 30 831
30 69 703
69 30 703
31 58 531
58 31 531
31 73 9
73 31 9
31 39 209
39 31 209
31 63 569
63 31 569
31 32 123
32 31 123
31 62 949
62 31 949
31 59 893
59 31 893
31 36 494
36 31 494
31 66 816
66 31 816
31 42 433
42 31 433
31 32 77
32 31 77
32 38 647
38 32 647
32 52 622
52 32 622
32 50 141
50 32 141
32 57 450
57 32 450
32 53 700
53 32 700
32 39 482
39 32 482
32 44 408
44 32 408
32 56 311
56 32 311
32 42 98
42 32 98
32 72 817
72 32 817
32 34 24
34 32 24
32 57 96
57 32 96
32 48 185
48 32 185
33 73 573
73 33 573
33 66 123
66 33 123
33 61 153
61 33 153
33 72 32
72 33 32
33 68 976
68 33 976
33 68 987
68 33 987
33 63 863
63 33 863
33 34 407
34 33 407
33 57 710
57 33 710
34 67 98
67 34 98
34 53 667
53 34 667
34 70 956
70 34 956
34 63 497
63 34 497
34 40 677
40 34 677
34 61 174
61 34 174
34 35 400
35 34 400
34 35 223
35 34 223
34 37 628
37 34 628
35 70 493
70 35 493
35 73 169
73 35 169
35 56 151
56 35 151
35 37 282
37 35 282
35 37 7
37 35 7
35 39 53
39 35 53
35 68 797
68 35 797
35 47 823
47 35 823
35 65 914
65 35 914
35 59 357
59 35 357
35 64 631
64 35 631
35 56 201
56 35 201
36 51 627
51 36 627
36 70 458
70 36 458
36 58 347
58 36 347
36 40 668
40 36 668
37 50 193
50 37 193
37 59 936
59 37 936
37 54 407
54 37 407
37 73 398
73 37 398
37 74 19
74 37 19
37 60 319
60 37 319
37 44 237
44 37 237
38 54 714
54 38 714
38 74 880
74 38 880
38 62 215
62 38 215
38 60 282
60 38 282
39 49 185
49 39 185
39 51 159
51 39 159
39 68 109
68 39 109
39 58 745
58 39 745
39 72 125
72 39 125
39 74 90
74 39 90
40 49 391
49 40 391
40 61 550
61 40 550
40 44 196
44 40 196
40 70 895
70 40 895
40 63 144
63 40 144
40 57 311
57 40 311
40 60 373
60 40 373
40 46 997
46 40 997
40 58 121
58 40 121
40 69 459
69 40 459
40 48 66
48 40 66
40 48 528
48 40 528
40 62 457
62 40 457
41 62 25
62 41 25
42 68 287
68 42 287
42 66 960
66 42 960
42 61 745
61 42 745
42 52 303
52 42 303
42 46 916
46 42 916
43 56 357
56 43 357
43 72 695
72 43 695
43 60 235
60 43 235
43 55 847
55 43 847
43 69 464
69 43 464
43 53 41
53 43 41
43 62 88
62 43 88
44 60 176
60 44 176
44 70 822
70 44 822
44 64 667
64 44 667
44 45 213
45 44 213
44 46 744
46 44 744
45 47 747
47 45 747
45 61 425
61 45 425
45 56 167
56 45 167
45 68 925
68 45 925
45 48 700
48 45 700
45 46 772
46 45 772
45 68 109
68 45 109
46 55 386
55 46 386
46 48 773
48 46 773
46 67 635
67 46 635
46 53 707
53 46 707
46 54 235
54 46 235
46 62 732
62 46 732
46 71 994
71 46 994
46 53 876
53 46 876
46 66 306
66 46 306
46 73 459
73 46 459
47 62 745
62 47 745
47 65 101
65 47 101
47 51 199
51 47 199
47 57 342
57 47 342
48 53 878
53 48 878
48 70 911
70 48 911
48 63 727
63 48 727
48 74 287
74 48 287
49 61 207
61 49 207
49 71 415
71 49 415
49 60 780
60 49 780
49 74 727
74 49 727
49 65 783
65 49 783
50 65 192
65 50 192
50 69 142
69 50 142
50 66 679
66 50 679
51 56 657
56 51 657
51 52 746
52 51 746
51 70 335
70 51 335
51 68 794
68 51 794
51 55 100
55 51 100
51 58 161
58 51 161
52 68 308
68 52 308
52 65 906
65 52 906
52 57 101
57 52 101
52 74 33
74 52 33
52 70 283
70 52 283
52 63 862
63 52 862
52 61 620
61 52 620
52 60 467
60 52 467
53 70 558
70 53 558
53 66 96
66 53 96
53 58 303
58 53 303
53 65 712
65 53 712
53 71 941
71 53 941
55 70 547
70 55 547
55 56 403
56 55 403
55 58 855
58 55 855
55 63 523
63 55 523
55 65 534
65 55 534
56 73 847
73 56 847
56 64 197
64 56 197
56 62 621
62 56 621
57 73 460
73 57 460
57 73 512
73 57 512
57 73 889
73 57 889
58 60 764
60 58 764
58 69 374
69 58 374
58 64 464
64 58 464
59 60 56
60 59 56
59 67 834
67 59 834
59 61 844
61 59 844
59 74 958
74 59 958
60 61 255
61 60 255
60 69 967
69 60 967
61 66 703
66 61 703
61 71 487
71 61 487
61 70 510
70 61 510
61 63 435
63 61 435
62 73 834
73 62 834
62 66 107
66 62 107
63 64 225
64 63 225
63 71 669
71 63 669
64 69 477
69 64 477
66 73 94
73 66 94
66 74 762
74 66 762
67 71 604
71 67 604
67 70 535
70 67 535
67 68 851
68 67 851
68 69 278
69 68 278
68 70 138
70 68 138
68 74 879
74 68 879
69 69 815
69 69 815
69 74 510
74 69 510
69 72 314
72 69 314
71 72 849
72 71 849
