71

0 1 890
1 0 890
0 2 393
2 0 393
0 17 987
17 0 987
0 55 905
55 0 905
0 63 484
63 0 484
0 52 573
52 0 573
0 53 611
53 0 611
0 24 724
24 0 724
1 46 207
46 1 207
1 1 621
1 1 621
1 31 614
31 1 614
1 3 911
3 1 911
1 20 953
20 1 953
1 62 117
62 1 117
2 3 514
3 2 514
2 5 414
5 2 414
2 7 291
7 2 291
2 9 573
9 2 573
2 22 793
22 2 793
2 48 867
48 2 867
2 6 80
6 2 80
2 41 932
41 2 932
2 29 452
29 2 452
2 60 737
60 2 737
2 25 670
25 2 670
2 40 909
40 2 909
2 44 957
44 2 957
3 4 635
4 3 635
3 61 643
61 3 643
3 3 384
3 3 384
3 12 977
12 3 977
3 65 897
65 3 897
3 62 455
62 3 455
3 33 557
33 3 557
3 59 576
59 3 576
3 52 796
52 3 796
3 30 14
30 3 14
3 62 885
62 3 885
4 6 42
6 4 42
4 10 954
10 4 954
4 14 331
14 4 331
4 24 217
24 4 217
4 70 953
70 4 953
4 44 733
44 4 733
4 61 9
61 4 9
4 59 226
59 4 226
4 63 717
63 4 717
5 64 443
64 5 443
5 69 348
69 5 348
5 63 660
63 5 660
5 63 211
63 5 211
5 33 779
33 5 779
6 8 407
8 6 407
6 11 132
11 6 132
6 66 589
66 6 589
6 47 612
47 6 612
6 48 643
48 6 643
6 14 824
14 6 824
6 54 572
54 6 572
6 11 494
11 6 494
6 18 649
18 6 649
6 61 977
61 6 977
7 14 742
14 7 742
7 59 330
59 7 330
7 36 268
36 7 268
7 66 238
66 7 238
7 57 563
57 7 563
7 28 724
28 7 724
8 37 923
37 8 923
8 47 89
47 8 89
8 36 115
36 8 115
8 14 558
14 8 558
8 37 574
37 8 574
8 37 935
37 8 935
8 18 601
18 8 601
9 21 586
21 9 586
9 52 634
52 9 634
9 49 58
49 9 58
9 69 315
69 9 315
9 59 606
59 9 606
9 30 758
30 9 758
9 22 735
22 9 735
9 41 496
41 9 496
10 15 31
15 10 31
10 34 127
34 10 127
10 49 378
49 10 378
10 30 711
30 10 711
10 30 148
30 10 148
10 52 137
52 10 137
10 16 430
16 10 430
11 12 99
12 11 99
11 13 493
13 11 493
11 23 305
23 11 305
11 35 799
35 11 799
11 46 928
46 11 928
11 31 121
31 11 121
11 51 682
51 11 682
11 49 752
49 11 752
12 38 384
38 12 384
12 61 866
61 12 866
12 34 587
34 12 587
12 27 660
27 12 660
12 28 876
28 12 876
13 17 471
17 13 471
13 21 471
21 13 471
13 25 139
25 13 139
13 33 217
33 13 217
13 49 922
49 13 922
13 62 973
62 13 973
13 38 189
38 13 189
13 62 240
62 13 240
14 16 242
16 14 242
14 20 709
20 14 709
14 41 241
41 14 241
14 32 637
32 14 637
14 55 639
55 14 639
14 43 240
43 14 240
14 17 307
17 14 307
15 44 862
44 15 862
15 63 331
63 15 331
15 52 343
52 15 343
15 45 997
45 15 997
15 61 936
61 15 936
15 48 701
48 15 701
15 64 917
64 15 917
16 28 11
28 16 11
16 67 846
67 16 846
16 35 976
35 16 976
16 64 814
64 16 814
17 18 90
18 17 90
17 19 704
19 17 704
17 30 297
30 17 297
17 36 543
36 17 543
17 59 148
59 17 148
17 52 774
52 17 774
17 50 892
50 17 892
17 33 356
33 17 356
17 42 671
42 17 671
17 53 840
53 17 840
17 20 403
20 17 403
18 40 546
40 18 546
18 29 105
29 18 105
18 53 337
53 18 337
18 64 574
64 18 574
18 42 742
42 18 742
18 38 644
38 18 644
19 69 499
69 19 499
19 50 552
50 19 552
19 64 592
64 19 592
20 69 447
69 20 447
20 34 141
34 20 141
20 67 810
67 20 810
21 24 871
24 21 871
21 43 640
43 21 640
21 68 803
68 21 803
21 63 606
63 21 606
21 36 160
36 21 160
21 47 691
47 21 691
22 27 799
27 22 799
22 31 803
31 22 803
22 39 887
39 22 887
22 56 46
56 22 46
22 51 426
51 22 426
22 30 687
30 22 687
22 62 530
62 22 530
22 65 48
65 22 48
23 29 722
29 23 722
23 38 908
38 23 908
23 57 354
57 23 354
23 69 651
69 23 651
23 33 195
33 23 195
23 32 836
32 23 836
24 26 908
26 24 908
24 32 428
32 24 428
24 39 771
39 24 771
24 51 626
51 24 626
24 67 375
67 24 375
24 24 364
24 24 364
25 34 339
34 25 339
25 63 151
63 25 151
26 56 579
56 26 579
26 27 462
27 26 462
26 57 476
57 26 476
26 49 5
49 26 5
26 48 845
48 26 845
26 41 81
41 26 81
26 66 249
66 26 249
26 42 586
42 26 586
27 49 657
49 27 657
27 38 742
38 27 742
27 47 448
47 27 448
27 44 623
44 27 623
28 42 165
42 28 165
28 40 701
40 28 701
28 47 881
47 28 881
28 49 241
49 28 241
28 34 470
34 28 470
29 46 553
46 29 553
29 60 742
60 29 742
29 37 144
37 29 144
29 70 216
70 29 216
29 36 365
36 29 365
29 39 855
39 29 855
29 45 128
45 29 128
30 45 578
45 30 578
30 53 449
53 30 449
30 44 145
44 30 145
31 50 341
50 31 341
31 35 166
35 31 166
31 34 108
34 31 108
31 36 810
36 31 810
31 53 940
53 31 940
31 53 127
53 31 127
32 63 378
63 32 378
32 43 739
43 32 739
32 48 980
48 32 980
33 60 209
60 33 209
33 67 55
67 33 55
33 70 315
70 33 315
34 54 617
54 34 617
34 68 957
68 34 957
34 46 793
46 34 793
34 37 586
37 34 586
35 57 639
57 35 639
35 35 610
35 35 610
35 35 855
35 35 855
36 55 193
55 36 193
36 64 828
64 36 828
36 41 233
41 36 233
36 59 638
59 36 638
36 60 558
60 36 558
36 70 730
70 36 730
36 53 582
53 36 582
36 59 715
59 36 715
37 69 296
69 37 296
37 50 93
50 37 93
37 38 879
38 37 879
37 51 875
51 37 875
37 50 40
50 37 40
38 45 938
45 38 938
38 54 755
54 38 755
39 40 851
40 39 851
40 46 923
46 40 923
40 42 387
42 40 387
40 48 921
48 40 921
40 67 252
67 40 252
41 52 248
52 41 248
41 66 545
66 41 545
41 46 955
46 41 955
41 52 268
52 41 268
41 65 234
65 41 234
42 63 540
63 42 540
42 50 244
50 42 244
42 70 303
70 42 303
43 54 562
54 43 562
43 64 555
64 43 555
43 64 790
64 43 790
43 70 394
70 43 394
43 67 978
67 43 978
43 45 331
45 43 331
44 47 303
47 44 303
44 65 287
65 44 287
44 68 338
68 44 338
45 57 743
57 45 743
45 62 502
62 45 502
45 61 890
61 45 890
45 57 616
57 45 616
46 65 912
65 46 912
46 51 36
51 46 36
46 56 923
56 46 923
46 55 413
55 46 413
46 53 888
53 46 888
46 53 328
53 46 328
47 58 103
58 47 103
47 69 674
69 47 674
47 55 530
55 47 530
49 59 195
59 49 195
49 61 99
61 49 99
50 62 76
62 50 76
50 61 308
61 50 308
51 64 187
64 51 187
51 63 396
63 51 396
51 61 485
61 51 485
52 56 996
56 52 996
52 55 983
55 52 983
54 58 916
58 54 916
54 59 987
59 54 987
55 63 362
63 55 362
55 62 785
62 55 785
56 59 588
59 56 588
57 58 878
58 57 878
60 66 164
66 60 164
61 68 544
68 61 544
62 69 729
69 62 729
62 68 365
68 62 365
62 66 655
66 62 655
64 66 639
66 64 639
64 64 179
64 64 179
69 70 397
70 69 397
