44

0 1 21
1 0 21
0 2 619
2 0 619
0 3 685
3 0 685
0 15 52
15 0 52
0 24 412
24 0 412
0 25 436
25 0 436
0 30 45
30 0 45
0 41 697
41 0 697
0 40 577
40 0 577
2 5 829
5 2 829
2 8 492
8 2 492
3 4 820
4 3 820
3 6 781
6 3 781
3 7 941
7 3 941
3 10 40
10 3 40
3 39 530
39 3 530
4 12 473
12 4 473
5 28 389
28 5 389
5 27 692
27 5 692
5 37 13
37 5 13
6 16 516
16 6 516
6 31 362
31 6 362
7 9 671
9 7 671
7 11 351
11 7 351
8 18 80
18 8 80
8 35 73
35 8 73
8 21 460
21 8 460
10 13 947
13 10 947
10 14 163
14 10 163
10 32 762
32 10 762
11 26 831
26 11 831
11 29 354
29 11 354
12 27 254
27 12 254
12 36 121
36 12 121
13 41 858
41 13 858
14 17 816
17 14 816
14 21 797
21 14 797
14 28 535
28 14 535
14 20 774
20 14 774
15 19 279
19 15 279
15 20 439
20 15 439
15 42 974
42 15 974
17 23 860
23 17 860
18 22 325
22 18 325
19 34 437
34 19 437
19 41 68
41 19 68
19 20 285
20 19 285
20 33 1000
33 20 1000
23 40 498
40 23 498
25 38 821
38 25 821
26 29 63
29 26 63
29 34 630
34 29 630
35 37 171
37 35 171
36 37 287
37 36 287
39 43 99
43 39 99
