67

0 1 389
1 0 389
0 4 373
4 0 373
0 6 491
6 0 491
0 42 303
42 0 303
0 29 242
29 0 242
0 24 118
24 0 118
0 42 131
42 0 131
0 9 105
9 0 105
0 66 195
66 0 195
0 15 696
15 0 696
1 2 931
2 1 931
1 3 117
3 1 117
1 5 921
5 1 921
1 8 860
8 1 860
1 15 780
15 1 780
1 38 701
38 1 701
1 49 917
49 1 917
1 57 120
57 1 120
1 40 156
40 1 156
1 12 857
12 1 857
1 6 129
6 1 129
1 19 247
19 1 247
1 25 960
25 1 960
2 7 821
7 2 821
2 18 315
18 2 315
2 20 263
20 2 263
2 59 986
59 2 986
2 52 212
52 2 212
2 32 869
32 2 869
2 46 360
46 2 360
2 63 626
63 2 626
2 44 683
44 2 683
2 14 586
14 2 586
2 66 716
66 2 716
2 62 379
62 2 379
3 9 663
9 3 663
3 16 919
16 3 919
3 56 506
56 3 506
3 35 291
35 3 291
3 30 154
30 3 154
3 19 908
19 3 908
3 64 98
64 3 98
3 13 141
13 3 141
3 62 303
62 3 303
3 7 525
7 3 525
4 21 483
21 4 483
4 45 443
45 4 443
4 52 176
52 4 176
4 54 959
54 4 959
4 24 154
24 4 154
4 57 985
57 4 985
4 35 334
35 4 334
5 10 634
10 5 634
5 14 954
14 5 954
5 43 778
43 5 778
5 60 360
60 5 360
5 33 307
33 5 307
5 53 331
53 5 331
5 28 85
28 5 85
5 65 448
65 5 448
5 58 869
58 5 869
6 11 380
11 6 380
6 46 211
46 6 211
6 32 521
32 6 521
6 65 873
65 6 873
6 7 284
7 6 284
6 54 869
54 6 869
6 52 314
52 6 314
6 39 529
39 6 529
6 56 607
56 6 607
7 26 663
26 7 663
7 43 100
43 7 100
7 34 569
34 7 569
7 11 450
11 7 450
8 58 863
58 8 863
8 11 645
11 8 645
8 36 448
36 8 448
8 50 11
50 8 11
8 57 143
57 8 143
8 15 657
15 8 657
9 12 911
12 9 911
9 39 746
39 9 746
9 44 680
44 9 680
9 39 951
39 9 951
9 11 88
11 9 88
9 56 131
56 9 131
9 17 991
17 9 991
9 19 497
19 9 497
9 15 520
15 9 520
9 24 881
24 9 881
9 42 195
42 9 195
10 22 686
22 10 686
10 29 258
29 10 258
10 29 708
29 10 708
10 49 309
49 10 309
10 66 642
66 10 642
11 13 411
13 11 411
11 19 453
19 11 453
11 54 824
54 11 824
11 24 212
24 11 212
11 64 92
64 11 92
11 29 858
29 11 858
11 61 725
61 11 725
11 63 629
63 11 629
12 24 653
24 12 653
12 53 681
53 12 681
12 42 475
42 12 475
12 47 172
47 12 172
12 25 780
25 12 780
13 27 761
27 13 761
13 20 71
20 13 71
13 31 556
31 13 556
13 29 131
29 13 131
13 19 866
19 13 866
13 55 469
55 13 469
13 59 346
59 13 346
13 39 603
39 13 603
13 59 422
59 13 422
13 41 823
41 13 823
14 29 238
29 14 238
14 33 231
33 14 231
14 45 615
45 14 615
14 27 196
27 14 196
14 26 220
26 14 220
14 43 831
43 14 831
14 45 125
45 14 125
14 48 780
48 14 780
15 17 86
17 15 86
15 34 267
34 15 267
15 37 931
37 15 931
15 59 543
59 15 543
15 57 821
57 15 821
15 49 191
49 15 191
15 60 715
60 15 715
15 26 274
26 15 274
15 20 80
20 15 80
15 40 542
40 15 542
16 36 561
36 16 561
16 51 273
51 16 273
16 24 33
24 16 33
16 26 340
26 16 340
16 27 87
27 16 87
17 31 202
31 17 202
17 62 994
62 17 994
17 23 550
23 17 550
17 22 97
22 17 97
17 57 65
57 17 65
18 25 898
25 18 898
18 59 314
59 18 314
18 62 806
62 18 806
19 28 461
28 19 461
19 36 827
36 19 827
19 24 943
24 19 943
19 32 940
32 19 940
19 21 219
21 19 219
19 27 198
27 19 198
20 30 567
30 20 567
20 60 554
60 20 554
20 22 529
22 20 529
20 51 976
51 20 976
20 50 431
50 20 431
20 31 328
31 20 328
20 32 485
32 20 485
20 25 738
25 20 738
20 40 966
40 20 966
21 23 457
23 21 457
21 55 288
55 21 288
21 40 902
40 21 902
21 66 450
66 21 450
22 35 525
35 22 525
22 40 624
40 22 624
22 43 393
43 22 393
22 34 238
34 22 238
22 42 317
42 22 317
22 52 131
52 22 131
22 48 215
48 22 215
22 34 837
34 22 837
22 34 25
34 22 25
22 56 231
56 22 231
23 60 669
60 23 669
23 40 906
40 23 906
23 34 248
34 23 248
23 49 868
49 23 868
23 33 149
33 23 149
23 37 281
37 23 281
24 27 888
27 24 888
24 55 376
55 24 376
24 31 376
31 24 376
25 32 539
32 25 539
25 27 241
27 25 241
25 38 833
38 25 833
26 51 297
51 26 297
26 61 75
61 26 75
26 59 837
59 26 837
26 33 588
33 26 588
26 37 826
37 26 826
26 51 908
51 26 908
27 29 752
29 27 752
27 31 273
31 27 273
27 53 2
53 27 2
27 33 282
33 27 282
27 35 316
35 27 316
28 64 626
64 28 626
28 38 384
38 28 384
28 42 256
42 28 256
28 41 513
41 28 513
28 49 956
49 28 956
28 35 613
35 28 613
29 44 790
44 29 790
30 41 785
41 30 785
30 39 780
39 30 780
30 38 396
38 30 396
31 44 816
44 31 816
31 58 448
58 31 448
31 32 173
32 31 173
31 36 248
36 31 248
32 57 720
57 32 720
32 56 648
56 32 648
32 47 983
47 32 983
32 44 338
44 32 338
33 58 358
58 33 358
33 39 503
39 33 503
33 41 456
41 33 456
34 50 797
50 34 797
34 65 907
65 34 907
34 41 55
41 34 55
35 48 145
48 35 145
35 40 470
40 35 470
36 63 944
63 36 944
36 55 542
55 36 542
36 60 3
60 36 3
37 42 985
42 37 985
37 38 185
38 37 185
37 63 111
63 37 111
38 49 298
49 38 298
38 41 108
41 38 108
39 64 3
64 39 3
39 52 333
52 39 333
39 44 228
44 39 228
40 57 678
57 40 678
40 52 612
52 40 612
41 55 347
55 41 347
41 57 765
57 41 765
41 65 31
65 41 31
41 48 509
48 41 509
41 42 9
42 41 9
41 48 10
48 41 10
41 63 495
63 41 495
41 65 620
65 41 620
42 47 156
47 42 156
42 55 1000
55 42 1000
42 66 925
66 42 925
42 58 518
58 42 518
43 59 367
59 43 367
43 61 7
61 43 7
43 53 620
53 43 620
43 56 3
56 43 3
43 48 389
48 43 389
45 59 344
59 45 344
45 53 262
53 45 262
46 57 499
57 46 499
46 61 796
61 46 796
47 65 970
65 47 970
48 59 489
59 48 489
48 57 14
57 48 14
49 57 347
57 49 347
50 54 202
54 50 202
50 53 647
53 50 647
54 59 885
59 54 885
55 66 610
66 55 610
55 56 317
56 55 317
56 63 380
63 56 380
56 61 555
61 56 555
58 59 848
59 58 848
61 63 19
63 61 19
