81

0 1 87
1 0 87
0 2 792
2 0 792
0 3 40
3 0 40
0 6 765
6 0 765
0 20 498
20 0 498
0 56 91
56 0 91
0 18 674
18 0 674
0 50 603
50 0 603
0 49 870
49 0 870
0 13 489
13 0 489
0 67 360
67 0 360
0 58 860
58 0 860
0 26 703
26 0 703
0 0 876
0 0 876
0 6 602
6 0 602
0 46 975
46 0 975
0 9 935
9 0 935
0 17 100
17 0 100
0 25 621
25 0 621
0 5 967
5 0 967
0 78 854
78 0 854
0 31 96
31 0 96
0 39 171
39 0 171
0 50 103
50 0 103
1 32 734
32 1 734
1 36 747
36 1 747
1 38 532
38 1 532
1 8 644
8 1 644
1 24 489
24 1 489
1 16 358
16 1 358
1 24 909
24 1 909
1 11 641
11 1 641
1 55 442
55 1 442
1 5 895
5 1 895
1 60 143
60 1 143
1 4 276
4 1 276
1 80 245
80 1 245
1 46 829
46 1 829
2 4 197
4 2 197
2 7 223
7 2 223
2 11 399
11 2 399
2 61 914
61 2 914
2 59 61
59 2 61
2 30 577
30 2 577
2 24 512
24 2 512
2 46 261
46 2 261
2 66 276
66 2 276
2 16 131
16 2 131
2 70 119
70 2 119
2 20 920
20 2 920
2 62 314
62 2 314
2 3 106
3 2 106
2 73 637
73 2 637
2 34 725
34 2 725
2 51 888
51 2 888
3 5 212
5 3 212
3 12 712
12 3 712
3 25 698
25 3 698
3 52 443
52 3 443
3 44 345
44 3 345
3 17 337
17 3 337
3 35 963
35 3 963
3 71 600
71 3 600
3 71 238
71 3 238
3 57 603
57 3 603
3 51 889
51 3 889
3 24 904
24 3 904
3 39 50
39 3 50
3 61 447
61 3 447
3 52 231
52 3 231
3 73 360
73 3 360
3 57 627
57 3 627
3 16 269
16 3 269
3 42 242
42 3 242
4 72 546
72 4 546
4 50 640
50 4 640
4 29 808
29 4 808
4 66 353
66 4 353
4 80 864
80 4 864
4 39 680
39 4 680
4 68 148
68 4 148
4 64 159
64 4 159
4 23 562
23 4 562
4 71 281
71 4 281
4 68 664
68 4 664
4 54 377
54 4 377
4 34 219
34 4 219
4 74 889
74 4 889
4 58 231
58 4 231
4 14 927
14 4 927
4 66 32
66 4 32
4 24 570
24 4 570
5 10 291
10 5 291
5 46 57
46 5 57
5 68 622
68 5 622
5 75 779
75 5 779
5 48 623
48 5 623
5 14 971
14 5 971
5 66 478
66 5 478
5 77 918
77 5 918
5 19 571
19 5 571
5 18 665
18 5 665
5 18 232
18 5 232
5 9 882
9 5 882
5 43 676
43 5 676
5 7 148
7 5 148
5 24 697
24 5 697
5 59 181
59 5 181
5 11 501
11 5 501
5 69 482
69 5 482
6 15 681
15 6 681
6 17 883
17 6 883
6 37 293
37 6 293
6 70 741
70 6 741
6 78 797
78 6 797
6 17 589
17 6 589
6 42 162
42 6 162
6 50 841
50 6 841
6 55 4
55 6 4
6 45 807
45 6 807
6 63 78
63 6 78
6 57 411
57 6 411
6 19 247
19 6 247
6 10 111
10 6 111
6 50 471
50 6 471
6 24 440
24 6 440
6 39 933
39 6 933
7 8 398
8 7 398
7 22 488
22 7 488
7 70 163
70 7 163
7 15 334
15 7 334
7 12 351
12 7 351
7 77 740
77 7 740
7 74 934
74 7 934
7 49 336
49 7 336
7 51 597
51 7 597
7 69 99
69 7 99
7 41 749
41 7 749
7 27 234
27 7 234
8 9 63
9 8 63
8 23 875
23 8 875
8 24 232
24 8 232
8 29 314
29 8 314
8 19 810
19 8 810
8 39 936
39 8 936
8 50 388
50 8 388
8 59 733
59 8 733
8 76 604
76 8 604
9 28 766
28 9 766
9 69 803
69 9 803
9 33 650
33 9 650
9 56 653
56 9 653
9 40 131
40 9 131
9 37 878
37 9 878
9 11 408
11 9 408
9 64 916
64 9 916
9 41 8
41 9 8
9 71 47
71 9 47
9 28 317
28 9 317
9 15 586
15 9 586
9 38 894
38 9 894
9 66 530
66 9 530
9 73 761
73 9 761
9 21 610
21 9 610
9 42 883
42 9 883
9 75 261
75 9 261
9 16 446
16 9 446
9 68 43
68 9 43
9 39 278
39 9 278
9 21 677
21 9 677
9 19 994
19 9 994
9 80 802
80 9 802
10 14 767
14 10 767
10 60 331
60 10 331
10 33 10
33 10 10
10 26 369
26 10 369
10 15 706
15 10 706
10 38 303
38 10 303
10 62 623
62 10 623
11 18 17
18 11 17
11 76 996
76 11 996
11 14 214
14 11 214
11 26 366
26 11 366
11 51 390
51 11 390
11 67 26
67 11 26
11 44 426
44 11 426
11 41 512
41 11 512
11 27 266
27 11 266
11 27 840
27 11 840
11 76 226
76 11 226
12 13 888
13 12 888
12 59 498
59 12 498
12 24 36
24 12 36
12 39 157
39 12 157
12 26 820
26 12 820
12 33 534
33 12 534
12 63 928
63 12 928
12 62 437
62 12 437
12 38 379
38 12 379
12 26 814
26 12 814
12 14 448
14 12 448
12 22 257
22 12 257
13 16 518
16 13 518
13 69 831
69 13 831
13 72 501
72 13 501
13 50 548
50 13 548
13 22 669
22 13 669
13 62 731
62 13 731
13 41 69
41 13 69
13 18 886
18 13 886
13 34 70
34 13 70
13 17 353
17 13 353
13 16 773
16 13 773
13 63 831
63 13 831
13 64 616
64 13 616
14 73 545
73 14 545
14 70 959
70 14 959
14 22 639
22 14 639
14 58 527
58 14 527
14 33 454
33 14 454
14 65 865
65 14 865
14 73 3
73 14 3
14 27 551
27 14 551
14 43 353
43 14 353
14 61 733
61 14 733
15 35 76
35 15 76
15 48 88
48 15 88
15 73 57
73 15 57
15 29 215
29 15 215
15 37 693
37 15 693
15 23 65
23 15 65
15 62 363
62 15 363
15 57 761
57 15 761
16 30 570
30 16 570
16 79 325
79 16 325
16 56 199
56 16 199
16 80 526
80 16 526
16 68 544
68 16 544
16 27 709
27 16 709
16 27 3
27 16 3
16 57 430
57 16 430
16 37 983
37 16 983
16 59 307
59 16 307
16 52 721
52 16 721
16 58 601
58 16 601
17 21 211
21 17 211
17 41 411
41 17 411
17 66 451
66 17 451
17 78 427
78 17 427
17 26 604
26 17 604
17 55 200
55 17 200
17 74 996
74 17 996
17 23 620
23 17 620
17 38 99
38 17 99
17 73 999
73 17 999
18 19 294
19 18 294
18 26 793
26 18 793
18 64 124
64 18 124
18 46 220
46 18 220
18 46 412
46 18 412
18 48 42
48 18 42
18 59 947
59 18 947
18 58 151
58 18 151
19 78 980
78 19 980
19 52 584
52 19 584
19 41 466
41 19 466
19 72 979
72 19 979
19 71 206
71 19 206
19 36 769
36 19 769
19 55 580
55 19 580
19 68 87
68 19 87
19 29 303
29 19 303
19 23 477
23 19 477
19 55 294
55 19 294
19 80 591
80 19 591
20 27 597
27 20 597
20 57 98
57 20 98
20 65 84
65 20 84
20 69 919
69 20 919
20 75 136
75 20 136
20 78 810
78 20 810
20 49 59
49 20 59
20 39 610
39 20 610
20 68 571
68 20 571
20 25 38
25 20 38
20 31 83
31 20 83
20 53 57
53 20 57
20 23 351
23 20 351
20 44 34
44 20 34
21 53 593
53 21 593
21 29 713
29 21 713
21 48 876
48 21 876
21 31 838
31 21 838
21 51 95
51 21 95
21 68 822
68 21 822
21 74 206
74 21 206
21 47 747
47 21 747
21 48 415
48 21 415
21 41 243
41 21 243
21 24 307
24 21 307
21 40 667
40 21 667
22 38 693
38 22 693
22 39 628
39 22 628
22 32 650
32 22 650
22 51 221
51 22 221
22 74 153
74 22 153
22 31 6
31 22 6
22 49 176
49 22 176
22 38 279
38 22 279
23 43 511
43 23 511
23 55 738
55 23 738
23 77 648
77 23 648
23 25 4
25 23 4
23 79 694
79 23 694
23 69 941
69 23 941
23 43 303
43 23 303
23 80 449
80 23 449
24 35 202
35 24 202
24 72 877
72 24 877
24 32 622
32 24 622
24 30 122
30 24 122
24 25 562
25 24 562
24 73 942
73 24 942
25 47 904
47 25 904
25 68 424
68 25 424
25 57 544
57 25 544
25 60 831
60 25 831
25 76 680
76 25 680
25 66 388
66 25 388
25 56 506
56 25 506
25 35 108
35 25 108
25 50 896
50 25 896
25 80 567
80 25 567
25 80 475
80 25 475
25 44 365
44 25 365
26 34 495
34 26 495
26 29 963
29 26 963
26 57 882
57 26 882
26 45 916
45 26 916
26 33 338
33 26 338
26 67 413
67 26 413
26 61 310
61 26 310
27 31 92
31 27 92
27 63 678
63 27 678
27 68 768
68 27 768
27 60 868
60 27 868
27 45 167
45 27 167
27 74 455
74 27 455
28 33 46
33 28 46
28 44 920
44 28 920
28 46 1
46 28 1
28 61 815
61 28 815
28 64 800
64 28 800
28 30 289
30 28 289
28 41 440
41 28 440
28 54 464
54 28 464
28 71 426
71 28 426
28 68 33
68 28 33
28 46 421
46 28 421
29 58 574
58 29 574
29 64 422
64 29 422
29 65 290
65 29 290
29 54 525
54 29 525
29 61 327
61 29 327
29 60 931
60 29 931
29 41 389
41 29 389
29 32 434
32 29 434
29 36 459
36 29 459
29 35 96
35 29 96
30 58 146
58 30 146
30 52 17
52 30 17
30 30 414
30 30 414
30 54 628
54 30 628
30 53 988
53 30 988
30 52 341
52 30 341
31 64 236
64 31 236
31 62 87
62 31 87
31 64 438
64 31 438
31 44 8
44 31 8
31 44 335
44 31 335
31 48 927
48 31 927
31 70 996
70 31 996
31 59 451
59 31 451
31 42 491
42 31 491
32 49 865
49 32 865
32 34 465
34 32 465
32 65 661
65 32 661
32 57 143
57 32 143
32 32 448
32 32 448
32 50 205
50 32 205
32 79 911
79 32 911
33 65 692
65 33 692
33 34 65
34 33 65
34 39 893
39 34 893
34 40 559
40 34 559
34 57 758
57 34 758
34 73 187
73 34 187
34 35 663
35 34 663
34 68 810
68 34 810
34 80 77
80 34 77
35 62 192
62 35 192
35 57 588
57 35 588
35 63 929
63 35 929
35 45 240
45 35 240
35 71 138
71 35 138
35 55 280
55 35 280
35 61 59
61 35 59
35 78 734
78 35 734
35 37 57
37 35 57
35 80 181
80 35 181
35 66 460
66 35 460
36 68 745
68 36 745
36 63 724
63 36 724
36 55 735
55 36 735
36 57 180
57 36 180
36 74 173
74 36 173
36 65 141
65 36 141
36 49 86
49 36 86
36 71 362
71 36 362
36 38 289
38 36 289
36 75 449
75 36 449
36 38 544
38 36 544
36 72 186
72 36 186
37 43 702
43 37 702
37 47 214
47 37 214
37 61 634
61 37 634
37 69 617
69 37 617
37 42 216
42 37 216
37 61 258
61 37 258
37 61 907
61 37 907
37 39 102
39 37 102
37 77 648
77 37 648
37 64 281
64 37 281
38 45 942
45 38 942
38 51 575
51 38 575
38 46 540
46 38 540
38 46 144
46 38 144
39 42 252
42 39 252
39 65 640
65 39 640
39 54 521
54 39 521
39 49 375
49 39 375
39 70 445
70 39 445
39 55 374
55 39 374
39 77 652
77 39 652
40 67 582
67 40 582
40 75 649
75 40 649
40 58 836
58 40 836
40 63 898
63 40 898
40 77 517
77 40 517
40 79 427
79 40 427
40 53 187
53 40 187
41 71 36
71 41 36
41 49 209
49 41 209
41 57 802
57 41 802
41 64 852
64 41 852
41 71 598
71 41 598
41 74 417
74 41 417
41 63 368
63 41 368
41 70 761
70 41 761
41 44 883
44 41 883
41 42 990
42 41 990
41 69 197
69 41 197
41 65 710
65 41 710
42 50 393
50 42 393
42 69 691
69 42 691
42 79 852
79 42 852
42 74 823
74 42 823
42 69 503
69 42 503
42 47 961
47 42 961
42 49 476
49 42 476
43 67 476
67 43 476
43 70 447
70 43 447
43 72 802
72 43 802
44 56 153
56 44 153
44 67 536
67 44 536
44 63 103
63 44 103
44 67 221
67 44 221
44 72 642
72 44 642
44 48 901
48 44 901
45 54 730
54 45 730
45 68 766
68 45 766
45 70 975
70 45 975
45 71 293
71 45 293
45 68 618
68 45 618
45 69 182
69 45 182
46 75 567
75 46 567
46 68 698
68 46 698
46 71 487
71 46 487
46 61 847
61 46 847
46 56 5
56 46 5
46 74 647
74 46 647
46 60 655
60 46 655
47 59 223
59 47 223
47 50 371
50 47 371
47 74 90
74 47 90
47 59 158
59 47 158
47 57 629
57 47 629
47 59 489
59 47 489
48 80 983
80 48 983
48 55 470
55 48 470
49 68 329
68 49 329
49 75 916
75 49 916
49 53 989
53 49 989
49 74 827
74 49 827
50 55 600
55 50 600
50 65 351
65 50 351
50 54 795
54 50 795
50 62 256
62 50 256
50 78 37
78 50 37
50 71 934
71 50 934
50 65 340
65 50 340
50 76 921
76 50 921
51 54 322
54 51 322
51 60 457
60 51 457
51 64 954
64 51 954
51 53 723
53 51 723
51 52 643
52 51 643
51 78 753
78 51 753
51 77 750
77 51 750
52 67 10
67 52 10
52 70 617
70 52 617
52 62 463
62 52 463
52 63 188
63 52 188
52 72 190
72 52 190
52 69 238
69 52 238
52 72 806
72 52 806
52 65 927
65 52 927
53 55 641
55 53 641
53 65 655
65 53 655
53 77 283
77 53 283
53 54 464
54 53 464
53 60 843
60 53 843
54 63 91
63 54 91
54 60 887
60 54 887
54 78 759
78 54 759
54 57 579
57 54 579
54 61 168
61 54 168
54 58 310
58 54 310
55 61 982
61 55 982
55 74 961
74 55 961
55 76 865
76 55 865
55 62 821
62 55 821
55 70 993
70 55 993
55 62 894
62 55 894
56 72 709
72 56 709
56 78 934
78 56 934
56 68 766
68 56 766
56 75 83
75 56 83
56 64 499
64 56 499
57 62 910
62 57 910
57 77 679
77 57 679
57 64 210
64 57 210
57 71 41
71 57 41
57 78 259
78 57 259
58 67 180
67 58 180
58 59 635
59 58 635
59 69 71
69 59 71
59 66 767
66 59 767
59 75 148
75 59 148
59 68 776
68 59 776
59 61 865
61 59 865
60 64 133
64 60 133
60 66 945
66 60 945
60 76 218
76 60 218
60 65 73
65 60 73
60 72 209
72 60 209
61 77 122
77 61 122
61 75 563
75 61 563
61 73 195
73 61 195
61 76 701
76 61 701
61 66 824
66 61 824
61 69 210
69 61 210
62 74 358
74 62 358
62 78 256
78 62 256
62 79 101
79 62 101
63 64 15
64 63 15
63 72 502
72 63 502
64 77 305
77 64 305
65 71 372
71 65 372
66 78 757
78 66 757
66 77 743
77 66 743
66 79 986
79 66 986
66 68 349
68 66 349
66 68 226
68 66 226
66 79 165
79 66 165
67 79 225
79 67 225
67 70 421
70 67 421
67 75 730
75 67 730
67 74 435
74 67 435
68 75 493
75 68 493
68 78 36
78 68 36
69 72 988
72 69 988
70 71 181
71 70 181
71 76 868
76 71 868
72 75 950
75 72 950
72 77 738
77 72 738
73 75 225
75 73 225
74 78 504
78 74 504
74 79 233
79 74 233
75 80 413
80 75 413
79 80 548
80 79 548
