10

0 1 340
1 0 340
0 4 218
4 0 218
0 3 548
3 0 548
1 2 753
2 1 753
1 3 407
3 1 407
1 5 653
5 1 653
2 5 361
5 2 361
2 4 625
4 2 625
2 3 400
3 2 400
3 6 274
6 3 274
3 9 782
9 3 782
4 5 797
5 4 797
5 7 129
7 5 129
7 8 840
8 7 840
