89

0 1 25
1 0 25
0 3 130
3 0 130
0 39 598
39 0 598
0 85 538
85 0 538
0 49 62
49 0 62
0 10 2
10 0 2
0 72 674
72 0 674
0 32 376
32 0 376
0 82 949
82 0 949
0 53 402
53 0 402
0 2 201
2 0 201
0 87 331
87 0 331
0 44 159
44 0 159
0 64 801
64 0 801
0 60 200
60 0 200
0 37 756
37 0 756
1 2 976
2 1 976
1 22 677
22 1 677
1 16 890
16 1 890
1 34 946
34 1 946
1 16 91
16 1 91
1 61 782
61 1 782
1 43 442
43 1 442
1 59 986
59 1 986
1 26 859
26 1 859
1 18 183
18 1 183
1 17 787
17 1 787
1 11 325
11 1 325
1 9 556
9 1 556
1 68 434
68 1 434
2 4 708
4 2 708
2 5 333
5 2 333
2 7 324
7 2 324
2 17 852
17 2 852
2 31 601
31 2 601
2 22 19
22 2 19
2 24 275
24 2 275
2 41 558
41 2 558
2 59 39
59 2 39
2 34 901
34 2 901
2 32 187
32 2 187
2 74 977
74 2 977
2 38 444
38 2 444
2 13 700
13 2 700
3 14 310
14 3 310
3 23 388
23 3 388
3 21 482
21 3 482
3 58 394
58 3 394
3 50 992
50 3 992
3 48 508
48 3 508
3 69 536
69 3 536
3 51 823
51 3 823
3 63 857
63 3 857
3 66 67
66 3 67
3 30 233
30 3 233
3 62 448
62 3 448
4 6 345
6 4 345
4 11 14
11 4 14
4 33 525
33 4 525
4 42 765
42 4 765
4 24 830
24 4 830
4 21 465
21 4 465
4 19 219
19 4 219
4 47 436
47 4 436
4 49 125
49 4 125
4 44 350
44 4 350
4 52 950
52 4 950
4 79 303
79 4 303
4 58 806
58 4 806
4 35 700
35 4 700
5 15 195
15 5 195
5 7 914
7 5 914
5 17 753
17 5 753
5 40 334
40 5 334
5 34 103
34 5 103
5 27 406
27 5 406
5 63 804
63 5 804
5 62 123
62 5 123
6 12 171
12 6 171
6 52 965
52 6 965
6 47 500
47 6 500
6 67 127
67 6 127
6 15 118
15 6 118
6 66 343
66 6 343
6 32 235
32 6 235
6 60 985
60 6 985
6 63 747
63 6 747
6 81 840
81 6 840
6 7 55
7 6 55
6 58 424
58 6 424
7 8 747
8 7 747
7 9 467
9 7 467
7 10 41
10 7 41
7 18 677
18 7 677
7 35 174
35 7 174
7 42 849
42 7 849
7 60 785
60 7 785
7 40 175
40 7 175
7 48 215
48 7 215
7 77 408
77 7 408
7 15 432
15 7 432
7 69 828
69 7 828
7 18 922
18 7 922
7 64 249
64 7 249
7 65 848
65 7 848
7 49 173
49 7 173
8 13 230
13 8 230
8 64 93
64 8 93
8 75 125
75 8 125
8 67 423
67 8 423
8 69 351
69 8 351
8 26 96
26 8 96
8 17 719
17 8 719
8 32 859
32 8 859
8 86 264
86 8 264
9 16 1
16 9 1
9 57 688
57 9 688
9 63 757
63 9 757
9 81 276
81 9 276
9 50 851
50 9 851
9 86 636
86 9 636
9 25 95
25 9 95
9 45 1
45 9 1
9 12 669
12 9 669
9 16 82
16 9 82
9 41 312
41 9 312
9 73 875
73 9 875
9 67 940
67 9 940
9 38 470
38 9 470
10 29 703
29 10 703
10 30 272
30 10 272
10 36 633
36 10 633
10 47 954
47 10 954
10 68 426
68 10 426
10 83 511
83 10 511
10 48 269
48 10 269
10 76 437
76 10 437
10 64 463
64 10 463
10 77 575
77 10 575
10 79 927
79 10 927
10 54 177
54 10 177
11 19 137
19 11 137
11 28 167
28 11 167
11 43 115
43 11 115
11 56 575
56 11 575
11 71 132
71 11 132
11 34 517
34 11 517
11 11 811
11 11 811
11 53 17
53 11 17
11 15 565
15 11 565
11 18 159
18 11 159
11 20 517
20 11 517
11 65 409
65 11 409
11 66 286
66 11 286
11 35 692
35 11 692
11 67 561
67 11 561
11 23 667
23 11 667
12 20 881
20 12 881
12 46 563
46 12 563
12 35 286
35 12 286
12 26 542
26 12 542
12 62 386
62 12 386
12 85 570
85 12 570
12 41 229
41 12 229
12 37 651
37 12 651
12 26 334
26 12 334
13 27 102
27 13 102
13 78 596
78 13 596
13 21 622
21 13 622
13 47 355
47 13 355
13 66 189
66 13 189
13 77 784
77 13 784
14 24 247
24 14 247
14 38 199
38 14 199
14 45 729
45 14 729
14 52 13
52 14 13
14 82 595
82 14 595
14 44 304
44 14 304
14 34 733
34 14 733
14 35 876
35 14 876
14 64 833
64 14 833
14 47 165
47 14 165
14 16 366
16 14 366
14 47 942
47 14 942
14 45 511
45 14 511
15 23 541
23 15 541
15 25 184
25 15 184
15 77 128
77 15 128
15 39 778
39 15 778
15 46 199
46 15 199
15 79 452
79 15 452
15 33 118
33 15 118
15 39 34
39 15 34
15 52 719
52 15 719
15 77 312
77 15 312
15 78 824
78 15 824
16 80 916
80 16 916
16 59 504
59 16 504
16 37 494
37 16 494
16 58 852
58 16 852
16 37 740
37 16 740
16 88 589
88 16 589
16 69 917
69 16 917
16 24 752
24 16 752
16 26 30
26 16 30
16 62 537
62 16 537
16 18 202
18 16 202
16 40 430
40 16 430
16 63 549
63 16 549
16 66 361
66 16 361
17 21 733
21 17 733
17 31 399
31 17 399
17 59 427
59 17 427
17 57 518
57 17 518
17 54 206
54 17 206
17 30 904
30 17 904
17 76 327
76 17 327
17 20 590
20 17 590
17 78 805
78 17 805
17 66 899
66 17 899
17 72 201
72 17 201
17 58 763
58 17 763
17 57 674
57 17 674
17 62 757
62 17 757
18 37 503
37 18 503
18 44 251
44 18 251
18 51 853
51 18 853
18 84 445
84 18 445
18 55 733
55 18 733
18 49 770
49 18 770
18 39 744
39 18 744
18 67 959
67 18 959
18 42 725
42 18 725
18 57 344
57 18 344
19 48 237
48 19 237
19 61 720
61 19 720
19 31 212
31 19 212
19 59 358
59 19 358
19 27 776
27 19 776
19 52 27
52 19 27
19 29 143
29 19 143
20 55 603
55 20 603
20 62 241
62 20 241
20 69 784
69 20 784
20 64 46
64 20 46
20 22 937
22 20 937
20 22 408
22 20 408
20 40 72
40 20 72
20 73 828
73 20 828
21 78 633
78 21 633
21 53 386
53 21 386
21 57 111
57 21 111
21 56 104
56 21 104
21 55 707
55 21 707
21 50 576
50 21 576
21 52 530
52 21 530
21 57 623
57 21 623
21 53 184
53 21 184
21 46 668
46 21 668
21 28 319
28 21 319
21 52 494
52 21 494
21 46 81
46 21 81
22 49 793
49 22 793
22 67 54
67 22 54
22 72 71
72 22 71
22 88 553
88 22 553
22 44 501
44 22 501
22 72 4
72 22 4
22 26 596
26 22 596
22 24 731
24 22 731
22 56 556
56 22 556
22 27 182
27 22 182
23 48 170
48 23 170
23 52 665
52 23 665
23 60 775
60 23 775
23 51 175
51 23 175
23 56 18
56 23 18
24 32 307
32 24 307
24 87 390
87 24 390
24 24 871
24 24 871
24 73 959
73 24 959
24 25 597
25 24 597
24 88 521
88 24 521
24 35 104
35 24 104
25 26 956
26 25 956
25 52 343
52 25 343
25 69 822
69 25 822
25 30 35
30 25 35
25 83 435
83 25 435
25 70 249
70 25 249
25 57 811
57 25 811
26 51 654
51 26 654
26 37 273
37 26 273
26 60 316
60 26 316
26 57 637
57 26 637
26 61 820
61 26 820
26 30 257
30 26 257
26 52 134
52 26 134
26 87 271
87 26 271
26 47 679
47 26 679
27 31 117
31 27 117
27 62 328
62 27 328
27 58 296
58 27 296
27 54 965
54 27 965
27 71 444
71 27 444
27 36 127
36 27 127
27 66 946
66 27 946
27 81 97
81 27 97
28 81 765
81 28 765
28 33 360
33 28 360
28 86 421
86 28 421
28 76 787
76 28 787
28 57 219
57 28 219
28 44 839
44 28 839
28 28 597
28 28 597
29 41 355
41 29 355
29 68 332
68 29 332
29 46 457
46 29 457
29 36 37
36 29 37
29 30 726
30 29 726
29 54 386
54 29 386
29 44 414
44 29 414
29 55 282
55 29 282
29 58 981
58 29 981
29 65 86
65 29 86
30 78 683
78 30 683
30 32 883
32 30 883
30 30 577
30 30 577
30 47 500
47 30 500
30 51 754
51 30 754
30 36 152
36 30 152
30 70 11
70 30 11
30 52 40
52 30 40
30 62 698
62 30 698
30 42 248
42 30 248
30 58 460
58 30 460
30 62 311
62 30 311
30 34 343
34 30 343
31 63 778
63 31 778
31 51 627
51 31 627
31 72 709
72 31 709
31 59 123
59 31 123
31 44 788
44 31 788
32 34 452
34 32 452
32 53 367
53 32 367
32 44 253
44 32 253
32 50 471
50 32 471
32 65 511
65 32 511
32 41 396
41 32 396
32 70 174
70 32 174
32 68 19
68 32 19
32 50 401
50 32 401
33 73 875
73 33 875
33 59 811
59 33 811
33 46 42
46 33 42
33 66 369
66 33 369
33 81 423
81 33 423
33 82 987
82 33 987
33 77 504
77 33 504
33 74 845
74 33 845
34 40 736
40 34 736
34 46 721
46 34 721
34 54 469
54 34 469
34 46 934
46 34 934
34 82 140
82 34 140
35 39 267
39 35 267
35 51 70
51 35 70
35 78 739
78 35 739
35 82 776
82 35 776
35 82 344
82 35 344
35 35 902
35 35 902
35 68 365
68 35 365
35 78 378
78 35 378
35 66 613
66 35 613
36 51 647
51 36 647
36 58 765
58 36 765
36 87 450
87 36 450
36 78 737
78 36 737
37 42 624
42 37 624
37 43 313
43 37 313
37 68 79
68 37 79
37 83 263
83 37 263
37 48 177
48 37 177
38 50 338
50 38 338
38 66 922
66 38 922
38 45 477
45 38 477
38 40 921
40 38 921
39 41 910
41 39 910
39 87 630
87 39 630
39 80 149
80 39 149
39 59 618
59 39 618
39 41 45
41 39 45
39 73 867
73 39 867
39 71 605
71 39 605
40 56 265
56 40 265
40 71 932
71 40 932
40 40 160
40 40 160
40 57 574
57 40 574
40 73 158
73 40 158
40 60 432
60 40 432
41 60 515
60 41 515
41 45 602
45 41 602
41 67 442
67 41 442
41 46 48
46 41 48
41 68 747
68 41 747
41 58 358
58 41 358
42 45 215
45 42 215
42 75 403
75 42 403
42 59 732
59 42 732
42 61 222
61 42 222
42 63 266
63 42 266
42 58 483
58 42 483
42 43 770
43 42 770
43 82 256
82 43 256
43 78 667
78 43 667
43 86 812
86 43 812
43 87 703
87 43 703
44 86 432
86 44 432
44 49 5
49 44 5
44 63 464
63 44 464
44 61 455
61 44 455
44 48 683
48 44 683
44 86 960
86 44 960
45 70 75
70 45 75
45 45 479
45 45 479
45 69 581
69 45 581
45 49 53
49 45 53
45 70 616
70 45 616
46 49 116
49 46 116
46 80 488
80 46 488
46 52 942
52 46 942
47 76 955
76 47 955
47 47 642
47 47 642
47 54 455
54 47 455
47 73 3
73 47 3
47 82 611
82 47 611
47 47 942
47 47 942
47 58 602
58 47 602
48 79 881
79 48 881
48 72 289
72 48 289
48 63 941
63 48 941
48 84 516
84 48 516
49 54 788
54 49 788
49 82 894
82 49 894
49 65 374
65 49 374
49 58 384
58 49 384
49 77 132
77 49 132
49 50 924
50 49 924
49 61 978
61 49 978
49 82 174
82 49 174
49 59 475
59 49 475
49 81 399
81 49 399
50 64 2
64 50 2
50 54 545
54 50 545
50 72 34
72 50 34
50 50 895
50 50 895
51 78 522
78 51 522
51 82 849
82 51 849
51 77 36
77 51 36
51 63 177
63 51 177
51 64 843
64 51 843
51 79 2
79 51 2
51 83 869
83 51 869
52 70 334
70 52 334
52 67 660
67 52 660
52 60 461
60 52 461
52 61 982
61 52 982
52 82 407
82 52 407
52 69 374
69 52 374
52 53 58
53 52 58
52 66 794
66 52 794
52 56 884
56 52 884
53 54 261
54 53 261
53 77 248
77 53 248
53 60 933
60 53 933
54 66 138
66 54 138
54 77 225
77 54 225
54 80 890
80 54 890
54 71 99
71 54 99
54 71 359
71 54 359
55 58 350
58 55 350
55 80 659
80 55 659
55 71 809
71 55 809
55 71 755
71 55 755
55 75 927
75 55 927
56 84 980
84 56 980
56 64 683
64 56 683
56 57 748
57 56 748
56 69 205
69 56 205
56 59 729
59 56 729
56 59 30
59 56 30
56 86 265
86 56 265
56 85 700
85 56 700
56 60 860
60 56 860
57 58 508
58 57 508
57 67 685
67 57 685
57 72 707
72 57 707
58 71 62
71 58 62
59 65 990
65 59 990
59 73 944
73 59 944
59 61 133
61 59 133
59 81 212
81 59 212
59 66 669
66 59 669
59 82 676
82 59 676
60 77 109
77 60 109
60 63 40
63 60 40
60 78 163
78 60 163
60 87 931
87 60 931
60 66 11
66 60 11
61 74 57
74 61 57
61 61 164
61 61 164
61 83 391
83 61 391
61 68 376
68 61 376
61 73 444
73 61 444
62 66 669
66 62 669
62 65 862
65 62 862
62 71 350
71 62 350
63 78 823
78 63 823
64 72 779
72 64 779
64 85 638
85 64 638
64 85 521
85 64 521
64 81 653
81 64 653
65 79 394
79 65 394
65 83 857
83 65 857
65 74 376
74 65 376
65 70 986
70 65 986
65 84 693
84 65 693
66 87 38
87 66 38
66 66 587
66 66 587
66 79 570
79 66 570
66 68 51
68 66 51
67 72 496
72 67 496
67 82 69
82 67 69
67 69 824
69 67 824
67 83 867
83 67 867
68 88 511
88 68 511
68 81 427
81 68 427
68 75 668
75 68 668
68 79 704
79 68 704
69 71 343
71 69 343
70 87 642
87 70 642
71 75 892
75 71 892
71 88 200
88 71 200
72 82 746
82 72 746
73 74 741
74 73 741
73 74 348
74 73 348
73 77 611
77 73 611
74 81 305
81 74 305
74 86 968
86 74 968
74 82 28
82 74 28
76 77 711
77 76 711
77 83 464
83 77 464
77 79 637
79 77 637
77 79 439
79 77 439
79 86 338
86 79 338
82 88 368
88 82 368
83 83 966
83 83 966
85 88 291
88 85 291
87 87 906
87 87 906
