75

0 1 680
1 0 680
0 6 460
6 0 460
0 14 642
14 0 642
0 18 404
18 0 404
0 28 165
28 0 165
0 45 53
45 0 53
0 25 201
25 0 201
0 60 240
60 0 240
0 35 106
35 0 106
0 57 956
57 0 956
0 34 413
34 0 413
1 2 155
2 1 155
1 7 625
7 1 625
1 21 972
21 1 972
1 30 183
30 1 183
1 36 221
36 1 221
1 26 41
26 1 41
1 12 52
12 1 52
1 48 900
48 1 900
1 10 245
10 1 245
1 66 555
66 1 555
1 30 747
30 1 747
2 3 562
3 2 562
2 5 684
5 2 684
2 11 414
11 2 414
2 59 825
59 2 825
2 73 641
73 2 641
2 45 820
45 2 820
2 9 316
9 2 316
2 25 63
25 2 63
2 67 678
67 2 678
2 60 486
60 2 486
2 47 173
47 2 173
2 61 562
61 2 562
3 4 140
4 3 140
3 35 783
35 3 783
3 58 202
58 3 202
3 34 477
34 3 477
3 22 832
22 3 832
3 24 70
24 3 70
3 24 259
24 3 259
4 12 581
12 4 581
4 15 164
15 4 164
4 39 465
39 4 465
4 40 274
40 4 274
4 12 177
12 4 177
4 17 635
17 4 635
4 43 707
43 4 707
4 53 861
53 4 861
4 5 432
5 4 432
5 10 448
10 5 448
5 13 773
13 5 773
5 66 146
66 5 146
5 35 867
35 5 867
5 44 588
44 5 588
5 10 239
10 5 239
5 34 499
34 5 499
5 47 539
47 5 539
5 74 968
74 5 968
5 65 708
65 5 708
5 55 471
55 5 471
5 14 8
14 5 8
5 9 109
9 5 109
6 9 223
9 6 223
6 48 201
48 6 201
6 67 821
67 6 821
6 67 514
67 6 514
6 45 399
45 6 399
6 64 963
64 6 963
7 8 845
8 7 845
7 19 190
19 7 190
7 25 450
25 7 450
7 37 422
37 7 422
7 45 801
45 7 801
7 36 112
36 7 112
7 51 456
51 7 456
7 53 291
53 7 291
7 34 801
34 7 801
8 22 540
22 8 540
8 24 154
24 8 154
8 62 421
62 8 421
9 42 546
42 9 546
9 71 872
71 9 872
9 10 900
10 9 900
9 69 109
69 9 109
9 38 540
38 9 540
9 37 187
37 9 187
10 16 121
16 10 121
10 15 142
15 10 142
10 70 996
70 10 996
10 27 799
27 10 799
10 50 151
50 10 151
10 43 712
43 10 712
10 50 884
50 10 884
10 62 517
62 10 517
11 23 690
23 11 690
11 15 537
15 11 537
11 42 21
42 11 21
11 69 195
69 11 195
11 12 648
12 11 648
12 31 422
31 12 422
12 72 590
72 12 590
12 50 318
50 12 318
12 27 440
27 12 440
12 46 261
46 12 261
12 26 581
26 12 581
12 46 629
46 12 629
12 50 672
50 12 672
13 48 545
48 13 545
13 45 541
45 13 541
13 24 160
24 13 160
13 34 151
34 13 151
13 34 99
34 13 99
13 16 484
16 13 484
14 26 600
26 14 600
14 34 154
34 14 154
14 35 877
35 14 877
14 62 191
62 14 191
14 69 495
69 14 495
14 40 421
40 14 421
14 61 638
61 14 638
14 33 459
33 14 459
14 54 334
54 14 334
15 17 124
17 15 124
15 20 614
20 15 614
15 47 311
47 15 311
15 48 442
48 15 442
15 40 623
40 15 623
15 55 237
55 15 237
15 47 667
47 15 667
15 70 296
70 15 296
16 24 587
24 16 587
16 17 274
17 16 274
16 45 992
45 16 992
16 35 573
35 16 573
16 61 716
61 16 716
17 60 552
60 17 552
17 59 155
59 17 155
17 30 571
30 17 571
17 49 41
49 17 41
17 49 131
49 17 131
18 64 445
64 18 445
18 71 928
71 18 928
18 64 65
64 18 65
19 32 31
32 19 31
19 36 607
36 19 607
19 49 7
49 19 7
19 57 712
57 19 712
19 61 807
61 19 807
19 35 545
35 19 545
19 31 633
31 19 633
19 47 203
47 19 203
19 22 735
22 19 735
20 32 579
32 20 579
20 50 136
50 20 136
20 71 342
71 20 342
20 24 51
24 20 51
20 35 57
35 20 57
20 64 191
64 20 191
21 27 429
27 21 429
21 51 160
51 21 160
21 71 161
71 21 161
21 49 33
49 21 33
21 66 736
66 21 736
21 44 674
44 21 674
22 61 814
61 22 814
22 59 911
59 22 911
22 71 828
71 22 828
22 23 492
23 22 492
23 43 382
43 23 382
23 45 782
45 23 782
23 61 546
61 23 546
23 73 836
73 23 836
23 68 561
68 23 561
23 44 613
44 23 613
23 43 47
43 23 47
23 40 797
40 23 797
23 49 322
49 23 322
23 56 445
56 23 445
23 57 626
57 23 626
24 29 943
29 24 943
24 41 441
41 24 441
24 27 785
27 24 785
24 68 747
68 24 747
24 50 894
50 24 894
24 60 471
60 24 471
24 52 248
52 24 248
25 39 381
39 25 381
25 61 366
61 25 366
25 29 240
29 25 240
25 44 858
44 25 858
25 52 507
52 25 507
25 56 167
56 25 167
25 54 521
54 25 521
25 34 983
34 25 983
25 64 197
64 25 197
26 50 383
50 26 383
26 60 815
60 26 815
26 51 727
51 26 727
26 66 356
66 26 356
26 39 560
39 26 560
26 57 963
57 26 963
27 71 314
71 27 314
27 45 556
45 27 556
27 49 265
49 27 265
27 50 935
50 27 935
28 31 987
31 28 987
28 43 333
43 28 333
28 64 987
64 28 987
28 39 120
39 28 120
29 33 764
33 29 764
29 62 414
62 29 414
29 45 813
45 29 813
29 35 327
35 29 327
29 56 163
56 29 163
29 72 604
72 29 604
30 38 807
38 30 807
30 44 696
44 30 696
30 55 632
55 30 632
30 38 512
38 30 512
31 56 275
56 31 275
31 72 464
72 31 464
31 56 283
56 31 283
31 58 663
58 31 663
31 54 774
54 31 774
31 62 588
62 31 588
31 46 366
46 31 366
31 46 670
46 31 670
31 54 157
54 31 157
32 61 344
61 32 344
32 69 445
69 32 445
32 73 885
73 32 885
33 35 119
35 33 119
33 69 808
69 33 808
33 67 274
67 33 274
34 46 304
46 34 304
34 68 357
68 34 357
34 42 994
42 34 994
34 43 542
43 34 542
34 44 569
44 34 569
34 35 791
35 34 791
35 72 690
72 35 690
35 41 32
41 35 32
36 41 244
41 36 244
36 40 860
40 36 860
36 54 594
54 36 594
36 55 712
55 36 712
36 53 135
53 36 135
36 43 829
43 36 829
37 71 515
71 37 515
37 50 719
50 37 719
37 54 661
54 37 661
38 50 349
50 38 349
38 50 369
50 38 369
38 59 978
59 38 978
38 72 338
72 38 338
39 40 189
40 39 189
39 43 482
43 39 482
40 52 826
52 40 826
40 57 139
57 40 139
40 44 279
44 40 279
40 69 616
69 40 616
40 50 161
50 40 161
40 58 998
58 40 998
41 48 431
48 41 431
41 68 472
68 41 472
41 48 262
48 41 262
41 63 918
63 41 918
41 57 1
57 41 1
42 52 410
52 42 410
42 54 129
54 42 129
42 51 693
51 42 693
42 60 463
60 42 463
43 49 392
49 43 392
43 45 61
45 43 61
43 54 147
54 43 147
43 48 243
48 43 243
43 49 186
49 43 186
44 56 372
56 44 372
44 66 956
66 44 956
44 69 526
69 44 526
45 72 692
72 45 692
45 64 277
64 45 277
45 48 493
48 45 493
46 70 40
70 46 40
46 55 559
55 46 559
46 46 758
46 46 758
47 58 128
58 47 128
47 65 418
65 47 418
47 58 68
58 47 68
47 58 98
58 47 98
48 63 119
63 48 119
48 66 762
66 48 762
48 72 616
72 48 616
48 52 86
52 48 86
49 53 26
53 49 26
50 52 867
52 50 867
50 62 90
62 50 90
50 64 937
64 50 937
52 53 143
53 52 143
52 54 203
54 52 203
52 67 613
67 52 613
52 63 769
63 52 769
52 60 190
60 52 190
53 74 46
74 53 46
53 68 409
68 53 409
54 63 129
63 54 129
54 67 698
67 54 698
54 54 442
54 54 442
54 64 136
64 54 136
55 56 857
56 55 857
55 62 616
62 55 616
55 71 165
71 55 165
55 56 513
56 55 513
56 57 697
57 56 697
56 67 195
67 56 195
56 60 573
60 56 573
56 67 611
67 56 611
57 64 645
64 57 645
58 73 397
73 58 397
59 68 738
68 59 738
60 63 421
63 60 421
60 67 800
67 60 800
62 74 989
74 62 989
62 66 282
66 62 282
63 69 364
69 63 364
63 72 239
72 63 239
65 72 369
72 65 369
66 70 385
70 66 385
67 68 84
68 67 84
68 71 873
71 68 873
