86

0 1 380
1 0 380
0 5 552
5 0 552
0 27 636
27 0 636
0 69 448
69 0 448
0 43 899
43 0 899
0 64 662
64 0 662
0 84 224
84 0 224
0 50 983
50 0 983
0 24 792
24 0 792
0 49 236
49 0 236
0 59 504
59 0 504
0 16 79
16 0 79
0 41 619
41 0 619
0 43 916
43 0 916
0 6 568
6 0 568
1 2 703
2 1 703
1 11 655
11 1 655
1 13 82
13 1 82
1 22 51
22 1 51
1 54 990
54 1 990
1 9 564
9 1 564
1 36 384
36 1 384
1 72 72
72 1 72
1 62 947
62 1 947
1 52 32
52 1 32
1 40 913
40 1 913
1 3 504
3 1 504
1 43 743
43 1 743
1 38 659
38 1 659
1 44 908
44 1 908
1 16 888
16 1 888
2 3 67
3 2 67
2 15 225
15 2 225
2 29 653
29 2 653
2 32 693
32 2 693
2 37 617
37 2 617
2 16 955
16 2 955
2 42 144
42 2 144
2 84 713
84 2 713
2 76 359
76 2 359
2 20 578
20 2 578
2 73 422
73 2 422
2 31 789
31 2 789
2 29 500
29 2 500
2 37 862
37 2 862
2 35 509
35 2 509
2 26 310
26 2 310
2 45 350
45 2 350
2 80 500
80 2 500
2 24 690
24 2 690
2 11 513
11 2 513
2 81 204
81 2 204
2 33 446
33 2 446
2 65 555
65 2 555
2 69 819
69 2 819
2 61 805
61 2 805
2 28 532
28 2 532
2 54 379
54 2 379
2 20 611
20 2 611
3 4 939
4 3 939
3 7 544
7 3 544
3 36 849
36 3 849
3 46 9
46 3 9
3 5 472
5 3 472
3 19 573
19 3 573
3 12 95
12 3 95
3 11 349
11 3 349
3 53 724
53 3 724
3 40 632
40 3 632
3 75 904
75 3 904
3 49 337
49 3 337
3 8 603
8 3 603
3 79 657
79 3 657
3 29 122
29 3 122
3 75 154
75 3 154
3 59 328
59 3 328
3 5 534
5 3 534
3 12 402
12 3 402
3 37 723
37 3 723
3 58 883
58 3 883
3 15 344
15 3 344
3 57 914
57 3 914
4 6 803
6 4 803
4 12 20
12 4 20
4 21 653
21 4 653
4 27 804
27 4 804
4 56 182
56 4 182
4 26 372
26 4 372
4 13 165
13 4 165
4 45 924
45 4 924
4 58 749
58 4 749
4 43 873
43 4 873
4 4 133
4 4 133
4 73 404
73 4 404
4 9 354
9 4 354
4 49 79
49 4 79
4 37 420
37 4 420
4 19 291
19 4 291
4 19 994
19 4 994
5 8 906
8 5 906
5 18 36
18 5 36
5 19 333
19 5 333
5 36 901
36 5 901
5 62 392
62 5 392
5 58 625
58 5 625
5 77 562
77 5 562
5 44 757
44 5 757
5 42 831
42 5 831
5 40 253
40 5 253
5 37 754
37 5 754
5 14 854
14 5 854
5 37 180
37 5 180
5 28 836
28 5 836
5 7 953
7 5 953
5 29 138
29 5 138
5 66 634
66 5 634
5 26 44
26 5 44
5 83 754
83 5 754
5 67 966
67 5 966
6 35 769
35 6 769
6 67 231
67 6 231
6 44 996
44 6 996
6 12 817
12 6 817
6 30 479
30 6 479
6 51 859
51 6 859
6 18 809
18 6 809
6 28 888
28 6 888
6 35 363
35 6 363
7 9 480
9 7 480
7 66 972
66 7 972
7 54 73
54 7 73
7 71 845
71 7 845
7 9 465
9 7 465
7 27 348
27 7 348
7 61 690
61 7 690
7 26 620
26 7 620
7 45 534
45 7 534
7 61 975
61 7 975
7 63 341
63 7 341
7 20 81
20 7 81
7 56 135
56 7 135
7 63 124
63 7 124
7 25 918
25 7 918
8 20 887
20 8 887
8 40 454
40 8 454
8 25 835
25 8 835
8 12 323
12 8 323
8 11 506
11 8 506
8 27 684
27 8 684
8 30 853
30 8 853
8 9 68
9 8 68
8 52 896
52 8 896
8 23 748
23 8 748
8 22 157
22 8 157
8 53 911
53 8 911
8 81 883
81 8 883
8 66 946
66 8 946
8 77 888
77 8 888
9 10 328
10 9 328
9 34 283
34 9 283
9 41 648
41 9 648
9 68 332
68 9 332
9 69 288
69 9 288
9 81 830
81 9 830
9 73 194
73 9 194
9 11 763
11 9 763
9 69 873
69 9 873
9 31 962
31 9 962
9 55 360
55 9 360
9 14 709
14 9 709
9 79 731
79 9 731
9 59 387
59 9 387
10 14 984
14 10 984
10 70 123
70 10 123
10 80 934
80 10 934
10 50 705
50 10 705
10 73 614
73 10 614
10 83 778
83 10 778
10 31 313
31 10 313
10 48 711
48 10 711
10 24 367
24 10 367
10 13 723
13 10 723
10 58 617
58 10 617
10 46 268
46 10 268
10 37 375
37 10 375
10 74 855
74 10 855
10 27 86
27 10 86
11 52 336
52 11 336
11 56 74
56 11 74
11 22 199
22 11 199
11 53 935
53 11 935
11 75 227
75 11 227
11 22 185
22 11 185
11 56 814
56 11 814
11 35 822
35 11 822
11 56 122
56 11 122
11 20 11
20 11 11
11 43 750
43 11 750
11 26 515
26 11 515
11 33 352
33 11 352
11 33 272
33 11 272
11 21 534
21 11 534
11 21 514
21 11 514
11 73 955
73 11 955
11 27 492
27 11 492
11 61 483
61 11 483
11 17 634
17 11 634
11 55 439
55 11 439
11 64 85
64 11 85
11 57 902
57 11 902
12 33 309
33 12 309
12 47 291
47 12 291
12 52 103
52 12 103
12 30 730
30 12 730
12 34 709
34 12 709
12 63 642
63 12 642
12 18 972
18 12 972
12 53 940
53 12 940
12 78 344
78 12 344
12 55 757
55 12 757
12 76 276
76 12 276
12 26 677
26 12 677
12 70 586
70 12 586
12 64 517
64 12 517
12 73 307
73 12 307
12 41 622
41 12 622
12 74 424
74 12 424
12 51 423
51 12 423
12 49 650
49 12 650
12 36 679
36 12 679
12 49 891
49 12 891
12 32 227
32 12 227
12 22 653
22 12 653
12 13 903
13 12 903
12 69 315
69 12 315
13 25 33
25 13 33
13 76 114
76 13 114
13 48 968
48 13 968
13 38 65
38 13 65
13 54 151
54 13 151
13 80 905
80 13 905
13 60 604
60 13 604
13 80 496
80 13 496
13 34 102
34 13 102
13 41 298
41 13 298
13 62 439
62 13 439
13 85 625
85 13 625
13 75 633
75 13 633
13 81 703
81 13 703
13 48 21
48 13 21
13 16 15
16 13 15
13 84 674
84 13 674
13 57 887
57 13 887
14 17 884
17 14 884
14 45 601
45 14 601
14 41 437
41 14 437
14 29 718
29 14 718
14 50 520
50 14 520
14 22 449
22 14 449
14 43 96
43 14 96
14 15 157
15 14 157
14 84 247
84 14 247
14 38 1
38 14 1
14 18 518
18 14 518
14 56 751
56 14 751
14 61 939
61 14 939
14 31 945
31 14 945
14 49 646
49 14 646
15 16 50
16 15 50
15 23 829
23 15 829
15 81 241
81 15 241
15 35 340
35 15 340
15 57 218
57 15 218
15 64 468
64 15 468
15 29 363
29 15 363
15 75 993
75 15 993
15 18 908
18 15 908
15 78 404
78 15 404
15 34 819
34 15 819
15 69 244
69 15 244
15 38 63
38 15 63
15 61 115
61 15 115
15 66 959
66 15 959
15 77 749
77 15 749
15 44 86
44 15 86
15 22 272
22 15 272
16 24 303
24 16 303
16 37 514
37 16 514
16 54 808
54 16 808
16 63 489
63 16 489
16 17 298
17 16 298
16 73 333
73 16 333
16 60 834
60 16 834
16 39 813
39 16 813
16 80 456
80 16 456
16 56 663
56 16 663
16 53 6
53 16 6
16 37 77
37 16 77
16 81 478
81 16 478
17 54 258
54 17 258
17 67 838
67 17 838
17 37 306
37 17 306
17 25 741
25 17 741
17 65 119
65 17 119
17 72 90
72 17 90
17 32 666
32 17 666
17 22 26
22 17 26
17 61 514
61 17 514
17 66 784
66 17 784
17 40 842
40 17 842
17 48 435
48 17 435
17 47 789
47 17 789
17 34 502
34 17 502
18 57 540
57 18 540
18 85 715
85 18 715
18 51 590
51 18 590
18 45 286
45 18 286
18 32 764
32 18 764
18 61 233
61 18 233
18 41 928
41 18 928
18 55 1000
55 18 1000
18 47 158
47 18 158
18 25 885
25 18 885
18 67 767
67 18 767
19 70 897
70 19 897
19 82 298
82 19 298
19 57 713
57 19 713
19 85 629
85 19 629
19 63 428
63 19 428
19 31 499
31 19 499
19 24 486
24 19 486
19 55 559
55 19 559
20 31 83
31 20 83
20 80 180
80 20 180
20 42 379
42 20 379
20 27 667
27 20 667
20 24 833
24 20 833
20 49 892
49 20 892
20 83 156
83 20 156
20 55 983
55 20 983
20 48 877
48 20 877
20 52 21
52 20 21
20 46 839
46 20 839
20 76 451
76 20 451
20 47 1000
47 20 1000
20 77 82
77 20 82
20 27 705
27 20 705
20 48 289
48 20 289
21 43 317
43 21 317
21 22 649
22 21 649
21 85 297
85 21 297
21 23 570
23 21 570
21 54 51
54 21 51
21 45 61
45 21 61
21 55 534
55 21 534
21 78 627
78 21 627
21 29 22
29 21 22
21 33 846
33 21 846
21 73 754
73 21 754
21 61 66
61 21 66
22 76 795
76 22 795
22 79 814
79 22 814
22 64 386
64 22 386
22 52 1
52 22 1
22 62 930
62 22 930
22 40 418
40 22 418
22 41 483
41 22 483
22 63 451
63 22 451
22 83 723
83 22 723
22 48 523
48 22 523
22 75 348
75 22 348
22 26 714
26 22 714
22 85 629
85 22 629
23 26 129
26 23 129
23 38 565
38 23 565
23 39 313
39 23 313
23 62 713
62 23 713
23 73 687
73 23 687
23 72 45
72 23 45
23 66 995
66 23 995
23 27 934
27 23 934
23 80 980
80 23 980
23 27 93
27 23 93
23 66 35
66 23 35
23 82 1
82 23 1
23 59 272
59 23 272
23 47 940
47 23 940
23 37 772
37 23 772
23 47 525
47 23 525
23 47 275
47 23 275
23 29 854
29 23 854
23 30 420
30 23 420
24 28 574
28 24 574
24 61 131
61 24 131
24 75 401
75 24 401
24 81 282
81 24 282
24 38 215
38 24 215
24 29 905
29 24 905
24 30 556
30 24 556
24 68 896
68 24 896
24 34 928
34 24 928
25 63 185
63 25 185
25 26 351
26 25 351
25 42 345
42 25 345
25 62 410
62 25 410
25 66 25
66 25 25
25 31 650
31 25 650
25 62 998
62 25 998
25 68 581
68 25 581
25 84 608
84 25 608
25 53 9
53 25 9
25 58 120
58 25 120
25 61 805
61 25 805
26 77 317
77 26 317
26 29 660
29 26 660
26 29 483
29 26 483
26 39 759
39 26 759
26 84 860
84 26 860
26 71 53
71 26 53
26 83 110
83 26 110
26 61 332
61 26 332
26 38 920
38 26 920
26 49 62
49 26 62
26 28 927
28 26 927
26 35 181
35 26 181
26 37 128
37 26 128
27 30 527
30 27 527
27 51 288
51 27 288
27 32 796
32 27 796
27 30 130
30 27 130
27 80 62
80 27 62
27 82 372
82 27 372
27 78 142
78 27 142
27 42 275
42 27 275
28 37 590
37 28 590
28 75 162
75 28 162
28 69 220
69 28 220
28 29 248
29 28 248
28 55 817
55 28 817
28 57 998
57 28 998
28 46 60
46 28 60
28 38 937
38 28 937
28 49 458
49 28 458
28 64 275
64 28 275
28 83 302
83 28 302
29 48 713
48 29 713
29 55 304
55 29 304
29 72 714
72 29 714
29 47 982
47 29 982
29 68 781
68 29 781
29 68 507
68 29 507
29 66 302
66 29 302
29 85 770
85 29 770
29 39 493
39 29 493
29 75 615
75 29 615
29 51 164
51 29 164
29 80 596
80 29 596
29 78 553
78 29 553
29 30 932
30 29 932
29 60 685
60 29 685
29 41 419
41 29 419
29 68 295
68 29 295
30 44 304
44 30 304
30 35 400
35 30 400
30 75 141
75 30 141
30 30 248
30 30 248
30 84 808
84 30 808
30 69 606
69 30 606
30 81 904
81 30 904
30 38 551
38 30 551
30 49 143
49 30 143
30 66 500
66 30 500
30 57 791
57 30 791
30 51 289
51 30 289
30 64 247
64 30 247
30 46 972
46 30 972
31 53 590
53 31 590
31 57 315
57 31 315
31 44 752
44 31 752
31 51 178
51 31 178
31 41 520
41 31 520
31 64 790
64 31 790
31 65 685
65 31 685
31 48 353
48 31 353
31 42 451
42 31 451
31 57 985
57 31 985
32 41 5
41 32 5
32 55 464
55 32 464
32 52 927
52 32 927
32 72 320
72 32 320
32 51 149
51 32 149
32 49 587
49 32 587
32 41 589
41 32 589
32 81 632
81 32 632
32 74 319
74 32 319
32 41 46
41 32 46
32 58 43
58 32 43
32 85 411
85 32 411
32 33 899
33 32 899
32 78 176
78 32 176
33 82 651
82 33 651
33 58 392
58 33 392
33 61 486
61 33 486
33 63 528
63 33 528
33 51 893
51 33 893
33 35 800
35 33 800
33 57 50
57 33 50
33 72 745
72 33 745
33 39 689
39 33 689
33 44 101
44 33 101
33 56 335
56 33 335
34 35 982
35 34 982
34 50 427
50 34 427
34 84 781
84 34 781
34 46 76
46 34 76
34 67 528
67 34 528
34 41 210
41 34 210
34 77 168
77 34 168
34 65 963
65 34 963
34 42 158
42 34 158
34 38 583
38 34 583
34 48 777
48 34 777
35 83 992
83 35 992
35 64 606
64 35 606
35 61 416
61 35 416
35 44 255
44 35 255
35 71 513
71 35 513
35 81 386
81 35 386
35 81 918
81 35 918
36 42 132
42 36 132
36 60 816
60 36 816
36 40 646
40 36 646
36 76 118
76 36 118
36 51 214
51 36 214
36 58 268
58 36 268
36 43 886
43 36 886
36 73 619
73 36 619
36 50 830
50 36 830
36 57 135
57 36 135
37 53 104
53 37 104
37 69 542
69 37 542
37 44 16
44 37 16
37 49 861
49 37 861
37 43 171
43 37 171
37 77 547
77 37 547
37 53 943
53 37 943
37 52 596
52 37 596
38 78 320
78 38 320
38 68 386
68 38 386
38 48 412
48 38 412
38 57 444
57 38 444
38 57 925
57 38 925
39 49 682
49 39 682
39 45 268
45 39 268
39 42 432
42 39 432
39 60 905
60 39 905
39 68 695
68 39 695
40 81 866
81 40 866
40 46 384
46 40 384
40 60 429
60 40 429
40 73 239
73 40 239
40 70 585
70 40 585
40 43 160
43 40 160
41 46 361
46 41 361
41 69 704
69 41 704
41 67 959
67 41 959
41 42 17
42 41 17
41 71 80
71 41 80
41 44 298
44 41 298
41 62 910
62 41 910
41 76 812
76 41 812
41 43 566
43 41 566
41 78 602
78 41 602
41 56 709
56 41 709
41 80 31
80 41 31
42 59 967
59 42 967
42 80 159
80 42 159
42 63 21
63 42 21
42 72 833
72 42 833
42 50 954
50 42 954
42 61 962
61 42 962
42 70 898
70 42 898
42 80 839
80 42 839
42 61 593
61 42 593
42 84 473
84 42 473
42 65 469
65 42 469
42 55 941
55 42 941
42 73 76
73 42 76
42 70 380
70 42 380
42 45 204
45 42 204
42 55 581
55 42 581
43 68 454
68 43 454
43 85 266
85 43 266
43 59 433
59 43 433
43 84 96
84 43 96
43 79 286
79 43 286
44 44 196
44 44 196
44 83 965
83 44 965
44 85 306
85 44 306
44 81 335
81 44 335
44 69 608
69 44 608
45 84 777
84 45 777
45 83 940
83 45 940
45 52 941
52 45 941
45 69 163
69 45 163
45 56 999
56 45 999
45 63 336
63 45 336
45 66 826
66 45 826
45 73 30
73 45 30
45 52 648
52 45 648
46 49 712
49 46 712
46 77 935
77 46 935
46 83 433
83 46 433
46 78 856
78 46 856
46 80 405
80 46 405
46 76 61
76 46 61
47 66 132
66 47 132
47 57 353
57 47 353
47 54 699
54 47 699
47 80 958
80 47 958
47 51 594
51 47 594
47 69 879
69 47 879
47 77 707
77 47 707
47 49 887
49 47 887
47 56 201
56 47 201
47 56 995
56 47 995
48 51 539
51 48 539
48 58 107
58 48 107
48 52 112
52 48 112
48 70 936
70 48 936
48 77 889
77 48 889
48 82 202
82 48 202
48 77 818
77 48 818
48 81 945
81 48 945
48 82 239
82 48 239
48 57 197
57 48 197
49 56 94
56 49 94
49 71 982
71 49 982
49 72 662
72 49 662
49 53 764
53 49 764
49 55 768
55 49 768
49 66 543
66 49 543
49 74 206
74 49 206
50 65 549
65 50 549
50 77 441
77 50 441
50 71 575
71 50 575
50 74 859
74 50 859
50 74 512
74 50 512
50 64 941
64 50 941
50 68 598
68 50 598
50 66 354
66 50 354
51 64 623
64 51 623
51 55 823
55 51 823
51 74 920
74 51 920
51 72 985
72 51 985
51 65 875
65 51 875
51 74 934
74 51 934
51 70 770
70 51 770
51 71 668
71 51 668
51 82 27
82 51 27
52 70 738
70 52 738
52 53 928
53 52 928
52 68 270
68 52 270
53 79 990
79 53 990
53 63 535
63 53 535
53 59 50
59 53 50
53 70 541
70 53 541
53 82 203
82 53 203
53 74 568
74 53 568
53 71 157
71 53 157
53 74 899
74 53 899
53 82 795
82 53 795
54 61 155
61 54 155
54 81 417
81 54 417
54 76 388
76 54 388
54 63 493
63 54 493
54 64 211
64 54 211
54 75 915
75 54 915
54 80 378
80 54 378
55 64 374
64 55 374
55 79 795
79 55 795
55 56 400
56 55 400
55 57 202
57 55 202
55 59 645
59 55 645
55 80 564
80 55 564
55 81 529
81 55 529
56 80 637
80 56 637
56 62 632
62 56 632
56 80 757
80 56 757
56 75 114
75 56 114
56 58 155
58 56 155
56 70 227
70 56 227
56 59 669
59 56 669
57 66 344
66 57 344
57 61 716
61 57 716
57 78 640
78 57 640
57 81 774
81 57 774
57 66 32
66 57 32
58 64 478
64 58 478
58 74 126
74 58 126
58 80 171
80 58 171
58 66 931
66 58 931
58 82 446
82 58 446
59 70 296
70 59 296
59 82 462
82 59 462
59 60 600
60 59 600
59 65 266
65 59 266
59 70 275
70 59 275
59 68 59
68 59 59
59 78 772
78 59 772
59 78 452
78 59 452
59 63 261
63 59 261
59 68 118
68 59 118
60 74 393
74 60 393
60 85 143
85 60 143
60 73 100
73 60 100
60 77 351
77 60 351
60 82 141
82 60 141
61 70 235
70 61 235
61 68 121
68 61 121
61 65 38
65 61 38
61 76 223
76 61 223
61 82 751
82 61 751
61 62 252
62 61 252
61 66 37
66 61 37
62 79 967
79 62 967
62 65 156
65 62 156
62 83 619
83 62 619
62 78 755
78 62 755
62 83 313
83 62 313
62 78 763
78 62 763
63 78 372
78 63 372
63 84 134
84 63 134
63 85 357
85 63 357
63 74 276
74 63 276
63 65 814
65 63 814
63 73 340
73 63 340
64 75 753
75 64 753
64 74 175
74 64 175
64 65 963
65 64 963
64 84 749
84 64 749
64 76 188
76 64 188
64 65 997
65 64 997
64 71 630
71 64 630
64 80 740
80 64 740
64 79 612
79 64 612
65 71 973
71 65 973
65 75 128
75 65 128
65 74 143
74 65 143
65 76 265
76 65 265
66 81 945
81 66 945
66 79 67
79 66 67
67 68 98
68 67 98
67 81 68
81 67 68
67 84 435
84 67 435
67 70 499
70 67 499
67 83 113
83 67 113
67 82 347
82 67 347
67 75 817
75 67 817
68 74 235
74 68 235
68 74 980
74 68 980
69 78 290
78 69 290
69 73 91
73 69 91
70 78 808
78 70 808
71 81 54
81 71 54
71 71 763
71 71 763
72 82 245
82 72 245
73 85 329
85 73 329
73 83 3
83 73 3
74 76 10
76 74 10
74 80 453
80 74 453
74 77 538
77 74 538
75 81 10
81 75 10
75 82 362
82 75 362
76 83 681
83 76 681
76 82 485
82 76 485
76 83 819
83 76 819
76 76 898
76 76 898
77 83 143
83 77 143
77 85 638
85 77 638
77 82 30
82 77 30
78 81 988
81 78 988
78 80 890
80 78 890
78 80 142
80 78 142
78 81 743
81 78 743
