96

0 1 281
1 0 281
0 2 215
2 0 215
0 3 370
3 0 370
0 4 475
4 0 475
0 10 800
10 0 800
0 13 204
13 0 204
0 66 964
66 0 964
0 87 893
87 0 893
1 5 516
5 1 516
1 66 600
66 1 600
2 6 865
6 2 865
2 8 764
8 2 764
2 39 293
39 2 293
3 7 350
7 3 350
3 11 737
11 3 737
3 32 759
32 3 759
3 87 145
87 3 145
3 87 190
87 3 190
3 43 207
43 3 207
4 23 496
23 4 496
4 54 443
54 4 443
4 54 878
54 4 878
4 86 622
86 4 622
4 95 663
95 4 663
5 51 178
51 5 178
5 84 536
84 5 536
5 39 813
39 5 813
5 70 659
70 5 659
6 9 23
9 6 23
6 15 567
15 6 567
6 18 437
18 6 437
6 21 83
21 6 83
6 77 826
77 6 826
6 62 192
62 6 192
7 16 22
16 7 22
7 17 269
17 7 269
7 33 258
33 7 258
7 55 654
55 7 654
7 94 822
94 7 822
8 24 23
24 8 23
8 48 494
48 8 494
8 85 588
85 8 588
9 12 819
12 9 819
9 20 258
20 9 258
9 35 506
35 9 506
9 65 293
65 9 293
9 73 967
73 9 967
9 94 628
94 9 628
9 60 589
60 9 589
10 65 119
65 10 119
10 87 129
87 10 129
11 14 752
14 11 752
11 40 876
40 11 876
12 31 942
31 12 942
12 58 137
58 12 137
12 50 747
50 12 747
12 16 794
16 12 794
13 29 274
29 13 274
13 52 688
52 13 688
13 31 298
31 13 298
14 39 575
39 14 575
14 82 394
82 14 394
14 78 620
78 14 620
14 75 231
75 14 231
14 34 244
34 14 244
14 51 437
51 14 437
14 55 980
55 14 980
15 19 291
19 15 291
15 44 243
44 15 243
15 58 630
58 15 630
15 21 998
21 15 998
16 25 194
25 16 194
16 37 94
37 16 94
16 88 170
88 16 170
17 48 920
48 17 920
17 76 462
76 17 462
17 42 594
42 17 594
17 29 211
29 17 211
18 27 419
27 18 419
18 30 791
30 18 791
18 84 157
84 18 157
18 71 47
71 18 47
19 36 482
36 19 482
19 67 590
67 19 590
19 46 132
46 19 132
20 26 347
26 20 347
20 46 359
46 20 359
20 68 583
68 20 583
20 74 53
74 20 53
21 22 39
22 21 39
21 38 223
38 21 223
21 41 693
41 21 693
21 59 484
59 21 484
21 33 326
33 21 326
21 87 840
87 21 840
23 43 898
43 23 898
23 49 324
49 23 324
23 72 315
72 23 315
23 83 908
83 23 908
24 47 357
47 24 357
24 95 169
95 24 169
24 90 659
90 24 659
24 60 748
60 24 748
25 54 815
54 25 815
25 56 452
56 25 452
26 28 195
28 26 195
26 34 258
34 26 258
26 94 505
94 26 505
27 45 652
45 27 652
27 57 762
57 27 762
27 29 662
29 27 662
28 30 275
30 28 275
29 71 59
71 29 59
29 78 158
78 29 158
30 42 881
42 30 881
30 74 138
74 30 138
30 43 622
43 30 622
32 53 402
53 32 402
33 60 181
60 33 181
33 64 189
64 33 189
33 76 303
76 33 303
34 72 225
72 34 225
34 64 970
64 34 970
35 42 824
42 35 824
36 80 849
80 36 849
36 42 987
42 36 987
36 68 977
68 36 977
37 45 489
45 37 489
38 61 321
61 38 321
38 68 488
68 38 488
38 59 351
59 38 351
38 58 229
58 38 229
39 50 347
50 39 347
39 79 616
79 39 616
39 85 94
85 39 94
39 53 306
53 39 306
40 70 452
70 40 452
40 81 767
81 40 767
40 94 218
94 40 218
40 73 543
73 40 543
41 63 731
63 41 731
43 87 717
87 43 717
44 95 873
95 44 873
44 83 709
83 44 709
45 93 812
93 45 812
45 73 531
73 45 531
47 74 401
74 47 401
47 50 780
50 47 780
48 69 178
69 48 178
48 77 638
77 48 638
48 78 117
78 48 117
48 50 260
50 48 260
49 81 819
81 49 819
51 70 464
70 51 464
52 62 841
62 52 841
52 83 368
83 52 368
53 89 576
89 53 576
54 66 885
66 54 885
55 56 409
56 55 409
56 75 221
75 56 221
56 88 973
88 56 973
61 82 654
82 61 654
61 71 766
71 61 766
62 91 278
91 62 278
62 76 117
76 62 117
64 82 741
82 64 741
66 78 135
78 66 135
67 77 671
77 67 671
67 71 801
71 67 801
75 78 99
78 75 99
76 93 935
93 76 935
76 78 148
78 76 148
76 86 97
86 76 97
77 86 684
86 77 684
77 90 839
90 77 839
78 92 291
92 78 291
79 93 282
93 79 282
80 86 31
86 80 31
80 85 626
85 80 626
80 88 283
88 80 283
85 94 446
94 85 446
