14

0 1 444
1 0 444
0 3 254
3 0 254
0 6 414
6 0 414
0 8 427
8 0 427
1 2 492
2 1 492
1 13 309
13 1 309
2 4 335
4 2 335
2 5 600
5 2 600
2 11 540
11 2 540
3 7 822
7 3 822
3 5 988
5 3 988
4 13 452
13 4 452
6 8 846
8 6 846
6 7 958
7 6 958
7 9 330
9 7 330
7 11 749
11 7 749
8 10 140
10 8 140
10 11 619
11 10 619
10 11 693
11 10 693
11 12 683
12 11 683
