98

0 1 274
1 0 274
0 3 79
3 0 79
0 4 731
4 0 731
0 17 629
17 0 629
0 35 644
35 0 644
0 18 697
18 0 697
0 47 207
47 0 207
0 15 285
15 0 285
0 18 628
18 0 628
0 11 991
11 0 991
0 91 977
91 0 977
0 87 745
87 0 745
0 17 951
17 0 951
0 66 422
66 0 422
0 36 173
36 0 173
0 50 55
50 0 55
0 43 381
43 0 381
0 78 997
78 0 997
0 3 135
3 0 135
0 75 558
75 0 558
0 1 551
1 0 551
0 39 896
39 0 896
0 40 884
40 0 884
1 2 36
2 1 36
1 33 109
33 1 109
1 47 383
47 1 383
1 19 138
19 1 138
1 62 631
62 1 631
1 66 66
66 1 66
1 61 317
61 1 317
1 80 127
80 1 127
1 47 616
47 1 616
1 91 165
91 1 165
2 5 605
5 2 605
2 14 507
14 2 507
2 66 256
66 2 256
2 42 302
42 2 302
2 45 94
45 2 94
2 20 181
20 2 181
2 50 686
50 2 686
2 35 946
35 2 946
2 53 900
53 2 900
2 7 76
7 2 76
2 56 730
56 2 730
2 91 197
91 2 197
2 40 968
40 2 968
2 11 400
11 2 400
2 48 738
48 2 738
3 8 228
8 3 228
3 28 717
28 3 717
3 77 363
77 3 363
3 24 126
24 3 126
3 83 241
83 3 241
3 3 184
3 3 184
3 59 648
59 3 648
3 6 21
6 3 21
3 14 317
14 3 317
3 40 9
40 3 9
3 64 970
64 3 970
3 75 651
75 3 651
3 58 484
58 3 484
3 77 201
77 3 201
4 9 865
9 4 865
4 13 899
13 4 899
4 18 444
18 4 444
4 50 114
50 4 114
4 51 518
51 4 518
4 63 898
63 4 898
4 63 264
63 4 264
4 21 62
21 4 62
4 79 568
79 4 568
4 95 681
95 4 681
4 17 505
17 4 505
4 80 878
80 4 878
4 91 554
91 4 554
4 19 28
19 4 28
4 20 145
20 4 145
4 78 570
78 4 570
4 82 724
82 4 724
4 70 348
70 4 348
4 15 547
15 4 547
5 6 874
6 5 874
5 10 507
10 5 507
5 11 29
11 5 29
5 26 707
26 5 707
5 41 538
41 5 538
5 59 690
59 5 690
5 97 586
97 5 586
5 64 262
64 5 262
5 36 897
36 5 897
5 36 386
36 5 386
5 39 991
39 5 991
5 51 541
51 5 541
5 34 101
34 5 101
5 54 676
54 5 676
5 51 120
51 5 120
5 15 502
15 5 502
6 7 632
7 6 632
6 36 222
36 6 222
6 64 481
64 6 481
6 34 454
34 6 454
6 13 345
13 6 345
6 24 800
24 6 800
6 87 450
87 6 450
6 70 133
70 6 133
6 70 912
70 6 912
6 44 287
44 6 287
6 79 744
79 6 744
6 65 276
65 6 276
6 41 509
41 6 509
6 17 898
17 6 898
6 89 721
89 6 721
6 84 901
84 6 901
7 15 526
15 7 526
7 29 28
29 7 28
7 69 255
69 7 255
7 14 45
14 7 45
7 48 723
48 7 723
7 85 713
85 7 713
7 43 537
43 7 537
7 25 775
25 7 775
7 60 484
60 7 484
7 48 827
48 7 827
7 67 802
67 7 802
7 59 578
59 7 578
8 24 129
24 8 129
8 40 561
40 8 561
8 13 357
13 8 357
8 40 297
40 8 297
8 37 364
37 8 364
8 65 677
65 8 677
8 77 532
77 8 532
8 39 948
39 8 948
8 38 510
38 8 510
8 75 141
75 8 141
8 15 926
15 8 926
8 12 13
12 8 13
8 83 121
83 8 121
8 25 340
25 8 340
8 95 196
95 8 196
8 75 819
75 8 819
8 33 293
33 8 293
8 93 166
93 8 166
9 12 801
12 9 801
9 16 392
16 9 392
9 38 897
38 9 897
9 46 794
46 9 794
9 60 979
60 9 979
9 87 288
87 9 288
9 41 172
41 9 172
9 43 805
43 9 805
9 56 237
56 9 237
9 79 806
79 9 806
9 49 770
49 9 770
9 27 713
27 9 713
9 88 330
88 9 330
9 65 893
65 9 893
9 65 430
65 9 430
9 32 36
32 9 36
9 64 399
64 9 399
9 74 15
74 9 15
9 17 995
17 9 995
9 71 102
71 9 102
9 95 218
95 9 218
10 27 69
27 10 69
10 58 489
58 10 489
10 54 730
54 10 730
10 12 584
12 10 584
10 84 391
84 10 391
10 48 792
48 10 792
10 15 644
15 10 644
10 54 853
54 10 853
10 53 823
53 10 823
10 60 540
60 10 540
11 21 725
21 11 725
11 97 665
97 11 665
11 61 710
61 11 710
11 14 836
14 11 836
11 33 183
33 11 183
11 43 640
43 11 640
11 60 240
60 11 240
11 35 174
35 11 174
11 55 113
55 11 113
11 81 190
81 11 190
11 30 663
30 11 663
11 34 362
34 11 362
11 55 804
55 11 804
11 94 309
94 11 309
12 33 431
33 12 431
12 87 186
87 12 186
12 37 458
37 12 458
12 43 53
43 12 53
12 93 81
93 12 81
12 14 596
14 12 596
12 97 196
97 12 196
12 80 629
80 12 629
13 39 792
39 13 792
13 19 472
19 13 472
13 28 338
28 13 338
13 74 689
74 13 689
13 48 478
48 13 478
13 15 392
15 13 392
13 95 988
95 13 988
13 22 62
22 13 62
13 35 738
35 13 738
13 57 770
57 13 770
14 23 130
23 14 130
14 94 309
94 14 309
14 32 473
32 14 473
14 63 925
63 14 925
14 87 295
87 14 295
14 73 849
73 14 849
14 28 374
28 14 374
15 20 124
20 15 124
15 64 511
64 15 511
15 95 76
95 15 76
15 53 579
53 15 579
15 21 131
21 15 131
15 46 632
46 15 632
15 95 388
95 15 388
15 71 864
71 15 864
15 43 53
43 15 53
15 25 353
25 15 353
15 66 55
66 15 55
15 24 959
24 15 959
15 96 165
96 15 165
15 30 445
30 15 445
15 71 227
71 15 227
15 54 703
54 15 703
15 76 323
76 15 323
16 32 596
32 16 596
16 29 942
29 16 942
16 91 152
91 16 152
16 60 395
60 16 395
16 24 590
24 16 590
16 21 332
21 16 332
16 81 535
81 16 535
16 59 938
59 16 938
16 91 85
91 16 85
16 78 541
78 16 541
16 31 849
31 16 849
17 19 602
19 17 602
17 53 38
53 17 38
17 21 498
21 17 498
17 48 639
48 17 639
17 26 594
26 17 594
17 91 607
91 17 607
17 35 493
35 17 493
17 26 890
26 17 890
17 56 172
56 17 172
17 39 797
39 17 797
17 96 806
96 17 806
17 38 416
38 17 416
17 58 478
58 17 478
18 64 930
64 18 930
18 38 105
38 18 105
18 82 467
82 18 467
18 78 55
78 18 55
18 37 476
37 18 476
18 84 9
84 18 9
18 56 72
56 18 72
18 42 617
42 18 617
18 93 730
93 18 730
18 91 496
91 18 496
18 47 243
47 18 243
18 72 310
72 18 310
18 26 493
26 18 493
18 95 572
95 18 572
19 62 249
62 19 249
19 75 831
75 19 831
19 75 341
75 19 341
19 32 241
32 19 241
19 97 852
97 19 852
19 33 583
33 19 583
19 95 666
95 19 666
20 25 416
25 20 416
20 30 942
30 20 942
20 32 813
32 20 813
20 70 739
70 20 739
20 31 544
31 20 544
20 59 381
59 20 381
20 49 618
49 20 618
20 37 768
37 20 768
20 79 923
79 20 923
20 82 529
82 20 529
20 78 751
78 20 751
20 78 495
78 20 495
20 28 362
28 20 362
21 22 754
22 21 754
21 83 42
83 21 42
21 84 400
84 21 400
21 62 731
62 21 731
21 89 311
89 21 311
21 87 560
87 21 560
21 72 833
72 21 833
21 70 63
70 21 63
21 54 278
54 21 278
21 73 17
73 21 17
21 83 635
83 21 635
22 31 82
31 22 82
22 78 991
78 22 991
22 81 604
81 22 604
22 26 642
26 22 642
22 43 458
43 22 458
22 86 354
86 22 354
22 65 464
65 22 464
22 28 326
28 22 326
22 30 449
30 22 449
22 91 426
91 22 426
22 40 238
40 22 238
22 78 35
78 22 35
22 52 391
52 22 391
22 24 970
24 22 970
22 24 501
24 22 501
22 56 410
56 22 410
23 76 472
76 23 472
23 86 512
86 23 512
23 26 50
26 23 50
23 57 267
57 23 267
23 73 941
73 23 941
23 40 651
40 23 651
23 33 350
33 23 350
23 84 131
84 23 131
23 49 705
49 23 705
23 90 16
90 23 16
23 96 2
96 23 2
24 88 422
88 24 422
24 75 488
75 24 488
24 93 987
93 24 987
24 66 785
66 24 785
24 44 151
44 24 151
24 78 501
78 24 501
24 70 266
70 24 266
24 35 324
35 24 324
24 59 245
59 24 245
24 37 323
37 24 323
24 80 176
80 24 176
24 89 188
89 24 188
24 92 587
92 24 587
24 56 860
56 24 860
25 85 826
85 25 826
25 57 846
57 25 846
25 51 945
51 25 945
25 34 237
34 25 237
25 49 392
49 25 392
25 40 796
40 25 796
25 85 377
85 25 377
25 41 954
41 25 954
25 79 817
79 25 817
25 97 245
97 25 245
25 52 907
52 25 907
25 79 794
79 25 794
25 83 83
83 25 83
26 72 385
72 26 385
26 45 271
45 26 271
26 68 703
68 26 703
26 48 357
48 26 357
26 65 384
65 26 384
26 45 755
45 26 755
26 79 609
79 26 609
26 29 845
29 26 845
26 60 91
60 26 91
26 36 945
36 26 945
27 55 468
55 27 468
27 39 584
39 27 584
27 64 46
64 27 46
27 55 183
55 27 183
27 39 501
39 27 501
27 73 174
73 27 174
27 71 325
71 27 325
27 60 599
60 27 599
27 85 230
85 27 230
27 47 275
47 27 275
27 92 639
92 27 639
28 49 839
49 28 839
28 75 995
75 28 995
28 76 351
76 28 351
28 42 424
42 28 424
28 28 137
28 28 137
28 96 895
96 28 895
28 87 559
87 28 559
28 29 859
29 28 859
28 67 412
67 28 412
28 35 108
35 28 108
28 59 162
59 28 162
28 38 527
38 28 527
28 55 360
55 28 360
28 66 883
66 28 883
28 49 197
49 28 197
28 80 823
80 28 823
28 76 907
76 28 907
29 76 358
76 29 358
29 97 533
97 29 533
29 97 225
97 29 225
29 92 668
92 29 668
29 45 498
45 29 498
29 88 310
88 29 310
30 57 499
57 30 499
30 80 750
80 30 750
30 67 942
67 30 942
30 96 159
96 30 159
30 37 166
37 30 166
30 85 652
85 30 652
30 55 439
55 30 439
30 74 868
74 30 868
31 45 325
45 31 325
31 51 841
51 31 841
31 68 783
68 31 783
31 96 137
96 31 137
31 79 663
79 31 663
31 52 934
52 31 934
31 73 900
73 31 900
31 37 642
37 31 642
31 42 462
42 31 462
31 82 605
82 31 605
31 39 205
39 31 205
31 81 805
81 31 805
31 69 991
69 31 991
31 86 798
86 31 798
31 67 528
67 31 528
31 56 636
56 31 636
32 34 685
34 32 685
32 73 505
73 32 505
32 35 264
35 32 264
32 45 312
45 32 312
32 77 328
77 32 328
32 80 421
80 32 421
32 77 222
77 32 222
32 49 794
49 32 794
32 47 692
47 32 692
32 34 562
34 32 562
32 56 188
56 32 188
32 74 51
74 32 51
32 49 862
49 32 862
32 52 907
52 32 907
32 86 480
86 32 480
33 37 268
37 33 268
33 33 840
33 33 840
33 70 683
70 33 683
33 82 945
82 33 945
33 65 160
65 33 160
33 54 914
54 33 914
33 93 35
93 33 35
33 77 522
77 33 522
33 36 557
36 33 557
33 50 804
50 33 804
33 70 133
70 33 133
33 92 775
92 33 775
34 44 453
44 34 453
34 53 206
53 34 206
34 36 217
36 34 217
35 42 287
42 35 287
35 94 497
94 35 497
35 96 183
96 35 183
35 81 767
81 35 767
35 71 879
71 35 879
35 38 512
38 35 512
35 97 849
97 35 849
35 71 944
71 35 944
35 72 782
72 35 782
35 76 704
76 35 704
35 45 433
45 35 433
35 89 885
89 35 885
36 52 481
52 36 481
36 48 258
48 36 258
36 95 775
95 36 775
36 64 556
64 36 556
36 50 199
50 36 199
36 96 215
96 36 215
36 97 24
97 36 24
36 44 341
44 36 341
36 67 307
67 36 307
36 71 852
71 36 852
37 43 936
43 37 936
37 53 330
53 37 330
37 54 909
54 37 909
37 44 888
44 37 888
37 73 154
73 37 154
37 72 304
72 37 304
37 52 820
52 37 820
37 45 34
45 37 34
37 68 276
68 37 276
37 93 523
93 37 523
38 48 365
48 38 365
38 82 595
82 38 595
38 39 876
39 38 876
38 81 269
81 38 269
38 53 847
53 38 847
38 42 383
42 38 383
38 80 98
80 38 98
38 62 736
62 38 736
38 87 364
87 38 364
38 93 455
93 38 455
38 61 284
61 38 284
38 41 811
41 38 811
38 65 51
65 38 51
38 48 917
48 38 917
39 44 360
44 39 360
39 63 805
63 39 805
39 43 400
43 39 400
39 55 537
55 39 537
39 65 830
65 39 830
39 52 470
52 39 470
39 93 842
93 39 842
40 63 287
63 40 287
40 95 62
95 40 62
40 75 585
75 40 585
40 68 374
68 40 374
40 45 373
45 40 373
40 84 296
84 40 296
40 46 675
46 40 675
40 93 262
93 40 262
40 50 997
50 40 997
40 83 151
83 40 151
40 51 426
51 40 426
41 63 176
63 41 176
41 61 4
61 41 4
41 78 767
78 41 767
41 77 926
77 41 926
41 83 42
83 41 42
41 87 364
87 41 364
41 59 914
59 41 914
41 66 481
66 41 481
41 50 64
50 41 64
42 70 935
70 42 935
42 93 535
93 42 535
42 43 277
43 42 277
42 52 92
52 42 92
42 64 206
64 42 206
42 78 182
78 42 182
42 95 107
95 42 107
43 79 168
79 43 168
43 54 45
54 43 45
43 54 870
54 43 870
43 81 161
81 43 161
43 51 490
51 43 490
43 90 8
90 43 8
43 75 254
75 43 254
43 53 858
53 43 858
44 86 438
86 44 438
44 54 138
54 44 138
44 54 76
54 44 76
44 95 45
95 44 45
44 75 488
75 44 488
44 51 995
51 44 995
44 89 749
89 44 749
45 64 882
64 45 882
45 50 965
50 45 965
45 55 757
55 45 757
45 66 562
66 45 562
45 94 107
94 45 107
45 58 753
58 45 753
45 70 802
70 45 802
46 97 475
97 46 475
46 77 620
77 46 620
46 81 214
81 46 214
46 75 284
75 46 284
46 59 681
59 46 681
46 88 276
88 46 276
46 89 13
89 46 13
47 92 502
92 47 502
47 58 908
58 47 908
47 51 144
51 47 144
47 75 87
75 47 87
47 78 547
78 47 547
47 75 81
75 47 81
47 96 776
96 47 776
47 66 544
66 47 544
47 57 250
57 47 250
48 85 377
85 48 377
48 80 540
80 48 540
48 52 199
52 48 199
48 69 432
69 48 432
49 84 568
84 49 568
49 82 294
82 49 294
49 93 31
93 49 31
49 68 949
68 49 949
49 75 304
75 49 304
49 93 404
93 49 404
50 58 397
58 50 397
50 59 724
59 50 724
50 94 809
94 50 809
50 78 660
78 50 660
50 89 33
89 50 33
50 70 868
70 50 868
50 73 689
73 50 689
51 96 830
96 51 830
51 57 57
57 51 57
51 66 342
66 51 342
51 68 89
68 51 89
51 53 897
53 51 897
52 84 196
84 52 196
52 63 736
63 52 736
52 65 17
65 52 17
52 91 283
91 52 283
52 94 826
94 52 826
52 96 990
96 52 990
52 63 470
63 52 470
53 62 292
62 53 292
53 86 88
86 53 88
53 83 34
83 53 34
53 65 918
65 53 918
53 74 624
74 53 624
53 88 168
88 53 168
53 77 451
77 53 451
54 56 851
56 54 851
54 74 79
74 54 79
54 65 371
65 54 371
54 60 652
60 54 652
54 58 548
58 54 548
54 56 162
56 54 162
54 81 730
81 54 730
54 85 371
85 54 371
54 67 811
67 54 811
54 84 33
84 54 33
55 79 308
79 55 308
55 90 642
90 55 642
55 86 970
86 55 970
55 58 497
58 55 497
55 67 819
67 55 819
55 90 433
90 55 433
55 71 554
71 55 554
55 69 611
69 55 611
55 67 464
67 55 464
56 77 700
77 56 700
56 59 343
59 56 343
56 88 634
88 56 634
56 60 196
60 56 196
56 85 943
85 56 943
56 87 697
87 56 697
56 69 534
69 56 534
57 93 894
93 57 894
57 80 783
80 57 783
57 94 76
94 57 76
57 71 212
71 57 212
57 65 298
65 57 298
57 62 885
62 57 885
57 97 962
97 57 962
57 84 698
84 57 698
57 73 922
73 57 922
57 92 224
92 57 224
58 61 490
61 58 490
58 85 669
85 58 669
58 62 95
62 58 95
58 72 516
72 58 516
59 62 596
62 59 596
59 62 992
62 59 992
59 75 745
75 59 745
59 87 471
87 59 471
59 86 966
86 59 966
60 67 853
67 60 853
60 62 31
62 60 31
60 66 924
66 60 924
61 63 784
63 61 784
62 72 67
72 62 67
62 78 68
78 62 68
62 88 357
88 62 357
62 76 855
76 62 855
62 77 23
77 62 23
63 65 118
65 63 118
63 72 965
72 63 965
63 66 235
66 63 235
63 83 659
83 63 659
63 67 426
67 63 426
64 67 137
67 64 137
64 81 551
81 64 551
64 94 188
94 64 188
64 67 576
67 64 576
64 66 886
66 64 886
64 97 816
97 64 816
64 82 590
82 64 590
64 92 517
92 64 517
64 76 845
76 64 845
64 72 453
72 64 453
65 71 896
71 65 896
65 70 713
70 65 713
65 92 169
92 65 169
65 85 197
85 65 197
66 95 686
95 66 686
66 95 566
95 66 566
67 84 466
84 67 466
67 93 661
93 67 661
67 96 547
96 67 547
67 85 23
85 67 23
67 77 608
77 67 608
67 84 636
84 67 636
67 76 671
76 67 671
67 71 359
71 67 359
68 90 828
90 68 828
68 95 770
95 68 770
69 89 867
89 69 867
69 82 902
82 69 902
69 71 569
71 69 569
69 95 609
95 69 609
69 84 299
84 69 299
69 80 436
80 69 436
69 90 683
90 69 683
70 85 236
85 70 236
70 87 130
87 70 130
70 81 832
81 70 832
70 81 834
81 70 834
70 82 424
82 70 424
70 82 586
82 70 586
71 91 47
91 71 47
71 82 606
82 71 606
71 92 121
92 71 121
71 95 289
95 71 289
72 97 846
97 72 846
72 77 138
77 72 138
72 77 212
77 72 212
73 87 49
87 73 49
73 96 800
96 73 800
73 87 173
87 73 173
73 75 952
75 73 952
73 94 322
94 73 322
74 92 946
92 74 946
74 84 885
84 74 885
74 74 783
74 74 783
75 94 845
94 75 845
76 90 525
90 76 525
77 95 128
95 77 128
78 83 436
83 78 436
78 91 930
91 78 930
79 82 520
82 79 520
80 81 125
81 80 125
80 81 467
81 80 467
81 84 760
84 81 760
82 90 382
90 82 382
82 87 129
87 82 129
82 92 508
92 82 508
83 87 712
87 83 712
83 89 587
89 83 587
84 88 699
88 84 699
84 87 700
87 84 700
85 92 95
92 85 95
85 93 204
93 85 204
85 86 827
86 85 827
85 93 826
93 85 826
86 93 938
93 86 938
86 97 508
97 86 508
87 94 543
94 87 543
87 96 327
96 87 327
88 90 149
90 88 149
88 91 315
91 88 315
89 93 80
93 89 80
89 94 904
94 89 904
89 94 147
94 89 147
90 96 416
96 90 416
92 96 385
96 92 385
92 93 703
93 92 703
94 96 192
96 94 192
94 97 326
97 94 326
