92

0 1 218
1 0 218
0 10 127
10 0 127
0 26 409
26 0 409
0 86 519
86 0 519
0 68 996
68 0 996
0 10 262
10 0 262
0 5 996
5 0 996
0 53 147
53 0 147
0 19 242
19 0 242
0 65 950
65 0 950
0 41 781
41 0 781
0 3 497
3 0 497
0 88 102
88 0 102
0 3 722
3 0 722
0 53 973
53 0 973
0 28 958
28 0 958
0 35 203
35 0 203
0 65 357
65 0 357
0 66 949
66 0 949
0 40 643
40 0 643
1 2 413
2 1 413
1 3 457
3 1 457
1 6 788
6 1 788
1 7 516
7 1 516
1 8 979
8 1 979
1 28 563
28 1 563
1 2 669
2 1 669
1 52 784
52 1 784
1 42 470
42 1 470
1 70 748
70 1 748
1 86 414
86 1 414
1 91 78
91 1 78
1 53 166
53 1 166
1 60 48
60 1 48
1 7 799
7 1 799
1 43 935
43 1 935
1 30 126
30 1 126
1 27 594
27 1 594
1 4 439
4 1 439
1 80 581
80 1 581
1 76 358
76 1 358
1 40 457
40 1 457
2 9 201
9 2 201
2 36 668
36 2 668
2 54 576
54 2 576
2 57 703
57 2 703
2 28 414
28 2 414
2 58 690
58 2 690
2 76 293
76 2 293
2 11 856
11 2 856
2 80 53
80 2 53
2 13 998
13 2 998
2 14 698
14 2 698
2 71 633
71 2 633
2 42 423
42 2 423
2 87 652
87 2 652
3 4 630
4 3 630
3 5 567
5 3 567
3 17 758
17 3 758
3 24 735
24 3 735
3 39 994
39 3 994
3 47 861
47 3 861
3 90 249
90 3 249
3 35 514
35 3 514
3 22 798
22 3 798
3 87 916
87 3 916
3 32 995
32 3 995
3 30 663
30 3 663
3 51 409
51 3 409
3 51 318
51 3 318
3 41 488
41 3 488
3 78 280
78 3 280
3 79 663
79 3 663
3 51 831
51 3 831
3 85 434
85 3 434
3 51 581
51 3 581
3 65 535
65 3 535
3 70 357
70 3 357
4 13 901
13 4 901
4 18 516
18 4 516
4 29 218
29 4 218
4 55 278
55 4 278
4 69 371
69 4 371
4 9 675
9 4 675
4 67 833
67 4 833
4 8 133
8 4 133
4 81 568
81 4 568
4 90 948
90 4 948
4 52 209
52 4 209
4 65 529
65 4 529
4 80 505
80 4 505
4 6 219
6 4 219
4 90 165
90 4 165
4 42 29
42 4 29
4 42 801
42 4 801
4 74 321
74 4 321
4 17 121
17 4 121
5 14 644
14 5 644
5 32 168
32 5 168
5 7 749
7 5 749
5 71 134
71 5 134
5 44 416
44 5 416
5 7 938
7 5 938
5 39 471
39 5 471
5 12 592
12 5 592
5 70 503
70 5 503
5 82 407
82 5 407
5 8 524
8 5 524
5 22 326
22 5 326
5 82 520
82 5 520
5 44 211
44 5 211
5 22 802
22 5 802
5 89 197
89 5 197
5 12 523
12 5 523
5 52 422
52 5 422
5 20 801
20 5 801
5 91 457
91 5 457
5 29 743
29 5 743
6 25 20
25 6 20
6 56 210
56 6 210
6 38 247
38 6 247
6 85 397
85 6 397
6 49 978
49 6 978
6 88 40
88 6 40
6 8 648
8 6 648
6 52 796
52 6 796
6 47 222
47 6 222
6 19 315
19 6 315
6 70 76
70 6 76
6 47 339
47 6 339
6 64 102
64 6 102
6 57 281
57 6 281
6 37 992
37 6 992
6 19 17
19 6 17
6 30 431
30 6 431
7 22 343
22 7 343
7 31 601
31 7 601
7 55 872
55 7 872
7 18 242
18 7 242
7 63 342
63 7 342
7 8 909
8 7 909
7 76 848
76 7 848
7 32 897
32 7 897
7 90 567
90 7 567
7 18 1000
18 7 1000
7 31 318
31 7 318
7 82 801
82 7 801
7 83 333
83 7 333
7 32 251
32 7 251
8 11 280
11 8 280
8 12 604
12 8 604
8 15 30
15 8 30
8 20 813
20 8 813
8 41 512
41 8 512
8 64 12
64 8 12
8 31 780
31 8 780
8 26 848
26 8 848
8 64 219
64 8 219
8 47 842
47 8 842
8 55 357
55 8 357
8 89 797
89 8 797
8 66 840
66 8 840
9 86 792
86 9 792
9 86 222
86 9 222
9 87 269
87 9 269
9 20 481
20 9 481
9 84 697
84 9 697
9 85 919
85 9 919
9 11 120
11 9 120
9 86 660
86 9 660
9 33 929
33 9 929
9 48 79
48 9 79
9 89 783
89 9 783
9 19 552
19 9 552
9 79 812
79 9 812
9 79 25
79 9 25
10 38 782
38 10 782
10 42 909
42 10 909
10 66 919
66 10 919
10 21 292
21 10 292
10 54 438
54 10 438
10 59 641
59 10 641
10 47 283
47 10 283
10 33 314
33 10 314
10 81 947
81 10 947
10 89 169
89 10 169
10 73 974
73 10 974
10 91 878
91 10 878
10 46 79
46 10 79
10 55 399
55 10 399
10 46 630
46 10 630
10 18 497
18 10 497
10 32 907
32 10 907
11 51 851
51 11 851
11 66 753
66 11 753
11 31 930
31 11 930
11 54 608
54 11 608
11 58 696
58 11 696
11 68 912
68 11 912
11 47 167
47 11 167
11 58 587
58 11 587
11 41 436
41 11 436
11 59 418
59 11 418
11 47 2
47 11 2
11 38 841
38 11 841
11 90 209
90 11 209
11 52 244
52 11 244
11 17 771
17 11 771
12 75 633
75 12 633
12 77 950
77 12 950
12 42 715
42 12 715
12 26 155
26 12 155
12 84 22
84 12 22
12 38 129
38 12 129
12 22 13
22 12 13
12 83 708
83 12 708
12 16 761
16 12 761
12 50 292
50 12 292
12 42 634
42 12 634
12 63 176
63 12 176
12 73 743
73 12 743
12 59 22
59 12 22
13 23 169
23 13 169
13 80 808
80 13 808
13 89 723
89 13 723
13 45 161
45 13 161
13 23 866
23 13 866
13 17 882
17 13 882
13 36 902
36 13 902
13 86 7
86 13 7
13 90 395
90 13 395
13 52 362
52 13 362
13 16 289
16 13 289
13 65 399
65 13 399
13 30 413
30 13 413
13 53 158
53 13 158
13 52 577
52 13 577
13 34 529
34 13 529
13 22 178
22 13 178
14 16 914
16 14 914
14 19 504
19 14 504
14 43 72
43 14 72
14 44 35
44 14 35
14 51 240
51 14 240
14 17 318
17 14 318
14 52 756
52 14 756
14 91 762
91 14 762
14 37 128
37 14 128
14 59 367
59 14 367
14 29 98
29 14 98
14 28 480
28 14 480
14 47 672
47 14 672
14 18 254
18 14 254
14 33 510
33 14 510
14 33 509
33 14 509
14 83 949
83 14 949
14 62 264
62 14 264
14 21 533
21 14 533
15 21 56
21 15 56
15 63 994
63 15 994
15 80 721
80 15 721
15 26 150
26 15 150
15 32 119
32 15 119
15 34 237
34 15 237
15 72 44
72 15 44
15 50 632
50 15 632
15 28 990
28 15 990
15 22 625
22 15 625
15 59 348
59 15 348
15 57 468
57 15 468
15 88 818
88 15 818
15 52 607
52 15 607
15 87 273
87 15 273
15 81 657
81 15 657
16 52 152
52 16 152
16 31 39
31 16 39
16 71 39
71 16 39
16 19 459
19 16 459
16 64 544
64 16 544
16 67 38
67 16 38
16 90 895
90 16 895
16 36 456
36 16 456
16 53 422
53 16 422
16 79 993
79 16 993
17 60 91
60 17 91
17 72 313
72 17 313
17 57 635
57 17 635
17 91 724
91 17 724
17 25 348
25 17 348
17 88 35
88 17 35
17 74 865
74 17 865
17 42 508
42 17 508
17 85 193
85 17 193
17 55 703
55 17 703
17 81 649
81 17 649
17 30 722
30 17 722
17 25 863
25 17 863
18 35 524
35 18 524
18 77 169
77 18 169
18 88 346
88 18 346
18 34 451
34 18 451
18 67 574
67 18 574
18 47 469
47 18 469
18 54 953
54 18 953
18 40 245
40 18 245
18 49 706
49 18 706
18 46 837
46 18 837
18 63 121
63 18 121
18 60 70
60 18 70
18 62 145
62 18 145
18 45 583
45 18 583
19 70 135
70 19 135
19 86 327
86 19 327
19 45 631
45 19 631
19 46 165
46 19 165
19 62 194
62 19 194
19 73 614
73 19 614
19 49 478
49 19 478
19 84 74
84 19 74
19 75 36
75 19 36
19 47 767
47 19 767
19 88 495
88 19 495
19 59 70
59 19 70
19 43 679
43 19 679
19 21 47
21 19 47
19 33 487
33 19 487
19 40 519
40 19 519
19 39 441
39 19 441
19 33 918
33 19 918
19 74 412
74 19 412
19 26 515
26 19 515
20 83 783
83 20 783
20 20 26
20 20 26
20 51 886
51 20 886
20 75 456
75 20 456
20 80 886
80 20 886
20 43 431
43 20 431
20 41 563
41 20 563
20 49 159
49 20 159
20 67 916
67 20 916
20 47 391
47 20 391
20 33 482
33 20 482
20 32 848
32 20 848
20 75 400
75 20 400
20 73 102
73 20 102
20 49 111
49 20 111
20 86 545
86 20 545
21 27 826
27 21 826
21 30 299
30 21 299
21 63 308
63 21 308
21 47 432
47 21 432
21 52 762
52 21 762
21 80 45
80 21 45
21 46 144
46 21 144
21 45 731
45 21 731
21 61 261
61 21 261
21 86 811
86 21 811
21 28 222
28 21 222
21 71 346
71 21 346
21 70 831
70 21 831
21 69 694
69 21 694
21 88 790
88 21 790
22 49 15
49 22 15
22 58 995
58 22 995
22 73 709
73 22 709
22 71 160
71 22 160
22 46 496
46 22 496
22 41 766
41 22 766
22 85 804
85 22 804
22 76 474
76 22 474
23 65 846
65 23 846
23 76 486
76 23 486
23 28 842
28 23 842
23 37 205
37 23 205
23 30 242
30 23 242
23 32 639
32 23 639
23 29 844
29 23 844
23 25 899
25 23 899
23 61 264
61 23 264
23 32 391
32 23 391
23 89 788
89 23 788
23 77 177
77 23 177
23 46 285
46 23 285
23 64 756
64 23 756
24 33 752
33 24 752
24 50 885
50 24 885
24 55 137
55 24 137
24 79 615
79 24 615
24 42 911
42 24 911
24 91 15
91 24 15
24 70 310
70 24 310
24 34 204
34 24 204
24 50 614
50 24 614
24 81 49
81 24 49
24 57 847
57 24 847
24 58 533
58 24 533
24 55 187
55 24 187
24 56 564
56 24 564
24 38 19
38 24 19
24 82 84
82 24 84
25 42 365
42 25 365
25 27 294
27 25 294
25 89 234
89 25 234
25 80 823
80 25 823
25 48 427
48 25 427
25 77 73
77 25 73
25 58 162
58 25 162
25 77 832
77 25 832
25 79 798
79 25 798
25 81 511
81 25 511
25 61 713
61 25 713
25 59 945
59 25 945
26 61 22
61 26 22
26 74 73
74 26 73
26 86 592
86 26 592
26 63 567
63 26 567
26 87 854
87 26 854
26 81 277
81 26 277
26 51 781
51 26 781
26 43 486
43 26 486
26 90 884
90 26 884
26 83 209
83 26 209
26 40 538
40 26 538
26 69 535
69 26 535
26 44 191
44 26 191
26 53 536
53 26 536
26 77 520
77 26 520
27 28 427
28 27 427
27 46 143
46 27 143
27 86 429
86 27 429
27 63 217
63 27 217
27 45 242
45 27 242
27 43 188
43 27 188
27 90 857
90 27 857
27 70 388
70 27 388
27 52 21
52 27 21
27 46 279
46 27 279
27 66 949
66 27 949
27 35 224
35 27 224
27 61 424
61 27 424
28 47 715
47 28 715
28 40 978
40 28 978
28 54 537
54 28 537
28 36 603
36 28 603
28 36 880
36 28 880
28 41 489
41 28 489
28 75 23
75 28 23
28 87 182
87 28 182
28 72 43
72 28 43
28 50 329
50 28 329
28 40 305
40 28 305
28 82 202
82 28 202
28 91 65
91 28 65
28 91 795
91 28 795
28 51 107
51 28 107
28 38 863
38 28 863
29 34 343
34 29 343
29 46 18
46 29 18
29 37 331
37 29 331
29 90 43
90 29 43
29 77 28
77 29 28
29 40 988
40 29 988
29 87 993
87 29 993
29 30 969
30 29 969
29 36 455
36 29 455
30 91 803
91 30 803
30 57 363
57 30 363
30 60 986
60 30 986
30 31 23
31 30 23
30 73 136
73 30 136
30 68 856
68 30 856
30 33 678
33 30 678
30 33 475
33 30 475
31 34 750
34 31 750
31 37 421
37 31 421
31 33 913
33 31 913
31 85 306
85 31 306
31 33 990
33 31 990
31 56 98
56 31 98
31 84 252
84 31 252
31 64 431
64 31 431
31 68 99
68 31 99
31 51 286
51 31 286
31 75 127
75 31 127
32 48 473
48 32 473
32 68 133
68 32 133
32 81 323
81 32 323
32 40 117
40 32 117
32 32 825
32 32 825
32 81 532
81 32 532
32 86 293
86 32 293
33 71 81
71 33 81
33 47 212
47 33 212
33 60 484
60 33 484
33 70 239
70 33 239
33 67 273
67 33 273
33 60 445
60 33 445
33 49 512
49 33 512
33 44 836
44 33 836
33 62 421
62 33 421
33 81 807
81 33 807
33 55 702
55 33 702
33 53 972
53 33 972
34 40 699
40 34 699
34 76 804
76 34 804
34 49 855
49 34 855
34 48 615
48 34 615
34 89 530
89 34 530
34 71 997
71 34 997
34 91 639
91 34 639
34 87 267
87 34 267
34 56 918
56 34 918
34 42 649
42 34 649
34 82 321
82 34 321
34 89 597
89 34 597
35 69 238
69 35 238
35 42 230
42 35 230
35 61 766
61 35 766
35 36 853
36 35 853
35 46 356
46 35 356
35 76 516
76 35 516
36 81 844
81 36 844
36 48 707
48 36 707
36 70 651
70 36 651
36 81 665
81 36 665
36 53 971
53 36 971
36 84 648
84 36 648
36 83 679
83 36 679
36 63 691
63 36 691
36 53 137
53 36 137
36 78 118
78 36 118
37 45 864
45 37 864
37 81 171
81 37 171
37 68 131
68 37 131
37 76 389
76 37 389
37 49 671
49 37 671
37 87 65
87 37 65
37 90 474
90 37 474
37 85 510
85 37 510
37 38 48
38 37 48
37 44 328
44 37 328
37 70 111
70 37 111
38 49 796
49 38 796
38 82 637
82 38 637
38 47 187
47 38 187
38 67 270
67 38 270
38 54 257
54 38 257
38 64 893
64 38 893
38 42 84
42 38 84
38 56 198
56 38 198
38 39 20
39 38 20
38 64 718
64 38 718
38 90 50
90 38 50
38 60 961
60 38 961
39 67 364
67 39 364
39 72 841
72 39 841
39 86 317
86 39 317
39 39 391
39 39 391
39 51 695
51 39 695
39 81 356
81 39 356
39 43 443
43 39 443
39 46 741
46 39 741
39 51 890
51 39 890
40 73 919
73 40 919
40 46 108
46 40 108
40 77 687
77 40 687
40 69 976
69 40 976
40 47 312
47 40 312
40 75 311
75 40 311
40 55 1
55 40 1
40 82 743
82 40 743
40 74 247
74 40 247
40 87 390
87 40 390
40 71 723
71 40 723
41 87 197
87 41 197
41 66 498
66 41 498
41 56 131
56 41 131
41 46 255
46 41 255
41 72 358
72 41 358
41 49 88
49 41 88
41 88 270
88 41 270
41 90 234
90 41 234
41 83 799
83 41 799
41 84 670
84 41 670
41 61 670
61 41 670
41 86 273
86 41 273
41 67 920
67 41 920
41 71 108
71 41 108
42 58 189
58 42 189
42 42 840
42 42 840
42 50 141
50 42 141
42 51 766
51 42 766
42 56 617
56 42 617
42 87 983
87 42 983
42 66 67
66 42 67
42 82 798
82 42 798
42 68 696
68 42 696
42 59 287
59 42 287
42 89 655
89 42 655
43 85 176
85 43 176
43 46 950
46 43 950
43 55 103
55 43 103
43 77 489
77 43 489
43 58 435
58 43 435
43 84 499
84 43 499
43 74 350
74 43 350
43 61 534
61 43 534
43 60 366
60 43 366
43 78 462
78 43 462
43 47 93
47 43 93
43 72 64
72 43 64
44 66 807
66 44 807
44 78 101
78 44 101
44 65 938
65 44 938
44 87 410
87 44 410
44 84 655
84 44 655
44 47 573
47 44 573
44 86 615
86 44 615
44 74 863
74 44 863
45 59 21
59 45 21
45 49 763
49 45 763
45 74 450
74 45 450
45 79 382
79 45 382
45 61 715
61 45 715
45 89 469
89 45 469
45 83 148
83 45 148
45 52 676
52 45 676
45 91 205
91 45 205
45 53 746
53 45 746
45 81 1000
81 45 1000
46 91 133
91 46 133
46 48 544
48 46 544
46 68 337
68 46 337
46 75 570
75 46 570
46 60 244
60 46 244
47 64 748
64 47 748
47 61 606
61 47 606
47 66 844
66 47 844
47 49 297
49 47 297
47 71 624
71 47 624
47 71 721
71 47 721
47 65 690
65 47 690
47 48 875
48 47 875
47 68 184
68 47 184
48 67 945
67 48 945
48 60 438
60 48 438
48 79 50
79 48 50
48 88 367
88 48 367
48 70 343
70 48 343
48 84 224
84 48 224
48 80 415
80 48 415
48 70 333
70 48 333
49 79 956
79 49 956
49 75 952
75 49 952
49 77 287
77 49 287
49 54 418
54 49 418
49 58 851
58 49 851
49 50 343
50 49 343
49 91 639
91 49 639
49 53 630
53 49 630
49 82 194
82 49 194
49 65 934
65 49 934
49 56 556
56 49 556
50 52 641
52 50 641
50 74 309
74 50 309
50 90 551
90 50 551
50 89 292
89 50 292
50 65 58
65 50 58
51 53 101
53 51 101
51 53 777
53 51 777
51 88 986
88 51 986
51 56 58
56 51 58
51 70 168
70 51 168
51 63 945
63 51 945
51 88 128
88 51 128
51 89 844
89 51 844
51 85 569
85 51 569
52 62 85
62 52 85
52 88 246
88 52 246
52 73 348
73 52 348
52 73 877
73 52 877
52 60 894
60 52 894
52 83 435
83 52 435
52 89 687
89 52 687
52 71 672
71 52 672
53 75 15
75 53 15
53 57 685
57 53 685
53 82 159
82 53 159
53 78 553
78 53 553
53 70 899
70 53 899
54 88 589
88 54 589
54 67 908
67 54 908
54 63 172
63 54 172
54 66 73
66 54 73
54 58 503
58 54 503
54 59 921
59 54 921
55 56 760
56 55 760
55 61 106
61 55 106
55 57 804
57 55 804
55 81 212
81 55 212
55 88 271
88 55 271
56 56 308
56 56 308
56 63 429
63 56 429
56 90 40
90 56 40
56 58 266
58 56 266
56 75 86
75 56 86
56 57 8
57 56 8
56 85 246
85 56 246
57 82 244
82 57 244
57 81 441
81 57 441
57 91 469
91 57 469
57 65 473
65 57 473
57 80 534
80 57 534
57 90 879
90 57 879
57 73 369
73 57 369
57 68 398
68 57 398
57 74 667
74 57 667
57 87 513
87 57 513
57 77 693
77 57 693
58 81 343
81 58 343
58 71 592
71 58 592
58 70 517
70 58 517
58 68 584
68 58 584
58 82 822
82 58 822
59 60 620
60 59 620
59 70 242
70 59 242
59 87 772
87 59 772
59 74 58
74 59 58
59 85 64
85 59 64
60 79 940
79 60 940
60 71 366
71 60 366
60 74 156
74 60 156
60 90 965
90 60 965
60 63 631
63 60 631
61 62 402
62 61 402
61 89 556
89 61 556
61 74 253
74 61 253
61 73 521
73 61 521
61 69 277
69 61 277
61 85 453
85 61 453
61 67 935
67 61 935
62 78 611
78 62 611
62 80 953
80 62 953
63 77 52
77 63 52
63 69 568
69 63 568
63 88 444
88 63 444
63 86 667
86 63 667
63 78 128
78 63 128
63 88 542
88 63 542
63 84 929
84 63 929
63 68 650
68 63 650
63 90 164
90 63 164
63 71 232
71 63 232
63 74 86
74 63 86
63 76 968
76 63 968
64 77 970
77 64 970
64 65 422
65 64 422
64 67 944
67 64 944
64 64 874
64 64 874
64 69 103
69 64 103
64 81 561
81 64 561
65 79 552
79 65 552
65 78 43
78 65 43
65 71 66
71 65 66
65 78 301
78 65 301
65 77 772
77 65 772
66 83 722
83 66 722
66 76 931
76 66 931
66 71 813
71 66 813
66 91 800
91 66 800
66 87 994
87 66 994
67 84 440
84 67 440
67 72 642
72 67 642
67 87 331
87 67 331
67 72 782
72 67 782
67 74 877
74 67 877
68 77 177
77 68 177
69 78 710
78 69 710
69 79 936
79 69 936
69 86 380
86 69 380
69 88 375
88 69 375
70 83 571
83 70 571
70 73 125
73 70 125
70 85 100
85 70 100
70 89 258
89 70 258
71 87 371
87 71 371
71 72 683
72 71 683
71 73 468
73 71 468
71 75 823
75 71 823
71 89 20
89 71 20
71 87 326
87 71 326
71 85 95
85 71 95
71 85 426
85 71 426
72 85 583
85 72 583
74 80 649
80 74 649
74 77 430
77 74 430
74 77 997
77 74 997
74 79 288
79 74 288
75 84 107
84 75 107
75 77 437
77 75 437
75 78 596
78 75 596
76 84 784
84 76 784
76 83 360
83 76 360
77 80 74
80 77 74
78 83 178
83 78 178
78 91 281
91 78 281
78 83 300
83 78 300
79 83 40
83 79 40
79 89 782
89 79 782
79 89 194
89 79 194
79 79 131
79 79 131
79 87 508
87 79 508
80 88 718
88 80 718
80 90 106
90 80 106
80 89 133
89 80 133
81 88 504
88 81 504
81 85 125
85 81 125
81 86 206
86 81 206
82 89 946
89 82 946
84 90 440
90 84 440
84 88 649
88 84 649
86 91 491
91 86 491
87 87 929
87 87 929
88 89 179
89 88 179
