96

0 1 928
1 0 928
0 2 500
2 0 500
0 11 342
11 0 342
1 3 889
3 1 889
1 5 592
5 1 592
1 7 345
7 1 345
1 8 242
8 1 242
1 13 271
13 1 271
1 77 250
77 1 250
2 4 210
4 2 210
2 17 358
17 2 358
2 18 337
18 2 337
2 41 735
41 2 735
2 43 443
43 2 443
2 54 395
54 2 395
2 21 857
21 2 857
3 6 224
6 3 224
3 11 193
11 3 193
3 40 292
40 3 292
3 61 252
61 3 252
4 15 257
15 4 257
4 17 146
17 4 146
4 33 270
33 4 270
5 12 735
12 5 735
5 19 920
19 5 920
5 39 343
39 5 343
5 46 103
46 5 103
5 49 924
49 5 924
5 23 231
23 5 231
6 9 768
9 6 768
6 45 469
45 6 469
6 92 308
92 6 308
7 24 390
24 7 390
7 24 775
24 7 775
7 18 866
18 7 866
8 23 782
23 8 782
8 49 186
49 8 186
8 67 830
67 8 830
8 50 48
50 8 48
9 10 141
10 9 141
9 44 846
44 9 846
9 76 108
76 9 108
9 78 403
78 9 403
9 69 292
69 9 292
9 22 716
22 9 716
10 25 376
25 10 376
10 28 89
28 10 89
10 62 510
62 10 510
10 87 499
87 10 499
10 35 323
35 10 323
11 14 815
14 11 815
11 93 336
93 11 336
12 16 187
16 12 187
12 67 21
67 12 21
13 72 176
72 13 176
13 38 226
38 13 226
14 29 596
29 14 596
14 32 1
32 14 1
14 42 31
42 14 31
14 71 104
71 14 104
15 20 452
20 15 452
15 21 975
21 15 975
15 60 417
60 15 417
15 64 132
64 15 132
15 65 769
65 15 769
15 61 974
61 15 974
16 52 874
52 16 874
16 48 39
48 16 39
17 22 256
22 17 256
17 59 209
59 17 209
17 23 220
23 17 220
17 73 397
73 17 397
18 30 194
30 18 194
18 19 412
19 18 412
18 68 308
68 18 308
19 88 477
88 19 477
20 71 572
71 20 572
21 48 643
48 21 643
21 82 787
82 21 787
21 93 429
93 21 429
22 31 156
31 22 156
22 34 259
34 22 259
22 37 974
37 22 974
22 38 635
38 22 635
22 68 923
68 22 923
22 93 608
93 22 608
22 84 962
84 22 962
23 80 487
80 23 487
24 27 9
27 24 9
24 50 404
50 24 404
24 40 145
40 24 145
24 39 983
39 24 983
25 26 22
26 25 22
25 57 71
57 25 71
25 70 843
70 25 843
25 70 738
70 25 738
26 53 657
53 26 657
26 89 697
89 26 697
26 75 658
75 26 658
27 38 925
38 27 925
29 52 94
52 29 94
29 79 431
79 29 431
29 94 446
94 29 446
32 33 297
33 32 297
32 54 601
54 32 601
32 55 28
55 32 28
33 51 585
51 33 585
34 35 32
35 34 32
34 74 238
74 34 238
35 36 61
36 35 61
36 74 583
74 36 583
36 53 724
53 36 724
37 75 344
75 37 344
37 79 113
79 37 113
38 75 516
75 38 516
40 63 453
63 40 453
42 88 213
88 42 213
43 66 376
66 43 376
43 67 983
67 43 983
43 92 467
92 43 467
43 90 714
90 43 714
44 47 448
47 44 448
44 47 873
47 44 873
45 84 383
84 45 383
48 58 249
58 48 249
48 84 484
84 48 484
49 56 289
56 49 289
50 53 633
53 50 633
50 73 57
73 50 57
51 65 520
65 51 520
52 71 106
71 52 106
53 83 438
83 53 438
57 61 198
61 57 198
57 73 193
73 57 193
59 90 518
90 59 518
59 65 933
65 59 933
60 85 148
85 60 148
60 62 569
62 60 569
61 68 316
68 61 316
63 69 992
69 63 992
63 81 888
81 63 888
64 91 733
91 64 733
67 76 458
76 67 458
71 82 693
82 71 693
71 78 146
78 71 146
73 94 535
94 73 535
75 95 726
95 75 726
80 84 907
84 80 907
82 88 44
88 82 44
84 86 546
86 84 546
