98

0 1 88
1 0 88
0 2 411
2 0 411
0 3 876
3 0 876
0 5 294
5 0 294
0 28 678
28 0 678
0 47 808
47 0 808
0 59 885
59 0 885
0 71 567
71 0 567
0 64 595
64 0 595
0 26 811
26 0 811
0 73 967
73 0 967
0 68 92
68 0 92
0 43 506
43 0 506
0 20 362
20 0 362
0 65 570
65 0 570
0 33 795
33 0 795
1 4 222
4 1 222
1 6 443
6 1 443
1 8 909
8 1 909
1 10 46
10 1 46
1 27 136
27 1 136
1 88 129
88 1 129
1 5 493
5 1 493
1 87 228
87 1 228
1 61 599
61 1 599
1 40 527
40 1 527
1 64 754
64 1 754
1 35 630
35 1 630
1 74 998
74 1 998
1 46 476
46 1 476
1 3 335
3 1 335
1 57 530
57 1 530
1 29 448
29 1 448
2 11 983
11 2 983
2 17 254
17 2 254
2 15 982
15 2 982
2 63 335
63 2 335
2 58 890
58 2 890
2 10 399
10 2 399
2 87 104
87 2 104
2 18 61
18 2 61
2 61 382
61 2 382
2 29 172
29 2 172
2 18 576
18 2 576
3 22 381
22 3 381
3 10 200
10 3 200
3 62 276
62 3 276
3 16 523
16 3 523
3 22 80
22 3 80
3 17 428
17 3 428
3 24 363
24 3 363
3 92 979
92 3 979
3 16 375
16 3 375
3 90 797
90 3 797
3 79 161
79 3 161
4 7 20
7 4 20
4 23 779
23 4 779
4 40 816
40 4 816
4 69 245
69 4 245
4 91 470
91 4 470
4 67 955
67 4 955
4 97 354
97 4 354
4 92 563
92 4 563
5 9 125
9 5 125
5 12 60
12 5 60
5 19 1
19 5 1
5 34 886
34 5 886
5 61 813
61 5 813
5 87 753
87 5 753
5 11 843
11 5 843
5 91 917
91 5 917
5 75 873
75 5 873
5 62 250
62 5 250
5 53 908
53 5 908
5 62 468
62 5 468
6 89 604
89 6 604
6 63 593
63 6 593
6 52 926
52 6 926
6 77 951
77 6 951
6 80 862
80 6 862
6 28 741
28 6 741
6 36 569
36 6 569
6 59 264
59 6 264
6 64 55
64 6 55
6 29 828
29 6 828
6 75 563
75 6 563
7 29 590
29 7 590
7 31 766
31 7 766
7 76 651
76 7 651
7 91 909
91 7 909
7 96 404
96 7 404
7 72 838
72 7 838
7 62 184
62 7 184
7 79 442
79 7 442
7 35 9
35 7 9
7 42 485
42 7 485
7 59 19
59 7 19
8 15 513
15 8 513
8 43 714
43 8 714
8 9 555
9 8 555
8 24 797
24 8 797
8 74 652
74 8 652
8 82 31
82 8 31
8 14 553
14 8 553
8 33 854
33 8 854
8 85 13
85 8 13
8 84 788
84 8 788
8 15 394
15 8 394
8 70 239
70 8 239
8 96 842
96 8 842
8 43 77
43 8 77
9 49 50
49 9 50
9 54 133
54 9 133
9 82 829
82 9 829
9 25 537
25 9 537
9 84 803
84 9 803
9 55 886
55 9 886
9 75 824
75 9 824
10 24 877
24 10 877
10 25 830
25 10 830
10 39 239
39 10 239
10 50 906
50 10 906
10 68 353
68 10 353
10 28 349
28 10 349
10 77 287
77 10 287
10 15 538
15 10 538
10 48 149
48 10 149
10 22 947
22 10 947
10 65 498
65 10 498
10 70 806
70 10 806
10 17 975
17 10 975
10 76 213
76 10 213
11 13 615
13 11 615
11 14 251
14 11 251
11 18 786
18 11 786
11 58 79
58 11 79
11 95 709
95 11 709
11 31 68
31 11 68
11 81 65
81 11 65
11 23 718
23 11 718
12 16 439
16 12 439
12 26 334
26 12 334
12 31 676
31 12 676
12 16 593
16 12 593
13 35 438
35 13 438
13 42 459
42 13 459
13 42 748
42 13 748
13 60 217
60 13 217
13 31 726
31 13 726
13 17 478
17 13 478
13 75 759
75 13 759
14 93 65
93 14 65
14 26 365
26 14 365
15 66 932
66 15 932
15 51 950
51 15 950
15 46 352
46 15 352
15 93 920
93 15 920
15 51 412
51 15 412
15 46 510
46 15 510
15 44 384
44 15 384
15 52 240
52 15 240
16 65 687
65 16 687
16 46 286
46 16 286
16 38 485
38 16 485
16 20 524
20 16 524
16 87 128
87 16 128
16 73 594
73 16 594
16 55 573
55 16 573
16 56 706
56 16 706
16 45 93
45 16 93
16 25 342
25 16 342
17 38 639
38 17 639
17 84 120
84 17 120
17 37 433
37 17 433
17 38 380
38 17 380
18 26 229
26 18 229
18 63 263
63 18 263
18 61 692
61 18 692
18 25 577
25 18 577
18 23 157
23 18 157
18 19 488
19 18 488
18 71 846
71 18 846
18 32 944
32 18 944
19 20 937
20 19 937
19 48 987
48 19 987
19 53 936
53 19 936
19 75 525
75 19 525
19 68 573
68 19 573
19 48 866
48 19 866
19 68 385
68 19 385
20 21 273
21 20 273
20 36 5
36 20 5
20 71 593
71 20 593
20 60 390
60 20 390
20 21 640
21 20 640
20 66 396
66 20 396
20 82 307
82 20 307
21 33 361
33 21 361
21 26 811
26 21 811
21 62 574
62 21 574
21 77 860
77 21 860
21 44 41
44 21 41
21 79 704
79 21 704
22 57 612
57 22 612
22 80 577
80 22 577
22 48 258
48 22 258
22 45 386
45 22 386
22 95 76
95 22 76
22 52 536
52 22 536
22 47 385
47 22 385
22 30 169
30 22 169
23 56 348
56 23 348
23 73 342
73 23 342
23 91 594
91 23 594
23 91 792
91 23 792
23 83 864
83 23 864
23 52 817
52 23 817
23 82 646
82 23 646
24 37 448
37 24 448
24 92 216
92 24 216
24 95 982
95 24 982
24 27 282
27 24 282
24 31 363
31 24 363
25 45 886
45 25 886
25 55 334
55 25 334
25 68 399
68 25 399
25 63 493
63 25 493
25 52 204
52 25 204
25 66 974
66 25 974
25 71 648
71 25 648
26 30 927
30 26 927
26 38 833
38 26 833
26 41 35
41 26 35
26 48 642
48 26 642
26 26 820
26 26 820
26 37 807
37 26 807
26 73 305
73 26 305
26 73 154
73 26 154
26 92 235
92 26 235
26 88 528
88 26 528
27 44 116
44 27 116
27 49 45
49 27 45
27 73 7
73 27 7
27 41 234
41 27 234
27 83 767
83 27 767
28 32 181
32 28 181
28 59 423
59 28 423
28 83 539
83 28 539
28 62 583
62 28 583
28 44 255
44 28 255
29 66 673
66 29 673
29 64 329
64 29 329
29 30 360
30 29 360
30 46 423
46 30 423
30 82 994
82 30 994
30 82 683
82 30 683
30 71 439
71 30 439
30 63 932
63 30 932
31 53 289
53 31 289
31 33 488
33 31 488
31 39 621
39 31 621
31 53 185
53 31 185
31 43 825
43 31 825
31 40 218
40 31 218
31 64 41
64 31 41
32 97 270
97 32 270
32 76 605
76 32 605
32 42 120
42 32 120
32 97 174
97 32 174
33 83 438
83 33 438
33 69 413
69 33 413
33 37 512
37 33 512
33 89 820
89 33 820
33 37 126
37 33 126
33 46 413
46 33 413
33 78 386
78 33 386
34 72 929
72 34 929
34 47 987
47 34 987
34 82 399
82 34 399
35 89 330
89 35 330
35 47 355
47 35 355
35 67 342
67 35 342
35 58 973
58 35 973
36 73 538
73 36 538
36 55 851
55 36 851
36 48 881
48 36 881
36 62 258
62 36 258
36 62 929
62 36 929
36 95 580
95 36 580
37 94 534
94 37 534
37 56 901
56 37 901
37 60 137
60 37 137
37 63 435
63 37 435
38 64 191
64 38 191
38 61 981
61 38 981
38 83 338
83 38 338
38 73 684
73 38 684
38 77 45
77 38 45
39 63 618
63 39 618
39 94 814
94 39 814
39 56 989
56 39 989
39 58 798
58 39 798
39 62 965
62 39 965
39 41 198
41 39 198
39 95 388
95 39 388
39 97 980
97 39 980
40 67 609
67 40 609
40 93 468
93 40 468
40 77 740
77 40 740
40 80 49
80 40 49
41 85 98
85 41 98
41 66 819
66 41 819
41 46 176
46 41 176
41 52 602
52 41 602
41 85 30
85 41 30
41 46 938
46 41 938
41 79 182
79 41 182
41 68 120
68 41 120
42 72 149
72 42 149
42 97 244
97 42 244
42 49 508
49 42 508
43 70 705
70 43 705
43 60 170
60 43 170
43 43 307
43 43 307
43 94 455
94 43 455
43 82 568
82 43 568
44 91 225
91 44 225
44 87 302
87 44 302
44 92 650
92 44 650
45 52 176
52 45 176
45 94 726
94 45 726
45 56 535
56 45 535
45 62 941
62 45 941
45 82 716
82 45 716
45 92 729
92 45 729
45 64 978
64 45 978
45 59 915
59 45 915
45 63 982
63 45 982
46 52 788
52 46 788
46 49 499
49 46 499
47 49 857
49 47 857
47 68 887
68 47 887
47 75 644
75 47 644
48 92 361
92 48 361
48 64 464
64 48 464
48 60 976
60 48 976
48 71 741
71 48 741
48 78 742
78 48 742
48 58 493
58 48 493
48 67 844
67 48 844
48 55 91
55 48 91
48 81 289
81 48 289
49 62 775
62 49 775
49 71 588
71 49 588
49 90 566
90 49 566
49 76 474
76 49 474
49 90 210
90 49 210
49 78 899
78 49 899
49 61 347
61 49 347
50 51 904
51 50 904
50 85 44
85 50 44
50 91 827
91 50 827
50 97 478
97 50 478
50 77 663
77 50 663
50 90 55
90 50 55
50 58 327
58 50 327
50 69 511
69 50 511
50 76 330
76 50 330
51 92 99
92 51 99
51 72 506
72 51 506
51 64 156
64 51 156
51 80 470
80 51 470
52 75 235
75 52 235
52 93 994
93 52 994
52 66 276
66 52 276
52 81 230
81 52 230
52 65 93
65 52 93
53 86 458
86 53 458
53 80 234
80 53 234
54 96 897
96 54 897
54 73 551
73 54 551
54 80 621
80 54 621
54 60 551
60 54 551
54 90 346
90 54 346
54 56 317
56 54 317
54 78 102
78 54 102
55 87 509
87 55 509
55 96 842
96 55 842
55 65 180
65 55 180
55 85 592
85 55 592
56 60 827
60 56 827
56 59 135
59 56 135
56 93 60
93 56 60
56 62 108
62 56 108
56 72 668
72 56 668
57 86 305
86 57 305
57 62 708
62 57 708
57 66 711
66 57 711
57 91 229
91 57 229
57 72 606
72 57 606
57 83 636
83 57 636
57 85 376
85 57 376
57 86 921
86 57 921
57 74 340
74 57 340
58 80 592
80 58 592
58 64 105
64 58 105
58 60 228
60 58 228
59 96 705
96 59 705
60 80 621
80 60 621
60 92 983
92 60 983
60 73 245
73 60 245
60 73 555
73 60 555
60 74 497
74 60 497
60 77 59
77 60 59
60 86 195
86 60 195
61 86 280
86 61 280
61 90 371
90 61 371
61 80 778
80 61 778
61 76 585
76 61 585
62 64 58
64 62 58
63 77 841
77 63 841
63 87 94
87 63 94
63 92 143
92 63 143
63 85 5
85 63 5
64 84 817
84 64 817
64 86 591
86 64 591
64 71 461
71 64 461
65 74 196
74 65 196
65 96 343
96 65 343
65 65 345
65 65 345
66 89 502
89 66 502
67 81 543
81 67 543
68 93 216
93 68 216
68 74 901
74 68 901
69 75 884
75 69 884
69 78 320
78 69 320
70 77 556
77 70 556
71 83 882
83 71 882
71 75 656
75 71 656
72 72 224
72 72 224
73 76 582
76 73 582
73 78 114
78 73 114
73 94 237
94 73 237
73 84 339
84 73 339
74 75 953
75 74 953
76 80 264
80 76 264
77 79 985
79 77 985
77 93 975
93 77 975
77 79 481
79 77 481
78 81 700
81 78 700
79 91 710
91 79 710
80 88 108
88 80 108
80 95 973
95 80 973
81 93 153
93 81 153
81 88 799
88 81 799
82 97 211
97 82 211
82 96 430
96 82 430
82 87 494
87 82 494
83 84 318
84 83 318
84 89 859
89 84 859
84 88 700
88 84 700
85 94 791
94 85 791
85 93 404
93 85 404
85 96 250
96 85 250
85 97 82
97 85 82
85 85 735
85 85 735
86 87 266
87 86 266
87 91 117
91 87 117
87 95 716
95 87 716
89 95 134
95 89 134
90 97 871
97 90 871
93 93 538
93 93 538
94 96 442
96 94 442
94 95 996
95 94 996
