29

0 1 211
1 0 211
0 17 661
17 0 661
0 21 787
21 0 787
1 2 541
2 1 541
1 19 719
19 1 719
2 3 854
3 2 854
2 4 466
4 2 466
2 7 655
7 2 655
2 14 967
14 2 967
3 5 86
5 3 86
3 10 991
10 3 991
3 22 298
22 3 298
4 6 325
6 4 325
4 8 210
8 4 210
5 15 937
15 5 937
7 9 227
9 7 227
8 12 332
12 8 332
8 20 627
20 8 627
9 11 434
11 9 434
10 17 843
17 10 843
11 13 199
13 11 199
11 18 479
18 11 479
12 16 433
16 12 433
12 26 584
26 12 584
12 23 372
23 12 372
13 15 463
15 13 463
13 19 73
19 13 73
14 25 190
25 14 190
16 24 336
24 16 336
20 28 993
28 20 993
21 23 55
23 21 55
23 27 317
27 23 317
26 26 321
26 26 321
