34

0 1 951
1 0 951
0 20 434
20 0 434
0 27 163
27 0 163
0 12 223
12 0 223
1 2 209
2 1 209
1 12 484
12 1 484
1 7 638
7 1 638
2 3 645
3 2 645
2 7 258
7 2 258
2 8 80
8 2 80
2 6 591
6 2 591
2 7 604
7 2 604
2 26 893
26 2 893
2 24 878
24 2 878
2 5 913
5 2 913
3 4 378
4 3 378
3 6 193
6 3 193
3 18 48
18 3 48
3 10 672
10 3 672
3 27 983
27 3 983
3 30 813
30 3 813
3 31 659
31 3 659
4 5 957
5 4 957
4 10 531
10 4 531
4 15 401
15 4 401
4 30 770
30 4 770
4 17 990
17 4 990
4 19 164
19 4 164
4 7 249
7 4 249
5 9 416
9 5 416
5 23 84
23 5 84
5 30 515
30 5 515
5 9 582
9 5 582
5 21 292
21 5 292
5 29 589
29 5 589
6 11 675
11 6 675
6 28 760
28 6 760
6 31 514
31 6 514
6 12 508
12 6 508
6 31 198
31 6 198
6 31 487
31 6 487
7 16 998
16 7 998
7 11 120
11 7 120
7 25 996
25 7 996
7 20 581
20 7 581
7 33 96
33 7 96
8 13 485
13 8 485
9 25 373
25 9 373
9 14 799
14 9 799
9 31 518
31 9 518
10 30 898
30 10 898
10 24 451
24 10 451
10 26 955
26 10 955
10 32 779
32 10 779
10 22 914
22 10 914
11 14 948
14 11 948
11 33 392
33 11 392
11 16 392
16 11 392
11 30 703
30 11 703
12 22 569
22 12 569
13 19 66
19 13 66
13 16 836
16 13 836
13 26 380
26 13 380
14 18 426
18 14 426
14 24 816
24 14 816
15 17 775
17 15 775
15 21 113
21 15 113
15 29 970
29 15 970
15 24 792
24 15 792
16 31 749
31 16 749
16 21 265
21 16 265
16 29 492
29 16 492
16 28 559
28 16 559
17 22 994
22 17 994
17 31 472
31 17 472
17 23 377
23 17 377
17 31 10
31 17 10
18 32 522
32 18 522
19 24 982
24 19 982
19 27 32
27 19 32
19 25 78
25 19 78
20 33 500
33 20 500
20 23 346
23 20 346
21 26 802
26 21 802
21 22 405
22 21 405
21 30 347
30 21 347
21 23 532
23 21 532
22 32 71
32 22 71
22 28 169
28 22 169
22 27 196
27 22 196
23 24 463
24 23 463
24 26 678
26 24 678
24 32 121
32 24 121
24 28 250
28 24 250
25 26 481
26 25 481
26 33 845
33 26 845
28 30 411
30 28 411
28 31 313
31 28 313
29 32 288
32 29 288
