74

0 1 920
1 0 920
0 8 888
8 0 888
0 9 798
9 0 798
0 11 357
11 0 357
0 43 235
43 0 235
0 46 482
46 0 482
0 31 525
31 0 525
0 69 611
69 0 611
0 8 361
8 0 361
1 2 520
2 1 520
1 4 487
4 1 487
1 12 652
12 1 652
1 16 562
16 1 562
1 24 276
24 1 276
1 25 939
25 1 939
1 22 430
22 1 430
1 27 159
27 1 159
2 3 31
3 2 31
2 51 654
51 2 654
2 4 335
4 2 335
2 24 296
24 2 296
2 43 147
43 2 147
2 22 698
22 2 698
3 5 551
5 3 551
3 6 295
6 3 295
3 13 814
13 3 814
3 26 872
26 3 872
3 35 988
35 3 988
3 19 618
19 3 618
3 8 93
8 3 93
3 42 647
42 3 647
3 27 504
27 3 504
4 10 215
10 4 215
4 34 373
34 4 373
4 28 648
28 4 648
4 4 210
4 4 210
4 39 575
39 4 575
5 7 317
7 5 317
5 21 568
21 5 568
5 35 62
35 5 62
6 40 985
40 6 985
7 35 365
35 7 365
7 67 450
67 7 450
7 8 593
8 7 593
7 54 678
54 7 678
8 17 263
17 8 263
8 12 353
12 8 353
8 54 552
54 8 552
8 43 897
43 8 897
8 44 460
44 8 460
8 37 544
37 8 544
8 13 306
13 8 306
9 20 294
20 9 294
9 39 7
39 9 7
9 72 599
72 9 599
9 69 186
69 9 186
9 15 826
15 9 826
10 37 790
37 10 790
10 69 153
69 10 153
11 59 606
59 11 606
11 67 2
67 11 2
11 22 943
22 11 943
11 38 97
38 11 97
12 47 181
47 12 181
12 67 538
67 12 538
12 16 368
16 12 368
12 15 266
15 12 266
12 54 854
54 12 854
13 14 170
14 13 170
13 27 152
27 13 152
13 55 885
55 13 885
13 53 334
53 13 334
13 23 83
23 13 83
13 51 961
51 13 961
14 15 770
15 14 770
14 20 231
20 14 231
14 22 969
22 14 969
14 28 175
28 14 175
14 33 819
33 14 819
14 51 586
51 14 586
14 47 198
47 14 198
14 40 635
40 14 635
14 37 717
37 14 717
14 49 625
49 14 625
15 56 321
56 15 321
15 36 274
36 15 274
15 64 404
64 15 404
15 59 167
59 15 167
15 44 144
44 15 144
15 66 36
66 15 36
16 19 341
19 16 341
16 45 684
45 16 684
16 70 734
70 16 734
16 52 324
52 16 324
16 57 928
57 16 928
16 58 195
58 16 195
16 46 856
46 16 856
16 24 243
24 16 243
17 18 441
18 17 441
17 49 729
49 17 729
17 64 114
64 17 114
17 66 858
66 17 858
17 31 987
31 17 987
17 21 177
21 17 177
18 36 513
36 18 513
18 44 737
44 18 737
18 51 597
51 18 597
18 63 640
63 18 640
18 56 8
56 18 8
19 58 195
58 19 195
19 62 652
62 19 652
19 52 948
52 19 948
20 20 207
20 20 207
20 33 138
33 20 138
20 61 643
61 20 643
20 55 396
55 20 396
20 52 907
52 20 907
20 73 44
73 20 44
20 32 261
32 20 261
21 41 55
41 21 55
21 37 140
37 21 140
21 48 730
48 21 730
22 23 681
23 22 681
22 60 709
60 22 709
22 51 443
51 22 443
23 37 233
37 23 233
23 70 599
70 23 599
23 51 935
51 23 935
23 56 81
56 23 81
23 58 265
58 23 265
23 35 613
35 23 613
23 33 512
33 23 512
24 25 41
25 24 41
24 29 952
29 24 952
24 32 913
32 24 913
24 61 740
61 24 740
24 68 810
68 24 810
24 25 342
25 24 342
24 51 357
51 24 357
24 46 310
46 24 310
25 40 75
40 25 75
25 48 182
48 25 182
25 62 782
62 25 782
25 67 995
67 25 995
25 55 346
55 25 346
25 67 826
67 25 826
25 58 192
58 25 192
25 31 320
31 25 320
26 60 631
60 26 631
26 50 960
50 26 960
27 30 992
30 27 992
27 39 99
39 27 99
27 65 965
65 27 965
27 36 574
36 27 574
28 66 84
66 28 84
28 37 91
37 28 91
28 58 660
58 28 660
29 31 514
31 29 514
29 38 587
38 29 587
29 54 377
54 29 377
29 72 203
72 29 203
29 61 736
61 29 736
29 66 716
66 29 716
30 66 436
66 30 436
30 61 414
61 30 414
31 61 513
61 31 513
32 60 440
60 32 440
32 52 354
52 32 354
32 58 421
58 32 421
33 34 681
34 33 681
33 68 333
68 33 333
33 68 376
68 33 376
33 48 366
48 33 366
33 63 16
63 33 16
34 41 112
41 34 112
34 67 594
67 34 594
34 66 598
66 34 598
34 58 649
58 34 649
35 60 321
60 35 321
36 40 737
40 36 737
37 46 245
46 37 245
37 63 246
63 37 246
37 53 384
53 37 384
38 42 312
42 38 312
38 54 330
54 38 330
39 72 72
72 39 72
39 39 452
39 39 452
39 61 414
61 39 414
39 64 463
64 39 463
40 54 638
54 40 638
40 71 164
71 40 164
41 52 85
52 41 85
41 49 98
49 41 98
41 46 718
46 41 718
41 73 15
73 41 15
41 44 919
44 41 919
41 41 267
41 41 267
42 53 129
53 42 129
42 69 966
69 42 966
42 54 262
54 42 262
42 52 364
52 42 364
42 45 914
45 42 914
42 58 772
58 42 772
43 51 245
51 43 245
44 50 673
50 44 673
44 66 616
66 44 616
44 45 232
45 44 232
44 69 957
69 44 957
45 50 122
50 45 122
45 60 369
60 45 369
46 50 647
50 46 647
46 60 324
60 46 324
47 73 694
73 47 694
48 68 281
68 48 281
48 51 371
51 48 371
49 73 893
73 49 893
51 63 904
63 51 904
52 52 644
52 52 644
52 66 550
66 52 550
53 65 973
65 53 973
53 71 690
71 53 690
54 72 210
72 54 210
54 63 315
63 54 315
54 61 207
61 54 207
55 57 927
57 55 927
56 69 751
69 56 751
58 65 927
65 58 927
58 63 142
63 58 142
60 63 280
63 60 280
61 64 38
64 61 38
62 71 73
71 62 73
64 66 8
66 64 8
64 72 826
72 64 826
64 65 354
65 64 354
65 73 211
73 65 211
66 71 707
71 66 707
66 71 158
71 66 158
73 73 255
73 73 255
