80

0 1 536
1 0 536
0 2 767
2 0 767
0 6 970
6 0 970
0 8 49
8 0 49
0 47 209
47 0 209
0 77 309
77 0 309
0 27 691
27 0 691
0 53 643
53 0 643
0 35 7
35 0 7
0 55 173
55 0 173
0 40 760
40 0 760
0 48 943
48 0 943
0 61 189
61 0 189
0 62 252
62 0 252
0 53 56
53 0 56
1 3 691
3 1 691
1 5 19
5 1 19
1 23 123
23 1 123
1 31 426
31 1 426
1 55 702
55 1 702
1 55 745
55 1 745
1 25 45
25 1 45
1 66 595
66 1 595
1 59 729
59 1 729
1 11 117
11 1 117
1 30 834
30 1 834
1 15 218
15 1 218
1 43 663
43 1 663
1 46 152
46 1 152
1 9 666
9 1 666
2 7 83
7 2 83
2 24 123
24 2 123
2 54 492
54 2 492
2 12 734
12 2 734
2 62 774
62 2 774
2 49 824
49 2 824
2 55 946
55 2 946
2 8 716
8 2 716
2 25 445
25 2 445
2 11 560
11 2 560
2 5 860
5 2 860
2 62 223
62 2 223
2 10 520
10 2 520
2 33 343
33 2 343
2 74 770
74 2 770
3 4 340
4 3 340
3 9 128
9 3 128
3 17 200
17 3 200
3 25 312
25 3 312
3 57 495
57 3 495
3 25 110
25 3 110
3 38 862
38 3 862
3 76 76
76 3 76
3 21 788
21 3 788
3 58 31
58 3 31
3 29 769
29 3 769
3 29 297
29 3 297
3 21 252
21 3 252
4 20 131
20 4 131
4 51 912
51 4 912
4 37 232
37 4 232
4 47 842
47 4 842
4 8 923
8 4 923
4 55 458
55 4 458
4 74 720
74 4 720
5 7 345
7 5 345
5 51 715
51 5 715
5 8 362
8 5 362
5 69 91
69 5 91
5 78 310
78 5 310
5 50 191
50 5 191
5 68 245
68 5 245
5 13 264
13 5 264
6 10 96
10 6 96
6 30 336
30 6 336
6 43 425
43 6 425
6 44 357
44 6 357
6 28 242
28 6 242
6 39 67
39 6 67
6 61 714
61 6 714
6 47 380
47 6 380
6 14 66
14 6 66
6 26 925
26 6 925
6 31 42
31 6 42
6 48 113
48 6 113
6 28 977
28 6 977
6 71 248
71 6 248
6 41 640
41 6 640
6 25 427
25 6 427
6 59 297
59 6 297
6 31 596
31 6 596
7 11 354
11 7 354
7 22 437
22 7 437
7 26 582
26 7 582
7 66 495
66 7 495
7 59 411
59 7 411
7 59 931
59 7 931
7 57 467
57 7 467
8 13 986
13 8 986
8 32 974
32 8 974
8 14 473
14 8 473
8 63 762
63 8 762
8 23 372
23 8 372
8 46 266
46 8 266
8 11 733
11 8 733
8 14 490
14 8 490
8 71 126
71 8 126
9 19 365
19 9 365
9 27 798
27 9 798
9 36 706
36 9 706
9 55 37
55 9 37
9 31 68
31 9 68
9 35 721
35 9 721
9 16 661
16 9 661
9 15 112
15 9 112
9 76 327
76 9 327
9 15 754
15 9 754
9 10 249
10 9 249
9 26 614
26 9 614
9 22 250
22 9 250
9 38 871
38 9 871
10 15 850
15 10 850
10 39 645
39 10 645
10 18 19
18 10 19
10 24 822
24 10 822
10 77 635
77 10 635
10 58 71
58 10 71
10 58 751
58 10 751
10 12 778
12 10 778
10 60 337
60 10 337
10 70 23
70 10 23
10 79 478
79 10 478
11 12 591
12 11 591
11 73 404
73 11 404
11 61 848
61 11 848
11 69 282
69 11 282
11 52 438
52 11 438
11 47 120
47 11 120
11 46 888
46 11 888
11 47 334
47 11 334
11 21 685
21 11 685
11 31 487
31 11 487
11 50 561
50 11 561
12 21 901
21 12 901
12 33 586
33 12 586
12 50 450
50 12 450
12 69 726
69 12 726
12 52 449
52 12 449
12 55 716
55 12 716
12 60 197
60 12 197
12 78 170
78 12 170
12 79 840
79 12 840
13 14 330
14 13 330
13 29 371
29 13 371
13 64 385
64 13 385
13 69 871
69 13 871
13 38 340
38 13 340
13 58 115
58 13 115
13 48 423
48 13 423
13 37 321
37 13 321
13 64 586
64 13 586
13 36 715
36 13 715
13 38 433
38 13 433
13 24 562
24 13 562
13 70 159
70 13 159
13 22 688
22 13 688
13 76 274
76 13 274
13 63 660
63 13 660
13 56 711
56 13 711
13 22 301
22 13 301
14 16 1000
16 14 1000
14 40 786
40 14 786
14 76 257
76 14 257
14 57 381
57 14 381
14 68 963
68 14 963
14 67 555
67 14 555
14 27 302
27 14 302
15 41 753
41 15 753
15 16 460
16 15 460
15 19 591
19 15 591
15 34 75
34 15 75
15 54 893
54 15 893
15 46 392
46 15 392
15 35 442
35 15 442
15 55 710
55 15 710
16 18 696
18 16 696
16 62 171
62 16 171
16 31 836
31 16 836
16 24 314
24 16 314
16 56 707
56 16 707
16 73 395
73 16 395
16 68 722
68 16 722
16 66 844
66 16 844
16 70 17
70 16 17
16 48 102
48 16 102
16 65 175
65 16 175
17 70 673
70 17 673
17 74 418
74 17 418
17 68 672
68 17 672
17 52 906
52 17 906
17 71 628
71 17 628
17 69 805
69 17 805
17 62 697
62 17 697
17 34 761
34 17 761
17 37 624
37 17 624
17 54 45
54 17 45
17 22 107
22 17 107
17 24 623
24 17 623
17 39 943
39 17 943
17 66 922
66 17 922
18 73 4
73 18 4
18 37 725
37 18 725
18 61 472
61 18 472
18 20 590
20 18 590
18 61 465
61 18 465
18 34 583
34 18 583
18 44 330
44 18 330
18 38 586
38 18 586
18 34 643
34 18 643
18 61 266
61 18 266
18 54 994
54 18 994
18 30 97
30 18 97
19 24 559
24 19 559
19 34 618
34 19 618
19 42 295
42 19 295
19 51 369
51 19 369
19 25 633
25 19 633
19 51 425
51 19 425
19 22 844
22 19 844
19 20 721
20 19 721
20 30 693
30 20 693
20 26 522
26 20 522
20 32 133
32 20 133
20 47 946
47 20 946
21 61 436
61 21 436
21 62 904
62 21 904
21 30 974
30 21 974
21 33 52
33 21 52
21 28 376
28 21 376
22 28 811
28 22 811
22 67 79
67 22 79
22 79 98
79 22 98
22 58 649
58 22 649
22 61 543
61 22 543
22 55 582
55 22 582
22 59 484
59 22 484
23 68 4
68 23 4
23 72 349
72 23 349
23 68 320
68 23 320
23 34 973
34 23 973
23 58 176
58 23 176
24 48 91
48 24 91
24 26 864
26 24 864
24 28 703
28 24 703
24 47 322
47 24 322
24 37 514
37 24 514
24 31 770
31 24 770
24 45 411
45 24 411
25 59 802
59 25 802
25 64 835
64 25 835
25 33 861
33 25 861
25 45 629
45 25 629
25 29 747
29 25 747
25 50 500
50 25 500
25 52 416
52 25 416
25 62 652
62 25 652
25 59 299
59 25 299
26 43 801
43 26 801
26 38 192
38 26 192
26 58 847
58 26 847
26 49 743
49 26 743
26 72 434
72 26 434
26 69 459
69 26 459
26 49 244
49 26 244
27 28 927
28 27 927
27 64 212
64 27 212
27 58 417
58 27 417
27 35 134
35 27 134
28 38 399
38 28 399
28 73 952
73 28 952
28 33 487
33 28 487
28 37 806
37 28 806
28 53 306
53 28 306
28 29 321
29 28 321
28 34 328
34 28 328
29 37 975
37 29 975
29 45 862
45 29 862
29 46 505
46 29 505
29 76 292
76 29 292
29 71 803
71 29 803
29 44 576
44 29 576
29 70 711
70 29 711
29 32 875
32 29 875
29 40 543
40 29 543
30 56 22
56 30 22
30 45 826
45 30 826
30 70 293
70 30 293
30 49 555
49 30 555
30 44 945
44 30 945
30 48 913
48 30 913
30 74 820
74 30 820
31 44 183
44 31 183
31 39 466
39 31 466
32 47 621
47 32 621
32 60 480
60 32 480
32 45 676
45 32 676
32 67 346
67 32 346
32 33 154
33 32 154
32 37 903
37 32 903
32 63 82
63 32 82
32 47 825
47 32 825
32 38 978
38 32 978
32 45 982
45 32 982
33 64 739
64 33 739
33 59 180
59 33 180
33 78 247
78 33 247
33 50 926
50 33 926
33 68 316
68 33 316
33 71 132
71 33 132
33 35 396
35 33 396
33 49 104
49 33 104
34 35 183
35 34 183
34 54 991
54 34 991
34 58 768
58 34 768
34 77 909
77 34 909
34 64 974
64 34 974
34 73 558
73 34 558
34 61 727
61 34 727
34 56 986
56 34 986
34 52 977
52 34 977
35 68 271
68 35 271
35 72 539
72 35 539
35 41 513
41 35 513
35 58 807
58 35 807
35 75 736
75 35 736
35 59 761
59 35 761
35 42 49
42 35 49
36 58 59
58 36 59
36 37 180
37 36 180
36 59 580
59 36 580
36 77 508
77 36 508
36 69 865
69 36 865
36 72 884
72 36 884
36 46 161
46 36 161
36 54 398
54 36 398
37 64 16
64 37 16
37 50 574
50 37 574
37 63 781
63 37 781
37 79 397
79 37 397
38 49 704
49 38 704
38 51 906
51 38 906
38 43 195
43 38 195
38 41 567
41 38 567
38 73 675
73 38 675
38 49 142
49 38 142
39 52 756
52 39 756
39 65 525
65 39 525
39 60 423
60 39 423
39 79 329
79 39 329
39 72 740
72 39 740
39 59 40
59 39 40
39 71 417
71 39 417
39 73 765
73 39 765
39 50 468
50 39 468
40 63 922
63 40 922
40 49 82
49 40 82
40 62 122
62 40 122
40 43 497
43 40 497
40 78 207
78 40 207
40 72 455
72 40 455
40 49 317
49 40 317
41 77 257
77 41 257
41 58 919
58 41 919
41 48 338
48 41 338
41 73 549
73 41 549
41 73 757
73 41 757
41 65 781
65 41 781
41 48 216
48 41 216
41 65 389
65 41 389
41 57 464
57 41 464
41 46 625
46 41 625
42 53 836
53 42 836
42 56 648
56 42 648
42 47 28
47 42 28
42 48 642
48 42 642
43 52 41
52 43 41
43 66 548
66 43 548
43 57 581
57 43 581
43 75 311
75 43 311
44 65 563
65 44 563
44 77 169
77 44 169
44 45 536
45 44 536
45 71 858
71 45 858
45 75 794
75 45 794
45 60 276
60 45 276
45 60 242
60 45 242
45 62 3
62 45 3
45 61 314
61 45 314
45 68 854
68 45 854
45 58 161
58 45 161
45 60 309
60 45 309
46 59 529
59 46 529
46 55 623
55 46 623
46 58 955
58 46 955
46 79 392
79 46 392
46 77 931
77 46 931
46 60 679
60 46 679
46 72 663
72 46 663
47 56 429
56 47 429
47 73 529
73 47 529
47 49 307
49 47 307
47 74 814
74 47 814
47 52 964
52 47 964
48 54 81
54 48 81
48 69 845
69 48 845
49 66 725
66 49 725
50 70 304
70 50 304
50 59 472
59 50 472
50 61 285
61 50 285
50 61 548
61 50 548
51 63 476
63 51 476
51 67 11
67 51 11
51 73 879
73 51 879
52 63 121
63 52 121
52 58 295
58 52 295
52 77 476
77 52 476
52 79 823
79 52 823
53 75 815
75 53 815
53 69 645
69 53 645
54 76 774
76 54 774
54 63 236
63 54 236
54 57 772
57 54 772
55 56 318
56 55 318
55 59 291
59 55 291
55 70 55
70 55 55
56 60 262
60 56 262
57 69 22
69 57 22
57 69 311
69 57 311
58 65 343
65 58 343
58 67 649
67 58 649
58 67 114
67 58 114
59 79 238
79 59 238
59 61 217
61 59 217
59 65 731
65 59 731
59 75 92
75 59 92
59 76 123
76 59 123
60 78 351
78 60 351
61 67 79
67 61 79
61 73 733
73 61 733
61 67 641
67 61 641
61 64 178
64 61 178
62 67 343
67 62 343
62 76 676
76 62 676
63 67 787
67 63 787
64 68 921
68 64 921
64 78 972
78 64 972
65 77 45
77 65 45
66 73 953
73 66 953
66 78 611
78 66 611
67 68 6
68 67 6
68 70 319
70 68 319
68 76 969
76 68 969
70 77 527
77 70 527
70 72 216
72 70 216
71 75 958
75 71 958
73 78 417
78 73 417
74 74 341
74 74 341
76 78 692
78 76 692
79 79 88
79 79 88
