97

0 1 974
1 0 974
0 2 784
2 0 784
0 3 73
3 0 73
0 12 751
12 0 751
0 14 886
14 0 886
0 16 784
16 0 784
0 44 265
44 0 265
0 53 187
53 0 187
0 60 312
60 0 312
0 75 397
75 0 397
0 50 383
50 0 383
0 62 828
62 0 828
0 9 875
9 0 875
0 58 203
58 0 203
0 80 912
80 0 912
0 82 413
82 0 413
0 75 180
75 0 180
0 20 724
20 0 724
0 75 359
75 0 359
0 1 549
1 0 549
1 4 837
4 1 837
1 8 45
8 1 45
1 26 550
26 1 550
1 36 132
36 1 132
1 54 809
54 1 809
1 77 549
77 1 549
1 2 714
2 1 714
1 88 156
88 1 156
1 51 946
51 1 946
1 74 817
74 1 817
1 39 73
39 1 73
1 89 475
89 1 475
1 87 946
87 1 946
1 68 63
68 1 63
2 41 416
41 2 416
2 61 815
61 2 815
2 24 877
24 2 877
2 84 916
84 2 916
2 54 253
54 2 253
2 40 810
40 2 810
2 84 528
84 2 528
2 69 249
69 2 249
2 89 128
89 2 128
2 8 345
8 2 345
2 40 851
40 2 851
2 47 942
47 2 942
2 11 251
11 2 251
2 28 742
28 2 742
2 42 476
42 2 476
3 5 329
5 3 329
3 11 514
11 3 514
3 35 851
35 3 851
3 38 210
38 3 210
3 69 334
69 3 334
3 79 724
79 3 724
3 39 360
39 3 360
3 36 878
36 3 878
3 86 577
86 3 577
3 68 223
68 3 223
3 14 701
14 3 701
3 30 226
30 3 226
3 25 536
25 3 536
4 6 358
6 4 358
4 15 153
15 4 153
4 61 649
61 4 649
4 30 422
30 4 422
4 34 957
34 4 957
4 60 509
60 4 509
4 25 960
25 4 960
4 50 376
50 4 376
4 23 199
23 4 199
4 6 568
6 4 568
4 32 101
32 4 101
5 7 701
7 5 701
5 30 191
30 5 191
5 43 175
43 5 175
5 9 916
9 5 916
5 35 655
35 5 655
5 77 9
77 5 9
5 40 325
40 5 325
5 81 306
81 5 306
5 14 73
14 5 73
5 49 927
49 5 927
5 66 524
66 5 524
5 52 853
52 5 853
5 92 13
92 5 13
5 59 183
59 5 183
5 70 138
70 5 138
6 9 429
9 6 429
6 13 58
13 6 58
6 29 564
29 6 564
6 70 153
70 6 153
6 73 568
73 6 568
6 46 691
46 6 691
6 96 977
96 6 977
6 86 445
86 6 445
6 73 983
73 6 983
6 67 208
67 6 208
6 9 784
9 6 784
6 76 610
76 6 610
6 22 63
22 6 63
6 35 36
35 6 36
7 20 158
20 7 158
7 40 993
40 7 993
7 49 576
49 7 576
7 16 927
16 7 927
7 29 47
29 7 47
7 75 293
75 7 293
7 71 789
71 7 789
7 33 649
33 7 649
7 70 604
70 7 604
7 83 928
83 7 928
8 10 122
10 8 122
8 51 187
51 8 187
8 78 740
78 8 740
8 26 52
26 8 52
8 15 689
15 8 689
8 57 806
57 8 806
8 40 712
40 8 712
8 75 576
75 8 576
8 27 602
27 8 602
8 69 515
69 8 515
8 43 896
43 8 896
8 96 70
96 8 70
9 47 500
47 9 500
9 48 149
48 9 149
9 92 926
92 9 926
9 27 706
27 9 706
9 95 666
95 9 666
9 13 347
13 9 347
9 38 989
38 9 989
9 66 785
66 9 785
9 22 665
22 9 665
9 66 890
66 9 890
9 12 338
12 9 338
10 17 360
17 10 360
10 33 576
33 10 576
10 46 118
46 10 118
10 59 567
59 10 567
10 85 31
85 10 31
10 60 899
60 10 899
10 26 504
26 10 504
10 35 86
35 10 86
10 81 992
81 10 992
10 15 936
15 10 936
10 88 992
88 10 992
10 54 744
54 10 744
10 12 910
12 10 910
11 21 45
21 11 45
11 22 345
22 11 345
11 24 69
24 11 69
11 76 678
76 11 678
11 55 682
55 11 682
11 81 142
81 11 142
11 65 402
65 11 402
11 22 375
22 11 375
11 23 100
23 11 100
11 20 924
20 11 924
11 79 391
79 11 391
11 38 32
38 11 32
11 50 953
50 11 953
11 82 490
82 11 490
11 72 458
72 11 458
11 92 418
92 11 418
12 28 570
28 12 570
12 42 806
42 12 806
12 81 532
81 12 532
12 16 95
16 12 95
12 58 554
58 12 554
12 48 60
48 12 60
12 17 428
17 12 428
12 86 240
86 12 240
12 55 612
55 12 612
12 27 369
27 12 369
13 18 942
18 13 942
13 64 288
64 13 288
13 80 816
80 13 816
13 44 247
44 13 247
13 85 458
85 13 458
13 90 467
90 13 467
13 43 901
43 13 901
13 13 192
13 13 192
13 44 516
44 13 516
13 35 251
35 13 251
13 92 380
92 13 380
13 80 306
80 13 306
13 42 173
42 13 173
14 39 461
39 14 461
14 55 504
55 14 504
14 65 990
65 14 990
14 86 814
86 14 814
14 86 69
86 14 69
14 35 759
35 14 759
14 86 94
86 14 94
14 73 767
73 14 767
14 40 726
40 14 726
14 53 816
53 14 816
14 73 930
73 14 930
14 63 157
63 14 157
14 59 253
59 14 253
14 90 628
90 14 628
15 18 441
18 15 441
15 88 335
88 15 335
15 53 866
53 15 866
15 76 98
76 15 98
15 67 21
67 15 21
15 79 320
79 15 320
15 88 98
88 15 98
16 63 788
63 16 788
16 31 420
31 16 420
16 67 660
67 16 660
16 69 893
69 16 893
16 42 150
42 16 150
16 25 931
25 16 931
17 19 953
19 17 953
17 73 323
73 17 323
17 95 564
95 17 564
17 51 887
51 17 887
17 19 806
19 17 806
17 73 959
73 17 959
17 51 844
51 17 844
17 77 158
77 17 158
17 87 172
87 17 172
18 23 64
23 18 64
18 37 525
37 18 525
18 42 871
42 18 871
18 76 343
76 18 343
18 20 16
20 18 16
18 96 218
96 18 218
18 67 808
67 18 808
18 43 899
43 18 899
19 75 880
75 19 880
19 20 469
20 19 469
19 88 787
88 19 787
19 32 595
32 19 595
19 49 939
49 19 939
19 92 272
92 19 272
19 31 691
31 19 691
19 20 485
20 19 485
19 77 685
77 19 685
19 88 99
88 19 99
19 50 818
50 19 818
19 74 554
74 19 554
19 94 929
94 19 929
19 22 786
22 19 786
19 87 605
87 19 605
19 71 431
71 19 431
19 57 168
57 19 168
20 25 786
25 20 786
20 67 679
67 20 679
20 29 99
29 20 99
20 36 568
36 20 568
20 36 823
36 20 823
20 21 317
21 20 317
20 52 911
52 20 911
21 28 859
28 21 859
21 44 115
44 21 115
21 36 631
36 21 631
21 75 23
75 21 23
21 30 55
30 21 55
21 83 68
83 21 68
21 57 190
57 21 190
21 31 794
31 21 794
21 78 387
78 21 387
21 49 659
49 21 659
21 35 985
35 21 985
21 92 60
92 21 60
21 44 147
44 21 147
22 26 698
26 22 698
22 56 854
56 22 854
22 58 856
58 22 856
22 30 672
30 22 672
22 72 318
72 22 318
23 31 171
31 23 171
23 71 297
71 23 297
23 41 15
41 23 15
23 86 816
86 23 816
23 26 818
26 23 818
23 65 653
65 23 653
23 37 398
37 23 398
23 91 985
91 23 985
23 80 515
80 23 515
24 40 378
40 24 378
24 38 640
38 24 640
24 34 102
34 24 102
24 49 360
49 24 360
24 54 81
54 24 81
24 77 614
77 24 614
25 57 863
57 25 863
25 61 190
61 25 190
25 66 419
66 25 419
25 37 834
37 25 834
25 80 934
80 25 934
25 44 340
44 25 340
25 68 100
68 25 100
25 48 790
48 25 790
26 27 397
27 26 397
26 64 781
64 26 781
26 73 655
73 26 655
26 78 324
78 26 324
26 81 968
81 26 968
26 61 870
61 26 870
26 61 436
61 26 436
26 63 224
63 26 224
26 45 278
45 26 278
26 84 917
84 26 917
26 27 37
27 26 37
26 79 690
79 26 690
27 55 914
55 27 914
27 41 137
41 27 137
27 41 739
41 27 739
27 28 627
28 27 627
27 54 114
54 27 114
27 75 676
75 27 676
27 84 810
84 27 810
27 46 149
46 27 149
28 52 215
52 28 215
28 31 288
31 28 288
28 79 546
79 28 546
28 46 306
46 28 306
29 34 376
34 29 376
29 47 415
47 29 415
29 77 595
77 29 595
29 47 211
47 29 211
29 86 486
86 29 486
29 95 745
95 29 745
30 45 686
45 30 686
30 72 642
72 30 642
30 78 473
78 30 473
30 68 285
68 30 285
30 51 897
51 30 897
31 32 392
32 31 392
31 74 511
74 31 511
31 76 631
76 31 631
31 84 261
84 31 261
31 93 633
93 31 633
32 58 1000
58 32 1000
32 32 718
32 32 718
32 58 541
58 32 541
32 40 378
40 32 378
32 79 359
79 32 359
32 55 565
55 32 565
32 56 532
56 32 532
33 90 223
90 33 223
33 63 544
63 33 544
33 37 205
37 33 205
33 87 28
87 33 28
33 34 748
34 33 748
33 70 638
70 33 638
33 53 852
53 33 852
33 58 601
58 33 601
34 92 783
92 34 783
34 86 182
86 34 182
34 74 139
74 34 139
34 60 568
60 34 568
35 55 657
55 35 657
35 78 317
78 35 317
35 71 680
71 35 680
36 56 618
56 36 618
36 73 633
73 36 633
36 42 604
42 36 604
36 39 453
39 36 453
36 56 629
56 36 629
37 66 445
66 37 445
37 79 690
79 37 690
37 46 355
46 37 355
37 63 33
63 37 33
37 93 209
93 37 209
37 73 466
73 37 466
37 89 414
89 37 414
37 68 9
68 37 9
37 71 626
71 37 626
38 80 827
80 38 827
38 41 480
41 38 480
38 47 138
47 38 138
38 55 635
55 38 635
38 60 520
60 38 520
38 90 239
90 38 239
38 88 99
88 38 99
38 40 333
40 38 333
39 84 875
84 39 875
39 71 640
71 39 640
39 81 806
81 39 806
39 81 416
81 39 416
39 78 100
78 39 100
40 67 882
67 40 882
40 88 189
88 40 189
40 96 975
96 40 975
40 93 61
93 40 61
40 48 81
48 40 81
40 61 780
61 40 780
40 81 520
81 40 520
40 54 925
54 40 925
40 46 443
46 40 443
40 92 58
92 40 58
40 89 481
89 40 481
41 79 302
79 41 302
41 67 361
67 41 361
41 82 138
82 41 138
41 59 35
59 41 35
41 44 855
44 41 855
41 76 664
76 41 664
42 67 232
67 42 232
42 81 398
81 42 398
42 50 554
50 42 554
42 90 268
90 42 268
42 73 749
73 42 749
43 50 222
50 43 222
43 46 610
46 43 610
43 84 221
84 43 221
43 79 417
79 43 417
43 78 505
78 43 505
43 66 66
66 43 66
44 45 697
45 44 697
44 79 941
79 44 941
44 81 712
81 44 712
45 96 867
96 45 867
45 70 622
70 45 622
45 54 939
54 45 939
46 57 955
57 46 955
46 54 560
54 46 560
46 57 829
57 46 829
46 76 634
76 46 634
46 86 117
86 46 117
46 68 812
68 46 812
46 50 220
50 46 220
47 53 256
53 47 256
47 72 456
72 47 456
47 52 27
52 47 27
47 52 429
52 47 429
47 69 335
69 47 335
48 50 718
50 48 718
48 76 370
76 48 370
48 95 669
95 48 669
49 82 367
82 49 367
49 95 890
95 49 890
49 54 774
54 49 774
49 52 149
52 49 149
49 87 829
87 49 829
50 57 191
57 50 191
50 72 2
72 50 2
50 58 796
58 50 796
50 94 534
94 50 534
50 52 657
52 50 657
50 96 958
96 50 958
50 74 785
74 50 785
50 53 720
53 50 720
50 61 215
61 50 215
51 81 584
81 51 584
51 71 838
71 51 838
51 78 659
78 51 659
52 74 570
74 52 570
52 75 901
75 52 901
52 88 12
88 52 12
52 53 339
53 52 339
52 88 595
88 52 595
52 60 465
60 52 465
52 83 74
83 52 74
52 65 580
65 52 580
53 76 830
76 53 830
53 58 237
58 53 237
53 91 1000
91 53 1000
53 90 611
90 53 611
53 69 999
69 53 999
53 80 422
80 53 422
53 70 997
70 53 997
54 84 468
84 54 468
54 79 154
79 54 154
54 63 109
63 54 109
54 95 370
95 54 370
54 73 130
73 54 130
54 72 44
72 54 44
55 73 692
73 55 692
55 74 448
74 55 448
55 88 576
88 55 576
55 96 669
96 55 669
56 68 85
68 56 85
56 87 969
87 56 969
56 62 312
62 56 312
56 78 183
78 56 183
57 93 284
93 57 284
57 59 224
59 57 224
57 59 332
59 57 332
57 59 150
59 57 150
57 71 470
71 57 470
57 65 664
65 57 664
57 75 154
75 57 154
58 72 543
72 58 543
58 88 78
88 58 78
58 79 632
79 58 632
59 62 943
62 59 943
59 68 386
68 59 386
59 62 474
62 59 474
59 59 91
59 59 91
60 92 77
92 60 77
60 66 813
66 60 813
61 89 247
89 61 247
61 74 305
74 61 305
61 70 622
70 61 622
61 96 879
96 61 879
61 73 426
73 61 426
61 90 18
90 61 18
62 95 840
95 62 840
62 81 208
81 62 208
62 96 600
96 62 600
62 65 216
65 62 216
62 96 252
96 62 252
63 75 837
75 63 837
63 94 528
94 63 528
63 94 697
94 63 697
64 84 202
84 64 202
64 81 273
81 64 273
64 65 587
65 64 587
65 78 519
78 65 519
65 88 543
88 65 543
65 69 77
69 65 77
65 70 649
70 65 649
65 74 504
74 65 504
66 72 145
72 66 145
66 88 155
88 66 155
66 87 3
87 66 3
67 73 777
73 67 777
67 90 785
90 67 785
67 72 334
72 67 334
67 95 404
95 67 404
67 72 209
72 67 209
67 90 282
90 67 282
67 89 322
89 67 322
69 75 335
75 69 335
69 93 441
93 69 441
69 79 624
79 69 624
69 76 81
76 69 81
69 82 384
82 69 384
70 96 773
96 70 773
70 74 949
74 70 949
70 77 98
77 70 98
70 87 905
87 70 905
70 83 908
83 70 908
70 79 790
79 70 790
71 90 681
90 71 681
71 96 332
96 71 332
71 77 601
77 71 601
71 75 439
75 71 439
71 86 751
86 71 751
72 81 726
81 72 726
72 77 313
77 72 313
73 77 596
77 73 596
74 77 165
77 74 165
75 94 613
94 75 613
75 93 826
93 75 826
75 93 827
93 75 827
75 92 401
92 75 401
76 82 469
82 76 469
76 94 928
94 76 928
77 83 338
83 77 338
77 78 85
78 77 85
77 86 975
86 77 975
77 86 177
86 77 177
78 92 653
92 78 653
78 82 890
82 78 890
79 85 203
85 79 203
79 94 629
94 79 629
79 90 562
90 79 562
80 94 759
94 80 759
81 83 209
83 81 209
84 88 121
88 84 121
84 92 191
92 84 191
84 96 601
96 84 601
84 89 930
89 84 930
84 88 989
88 84 989
85 89 644
89 85 644
86 95 845
95 86 845
86 86 628
86 86 628
87 91 111
91 87 111
87 96 353
96 87 353
89 93 123
93 89 123
91 92 7
92 91 7
92 93 979
93 92 979
