88

0 1 742
1 0 742
0 11 944
11 0 944
0 36 345
36 0 345
0 27 634
27 0 634
1 2 696
2 1 696
1 3 956
3 1 956
1 4 995
4 1 995
1 19 92
19 1 92
1 71 490
71 1 490
1 61 851
61 1 851
1 41 416
41 1 416
1 2 727
2 1 727
1 42 289
42 1 289
2 5 563
5 2 563
2 8 714
8 2 714
2 17 785
17 2 785
2 18 529
18 2 529
2 49 107
49 2 107
3 6 814
6 3 814
3 27 65
27 3 65
3 39 516
39 3 516
3 42 283
42 3 283
3 62 519
62 3 519
3 27 191
27 3 191
3 62 9
62 3 9
3 82 294
82 3 294
4 9 830
9 4 830
4 22 912
22 4 912
4 60 816
60 4 816
5 7 587
7 5 587
5 61 351
61 5 351
5 83 67
83 5 67
5 84 656
84 5 656
5 53 582
53 5 582
5 65 9
65 5 9
5 18 931
18 5 931
5 48 709
48 5 709
6 15 701
15 6 701
6 20 343
20 6 343
6 29 445
29 6 445
7 12 251
12 7 251
7 66 552
66 7 552
7 68 111
68 7 111
8 10 135
10 8 135
8 12 428
12 8 428
9 13 48
13 9 48
9 14 786
14 9 786
9 58 268
58 9 268
9 33 949
33 9 949
9 87 550
87 9 550
10 25 112
25 10 112
10 75 259
75 10 259
11 56 839
56 11 839
11 16 524
16 11 524
11 26 420
26 11 420
12 43 636
43 12 636
12 65 648
65 12 648
12 57 506
57 12 506
12 60 357
60 12 357
13 16 401
16 13 401
13 47 95
47 13 95
13 87 302
87 13 302
13 59 821
59 13 821
13 47 509
47 13 509
14 54 149
54 14 149
14 29 227
29 14 227
14 82 380
82 14 380
14 19 576
19 14 576
14 38 812
38 14 812
14 56 760
56 14 760
15 31 867
31 15 867
16 35 539
35 16 539
16 50 416
50 16 416
16 53 626
53 16 626
16 55 544
55 16 544
16 33 705
33 16 705
16 59 703
59 16 703
16 75 908
75 16 908
17 48 153
48 17 153
17 49 302
49 17 302
17 55 195
55 17 195
17 54 415
54 17 415
17 36 439
36 17 439
17 56 214
56 17 214
18 74 140
74 18 140
18 56 216
56 18 216
18 48 377
48 18 377
18 81 98
81 18 98
19 79 934
79 19 934
19 77 150
77 19 150
19 71 735
71 19 735
19 86 468
86 19 468
19 54 40
54 19 40
20 21 5
21 20 5
20 24 194
24 20 194
20 26 861
26 20 861
20 28 972
28 20 972
20 57 367
57 20 367
20 81 40
81 20 40
21 23 720
23 21 720
21 48 447
48 21 447
21 72 515
72 21 515
21 82 459
82 21 459
21 81 819
81 21 819
22 33 424
33 22 424
22 43 969
43 22 969
22 43 56
43 22 56
23 81 361
81 23 361
23 45 310
45 23 310
23 72 41
72 23 41
23 39 774
39 23 774
24 29 149
29 24 149
24 85 613
85 24 613
24 46 741
46 24 741
24 80 292
80 24 292
25 34 914
34 25 914
26 30 600
30 26 600
26 32 569
32 26 569
26 65 959
65 26 959
26 58 455
58 26 455
26 73 181
73 26 181
27 45 12
45 27 12
27 48 883
48 27 883
27 61 895
61 27 895
27 34 546
34 27 546
28 38 142
38 28 142
29 41 564
41 29 564
29 67 515
67 29 515
29 62 769
62 29 769
29 83 373
83 29 373
30 40 881
40 30 881
30 73 993
73 30 993
30 86 989
86 30 989
30 84 402
84 30 402
31 74 318
74 31 318
31 87 81
87 31 81
31 76 656
76 31 656
32 49 295
49 32 295
32 69 216
69 32 216
32 58 339
58 32 339
33 76 691
76 33 691
34 36 355
36 34 355
34 53 154
53 34 154
34 46 406
46 34 406
34 77 942
77 34 942
35 37 280
37 35 280
35 67 741
67 35 741
35 63 556
63 35 556
36 76 641
76 36 641
36 39 890
39 36 890
37 44 178
44 37 178
37 51 395
51 37 395
38 72 87
72 38 87
39 45 367
45 39 367
39 82 893
82 39 893
39 55 241
55 39 241
40 59 73
59 40 73
40 46 881
46 40 881
41 77 99
77 41 99
41 58 969
58 41 969
42 60 469
60 42 469
42 67 66
67 42 66
43 55 690
55 43 690
43 65 592
65 43 592
43 84 240
84 43 240
44 52 543
52 44 543
44 77 104
77 44 104
45 46 257
46 45 257
45 63 54
63 45 54
45 50 804
50 45 804
45 80 984
80 45 984
47 64 522
64 47 522
48 64 533
64 48 533
50 51 306
51 50 306
50 68 279
68 50 279
52 86 605
86 52 605
52 68 918
68 52 918
53 74 45
74 53 45
55 58 311
58 55 311
57 78 865
78 57 865
57 83 50
83 57 50
57 61 250
61 57 250
58 84 164
84 58 164
58 71 657
71 58 657
60 68 414
68 60 414
60 68 25
68 60 25
61 70 851
70 61 851
64 66 430
66 64 430
64 70 504
70 64 504
65 77 113
77 65 113
71 82 529
82 71 529
72 73 163
73 72 163
73 83 380
83 73 380
75 80 360
80 75 360
75 85 27
85 75 27
