94

0 1 791
1 0 791
0 2 149
2 0 149
0 7 659
7 0 659
0 58 36
58 0 36
1 8 423
8 1 423
1 13 378
13 1 378
1 39 233
39 1 233
1 3 641
3 1 641
2 3 882
3 2 882
2 4 605
4 2 605
2 5 30
5 2 30
2 27 34
27 2 34
2 46 624
46 2 624
2 83 5
83 2 5
3 6 554
6 3 554
4 25 552
25 4 552
4 21 9
21 4 9
4 90 905
90 4 905
5 9 486
9 5 486
5 82 666
82 5 666
6 48 709
48 6 709
7 22 617
22 7 617
7 29 440
29 7 440
7 31 633
31 7 633
7 47 269
47 7 269
7 56 463
56 7 463
8 10 440
10 8 440
8 12 637
12 8 637
8 76 30
76 8 30
8 90 223
90 8 223
8 78 756
78 8 756
8 86 907
86 8 907
9 19 663
19 9 663
9 68 785
68 9 785
9 22 144
22 9 144
10 11 176
11 10 176
10 37 752
37 10 752
10 18 920
18 10 920
10 81 133
81 10 133
11 41 805
41 11 805
11 57 6
57 11 6
11 64 289
64 11 289
11 63 198
63 11 198
11 75 582
75 11 582
12 24 713
24 12 713
12 93 949
93 12 949
13 14 895
14 13 895
13 73 119
73 13 119
14 15 596
15 14 596
14 17 562
17 14 562
14 20 593
20 14 593
14 23 418
23 14 418
14 35 761
35 14 761
14 91 507
91 14 507
15 16 314
16 15 314
15 18 456
18 15 456
15 56 174
56 15 174
16 51 373
51 16 373
16 91 993
91 16 993
18 21 557
21 18 557
18 30 609
30 18 609
18 45 617
45 18 617
19 54 884
54 19 884
19 58 512
58 19 512
20 44 749
44 20 749
20 60 148
60 20 148
20 37 306
37 20 306
21 26 478
26 21 478
21 33 871
33 21 871
22 32 648
32 22 648
22 50 930
50 22 930
23 42 948
42 23 948
23 74 288
74 23 288
24 28 985
28 24 985
26 82 438
82 26 438
26 84 433
84 26 433
26 48 979
48 26 979
26 50 740
50 26 740
27 34 646
34 27 646
27 45 30
45 27 30
27 37 486
37 27 486
27 71 678
71 27 678
28 40 702
40 28 702
28 65 53
65 28 53
28 67 711
67 28 711
28 35 790
35 28 790
28 82 690
82 28 690
29 61 807
61 29 807
29 71 947
71 29 947
29 75 519
75 29 519
30 36 691
36 30 691
30 87 363
87 30 363
31 86 641
86 31 641
33 38 497
38 33 497
33 70 409
70 33 409
33 80 439
80 33 439
33 85 292
85 33 292
34 69 576
69 34 576
34 69 449
69 34 449
34 42 625
42 34 625
38 43 988
43 38 988
40 82 363
82 40 363
42 66 994
66 42 994
43 49 711
49 43 711
43 69 349
69 43 349
43 58 680
58 43 680
44 62 553
62 44 553
45 78 112
78 45 112
46 73 738
73 46 738
46 92 220
92 46 220
46 91 777
91 46 777
47 55 436
55 47 436
49 59 790
59 49 790
49 63 390
63 49 390
50 52 729
52 50 729
50 57 305
57 50 305
51 53 734
53 51 734
55 58 799
58 55 799
56 81 281
81 56 281
57 59 256
59 57 256
58 88 708
88 58 708
59 87 982
87 59 982
60 91 75
91 60 75
63 72 59
72 63 59
63 86 196
86 63 196
65 79 692
79 65 692
66 92 761
92 66 761
67 78 433
78 67 433
68 77 6
77 68 6
74 93 880
93 74 880
79 89 54
89 79 54
