94

0 1 185
1 0 185
0 2 701
2 0 701
0 15 73
15 0 73
0 23 339
23 0 339
0 24 481
24 0 481
0 67 610
67 0 610
1 39 351
39 1 351
1 78 778
78 1 778
1 2 884
2 1 884
2 3 719
3 2 719
2 4 103
4 2 103
2 7 503
7 2 503
2 47 105
47 2 105
2 67 230
67 2 230
2 36 275
36 2 275
2 28 171
28 2 171
3 5 352
5 3 352
3 8 771
8 3 771
3 11 292
11 3 292
3 22 706
22 3 706
3 71 673
71 3 673
3 22 629
22 3 629
3 92 463
92 3 463
3 39 162
39 3 162
3 55 980
55 3 980
4 18 327
18 4 327
4 20 301
20 4 301
4 45 686
45 4 686
4 82 152
82 4 152
4 91 154
91 4 154
5 6 577
6 5 577
5 21 244
21 5 244
5 32 594
32 5 594
5 42 755
42 5 755
5 45 805
45 5 805
6 16 436
16 6 436
6 37 107
37 6 107
6 51 221
51 6 221
6 21 205
21 6 205
7 40 827
40 7 827
7 41 896
41 7 896
7 91 705
91 7 705
7 12 779
12 7 779
7 18 863
18 7 863
8 9 631
9 8 631
8 10 774
10 8 774
8 13 670
13 8 670
8 49 11
49 8 11
9 20 578
20 9 578
9 33 502
33 9 502
9 48 370
48 9 370
9 59 473
59 9 473
9 17 481
17 9 481
9 77 566
77 9 566
9 16 517
16 9 517
9 34 278
34 9 278
10 12 75
12 10 75
10 17 990
17 10 990
10 19 264
19 10 264
10 43 889
43 10 889
10 21 265
21 10 265
10 51 424
51 10 424
12 14 194
14 12 194
12 34 135
34 12 135
12 88 420
88 12 420
12 92 347
92 12 347
12 27 928
27 12 928
12 61 683
61 12 683
13 25 502
25 13 502
13 88 892
88 13 892
13 60 747
60 13 747
14 28 555
28 14 555
14 82 609
82 14 609
14 17 806
17 14 806
15 44 997
44 15 997
15 66 351
66 15 351
15 26 631
26 15 631
16 29 204
29 16 204
16 93 402
93 16 402
17 49 69
49 17 69
17 29 539
29 17 539
17 89 719
89 17 719
18 26 577
26 18 577
18 30 848
30 18 848
18 65 382
65 18 382
19 26 417
26 19 417
20 50 485
50 20 485
20 55 881
55 20 881
20 61 630
61 20 630
20 92 553
92 20 553
21 28 489
28 21 489
21 83 523
83 21 523
21 47 54
47 21 54
22 29 764
29 22 764
22 71 508
71 22 508
22 36 373
36 22 373
23 66 15
66 23 15
23 51 485
51 23 485
23 30 176
30 23 176
23 64 613
64 23 613
24 27 181
27 24 181
24 35 299
35 24 299
24 77 549
77 24 549
24 83 775
83 24 775
24 91 944
91 24 944
25 46 119
46 25 119
25 83 788
83 25 788
25 74 864
74 25 864
25 75 124
75 25 124
25 46 54
46 25 54
25 44 994
44 25 994
25 32 419
32 25 419
26 45 43
45 26 43
26 69 501
69 26 501
26 87 686
87 26 686
26 33 687
33 26 687
26 80 649
80 26 649
28 57 857
57 28 857
28 34 170
34 28 170
29 31 312
31 29 312
30 36 513
36 30 513
30 68 224
68 30 224
30 74 615
74 30 615
30 93 953
93 30 953
31 80 417
80 31 417
31 45 285
45 31 285
32 38 917
38 32 917
32 65 195
65 32 195
32 33 186
33 32 186
33 53 801
53 33 801
33 36 571
36 33 571
34 64 427
64 34 427
34 68 263
68 34 263
34 83 275
83 34 275
34 91 130
91 34 130
34 36 572
36 34 572
35 92 458
92 35 458
37 41 106
41 37 106
39 58 520
58 39 520
40 56 181
56 40 181
41 86 102
86 41 102
41 54 95
54 41 95
43 67 544
67 43 544
43 80 875
80 43 875
44 54 138
54 44 138
45 93 226
93 45 226
45 50 592
50 45 592
45 81 535
81 45 535
46 52 507
52 46 507
46 84 990
84 46 990
49 60 637
60 49 637
49 61 674
61 49 674
49 63 832
63 49 832
49 72 300
72 49 300
51 58 308
58 51 308
51 69 272
69 51 272
52 62 775
62 52 775
52 53 534
53 52 534
52 89 831
89 52 831
53 59 807
59 53 807
53 93 749
93 53 749
54 59 592
59 54 592
54 76 35
76 54 35
54 54 976
54 54 976
54 92 441
92 54 441
55 83 881
83 55 881
55 74 562
74 55 562
56 66 742
66 56 742
56 92 699
92 56 699
56 63 465
63 56 465
58 84 906
84 58 906
58 66 507
66 58 507
58 67 419
67 58 419
59 73 908
73 59 908
60 65 564
65 60 564
61 85 730
85 61 730
62 83 855
83 62 855
63 75 585
75 63 585
65 81 999
81 65 999
65 93 415
93 65 415
66 79 310
79 66 310
67 73 232
73 67 232
67 91 353
91 67 353
68 70 564
70 68 564
68 68 159
68 68 159
69 84 513
84 69 513
71 81 947
81 71 947
71 81 879
81 71 879
72 78 567
78 72 567
73 83 587
83 73 587
73 88 451
88 73 451
74 77 212
77 74 212
74 82 237
82 74 237
75 86 981
86 75 981
77 90 682
90 77 682
78 90 428
90 78 428
79 81 594
81 79 594
79 89 900
89 79 900
80 90 430
90 80 430
81 82 885
82 81 885
81 87 804
87 81 804
84 89 672
89 84 672
85 89 480
89 85 480
86 90 201
90 86 201
87 88 373
88 87 373
90 92 520
92 90 520
