32

0 1 340
1 0 340
0 2 512
2 0 512
0 9 983
9 0 983
1 3 321
3 1 321
1 4 8
4 1 8
1 5 763
5 1 763
1 11 767
11 1 767
1 8 711
8 1 711
1 17 116
17 1 116
1 2 758
2 1 758
2 5 611
5 2 611
3 6 270
6 3 270
3 10 790
10 3 790
3 15 792
15 3 792
3 31 851
31 3 851
4 17 554
17 4 554
5 7 205
7 5 205
5 14 353
14 5 353
5 25 159
25 5 159
5 20 151
20 5 151
6 8 513
8 6 513
6 17 332
17 6 332
7 29 52
29 7 52
8 21 204
21 8 204
8 22 26
22 8 26
8 23 305
23 8 305
9 12 440
12 9 440
9 13 975
13 9 975
10 31 476
31 10 476
11 26 189
26 11 189
13 27 429
27 13 429
14 24 235
24 14 235
15 16 203
16 15 203
15 18 333
18 15 333
16 20 641
20 16 641
16 18 869
18 16 869
17 18 733
18 17 733
17 19 785
19 17 785
17 29 927
29 17 927
18 21 729
21 18 729
19 28 540
28 19 540
22 30 601
30 22 601
24 27 72
27 24 72
26 29 652
29 26 652
27 28 895
28 27 895
28 30 4
30 28 4
29 31 225
31 29 225
