67

0 1 291
1 0 291
0 26 309
26 0 309
0 45 102
45 0 102
0 6 358
6 0 358
0 31 491
31 0 491
0 43 217
43 0 217
1 2 623
2 1 623
1 7 625
7 1 625
1 22 456
22 1 456
1 40 994
40 1 994
2 3 361
3 2 361
2 4 936
4 2 936
2 5 463
5 2 463
2 8 169
8 2 169
2 37 313
37 2 313
2 46 228
46 2 228
3 12 563
12 3 563
3 17 325
17 3 325
3 20 749
20 3 749
3 25 938
25 3 938
3 36 180
36 3 180
3 55 596
55 3 596
3 45 321
45 3 321
4 15 185
15 4 185
4 24 247
24 4 247
4 53 449
53 4 449
5 6 704
6 5 704
5 10 437
10 5 437
5 33 758
33 5 758
5 34 415
34 5 415
6 11 124
11 6 124
6 20 11
20 6 11
7 54 670
54 7 670
8 9 111
9 8 111
8 16 329
16 8 329
8 31 341
31 8 341
8 46 731
46 8 731
8 54 477
54 8 477
8 60 847
60 8 847
8 16 837
16 8 837
9 21 109
21 9 109
9 29 171
29 9 171
9 30 179
30 9 179
11 13 894
13 11 894
11 32 143
32 11 143
11 31 770
31 11 770
11 39 354
39 11 354
12 18 456
18 12 456
12 41 316
41 12 316
13 14 208
14 13 208
13 64 65
64 13 65
14 51 24
51 14 24
15 61 540
61 15 540
16 28 870
28 16 870
16 66 238
66 16 238
17 19 771
19 17 771
17 30 551
30 17 551
18 23 289
23 18 289
18 45 261
45 18 261
18 65 771
65 18 771
18 49 657
49 18 657
19 32 425
32 19 425
19 35 496
35 19 496
19 66 825
66 19 825
19 55 571
55 19 571
19 64 45
64 19 45
20 52 841
52 20 841
21 44 693
44 21 693
22 23 124
23 22 124
23 27 884
27 23 884
23 49 417
49 23 417
23 58 108
58 23 108
23 37 776
37 23 776
23 55 913
55 23 913
24 28 720
28 24 720
25 35 841
35 25 841
26 50 951
50 26 951
26 65 228
65 26 228
26 29 874
29 26 874
27 37 475
37 27 475
27 40 21
40 27 21
27 53 286
53 27 286
28 63 608
63 28 608
28 34 46
34 28 46
28 50 199
50 28 199
29 42 889
42 29 889
29 37 237
37 29 237
29 33 468
33 29 468
30 47 461
47 30 461
30 51 55
51 30 55
32 43 774
43 32 774
33 55 584
55 33 584
33 34 940
34 33 940
34 39 349
39 34 349
34 40 572
40 34 572
35 59 427
59 35 427
36 38 896
38 36 896
36 58 580
58 36 580
37 64 525
64 37 525
37 54 922
54 37 922
38 54 355
54 38 355
40 59 537
59 40 537
40 43 115
43 40 115
41 52 881
52 41 881
41 46 824
46 41 824
42 48 111
48 42 111
43 62 1
62 43 1
43 54 843
54 43 843
44 52 459
52 44 459
45 45 242
45 45 242
46 52 563
52 46 563
48 58 866
58 48 866
50 53 11
53 50 11
50 56 975
56 50 975
51 65 994
65 51 994
51 63 979
63 51 979
55 57 249
57 55 249
57 65 48
65 57 48
59 59 607
59 59 607
61 66 286
66 61 286
