85

0 1 160
1 0 160
0 2 639
2 0 639
0 48 551
48 0 551
0 67 20
67 0 20
0 22 578
22 0 578
0 68 460
68 0 460
1 3 546
3 1 546
1 4 525
4 1 525
1 29 749
29 1 749
1 53 269
53 1 269
1 57 980
57 1 980
2 7 800
7 2 800
2 11 748
11 2 748
2 19 640
19 2 640
2 30 512
30 2 512
2 51 545
51 2 545
2 37 840
37 2 840
3 21 884
21 3 884
3 37 365
37 3 365
3 62 537
62 3 537
3 58 304
58 3 304
4 5 742
5 4 742
4 6 888
6 4 888
4 9 194
9 4 194
4 44 862
44 4 862
4 77 757
77 4 757
4 41 635
41 4 635
4 31 693
31 4 693
4 5 138
5 4 138
5 8 39
8 5 39
5 10 888
10 5 888
5 14 335
14 5 335
5 71 818
71 5 818
5 72 904
72 5 904
5 31 305
31 5 305
5 14 545
14 5 545
6 12 165
12 6 165
6 50 785
50 6 785
7 28 593
28 7 593
7 34 430
34 7 430
7 42 557
42 7 557
7 47 929
47 7 929
7 60 15
60 7 15
7 23 474
23 7 474
7 61 302
61 7 302
8 35 692
35 8 692
8 38 912
38 8 912
8 73 943
73 8 943
8 60 743
60 8 743
9 17 568
17 9 568
9 14 672
14 9 672
10 13 24
13 10 24
10 15 272
15 10 272
10 25 221
25 10 221
10 67 109
67 10 109
10 59 708
59 10 708
10 50 894
50 10 894
11 16 883
16 11 883
11 24 154
24 11 154
11 70 599
70 11 599
11 29 837
29 11 837
12 75 808
75 12 808
13 27 109
27 13 109
13 84 674
84 13 674
13 76 675
76 13 675
13 83 711
83 13 711
14 53 708
53 14 708
15 57 339
57 15 339
16 26 310
26 16 310
16 40 703
40 16 703
16 25 954
25 16 954
16 48 582
48 16 582
17 18 306
18 17 306
17 20 902
20 17 902
17 45 147
45 17 147
18 22 784
22 18 784
18 49 235
49 18 235
18 78 211
78 18 211
18 57 121
57 18 121
18 66 620
66 18 620
19 82 298
82 19 298
20 31 590
31 20 590
20 46 760
46 20 760
20 50 409
50 20 409
20 76 727
76 20 727
20 34 22
34 20 22
21 39 3
39 21 3
21 43 981
43 21 981
21 45 748
45 21 748
22 23 938
23 22 938
22 65 851
65 22 851
23 32 631
32 23 631
23 36 97
36 23 97
24 49 943
49 24 943
25 33 46
33 25 46
25 57 808
57 25 808
25 61 277
61 25 277
26 55 288
55 26 288
26 31 605
31 26 605
27 41 650
41 27 650
28 50 955
50 28 955
28 38 601
38 28 601
28 49 626
49 28 626
28 32 840
32 28 840
28 72 523
72 28 523
29 59 487
59 29 487
30 66 578
66 30 578
31 52 700
52 31 700
31 59 235
59 31 235
31 54 410
54 31 410
32 68 92
68 32 92
32 69 293
69 32 293
33 79 187
79 33 187
33 56 108
56 33 108
34 55 618
55 34 618
34 44 614
44 34 614
34 84 392
84 34 392
35 74 420
74 35 420
35 79 855
79 35 855
35 55 881
55 35 881
36 60 790
60 36 790
36 47 479
47 36 479
37 54 387
54 37 387
39 80 203
80 39 203
41 63 15
63 41 15
42 56 595
56 42 595
42 68 802
68 42 802
42 48 615
48 42 615
42 63 822
63 42 822
43 51 61
51 43 61
43 64 293
64 43 293
43 83 187
83 43 187
43 49 674
49 43 674
44 81 750
81 44 750
45 58 759
58 45 759
46 75 627
75 46 627
46 60 984
60 46 984
47 68 109
68 47 109
47 74 999
74 47 999
48 54 992
54 48 992
50 60 756
60 50 756
50 79 452
79 50 452
51 70 398
70 51 398
52 57 137
57 52 137
55 71 758
71 55 758
56 81 422
81 56 422
57 61 619
61 57 619
57 69 584
69 57 584
59 81 886
81 59 886
61 65 673
65 61 673
63 69 165
69 63 165
63 64 546
64 63 546
67 77 792
77 67 792
69 77 269
77 69 269
71 84 491
84 71 491
74 76 549
76 74 549
81 82 202
82 81 202
