87

0 1 472
1 0 472
0 3 383
3 0 383
0 5 830
5 0 830
0 83 851
83 0 851
0 49 147
49 0 147
1 2 292
2 1 292
1 18 583
18 1 583
1 29 976
29 1 976
1 56 453
56 1 453
1 42 580
42 1 580
2 24 941
24 2 941
2 81 615
81 2 615
3 4 18
4 3 18
3 15 420
15 3 420
3 25 259
25 3 259
3 31 212
31 3 212
3 38 474
38 3 474
3 53 719
53 3 719
4 6 8
6 4 8
4 10 420
10 4 420
4 86 464
86 4 464
4 56 357
56 4 357
4 66 506
66 4 506
5 11 852
11 5 852
5 13 288
13 5 288
5 41 101
41 5 101
5 37 242
37 5 242
5 52 36
52 5 36
6 7 919
7 6 919
6 16 704
16 6 704
6 19 985
19 6 985
6 33 508
33 6 508
6 36 787
36 6 787
6 39 372
39 6 372
6 75 313
75 6 313
6 38 547
38 6 547
6 60 276
60 6 276
6 16 796
16 6 796
7 8 487
8 7 487
7 26 495
26 7 495
7 37 73
37 7 73
7 73 31
73 7 31
8 9 630
9 8 630
8 41 450
41 8 450
8 53 146
53 8 146
8 15 594
15 8 594
8 16 471
16 8 471
9 14 580
14 9 580
9 23 778
23 9 778
9 61 532
61 9 532
9 77 526
77 9 526
9 35 475
35 9 475
9 67 343
67 9 343
10 22 354
22 10 354
10 35 898
35 10 898
10 48 336
48 10 336
10 83 50
83 10 50
10 39 96
39 10 96
10 13 322
13 10 322
11 12 196
12 11 196
11 50 292
50 11 292
12 51 710
51 12 710
13 20 655
20 13 655
13 32 953
32 13 953
13 86 32
86 13 32
13 41 459
41 13 459
13 83 751
83 13 751
14 60 117
60 14 117
14 72 183
72 14 183
14 16 977
16 14 977
15 17 13
17 15 13
15 45 607
45 15 607
15 57 862
57 15 862
15 58 568
58 15 568
15 62 722
62 15 722
15 43 774
43 15 774
16 77 595
77 16 595
16 39 77
39 16 77
17 36 25
36 17 25
17 70 709
70 17 709
17 79 919
79 17 919
18 40 564
40 18 564
18 41 397
41 18 397
18 65 591
65 18 591
18 33 785
33 18 785
18 46 577
46 18 577
19 21 97
21 19 97
19 63 250
63 19 250
20 82 497
82 20 497
20 68 90
68 20 90
21 62 275
62 21 275
21 72 193
72 21 193
21 25 519
25 21 519
21 39 991
39 21 991
21 47 811
47 21 811
21 27 325
27 21 325
22 65 151
65 22 151
22 79 589
79 22 589
22 59 716
59 22 716
23 26 195
26 23 195
24 27 473
27 24 473
24 28 43
28 24 43
24 52 278
52 24 278
24 53 30
53 24 30
25 38 89
38 25 89
26 66 14
66 26 14
26 48 504
48 26 504
26 74 910
74 26 910
26 46 806
46 26 806
27 48 6
48 27 6
28 30 419
30 28 419
28 36 281
36 28 281
29 83 44
83 29 44
29 60 840
60 29 840
29 86 669
86 29 669
30 43 299
43 30 299
30 31 608
31 30 608
30 46 463
46 30 463
31 82 84
82 31 84
31 37 851
37 31 851
32 46 445
46 32 445
32 56 623
56 32 623
32 66 524
66 32 524
33 34 44
34 33 44
33 71 386
71 33 386
33 57 931
57 33 931
34 55 209
55 34 209
34 35 710
35 34 710
35 82 787
82 35 787
35 85 828
85 35 828
36 57 415
57 36 415
36 38 296
38 36 296
36 79 34
79 36 34
37 42 624
42 37 624
37 43 714
43 37 714
38 70 809
70 38 809
39 47 719
47 39 719
39 49 880
49 39 880
39 54 542
54 39 542
39 83 976
83 39 976
39 68 112
68 39 112
40 71 532
71 40 532
40 41 548
41 40 548
41 44 214
44 41 214
41 59 659
59 41 659
41 76 570
76 41 570
41 78 988
78 41 988
42 66 189
66 42 189
44 57 943
57 44 943
45 80 89
80 45 89
45 64 662
64 45 662
46 54 811
54 46 811
46 74 991
74 46 991
46 64 204
64 46 204
47 58 335
58 47 335
47 80 485
80 47 485
48 67 225
67 48 225
48 57 192
57 48 192
49 52 501
52 49 501
49 70 983
70 49 983
49 51 36
51 49 36
51 64 758
64 51 758
51 61 184
61 51 184
52 68 112
68 52 112
54 73 482
73 54 482
55 65 289
65 55 289
55 84 172
84 55 172
60 63 736
63 60 736
60 82 47
82 60 47
60 79 867
79 60 867
60 77 881
77 60 881
61 84 510
84 61 510
61 85 226
85 61 226
62 70 542
70 62 542
63 69 877
69 63 877
65 71 583
71 65 583
69 79 635
79 69 635
72 77 598
77 72 598
74 82 906
82 74 906
75 85 998
85 75 998
85 86 353
86 85 353
