44

0 1 557
1 0 557
0 6 788
6 0 788
0 37 641
37 0 641
0 2 317
2 0 317
0 32 292
32 0 292
0 33 121
33 0 121
0 2 678
2 0 678
1 2 589
2 1 589
1 3 525
3 1 525
1 10 332
10 1 332
1 18 611
18 1 611
2 4 642
4 2 642
2 13 303
13 2 303
2 30 347
30 2 347
2 20 830
20 2 830
2 20 512
20 2 512
2 30 783
30 2 783
2 27 624
27 2 624
2 15 82
15 2 82
3 5 727
5 3 727
3 7 229
7 3 229
3 8 578
8 3 578
3 22 49
22 3 49
3 24 273
24 3 273
3 35 3
35 3 3
3 20 26
20 3 26
3 7 843
7 3 843
4 9 831
9 4 831
4 18 936
18 4 936
4 24 19
24 4 19
4 21 700
21 4 700
4 33 913
33 4 913
4 23 214
23 4 214
5 15 158
15 5 158
5 16 623
16 5 623
5 17 747
17 5 747
5 41 361
41 5 361
5 26 340
26 5 340
5 38 545
38 5 545
5 21 308
21 5 308
5 43 110
43 5 110
5 6 536
6 5 536
5 40 849
40 5 849
6 12 108
12 6 108
6 27 79
27 6 79
6 28 838
28 6 838
6 34 194
34 6 194
6 19 128
19 6 128
6 25 122
25 6 122
6 27 966
27 6 966
7 21 105
21 7 105
7 43 350
43 7 350
7 21 215
21 7 215
7 13 402
13 7 402
7 9 955
9 7 955
8 10 600
10 8 600
8 11 187
11 8 187
8 36 12
36 8 12
8 16 626
16 8 626
8 38 817
38 8 817
8 18 304
18 8 304
8 38 856
38 8 856
8 23 159
23 8 159
9 26 726
26 9 726
9 32 368
32 9 368
9 39 533
39 9 533
9 22 236
22 9 236
10 23 159
23 10 159
10 10 9
10 10 9
10 12 444
12 10 444
10 19 264
19 10 264
10 32 720
32 10 720
10 30 959
30 10 959
10 42 670
42 10 670
10 43 951
43 10 951
11 14 941
14 11 941
11 12 337
12 11 337
11 29 796
29 11 796
11 34 637
34 11 637
11 33 477
33 11 477
12 15 493
15 12 493
12 24 246
24 12 246
13 25 532
25 13 532
13 33 82
33 13 82
13 35 958
35 13 958
13 36 184
36 13 184
14 39 718
39 14 718
14 22 498
22 14 498
14 32 519
32 14 519
14 34 154
34 14 154
15 42 89
42 15 89
15 22 527
22 15 527
15 21 121
21 15 121
15 37 846
37 15 846
15 18 769
18 15 769
15 15 788
15 15 788
16 20 972
20 16 972
16 36 635
36 16 635
16 39 448
39 16 448
16 36 771
36 16 771
16 32 694
32 16 694
17 19 865
19 17 865
17 35 16
35 17 16
17 33 44
33 17 44
17 25 586
25 17 586
17 39 166
39 17 166
17 31 1
31 17 1
17 25 698
25 17 698
17 28 641
28 17 641
18 29 309
29 18 309
18 32 389
32 18 389
18 21 276
21 18 276
19 41 294
41 19 294
19 23 331
23 19 331
19 42 809
42 19 809
20 21 476
21 20 476
20 40 115
40 20 115
20 32 874
32 20 874
20 29 607
29 20 607
21 24 191
24 21 191
21 22 966
22 21 966
21 43 792
43 21 792
21 33 391
33 21 391
22 34 604
34 22 604
22 42 835
42 22 835
22 31 601
31 22 601
22 30 786
30 22 786
22 24 478
24 22 478
22 27 247
27 22 247
23 29 341
29 23 341
23 31 850
31 23 850
23 38 829
38 23 829
24 38 418
38 24 418
24 35 276
35 24 276
24 39 716
39 24 716
24 26 913
26 24 913
25 28 497
28 25 497
25 25 84
25 25 84
26 37 241
37 26 241
26 28 393
28 26 393
27 36 520
36 27 520
27 41 622
41 27 622
27 32 1
32 27 1
28 30 857
30 28 857
28 34 218
34 28 218
29 40 103
40 29 103
29 31 494
31 29 494
29 36 748
36 29 748
30 36 787
36 30 787
30 33 21
33 30 21
30 43 501
43 30 501
31 32 693
32 31 693
32 33 492
33 32 492
33 39 269
39 33 269
34 36 231
36 34 231
34 39 20
39 34 20
35 39 929
39 35 929
35 42 782
42 35 782
35 41 152
41 35 152
36 37 576
37 36 576
36 38 437
38 36 437
36 40 645
40 36 645
38 39 905
39 38 905
38 41 728
41 38 728
39 43 10
43 39 10
39 42 47
42 39 47
40 42 685
42 40 685
