74

0 1 592
1 0 592
0 2 986
2 0 986
0 6 422
6 0 422
0 43 679
43 0 679
0 16 18
16 0 18
1 4 764
4 1 764
1 5 498
5 1 498
1 8 412
8 1 412
1 13 17
13 1 17
1 18 827
18 1 827
1 21 358
21 1 358
1 39 380
39 1 380
1 42 826
42 1 826
1 66 253
66 1 253
1 27 630
27 1 630
1 4 942
4 1 942
1 34 371
34 1 371
2 3 696
3 2 696
2 49 699
49 2 699
2 7 108
7 2 108
2 53 864
53 2 864
2 32 603
32 2 603
3 9 914
9 3 914
3 64 113
64 3 113
3 23 503
23 3 503
3 24 73
24 3 73
3 17 970
17 3 970
3 64 522
64 3 522
4 11 45
11 4 45
4 20 304
20 4 304
4 26 984
26 4 984
4 45 204
45 4 204
4 29 722
29 4 722
4 27 716
27 4 716
4 59 771
59 4 771
4 36 30
36 4 30
5 14 493
14 5 493
5 70 864
70 5 864
5 15 124
15 5 124
5 18 443
18 5 443
5 59 425
59 5 425
6 7 454
7 6 454
6 10 215
10 6 215
6 48 240
48 6 240
7 16 667
16 7 667
7 31 219
31 7 219
7 59 76
59 7 76
7 36 165
36 7 165
8 41 634
41 8 634
8 62 868
62 8 868
8 73 605
73 8 605
8 70 304
70 8 304
9 15 164
15 9 164
9 35 874
35 9 874
10 12 686
12 10 686
10 43 827
43 10 827
10 11 293
11 10 293
10 63 470
63 10 470
10 32 820
32 10 820
10 15 747
15 10 747
10 73 359
73 10 359
10 18 101
18 10 101
11 40 208
40 11 208
12 31 788
31 12 788
12 35 30
35 12 30
12 19 564
19 12 564
12 47 282
47 12 282
13 17 768
17 13 768
13 34 50
34 13 50
13 25 618
25 13 618
13 63 21
63 13 21
13 37 625
37 13 625
13 53 144
53 13 144
13 32 889
32 13 889
14 30 248
30 14 248
14 31 489
31 14 489
15 24 623
24 15 623
15 25 620
25 15 620
15 69 517
69 15 517
15 33 662
33 15 662
15 70 399
70 15 399
15 72 491
72 15 491
16 32 263
32 16 263
16 44 597
44 16 597
16 61 239
61 16 239
16 19 611
19 16 611
16 65 261
65 16 261
17 23 583
23 17 583
17 28 302
28 17 302
18 19 248
19 18 248
18 27 140
27 18 140
18 28 889
28 18 889
18 59 233
59 18 233
18 71 606
71 18 606
18 36 145
36 18 145
19 58 395
58 19 395
19 60 783
60 19 783
19 68 162
68 19 162
20 50 994
50 20 994
20 66 764
66 20 764
20 72 290
72 20 290
20 20 742
20 20 742
20 66 513
66 20 513
21 22 711
22 21 711
21 36 822
36 21 822
21 57 509
57 21 509
21 69 994
69 21 994
21 56 877
56 21 877
21 67 39
67 21 39
21 24 347
24 21 347
21 27 375
27 21 375
22 32 944
32 22 944
22 57 480
57 22 480
22 45 453
45 22 453
23 65 643
65 23 643
23 43 5
43 23 5
23 65 102
65 23 102
24 54 60
54 24 60
24 26 250
26 24 250
24 33 424
33 24 424
25 29 588
29 25 588
25 45 411
45 25 411
25 64 891
64 25 891
26 31 4
31 26 4
27 33 977
33 27 977
27 72 565
72 27 565
27 52 306
52 27 306
28 37 943
37 28 943
28 53 488
53 28 488
28 43 4
43 28 4
29 38 660
38 29 660
29 63 128
63 29 128
30 54 952
54 30 952
30 39 215
39 30 215
30 47 120
47 30 120
32 53 772
53 32 772
32 36 890
36 32 890
32 65 437
65 32 437
33 65 526
65 33 526
33 53 787
53 33 787
35 73 89
73 35 89
36 46 61
46 36 61
36 47 883
47 36 883
36 66 349
66 36 349
38 51 311
51 38 311
38 69 498
69 38 498
38 71 877
71 38 877
39 56 788
56 39 788
39 67 360
67 39 360
40 64 535
64 40 535
40 50 200
50 40 200
40 62 196
62 40 196
41 70 708
70 41 708
42 52 331
52 42 331
42 55 502
55 42 502
42 71 774
71 42 774
42 71 922
71 42 922
42 45 758
45 42 758
44 46 348
46 44 348
44 51 480
51 44 480
45 63 702
63 45 702
45 70 961
70 45 961
46 48 693
48 46 693
46 67 462
67 46 462
46 65 223
65 46 223
47 69 193
69 47 193
53 56 15
56 53 15
54 58 611
58 54 611
56 59 913
59 56 913
56 65 517
65 56 517
60 62 184
62 60 184
60 69 26
69 60 26
66 71 397
71 66 397
69 71 725
71 69 725
69 70 898
70 69 898
70 72 337
72 70 337
70 73 736
73 70 736
