81

0 1 406
1 0 406
0 2 799
2 0 799
0 12 194
12 0 194
0 14 136
14 0 136
0 41 996
41 0 996
0 61 246
61 0 246
0 33 212
33 0 212
0 63 184
63 0 184
0 18 754
18 0 754
0 48 422
48 0 422
0 42 320
42 0 320
0 16 90
16 0 90
0 47 127
47 0 127
0 14 145
14 0 145
0 46 841
46 0 841
0 10 172
10 0 172
0 17 835
17 0 835
0 27 670
27 0 670
0 44 763
44 0 763
0 11 935
11 0 935
1 5 986
5 1 986
1 58 404
58 1 404
1 56 620
56 1 620
1 35 575
35 1 575
1 75 926
75 1 926
1 19 992
19 1 992
1 20 939
20 1 939
1 35 778
35 1 778
1 14 208
14 1 208
1 71 565
71 1 565
1 60 54
60 1 54
1 25 388
25 1 388
1 2 952
2 1 952
1 67 336
67 1 336
1 38 408
38 1 408
1 5 342
5 1 342
1 47 41
47 1 41
1 33 752
33 1 752
2 3 932
3 2 932
2 10 556
10 2 556
2 11 38
11 2 38
2 19 282
19 2 282
2 79 124
79 2 124
2 8 451
8 2 451
2 20 696
20 2 696
2 40 375
40 2 375
2 69 704
69 2 704
2 24 282
24 2 282
2 68 471
68 2 471
2 79 349
79 2 349
2 26 813
26 2 813
2 37 152
37 2 152
2 15 166
15 2 166
2 15 235
15 2 235
3 4 438
4 3 438
3 8 484
8 3 484
3 13 665
13 3 665
3 15 581
15 3 581
3 23 640
23 3 640
3 45 218
45 3 218
3 6 967
6 3 967
3 32 114
32 3 114
3 75 417
75 3 417
3 33 940
33 3 940
3 38 382
38 3 382
3 14 233
14 3 233
3 48 712
48 3 712
3 3 824
3 3 824
3 32 587
32 3 587
3 58 192
58 3 192
3 41 535
41 3 535
3 20 335
20 3 335
3 39 178
39 3 178
4 6 864
6 4 864
4 27 385
27 4 385
4 48 709
48 4 709
4 53 256
53 4 256
4 14 4
14 4 4
4 78 615
78 4 615
4 52 862
52 4 862
4 60 379
60 4 379
4 67 112
67 4 112
4 30 549
30 4 549
4 25 44
25 4 44
4 76 641
76 4 641
5 9 675
9 5 675
5 16 416
16 5 416
5 27 334
27 5 334
5 10 990
10 5 990
5 41 417
41 5 417
5 49 158
49 5 158
5 31 116
31 5 116
5 9 542
9 5 542
5 26 505
26 5 505
5 57 373
57 5 373
6 7 661
7 6 661
6 40 541
40 6 541
6 47 550
47 6 550
6 41 997
41 6 997
6 79 887
79 6 887
6 61 612
61 6 612
6 27 762
27 6 762
6 70 168
70 6 168
6 30 592
30 6 592
6 40 481
40 6 481
6 9 296
9 6 296
7 46 862
46 7 862
7 28 405
28 7 405
7 60 885
60 7 885
7 8 689
8 7 689
7 26 245
26 7 245
7 58 339
58 7 339
7 41 133
41 7 133
7 63 931
63 7 931
7 60 90
60 7 90
7 46 58
46 7 58
7 23 313
23 7 313
7 61 670
61 7 670
7 11 386
11 7 386
7 46 787
46 7 787
7 16 512
16 7 512
7 42 889
42 7 889
8 26 810
26 8 810
8 27 165
27 8 165
8 37 852
37 8 852
8 31 680
31 8 680
8 53 345
53 8 345
8 60 108
60 8 108
8 74 239
74 8 239
8 35 294
35 8 294
8 53 726
53 8 726
8 62 350
62 8 350
8 53 345
53 8 345
8 21 515
21 8 515
8 70 355
70 8 355
8 19 252
19 8 252
9 17 381
17 9 381
9 71 558
71 9 558
9 17 831
17 9 831
9 63 809
63 9 809
9 10 882
10 9 882
9 80 403
80 9 403
9 33 897
33 9 897
9 27 454
27 9 454
9 59 408
59 9 408
9 41 360
41 9 360
10 24 811
24 10 811
10 51 422
51 10 422
10 75 847
75 10 847
10 73 905
73 10 905
10 24 24
24 10 24
10 53 547
53 10 547
10 16 511
16 10 511
10 26 863
26 10 863
10 43 347
43 10 347
10 42 433
42 10 433
10 48 880
48 10 880
10 48 896
48 10 896
10 18 992
18 10 992
10 63 147
63 10 147
10 62 743
62 10 743
10 39 338
39 10 338
10 68 336
68 10 336
10 78 554
78 10 554
10 43 443
43 10 443
11 21 987
21 11 987
11 44 656
44 11 656
11 47 899
47 11 899
11 65 561
65 11 561
11 42 37
42 11 37
11 19 11
19 11 11
11 31 688
31 11 688
11 36 626
36 11 626
11 60 429
60 11 429
11 47 544
47 11 544
11 18 570
18 11 570
11 26 447
26 11 447
11 46 257
46 11 257
11 52 782
52 11 782
12 18 697
18 12 697
12 18 420
18 12 420
12 45 382
45 12 382
12 58 538
58 12 538
12 21 989
21 12 989
12 38 798
38 12 798
12 51 392
51 12 392
12 77 48
77 12 48
12 27 324
27 12 324
12 36 974
36 12 974
12 14 690
14 12 690
13 39 680
39 13 680
13 57 311
57 13 311
13 45 670
45 13 670
13 62 977
62 13 977
13 73 137
73 13 137
13 71 798
71 13 798
13 43 578
43 13 578
13 67 100
67 13 100
14 25 144
25 14 144
14 59 423
59 14 423
14 17 187
17 14 187
14 57 520
57 14 520
14 28 465
28 14 465
14 42 223
42 14 223
14 18 88
18 14 88
14 40 413
40 14 413
14 77 123
77 14 123
14 50 413
50 14 413
14 54 147
54 14 147
14 78 172
78 14 172
14 57 936
57 14 936
14 18 737
18 14 737
14 35 215
35 14 215
14 36 462
36 14 462
14 67 208
67 14 208
14 75 312
75 14 312
14 21 499
21 14 499
14 45 373
45 14 373
14 61 744
61 14 744
14 27 284
27 14 284
15 46 632
46 15 632
15 39 778
39 15 778
15 21 728
21 15 728
15 73 86
73 15 86
15 26 81
26 15 81
15 24 45
24 15 45
15 38 260
38 15 260
15 47 239
47 15 239
15 72 416
72 15 416
15 38 431
38 15 431
16 42 492
42 16 492
16 53 665
53 16 665
16 26 537
26 16 537
16 76 980
76 16 980
16 48 72
48 16 72
16 63 854
63 16 854
16 63 494
63 16 494
16 80 730
80 16 730
16 56 432
56 16 432
16 49 521
49 16 521
16 66 651
66 16 651
16 67 770
67 16 770
16 60 636
60 16 636
17 31 850
31 17 850
17 45 725
45 17 725
17 77 389
77 17 389
17 60 667
60 17 667
17 74 326
74 17 326
17 24 916
24 17 916
18 20 107
20 18 107
18 49 833
49 18 833
18 79 850
79 18 850
18 55 102
55 18 102
18 29 757
29 18 757
18 64 173
64 18 173
18 54 724
54 18 724
18 26 541
26 18 541
19 54 554
54 19 554
19 36 240
36 19 240
19 41 339
41 19 339
19 80 51
80 19 51
19 35 823
35 19 823
19 62 892
62 19 892
19 39 182
39 19 182
20 77 113
77 20 113
20 31 954
31 20 954
20 65 142
65 20 142
20 27 48
27 20 48
20 36 687
36 20 687
20 57 778
57 20 778
20 34 325
34 20 325
20 42 615
42 20 615
21 22 130
22 21 130
21 28 983
28 21 983
21 30 162
30 21 162
21 68 60
68 21 60
21 78 641
78 21 641
21 53 957
53 21 957
21 47 496
47 21 496
21 23 615
23 21 615
21 69 678
69 21 678
21 32 677
32 21 677
21 38 260
38 21 260
21 52 439
52 21 439
21 55 741
55 21 741
21 63 264
63 21 264
22 29 626
29 22 626
22 33 255
33 22 255
22 57 621
57 22 621
22 70 867
70 22 867
22 29 474
29 22 474
22 42 542
42 22 542
22 60 581
60 22 581
22 71 660
71 22 660
22 32 423
32 22 423
23 32 386
32 23 386
23 34 521
34 23 521
23 61 944
61 23 944
23 53 504
53 23 504
23 68 126
68 23 126
23 51 233
51 23 233
23 40 118
40 23 118
23 60 490
60 23 490
23 51 860
51 23 860
23 78 171
78 23 171
23 79 393
79 23 393
23 76 983
76 23 983
23 35 803
35 23 803
24 29 336
29 24 336
24 48 854
48 24 854
24 40 243
40 24 243
24 62 402
62 24 402
24 60 673
60 24 673
24 65 955
65 24 955
24 42 36
42 24 36
24 32 558
32 24 558
24 48 82
48 24 82
25 34 786
34 25 786
25 80 139
80 25 139
25 69 368
69 25 368
25 38 509
38 25 509
25 57 346
57 25 346
25 64 163
64 25 163
25 37 511
37 25 511
25 55 801
55 25 801
25 79 118
79 25 118
25 58 520
58 25 520
26 33 943
33 26 943
26 41 275
41 26 275
26 55 173
55 26 173
26 60 40
60 26 40
26 64 417
64 26 417
26 38 624
38 26 624
26 32 853
32 26 853
26 29 786
29 26 786
26 62 972
62 26 972
26 63 211
63 26 211
26 30 536
30 26 536
27 50 586
50 27 586
27 40 614
40 27 614
27 61 496
61 27 496
27 80 394
80 27 394
27 80 504
80 27 504
27 38 754
38 27 754
27 65 385
65 27 385
27 69 854
69 27 854
27 69 964
69 27 964
27 57 349
57 27 349
27 45 18
45 27 18
27 53 729
53 27 729
27 58 236
58 27 236
27 37 931
37 27 931
27 46 803
46 27 803
27 72 130
72 27 130
27 76 846
76 27 846
28 35 928
35 28 928
28 66 77
66 28 77
28 49 727
49 28 727
28 63 884
63 28 884
28 37 950
37 28 950
28 73 363
73 28 363
28 32 45
32 28 45
28 39 696
39 28 696
28 32 257
32 28 257
28 42 343
42 28 343
28 57 793
57 28 793
28 33 910
33 28 910
28 72 558
72 28 558
28 74 739
74 28 739
29 43 704
43 29 704
29 36 231
36 29 231
29 45 715
45 29 715
29 49 22
49 29 22
29 52 577
52 29 577
29 44 178
44 29 178
29 39 986
39 29 986
29 59 651
59 29 651
29 71 39
71 29 39
29 42 779
42 29 779
29 41 810
41 29 810
29 62 478
62 29 478
29 63 718
63 29 718
29 49 368
49 29 368
29 66 745
66 29 745
30 36 53
36 30 53
30 78 665
78 30 665
30 63 510
63 30 510
30 56 357
56 30 357
30 36 189
36 30 189
30 64 275
64 30 275
30 76 560
76 30 560
30 33 396
33 30 396
30 40 193
40 30 193
31 52 857
52 31 857
31 32 36
32 31 36
31 76 196
76 31 196
31 70 218
70 31 218
31 43 321
43 31 321
31 63 267
63 31 267
31 46 751
46 31 751
31 79 461
79 31 461
31 38 240
38 31 240
31 48 36
48 31 36
31 61 738
61 31 738
31 56 532
56 31 532
31 65 459
65 31 459
31 49 676
49 31 676
31 62 106
62 31 106
31 74 574
74 31 574
31 57 532
57 31 532
31 50 25
50 31 25
32 70 333
70 32 333
32 71 185
71 32 185
32 78 464
78 32 464
32 39 412
39 32 412
32 47 486
47 32 486
32 46 80
46 32 80
32 75 696
75 32 696
32 37 309
37 32 309
32 70 505
70 32 505
32 68 714
68 32 714
32 75 6
75 32 6
33 48 420
48 33 420
33 34 995
34 33 995
33 53 279
53 33 279
33 50 960
50 33 960
33 73 865
73 33 865
33 41 130
41 33 130
33 36 522
36 33 522
33 58 789
58 33 789
33 37 1000
37 33 1000
33 60 234
60 33 234
33 55 445
55 33 445
33 73 56
73 33 56
34 59 223
59 34 223
34 61 626
61 34 626
34 45 371
45 34 371
34 75 432
75 34 432
34 63 514
63 34 514
34 47 523
47 34 523
34 43 801
43 34 801
34 72 593
72 34 593
34 56 715
56 34 715
34 75 291
75 34 291
34 64 836
64 34 836
34 44 36
44 34 36
34 74 466
74 34 466
34 36 867
36 34 867
35 48 195
48 35 195
35 53 468
53 35 468
35 74 190
74 35 190
35 68 543
68 35 543
35 43 859
43 35 859
35 59 716
59 35 716
36 38 703
38 36 703
36 45 791
45 36 791
36 76 458
76 36 458
36 80 190
80 36 190
36 50 193
50 36 193
36 52 754
52 36 754
36 64 477
64 36 477
36 39 54
39 36 54
36 51 292
51 36 292
37 48 440
48 37 440
37 76 696
76 37 696
37 60 836
60 37 836
37 59 54
59 37 54
37 53 530
53 37 530
37 57 329
57 37 329
38 42 108
42 38 108
38 42 908
42 38 908
38 56 197
56 38 197
38 45 932
45 38 932
38 68 929
68 38 929
38 62 392
62 38 392
38 73 378
73 38 378
38 41 729
41 38 729
39 46 724
46 39 724
39 49 966
49 39 966
39 70 736
70 39 736
39 61 700
61 39 700
39 61 806
61 39 806
39 53 183
53 39 183
39 48 475
48 39 475
39 71 798
71 39 798
40 47 481
47 40 481
40 61 40
61 40 40
40 79 481
79 40 481
40 73 667
73 40 667
40 73 979
73 40 979
41 45 223
45 41 223
41 46 350
46 41 350
41 53 38
53 41 38
41 53 950
53 41 950
41 55 789
55 41 789
42 62 328
62 42 328
42 63 505
63 42 505
42 59 512
59 42 512
42 45 115
45 42 115
42 43 859
43 42 859
42 69 406
69 42 406
42 71 714
71 42 714
42 64 877
64 42 877
43 67 415
67 43 415
43 71 512
71 43 512
43 48 870
48 43 870
43 59 95
59 43 95
43 79 64
79 43 64
43 45 708
45 43 708
43 60 852
60 43 852
43 54 742
54 43 742
43 58 582
58 43 582
43 72 931
72 43 931
43 62 467
62 43 467
43 61 288
61 43 288
43 49 745
49 43 745
44 71 6
71 44 6
44 77 822
77 44 822
44 53 914
53 44 914
44 50 657
50 44 657
44 57 584
57 44 584
44 56 623
56 44 623
44 74 93
74 44 93
44 53 317
53 44 317
44 46 497
46 44 497
44 52 671
52 44 671
45 68 731
68 45 731
45 58 252
58 45 252
45 54 789
54 45 789
45 52 599
52 45 599
45 57 125
57 45 125
45 66 195
66 45 195
45 77 909
77 45 909
45 62 999
62 45 999
45 60 398
60 45 398
45 56 839
56 45 839
46 51 360
51 46 360
46 65 454
65 46 454
46 52 940
52 46 940
46 75 482
75 46 482
46 73 10
73 46 10
46 55 640
55 46 640
46 75 874
75 46 874
47 56 995
56 47 995
47 74 577
74 47 577
47 72 800
72 47 800
47 53 514
53 47 514
47 54 232
54 47 232
47 54 795
54 47 795
47 49 973
49 47 973
47 73 174
73 47 174
48 71 908
71 48 908
48 69 606
69 48 606
48 53 958
53 48 958
48 76 86
76 48 86
48 69 367
69 48 367
48 66 552
66 48 552
48 79 661
79 48 661
48 50 6
50 48 6
48 66 530
66 48 530
48 53 295
53 48 295
48 63 568
63 48 568
48 80 731
80 48 731
48 70 161
70 48 161
49 60 454
60 49 454
49 68 133
68 49 133
49 62 32
62 49 32
49 72 406
72 49 406
50 54 463
54 50 463
50 71 765
71 50 765
50 76 403
76 50 403
50 55 358
55 50 358
50 59 838
59 50 838
50 74 376
74 50 376
50 73 475
73 50 475
50 75 809
75 50 809
51 76 475
76 51 475
51 69 98
69 51 98
51 56 775
56 51 775
51 73 844
73 51 844
51 72 58
72 51 58
51 67 890
67 51 890
52 72 467
72 52 467
52 66 515
66 52 515
52 58 922
58 52 922
52 71 680
71 52 680
52 64 738
64 52 738
52 55 91
55 52 91
53 64 609
64 53 609
53 65 490
65 53 490
53 58 584
58 53 584
53 80 323
80 53 323
53 60 387
60 53 387
53 78 70
78 53 70
53 65 426
65 53 426
53 66 704
66 53 704
54 74 496
74 54 496
54 71 315
71 54 315
54 58 770
58 54 770
55 67 693
67 55 693
55 75 445
75 55 445
55 64 305
64 55 305
55 68 437
68 55 437
55 65 895
65 55 895
55 58 170
58 55 170
55 73 237
73 55 237
55 71 658
71 55 658
56 79 844
79 56 844
56 70 835
70 56 835
57 80 138
80 57 138
57 66 734
66 57 734
57 67 921
67 57 921
57 59 26
59 57 26
58 63 218
63 58 218
58 73 652
73 58 652
58 63 424
63 58 424
58 58 115
58 58 115
58 76 512
76 58 512
58 63 138
63 58 138
59 72 327
72 59 327
60 69 471
69 60 471
60 79 44
79 60 44
60 73 296
73 60 296
60 62 418
62 60 418
60 74 197
74 60 197
62 69 843
69 62 843
62 71 344
71 62 344
63 67 272
67 63 272
63 80 767
80 63 767
64 74 865
74 64 865
64 64 997
64 64 997
65 76 423
76 65 423
67 68 830
68 67 830
67 71 734
71 67 734
68 76 486
76 68 486
68 68 787
68 68 787
68 79 566
79 68 566
69 72 227
72 69 227
69 75 200
75 69 200
69 79 359
79 69 359
70 76 23
76 70 23
70 79 550
79 70 550
71 73 343
73 71 343
71 72 865
72 71 865
71 73 243
73 71 243
72 74 189
74 72 189
72 74 868
74 72 868
73 75 718
75 73 718
73 75 350
75 73 350
