86

0 1 330
1 0 330
0 2 976
2 0 976
0 3 157
3 0 157
0 9 655
9 0 655
0 47 974
47 0 974
0 45 338
45 0 338
0 63 293
63 0 293
0 37 364
37 0 364
0 57 701
57 0 701
0 23 944
23 0 944
0 50 79
50 0 79
0 60 406
60 0 406
0 66 450
66 0 450
0 81 654
81 0 654
0 2 720
2 0 720
0 70 204
70 0 204
0 54 874
54 0 874
0 70 64
70 0 64
0 28 113
28 0 113
0 16 751
16 0 751
0 21 352
21 0 352
1 10 579
10 1 579
1 14 643
14 1 643
1 23 678
23 1 678
1 29 565
29 1 565
1 67 922
67 1 922
1 10 909
10 1 909
1 31 550
31 1 550
1 35 965
35 1 965
1 36 816
36 1 816
1 81 434
81 1 434
1 39 143
39 1 143
1 53 714
53 1 714
1 62 582
62 1 582
1 44 236
44 1 236
1 75 941
75 1 941
1 8 997
8 1 997
1 77 285
77 1 285
1 36 350
36 1 350
1 69 108
69 1 108
1 20 198
20 1 198
1 70 263
70 1 263
1 25 874
25 1 874
2 4 915
4 2 915
2 6 902
6 2 902
2 7 968
7 2 968
2 37 508
37 2 508
2 72 436
72 2 436
2 25 517
25 2 517
2 68 954
68 2 954
2 72 883
72 2 883
2 12 493
12 2 493
2 21 69
21 2 69
2 12 866
12 2 866
2 20 24
20 2 24
2 11 2
11 2 2
2 70 121
70 2 121
2 58 223
58 2 223
2 65 579
65 2 579
2 65 686
65 2 686
2 25 136
25 2 136
2 45 466
45 2 466
2 36 861
36 2 861
3 11 430
11 3 430
3 13 893
13 3 893
3 15 893
15 3 893
3 22 546
22 3 546
3 63 994
63 3 994
3 64 408
64 3 408
3 43 637
43 3 637
3 54 568
54 3 568
3 55 105
55 3 105
3 34 480
34 3 480
3 69 54
69 3 54
3 55 721
55 3 721
3 72 103
72 3 103
3 14 743
14 3 743
3 65 251
65 3 251
3 58 758
58 3 758
3 70 367
70 3 367
3 31 715
31 3 715
4 5 370
5 4 370
4 16 920
16 4 920
4 38 145
38 4 145
4 40 616
40 4 616
4 84 710
84 4 710
4 53 194
53 4 194
4 51 903
51 4 903
4 36 554
36 4 554
4 36 180
36 4 180
4 19 766
19 4 766
4 39 316
39 4 316
4 12 372
12 4 372
4 22 218
22 4 218
4 61 717
61 4 717
4 36 31
36 4 31
4 32 472
32 4 472
4 58 311
58 4 311
4 28 215
28 4 215
4 18 753
18 4 753
5 19 371
19 5 371
5 69 520
69 5 520
5 6 738
6 5 738
5 40 925
40 5 925
5 73 890
73 5 890
5 37 30
37 5 30
5 68 238
68 5 238
5 71 121
71 5 121
5 43 894
43 5 894
5 68 221
68 5 221
5 32 467
32 5 467
5 20 868
20 5 868
5 17 519
17 5 519
5 71 573
71 5 573
5 19 993
19 5 993
5 38 75
38 5 75
5 51 525
51 5 525
6 12 943
12 6 943
6 59 940
59 6 940
6 75 190
75 6 190
6 44 99
44 6 99
6 36 751
36 6 751
6 51 3
51 6 3
6 83 511
83 6 511
6 39 771
39 6 771
6 71 132
71 6 132
6 43 826
43 6 826
6 16 84
16 6 84
6 36 631
36 6 631
6 39 971
39 6 971
6 15 823
15 6 823
6 28 109
28 6 109
7 8 69
8 7 69
7 26 957
26 7 957
7 29 141
29 7 141
7 30 496
30 7 496
7 76 920
76 7 920
7 49 504
49 7 504
7 62 938
62 7 938
7 26 235
26 7 235
7 18 458
18 7 458
8 44 928
44 8 928
8 39 715
39 8 715
8 28 532
28 8 532
8 9 353
9 8 353
8 71 527
71 8 527
8 68 861
68 8 861
8 15 509
15 8 509
8 77 451
77 8 451
8 85 56
85 8 56
8 62 510
62 8 510
8 48 685
48 8 685
8 46 581
46 8 581
9 18 190
18 9 190
9 30 464
30 9 464
9 46 326
46 9 326
9 80 710
80 9 710
9 47 317
47 9 317
9 52 129
52 9 129
9 54 252
54 9 252
9 34 379
34 9 379
9 49 606
49 9 606
9 60 701
60 9 701
9 45 522
45 9 522
9 54 784
54 9 784
9 73 432
73 9 432
9 22 553
22 9 553
9 31 940
31 9 940
9 81 66
81 9 66
9 72 204
72 9 204
9 37 197
37 9 197
9 31 360
31 9 360
9 33 934
33 9 934
10 32 896
32 10 896
10 62 610
62 10 610
10 64 550
64 10 550
10 11 638
11 10 638
10 20 294
20 10 294
10 34 713
34 10 713
10 61 46
61 10 46
10 50 421
50 10 421
10 78 117
78 10 117
10 49 913
49 10 913
10 60 396
60 10 396
10 15 191
15 10 191
10 51 751
51 10 751
11 13 84
13 11 84
11 28 63
28 11 63
11 17 332
17 11 332
11 19 34
19 11 34
11 54 941
54 11 941
11 26 89
26 11 89
11 48 837
48 11 837
11 84 102
84 11 102
11 15 404
15 11 404
11 41 398
41 11 398
12 17 453
17 12 453
12 36 162
36 12 162
12 48 220
48 12 220
12 74 53
74 12 53
12 64 690
64 12 690
12 72 381
72 12 381
12 73 121
73 12 121
12 30 799
30 12 799
12 41 997
41 12 997
12 48 370
48 12 370
12 50 210
50 12 210
12 54 207
54 12 207
12 70 85
70 12 85
12 46 196
46 12 196
12 82 988
82 12 988
12 50 351
50 12 351
12 48 345
48 12 345
12 77 845
77 12 845
12 72 899
72 12 899
12 65 528
65 12 528
13 39 33
39 13 33
13 44 890
44 13 890
13 49 57
49 13 57
13 40 609
40 13 609
13 84 969
84 13 969
13 62 830
62 13 830
13 62 60
62 13 60
13 56 60
56 13 60
13 59 597
59 13 597
13 32 506
32 13 506
13 53 342
53 13 342
13 42 585
42 13 585
13 49 879
49 13 879
13 48 524
48 13 524
14 21 208
21 14 208
14 38 738
38 14 738
14 70 855
70 14 855
14 18 326
18 14 326
14 30 674
30 14 674
14 68 191
68 14 191
14 81 133
81 14 133
14 34 543
34 14 543
14 20 291
20 14 291
14 41 258
41 14 258
14 15 806
15 14 806
14 58 542
58 14 542
14 39 14
39 14 14
14 19 441
19 14 441
15 27 292
27 15 292
15 20 58
20 15 58
15 67 343
67 15 343
15 34 249
34 15 249
15 77 956
77 15 956
15 75 364
75 15 364
15 85 562
85 15 562
15 47 859
47 15 859
15 45 803
45 15 803
15 69 732
69 15 732
15 81 135
81 15 135
15 72 492
72 15 492
15 53 487
53 15 487
15 53 300
53 15 300
15 75 670
75 15 670
15 39 842
39 15 842
15 60 77
60 15 77
15 31 911
31 15 911
15 58 616
58 15 616
15 41 338
41 15 338
15 18 345
18 15 345
15 37 370
37 15 370
16 35 111
35 16 111
16 43 31
43 16 31
16 61 409
61 16 409
16 42 919
42 16 919
16 57 621
57 16 621
16 80 902
80 16 902
16 63 794
63 16 794
16 28 346
28 16 346
16 67 202
67 16 202
16 69 179
69 16 179
16 80 738
80 16 738
16 16 307
16 16 307
16 82 525
82 16 525
16 48 846
48 16 846
16 60 253
60 16 253
16 51 860
51 16 860
17 41 265
41 17 265
17 51 580
51 17 580
17 55 862
55 17 862
17 77 678
77 17 678
17 32 935
32 17 935
17 28 358
28 17 358
17 45 145
45 17 145
17 69 670
69 17 670
17 65 113
65 17 113
17 21 625
21 17 625
17 20 514
20 17 514
17 68 546
68 17 546
17 36 439
36 17 439
17 49 241
49 17 241
17 22 34
22 17 34
17 23 920
23 17 920
18 28 771
28 18 771
18 31 438
31 18 438
18 58 243
58 18 243
18 51 358
51 18 358
18 35 370
35 18 370
18 46 740
46 18 740
18 55 549
55 18 549
18 41 491
41 18 491
19 20 850
20 19 850
19 35 851
35 19 851
19 56 215
56 19 215
19 57 840
57 19 840
19 20 59
20 19 59
19 74 936
74 19 936
19 71 157
71 19 157
19 85 852
85 19 852
19 64 492
64 19 492
19 26 299
26 19 299
19 66 116
66 19 116
19 57 30
57 19 30
19 51 431
51 19 431
19 50 878
50 19 878
20 24 877
24 20 877
20 54 766
54 20 766
20 33 888
33 20 888
20 42 210
42 20 210
20 30 263
30 20 263
20 72 317
72 20 317
20 49 608
49 20 608
20 68 215
68 20 215
20 70 496
70 20 496
21 21 918
21 21 918
21 23 131
23 21 131
21 27 138
27 21 138
21 32 2
32 21 2
21 70 823
70 21 823
21 60 979
60 21 979
21 71 477
71 21 477
21 28 791
28 21 791
22 45 464
45 22 464
22 54 383
54 22 383
22 62 986
62 22 986
22 39 757
39 22 757
22 32 234
32 22 234
22 63 593
63 22 593
22 32 396
32 22 396
22 55 643
55 22 643
22 54 492
54 22 492
22 63 162
63 22 162
22 43 535
43 22 535
23 25 769
25 23 769
23 39 143
39 23 143
23 28 533
28 23 533
23 74 535
74 23 535
23 34 944
34 23 944
23 68 172
68 23 172
23 47 888
47 23 888
23 47 538
47 23 538
23 39 950
39 23 950
23 62 723
62 23 723
23 41 712
41 23 712
23 81 589
81 23 589
24 33 694
33 24 694
24 29 771
29 24 771
24 80 409
80 24 409
24 68 597
68 24 597
24 52 242
52 24 242
24 28 647
28 24 647
24 75 212
75 24 212
25 47 907
47 25 907
25 68 303
68 25 303
25 77 756
77 25 756
25 48 286
48 25 286
25 42 396
42 25 396
25 81 887
81 25 887
25 54 363
54 25 363
25 57 674
57 25 674
25 45 961
45 25 961
25 73 79
73 25 79
25 61 34
61 25 34
25 71 508
71 25 508
25 66 949
66 25 949
25 73 213
73 25 213
26 76 238
76 26 238
26 42 867
42 26 867
26 43 408
43 26 408
26 36 438
36 26 438
26 65 716
65 26 716
26 84 794
84 26 794
26 69 263
69 26 263
26 52 983
52 26 983
26 83 127
83 26 127
26 72 769
72 26 769
27 34 648
34 27 648
27 32 7
32 27 7
27 27 977
27 27 977
27 63 854
63 27 854
27 54 432
54 27 432
27 66 4
66 27 4
27 44 10
44 27 10
27 47 121
47 27 121
27 54 274
54 27 274
27 33 758
33 27 758
27 32 366
32 27 366
27 80 919
80 27 919
27 54 740
54 27 740
28 64 909
64 28 909
28 37 920
37 28 920
28 78 497
78 28 497
28 52 744
52 28 744
28 28 841
28 28 841
28 38 453
38 28 453
28 72 758
72 28 758
29 37 309
37 29 309
29 79 815
79 29 815
29 33 569
33 29 569
29 55 533
55 29 533
29 40 991
40 29 991
29 44 86
44 29 86
29 58 546
58 29 546
29 54 233
54 29 233
29 47 518
47 29 518
29 62 363
62 29 363
30 78 905
78 30 905
30 32 347
32 30 347
30 44 402
44 30 402
30 41 228
41 30 228
30 79 413
79 30 413
30 85 854
85 30 854
30 65 975
65 30 975
30 34 214
34 30 214
30 45 150
45 30 150
30 55 700
55 30 700
30 55 426
55 30 426
30 39 849
39 30 849
31 65 247
65 31 247
31 76 620
76 31 620
31 41 230
41 31 230
31 54 114
54 31 114
31 39 287
39 31 287
31 37 727
37 31 727
32 50 166
50 32 166
32 38 214
38 32 214
32 79 154
79 32 154
32 80 493
80 32 493
32 73 394
73 32 394
32 51 522
51 32 522
32 46 827
46 32 827
32 40 589
40 32 589
33 45 454
45 33 454
33 66 313
66 33 313
33 67 754
67 33 754
33 55 126
55 33 126
33 49 613
49 33 613
33 63 705
63 33 705
33 63 872
63 33 872
33 83 127
83 33 127
33 39 406
39 33 406
33 37 920
37 33 920
34 71 576
71 34 576
34 51 61
51 34 61
34 52 945
52 34 945
34 76 143
76 34 143
34 36 547
36 34 547
34 68 940
68 34 940
34 82 400
82 34 400
34 37 363
37 34 363
34 82 627
82 34 627
34 84 444
84 34 444
34 49 480
49 34 480
35 67 193
67 35 193
35 82 713
82 35 713
35 74 525
74 35 525
35 80 242
80 35 242
35 68 828
68 35 828
35 63 188
63 35 188
35 78 13
78 35 13
35 61 496
61 35 496
36 42 358
42 36 358
36 56 878
56 36 878
36 71 11
71 36 11
36 38 154
38 36 154
36 57 690
57 36 690
36 77 137
77 36 137
36 45 654
45 36 654
36 52 603
52 36 603
37 65 806
65 37 806
37 73 495
73 37 495
37 57 190
57 37 190
37 62 198
62 37 198
37 68 33
68 37 33
37 52 36
52 37 36
37 72 518
72 37 518
37 59 142
59 37 142
38 42 44
42 38 44
39 81 747
81 39 747
39 58 679
58 39 679
39 42 214
42 39 214
39 50 240
50 39 240
39 62 639
62 39 639
39 47 776
47 39 776
39 83 673
83 39 673
39 58 16
58 39 16
39 85 771
85 39 771
39 61 645
61 39 645
40 57 182
57 40 182
40 64 828
64 40 828
40 43 641
43 40 641
40 45 183
45 40 183
40 49 150
49 40 150
41 47 481
47 41 481
41 52 480
52 41 480
41 49 171
49 41 171
41 47 58
47 41 58
41 58 342
58 41 342
41 53 891
53 41 891
41 67 781
67 41 781
41 42 717
42 41 717
41 56 370
56 41 370
41 58 340
58 41 340
42 66 84
66 42 84
42 73 471
73 42 471
42 82 527
82 42 527
42 76 854
76 42 854
42 54 873
54 42 873
42 79 246
79 42 246
42 73 858
73 42 858
42 58 854
58 42 854
42 69 234
69 42 234
43 45 472
45 43 472
43 72 338
72 43 338
43 66 766
66 43 766
43 64 882
64 43 882
43 62 759
62 43 759
43 47 801
47 43 801
43 75 399
75 43 399
43 72 220
72 43 220
43 81 143
81 43 143
44 49 687
49 44 687
44 81 994
81 44 994
44 79 147
79 44 147
44 51 24
51 44 24
44 46 323
46 44 323
44 63 40
63 44 40
44 79 881
79 44 881
45 85 520
85 45 520
45 66 850
66 45 850
45 66 115
66 45 115
45 73 230
73 45 230
45 72 14
72 45 14
45 63 550
63 45 550
45 65 782
65 45 782
45 77 484
77 45 484
45 82 900
82 45 900
46 65 485
65 46 485
46 58 203
58 46 203
46 77 611
77 46 611
46 82 117
82 46 117
46 69 322
69 46 322
46 62 530
62 46 530
47 74 453
74 47 453
47 59 244
59 47 244
47 50 996
50 47 996
47 75 564
75 47 564
47 71 122
71 47 122
47 51 982
51 47 982
47 77 490
77 47 490
47 50 273
50 47 273
47 55 105
55 47 105
48 53 85
53 48 85
48 75 287
75 48 287
48 67 756
67 48 756
48 85 353
85 48 353
48 64 326
64 48 326
48 73 243
73 48 243
48 76 527
76 48 527
48 62 993
62 48 993
48 82 262
82 48 262
49 52 569
52 49 569
49 76 19
76 49 19
49 59 200
59 49 200
49 63 891
63 49 891
49 67 608
67 49 608
50 57 803
57 50 803
50 79 377
79 50 377
50 85 994
85 50 994
50 84 859
84 50 859
50 81 781
81 50 781
50 81 665
81 50 665
51 59 729
59 51 729
52 65 149
65 52 149
52 85 541
85 52 541
52 81 381
81 52 381
52 81 319
81 52 319
52 62 331
62 52 331
52 71 755
71 52 755
52 64 642
64 52 642
53 72 958
72 53 958
53 73 740
73 53 740
53 76 512
76 53 512
53 65 437
65 53 437
53 73 451
73 53 451
54 60 17
60 54 17
54 70 516
70 54 516
54 55 533
55 54 533
55 75 930
75 55 930
55 57 104
57 55 104
55 61 621
61 55 621
55 80 551
80 55 551
55 59 468
59 55 468
55 85 280
85 55 280
56 63 75
63 56 75
56 76 434
76 56 434
56 79 996
79 56 996
56 75 688
75 56 688
56 60 794
60 56 794
56 66 10
66 56 10
57 62 922
62 57 922
57 74 13
74 57 13
57 60 962
60 57 962
57 81 612
81 57 612
58 84 861
84 58 861
58 62 90
62 58 90
58 63 409
63 58 409
58 79 818
79 58 818
59 70 457
70 59 457
59 61 497
61 59 497
59 77 713
77 59 713
59 64 967
64 59 967
59 61 507
61 59 507
60 79 119
79 60 119
60 80 301
80 60 301
60 76 618
76 60 618
61 76 750
76 61 750
61 62 419
62 61 419
61 67 99
67 61 99
62 73 685
73 62 685
62 81 911
81 62 911
62 70 887
70 62 887
62 66 596
66 62 596
62 84 642
84 62 642
63 83 409
83 63 409
63 84 752
84 63 752
63 81 736
81 63 736
63 73 32
73 63 32
63 80 531
80 63 531
64 65 105
65 64 105
64 83 16
83 64 16
64 85 241
85 64 241
64 74 748
74 64 748
64 78 445
78 64 445
65 82 49
82 65 49
65 78 692
78 65 692
65 78 946
78 65 946
65 83 572
83 65 572
66 76 636
76 66 636
66 73 708
73 66 708
66 74 79
74 66 79
67 73 493
73 67 493
67 84 506
84 67 506
67 83 859
83 67 859
67 74 623
74 67 623
67 78 566
78 67 566
68 77 626
77 68 626
69 72 249
72 69 249
69 83 996
83 69 996
69 72 820
72 69 820
70 79 341
79 70 341
70 73 369
73 70 369
70 78 227
78 70 227
71 81 73
81 71 73
72 76 196
76 72 196
72 78 539
78 72 539
73 85 726
85 73 726
73 82 750
82 73 750
73 85 36
85 73 36
74 77 791
77 74 791
74 83 895
83 74 895
74 77 862
77 74 862
75 80 220
80 75 220
75 76 574
76 75 574
75 76 646
76 75 646
75 80 219
80 75 219
76 80 712
80 76 712
77 82 389
82 77 389
77 81 706
81 77 706
78 84 611
84 78 611
79 84 827
84 79 827
80 85 807
85 80 807
82 83 517
83 82 517
84 84 833
84 84 833
