56

0 1 38
1 0 38
0 3 269
3 0 269
0 31 221
31 0 221
0 46 588
46 0 588
0 23 990
23 0 990
0 30 437
30 0 437
1 2 406
2 1 406
1 6 80
6 1 80
1 42 938
42 1 938
1 11 828
11 1 828
1 6 809
6 1 809
1 33 14
33 1 14
1 37 944
37 1 944
1 51 322
51 1 322
2 4 366
4 2 366
2 7 321
7 2 321
2 10 85
10 2 85
2 13 894
13 2 894
2 22 951
22 2 951
2 45 9
45 2 9
2 5 213
5 2 213
2 53 490
53 2 490
2 11 688
11 2 688
3 18 77
18 3 77
3 27 91
27 3 91
3 38 317
38 3 317
3 43 421
43 3 421
3 34 611
34 3 611
3 38 315
38 3 315
3 24 902
24 3 902
3 7 705
7 3 705
3 20 432
20 3 432
4 5 503
5 4 503
4 14 314
14 4 314
4 31 197
31 4 197
4 24 539
24 4 539
4 50 491
50 4 491
4 52 281
52 4 281
4 52 108
52 4 108
4 8 965
8 4 965
5 8 940
8 5 940
5 33 762
33 5 762
5 35 719
35 5 719
5 49 396
49 5 396
5 53 11
53 5 11
5 53 398
53 5 398
5 34 666
34 5 666
5 40 376
40 5 376
5 8 820
8 5 820
5 35 834
35 5 834
6 9 832
9 6 832
6 19 834
19 6 834
6 13 994
13 6 994
6 36 171
36 6 171
6 33 899
33 6 899
6 37 585
37 6 585
6 18 698
18 6 698
6 6 187
6 6 187
6 54 517
54 6 517
7 17 265
17 7 265
7 20 874
20 7 874
7 9 633
9 7 633
7 24 832
24 7 832
7 53 127
53 7 127
7 55 500
55 7 500
8 11 497
11 8 497
8 20 459
20 8 459
8 30 83
30 8 83
8 33 551
33 8 551
9 12 216
12 9 216
9 15 959
15 9 959
9 16 146
16 9 146
9 46 129
46 9 129
9 24 661
24 9 661
9 17 354
17 9 354
9 55 564
55 9 564
10 34 158
34 10 158
10 24 754
24 10 754
10 18 545
18 10 545
10 39 114
39 10 114
10 17 672
17 10 672
10 27 599
27 10 599
11 19 400
19 11 400
11 32 503
32 11 503
11 48 619
48 11 619
11 50 79
50 11 79
11 45 622
45 11 622
11 15 523
15 11 523
12 21 939
21 12 939
12 24 24
24 12 24
12 53 860
53 12 860
12 16 359
16 12 359
12 51 190
51 12 190
12 40 74
40 12 74
12 28 474
28 12 474
12 52 892
52 12 892
13 16 677
16 13 677
13 29 411
29 13 411
13 14 171
14 13 171
13 30 73
30 13 73
13 25 621
25 13 621
13 38 208
38 13 208
13 30 633
30 13 633
13 16 335
16 13 335
14 23 236
23 14 236
14 36 157
36 14 157
14 40 59
40 14 59
14 28 589
28 14 589
14 34 252
34 14 252
14 35 234
35 14 234
14 36 96
36 14 96
14 21 882
21 14 882
14 40 769
40 14 769
14 35 850
35 14 850
15 55 645
55 15 645
15 24 974
24 15 974
15 17 279
17 15 279
16 41 802
41 16 802
16 32 174
32 16 174
16 38 190
38 16 190
16 45 73
45 16 73
16 37 13
37 16 13
17 26 535
26 17 535
17 28 785
28 17 785
17 30 796
30 17 796
17 41 77
41 17 77
17 31 997
31 17 997
17 41 173
41 17 173
17 39 649
39 17 649
17 34 886
34 17 886
17 20 782
20 17 782
17 48 155
48 17 155
17 29 532
29 17 532
17 17 239
17 17 239
18 35 976
35 18 976
18 44 106
44 18 106
18 50 412
50 18 412
18 25 410
25 18 410
19 39 200
39 19 200
19 54 622
54 19 622
19 37 668
37 19 668
20 41 69
41 20 69
20 23 449
23 20 449
20 53 213
53 20 213
20 43 612
43 20 612
20 23 164
23 20 164
20 43 754
43 20 754
21 51 697
51 21 697
21 55 989
55 21 989
21 52 264
52 21 264
21 33 640
33 21 640
22 29 228
29 22 228
23 54 875
54 23 875
23 35 142
35 23 142
23 25 302
25 23 302
23 42 989
42 23 989
23 48 665
48 23 665
24 25 173
25 24 173
24 37 266
37 24 266
24 28 85
28 24 85
24 52 551
52 24 551
24 25 530
25 24 530
25 54 267
54 25 267
25 30 809
30 25 809
25 49 197
49 25 197
25 33 869
33 25 869
26 39 818
39 26 818
26 49 411
49 26 411
26 49 784
49 26 784
26 44 851
44 26 851
26 54 711
54 26 711
26 55 692
55 26 692
27 55 44
55 27 44
27 46 61
46 27 61
28 30 56
30 28 56
28 39 233
39 28 233
28 40 418
40 28 418
28 47 60
47 28 60
28 30 807
30 28 807
28 30 898
30 28 898
28 32 8
32 28 8
28 34 701
34 28 701
29 42 466
42 29 466
30 38 269
38 30 269
30 48 258
48 30 258
30 44 97
44 30 97
31 51 914
51 31 914
31 54 986
54 31 986
31 46 417
46 31 417
32 41 944
41 32 944
32 50 338
50 32 338
32 33 657
33 32 657
33 52 437
52 33 437
33 53 174
53 33 174
33 44 550
44 33 550
34 41 134
41 34 134
34 34 796
34 34 796
35 46 266
46 35 266
35 38 63
38 35 63
36 37 468
37 36 468
37 44 247
44 37 247
37 48 426
48 37 426
37 54 98
54 37 98
37 40 961
40 37 961
37 44 101
44 37 101
38 54 129
54 38 129
38 48 394
48 38 394
39 44 427
44 39 427
39 45 785
45 39 785
39 40 481
40 39 481
41 46 27
46 41 27
41 49 785
49 41 785
42 47 371
47 42 371
42 51 560
51 42 560
43 49 336
49 43 336
43 51 372
51 43 372
44 50 770
50 44 770
46 53 391
53 46 391
47 52 958
52 47 958
47 48 538
48 47 538
50 53 727
53 50 727
51 54 93
54 51 93
