34

0 1 893
1 0 893
0 2 765
2 0 765
0 4 422
4 0 422
0 5 23
5 0 23
0 18 988
18 0 988
0 33 514
33 0 514
1 17 954
17 1 954
1 33 341
33 1 341
2 3 166
3 2 166
2 6 384
6 2 384
2 9 485
9 2 485
3 7 904
7 3 904
3 10 103
10 3 103
3 20 410
20 3 410
3 33 324
33 3 324
3 27 118
27 3 118
3 26 404
26 3 404
5 11 918
11 5 918
5 22 585
22 5 585
6 14 841
14 6 841
7 8 77
8 7 77
7 12 753
12 7 753
7 33 921
33 7 921
7 27 121
27 7 121
10 13 180
13 10 180
10 15 832
15 10 832
10 31 894
31 10 894
10 29 516
29 10 516
12 28 490
28 12 490
13 24 124
24 13 124
14 21 13
21 14 13
14 27 847
27 14 847
15 16 571
16 15 571
17 32 203
32 17 203
17 32 511
32 17 511
18 19 261
19 18 261
18 28 204
28 18 204
19 26 176
26 19 176
20 23 21
23 20 21
20 24 937
24 20 937
21 29 241
29 21 241
23 33 736
33 23 736
24 25 544
25 24 544
24 26 121
26 24 121
26 29 364
29 26 364
27 30 9
30 27 9
