100

0 1 826
1 0 826
0 3 116
3 0 116
0 38 714
38 0 714
0 64 330
64 0 330
0 46 946
46 0 946
1 2 500
2 1 500
1 4 258
4 1 258
1 8 301
8 1 301
1 94 493
94 1 493
2 10 890
10 2 890
2 29 727
29 2 727
2 77 299
77 2 299
2 30 761
30 2 761
3 5 651
5 3 651
3 6 836
6 3 836
3 16 783
16 3 783
3 36 37
36 3 37
3 55 627
55 3 627
3 20 164
20 3 164
3 75 590
75 3 590
4 7 32
7 4 32
4 12 335
12 4 335
4 66 720
66 4 720
4 90 534
90 4 534
5 9 569
9 5 569
5 13 35
13 5 35
5 27 497
27 5 497
5 57 992
57 5 992
5 69 129
69 5 129
6 19 398
19 6 398
6 94 869
94 6 869
6 71 18
71 6 18
7 15 380
15 7 380
7 17 555
17 7 555
7 25 510
25 7 510
7 87 724
87 7 724
8 11 80
11 8 80
8 21 642
21 8 642
8 37 521
37 8 521
8 42 704
42 8 704
8 89 847
89 8 847
8 97 63
97 8 63
8 32 276
32 8 276
9 30 45
30 9 45
9 71 24
71 9 24
10 44 373
44 10 373
10 51 737
51 10 737
10 99 508
99 10 508
10 16 711
16 10 711
11 41 741
41 11 741
11 86 126
86 11 126
11 70 958
70 11 958
12 18 494
18 12 494
12 24 363
24 12 363
12 70 619
70 12 619
12 77 448
77 12 448
12 98 408
98 12 408
12 77 348
77 12 348
13 14 874
14 13 874
13 78 800
78 13 800
13 93 359
93 13 359
14 31 757
31 14 757
14 40 762
40 14 762
14 61 408
61 14 408
15 22 846
22 15 846
16 20 245
20 16 245
16 23 527
23 16 527
16 53 966
53 16 966
16 35 942
35 16 942
18 62 260
62 18 260
20 32 101
32 20 101
20 47 442
47 20 442
20 48 172
48 20 172
20 50 442
50 20 442
20 80 314
80 20 314
21 39 846
39 21 846
22 26 699
26 22 699
22 35 429
35 22 429
22 60 230
60 22 230
22 82 141
82 22 141
23 29 866
29 23 866
24 39 379
39 24 379
24 45 315
45 24 315
24 91 824
91 24 824
24 26 437
26 24 437
25 28 395
28 25 395
25 46 129
46 25 129
25 62 581
62 25 581
25 66 751
66 25 751
25 75 57
75 25 57
25 75 269
75 25 269
27 83 67
83 27 67
27 88 215
88 27 215
28 71 65
71 28 65
29 99 196
99 29 196
31 33 670
33 31 670
31 76 546
76 31 546
32 34 487
34 32 487
32 73 947
73 32 947
32 59 645
59 32 645
32 93 570
93 32 570
33 63 912
63 33 912
33 82 788
82 33 788
34 79 632
79 34 632
34 88 557
88 34 557
35 77 665
77 35 665
36 59 667
59 36 667
37 58 941
58 37 941
37 77 62
77 37 62
39 99 33
99 39 33
39 76 503
76 39 503
39 68 605
68 39 605
40 43 528
43 40 528
41 63 768
63 41 768
42 98 484
98 42 484
42 54 571
54 42 571
42 62 238
62 42 238
43 56 782
56 43 782
43 66 90
66 43 90
43 74 955
74 43 955
44 52 590
52 44 590
44 67 580
67 44 580
44 45 906
45 44 906
44 95 101
95 44 101
45 84 629
84 45 629
47 89 961
89 47 961
48 49 654
49 48 654
49 67 569
67 49 569
50 68 179
68 50 179
51 89 492
89 51 492
52 61 138
61 52 138
52 68 601
68 52 601
52 94 893
94 52 893
53 54 676
54 53 676
53 95 614
95 53 614
54 73 499
73 54 499
54 80 308
80 54 308
55 65 138
65 55 138
55 75 392
75 55 392
55 72 969
72 55 969
56 97 389
97 56 389
57 72 98
72 57 98
58 85 873
85 58 873
59 92 39
92 59 39
60 65 902
65 60 902
61 97 401
97 61 401
62 81 462
81 62 462
62 65 865
65 62 865
62 71 108
71 62 108
67 95 969
95 67 969
68 96 485
96 68 485
69 95 753
95 69 753
69 91 605
91 69 605
69 76 195
76 69 195
71 76 644
76 71 644
81 87 934
87 81 934
85 90 427
90 85 427
97 98 34
98 97 34
