80

0 1 109
1 0 109
0 2 776
2 0 776
0 6 359
6 0 359
0 15 58
15 0 58
0 48 232
48 0 232
0 31 184
31 0 184
0 34 402
34 0 402
0 51 14
51 0 14
0 33 141
33 0 141
0 7 706
7 0 706
0 41 138
41 0 138
0 38 166
38 0 166
0 13 593
13 0 593
0 74 516
74 0 516
0 30 22
30 0 22
0 2 277
2 0 277
0 47 249
47 0 249
0 42 806
42 0 806
0 8 551
8 0 551
0 9 853
9 0 853
1 4 40
4 1 40
1 8 720
8 1 720
1 9 315
9 1 315
1 11 992
11 1 992
1 12 852
12 1 852
1 65 327
65 1 327
1 38 762
38 1 762
1 71 944
71 1 944
1 17 357
17 1 357
1 41 600
41 1 600
1 32 193
32 1 193
1 41 139
41 1 139
1 79 301
79 1 301
1 25 370
25 1 370
1 8 367
8 1 367
1 27 81
27 1 81
1 78 652
78 1 652
2 3 18
3 2 18
2 43 286
43 2 286
2 8 682
8 2 682
2 17 487
17 2 487
2 49 27
49 2 27
2 65 124
65 2 124
3 21 664
21 3 664
3 35 526
35 3 526
3 78 307
78 3 307
3 21 175
21 3 175
3 48 637
48 3 637
3 39 611
39 3 611
3 23 773
23 3 773
3 27 749
27 3 749
3 64 843
64 3 843
3 53 674
53 3 674
3 53 676
53 3 676
3 42 988
42 3 988
4 5 953
5 4 953
4 7 368
7 4 368
4 10 884
10 4 884
4 47 732
47 4 732
4 34 151
34 4 151
4 4 371
4 4 371
4 58 674
58 4 674
4 73 89
73 4 89
4 69 833
69 4 833
4 9 214
9 4 214
4 55 981
55 4 981
4 54 963
54 4 963
5 14 790
14 5 790
5 19 5
19 5 5
5 30 331
30 5 331
5 34 958
34 5 958
5 49 313
49 5 313
5 74 969
74 5 969
5 14 832
14 5 832
5 60 185
60 5 185
5 78 851
78 5 851
5 29 2
29 5 2
5 49 741
49 5 741
5 23 63
23 5 63
5 32 74
32 5 74
5 78 581
78 5 581
5 70 94
70 5 94
5 60 237
60 5 237
5 16 2
16 5 2
5 70 970
70 5 970
5 64 485
64 5 485
5 69 653
69 5 653
6 38 966
38 6 966
6 32 966
32 6 966
6 36 250
36 6 250
6 66 675
66 6 675
6 30 709
30 6 709
6 78 546
78 6 546
6 52 442
52 6 442
6 47 443
47 6 443
6 11 23
11 6 23
6 23 819
23 6 819
6 18 74
18 6 74
7 20 371
20 7 371
7 23 443
23 7 443
7 26 591
26 7 591
7 25 204
25 7 204
7 59 425
59 7 425
7 48 708
48 7 708
7 71 692
71 7 692
7 25 851
25 7 851
7 30 27
30 7 27
7 14 605
14 7 605
7 65 498
65 7 498
7 69 958
69 7 958
7 26 858
26 7 858
7 64 302
64 7 302
7 15 91
15 7 91
7 67 61
67 7 61
8 45 101
45 8 101
8 28 106
28 8 106
8 57 640
57 8 640
8 25 496
25 8 496
8 44 316
44 8 316
8 46 743
46 8 743
8 55 13
55 8 13
8 17 173
17 8 173
8 31 158
31 8 158
8 42 35
42 8 35
8 9 705
9 8 705
8 21 491
21 8 491
8 25 174
25 8 174
8 74 55
74 8 55
9 59 280
59 9 280
9 68 541
68 9 541
9 35 729
35 9 729
9 19 598
19 9 598
9 75 238
75 9 238
9 59 448
59 9 448
9 38 701
38 9 701
9 16 969
16 9 969
9 54 683
54 9 683
10 13 27
13 10 27
10 22 249
22 10 249
10 77 610
77 10 610
10 33 652
33 10 652
10 67 529
67 10 529
10 13 955
13 10 955
10 48 328
48 10 328
10 11 395
11 10 395
10 69 656
69 10 656
10 57 498
57 10 498
10 32 985
32 10 985
11 55 624
55 11 624
11 79 737
79 11 737
11 27 564
27 11 564
11 74 270
74 11 270
11 49 728
49 11 728
11 33 30
33 11 30
11 63 518
63 11 518
11 22 329
22 11 329
11 32 804
32 11 804
11 20 281
20 11 281
11 44 94
44 11 94
11 17 842
17 11 842
11 68 578
68 11 578
12 16 749
16 12 749
12 24 922
24 12 922
12 25 25
25 12 25
12 66 707
66 12 707
12 73 478
73 12 478
12 21 29
21 12 29
12 23 765
23 12 765
12 29 981
29 12 981
12 75 555
75 12 555
12 46 462
46 12 462
12 69 788
69 12 788
12 51 931
51 12 931
12 64 30
64 12 30
12 16 294
16 12 294
12 31 644
31 12 644
12 67 328
67 12 328
12 27 302
27 12 302
12 12 818
12 12 818
12 54 831
54 12 831
13 18 263
18 13 263
13 38 350
38 13 350
13 52 29
52 13 29
13 23 179
23 13 179
13 57 412
57 13 412
13 15 155
15 13 155
13 22 183
22 13 183
13 28 329
28 13 329
13 37 431
37 13 431
13 59 147
59 13 147
13 58 613
58 13 613
13 48 224
48 13 224
14 17 999
17 14 999
14 44 869
44 14 869
14 51 695
51 14 695
14 18 358
18 14 358
14 46 940
46 14 940
14 28 240
28 14 240
14 21 54
21 14 54
14 38 639
38 14 639
14 57 86
57 14 86
14 50 435
50 14 435
14 38 71
38 14 71
15 31 563
31 15 563
15 79 17
79 15 17
15 60 632
60 15 632
15 48 277
48 15 277
15 19 361
19 15 361
15 33 99
33 15 99
15 43 569
43 15 569
15 60 580
60 15 580
15 71 733
71 15 733
15 56 141
56 15 141
15 75 970
75 15 970
15 38 972
38 15 972
15 66 366
66 15 366
15 56 266
56 15 266
16 28 122
28 16 122
16 39 93
39 16 93
16 47 646
47 16 646
16 63 4
63 16 4
16 75 857
75 16 857
16 50 439
50 16 439
16 35 392
35 16 392
16 30 811
30 16 811
16 50 149
50 16 149
16 50 240
50 16 240
16 30 207
30 16 207
16 30 269
30 16 269
17 33 593
33 17 593
17 52 771
52 17 771
17 62 423
62 17 423
17 25 234
25 17 234
17 21 600
21 17 600
17 39 781
39 17 781
17 75 382
75 17 382
17 57 14
57 17 14
17 27 871
27 17 871
17 36 377
36 17 377
17 39 321
39 17 321
17 62 141
62 17 141
17 24 510
24 17 510
17 52 142
52 17 142
17 25 328
25 17 328
17 44 192
44 17 192
18 60 589
60 18 589
18 74 372
74 18 372
18 79 415
79 18 415
18 24 737
24 18 737
18 20 778
20 18 778
18 61 898
61 18 898
18 61 739
61 18 739
18 23 843
23 18 843
19 42 232
42 19 232
19 44 513
44 19 513
19 24 829
24 19 829
19 65 16
65 19 16
19 75 6
75 19 6
20 27 904
27 20 904
20 40 748
40 20 748
20 48 517
48 20 517
20 74 947
74 20 947
20 60 405
60 20 405
20 44 49
44 20 49
20 24 261
24 20 261
20 63 706
63 20 706
20 75 735
75 20 735
20 41 511
41 20 511
20 32 716
32 20 716
21 28 36
28 21 36
21 30 181
30 21 181
21 66 257
66 21 257
21 60 400
60 21 400
21 71 957
71 21 957
21 75 874
75 21 874
21 62 833
62 21 833
22 51 96
51 22 96
22 31 888
31 22 888
22 33 285
33 22 285
22 62 344
62 22 344
22 49 290
49 22 290
22 71 29
71 22 29
22 70 786
70 22 786
22 35 915
35 22 915
22 78 518
78 22 518
23 29 382
29 23 382
23 70 543
70 23 543
23 31 158
31 23 158
23 25 14
25 23 14
23 79 44
79 23 44
23 65 191
65 23 191
23 75 930
75 23 930
23 25 164
25 23 164
23 72 656
72 23 656
23 39 893
39 23 893
23 47 18
47 23 18
23 59 628
59 23 628
23 57 186
57 23 186
24 55 636
55 24 636
24 58 890
58 24 890
24 35 998
35 24 998
24 34 870
34 24 870
24 62 567
62 24 567
24 74 490
74 24 490
24 29 696
29 24 696
24 40 757
40 24 757
24 27 470
27 24 470
25 51 591
51 25 591
25 61 759
61 25 759
25 28 935
28 25 935
25 63 470
63 25 470
25 47 389
47 25 389
25 75 262
75 25 262
25 74 137
74 25 137
25 79 110
79 25 110
25 77 785
77 25 785
25 65 539
65 25 539
26 56 821
56 26 821
26 69 656
69 26 656
26 52 816
52 26 816
26 40 52
40 26 52
26 33 497
33 26 497
26 66 500
66 26 500
26 58 674
58 26 674
26 33 938
33 26 938
27 66 857
66 27 857
27 68 559
68 27 559
27 34 347
34 27 347
27 56 41
56 27 41
27 70 721
70 27 721
27 62 445
62 27 445
27 33 950
33 27 950
27 49 520
49 27 520
27 51 569
51 27 569
27 75 580
75 27 580
27 66 415
66 27 415
27 70 736
70 27 736
27 39 265
39 27 265
27 42 706
42 27 706
28 54 51
54 28 51
28 44 860
44 28 860
28 74 235
74 28 235
28 63 59
63 28 59
28 70 764
70 28 764
28 52 454
52 28 454
28 39 492
39 28 492
28 38 345
38 28 345
28 47 14
47 28 14
28 51 979
51 28 979
28 74 406
74 28 406
28 67 923
67 28 923
28 54 141
54 28 141
28 79 271
79 28 271
28 68 243
68 28 243
28 58 842
58 28 842
29 32 812
32 29 812
29 77 458
77 29 458
29 40 267
40 29 267
29 30 972
30 29 972
29 76 398
76 29 398
29 76 191
76 29 191
29 70 704
70 29 704
29 33 579
33 29 579
29 37 389
37 29 389
29 65 132
65 29 132
29 34 39
34 29 39
29 40 518
40 29 518
29 78 990
78 29 990
29 43 963
43 29 963
29 48 956
48 29 956
29 32 228
32 29 228
30 61 460
61 30 460
30 52 650
52 30 650
30 32 743
32 30 743
30 74 498
74 30 498
30 58 107
58 30 107
30 38 118
38 30 118
30 71 86
71 30 86
30 53 377
53 30 377
31 37 989
37 31 989
31 67 866
67 31 866
31 56 441
56 31 441
31 62 199
62 31 199
31 79 277
79 31 277
31 44 156
44 31 156
31 78 929
78 31 929
31 62 667
62 31 667
31 70 410
70 31 410
31 55 731
55 31 731
31 52 969
52 31 969
31 62 316
62 31 316
32 36 731
36 32 731
32 49 194
49 32 194
32 79 801
79 32 801
32 58 917
58 32 917
32 77 71
77 32 71
32 41 601
41 32 601
32 77 619
77 32 619
32 35 441
35 32 441
32 60 102
60 32 102
32 71 992
71 32 992
33 40 432
40 33 432
33 43 952
43 33 952
33 35 518
35 33 518
33 75 667
75 33 667
33 72 726
72 33 726
33 77 644
77 33 644
34 57 921
57 34 921
34 48 398
48 34 398
34 72 861
72 34 861
34 55 311
55 34 311
34 76 523
76 34 523
34 78 751
78 34 751
34 73 699
73 34 699
34 48 230
48 34 230
35 54 747
54 35 747
35 71 953
71 35 953
35 45 763
45 35 763
35 64 838
64 35 838
35 55 921
55 35 921
35 76 142
76 35 142
35 65 700
65 35 700
35 46 360
46 35 360
35 69 391
69 35 391
36 53 540
53 36 540
36 44 260
44 36 260
36 49 502
49 36 502
36 77 258
77 36 258
37 74 873
74 37 873
37 57 342
57 37 342
37 79 807
79 37 807
37 67 257
67 37 257
37 77 184
77 37 184
37 48 459
48 37 459
37 45 848
45 37 848
37 53 307
53 37 307
38 41 90
41 38 90
38 58 838
58 38 838
38 56 945
56 38 945
38 53 635
53 38 635
38 71 389
71 38 389
38 73 828
73 38 828
39 73 566
73 39 566
39 61 272
61 39 272
39 41 548
41 39 548
39 59 193
59 39 193
39 70 799
70 39 799
39 75 616
75 39 616
40 61 540
61 40 540
40 68 712
68 40 712
40 60 578
60 40 578
40 61 707
61 40 707
40 79 940
79 40 940
40 42 777
42 40 777
41 61 245
61 41 245
41 73 785
73 41 785
41 69 67
69 41 67
41 62 169
62 41 169
41 49 771
49 41 771
41 48 595
48 41 595
41 60 884
60 41 884
41 60 787
60 41 787
41 47 797
47 41 797
41 71 856
71 41 856
41 74 196
74 41 196
41 78 344
78 41 344
42 51 207
51 42 207
42 79 663
79 42 663
42 58 821
58 42 821
42 52 767
52 42 767
42 47 692
47 42 692
42 77 776
77 42 776
42 48 697
48 42 697
42 53 806
53 42 806
43 52 557
52 43 557
43 78 176
78 43 176
43 75 234
75 43 234
43 68 323
68 43 323
43 72 75
72 43 75
44 46 128
46 44 128
44 59 437
59 44 437
44 48 337
48 44 337
44 78 417
78 44 417
44 62 959
62 44 959
45 57 291
57 45 291
45 65 947
65 45 947
45 48 843
48 45 843
45 59 515
59 45 515
45 73 148
73 45 148
45 54 653
54 45 653
45 73 858
73 45 858
45 54 534
54 45 534
46 72 313
72 46 313
46 61 301
61 46 301
46 67 372
67 46 372
46 50 508
50 46 508
46 71 483
71 46 483
46 77 48
77 46 48
46 59 432
59 46 432
47 70 803
70 47 803
47 49 763
49 47 763
47 71 530
71 47 530
47 71 927
71 47 927
47 74 278
74 47 278
47 61 450
61 47 450
47 62 682
62 47 682
48 50 212
50 48 212
48 53 691
53 48 691
48 74 490
74 48 490
48 70 116
70 48 116
48 49 599
49 48 599
48 56 136
56 48 136
48 70 552
70 48 552
48 54 991
54 48 991
48 72 801
72 48 801
48 54 315
54 48 315
49 72 21
72 49 21
49 50 113
50 49 113
49 78 354
78 49 354
49 58 804
58 49 804
49 70 396
70 49 396
49 63 469
63 49 469
49 59 795
59 49 795
50 56 829
56 50 829
50 73 983
73 50 983
50 61 596
61 50 596
50 65 714
65 50 714
51 53 150
53 51 150
51 56 256
56 51 256
52 73 577
73 52 577
52 74 377
74 52 377
52 76 189
76 52 189
52 52 1000
52 52 1000
52 74 779
74 52 779
53 78 16
78 53 16
53 72 72
72 53 72
53 56 56
56 53 56
53 63 641
63 53 641
53 60 457
60 53 457
53 61 553
61 53 553
53 69 214
69 53 214
54 72 275
72 54 275
54 60 577
60 54 577
54 75 356
75 54 356
54 76 567
76 54 567
54 69 366
69 54 366
55 58 535
58 55 535
55 75 251
75 55 251
55 71 982
71 55 982
55 78 402
78 55 402
56 73 795
73 56 795
56 64 531
64 56 531
56 66 770
66 56 770
57 70 200
70 57 200
57 61 659
61 57 659
57 78 149
78 57 149
57 79 950
79 57 950
57 58 281
58 57 281
57 73 950
73 57 950
57 79 661
79 57 661
58 72 272
72 58 272
58 58 439
58 58 439
59 77 930
77 59 930
60 64 919
64 60 919
60 73 275
73 60 275
60 75 973
75 60 973
60 76 866
76 60 866
61 76 811
76 61 811
61 65 794
65 61 794
62 65 344
65 62 344
62 73 440
73 62 440
62 77 202
77 62 202
62 77 897
77 62 897
63 69 178
69 63 178
63 75 128
75 63 128
64 76 267
76 64 267
64 78 458
78 64 458
64 71 67
71 64 67
65 75 832
75 65 832
65 69 505
69 65 505
65 77 581
77 65 581
65 70 145
70 65 145
66 77 114
77 66 114
66 75 768
75 66 768
66 68 266
68 66 266
67 73 536
73 67 536
67 67 845
67 67 845
68 69 260
69 68 260
68 77 534
77 68 534
69 79 800
79 69 800
69 72 20
72 69 20
69 74 731
74 69 731
70 74 819
74 70 819
74 78 716
78 74 716
75 79 365
79 75 365
75 78 638
78 75 638
