76

0 1 567
1 0 567
0 4 536
4 0 536
0 50 893
50 0 893
0 70 135
70 0 135
0 73 324
73 0 324
0 25 856
25 0 856
0 37 18
37 0 18
0 57 452
57 0 452
0 41 398
41 0 398
0 43 64
43 0 64
0 14 630
14 0 630
0 54 361
54 0 361
0 29 631
29 0 631
0 62 86
62 0 86
0 39 958
39 0 958
0 39 767
39 0 767
0 8 789
8 0 789
0 53 83
53 0 83
0 60 239
60 0 239
1 2 730
2 1 730
1 19 877
19 1 877
1 51 49
51 1 49
1 22 86
22 1 86
1 9 33
9 1 33
1 33 442
33 1 442
1 16 536
16 1 536
1 51 20
51 1 20
1 60 734
60 1 734
1 38 693
38 1 693
1 5 957
5 1 957
1 16 671
16 1 671
1 13 382
13 1 382
1 3 762
3 1 762
2 3 555
3 2 555
2 7 748
7 2 748
2 8 879
8 2 879
2 9 550
9 2 550
2 30 619
30 2 619
2 69 137
69 2 137
2 75 720
75 2 720
2 55 300
55 2 300
2 46 757
46 2 757
2 55 759
55 2 759
2 75 841
75 2 841
2 46 932
46 2 932
2 14 293
14 2 293
2 61 602
61 2 602
2 11 838
11 2 838
2 47 6
47 2 6
3 11 494
11 3 494
3 12 482
12 3 482
3 18 455
18 3 455
3 22 6
22 3 6
3 28 828
28 3 828
3 52 481
52 3 481
3 59 489
59 3 489
3 9 631
9 3 631
3 17 237
17 3 237
3 72 453
72 3 453
3 31 730
31 3 730
3 71 721
71 3 721
3 16 730
16 3 730
3 27 108
27 3 108
3 56 235
56 3 235
3 39 660
39 3 660
3 36 513
36 3 513
3 55 418
55 3 418
4 5 79
5 4 79
4 6 619
6 4 619
4 23 897
23 4 897
4 57 252
57 4 252
4 35 944
35 4 944
4 48 862
48 4 862
4 45 416
45 4 416
4 68 444
68 4 444
4 14 454
14 4 454
4 49 271
49 4 271
4 64 88
64 4 88
4 44 218
44 4 218
4 24 531
24 4 531
5 37 904
37 5 904
5 23 531
23 5 531
5 71 41
71 5 41
5 22 753
22 5 753
5 70 300
70 5 300
5 37 740
37 5 740
5 73 667
73 5 667
5 33 348
33 5 348
5 16 232
16 5 232
5 11 390
11 5 390
6 42 893
42 6 893
6 62 530
62 6 530
6 43 157
43 6 157
6 22 912
22 6 912
6 72 747
72 6 747
6 45 87
45 6 87
6 21 377
21 6 377
6 25 417
25 6 417
6 30 170
30 6 170
6 62 804
62 6 804
6 10 930
10 6 930
7 10 562
10 7 562
7 41 458
41 7 458
7 56 838
56 7 838
7 8 543
8 7 543
7 38 231
38 7 231
7 36 676
36 7 676
7 20 239
20 7 239
7 35 850
35 7 850
7 69 578
69 7 578
8 13 460
13 8 460
8 25 95
25 8 95
8 54 829
54 8 829
8 64 831
64 8 831
8 54 448
54 8 448
8 9 830
9 8 830
8 74 886
74 8 886
8 65 393
65 8 393
8 50 586
50 8 586
8 70 976
70 8 976
8 15 513
15 8 513
8 58 720
58 8 720
8 69 561
69 8 561
8 51 260
51 8 260
8 42 298
42 8 298
8 33 419
33 8 419
9 16 221
16 9 221
9 56 682
56 9 682
9 64 736
64 9 736
9 19 463
19 9 463
9 53 463
53 9 463
9 66 781
66 9 781
9 69 259
69 9 259
9 31 808
31 9 808
9 56 239
56 9 239
9 17 690
17 9 690
9 31 658
31 9 658
9 23 17
23 9 17
9 54 809
54 9 809
10 15 711
15 10 711
10 21 585
21 10 585
10 33 211
33 10 211
10 46 519
46 10 519
10 13 217
13 10 217
10 29 151
29 10 151
10 22 715
22 10 715
10 63 110
63 10 110
10 43 350
43 10 350
10 59 607
59 10 607
10 46 771
46 10 771
10 29 716
29 10 716
10 32 172
32 10 172
10 16 764
16 10 764
10 66 751
66 10 751
10 21 51
21 10 51
10 14 60
14 10 60
10 50 612
50 10 612
10 51 772
51 10 772
11 71 746
71 11 746
11 13 391
13 11 391
11 52 582
52 11 582
11 29 610
29 11 610
11 30 573
30 11 573
11 39 430
39 11 430
12 17 509
17 12 509
12 26 793
26 12 793
12 60 317
60 12 317
12 23 330
23 12 330
12 20 790
20 12 790
12 46 681
46 12 681
12 59 519
59 12 519
12 30 984
30 12 984
12 13 461
13 12 461
12 34 623
34 12 623
12 67 351
67 12 351
13 14 573
14 13 573
13 32 405
32 13 405
13 31 196
31 13 196
13 66 342
66 13 342
13 52 86
52 13 86
13 15 723
15 13 723
13 63 102
63 13 102
13 29 400
29 13 400
13 72 231
72 13 231
13 26 744
26 13 744
13 38 250
38 13 250
13 66 61
66 13 61
13 62 125
62 13 125
13 65 259
65 13 259
13 54 796
54 13 796
14 20 532
20 14 532
14 27 723
27 14 723
14 29 485
29 14 485
14 40 456
40 14 456
14 75 440
75 14 440
14 22 967
22 14 967
14 26 409
26 14 409
14 24 943
24 14 943
14 63 578
63 14 578
14 39 798
39 14 798
14 43 439
43 14 439
14 53 844
53 14 844
14 74 27
74 14 27
15 67 788
67 15 788
15 44 991
44 15 991
15 47 961
47 15 961
15 33 789
33 15 789
15 56 891
56 15 891
15 75 561
75 15 561
15 49 559
49 15 559
15 65 461
65 15 461
15 56 483
56 15 483
16 24 590
24 16 590
16 45 814
45 16 814
16 63 614
63 16 614
16 72 326
72 16 326
16 58 245
58 16 245
16 31 482
31 16 482
16 56 324
56 16 324
16 49 407
49 16 407
16 48 762
48 16 762
16 61 770
61 16 770
16 26 879
26 16 879
16 29 54
29 16 54
16 44 20
44 16 20
16 18 291
18 16 291
17 60 986
60 17 986
17 24 775
24 17 775
17 19 78
19 17 78
17 56 468
56 17 468
17 29 250
29 17 250
17 57 988
57 17 988
17 19 915
19 17 915
17 24 864
24 17 864
17 33 22
33 17 22
17 69 204
69 17 204
17 35 662
35 17 662
17 54 117
54 17 117
17 36 505
36 17 505
18 37 403
37 18 403
18 55 477
55 18 477
18 69 933
69 18 933
18 18 122
18 18 122
18 58 217
58 18 217
18 48 730
48 18 730
18 50 486
50 18 486
18 36 477
36 18 477
18 61 389
61 18 389
19 31 89
31 19 89
19 44 650
44 19 650
19 66 767
66 19 767
19 60 111
60 19 111
19 19 261
19 19 261
19 51 343
51 19 343
19 25 359
25 19 359
19 34 566
34 19 566
19 56 940
56 19 940
19 49 987
49 19 987
19 68 815
68 19 815
19 65 575
65 19 575
19 58 260
58 19 260
19 32 611
32 19 611
19 27 701
27 19 701
19 36 35
36 19 35
20 45 724
45 20 724
20 39 948
39 20 948
20 72 256
72 20 256
20 37 842
37 20 842
20 58 109
58 20 109
20 52 656
52 20 656
20 21 727
21 20 727
20 72 556
72 20 556
20 27 366
27 20 366
21 65 540
65 21 540
21 74 232
74 21 232
21 29 18
29 21 18
21 33 73
33 21 73
21 45 171
45 21 171
21 37 194
37 21 194
21 46 801
46 21 801
21 74 540
74 21 540
22 36 862
36 22 862
22 73 324
73 22 324
22 74 449
74 22 449
22 40 367
40 22 367
22 66 523
66 22 523
22 61 815
61 22 815
22 68 649
68 22 649
22 25 407
25 22 407
22 56 885
56 22 885
22 42 557
42 22 557
23 61 323
61 23 323
23 67 323
67 23 323
23 35 328
35 23 328
23 70 385
70 23 385
23 25 48
25 23 48
23 33 836
33 23 836
23 58 404
58 23 404
24 48 867
48 24 867
24 27 933
27 24 933
24 38 293
38 24 293
24 68 231
68 24 231
24 44 353
44 24 353
24 62 319
62 24 319
24 35 820
35 24 820
24 31 877
31 24 877
24 40 501
40 24 501
24 60 941
60 24 941
25 73 897
73 25 897
25 63 226
63 25 226
25 40 358
40 25 358
25 39 743
39 25 743
25 46 512
46 25 512
25 53 716
53 25 716
25 53 876
53 25 876
25 75 305
75 25 305
25 39 14
39 25 14
25 56 493
56 25 493
25 62 883
62 25 883
25 73 418
73 25 418
26 68 406
68 26 406
26 71 643
71 26 643
26 59 711
59 26 711
26 74 27
74 26 27
26 58 472
58 26 472
26 39 994
39 26 994
26 28 884
28 26 884
26 40 695
40 26 695
26 59 542
59 26 542
27 54 389
54 27 389
27 60 588
60 27 588
27 45 827
45 27 827
28 34 91
34 28 91
28 35 625
35 28 625
28 53 402
53 28 402
28 64 312
64 28 312
28 64 881
64 28 881
28 35 148
35 28 148
28 34 551
34 28 551
28 37 425
37 28 425
28 33 961
33 28 961
28 39 953
39 28 953
28 67 151
67 28 151
28 75 150
75 28 150
28 65 138
65 28 138
28 75 360
75 28 360
28 47 83
47 28 83
29 38 534
38 29 534
29 58 417
58 29 417
29 75 257
75 29 257
29 43 31
43 29 31
29 34 169
34 29 169
29 46 484
46 29 484
29 33 25
33 29 25
30 39 489
39 30 489
30 34 646
34 30 646
30 32 956
32 30 956
30 45 946
45 30 946
30 43 652
43 30 652
30 75 981
75 30 981
30 45 179
45 30 179
30 37 121
37 30 121
31 44 7
44 31 7
31 43 510
43 31 510
31 74 969
74 31 969
31 64 156
64 31 156
31 65 177
65 31 177
31 74 640
74 31 640
31 69 156
69 31 156
31 56 972
56 31 972
32 58 155
58 32 155
32 32 661
32 32 661
32 46 690
46 32 690
32 50 184
50 32 184
32 64 265
64 32 265
32 37 820
37 32 820
33 46 455
46 33 455
33 42 167
42 33 167
33 38 626
38 33 626
33 61 481
61 33 481
33 60 378
60 33 378
33 63 810
63 33 810
33 47 528
47 33 528
33 55 403
55 33 403
33 65 751
65 33 751
34 43 215
43 34 215
34 43 305
43 34 305
34 69 367
69 34 367
34 55 170
55 34 170
34 62 474
62 34 474
34 59 828
59 34 828
34 53 274
53 34 274
34 63 12
63 34 12
34 52 534
52 34 534
35 66 321
66 35 321
35 53 316
53 35 316
35 37 602
37 35 602
35 69 581
69 35 581
35 74 547
74 35 547
35 46 949
46 35 949
36 75 915
75 36 915
36 41 857
41 36 857
36 40 441
40 36 441
36 54 499
54 36 499
36 47 646
47 36 646
36 50 838
50 36 838
37 39 51
39 37 51
37 69 538
69 37 538
37 42 592
42 37 592
38 47 963
47 38 963
38 39 676
39 38 676
38 69 785
69 38 785
38 70 51
70 38 51
38 42 925
42 38 925
38 39 240
39 38 240
39 43 902
43 39 902
39 46 441
46 39 441
39 68 471
68 39 471
39 66 41
66 39 41
39 61 731
61 39 731
39 53 511
53 39 511
39 53 175
53 39 175
39 56 12
56 39 12
39 56 949
56 39 949
40 65 454
65 40 454
40 74 675
74 40 675
40 59 977
59 40 977
41 57 565
57 41 565
41 51 656
51 41 656
41 56 399
56 41 399
41 48 18
48 41 18
41 60 170
60 41 170
41 50 512
50 41 512
42 66 261
66 42 261
42 75 403
75 42 403
42 70 240
70 42 240
42 58 865
58 42 865
42 47 120
47 42 120
42 69 330
69 42 330
42 48 312
48 42 312
43 47 332
47 43 332
43 58 230
58 43 230
44 66 388
66 44 388
44 59 527
59 44 527
45 49 14
49 45 14
45 72 36
72 45 36
45 57 75
57 45 75
45 64 880
64 45 880
45 57 72
57 45 72
46 63 113
63 46 113
46 73 425
73 46 425
46 75 823
75 46 823
46 59 884
59 46 884
46 55 757
55 46 757
46 65 470
65 46 470
46 75 895
75 46 895
47 73 40
73 47 40
47 63 613
63 47 613
47 52 17
52 47 17
47 70 494
70 47 494
48 58 272
58 48 272
48 74 853
74 48 853
48 72 383
72 48 383
48 57 930
57 48 930
48 62 727
62 48 727
48 72 375
72 48 375
48 75 160
75 48 160
49 50 65
50 49 65
49 65 943
65 49 943
49 62 514
62 49 514
49 58 573
58 49 573
49 69 164
69 49 164
49 72 519
72 49 519
50 53 861
53 50 861
50 53 657
53 50 657
50 64 742
64 50 742
50 67 362
67 50 362
51 53 219
53 51 219
51 71 282
71 51 282
51 53 287
53 51 287
51 56 991
56 51 991
52 65 718
65 52 718
52 60 875
60 52 875
53 54 225
54 53 225
53 71 39
71 53 39
53 60 384
60 53 384
53 62 730
62 53 730
53 67 687
67 53 687
53 60 761
60 53 761
53 71 528
71 53 528
54 54 134
54 54 134
54 67 87
67 54 87
54 54 238
54 54 238
54 72 589
72 54 589
55 57 860
57 55 860
55 67 539
67 55 539
55 55 580
55 55 580
55 71 432
71 55 432
55 60 554
60 55 554
56 63 998
63 56 998
56 75 3
75 56 3
57 68 886
68 57 886
57 70 225
70 57 225
57 70 529
70 57 529
57 66 461
66 57 461
58 64 286
64 58 286
58 74 269
74 58 269
59 73 316
73 59 316
59 73 611
73 59 611
59 70 771
70 59 771
59 74 697
74 59 697
60 66 426
66 60 426
60 68 392
68 60 392
60 66 138
66 60 138
60 62 149
62 60 149
60 64 1000
64 60 1000
61 71 326
71 61 326
61 62 72
62 61 72
61 67 731
67 61 731
61 61 90
61 61 90
62 75 25
75 62 25
63 72 134
72 63 134
63 75 124
75 63 124
64 66 179
66 64 179
64 65 602
65 64 602
64 67 22
67 64 22
65 73 601
73 65 601
65 69 304
69 65 304
66 72 885
72 66 885
67 68 342
68 67 342
68 73 386
73 68 386
69 75 954
75 69 954
70 73 845
73 70 845
70 74 783
74 70 783
