85

0 1 870
1 0 870
0 2 993
2 0 993
0 5 991
5 0 991
0 53 917
53 0 917
0 17 431
17 0 431
0 24 870
24 0 870
0 14 728
14 0 728
0 8 770
8 0 770
0 42 896
42 0 896
0 82 367
82 0 367
0 15 298
15 0 298
0 4 402
4 0 402
0 44 372
44 0 372
0 71 816
71 0 816
1 19 629
19 1 629
1 58 876
58 1 876
1 64 841
64 1 841
1 63 916
63 1 916
1 21 483
21 1 483
1 23 246
23 1 246
1 2 180
2 1 180
1 13 432
13 1 432
2 3 235
3 2 235
2 4 500
4 2 500
2 8 396
8 2 396
2 26 422
26 2 422
2 60 643
60 2 643
2 19 621
19 2 621
2 67 489
67 2 489
2 82 452
82 2 452
2 79 763
79 2 763
2 39 845
39 2 845
3 6 718
6 3 718
3 10 84
10 3 84
3 15 386
15 3 386
3 22 788
22 3 788
3 25 833
25 3 833
3 68 573
68 3 573
3 77 585
77 3 585
3 10 382
10 3 382
3 68 241
68 3 241
3 74 90
74 3 90
3 10 90
10 3 90
3 62 219
62 3 219
3 39 242
39 3 242
4 7 655
7 4 655
4 14 843
14 4 843
4 34 320
34 4 320
4 55 440
55 4 440
4 61 401
61 4 401
5 44 796
44 5 796
5 76 512
76 5 512
5 82 603
82 5 603
5 48 797
48 5 797
5 67 717
67 5 717
5 48 825
48 5 825
5 46 646
46 5 646
5 60 120
60 5 120
6 11 857
11 6 857
6 12 548
12 6 548
6 52 566
52 6 566
6 62 133
62 6 133
6 27 454
27 6 454
6 61 669
61 6 669
6 53 980
53 6 980
6 36 680
36 6 680
7 13 321
13 7 321
7 61 890
61 7 890
7 62 114
62 7 114
7 40 402
40 7 402
7 10 471
10 7 471
7 60 895
60 7 895
7 42 270
42 7 270
7 80 654
80 7 654
7 21 696
21 7 696
7 47 387
47 7 387
8 9 142
9 8 142
8 46 259
46 8 259
8 76 463
76 8 463
8 31 704
31 8 704
8 55 55
55 8 55
8 75 488
75 8 488
8 68 185
68 8 185
8 39 357
39 8 357
8 75 473
75 8 473
8 74 38
74 8 38
9 17 671
17 9 671
9 83 684
83 9 684
9 50 809
50 9 809
9 22 957
22 9 957
9 38 487
38 9 487
9 29 140
29 9 140
9 21 717
21 9 717
9 72 536
72 9 536
9 47 768
47 9 768
10 14 468
14 10 468
10 12 946
12 10 946
10 42 816
42 10 816
10 75 369
75 10 369
10 48 827
48 10 827
10 78 313
78 10 313
10 27 451
27 10 451
10 64 307
64 10 307
10 39 942
39 10 942
10 45 365
45 10 365
10 68 639
68 10 639
10 28 602
28 10 602
10 15 947
15 10 947
11 16 272
16 11 272
11 65 921
65 11 921
11 70 238
70 11 238
11 40 435
40 11 435
11 70 658
70 11 658
11 35 808
35 11 808
11 41 978
41 11 978
11 16 222
16 11 222
12 33 56
33 12 56
12 16 297
16 12 297
12 79 206
79 12 206
12 25 176
25 12 176
12 27 372
27 12 372
12 40 822
40 12 822
12 15 594
15 12 594
12 84 876
84 12 876
13 20 631
20 13 631
13 33 891
33 13 891
13 35 993
35 13 993
13 53 589
53 13 589
13 43 309
43 13 309
13 80 762
80 13 762
13 33 641
33 13 641
13 29 626
29 13 626
13 52 553
52 13 553
13 44 637
44 13 637
13 71 604
71 13 604
14 39 935
39 14 935
14 47 118
47 14 118
14 83 392
83 14 392
14 82 459
82 14 459
14 37 82
37 14 82
14 34 12
34 14 12
14 78 348
78 14 348
14 71 336
71 14 336
14 22 903
22 14 903
14 58 810
58 14 810
15 18 619
18 15 619
15 23 757
23 15 757
15 62 207
62 15 207
15 36 328
36 15 328
15 71 157
71 15 157
15 61 81
61 15 81
15 81 266
81 15 266
15 71 921
71 15 921
15 72 335
72 15 335
16 21 687
21 16 687
16 30 126
30 16 126
16 37 361
37 16 361
16 27 356
27 16 356
16 68 148
68 16 148
16 45 205
45 16 205
16 23 478
23 16 478
16 59 255
59 16 255
16 27 805
27 16 805
16 43 152
43 16 152
16 36 296
36 16 296
16 60 707
60 16 707
16 45 477
45 16 477
16 20 823
20 16 823
17 24 734
24 17 734
17 31 591
31 17 591
17 32 289
32 17 289
17 55 599
55 17 599
17 50 910
50 17 910
17 21 868
21 17 868
17 84 105
84 17 105
17 47 361
47 17 361
17 26 638
26 17 638
17 50 456
50 17 456
17 63 795
63 17 795
17 48 149
48 17 149
18 28 450
28 18 450
18 63 946
63 18 946
18 77 308
77 18 308
18 67 513
67 18 513
18 72 978
72 18 978
18 69 621
69 18 621
18 53 926
53 18 926
18 35 719
35 18 719
18 76 524
76 18 524
18 61 771
61 18 771
19 31 568
31 19 568
19 76 155
76 19 155
19 60 470
60 19 470
19 55 852
55 19 852
19 29 537
29 19 537
20 37 745
37 20 745
20 27 325
27 20 325
20 24 525
24 20 525
20 33 66
33 20 66
20 40 689
40 20 689
21 36 42
36 21 42
21 56 932
56 21 932
21 47 414
47 21 414
21 63 307
63 21 307
21 40 168
40 21 168
21 27 469
27 21 469
21 63 589
63 21 589
21 48 604
48 21 604
22 48 738
48 22 738
22 28 586
28 22 586
22 83 904
83 22 904
22 53 868
53 22 868
23 64 583
64 23 583
23 65 509
65 23 509
23 58 98
58 23 98
24 27 913
27 24 913
24 29 434
29 24 434
24 46 391
46 24 391
24 81 159
81 24 159
24 40 413
40 24 413
24 59 873
59 24 873
24 35 155
35 24 155
24 34 72
34 24 72
24 58 273
58 24 273
24 42 802
42 24 802
24 41 350
41 24 350
25 75 406
75 25 406
25 45 599
45 25 599
25 53 573
53 25 573
25 61 261
61 25 261
25 56 778
56 25 778
25 35 151
35 25 151
25 29 320
29 25 320
25 66 144
66 25 144
26 48 258
48 26 258
26 70 638
70 26 638
26 57 217
57 26 217
26 40 228
40 26 228
26 78 688
78 26 688
26 68 327
68 26 327
26 82 325
82 26 325
27 83 905
83 27 905
27 74 306
74 27 306
27 42 21
42 27 21
27 60 642
60 27 642
27 63 776
63 27 776
27 64 965
64 27 965
27 31 72
31 27 72
27 43 207
43 27 207
27 33 163
33 27 163
28 74 629
74 28 629
28 28 520
28 28 520
28 39 946
39 28 946
28 72 980
72 28 980
28 55 914
55 28 914
28 51 75
51 28 75
28 50 703
50 28 703
28 67 737
67 28 737
28 30 473
30 28 473
29 41 800
41 29 800
29 76 576
76 29 576
29 46 911
46 29 911
29 82 643
82 29 643
29 75 78
75 29 78
29 46 32
46 29 32
30 70 871
70 30 871
30 54 362
54 30 362
30 83 1
83 30 1
30 38 887
38 30 887
30 37 692
37 30 692
30 76 11
76 30 11
30 37 547
37 30 547
30 70 280
70 30 280
30 47 247
47 30 247
30 51 701
51 30 701
30 77 40
77 30 40
31 39 433
39 31 433
31 35 624
35 31 624
31 71 702
71 31 702
31 33 653
33 31 653
31 80 304
80 31 304
31 39 124
39 31 124
31 47 540
47 31 540
31 83 328
83 31 328
32 43 648
43 32 648
32 45 285
45 32 285
32 53 179
53 32 179
32 76 745
76 32 745
32 58 393
58 32 393
33 71 474
71 33 474
33 75 336
75 33 336
33 54 104
54 33 104
33 61 793
61 33 793
33 66 501
66 33 501
34 40 332
40 34 332
34 76 337
76 34 337
34 79 489
79 34 489
34 56 872
56 34 872
34 46 441
46 34 441
34 68 21
68 34 21
35 38 848
38 35 848
35 66 518
66 35 518
35 74 743
74 35 743
36 42 840
42 36 840
36 50 154
50 36 154
36 67 566
67 36 566
36 70 605
70 36 605
36 67 880
67 36 880
36 39 49
39 36 49
37 77 122
77 37 122
37 53 780
53 37 780
38 60 206
60 38 206
38 67 352
67 38 352
38 76 450
76 38 450
39 56 939
56 39 939
39 64 777
64 39 777
40 68 959
68 40 959
40 80 631
80 40 631
40 74 432
74 40 432
40 44 397
44 40 397
40 44 70
44 40 70
40 55 26
55 40 26
41 74 998
74 41 998
41 84 53
84 41 53
42 63 520
63 42 520
42 73 648
73 42 648
42 49 719
49 42 719
43 59 8
59 43 8
43 46 46
46 43 46
43 45 430
45 43 430
43 74 13
74 43 13
43 81 303
81 43 303
44 80 712
80 44 712
44 75 687
75 44 687
44 76 472
76 44 472
44 76 953
76 44 953
44 81 773
81 44 773
44 71 175
71 44 175
44 79 563
79 44 563
44 79 394
79 44 394
44 79 983
79 44 983
44 77 981
77 44 981
45 69 977
69 45 977
45 79 827
79 45 827
45 74 138
74 45 138
46 47 226
47 46 226
46 55 246
55 46 246
46 80 157
80 46 157
47 57 579
57 47 579
48 49 859
49 48 859
48 56 1
56 48 1
48 74 263
74 48 263
49 78 823
78 49 823
49 68 403
68 49 403
49 77 86
77 49 86
49 80 441
80 49 441
50 51 809
51 50 809
51 72 968
72 51 968
51 58 600
58 51 600
51 62 414
62 51 414
51 76 826
76 51 826
52 54 202
54 52 202
53 81 350
81 53 350
53 74 741
74 53 741
53 82 558
82 53 558
54 84 496
84 54 496
54 70 697
70 54 697
54 61 336
61 54 336
55 62 29
62 55 29
55 66 732
66 55 732
55 60 842
60 55 842
55 64 42
64 55 42
55 59 733
59 55 733
55 66 396
66 55 396
55 66 557
66 55 557
55 70 726
70 55 726
55 65 796
65 55 796
55 83 43
83 55 43
56 73 935
73 56 935
56 80 662
80 56 662
56 81 756
81 56 756
56 62 473
62 56 473
56 65 743
65 56 743
57 74 78
74 57 78
57 81 136
81 57 136
58 74 187
74 58 187
59 69 323
69 59 323
59 64 305
64 59 305
60 61 152
61 60 152
60 75 341
75 60 341
61 68 397
68 61 397
61 66 514
66 61 514
61 70 712
70 61 712
61 62 308
62 61 308
61 80 615
80 61 615
62 68 482
68 62 482
62 77 683
77 62 683
63 77 74
77 63 74
64 73 900
73 64 900
64 79 377
79 64 377
64 73 872
73 64 872
64 67 610
67 64 610
65 69 443
69 65 443
65 75 12
75 65 12
65 74 586
74 65 586
65 83 723
83 65 723
66 81 326
81 66 326
66 74 282
74 66 282
66 74 820
74 66 820
68 83 185
83 68 185
68 79 862
79 68 862
68 83 577
83 68 577
68 76 469
76 68 469
68 72 118
72 68 118
69 75 107
75 69 107
69 69 179
69 69 179
69 83 436
83 69 436
70 76 40
76 70 40
71 79 516
79 71 516
71 78 723
78 71 723
74 82 977
82 74 977
74 74 927
74 74 927
75 76 475
76 75 475
75 82 556
82 75 556
75 81 129
81 75 129
76 79 289
79 76 289
76 84 81
84 76 81
76 80 205
80 76 205
78 80 488
80 78 488
78 79 190
79 78 190
82 84 487
84 82 487
82 83 239
83 82 239
