85

0 1 371
1 0 371
0 2 738
2 0 738
0 8 720
8 0 720
0 9 248
9 0 248
0 11 176
11 0 176
0 23 378
23 0 378
0 59 6
59 0 6
0 69 745
69 0 745
0 11 1000
11 0 1000
0 61 532
61 0 532
1 3 593
3 1 593
1 5 515
5 1 515
1 12 7
12 1 7
1 27 960
27 1 960
1 67 298
67 1 298
1 56 552
56 1 552
1 54 466
54 1 466
2 4 521
4 2 521
2 7 969
7 2 969
2 31 664
31 2 664
2 39 961
39 2 961
2 28 117
28 2 117
2 16 239
16 2 239
3 6 966
6 3 966
3 14 79
14 3 79
3 79 458
79 3 458
3 10 113
10 3 113
4 10 332
10 4 332
4 21 63
21 4 63
4 24 590
24 4 590
4 82 542
82 4 542
4 73 36
73 4 36
4 54 447
54 4 447
5 15 976
15 5 976
5 73 481
73 5 481
5 13 943
13 5 943
5 37 60
37 5 60
5 50 228
50 5 228
6 26 62
26 6 62
6 51 292
51 6 292
7 47 145
47 7 145
7 50 339
50 7 339
7 79 996
79 7 996
7 27 762
27 7 762
8 14 117
14 8 117
8 65 638
65 8 638
8 17 461
17 8 461
9 21 390
21 9 390
10 24 157
24 10 157
10 63 276
63 10 276
10 28 570
28 10 570
10 78 1000
78 10 1000
11 46 537
46 11 537
11 65 728
65 11 728
11 62 603
62 11 603
11 29 322
29 11 322
11 68 313
68 11 313
11 22 1
22 11 1
11 57 900
57 11 900
12 13 258
13 12 258
12 44 37
44 12 37
12 48 209
48 12 209
12 59 931
59 12 931
12 65 246
65 12 246
13 23 916
23 13 916
13 53 309
53 13 309
13 50 317
50 13 317
14 19 509
19 14 509
14 42 293
42 14 293
14 82 346
82 14 346
14 79 645
79 14 645
14 59 652
59 14 652
14 73 881
73 14 881
14 67 803
67 14 803
15 16 229
16 15 229
15 18 286
18 15 286
15 43 965
43 15 965
15 26 471
26 15 471
15 77 950
77 15 950
16 17 347
17 16 347
16 32 275
32 16 275
16 55 853
55 16 853
17 22 168
22 17 168
17 26 834
26 17 834
17 28 656
28 17 656
17 36 701
36 17 701
17 80 511
80 17 511
18 20 610
20 18 610
18 76 106
76 18 106
18 63 603
63 18 603
18 81 773
81 18 773
18 28 644
28 18 644
18 81 29
81 18 29
18 21 33
21 18 33
19 52 806
52 19 806
19 50 790
50 19 790
19 43 363
43 19 363
19 69 538
69 19 538
20 25 460
25 20 460
20 35 582
35 20 582
20 74 525
74 20 525
20 67 4
67 20 4
21 34 176
34 21 176
21 36 596
36 21 596
21 81 203
81 21 203
21 78 484
78 21 484
22 45 944
45 22 944
22 58 71
58 22 71
22 60 771
60 22 771
22 35 999
35 22 999
22 54 912
54 22 912
22 75 521
75 22 521
22 82 845
82 22 845
22 55 499
55 22 499
23 51 912
51 23 912
23 81 508
81 23 508
23 24 973
24 23 973
24 24 815
24 24 815
24 50 574
50 24 574
24 29 674
29 24 674
24 79 495
79 24 495
24 55 547
55 24 547
24 75 767
75 24 767
25 62 5
62 25 5
25 83 431
83 25 431
25 52 693
52 25 693
26 48 57
48 26 57
26 31 742
31 26 742
26 30 218
30 26 218
26 78 333
78 26 333
27 29 396
29 27 396
27 41 81
41 27 81
27 38 478
38 27 478
27 44 479
44 27 479
27 56 726
56 27 726
27 78 803
78 27 803
29 30 163
30 29 163
29 84 461
84 29 461
30 38 327
38 30 327
30 63 222
63 30 222
30 36 380
36 30 380
30 65 57
65 30 57
31 37 166
37 31 166
31 40 677
40 31 677
32 33 887
33 32 887
32 56 315
56 32 315
32 33 529
33 32 529
32 49 464
49 32 464
33 43 440
43 33 440
33 54 742
54 33 742
33 70 458
70 33 458
33 48 543
48 33 543
34 73 611
73 34 611
34 74 660
74 34 660
35 72 413
72 35 413
35 45 762
45 35 762
36 56 795
56 36 795
36 57 753
57 36 753
36 61 933
61 36 933
37 78 828
78 37 828
37 52 14
52 37 14
37 40 957
40 37 957
37 54 646
54 37 646
37 46 600
46 37 600
37 84 370
84 37 370
38 41 577
41 38 577
38 80 409
80 38 409
38 61 748
61 38 748
38 55 383
55 38 383
38 56 967
56 38 967
39 46 426
46 39 426
39 66 478
66 39 478
40 44 532
44 40 532
40 66 360
66 40 360
41 72 689
72 41 689
41 77 475
77 41 475
41 50 142
50 41 142
41 51 582
51 41 582
41 82 731
82 41 731
42 67 467
67 42 467
42 50 630
50 42 630
42 79 704
79 42 704
42 67 488
67 42 488
43 55 714
55 43 714
44 59 442
59 44 442
45 61 771
61 45 771
45 64 201
64 45 201
45 72 597
72 45 597
46 53 205
53 46 205
46 66 8
66 46 8
46 56 592
56 46 592
47 57 62
57 47 62
47 75 28
75 47 28
47 81 170
81 47 170
47 62 552
62 47 552
48 49 309
49 48 309
48 55 238
55 48 238
48 68 75
68 48 75
48 73 127
73 48 127
49 71 786
71 49 786
49 78 781
78 49 781
50 53 232
53 50 232
51 61 876
61 51 876
52 84 635
84 52 635
52 70 341
70 52 341
53 61 958
61 53 958
53 60 290
60 53 290
54 74 91
74 54 91
54 82 394
82 54 394
54 75 124
75 54 124
55 81 349
81 55 349
55 82 468
82 55 468
55 77 766
77 55 766
55 62 48
62 55 48
56 67 842
67 56 842
58 79 874
79 58 874
58 72 190
72 58 190
59 81 595
81 59 595
59 74 8
74 59 8
61 75 32
75 61 32
62 73 969
73 62 969
63 71 630
71 63 630
63 68 260
68 63 260
65 82 488
82 65 488
67 70 156
70 67 156
69 80 549
80 69 549
71 83 501
83 71 501
73 83 287
83 73 287
75 77 745
77 75 745
77 79 141
79 77 141
