58

0 1 909
1 0 909
0 8 852
8 0 852
0 41 802
41 0 802
0 34 214
34 0 214
0 18 360
18 0 360
0 29 816
29 0 816
0 27 364
27 0 364
0 5 305
5 0 305
0 9 894
9 0 894
0 52 647
52 0 647
0 24 418
24 0 418
1 2 787
2 1 787
1 20 799
20 1 799
1 20 788
20 1 788
1 38 434
38 1 434
1 7 799
7 1 799
1 36 663
36 1 663
1 38 375
38 1 375
1 46 190
46 1 190
1 53 748
53 1 748
1 31 533
31 1 533
1 5 60
5 1 60
1 6 68
6 1 68
1 41 266
41 1 266
1 29 737
29 1 737
2 3 549
3 2 549
2 5 829
5 2 829
2 7 238
7 2 238
2 10 143
10 2 143
2 11 583
11 2 583
2 10 339
10 2 339
2 21 836
21 2 836
2 51 360
51 2 360
2 24 333
24 2 333
2 53 443
53 2 443
2 44 586
44 2 586
2 30 139
30 2 139
2 4 436
4 2 436
2 17 804
17 2 804
2 16 546
16 2 546
2 23 52
23 2 52
2 18 227
18 2 227
3 4 40
4 3 40
3 39 205
39 3 205
3 11 509
11 3 509
3 52 359
52 3 359
3 23 637
23 3 637
3 44 15
44 3 15
3 38 690
38 3 690
3 54 980
54 3 980
3 9 643
9 3 643
3 56 600
56 3 600
3 4 859
4 3 859
3 15 794
15 3 794
3 16 999
16 3 999
3 5 884
5 3 884
3 10 640
10 3 640
3 27 543
27 3 543
4 35 563
35 4 563
4 30 334
30 4 334
4 56 953
56 4 953
4 5 366
5 4 366
4 11 409
11 4 409
4 12 940
12 4 940
4 48 644
48 4 644
4 46 730
46 4 730
4 21 210
21 4 210
4 20 761
20 4 761
4 30 789
30 4 789
5 6 315
6 5 315
5 11 181
11 5 181
5 14 364
14 5 364
5 39 625
39 5 625
5 38 792
38 5 792
5 25 193
25 5 193
5 12 561
12 5 561
5 28 168
28 5 168
5 18 803
18 5 803
5 6 118
6 5 118
5 5 850
5 5 850
6 9 104
9 6 104
6 16 618
16 6 618
6 36 724
36 6 724
6 41 731
41 6 731
6 49 185
49 6 185
6 10 771
10 6 771
6 12 595
12 6 595
6 33 560
33 6 560
6 45 172
45 6 172
6 51 671
51 6 671
6 54 769
54 6 769
6 36 684
36 6 684
6 10 836
10 6 836
6 27 74
27 6 74
6 25 843
25 6 843
6 54 138
54 6 138
6 37 862
37 6 862
7 13 883
13 7 883
7 18 570
18 7 570
7 9 649
9 7 649
7 50 202
50 7 202
7 33 943
33 7 943
7 37 591
37 7 591
7 48 932
48 7 932
7 21 348
21 7 348
7 49 678
49 7 678
7 19 429
19 7 429
7 50 863
50 7 863
7 56 914
56 7 914
7 19 174
19 7 174
8 21 278
21 8 278
8 27 882
27 8 882
8 29 650
29 8 650
8 24 197
24 8 197
8 52 915
52 8 915
8 29 311
29 8 311
8 29 124
29 8 124
8 57 338
57 8 338
8 16 750
16 8 750
8 20 6
20 8 6
8 36 992
36 8 992
8 54 909
54 8 909
9 12 241
12 9 241
9 22 355
22 9 355
9 14 248
14 9 248
9 56 183
56 9 183
9 37 157
37 9 157
9 30 706
30 9 706
9 51 791
51 9 791
9 40 378
40 9 378
9 47 985
47 9 985
9 22 439
22 9 439
9 10 209
10 9 209
9 25 39
25 9 39
9 51 875
51 9 875
9 19 465
19 9 465
10 32 885
32 10 885
10 34 592
34 10 592
10 35 439
35 10 439
10 26 414
26 10 414
10 15 606
15 10 606
10 47 250
47 10 250
10 52 475
52 10 475
10 47 803
47 10 803
10 57 481
57 10 481
10 24 966
24 10 966
10 14 307
14 10 307
10 14 30
14 10 30
11 47 862
47 11 862
11 14 759
14 11 759
11 53 83
53 11 83
11 52 415
52 11 415
11 31 701
31 11 701
11 27 10
27 11 10
11 47 546
47 11 546
11 22 799
22 11 799
11 16 701
16 11 701
11 49 967
49 11 967
12 15 667
15 12 667
12 19 357
19 12 357
12 26 183
26 12 183
12 49 497
49 12 497
12 51 762
51 12 762
12 21 9
21 12 9
12 55 136
55 12 136
12 29 442
29 12 442
13 17 793
17 13 793
13 54 724
54 13 724
13 30 388
30 13 388
13 23 973
23 13 973
13 39 600
39 13 600
13 21 51
21 13 51
13 15 535
15 13 535
13 48 483
48 13 483
14 25 487
25 14 487
14 38 211
38 14 211
14 43 878
43 14 878
14 28 130
28 14 130
14 38 989
38 14 989
14 45 521
45 14 521
14 55 670
55 14 670
14 48 85
48 14 85
14 21 107
21 14 107
14 20 568
20 14 568
14 37 158
37 14 158
15 24 445
24 15 445
15 30 350
30 15 350
15 40 133
40 15 133
15 16 673
16 15 673
15 48 378
48 15 378
15 36 899
36 15 899
15 32 342
32 15 342
15 22 755
22 15 755
15 19 150
19 15 150
16 54 453
54 16 453
16 25 488
25 16 488
16 37 866
37 16 866
16 22 651
22 16 651
16 35 320
35 16 320
16 31 233
31 16 233
16 17 710
17 16 710
16 38 338
38 16 338
16 35 308
35 16 308
16 51 882
51 16 882
16 56 863
56 16 863
17 23 136
23 17 136
17 26 354
26 17 354
17 29 115
29 17 115
17 42 476
42 17 476
17 24 146
24 17 146
18 34 361
34 18 361
18 47 553
47 18 553
18 40 745
40 18 745
18 55 205
55 18 205
19 28 380
28 19 380
19 42 988
42 19 988
19 57 336
57 19 336
19 21 996
21 19 996
19 33 93
33 19 93
19 54 144
54 19 144
19 37 762
37 19 762
19 38 18
38 19 18
20 54 454
54 20 454
20 23 760
23 20 760
20 53 683
53 20 683
20 44 46
44 20 46
20 26 862
26 20 862
20 33 86
33 20 86
20 24 133
24 20 133
21 27 832
27 21 832
21 44 518
44 21 518
21 55 242
55 21 242
22 55 688
55 22 688
22 42 489
42 22 489
22 25 356
25 22 356
22 56 725
56 22 725
22 33 501
33 22 501
22 40 338
40 22 338
23 31 101
31 23 101
23 35 672
35 23 672
23 53 841
53 23 841
23 44 46
44 23 46
23 44 261
44 23 261
23 48 365
48 23 365
23 26 392
26 23 392
23 48 398
48 23 398
23 50 137
50 23 137
23 47 368
47 23 368
24 37 273
37 24 273
24 47 591
47 24 591
24 38 122
38 24 122
24 26 180
26 24 180
24 25 862
25 24 862
24 25 644
25 24 644
24 41 557
41 24 557
25 49 980
49 25 980
25 55 455
55 25 455
25 37 829
37 25 829
25 36 773
36 25 773
26 55 41
55 26 41
26 36 830
36 26 830
26 40 553
40 26 553
26 48 228
48 26 228
26 52 159
52 26 159
26 36 683
36 26 683
27 44 115
44 27 115
27 48 359
48 27 359
27 37 458
37 27 458
27 43 921
43 27 921
27 56 280
56 27 280
27 52 938
52 27 938
27 57 985
57 27 985
28 33 327
33 28 327
28 40 754
40 28 754
28 34 969
34 28 969
28 40 325
40 28 325
28 53 483
53 28 483
28 57 384
57 28 384
28 29 903
29 28 903
28 44 97
44 28 97
28 29 251
29 28 251
29 35 334
35 29 334
29 47 756
47 29 756
29 41 800
41 29 800
30 43 566
43 30 566
30 48 41
48 30 41
30 32 9
32 30 9
30 52 668
52 30 668
30 49 179
49 30 179
31 48 781
48 31 781
31 56 821
56 31 821
31 35 522
35 31 522
32 39 286
39 32 286
32 50 545
50 32 545
32 48 444
48 32 444
32 42 589
42 32 589
32 38 73
38 32 73
33 40 62
40 33 62
33 49 404
49 33 404
33 39 841
39 33 841
34 48 874
48 34 874
34 56 920
56 34 920
34 53 251
53 34 251
34 35 954
35 34 954
35 45 360
45 35 360
35 42 588
42 35 588
35 54 492
54 35 492
36 43 506
43 36 506
36 52 988
52 36 988
36 56 655
56 36 655
36 50 660
50 36 660
37 39 808
39 37 808
37 53 646
53 37 646
37 55 486
55 37 486
38 53 795
53 38 795
38 46 787
46 38 787
38 51 962
51 38 962
38 46 677
46 38 677
38 40 822
40 38 822
40 52 47
52 40 47
40 42 23
42 40 23
41 46 178
46 41 178
41 55 163
55 41 163
42 45 304
45 42 304
42 48 11
48 42 11
42 55 62
55 42 62
43 53 494
53 43 494
43 49 895
49 43 895
44 56 936
56 44 936
44 45 619
45 44 619
44 49 488
49 44 488
44 44 368
44 44 368
45 50 679
50 45 679
45 48 14
48 45 14
45 52 351
52 45 351
45 57 89
57 45 89
46 48 121
48 46 121
46 47 587
47 46 587
46 48 141
48 46 141
46 56 909
56 46 909
47 51 548
51 47 548
47 52 771
52 47 771
48 50 599
50 48 599
48 50 963
50 48 963
48 50 471
50 48 471
49 51 946
51 49 946
49 50 259
50 49 259
51 54 92
54 51 92
52 55 200
55 52 200
52 54 810
54 52 810
53 57 980
57 53 980
53 55 842
55 53 842
54 57 545
57 54 545
