93

0 1 967
1 0 967
0 2 164
2 0 164
0 4 64
4 0 64
0 8 944
8 0 944
0 14 332
14 0 332
0 15 196
15 0 196
0 26 857
26 0 857
0 43 771
43 0 771
0 87 31
87 0 31
0 92 527
92 0 527
0 15 218
15 0 218
0 69 774
69 0 774
0 31 236
31 0 236
0 22 534
22 0 534
0 38 319
38 0 319
0 51 974
51 0 974
0 71 285
71 0 285
0 53 789
53 0 789
0 35 145
35 0 145
0 20 858
20 0 858
1 13 176
13 1 176
1 24 953
24 1 953
1 37 683
37 1 683
1 83 663
83 1 663
1 59 710
59 1 710
1 3 735
3 1 735
1 30 784
30 1 784
1 88 681
88 1 681
1 13 103
13 1 103
1 46 164
46 1 164
1 64 61
64 1 61
1 5 541
5 1 541
1 2 607
2 1 607
1 74 465
74 1 465
1 57 848
57 1 848
1 54 597
54 1 597
1 92 994
92 1 994
1 44 764
44 1 764
2 3 210
3 2 210
2 9 447
9 2 447
2 17 339
17 2 339
2 35 452
35 2 452
2 89 981
89 2 981
2 73 488
73 2 488
2 3 536
3 2 536
2 79 622
79 2 622
2 86 542
86 2 542
3 5 458
5 3 458
3 19 927
19 3 927
3 33 163
33 3 163
3 79 880
79 3 880
3 4 638
4 3 638
3 48 385
48 3 385
3 92 740
92 3 740
3 83 490
83 3 490
3 52 214
52 3 214
3 77 874
77 3 874
3 85 174
85 3 174
3 79 322
79 3 322
3 92 701
92 3 701
3 91 956
91 3 956
3 29 766
29 3 766
3 63 474
63 3 474
3 54 183
54 3 183
3 44 682
44 3 682
3 44 213
44 3 213
3 71 185
71 3 185
4 7 481
7 4 481
4 38 913
38 4 913
4 46 492
46 4 492
4 54 595
54 4 595
4 60 418
60 4 418
4 10 179
10 4 179
4 76 303
76 4 303
4 74 802
74 4 802
4 67 47
67 4 47
4 64 287
64 4 287
4 12 102
12 4 102
4 47 114
47 4 114
4 90 845
90 4 845
4 17 962
17 4 962
4 86 574
86 4 574
4 86 267
86 4 267
4 18 983
18 4 983
4 48 152
48 4 152
4 17 970
17 4 970
4 55 45
55 4 45
4 29 393
29 4 393
5 6 59
6 5 59
5 11 964
11 5 964
5 41 206
41 5 206
5 46 682
46 5 682
5 79 597
79 5 597
5 20 19
20 5 19
5 13 866
13 5 866
5 64 377
64 5 377
5 69 533
69 5 533
5 37 251
37 5 251
5 82 534
82 5 534
5 6 370
6 5 370
5 65 491
65 5 491
5 19 688
19 5 688
5 45 556
45 5 556
5 15 672
15 5 672
6 22 61
22 6 61
6 25 753
25 6 753
6 28 249
28 6 249
6 18 457
18 6 457
6 85 314
85 6 314
6 13 393
13 6 393
6 69 431
69 6 431
6 79 564
79 6 564
6 40 626
40 6 626
6 26 811
26 6 811
6 54 374
54 6 374
6 26 739
26 6 739
6 59 238
59 6 238
7 49 762
49 7 762
7 11 560
11 7 560
7 9 868
9 7 868
7 71 700
71 7 700
7 82 672
82 7 672
7 87 895
87 7 895
7 38 460
38 7 460
7 50 680
50 7 680
7 88 521
88 7 521
7 27 220
27 7 220
7 88 243
88 7 243
7 85 542
85 7 542
7 14 30
14 7 30
7 83 375
83 7 375
7 67 155
67 7 155
7 57 861
57 7 861
8 10 897
10 8 897
8 12 20
12 8 20
8 40 458
40 8 458
8 66 922
66 8 922
8 37 681
37 8 681
8 35 630
35 8 630
8 60 707
60 8 707
8 28 873
28 8 873
8 36 829
36 8 829
8 77 817
77 8 817
8 86 196
86 8 196
8 70 135
70 8 135
8 53 405
53 8 405
8 63 525
63 8 525
8 36 485
36 8 485
8 44 827
44 8 827
8 92 150
92 8 150
8 68 370
68 8 370
8 72 246
72 8 246
9 18 863
18 9 863
9 50 757
50 9 757
9 21 189
21 9 189
9 34 109
34 9 109
9 54 788
54 9 788
9 50 366
50 9 366
9 89 747
89 9 747
10 18 680
18 10 680
10 20 572
20 10 572
10 62 213
62 10 213
10 59 623
59 10 623
10 87 32
87 10 32
10 24 862
24 10 862
10 77 768
77 10 768
10 45 653
45 10 653
10 41 775
41 10 775
10 37 817
37 10 817
10 48 657
48 10 657
10 59 25
59 10 25
10 42 50
42 10 50
10 29 649
29 10 649
10 63 546
63 10 546
11 23 443
23 11 443
11 85 908
85 11 908
11 15 380
15 11 380
11 35 529
35 11 529
11 32 572
32 11 572
11 32 159
32 11 159
11 54 764
54 11 764
11 37 118
37 11 118
11 76 573
76 11 573
11 80 297
80 11 297
12 75 673
75 12 673
12 15 186
15 12 186
12 13 465
13 12 465
12 75 881
75 12 881
13 16 674
16 13 674
13 28 321
28 13 321
13 29 73
29 13 73
13 31 964
31 13 964
13 46 534
46 13 534
13 73 509
73 13 509
13 89 647
89 13 647
13 65 565
65 13 565
13 31 543
31 13 543
13 80 592
80 13 592
13 25 176
25 13 176
13 18 599
18 13 599
13 85 46
85 13 46
13 75 561
75 13 561
13 92 553
92 13 553
13 85 451
85 13 451
13 86 539
86 13 539
13 26 465
26 13 465
13 56 571
56 13 571
13 63 52
63 13 52
13 90 540
90 13 540
14 38 759
38 14 759
14 32 999
32 14 999
14 20 47
20 14 47
14 53 654
53 14 654
14 78 113
78 14 113
14 66 53
66 14 53
14 38 558
38 14 558
14 30 147
30 14 147
14 80 387
80 14 387
14 26 137
26 14 137
14 82 172
82 14 172
15 59 214
59 15 214
15 84 475
84 15 475
15 26 7
26 15 7
15 27 247
27 15 247
15 65 863
65 15 863
15 22 712
22 15 712
15 69 490
69 15 490
15 57 461
57 15 461
15 28 767
28 15 767
15 61 565
61 15 565
15 77 26
77 15 26
15 38 8
38 15 8
15 63 104
63 15 104
15 71 508
71 15 508
15 43 418
43 15 418
15 19 369
19 15 369
15 39 803
39 15 803
15 46 446
46 15 446
15 57 831
57 15 831
15 63 290
63 15 290
16 21 912
21 16 912
16 45 481
45 16 481
16 61 938
61 16 938
16 60 469
60 16 469
16 57 962
57 16 962
16 56 627
56 16 627
16 35 929
35 16 929
16 30 118
30 16 118
16 42 699
42 16 699
16 78 825
78 16 825
16 74 564
74 16 564
16 77 891
77 16 891
16 37 144
37 16 144
16 59 320
59 16 320
16 33 801
33 16 801
16 36 775
36 16 775
17 48 93
48 17 93
18 34 402
34 18 402
18 44 127
44 18 127
18 81 321
81 18 321
18 89 312
89 18 312
18 83 60
83 18 60
18 30 939
30 18 939
18 88 314
88 18 314
18 42 107
42 18 107
18 79 383
79 18 383
18 32 513
32 18 513
18 49 664
49 18 664
18 65 582
65 18 582
18 39 847
39 18 847
18 49 694
49 18 694
18 83 957
83 18 957
18 30 126
30 18 126
18 52 258
52 18 258
18 82 686
82 18 686
18 40 42
40 18 42
19 39 147
39 19 147
19 76 84
76 19 84
19 27 763
27 19 763
19 85 932
85 19 932
19 70 285
70 19 285
19 51 248
51 19 248
19 83 59
83 19 59
19 68 536
68 19 536
19 61 44
61 19 44
19 20 974
20 19 974
19 59 192
59 19 192
19 28 249
28 19 249
19 36 787
36 19 787
20 36 340
36 20 340
20 60 494
60 20 494
20 56 605
56 20 605
20 21 984
21 20 984
20 60 748
60 20 748
20 71 866
71 20 866
20 41 367
41 20 367
20 23 376
23 20 376
20 85 597
85 20 597
20 91 483
91 20 483
20 62 174
62 20 174
21 51 651
51 21 651
21 43 216
43 21 216
21 58 732
58 21 732
21 91 103
91 21 103
21 22 670
22 21 670
21 50 189
50 21 189
21 71 343
71 21 343
21 33 423
33 21 423
21 47 366
47 21 366
21 62 451
62 21 451
21 78 125
78 21 125
21 28 63
28 21 63
21 55 410
55 21 410
21 77 558
77 21 558
22 55 64
55 22 64
22 35 32
35 22 32
22 28 170
28 22 170
22 41 605
41 22 605
22 51 110
51 22 110
22 87 722
87 22 722
22 68 921
68 22 921
22 45 977
45 22 977
23 72 420
72 23 420
23 32 620
32 23 620
23 86 809
86 23 809
23 37 411
37 23 411
23 27 54
27 23 54
23 71 123
71 23 123
23 73 903
73 23 903
23 63 604
63 23 604
23 33 8
33 23 8
23 53 601
53 23 601
23 65 555
65 23 555
24 46 818
46 24 818
24 56 90
56 24 90
24 52 619
52 24 619
24 54 442
54 24 442
25 27 921
27 25 921
25 30 294
30 25 294
25 91 694
91 25 694
25 26 449
26 25 449
25 33 701
33 25 701
25 72 435
72 25 435
25 84 439
84 25 439
25 82 489
82 25 489
25 45 303
45 25 303
25 73 686
73 25 686
25 37 367
37 25 367
25 59 221
59 25 221
25 68 9
68 25 9
25 52 334
52 25 334
25 35 680
35 25 680
26 53 732
53 26 732
26 70 151
70 26 151
26 67 406
67 26 406
26 54 853
54 26 853
27 76 394
76 27 394
27 67 333
67 27 333
27 38 660
38 27 660
27 65 497
65 27 497
27 92 478
92 27 478
27 85 254
85 27 254
27 45 597
45 27 597
28 86 546
86 28 546
28 80 962
80 28 962
28 71 738
71 28 738
28 52 978
52 28 978
28 67 799
67 28 799
28 78 490
78 28 490
28 74 205
74 28 205
28 85 983
85 28 983
28 76 982
76 28 982
28 66 521
66 28 521
29 36 624
36 29 624
29 62 933
62 29 933
29 91 313
91 29 313
29 41 957
41 29 957
29 86 712
86 29 712
29 91 827
91 29 827
29 86 571
86 29 571
29 35 358
35 29 358
29 35 534
35 29 534
30 64 969
64 30 969
30 30 478
30 30 478
30 35 218
35 30 218
30 74 782
74 30 782
30 46 504
46 30 504
30 75 124
75 30 124
30 51 218
51 30 218
30 59 74
59 30 74
30 52 595
52 30 595
30 47 968
47 30 968
31 32 849
32 31 849
31 42 763
42 31 763
31 39 791
39 31 791
31 72 573
72 31 573
31 43 968
43 31 968
31 79 788
79 31 788
32 54 48
54 32 48
32 73 252
73 32 252
32 36 235
36 32 235
32 86 241
86 32 241
32 81 285
81 32 285
32 84 995
84 32 995
32 74 355
74 32 355
32 78 171
78 32 171
32 86 25
86 32 25
32 67 784
67 32 784
32 44 991
44 32 991
33 50 382
50 33 382
33 49 407
49 33 407
33 36 72
36 33 72
33 56 504
56 33 504
33 38 60
38 33 60
33 38 425
38 33 425
33 91 736
91 33 736
33 56 381
56 33 381
34 73 254
73 34 254
34 78 152
78 34 152
34 82 853
82 34 853
34 84 687
84 34 687
34 66 720
66 34 720
34 81 793
81 34 793
34 46 376
46 34 376
34 82 3
82 34 3
34 67 330
67 34 330
34 82 526
82 34 526
34 90 253
90 34 253
34 60 607
60 34 607
35 52 384
52 35 384
35 40 687
40 35 687
35 63 971
63 35 971
35 87 381
87 35 381
35 46 896
46 35 896
35 53 891
53 35 891
35 46 951
46 35 951
35 59 511
59 35 511
35 36 456
36 35 456
35 40 673
40 35 673
35 44 764
44 35 764
35 71 916
71 35 916
35 83 356
83 35 356
36 48 691
48 36 691
36 51 191
51 36 191
36 73 859
73 36 859
36 47 975
47 36 975
36 59 308
59 36 308
37 48 924
48 37 924
37 67 198
67 37 198
37 88 218
88 37 218
37 44 528
44 37 528
37 60 972
60 37 972
37 44 671
44 37 671
37 40 244
40 37 244
37 73 749
73 37 749
37 40 402
40 37 402
37 80 953
80 37 953
37 43 288
43 37 288
37 74 718
74 37 718
37 67 703
67 37 703
38 83 312
83 38 312
38 41 576
41 38 576
38 77 635
77 38 635
38 88 285
88 38 285
38 43 160
43 38 160
38 45 193
45 38 193
38 89 882
89 38 882
38 73 725
73 38 725
38 66 915
66 38 915
38 64 814
64 38 814
38 65 426
65 38 426
39 73 571
73 39 571
39 77 558
77 39 558
39 75 443
75 39 443
39 75 777
75 39 777
39 44 883
44 39 883
39 91 270
91 39 270
39 82 190
82 39 190
39 46 970
46 39 970
39 60 751
60 39 751
39 91 841
91 39 841
39 90 340
90 39 340
40 89 605
89 40 605
40 80 833
80 40 833
40 61 70
61 40 70
40 87 574
87 40 574
40 41 53
41 40 53
40 46 90
46 40 90
40 64 949
64 40 949
40 70 950
70 40 950
40 52 125
52 40 125
41 47 443
47 41 443
41 56 185
56 41 185
41 67 795
67 41 795
41 44 438
44 41 438
41 71 208
71 41 208
41 75 984
75 41 984
41 88 698
88 41 698
41 66 446
66 41 446
41 86 422
86 41 422
41 67 153
67 41 153
42 62 630
62 42 630
42 71 911
71 42 911
42 86 152
86 42 152
42 74 338
74 42 338
42 46 885
46 42 885
42 67 532
67 42 532
42 59 447
59 42 447
42 89 672
89 42 672
43 73 623
73 43 623
43 89 658
89 43 658
43 45 316
45 43 316
43 88 645
88 43 645
43 64 164
64 43 164
43 81 315
81 43 315
43 77 841
77 43 841
43 58 315
58 43 315
43 47 480
47 43 480
44 71 929
71 44 929
44 69 670
69 44 670
44 70 329
70 44 329
44 82 682
82 44 682
44 56 704
56 44 704
45 56 592
56 45 592
45 58 995
58 45 995
45 79 735
79 45 735
45 60 696
60 45 696
45 49 109
49 45 109
45 57 207
57 45 207
46 47 699
47 46 699
46 89 167
89 46 167
46 49 758
49 46 758
46 81 991
81 46 991
46 54 744
54 46 744
46 77 371
77 46 371
46 85 762
85 46 762
47 71 91
71 47 91
47 74 214
74 47 214
47 81 104
81 47 104
47 64 262
64 47 262
47 75 385
75 47 385
47 80 840
80 47 840
47 90 230
90 47 230
47 56 444
56 47 444
47 88 976
88 47 976
47 84 427
84 47 427
47 53 834
53 47 834
48 49 346
49 48 346
48 71 90
71 48 90
48 73 512
73 48 512
48 49 275
49 48 275
48 81 812
81 48 812
48 68 678
68 48 678
49 57 248
57 49 248
49 65 217
65 49 217
49 69 518
69 49 518
50 64 534
64 50 534
50 53 860
53 50 860
50 77 915
77 50 915
51 84 871
84 51 871
51 87 964
87 51 964
51 69 322
69 51 322
52 61 114
61 52 114
52 84 254
84 52 254
52 73 901
73 52 901
52 80 773
80 52 773
52 55 390
55 52 390
52 72 665
72 52 665
53 88 252
88 53 252
53 72 608
72 53 608
53 84 465
84 53 465
53 55 128
55 53 128
53 62 458
62 53 458
53 80 723
80 53 723
54 80 553
80 54 553
54 84 614
84 54 614
54 71 758
71 54 758
55 63 133
63 55 133
55 65 396
65 55 396
55 82 536
82 55 536
55 91 689
91 55 689
55 74 679
74 55 679
55 70 488
70 55 488
55 56 953
56 55 953
55 64 241
64 55 241
56 76 136
76 56 136
56 81 731
81 56 731
56 85 868
85 56 868
56 64 294
64 56 294
57 88 223
88 57 223
57 88 719
88 57 719
57 86 14
86 57 14
57 68 404
68 57 404
57 70 219
70 57 219
58 79 429
79 58 429
58 72 935
72 58 935
59 85 136
85 59 136
59 90 107
90 59 107
59 71 103
71 59 103
59 87 636
87 59 636
59 91 206
91 59 206
59 75 392
75 59 392
60 77 654
77 60 654
60 68 140
68 60 140
60 66 963
66 60 963
61 84 898
84 61 898
62 80 536
80 62 536
62 65 160
65 62 160
62 85 280
85 62 280
62 66 845
66 62 845
62 73 175
73 62 175
62 79 653
79 62 653
62 65 648
65 62 648
62 75 425
75 62 425
62 82 733
82 62 733
62 81 373
81 62 373
63 72 188
72 63 188
63 83 271
83 63 271
63 88 388
88 63 388
63 84 923
84 63 923
64 68 431
68 64 431
64 75 414
75 64 414
64 77 708
77 64 708
64 77 524
77 64 524
64 72 618
72 64 618
64 70 398
70 64 398
65 73 853
73 65 853
65 78 784
78 65 784
65 81 643
81 65 643
65 78 567
78 65 567
65 77 552
77 65 552
66 89 868
89 66 868
66 66 486
66 66 486
67 70 695
70 67 695
68 69 377
69 68 377
68 90 814
90 68 814
69 83 786
83 69 786
69 83 313
83 69 313
69 92 292
92 69 292
69 75 365
75 69 365
70 82 921
82 70 921
70 82 495
82 70 495
71 78 631
78 71 631
71 74 400
74 71 400
71 79 604
79 71 604
71 84 313
84 71 313
72 77 137
77 72 137
72 80 825
80 72 825
73 76 879
76 73 879
73 76 336
76 73 336
73 90 426
90 73 426
73 90 582
90 73 582
73 78 696
78 73 696
74 80 726
80 74 726
74 90 246
90 74 246
75 76 272
76 75 272
75 81 7
81 75 7
75 80 148
80 75 148
76 82 282
82 76 282
76 76 37
76 76 37
78 88 221
88 78 221
78 90 335
90 78 335
78 89 861
89 78 861
78 86 663
86 78 663
79 80 76
80 79 76
79 81 537
81 79 537
80 85 975
85 80 975
80 86 513
86 80 513
80 89 411
89 80 411
80 80 464
80 80 464
81 91 614
91 81 614
81 90 493
90 81 493
83 85 479
85 83 479
84 90 894
90 84 894
84 92 258
92 84 258
84 91 591
91 84 591
86 91 918
91 86 918
86 87 257
87 86 257
89 89 391
89 89 391
89 92 891
92 89 891
