75

0 1 319
1 0 319
0 6 752
6 0 752
0 57 829
57 0 829
0 45 183
45 0 183
0 24 407
24 0 407
1 2 621
2 1 621
1 3 128
3 1 128
1 4 199
4 1 199
1 7 700
7 1 700
1 9 16
9 1 16
1 12 507
12 1 507
1 14 640
14 1 640
1 27 96
27 1 96
1 30 436
30 1 436
1 59 139
59 1 139
1 70 914
70 1 914
1 14 373
14 1 373
1 29 100
29 1 100
1 45 702
45 1 702
1 47 107
47 1 107
1 10 101
10 1 101
2 36 23
36 2 23
2 54 109
54 2 109
2 52 543
52 2 543
3 5 132
5 3 132
3 10 246
10 3 246
3 28 564
28 3 564
3 62 664
62 3 664
3 13 990
13 3 990
3 32 151
32 3 151
3 53 584
53 3 584
3 51 854
51 3 854
3 61 432
61 3 432
4 8 384
8 4 384
4 61 190
61 4 190
4 30 657
30 4 657
4 59 685
59 4 685
4 74 290
74 4 290
4 7 61
7 4 61
4 19 84
19 4 84
4 71 64
71 4 64
4 28 462
28 4 462
4 14 357
14 4 357
4 58 38
58 4 38
4 72 133
72 4 133
5 67 835
67 5 835
5 53 697
53 5 697
5 36 703
36 5 703
5 48 389
48 5 389
5 17 523
17 5 523
5 46 553
46 5 553
6 45 9
45 6 9
6 64 674
64 6 674
7 40 53
40 7 53
7 55 872
55 7 872
7 14 359
14 7 359
7 36 95
36 7 95
8 17 675
17 8 675
8 63 319
63 8 319
8 56 689
56 8 689
8 10 381
10 8 381
8 10 672
10 8 672
8 53 972
53 8 972
8 55 521
55 8 521
8 36 929
36 8 929
8 19 678
19 8 678
9 11 326
11 9 326
9 30 329
30 9 329
9 46 520
46 9 520
9 69 6
69 9 6
9 66 237
66 9 237
9 54 121
54 9 121
9 29 869
29 9 869
9 49 694
49 9 694
9 15 220
15 9 220
9 26 139
26 9 139
10 23 927
23 10 927
10 39 921
39 10 921
10 59 868
59 10 868
10 68 859
68 10 859
10 55 945
55 10 945
10 39 24
39 10 24
10 69 595
69 10 595
10 14 143
14 10 143
11 13 843
13 11 843
11 19 578
19 11 578
11 24 390
24 11 390
11 54 50
54 11 50
11 72 377
72 11 377
11 67 321
67 11 321
11 41 142
41 11 142
11 16 483
16 11 483
11 31 359
31 11 359
11 35 398
35 11 398
11 53 138
53 11 138
11 68 841
68 11 841
12 49 332
49 12 332
12 62 31
62 12 31
12 32 740
32 12 740
12 46 762
46 12 762
12 28 285
28 12 285
12 44 954
44 12 954
13 15 730
15 13 730
13 18 599
18 13 599
13 31 490
31 13 490
13 32 484
32 13 484
13 45 788
45 13 788
13 33 666
33 13 666
13 50 538
50 13 538
13 57 445
57 13 445
14 25 191
25 14 191
14 41 586
41 14 586
14 56 374
56 14 374
14 25 47
25 14 47
14 48 928
48 14 928
15 16 402
16 15 402
15 21 116
21 15 116
15 44 728
44 15 728
15 60 531
60 15 531
15 63 517
63 15 517
15 62 129
62 15 129
15 26 85
26 15 85
16 46 177
46 16 177
16 17 950
17 16 950
16 22 487
22 16 487
16 18 640
18 16 640
17 20 170
20 17 170
17 31 522
31 17 522
17 37 525
37 17 525
17 56 105
56 17 105
17 22 903
22 17 903
17 62 575
62 17 575
17 40 731
40 17 731
18 37 943
37 18 943
18 66 117
66 18 117
18 55 649
55 18 649
18 63 391
63 18 391
18 64 994
64 18 994
18 68 574
68 18 574
18 29 245
29 18 245
19 26 846
26 19 846
19 65 230
65 19 230
19 66 333
66 19 333
19 63 275
63 19 275
19 22 700
22 19 700
19 23 457
23 19 457
20 22 70
22 20 70
20 29 497
29 20 497
21 29 693
29 21 693
21 64 583
64 21 583
21 51 400
51 21 400
22 34 598
34 22 598
22 35 305
35 22 305
22 53 378
53 22 378
22 74 119
74 22 119
22 51 686
51 22 686
23 38 74
38 23 74
23 42 860
42 23 860
24 73 47
73 24 47
24 64 134
64 24 134
24 67 58
67 24 58
24 72 841
72 24 841
24 39 892
39 24 892
24 43 171
43 24 171
24 35 307
35 24 307
24 71 683
71 24 683
25 35 350
35 25 350
25 43 895
43 25 895
25 50 667
50 25 667
25 48 289
48 25 289
25 61 796
61 25 796
25 50 316
50 25 316
25 70 991
70 25 991
25 37 771
37 25 771
26 50 840
50 26 840
26 44 886
44 26 886
26 65 757
65 26 757
26 51 926
51 26 926
26 58 588
58 26 588
27 29 940
29 27 940
27 32 858
32 27 858
28 54 721
54 28 721
28 32 483
32 28 483
28 47 751
47 28 751
28 36 55
36 28 55
29 68 954
68 29 954
29 47 562
47 29 562
29 42 499
42 29 499
29 49 158
49 29 158
30 36 770
36 30 770
30 56 486
56 30 486
30 43 932
43 30 932
31 51 110
51 31 110
31 48 575
48 31 575
31 38 129
38 31 129
31 36 894
36 31 894
31 54 93
54 31 93
31 51 583
51 31 583
31 74 749
74 31 749
32 33 768
33 32 768
32 70 361
70 32 361
32 44 582
44 32 582
33 47 224
47 33 224
33 70 418
70 33 418
33 47 680
47 33 680
34 38 402
38 34 402
34 69 91
69 34 91
35 63 20
63 35 20
35 48 970
48 35 970
35 68 819
68 35 819
36 38 408
38 36 408
36 72 805
72 36 805
36 48 706
48 36 706
36 63 296
63 36 296
37 52 54
52 37 54
38 41 267
41 38 267
38 52 397
52 38 397
39 59 712
59 39 712
39 51 584
51 39 584
39 72 150
72 39 150
40 71 321
71 40 321
41 50 220
50 41 220
41 66 889
66 41 889
41 73 619
73 41 619
41 61 944
61 41 944
41 54 62
54 41 62
41 43 600
43 41 600
41 42 874
42 41 874
41 68 331
68 41 331
42 71 684
71 42 684
42 67 112
67 42 112
42 64 394
64 42 394
42 68 451
68 42 451
43 48 979
48 43 979
43 60 454
60 43 454
43 45 264
45 43 264
44 58 122
58 44 122
44 50 940
50 44 940
44 66 749
66 44 749
44 50 739
50 44 739
45 57 198
57 45 198
45 51 443
51 45 443
45 54 334
54 45 334
46 53 61
53 46 61
46 60 237
60 46 237
46 53 972
53 46 972
47 53 887
53 47 887
48 70 731
70 48 731
48 69 945
69 48 945
49 74 678
74 49 678
49 60 486
60 49 486
49 56 982
56 49 982
49 59 983
59 49 983
50 54 648
54 50 648
50 53 909
53 50 909
50 65 215
65 50 215
51 62 378
62 51 378
52 61 52
61 52 52
52 57 475
57 52 475
52 59 117
59 52 117
55 59 625
59 55 625
55 71 971
71 55 971
55 67 623
67 55 623
56 64 488
64 56 488
56 70 432
70 56 432
57 68 433
68 57 433
57 65 860
65 57 860
59 62 579
62 59 579
60 73 980
73 60 980
60 71 799
71 60 799
60 61 269
61 60 269
61 69 75
69 61 75
62 71 626
71 62 626
62 71 83
71 62 83
63 64 373
64 63 373
64 68 132
68 64 132
64 69 948
69 64 948
64 66 412
66 64 412
68 74 269
74 68 269
70 71 242
71 70 242
71 74 938
74 71 938
71 72 606
72 71 606
73 73 700
73 73 700
