87

0 1 781
1 0 781
0 5 90
5 0 90
0 13 540
13 0 540
0 56 748
56 0 748
0 65 707
65 0 707
0 12 575
12 0 575
0 63 236
63 0 236
0 49 666
49 0 666
0 52 78
52 0 78
0 79 876
79 0 876
0 32 595
32 0 595
0 57 264
57 0 264
0 61 835
61 0 835
0 49 489
49 0 489
0 56 766
56 0 766
0 84 332
84 0 332
0 14 632
14 0 632
0 50 343
50 0 343
0 71 651
71 0 651
0 81 335
81 0 335
0 59 746
59 0 746
1 2 663
2 1 663
1 3 733
3 1 733
1 12 907
12 1 907
1 18 993
18 1 993
1 70 855
70 1 855
1 44 267
44 1 267
1 26 555
26 1 555
1 2 68
2 1 68
1 49 841
49 1 841
1 75 715
75 1 715
1 73 457
73 1 457
1 62 648
62 1 648
1 20 195
20 1 195
1 44 265
44 1 265
1 38 15
38 1 15
1 8 290
8 1 290
1 48 715
48 1 715
1 27 73
27 1 73
1 72 168
72 1 168
1 45 111
45 1 111
1 13 57
13 1 57
2 7 843
7 2 843
2 10 334
10 2 334
2 29 499
29 2 499
2 30 942
30 2 942
2 83 220
83 2 220
2 20 644
20 2 644
2 65 17
65 2 17
2 70 875
70 2 875
2 29 930
29 2 930
2 37 786
37 2 786
2 35 969
35 2 969
2 84 889
84 2 889
2 80 36
80 2 36
2 67 589
67 2 589
2 53 478
53 2 478
2 9 350
9 2 350
2 43 71
43 2 71
2 74 624
74 2 624
2 28 627
28 2 627
2 86 446
86 2 446
2 3 853
3 2 853
2 24 296
24 2 296
2 67 731
67 2 731
2 45 56
45 2 56
2 69 441
69 2 441
2 5 523
5 2 523
3 4 113
4 3 113
3 37 832
37 3 832
3 52 203
52 3 203
3 45 357
45 3 357
3 13 830
13 3 830
3 9 848
9 3 848
3 76 783
76 3 783
3 82 986
82 3 986
3 81 111
81 3 111
3 39 364
39 3 364
3 47 53
47 3 53
3 60 850
60 3 850
3 70 636
70 3 636
4 6 408
6 4 408
4 8 556
8 4 556
4 38 972
38 4 972
4 60 465
60 4 465
4 69 582
69 4 582
4 71 214
71 4 214
4 46 215
46 4 215
4 55 226
55 4 226
4 86 630
86 4 630
4 67 389
67 4 389
4 79 233
79 4 233
4 84 427
84 4 427
4 82 295
82 4 295
4 66 795
66 4 795
4 70 733
70 4 733
5 22 225
22 5 225
5 61 374
61 5 374
5 45 240
45 5 240
5 60 279
60 5 279
5 23 873
23 5 873
5 75 766
75 5 766
5 70 381
70 5 381
5 81 770
81 5 770
5 13 285
13 5 285
5 9 633
9 5 633
5 32 497
32 5 497
6 16 619
16 6 619
6 17 473
17 6 473
6 48 863
48 6 863
6 27 49
27 6 49
6 6 392
6 6 392
6 36 360
36 6 360
6 38 143
38 6 143
6 83 330
83 6 330
6 48 714
48 6 714
6 18 514
18 6 514
6 43 164
43 6 164
6 80 252
80 6 252
6 82 121
82 6 121
6 29 266
29 6 266
6 56 955
56 6 955
6 51 444
51 6 444
6 20 101
20 6 101
6 27 403
27 6 403
6 20 198
20 6 198
6 40 946
40 6 946
6 40 593
40 6 593
7 20 632
20 7 632
7 43 899
43 7 899
7 79 297
79 7 297
7 33 994
33 7 994
7 67 877
67 7 877
7 65 80
65 7 80
7 27 120
27 7 120
7 55 402
55 7 402
7 47 117
47 7 117
7 78 657
78 7 657
7 34 557
34 7 557
7 70 699
70 7 699
7 39 657
39 7 657
8 9 501
9 8 501
8 11 175
11 8 175
8 26 774
26 8 774
8 54 202
54 8 202
8 62 28
62 8 28
8 31 951
31 8 951
8 72 482
72 8 482
8 57 327
57 8 327
8 52 180
52 8 180
8 82 549
82 8 549
8 53 893
53 8 893
8 42 325
42 8 325
8 32 767
32 8 767
8 43 753
43 8 753
8 24 294
24 8 294
8 65 130
65 8 130
8 30 124
30 8 124
8 17 771
17 8 771
8 20 595
20 8 595
8 81 128
81 8 128
8 79 230
79 8 230
9 23 95
23 9 95
9 27 125
27 9 125
9 39 849
39 9 849
9 80 393
80 9 393
9 48 253
48 9 253
9 65 78
65 9 78
9 49 208
49 9 208
9 66 61
66 9 61
9 33 259
33 9 259
9 74 130
74 9 130
9 75 569
75 9 569
9 53 666
53 9 666
9 29 38
29 9 38
9 37 57
37 9 57
9 75 815
75 9 815
9 40 234
40 9 234
9 19 484
19 9 484
9 80 941
80 9 941
9 64 66
64 9 66
10 34 310
34 10 310
10 29 748
29 10 748
10 39 236
39 10 236
10 79 720
79 10 720
10 37 171
37 10 171
10 32 700
32 10 700
10 20 8
20 10 8
10 14 769
14 10 769
10 21 495
21 10 495
10 51 564
51 10 564
10 24 419
24 10 419
10 14 830
14 10 830
10 55 83
55 10 83
11 74 550
74 11 550
11 85 342
85 11 342
11 62 152
62 11 152
11 72 805
72 11 805
11 83 146
83 11 146
11 30 542
30 11 542
11 32 330
32 11 330
11 73 493
73 11 493
12 24 4
24 12 4
12 50 174
50 12 174
12 73 816
73 12 816
12 66 132
66 12 132
12 38 358
38 12 358
12 24 812
24 12 812
12 78 41
78 12 41
12 84 221
84 12 221
12 70 421
70 12 421
12 56 137
56 12 137
12 57 175
57 12 175
12 15 965
15 12 965
12 38 982
38 12 982
12 17 837
17 12 837
12 30 483
30 12 483
12 70 760
70 12 760
12 60 229
60 12 229
12 66 546
66 12 546
12 60 452
60 12 452
13 14 146
14 13 146
13 15 316
15 13 316
13 29 344
29 13 344
13 23 899
23 13 899
13 26 899
26 13 899
13 69 539
69 13 539
13 48 381
48 13 381
13 58 162
58 13 162
13 50 672
50 13 672
13 79 356
79 13 356
14 36 223
36 14 223
14 41 214
41 14 214
14 56 64
56 14 64
14 65 700
65 14 700
14 74 761
74 14 761
14 38 8
38 14 8
14 70 489
70 14 489
14 32 446
32 14 446
14 79 513
79 14 513
14 84 392
84 14 392
14 20 327
20 14 327
14 48 639
48 14 639
14 59 527
59 14 527
14 35 623
35 14 623
14 47 612
47 14 612
15 15 916
15 15 916
15 62 99
62 15 99
15 57 692
57 15 692
15 23 94
23 15 94
15 59 229
59 15 229
15 57 766
57 15 766
15 70 469
70 15 469
15 38 843
38 15 843
15 36 959
36 15 959
15 51 922
51 15 922
15 30 47
30 15 47
15 84 840
84 15 840
15 40 111
40 15 111
15 39 717
39 15 717
15 59 361
59 15 361
15 58 335
58 15 335
16 19 910
19 16 910
16 64 696
64 16 696
16 75 123
75 16 123
16 23 402
23 16 402
16 85 808
85 16 808
16 83 264
83 16 264
16 60 787
60 16 787
16 71 40
71 16 40
16 50 6
50 16 6
16 44 521
44 16 521
16 38 474
38 16 474
16 20 116
20 16 116
16 71 670
71 16 670
16 86 271
86 16 271
17 21 553
21 17 553
17 23 671
23 17 671
17 69 748
69 17 748
17 33 215
33 17 215
17 34 628
34 17 628
17 29 482
29 17 482
17 24 416
24 17 416
17 46 190
46 17 190
17 33 873
33 17 873
17 35 388
35 17 388
17 52 708
52 17 708
18 47 149
47 18 149
18 55 5
55 18 5
18 71 30
71 18 30
18 80 549
80 18 549
18 52 427
52 18 427
18 39 595
39 18 595
18 45 354
45 18 354
18 77 876
77 18 876
18 59 264
59 18 264
18 35 65
35 18 65
19 33 364
33 19 364
19 42 887
42 19 887
19 51 754
51 19 754
19 44 632
44 19 632
19 74 78
74 19 78
19 33 638
33 19 638
19 35 675
35 19 675
19 21 372
21 19 372
19 26 157
26 19 157
20 28 511
28 20 511
20 52 384
52 20 384
20 50 197
50 20 197
20 39 808
39 20 808
20 55 254
55 20 254
20 77 15
77 20 15
20 86 374
86 20 374
20 35 126
35 20 126
20 77 317
77 20 317
20 70 59
70 20 59
21 25 556
25 21 556
21 75 696
75 21 696
21 80 108
80 21 108
21 82 197
82 21 197
21 48 326
48 21 326
21 28 928
28 21 928
21 57 610
57 21 610
21 29 287
29 21 287
21 57 355
57 21 355
21 30 235
30 21 235
21 37 650
37 21 650
22 25 780
25 22 780
22 58 990
58 22 990
22 76 83
76 22 83
22 57 801
57 22 801
22 66 578
66 22 578
22 35 864
35 22 864
22 30 161
30 22 161
22 81 148
81 22 148
22 41 13
41 22 13
22 84 598
84 22 598
23 29 742
29 23 742
23 81 162
81 23 162
23 79 422
79 23 422
23 60 544
60 23 544
23 78 28
78 23 28
23 66 411
66 23 411
23 71 444
71 23 444
23 26 838
26 23 838
24 32 309
32 24 309
24 35 358
35 24 358
24 51 529
51 24 529
24 69 925
69 24 925
24 72 941
72 24 941
24 40 74
40 24 74
24 85 509
85 24 509
24 79 12
79 24 12
24 86 691
86 24 691
24 38 352
38 24 352
24 38 911
38 24 911
25 32 491
32 25 491
25 71 623
71 25 623
25 65 490
65 25 490
25 51 12
51 25 12
25 66 845
66 25 845
25 76 566
76 25 566
25 50 224
50 25 224
25 56 168
56 25 168
25 83 395
83 25 395
25 72 344
72 25 344
25 85 789
85 25 789
25 35 106
35 25 106
25 30 608
30 25 608
26 38 33
38 26 33
26 50 146
50 26 146
26 82 397
82 26 397
26 40 442
40 26 442
26 60 234
60 26 234
26 74 780
74 26 780
26 28 858
28 26 858
26 51 280
51 26 280
26 55 655
55 26 655
26 33 25
33 26 25
26 83 579
83 26 579
26 49 66
49 26 66
26 60 371
60 26 371
26 67 537
67 26 537
27 58 93
58 27 93
27 67 846
67 27 846
27 73 647
73 27 647
27 34 583
34 27 583
27 65 988
65 27 988
27 28 318
28 27 318
27 63 35
63 27 35
27 45 648
45 27 648
27 68 299
68 27 299
27 39 452
39 27 452
27 38 906
38 27 906
27 37 449
37 27 449
27 46 894
46 27 894
27 46 182
46 27 182
27 44 512
44 27 512
27 65 966
65 27 966
27 59 571
59 27 571
28 59 405
59 28 405
28 33 416
33 28 416
28 55 83
55 28 83
28 85 407
85 28 407
28 36 613
36 28 613
28 66 488
66 28 488
28 33 447
33 28 447
28 45 367
45 28 367
29 31 287
31 29 287
29 83 69
83 29 69
29 77 783
77 29 783
29 55 287
55 29 287
29 74 883
74 29 883
29 57 463
57 29 463
29 38 774
38 29 774
29 82 521
82 29 521
29 64 823
64 29 823
29 37 5
37 29 5
29 53 994
53 29 994
29 32 591
32 29 591
29 78 398
78 29 398
29 39 779
39 29 779
29 86 369
86 29 369
29 50 589
50 29 589
29 82 732
82 29 732
29 60 87
60 29 87
29 34 695
34 29 695
29 52 204
52 29 204
29 73 742
73 29 742
30 74 367
74 30 367
30 34 818
34 30 818
30 34 265
34 30 265
30 67 247
67 30 247
30 31 752
31 30 752
30 66 215
66 30 215
30 73 589
73 30 589
30 51 19
51 30 19
30 40 861
40 30 861
30 33 408
33 30 408
31 79 784
79 31 784
31 56 450
56 31 450
31 37 323
37 31 323
31 44 885
44 31 885
31 65 135
65 31 135
31 63 494
63 31 494
31 36 607
36 31 607
31 66 971
66 31 971
31 36 455
36 31 455
31 54 885
54 31 885
32 40 374
40 32 374
32 67 152
67 32 152
32 47 286
47 32 286
32 60 685
60 32 685
32 45 27
45 32 27
32 73 473
73 32 473
32 71 22
71 32 22
32 85 747
85 32 747
32 79 837
79 32 837
33 44 114
44 33 114
33 35 506
35 33 506
33 75 376
75 33 376
33 69 751
69 33 751
33 77 324
77 33 324
33 82 534
82 33 534
33 45 191
45 33 191
33 38 563
38 33 563
33 60 757
60 33 757
33 34 880
34 33 880
33 64 470
64 33 470
33 84 784
84 33 784
33 61 618
61 33 618
33 76 790
76 33 790
33 69 772
69 33 772
34 65 105
65 34 105
34 73 935
73 34 935
34 63 781
63 34 781
34 61 592
61 34 592
34 74 464
74 34 464
34 64 821
64 34 821
34 34 845
34 34 845
34 76 979
76 34 979
34 41 906
41 34 906
34 52 912
52 34 912
34 36 137
36 34 137
35 45 451
45 35 451
35 61 605
61 35 605
35 77 427
77 35 427
35 37 506
37 35 506
35 51 301
51 35 301
35 75 836
75 35 836
35 52 662
52 35 662
35 80 602
80 35 602
35 59 313
59 35 313
36 60 354
60 36 354
36 83 267
83 36 267
36 69 841
69 36 841
37 85 917
85 37 917
37 41 675
41 37 675
37 62 21
62 37 21
37 51 450
51 37 450
37 52 937
52 37 937
37 63 230
63 37 230
37 68 795
68 37 795
37 47 166
47 37 166
37 55 444
55 37 444
37 81 336
81 37 336
38 46 102
46 38 102
38 64 194
64 38 194
38 63 19
63 38 19
38 43 353
43 38 353
38 51 121
51 38 121
38 41 459
41 38 459
38 47 756
47 38 756
38 50 336
50 38 336
38 39 693
39 38 693
38 58 176
58 38 176
38 47 834
47 38 834
38 60 245
60 38 245
39 41 379
41 39 379
39 39 255
39 39 255
39 47 952
47 39 952
39 40 452
40 39 452
39 68 340
68 39 340
39 71 464
71 39 464
39 56 180
56 39 180
39 66 134
66 39 134
40 49 318
49 40 318
40 80 404
80 40 404
40 77 93
77 40 93
40 86 827
86 40 827
40 83 170
83 40 170
40 81 618
81 40 618
40 40 393
40 40 393
40 82 821
82 40 821
40 41 781
41 40 781
41 46 764
46 41 764
41 68 905
68 41 905
42 44 147
44 42 147
42 46 59
46 42 59
42 63 855
63 42 855
42 81 480
81 42 480
42 77 799
77 42 799
42 58 187
58 42 187
43 73 50
73 43 50
43 64 687
64 43 687
43 77 225
77 43 225
43 68 370
68 43 370
43 76 47
76 43 47
43 46 502
46 43 502
43 54 562
54 43 562
43 62 551
62 43 551
43 49 866
49 43 866
43 84 171
84 43 171
43 47 242
47 43 242
43 46 394
46 43 394
44 53 602
53 44 602
44 77 902
77 44 902
44 51 570
51 44 570
44 70 797
70 44 797
44 71 911
71 44 911
44 68 596
68 44 596
44 73 531
73 44 531
44 57 727
57 44 727
44 78 27
78 44 27
44 57 589
57 44 589
44 75 361
75 44 361
44 50 500
50 44 500
44 77 57
77 44 57
44 78 605
78 44 605
45 49 134
49 45 134
45 49 756
49 45 756
45 50 401
50 45 401
45 45 64
45 45 64
45 61 53
61 45 53
45 85 412
85 45 412
45 54 98
54 45 98
45 76 461
76 45 461
45 48 486
48 45 486
45 60 897
60 45 897
46 76 125
76 46 125
46 63 777
63 46 777
46 80 395
80 46 395
46 51 688
51 46 688
46 80 206
80 46 206
46 73 272
73 46 272
46 70 897
70 46 897
46 67 988
67 46 988
46 73 813
73 46 813
46 48 849
48 46 849
46 80 659
80 46 659
47 56 920
56 47 920
47 74 764
74 47 764
47 64 651
64 47 651
47 62 566
62 47 566
47 65 578
65 47 578
47 68 498
68 47 498
48 66 280
66 48 280
48 68 460
68 48 460
48 71 960
71 48 960
48 59 277
59 48 277
49 57 802
57 49 802
49 85 451
85 49 451
49 67 399
67 49 399
49 65 178
65 49 178
49 73 389
73 49 389
49 62 581
62 49 581
49 86 74
86 49 74
49 65 933
65 49 933
49 51 392
51 49 392
50 68 776
68 50 776
50 56 691
56 50 691
50 83 836
83 50 836
50 56 844
56 50 844
50 76 492
76 50 492
50 86 714
86 50 714
51 72 61
72 51 61
51 71 466
71 51 466
51 66 719
66 51 719
51 86 382
86 51 382
51 52 784
52 51 784
51 54 264
54 51 264
52 77 490
77 52 490
52 61 342
61 52 342
52 76 843
76 52 843
53 71 189
71 53 189
53 79 353
79 53 353
53 55 571
55 53 571
53 57 451
57 53 451
53 69 839
69 53 839
53 82 540
82 53 540
53 64 341
64 53 341
53 69 198
69 53 198
53 58 524
58 53 524
53 67 601
67 53 601
54 59 157
59 54 157
54 57 508
57 54 508
55 57 76
57 55 76
55 65 227
65 55 227
55 73 463
73 55 463
55 81 254
81 55 254
56 72 397
72 56 397
56 73 537
73 56 537
57 75 651
75 57 651
57 78 813
78 57 813
57 68 707
68 57 707
57 65 271
65 57 271
58 78 239
78 58 239
58 69 933
69 58 933
58 78 690
78 58 690
58 69 863
69 58 863
59 70 441
70 59 441
59 71 713
71 59 713
59 83 189
83 59 189
59 78 398
78 59 398
59 76 981
76 59 981
59 76 161
76 59 161
60 75 334
75 60 334
60 84 785
84 60 785
60 73 85
73 60 85
60 71 502
71 60 502
61 85 942
85 61 942
61 67 393
67 61 393
61 72 17
72 61 17
61 69 457
69 61 457
62 63 771
63 62 771
62 81 522
81 62 522
62 62 730
62 62 730
62 69 712
69 62 712
62 81 572
81 62 572
63 82 864
82 63 864
64 73 808
73 64 808
64 86 58
86 64 58
65 85 223
85 65 223
66 70 235
70 66 235
66 77 481
77 66 481
67 79 37
79 67 37
67 77 944
77 67 944
67 86 842
86 67 842
67 70 828
70 67 828
67 76 288
76 67 288
68 70 863
70 68 863
68 80 856
80 68 856
68 73 851
73 68 851
69 85 58
85 69 58
69 81 692
81 69 692
69 72 813
72 69 813
69 72 945
72 69 945
69 86 981
86 69 981
70 86 694
86 70 694
70 78 792
78 70 792
70 76 486
76 70 486
70 77 858
77 70 858
70 72 442
72 70 442
70 86 763
86 70 763
70 73 69
73 70 69
70 82 865
82 70 865
71 77 488
77 71 488
72 79 799
79 72 799
73 83 540
83 73 540
73 81 700
81 73 700
73 84 14
84 73 14
74 85 405
85 74 405
74 82 139
82 74 139
74 80 406
80 74 406
75 77 901
77 75 901
75 83 543
83 75 543
75 77 100
77 75 100
75 82 317
82 75 317
75 76 449
76 75 449
76 77 41
77 76 41
77 81 673
81 77 673
77 86 925
86 77 925
77 85 437
85 77 437
77 85 168
85 77 168
78 82 827
82 78 827
78 81 402
81 78 402
79 82 516
82 79 516
79 80 152
80 79 152
80 81 224
81 80 224
81 85 225
85 81 225
82 86 590
86 82 590
82 82 76
82 82 76
83 84 676
84 83 676
83 84 892
84 83 892
