79

0 1 857
1 0 857
0 3 767
3 0 767
0 5 656
5 0 656
0 43 345
43 0 345
0 76 98
76 0 98
0 61 499
61 0 499
1 2 563
2 1 563
1 25 449
25 1 449
1 35 410
35 1 410
1 71 775
71 1 775
1 63 136
63 1 136
2 4 869
4 2 869
2 7 268
7 2 268
2 13 746
13 2 746
2 38 131
38 2 131
2 54 356
54 2 356
2 63 176
63 2 176
2 36 599
36 2 599
3 26 661
26 3 661
4 10 702
10 4 702
4 27 675
27 4 675
4 4 770
4 4 770
5 6 93
6 5 93
5 9 495
9 5 495
5 11 340
11 5 340
5 16 936
16 5 936
5 22 883
22 5 883
5 31 823
31 5 823
6 8 497
8 6 497
6 68 751
68 6 751
7 15 772
15 7 772
7 18 566
18 7 566
7 57 914
57 7 914
7 74 174
74 7 174
7 13 550
13 7 550
8 48 578
48 8 578
9 17 19
17 9 19
9 20 692
20 9 692
9 40 476
40 9 476
9 42 79
42 9 79
9 25 196
25 9 196
10 12 494
12 10 494
11 14 934
14 11 934
12 50 996
50 12 996
12 70 241
70 12 241
13 36 233
36 13 233
13 35 148
35 13 148
13 54 589
54 13 589
13 51 868
51 13 868
14 24 497
24 14 497
14 61 785
61 14 785
14 22 349
22 14 349
15 19 738
19 15 738
15 28 804
28 15 804
15 34 250
34 15 250
16 47 579
47 16 579
16 73 775
73 16 775
18 23 785
23 18 785
18 59 333
59 18 333
18 61 172
61 18 172
18 39 64
39 18 64
19 32 140
32 19 140
19 66 957
66 19 957
19 68 581
68 19 581
20 21 29
21 20 29
20 45 735
45 20 735
20 65 889
65 20 889
21 52 284
52 21 284
22 30 496
30 22 496
22 23 323
23 22 323
23 29 926
29 23 926
23 67 503
67 23 503
25 53 306
53 25 306
25 72 211
72 25 211
25 56 150
56 25 150
25 30 226
30 25 226
27 37 953
37 27 953
27 55 452
55 27 452
28 39 704
39 28 704
29 60 467
60 29 467
30 46 941
46 30 941
30 68 314
68 30 314
30 77 802
77 30 802
31 75 398
75 31 398
32 33 866
33 32 866
33 44 876
44 33 876
35 39 510
39 35 510
35 44 545
44 35 545
36 41 535
41 36 535
36 51 25
51 36 25
36 42 931
42 36 931
36 37 839
37 36 839
37 51 998
51 37 998
39 49 285
49 39 285
39 52 378
52 39 378
40 42 102
42 40 102
41 71 456
71 41 456
42 60 929
60 42 929
43 49 345
49 43 345
43 74 399
74 43 399
44 56 223
56 44 223
44 62 822
62 44 822
45 57 55
57 45 55
49 78 542
78 49 542
50 58 602
58 50 602
50 53 193
53 50 193
54 61 596
61 54 596
57 62 957
62 57 957
60 69 658
69 60 658
60 61 84
61 60 84
61 64 705
64 61 705
76 76 785
76 76 785
