89

0 1 605
1 0 605
0 3 967
3 0 967
0 8 634
8 0 634
0 9 408
9 0 408
0 23 15
23 0 15
0 43 803
43 0 803
0 58 783
58 0 783
0 60 218
60 0 218
0 77 110
77 0 110
0 82 984
82 0 984
0 10 442
10 0 442
0 41 63
41 0 63
0 22 986
22 0 986
0 35 966
35 0 966
0 11 799
11 0 799
0 80 888
80 0 888
1 2 772
2 1 772
1 4 41
4 1 41
1 5 391
5 1 391
1 6 362
6 1 362
1 27 770
27 1 770
1 70 233
70 1 233
1 80 506
80 1 506
1 44 670
44 1 670
1 37 588
37 1 588
1 41 668
41 1 668
1 27 492
27 1 492
1 83 442
83 1 442
1 58 863
58 1 863
1 16 468
16 1 468
1 47 748
47 1 748
1 3 576
3 1 576
1 9 889
9 1 889
2 7 23
7 2 23
2 12 250
12 2 250
2 16 949
16 2 949
2 80 216
80 2 216
2 30 537
30 2 537
2 85 224
85 2 224
2 34 849
34 2 849
2 16 448
16 2 448
2 77 296
77 2 296
2 79 231
79 2 231
2 55 975
55 2 975
2 18 433
18 2 433
2 83 603
83 2 603
2 83 984
83 2 984
2 10 362
10 2 362
2 33 625
33 2 625
3 56 372
56 3 372
3 52 28
52 3 28
3 19 791
19 3 791
3 40 973
40 3 973
3 68 472
68 3 472
3 78 672
78 3 672
3 58 721
58 3 721
3 85 105
85 3 105
4 21 422
21 4 422
4 58 308
58 4 308
4 15 340
15 4 340
4 15 709
15 4 709
4 32 868
32 4 868
4 70 961
70 4 961
4 52 336
52 4 336
4 76 153
76 4 153
4 73 678
73 4 678
4 70 583
70 4 583
5 22 702
22 5 702
5 28 934
28 5 934
5 31 195
31 5 195
5 55 417
55 5 417
5 74 614
74 5 614
5 49 247
49 5 247
5 14 916
14 5 916
5 35 39
35 5 39
5 66 857
66 5 857
5 77 705
77 5 705
5 32 215
32 5 215
5 6 528
6 5 528
5 11 400
11 5 400
5 48 891
48 5 891
5 80 844
80 5 844
5 77 379
77 5 379
5 37 543
37 5 543
5 8 442
8 5 442
6 11 90
11 6 90
6 29 469
29 6 469
6 32 261
32 6 261
6 61 615
61 6 615
6 9 22
9 6 22
6 85 680
85 6 680
6 17 905
17 6 905
6 31 883
31 6 883
6 15 253
15 6 253
6 25 833
25 6 833
6 19 251
19 6 251
6 44 912
44 6 912
6 67 530
67 6 530
7 10 360
10 7 360
7 14 445
14 7 445
7 18 521
18 7 521
7 48 318
48 7 318
7 52 46
52 7 46
7 31 616
31 7 616
7 52 833
52 7 833
7 10 96
10 7 96
7 73 463
73 7 463
7 41 390
41 7 390
7 59 738
59 7 738
7 71 326
71 7 326
7 58 248
58 7 248
8 13 991
13 8 991
8 59 488
59 8 488
8 28 258
28 8 258
8 47 203
47 8 203
8 11 861
11 8 861
8 25 626
25 8 626
8 51 115
51 8 115
8 80 969
80 8 969
8 82 879
82 8 879
8 23 406
23 8 406
8 83 227
83 8 227
8 64 361
64 8 361
8 35 881
35 8 881
8 20 196
20 8 196
9 24 312
24 9 312
9 33 115
33 9 115
9 81 880
81 9 880
9 38 767
38 9 767
9 57 129
57 9 129
9 87 875
87 9 875
9 31 317
31 9 317
9 51 728
51 9 728
9 41 503
41 9 503
9 70 569
70 9 569
9 17 224
17 9 224
9 64 683
64 9 683
9 14 933
14 9 933
10 36 708
36 10 708
10 55 634
55 10 634
10 77 295
77 10 295
10 28 385
28 10 385
10 44 93
44 10 93
10 58 571
58 10 571
10 47 200
47 10 200
10 71 54
71 10 54
10 16 852
16 10 852
11 16 960
16 11 960
11 60 102
60 11 102
11 72 850
72 11 850
11 45 339
45 11 339
11 19 831
19 11 831
11 13 825
13 11 825
11 34 227
34 11 227
11 63 413
63 11 413
11 23 223
23 11 223
11 59 421
59 11 421
12 15 387
15 12 387
12 17 982
17 12 982
12 44 135
44 12 135
12 37 122
37 12 122
12 71 776
71 12 776
12 26 553
26 12 553
12 63 889
63 12 889
12 69 649
69 12 649
12 57 671
57 12 671
12 28 216
28 12 216
12 13 803
13 12 803
12 35 844
35 12 844
12 46 476
46 12 476
12 55 25
55 12 25
13 38 429
38 13 429
13 74 308
74 13 308
13 85 450
85 13 450
13 68 134
68 13 134
13 61 756
61 13 756
13 60 765
60 13 765
13 47 611
47 13 611
13 21 981
21 13 981
13 40 486
40 13 486
13 78 450
78 13 450
14 64 630
64 14 630
14 87 805
87 14 805
14 17 783
17 14 783
14 67 876
67 14 876
14 57 176
57 14 176
14 30 772
30 14 772
14 28 951
28 14 951
14 81 294
81 14 294
14 47 524
47 14 524
14 15 749
15 14 749
14 24 316
24 14 316
15 19 298
19 15 298
15 66 711
66 15 711
15 80 760
80 15 760
15 45 4
45 15 4
15 44 841
44 15 841
15 22 353
22 15 353
15 79 370
79 15 370
15 57 210
57 15 210
15 68 138
68 15 138
15 20 11
20 15 11
15 26 304
26 15 304
15 59 547
59 15 547
15 29 806
29 15 806
16 34 118
34 16 118
16 40 677
40 16 677
16 49 328
49 16 328
16 71 429
71 16 429
16 34 977
34 16 977
16 58 86
58 16 86
16 41 995
41 16 995
16 61 584
61 16 584
17 20 817
20 17 817
17 42 960
42 17 960
17 41 989
41 17 989
17 62 953
62 17 953
17 69 960
69 17 960
17 37 452
37 17 452
17 65 601
65 17 601
17 36 705
36 17 705
17 59 945
59 17 945
17 33 498
33 17 498
18 39 607
39 18 607
18 51 468
51 18 468
18 59 690
59 18 690
18 39 704
39 18 704
18 85 854
85 18 854
18 85 990
85 18 990
18 60 990
60 18 990
18 55 444
55 18 444
18 32 435
32 18 435
18 29 841
29 18 841
19 48 872
48 19 872
19 20 476
20 19 476
19 57 994
57 19 994
19 33 625
33 19 625
19 78 79
78 19 79
20 26 386
26 20 386
20 68 668
68 20 668
20 41 792
41 20 792
20 52 800
52 20 800
20 40 148
40 20 148
20 85 760
85 20 760
20 42 730
42 20 730
20 23 215
23 20 215
20 56 41
56 20 41
20 20 78
20 20 78
20 53 650
53 20 650
21 24 75
24 21 75
21 44 823
44 21 823
21 77 967
77 21 967
21 88 124
88 21 124
21 67 288
67 21 288
21 66 326
66 21 326
21 39 255
39 21 255
21 57 931
57 21 931
21 26 248
26 21 248
21 58 135
58 21 135
22 25 765
25 22 765
22 55 862
55 22 862
22 30 198
30 22 198
22 25 211
25 22 211
22 47 617
47 22 617
22 86 637
86 22 637
22 71 532
71 22 532
22 34 261
34 22 261
22 61 5
61 22 5
22 72 70
72 22 70
22 37 298
37 22 298
22 68 446
68 22 446
22 74 299
74 22 299
23 44 750
44 23 750
23 40 316
40 23 316
23 68 517
68 23 517
23 52 315
52 23 315
23 29 882
29 23 882
23 75 609
75 23 609
23 74 333
74 23 333
23 63 43
63 23 43
24 35 144
35 24 144
24 83 948
83 24 948
24 58 211
58 24 211
24 72 730
72 24 730
24 64 237
64 24 237
24 57 566
57 24 566
24 56 738
56 24 738
24 47 421
47 24 421
24 32 353
32 24 353
24 83 778
83 24 778
24 33 780
33 24 780
24 49 493
49 24 493
25 51 31
51 25 31
25 73 986
73 25 986
25 28 640
28 25 640
25 27 977
27 25 977
25 34 792
34 25 792
25 80 392
80 25 392
25 26 913
26 25 913
25 84 103
84 25 103
25 48 18
48 25 18
25 61 851
61 25 851
26 41 319
41 26 319
26 49 974
49 26 974
26 63 300
63 26 300
26 30 440
30 26 440
26 50 482
50 26 482
26 87 922
87 26 922
26 76 594
76 26 594
27 53 507
53 27 507
27 64 741
64 27 741
27 51 504
51 27 504
27 34 430
34 27 430
27 64 56
64 27 56
27 47 992
47 27 992
27 78 635
78 27 635
27 65 107
65 27 107
27 65 884
65 27 884
28 74 827
74 28 827
28 78 779
78 28 779
29 30 144
30 29 144
29 78 298
78 29 298
29 71 496
71 29 496
29 84 731
84 29 731
29 44 927
44 29 927
29 65 505
65 29 505
29 85 235
85 29 235
29 45 729
45 29 729
29 85 809
85 29 809
29 84 558
84 29 558
30 34 289
34 30 289
30 70 693
70 30 693
30 73 529
73 30 529
30 79 490
79 30 490
30 36 247
36 30 247
30 46 626
46 30 626
30 56 949
56 30 949
30 60 801
60 30 801
31 76 876
76 31 876
31 82 612
82 31 612
32 37 66
37 32 66
32 42 544
42 32 544
32 53 145
53 32 145
32 37 161
37 32 161
32 78 971
78 32 971
32 49 776
49 32 776
32 66 920
66 32 920
32 41 61
41 32 61
32 83 341
83 32 341
33 67 754
67 33 754
33 59 194
59 33 194
33 53 707
53 33 707
33 81 523
81 33 523
33 64 4
64 33 4
34 45 87
45 34 87
34 76 21
76 34 21
34 78 167
78 34 167
34 46 642
46 34 642
34 68 474
68 34 474
34 39 422
39 34 422
34 61 870
61 34 870
34 67 168
67 34 168
34 87 214
87 34 214
34 79 40
79 34 40
35 46 756
46 35 756
35 52 820
52 35 820
35 69 163
69 35 163
35 69 527
69 35 527
35 39 397
39 35 397
35 40 831
40 35 831
35 84 572
84 35 572
35 40 243
40 35 243
35 58 75
58 35 75
35 51 14
51 35 14
35 69 946
69 35 946
35 46 87
46 35 87
35 64 718
64 35 718
36 54 699
54 36 699
36 79 500
79 36 500
36 45 776
45 36 776
36 40 433
40 36 433
36 47 831
47 36 831
36 79 195
79 36 195
36 50 294
50 36 294
36 67 536
67 36 536
36 76 871
76 36 871
36 52 594
52 36 594
36 78 780
78 36 780
36 48 442
48 36 442
36 42 375
42 36 375
36 48 84
48 36 84
36 49 797
49 36 797
36 50 16
50 36 16
36 48 341
48 36 341
37 74 877
74 37 877
37 57 933
57 37 933
37 46 189
46 37 189
37 42 837
42 37 837
37 46 826
46 37 826
37 73 410
73 37 410
37 79 930
79 37 930
37 84 939
84 37 939
37 71 793
71 37 793
38 57 982
57 38 982
38 88 500
88 38 500
38 43 468
43 38 468
38 77 942
77 38 942
38 83 502
83 38 502
38 69 977
69 38 977
38 63 580
63 38 580
38 59 575
59 38 575
38 52 941
52 38 941
39 71 106
71 39 106
39 88 251
88 39 251
39 60 316
60 39 316
39 71 233
71 39 233
39 64 507
64 39 507
40 50 44
50 40 44
40 70 539
70 40 539
40 82 19
82 40 19
40 81 221
81 40 221
41 47 722
47 41 722
41 49 246
49 41 246
41 81 227
81 41 227
41 42 803
42 41 803
41 84 409
84 41 409
41 66 406
66 41 406
41 75 292
75 41 292
42 77 226
77 42 226
42 75 286
75 42 286
42 55 609
55 42 609
42 79 861
79 42 861
42 44 811
44 42 811
42 65 833
65 42 833
42 56 973
56 42 973
42 51 869
51 42 869
42 50 95
50 42 95
43 58 810
58 43 810
43 77 893
77 43 893
43 84 973
84 43 973
43 79 863
79 43 863
43 61 742
61 43 742
43 62 492
62 43 492
43 87 560
87 43 560
44 78 881
78 44 881
44 80 736
80 44 736
44 69 239
69 44 239
44 60 53
60 44 53
44 61 233
61 44 233
45 83 463
83 45 463
45 58 487
58 45 487
45 54 579
54 45 579
45 71 830
71 45 830
45 48 497
48 45 497
45 76 314
76 45 314
45 73 412
73 45 412
45 55 523
55 45 523
46 68 362
68 46 362
46 62 821
62 46 821
46 71 899
71 46 899
46 70 845
70 46 845
48 63 981
63 48 981
48 81 709
81 48 709
48 81 154
81 48 154
49 71 106
71 49 106
49 79 325
79 49 325
49 75 82
75 49 82
49 60 391
60 49 391
50 66 413
66 50 413
50 75 414
75 50 414
51 72 42
72 51 42
51 79 451
79 51 451
51 59 105
59 51 105
51 76 61
76 51 61
51 60 489
60 51 489
51 85 504
85 51 504
51 65 776
65 51 776
52 68 522
68 52 522
52 84 816
84 52 816
52 61 195
61 52 195
52 77 633
77 52 633
52 68 219
68 52 219
52 54 857
54 52 857
52 86 630
86 52 630
52 70 59
70 52 59
53 68 698
68 53 698
53 88 654
88 53 654
54 71 59
71 54 59
54 67 955
67 54 955
54 62 588
62 54 588
55 74 161
74 55 161
55 58 260
58 55 260
55 88 930
88 55 930
55 70 139
70 55 139
55 73 410
73 55 410
55 56 885
56 55 885
55 84 390
84 55 390
55 70 743
70 55 743
56 80 347
80 56 347
56 64 866
64 56 866
56 87 275
87 56 275
57 73 780
73 57 780
57 75 170
75 57 170
57 70 458
70 57 458
57 86 26
86 57 26
57 88 691
88 57 691
57 72 834
72 57 834
58 62 959
62 58 959
58 62 360
62 58 360
58 71 284
71 58 284
59 62 439
62 59 439
59 65 155
65 59 155
59 83 705
83 59 705
59 68 495
68 59 495
59 66 402
66 59 402
60 87 543
87 60 543
60 73 879
73 60 879
60 78 460
78 60 460
60 67 285
67 60 285
61 81 374
81 61 374
61 66 588
66 61 588
62 85 660
85 62 660
62 86 106
86 62 106
62 84 433
84 62 433
62 77 637
77 62 637
62 85 179
85 62 179
62 88 719
88 62 719
63 67 204
67 63 204
63 85 868
85 63 868
63 64 164
64 63 164
63 82 110
82 63 110
64 69 791
69 64 791
64 70 87
70 64 87
64 67 820
67 64 820
65 82 755
82 65 755
65 77 915
77 65 915
65 80 413
80 65 413
65 88 969
88 65 969
66 70 399
70 66 399
67 85 209
85 67 209
67 70 213
70 67 213
67 74 643
74 67 643
68 83 160
83 68 160
68 83 680
83 68 680
68 78 846
78 68 846
68 85 355
85 68 355
69 75 57
75 69 57
69 88 874
88 69 874
69 74 636
74 69 636
69 86 80
86 69 80
70 86 748
86 70 748
70 86 429
86 70 429
70 84 567
84 70 567
70 80 670
80 70 670
70 88 806
88 70 806
70 81 479
81 70 479
70 79 476
79 70 476
71 81 936
81 71 936
71 75 755
75 71 755
72 87 907
87 72 907
72 78 745
78 72 745
72 73 549
73 72 549
72 79 788
79 72 788
73 76 92
76 73 92
73 73 568
73 73 568
74 74 817
74 74 817
75 86 70
86 75 70
77 79 791
79 77 791
77 82 38
82 77 38
77 77 629
77 77 629
77 78 645
78 77 645
78 86 65
86 78 65
78 84 899
84 78 899
80 81 119
81 80 119
82 87 834
87 82 834
82 85 325
85 82 325
