54

0 1 658
1 0 658
0 4 167
4 0 167
0 6 582
6 0 582
0 13 221
13 0 221
0 25 826
25 0 826
0 1 558
1 0 558
0 47 653
47 0 653
0 13 458
13 0 458
1 2 895
2 1 895
1 3 58
3 1 58
1 34 731
34 1 731
1 24 593
24 1 593
1 15 109
15 1 109
1 44 8
44 1 8
1 38 105
38 1 105
1 51 410
51 1 410
1 9 300
9 1 300
2 5 644
5 2 644
2 19 286
19 2 286
2 40 929
40 2 929
2 50 277
50 2 277
2 11 647
11 2 647
2 24 424
24 2 424
3 7 253
7 3 253
3 9 83
9 3 83
3 10 235
10 3 235
3 12 894
12 3 894
3 28 420
28 3 420
3 32 445
32 3 445
3 48 357
48 3 357
3 37 972
37 3 972
3 35 987
35 3 987
3 15 446
15 3 446
3 38 811
38 3 811
3 22 533
22 3 533
3 44 801
44 3 801
3 9 569
9 3 569
4 22 942
22 4 942
4 50 3
50 4 3
4 45 747
45 4 747
4 14 238
14 4 238
4 15 619
15 4 619
4 40 822
40 4 822
4 49 335
49 4 335
4 32 227
32 4 227
5 8 944
8 5 944
5 18 608
18 5 608
5 23 13
23 5 13
5 27 276
27 5 276
5 49 757
49 5 757
5 51 906
51 5 906
5 32 373
32 5 373
5 28 977
28 5 977
6 29 224
29 6 224
6 36 424
36 6 424
6 39 765
39 6 765
6 23 109
23 6 109
6 20 256
20 6 256
6 50 438
50 6 438
6 10 861
10 6 861
6 32 815
32 6 815
6 47 177
47 6 177
7 17 261
17 7 261
7 39 575
39 7 575
7 44 392
44 7 392
7 51 101
51 7 101
7 15 640
15 7 640
7 48 837
48 7 837
7 35 881
35 7 881
7 43 403
43 7 403
7 19 879
19 7 879
7 46 577
46 7 577
7 24 153
24 7 153
8 14 926
14 8 926
8 15 476
15 8 476
8 30 932
30 8 932
8 22 313
22 8 313
8 14 843
14 8 843
8 42 853
42 8 853
8 48 835
48 8 835
8 22 27
22 8 27
8 29 463
29 8 463
8 13 747
13 8 747
8 35 110
35 8 110
9 11 716
11 9 716
9 20 931
20 9 931
9 21 179
21 9 179
9 21 784
21 9 784
9 34 247
34 9 247
9 19 617
19 9 617
9 43 763
43 9 763
9 33 507
33 9 507
9 38 776
38 9 776
9 28 445
28 9 445
9 28 996
28 9 996
9 19 675
19 9 675
9 30 263
30 9 263
9 51 196
51 9 196
9 28 418
28 9 418
9 33 776
33 9 776
9 51 489
51 9 489
9 30 253
30 9 253
9 16 147
16 9 147
10 13 76
13 10 76
10 36 505
36 10 505
10 28 108
28 10 108
10 28 879
28 10 879
10 51 182
51 10 182
10 21 824
21 10 824
10 19 687
19 10 687
11 26 898
26 11 898
11 41 787
41 11 787
11 45 146
45 11 146
11 12 979
12 11 979
11 35 566
35 11 566
11 39 772
39 11 772
11 18 936
18 11 936
11 22 528
22 11 528
11 20 770
20 11 770
12 16 879
16 12 879
12 26 838
26 12 838
12 41 549
41 12 549
12 15 771
15 12 771
12 48 814
48 12 814
12 51 41
51 12 41
12 25 487
25 12 487
13 25 910
25 13 910
13 20 33
20 13 33
13 47 601
47 13 601
13 26 635
26 13 635
13 13 45
13 13 45
14 33 875
33 14 875
14 30 916
30 14 916
14 37 294
37 14 294
14 35 277
35 14 277
14 26 789
26 14 789
14 41 812
41 14 812
15 17 44
17 15 44
15 21 437
21 15 437
15 36 721
36 15 721
15 19 940
19 15 940
15 42 184
42 15 184
15 43 746
43 15 746
16 18 842
18 16 842
16 32 952
32 16 952
16 39 163
39 16 163
16 39 738
39 16 738
16 35 491
35 16 491
17 53 627
53 17 627
18 47 775
47 18 775
18 28 466
28 18 466
18 19 458
19 18 458
18 38 888
38 18 888
18 39 445
39 18 445
18 47 237
47 18 237
18 43 82
43 18 82
18 22 217
22 18 217
19 33 891
33 19 891
19 37 813
37 19 813
19 34 444
34 19 444
19 26 247
26 19 247
19 50 640
50 19 640
19 21 789
21 19 789
19 44 570
44 19 570
19 49 772
49 19 772
20 29 132
29 20 132
21 41 612
41 21 612
21 31 59
31 21 59
21 42 177
42 21 177
21 34 124
34 21 124
21 28 45
28 21 45
22 43 696
43 22 696
22 42 224
42 22 224
22 37 727
37 22 727
22 32 876
32 22 876
22 46 735
46 22 735
22 35 787
35 22 787
23 24 639
24 23 639
23 42 477
42 23 477
23 28 478
28 23 478
24 38 899
38 24 899
24 40 808
40 24 808
24 30 543
30 24 543
24 33 774
33 24 774
25 36 657
36 25 657
25 33 236
33 25 236
25 44 896
44 25 896
25 46 82
46 25 82
25 31 724
31 25 724
25 51 543
51 25 543
26 36 254
36 26 254
26 52 165
52 26 165
26 47 544
47 26 544
27 38 610
38 27 610
27 35 942
35 27 942
28 41 870
41 28 870
28 36 254
36 28 254
29 31 69
31 29 69
29 48 459
48 29 459
29 42 786
42 29 786
29 33 702
33 29 702
29 43 677
43 29 677
30 34 802
34 30 802
30 43 315
43 30 315
30 47 843
47 30 843
30 46 33
46 30 33
30 33 978
33 30 978
31 43 183
43 31 183
31 49 262
49 31 262
31 43 489
43 31 489
32 48 319
48 32 319
32 47 126
47 32 126
32 47 50
47 32 50
33 35 759
35 33 759
33 49 994
49 33 994
33 51 195
51 33 195
33 47 558
47 33 558
33 46 603
46 33 603
34 49 714
49 34 714
34 37 286
37 34 286
34 44 149
44 34 149
34 49 524
49 34 524
35 46 123
46 35 123
35 36 191
36 35 191
36 40 820
40 36 820
36 40 212
40 36 212
37 42 859
42 37 859
37 39 133
39 37 133
37 46 258
46 37 258
38 47 132
47 38 132
38 43 883
43 38 883
39 40 442
40 39 442
39 44 999
44 39 999
39 46 763
46 39 763
40 48 383
48 40 383
40 52 135
52 40 135
40 46 935
46 40 935
42 48 74
48 42 74
43 53 558
53 43 558
43 50 607
50 43 607
44 51 746
51 44 746
45 50 416
50 45 416
45 45 33
45 45 33
46 50 91
50 46 91
47 49 555
49 47 555
47 51 49
51 47 49
49 49 92
49 49 92
51 52 646
52 51 646
51 52 249
52 51 249
52 52 168
52 52 168
