52

0 1 413
1 0 413
0 6 874
6 0 874
0 8 68
8 0 68
0 12 778
12 0 778
0 30 6
30 0 6
0 32 366
32 0 366
0 51 449
51 0 449
0 23 645
23 0 645
0 29 696
29 0 696
0 8 706
8 0 706
0 27 354
27 0 354
1 2 797
2 1 797
1 14 41
14 1 41
1 37 570
37 1 570
1 33 815
33 1 815
1 14 38
14 1 38
2 3 313
3 2 313
2 5 430
5 2 430
2 11 57
11 2 57
2 28 435
28 2 435
2 19 561
19 2 561
2 23 935
23 2 935
2 18 534
18 2 534
2 31 201
31 2 201
2 51 32
51 2 32
3 4 428
4 3 428
3 7 877
7 3 877
3 46 789
46 3 789
3 25 18
25 3 18
3 19 188
19 3 188
3 45 918
45 3 918
3 4 498
4 3 498
3 35 894
35 3 894
3 8 754
8 3 754
3 42 268
42 3 268
4 9 118
9 4 118
4 18 476
18 4 476
4 21 979
21 4 979
4 26 850
26 4 850
4 31 667
31 4 667
4 34 720
34 4 720
4 19 497
19 4 497
5 23 747
23 5 747
5 41 935
41 5 935
5 43 657
43 5 657
5 45 660
45 5 660
5 31 976
31 5 976
5 35 77
35 5 77
6 10 256
10 6 256
6 27 151
27 6 151
6 25 158
25 6 158
7 24 998
24 7 998
7 33 178
33 7 178
7 22 367
22 7 367
7 28 482
28 7 482
7 37 925
37 7 925
7 40 155
40 7 155
7 36 73
36 7 73
7 43 746
43 7 746
7 44 835
44 7 835
7 21 993
21 7 993
7 44 896
44 7 896
8 13 140
13 8 140
8 16 222
16 8 222
8 25 312
25 8 312
8 27 486
27 8 486
8 29 84
29 8 84
8 37 613
37 8 613
8 49 755
49 8 755
8 33 502
33 8 502
8 32 429
32 8 429
8 34 919
34 8 919
8 30 623
30 8 623
8 33 182
33 8 182
8 19 145
19 8 145
9 10 944
10 9 944
9 28 350
28 9 350
9 18 99
18 9 99
9 14 516
14 9 516
9 31 36
31 9 36
10 50 197
50 10 197
10 38 390
38 10 390
10 50 442
50 10 442
10 49 391
49 10 391
10 22 378
22 10 378
11 15 968
15 11 968
11 22 784
22 11 784
11 51 550
51 11 550
11 16 355
16 11 355
11 27 822
27 11 822
11 41 938
41 11 938
11 35 925
35 11 925
12 51 450
51 12 450
12 32 183
32 12 183
12 24 503
24 12 503
13 34 253
34 13 253
13 42 250
42 13 250
13 24 620
24 13 620
13 33 907
33 13 907
13 42 379
42 13 379
14 17 700
17 14 700
14 19 914
19 14 914
14 20 211
20 14 211
14 35 213
35 14 213
14 20 278
20 14 278
15 20 987
20 15 987
15 40 765
40 15 765
15 44 409
44 15 409
15 45 847
45 15 847
15 18 873
18 15 873
15 39 752
39 15 752
15 29 310
29 15 310
15 15 52
15 15 52
16 43 654
43 16 654
16 27 462
27 16 462
16 47 635
47 16 635
16 18 814
18 16 814
16 22 175
22 16 175
16 50 900
50 16 900
16 39 162
39 16 162
17 51 332
51 17 332
17 18 266
18 17 266
17 49 972
49 17 972
17 29 720
29 17 720
18 36 736
36 18 736
18 35 443
35 18 443
18 20 116
20 18 116
18 19 675
19 18 675
18 30 848
30 18 848
18 49 641
49 18 641
18 44 89
44 18 89
18 26 791
26 18 791
19 31 324
31 19 324
19 32 727
32 19 727
19 38 345
38 19 345
19 33 86
33 19 86
19 20 662
20 19 662
19 25 370
25 19 370
19 20 973
20 19 973
21 40 347
40 21 347
21 24 814
24 21 814
21 36 520
36 21 520
21 27 245
27 21 245
21 34 95
34 21 95
21 31 400
31 21 400
22 23 457
23 22 457
22 48 219
48 22 219
22 45 914
45 22 914
22 42 836
42 22 836
22 33 394
33 22 394
23 45 45
45 23 45
23 37 63
37 23 63
23 43 431
43 23 431
23 42 181
42 23 181
23 31 349
31 23 349
24 37 335
37 24 335
24 25 818
25 24 818
25 36 411
36 25 411
25 50 185
50 25 185
25 45 277
45 25 277
25 40 759
40 25 759
26 35 578
35 26 578
26 47 943
47 26 943
26 38 729
38 26 729
27 42 907
42 27 907
27 33 470
33 27 470
28 39 360
39 28 360
28 44 754
44 28 754
28 33 665
33 28 665
28 41 343
41 28 343
28 31 689
31 28 689
28 35 83
35 28 83
28 32 374
32 28 374
28 38 827
38 28 827
28 30 261
30 28 261
29 34 835
34 29 835
29 50 55
50 29 55
29 41 79
41 29 79
30 43 779
43 30 779
30 46 86
46 30 86
30 34 383
34 30 383
31 33 680
33 31 680
31 38 936
38 31 936
31 35 638
35 31 638
32 39 481
39 32 481
32 33 506
33 32 506
33 37 949
37 33 949
34 50 83
50 34 83
34 42 706
42 34 706
35 40 739
40 35 739
36 44 241
44 36 241
36 39 969
39 36 969
36 38 103
38 36 103
37 39 615
39 37 615
37 50 131
50 37 131
37 44 752
44 37 752
38 45 100
45 38 100
40 45 258
45 40 258
40 45 11
45 40 11
40 48 298
48 40 298
41 47 760
47 41 760
41 44 214
44 41 214
42 49 98
49 42 98
42 51 81
51 42 81
44 49 567
49 44 567
47 48 694
48 47 694
48 51 88
51 48 88
