84

0 1 355
1 0 355
0 2 443
2 0 443
0 9 391
9 0 391
1 3 196
3 1 196
1 4 258
4 1 258
1 10 859
10 1 859
1 15 752
15 1 752
1 21 63
21 1 63
1 41 32
41 1 32
2 5 501
5 2 501
2 8 414
8 2 414
2 26 423
26 2 423
3 16 559
16 3 559
3 17 348
17 3 348
3 42 788
42 3 788
4 14 810
14 4 810
4 33 471
33 4 471
4 51 279
51 4 279
4 68 230
68 4 230
5 6 122
6 5 122
5 7 755
7 5 755
5 12 584
12 5 584
6 11 693
11 6 693
6 24 435
24 6 435
6 47 210
47 6 210
6 57 502
57 6 502
7 13 497
13 7 497
7 20 731
20 7 731
7 23 959
23 7 959
7 43 228
43 7 228
7 53 282
53 7 282
7 62 166
62 7 166
9 30 748
30 9 748
9 32 381
32 9 381
10 19 555
19 10 555
10 38 61
38 10 61
11 39 145
39 11 145
11 64 157
64 11 157
11 65 716
65 11 716
12 18 24
18 12 24
12 25 257
25 12 257
12 70 246
70 12 246
13 27 104
27 13 104
13 48 472
48 13 472
13 50 356
50 13 356
14 83 228
83 14 228
15 35 630
35 15 630
15 49 306
49 15 306
15 54 413
54 15 413
16 55 747
55 16 747
17 22 45
22 17 45
17 29 512
29 17 512
17 36 172
36 17 172
17 74 178
74 17 178
18 66 293
66 18 293
19 63 559
63 19 559
20 34 837
34 20 837
20 79 689
79 20 689
23 28 710
28 23 710
23 52 417
52 23 417
23 58 93
58 23 93
25 69 112
69 25 112
27 31 880
31 27 880
27 44 578
44 27 578
27 61 524
61 27 524
28 71 716
71 28 716
31 40 120
40 31 120
31 80 396
80 31 396
36 37 163
37 36 163
36 45 852
45 36 852
38 56 85
56 38 85
38 82 842
82 38 842
41 76 366
76 41 366
43 67 742
67 43 742
44 46 275
46 44 275
44 60 745
60 44 745
51 77 986
77 51 986
55 73 609
73 55 609
57 78 679
78 57 679
58 59 416
59 58 416
67 75 336
75 67 336
67 81 15
81 67 15
68 83 244
83 68 244
71 72 186
72 71 186
