46

0 1 476
1 0 476
0 2 201
2 0 201
0 4 737
4 0 737
0 6 724
6 0 724
0 31 191
31 0 191
0 24 30
24 0 30
1 3 27
3 1 27
1 5 91
5 1 91
1 7 947
7 1 947
1 30 763
30 1 763
1 31 512
31 1 512
1 1 150
1 1 150
1 32 888
32 1 888
1 41 393
41 1 393
1 7 159
7 1 159
1 24 315
24 1 315
1 24 493
24 1 493
2 12 443
12 2 443
2 6 229
6 2 229
2 39 448
39 2 448
3 8 280
8 3 280
3 16 651
16 3 651
3 45 96
45 3 96
3 5 316
5 3 316
3 44 367
44 3 367
3 34 663
34 3 663
3 13 766
13 3 766
3 19 804
19 3 804
4 9 701
9 4 701
4 31 711
31 4 711
4 10 160
10 4 160
5 40 572
40 5 572
5 33 462
33 5 462
5 8 701
8 5 701
5 30 668
30 5 668
6 10 853
10 6 853
6 23 239
23 6 239
6 37 893
37 6 893
6 22 848
22 6 848
6 24 998
24 6 998
6 15 180
15 6 180
6 23 229
23 6 229
7 28 483
28 7 483
7 13 314
13 7 314
7 26 274
26 7 274
7 18 684
18 7 684
7 10 712
10 7 712
7 37 270
37 7 270
7 45 381
45 7 381
7 25 252
25 7 252
7 10 277
10 7 277
7 26 20
26 7 20
7 27 89
27 7 89
8 11 791
11 8 791
8 13 172
13 8 172
8 15 379
15 8 379
8 20 345
20 8 345
8 25 524
25 8 524
8 22 844
22 8 844
8 36 864
36 8 864
8 40 230
40 8 230
8 31 456
31 8 456
8 17 179
17 8 179
8 20 572
20 8 572
9 13 295
13 9 295
9 38 734
38 9 734
10 14 9
14 10 9
10 14 123
14 10 123
10 37 869
37 10 869
10 32 446
32 10 446
10 15 757
15 10 757
11 22 398
22 11 398
11 45 637
45 11 637
11 16 738
16 11 738
11 14 101
14 11 101
12 26 512
26 12 512
12 42 330
42 12 330
12 29 17
29 12 17
12 29 629
29 12 629
12 37 323
37 12 323
13 17 664
17 13 664
13 18 916
18 13 916
13 19 488
19 13 488
13 45 986
45 13 986
13 20 87
20 13 87
13 26 525
26 13 525
14 21 361
21 14 361
14 42 631
42 14 631
14 35 736
35 14 736
14 32 727
32 14 727
15 29 11
29 15 11
15 27 826
27 15 826
15 24 548
24 15 548
15 27 21
27 15 21
15 42 760
42 15 760
15 41 266
41 15 266
16 27 704
27 16 704
16 22 760
22 16 760
16 30 362
30 16 362
16 19 666
19 16 666
17 40 570
40 17 570
17 34 82
34 17 82
17 25 768
25 17 768
17 23 109
23 17 109
18 33 34
33 18 34
18 35 437
35 18 437
18 38 893
38 18 893
18 23 988
23 18 988
18 24 936
24 18 936
18 20 388
20 18 388
19 42 459
42 19 459
20 37 681
37 20 681
20 26 150
26 20 150
20 45 485
45 20 485
20 29 992
29 20 992
21 27 530
27 21 530
21 39 203
39 21 203
21 34 78
34 21 78
21 24 495
24 21 495
22 24 583
24 22 583
22 32 108
32 22 108
22 34 673
34 22 673
22 30 303
30 22 303
22 30 867
30 22 867
22 26 456
26 22 456
23 45 317
45 23 317
23 26 201
26 23 201
23 45 503
45 23 503
23 38 138
38 23 138
23 25 473
25 23 473
23 29 324
29 23 324
24 37 487
37 24 487
26 37 556
37 26 556
26 36 644
36 26 644
26 44 568
44 26 568
27 39 63
39 27 63
27 40 468
40 27 468
27 33 311
33 27 311
27 31 564
31 27 564
27 33 904
33 27 904
28 30 649
30 28 649
28 31 101
31 28 101
29 36 698
36 29 698
29 31 64
31 29 64
29 41 387
41 29 387
30 44 883
44 30 883
30 42 948
42 30 948
30 38 901
38 30 901
31 37 532
37 31 532
31 39 831
39 31 831
31 37 362
37 31 362
31 33 379
33 31 379
32 40 87
40 32 87
32 33 430
33 32 430
34 38 586
38 34 586
34 41 221
41 34 221
34 35 62
35 34 62
35 38 240
38 35 240
36 43 319
43 36 319
36 41 5
41 36 5
36 40 576
40 36 576
38 44 83
44 38 83
39 45 775
45 39 775
