100

0 1 746
1 0 746
0 11 312
11 0 312
0 24 866
24 0 866
0 40 58
40 0 58
0 27 418
27 0 418
0 16 848
16 0 848
1 2 78
2 1 78
1 6 419
6 1 419
1 13 56
13 1 56
1 21 174
21 1 174
1 28 742
28 1 742
1 24 806
24 1 806
1 93 214
93 1 214
2 3 72
3 2 72
2 4 539
4 2 539
2 8 522
8 2 522
2 10 889
10 2 889
2 52 271
52 2 271
3 5 504
5 3 504
3 7 880
7 3 880
3 38 964
38 3 964
3 7 384
7 3 384
3 83 937
83 3 937
3 73 967
73 3 967
4 31 991
31 4 991
4 32 239
32 4 239
4 53 774
53 4 774
4 25 674
25 4 674
5 22 542
22 5 542
5 52 105
52 5 105
5 82 401
82 5 401
5 39 202
39 5 202
5 31 354
31 5 354
5 21 80
21 5 80
6 9 559
9 6 559
6 20 521
20 6 521
6 82 913
82 6 913
6 31 626
31 6 626
7 15 975
15 7 975
7 27 592
27 7 592
7 42 559
42 7 559
7 66 550
66 7 550
7 46 87
46 7 87
8 14 963
14 8 963
8 44 765
44 8 765
8 75 333
75 8 333
9 36 183
36 9 183
9 73 893
73 9 893
9 55 470
55 9 470
9 13 439
13 9 439
9 37 881
37 9 881
9 53 602
53 9 602
9 98 917
98 9 917
10 26 750
26 10 750
11 12 429
12 11 429
11 17 444
17 11 444
11 41 986
41 11 986
11 67 693
67 11 693
11 16 517
16 11 517
12 29 280
29 12 280
12 72 356
72 12 356
12 41 47
41 12 47
12 52 621
52 12 621
12 19 795
19 12 795
12 75 50
75 12 50
12 85 335
85 12 335
13 58 441
58 13 441
13 79 392
79 13 392
13 84 149
84 13 149
13 29 704
29 13 704
13 48 753
48 13 753
13 41 519
41 13 519
14 30 508
30 14 508
14 22 55
22 14 55
14 61 427
61 14 427
15 16 545
16 15 545
15 18 252
18 15 252
15 46 619
46 15 619
15 25 841
25 15 841
16 23 712
23 16 712
16 61 211
61 16 211
16 62 691
62 16 691
17 19 431
19 17 431
17 99 567
99 17 567
17 76 771
76 17 771
18 35 771
35 18 771
18 78 871
78 18 871
18 75 382
75 18 382
18 51 632
51 18 632
18 77 858
77 18 858
19 80 339
80 19 339
19 97 811
97 19 811
19 60 114
60 19 114
19 59 816
59 19 816
19 72 162
72 19 162
19 43 77
43 19 77
20 45 964
45 20 964
20 60 502
60 20 502
20 75 822
75 20 822
20 23 249
23 20 249
20 34 518
34 20 518
21 25 272
25 21 272
21 36 874
36 21 874
21 57 361
57 21 361
21 63 528
63 21 528
22 42 334
42 22 334
22 58 869
58 22 869
22 93 930
93 22 930
22 55 247
55 22 247
22 71 104
71 22 104
23 37 120
37 23 120
23 92 679
92 23 679
23 76 598
76 23 598
23 88 707
88 23 707
24 70 797
70 24 797
24 89 362
89 24 362
24 40 384
40 24 384
25 47 871
47 25 871
25 56 785
56 25 785
25 50 917
50 25 917
25 84 593
84 25 593
25 34 558
34 25 558
26 59 253
59 26 253
26 95 56
95 26 56
26 52 656
52 26 656
26 39 144
39 26 144
26 32 600
32 26 600
27 39 861
39 27 861
27 62 911
62 27 911
27 51 443
51 27 443
27 75 517
75 27 517
28 94 22
94 28 22
29 33 373
33 29 373
29 37 872
37 29 872
29 83 119
83 29 119
30 51 973
51 30 973
30 57 741
57 30 741
30 89 106
89 30 106
30 58 250
58 30 250
31 43 202
43 31 202
32 45 602
45 32 602
32 83 931
83 32 931
32 72 185
72 32 185
33 34 89
34 33 89
33 96 545
96 33 545
33 44 398
44 33 398
33 54 242
54 33 242
33 40 871
40 33 871
34 55 755
55 34 755
34 51 611
51 34 611
34 66 41
66 34 41
35 93 738
93 35 738
35 40 153
40 35 153
35 61 988
61 35 988
35 59 196
59 35 196
36 48 317
48 36 317
36 58 864
58 36 864
36 84 724
84 36 724
36 67 978
67 36 978
36 92 327
92 36 327
37 95 168
95 37 168
37 43 131
43 37 131
38 54 164
54 38 164
38 65 486
65 38 486
39 50 575
50 39 575
39 45 64
45 39 64
40 49 380
49 40 380
40 77 722
77 40 722
40 59 545
59 40 545
40 41 138
41 40 138
41 56 375
56 41 375
42 85 50
85 42 50
42 70 613
70 42 613
42 89 53
89 42 53
43 81 453
81 43 453
43 99 143
99 43 143
44 62 413
62 44 413
44 73 841
73 44 841
44 76 531
76 44 531
45 76 832
76 45 832
45 93 454
93 45 454
46 75 858
75 46 858
46 67 677
67 46 677
46 94 959
94 46 959
47 94 450
94 47 450
47 74 437
74 47 437
48 63 684
63 48 684
48 74 73
74 48 73
49 71 25
71 49 25
49 82 953
82 49 953
50 67 86
67 50 86
50 68 876
68 50 876
50 65 954
65 50 954
50 69 962
69 50 962
51 64 66
64 51 66
51 89 972
89 51 972
51 81 90
81 51 90
51 72 363
72 51 363
51 87 343
87 51 343
52 66 757
66 52 757
52 77 571
77 52 571
54 98 603
98 54 603
54 87 345
87 54 345
54 71 217
71 54 217
55 67 159
67 55 159
55 65 112
65 55 112
57 81 748
81 57 748
59 93 622
93 59 622
59 92 318
92 59 318
60 84 904
84 60 904
62 88 704
88 62 704
64 67 851
67 64 851
65 79 815
79 65 815
65 89 865
89 65 865
66 99 325
99 66 325
67 69 946
69 67 946
67 87 143
87 67 143
67 81 318
81 67 318
68 90 958
90 68 958
68 99 979
99 68 979
69 71 974
71 69 974
72 83 119
83 72 119
75 92 141
92 75 141
76 89 879
89 76 879
77 87 803
87 77 803
77 95 737
95 77 737
78 86 929
86 78 929
78 98 924
98 78 924
78 86 223
86 78 223
79 87 774
87 79 774
80 83 332
83 80 332
81 86 545
86 81 545
83 91 492
91 83 492
85 97 998
97 85 998
86 94 675
94 86 675
90 91 980
91 90 980
