81

0 1 380
1 0 380
0 16 725
16 0 725
0 22 699
22 0 699
0 52 917
52 0 917
0 46 907
46 0 907
0 1 855
1 0 855
0 23 293
23 0 293
0 50 906
50 0 906
0 16 524
16 0 524
0 6 474
6 0 474
0 65 61
65 0 61
0 32 893
32 0 893
1 2 324
2 1 324
1 4 481
4 1 481
1 67 561
67 1 561
1 78 806
78 1 806
1 35 414
35 1 414
1 79 506
79 1 506
1 28 59
28 1 59
1 18 197
18 1 197
1 21 72
21 1 72
2 3 699
3 2 699
2 6 903
6 2 903
2 32 424
32 2 424
2 61 887
61 2 887
2 6 273
6 2 273
2 43 652
43 2 652
2 69 731
69 2 731
2 56 642
56 2 642
2 74 103
74 2 103
3 5 692
5 3 692
3 10 147
10 3 147
3 49 997
49 3 997
3 62 242
62 3 242
4 12 636
12 4 636
4 13 901
13 4 901
4 49 851
49 4 851
4 75 724
75 4 724
4 36 699
36 4 699
4 41 225
41 4 225
4 27 971
27 4 971
4 48 123
48 4 123
4 8 985
8 4 985
4 58 922
58 4 922
4 69 749
69 4 749
4 16 366
16 4 366
4 31 774
31 4 774
5 7 505
7 5 505
5 34 795
34 5 795
5 63 60
63 5 60
5 66 681
66 5 681
5 48 975
48 5 975
5 50 498
50 5 498
5 79 108
79 5 108
5 33 481
33 5 481
6 14 576
14 6 576
6 30 447
30 6 447
6 35 511
35 6 511
6 36 795
36 6 795
6 56 89
56 6 89
6 39 243
39 6 243
6 58 818
58 6 818
6 9 162
9 6 162
6 71 743
71 6 743
6 77 419
77 6 419
6 79 19
79 6 19
7 8 276
8 7 276
7 9 203
9 7 203
7 22 496
22 7 496
7 53 509
53 7 509
7 62 695
62 7 695
7 74 815
74 7 815
7 62 925
62 7 925
8 11 567
11 8 567
8 15 188
15 8 188
8 17 260
17 8 260
8 21 521
21 8 521
8 27 90
27 8 90
8 69 928
69 8 928
8 60 793
60 8 793
8 80 51
80 8 51
8 11 701
11 8 701
8 64 768
64 8 768
8 63 279
63 8 279
9 66 602
66 9 602
9 15 807
15 9 807
9 22 879
22 9 879
9 18 932
18 9 932
9 12 920
12 9 920
9 74 528
74 9 528
9 15 145
15 9 145
9 73 108
73 9 108
10 24 175
24 10 175
10 60 651
60 10 651
10 42 600
42 10 600
10 22 4
22 10 4
10 34 942
34 10 942
11 34 95
34 11 95
11 36 659
36 11 659
11 73 665
73 11 665
11 33 939
33 11 939
11 34 481
34 11 481
11 34 567
34 11 567
11 51 160
51 11 160
11 35 371
35 11 371
12 18 579
18 12 579
12 25 707
25 12 707
12 25 839
25 12 839
12 28 240
28 12 240
12 16 506
16 12 506
12 57 655
57 12 655
12 34 127
34 12 127
12 69 984
69 12 984
12 75 163
75 12 163
13 76 932
76 13 932
13 70 963
70 13 963
13 42 261
42 13 261
13 48 198
48 13 198
13 52 978
52 13 978
14 20 302
20 14 302
14 40 172
40 14 172
14 40 950
40 14 950
14 69 955
69 14 955
14 61 994
61 14 994
14 21 194
21 14 194
14 31 469
31 14 469
15 19 841
19 15 841
15 33 763
33 15 763
15 21 779
21 15 779
15 39 765
39 15 765
15 66 597
66 15 597
15 36 82
36 15 82
15 59 821
59 15 821
16 29 747
29 16 747
16 70 441
70 16 441
16 41 710
41 16 710
16 65 769
65 16 769
16 66 617
66 16 617
16 25 638
25 16 638
17 23 763
23 17 763
17 25 444
25 17 444
17 31 163
31 17 163
17 79 378
79 17 378
17 50 545
50 17 545
17 48 393
48 17 393
17 22 203
22 17 203
18 45 246
45 18 246
18 61 434
61 18 434
18 46 175
46 18 175
18 62 178
62 18 178
18 54 699
54 18 699
19 28 254
28 19 254
19 60 734
60 19 734
19 27 691
27 19 691
19 70 283
70 19 283
19 75 320
75 19 320
19 67 508
67 19 508
19 42 587
42 19 587
19 55 303
55 19 303
20 57 350
57 20 350
20 75 786
75 20 786
21 45 491
45 21 491
21 57 45
57 21 45
21 68 445
68 21 445
21 54 643
54 21 643
21 51 447
51 21 447
21 28 261
28 21 261
22 41 773
41 22 773
22 70 402
70 22 402
22 59 159
59 22 159
22 70 313
70 22 313
23 58 724
58 23 724
23 48 257
48 23 257
23 34 133
34 23 133
23 73 60
73 23 60
23 60 686
60 23 686
23 32 480
32 23 480
24 26 169
26 24 169
24 59 781
59 24 781
24 71 485
71 24 485
24 79 251
79 24 251
24 68 77
68 24 77
24 73 496
73 24 496
24 66 867
66 24 867
24 28 330
28 24 330
25 61 217
61 25 217
25 53 453
53 25 453
25 36 877
36 25 877
25 27 761
27 25 761
25 53 641
53 25 641
25 75 524
75 25 524
26 27 185
27 26 185
26 39 721
39 26 721
26 59 480
59 26 480
26 32 193
32 26 193
26 48 103
48 26 103
26 53 266
53 26 266
26 56 162
56 26 162
26 72 208
72 26 208
27 78 194
78 27 194
27 58 394
58 27 394
27 74 335
74 27 335
27 68 535
68 27 535
27 48 82
48 27 82
27 28 678
28 27 678
28 38 388
38 28 388
28 44 318
44 28 318
28 51 445
51 28 445
28 72 68
72 28 68
28 65 541
65 28 541
28 62 912
62 28 912
28 54 593
54 28 593
29 31 337
31 29 337
29 36 142
36 29 142
29 60 144
60 29 144
29 65 957
65 29 957
29 75 564
75 29 564
29 33 528
33 29 528
29 72 624
72 29 624
29 57 630
57 29 630
29 67 164
67 29 164
30 43 454
43 30 454
30 46 119
46 30 119
30 50 223
50 30 223
30 73 429
73 30 429
30 49 542
49 30 542
31 42 755
42 31 755
31 67 917
67 31 917
31 57 314
57 31 314
31 35 85
35 31 85
31 37 59
37 31 59
31 77 189
77 31 189
32 41 142
41 32 142
32 78 609
78 32 609
32 48 26
48 32 26
32 80 575
80 32 575
33 53 446
53 33 446
33 71 284
71 33 284
33 63 752
63 33 752
33 44 467
44 33 467
33 66 134
66 33 134
33 77 388
77 33 388
33 73 647
73 33 647
33 68 974
68 33 974
34 47 377
47 34 377
34 57 102
57 34 102
34 35 536
35 34 536
34 43 24
43 34 24
34 66 437
66 34 437
34 68 191
68 34 191
34 75 398
75 34 398
35 74 408
74 35 408
35 67 225
67 35 225
35 43 702
43 35 702
36 37 647
37 36 647
36 44 799
44 36 799
36 48 632
48 36 632
36 78 537
78 36 537
36 61 366
61 36 366
36 52 704
52 36 704
36 52 134
52 36 134
36 73 601
73 36 601
37 68 795
68 37 795
37 78 247
78 37 247
37 56 762
56 37 762
37 61 193
61 37 193
37 63 854
63 37 854
38 59 9
59 38 9
38 48 419
48 38 419
38 58 799
58 38 799
38 77 561
77 38 561
38 71 610
71 38 610
38 55 331
55 38 331
38 40 271
40 38 271
38 58 2
58 38 2
38 62 938
62 38 938
39 51 187
51 39 187
39 73 263
73 39 263
39 60 718
60 39 718
40 52 579
52 40 579
40 64 491
64 40 491
40 66 993
66 40 993
40 64 732
64 40 732
40 61 868
61 40 868
40 72 943
72 40 943
41 64 621
64 41 621
42 73 160
73 42 160
42 67 107
67 42 107
43 54 53
54 43 53
43 48 867
48 43 867
43 43 32
43 43 32
43 65 773
65 43 773
43 55 351
55 43 351
43 80 765
80 43 765
44 53 353
53 44 353
44 63 276
63 44 276
44 52 55
52 44 55
44 64 274
64 44 274
45 77 853
77 45 853
45 55 373
55 45 373
45 48 713
48 45 713
45 47 765
47 45 765
46 61 865
61 46 865
46 72 80
72 46 80
47 73 233
73 47 233
47 56 288
56 47 288
48 64 229
64 48 229
48 79 659
79 48 659
48 58 328
58 48 328
49 64 898
64 49 898
50 55 611
55 50 611
50 51 373
51 50 373
51 75 56
75 51 56
51 76 179
76 51 179
52 75 388
75 52 388
52 66 809
66 52 809
52 62 902
62 52 902
53 64 244
64 53 244
53 66 29
66 53 29
53 54 418
54 53 418
54 59 305
59 54 305
54 66 60
66 54 60
54 67 635
67 54 635
54 75 780
75 54 780
54 74 700
74 54 700
55 62 890
62 55 890
55 69 960
69 55 960
55 72 8
72 55 8
56 76 144
76 56 144
56 78 473
78 56 473
56 80 112
80 56 112
56 80 248
80 56 248
56 78 374
78 56 374
57 74 552
74 57 552
58 76 332
76 58 332
58 66 90
66 58 90
58 75 997
75 58 997
58 61 713
61 58 713
58 71 467
71 58 467
59 75 2
75 59 2
60 62 562
62 60 562
60 73 945
73 60 945
61 79 460
79 61 460
61 70 830
70 61 830
61 65 387
65 61 387
61 65 135
65 61 135
61 75 311
75 61 311
61 64 472
64 61 472
62 65 718
65 62 718
63 70 463
70 63 463
63 69 94
69 63 94
63 74 628
74 63 628
64 78 251
78 64 251
64 77 925
77 64 925
64 67 538
67 64 538
65 65 690
65 65 690
66 79 978
79 66 978
67 71 385
71 67 385
67 75 122
75 67 122
68 68 758
68 68 758
70 77 53
77 70 53
70 80 634
80 70 634
72 73 529
73 72 529
74 77 947
77 74 947
77 80 229
80 77 229
