99

0 1 667
1 0 667
0 2 702
2 0 702
0 3 412
3 0 412
0 5 892
5 0 892
0 13 752
13 0 752
0 26 692
26 0 692
0 36 529
36 0 529
0 67 884
67 0 884
0 21 202
21 0 202
0 69 739
69 0 739
0 23 532
23 0 532
0 64 924
64 0 924
0 91 573
91 0 573
0 92 496
92 0 496
0 42 644
42 0 644
1 4 476
4 1 476
1 32 466
32 1 466
1 48 741
48 1 741
1 30 110
30 1 110
1 98 567
98 1 567
1 55 225
55 1 225
1 38 418
38 1 418
1 42 953
42 1 953
1 8 503
8 1 503
1 45 173
45 1 173
1 66 101
66 1 101
1 34 577
34 1 577
1 47 871
47 1 871
1 88 103
88 1 103
1 41 158
41 1 158
1 54 412
54 1 412
1 65 330
65 1 330
1 69 104
69 1 104
1 44 793
44 1 793
1 48 17
48 1 17
2 6 220
6 2 220
2 38 818
38 2 818
2 66 486
66 2 486
2 63 10
63 2 10
2 3 299
3 2 299
2 17 870
17 2 870
2 42 965
42 2 965
2 89 182
89 2 182
2 91 361
91 2 361
2 17 788
17 2 788
2 27 63
27 2 63
2 31 976
31 2 976
2 26 128
26 2 128
3 8 734
8 3 734
3 9 654
9 3 654
3 10 448
10 3 448
3 35 776
35 3 776
3 80 759
80 3 759
3 78 875
78 3 875
3 94 725
94 3 725
3 87 722
87 3 722
3 97 960
97 3 960
4 46 830
46 4 830
4 73 438
73 4 438
4 73 145
73 4 145
4 94 961
94 4 961
4 36 820
36 4 820
4 11 120
11 4 120
4 89 885
89 4 885
4 36 468
36 4 468
4 43 697
43 4 697
4 88 247
88 4 247
4 84 902
84 4 902
4 42 740
42 4 740
4 19 989
19 4 989
5 19 856
19 5 856
5 23 492
23 5 492
5 25 319
25 5 319
5 95 801
95 5 801
5 40 856
40 5 856
5 11 828
11 5 828
5 72 908
72 5 908
5 54 98
54 5 98
5 94 320
94 5 320
5 61 321
61 5 321
5 33 878
33 5 878
5 37 59
37 5 59
6 7 420
7 6 420
6 20 479
20 6 479
6 16 261
16 6 261
6 55 354
55 6 354
6 84 644
84 6 644
6 13 620
13 6 620
6 58 795
58 6 795
6 90 210
90 6 210
6 10 311
10 6 311
6 77 707
77 6 707
6 60 627
60 6 627
6 23 98
23 6 98
7 14 974
14 7 974
7 22 319
22 7 319
7 39 831
39 7 831
7 70 925
70 7 925
7 80 342
80 7 342
7 80 237
80 7 237
7 73 780
73 7 780
7 37 371
37 7 371
7 72 958
72 7 958
7 87 773
87 7 773
7 37 758
37 7 758
7 26 48
26 7 48
7 11 954
11 7 954
7 54 921
54 7 921
7 27 129
27 7 129
8 11 975
11 8 975
8 64 929
64 8 929
8 70 62
70 8 62
8 55 226
55 8 226
8 14 300
14 8 300
8 69 511
69 8 511
8 50 171
50 8 171
8 31 556
31 8 556
8 14 811
14 8 811
8 83 323
83 8 323
8 62 990
62 8 990
8 21 330
21 8 330
8 57 642
57 8 642
9 28 831
28 9 831
9 62 945
62 9 945
9 33 781
33 9 781
9 27 369
27 9 369
9 12 643
12 9 643
9 49 480
49 9 480
9 13 572
13 9 572
9 62 603
62 9 603
9 73 948
73 9 948
9 92 223
92 9 223
9 85 571
85 9 571
9 97 121
97 9 121
9 63 991
63 9 991
9 16 364
16 9 364
10 12 155
12 10 155
10 16 557
16 10 557
10 34 647
34 10 647
10 46 666
46 10 666
10 19 875
19 10 875
10 30 29
30 10 29
10 47 627
47 10 627
10 57 182
57 10 182
10 36 458
36 10 458
10 93 46
93 10 46
10 83 642
83 10 642
10 31 200
31 10 200
10 77 678
77 10 678
10 40 681
40 10 681
10 48 147
48 10 147
10 58 654
58 10 654
10 25 20
25 10 20
11 18 135
18 11 135
11 42 503
42 11 503
11 70 979
70 11 979
11 35 695
35 11 695
11 86 664
86 11 664
11 92 425
92 11 425
11 20 446
20 11 446
11 42 475
42 11 475
11 62 292
62 11 292
11 82 113
82 11 113
11 47 142
47 11 142
11 75 655
75 11 655
12 15 553
15 12 553
12 24 673
24 12 673
12 54 837
54 12 837
12 64 848
64 12 848
12 60 799
60 12 799
12 32 789
32 12 789
12 27 231
27 12 231
12 37 507
37 12 507
12 33 903
33 12 903
12 33 686
33 12 686
12 16 556
16 12 556
13 92 54
92 13 54
13 13 32
13 13 32
13 61 440
61 13 440
13 66 751
66 13 751
13 95 832
95 13 832
13 37 167
37 13 167
13 96 599
96 13 599
13 42 240
42 13 240
13 41 533
41 13 533
13 16 205
16 13 205
13 66 541
66 13 541
14 30 406
30 14 406
14 55 418
55 14 418
14 15 194
15 14 194
14 64 127
64 14 127
14 27 545
27 14 545
14 69 592
69 14 592
14 36 868
36 14 868
14 45 681
45 14 681
14 52 396
52 14 396
15 31 695
31 15 695
15 78 270
78 15 270
15 88 820
88 15 820
15 92 99
92 15 99
15 64 43
64 15 43
15 58 68
58 15 68
15 60 435
60 15 435
16 17 257
17 16 257
16 77 865
77 16 865
16 84 19
84 16 19
16 21 236
21 16 236
16 22 824
22 16 824
16 90 783
90 16 783
16 77 923
77 16 923
16 53 10
53 16 10
16 54 279
54 16 279
16 68 334
68 16 334
16 80 364
80 16 364
16 62 569
62 16 569
16 31 849
31 16 849
17 61 335
61 17 335
17 24 954
24 17 954
17 79 123
79 17 123
17 51 740
51 17 740
17 85 833
85 17 833
17 38 399
38 17 399
17 91 103
91 17 103
17 34 148
34 17 148
17 51 766
51 17 766
18 29 621
29 18 621
18 36 536
36 18 536
18 58 248
58 18 248
18 90 867
90 18 867
18 53 555
53 18 555
18 35 993
35 18 993
18 44 599
44 18 599
18 32 888
32 18 888
18 59 236
59 18 236
18 96 109
96 18 109
18 95 845
95 18 845
19 62 733
62 19 733
19 73 350
73 19 350
19 45 211
45 19 211
19 64 718
64 19 718
19 69 583
69 19 583
19 30 278
30 19 278
19 36 42
36 19 42
19 33 47
33 19 47
19 50 93
50 19 93
19 55 388
55 19 388
19 27 493
27 19 493
19 95 110
95 19 110
20 21 694
21 20 694
20 34 748
34 20 748
20 85 993
85 20 993
20 73 198
73 20 198
20 58 689
58 20 689
20 65 678
65 20 678
20 80 260
80 20 260
20 96 418
96 20 418
21 79 142
79 21 142
21 52 543
52 21 543
21 50 340
50 21 340
21 40 723
40 21 723
21 30 24
30 21 24
21 55 993
55 21 993
21 75 928
75 21 928
21 84 171
84 21 171
21 27 825
27 21 825
21 68 921
68 21 921
21 30 244
30 21 244
21 60 60
60 21 60
22 74 590
74 22 590
22 95 759
95 22 759
22 92 627
92 22 627
22 50 602
50 22 602
22 37 112
37 22 112
22 61 875
61 22 875
22 52 98
52 22 98
23 24 118
24 23 118
23 73 950
73 23 950
23 57 160
57 23 160
23 85 439
85 23 439
23 29 647
29 23 647
23 25 385
25 23 385
23 44 246
44 23 246
23 50 316
50 23 316
23 62 214
62 23 214
23 29 153
29 23 153
23 89 66
89 23 66
23 84 311
84 23 311
23 61 309
61 23 309
23 23 467
23 23 467
24 49 727
49 24 727
24 57 851
57 24 851
24 61 473
61 24 473
24 37 858
37 24 858
24 37 760
37 24 760
24 76 714
76 24 714
24 67 423
67 24 423
24 54 511
54 24 511
24 31 187
31 24 187
24 84 385
84 24 385
25 27 188
27 25 188
25 44 915
44 25 915
25 98 260
98 25 260
25 47 302
47 25 302
25 87 918
87 25 918
25 54 701
54 25 701
25 47 543
47 25 543
26 67 267
67 26 267
26 48 709
48 26 709
26 29 768
29 26 768
26 87 550
87 26 550
26 87 498
87 26 498
26 78 939
78 26 939
26 44 976
44 26 976
26 68 836
68 26 836
26 53 541
53 26 541
26 45 471
45 26 471
26 63 66
63 26 66
26 94 230
94 26 230
26 79 64
79 26 64
27 43 513
43 27 513
27 74 823
74 27 823
27 34 163
34 27 163
27 72 363
72 27 363
27 43 262
43 27 262
27 28 613
28 27 613
27 98 330
98 27 330
28 59 933
59 28 933
28 48 553
48 28 553
28 54 823
54 28 823
28 98 716
98 28 716
28 88 55
88 28 55
28 37 834
37 28 834
28 63 603
63 28 603
28 73 313
73 28 313
29 40 740
40 29 740
29 72 713
72 29 713
29 60 185
60 29 185
29 58 594
58 29 594
29 97 628
97 29 628
29 75 461
75 29 461
29 66 445
66 29 445
29 43 228
43 29 228
30 87 133
87 30 133
30 93 306
93 30 306
30 60 413
60 30 413
30 67 802
67 30 802
30 68 300
68 30 300
30 88 870
88 30 870
30 53 926
53 30 926
30 39 435
39 30 435
30 64 599
64 30 599
30 68 543
68 30 543
30 38 832
38 30 832
30 91 493
91 30 493
31 35 392
35 31 392
31 41 977
41 31 977
31 66 46
66 31 46
31 95 203
95 31 203
31 65 177
65 31 177
31 67 74
67 31 74
31 56 861
56 31 861
32 33 733
33 32 733
32 45 233
45 32 233
32 55 890
55 32 890
32 96 625
96 32 625
32 35 818
35 32 818
32 61 542
61 32 542
32 87 786
87 32 786
32 65 450
65 32 450
32 60 93
60 32 93
32 45 300
45 32 300
32 42 336
42 32 336
32 70 227
70 32 227
32 73 682
73 32 682
33 61 136
61 33 136
33 41 262
41 33 262
33 72 464
72 33 464
33 84 640
84 33 640
33 74 641
74 33 641
33 92 772
92 33 772
33 85 881
85 33 881
33 42 970
42 33 970
34 49 283
49 34 283
34 61 759
61 34 759
34 96 347
96 34 347
34 80 817
80 34 817
34 36 468
36 34 468
34 89 499
89 34 499
34 63 159
63 34 159
34 76 388
76 34 388
34 76 483
76 34 483
35 37 833
37 35 833
35 80 215
80 35 215
35 59 192
59 35 192
35 50 946
50 35 946
35 83 791
83 35 791
35 63 70
63 35 70
35 64 385
64 35 385
36 81 531
81 36 531
36 73 928
73 36 928
36 60 238
60 36 238
36 93 631
93 36 631
36 93 322
93 36 322
36 68 369
68 36 369
37 60 510
60 37 510
37 68 78
68 37 78
37 86 309
86 37 309
37 95 307
95 37 307
37 90 298
90 37 298
37 82 40
82 37 40
37 74 840
74 37 840
37 62 495
62 37 495
37 90 272
90 37 272
38 65 726
65 38 726
38 41 531
41 38 531
38 88 500
88 38 500
38 50 801
50 38 801
38 75 915
75 38 915
39 51 416
51 39 416
39 63 497
63 39 497
39 84 388
84 39 388
39 76 557
76 39 557
39 67 215
67 39 215
39 94 631
94 39 631
39 98 643
98 39 643
39 73 116
73 39 116
40 52 666
52 40 666
40 81 513
81 40 513
40 63 265
63 40 265
40 79 184
79 40 184
40 95 160
95 40 160
40 96 16
96 40 16
40 75 709
75 40 709
40 64 229
64 40 229
41 93 899
93 41 899
41 93 957
93 41 957
41 71 67
71 41 67
41 85 575
85 41 575
42 47 66
47 42 66
42 69 822
69 42 822
42 79 833
79 42 833
42 93 765
93 42 765
42 92 81
92 42 81
42 70 306
70 42 306
42 67 850
67 42 850
42 55 680
55 42 680
42 78 513
78 42 513
43 53 535
53 43 535
43 59 595
59 43 595
43 63 911
63 43 911
43 97 331
97 43 331
43 91 831
91 43 831
43 84 820
84 43 820
43 67 140
67 43 140
43 73 240
73 43 240
43 59 199
59 43 199
43 79 712
79 43 712
43 49 796
49 43 796
44 98 404
98 44 404
44 61 424
61 44 424
44 92 73
92 44 73
44 60 22
60 44 22
44 82 222
82 44 222
44 93 182
93 44 182
44 81 382
81 44 382
44 58 988
58 44 988
44 53 961
53 44 961
45 76 513
76 45 513
45 96 314
96 45 314
45 90 801
90 45 801
45 58 87
58 45 87
45 67 637
67 45 637
45 47 206
47 45 206
45 56 194
56 45 194
45 88 842
88 45 842
45 61 250
61 45 250
45 45 513
45 45 513
45 51 707
51 45 707
45 78 164
78 45 164
45 56 303
56 45 303
45 85 276
85 45 276
46 58 821
58 46 821
46 48 882
48 46 882
46 89 187
89 46 187
46 92 799
92 46 799
47 72 387
72 47 387
47 80 599
80 47 599
47 59 757
59 47 757
47 51 530
51 47 530
48 50 627
50 48 627
48 53 93
53 48 93
48 57 651
57 48 651
48 49 488
49 48 488
48 91 377
91 48 377
48 74 826
74 48 826
48 77 794
77 48 794
48 75 30
75 48 30
49 75 741
75 49 741
49 79 643
79 49 643
49 89 781
89 49 781
49 66 471
66 49 471
49 69 534
69 49 534
49 86 756
86 49 756
50 79 187
79 50 187
50 51 145
51 50 145
50 58 801
58 50 801
50 89 90
89 50 90
50 53 757
53 50 757
51 56 707
56 51 707
51 93 579
93 51 579
51 75 201
75 51 201
51 68 290
68 51 290
51 65 975
65 51 975
51 79 796
79 51 796
51 67 480
67 51 480
51 71 769
71 51 769
52 63 12
63 52 12
52 52 657
52 52 657
52 91 254
91 52 254
52 80 845
80 52 845
52 89 125
89 52 125
52 53 360
53 52 360
53 72 51
72 53 51
53 82 187
82 53 187
53 54 96
54 53 96
53 92 377
92 53 377
53 69 239
69 53 239
53 80 97
80 53 97
53 98 11
98 53 11
54 56 832
56 54 832
54 71 79
71 54 79
54 82 276
82 54 276
54 84 508
84 54 508
54 84 171
84 54 171
55 64 987
64 55 987
55 93 60
93 55 60
56 89 961
89 56 961
56 95 905
95 56 905
56 60 371
60 56 371
56 81 642
81 56 642
56 73 495
73 56 495
56 89 426
89 56 426
57 60 952
60 57 952
57 75 353
75 57 353
57 63 197
63 57 197
57 88 173
88 57 173
57 73 759
73 57 759
58 94 17
94 58 17
58 96 724
96 58 724
58 67 671
67 58 671
59 73 617
73 59 617
59 86 88
86 59 88
59 62 516
62 59 516
59 65 60
65 59 60
59 91 887
91 59 887
60 81 476
81 60 476
60 60 268
60 60 268
60 72 879
72 60 879
60 62 683
62 60 683
61 97 618
97 61 618
61 64 716
64 61 716
61 73 971
73 61 971
61 98 672
98 61 672
61 92 709
92 61 709
62 98 754
98 62 754
62 67 50
67 62 50
62 90 151
90 62 151
62 98 867
98 62 867
63 76 808
76 63 808
63 81 489
81 63 489
63 91 5
91 63 5
63 98 914
98 63 914
64 84 25
84 64 25
64 66 653
66 64 653
64 95 468
95 64 468
65 82 312
82 65 312
65 86 809
86 65 809
65 92 890
92 65 890
65 77 460
77 65 460
65 65 172
65 65 172
65 97 953
97 65 953
66 72 97
72 66 97
66 98 200
98 66 200
66 83 65
83 66 65
66 76 286
76 66 286
67 71 405
71 67 405
67 76 586
76 67 586
67 71 615
71 67 615
67 77 419
77 67 419
67 68 404
68 67 404
68 89 342
89 68 342
68 90 146
90 68 146
68 91 253
91 68 253
68 83 236
83 68 236
68 93 621
93 68 621
68 82 101
82 68 101
68 80 867
80 68 867
68 94 386
94 68 386
68 94 160
94 68 160
69 95 426
95 69 426
69 96 940
96 69 940
69 93 939
93 69 939
69 89 723
89 69 723
69 87 392
87 69 392
69 71 424
71 69 424
69 97 673
97 69 673
70 76 446
76 70 446
70 95 350
95 70 350
70 72 87
72 70 87
71 96 515
96 71 515
71 82 444
82 71 444
72 77 643
77 72 643
72 89 542
89 72 542
73 75 221
75 73 221
73 91 467
91 73 467
73 85 523
85 73 523
73 80 737
80 73 737
74 82 279
82 74 279
74 87 85
87 74 85
74 84 676
84 74 676
74 94 792
94 74 792
74 87 936
87 74 936
75 92 840
92 75 840
75 94 891
94 75 891
75 96 670
96 75 670
75 80 603
80 75 603
75 94 959
94 75 959
75 97 927
97 75 927
75 95 647
95 75 647
75 88 472
88 75 472
76 81 573
81 76 573
76 89 427
89 76 427
76 82 180
82 76 180
76 98 857
98 76 857
76 83 640
83 76 640
78 86 758
86 78 758
78 82 409
82 78 409
78 84 309
84 78 309
79 83 643
83 79 643
79 79 219
79 79 219
80 97 635
97 80 635
80 88 627
88 80 627
81 87 974
87 81 974
81 84 833
84 81 833
81 82 339
82 81 339
81 93 510
93 81 510
82 85 936
85 82 936
82 85 827
85 82 827
82 86 934
86 82 934
82 92 467
92 82 467
82 83 467
83 82 467
83 88 326
88 83 326
83 91 757
91 83 757
84 91 316
91 84 316
85 97 801
97 85 801
86 91 422
91 86 422
86 95 653
95 86 653
86 94 214
94 86 214
86 98 787
98 86 787
87 98 873
98 87 873
87 92 406
92 87 406
87 88 716
88 87 716
87 93 226
93 87 226
89 92 353
92 89 353
89 90 400
90 89 400
90 90 990
90 90 990
91 91 466
91 91 466
92 93 548
93 92 548
