73

0 1 270
1 0 270
0 2 111
2 0 111
0 4 981
4 0 981
0 10 881
10 0 881
0 14 509
14 0 509
0 15 445
15 0 445
0 21 175
21 0 175
0 4 574
4 0 574
0 28 343
28 0 343
0 32 8
32 0 8
1 3 623
3 1 623
1 6 162
6 1 162
1 16 863
16 1 863
1 46 796
46 1 796
1 70 416
70 1 416
1 71 441
71 1 441
1 25 281
25 1 281
1 49 854
49 1 854
1 42 296
42 1 296
1 29 226
29 1 226
2 5 179
5 2 179
2 9 817
9 2 817
2 25 186
25 2 186
2 8 406
8 2 406
2 37 747
37 2 747
2 29 650
29 2 650
2 70 821
70 2 821
2 17 978
17 2 978
2 72 396
72 2 396
3 7 941
7 3 941
3 28 613
28 3 613
3 39 688
39 3 688
3 67 272
67 3 272
3 59 124
59 3 124
3 12 612
12 3 612
3 38 868
38 3 868
4 8 397
8 4 397
4 52 618
52 4 618
4 60 982
60 4 982
4 66 810
66 4 810
4 32 25
32 4 25
4 50 443
50 4 443
5 18 545
18 5 545
5 35 84
35 5 84
5 41 699
41 5 699
5 56 656
56 5 656
5 63 725
63 5 725
6 42 741
42 6 741
6 69 107
69 6 107
6 69 482
69 6 482
6 25 94
25 6 94
7 13 953
13 7 953
7 17 695
17 7 695
7 64 318
64 7 318
7 19 878
19 7 878
7 51 87
51 7 87
7 18 528
18 7 528
7 50 893
50 7 893
7 38 44
38 7 44
8 23 153
23 8 153
8 30 474
30 8 474
8 25 636
25 8 636
9 65 891
65 9 891
9 29 317
29 9 317
9 22 192
22 9 192
10 11 512
11 10 512
10 12 687
12 10 687
10 43 739
43 10 739
10 44 823
44 10 823
10 60 634
60 10 634
10 51 915
51 10 915
10 31 1000
31 10 1000
10 61 972
61 10 972
11 29 751
29 11 751
11 69 489
69 11 489
11 14 229
14 11 229
11 58 757
58 11 757
11 52 561
52 11 561
11 37 780
37 11 780
11 48 467
48 11 467
11 42 866
42 11 866
12 72 989
72 12 989
12 31 740
31 12 740
12 41 506
41 12 506
13 33 416
33 13 416
13 24 942
24 13 942
13 65 45
65 13 45
13 33 297
33 13 297
14 48 868
48 14 868
14 54 356
54 14 356
14 26 703
26 14 703
14 23 926
23 14 926
14 57 441
57 14 441
14 45 938
45 14 938
14 59 409
59 14 409
15 31 712
31 15 712
15 32 899
32 15 899
15 60 901
60 15 901
15 58 257
58 15 257
16 19 937
19 16 937
16 27 533
27 16 533
16 40 489
40 16 489
16 46 120
46 16 120
16 37 38
37 16 38
17 26 318
26 17 318
17 34 340
34 17 340
18 45 616
45 18 616
18 55 680
55 18 680
18 20 313
20 18 313
18 42 458
42 18 458
18 66 828
66 18 828
19 20 585
20 19 585
19 38 326
38 19 326
19 23 237
23 19 237
19 69 131
69 19 131
19 30 524
30 19 524
19 20 669
20 19 669
20 22 310
22 20 310
20 40 729
40 20 729
20 56 972
56 20 972
20 61 612
61 20 612
21 36 804
36 21 804
21 39 620
39 21 620
21 69 70
69 21 70
21 49 571
49 21 571
22 24 488
24 22 488
22 39 190
39 22 190
22 30 664
30 22 664
23 67 648
67 23 648
24 53 810
53 24 810
24 30 536
30 24 536
25 58 736
58 25 736
25 56 247
56 25 247
25 55 672
55 25 672
25 37 235
37 25 235
26 47 738
47 26 738
26 59 456
59 26 456
27 37 350
37 27 350
27 27 465
27 27 465
27 71 571
71 27 571
27 57 776
57 27 776
28 33 485
33 28 485
28 59 42
59 28 42
28 50 206
50 28 206
29 31 357
31 29 357
31 44 59
44 31 59
31 49 50
49 31 50
33 63 370
63 33 370
33 46 791
46 33 791
33 38 853
38 33 853
33 36 976
36 33 976
33 71 468
71 33 468
33 54 27
54 33 27
33 66 121
66 33 121
34 50 431
50 34 431
34 56 101
56 34 101
34 68 805
68 34 805
34 57 911
57 34 911
35 65 607
65 35 607
35 51 361
51 35 361
35 36 7
36 35 7
36 67 291
67 36 291
36 55 767
55 36 767
37 53 309
53 37 309
37 44 989
44 37 989
37 55 897
55 37 897
37 69 79
69 37 79
38 68 771
68 38 771
38 69 523
69 38 523
38 55 963
55 38 963
38 69 709
69 38 709
39 41 542
41 39 542
39 66 838
66 39 838
40 68 417
68 40 417
41 53 657
53 41 657
41 71 790
71 41 790
41 70 36
70 41 36
41 43 974
43 41 974
41 45 566
45 41 566
42 52 113
52 42 113
42 66 797
66 42 797
42 54 55
54 42 55
42 51 847
51 42 847
42 44 692
44 42 692
42 48 204
48 42 204
43 51 511
51 43 511
43 49 801
49 43 801
43 53 699
53 43 699
43 72 379
72 43 379
43 53 27
53 43 27
44 49 802
49 44 802
44 59 260
59 44 260
44 55 423
55 44 423
45 50 466
50 45 466
45 56 945
56 45 945
45 65 408
65 45 408
45 58 544
58 45 544
46 50 404
50 46 404
47 61 835
61 47 835
48 64 120
64 48 120
48 62 781
62 48 781
49 64 506
64 49 506
52 59 364
59 52 364
52 54 225
54 52 225
53 57 251
57 53 251
53 61 358
61 53 358
53 69 5
69 53 5
53 70 525
70 53 525
54 67 68
67 54 68
55 64 581
64 55 581
57 62 311
62 57 311
57 68 353
68 57 353
59 66 319
66 59 319
60 66 809
66 60 809
61 62 295
62 61 295
63 71 946
71 63 946
63 66 323
66 63 323
69 71 575
71 69 575
