89

0 1 245
1 0 245
0 2 618
2 0 618
0 49 470
49 0 470
0 60 989
60 0 989
0 42 317
42 0 317
0 9 334
9 0 334
0 12 989
12 0 989
0 18 879
18 0 879
1 6 804
6 1 804
1 32 449
32 1 449
1 1 989
1 1 989
1 61 146
61 1 146
1 42 518
42 1 518
1 5 211
5 1 211
1 9 505
9 1 505
1 42 262
42 1 262
2 3 671
3 2 671
2 4 835
4 2 835
2 5 432
5 2 432
2 11 865
11 2 865
2 29 343
29 2 343
2 54 268
54 2 268
2 64 301
64 2 301
2 62 571
62 2 571
2 41 140
41 2 140
2 7 352
7 2 352
2 62 156
62 2 156
2 8 368
8 2 368
3 9 996
9 3 996
3 42 453
42 3 453
3 88 593
88 3 593
3 73 611
73 3 611
3 17 303
17 3 303
3 51 23
51 3 23
3 20 534
20 3 534
3 86 250
86 3 250
4 8 994
8 4 994
4 13 985
13 4 985
4 71 96
71 4 96
4 57 608
57 4 608
4 58 205
58 4 205
4 39 175
39 4 175
5 7 654
7 5 654
5 61 414
61 5 414
5 35 3
35 5 3
5 42 722
42 5 722
5 20 338
20 5 338
6 12 101
12 6 101
6 22 293
22 6 293
6 28 823
28 6 823
6 37 86
37 6 86
6 80 648
80 6 648
6 73 894
73 6 894
6 58 946
58 6 946
6 42 41
42 6 41
6 33 450
33 6 450
7 17 386
17 7 386
7 81 822
81 7 822
7 87 584
87 7 584
7 61 10
61 7 10
8 10 922
10 8 922
8 14 232
14 8 232
8 21 125
21 8 125
8 36 893
36 8 893
8 85 923
85 8 923
8 26 817
26 8 817
9 16 734
16 9 734
9 77 186
77 9 186
9 35 707
35 9 707
10 15 69
15 10 69
10 45 822
45 10 822
10 64 275
64 10 275
10 54 774
54 10 774
10 60 256
60 10 256
11 79 313
79 11 313
11 14 693
14 11 693
11 84 66
84 11 66
11 34 630
34 11 630
11 55 703
55 11 703
12 19 548
19 12 548
12 37 192
37 12 192
12 78 275
78 12 275
13 26 672
26 13 672
13 33 61
33 13 61
13 41 284
41 13 284
13 27 585
27 13 585
13 36 313
36 13 313
13 39 612
39 13 612
14 18 776
18 14 776
14 20 358
20 14 358
14 23 5
23 14 5
14 41 212
41 14 212
14 68 972
68 14 972
14 29 693
29 14 693
14 48 395
48 14 395
15 27 659
27 15 659
15 84 201
84 15 201
15 17 851
17 15 851
15 24 969
24 15 969
16 44 287
44 16 287
16 51 394
51 16 394
16 42 877
42 16 877
16 79 284
79 16 284
16 65 822
65 16 822
17 78 541
78 17 541
17 72 472
72 17 472
17 71 159
71 17 159
17 44 668
44 17 668
17 79 58
79 17 58
18 55 277
55 18 277
18 59 787
59 18 787
18 72 898
72 18 898
18 38 536
38 18 536
19 24 496
24 19 496
19 30 568
30 19 568
19 68 901
68 19 901
19 51 106
51 19 106
20 51 59
51 20 59
20 62 480
62 20 480
20 50 508
50 20 508
20 24 820
24 20 820
20 60 930
60 20 930
21 34 418
34 21 418
21 46 280
46 21 280
21 86 159
86 21 159
21 76 440
76 21 440
22 25 371
25 22 371
22 34 470
34 22 470
22 80 823
80 22 823
22 73 536
73 22 536
22 48 93
48 22 93
22 57 756
57 22 756
23 35 170
35 23 170
23 27 119
27 23 119
23 30 479
30 23 479
24 74 663
74 24 663
24 87 222
87 24 222
24 58 416
58 24 416
24 74 228
74 24 228
24 40 319
40 24 319
24 84 244
84 24 244
25 58 540
58 25 540
25 80 899
80 25 899
25 77 475
77 25 475
25 69 263
69 25 263
25 63 540
63 25 540
26 52 478
52 26 478
26 76 771
76 26 771
26 57 710
57 26 710
26 44 633
44 26 633
26 42 485
42 26 485
27 31 800
31 27 800
27 46 290
46 27 290
27 81 918
81 27 918
27 80 27
80 27 27
27 45 738
45 27 738
28 38 110
38 28 110
28 68 435
68 28 435
28 73 86
73 28 86
28 81 566
81 28 566
28 34 271
34 28 271
29 50 14
50 29 14
29 65 254
65 29 254
29 77 484
77 29 484
29 79 236
79 29 236
29 34 33
34 29 33
29 66 2
66 29 2
30 53 832
53 30 832
30 59 894
59 30 894
31 39 188
39 31 188
31 86 281
86 31 281
31 49 920
49 31 920
31 67 222
67 31 222
31 46 264
46 31 264
31 72 569
72 31 569
31 37 874
37 31 874
31 72 675
72 31 675
32 43 307
43 32 307
32 67 542
67 32 542
32 79 192
79 32 192
33 56 550
56 33 550
33 55 77
55 33 77
33 46 146
46 33 146
34 61 828
61 34 828
35 69 243
69 35 243
35 82 92
82 35 92
35 82 238
82 35 238
35 61 644
61 35 644
36 47 174
47 36 174
36 56 692
56 36 692
36 59 949
59 36 949
36 75 979
75 36 979
36 59 655
59 36 655
36 75 841
75 36 841
38 40 270
40 38 270
38 66 62
66 38 62
38 67 717
67 38 717
38 53 682
53 38 682
39 45 176
45 39 176
41 48 778
48 41 778
41 75 713
75 41 713
41 59 762
59 41 762
41 63 164
63 41 164
41 82 226
82 41 226
41 77 910
77 41 910
42 83 659
83 42 659
43 48 254
48 43 254
43 69 616
69 43 616
45 61 775
61 45 775
45 55 699
55 45 699
45 70 69
70 45 69
45 49 741
49 45 741
48 64 83
64 48 83
48 49 469
49 48 469
49 76 237
76 49 237
49 65 658
65 49 658
49 67 382
67 49 382
49 53 264
53 49 264
49 60 202
60 49 202
49 58 637
58 49 637
50 57 191
57 50 191
50 63 476
63 50 476
50 58 862
58 50 862
50 58 573
58 50 573
50 63 960
63 50 960
51 52 539
52 51 539
51 81 245
81 51 245
51 82 890
82 51 890
52 62 584
62 52 584
52 63 315
63 52 315
52 87 407
87 52 407
52 74 943
74 52 943
53 76 280
76 53 280
53 67 880
67 53 880
54 79 432
79 54 432
54 54 602
54 54 602
54 75 698
75 54 698
54 80 88
80 54 88
55 70 803
70 55 803
55 61 756
61 55 756
55 88 39
88 55 39
55 71 537
71 55 537
55 78 882
78 55 882
56 78 825
78 56 825
56 64 150
64 56 150
56 74 40
74 56 40
58 73 249
73 58 249
58 74 160
74 58 160
58 76 987
76 58 987
59 67 764
67 59 764
59 82 733
82 59 733
60 72 221
72 60 221
61 78 302
78 61 302
63 87 768
87 63 768
63 87 616
87 63 616
64 87 440
87 64 440
64 77 73
77 64 73
67 83 787
83 67 787
67 84 212
84 67 212
70 85 391
85 70 391
70 83 656
83 70 656
71 78 437
78 71 437
71 79 406
79 71 406
72 81 234
81 72 234
72 83 460
83 72 460
73 81 849
81 73 849
73 83 87
83 73 87
77 84 894
84 77 894
79 85 130
85 79 130
79 87 417
87 79 417
79 83 19
83 79 19
83 85 166
85 83 166
