50

0 1 232
1 0 232
0 5 944
5 0 944
0 18 612
18 0 612
0 11 380
11 0 380
0 37 356
37 0 356
0 46 517
46 0 517
0 11 684
11 0 684
0 27 767
27 0 767
0 37 55
37 0 55
0 30 581
30 0 581
0 44 702
44 0 702
1 2 455
2 1 455
1 8 20
8 1 20
1 14 772
14 1 772
1 23 744
23 1 744
1 45 69
45 1 69
1 31 377
31 1 377
1 32 48
32 1 48
1 2 674
2 1 674
1 6 626
6 1 626
1 9 480
9 1 480
1 27 605
27 1 605
1 6 8
6 1 8
1 3 910
3 1 910
1 14 330
14 1 330
2 3 660
3 2 660
2 4 823
4 2 823
2 9 817
9 2 817
2 28 667
28 2 667
2 44 804
44 2 804
2 9 472
9 2 472
2 40 764
40 2 764
2 6 987
6 2 987
2 8 422
8 2 422
2 6 728
6 2 728
2 43 967
43 2 967
3 18 564
18 3 564
3 15 803
15 3 803
3 6 414
6 3 414
3 8 339
8 3 339
3 4 603
4 3 603
3 29 309
29 3 309
3 42 925
42 3 925
3 44 830
44 3 830
4 6 595
6 4 595
4 7 433
7 4 433
4 16 391
16 4 391
4 21 375
21 4 375
4 22 521
22 4 521
4 22 719
22 4 719
4 9 737
9 4 737
4 27 406
27 4 406
5 41 748
41 5 748
5 39 108
39 5 108
5 28 240
28 5 240
5 47 202
47 5 202
5 21 282
21 5 282
5 29 14
29 5 14
5 18 769
18 5 769
6 11 11
11 6 11
6 42 250
42 6 250
6 43 826
43 6 826
6 41 806
41 6 806
6 44 580
44 6 580
6 49 966
49 6 966
6 21 814
21 6 814
6 30 720
30 6 720
6 8 192
8 6 192
6 16 684
16 6 684
6 48 56
48 6 56
6 16 909
16 6 909
6 47 458
47 6 458
7 12 78
12 7 78
7 13 345
13 7 345
7 17 361
17 7 361
7 19 654
19 7 654
7 33 730
33 7 730
7 19 962
19 7 962
7 19 912
19 7 912
7 31 760
31 7 760
7 49 784
49 7 784
7 29 996
29 7 996
8 24 347
24 8 347
8 23 445
23 8 445
8 20 938
20 8 938
8 19 247
19 8 247
8 38 334
38 8 334
8 39 413
39 8 413
9 10 548
10 9 548
9 38 382
38 9 382
9 13 436
13 9 436
9 27 972
27 9 972
9 18 479
18 9 479
9 11 488
11 9 488
10 40 238
40 10 238
10 32 250
32 10 250
10 12 135
12 10 135
10 34 608
34 10 608
10 19 990
19 10 990
10 31 481
31 10 481
11 25 238
25 11 238
11 20 467
20 11 467
11 21 373
21 11 373
11 22 542
22 11 542
11 34 620
34 11 620
11 32 696
32 11 696
11 18 282
18 11 282
11 49 792
49 11 792
12 41 293
41 12 293
12 33 945
33 12 945
12 20 975
20 12 975
12 35 776
35 12 776
12 37 48
37 12 48
12 39 557
39 12 557
12 35 508
35 12 508
12 13 38
13 12 38
13 20 618
20 13 618
13 31 804
31 13 804
13 21 163
21 13 163
13 49 42
49 13 42
13 33 194
33 13 194
13 14 109
14 13 109
13 22 731
22 13 731
13 20 414
20 13 414
13 22 17
22 13 17
13 28 665
28 13 665
14 15 141
15 14 141
14 41 239
41 14 239
14 41 844
41 14 844
14 26 911
26 14 911
14 32 561
32 14 561
15 21 292
21 15 292
15 32 265
32 15 265
15 29 827
29 15 827
15 34 954
34 15 954
15 37 264
37 15 264
15 39 264
39 15 264
16 48 291
48 16 291
16 29 366
29 16 366
16 21 879
21 16 879
16 38 298
38 16 298
16 36 291
36 16 291
17 28 245
28 17 245
17 37 37
37 17 37
17 30 587
30 17 587
17 18 51
18 17 51
17 46 371
46 17 371
18 24 895
24 18 895
18 31 372
31 18 372
18 23 204
23 18 204
18 47 123
47 18 123
19 27 643
27 19 643
19 48 729
48 19 729
19 27 780
27 19 780
19 47 272
47 19 272
19 25 640
25 19 640
19 49 75
49 19 75
19 26 904
26 19 904
19 37 50
37 19 50
19 42 985
42 19 985
20 34 365
34 20 365
20 37 381
37 20 381
20 37 13
37 20 13
20 27 868
27 20 868
21 45 50
45 21 50
21 46 338
46 21 338
21 40 927
40 21 927
21 30 902
30 21 902
22 43 47
43 22 47
22 30 89
30 22 89
22 34 604
34 22 604
22 28 583
28 22 583
23 39 926
39 23 926
23 47 884
47 23 884
23 44 334
44 23 334
24 26 924
26 24 924
24 30 59
30 24 59
24 36 943
36 24 943
25 29 835
29 25 835
25 27 515
27 25 515
25 49 697
49 25 697
25 40 950
40 25 950
25 46 924
46 25 924
25 35 173
35 25 173
25 44 33
44 25 33
25 41 275
41 25 275
26 46 114
46 26 114
26 28 71
28 26 71
26 47 179
47 26 179
26 28 391
28 26 391
26 38 875
38 26 875
27 29 66
29 27 66
27 30 793
30 27 793
27 34 974
34 27 974
27 34 480
34 27 480
27 35 437
35 27 437
28 36 347
36 28 347
28 41 715
41 28 715
28 39 675
39 28 675
28 29 265
29 28 265
28 47 542
47 28 542
29 35 413
35 29 413
29 45 341
45 29 341
29 34 169
34 29 169
29 39 401
39 29 401
29 40 691
40 29 691
29 49 487
49 29 487
29 35 897
35 29 897
30 32 681
32 30 681
30 48 470
48 30 470
30 36 216
36 30 216
31 39 817
39 31 817
32 39 483
39 32 483
32 48 286
48 32 286
33 38 960
38 33 960
33 43 869
43 33 869
33 36 787
36 33 787
33 49 961
49 33 961
33 39 986
39 33 986
33 35 447
35 33 447
34 36 337
36 34 337
34 49 147
49 34 147
35 37 335
37 35 335
35 48 645
48 35 645
35 47 96
47 35 96
35 48 503
48 35 503
36 39 504
39 36 504
36 37 333
37 36 333
38 47 511
47 38 511
39 49 611
49 39 611
40 43 172
43 40 172
41 46 585
46 41 585
41 45 251
45 41 251
43 46 544
46 43 544
43 44 151
44 43 151
43 49 334
49 43 334
45 48 157
48 45 157
46 47 536
47 46 536
47 49 891
49 47 891
48 49 325
49 48 325
