55

0 1 840
1 0 840
0 6 944
6 0 944
0 19 960
19 0 960
0 35 175
35 0 175
0 52 997
52 0 997
0 13 551
13 0 551
0 46 152
46 0 152
1 2 59
2 1 59
1 7 294
7 1 294
1 10 199
10 1 199
1 7 132
7 1 132
1 20 800
20 1 800
1 38 362
38 1 362
1 49 568
49 1 568
1 17 621
17 1 621
1 5 66
5 1 66
1 6 681
6 1 681
2 3 986
3 2 986
2 5 223
5 2 223
2 8 786
8 2 786
2 27 665
27 2 665
2 46 16
46 2 16
2 43 571
43 2 571
2 40 133
40 2 133
2 23 229
23 2 229
2 48 588
48 2 588
2 49 317
49 2 317
2 8 720
8 2 720
3 4 761
4 3 761
3 13 888
13 3 888
3 24 909
24 3 909
3 7 881
7 3 881
3 43 3
43 3 3
3 43 501
43 3 501
3 30 618
30 3 618
3 52 266
52 3 266
3 14 607
14 3 607
4 36 484
36 4 484
4 50 214
50 4 214
4 50 172
50 4 172
4 16 714
16 4 714
4 43 61
43 4 61
4 37 224
37 4 224
4 49 319
49 4 319
5 11 442
11 5 442
5 49 545
49 5 545
5 16 574
16 5 574
5 23 609
23 5 609
5 54 405
54 5 405
5 38 421
38 5 421
5 54 485
54 5 485
5 31 361
31 5 361
5 33 491
33 5 491
5 38 223
38 5 223
5 9 116
9 5 116
6 36 497
36 6 497
6 30 940
30 6 940
6 35 664
35 6 664
6 48 938
48 6 938
7 40 411
40 7 411
7 39 777
39 7 777
7 30 968
30 7 968
7 12 678
12 7 678
7 8 934
8 7 934
7 18 642
18 7 642
7 52 882
52 7 882
8 9 838
9 8 838
8 51 983
51 8 983
8 13 970
13 8 970
8 12 433
12 8 433
8 44 883
44 8 883
8 17 10
17 8 10
9 12 238
12 9 238
9 37 706
37 9 706
9 16 721
16 9 721
9 54 485
54 9 485
10 14 84
14 10 84
10 15 858
15 10 858
10 17 987
17 10 987
10 49 481
49 10 481
10 18 443
18 10 443
10 39 313
39 10 313
10 12 511
12 10 511
11 27 489
27 11 489
11 26 309
26 11 309
11 11 833
11 11 833
11 50 260
50 11 260
11 21 978
21 11 978
11 31 603
31 11 603
12 18 950
18 12 950
12 25 638
25 12 638
12 32 445
32 12 445
12 40 517
40 12 517
12 35 585
35 12 585
12 16 376
16 12 376
13 16 52
16 13 52
13 21 759
21 13 759
13 43 803
43 13 803
13 42 750
42 13 750
13 40 450
40 13 450
13 33 451
33 13 451
13 46 326
46 13 326
13 46 841
46 13 841
14 23 333
23 14 333
14 28 903
28 14 903
14 30 31
30 14 31
14 32 200
32 14 200
14 49 164
49 14 164
14 19 327
19 14 327
14 15 511
15 14 511
14 34 41
34 14 41
15 49 103
49 15 103
15 50 806
50 15 806
15 42 799
42 15 799
15 17 965
17 15 965
15 40 412
40 15 412
15 45 760
45 15 760
15 16 137
16 15 137
15 32 165
32 15 165
16 22 35
22 16 35
16 21 119
21 16 119
16 35 515
35 16 515
17 34 46
34 17 46
17 49 101
49 17 101
18 53 335
53 18 335
18 28 631
28 18 631
18 28 564
28 18 564
18 26 953
26 18 953
18 44 455
44 18 455
19 20 765
20 19 765
19 38 520
38 19 520
19 44 620
44 19 620
19 25 237
25 19 237
19 53 812
53 19 812
20 48 686
48 20 686
20 33 102
33 20 102
20 35 963
35 20 963
20 35 676
35 20 676
20 40 687
40 20 687
20 20 586
20 20 586
21 34 585
34 21 585
21 45 200
45 21 200
21 49 245
49 21 245
21 43 764
43 21 764
21 34 672
34 21 672
21 30 630
30 21 630
22 41 147
41 22 147
22 23 315
23 22 315
22 40 784
40 22 784
23 26 740
26 23 740
23 36 913
36 23 913
23 30 723
30 23 723
24 30 75
30 24 75
24 51 965
51 24 965
24 30 779
30 24 779
24 46 667
46 24 667
24 39 313
39 24 313
25 39 806
39 25 806
25 51 238
51 25 238
25 48 863
48 25 863
25 32 615
32 25 615
26 29 807
29 26 807
26 47 66
47 26 66
26 28 942
28 26 942
26 35 848
35 26 848
26 29 931
29 26 931
27 33 386
33 27 386
27 37 50
37 27 50
27 30 858
30 27 858
27 52 747
52 27 747
27 33 616
33 27 616
27 46 465
46 27 465
27 48 250
48 27 250
28 44 31
44 28 31
28 35 674
35 28 674
28 52 189
52 28 189
28 29 510
29 28 510
28 31 995
31 28 995
28 32 762
32 28 762
29 31 662
31 29 662
29 46 882
46 29 882
29 51 254
51 29 254
29 54 892
54 29 892
29 45 682
45 29 682
29 51 162
51 29 162
29 30 386
30 29 386
29 38 630
38 29 630
29 45 263
45 29 263
29 36 519
36 29 519
30 48 991
48 30 991
30 50 42
50 30 42
30 52 789
52 30 789
30 36 64
36 30 64
30 50 827
50 30 827
30 37 445
37 30 445
31 46 603
46 31 603
32 35 567
35 32 567
33 42 496
42 33 496
33 33 74
33 33 74
33 48 463
48 33 463
33 51 470
51 33 470
33 34 508
34 33 508
34 49 351
49 34 351
34 41 353
41 34 353
35 39 448
39 35 448
35 41 459
41 35 459
36 40 948
40 36 948
37 43 591
43 37 591
38 50 881
50 38 881
38 41 52
41 38 52
38 38 76
38 38 76
39 47 839
47 39 839
39 40 88
40 39 88
39 48 712
48 39 712
39 41 9
41 39 9
40 44 873
44 40 873
40 46 964
46 40 964
41 43 776
43 41 776
42 49 126
49 42 126
42 42 422
42 42 422
46 53 421
53 46 421
52 53 468
53 52 468
