84

0 1 858
1 0 858
0 27 602
27 0 602
0 34 995
34 0 995
0 26 916
26 0 916
0 68 952
68 0 952
0 21 241
21 0 241
0 76 598
76 0 598
0 58 685
58 0 685
0 79 808
79 0 808
0 66 832
66 0 832
0 72 372
72 0 372
0 67 631
67 0 631
0 61 599
61 0 599
0 5 641
5 0 641
0 3 27
3 0 27
0 28 244
28 0 244
0 49 128
49 0 128
0 18 584
18 0 584
0 5 307
5 0 307
1 2 937
2 1 937
1 13 206
13 1 206
1 65 244
65 1 244
1 28 221
28 1 221
1 55 419
55 1 419
1 76 930
76 1 930
1 20 520
20 1 520
1 7 541
7 1 541
1 13 319
13 1 319
1 58 37
58 1 37
1 74 466
74 1 466
1 9 251
9 1 251
1 64 209
64 1 209
2 3 482
3 2 482
2 5 453
5 2 453
2 7 906
7 2 906
2 16 663
16 2 663
2 17 948
17 2 948
2 22 421
22 2 421
2 26 431
26 2 431
2 37 193
37 2 193
2 80 192
80 2 192
2 64 965
64 2 965
2 10 47
10 2 47
2 43 543
43 2 543
2 47 520
47 2 520
2 73 545
73 2 545
2 53 101
53 2 101
2 58 452
58 2 452
2 54 32
54 2 32
3 4 70
4 3 70
3 10 468
10 3 468
3 5 835
5 3 835
3 24 939
24 3 939
3 16 58
16 3 58
3 3 20
3 3 20
3 42 13
42 3 13
3 16 586
16 3 586
3 80 233
80 3 233
3 47 827
47 3 827
3 72 252
72 3 252
3 33 688
33 3 688
3 30 563
30 3 563
3 14 211
14 3 211
3 56 581
56 3 581
3 47 780
47 3 780
4 49 445
49 4 445
4 76 207
76 4 207
4 74 83
74 4 83
4 34 592
34 4 592
4 38 573
38 4 573
4 76 437
76 4 437
4 69 764
69 4 764
4 78 699
78 4 699
4 61 471
61 4 471
4 31 428
31 4 428
4 26 248
26 4 248
4 37 598
37 4 598
4 10 569
10 4 569
4 30 332
30 4 332
4 34 420
34 4 420
4 29 451
29 4 451
4 63 697
63 4 697
4 25 179
25 4 179
4 47 517
47 4 517
5 6 241
6 5 241
5 9 578
9 5 578
5 11 557
11 5 557
5 21 611
21 5 611
5 39 629
39 5 629
5 66 645
66 5 645
5 72 619
72 5 619
5 69 455
69 5 455
5 41 571
41 5 571
5 13 527
13 5 527
5 78 745
78 5 745
5 53 297
53 5 297
5 17 728
17 5 728
5 32 101
32 5 101
5 80 207
80 5 207
6 8 385
8 6 385
6 18 764
18 6 764
6 65 237
65 6 237
6 64 594
64 6 594
6 47 737
47 6 737
6 17 483
17 6 483
6 53 543
53 6 543
6 12 559
12 6 559
6 31 935
31 6 935
6 39 458
39 6 458
6 70 678
70 6 678
6 14 534
14 6 534
6 51 352
51 6 352
6 36 244
36 6 244
6 56 873
56 6 873
6 40 795
40 6 795
7 20 997
20 7 997
7 30 233
30 7 233
7 57 517
57 7 517
7 77 347
77 7 347
7 29 425
29 7 425
7 67 568
67 7 568
7 52 944
52 7 944
7 8 218
8 7 218
7 32 340
32 7 340
7 25 5
25 7 5
7 81 104
81 7 104
7 56 206
56 7 206
7 72 528
72 7 528
7 78 317
78 7 317
8 15 461
15 8 461
8 19 859
19 8 859
8 73 268
73 8 268
8 69 384
69 8 384
8 71 698
71 8 698
8 22 238
22 8 238
8 21 216
21 8 216
8 79 823
79 8 823
8 35 108
35 8 108
8 80 674
80 8 674
8 49 290
49 8 290
9 12 823
12 9 823
9 38 232
38 9 232
9 40 30
40 9 30
9 29 280
29 9 280
9 18 559
18 9 559
9 55 184
55 9 184
9 15 421
15 9 421
9 18 224
18 9 224
9 49 707
49 9 707
9 28 605
28 9 605
9 67 442
67 9 442
9 29 323
29 9 323
9 81 585
81 9 585
9 51 18
51 9 18
9 28 760
28 9 760
10 48 383
48 10 383
10 72 338
72 10 338
10 29 155
29 10 155
10 17 342
17 10 342
10 72 963
72 10 963
10 42 350
42 10 350
10 65 577
65 10 577
10 26 330
26 10 330
10 75 698
75 10 698
10 27 776
27 10 776
10 16 368
16 10 368
10 38 864
38 10 864
10 44 774
44 10 774
10 58 202
58 10 202
10 54 152
54 10 152
10 41 129
41 10 129
10 83 915
83 10 915
10 50 568
50 10 568
11 60 719
60 11 719
11 40 280
40 11 280
11 46 230
46 11 230
11 57 801
57 11 801
11 21 532
21 11 532
11 36 200
36 11 200
11 70 265
70 11 265
11 39 823
39 11 823
11 53 535
53 11 535
11 69 383
69 11 383
11 61 244
61 11 244
11 14 598
14 11 598
11 59 509
59 11 509
12 66 344
66 12 344
12 81 309
81 12 309
12 61 405
61 12 405
12 49 108
49 12 108
12 62 932
62 12 932
12 65 5
65 12 5
12 60 267
60 12 267
12 24 436
24 12 436
12 24 177
24 12 177
12 49 674
49 12 674
13 14 608
14 13 608
13 25 672
25 13 672
13 36 2
36 13 2
13 53 283
53 13 283
13 75 266
75 13 266
13 20 316
20 13 316
13 16 571
16 13 571
13 50 382
50 13 382
13 57 649
57 13 649
13 61 260
61 13 260
13 43 539
43 13 539
13 78 914
78 13 914
13 14 938
14 13 938
13 15 528
15 13 528
13 60 654
60 13 654
13 59 525
59 13 525
13 13 941
13 13 941
14 24 102
24 14 102
14 56 899
56 14 899
14 60 227
60 14 227
14 36 788
36 14 788
14 47 498
47 14 498
14 61 106
61 14 106
14 78 110
78 14 110
14 16 783
16 14 783
14 81 195
81 14 195
14 64 806
64 14 806
14 44 308
44 14 308
14 36 294
36 14 294
14 31 297
31 14 297
14 15 819
15 14 819
14 52 179
52 14 179
14 40 662
40 14 662
15 31 329
31 15 329
15 43 758
43 15 758
15 46 821
46 15 821
15 47 941
47 15 941
15 34 573
34 15 573
15 36 198
36 15 198
15 50 715
50 15 715
15 64 64
64 15 64
15 38 1000
38 15 1000
15 27 489
27 15 489
15 15 133
15 15 133
15 75 574
75 15 574
15 60 217
60 15 217
16 41 633
41 16 633
16 79 808
79 16 808
16 26 133
26 16 133
16 56 656
56 16 656
16 53 942
53 16 942
16 67 756
67 16 756
16 75 657
75 16 657
16 21 464
21 16 464
16 28 623
28 16 623
16 69 77
69 16 77
16 52 679
52 16 679
16 51 734
51 16 734
16 55 415
55 16 415
16 43 679
43 16 679
16 76 844
76 16 844
16 36 585
36 16 585
16 49 994
49 16 994
16 58 575
58 16 575
16 29 818
29 16 818
16 72 180
72 16 180
17 45 845
45 17 845
17 27 208
27 17 208
17 20 71
20 17 71
17 53 576
53 17 576
17 19 805
19 17 805
17 30 755
30 17 755
17 21 749
21 17 749
17 28 632
28 17 632
18 33 712
33 18 712
18 63 234
63 18 234
18 79 930
79 18 930
18 65 981
65 18 981
18 36 408
36 18 408
18 36 433
36 18 433
18 34 585
34 18 585
18 43 929
43 18 929
18 47 54
47 18 54
18 83 791
83 18 791
18 35 959
35 18 959
18 38 322
38 18 322
18 57 567
57 18 567
18 83 424
83 18 424
19 23 420
23 19 420
19 32 262
32 19 262
19 52 443
52 19 443
19 61 418
61 19 418
19 48 286
48 19 286
19 76 274
76 19 274
19 70 459
70 19 459
19 59 482
59 19 482
19 30 649
30 19 649
19 74 780
74 19 780
19 50 870
50 19 870
19 23 73
23 19 73
20 45 854
45 20 854
20 47 774
47 20 774
20 73 971
73 20 971
20 49 432
49 20 432
20 34 340
34 20 340
20 74 318
74 20 318
20 56 150
56 20 150
20 55 884
55 20 884
20 30 713
30 20 713
20 42 117
42 20 117
20 52 24
52 20 24
20 37 997
37 20 997
20 43 893
43 20 893
20 55 279
55 20 279
21 38 128
38 21 128
21 51 586
51 21 586
21 69 260
69 21 260
21 52 992
52 21 992
21 80 734
80 21 734
21 29 353
29 21 353
21 47 275
47 21 275
21 31 462
31 21 462
22 22 806
22 22 806
22 39 915
39 22 915
22 54 474
54 22 474
22 69 643
69 22 643
22 82 406
82 22 406
22 51 236
51 22 236
22 22 416
22 22 416
22 38 659
38 22 659
22 42 159
42 22 159
22 28 474
28 22 474
22 58 372
58 22 372
22 82 393
82 22 393
22 38 589
38 22 589
22 34 937
34 22 937
22 44 256
44 22 256
22 66 241
66 22 241
22 39 984
39 22 984
23 58 163
58 23 163
23 56 731
56 23 731
23 24 994
24 23 994
23 71 80
71 23 80
23 41 699
41 23 699
23 79 65
79 23 65
23 44 646
44 23 646
23 77 827
77 23 827
23 24 374
24 23 374
23 80 909
80 23 909
23 44 131
44 23 131
23 71 319
71 23 319
23 43 519
43 23 519
24 28 871
28 24 871
24 43 143
43 24 143
24 35 844
35 24 844
24 35 577
35 24 577
24 67 100
67 24 100
24 72 374
72 24 374
24 42 876
42 24 876
24 66 206
66 24 206
24 36 285
36 24 285
24 82 817
82 24 817
25 55 24
55 25 24
25 62 192
62 25 192
25 82 276
82 25 276
25 47 105
47 25 105
25 53 558
53 25 558
25 65 103
65 25 103
25 34 503
34 25 503
25 41 833
41 25 833
25 61 331
61 25 331
25 47 260
47 25 260
25 44 905
44 25 905
25 77 16
77 25 16
25 46 188
46 25 188
25 35 961
35 25 961
25 37 805
37 25 805
25 68 510
68 25 510
25 50 891
50 25 891
26 59 851
59 26 851
26 67 853
67 26 853
26 78 146
78 26 146
26 36 559
36 26 559
26 82 245
82 26 245
26 74 76
74 26 76
26 37 837
37 26 837
26 36 401
36 26 401
26 55 129
55 26 129
26 52 546
52 26 546
26 26 337
26 26 337
27 52 957
52 27 957
27 81 634
81 27 634
27 29 863
29 27 863
27 70 284
70 27 284
27 42 678
42 27 678
27 40 826
40 27 826
27 57 367
57 27 367
27 59 434
59 27 434
27 68 299
68 27 299
28 29 864
29 28 864
28 42 685
42 28 685
28 39 532
39 28 532
28 82 401
82 28 401
28 54 336
54 28 336
28 30 577
30 28 577
28 80 311
80 28 311
29 70 708
70 29 708
29 74 884
74 29 884
29 58 375
58 29 375
29 71 84
71 29 84
29 33 995
33 29 995
29 29 341
29 29 341
29 33 748
33 29 748
29 53 539
53 29 539
29 44 519
44 29 519
30 46 230
46 30 230
30 77 200
77 30 200
30 54 741
54 30 741
30 42 730
42 30 730
30 70 187
70 30 187
30 60 398
60 30 398
30 53 580
53 30 580
30 69 85
69 30 85
30 31 988
31 30 988
30 36 77
36 30 77
30 48 158
48 30 158
30 66 151
66 30 151
30 32 191
32 30 191
31 35 222
35 31 222
31 68 744
68 31 744
31 76 721
76 31 721
31 32 465
32 31 465
31 57 847
57 31 847
31 73 542
73 31 542
31 71 781
71 31 781
31 36 858
36 31 858
31 54 111
54 31 111
31 60 800
60 31 800
31 39 986
39 31 986
31 43 710
43 31 710
31 56 843
56 31 843
31 44 641
44 31 641
31 40 931
40 31 931
32 43 468
43 32 468
32 33 521
33 32 521
32 70 432
70 32 432
32 51 170
51 32 170
32 43 340
43 32 340
32 47 299
47 32 299
32 42 599
42 32 599
32 55 102
55 32 102
32 77 493
77 32 493
32 47 764
47 32 764
32 64 979
64 32 979
32 57 244
57 32 244
33 39 37
39 33 37
33 66 248
66 33 248
33 43 422
43 33 422
33 69 99
69 33 99
33 35 485
35 33 485
33 80 821
80 33 821
34 44 42
44 34 42
34 50 924
50 34 924
34 79 433
79 34 433
34 42 521
42 34 521
34 51 571
51 34 571
34 71 857
71 34 857
35 57 815
57 35 815
35 46 198
46 35 198
35 78 507
78 35 507
35 70 972
70 35 972
35 56 561
56 35 561
35 37 582
37 35 582
35 39 211
39 35 211
35 64 975
64 35 975
35 80 117
80 35 117
35 64 961
64 35 961
36 56 634
56 36 634
36 51 334
51 36 334
36 50 495
50 36 495
36 55 833
55 36 833
36 69 902
69 36 902
36 38 708
38 36 708
36 40 226
40 36 226
37 45 527
45 37 527
37 73 352
73 37 352
37 48 343
48 37 343
37 61 256
61 37 256
37 75 335
75 37 335
37 56 604
56 37 604
37 39 157
39 37 157
37 42 289
42 37 289
38 83 563
83 38 563
38 45 332
45 38 332
38 58 852
58 38 852
38 45 806
45 38 806
38 71 549
71 38 549
38 80 962
80 38 962
38 44 267
44 38 267
38 65 625
65 38 625
38 80 704
80 38 704
39 69 393
69 39 393
39 72 835
72 39 835
39 41 997
41 39 997
39 41 93
41 39 93
39 71 968
71 39 968
39 52 333
52 39 333
39 82 524
82 39 524
39 70 602
70 39 602
39 44 318
44 39 318
39 67 781
67 39 781
39 72 909
72 39 909
39 79 351
79 39 351
39 78 130
78 39 130
40 71 800
71 40 800
40 83 478
83 40 478
40 54 832
54 40 832
40 68 331
68 40 331
40 62 376
62 40 376
40 57 353
57 40 353
40 54 386
54 40 386
40 55 525
55 40 525
41 44 539
44 41 539
41 56 966
56 41 966
41 67 171
67 41 171
41 54 749
54 41 749
41 49 647
49 41 647
41 45 482
45 41 482
41 51 183
51 41 183
41 68 649
68 41 649
41 77 748
77 41 748
41 68 616
68 41 616
42 54 392
54 42 392
42 61 508
61 42 508
42 71 672
71 42 672
42 47 891
47 42 891
42 42 848
42 42 848
42 80 915
80 42 915
42 76 251
76 42 251
42 46 904
46 42 904
42 69 327
69 42 327
42 49 834
49 42 834
42 79 267
79 42 267
43 56 631
56 43 631
43 48 458
48 43 458
43 64 545
64 43 545
43 52 892
52 43 892
43 78 773
78 43 773
43 81 203
81 43 203
43 78 440
78 43 440
43 55 753
55 43 753
43 69 747
69 43 747
43 45 762
45 43 762
43 73 964
73 43 964
43 47 926
47 43 926
43 83 614
83 43 614
44 51 63
51 44 63
44 60 193
60 44 193
44 78 147
78 44 147
44 52 505
52 44 505
44 54 280
54 44 280
44 74 911
74 44 911
44 73 71
73 44 71
44 60 568
60 44 568
44 70 753
70 44 753
45 58 47
58 45 47
45 47 81
47 45 81
45 58 413
58 45 413
45 67 311
67 45 311
46 50 990
50 46 990
46 47 48
47 46 48
46 82 306
82 46 306
46 59 709
59 46 709
46 65 301
65 46 301
47 49 901
49 47 901
47 77 309
77 47 309
47 83 247
83 47 247
47 60 890
60 47 890
47 59 246
59 47 246
47 80 268
80 47 268
47 59 859
59 47 859
48 49 505
49 48 505
48 67 202
67 48 202
48 75 963
75 48 963
48 52 18
52 48 18
48 63 344
63 48 344
48 58 836
58 48 836
48 70 671
70 48 671
49 63 481
63 49 481
49 62 935
62 49 935
49 50 970
50 49 970
49 68 817
68 49 817
49 82 113
82 49 113
49 82 741
82 49 741
49 53 241
53 49 241
49 68 756
68 49 756
49 55 354
55 49 354
49 66 170
66 49 170
49 51 273
51 49 273
50 76 255
76 50 255
50 76 513
76 50 513
50 78 354
78 50 354
50 69 279
69 50 279
51 55 190
55 51 190
51 76 818
76 51 818
51 62 16
62 51 16
51 77 214
77 51 214
51 59 308
59 51 308
51 61 432
61 51 432
52 72 820
72 52 820
52 54 890
54 52 890
52 60 231
60 52 231
52 53 215
53 52 215
52 67 579
67 52 579
52 60 119
60 52 119
52 73 479
73 52 479
52 67 731
67 52 731
52 82 847
82 52 847
52 52 460
52 52 460
53 60 363
60 53 363
53 70 243
70 53 243
53 70 260
70 53 260
53 81 527
81 53 527
53 64 736
64 53 736
54 74 315
74 54 315
54 76 86
76 54 86
54 56 362
56 54 362
54 66 499
66 54 499
55 77 675
77 55 675
55 77 246
77 55 246
55 69 299
69 55 299
55 76 344
76 55 344
56 77 253
77 56 253
56 58 676
58 56 676
56 61 434
61 56 434
56 60 303
60 56 303
56 62 572
62 56 572
57 73 597
73 57 597
57 63 124
63 57 124
57 81 217
81 57 217
57 63 56
63 57 56
59 79 462
79 59 462
59 81 94
81 59 94
59 73 159
73 59 159
59 83 252
83 59 252
59 63 476
63 59 476
60 82 964
82 60 964
60 74 108
74 60 108
60 81 674
81 60 674
60 79 152
79 60 152
60 77 329
77 60 329
60 63 701
63 60 701
62 64 514
64 62 514
62 81 385
81 62 385
62 80 909
80 62 909
62 65 779
65 62 779
62 73 368
73 62 368
62 73 382
73 62 382
62 65 771
65 62 771
63 81 342
81 63 342
63 74 201
74 63 201
63 79 615
79 63 615
63 68 800
68 63 800
63 76 204
76 63 204
63 79 629
79 63 629
63 78 939
78 63 939
63 77 863
77 63 863
64 79 37
79 64 37
65 67 438
67 65 438
65 71 867
71 65 867
66 68 780
68 66 780
67 83 50
83 67 50
68 75 329
75 68 329
68 81 770
81 68 770
68 80 403
80 68 403
69 73 734
73 69 734
69 80 473
80 69 473
69 79 557
79 69 557
70 77 65
77 70 65
71 80 333
80 71 333
71 79 117
79 71 117
71 73 207
73 71 207
71 80 622
80 71 622
71 83 1000
83 71 1000
71 82 245
82 71 245
72 78 720
78 72 720
73 75 662
75 73 662
74 74 391
74 74 391
74 76 942
76 74 942
76 81 726
81 76 726
76 81 305
81 76 305
76 83 501
83 76 501
78 82 452
82 78 452
78 82 594
82 78 594
79 80 153
80 79 153
80 82 101
82 80 101
80 83 834
83 80 834
81 82 740
82 81 740
81 82 971
82 81 971
82 82 43
82 82 43
83 83 200
83 83 200
