55

0 1 777
1 0 777
0 2 837
2 0 837
0 3 944
3 0 944
0 4 221
4 0 221
0 5 459
5 0 459
0 8 765
8 0 765
0 9 584
9 0 584
0 19 516
19 0 516
0 45 286
45 0 286
0 10 506
10 0 506
0 52 798
52 0 798
0 11 126
11 0 126
0 49 754
49 0 754
0 23 555
23 0 555
1 26 432
26 1 432
1 33 262
33 1 262
1 42 553
42 1 553
1 21 346
21 1 346
1 33 733
33 1 733
1 30 489
30 1 489
2 16 34
16 2 34
2 32 125
32 2 125
2 33 889
33 2 889
2 50 67
50 2 67
2 22 641
22 2 641
2 32 657
32 2 657
2 38 853
38 2 853
2 52 400
52 2 400
3 30 233
30 3 233
3 31 400
31 3 400
3 17 638
17 3 638
3 22 854
22 3 854
3 46 745
46 3 745
3 50 323
50 3 323
4 33 65
33 4 65
4 8 587
8 4 587
4 49 739
49 4 739
4 23 968
23 4 968
4 22 759
22 4 759
4 45 228
45 4 228
4 53 553
53 4 553
4 12 979
12 4 979
5 6 395
6 5 395
5 13 923
13 5 923
5 21 887
21 5 887
5 6 345
6 5 345
5 17 280
17 5 280
5 37 6
37 5 6
6 7 896
7 6 896
6 11 371
11 6 371
6 43 886
43 6 886
6 24 75
24 6 75
6 36 997
36 6 997
6 21 213
21 6 213
6 7 197
7 6 197
6 27 49
27 6 49
7 10 498
10 7 498
7 52 779
52 7 779
7 39 910
39 7 910
7 33 79
33 7 79
7 42 829
42 7 829
8 22 294
22 8 294
8 10 214
10 8 214
8 33 145
33 8 145
9 17 951
17 9 951
9 20 661
20 9 661
9 44 317
44 9 317
10 12 989
12 10 989
10 24 238
24 10 238
10 31 220
31 10 220
10 22 670
22 10 670
10 33 268
33 10 268
11 21 78
21 11 78
11 23 293
23 11 293
11 36 318
36 11 318
12 27 79
27 12 79
12 52 450
52 12 450
12 13 983
13 12 983
12 45 399
45 12 399
12 43 761
43 12 761
12 53 395
53 12 395
12 42 31
42 12 31
13 14 788
14 13 788
13 28 808
28 13 808
13 36 222
36 13 222
13 38 413
38 13 413
13 53 277
53 13 277
13 30 783
30 13 783
13 28 157
28 13 157
13 38 605
38 13 605
14 15 657
15 14 657
14 18 358
18 14 358
14 24 527
24 14 527
14 41 78
41 14 78
14 18 994
18 14 994
14 21 674
21 14 674
14 45 601
45 14 601
14 33 216
33 14 216
14 20 698
20 14 698
14 36 20
36 14 20
14 38 280
38 14 280
15 25 393
25 15 393
15 52 336
52 15 336
15 42 569
42 15 569
15 42 117
42 15 117
15 54 378
54 15 378
15 22 558
22 15 558
16 35 760
35 16 760
16 38 679
38 16 679
16 52 209
52 16 209
17 25 478
25 17 478
17 27 741
27 17 741
17 34 732
34 17 732
18 36 601
36 18 601
18 41 778
41 18 778
18 51 44
51 18 44
19 35 784
35 19 784
19 51 333
51 19 333
19 26 288
26 19 288
19 54 568
54 19 568
19 33 764
33 19 764
20 48 996
48 20 996
20 33 455
33 20 455
20 31 507
31 20 507
21 43 750
43 21 750
21 34 923
34 21 923
22 49 314
49 22 314
22 43 710
43 22 710
22 50 724
50 22 724
22 44 484
44 22 484
22 51 749
51 22 749
23 52 504
52 23 504
23 54 95
54 23 95
24 46 499
46 24 499
24 54 954
54 24 954
24 29 776
29 24 776
24 29 576
29 24 576
25 29 591
29 25 591
25 45 17
45 25 17
25 52 892
52 25 892
25 51 321
51 25 321
26 40 72
40 26 72
26 40 755
40 26 755
26 52 552
52 26 552
26 46 838
46 26 838
26 47 792
47 26 792
27 36 509
36 27 509
27 35 42
35 27 42
28 48 598
48 28 598
28 36 577
36 28 577
28 54 726
54 28 726
28 33 782
33 28 782
29 54 915
54 29 915
29 32 324
32 29 324
29 36 775
36 29 775
29 31 74
31 29 74
30 49 396
49 30 396
31 34 88
34 31 88
31 37 613
37 31 613
31 53 693
53 31 693
31 46 280
46 31 280
31 38 838
38 31 838
31 54 744
54 31 744
31 34 639
34 31 639
31 42 722
42 31 722
32 39 497
39 32 497
32 38 406
38 32 406
34 44 826
44 34 826
34 41 244
41 34 244
34 36 658
36 34 658
35 53 576
53 35 576
36 42 835
42 36 835
36 48 534
48 36 534
37 44 447
44 37 447
38 54 445
54 38 445
38 51 945
51 38 945
38 38 293
38 38 293
39 44 110
44 39 110
39 53 149
53 39 149
39 51 546
51 39 546
40 44 286
44 40 286
41 45 597
45 41 597
41 47 822
47 41 822
41 41 872
41 41 872
42 47 942
47 42 942
42 44 815
44 42 815
43 50 495
50 43 495
44 47 671
47 44 671
46 50 868
50 46 868
46 49 75
49 46 75
48 53 470
53 48 470
51 53 306
53 51 306
