55

0 1 910
1 0 910
0 2 102
2 0 102
0 3 527
3 0 527
0 5 828
5 0 828
0 7 740
7 0 740
0 9 963
9 0 963
0 15 398
15 0 398
0 20 115
20 0 115
0 51 284
51 0 284
1 8 162
8 1 162
1 16 270
16 1 270
1 9 976
9 1 976
1 5 183
5 1 183
2 19 973
19 2 973
2 30 858
30 2 858
2 30 832
30 2 832
3 4 676
4 3 676
3 12 899
12 3 899
3 25 629
25 3 629
4 6 237
6 4 237
4 11 465
11 4 465
4 43 625
43 4 625
4 22 647
22 4 647
4 8 608
8 4 608
4 43 472
43 4 472
5 39 101
39 5 101
6 13 158
13 6 158
6 41 596
41 6 596
6 46 694
46 6 694
6 16 119
16 6 119
7 17 669
17 7 669
7 27 81
27 7 81
7 17 353
17 7 353
7 33 769
33 7 769
8 10 288
10 8 288
8 40 876
40 8 876
8 23 520
23 8 520
9 16 450
16 9 450
9 39 642
39 9 642
9 50 74
50 9 74
10 14 568
14 10 568
10 54 291
54 10 291
11 24 78
24 11 78
11 25 178
25 11 178
11 32 985
32 11 985
12 18 48
18 12 48
13 16 660
16 13 660
13 25 102
25 13 102
13 26 566
26 13 566
13 13 901
13 13 901
13 20 880
20 13 880
13 17 727
17 13 727
13 18 412
18 13 412
14 29 480
29 14 480
14 25 428
25 14 428
14 52 195
52 14 195
14 47 583
47 14 583
15 23 70
23 15 70
15 52 153
52 15 153
15 27 184
27 15 184
16 48 826
48 16 826
16 22 855
22 16 855
17 21 809
21 17 809
17 48 133
48 17 133
17 37 171
37 17 171
17 47 319
47 17 319
18 18 426
18 18 426
19 28 829
28 19 829
19 33 548
33 19 548
19 36 422
36 19 422
19 44 336
44 19 336
19 50 460
50 19 460
19 48 26
48 19 26
19 40 640
40 19 640
20 47 620
47 20 620
20 24 257
24 20 257
20 34 622
34 20 622
20 47 859
47 20 859
21 22 879
22 21 879
21 25 639
25 21 639
21 25 441
25 21 441
24 26 768
26 24 768
24 51 493
51 24 493
24 32 108
32 24 108
25 35 255
35 25 255
26 43 50
43 26 50
26 34 555
34 26 555
27 50 44
50 27 44
27 54 106
54 27 106
28 34 222
34 28 222
28 41 817
41 28 817
28 33 951
33 28 951
29 31 391
31 29 391
29 37 564
37 29 564
29 48 958
48 29 958
29 50 297
50 29 297
29 50 550
50 29 550
30 40 909
40 30 909
31 40 835
40 31 835
32 35 290
35 32 290
32 45 493
45 32 493
32 53 170
53 32 170
32 36 435
36 32 435
33 46 204
46 33 204
33 35 889
35 33 889
34 49 972
49 34 972
34 46 820
46 34 820
34 47 297
47 34 297
35 38 360
38 35 360
37 48 696
48 37 696
38 42 356
42 38 356
39 52 250
52 39 250
40 48 956
48 40 956
40 49 973
49 40 973
42 45 684
45 42 684
42 52 822
52 42 822
42 51 512
51 42 512
43 47 545
47 43 545
45 51 554
51 45 554
47 50 171
50 47 171
48 52 185
52 48 185
49 51 80
51 49 80
