100

0 1 200
1 0 200
0 3 670
3 0 670
0 5 14
5 0 14
0 7 634
7 0 634
0 8 540
8 0 540
0 29 105
29 0 105
0 6 775
6 0 775
0 77 194
77 0 194
1 2 73
2 1 73
1 4 416
4 1 416
1 44 363
44 1 363
1 78 436
78 1 436
1 63 258
63 1 258
2 6 671
6 2 671
2 39 439
39 2 439
2 60 430
60 2 430
2 48 294
48 2 294
2 57 118
57 2 118
2 73 922
73 2 922
3 18 751
18 3 751
3 26 735
26 3 735
3 61 728
61 3 728
3 81 659
81 3 659
3 96 274
96 3 274
3 63 485
63 3 485
3 43 917
43 3 917
4 25 175
25 4 175
4 28 480
28 4 480
4 34 66
34 4 66
4 70 919
70 4 919
4 11 600
11 4 600
4 94 576
94 4 576
4 34 347
34 4 347
5 9 827
9 5 827
5 98 689
98 5 689
5 33 566
33 5 566
5 95 269
95 5 269
6 10 542
10 6 542
6 11 268
11 6 268
6 87 942
87 6 942
7 31 882
31 7 882
7 58 159
58 7 159
7 73 797
73 7 797
7 40 940
40 7 940
8 12 674
12 8 674
8 14 956
14 8 956
8 15 660
15 8 660
8 30 753
30 8 753
8 36 875
36 8 875
8 37 98
37 8 98
8 43 588
43 8 588
8 65 278
65 8 278
8 77 473
77 8 473
8 51 189
51 8 189
9 38 633
38 9 633
9 34 49
34 9 49
9 34 423
34 9 423
9 47 995
47 9 995
9 89 715
89 9 715
9 81 271
81 9 271
9 31 644
31 9 644
10 32 858
32 10 858
10 14 814
14 10 814
10 93 725
93 10 725
10 86 429
86 10 429
10 84 287
84 10 287
10 66 869
66 10 869
10 25 94
25 10 94
10 49 440
49 10 440
10 45 670
45 10 670
11 53 360
53 11 360
11 42 916
42 11 916
12 13 246
13 12 246
12 50 916
50 12 916
12 74 664
74 12 664
13 16 155
16 13 155
13 19 485
19 13 485
13 20 800
20 13 800
13 90 479
90 13 479
13 37 100
37 13 100
14 17 925
17 14 925
14 27 87
27 14 87
14 67 260
67 14 260
15 27 554
27 15 554
15 48 248
48 15 248
16 23 242
23 16 242
16 94 262
94 16 262
16 80 30
80 16 30
16 41 51
41 16 51
17 22 746
22 17 746
17 67 42
67 17 42
17 87 857
87 17 857
17 68 991
68 17 991
17 22 659
22 17 659
18 21 27
21 18 27
18 40 46
40 18 46
18 48 286
48 18 286
18 41 967
41 18 967
18 44 942
44 18 942
18 32 495
32 18 495
19 50 959
50 19 959
19 38 483
38 19 483
20 28 397
28 20 397
20 43 194
43 20 194
20 21 778
21 20 778
21 24 766
24 21 766
21 33 574
33 21 574
21 96 141
96 21 141
21 57 810
57 21 810
21 77 388
77 21 388
22 68 781
68 22 781
22 42 402
42 22 402
22 47 623
47 22 623
22 48 636
48 22 636
23 41 246
41 23 246
23 39 581
39 23 581
24 87 217
87 24 217
24 95 152
95 24 152
25 47 37
47 25 37
25 75 96
75 25 96
25 89 71
89 25 71
26 99 728
99 26 728
26 74 508
74 26 508
26 37 989
37 26 989
26 97 898
97 26 898
27 63 406
63 27 406
27 72 580
72 27 580
27 59 780
59 27 780
27 94 193
94 27 193
28 60 965
60 28 965
29 79 91
79 29 91
30 51 440
51 30 440
30 43 196
43 30 196
30 48 46
48 30 46
30 33 180
33 30 180
30 93 662
93 30 662
31 73 410
73 31 410
32 95 320
95 32 320
32 84 854
84 32 854
32 61 5
61 32 5
33 54 716
54 33 716
33 58 873
58 33 873
33 83 237
83 33 237
33 69 587
69 33 587
34 35 978
35 34 978
34 96 913
96 34 913
34 67 812
67 34 812
35 42 677
42 35 677
35 45 719
45 35 719
35 59 692
59 35 692
35 85 725
85 35 725
35 63 367
63 35 367
35 47 466
47 35 466
35 89 236
89 35 236
36 81 298
81 36 298
37 46 588
46 37 588
37 79 313
79 37 313
38 69 158
69 38 158
38 44 780
44 38 780
38 60 26
60 38 26
39 83 139
83 39 139
39 82 102
82 39 102
39 97 52
97 39 52
40 63 636
63 40 636
40 49 805
49 40 805
40 86 855
86 40 855
41 76 669
76 41 669
41 44 586
44 41 586
41 88 935
88 41 935
41 91 567
91 41 567
41 82 437
82 41 437
42 55 800
55 42 800
42 95 777
95 42 777
43 66 386
66 43 386
43 81 175
81 43 175
43 89 865
89 43 865
44 64 568
64 44 568
44 62 952
62 44 952
45 49 164
49 45 164
45 57 255
57 45 255
45 90 290
90 45 290
45 96 642
96 45 642
46 52 220
52 46 220
46 62 238
62 46 238
46 99 793
99 46 793
47 82 410
82 47 410
47 66 683
66 47 683
48 65 569
65 48 569
48 80 992
80 48 992
50 53 974
53 50 974
50 98 770
98 50 770
50 58 820
58 50 820
52 64 170
64 52 170
52 78 130
78 52 130
52 85 265
85 52 265
53 56 267
56 53 267
54 92 772
92 54 772
54 70 125
70 54 125
55 71 111
71 55 111
55 55 443
55 55 443
55 56 450
56 55 450
55 70 155
70 55 155
56 68 826
68 56 826
56 74 518
74 56 518
57 75 727
75 57 727
57 84 519
84 57 519
57 86 649
86 57 649
57 59 119
59 57 119
58 83 885
83 58 885
59 78 856
78 59 856
60 80 888
80 60 888
60 62 439
62 60 439
62 86 36
86 62 36
62 65 921
65 62 921
63 83 967
83 63 967
65 77 62
77 65 62
65 88 485
88 65 485
65 78 702
78 65 702
67 91 519
91 67 519
68 94 798
94 68 798
70 91 354
91 70 354
71 74 849
74 71 849
71 92 384
92 71 384
71 88 12
88 71 12
71 80 104
80 71 104
71 76 789
76 71 789
72 92 795
92 72 795
75 93 648
93 75 648
76 84 831
84 76 831
76 98 964
98 76 964
79 88 474
88 79 474
81 97 928
97 81 928
82 86 399
86 82 399
82 83 608
83 82 608
83 91 316
91 83 316
87 89 442
89 87 442
88 89 507
89 88 507
90 96 458
96 90 458
