63

0 1 138
1 0 138
0 2 385
2 0 385
0 3 846
3 0 846
0 5 558
5 0 558
0 13 499
13 0 499
0 16 875
16 0 875
0 52 445
52 0 445
0 35 870
35 0 870
1 7 346
7 1 346
1 12 349
12 1 349
1 7 650
7 1 650
1 49 370
49 1 370
1 19 307
19 1 307
1 51 542
51 1 542
1 44 797
44 1 797
2 8 397
8 2 397
2 9 885
9 2 885
2 22 334
22 2 334
2 23 281
23 2 281
2 52 421
52 2 421
2 32 243
32 2 243
2 29 765
29 2 765
2 17 190
17 2 190
2 7 89
7 2 89
2 11 274
11 2 274
2 32 117
32 2 117
2 53 100
53 2 100
3 4 709
4 3 709
3 6 275
6 3 275
3 24 316
24 3 316
3 18 808
18 3 808
3 7 892
7 3 892
3 25 218
25 3 218
3 54 734
54 3 734
3 20 733
20 3 733
4 10 410
10 4 410
4 35 210
35 4 210
4 36 782
36 4 782
4 56 539
56 4 539
4 23 267
23 4 267
4 14 124
14 4 124
5 17 781
17 5 781
5 57 403
57 5 403
5 47 455
47 5 455
5 48 129
48 5 129
5 45 36
45 5 36
6 21 475
21 6 475
6 55 322
55 6 322
6 62 367
62 6 367
6 45 125
45 6 125
6 16 981
16 6 981
6 58 590
58 6 590
6 19 857
19 6 857
6 58 866
58 6 866
6 13 646
13 6 646
7 42 108
42 7 108
7 43 96
43 7 96
7 21 127
21 7 127
7 26 949
26 7 949
7 12 533
12 7 533
8 30 803
30 8 803
8 34 148
34 8 148
8 44 884
44 8 884
8 50 501
50 8 501
8 58 236
58 8 236
8 34 496
34 8 496
8 59 763
59 8 763
8 32 585
32 8 585
8 48 308
48 8 308
9 18 156
18 9 156
9 19 275
19 9 275
9 33 938
33 9 938
9 62 339
62 9 339
9 28 300
28 9 300
9 24 313
24 9 313
9 34 945
34 9 945
9 29 520
29 9 520
9 13 398
13 9 398
10 11 255
11 10 255
10 14 336
14 10 336
10 26 385
26 10 385
10 36 948
36 10 948
10 39 373
39 10 373
10 48 646
48 10 646
11 15 992
15 11 992
11 54 482
54 11 482
11 46 235
46 11 235
11 52 395
52 11 395
11 32 90
32 11 90
11 23 59
23 11 59
11 33 339
33 11 339
12 40 357
40 12 357
12 55 365
55 12 365
12 17 333
17 12 333
12 62 968
62 12 968
13 60 261
60 13 261
13 35 326
35 13 326
13 56 823
56 13 823
13 45 57
45 13 57
13 41 758
41 13 758
13 22 409
22 13 409
13 50 729
50 13 729
13 36 754
36 13 754
13 32 919
32 13 919
14 50 820
50 14 820
14 20 31
20 14 31
14 57 923
57 14 923
14 32 85
32 14 85
14 25 166
25 14 166
14 62 220
62 14 220
15 25 96
25 15 96
15 41 322
41 15 322
15 23 255
23 15 255
15 50 908
50 15 908
15 43 652
43 15 652
15 47 356
47 15 356
15 39 670
39 15 670
15 34 887
34 15 887
15 47 316
47 15 316
15 38 997
38 15 997
15 34 729
34 15 729
16 27 81
27 16 81
16 52 715
52 16 715
16 62 519
62 16 519
16 36 134
36 16 134
16 30 463
30 16 463
17 21 76
21 17 76
17 45 158
45 17 158
18 20 12
20 18 12
18 28 732
28 18 732
18 29 714
29 18 714
18 55 54
55 18 54
18 21 440
21 18 440
18 42 226
42 18 226
19 32 628
32 19 628
19 46 646
46 19 646
19 56 101
56 19 101
19 49 271
49 19 271
19 60 935
60 19 935
19 62 100
62 19 100
20 62 491
62 20 491
20 32 514
32 20 514
20 25 580
25 20 580
20 58 290
58 20 290
21 56 996
56 21 996
21 58 732
58 21 732
21 32 790
32 21 790
21 22 766
22 21 766
21 45 628
45 21 628
21 46 406
46 21 406
21 61 506
61 21 506
22 26 909
26 22 909
22 48 309
48 22 309
22 52 342
52 22 342
22 44 599
44 22 599
22 22 754
22 22 754
22 57 122
57 22 122
22 39 793
39 22 793
23 53 956
53 23 956
23 35 507
35 23 507
23 47 711
47 23 711
23 35 468
35 23 468
23 29 100
29 23 100
23 45 316
45 23 316
23 46 972
46 23 972
23 62 20
62 23 20
23 24 271
24 23 271
24 43 249
43 24 249
25 47 437
47 25 437
25 45 676
45 25 676
25 51 299
51 25 299
25 38 728
38 25 728
25 61 218
61 25 218
25 52 349
52 25 349
26 48 275
48 26 275
26 48 224
48 26 224
27 31 548
31 27 548
27 51 165
51 27 165
27 50 673
50 27 673
27 32 232
32 27 232
27 50 851
50 27 851
27 52 50
52 27 50
27 44 981
44 27 981
28 29 891
29 28 891
28 31 897
31 28 897
28 61 67
61 28 67
28 42 112
42 28 112
28 35 955
35 28 955
28 42 865
42 28 865
28 48 889
48 28 889
29 60 201
60 29 201
29 48 590
48 29 590
29 46 445
46 29 445
29 29 38
29 29 38
29 60 171
60 29 171
30 61 350
61 30 350
30 51 153
51 30 153
30 38 23
38 30 23
31 53 756
53 31 756
31 44 891
44 31 891
31 54 64
54 31 64
31 39 822
39 31 822
32 45 330
45 32 330
32 48 642
48 32 642
32 47 22
47 32 22
32 34 596
34 32 596
33 37 56
37 33 56
33 50 384
50 33 384
33 59 360
59 33 360
33 50 768
50 33 768
34 38 80
38 34 80
34 39 364
39 34 364
34 52 438
52 34 438
34 41 503
41 34 503
34 50 633
50 34 633
34 59 36
59 34 36
34 55 937
55 34 937
36 47 161
47 36 161
36 50 1
50 36 1
36 41 149
41 36 149
36 40 602
40 36 602
37 62 355
62 37 355
37 40 589
40 37 589
37 43 7
43 37 7
37 46 264
46 37 264
37 52 315
52 37 315
37 45 128
45 37 128
38 43 385
43 38 385
38 47 398
47 38 398
38 40 97
40 38 97
39 41 293
41 39 293
39 54 488
54 39 488
39 45 96
45 39 96
39 43 342
43 39 342
39 40 167
40 39 167
40 46 895
46 40 895
41 46 724
46 41 724
42 58 136
58 42 136
43 57 640
57 43 640
44 59 767
59 44 767
44 48 902
48 44 902
44 55 903
55 44 903
44 49 456
49 44 456
45 49 695
49 45 695
45 53 997
53 45 997
45 52 453
52 45 453
45 53 484
53 45 484
45 57 204
57 45 204
45 57 565
57 45 565
45 61 690
61 45 690
47 47 11
47 47 11
47 61 780
61 47 780
47 58 94
58 47 94
48 52 377
52 48 377
49 61 730
61 49 730
49 53 58
53 49 58
49 52 489
52 49 489
50 54 114
54 50 114
51 52 102
52 51 102
51 58 273
58 51 273
52 62 763
62 52 763
54 60 113
60 54 113
