84

0 1 670
1 0 670
0 2 625
2 0 625
0 6 356
6 0 356
0 8 590
8 0 590
0 11 356
11 0 356
0 12 539
12 0 539
0 18 976
18 0 976
0 82 423
82 0 423
0 68 53
68 0 53
0 18 593
18 0 593
0 43 348
43 0 348
0 70 716
70 0 716
0 66 519
66 0 519
0 29 212
29 0 212
0 33 589
33 0 589
0 4 723
4 0 723
0 59 738
59 0 738
0 22 727
22 0 727
1 3 488
3 1 488
1 4 710
4 1 710
1 5 759
5 1 759
1 72 810
72 1 810
1 11 75
11 1 75
1 79 753
79 1 753
1 54 783
54 1 783
1 29 880
29 1 880
1 24 41
24 1 41
2 3 744
3 2 744
2 80 450
80 2 450
2 7 582
7 2 582
2 13 631
13 2 631
2 29 39
29 2 39
2 77 209
77 2 209
2 23 402
23 2 402
2 11 542
11 2 542
3 23 373
23 3 373
3 83 716
83 3 716
3 39 590
39 3 590
3 47 994
47 3 994
3 59 148
59 3 148
3 42 907
42 3 907
3 25 913
25 3 913
3 13 665
13 3 665
3 49 307
49 3 307
3 8 545
8 3 545
3 47 26
47 3 26
3 7 779
7 3 779
4 31 860
31 4 860
4 12 854
12 4 854
4 71 919
71 4 919
4 23 983
23 4 983
4 58 290
58 4 290
4 79 313
79 4 313
4 20 208
20 4 208
5 7 340
7 5 340
5 14 652
14 5 652
5 80 962
80 5 962
5 19 789
19 5 789
5 68 486
68 5 486
5 68 775
68 5 775
5 48 863
48 5 863
5 60 558
60 5 558
6 9 520
9 6 520
6 15 75
15 6 75
6 71 268
71 6 268
6 11 492
11 6 492
6 11 485
11 6 485
6 54 771
54 6 771
6 20 263
20 6 263
6 31 976
31 6 976
6 49 627
49 6 627
6 46 246
46 6 246
6 55 564
55 6 564
7 10 6
10 7 6
7 22 373
22 7 373
7 40 988
40 7 988
7 48 633
48 7 633
7 66 50
66 7 50
7 82 513
82 7 513
7 20 306
20 7 306
7 82 91
82 7 91
7 58 145
58 7 145
8 17 374
17 8 374
8 47 9
47 8 9
8 80 629
80 8 629
8 74 3
74 8 3
8 73 477
73 8 477
8 37 126
37 8 126
8 21 977
21 8 977
8 28 843
28 8 843
9 13 136
13 9 136
9 19 739
19 9 739
9 36 309
36 9 309
9 28 87
28 9 87
9 25 564
25 9 564
9 17 300
17 9 300
9 58 769
58 9 769
9 58 695
58 9 695
9 26 862
26 9 862
9 27 894
27 9 894
9 73 826
73 9 826
9 20 963
20 9 963
9 17 421
17 9 421
9 30 848
30 9 848
10 47 752
47 10 752
10 34 384
34 10 384
10 15 740
15 10 740
10 31 197
31 10 197
10 61 565
61 10 565
10 62 814
62 10 814
10 37 679
37 10 679
11 16 157
16 11 157
11 29 614
29 11 614
11 79 447
79 11 447
11 44 136
44 11 136
11 58 898
58 11 898
11 32 937
32 11 937
11 79 803
79 11 803
11 40 175
40 11 175
11 36 848
36 11 848
11 40 992
40 11 992
11 55 534
55 11 534
12 28 93
28 12 93
12 39 769
39 12 769
12 31 521
31 12 521
12 64 58
64 12 58
12 25 813
25 12 813
12 22 493
22 12 493
12 21 1000
21 12 1000
12 23 985
23 12 985
13 20 27
20 13 27
13 27 776
27 13 776
13 35 108
35 13 108
13 80 421
80 13 421
13 48 203
48 13 203
13 15 858
15 13 858
13 31 7
31 13 7
14 25 145
25 14 145
14 30 355
30 14 355
14 32 939
32 14 939
14 72 918
72 14 918
14 70 610
70 14 610
14 43 624
43 14 624
14 27 253
27 14 253
14 20 338
20 14 338
14 62 798
62 14 798
15 26 416
26 15 416
15 76 916
76 15 916
15 57 995
57 15 995
15 63 680
63 15 680
15 59 924
59 15 924
15 19 820
19 15 820
15 68 212
68 15 212
15 45 869
45 15 869
16 63 60
63 16 60
16 75 930
75 16 930
16 42 466
42 16 466
16 81 604
81 16 604
16 72 863
72 16 863
16 68 765
68 16 765
16 57 77
57 16 77
16 76 182
76 16 182
17 33 368
33 17 368
17 60 37
60 17 37
17 69 193
69 17 193
17 41 48
41 17 48
17 23 825
23 17 825
17 34 72
34 17 72
17 29 858
29 17 858
17 32 978
32 17 978
17 45 556
45 17 556
17 47 815
47 17 815
17 69 105
69 17 105
18 35 57
35 18 57
18 47 22
47 18 22
18 21 619
21 18 619
18 19 222
19 18 222
18 67 952
67 18 952
18 64 802
64 18 802
19 21 405
21 19 405
19 44 474
44 19 474
19 49 235
49 19 235
19 83 131
83 19 131
19 53 607
53 19 607
19 48 698
48 19 698
19 72 439
72 19 439
19 75 850
75 19 850
19 67 350
67 19 350
19 56 605
56 19 605
19 20 136
20 19 136
19 78 839
78 19 839
19 46 161
46 19 161
19 19 873
19 19 873
20 39 770
39 20 770
20 42 909
42 20 909
20 51 568
51 20 568
20 77 515
77 20 515
20 79 613
79 20 613
20 20 378
20 20 378
20 74 63
74 20 63
21 34 425
34 21 425
21 45 548
45 21 548
21 43 198
43 21 198
21 33 373
33 21 373
21 49 943
49 21 943
21 75 468
75 21 468
22 28 58
28 22 58
22 68 62
68 22 62
22 24 999
24 22 999
22 59 719
59 22 719
22 35 26
35 22 26
23 24 878
24 23 878
23 77 22
77 23 22
23 43 732
43 23 732
23 70 512
70 23 512
23 41 615
41 23 615
23 74 254
74 23 254
23 72 352
72 23 352
23 65 80
65 23 80
24 81 99
81 24 99
24 38 572
38 24 572
24 77 451
77 24 451
24 81 955
81 24 955
24 25 870
25 24 870
24 82 102
82 24 102
24 46 373
46 24 373
25 43 850
43 25 850
25 58 138
58 25 138
25 73 174
73 25 174
25 62 365
62 25 365
25 72 807
72 25 807
25 35 152
35 25 152
25 36 318
36 25 318
25 26 113
26 25 113
25 31 250
31 25 250
25 75 488
75 25 488
25 33 499
33 25 499
26 52 846
52 26 846
26 70 586
70 26 586
26 58 853
58 26 853
26 45 539
45 26 539
26 27 512
27 26 512
26 53 973
53 26 973
26 51 772
51 26 772
26 42 930
42 26 930
26 51 387
51 26 387
27 31 500
31 27 500
27 46 285
46 27 285
27 62 915
62 27 915
27 66 262
66 27 262
27 61 676
61 27 676
27 56 797
56 27 797
27 68 632
68 27 632
28 41 977
41 28 977
28 67 162
67 28 162
28 66 708
66 28 708
28 64 664
64 28 664
28 83 562
83 28 562
28 52 867
52 28 867
28 42 935
42 28 935
28 68 584
68 28 584
28 57 660
57 28 660
28 48 605
48 28 605
29 31 29
31 29 29
29 35 329
35 29 329
29 48 662
48 29 662
29 62 437
62 29 437
29 71 823
71 29 823
29 71 771
71 29 771
30 37 649
37 30 649
30 38 64
38 30 64
30 45 247
45 30 247
30 32 521
32 30 521
30 46 971
46 30 971
30 55 726
55 30 726
30 77 746
77 30 746
31 62 653
62 31 653
31 44 514
44 31 514
31 46 984
46 31 984
32 34 3
34 32 3
32 71 225
71 32 225
32 42 387
42 32 387
32 56 498
56 32 498
32 34 963
34 32 963
32 42 744
42 32 744
32 33 559
33 32 559
32 65 12
65 32 12
33 45 507
45 33 507
33 83 46
83 33 46
33 36 760
36 33 760
33 63 684
63 33 684
33 82 760
82 33 760
33 49 878
49 33 878
34 49 384
49 34 384
34 39 624
39 34 624
34 65 327
65 34 327
34 56 204
56 34 204
34 66 919
66 34 919
34 73 49
73 34 49
34 81 583
81 34 583
34 35 317
35 34 317
35 53 418
53 35 418
35 64 61
64 35 61
36 43 487
43 36 487
36 45 954
45 36 954
36 51 131
51 36 131
36 47 442
47 36 442
37 71 590
71 37 590
37 71 129
71 37 129
37 41 337
41 37 337
37 41 158
41 37 158
38 56 659
56 38 659
38 61 137
61 38 137
38 44 15
44 38 15
38 43 566
43 38 566
38 44 118
44 38 118
39 49 710
49 39 710
39 64 892
64 39 892
39 46 654
46 39 654
39 60 4
60 39 4
39 83 490
83 39 490
39 62 854
62 39 854
40 40 349
40 40 349
40 57 660
57 40 660
40 77 557
77 40 557
40 58 661
58 40 661
40 73 737
73 40 737
41 50 624
50 41 624
41 61 143
61 41 143
41 65 226
65 41 226
41 69 327
69 41 327
41 74 375
74 41 375
41 48 784
48 41 784
42 60 989
60 42 989
42 51 185
51 42 185
42 74 641
74 42 641
42 49 907
49 42 907
42 60 322
60 42 322
43 63 209
63 43 209
43 61 93
61 43 93
43 50 554
50 43 554
44 55 171
55 44 171
44 45 731
45 44 731
44 81 33
81 44 33
45 59 94
59 45 94
45 57 921
57 45 921
45 68 348
68 45 348
46 54 533
54 46 533
46 51 391
51 46 391
46 67 121
67 46 121
47 51 605
51 47 605
47 78 155
78 47 155
47 76 962
76 47 962
48 81 547
81 48 547
48 53 539
53 48 539
48 73 721
73 48 721
49 76 372
76 49 372
49 56 531
56 49 531
50 81 29
81 50 29
50 75 598
75 50 598
50 81 437
81 50 437
50 68 221
68 50 221
50 66 259
66 50 259
50 78 706
78 50 706
51 57 460
57 51 460
51 67 842
67 51 842
51 54 424
54 51 424
51 76 603
76 51 603
51 64 968
64 51 968
52 56 292
56 52 292
52 73 302
73 52 302
52 65 831
65 52 831
52 65 996
65 52 996
52 75 699
75 52 699
53 63 114
63 53 114
53 63 684
63 53 684
53 53 666
53 53 666
53 56 536
56 53 536
54 71 950
71 54 950
54 65 670
65 54 670
54 79 60
79 54 60
54 70 545
70 54 545
54 83 154
83 54 154
55 58 277
58 55 277
55 70 846
70 55 846
56 71 456
71 56 456
56 63 504
63 56 504
57 80 18
80 57 18
57 78 357
78 57 357
57 77 863
77 57 863
58 64 462
64 58 462
59 80 385
80 59 385
60 79 222
79 60 222
60 80 819
80 60 819
61 71 715
71 61 715
62 66 575
66 62 575
62 70 42
70 62 42
62 68 756
68 62 756
63 67 256
67 63 256
65 70 143
70 65 143
65 74 776
74 65 776
65 66 589
66 65 589
65 78 575
78 65 575
66 69 923
69 66 923
66 73 709
73 66 709
67 79 409
79 67 409
69 71 97
71 69 97
69 81 350
81 69 350
74 75 115
75 74 115
74 75 402
75 74 402
75 81 558
81 75 558
77 78 266
78 77 266
79 80 417
80 79 417
