58

0 1 770
1 0 770
0 2 521
2 0 521
0 3 641
3 0 641
0 5 460
5 0 460
0 7 165
7 0 165
0 11 478
11 0 478
0 26 140
26 0 140
0 38 875
38 0 875
0 40 2
40 0 2
0 42 63
42 0 63
0 44 199
44 0 199
0 28 634
28 0 634
0 6 653
6 0 653
0 52 194
52 0 194
1 9 322
9 1 322
1 5 998
5 1 998
2 4 280
4 2 280
2 10 555
10 2 555
2 28 264
28 2 264
2 46 619
46 2 619
2 37 317
37 2 317
2 43 509
43 2 509
2 45 553
45 2 553
3 27 14
27 3 14
3 17 473
17 3 473
3 16 74
16 3 74
3 36 567
36 3 567
3 43 931
43 3 931
3 22 77
22 3 77
3 40 524
40 3 524
4 14 460
14 4 460
4 15 434
15 4 434
4 16 464
16 4 464
4 32 563
32 4 563
4 51 616
51 4 616
4 41 66
41 4 66
4 12 613
12 4 613
4 32 97
32 4 97
5 6 817
6 5 817
5 42 609
42 5 609
5 51 539
51 5 539
5 15 894
15 5 894
5 27 352
27 5 352
5 18 217
18 5 217
6 13 334
13 6 334
6 31 273
31 6 273
6 52 23
52 6 23
6 33 163
33 6 163
6 53 233
53 6 233
7 8 822
8 7 822
7 12 613
12 7 613
7 19 489
19 7 489
7 24 563
24 7 563
7 37 300
37 7 300
7 43 434
43 7 434
7 8 871
8 7 871
7 40 584
40 7 584
8 9 59
9 8 59
8 47 500
47 8 500
8 32 194
32 8 194
8 23 639
23 8 639
9 17 889
17 9 889
9 54 40
54 9 40
9 24 904
24 9 904
9 54 115
54 9 115
9 9 404
9 9 404
10 20 420
20 10 420
10 28 757
28 10 757
10 25 724
25 10 724
10 41 461
41 10 461
10 44 115
44 10 115
10 51 37
51 10 37
11 39 520
39 11 520
11 34 910
34 11 910
13 18 490
18 13 490
13 55 751
55 13 751
13 21 201
21 13 201
13 54 937
54 13 937
13 35 426
35 13 426
13 22 214
22 13 214
13 27 140
27 13 140
14 22 305
22 14 305
14 51 782
51 14 782
14 51 764
51 14 764
14 55 530
55 14 530
14 47 195
47 14 195
14 55 917
55 14 917
15 29 569
29 15 569
15 49 188
49 15 188
15 37 452
37 15 452
15 25 449
25 15 449
16 21 79
21 16 79
16 48 277
48 16 277
16 28 748
28 16 748
16 38 2
38 16 2
16 48 809
48 16 809
17 23 304
23 17 304
17 57 339
57 17 339
17 36 497
36 17 497
17 57 580
57 17 580
17 51 176
51 17 176
17 27 884
27 17 884
18 26 325
26 18 325
18 32 517
32 18 517
18 25 121
25 18 121
18 20 618
20 18 618
18 52 325
52 18 325
19 25 112
25 19 112
19 53 904
53 19 904
19 31 599
31 19 599
20 30 68
30 20 68
21 31 352
31 21 352
22 35 310
35 22 310
22 39 599
39 22 599
22 56 961
56 22 961
22 22 642
22 22 642
23 41 817
41 23 817
23 40 787
40 23 787
23 33 565
33 23 565
24 51 659
51 24 659
25 25 742
25 25 742
25 53 670
53 25 670
25 55 38
55 25 38
25 51 182
51 25 182
25 46 829
46 25 829
25 42 76
42 25 76
25 34 700
34 25 700
26 49 171
49 26 171
26 30 861
30 26 861
26 52 244
52 26 244
26 40 230
40 26 230
27 53 611
53 27 611
27 40 15
40 27 15
27 39 474
39 27 474
28 36 269
36 28 269
29 33 904
33 29 904
30 37 654
37 30 654
31 33 73
33 31 73
31 52 825
52 31 825
31 50 711
50 31 711
31 52 386
52 31 386
32 34 58
34 32 58
33 35 107
35 33 107
34 49 446
49 34 446
34 51 56
51 34 56
35 56 392
56 35 392
36 38 52
38 36 52
36 53 802
53 36 802
37 56 841
56 37 841
38 49 394
49 38 394
38 54 249
54 38 249
38 39 840
39 38 840
38 55 743
55 38 743
39 45 115
45 39 115
39 53 644
53 39 644
40 41 157
41 40 157
40 52 755
52 40 755
40 50 678
50 40 678
40 57 497
57 40 497
42 43 528
43 42 528
45 45 309
45 45 309
48 52 598
52 48 598
49 50 927
50 49 927
50 50 220
50 50 220
52 57 156
57 52 156
53 56 802
56 53 802
