76

0 1 546
1 0 546
0 6 932
6 0 932
0 26 331
26 0 331
0 19 654
19 0 654
0 6 69
6 0 69
0 33 764
33 0 764
0 8 739
8 0 739
0 49 611
49 0 611
0 64 87
64 0 87
0 13 91
13 0 91
0 53 667
53 0 667
0 42 53
42 0 53
0 62 382
62 0 382
0 10 735
10 0 735
0 60 789
60 0 789
0 27 878
27 0 878
1 2 156
2 1 156
1 4 663
4 1 663
1 8 717
8 1 717
1 36 338
36 1 338
1 39 963
39 1 963
1 26 112
26 1 112
1 4 778
4 1 778
1 4 934
4 1 934
1 17 887
17 1 887
1 13 820
13 1 820
1 60 904
60 1 904
1 11 282
11 1 282
2 3 984
3 2 984
2 5 814
5 2 814
2 11 197
11 2 197
2 28 304
28 2 304
2 43 597
43 2 597
2 4 959
4 2 959
2 45 638
45 2 638
2 59 367
59 2 367
2 73 708
73 2 708
2 37 618
37 2 618
2 12 425
12 2 425
2 22 386
22 2 386
3 14 206
14 3 206
3 15 895
15 3 895
3 69 348
69 3 348
3 30 210
30 3 210
3 30 434
30 3 434
3 44 128
44 3 128
3 24 481
24 3 481
3 68 759
68 3 759
3 47 523
47 3 523
3 22 132
22 3 132
3 13 749
13 3 749
3 27 459
27 3 459
4 9 231
9 4 231
4 43 823
43 4 823
4 55 222
55 4 222
4 22 841
22 4 841
4 12 411
12 4 411
4 67 701
67 4 701
4 50 64
50 4 64
4 13 271
13 4 271
4 19 557
19 4 557
4 72 826
72 4 826
4 7 279
7 4 279
4 33 857
33 4 857
4 55 603
55 4 603
5 7 833
7 5 833
5 10 89
10 5 89
5 12 366
12 5 366
5 35 471
35 5 471
5 24 620
24 5 620
5 29 399
29 5 399
5 18 413
18 5 413
5 53 639
53 5 639
5 40 786
40 5 786
5 63 30
63 5 30
5 16 781
16 5 781
6 22 142
22 6 142
6 12 931
12 6 931
6 27 754
27 6 754
6 64 403
64 6 403
6 62 859
62 6 859
6 22 267
22 6 267
6 17 534
17 6 534
6 20 207
20 6 207
6 29 714
29 6 714
6 67 843
67 6 843
6 42 159
42 6 159
7 19 632
19 7 632
7 65 530
65 7 530
7 34 265
34 7 265
7 31 594
31 7 594
7 17 15
17 7 15
7 46 579
46 7 579
7 51 369
51 7 369
7 9 244
9 7 244
7 33 932
33 7 932
7 70 297
70 7 297
7 20 214
20 7 214
7 9 444
9 7 444
8 75 649
75 8 649
8 21 471
21 8 471
8 38 537
38 8 537
8 58 673
58 8 673
8 22 636
22 8 636
8 38 550
38 8 550
8 26 434
26 8 434
9 20 258
20 9 258
9 34 774
34 9 774
9 39 815
39 9 815
9 68 563
68 9 563
9 35 718
35 9 718
9 17 283
17 9 283
9 50 762
50 9 762
9 13 730
13 9 730
9 65 209
65 9 209
9 67 559
67 9 559
9 51 926
51 9 926
9 37 661
37 9 661
9 70 78
70 9 78
9 34 700
34 9 700
9 40 61
40 9 61
9 14 322
14 9 322
9 36 507
36 9 507
10 39 649
39 10 649
10 41 939
41 10 939
10 60 994
60 10 994
10 16 243
16 10 243
11 16 870
16 11 870
11 46 794
46 11 794
11 23 62
23 11 62
11 73 364
73 11 364
11 35 720
35 11 720
11 31 425
31 11 425
11 25 857
25 11 857
11 33 970
33 11 970
12 13 416
13 12 416
12 22 415
22 12 415
12 54 55
54 12 55
12 56 26
56 12 26
12 30 135
30 12 135
12 29 917
29 12 917
12 24 448
24 12 448
12 28 149
28 12 149
12 46 792
46 12 792
12 46 995
46 12 995
12 16 815
16 12 815
13 21 986
21 13 986
13 21 578
21 13 578
13 23 165
23 13 165
13 30 198
30 13 198
13 74 960
74 13 960
13 38 386
38 13 386
13 70 305
70 13 305
13 71 44
71 13 44
13 59 939
59 13 939
14 17 362
17 14 362
14 44 71
44 14 71
14 58 976
58 14 976
14 39 56
39 14 56
14 29 791
29 14 791
14 64 990
64 14 990
14 52 330
52 14 330
14 61 204
61 14 204
14 60 562
60 14 562
15 18 715
18 15 715
15 43 146
43 15 146
15 51 233
51 15 233
15 25 75
25 15 75
15 47 78
47 15 78
15 66 953
66 15 953
15 42 873
42 15 873
15 66 432
66 15 432
15 41 62
41 15 62
15 75 724
75 15 724
15 50 924
50 15 924
16 23 408
23 16 408
16 30 289
30 16 289
16 40 323
40 16 323
16 48 722
48 16 722
16 60 751
60 16 751
16 29 120
29 16 120
16 47 488
47 16 488
16 64 717
64 16 717
16 73 192
73 16 192
16 33 620
33 16 620
16 28 654
28 16 654
16 72 24
72 16 24
16 24 957
24 16 957
16 36 358
36 16 358
16 61 690
61 16 690
17 27 543
27 17 543
17 36 410
36 17 410
17 47 846
47 17 846
17 61 645
61 17 645
17 22 790
22 17 790
17 58 941
58 17 941
17 53 3
53 17 3
17 43 895
43 17 895
17 19 665
19 17 665
17 73 792
73 17 792
17 59 431
59 17 431
18 33 245
33 18 245
18 51 928
51 18 928
18 62 755
62 18 755
18 37 268
37 18 268
18 37 583
37 18 583
18 32 15
32 18 15
18 39 816
39 18 816
18 21 292
21 18 292
18 32 720
32 18 720
19 35 926
35 19 926
19 41 67
41 19 67
19 64 740
64 19 740
19 42 698
42 19 698
19 43 424
43 19 424
19 44 398
44 19 398
19 35 54
35 19 54
19 56 835
56 19 835
19 44 703
44 19 703
19 72 711
72 19 711
19 27 757
27 19 757
20 25 820
25 20 820
20 40 131
40 20 131
20 48 551
48 20 551
20 56 812
56 20 812
20 46 186
46 20 186
20 54 171
54 20 171
20 55 781
55 20 781
20 40 907
40 20 907
20 27 664
27 20 664
21 35 369
35 21 369
21 29 43
29 21 43
21 69 695
69 21 695
21 60 660
60 21 660
21 52 722
52 21 722
21 66 393
66 21 393
22 63 689
63 22 689
22 44 39
44 22 39
22 70 292
70 22 292
22 28 151
28 22 151
22 30 646
30 22 646
22 72 799
72 22 799
23 24 401
24 23 401
23 42 849
42 23 849
23 36 845
36 23 845
23 71 106
71 23 106
23 31 895
31 23 895
23 26 669
26 23 669
23 64 826
64 23 826
23 73 507
73 23 507
23 61 864
61 23 864
23 65 400
65 23 400
23 47 537
47 23 537
24 30 300
30 24 300
24 38 58
38 24 58
24 69 665
69 24 665
24 54 722
54 24 722
24 42 879
42 24 879
24 32 465
32 24 465
24 39 390
39 24 390
24 54 923
54 24 923
24 57 566
57 24 566
24 63 941
63 24 941
24 64 300
64 24 300
24 50 583
50 24 583
24 64 796
64 24 796
25 67 410
67 25 410
25 59 892
59 25 892
25 67 933
67 25 933
25 31 329
31 25 329
25 74 645
74 25 645
25 31 250
31 25 250
25 45 502
45 25 502
25 68 799
68 25 799
25 35 254
35 25 254
25 33 736
33 25 736
26 75 289
75 26 289
26 64 89
64 26 89
26 48 277
48 26 277
26 33 832
33 26 832
26 68 652
68 26 652
26 38 416
38 26 416
26 62 818
62 26 818
26 42 576
42 26 576
27 29 629
29 27 629
27 52 966
52 27 966
27 36 312
36 27 312
27 32 406
32 27 406
27 63 619
63 27 619
27 44 567
44 27 567
27 50 277
50 27 277
27 68 573
68 27 573
27 35 776
35 27 776
27 61 153
61 27 153
28 34 938
34 28 938
28 51 545
51 28 545
28 34 809
34 28 809
28 33 208
33 28 208
28 31 456
31 28 456
29 31 403
31 29 403
29 60 275
60 29 275
29 71 488
71 29 488
29 43 99
43 29 99
29 31 738
31 29 738
29 75 852
75 29 852
29 44 810
44 29 810
29 62 768
62 29 768
29 53 936
53 29 936
29 30 865
30 29 865
29 39 285
39 29 285
29 35 340
35 29 340
30 32 953
32 30 953
30 45 693
45 30 693
30 31 19
31 30 19
30 52 563
52 30 563
30 66 210
66 30 210
30 30 792
30 30 792
30 39 776
39 30 776
30 38 830
38 30 830
31 69 826
69 31 826
31 65 122
65 31 122
31 39 890
39 31 890
32 69 807
69 32 807
32 44 952
44 32 952
32 47 127
47 32 127
32 39 696
39 32 696
32 62 623
62 32 623
32 58 898
58 32 898
32 54 317
54 32 317
32 65 149
65 32 149
32 73 538
73 32 538
32 57 177
57 32 177
33 61 107
61 33 107
33 50 94
50 33 94
33 35 435
35 33 435
33 63 827
63 33 827
33 54 860
54 33 860
33 51 825
51 33 825
33 72 520
72 33 520
33 57 349
57 33 349
33 73 609
73 33 609
33 72 41
72 33 41
34 72 606
72 34 606
34 74 349
74 34 349
34 67 896
67 34 896
34 47 573
47 34 573
34 40 126
40 34 126
34 35 67
35 34 67
34 73 674
73 34 674
34 42 151
42 34 151
34 67 11
67 34 11
35 49 116
49 35 116
35 54 26
54 35 26
35 53 702
53 35 702
35 74 746
74 35 746
35 74 427
74 35 427
36 37 138
37 36 138
36 74 580
74 36 580
36 66 574
66 36 574
36 66 917
66 36 917
36 61 306
61 36 306
36 67 772
67 36 772
36 69 497
69 36 497
36 43 957
43 36 957
36 56 608
56 36 608
36 57 427
57 36 427
36 54 83
54 36 83
36 45 644
45 36 644
37 71 741
71 37 741
37 67 611
67 37 611
37 39 805
39 37 805
37 72 403
72 37 403
37 47 521
47 37 521
37 43 816
43 37 816
37 65 721
65 37 721
38 64 411
64 38 411
38 63 938
63 38 938
38 43 109
43 38 109
38 59 730
59 38 730
38 69 830
69 38 830
38 74 563
74 38 563
39 62 139
62 39 139
39 73 198
73 39 198
39 44 462
44 39 462
39 43 571
43 39 571
39 70 382
70 39 382
39 43 45
43 39 45
40 47 214
47 40 214
40 62 185
62 40 185
40 51 164
51 40 164
40 64 371
64 40 371
40 67 874
67 40 874
40 48 907
48 40 907
41 53 124
53 41 124
41 59 986
59 41 986
41 68 557
68 41 557
41 58 23
58 41 23
41 46 37
46 41 37
41 70 132
70 41 132
42 50 1
50 42 1
42 57 982
57 42 982
42 58 216
58 42 216
42 48 662
48 42 662
42 47 63
47 42 63
42 66 363
66 42 363
42 58 496
58 42 496
42 48 585
48 42 585
42 73 808
73 42 808
43 48 860
48 43 860
43 47 517
47 43 517
43 51 851
51 43 851
43 46 677
46 43 677
43 57 63
57 43 63
44 71 269
71 44 269
44 72 832
72 44 832
44 74 627
74 44 627
44 56 782
56 44 782
44 73 506
73 44 506
45 73 462
73 45 462
45 71 297
71 45 297
45 55 362
55 45 362
45 48 639
48 45 639
45 72 575
72 45 575
46 64 46
64 46 46
46 71 474
71 46 474
47 49 979
49 47 979
47 59 130
59 47 130
47 61 388
61 47 388
47 54 484
54 47 484
48 67 614
67 48 614
48 55 10
55 48 10
48 59 238
59 48 238
48 55 994
55 48 994
49 56 616
56 49 616
49 57 474
57 49 474
49 51 727
51 49 727
50 55 983
55 50 983
50 63 988
63 50 988
50 55 841
55 50 841
50 58 581
58 50 581
50 66 326
66 50 326
51 59 293
59 51 293
51 71 998
71 51 998
51 55 744
55 51 744
51 71 769
71 51 769
51 63 702
63 51 702
51 73 597
73 51 597
51 55 555
55 51 555
52 70 300
70 52 300
52 70 472
70 52 472
52 63 223
63 52 223
53 67 29
67 53 29
53 70 87
70 53 87
53 71 661
71 53 661
53 67 506
67 53 506
53 67 746
67 53 746
53 69 495
69 53 495
54 72 589
72 54 589
54 66 249
66 54 249
56 64 929
64 56 929
56 71 130
71 56 130
57 67 233
67 57 233
57 73 364
73 57 364
57 57 538
57 57 538
58 75 822
75 58 822
58 74 394
74 58 394
59 66 288
66 59 288
59 74 659
74 59 659
59 69 880
69 59 880
60 62 114
62 60 114
60 63 27
63 60 27
61 70 935
70 61 935
61 68 888
68 61 888
62 73 13
73 62 13
63 75 804
75 63 804
63 73 104
73 63 104
63 72 222
72 63 222
63 64 214
64 63 214
64 64 853
64 64 853
64 71 473
71 64 473
65 75 530
75 65 530
65 70 264
70 65 264
65 69 539
69 65 539
66 70 353
70 66 353
66 70 224
70 66 224
67 75 380
75 67 380
67 69 517
69 67 517
70 71 787
71 70 787
71 72 544
72 71 544
71 72 394
72 71 394
72 74 950
74 72 950
74 75 595
75 74 595
