54

0 1 542
1 0 542
0 3 838
3 0 838
0 4 611
4 0 611
0 6 800
6 0 800
0 9 30
9 0 30
0 10 53
10 0 53
0 12 142
12 0 142
0 50 543
50 0 543
0 48 509
48 0 509
0 46 881
46 0 881
0 36 695
36 0 695
0 13 936
13 0 936
1 2 896
2 1 896
1 19 817
19 1 817
1 22 251
22 1 251
1 53 964
53 1 964
1 10 721
10 1 721
1 21 208
21 1 208
1 26 271
26 1 271
1 51 304
51 1 304
1 15 742
15 1 742
1 8 720
8 1 720
1 17 983
17 1 983
1 51 45
51 1 45
1 49 547
49 1 547
2 5 708
5 2 708
2 7 516
7 2 516
2 28 396
28 2 396
2 29 647
29 2 647
2 49 502
49 2 502
2 53 440
53 2 440
2 48 389
48 2 389
2 26 687
26 2 687
2 46 978
46 2 978
3 17 268
17 3 268
3 49 263
49 3 263
3 40 653
40 3 653
3 17 329
17 3 329
3 14 295
14 3 295
3 44 539
44 3 539
3 31 428
31 3 428
3 41 762
41 3 762
4 36 994
36 4 994
4 10 14
10 4 14
4 31 915
31 4 915
4 42 916
42 4 916
4 42 882
42 4 882
4 42 405
42 4 405
4 7 580
7 4 580
4 10 944
10 4 944
5 14 495
14 5 495
5 21 105
21 5 105
5 43 865
43 5 865
5 22 391
22 5 391
5 40 43
40 5 43
5 8 964
8 5 964
6 11 469
11 6 469
6 21 173
21 6 173
6 39 359
39 6 359
6 49 45
49 6 45
6 11 83
11 6 83
6 13 815
13 6 815
6 46 753
46 6 753
6 23 102
23 6 102
6 16 313
16 6 313
6 10 658
10 6 658
7 8 973
8 7 973
7 27 734
27 7 734
7 51 651
51 7 651
7 43 478
43 7 478
7 10 43
10 7 43
7 46 387
46 7 387
7 25 508
25 7 508
8 33 920
33 8 920
8 33 1000
33 8 1000
8 14 79
14 8 79
8 43 193
43 8 193
9 52 723
52 9 723
9 40 519
40 9 519
9 18 58
18 9 58
9 39 137
39 9 137
10 20 420
20 10 420
10 32 999
32 10 999
10 49 39
49 10 39
10 32 146
32 10 146
11 14 148
14 11 148
11 23 91
23 11 91
12 13 629
13 12 629
12 29 368
29 12 368
12 44 218
44 12 218
12 36 506
36 12 506
12 30 195
30 12 195
12 47 119
47 12 119
13 47 614
47 13 614
13 15 136
15 13 136
13 33 958
33 13 958
13 16 646
16 13 646
13 52 372
52 13 372
14 15 929
15 14 929
14 18 383
18 14 383
14 42 863
42 14 863
14 44 961
44 14 961
14 30 404
30 14 404
14 26 659
26 14 659
14 48 177
48 14 177
14 22 398
22 14 398
14 51 554
51 14 554
15 16 991
16 15 991
15 17 439
17 15 439
15 42 865
42 15 865
16 23 941
23 16 941
16 22 522
22 16 522
16 26 486
26 16 486
16 38 730
38 16 730
16 30 115
30 16 115
16 38 440
38 16 440
17 20 125
20 17 125
17 31 952
31 17 952
17 43 85
43 17 85
17 32 167
32 17 167
17 49 141
49 17 141
17 35 474
35 17 474
17 53 771
53 17 771
17 39 864
39 17 864
17 45 725
45 17 725
17 36 108
36 17 108
18 34 295
34 18 295
18 38 698
38 18 698
18 28 499
28 18 499
18 26 600
26 18 600
19 24 731
24 19 731
19 40 323
40 19 323
19 50 251
50 19 251
19 44 913
44 19 913
20 40 918
40 20 918
20 36 852
36 20 852
20 25 923
25 20 923
20 43 551
43 20 551
20 47 223
47 20 223
20 42 401
42 20 401
20 51 977
51 20 977
21 30 160
30 21 160
21 44 404
44 21 404
21 50 971
50 21 971
22 23 349
23 22 349
22 25 162
25 22 162
22 34 124
34 22 124
22 49 462
49 22 462
22 37 884
37 22 884
23 27 901
27 23 901
23 48 153
48 23 153
23 26 732
26 23 732
23 52 135
52 23 135
24 26 614
26 24 614
24 48 230
48 24 230
24 30 603
30 24 603
24 26 870
26 24 870
24 53 81
53 24 81
24 44 557
44 24 557
24 34 381
34 24 381
24 28 571
28 24 571
25 32 52
32 25 52
25 40 578
40 25 578
25 53 524
53 25 524
26 50 176
50 26 176
26 40 572
40 26 572
26 31 127
31 26 127
26 52 178
52 26 178
26 41 432
41 26 432
26 46 441
46 26 441
27 45 938
45 27 938
27 52 951
52 27 951
27 37 635
37 27 635
28 41 649
41 28 649
28 51 384
51 28 384
28 47 233
47 28 233
29 35 727
35 29 727
29 34 789
34 29 789
29 29 977
29 29 977
30 46 902
46 30 902
30 47 80
47 30 80
30 38 819
38 30 819
30 39 383
39 30 383
30 34 665
34 30 665
30 41 646
41 30 646
31 50 238
50 31 238
31 35 314
35 31 314
32 43 839
43 32 839
32 47 371
47 32 371
32 34 969
34 32 969
32 45 144
45 32 144
33 37 182
37 33 182
33 38 778
38 33 778
33 44 202
44 33 202
33 35 271
35 33 271
34 41 117
41 34 117
35 43 315
43 35 315
35 41 453
41 35 453
35 45 977
45 35 977
36 49 230
49 36 230
36 46 613
46 36 613
38 39 479
39 38 479
40 52 74
52 40 74
40 52 472
52 40 472
41 51 492
51 41 492
41 43 651
43 41 651
41 44 477
44 41 477
41 47 835
47 41 835
41 46 496
46 41 496
44 46 156
46 44 156
44 52 933
52 44 933
45 51 237
51 45 237
46 53 380
53 46 380
46 48 27
48 46 27
