61

0 1 785
1 0 785
0 11 771
11 0 771
0 49 928
49 0 928
0 22 400
22 0 400
1 2 438
2 1 438
1 5 161
5 1 161
1 6 579
6 1 579
1 7 117
7 1 117
1 10 396
10 1 396
1 13 174
13 1 174
1 32 688
32 1 688
1 22 463
22 1 463
1 17 911
17 1 911
2 3 155
3 2 155
2 4 388
4 2 388
2 41 570
41 2 570
2 31 488
31 2 488
2 18 860
18 2 860
3 19 567
19 3 567
3 35 476
35 3 476
3 33 744
33 3 744
3 29 454
29 3 454
3 20 966
20 3 966
3 23 654
23 3 654
3 45 541
45 3 541
3 53 833
53 3 833
4 28 868
28 4 868
4 47 196
47 4 196
4 49 334
49 4 334
4 16 398
16 4 398
4 57 38
57 4 38
4 46 862
46 4 862
5 17 739
17 5 739
5 43 352
43 5 352
5 35 762
35 5 762
5 42 837
42 5 837
5 11 404
11 5 404
5 6 244
6 5 244
5 35 966
35 5 966
5 9 293
9 5 293
5 48 719
48 5 719
5 21 513
21 5 513
5 16 923
16 5 923
6 8 573
8 6 573
6 27 674
27 6 674
6 13 418
13 6 418
6 53 686
53 6 686
6 37 434
37 6 434
6 43 382
43 6 382
6 47 411
47 6 411
6 10 748
10 6 748
7 12 962
12 7 962
7 33 754
33 7 754
7 11 78
11 7 78
7 51 473
51 7 473
7 18 686
18 7 686
8 9 276
9 8 276
8 14 310
14 8 310
8 37 541
37 8 541
8 59 58
59 8 58
8 37 385
37 8 385
9 21 225
21 9 225
9 32 358
32 9 358
9 22 884
22 9 884
10 16 40
16 10 40
10 36 315
36 10 315
10 54 437
54 10 437
10 24 748
24 10 748
10 60 18
60 10 18
10 18 956
18 10 956
10 35 341
35 10 341
10 54 516
54 10 516
10 20 128
20 10 128
11 23 535
23 11 535
11 27 941
27 11 941
11 45 872
45 11 872
11 14 422
14 11 422
12 15 137
15 12 137
12 31 637
31 12 637
12 19 999
19 12 999
12 59 346
59 12 346
12 15 287
15 12 287
13 20 462
20 13 462
13 22 32
22 13 32
13 54 101
54 13 101
13 23 783
23 13 783
13 45 746
45 13 746
13 52 384
52 13 384
13 16 49
16 13 49
14 18 608
18 14 608
14 46 942
46 14 942
14 41 696
41 14 696
14 35 418
35 14 418
15 23 485
23 15 485
15 22 257
22 15 257
15 30 391
30 15 391
15 49 657
49 15 657
16 24 392
24 16 392
16 41 409
41 16 409
16 48 961
48 16 961
16 23 704
23 16 704
16 18 160
18 16 160
16 21 253
21 16 253
16 17 803
17 16 803
17 54 328
54 17 328
17 30 633
30 17 633
17 59 689
59 17 689
17 18 710
18 17 710
17 38 222
38 17 222
18 42 376
42 18 376
18 44 15
44 18 15
18 52 396
52 18 396
18 28 213
28 18 213
18 38 423
38 18 423
19 25 721
25 19 721
19 57 423
57 19 423
20 58 962
58 20 962
20 56 257
56 20 257
21 30 689
30 21 689
21 46 211
46 21 211
21 23 512
23 21 512
22 48 439
48 22 439
22 37 372
37 22 372
23 38 772
38 23 772
23 31 337
31 23 337
23 39 404
39 23 404
23 40 949
40 23 949
24 26 592
26 24 592
24 52 882
52 24 882
24 38 895
38 24 895
25 58 209
58 25 209
25 52 662
52 25 662
25 54 234
54 25 234
25 32 397
32 25 397
26 27 399
27 26 399
26 51 92
51 26 92
27 39 238
39 27 238
27 35 427
35 27 427
27 55 952
55 27 952
27 40 814
40 27 814
28 29 154
29 28 154
28 34 371
34 28 371
28 38 26
38 28 26
28 56 80
56 28 80
28 59 726
59 28 726
28 51 583
51 28 583
28 51 283
51 28 283
29 60 814
60 29 814
29 57 259
57 29 259
29 56 499
56 29 499
30 43 919
43 30 919
30 46 46
46 30 46
30 48 808
48 30 808
31 32 625
32 31 625
31 57 70
57 31 70
31 34 2
34 31 2
31 33 40
33 31 40
31 55 698
55 31 698
32 49 11
49 32 11
32 55 498
55 32 498
32 44 645
44 32 645
32 50 990
50 32 990
32 60 305
60 32 305
32 46 294
46 32 294
32 41 762
41 32 762
33 48 580
48 33 580
33 42 386
42 33 386
33 49 562
49 33 562
34 39 117
39 34 117
34 35 170
35 34 170
34 55 954
55 34 954
34 54 188
54 34 188
34 37 694
37 34 694
35 52 974
52 35 974
36 51 595
51 36 595
36 42 198
42 36 198
36 42 565
42 36 565
37 40 1
40 37 1
37 40 33
40 37 33
37 60 575
60 37 575
37 50 633
50 37 633
38 58 74
58 38 74
39 43 159
43 39 159
39 56 591
56 39 591
40 58 668
58 40 668
42 56 465
56 42 465
42 59 662
59 42 662
43 53 980
53 43 980
44 45 385
45 44 385
44 53 2
53 44 2
45 50 741
50 45 741
45 57 430
57 45 430
47 52 845
52 47 845
47 59 64
59 47 64
48 50 311
50 48 311
48 56 419
56 48 419
48 60 322
60 48 322
49 59 195
59 49 195
49 50 10
50 49 10
50 60 440
60 50 440
52 53 864
53 52 864
52 60 708
60 52 708
54 56 246
56 54 246
55 60 678
60 55 678
56 58 636
58 56 636
