82

0 1 197
1 0 197
0 2 685
2 0 685
0 7 342
7 0 342
0 16 363
16 0 363
0 53 665
53 0 665
0 46 617
46 0 617
0 59 552
59 0 552
0 3 994
3 0 994
0 71 173
71 0 173
0 24 18
24 0 18
0 29 779
29 0 779
0 35 895
35 0 895
0 17 565
17 0 565
0 24 235
24 0 235
1 6 30
6 1 30
1 11 809
11 1 809
1 50 335
50 1 335
1 35 449
35 1 449
1 48 739
48 1 739
1 63 640
63 1 640
1 43 395
43 1 395
1 25 285
25 1 285
1 7 469
7 1 469
1 68 359
68 1 359
1 28 343
28 1 343
2 3 467
3 2 467
2 4 315
4 2 315
2 5 784
5 2 784
2 35 61
35 2 61
2 37 494
37 2 494
2 62 293
62 2 293
2 25 269
25 2 269
2 46 494
46 2 494
2 52 380
52 2 380
2 5 626
5 2 626
2 81 427
81 2 427
2 39 80
39 2 80
2 29 545
29 2 545
2 59 945
59 2 945
2 19 633
19 2 633
3 9 815
9 3 815
3 50 914
50 3 914
3 69 28
69 3 28
3 66 591
66 3 591
3 14 433
14 3 433
3 39 302
39 3 302
3 54 363
54 3 363
3 78 647
78 3 647
3 67 685
67 3 685
4 8 786
8 4 786
4 13 115
13 4 115
4 15 721
15 4 721
4 27 917
27 4 917
4 51 170
51 4 170
4 36 531
36 4 531
4 79 864
79 4 864
4 62 665
62 4 665
4 66 792
66 4 792
4 54 866
54 4 866
4 50 70
50 4 70
4 62 338
62 4 338
4 56 716
56 4 716
5 68 741
68 5 741
5 72 338
72 5 338
5 11 540
11 5 540
5 14 234
14 5 234
5 33 206
33 5 206
5 21 436
21 5 436
5 29 886
29 5 886
5 80 356
80 5 356
5 23 198
23 5 198
5 21 386
21 5 386
6 17 139
17 6 139
6 18 624
18 6 624
6 41 839
41 6 839
6 58 879
58 6 879
6 21 467
21 6 467
6 70 751
70 6 751
6 43 48
43 6 48
6 74 876
74 6 876
6 26 228
26 6 228
6 21 294
21 6 294
6 75 730
75 6 730
6 16 979
16 6 979
6 48 755
48 6 755
6 7 441
7 6 441
6 58 417
58 6 417
6 53 584
53 6 584
6 54 550
54 6 550
7 14 390
14 7 390
7 25 282
25 7 282
7 40 136
40 7 136
7 72 148
72 7 148
7 53 857
53 7 857
7 7 590
7 7 590
7 51 129
51 7 129
7 31 275
31 7 275
7 15 273
15 7 273
7 23 578
23 7 578
7 40 294
40 7 294
7 60 218
60 7 218
7 18 209
18 7 209
7 63 858
63 7 858
7 33 600
33 7 600
7 52 384
52 7 384
8 29 13
29 8 13
8 50 462
50 8 462
8 15 231
15 8 231
8 79 101
79 8 101
8 61 211
61 8 211
8 64 355
64 8 355
8 45 477
45 8 477
9 10 355
10 9 355
9 12 106
12 9 106
9 26 591
26 9 591
9 45 104
45 9 104
9 42 976
42 9 976
9 69 993
69 9 993
9 12 377
12 9 377
9 79 828
79 9 828
9 32 21
32 9 21
10 55 751
55 10 751
10 69 445
69 10 445
10 79 249
79 10 249
10 21 222
21 10 222
10 35 63
35 10 63
10 32 168
32 10 168
10 28 349
28 10 349
10 17 6
17 10 6
10 13 499
13 10 499
10 14 333
14 10 333
10 45 503
45 10 503
10 62 804
62 10 804
11 22 40
22 11 40
11 24 388
24 11 388
11 63 522
63 11 522
11 63 172
63 11 172
11 55 549
55 11 549
12 57 173
57 12 173
12 56 384
56 12 384
12 38 838
38 12 838
12 40 475
40 12 475
12 79 378
79 12 378
13 33 397
33 13 397
13 71 920
71 13 920
13 78 79
78 13 79
13 74 425
74 13 425
13 81 517
81 13 517
13 68 434
68 13 434
13 44 762
44 13 762
13 72 177
72 13 177
13 24 750
24 13 750
13 70 188
70 13 188
13 52 854
52 13 854
14 19 698
19 14 698
14 20 569
20 14 569
14 21 971
21 14 971
14 45 429
45 14 429
14 24 47
24 14 47
14 31 333
31 14 333
14 67 354
67 14 354
14 66 442
66 14 442
14 67 368
67 14 368
14 42 504
42 14 504
14 28 636
28 14 636
15 60 639
60 15 639
15 41 797
41 15 797
15 50 71
50 15 71
15 30 855
30 15 855
15 25 175
25 15 175
15 33 393
33 15 393
15 78 29
78 15 29
15 22 699
22 15 699
16 59 553
59 16 553
16 60 595
60 16 595
16 18 233
18 16 233
16 34 720
34 16 720
17 62 198
62 17 198
17 78 230
78 17 230
17 79 370
79 17 370
17 52 50
52 17 50
17 32 912
32 17 912
17 29 201
29 17 201
17 43 378
43 17 378
18 33 16
33 18 16
18 52 832
52 18 832
18 26 448
26 18 448
19 66 448
66 19 448
19 26 84
26 19 84
19 40 117
40 19 117
19 46 497
46 19 497
19 73 391
73 19 391
19 44 411
44 19 411
19 70 488
70 19 488
20 46 40
46 20 40
20 25 162
25 20 162
20 34 206
34 20 206
20 42 156
42 20 156
20 53 170
53 20 170
21 36 332
36 21 332
21 72 440
72 21 440
21 56 10
56 21 10
21 21 19
21 21 19
22 23 335
23 22 335
22 28 829
28 22 829
22 32 392
32 22 392
22 34 353
34 22 353
22 53 613
53 22 613
22 76 716
76 22 716
22 81 102
81 22 102
22 66 516
66 22 516
22 78 989
78 22 989
22 39 962
39 22 962
22 68 258
68 22 258
22 67 145
67 22 145
23 47 16
47 23 16
23 63 337
63 23 337
23 52 765
52 23 765
23 27 435
27 23 435
23 81 817
81 23 817
23 52 267
52 23 267
23 38 258
38 23 258
23 27 796
27 23 796
23 49 786
49 23 786
24 37 554
37 24 554
24 43 638
43 24 638
24 62 713
62 24 713
24 72 552
72 24 552
24 44 213
44 24 213
24 76 251
76 24 251
24 76 206
76 24 206
24 48 944
48 24 944
24 41 699
41 24 699
24 59 243
59 24 243
25 39 749
39 25 749
25 30 210
30 25 210
25 39 589
39 25 589
25 70 183
70 25 183
25 55 562
55 25 562
26 26 476
26 26 476
26 73 507
73 26 507
26 57 73
57 26 73
26 45 50
45 26 50
26 36 533
36 26 533
26 76 875
76 26 875
26 66 618
66 26 618
26 64 905
64 26 905
26 57 833
57 26 833
27 30 487
30 27 487
27 31 701
31 27 701
27 52 928
52 27 928
27 28 614
28 27 614
27 61 659
61 27 659
27 78 146
78 27 146
27 53 173
53 27 173
27 50 687
50 27 687
27 53 822
53 27 822
27 60 276
60 27 276
28 59 63
59 28 63
28 80 550
80 28 550
28 40 120
40 28 120
28 76 458
76 28 458
28 46 340
46 28 340
28 71 620
71 28 620
28 74 671
74 28 671
28 57 618
57 28 618
28 78 508
78 28 508
28 51 532
51 28 532
29 79 64
79 29 64
29 53 669
53 29 669
29 40 233
40 29 233
30 32 335
32 30 335
30 39 554
39 30 554
30 74 376
74 30 376
30 38 992
38 30 992
30 81 329
81 30 329
30 77 56
77 30 56
31 36 439
36 31 439
32 38 65
38 32 65
32 44 888
44 32 888
32 45 913
45 32 913
32 79 281
79 32 281
32 57 685
57 32 685
32 34 777
34 32 777
32 38 913
38 32 913
32 51 369
51 32 369
32 58 552
58 32 552
32 68 125
68 32 125
33 80 150
80 33 150
33 79 937
79 33 937
33 40 235
40 33 235
33 66 495
66 33 495
33 42 413
42 33 413
33 48 309
48 33 309
33 39 163
39 33 163
33 69 198
69 33 198
34 49 761
49 34 761
34 57 397
57 34 397
34 45 887
45 34 887
34 78 937
78 34 937
34 41 34
41 34 34
34 73 608
73 34 608
35 70 663
70 35 663
35 61 400
61 35 400
36 42 993
42 36 993
36 76 237
76 36 237
36 80 253
80 36 253
36 76 659
76 36 659
36 42 61
42 36 61
37 40 270
40 37 270
37 63 21
63 37 21
37 78 561
78 37 561
38 48 380
48 38 380
38 69 734
69 38 734
38 80 196
80 38 196
38 62 885
62 38 885
38 56 339
56 38 339
38 51 6
51 38 6
38 69 10
69 38 10
38 46 105
46 38 105
39 53 290
53 39 290
39 57 638
57 39 638
39 61 918
61 39 918
39 63 910
63 39 910
39 40 43
40 39 43
39 56 468
56 39 468
39 79 732
79 39 732
39 49 833
49 39 833
40 65 728
65 40 728
40 67 991
67 40 991
40 54 236
54 40 236
40 58 874
58 40 874
40 70 167
70 40 167
41 55 578
55 41 578
41 70 758
70 41 758
41 70 324
70 41 324
41 62 798
62 41 798
41 54 132
54 41 132
42 46 91
46 42 91
42 66 18
66 42 18
42 64 535
64 42 535
42 58 588
58 42 588
42 58 53
58 42 53
43 56 441
56 43 441
43 73 428
73 43 428
43 44 951
44 43 951
43 81 121
81 43 121
43 51 643
51 43 643
43 78 235
78 43 235
43 54 297
54 43 297
43 55 287
55 43 287
43 68 305
68 43 305
44 76 481
76 44 481
44 75 279
75 44 279
44 68 193
68 44 193
45 72 1
72 45 1
45 75 119
75 45 119
45 51 559
51 45 559
45 74 761
74 45 761
46 56 851
56 46 851
46 50 590
50 46 590
46 53 918
53 46 918
47 61 813
61 47 813
47 78 15
78 47 15
47 63 625
63 47 625
47 67 723
67 47 723
47 71 923
71 47 923
48 50 833
50 48 833
48 50 597
50 48 597
48 64 430
64 48 430
49 50 973
50 49 973
49 74 301
74 49 301
49 52 202
52 49 202
49 55 51
55 49 51
50 52 723
52 50 723
51 76 224
76 51 224
51 77 623
77 51 623
51 67 787
67 51 787
52 77 941
77 52 941
52 79 606
79 52 606
52 74 953
74 52 953
53 54 507
54 53 507
53 81 321
81 53 321
53 68 642
68 53 642
53 72 549
72 53 549
55 76 831
76 55 831
55 76 662
76 55 662
55 65 979
65 55 979
57 62 499
62 57 499
58 64 455
64 58 455
58 70 68
70 58 68
59 74 692
74 59 692
59 78 659
78 59 659
60 65 197
65 60 197
60 80 866
80 60 866
61 68 62
68 61 62
61 78 171
78 61 171
61 78 835
78 61 835
61 73 5
73 61 5
61 64 180
64 61 180
62 70 427
70 62 427
63 69 22
69 63 22
63 67 279
67 63 279
64 66 787
66 64 787
64 75 822
75 64 822
64 81 33
81 64 33
65 74 692
74 65 692
65 75 908
75 65 908
65 67 954
67 65 954
66 78 698
78 66 698
67 74 569
74 67 569
68 75 945
75 68 945
68 75 899
75 68 899
68 74 905
74 68 905
69 76 475
76 69 475
70 70 145
70 70 145
71 75 781
75 71 781
73 76 185
76 73 185
74 79 977
79 74 977
75 78 693
78 75 693
75 81 5
81 75 5
