74

0 1 489
1 0 489
0 2 959
2 0 959
0 4 832
4 0 832
0 56 288
56 0 288
0 36 921
36 0 921
0 44 117
44 0 117
0 14 505
14 0 505
1 3 57
3 1 57
1 5 795
5 1 795
1 60 474
60 1 474
1 8 420
8 1 420
2 8 382
8 2 382
2 14 447
14 2 447
2 60 331
60 2 331
2 9 249
9 2 249
2 21 34
21 2 34
2 8 515
8 2 515
2 23 254
23 2 254
3 6 311
6 3 311
3 10 838
10 3 838
3 24 143
24 3 143
3 61 279
61 3 279
3 36 352
36 3 352
3 17 868
17 3 868
3 20 688
20 3 688
4 9 465
9 4 465
4 11 512
11 4 512
4 13 69
13 4 69
4 42 1000
42 4 1000
4 70 955
70 4 955
4 39 671
39 4 671
4 37 642
37 4 642
5 16 55
16 5 55
5 18 203
18 5 203
5 59 710
59 5 710
6 7 114
7 6 114
6 54 28
54 6 28
7 12 194
12 7 194
7 19 42
19 7 42
7 23 641
23 7 641
7 30 893
30 7 893
8 15 586
15 8 586
8 67 151
67 8 151
9 20 248
20 9 248
9 22 585
22 9 585
9 32 354
32 9 354
9 39 606
39 9 606
10 68 676
68 10 676
10 32 925
32 10 925
11 19 859
19 11 859
12 17 17
17 12 17
12 26 357
26 12 357
12 63 448
63 12 448
12 69 647
69 12 647
14 27 40
27 14 40
14 40 796
40 14 796
15 44 518
44 15 518
15 31 354
31 15 354
15 66 988
66 15 988
16 28 112
28 16 112
16 51 280
51 16 280
16 58 419
58 16 419
16 51 9
51 16 9
17 72 16
72 17 16
18 21 250
21 18 250
18 34 474
34 18 474
18 37 194
37 18 194
18 43 531
43 18 531
19 41 149
41 19 149
19 47 953
47 19 953
20 52 154
52 20 154
20 54 13
54 20 13
20 65 827
65 20 827
21 36 13
36 21 13
21 50 417
50 21 417
21 30 764
30 21 764
22 30 278
30 22 278
22 49 303
49 22 303
22 39 684
39 22 684
23 29 639
29 23 639
23 33 961
33 23 961
23 53 586
53 23 586
23 27 826
27 23 826
24 25 553
25 24 553
24 38 337
38 24 337
26 40 509
40 26 509
26 46 830
46 26 830
26 42 208
42 26 208
27 46 56
46 27 56
27 48 629
48 27 629
27 55 964
55 27 964
27 32 966
32 27 966
28 31 472
31 28 472
29 30 121
30 29 121
29 53 289
53 29 289
30 48 535
48 30 535
32 54 580
54 32 580
32 57 483
57 32 483
32 72 183
72 32 183
32 67 413
67 32 413
33 35 725
35 33 725
33 45 945
45 33 945
33 35 617
35 33 617
33 49 38
49 33 38
35 73 346
73 35 346
36 64 350
64 36 350
36 40 855
40 36 855
37 68 176
68 37 176
38 40 424
40 38 424
38 70 576
70 38 576
38 63 144
63 38 144
41 50 594
50 41 594
42 65 222
65 42 222
42 66 95
66 42 95
43 71 779
71 43 779
43 69 330
69 43 330
44 47 434
47 44 434
44 73 809
73 44 809
47 56 568
56 47 568
47 48 823
48 47 823
47 66 137
66 47 137
47 70 467
70 47 467
47 61 348
61 47 348
51 67 859
67 51 859
52 62 831
62 52 831
52 58 890
58 52 890
52 67 803
67 52 803
53 63 345
63 53 345
56 62 330
62 56 330
58 71 790
71 58 790
60 67 662
67 60 662
61 68 839
68 61 839
