77

0 1 290
1 0 290
0 2 473
2 0 473
0 5 286
5 0 286
0 7 970
7 0 970
0 9 864
9 0 864
0 35 959
35 0 959
0 42 97
42 0 97
0 49 510
49 0 510
0 9 84
9 0 84
0 57 785
57 0 785
0 2 249
2 0 249
0 2 209
2 0 209
0 66 255
66 0 255
0 34 904
34 0 904
0 58 412
58 0 412
0 1 280
1 0 280
0 44 894
44 0 894
1 14 288
14 1 288
1 56 393
56 1 393
1 61 802
61 1 802
1 60 943
60 1 943
1 36 171
36 1 171
1 62 954
62 1 954
1 65 397
65 1 397
1 20 369
20 1 369
1 10 329
10 1 329
1 46 76
46 1 76
1 37 375
37 1 375
1 15 681
15 1 681
1 7 351
7 1 351
1 44 992
44 1 992
1 16 472
16 1 472
1 33 786
33 1 786
1 65 130
65 1 130
2 3 342
3 2 342
2 4 104
4 2 104
2 35 732
35 2 732
2 56 562
56 2 562
2 28 821
28 2 821
2 23 204
23 2 204
2 65 270
65 2 270
2 4 882
4 2 882
2 22 650
22 2 650
2 61 113
61 2 113
2 66 956
66 2 956
2 5 416
5 2 416
2 52 529
52 2 529
2 58 30
58 2 30
2 14 925
14 2 925
2 39 582
39 2 582
2 18 144
18 2 144
2 65 752
65 2 752
3 6 607
6 3 607
3 23 622
23 3 622
3 59 368
59 3 368
3 15 537
15 3 537
3 60 13
60 3 13
3 33 478
33 3 478
3 69 313
69 3 313
3 51 497
51 3 497
3 11 287
11 3 287
3 57 331
57 3 331
3 56 148
56 3 148
3 42 98
42 3 98
3 36 509
36 3 509
3 32 401
32 3 401
4 38 906
38 4 906
4 40 810
40 4 810
4 50 335
50 4 335
4 52 235
52 4 235
4 64 770
64 4 770
4 13 615
13 4 615
4 64 440
64 4 440
4 10 509
10 4 509
4 36 358
36 4 358
4 42 669
42 4 669
4 30 553
30 4 553
4 34 885
34 4 885
4 71 271
71 4 271
4 34 816
34 4 816
4 25 259
25 4 259
4 70 237
70 4 237
4 65 762
65 4 762
4 36 673
36 4 673
4 62 413
62 4 413
4 18 580
18 4 580
5 37 144
37 5 144
5 73 73
73 5 73
5 60 270
60 5 270
5 69 220
69 5 220
5 20 183
20 5 183
5 41 729
41 5 729
5 44 784
44 5 784
5 22 60
22 5 60
5 60 216
60 5 216
5 56 729
56 5 729
5 67 127
67 5 127
5 76 185
76 5 185
5 56 295
56 5 295
5 27 25
27 5 25
5 66 124
66 5 124
5 31 319
31 5 319
5 14 890
14 5 890
5 51 914
51 5 914
5 28 543
28 5 543
5 48 853
48 5 853
5 76 894
76 5 894
5 35 243
35 5 243
6 11 482
11 6 482
6 13 651
13 6 651
6 29 933
29 6 933
6 15 908
15 6 908
6 41 268
41 6 268
6 40 943
40 6 943
6 22 289
22 6 289
6 69 724
69 6 724
6 45 690
45 6 690
6 76 60
76 6 60
6 46 757
46 6 757
6 68 173
68 6 173
6 35 32
35 6 32
6 28 763
28 6 763
6 16 463
16 6 463
6 12 401
12 6 401
6 27 571
27 6 571
6 69 714
69 6 714
6 17 313
17 6 313
6 55 550
55 6 550
6 28 528
28 6 528
6 26 367
26 6 367
7 8 65
8 7 65
7 12 70
12 7 70
7 27 268
27 7 268
7 48 207
48 7 207
7 48 374
48 7 374
7 9 33
9 7 33
7 23 212
23 7 212
7 20 926
20 7 926
7 49 50
49 7 50
7 24 436
24 7 436
7 73 972
73 7 972
7 68 906
68 7 906
7 36 646
36 7 646
7 40 952
40 7 952
7 59 582
59 7 582
7 46 99
46 7 99
7 16 586
16 7 586
7 67 237
67 7 237
7 20 519
20 7 519
8 33 172
33 8 172
8 41 191
41 8 191
8 55 714
55 8 714
8 63 643
63 8 643
8 24 128
24 8 128
8 76 461
76 8 461
8 76 180
76 8 180
8 57 454
57 8 454
8 33 513
33 8 513
8 29 606
29 8 606
8 62 688
62 8 688
8 70 717
70 8 717
8 66 264
66 8 264
8 38 377
38 8 377
8 73 878
73 8 878
8 49 324
49 8 324
8 39 381
39 8 381
8 61 683
61 8 683
8 16 62
16 8 62
8 34 886
34 8 886
8 62 253
62 8 253
8 30 503
30 8 503
9 10 848
10 9 848
9 21 125
21 9 125
9 31 794
31 9 794
9 62 605
62 9 605
9 13 437
13 9 437
9 43 900
43 9 900
9 24 422
24 9 422
9 37 406
37 9 406
9 64 56
64 9 56
9 25 356
25 9 356
9 73 859
73 9 859
9 41 732
41 9 732
9 72 351
72 9 351
9 12 145
12 9 145
9 75 951
75 9 951
9 48 378
48 9 378
10 43 971
43 10 971
10 69 212
69 10 212
10 19 47
19 10 47
10 51 320
51 10 320
10 75 869
75 10 869
10 46 861
46 10 861
10 29 174
29 10 174
10 15 286
15 10 286
10 57 389
57 10 389
10 37 149
37 10 149
10 29 253
29 10 253
10 55 295
55 10 295
10 63 439
63 10 439
10 75 818
75 10 818
10 73 705
73 10 705
11 15 911
15 11 911
11 52 143
52 11 143
11 25 360
25 11 360
11 56 505
56 11 505
11 41 947
41 11 947
11 64 146
64 11 146
11 69 138
69 11 138
11 53 842
53 11 842
11 33 940
33 11 940
11 71 455
71 11 455
11 30 170
30 11 170
11 50 173
50 11 173
11 24 315
24 11 315
12 17 596
17 12 596
12 45 146
45 12 146
12 74 510
74 12 510
12 15 898
15 12 898
12 51 804
51 12 804
12 47 330
47 12 330
12 73 344
73 12 344
12 25 773
25 12 773
12 23 842
23 12 842
12 16 843
16 12 843
12 53 507
53 12 507
12 33 754
33 12 754
12 30 143
30 12 143
12 41 33
41 12 33
12 33 170
33 12 170
13 28 635
28 13 635
13 57 338
57 13 338
13 30 40
30 13 40
13 35 580
35 13 580
13 31 300
31 13 300
13 68 662
68 13 662
13 17 823
17 13 823
13 35 237
35 13 237
13 70 123
70 13 123
13 34 530
34 13 530
13 42 114
42 13 114
13 16 626
16 13 626
13 59 692
59 13 692
13 21 290
21 13 290
13 76 693
76 13 693
14 18 765
18 14 765
14 39 301
39 14 301
14 57 81
57 14 81
14 47 937
47 14 937
14 60 740
60 14 740
14 35 624
35 14 624
14 68 688
68 14 688
14 65 135
65 14 135
14 34 380
34 14 380
14 61 388
61 14 388
14 76 711
76 14 711
14 19 323
19 14 323
14 70 100
70 14 100
14 67 996
67 14 996
15 16 221
16 15 221
15 53 283
53 15 283
15 62 410
62 15 410
15 54 334
54 15 334
15 60 53
60 15 53
15 48 555
48 15 555
15 62 342
62 15 342
15 25 916
25 15 916
15 65 895
65 15 895
15 33 675
33 15 675
16 60 826
60 16 826
16 67 931
67 16 931
16 55 675
55 16 675
16 21 930
21 16 930
16 18 410
18 16 410
16 43 733
43 16 733
16 25 418
25 16 418
16 28 72
28 16 72
17 19 476
19 17 476
17 25 727
25 17 727
17 27 858
27 17 858
17 22 890
22 17 890
17 31 859
31 17 859
17 42 678
42 17 678
17 49 234
49 17 234
17 76 924
76 17 924
17 48 508
48 17 508
18 22 79
22 18 79
18 62 10
62 18 10
18 59 601
59 18 601
18 60 569
60 18 569
18 56 727
56 18 727
18 40 199
40 18 199
18 29 994
29 18 994
18 39 326
39 18 326
18 48 716
48 18 716
18 76 285
76 18 285
18 55 485
55 18 485
18 61 696
61 18 696
18 20 406
20 18 406
18 69 457
69 18 457
18 75 46
75 18 46
18 65 852
65 18 852
18 50 801
50 18 801
19 20 331
20 19 331
19 47 632
47 19 632
19 53 557
53 19 557
19 56 629
56 19 629
19 53 768
53 19 768
19 29 759
29 19 759
19 70 489
70 19 489
19 34 873
34 19 873
19 67 138
67 19 138
19 20 249
20 19 249
19 58 630
58 19 630
19 37 409
37 19 409
19 60 619
60 19 619
19 32 743
32 19 743
19 47 55
47 19 55
19 20 693
20 19 693
19 58 565
58 19 565
19 28 948
28 19 948
20 25 857
25 20 857
20 47 820
47 20 820
20 49 153
49 20 153
20 24 25
24 20 25
20 37 921
37 20 921
21 35 229
35 21 229
21 61 105
61 21 105
21 33 599
33 21 599
21 43 59
43 21 59
21 70 264
70 21 264
21 24 465
24 21 465
21 60 418
60 21 418
22 24 765
24 22 765
22 34 38
34 22 38
22 62 241
62 22 241
22 70 578
70 22 578
22 25 811
25 22 811
22 33 477
33 22 477
22 46 643
46 22 643
22 73 884
73 22 884
22 33 347
33 22 347
22 56 854
56 22 854
22 58 391
58 22 391
22 65 123
65 22 123
22 72 649
72 22 649
23 64 509
64 23 509
23 27 865
27 23 865
23 74 455
74 23 455
23 57 206
57 23 206
23 30 814
30 23 814
23 44 412
44 23 412
24 26 137
26 24 137
24 30 588
30 24 588
24 29 789
29 24 789
24 64 312
64 24 312
24 41 990
41 24 990
24 25 521
25 24 521
24 72 154
72 24 154
24 38 93
38 24 93
24 32 895
32 24 895
24 57 60
57 24 60
24 63 734
63 24 734
25 44 970
44 25 970
25 71 610
71 25 610
25 47 99
47 25 99
25 46 857
46 25 857
25 48 44
48 25 44
25 59 687
59 25 687
25 69 745
69 25 745
25 32 956
32 25 956
25 65 871
65 25 871
25 39 755
39 25 755
25 35 774
35 25 774
25 47 792
47 25 792
26 66 16
66 26 16
26 67 567
67 26 567
26 76 893
76 26 893
26 44 358
44 26 358
26 60 73
60 26 73
26 28 955
28 26 955
26 68 706
68 26 706
26 52 261
52 26 261
26 41 532
41 26 532
26 69 151
69 26 151
26 44 99
44 26 99
26 74 559
74 26 559
26 42 364
42 26 364
27 51 539
51 27 539
27 54 741
54 27 741
27 45 283
45 27 283
27 55 824
55 27 824
27 42 19
42 27 19
27 63 126
63 27 126
27 70 199
70 27 199
27 66 981
66 27 981
27 67 129
67 27 129
27 56 395
56 27 395
27 56 547
56 27 547
27 56 519
56 27 519
28 68 278
68 28 278
28 60 464
60 28 464
28 39 328
39 28 328
28 73 25
73 28 25
28 56 201
56 28 201
28 41 967
41 28 967
28 46 841
46 28 841
29 32 323
32 29 323
29 57 956
57 29 956
29 72 582
72 29 582
29 58 696
58 29 696
29 53 961
53 29 961
29 72 173
72 29 173
29 76 944
76 29 944
29 39 820
39 29 820
29 62 848
62 29 848
29 45 203
45 29 203
29 65 651
65 29 651
29 63 234
63 29 234
30 31 57
31 30 57
30 58 29
58 30 29
30 60 826
60 30 826
30 74 358
74 30 358
30 32 239
32 30 239
30 34 407
34 30 407
30 69 378
69 30 378
30 52 335
52 30 335
30 50 349
50 30 349
30 34 695
34 30 695
31 32 438
32 31 438
31 51 351
51 31 351
31 46 50
46 31 50
31 58 980
58 31 980
31 34 565
34 31 565
31 59 687
59 31 687
31 51 313
51 31 313
31 41 452
41 31 452
31 37 475
37 31 475
32 45 349
45 32 349
32 46 159
46 32 159
32 39 745
39 32 745
32 55 978
55 32 978
32 71 552
71 32 552
32 37 841
37 32 841
32 44 690
44 32 690
32 58 773
58 32 773
32 46 363
46 32 363
32 74 944
74 32 944
32 55 60
55 32 60
32 62 862
62 32 862
32 52 183
52 32 183
33 57 268
57 33 268
33 74 824
74 33 824
33 50 262
50 33 262
33 71 358
71 33 358
33 73 743
73 33 743
33 44 628
44 33 628
33 67 554
67 33 554
33 69 497
69 33 497
33 38 601
38 33 601
33 63 16
63 33 16
34 44 461
44 34 461
34 39 680
39 34 680
34 76 489
76 34 489
34 67 365
67 34 365
34 68 90
68 34 90
34 37 767
37 34 767
34 56 143
56 34 143
34 52 754
52 34 754
34 62 643
62 34 643
34 36 943
36 34 943
34 63 453
63 34 453
34 40 372
40 34 372
34 36 967
36 34 967
34 34 725
34 34 725
35 36 152
36 35 152
35 72 351
72 35 351
35 63 768
63 35 768
35 73 252
73 35 252
35 56 406
56 35 406
35 73 424
73 35 424
35 39 321
39 35 321
35 55 99
55 35 99
36 62 369
62 36 369
36 39 851
39 36 851
36 60 518
60 36 518
36 43 843
43 36 843
36 45 298
45 36 298
36 69 989
69 36 989
36 73 278
73 36 278
36 69 807
69 36 807
36 42 49
42 36 49
36 47 868
47 36 868
37 62 346
62 37 346
37 75 171
75 37 171
37 65 724
65 37 724
37 48 591
48 37 591
37 66 114
66 37 114
37 52 784
52 37 784
38 53 803
53 38 803
38 65 798
65 38 798
38 45 548
45 38 548
38 56 66
56 38 66
38 64 520
64 38 520
38 66 641
66 38 641
38 62 385
62 38 385
38 66 893
66 38 893
39 56 506
56 39 506
39 49 284
49 39 284
39 74 359
74 39 359
39 76 645
76 39 645
39 63 909
63 39 909
39 60 255
60 39 255
39 70 149
70 39 149
39 67 979
67 39 979
40 46 877
46 40 877
40 76 580
76 40 580
40 41 334
41 40 334
40 72 529
72 40 529
40 47 492
47 40 492
40 65 430
65 40 430
40 52 483
52 40 483
41 59 755
59 41 755
41 75 918
75 41 918
41 76 199
76 41 199
41 76 42
76 41 42
41 43 407
43 41 407
41 43 756
43 41 756
41 51 733
51 41 733
41 65 419
65 41 419
41 56 51
56 41 51
42 48 590
48 42 590
42 67 289
67 42 289
42 50 553
50 42 553
42 76 322
76 42 322
42 42 417
42 42 417
42 55 678
55 42 678
43 61 128
61 43 128
43 65 946
65 43 946
43 76 674
76 43 674
43 45 914
45 43 914
43 63 368
63 43 368
43 72 439
72 43 439
43 55 44
55 43 44
43 75 140
75 43 140
43 46 437
46 43 437
43 45 122
45 43 122
44 54 721
54 44 721
44 56 339
56 44 339
44 45 416
45 44 416
44 50 683
50 44 683
44 64 252
64 44 252
45 50 804
50 45 804
45 59 198
59 45 198
45 60 900
60 45 900
45 48 90
48 45 90
45 69 630
69 45 630
45 70 500
70 45 500
45 52 166
52 45 166
45 74 359
74 45 359
45 52 755
52 45 755
46 63 637
63 46 637
46 59 519
59 46 519
46 61 212
61 46 212
46 72 962
72 46 962
46 71 796
71 46 796
46 53 448
53 46 448
46 67 842
67 46 842
46 74 763
74 46 763
46 55 551
55 46 551
47 72 828
72 47 828
47 62 586
62 47 586
48 74 309
74 48 309
48 62 1000
62 48 1000
48 65 768
65 48 768
48 73 630
73 48 630
48 49 578
49 48 578
48 64 555
64 48 555
48 50 941
50 48 941
48 61 696
61 48 696
48 71 21
71 48 21
49 61 541
61 49 541
49 59 863
59 49 863
49 52 856
52 49 856
50 63 296
63 50 296
50 73 804
73 50 804
50 61 445
61 50 445
50 58 829
58 50 829
50 71 38
71 50 38
51 59 368
59 51 368
51 60 52
60 51 52
51 54 393
54 51 393
51 69 855
69 51 855
51 51 80
51 51 80
52 54 611
54 52 611
52 70 192
70 52 192
52 59 780
59 52 780
52 65 133
65 52 133
52 53 794
53 52 794
52 59 69
59 52 69
53 73 33
73 53 33
53 61 857
61 53 857
53 59 407
59 53 407
53 73 415
73 53 415
54 56 149
56 54 149
54 59 253
59 54 253
54 65 936
65 54 936
55 59 45
59 55 45
55 69 862
69 55 862
55 73 977
73 55 977
55 56 413
56 55 413
56 66 111
66 56 111
56 66 572
66 56 572
56 57 739
57 56 739
56 75 437
75 56 437
57 70 897
70 57 897
58 60 427
60 58 427
58 63 783
63 58 783
59 76 120
76 59 120
59 71 117
71 59 117
59 67 128
67 59 128
60 62 551
62 60 551
60 71 844
71 60 844
60 63 993
63 60 993
60 73 105
73 60 105
61 65 79
65 61 79
61 70 696
70 61 696
61 76 919
76 61 919
61 63 940
63 61 940
61 62 192
62 61 192
61 70 570
70 61 570
62 68 945
68 62 945
62 76 364
76 62 364
62 66 184
66 62 184
62 69 93
69 62 93
63 70 459
70 63 459
63 71 331
71 63 331
64 71 907
71 64 907
64 70 335
70 64 335
64 65 970
65 64 970
65 74 87
74 65 87
65 67 210
67 65 210
66 74 353
74 66 353
66 74 506
74 66 506
66 67 718
67 66 718
66 72 938
72 66 938
66 70 889
70 66 889
66 72 238
72 66 238
68 73 678
73 68 678
68 76 1
76 68 1
69 72 916
72 69 916
69 71 832
71 69 832
69 72 217
72 69 217
71 72 813
72 71 813
71 71 388
71 71 388
73 76 359
76 73 359
75 75 630
75 75 630
