67

0 1 868
1 0 868
0 2 842
2 0 842
0 3 549
3 0 549
0 33 837
33 0 837
0 38 605
38 0 605
0 57 963
57 0 963
0 3 430
3 0 430
0 23 468
23 0 468
0 65 429
65 0 429
0 15 390
15 0 390
0 49 171
49 0 171
0 5 75
5 0 75
0 60 199
60 0 199
0 5 217
5 0 217
1 7 897
7 1 897
1 15 480
15 1 480
1 25 74
25 1 74
1 13 537
13 1 537
1 10 517
10 1 517
2 14 841
14 2 841
2 40 61
40 2 61
2 54 161
54 2 161
2 48 104
48 2 104
2 31 484
31 2 484
2 42 870
42 2 870
2 41 423
41 2 423
3 4 451
4 3 451
3 5 356
5 3 356
3 63 724
63 3 724
3 20 757
20 3 757
3 62 304
62 3 304
3 10 519
10 3 519
3 25 346
25 3 346
3 27 378
27 3 378
3 9 121
9 3 121
3 14 111
14 3 111
3 40 290
40 3 290
4 16 157
16 4 157
4 66 235
66 4 235
4 38 913
38 4 913
4 12 198
12 4 198
4 17 94
17 4 94
4 48 18
48 4 18
4 28 177
28 4 177
4 13 498
13 4 498
4 8 35
8 4 35
4 61 649
61 4 649
4 56 842
56 4 842
5 6 840
6 5 840
5 17 81
17 5 81
5 23 880
23 5 880
5 27 304
27 5 304
5 32 484
32 5 484
5 24 665
24 5 665
5 43 996
43 5 996
5 15 444
15 5 444
5 43 964
43 5 964
5 51 429
51 5 429
6 8 867
8 6 867
6 57 159
57 6 159
6 30 43
30 6 43
6 43 688
43 6 688
7 10 88
10 7 88
7 11 209
11 7 209
7 13 849
13 7 849
7 33 377
33 7 377
7 59 354
59 7 354
7 40 752
40 7 752
7 60 868
60 7 868
8 9 756
9 8 756
8 15 843
15 8 843
8 21 111
21 8 111
8 32 896
32 8 896
8 50 535
50 8 535
8 42 570
42 8 570
8 57 773
57 8 773
8 12 25
12 8 25
8 37 67
37 8 67
8 19 80
19 8 80
8 53 373
53 8 373
8 52 193
52 8 193
9 12 819
12 9 819
9 52 639
52 9 639
9 47 103
47 9 103
9 16 167
16 9 167
9 19 655
19 9 655
10 22 344
22 10 344
10 25 918
25 10 918
10 53 242
53 10 242
10 22 773
22 10 773
10 55 979
55 10 979
10 31 536
31 10 536
10 64 862
64 10 862
10 24 374
24 10 374
11 20 393
20 11 393
11 60 878
60 11 878
11 62 385
62 11 385
11 25 407
25 11 407
11 33 306
33 11 306
11 31 887
31 11 887
11 40 436
40 11 436
11 18 121
18 11 121
11 29 659
29 11 659
11 51 486
51 11 486
11 39 486
39 11 486
11 14 499
14 11 499
11 36 51
36 11 51
11 64 173
64 11 173
12 62 227
62 12 227
12 15 902
15 12 902
12 60 881
60 12 881
12 43 341
43 12 341
12 65 503
65 12 503
12 60 832
60 12 832
13 42 346
42 13 346
13 23 871
23 13 871
13 58 935
58 13 935
13 60 7
60 13 7
13 21 755
21 13 755
13 18 58
18 13 58
13 48 820
48 13 820
13 35 984
35 13 984
13 38 982
38 13 982
13 29 51
29 13 51
14 18 200
18 14 200
14 66 980
66 14 980
14 48 142
48 14 142
14 31 774
31 14 774
14 47 890
47 14 890
15 31 274
31 15 274
15 45 460
45 15 460
15 48 957
48 15 957
15 44 815
44 15 815
15 60 3
60 15 3
16 41 654
41 16 654
16 23 361
23 16 361
16 64 799
64 16 799
16 20 169
20 16 169
16 47 780
47 16 780
16 21 410
21 16 410
16 16 853
16 16 853
16 38 607
38 16 607
17 64 593
64 17 593
17 25 3
25 17 3
17 51 464
51 17 464
17 59 465
59 17 465
18 19 923
19 18 923
18 25 729
25 18 729
18 60 778
60 18 778
18 55 820
55 18 820
18 29 197
29 18 197
18 45 129
45 18 129
19 36 404
36 19 404
19 38 906
38 19 906
19 42 221
42 19 221
19 30 676
30 19 676
20 24 207
24 20 207
20 30 303
30 20 303
20 37 707
37 20 707
20 47 305
47 20 305
20 60 570
60 20 570
20 27 738
27 20 738
20 29 396
29 20 396
20 59 979
59 20 979
20 55 852
55 20 852
20 48 867
48 20 867
20 29 888
29 20 888
21 51 92
51 21 92
21 58 457
58 21 457
21 36 358
36 21 358
21 66 207
66 21 207
21 39 896
39 21 896
22 46 420
46 22 420
22 52 15
52 22 15
22 61 514
61 22 514
23 26 619
26 23 619
23 29 936
29 23 936
23 52 387
52 23 387
23 58 367
58 23 367
23 25 382
25 23 382
23 65 933
65 23 933
24 61 369
61 24 369
24 62 380
62 24 380
24 58 104
58 24 104
24 50 285
50 24 285
24 59 69
59 24 69
25 49 165
49 25 165
25 65 10
65 25 10
25 38 774
38 25 774
25 36 267
36 25 267
25 29 683
29 25 683
25 50 21
50 25 21
25 38 185
38 25 185
25 34 630
34 25 630
25 43 864
43 25 864
25 60 914
60 25 914
25 37 366
37 25 366
25 43 3
43 25 3
25 52 915
52 25 915
26 55 876
55 26 876
26 27 281
27 26 281
26 63 929
63 26 929
26 58 547
58 26 547
27 28 929
28 27 929
27 27 258
27 27 258
27 39 782
39 27 782
27 49 368
49 27 368
28 32 11
32 28 11
28 59 588
59 28 588
28 48 788
48 28 788
28 57 587
57 28 587
28 59 818
59 28 818
28 59 367
59 28 367
28 58 627
58 28 627
29 36 241
36 29 241
29 47 851
47 29 851
29 53 672
53 29 672
29 39 714
39 29 714
29 61 471
61 29 471
30 58 444
58 30 444
30 63 555
63 30 555
30 42 230
42 30 230
30 31 756
31 30 756
31 34 862
34 31 862
31 39 59
39 31 59
31 44 283
44 31 283
31 65 166
65 31 166
31 32 803
32 31 803
32 35 770
35 32 770
32 43 165
43 32 165
32 66 238
66 32 238
32 63 406
63 32 406
32 62 738
62 32 738
32 42 730
42 32 730
32 51 323
51 32 323
32 36 285
36 32 285
33 55 568
55 33 568
33 43 331
43 33 331
33 65 952
65 33 952
33 47 37
47 33 37
33 44 291
44 33 291
34 48 98
48 34 98
34 50 152
50 34 152
34 62 195
62 34 195
34 43 677
43 34 677
34 60 563
60 34 563
35 42 843
42 35 843
35 64 571
64 35 571
35 58 365
58 35 365
35 39 655
39 35 655
35 54 148
54 35 148
35 48 556
48 35 556
36 41 379
41 36 379
36 59 451
59 36 451
36 44 168
44 36 168
37 56 61
56 37 61
37 54 815
54 37 815
37 40 594
40 37 594
37 59 792
59 37 792
38 54 984
54 38 984
39 41 169
41 39 169
40 66 174
66 40 174
40 53 856
53 40 856
40 54 61
54 40 61
41 51 258
51 41 258
41 64 356
64 41 356
41 41 470
41 41 470
42 42 944
42 42 944
42 64 269
64 42 269
43 63 702
63 43 702
43 49 1000
49 43 1000
43 61 241
61 43 241
43 56 946
56 43 946
43 54 817
54 43 817
44 47 71
47 44 71
44 53 919
53 44 919
44 50 524
50 44 524
44 49 61
49 44 61
44 47 976
47 44 976
45 64 718
64 45 718
45 51 944
51 45 944
45 63 425
63 45 425
45 53 457
53 45 457
46 58 783
58 46 783
46 54 7
54 46 7
47 55 313
55 47 313
47 59 907
59 47 907
48 54 2
54 48 2
48 58 560
58 48 560
48 55 808
55 48 808
48 53 676
53 48 676
49 51 919
51 49 919
50 65 512
65 50 512
50 57 274
57 50 274
50 63 463
63 50 463
51 59 801
59 51 801
52 56 950
56 52 950
52 56 532
56 52 532
53 56 65
56 53 65
55 63 636
63 55 636
56 66 667
66 56 667
57 61 526
61 57 526
57 60 455
60 57 455
58 59 115
59 58 115
61 66 935
66 61 935
61 65 697
65 61 697
64 64 241
64 64 241
