79

0 1 97
1 0 97
0 3 193
3 0 193
0 8 201
8 0 201
0 29 947
29 0 947
0 77 775
77 0 775
0 41 353
41 0 353
0 39 400
39 0 400
0 69 631
69 0 631
0 65 634
65 0 634
0 49 341
49 0 341
1 2 53
2 1 53
1 5 311
5 1 311
2 4 97
4 2 97
2 6 40
6 2 40
2 66 280
66 2 280
2 74 998
74 2 998
3 11 110
11 3 110
3 47 460
47 3 460
3 72 935
72 3 935
3 74 970
74 3 970
3 25 348
25 3 348
3 63 119
63 3 119
4 7 308
7 4 308
4 15 862
15 4 862
4 20 451
20 4 451
4 21 302
21 4 302
4 23 564
23 4 564
4 25 955
25 4 955
4 26 195
26 4 195
4 53 565
53 4 565
4 12 2
12 4 2
5 9 400
9 5 400
5 10 638
10 5 638
5 12 856
12 5 856
5 13 991
13 5 991
5 51 434
51 5 434
5 56 686
56 5 686
5 30 70
30 5 70
5 34 67
34 5 67
5 42 395
42 5 395
6 35 345
35 6 345
7 37 550
37 7 550
7 59 42
59 7 42
7 44 261
44 7 261
7 71 903
71 7 903
8 17 204
17 8 204
8 58 804
58 8 804
8 59 817
59 8 817
8 19 620
19 8 620
10 14 283
14 10 283
10 63 498
63 10 498
11 19 879
19 11 879
11 27 606
27 11 606
11 53 984
53 11 984
11 14 834
14 11 834
12 18 843
18 12 843
12 75 41
75 12 41
13 71 624
71 13 624
13 54 185
54 13 185
14 34 484
34 14 484
14 60 981
60 14 981
14 78 83
78 14 83
14 27 559
27 14 559
14 64 320
64 14 320
15 16 840
16 15 840
15 39 866
39 15 866
16 32 240
32 16 240
16 36 164
36 16 164
16 38 270
38 16 270
16 58 634
58 16 634
17 22 693
22 17 693
17 34 263
34 17 263
17 75 377
75 17 377
17 57 238
57 17 238
18 26 875
26 18 875
18 52 216
52 18 216
18 74 656
74 18 656
19 28 294
28 19 294
19 54 176
54 19 176
19 52 932
52 19 932
20 76 578
76 20 578
20 57 690
57 20 690
21 33 248
33 21 248
21 50 335
50 21 335
21 44 584
44 21 584
22 24 405
24 22 405
22 28 64
28 22 64
22 31 230
31 22 230
22 68 324
68 22 324
22 29 864
29 22 864
23 50 285
50 23 285
23 56 110
56 23 110
24 30 491
30 24 491
24 38 676
38 24 676
25 67 460
67 25 460
25 73 641
73 25 641
26 45 661
45 26 661
26 73 454
73 26 454
26 38 922
38 26 922
27 44 74
44 27 74
27 58 737
58 27 737
27 75 747
75 27 747
27 61 198
61 27 198
28 41 21
41 28 21
28 55 695
55 28 695
28 59 779
59 28 779
29 75 236
75 29 236
30 31 348
31 30 348
32 43 695
43 32 695
32 51 50
51 32 50
33 48 495
48 33 495
33 62 184
62 33 184
34 40 241
40 34 241
34 59 714
59 34 714
34 72 886
72 34 886
34 71 456
71 34 456
34 67 346
67 34 346
35 46 815
46 35 815
36 63 521
63 36 521
36 78 453
78 36 453
36 51 182
51 36 182
37 42 944
42 37 944
37 49 581
49 37 581
37 46 134
46 37 134
39 64 549
64 39 549
39 42 242
42 39 242
40 68 160
68 40 160
41 65 480
65 41 480
41 64 619
64 41 619
42 57 113
57 42 113
42 75 822
75 42 822
42 51 557
51 42 557
43 70 852
70 43 852
43 55 787
55 43 787
44 46 854
46 44 854
46 71 916
71 46 916
46 64 317
64 46 317
47 75 289
75 47 289
47 54 847
54 47 847
49 61 234
61 49 234
50 63 868
63 50 868
51 70 992
70 51 992
51 78 92
78 51 92
52 59 562
59 52 562
52 66 57
66 52 57
53 54 617
54 53 617
53 55 919
55 53 919
55 61 926
61 55 926
55 71 960
71 55 960
56 66 537
66 56 537
56 76 756
76 56 756
59 65 117
65 59 117
63 69 23
69 63 23
63 70 341
70 63 341
64 70 683
70 64 683
72 73 992
73 72 992
