89

0 1 821
1 0 821
0 7 450
7 0 450
0 8 53
8 0 53
0 12 503
12 0 503
0 19 235
19 0 235
0 66 366
66 0 366
0 71 573
71 0 573
0 81 85
81 0 85
0 19 662
19 0 662
0 67 303
67 0 303
0 87 553
87 0 553
1 2 434
2 1 434
1 3 825
3 1 825
1 54 163
54 1 163
1 61 607
61 1 607
1 5 57
5 1 57
1 81 106
81 1 106
1 63 347
63 1 347
1 54 860
54 1 860
2 28 492
28 2 492
2 57 716
57 2 716
2 32 801
32 2 801
2 72 140
72 2 140
2 33 22
33 2 22
2 16 689
16 2 689
2 12 232
12 2 232
3 4 943
4 3 943
3 16 59
16 3 59
3 20 461
20 3 461
3 24 723
24 3 723
3 55 315
55 3 315
3 45 323
45 3 323
3 47 363
47 3 363
3 27 775
27 3 775
3 61 766
61 3 766
3 67 700
67 3 700
3 5 871
5 3 871
4 5 20
5 4 20
4 44 86
44 4 86
4 19 839
19 4 839
4 34 87
34 4 87
4 53 780
53 4 780
4 34 543
34 4 543
4 58 10
58 4 10
5 6 553
6 5 553
5 9 382
9 5 382
5 14 811
14 5 811
5 56 534
56 5 534
5 16 674
16 5 674
5 67 530
67 5 530
5 27 220
27 5 220
5 49 494
49 5 494
5 77 287
77 5 287
6 10 541
10 6 541
6 15 456
15 6 456
6 17 998
17 6 998
6 38 992
38 6 992
6 85 907
85 6 907
6 20 317
20 6 317
6 31 75
31 6 75
6 59 684
59 6 684
6 71 577
71 6 577
7 42 584
42 7 584
7 44 721
44 7 721
7 65 495
65 7 495
7 40 350
40 7 350
7 21 381
21 7 381
7 55 176
55 7 176
7 47 617
47 7 617
7 53 269
53 7 269
8 11 32
11 8 32
8 45 780
45 8 780
8 73 365
73 8 365
8 25 976
25 8 976
9 34 809
34 9 809
9 43 644
43 9 644
9 48 799
48 9 799
9 51 461
51 9 461
9 78 800
78 9 800
9 86 816
86 9 816
9 81 289
81 9 289
9 28 836
28 9 836
9 33 127
33 9 127
10 13 578
13 10 578
10 18 950
18 10 950
10 63 842
63 10 842
10 16 730
16 10 730
10 44 380
44 10 380
10 21 810
21 10 810
10 20 465
20 10 465
10 38 308
38 10 308
10 10 873
10 10 873
10 77 464
77 10 464
10 73 80
73 10 80
10 68 706
68 10 706
10 28 594
28 10 594
11 22 958
22 11 958
11 23 834
23 11 834
11 26 934
26 11 934
11 27 468
27 11 468
11 31 685
31 11 685
11 50 950
50 11 950
11 64 936
64 11 936
11 65 316
65 11 316
11 62 456
62 11 456
11 87 624
87 11 624
11 57 929
57 11 929
11 64 296
64 11 296
11 63 725
63 11 725
12 68 942
68 12 942
12 14 278
14 12 278
12 13 992
13 12 992
12 41 1
41 12 1
12 25 860
25 12 860
13 30 768
30 13 768
13 44 12
44 13 12
13 23 460
23 13 460
13 64 744
64 13 744
13 64 389
64 13 389
13 55 480
55 13 480
13 52 127
52 13 127
13 66 758
66 13 758
14 37 14
37 14 14
14 47 266
47 14 266
14 59 203
59 14 203
14 69 528
69 14 528
14 23 334
23 14 334
14 87 243
87 14 243
14 56 874
56 14 874
14 30 896
30 14 896
14 35 76
35 14 76
15 32 969
32 15 969
15 66 145
66 15 145
15 44 929
44 15 929
15 39 487
39 15 487
15 62 405
62 15 405
15 20 817
20 15 817
15 29 531
29 15 531
15 82 203
82 15 203
16 43 7
43 16 7
16 77 667
77 16 667
16 87 584
87 16 584
16 63 776
63 16 776
16 62 556
62 16 556
17 21 946
21 17 946
17 25 634
25 17 634
17 39 127
39 17 127
17 53 706
53 17 706
17 56 478
56 17 478
17 41 450
41 17 450
17 78 654
78 17 654
17 21 487
21 17 487
17 44 657
44 17 657
17 29 968
29 17 968
17 48 150
48 17 150
18 33 890
33 18 890
18 82 972
82 18 972
18 83 771
83 18 771
18 80 690
80 18 690
18 65 896
65 18 896
18 75 227
75 18 227
18 40 761
40 18 761
18 53 820
53 18 820
18 41 400
41 18 400
18 60 834
60 18 834
19 46 832
46 19 832
19 58 890
58 19 890
19 62 332
62 19 332
19 74 824
74 19 824
19 42 320
42 19 320
19 29 247
29 19 247
19 32 278
32 19 278
20 41 377
41 20 377
20 71 463
71 20 463
21 65 212
65 21 212
21 46 362
46 21 362
21 82 282
82 21 282
21 35 320
35 21 320
21 46 365
46 21 365
21 84 351
84 21 351
21 35 661
35 21 661
21 44 54
44 21 54
21 24 705
24 21 705
21 34 755
34 21 755
21 51 897
51 21 897
21 37 276
37 21 276
22 35 173
35 22 173
22 72 392
72 22 392
22 57 374
57 22 374
22 36 473
36 22 473
22 47 389
47 22 389
22 28 722
28 22 722
22 47 365
47 22 365
22 27 589
27 22 589
23 49 12
49 23 12
23 59 125
59 23 125
23 73 115
73 23 115
23 42 462
42 23 462
23 27 459
27 23 459
23 25 648
25 23 648
24 59 631
59 24 631
24 76 331
76 24 331
24 88 18
88 24 18
24 84 443
84 24 443
24 37 470
37 24 470
24 74 404
74 24 404
24 85 184
85 24 184
24 48 847
48 24 847
25 84 100
84 25 100
25 60 16
60 25 16
25 70 750
70 25 750
26 80 218
80 26 218
26 66 282
66 26 282
27 29 390
29 27 390
27 52 471
52 27 471
27 43 97
43 27 97
27 59 87
59 27 87
27 70 545
70 27 545
27 49 680
49 27 680
27 37 532
37 27 532
28 52 703
52 28 703
28 65 329
65 28 329
28 45 351
45 28 351
28 80 326
80 28 326
28 74 29
74 28 29
29 66 77
66 29 77
29 71 365
71 29 365
29 31 251
31 29 251
29 62 991
62 29 991
29 86 813
86 29 813
30 40 354
40 30 354
30 73 385
73 30 385
30 75 8
75 30 8
30 39 498
39 30 498
30 45 437
45 30 437
30 57 748
57 30 748
30 63 225
63 30 225
30 43 917
43 30 917
30 33 789
33 30 789
31 38 359
38 31 359
31 43 803
43 31 803
32 36 960
36 32 960
32 82 824
82 32 824
32 40 276
40 32 276
32 80 482
80 32 482
33 87 299
87 33 299
33 57 932
57 33 932
33 84 168
84 33 168
33 65 156
65 33 156
33 86 176
86 33 176
33 66 269
66 33 269
34 76 439
76 34 439
34 36 682
36 34 682
34 68 822
68 34 822
34 51 949
51 34 949
35 47 819
47 35 819
35 59 217
59 35 217
35 58 387
58 35 387
36 49 451
49 36 451
36 74 52
74 36 52
36 50 436
50 36 436
37 77 611
77 37 611
37 52 137
52 37 137
38 60 764
60 38 764
38 73 244
73 38 244
38 76 563
76 38 563
40 41 986
41 40 986
40 52 870
52 40 870
41 45 221
45 41 221
41 84 821
84 41 821
43 60 923
60 43 923
43 50 9
50 43 9
44 60 292
60 44 292
44 85 809
85 44 809
44 88 71
88 44 71
45 70 958
70 45 958
45 57 512
57 45 512
45 60 445
60 45 445
45 53 633
53 45 633
45 88 570
88 45 570
45 48 96
48 45 96
45 65 182
65 45 182
46 88 536
88 46 536
46 50 989
50 46 989
46 81 828
81 46 828
46 63 770
63 46 770
46 73 430
73 46 430
47 68 593
68 47 593
47 75 710
75 47 710
47 79 450
79 47 450
47 87 366
87 47 366
47 86 273
86 47 273
47 75 451
75 47 451
48 84 588
84 48 588
48 55 306
55 48 306
48 86 604
86 48 604
48 64 561
64 48 561
50 74 59
74 50 59
50 72 329
72 50 329
50 53 919
53 50 919
51 58 790
58 51 790
52 69 341
69 52 341
52 87 182
87 52 182
52 77 516
77 52 516
53 55 657
55 53 657
53 85 281
85 53 281
53 85 471
85 53 471
53 70 602
70 53 602
53 82 490
82 53 490
53 84 811
84 53 811
54 68 608
68 54 608
54 76 401
76 54 401
55 59 944
59 55 944
55 76 886
76 55 886
55 88 614
88 55 614
56 67 136
67 56 136
56 85 275
85 56 275
56 66 461
66 56 461
57 82 477
82 57 477
57 86 91
86 57 91
57 70 575
70 57 575
59 87 669
87 59 669
59 71 439
71 59 439
60 84 675
84 60 675
60 86 325
86 60 325
62 81 176
81 62 176
62 70 179
70 62 179
62 72 978
72 62 978
62 65 890
65 62 890
63 79 127
79 63 127
63 77 141
77 63 141
63 84 194
84 63 194
63 64 947
64 63 947
63 84 733
84 63 733
63 76 772
76 63 772
64 81 963
81 64 963
64 82 695
82 64 695
65 87 660
87 65 660
66 77 732
77 66 732
66 87 928
87 66 928
67 71 535
71 67 535
67 71 328
71 67 328
67 80 922
80 67 922
68 84 7
84 68 7
68 88 395
88 68 395
68 69 957
69 68 957
69 84 101
84 69 101
69 76 920
76 69 920
70 76 902
76 70 902
70 73 675
73 70 675
72 83 578
83 72 578
73 87 691
87 73 691
74 80 756
80 74 756
74 88 117
88 74 117
74 82 547
82 74 547
75 83 611
83 75 611
75 86 222
86 75 222
81 85 345
85 81 345
82 84 654
84 82 654
83 87 317
87 83 317
86 86 772
86 86 772
