52

0 1 881
1 0 881
0 5 753
5 0 753
0 7 458
7 0 458
0 9 158
9 0 158
0 18 490
18 0 490
0 29 438
29 0 438
0 42 890
42 0 890
0 18 176
18 0 176
0 29 748
29 0 748
0 27 97
27 0 97
1 2 814
2 1 814
1 39 330
39 1 330
1 46 516
46 1 516
1 29 499
29 1 499
1 50 900
50 1 900
1 35 470
35 1 470
1 39 532
39 1 532
1 23 970
23 1 970
1 26 134
26 1 134
2 3 165
3 2 165
2 4 752
4 2 752
2 6 792
6 2 792
2 31 119
31 2 119
2 13 55
13 2 55
2 16 823
16 2 823
2 17 133
17 2 133
2 21 49
21 2 49
2 39 4
39 2 4
3 13 406
13 3 406
3 16 452
16 3 452
3 19 2
19 3 2
3 15 343
15 3 343
3 50 519
50 3 519
3 13 841
13 3 841
3 7 786
7 3 786
3 6 431
6 3 431
3 44 328
44 3 328
3 41 372
41 3 372
3 28 839
28 3 839
4 8 636
8 4 636
4 39 223
39 4 223
4 30 127
30 4 127
4 19 466
19 4 466
5 17 189
17 5 189
5 33 134
33 5 134
5 38 536
38 5 536
5 38 210
38 5 210
5 8 312
8 5 312
5 32 152
32 5 152
6 8 428
8 6 428
6 41 573
41 6 573
6 17 294
17 6 294
6 38 359
38 6 359
7 10 155
10 7 155
7 11 290
11 7 290
7 30 575
30 7 575
7 7 166
7 7 166
8 34 321
34 8 321
8 44 933
44 8 933
8 48 536
48 8 536
8 10 939
10 8 939
9 11 736
11 9 736
9 38 644
38 9 644
9 12 871
12 9 871
10 12 847
12 10 847
10 21 789
21 10 789
10 46 946
46 10 946
10 50 105
50 10 105
10 19 783
19 10 783
10 15 221
15 10 221
11 27 73
27 11 73
11 49 442
49 11 442
11 47 346
47 11 346
12 14 732
14 12 732
12 20 908
20 12 908
12 29 435
29 12 435
12 15 63
15 12 63
12 12 163
12 12 163
13 15 960
15 13 960
13 30 380
30 13 380
13 35 873
35 13 873
13 34 424
34 13 424
13 34 585
34 13 585
14 25 796
25 14 796
14 51 577
51 14 577
14 34 449
34 14 449
14 21 134
21 14 134
15 27 526
27 15 526
15 33 500
33 15 500
15 46 493
46 15 493
15 19 600
19 15 600
15 45 500
45 15 500
15 26 525
26 15 525
15 34 970
34 15 970
16 23 521
23 16 521
16 26 981
26 16 981
16 23 211
23 16 211
16 49 706
49 16 706
16 18 616
18 16 616
16 50 208
50 16 208
17 48 608
48 17 608
17 20 190
20 17 190
17 43 618
43 17 618
17 48 441
48 17 441
17 47 939
47 17 939
18 36 952
36 18 952
18 42 115
42 18 115
18 44 469
44 18 469
19 22 280
22 19 280
19 24 497
24 19 497
19 27 913
27 19 913
19 23 448
23 19 448
19 28 465
28 19 465
19 39 171
39 19 171
19 21 147
21 19 147
20 33 929
33 20 929
20 39 555
39 20 555
20 43 826
43 20 826
21 32 987
32 21 987
22 40 694
40 22 694
22 46 870
46 22 870
22 46 282
46 22 282
23 45 671
45 23 671
23 25 468
25 23 468
24 28 364
28 24 364
24 34 155
34 24 155
24 29 626
29 24 626
24 45 159
45 24 159
24 51 543
51 24 543
24 39 800
39 24 800
25 49 622
49 25 622
25 46 464
46 25 464
26 32 72
32 26 72
26 50 591
50 26 591
27 49 609
49 27 609
27 47 370
47 27 370
27 49 609
49 27 609
28 50 866
50 28 866
28 50 83
50 28 83
29 47 296
47 29 296
29 45 868
45 29 868
30 32 30
32 30 30
30 42 979
42 30 979
31 32 989
32 31 989
31 41 255
41 31 255
32 41 767
41 32 767
32 42 670
42 32 670
33 37 277
37 33 277
33 39 53
39 33 53
33 51 228
51 33 228
34 36 781
36 34 781
34 41 440
41 34 440
35 39 154
39 35 154
35 37 92
37 35 92
35 43 794
43 35 794
37 43 965
43 37 965
37 44 383
44 37 383
37 43 845
43 37 845
37 48 361
48 37 361
38 43 532
43 38 532
38 46 893
46 38 893
39 47 949
47 39 949
40 48 688
48 40 688
40 49 62
49 40 62
40 49 792
49 40 792
41 49 732
49 41 732
41 43 692
43 41 692
44 50 631
50 44 631
44 50 530
50 44 530
47 47 995
47 47 995
50 51 263
51 50 263
