97

0 1 741
1 0 741
0 5 420
5 0 420
0 6 200
6 0 200
0 13 946
13 0 946
0 95 411
95 0 411
0 62 641
62 0 641
0 12 730
12 0 730
0 90 430
90 0 430
0 88 121
88 0 121
0 8 337
8 0 337
0 77 250
77 0 250
0 63 5
63 0 5
0 38 69
38 0 69
0 41 197
41 0 197
0 8 923
8 0 923
1 2 226
2 1 226
1 8 48
8 1 48
1 10 355
10 1 355
1 64 71
64 1 71
1 16 544
16 1 544
1 22 320
22 1 320
1 44 564
44 1 564
1 73 863
73 1 863
1 62 584
62 1 584
1 31 618
31 1 618
1 14 160
14 1 160
1 70 358
70 1 358
1 81 579
81 1 579
1 60 352
60 1 352
1 77 552
77 1 552
1 52 445
52 1 445
2 3 849
3 2 849
2 11 66
11 2 66
2 22 118
22 2 118
2 86 523
86 2 523
2 80 722
80 2 722
2 62 952
62 2 952
2 10 626
10 2 626
2 41 5
41 2 5
2 8 857
8 2 857
2 57 743
57 2 743
2 24 769
24 2 769
2 50 205
50 2 205
3 4 574
4 3 574
3 7 987
7 3 987
3 9 680
9 3 680
3 20 467
20 3 467
3 55 634
55 3 634
3 58 319
58 3 319
3 75 830
75 3 830
3 11 105
11 3 105
3 29 334
29 3 334
3 90 261
90 3 261
3 28 702
28 3 702
3 39 365
39 3 365
3 44 257
44 3 257
3 47 954
47 3 954
3 94 842
94 3 842
3 25 996
25 3 996
4 15 242
15 4 242
4 90 817
90 4 817
4 77 637
77 4 637
4 91 150
91 4 150
4 26 86
26 4 86
4 9 470
9 4 470
4 96 955
96 4 955
4 83 558
83 4 558
4 65 960
65 4 960
4 70 266
70 4 266
4 75 442
75 4 442
4 79 612
79 4 612
4 76 710
76 4 710
4 64 125
64 4 125
4 85 517
85 4 517
4 56 205
56 4 205
4 62 738
62 4 738
5 17 350
17 5 350
5 24 142
24 5 142
5 15 24
15 5 24
5 82 80
82 5 80
5 57 233
57 5 233
5 19 97
19 5 97
5 96 441
96 5 441
5 95 108
95 5 108
5 36 15
36 5 15
5 11 123
11 5 123
5 38 637
38 5 637
5 89 546
89 5 546
5 32 393
32 5 393
6 68 570
68 6 570
6 70 103
70 6 103
6 71 44
71 6 44
6 10 455
10 6 455
6 70 217
70 6 217
6 65 484
65 6 484
6 53 421
53 6 421
6 61 635
61 6 635
6 75 346
75 6 346
6 6 577
6 6 577
6 19 750
19 6 750
6 42 643
42 6 643
6 91 689
91 6 689
6 87 488
87 6 488
6 16 345
16 6 345
7 16 954
16 7 954
7 30 626
30 7 626
7 40 809
40 7 809
7 45 260
45 7 260
7 45 738
45 7 738
7 26 503
26 7 503
7 32 637
32 7 637
7 29 91
29 7 91
7 15 839
15 7 839
7 14 842
14 7 842
7 71 325
71 7 325
7 22 314
22 7 314
7 84 175
84 7 175
8 12 153
12 8 153
8 25 799
25 8 799
8 52 587
52 8 587
8 30 434
30 8 434
8 95 369
95 8 369
8 82 551
82 8 551
8 39 783
39 8 783
8 93 556
93 8 556
8 65 225
65 8 225
8 96 576
96 8 576
8 23 849
23 8 849
8 49 173
49 8 173
8 68 65
68 8 65
9 96 235
96 9 235
9 31 934
31 9 934
9 96 393
96 9 393
9 27 477
27 9 477
9 12 913
12 9 913
9 18 415
18 9 415
9 34 552
34 9 552
9 70 372
70 9 372
9 52 779
52 9 779
9 49 272
49 9 272
9 37 969
37 9 969
9 77 376
77 9 376
9 71 355
71 9 355
9 91 731
91 9 731
9 47 336
47 9 336
9 80 1
80 9 1
9 45 228
45 9 228
9 56 651
56 9 651
9 35 440
35 9 440
10 18 538
18 10 538
10 37 436
37 10 436
10 93 454
93 10 454
10 84 145
84 10 145
10 42 409
42 10 409
10 27 450
27 10 450
10 46 696
46 10 696
10 48 372
48 10 372
10 73 406
73 10 406
10 68 134
68 10 134
10 75 508
75 10 508
10 60 903
60 10 903
11 27 812
27 11 812
11 77 385
77 11 385
11 15 574
15 11 574
11 46 986
46 11 986
11 95 565
95 11 565
11 78 559
78 11 559
11 35 535
35 11 535
12 32 795
32 12 795
12 36 864
36 12 864
12 76 291
76 12 291
12 21 805
21 12 805
12 38 338
38 12 338
12 45 388
45 12 388
12 46 539
46 12 539
12 79 377
79 12 377
12 85 143
85 12 143
12 65 251
65 12 251
12 66 620
66 12 620
12 26 372
26 12 372
12 54 617
54 12 617
12 71 133
71 12 133
13 14 321
14 13 321
13 50 189
50 13 189
13 54 54
54 13 54
13 82 116
82 13 116
13 54 541
54 13 541
13 29 856
29 13 856
13 37 832
37 13 832
13 79 996
79 13 996
13 39 618
39 13 618
13 65 469
65 13 469
13 50 121
50 13 121
13 37 272
37 13 272
14 19 237
19 14 237
14 67 992
67 14 992
14 73 428
73 14 428
14 39 169
39 14 169
14 34 542
34 14 542
14 55 693
55 14 693
14 26 604
26 14 604
14 71 567
71 14 567
14 44 134
44 14 134
14 27 864
27 14 864
15 21 232
21 15 232
15 26 761
26 15 761
15 66 353
66 15 353
15 43 215
43 15 215
15 43 778
43 15 778
15 85 885
85 15 885
15 62 147
62 15 147
15 56 797
56 15 797
15 79 943
79 15 943
15 47 526
47 15 526
15 35 592
35 15 592
15 42 291
42 15 291
15 46 574
46 15 574
15 57 586
57 15 586
15 39 784
39 15 784
16 95 138
95 16 138
16 77 93
77 16 93
16 29 212
29 16 212
16 22 516
22 16 516
16 45 559
45 16 559
16 62 37
62 16 37
16 19 47
19 16 47
16 43 994
43 16 994
16 45 749
45 16 749
16 19 829
19 16 829
17 52 409
52 17 409
17 63 481
63 17 481
17 38 365
38 17 365
17 78 890
78 17 890
17 88 906
88 17 906
17 23 900
23 17 900
17 30 705
30 17 705
17 21 84
21 17 84
17 56 879
56 17 879
17 77 427
77 17 427
18 41 397
41 18 397
18 42 905
42 18 905
18 90 322
90 18 322
18 39 632
39 18 632
18 79 433
79 18 433
18 91 887
91 18 887
18 76 224
76 18 224
18 92 337
92 18 337
18 76 813
76 18 813
19 89 731
89 19 731
19 94 191
94 19 191
19 67 731
67 19 731
19 59 519
59 19 519
19 90 623
90 19 623
19 41 7
41 19 7
19 80 483
80 19 483
19 28 875
28 19 875
19 85 265
85 19 265
19 75 426
75 19 426
20 23 914
23 20 914
20 34 223
34 20 223
20 46 712
46 20 712
20 41 173
41 20 173
20 43 726
43 20 726
20 32 603
32 20 603
20 30 940
30 20 940
20 88 699
88 20 699
20 57 498
57 20 498
20 79 248
79 20 248
20 23 842
23 20 842
20 68 47
68 20 47
20 23 860
23 20 860
21 66 992
66 21 992
21 73 846
73 21 846
21 33 993
33 21 993
21 35 216
35 21 216
21 21 869
21 21 869
21 26 388
26 21 388
21 38 86
38 21 86
21 82 553
82 21 553
21 41 563
41 21 563
21 59 167
59 21 167
21 65 154
65 21 154
22 44 778
44 22 778
22 62 889
62 22 889
22 82 796
82 22 796
22 55 586
55 22 586
22 58 447
58 22 447
22 63 990
63 22 990
22 88 294
88 22 294
23 25 348
25 23 348
23 35 562
35 23 562
23 92 476
92 23 476
23 50 319
50 23 319
23 89 666
89 23 666
23 35 547
35 23 547
23 83 501
83 23 501
23 95 873
95 23 873
23 82 134
82 23 134
24 29 408
29 24 408
24 31 796
31 24 796
24 43 146
43 24 146
24 78 703
78 24 703
24 52 325
52 24 325
24 29 723
29 24 723
24 52 696
52 24 696
24 47 550
47 24 550
24 67 805
67 24 805
24 50 970
50 24 970
24 24 211
24 24 211
25 56 761
56 25 761
25 60 111
60 25 111
25 43 296
43 25 296
25 79 681
79 25 681
25 47 485
47 25 485
25 71 461
71 25 461
25 38 70
38 25 70
25 79 385
79 25 385
25 47 472
47 25 472
25 59 728
59 25 728
25 35 331
35 25 331
25 88 449
88 25 449
25 86 365
86 25 365
25 69 943
69 25 943
25 86 155
86 25 155
26 28 428
28 26 428
26 33 243
33 26 243
26 74 284
74 26 284
26 34 643
34 26 643
26 69 468
69 26 468
26 28 946
28 26 946
26 37 878
37 26 878
26 62 603
62 26 603
26 96 903
96 26 903
26 83 369
83 26 369
26 70 75
70 26 75
26 87 482
87 26 482
26 34 261
34 26 261
26 74 392
74 26 392
26 52 828
52 26 828
27 37 954
37 27 954
27 70 493
70 27 493
27 87 216
87 27 216
27 54 708
54 27 708
27 92 670
92 27 670
27 42 518
42 27 518
28 38 725
38 28 725
28 92 420
92 28 420
28 71 569
71 28 569
28 48 50
48 28 50
28 58 595
58 28 595
28 76 969
76 28 969
28 93 417
93 28 417
28 35 68
35 28 68
29 70 319
70 29 319
29 48 976
48 29 976
29 73 95
73 29 95
29 58 870
58 29 870
29 71 867
71 29 867
29 45 74
45 29 74
29 65 361
65 29 361
29 71 818
71 29 818
30 47 633
47 30 633
30 75 199
75 30 199
30 74 673
74 30 673
30 76 635
76 30 635
30 57 399
57 30 399
30 56 601
56 30 601
30 69 546
69 30 546
30 61 523
61 30 523
30 62 585
62 30 585
30 66 398
66 30 398
30 32 206
32 30 206
31 88 962
88 31 962
31 41 240
41 31 240
31 84 20
84 31 20
31 95 679
95 31 679
31 87 527
87 31 527
31 94 73
94 31 73
31 41 686
41 31 686
31 59 91
59 31 91
31 79 201
79 31 201
31 43 579
43 31 579
31 53 145
53 31 145
31 93 795
93 31 795
32 69 79
69 32 79
32 56 784
56 32 784
32 38 353
38 32 353
32 86 249
86 32 249
32 39 320
39 32 320
32 84 909
84 32 909
32 81 720
81 32 720
32 36 420
36 32 420
32 91 208
91 32 208
32 81 671
81 32 671
32 76 781
76 32 781
33 49 872
49 33 872
33 60 511
60 33 511
33 95 485
95 33 485
33 43 942
43 33 942
33 67 981
67 33 981
33 60 154
60 33 154
34 83 50
83 34 50
34 68 741
68 34 741
34 91 681
91 34 681
34 88 618
88 34 618
34 84 544
84 34 544
34 91 241
91 34 241
34 79 133
79 34 133
34 91 162
91 34 162
34 50 305
50 34 305
34 72 795
72 34 795
34 93 694
93 34 694
35 74 561
74 35 561
35 62 45
62 35 45
35 70 81
70 35 81
36 57 610
57 36 610
36 83 255
83 36 255
36 71 445
71 36 445
36 71 259
71 36 259
37 53 247
53 37 247
37 59 364
59 37 364
37 56 335
56 37 335
37 73 971
73 37 971
37 81 690
81 37 690
37 75 486
75 37 486
37 40 448
40 37 448
38 39 225
39 38 225
38 83 940
83 38 940
38 49 52
49 38 52
38 74 672
74 38 672
38 63 438
63 38 438
38 57 936
57 38 936
38 81 529
81 38 529
38 40 735
40 38 735
39 51 109
51 39 109
39 62 450
62 39 450
39 62 618
62 39 618
39 51 56
51 39 56
39 93 873
93 39 873
39 91 847
91 39 847
39 51 984
51 39 984
39 93 63
93 39 63
39 69 893
69 39 893
40 83 955
83 40 955
40 55 987
55 40 987
41 48 321
48 41 321
41 59 213
59 41 213
41 58 63
58 41 63
41 62 586
62 41 586
41 45 715
45 41 715
41 82 861
82 41 861
41 65 856
65 41 856
41 63 445
63 41 445
41 77 46
77 41 46
41 77 73
77 41 73
42 60 647
60 42 647
42 62 442
62 42 442
42 48 946
48 42 946
42 91 239
91 42 239
42 43 96
43 42 96
42 75 655
75 42 655
42 77 73
77 42 73
43 61 112
61 43 112
43 67 360
67 43 360
43 65 184
65 43 184
43 73 198
73 43 198
43 67 976
67 43 976
43 54 915
54 43 915
43 66 893
66 43 893
43 74 295
74 43 295
44 56 879
56 44 879
44 62 122
62 44 122
44 94 965
94 44 965
44 71 159
71 44 159
44 68 341
68 44 341
45 57 611
57 45 611
45 78 837
78 45 837
45 91 229
91 45 229
45 84 55
84 45 55
45 60 253
60 45 253
45 58 454
58 45 454
46 80 193
80 46 193
46 79 777
79 46 777
46 86 25
86 46 25
46 88 275
88 46 275
46 56 790
56 46 790
46 88 724
88 46 724
46 49 936
49 46 936
47 89 18
89 47 18
47 82 482
82 47 482
47 73 157
73 47 157
47 62 927
62 47 927
47 80 21
80 47 21
47 79 60
79 47 60
47 55 83
55 47 83
47 88 351
88 47 351
47 72 85
72 47 85
47 55 466
55 47 466
48 56 378
56 48 378
48 74 481
74 48 481
48 79 565
79 48 565
48 50 523
50 48 523
48 74 211
74 48 211
48 80 233
80 48 233
49 51 574
51 49 574
49 75 207
75 49 207
49 58 567
58 49 567
49 53 999
53 49 999
49 94 284
94 49 284
49 67 119
67 49 119
49 56 217
56 49 217
49 65 310
65 49 310
50 96 959
96 50 959
50 87 53
87 50 53
50 73 983
73 50 983
50 75 274
75 50 274
50 57 572
57 50 572
51 65 782
65 51 782
51 54 410
54 51 410
51 85 435
85 51 435
51 52 51
52 51 51
51 68 626
68 51 626
51 55 789
55 51 789
51 84 72
84 51 72
52 88 314
88 52 314
52 93 949
93 52 949
53 95 791
95 53 791
53 69 627
69 53 627
53 83 878
83 53 878
53 68 779
68 53 779
53 78 364
78 53 364
53 83 330
83 53 330
53 83 700
83 53 700
53 57 494
57 53 494
54 54 269
54 54 269
54 66 777
66 54 777
54 79 556
79 54 556
54 93 947
93 54 947
54 87 185
87 54 185
55 77 41
77 55 41
55 90 217
90 55 217
55 72 945
72 55 945
56 81 17
81 56 17
57 94 568
94 57 568
57 63 91
63 57 91
57 73 808
73 57 808
57 89 718
89 57 718
57 64 516
64 57 516
58 93 767
93 58 767
58 84 751
84 58 751
58 77 488
77 58 488
58 74 663
74 58 663
58 82 984
82 58 984
58 94 738
94 58 738
58 95 792
95 58 792
58 65 989
65 58 989
58 72 573
72 58 573
58 95 407
95 58 407
59 72 834
72 59 834
59 66 506
66 59 506
59 80 765
80 59 765
59 94 208
94 59 208
59 93 646
93 59 646
59 90 509
90 59 509
59 69 486
69 59 486
60 74 953
74 60 953
60 60 960
60 60 960
60 69 537
69 60 537
60 69 84
69 60 84
61 78 551
78 61 551
61 62 640
62 61 640
61 90 191
90 61 191
62 68 221
68 62 221
62 82 184
82 62 184
62 85 928
85 62 928
62 74 286
74 62 286
63 87 235
87 63 235
63 75 195
75 63 195
63 96 755
96 63 755
63 77 985
77 63 985
63 86 698
86 63 698
63 70 840
70 63 840
64 79 775
79 64 775
64 81 41
81 64 41
64 83 374
83 64 374
64 90 28
90 64 28
64 82 485
82 64 485
65 68 662
68 65 662
65 76 384
76 65 384
65 68 494
68 65 494
65 85 800
85 65 800
65 66 212
66 65 212
66 82 631
82 66 631
66 88 565
88 66 565
66 90 720
90 66 720
66 90 917
90 66 917
66 86 134
86 66 134
66 80 608
80 66 608
66 88 6
88 66 6
66 78 711
78 66 711
67 71 583
71 67 583
67 73 369
73 67 369
67 77 340
77 67 340
67 77 668
77 67 668
67 84 641
84 67 641
68 94 243
94 68 243
68 79 176
79 68 176
68 77 361
77 68 361
68 87 102
87 68 102
69 76 925
76 69 925
69 82 707
82 69 707
69 85 268
85 69 268
69 74 276
74 69 276
69 86 36
86 69 36
69 75 286
75 69 286
70 92 113
92 70 113
70 71 459
71 70 459
71 94 555
94 71 555
71 96 792
96 71 792
72 83 903
83 72 903
72 94 113
94 72 113
72 93 259
93 72 259
73 74 607
74 73 607
73 89 30
89 73 30
73 78 199
78 73 199
74 83 772
83 74 772
74 81 161
81 74 161
74 76 147
76 74 147
74 83 195
83 74 195
74 76 638
76 74 638
74 78 91
78 74 91
74 88 747
88 74 747
74 78 365
78 74 365
75 76 814
76 75 814
76 85 184
85 76 184
77 80 458
80 77 458
78 94 819
94 78 819
78 81 124
81 78 124
79 85 796
85 79 796
79 83 971
83 79 971
79 93 419
93 79 419
79 94 951
94 79 951
80 93 315
93 80 315
80 84 146
84 80 146
80 93 20
93 80 20
81 86 6
86 81 6
81 81 714
81 81 714
81 85 960
85 81 960
82 84 144
84 82 144
82 87 936
87 82 936
83 84 909
84 83 909
83 96 929
96 83 929
83 93 808
93 83 808
83 95 289
95 83 289
84 89 238
89 84 238
84 91 359
91 84 359
86 93 682
93 86 682
88 92 445
92 88 445
88 89 645
89 88 645
89 91 45
91 89 45
89 92 932
92 89 932
90 94 777
94 90 777
91 92 434
92 91 434
91 94 437
94 91 437
92 94 779
94 92 779
93 95 698
95 93 698
