86

0 1 477
1 0 477
0 3 65
3 0 65
0 4 937
4 0 937
0 6 459
6 0 459
0 7 617
7 0 617
0 0 824
0 0 824
0 67 288
67 0 288
0 63 686
63 0 686
0 48 868
48 0 868
0 12 617
12 0 617
0 48 484
48 0 484
0 12 990
12 0 990
0 14 566
14 0 566
0 37 998
37 0 998
0 0 279
0 0 279
1 2 696
2 1 696
1 51 972
51 1 972
1 50 59
50 1 59
1 25 950
25 1 950
1 65 993
65 1 993
2 15 125
15 2 125
2 20 870
20 2 870
2 26 505
26 2 505
2 62 852
62 2 852
2 43 506
43 2 506
2 53 834
53 2 834
2 34 70
34 2 70
2 21 943
21 2 943
3 35 568
35 3 568
3 64 37
64 3 37
3 77 870
77 3 870
3 30 474
30 3 474
3 20 667
20 3 667
3 26 358
26 3 358
3 3 193
3 3 193
3 78 215
78 3 215
3 77 263
77 3 263
4 5 88
5 4 88
4 9 849
9 4 849
4 11 339
11 4 339
4 16 999
16 4 999
4 55 353
55 4 353
4 65 48
65 4 48
4 54 31
54 4 31
5 8 940
8 5 940
5 10 501
10 5 501
5 13 305
13 5 305
5 25 964
25 5 964
5 66 703
66 5 703
5 41 766
41 5 766
5 46 915
46 5 915
5 44 757
44 5 757
5 19 650
19 5 650
5 36 610
36 5 610
6 43 255
43 6 255
6 30 723
30 6 723
6 62 490
62 6 490
7 12 828
12 7 828
7 60 566
60 7 566
7 82 786
82 7 786
7 38 23
38 7 23
7 85 625
85 7 625
7 67 988
67 7 988
7 84 190
84 7 190
7 47 146
47 7 146
7 81 14
81 7 14
7 77 294
77 7 294
7 18 278
18 7 278
8 53 940
53 8 940
8 15 750
15 8 750
8 71 895
71 8 895
8 10 788
10 8 788
8 38 843
38 8 843
9 43 658
43 9 658
9 39 900
39 9 900
9 21 323
21 9 323
9 74 647
74 9 647
9 18 674
18 9 674
10 70 144
70 10 144
10 62 442
62 10 442
10 19 74
19 10 74
10 30 665
30 10 665
11 39 974
39 11 974
11 46 291
46 11 291
11 78 291
78 11 291
11 28 450
28 11 450
11 51 868
51 11 868
11 17 477
17 11 477
11 25 362
25 11 362
11 27 444
27 11 444
12 14 103
14 12 103
12 18 471
18 12 471
12 21 214
21 12 214
12 18 684
18 12 684
12 25 545
25 12 545
13 19 434
19 13 434
13 33 849
33 13 849
13 42 252
42 13 252
13 80 857
80 13 857
13 57 423
57 13 423
13 32 387
32 13 387
13 42 189
42 13 189
13 42 480
42 13 480
13 50 152
50 13 152
14 62 95
62 14 95
14 42 295
42 14 295
14 85 55
85 14 55
14 79 390
79 14 390
14 83 503
83 14 503
14 27 757
27 14 757
15 17 711
17 15 711
15 22 945
22 15 945
15 68 101
68 15 101
15 78 127
78 15 127
15 33 180
33 15 180
15 57 6
57 15 6
15 85 923
85 15 923
15 48 955
48 15 955
15 16 926
16 15 926
15 75 502
75 15 502
15 44 368
44 15 368
15 51 962
51 15 962
15 33 143
33 15 143
15 19 313
19 15 313
16 27 746
27 16 746
16 61 325
61 16 325
16 38 948
38 16 948
16 25 189
25 16 189
16 79 418
79 16 418
17 23 428
23 17 428
17 70 743
70 17 743
17 81 924
81 17 924
17 43 745
43 17 745
17 60 364
60 17 364
17 60 267
60 17 267
17 76 368
76 17 368
17 59 70
59 17 70
17 50 645
50 17 645
17 68 412
68 17 412
18 48 163
48 18 163
18 79 578
79 18 578
18 59 64
59 18 64
18 36 898
36 18 898
18 70 98
70 18 98
18 40 388
40 18 388
18 70 174
70 18 174
18 46 299
46 18 299
19 37 854
37 19 854
19 49 970
49 19 970
19 47 212
47 19 212
19 39 789
39 19 789
19 59 156
59 19 156
19 53 327
53 19 327
19 82 873
82 19 873
19 51 256
51 19 256
20 85 448
85 20 448
20 29 488
29 20 488
20 41 661
41 20 661
20 54 757
54 20 757
21 26 164
26 21 164
21 31 49
31 21 49
21 47 551
47 21 551
21 72 354
72 21 354
21 25 145
25 21 145
21 57 460
57 21 460
21 43 492
43 21 492
21 60 960
60 21 960
21 69 723
69 21 723
22 28 46
28 22 46
22 30 434
30 22 434
22 58 48
58 22 48
22 27 116
27 22 116
22 74 868
74 22 868
22 53 469
53 22 469
22 73 26
73 22 26
22 82 824
82 22 824
22 33 219
33 22 219
22 69 656
69 22 656
23 24 441
24 23 441
23 36 397
36 23 397
23 40 791
40 23 791
23 52 110
52 23 110
23 75 921
75 23 921
23 84 227
84 23 227
25 41 69
41 25 69
25 80 255
80 25 255
25 77 298
77 25 298
26 72 151
72 26 151
26 84 35
84 26 35
26 84 255
84 26 255
26 69 839
69 26 839
27 30 374
30 27 374
27 80 574
80 27 574
28 29 982
29 28 982
28 38 351
38 28 351
28 84 341
84 28 341
28 48 526
48 28 526
28 83 533
83 28 533
29 32 725
32 29 725
29 63 680
63 29 680
29 34 933
34 29 933
29 63 176
63 29 176
29 80 702
80 29 702
29 29 736
29 29 736
29 42 938
42 29 938
29 84 110
84 29 110
30 76 595
76 30 595
30 85 303
85 30 303
30 73 40
73 30 40
30 72 136
72 30 136
30 75 243
75 30 243
30 35 323
35 30 323
30 40 842
40 30 842
30 41 382
41 30 382
31 34 47
34 31 47
31 82 528
82 31 528
31 56 518
56 31 518
31 75 984
75 31 984
32 45 769
45 32 769
32 59 455
59 32 455
32 54 924
54 32 924
32 82 674
82 32 674
32 76 417
76 32 417
32 67 963
67 32 963
32 75 236
75 32 236
33 40 653
40 33 653
33 51 485
51 33 485
33 39 607
39 33 607
33 57 382
57 33 382
33 43 144
43 33 144
33 35 233
35 33 233
34 69 970
69 34 970
35 50 649
50 35 649
35 57 183
57 35 183
35 75 51
75 35 51
35 45 486
45 35 486
35 52 355
52 35 355
36 47 52
47 36 52
36 85 539
85 36 539
37 44 384
44 37 384
37 45 66
45 37 66
37 44 409
44 37 409
37 40 727
40 37 727
37 61 648
61 37 648
38 84 211
84 38 211
38 59 697
59 38 697
38 74 378
74 38 378
38 78 859
78 38 859
39 67 367
67 39 367
39 83 138
83 39 138
39 58 307
58 39 307
39 58 110
58 39 110
40 83 289
83 40 289
40 69 871
69 40 871
40 57 564
57 40 564
40 55 583
55 40 583
40 66 573
66 40 573
41 66 170
66 41 170
41 60 983
60 41 983
41 56 13
56 41 13
42 73 562
73 42 562
42 78 382
78 42 382
43 49 399
49 43 399
43 55 597
55 43 597
43 80 696
80 43 696
44 80 379
80 44 379
44 81 601
81 44 601
44 85 57
85 44 57
45 51 894
51 45 894
45 54 226
54 45 226
45 49 69
49 45 69
46 83 724
83 46 724
46 51 123
51 46 123
46 57 177
57 46 177
46 49 150
49 46 150
46 53 545
53 46 545
47 54 228
54 47 228
47 78 63
78 47 63
47 68 257
68 47 257
47 81 618
81 47 618
47 49 649
49 47 649
47 72 42
72 47 42
48 66 773
66 48 773
48 63 396
63 48 396
48 65 340
65 48 340
49 56 382
56 49 382
49 60 529
60 49 529
50 60 671
60 50 671
50 66 334
66 50 334
50 62 700
62 50 700
51 84 940
84 51 940
52 75 174
75 52 174
52 85 684
85 52 684
52 80 376
80 52 376
52 58 418
58 52 418
53 80 287
80 53 287
54 85 593
85 54 593
54 66 357
66 54 357
54 65 506
65 54 506
55 61 233
61 55 233
55 73 706
73 55 706
58 61 615
61 58 615
58 78 245
78 58 245
58 60 333
60 58 333
58 61 286
61 58 286
59 70 572
70 59 572
60 79 708
79 60 708
60 67 838
67 60 838
60 71 74
71 60 74
61 69 207
69 61 207
61 61 47
61 61 47
62 64 752
64 62 752
62 80 128
80 62 128
63 74 452
74 63 452
65 71 490
71 65 490
66 72 522
72 66 522
66 71 543
71 66 543
67 74 527
74 67 527
67 72 798
72 67 798
67 72 497
72 67 497
68 75 670
75 68 670
68 71 369
71 68 369
73 84 308
84 73 308
74 79 797
79 74 797
75 81 688
81 75 688
76 83 670
83 76 670
76 78 741
78 76 741
76 83 648
83 76 648
81 85 457
85 81 457
