63

0 1 129
1 0 129
0 2 811
2 0 811
0 44 282
44 0 282
0 37 145
37 0 145
0 56 514
56 0 514
0 28 298
28 0 298
0 21 820
21 0 820
0 22 382
22 0 382
1 4 816
4 1 816
1 5 711
5 1 711
1 31 986
31 1 986
1 36 793
36 1 793
1 42 173
42 1 173
1 41 324
41 1 324
1 56 657
56 1 657
1 56 508
56 1 508
1 15 83
15 1 83
1 48 501
48 1 501
1 33 569
33 1 569
1 19 1
19 1 1
1 60 253
60 1 253
2 3 965
3 2 965
2 18 123
18 2 123
2 52 671
52 2 671
2 27 570
27 2 570
2 13 463
13 2 463
2 3 206
3 2 206
2 23 698
23 2 698
2 40 337
40 2 337
2 48 483
48 2 483
3 6 450
6 3 450
3 7 427
7 3 427
3 9 597
9 3 597
3 23 369
23 3 369
3 27 98
27 3 98
3 11 934
11 3 934
3 25 710
25 3 710
3 14 509
14 3 509
4 50 906
50 4 906
4 59 796
59 4 796
4 20 306
20 4 306
4 43 525
43 4 525
4 31 329
31 4 329
4 14 199
14 4 199
4 20 417
20 4 417
4 15 641
15 4 641
5 56 940
56 5 940
5 61 2
61 5 2
5 38 322
38 5 322
5 47 2
47 5 2
5 17 971
17 5 971
5 55 105
55 5 105
6 8 117
8 6 117
6 10 987
10 6 987
6 11 591
11 6 591
6 55 199
55 6 199
6 51 568
51 6 568
6 35 891
35 6 891
6 45 693
45 6 693
7 14 608
14 7 608
7 15 844
15 7 844
7 24 708
24 7 708
7 45 516
45 7 516
7 16 869
16 7 869
7 50 947
50 7 947
7 11 87
11 7 87
7 9 501
9 7 501
7 26 673
26 7 673
7 23 48
23 7 48
7 23 150
23 7 150
8 49 258
49 8 258
8 34 735
34 8 735
8 39 379
39 8 379
8 40 145
40 8 145
8 58 27
58 8 27
8 38 100
38 8 100
8 55 168
55 8 168
9 12 157
12 9 157
9 13 808
13 9 808
9 19 203
19 9 203
9 20 710
20 9 710
9 45 331
45 9 331
9 39 134
39 9 134
9 11 612
11 9 612
9 28 52
28 9 52
9 42 131
42 9 131
10 17 990
17 10 990
10 20 260
20 10 260
10 44 538
44 10 538
10 58 945
58 10 945
11 26 65
26 11 65
11 58 35
58 11 35
12 21 483
21 12 483
12 34 81
34 12 81
12 40 420
40 12 420
12 61 384
61 12 384
12 14 421
14 12 421
12 54 982
54 12 982
13 33 203
33 13 203
13 46 225
46 13 225
13 50 74
50 13 74
13 54 518
54 13 518
13 31 620
31 13 620
14 16 669
16 14 669
14 20 735
20 14 735
14 18 722
18 14 722
14 31 83
31 14 83
14 38 976
38 14 976
14 33 343
33 14 343
15 22 325
22 15 325
15 35 189
35 15 189
15 27 221
27 15 221
15 31 549
31 15 549
15 30 571
30 15 571
16 47 315
47 16 315
17 30 216
30 17 216
17 60 618
60 17 618
17 45 461
45 17 461
17 44 789
44 17 789
17 20 93
20 17 93
17 22 509
22 17 509
18 56 663
56 18 663
18 19 966
19 18 966
18 43 633
43 18 633
18 19 271
19 18 271
19 48 396
48 19 396
19 62 89
62 19 89
19 48 231
48 19 231
19 21 243
21 19 243
19 35 739
35 19 739
19 57 236
57 19 236
19 45 576
45 19 576
19 26 924
26 19 924
20 57 922
57 20 922
20 43 959
43 20 959
20 47 346
47 20 346
21 28 896
28 21 896
21 43 813
43 21 813
21 24 769
24 21 769
21 38 346
38 21 346
22 25 209
25 22 209
22 54 484
54 22 484
22 44 592
44 22 592
22 54 990
54 22 990
22 23 640
23 22 640
23 36 440
36 23 440
23 62 558
62 23 558
23 43 993
43 23 993
23 31 320
31 23 320
23 27 148
27 23 148
24 32 331
32 24 331
24 40 704
40 24 704
24 57 77
57 24 77
25 49 509
49 25 509
25 42 623
42 25 623
25 61 335
61 25 335
25 37 613
37 25 613
25 62 258
62 25 258
26 28 133
28 26 133
26 29 467
29 26 467
26 32 222
32 26 222
26 37 926
37 26 926
26 62 321
62 26 321
27 50 316
50 27 316
27 54 25
54 27 25
27 58 659
58 27 659
27 40 381
40 27 381
27 28 825
28 27 825
27 28 189
28 27 189
27 35 413
35 27 413
27 59 409
59 27 409
28 29 430
29 28 430
28 34 446
34 28 446
28 55 414
55 28 414
28 45 807
45 28 807
28 48 644
48 28 644
28 47 183
47 28 183
29 39 947
39 29 947
29 61 637
61 29 637
29 54 506
54 29 506
30 45 592
45 30 592
30 53 985
53 30 985
31 54 816
54 31 816
31 35 39
35 31 39
31 61 755
61 31 755
32 58 641
58 32 641
32 48 877
48 32 877
32 50 852
50 32 852
32 52 302
52 32 302
32 40 447
40 32 447
32 39 758
39 32 758
33 50 139
50 33 139
33 48 675
48 33 675
33 52 969
52 33 969
33 41 283
41 33 283
33 51 155
51 33 155
34 53 806
53 34 806
34 41 733
41 34 733
34 57 331
57 34 331
35 42 655
42 35 655
35 38 902
38 35 902
36 38 788
38 36 788
36 57 840
57 36 840
36 60 309
60 36 309
36 47 798
47 36 798
36 44 373
44 36 373
36 48 438
48 36 438
36 53 709
53 36 709
37 49 656
49 37 656
37 41 913
41 37 913
38 51 270
51 38 270
38 43 687
43 38 687
40 41 521
41 40 521
40 43 724
43 40 724
40 46 145
46 40 145
40 60 953
60 40 953
40 44 447
44 40 447
42 60 312
60 42 312
42 51 536
51 42 536
43 55 785
55 43 785
44 58 606
58 44 606
44 45 486
45 44 486
44 57 686
57 44 686
45 60 598
60 45 598
46 59 321
59 46 321
47 52 773
52 47 773
48 54 756
54 48 756
50 56 967
56 50 967
51 52 293
52 51 293
55 60 287
60 55 287
55 57 643
57 55 643
57 59 336
59 57 336
58 60 854
60 58 854
59 60 5
60 59 5
60 62 980
62 60 980
