38

0 1 152
1 0 152
0 3 419
3 0 419
0 24 370
24 0 370
1 2 46
2 1 46
1 13 169
13 1 169
1 15 3
15 1 3
2 4 442
4 2 442
2 5 943
5 2 943
2 19 279
19 2 279
2 28 391
28 2 391
2 32 516
32 2 516
3 12 400
12 3 400
4 8 553
8 4 553
4 9 327
9 4 327
4 10 283
10 4 283
4 17 360
17 4 360
4 37 258
37 4 258
5 6 977
6 5 977
5 20 998
20 5 998
5 34 537
34 5 537
6 7 429
7 6 429
6 11 213
11 6 213
6 16 849
16 6 849
6 23 425
23 6 425
7 29 363
29 7 363
8 14 821
14 8 821
9 32 976
32 9 976
12 26 991
26 12 991
14 25 146
25 14 146
15 18 839
18 15 839
16 21 694
21 16 694
18 36 769
36 18 769
20 22 554
22 20 554
21 27 91
27 21 91
21 33 683
33 21 683
23 35 151
35 23 151
26 31 743
31 26 743
29 30 351
30 29 351
