83

0 1 609
1 0 609
0 5 398
5 0 398
0 81 939
81 0 939
0 9 795
9 0 795
0 40 675
40 0 675
0 39 705
39 0 705
0 41 94
41 0 94
0 45 584
45 0 584
0 37 967
37 0 967
0 50 400
50 0 400
0 37 781
37 0 781
0 9 922
9 0 922
0 17 410
17 0 410
0 36 833
36 0 833
0 52 140
52 0 140
1 2 738
2 1 738
1 4 999
4 1 999
1 8 395
8 1 395
1 30 725
30 1 725
1 42 501
42 1 501
1 31 676
31 1 676
1 70 2
70 1 2
1 60 606
60 1 606
1 22 118
22 1 118
1 19 286
19 1 286
1 32 19
32 1 19
1 13 561
13 1 561
1 4 117
4 1 117
1 37 820
37 1 820
1 42 808
42 1 808
1 7 880
7 1 880
1 58 877
58 1 877
1 28 396
28 1 396
1 16 928
16 1 928
1 51 784
51 1 784
2 3 159
3 2 159
2 6 277
6 2 277
2 17 28
17 2 28
2 31 269
31 2 269
2 49 463
49 2 463
2 51 647
51 2 647
2 24 535
24 2 535
2 13 815
13 2 815
2 39 730
39 2 730
2 37 188
37 2 188
2 64 642
64 2 642
2 42 176
42 2 176
2 31 285
31 2 285
2 82 135
82 2 135
2 6 579
6 2 579
3 20 56
20 3 56
3 25 712
25 3 712
3 28 52
28 3 52
3 14 484
14 3 484
3 15 450
15 3 450
3 82 45
82 3 45
3 65 365
65 3 365
3 39 754
39 3 754
3 40 228
40 3 228
3 79 729
79 3 729
3 79 18
79 3 18
3 16 62
16 3 62
4 11 373
11 4 373
4 20 262
20 4 262
4 9 518
9 4 518
4 62 975
62 4 975
4 21 394
21 4 394
4 74 809
74 4 809
4 9 614
9 4 614
4 43 116
43 4 116
4 58 716
58 4 716
4 37 553
37 4 553
4 19 870
19 4 870
4 24 925
24 4 925
4 7 839
7 4 839
4 28 794
28 4 794
4 80 488
80 4 488
4 62 793
62 4 793
4 5 275
5 4 275
4 78 609
78 4 609
5 7 969
7 5 969
5 9 458
9 5 458
5 10 107
10 5 107
5 23 454
23 5 454
5 45 224
45 5 224
5 42 748
42 5 748
5 75 210
75 5 210
5 80 989
80 5 989
5 79 74
79 5 74
5 19 799
19 5 799
5 23 404
23 5 404
5 35 637
35 5 637
5 15 916
15 5 916
5 75 698
75 5 698
5 37 617
37 5 617
5 35 33
35 5 33
5 27 697
27 5 697
6 14 815
14 6 815
6 21 115
21 6 115
6 34 526
34 6 526
6 76 561
76 6 561
6 68 29
68 6 29
6 82 535
82 6 535
6 62 8
62 6 8
6 80 409
80 6 409
6 66 106
66 6 106
6 28 86
28 6 86
6 68 403
68 6 403
6 53 260
53 6 260
6 12 430
12 6 430
6 42 566
42 6 566
6 24 152
24 6 152
6 37 861
37 6 861
7 22 605
22 7 605
7 24 133
24 7 133
7 32 679
32 7 679
7 37 837
37 7 837
7 40 598
40 7 598
7 53 694
53 7 694
7 79 759
79 7 759
7 30 722
30 7 722
7 37 23
37 7 23
7 20 409
20 7 409
7 74 710
74 7 710
7 13 964
13 7 964
7 18 172
18 7 172
7 53 333
53 7 333
7 8 910
8 7 910
7 69 779
69 7 779
7 28 430
28 7 430
7 76 1
76 7 1
7 82 857
82 7 857
7 71 910
71 7 910
7 70 978
70 7 978
7 25 323
25 7 323
7 62 923
62 7 923
7 30 730
30 7 730
7 46 495
46 7 495
7 73 381
73 7 381
7 76 538
76 7 538
7 68 485
68 7 485
8 12 570
12 8 570
8 13 363
13 8 363
8 21 183
21 8 183
8 63 839
63 8 839
8 15 353
15 8 353
8 11 895
11 8 895
8 36 656
36 8 656
8 43 769
43 8 769
8 47 300
47 8 300
8 39 193
39 8 193
8 20 39
20 8 39
8 50 531
50 8 531
8 23 620
23 8 620
8 38 854
38 8 854
8 30 925
30 8 925
8 79 109
79 8 109
8 20 378
20 8 378
8 35 423
35 8 423
8 69 430
69 8 430
8 8 601
8 8 601
8 19 977
19 8 977
9 79 634
79 9 634
9 62 67
62 9 67
9 18 224
18 9 224
9 26 5
26 9 5
9 39 339
39 9 339
9 31 162
31 9 162
9 34 222
34 9 222
9 22 612
22 9 612
9 81 253
81 9 253
9 23 293
23 9 293
9 79 400
79 9 400
9 80 72
80 9 72
10 41 126
41 10 126
10 74 638
74 10 638
10 22 917
22 10 917
10 26 272
26 10 272
10 49 878
49 10 878
10 41 833
41 10 833
10 18 13
18 10 13
10 43 771
43 10 771
10 77 283
77 10 283
10 12 236
12 10 236
10 53 87
53 10 87
10 82 595
82 10 595
10 46 5
46 10 5
10 34 631
34 10 631
10 16 999
16 10 999
11 28 60
28 11 60
11 38 273
38 11 273
11 43 439
43 11 439
11 32 815
32 11 815
11 30 38
30 11 38
11 49 490
49 11 490
11 82 319
82 11 319
11 14 362
14 11 362
11 12 405
12 11 405
11 15 813
15 11 813
11 30 896
30 11 896
11 67 363
67 11 363
11 53 347
53 11 347
11 65 236
65 11 236
11 71 831
71 11 831
11 64 639
64 11 639
11 48 745
48 11 745
11 62 423
62 11 423
11 70 733
70 11 733
11 26 228
26 11 228
11 66 465
66 11 465
11 45 813
45 11 813
12 26 709
26 12 709
12 53 489
53 12 489
12 18 833
18 12 833
12 43 846
43 12 846
12 27 864
27 12 864
12 38 322
38 12 322
12 50 512
50 12 512
12 43 824
43 12 824
12 67 751
67 12 751
12 65 926
65 12 926
12 61 550
61 12 550
12 60 393
60 12 393
13 15 474
15 13 474
13 59 589
59 13 589
13 42 449
42 13 449
13 45 191
45 13 191
13 68 866
68 13 866
13 45 191
45 13 191
13 76 203
76 13 203
13 24 544
24 13 544
13 70 428
70 13 428
13 22 589
22 13 589
13 66 795
66 13 795
13 35 37
35 13 37
13 45 303
45 13 303
13 60 617
60 13 617
13 14 28
14 13 28
13 71 383
71 13 383
14 16 39
16 14 39
14 18 987
18 14 987
14 19 576
19 14 576
14 39 735
39 14 735
14 80 26
80 14 26
14 82 126
82 14 126
14 36 186
36 14 186
14 34 596
34 14 596
14 45 889
45 14 889
14 69 749
69 14 749
14 34 763
34 14 763
14 82 400
82 14 400
14 47 566
47 14 566
14 22 269
22 14 269
14 19 294
19 14 294
14 33 436
33 14 436
14 32 739
32 14 739
14 66 229
66 14 229
14 33 158
33 14 158
15 46 259
46 15 259
15 38 391
38 15 391
15 16 773
16 15 773
15 49 912
49 15 912
15 23 292
23 15 292
15 20 790
20 15 790
15 64 296
64 15 296
15 58 190
58 15 190
15 57 821
57 15 821
15 55 592
55 15 592
15 78 639
78 15 639
15 33 916
33 15 916
15 20 385
20 15 385
15 47 117
47 15 117
15 73 126
73 15 126
15 72 347
72 15 347
16 29 52
29 16 52
16 47 195
47 16 195
16 63 575
63 16 575
16 23 370
23 16 370
16 46 364
46 16 364
16 49 894
49 16 894
16 32 353
32 16 353
16 75 340
75 16 340
16 73 605
73 16 605
16 54 104
54 16 104
16 33 281
33 16 281
16 73 969
73 16 969
16 62 487
62 16 487
16 26 22
26 16 22
16 51 428
51 16 428
17 46 944
46 17 944
17 44 77
44 17 77
17 53 976
53 17 976
17 32 362
32 17 362
17 71 606
71 17 606
17 27 258
27 17 258
17 50 301
50 17 301
17 62 313
62 17 313
17 32 182
32 17 182
18 25 580
25 18 580
18 63 705
63 18 705
18 28 661
28 18 661
18 68 324
68 18 324
18 75 315
75 18 315
18 59 795
59 18 795
18 29 518
29 18 518
18 81 526
81 18 526
18 77 568
77 18 568
18 42 750
42 18 750
18 72 878
72 18 878
19 73 765
73 19 765
19 22 540
22 19 540
19 63 325
63 19 325
19 31 456
31 19 456
19 72 907
72 19 907
19 45 113
45 19 113
19 45 372
45 19 372
20 44 530
44 20 530
20 76 430
76 20 430
20 78 352
78 20 352
20 24 714
24 20 714
20 60 327
60 20 327
20 56 41
56 20 41
20 36 62
36 20 62
20 70 684
70 20 684
20 42 113
42 20 113
20 66 968
66 20 968
20 65 256
65 20 256
20 37 432
37 20 432
20 62 724
62 20 724
21 35 732
35 21 732
21 59 545
59 21 545
21 25 5
25 21 5
21 49 69
49 21 69
21 71 430
71 21 430
21 62 246
62 21 246
21 67 553
67 21 553
21 54 742
54 21 742
21 40 459
40 21 459
21 78 24
78 21 24
21 69 941
69 21 941
21 26 863
26 21 863
21 73 784
73 21 784
21 34 933
34 21 933
21 76 219
76 21 219
21 44 663
44 21 663
21 47 216
47 21 216
21 38 250
38 21 250
21 29 513
29 21 513
21 63 632
63 21 632
21 21 93
21 21 93
21 67 646
67 21 646
21 21 764
21 21 764
22 64 29
64 22 29
22 42 499
42 22 499
22 40 264
40 22 264
22 43 198
43 22 198
22 25 334
25 22 334
22 27 80
27 22 80
22 52 905
52 22 905
23 43 626
43 23 626
23 49 842
49 23 842
23 74 625
74 23 625
23 57 497
57 23 497
23 78 403
78 23 403
23 25 975
25 23 975
23 69 56
69 23 56
23 70 182
70 23 182
23 47 291
47 23 291
23 67 818
67 23 818
23 31 537
31 23 537
24 27 596
27 24 596
24 36 656
36 24 656
24 29 645
29 24 645
24 28 352
28 24 352
24 69 381
69 24 381
24 46 263
46 24 263
24 74 910
74 24 910
24 43 431
43 24 431
24 38 739
38 24 739
25 48 845
48 25 845
25 43 895
43 25 895
25 76 279
76 25 279
25 26 904
26 25 904
25 51 387
51 25 387
25 50 798
50 25 798
25 47 839
47 25 839
25 62 542
62 25 542
26 79 936
79 26 936
26 79 279
79 26 279
26 31 598
31 26 598
26 43 745
43 26 745
26 65 112
65 26 112
26 33 890
33 26 890
26 72 521
72 26 521
26 70 749
70 26 749
26 67 865
67 26 865
26 75 240
75 26 240
26 81 590
81 26 590
26 58 726
58 26 726
26 61 724
61 26 724
26 76 744
76 26 744
26 47 647
47 26 647
27 39 340
39 27 340
27 31 196
31 27 196
27 59 866
59 27 866
27 61 447
61 27 447
27 44 830
44 27 830
28 33 641
33 28 641
28 43 30
43 28 30
28 60 987
60 28 987
28 33 498
33 28 498
28 77 417
77 28 417
28 50 300
50 28 300
28 64 725
64 28 725
28 77 637
77 28 637
28 69 274
69 28 274
29 50 762
50 29 762
29 46 909
46 29 909
29 75 788
75 29 788
29 58 517
58 29 517
29 51 343
51 29 343
29 34 479
34 29 479
29 60 127
60 29 127
29 63 889
63 29 889
29 78 755
78 29 755
29 44 986
44 29 986
29 62 440
62 29 440
29 62 685
62 29 685
30 46 216
46 30 216
30 64 964
64 30 964
30 61 323
61 30 323
30 62 435
62 30 435
30 68 839
68 30 839
30 77 382
77 30 382
30 47 472
47 30 472
30 31 540
31 30 540
30 80 345
80 30 345
30 47 959
47 30 959
31 36 582
36 31 582
31 51 85
51 31 85
31 37 823
37 31 823
31 74 59
74 31 59
31 56 861
56 31 861
31 58 496
58 31 496
31 45 150
45 31 150
31 33 110
33 31 110
31 41 224
41 31 224
31 33 906
33 31 906
31 58 60
58 31 60
31 54 903
54 31 903
32 55 206
55 32 206
32 61 235
61 32 235
32 66 989
66 32 989
32 43 245
43 32 245
32 68 655
68 32 655
32 58 726
58 32 726
33 75 630
75 33 630
33 81 571
81 33 571
33 68 13
68 33 13
33 79 800
79 33 800
33 74 174
74 33 174
33 74 230
74 33 230
33 55 917
55 33 917
33 70 496
70 33 496
33 55 614
55 33 614
33 77 833
77 33 833
33 52 807
52 33 807
33 70 138
70 33 138
33 43 789
43 33 789
34 34 644
34 34 644
34 54 252
54 34 252
34 50 591
50 34 591
34 65 391
65 34 391
34 54 807
54 34 807
34 58 511
58 34 511
35 69 423
69 35 423
35 62 635
62 35 635
35 36 546
36 35 546
35 49 727
49 35 727
35 44 914
44 35 914
35 82 326
82 35 326
35 60 721
60 35 721
35 70 899
70 35 899
36 54 461
54 36 461
36 68 478
68 36 478
36 81 831
81 36 831
36 78 15
78 36 15
36 82 725
82 36 725
36 61 790
61 36 790
37 44 761
44 37 761
37 48 149
48 37 149
37 46 25
46 37 25
37 73 692
73 37 692
37 51 69
51 37 69
38 39 102
39 38 102
38 77 12
77 38 12
38 62 267
62 38 267
38 54 798
54 38 798
38 69 95
69 38 95
38 56 916
56 38 916
38 47 106
47 38 106
38 46 32
46 38 32
39 60 923
60 39 923
39 64 668
64 39 668
39 62 775
62 39 775
39 72 52
72 39 52
39 45 848
45 39 848
39 49 445
49 39 445
39 50 160
50 39 160
39 73 724
73 39 724
40 58 393
58 40 393
40 58 318
58 40 318
40 50 182
50 40 182
41 52 23
52 41 23
41 78 765
78 41 765
41 62 785
62 41 785
41 53 498
53 41 498
41 41 730
41 41 730
41 54 546
54 41 546
41 57 381
57 41 381
41 48 197
48 41 197
41 44 686
44 41 686
41 59 865
59 41 865
41 80 581
80 41 581
41 63 788
63 41 788
41 60 377
60 41 377
42 81 750
81 42 750
42 55 434
55 42 434
42 76 849
76 42 849
42 42 275
42 42 275
42 53 586
53 42 586
42 55 489
55 42 489
42 75 810
75 42 810
42 47 434
47 42 434
42 45 432
45 42 432
42 47 930
47 42 930
42 80 189
80 42 189
42 80 676
80 42 676
43 55 865
55 43 865
43 77 974
77 43 974
43 70 810
70 43 810
43 81 850
81 43 850
43 58 113
58 43 113
43 52 811
52 43 811
44 59 895
59 44 895
44 69 401
69 44 401
44 69 600
69 44 600
44 62 101
62 44 101
44 82 196
82 44 196
44 80 102
80 44 102
44 49 83
49 44 83
44 73 127
73 44 127
44 44 331
44 44 331
44 44 152
44 44 152
44 74 153
74 44 153
45 54 96
54 45 96
45 79 902
79 45 902
45 79 779
79 45 779
45 64 4
64 45 4
45 50 789
50 45 789
46 56 173
56 46 173
46 77 32
77 46 32
46 70 248
70 46 248
46 51 654
51 46 654
46 81 420
81 46 420
46 78 467
78 46 467
47 68 519
68 47 519
47 54 881
54 47 881
47 73 958
73 47 958
47 50 244
50 47 244
47 71 807
71 47 807
47 56 13
56 47 13
47 55 550
55 47 550
47 81 516
81 47 516
47 47 247
47 47 247
48 71 933
71 48 933
48 60 172
60 48 172
48 69 698
69 48 698
48 57 103
57 48 103
48 80 9
80 48 9
49 79 558
79 49 558
49 51 442
51 49 442
49 51 404
51 49 404
49 76 612
76 49 612
50 61 223
61 50 223
50 77 982
77 50 982
50 56 388
56 50 388
50 54 472
54 50 472
50 55 699
55 50 699
50 81 82
81 50 82
51 66 557
66 51 557
51 73 62
73 51 62
51 80 800
80 51 800
51 60 258
60 51 258
51 76 734
76 51 734
51 51 436
51 51 436
51 62 631
62 51 631
51 55 574
55 51 574
51 61 899
61 51 899
51 73 79
73 51 79
51 80 404
80 51 404
52 53 256
53 52 256
52 68 64
68 52 64
52 53 713
53 52 713
52 65 487
65 52 487
52 54 638
54 52 638
52 59 78
59 52 78
52 57 652
57 52 652
52 64 274
64 52 274
53 79 165
79 53 165
53 77 519
77 53 519
53 68 646
68 53 646
53 61 232
61 53 232
53 60 430
60 53 430
53 73 225
73 53 225
53 62 297
62 53 297
53 66 831
66 53 831
54 65 810
65 54 810
54 58 575
58 54 575
54 80 867
80 54 867
54 73 35
73 54 35
54 72 187
72 54 187
55 82 652
82 55 652
55 56 403
56 55 403
55 67 357
67 55 357
55 65 803
65 55 803
56 57 351
57 56 351
56 64 290
64 56 290
56 61 732
61 56 732
56 62 395
62 56 395
56 80 163
80 56 163
57 65 773
65 57 773
57 81 451
81 57 451
57 57 91
57 57 91
57 72 470
72 57 470
57 67 712
67 57 712
57 65 121
65 57 121
58 70 873
70 58 873
58 82 868
82 58 868
58 80 729
80 58 729
58 82 780
82 58 780
58 61 107
61 58 107
59 72 266
72 59 266
59 73 725
73 59 725
59 76 945
76 59 945
59 80 696
80 59 696
59 78 357
78 59 357
60 78 120
78 60 120
60 71 596
71 60 596
60 62 938
62 60 938
60 67 689
67 60 689
61 62 975
62 61 975
61 69 350
69 61 350
61 68 9
68 61 9
61 72 621
72 61 621
61 77 517
77 61 517
61 78 670
78 61 670
61 64 772
64 61 772
62 78 745
78 62 745
63 65 763
65 63 763
63 77 659
77 63 659
63 71 805
71 63 805
63 69 224
69 63 224
63 74 124
74 63 124
64 76 963
76 64 963
64 71 296
71 64 296
65 67 717
67 65 717
65 78 88
78 65 88
65 72 381
72 65 381
65 82 28
82 65 28
65 66 319
66 65 319
66 82 735
82 66 735
66 66 474
66 66 474
66 82 566
82 66 566
66 70 492
70 66 492
67 75 251
75 67 251
67 69 443
69 67 443
68 68 282
68 68 282
68 81 425
81 68 425
68 71 546
71 68 546
71 71 233
71 71 233
72 73 487
73 72 487
73 75 51
75 73 51
73 77 101
77 73 101
73 79 77
79 73 77
74 80 32
80 74 32
74 82 746
82 74 746
75 78 640
78 75 640
75 79 691
79 75 691
76 77 823
77 76 823
77 80 126
80 77 126
