71

0 1 73
1 0 73
0 2 82
2 0 82
0 3 904
3 0 904
0 10 516
10 0 516
0 15 373
15 0 373
0 27 39
27 0 39
0 50 946
50 0 946
0 9 310
9 0 310
1 4 145
4 1 145
1 5 130
5 1 130
1 70 956
70 1 956
1 39 628
39 1 628
1 28 556
28 1 556
1 14 437
14 1 437
1 10 932
10 1 932
2 12 131
12 2 131
2 17 647
17 2 647
2 53 741
53 2 741
2 6 602
6 2 602
2 35 441
35 2 441
2 6 62
6 2 62
3 38 503
38 3 503
3 42 343
42 3 343
3 59 405
59 3 405
4 8 502
8 4 502
4 9 997
9 4 997
4 32 392
32 4 392
4 43 343
43 4 343
4 17 23
17 4 23
5 6 596
6 5 596
5 52 475
52 5 475
5 54 537
54 5 537
6 7 78
7 6 78
6 33 857
33 6 857
6 63 294
63 6 294
6 52 648
52 6 648
6 9 810
9 6 810
6 56 943
56 6 943
7 66 395
66 7 395
7 24 2
24 7 2
7 32 846
32 7 846
8 11 27
11 8 27
8 18 228
18 8 228
8 46 405
46 8 405
8 50 486
50 8 486
8 54 158
54 8 158
9 14 256
14 9 256
9 40 542
40 9 542
9 24 196
24 9 196
10 26 831
26 10 831
10 37 666
37 10 666
10 10 238
10 10 238
10 13 514
13 10 514
10 46 975
46 10 975
11 13 468
13 11 468
11 23 590
23 11 590
11 34 915
34 11 915
11 36 542
36 11 542
11 35 820
35 11 820
11 70 886
70 11 886
11 28 558
28 11 558
12 31 315
31 12 315
12 52 791
52 12 791
12 42 357
42 12 357
13 58 158
58 13 158
13 70 687
70 13 687
14 16 149
16 14 149
14 19 183
19 14 183
14 48 159
48 14 159
14 67 211
67 14 211
14 61 562
61 14 562
15 20 146
20 15 146
15 42 505
42 15 505
15 49 179
49 15 179
15 69 5
69 15 5
15 18 286
18 15 286
15 27 800
27 15 800
15 34 660
34 15 660
15 60 180
60 15 180
15 60 320
60 15 320
16 21 305
21 16 305
16 35 631
35 16 631
16 34 382
34 16 382
16 29 509
29 16 509
16 19 746
19 16 746
17 38 76
38 17 76
17 45 829
45 17 829
17 64 774
64 17 774
17 49 931
49 17 931
17 28 951
28 17 951
18 29 954
29 18 954
18 18 933
18 18 933
19 52 59
52 19 59
19 37 881
37 19 881
19 27 766
27 19 766
20 33 530
33 20 530
20 59 221
59 20 221
20 55 452
55 20 452
20 34 777
34 20 777
20 53 665
53 20 665
21 22 938
22 21 938
21 24 350
24 21 350
21 39 347
39 21 347
21 69 72
69 21 72
21 25 288
25 21 288
21 65 936
65 21 936
21 53 723
53 21 723
22 25 408
25 22 408
22 30 992
30 22 992
23 62 474
62 23 474
23 53 695
53 23 695
23 67 299
67 23 299
23 50 979
50 23 979
23 63 736
63 23 736
24 59 758
59 24 758
24 69 707
69 24 707
25 28 307
28 25 307
25 34 261
34 25 261
26 37 966
37 26 966
27 70 105
70 27 105
27 56 63
56 27 63
27 39 946
39 27 946
28 66 492
66 28 492
29 51 419
51 29 419
29 70 561
70 29 561
30 32 776
32 30 776
30 67 589
67 30 589
31 56 392
56 31 392
32 32 728
32 32 728
33 51 710
51 33 710
34 47 850
47 34 850
35 51 336
51 35 336
35 60 145
60 35 145
35 40 661
40 35 661
35 54 311
54 35 311
36 41 611
41 36 611
36 70 11
70 36 11
37 44 745
44 37 745
37 55 388
55 37 388
38 57 11
57 38 11
38 58 602
58 38 602
38 60 498
60 38 498
38 66 56
66 38 56
38 58 78
58 38 78
40 60 88
60 40 88
41 61 106
61 41 106
41 47 752
47 41 752
41 53 831
53 41 831
41 70 617
70 41 617
43 53 783
53 43 783
43 54 827
54 43 827
43 52 734
52 43 734
44 48 541
48 44 541
45 56 746
56 45 746
46 64 891
64 46 891
46 63 934
63 46 934
49 62 80
62 49 80
50 68 687
68 50 687
52 67 377
67 52 377
54 60 17
60 54 17
55 65 29
65 55 29
