93

0 1 245
1 0 245
0 45 564
45 0 564
0 46 699
46 0 699
0 48 40
48 0 40
0 80 8
80 0 8
0 87 831
87 0 831
0 5 877
5 0 877
0 89 980
89 0 980
0 60 334
60 0 334
0 90 157
90 0 157
0 64 528
64 0 528
0 10 325
10 0 325
0 32 8
32 0 8
1 2 341
2 1 341
1 24 471
24 1 471
1 29 323
29 1 323
1 8 81
8 1 81
1 82 524
82 1 524
1 72 366
72 1 366
1 72 817
72 1 817
1 45 151
45 1 151
1 45 190
45 1 190
1 59 925
59 1 925
1 75 858
75 1 858
1 40 850
40 1 850
1 49 741
49 1 741
1 47 182
47 1 182
2 3 435
3 2 435
2 6 189
6 2 189
2 40 818
40 2 818
2 79 869
79 2 869
2 66 733
66 2 733
2 12 545
12 2 545
2 88 777
88 2 777
2 60 281
60 2 281
2 52 667
52 2 667
2 26 793
26 2 793
2 45 586
45 2 586
2 45 551
45 2 551
2 73 874
73 2 874
2 23 414
23 2 414
2 5 145
5 2 145
2 5 291
5 2 291
2 21 704
21 2 704
3 4 828
4 3 828
3 5 32
5 3 32
3 7 18
7 3 18
3 8 238
8 3 238
3 10 642
10 3 642
3 13 374
13 3 374
3 25 705
25 3 705
3 30 920
30 3 920
3 33 750
33 3 750
3 52 27
52 3 27
3 25 992
25 3 992
3 20 473
20 3 473
3 53 965
53 3 965
3 8 374
8 3 374
3 40 15
40 3 15
3 19 90
19 3 90
3 19 908
19 3 908
3 49 803
49 3 803
4 9 842
9 4 842
4 11 112
11 4 112
4 26 696
26 4 696
4 49 205
49 4 205
4 76 320
76 4 320
4 81 592
81 4 592
4 19 808
19 4 808
4 73 168
73 4 168
4 77 738
77 4 738
4 77 3
77 4 3
4 83 384
83 4 384
4 72 552
72 4 552
4 92 299
92 4 299
4 47 484
47 4 484
4 67 623
67 4 623
4 64 336
64 4 336
4 43 661
43 4 661
4 61 529
61 4 529
4 20 12
20 4 12
5 22 421
22 5 421
5 43 405
43 5 405
5 46 125
46 5 125
5 66 696
66 5 696
5 84 732
84 5 732
5 13 704
13 5 704
5 42 953
42 5 953
5 81 749
81 5 749
5 80 346
80 5 346
5 74 411
74 5 411
5 7 312
7 5 312
5 17 564
17 5 564
6 14 337
14 6 337
6 20 785
20 6 785
6 28 630
28 6 630
6 36 409
36 6 409
6 68 863
68 6 863
6 34 16
34 6 16
6 12 719
12 6 719
6 20 267
20 6 267
6 50 153
50 6 153
6 54 334
54 6 334
6 23 560
23 6 560
6 6 801
6 6 801
6 85 326
85 6 326
6 43 814
43 6 814
6 49 384
49 6 384
7 50 347
50 7 347
7 55 855
55 7 855
7 57 579
57 7 579
7 28 766
28 7 766
7 41 217
41 7 217
7 33 104
33 7 104
7 90 53
90 7 53
7 42 978
42 7 978
7 59 134
59 7 134
7 28 386
28 7 386
7 60 727
60 7 727
7 63 53
63 7 53
7 84 703
84 7 703
7 71 405
71 7 405
8 71 289
71 8 289
8 13 789
13 8 789
8 27 432
27 8 432
8 88 937
88 8 937
8 85 336
85 8 336
8 17 166
17 8 166
8 76 734
76 8 734
8 71 413
71 8 413
8 50 940
50 8 940
8 43 166
43 8 166
8 37 169
37 8 169
8 70 25
70 8 25
9 16 968
16 9 968
9 27 731
27 9 731
9 64 471
64 9 471
9 36 185
36 9 185
9 87 72
87 9 72
9 87 92
87 9 92
9 32 914
32 9 914
9 40 609
40 9 609
9 54 552
54 9 552
9 74 378
74 9 378
10 15 987
15 10 987
10 52 899
52 10 899
10 64 908
64 10 908
10 19 310
19 10 310
10 78 188
78 10 188
10 82 597
82 10 597
10 70 787
70 10 787
10 37 595
37 10 595
10 22 20
22 10 20
10 36 247
36 10 247
10 47 334
47 10 334
10 46 973
46 10 973
11 12 505
12 11 505
11 23 738
23 11 738
11 79 886
79 11 886
11 47 865
47 11 865
11 28 163
28 11 163
11 79 860
79 11 860
11 81 986
81 11 986
11 41 337
41 11 337
11 16 645
16 11 645
11 59 523
59 11 523
12 19 458
19 12 458
12 83 601
83 12 601
12 79 545
79 12 545
12 17 631
17 12 631
12 14 962
14 12 962
12 41 439
41 12 439
12 18 72
18 12 72
12 67 35
67 12 35
12 90 113
90 12 113
12 27 504
27 12 504
12 76 527
76 12 527
13 89 290
89 13 290
13 78 172
78 13 172
13 57 257
57 13 257
13 51 534
51 13 534
13 50 220
50 13 220
13 47 181
47 13 181
13 59 299
59 13 299
13 28 312
28 13 312
13 24 778
24 13 778
13 17 789
17 13 789
13 59 530
59 13 530
13 39 28
39 13 28
14 18 892
18 14 892
14 41 73
41 14 73
14 84 41
84 14 41
14 55 72
55 14 72
14 54 125
54 14 125
14 20 364
20 14 364
14 22 308
22 14 308
14 35 445
35 14 445
14 28 628
28 14 628
14 21 215
21 14 215
14 87 331
87 14 331
14 34 114
34 14 114
14 57 180
57 14 180
14 91 682
91 14 682
15 17 608
17 15 608
15 34 951
34 15 951
15 42 521
42 15 521
15 43 777
43 15 777
15 26 127
26 15 127
15 64 744
64 15 744
15 72 710
72 15 710
15 36 440
36 15 440
15 91 709
91 15 709
15 38 74
38 15 74
15 25 208
25 15 208
15 46 435
46 15 435
15 26 371
26 15 371
15 69 779
69 15 779
15 39 1
39 15 1
15 56 879
56 15 879
15 80 104
80 15 104
16 58 835
58 16 835
16 79 332
79 16 332
16 92 231
92 16 231
16 60 987
60 16 987
16 53 233
53 16 233
16 72 487
72 16 487
16 53 371
53 16 371
16 85 583
85 16 583
16 26 200
26 16 200
16 87 135
87 16 135
16 70 812
70 16 812
16 87 719
87 16 719
16 85 753
85 16 753
16 19 319
19 16 319
16 36 751
36 16 751
16 21 145
21 16 145
16 56 174
56 16 174
17 75 987
75 17 987
17 92 55
92 17 55
17 47 171
47 17 171
17 19 486
19 17 486
17 32 273
32 17 273
17 83 602
83 17 602
17 58 486
58 17 486
17 21 338
21 17 338
18 31 16
31 18 16
18 37 918
37 18 918
18 42 702
42 18 702
18 52 48
52 18 48
18 30 735
30 18 735
18 20 497
20 18 497
18 19 979
19 18 979
18 85 649
85 18 649
18 28 602
28 18 602
18 88 583
88 18 583
18 31 312
31 18 312
18 24 626
24 18 626
18 59 332
59 18 332
19 21 549
21 19 549
19 49 352
49 19 352
19 66 494
66 19 494
19 21 203
21 19 203
19 35 63
35 19 63
19 33 217
33 19 217
19 83 810
83 19 810
19 77 305
77 19 305
19 71 239
71 19 239
20 35 261
35 20 261
20 46 814
46 20 814
20 54 65
54 20 65
20 47 432
47 20 432
20 31 443
31 20 443
20 47 154
47 20 154
20 34 416
34 20 416
20 85 670
85 20 670
20 67 110
67 20 110
20 29 456
29 20 456
20 42 457
42 20 457
20 76 571
76 20 571
20 26 955
26 20 955
20 83 717
83 20 717
20 36 880
36 20 880
21 32 153
32 21 153
21 33 621
33 21 621
21 40 675
40 21 675
21 77 725
77 21 725
21 35 362
35 21 362
21 39 635
39 21 635
21 24 931
24 21 931
22 72 263
72 22 263
22 64 181
64 22 181
22 34 547
34 22 547
22 90 887
90 22 887
22 50 255
50 22 255
22 92 422
92 22 422
22 44 541
44 22 541
22 87 820
87 22 820
22 53 183
53 22 183
22 62 726
62 22 726
23 51 381
51 23 381
23 59 703
59 23 703
23 60 557
60 23 557
23 69 437
69 23 437
23 52 606
52 23 606
23 58 15
58 23 15
23 79 994
79 23 994
23 32 668
32 23 668
23 68 623
68 23 623
23 87 979
87 23 979
23 67 615
67 23 615
23 64 491
64 23 491
23 29 336
29 23 336
24 38 214
38 24 214
24 56 105
56 24 105
24 63 150
63 24 150
24 73 826
73 24 826
24 85 865
85 24 865
24 89 28
89 24 28
24 39 215
39 24 215
24 49 397
49 24 397
24 71 473
71 24 473
24 40 920
40 24 920
24 58 309
58 24 309
25 75 387
75 25 387
25 53 702
53 25 702
25 36 740
36 25 740
25 63 538
63 25 538
25 75 562
75 25 562
25 48 424
48 25 424
25 42 255
42 25 255
25 47 637
47 25 637
25 27 662
27 25 662
25 66 97
66 25 97
25 54 547
54 25 547
25 88 101
88 25 101
26 32 455
32 26 455
26 82 159
82 26 159
26 87 276
87 26 276
26 42 89
42 26 89
26 92 49
92 26 49
26 51 583
51 26 583
26 64 761
64 26 761
27 53 174
53 27 174
27 54 851
54 27 851
27 65 45
65 27 45
27 57 157
57 27 157
27 68 822
68 27 822
27 54 910
54 27 910
27 75 148
75 27 148
27 69 377
69 27 377
27 40 885
40 27 885
27 78 297
78 27 297
28 47 906
47 28 906
28 72 919
72 28 919
28 44 698
44 28 698
28 43 787
43 28 787
28 53 568
53 28 568
28 51 166
51 28 166
28 70 816
70 28 816
28 55 513
55 28 513
28 46 608
46 28 608
29 39 115
39 29 115
29 34 183
34 29 183
29 75 887
75 29 887
29 56 525
56 29 525
29 90 424
90 29 424
29 70 835
70 29 835
29 31 532
31 29 532
29 61 982
61 29 982
29 34 748
34 29 748
29 81 588
81 29 588
29 42 337
42 29 337
30 52 451
52 30 451
30 39 621
39 30 621
30 66 103
66 30 103
30 67 832
67 30 832
30 42 577
42 30 577
30 89 949
89 30 949
30 31 657
31 30 657
30 81 858
81 30 858
30 34 24
34 30 24
31 43 864
43 31 864
31 92 858
92 31 858
31 87 644
87 31 644
31 47 936
47 31 936
31 35 67
35 31 67
31 76 123
76 31 123
31 74 690
74 31 690
31 82 222
82 31 222
31 37 462
37 31 462
31 32 131
32 31 131
31 52 631
52 31 631
32 70 750
70 32 750
32 77 759
77 32 759
32 47 889
47 32 889
32 42 895
42 32 895
32 73 420
73 32 420
32 36 66
36 32 66
32 38 84
38 32 84
33 63 429
63 33 429
33 89 339
89 33 339
33 73 441
73 33 441
33 90 773
90 33 773
33 42 845
42 33 845
33 76 178
76 33 178
33 52 406
52 33 406
33 50 890
50 33 890
33 66 807
66 33 807
33 59 889
59 33 889
34 62 351
62 34 351
34 44 722
44 34 722
34 78 233
78 34 233
35 52 766
52 35 766
35 39 529
39 35 529
36 63 796
63 36 796
36 73 164
73 36 164
36 39 860
39 36 860
36 55 828
55 36 828
36 50 555
50 36 555
36 87 495
87 36 495
36 72 441
72 36 441
36 71 614
71 36 614
37 75 739
75 37 739
37 58 745
58 37 745
37 59 923
59 37 923
38 66 246
66 38 246
38 42 883
42 38 883
38 84 694
84 38 694
38 70 346
70 38 346
38 46 891
46 38 891
38 79 3
79 38 3
38 56 92
56 38 92
38 60 711
60 38 711
38 91 501
91 38 501
39 91 279
91 39 279
39 43 354
43 39 354
39 45 159
45 39 159
39 44 903
44 39 903
39 67 454
67 39 454
40 44 738
44 40 738
40 52 878
52 40 878
40 72 674
72 40 674
40 58 62
58 40 62
40 45 805
45 40 805
40 52 710
52 40 710
40 55 895
55 40 895
40 57 382
57 40 382
40 91 837
91 40 837
40 41 586
41 40 586
40 57 222
57 40 222
40 79 202
79 40 202
40 92 891
92 40 891
40 80 552
80 40 552
41 73 259
73 41 259
41 62 257
62 41 257
41 80 285
80 41 285
42 80 889
80 42 889
42 46 52
46 42 52
42 51 393
51 42 393
42 59 295
59 42 295
42 50 728
50 42 728
43 86 119
86 43 119
43 75 125
75 43 125
43 59 75
59 43 75
43 68 695
68 43 695
43 48 765
48 43 765
43 83 527
83 43 527
44 67 302
67 44 302
44 88 784
88 44 784
44 59 42
59 44 42
44 82 903
82 44 903
45 68 351
68 45 351
45 92 415
92 45 415
45 85 140
85 45 140
45 51 272
51 45 272
45 89 649
89 45 649
46 61 392
61 46 392
46 86 262
86 46 262
46 72 42
72 46 42
46 48 553
48 46 553
46 54 319
54 46 319
46 54 606
54 46 606
46 91 537
91 46 537
46 85 751
85 46 751
47 91 972
91 47 972
47 78 154
78 47 154
47 71 436
71 47 436
47 70 461
70 47 461
47 69 255
69 47 255
47 83 502
83 47 502
47 69 806
69 47 806
48 88 817
88 48 817
48 78 328
78 48 328
48 67 47
67 48 47
48 59 90
59 48 90
48 88 555
88 48 555
48 82 414
82 48 414
48 71 404
71 48 404
48 73 796
73 48 796
49 89 434
89 49 434
49 76 496
76 49 496
49 76 932
76 49 932
49 57 50
57 49 50
50 88 571
88 50 571
50 88 718
88 50 718
50 58 752
58 50 752
50 57 796
57 50 796
50 59 894
59 50 894
50 84 78
84 50 78
50 53 797
53 50 797
50 78 758
78 50 758
51 71 88
71 51 88
51 91 207
91 51 207
51 65 258
65 51 258
51 63 750
63 51 750
51 63 266
63 51 266
52 67 908
67 52 908
52 69 899
69 52 899
52 57 352
57 52 352
53 67 816
67 53 816
53 75 554
75 53 554
53 84 406
84 53 406
53 57 830
57 53 830
54 71 922
71 54 922
54 63 952
63 54 952
54 91 452
91 54 452
54 66 475
66 54 475
55 68 64
68 55 64
55 59 476
59 55 476
55 82 365
82 55 365
56 78 462
78 56 462
56 78 793
78 56 793
56 90 86
90 56 86
56 84 134
84 56 134
57 59 382
59 57 382
57 92 61
92 57 61
57 88 975
88 57 975
57 60 311
60 57 311
57 64 946
64 57 946
57 92 950
92 57 950
57 58 229
58 57 229
58 68 204
68 58 204
58 79 289
79 58 289
58 66 980
66 58 980
59 60 168
60 59 168
59 61 550
61 59 550
59 88 841
88 59 841
59 61 350
61 59 350
59 77 309
77 59 309
60 83 155
83 60 155
60 83 471
83 60 471
60 91 102
91 60 102
61 63 454
63 61 454
61 87 212
87 61 212
61 92 506
92 61 506
61 92 489
92 61 489
62 70 41
70 62 41
62 67 347
67 62 347
63 81 301
81 63 301
63 67 312
67 63 312
64 79 737
79 64 737
64 91 39
91 64 39
64 91 608
91 64 608
64 86 359
86 64 359
64 84 544
84 64 544
65 86 937
86 65 937
65 72 466
72 65 466
65 81 526
81 65 526
66 90 412
90 66 412
66 87 6
87 66 6
66 69 667
69 66 667
67 84 361
84 67 361
67 81 358
81 67 358
67 69 694
69 67 694
67 78 17
78 67 17
67 77 759
77 67 759
67 75 951
75 67 951
68 74 378
74 68 378
68 86 36
86 68 36
68 87 836
87 68 836
68 73 312
73 68 312
69 85 884
85 69 884
69 90 51
90 69 51
69 74 210
74 69 210
70 86 438
86 70 438
70 83 82
83 70 82
70 75 899
75 70 899
71 76 293
76 71 293
71 90 677
90 71 677
71 87 418
87 71 418
71 75 588
75 71 588
71 83 74
83 71 74
71 78 395
78 71 395
72 82 975
82 72 975
72 86 397
86 72 397
73 84 53
84 73 53
73 92 452
92 73 452
74 78 233
78 74 233
74 92 252
92 74 252
75 83 653
83 75 653
75 79 355
79 75 355
75 87 477
87 75 477
75 80 894
80 75 894
76 87 973
87 76 973
76 82 380
82 76 380
77 80 118
80 77 118
77 82 74
82 77 74
77 92 969
92 77 969
78 89 265
89 78 265
78 89 389
89 78 389
78 92 128
92 78 128
78 81 505
81 78 505
79 88 889
88 79 889
79 92 917
92 79 917
80 87 782
87 80 782
81 82 739
82 81 739
81 88 353
88 81 353
83 88 243
88 83 243
84 91 193
91 84 193
84 89 129
89 84 129
85 87 910
87 85 910
87 90 673
90 87 673
