78

0 1 629
1 0 629
0 2 768
2 0 768
0 39 334
39 0 334
0 55 299
55 0 299
0 55 965
55 0 965
0 16 210
16 0 210
0 56 648
56 0 648
0 31 886
31 0 886
0 58 699
58 0 699
0 61 251
61 0 251
0 8 882
8 0 882
0 57 13
57 0 13
0 61 712
61 0 712
0 66 967
66 0 967
0 19 608
19 0 608
0 67 203
67 0 203
0 6 853
6 0 853
0 7 754
7 0 754
0 5 997
5 0 997
0 56 366
56 0 366
0 37 841
37 0 841
0 56 887
56 0 887
0 20 559
20 0 559
1 31 673
31 1 673
1 43 644
43 1 644
1 45 767
45 1 767
1 69 902
69 1 902
1 20 652
20 1 652
1 62 70
62 1 70
1 3 566
3 1 566
1 37 988
37 1 988
1 45 438
45 1 438
1 24 924
24 1 924
1 7 120
7 1 120
2 3 916
3 2 916
2 4 272
4 2 272
2 17 274
17 2 274
2 26 428
26 2 428
2 37 80
37 2 80
2 64 854
64 2 854
2 46 248
46 2 248
2 34 264
34 2 264
2 44 94
44 2 94
2 40 297
40 2 297
2 12 231
12 2 231
2 76 188
76 2 188
2 16 473
16 2 473
2 71 923
71 2 923
2 12 927
12 2 927
2 59 914
59 2 914
3 10 212
10 3 212
3 13 370
13 3 370
3 56 423
56 3 423
3 37 837
37 3 837
3 12 763
12 3 763
3 20 216
20 3 216
3 36 921
36 3 921
3 55 831
55 3 831
3 31 609
31 3 609
3 41 281
41 3 281
3 48 684
48 3 684
4 5 760
5 4 760
4 6 165
6 4 165
4 9 828
9 4 828
4 19 972
19 4 972
4 56 114
56 4 114
4 48 422
48 4 422
4 22 766
22 4 766
4 47 83
47 4 83
4 8 619
8 4 619
4 57 829
57 4 829
4 45 910
45 4 910
4 61 981
61 4 981
4 6 305
6 4 305
4 42 769
42 4 769
4 13 675
13 4 675
4 45 89
45 4 89
4 46 424
46 4 424
4 28 56
28 4 56
4 74 432
74 4 432
4 77 907
77 4 907
5 7 836
7 5 836
5 8 751
8 5 751
5 11 883
11 5 883
5 32 535
32 5 535
5 51 480
51 5 480
5 68 938
68 5 938
5 21 747
21 5 747
5 36 874
36 5 874
5 55 327
55 5 327
5 39 654
39 5 654
5 42 188
42 5 188
5 53 110
53 5 110
5 58 130
58 5 130
5 43 689
43 5 689
5 6 790
6 5 790
5 52 313
52 5 313
5 6 252
6 5 252
6 22 482
22 6 482
6 40 733
40 6 733
6 67 484
67 6 484
6 75 409
75 6 409
6 51 690
51 6 690
6 34 156
34 6 156
6 17 299
17 6 299
6 66 706
66 6 706
6 58 296
58 6 296
6 39 439
39 6 439
6 34 416
34 6 416
6 17 740
17 6 740
6 42 400
42 6 400
6 52 821
52 6 821
6 49 100
49 6 100
7 14 732
14 7 732
7 15 311
15 7 311
7 70 862
70 7 862
7 43 813
43 7 813
7 66 75
66 7 75
7 38 304
38 7 304
7 38 961
38 7 961
7 54 589
54 7 589
7 54 369
54 7 369
7 65 455
65 7 455
7 13 991
13 7 991
7 17 933
17 7 933
7 10 299
10 7 299
8 12 641
12 8 641
8 24 542
24 8 542
8 76 105
76 8 105
8 20 892
20 8 892
8 71 225
71 8 225
8 57 265
57 8 265
8 64 830
64 8 830
8 67 333
67 8 333
9 42 424
42 9 424
9 73 791
73 9 791
9 30 139
30 9 139
9 73 995
73 9 995
9 48 639
48 9 639
9 75 994
75 9 994
9 27 25
27 9 25
9 62 667
62 9 667
9 49 388
49 9 388
10 23 720
23 10 720
10 16 934
16 10 934
10 50 170
50 10 170
10 26 657
26 10 657
10 32 67
32 10 67
10 12 162
12 10 162
10 64 491
64 10 491
10 14 913
14 10 913
10 26 981
26 10 981
10 75 501
75 10 501
10 65 404
65 10 404
11 16 857
16 11 857
11 35 8
35 11 8
11 55 397
55 11 397
11 60 219
60 11 219
11 45 177
45 11 177
11 47 102
47 11 102
11 33 267
33 11 267
11 70 875
70 11 875
11 39 871
39 11 871
11 77 546
77 11 546
11 50 422
50 11 422
12 65 875
65 12 875
12 25 173
25 12 173
12 50 674
50 12 674
12 29 992
29 12 992
12 50 560
50 12 560
12 34 993
34 12 993
12 74 771
74 12 771
12 47 283
47 12 283
12 29 820
29 12 820
12 15 731
15 12 731
12 72 962
72 12 962
13 19 835
19 13 835
13 36 515
36 13 515
13 19 619
19 13 619
13 60 643
60 13 643
13 60 944
60 13 944
13 34 484
34 13 484
13 60 186
60 13 186
13 73 13
73 13 13
13 72 342
72 13 342
14 20 505
20 14 505
14 21 341
21 14 341
14 36 95
36 14 95
14 48 492
48 14 492
14 56 803
56 14 803
14 49 348
49 14 348
14 61 681
61 14 681
14 44 849
44 14 849
14 60 431
60 14 431
14 21 892
21 14 892
14 26 299
26 14 299
14 18 367
18 14 367
15 18 286
18 15 286
15 30 599
30 15 599
15 33 813
33 15 813
15 66 774
66 15 774
15 68 924
68 15 924
15 65 519
65 15 519
15 71 400
71 15 400
15 58 40
58 15 40
15 70 154
70 15 154
15 38 987
38 15 987
15 53 404
53 15 404
15 57 431
57 15 431
16 50 751
50 16 751
16 65 137
65 16 137
16 29 666
29 16 666
16 35 691
35 16 691
16 51 185
51 16 185
16 50 716
50 16 716
16 27 722
27 16 722
16 20 832
20 16 832
16 59 725
59 16 725
16 47 540
47 16 540
16 68 157
68 16 157
16 38 251
38 16 251
16 41 524
41 16 524
17 44 955
44 17 955
17 67 938
67 17 938
17 52 946
52 17 946
17 63 246
63 17 246
17 71 803
71 17 803
17 22 859
22 17 859
17 32 165
32 17 165
17 34 888
34 17 888
17 28 115
28 17 115
17 63 927
63 17 927
17 76 236
76 17 236
17 23 577
23 17 577
17 18 817
18 17 817
18 25 403
25 18 403
18 38 842
38 18 842
18 41 254
41 18 254
18 53 337
53 18 337
18 63 132
63 18 132
18 65 8
65 18 8
18 18 249
18 18 249
18 26 167
26 18 167
18 27 49
27 18 49
18 54 710
54 18 710
18 36 839
36 18 839
18 36 169
36 18 169
18 77 241
77 18 241
18 65 20
65 18 20
19 47 20
47 19 20
19 53 143
53 19 143
19 54 154
54 19 154
19 60 530
60 19 530
19 28 728
28 19 728
19 42 645
42 19 645
19 72 361
72 19 361
19 32 442
32 19 442
19 34 848
34 19 848
19 73 674
73 19 674
19 70 587
70 19 587
19 23 364
23 19 364
19 53 479
53 19 479
19 26 574
26 19 574
20 34 49
34 20 49
20 39 313
39 20 313
20 42 819
42 20 819
20 73 943
73 20 943
20 72 570
72 20 570
20 77 220
77 20 220
20 61 568
61 20 568
20 54 701
54 20 701
20 40 443
40 20 443
20 51 206
51 20 206
21 27 558
27 21 558
21 34 55
34 21 55
21 37 893
37 21 893
21 31 771
31 21 771
21 77 377
77 21 377
21 46 389
46 21 389
21 25 984
25 21 984
21 57 767
57 21 767
21 59 692
59 21 692
21 61 351
61 21 351
21 72 80
72 21 80
21 60 435
60 21 435
21 52 191
52 21 191
21 73 489
73 21 489
22 46 812
46 22 812
22 76 302
76 22 302
22 55 347
55 22 347
22 44 947
44 22 947
22 45 362
45 22 362
23 24 389
24 23 389
23 43 129
43 23 129
23 25 844
25 23 844
23 40 531
40 23 531
23 29 641
29 23 641
23 44 841
44 23 841
23 52 995
52 23 995
23 34 266
34 23 266
23 40 802
40 23 802
23 57 856
57 23 856
23 72 94
72 23 94
24 29 104
29 24 104
24 43 125
43 24 125
24 65 807
65 24 807
24 75 118
75 24 118
24 41 344
41 24 344
24 35 557
35 24 557
24 25 576
25 24 576
24 58 448
58 24 448
24 59 608
59 24 608
24 29 497
29 24 497
24 37 209
37 24 209
24 39 679
39 24 679
24 33 343
33 24 343
25 66 11
66 25 11
25 47 683
47 25 683
25 76 339
76 25 339
25 36 940
36 25 940
25 26 530
26 25 530
25 26 632
26 25 632
25 58 273
58 25 273
26 28 72
28 26 72
26 74 288
74 26 288
26 37 495
37 26 495
26 27 259
27 26 259
26 53 669
53 26 669
27 34 50
34 27 50
27 72 179
72 27 179
27 45 985
45 27 985
27 61 744
61 27 744
27 67 783
67 27 783
27 75 611
75 27 611
27 61 509
61 27 509
27 36 830
36 27 830
27 27 671
27 27 671
28 40 792
40 28 792
28 67 854
67 28 854
28 32 562
32 28 562
28 70 252
70 28 252
28 54 522
54 28 522
28 53 618
53 28 618
28 64 863
64 28 863
28 36 983
36 28 983
29 43 357
43 29 357
29 47 341
47 29 341
29 43 173
43 29 173
29 65 127
65 29 127
29 63 861
63 29 861
29 64 662
64 29 662
29 48 584
48 29 584
29 34 689
34 29 689
30 34 993
34 30 993
30 59 286
59 30 286
30 61 67
61 30 67
30 58 426
58 30 426
30 76 33
76 30 33
30 38 777
38 30 777
31 34 188
34 31 188
31 48 147
48 31 147
31 46 40
46 31 40
31 60 28
60 31 28
31 63 982
63 31 982
31 38 622
38 31 622
31 67 964
67 31 964
31 76 660
76 31 660
31 48 455
48 31 455
31 59 576
59 31 576
32 46 62
46 32 62
32 42 505
42 32 505
32 40 49
40 32 49
32 36 196
36 32 196
33 49 135
49 33 135
33 37 498
37 33 498
33 60 565
60 33 565
33 52 18
52 33 18
34 54 647
54 34 647
34 40 557
40 34 557
34 58 758
58 34 758
34 76 324
76 34 324
34 38 749
38 34 749
34 60 412
60 34 412
34 38 158
38 34 158
34 42 130
42 34 130
34 61 437
61 34 437
34 75 60
75 34 60
34 45 161
45 34 161
34 65 495
65 34 495
35 52 151
52 35 151
35 54 106
54 35 106
35 66 517
66 35 517
35 42 643
42 35 643
35 70 133
70 35 133
35 57 728
57 35 728
35 66 632
66 35 632
35 59 901
59 35 901
35 38 205
38 35 205
35 36 699
36 35 699
35 52 989
52 35 989
35 37 697
37 35 697
36 69 178
69 36 178
36 41 8
41 36 8
36 47 576
47 36 576
36 41 467
41 36 467
36 46 697
46 36 697
36 57 969
57 36 969
36 70 72
70 36 72
36 71 37
71 36 37
36 69 127
69 36 127
37 52 190
52 37 190
37 43 892
43 37 892
37 77 374
77 37 374
37 75 658
75 37 658
38 72 547
72 38 547
38 51 160
51 38 160
38 45 36
45 38 36
38 40 158
40 38 158
38 62 76
62 38 76
38 68 926
68 38 926
39 68 917
68 39 917
39 48 108
48 39 108
39 55 478
55 39 478
39 57 500
57 39 500
39 62 122
62 39 122
39 71 149
71 39 149
40 44 400
44 40 400
40 40 423
40 40 423
40 73 366
73 40 366
40 50 84
50 40 84
40 75 15
75 40 15
40 47 541
47 40 541
40 53 48
53 40 48
41 77 283
77 41 283
41 57 395
57 41 395
41 49 394
49 41 394
42 67 363
67 42 363
42 71 56
71 42 56
42 68 801
68 42 801
42 65 46
65 42 46
43 45 163
45 43 163
43 47 420
47 43 420
43 44 321
44 43 321
43 62 992
62 43 992
43 69 291
69 43 291
43 53 119
53 43 119
44 62 30
62 44 30
44 72 67
72 44 67
44 56 415
56 44 415
44 60 523
60 44 523
44 65 275
65 44 275
44 45 31
45 44 31
45 57 540
57 45 540
45 62 343
62 45 343
45 53 953
53 45 953
45 75 664
75 45 664
45 69 592
69 45 592
45 67 251
67 45 251
46 73 842
73 46 842
46 47 990
47 46 990
46 48 994
48 46 994
46 68 578
68 46 578
46 68 934
68 46 934
46 77 218
77 46 218
46 77 373
77 46 373
46 65 664
65 46 664
46 50 228
50 46 228
47 51 205
51 47 205
47 61 854
61 47 854
47 63 995
63 47 995
47 66 626
66 47 626
47 64 502
64 47 502
47 60 7
60 47 7
47 51 653
51 47 653
48 59 420
59 48 420
48 51 612
51 48 612
48 63 139
63 48 139
48 52 138
52 48 138
49 50 521
50 49 521
49 53 246
53 49 246
49 65 189
65 49 189
49 60 88
60 49 88
50 72 695
72 50 695
50 59 789
59 50 789
50 56 652
56 50 652
50 70 233
70 50 233
50 60 606
60 50 606
50 57 939
57 50 939
51 64 75
64 51 75
51 55 982
55 51 982
51 64 886
64 51 886
51 61 879
61 51 879
52 69 827
69 52 827
52 62 38
62 52 38
52 68 422
68 52 422
52 73 166
73 52 166
52 62 88
62 52 88
52 53 194
53 52 194
52 67 941
67 52 941
53 74 781
74 53 781
53 69 23
69 53 23
53 73 801
73 53 801
53 64 229
64 53 229
53 77 913
77 53 913
53 69 21
69 53 21
53 63 333
63 53 333
53 69 478
69 53 478
53 57 243
57 53 243
53 54 295
54 53 295
53 73 797
73 53 797
54 57 372
57 54 372
54 61 901
61 54 901
54 55 588
55 54 588
54 67 520
67 54 520
54 75 886
75 54 886
55 62 13
62 55 13
56 58 766
58 56 766
56 60 295
60 56 295
56 60 218
60 56 218
56 66 941
66 56 941
56 62 196
62 56 196
56 70 739
70 56 739
56 62 399
62 56 399
57 65 519
65 57 519
57 77 266
77 57 266
57 76 807
76 57 807
57 77 674
77 57 674
58 74 514
74 58 514
58 76 843
76 58 843
58 75 95
75 58 95
58 73 758
73 58 758
58 59 37
59 58 37
58 59 772
59 58 772
59 77 535
77 59 535
59 63 582
63 59 582
59 61 98
61 59 98
59 60 983
60 59 983
60 67 791
67 60 791
60 62 943
62 60 943
60 71 248
71 60 248
60 73 655
73 60 655
61 74 15
74 61 15
61 70 99
70 61 99
61 73 300
73 61 300
61 66 846
66 61 846
61 72 807
72 61 807
61 64 686
64 61 686
61 77 554
77 61 554
62 67 776
67 62 776
62 72 849
72 62 849
62 65 926
65 62 926
62 68 526
68 62 526
63 73 463
73 63 463
63 69 341
69 63 341
64 74 84
74 64 84
65 74 931
74 65 931
65 76 237
76 65 237
65 65 637
65 65 637
66 75 806
75 66 806
66 68 495
68 66 495
66 73 101
73 66 101
67 71 987
71 67 987
67 75 569
75 67 569
67 70 688
70 67 688
67 69 501
69 67 501
67 72 242
72 67 242
68 69 277
69 68 277
69 75 478
75 69 478
69 74 627
74 69 627
70 71 118
71 70 118
70 75 304
75 70 304
71 72 197
72 71 197
71 77 548
77 71 548
73 76 763
76 73 763
74 74 108
74 74 108
74 75 100
75 74 100
