48

0 1 480
1 0 480
0 8 515
8 0 515
0 13 804
13 0 804
0 23 46
23 0 46
0 34 61
34 0 61
0 40 911
40 0 911
0 22 543
22 0 543
0 41 651
41 0 651
0 14 285
14 0 285
0 33 832
33 0 832
0 20 544
20 0 544
0 6 107
6 0 107
0 28 967
28 0 967
1 2 298
2 1 298
1 3 208
3 1 208
1 30 322
30 1 322
1 46 690
46 1 690
1 30 168
30 1 168
1 47 374
47 1 374
1 31 30
31 1 30
1 38 655
38 1 655
1 30 310
30 1 310
2 4 486
4 2 486
2 10 629
10 2 629
2 32 513
32 2 513
2 39 333
39 2 333
2 40 569
40 2 569
2 21 643
21 2 643
2 32 300
32 2 300
2 23 655
23 2 655
2 7 402
7 2 402
3 6 198
6 3 198
3 28 405
28 3 405
3 38 81
38 3 81
3 28 471
28 3 471
3 30 852
30 3 852
4 5 527
5 4 527
4 11 183
11 4 183
4 26 534
26 4 534
4 11 284
11 4 284
5 7 426
7 5 426
5 12 219
12 5 219
5 39 463
39 5 463
5 40 370
40 5 370
5 18 974
18 5 974
5 17 976
17 5 976
5 47 750
47 5 750
6 19 119
19 6 119
6 35 887
35 6 887
6 21 886
21 6 886
6 46 735
46 6 735
6 35 855
35 6 855
6 9 236
9 6 236
6 23 261
23 6 261
6 9 294
9 6 294
6 13 166
13 6 166
7 17 733
17 7 733
7 21 906
21 7 906
7 29 989
29 7 989
7 30 4
30 7 4
7 44 505
44 7 505
8 9 463
9 8 463
8 15 247
15 8 247
8 45 422
45 8 422
8 37 651
37 8 651
8 20 902
20 8 902
8 27 210
27 8 210
8 40 238
40 8 238
9 22 560
22 9 560
9 24 867
24 9 867
9 24 981
24 9 981
9 10 708
10 9 708
10 30 33
30 10 33
10 35 100
35 10 100
10 29 193
29 10 193
10 23 1
23 10 1
11 14 867
14 11 867
11 22 805
22 11 805
11 33 937
33 11 937
12 15 285
15 12 285
12 27 480
27 12 480
12 33 950
33 12 950
12 25 474
25 12 474
12 23 142
23 12 142
12 46 71
46 12 71
12 31 466
31 12 466
12 38 392
38 12 392
13 18 582
18 13 582
13 27 786
27 13 786
13 33 610
33 13 610
13 41 152
41 13 152
13 28 721
28 13 721
13 17 771
17 13 771
13 16 759
16 13 759
13 14 520
14 13 520
14 42 323
42 14 323
14 19 215
19 14 215
14 44 950
44 14 950
14 33 534
33 14 534
14 14 226
14 14 226
15 16 460
16 15 460
15 28 842
28 15 842
15 40 394
40 15 394
15 22 16
22 15 16
16 36 821
36 16 821
16 33 293
33 16 293
16 16 166
16 16 166
17 20 256
20 17 256
17 29 809
29 17 809
17 38 24
38 17 24
18 37 50
37 18 50
18 20 740
20 18 740
18 40 797
40 18 797
18 41 981
41 18 981
19 24 852
24 19 852
20 34 853
34 20 853
20 40 906
40 20 906
20 34 561
34 20 561
21 32 917
32 21 917
22 31 915
31 22 915
23 30 805
30 23 805
23 45 204
45 23 204
23 37 599
37 23 599
23 39 542
39 23 542
24 25 60
25 24 60
24 39 258
39 24 258
25 37 420
37 25 420
25 47 84
47 25 84
25 34 405
34 25 405
25 36 87
36 25 87
26 35 930
35 26 930
26 31 476
31 26 476
27 29 246
29 27 246
27 33 455
33 27 455
27 36 14
36 27 14
27 33 66
33 27 66
27 31 355
31 27 355
28 38 150
38 28 150
30 43 853
43 30 853
30 47 503
47 30 503
31 38 204
38 31 204
31 35 144
35 31 144
32 45 665
45 32 665
32 47 336
47 32 336
32 38 73
38 32 73
34 44 838
44 34 838
34 39 471
39 34 471
34 46 467
46 34 467
35 44 411
44 35 411
35 44 866
44 35 866
35 39 191
39 35 191
35 37 422
37 35 422
36 41 707
41 36 707
36 44 382
44 36 382
36 45 278
45 36 278
37 40 453
40 37 453
37 42 935
42 37 935
37 38 169
38 37 169
38 45 607
45 38 607
39 45 681
45 39 681
40 47 622
47 40 622
42 47 848
47 42 848
44 46 909
46 44 909
46 47 585
47 46 585
