59

0 1 683
1 0 683
0 11 979
11 0 979
0 15 560
15 0 560
0 33 740
33 0 740
0 43 310
43 0 310
0 4 549
4 0 549
0 51 77
51 0 77
0 25 961
25 0 961
1 2 457
2 1 457
1 3 490
3 1 490
1 5 732
5 1 732
1 8 47
8 1 47
1 15 334
15 1 334
1 36 374
36 1 374
1 32 98
32 1 98
1 56 545
56 1 545
1 20 530
20 1 530
2 6 944
6 2 944
2 10 752
10 2 752
2 49 137
49 2 137
3 4 332
4 3 332
3 19 967
19 3 967
3 46 69
46 3 69
3 35 774
35 3 774
3 41 485
41 3 485
3 7 331
7 3 331
3 24 843
24 3 843
3 39 939
39 3 939
4 7 429
7 4 429
4 9 85
9 4 85
4 16 302
16 4 302
4 17 480
17 4 480
5 25 1000
25 5 1000
5 26 730
26 5 730
5 29 878
29 5 878
5 31 192
31 5 192
5 45 719
45 5 719
5 8 782
8 5 782
5 31 787
31 5 787
5 44 84
44 5 84
5 45 898
45 5 898
5 23 76
23 5 76
5 20 597
20 5 597
5 17 689
17 5 689
5 23 514
23 5 514
6 58 503
58 6 503
6 38 505
38 6 505
7 14 201
14 7 201
7 48 348
48 7 348
7 23 752
23 7 752
7 55 579
55 7 579
7 38 785
38 7 785
7 34 892
34 7 892
8 27 810
27 8 810
8 32 990
32 8 990
8 40 649
40 8 649
8 42 361
42 8 361
8 52 329
52 8 329
8 35 60
35 8 60
8 22 985
22 8 985
8 38 936
38 8 936
8 24 132
24 8 132
9 12 425
12 9 425
9 23 77
23 9 77
9 37 500
37 9 500
9 27 587
27 9 587
9 35 917
35 9 917
9 53 585
53 9 585
10 51 733
51 10 733
10 23 769
23 10 769
10 33 567
33 10 567
10 25 834
25 10 834
11 37 191
37 11 191
11 17 367
17 11 367
12 13 864
13 12 864
12 36 14
36 12 14
12 54 575
54 12 575
12 47 632
47 12 632
12 52 873
52 12 873
12 29 441
29 12 441
13 24 716
24 13 716
13 38 392
38 13 392
13 41 824
41 13 824
13 55 9
55 13 9
13 53 989
53 13 989
13 38 117
38 13 117
14 17 452
17 14 452
14 38 676
38 14 676
14 47 245
47 14 245
15 16 577
16 15 577
15 22 266
22 15 266
15 37 861
37 15 861
15 53 839
53 15 839
15 25 230
25 15 230
15 54 228
54 15 228
16 48 521
48 16 521
16 53 979
53 16 979
16 56 923
56 16 923
16 47 651
47 16 651
16 47 196
47 16 196
17 18 864
18 17 864
17 21 549
21 17 549
17 39 384
39 17 384
17 36 264
36 17 264
17 44 201
44 17 201
17 39 360
39 17 360
17 44 963
44 17 963
17 27 218
27 17 218
17 40 861
40 17 861
18 58 928
58 18 928
18 49 196
49 18 196
18 48 478
48 18 478
18 27 20
27 18 20
18 20 400
20 18 400
18 20 615
20 18 615
18 42 718
42 18 718
19 20 202
20 19 202
19 46 355
46 19 355
19 47 686
47 19 686
19 21 8
21 19 8
19 30 720
30 19 720
20 28 393
28 20 393
20 30 357
30 20 357
20 44 976
44 20 976
20 55 773
55 20 773
23 41 534
41 23 534
23 44 548
44 23 548
23 36 942
36 23 942
23 51 376
51 23 376
23 37 660
37 23 660
24 49 619
49 24 619
24 56 205
56 24 205
24 26 160
26 24 160
25 55 424
55 25 424
25 58 698
58 25 698
25 49 484
49 25 484
25 58 720
58 25 720
26 35 156
35 26 156
26 45 638
45 26 638
26 26 609
26 26 609
27 34 670
34 27 670
27 49 894
49 27 894
28 52 117
52 28 117
29 37 204
37 29 204
29 39 308
39 29 308
30 52 829
52 30 829
30 53 321
53 30 321
31 53 601
53 31 601
31 53 324
53 31 324
31 40 425
40 31 425
31 41 239
41 31 239
32 58 642
58 32 642
32 41 564
41 32 564
32 53 877
53 32 877
32 50 594
50 32 594
33 43 797
43 33 797
33 46 131
46 33 131
34 57 879
57 34 879
34 36 742
36 34 742
34 57 723
57 34 723
35 54 501
54 35 501
35 56 77
56 35 77
35 45 822
45 35 822
35 46 805
46 35 805
37 50 7
50 37 7
38 42 120
42 38 120
38 41 991
41 38 991
38 47 368
47 38 368
38 47 918
47 38 918
39 40 502
40 39 502
39 44 757
44 39 757
39 58 746
58 39 746
39 45 500
45 39 500
40 42 621
42 40 621
40 44 243
44 40 243
42 49 684
49 42 684
46 57 403
57 46 403
47 53 294
53 47 294
47 48 409
48 47 409
48 49 497
49 48 497
48 50 644
50 48 644
49 50 269
50 49 269
50 52 856
52 50 856
51 58 724
58 51 724
51 53 610
53 51 610
51 52 298
52 51 298
51 54 319
54 51 319
51 58 511
58 51 511
52 55 252
55 52 252
54 54 579
54 54 579
56 58 315
58 56 315
57 58 470
58 57 470
57 58 190
58 57 190
