15

0 1 938
1 0 938
0 2 52
2 0 52
0 4 384
4 0 384
0 12 452
12 0 452
0 12 589
12 0 589
1 3 137
3 1 137
2 6 758
6 2 758
2 7 872
7 2 872
3 11 338
11 3 338
4 5 481
5 4 481
4 8 429
8 4 429
4 10 621
10 4 621
4 13 978
13 4 978
4 11 800
11 4 800
5 9 492
9 5 492
6 9 579
9 6 579
10 11 399
11 10 399
10 14 656
14 10 656
11 13 633
13 11 633
11 14 606
14 11 606
11 11 100
11 11 100
