72

0 1 938
1 0 938
0 3 321
3 0 321
0 8 330
8 0 330
0 9 180
9 0 180
0 12 748
12 0 748
0 34 212
34 0 212
0 0 985
0 0 985
0 6 351
6 0 351
0 14 603
14 0 603
0 44 978
44 0 978
0 63 532
63 0 532
0 14 823
14 0 823
0 38 635
38 0 635
1 2 511
2 1 511
1 4 777
4 1 777
1 42 241
42 1 241
1 25 973
25 1 973
1 69 870
69 1 870
1 13 357
13 1 357
1 7 967
7 1 967
1 71 565
71 1 565
1 27 374
27 1 374
1 54 174
54 1 174
1 53 59
53 1 59
1 67 59
67 1 59
1 19 279
19 1 279
1 33 631
33 1 631
2 6 435
6 2 435
2 10 652
10 2 652
2 17 706
17 2 706
2 71 421
71 2 421
2 31 1
31 2 1
2 39 139
39 2 139
2 6 687
6 2 687
2 13 555
13 2 555
2 65 649
65 2 649
2 28 102
28 2 102
2 9 799
9 2 799
2 69 51
69 2 51
2 21 461
21 2 461
2 62 40
62 2 40
2 14 331
14 2 331
2 51 826
51 2 826
2 50 753
50 2 753
2 53 950
53 2 950
3 5 273
5 3 273
3 7 799
7 3 799
3 48 741
48 3 741
3 26 550
26 3 550
3 53 540
53 3 540
3 51 97
51 3 97
3 49 15
49 3 15
3 60 184
60 3 184
3 18 228
18 3 228
3 68 380
68 3 380
3 71 545
71 3 545
3 58 230
58 3 230
3 18 592
18 3 592
3 16 497
16 3 497
3 65 955
65 3 955
3 5 228
5 3 228
3 54 553
54 3 553
3 58 353
58 3 353
4 16 449
16 4 449
4 18 766
18 4 766
4 24 610
24 4 610
4 44 324
44 4 324
4 39 455
39 4 455
4 46 538
46 4 538
4 8 874
8 4 874
4 45 844
45 4 844
4 25 333
25 4 333
4 32 439
32 4 439
4 24 995
24 4 995
4 9 923
9 4 923
4 59 400
59 4 400
4 48 829
48 4 829
5 11 227
11 5 227
5 50 688
50 5 688
5 33 795
33 5 795
5 37 985
37 5 985
5 27 61
27 5 61
5 14 378
14 5 378
5 24 883
24 5 883
5 68 503
68 5 503
5 51 670
51 5 670
5 67 84
67 5 84
5 48 55
48 5 55
6 36 637
36 6 637
6 44 848
44 6 848
6 30 923
30 6 923
6 45 474
45 6 474
6 16 176
16 6 176
6 20 273
20 6 273
6 70 184
70 6 184
6 33 951
33 6 951
6 67 462
67 6 462
6 36 243
36 6 243
6 19 682
19 6 682
6 36 590
36 6 590
6 62 650
62 6 650
6 29 150
29 6 150
6 54 344
54 6 344
6 56 916
56 6 916
6 25 847
25 6 847
6 63 623
63 6 623
7 14 193
14 7 193
7 25 659
25 7 659
7 66 221
66 7 221
7 58 540
58 7 540
7 53 882
53 7 882
7 62 561
62 7 561
7 47 654
47 7 654
7 49 909
49 7 909
8 55 205
55 8 205
8 35 390
35 8 390
8 47 634
47 8 634
8 21 847
21 8 847
8 14 932
14 8 932
8 49 188
49 8 188
8 36 370
36 8 370
8 40 488
40 8 488
8 70 970
70 8 970
8 40 157
40 8 157
8 45 287
45 8 287
9 13 288
13 9 288
9 15 49
15 9 49
9 47 450
47 9 450
9 64 558
64 9 558
9 50 55
50 9 55
9 40 834
40 9 834
9 53 352
53 9 352
9 32 507
32 9 507
9 42 990
42 9 990
9 61 388
61 9 388
9 48 114
48 9 114
9 44 630
44 9 630
9 66 248
66 9 248
9 50 139
50 9 139
9 68 950
68 9 950
9 44 493
44 9 493
9 27 772
27 9 772
9 15 779
15 9 779
10 22 710
22 10 710
10 14 956
14 10 956
10 57 924
57 10 924
10 70 52
70 10 52
10 31 137
31 10 137
10 50 931
50 10 931
10 28 709
28 10 709
10 70 2
70 10 2
10 47 309
47 10 309
10 58 151
58 10 151
10 25 868
25 10 868
10 35 244
35 10 244
10 51 950
51 10 950
10 10 190
10 10 190
10 39 583
39 10 583
10 46 581
46 10 581
10 15 42
15 10 42
10 35 429
35 10 429
10 64 312
64 10 312
11 29 612
29 11 612
11 43 371
43 11 371
11 70 239
70 11 239
11 68 154
68 11 154
11 56 969
56 11 969
11 70 145
70 11 145
11 13 238
13 11 238
11 14 465
14 11 465
11 30 748
30 11 748
11 46 314
46 11 314
11 41 780
41 11 780
11 49 799
49 11 799
12 37 925
37 12 925
12 57 443
57 12 443
12 60 294
60 12 294
12 56 671
56 12 671
12 58 778
58 12 778
12 21 630
21 12 630
12 66 475
66 12 475
12 45 976
45 12 976
12 21 605
21 12 605
13 33 769
33 13 769
13 26 616
26 13 616
13 18 352
18 13 352
13 70 994
70 13 994
13 28 886
28 13 886
13 66 994
66 13 994
13 53 610
53 13 610
13 34 814
34 13 814
13 48 987
48 13 987
13 43 133
43 13 133
14 67 516
67 14 516
14 16 577
16 14 577
14 71 306
71 14 306
14 44 111
44 14 111
14 69 956
69 14 956
14 27 615
27 14 615
14 37 724
37 14 724
14 25 923
25 14 923
15 30 34
30 15 34
15 52 358
52 15 358
15 25 664
25 15 664
15 19 99
19 15 99
15 29 954
29 15 954
15 70 984
70 15 984
15 31 612
31 15 612
15 23 656
23 15 656
15 35 644
35 15 644
15 36 398
36 15 398
15 22 149
22 15 149
15 35 850
35 15 850
15 29 542
29 15 542
15 43 730
43 15 730
16 20 20
20 16 20
16 39 167
39 16 167
16 32 160
32 16 160
16 24 84
24 16 84
16 20 840
20 16 840
16 28 674
28 16 674
16 39 275
39 16 275
16 24 638
24 16 638
16 48 37
48 16 37
16 58 899
58 16 899
16 52 474
52 16 474
16 53 935
53 16 935
16 42 316
42 16 316
17 19 115
19 17 115
17 21 80
21 17 80
17 58 974
58 17 974
17 29 116
29 17 116
17 39 923
39 17 923
17 64 501
64 17 501
17 37 487
37 17 487
17 67 984
67 17 984
17 62 587
62 17 587
17 60 376
60 17 376
17 65 211
65 17 211
17 68 984
68 17 984
18 33 786
33 18 786
18 65 544
65 18 544
18 59 738
59 18 738
18 70 397
70 18 397
18 58 237
58 18 237
18 23 904
23 18 904
18 53 996
53 18 996
18 69 280
69 18 280
18 34 886
34 18 886
18 66 646
66 18 646
19 26 913
26 19 913
19 28 260
28 19 260
19 68 289
68 19 289
19 71 511
71 19 511
19 38 862
38 19 862
19 71 263
71 19 263
19 41 69
41 19 69
19 40 441
40 19 441
19 65 56
65 19 56
20 59 785
59 20 785
20 28 154
28 20 154
20 54 407
54 20 407
20 56 178
56 20 178
20 52 284
52 20 284
20 24 560
24 20 560
20 32 2
32 20 2
20 33 547
33 20 547
21 25 128
25 21 128
21 41 1000
41 21 1000
21 70 399
70 21 399
21 41 819
41 21 819
21 39 849
39 21 849
21 24 16
24 21 16
21 58 846
58 21 846
21 38 560
38 21 560
22 23 141
23 22 141
22 31 791
31 22 791
22 36 400
36 22 400
22 32 493
32 22 493
22 47 531
47 22 531
22 53 264
53 22 264
22 40 596
40 22 596
22 31 635
31 22 635
22 68 561
68 22 561
22 66 959
66 22 959
22 22 127
22 22 127
23 24 392
24 23 392
23 52 848
52 23 848
23 26 467
26 23 467
23 71 458
71 23 458
23 48 906
48 23 906
23 58 488
58 23 488
23 63 650
63 23 650
23 64 78
64 23 78
23 65 680
65 23 680
23 58 653
58 23 653
23 65 416
65 23 416
23 35 854
35 23 854
24 44 147
44 24 147
24 63 346
63 24 346
24 43 100
43 24 100
24 50 855
50 24 855
24 39 386
39 24 386
24 28 234
28 24 234
24 62 945
62 24 945
24 61 633
61 24 633
24 45 942
45 24 942
24 66 493
66 24 493
24 39 998
39 24 998
24 67 217
67 24 217
25 71 151
71 25 151
25 30 915
30 25 915
25 40 19
40 25 19
25 31 609
31 25 609
25 42 912
42 25 912
25 39 284
39 25 284
26 27 372
27 26 372
26 29 742
29 26 742
26 43 245
43 26 245
26 71 660
71 26 660
26 51 226
51 26 226
26 49 683
49 26 683
26 50 533
50 26 533
26 43 602
43 26 602
26 27 572
27 26 572
26 69 576
69 26 576
26 46 349
46 26 349
26 42 295
42 26 295
26 45 751
45 26 751
26 48 323
48 26 323
27 53 371
53 27 371
27 62 554
62 27 554
27 69 642
69 27 642
27 29 352
29 27 352
27 40 82
40 27 82
27 42 645
42 27 645
27 28 203
28 27 203
27 54 33
54 27 33
27 49 671
49 27 671
27 65 134
65 27 134
27 45 949
45 27 949
28 60 667
60 28 667
28 31 981
31 28 981
28 37 545
37 28 545
28 61 978
61 28 978
28 46 804
46 28 804
28 49 337
49 28 337
28 55 924
55 28 924
28 63 473
63 28 473
29 36 887
36 29 887
29 32 426
32 29 426
29 44 393
44 29 393
29 69 390
69 29 390
29 38 106
38 29 106
30 49 95
49 30 95
30 36 35
36 30 35
30 33 22
33 30 22
30 71 33
71 30 33
30 48 640
48 30 640
30 35 16
35 30 16
30 52 551
52 30 551
30 58 95
58 30 95
31 32 546
32 31 546
31 35 376
35 31 376
31 63 310
63 31 310
31 70 278
70 31 278
31 39 475
39 31 475
31 54 947
54 31 947
31 38 410
38 31 410
31 57 318
57 31 318
31 46 164
46 31 164
31 39 889
39 31 889
32 54 436
54 32 436
32 60 124
60 32 124
32 68 589
68 32 589
32 67 993
67 32 993
32 68 18
68 32 18
32 39 846
39 32 846
32 70 248
70 32 248
32 66 422
66 32 422
33 68 885
68 33 885
33 69 160
69 33 160
33 42 432
42 33 432
33 60 551
60 33 551
33 58 413
58 33 413
33 60 172
60 33 172
33 68 465
68 33 465
33 42 566
42 33 566
34 40 283
40 34 283
34 69 295
69 34 295
34 44 14
44 34 14
35 38 491
38 35 491
35 40 476
40 35 476
35 54 468
54 35 468
35 41 230
41 35 230
35 57 512
57 35 512
35 68 763
68 35 763
35 57 98
57 35 98
35 65 830
65 35 830
35 67 592
67 35 592
35 39 831
39 35 831
35 61 382
61 35 382
35 43 783
43 35 783
36 41 359
41 36 359
36 70 647
70 36 647
36 50 501
50 36 501
36 60 325
60 36 325
36 63 751
63 36 751
36 69 566
69 36 566
36 39 193
39 36 193
36 71 959
71 36 959
36 56 283
56 36 283
36 55 65
55 36 65
36 69 285
69 36 285
37 62 111
62 37 111
37 70 31
70 37 31
37 48 663
48 37 663
37 61 886
61 37 886
37 62 746
62 37 746
37 68 90
68 37 90
37 67 851
67 37 851
37 47 351
47 37 351
37 66 144
66 37 144
37 38 529
38 37 529
37 68 647
68 37 647
37 48 925
48 37 925
38 66 979
66 38 979
38 46 747
46 38 747
38 61 827
61 38 827
38 54 817
54 38 817
38 39 615
39 38 615
38 62 364
62 38 364
38 42 152
42 38 152
38 60 657
60 38 657
39 53 703
53 39 703
39 67 565
67 39 565
39 68 661
68 39 661
39 61 679
61 39 679
39 45 314
45 39 314
39 64 982
64 39 982
39 56 911
56 39 911
40 46 720
46 40 720
40 45 659
45 40 659
40 46 7
46 40 7
40 41 931
41 40 931
40 68 273
68 40 273
41 67 418
67 41 418
41 50 977
50 41 977
41 68 420
68 41 420
41 52 432
52 41 432
41 67 201
67 41 201
42 45 490
45 42 490
42 53 624
53 42 624
42 66 107
66 42 107
42 65 226
65 42 226
42 44 143
44 42 143
43 67 136
67 43 136
43 53 629
53 43 629
43 60 406
60 43 406
43 54 986
54 43 986
43 53 710
53 43 710
43 53 398
53 43 398
44 67 742
67 44 742
44 55 249
55 44 249
44 47 799
47 44 799
44 68 171
68 44 171
44 71 895
71 44 895
44 68 132
68 44 132
44 60 229
60 44 229
45 70 290
70 45 290
45 49 473
49 45 473
45 51 338
51 45 338
46 56 151
56 46 151
46 69 534
69 46 534
46 52 13
52 46 13
46 51 40
51 46 40
46 70 134
70 46 134
46 52 535
52 46 535
46 47 320
47 46 320
46 69 55
69 46 55
47 47 420
47 47 420
47 67 20
67 47 20
47 58 861
58 47 861
47 71 938
71 47 938
48 68 995
68 48 995
48 52 497
52 48 497
48 70 622
70 48 622
48 59 222
59 48 222
49 51 970
51 49 970
49 50 578
50 49 578
49 65 786
65 49 786
49 67 534
67 49 534
49 55 666
55 49 666
50 63 74
63 50 74
50 70 609
70 50 609
50 71 279
71 50 279
50 71 469
71 50 469
50 66 249
66 50 249
51 53 340
53 51 340
51 69 826
69 51 826
51 71 121
71 51 121
52 53 911
53 52 911
52 65 161
65 52 161
53 55 684
55 53 684
54 68 856
68 54 856
54 70 210
70 54 210
54 56 70
56 54 70
55 70 274
70 55 274
55 59 629
59 55 629
56 64 79
64 56 79
56 64 55
64 56 55
57 59 814
59 57 814
57 60 653
60 57 653
57 70 753
70 57 753
58 61 689
61 58 689
58 68 538
68 58 538
58 63 998
63 58 998
58 59 811
59 58 811
59 62 511
62 59 511
59 61 523
61 59 523
59 64 910
64 59 910
59 69 618
69 59 618
60 69 911
69 60 911
60 65 628
65 60 628
60 63 37
63 60 37
62 66 517
66 62 517
62 67 571
67 62 571
63 64 673
64 63 673
64 65 318
65 64 318
69 70 157
70 69 157
