33

0 1 346
1 0 346
0 3 480
3 0 480
0 4 170
4 0 170
0 9 246
9 0 246
0 22 349
22 0 349
0 26 360
26 0 360
0 31 673
31 0 673
0 27 199
27 0 199
0 11 398
11 0 398
0 27 190
27 0 190
0 32 490
32 0 490
1 2 684
2 1 684
1 6 267
6 1 267
1 7 959
7 1 959
1 10 732
10 1 732
1 14 740
14 1 740
1 27 499
27 1 499
1 30 637
30 1 637
1 17 290
17 1 290
1 19 752
19 1 752
1 5 636
5 1 636
1 7 654
7 1 654
2 25 266
25 2 266
2 15 520
15 2 520
2 29 654
29 2 654
2 17 155
17 2 155
2 15 420
15 2 420
2 28 889
28 2 889
2 6 448
6 2 448
2 27 643
27 2 643
3 5 422
5 3 422
3 14 234
14 3 234
3 26 323
26 3 323
3 12 293
12 3 293
3 12 931
12 3 931
4 8 983
8 4 983
4 19 559
19 4 559
4 32 826
32 4 826
4 21 329
21 4 329
4 27 73
27 4 73
4 25 812
25 4 812
5 11 57
11 5 57
5 13 416
13 5 416
5 26 744
26 5 744
5 28 490
28 5 490
5 27 782
27 5 782
6 22 962
22 6 962
6 26 846
26 6 846
6 25 881
25 6 881
6 8 771
8 6 771
7 20 460
20 7 460
7 14 936
14 7 936
7 18 687
18 7 687
7 10 448
10 7 448
7 26 806
26 7 806
7 9 141
9 7 141
8 17 489
17 8 489
8 23 227
23 8 227
8 25 807
25 8 807
8 9 160
9 8 160
8 9 111
9 8 111
8 10 15
10 8 15
8 17 717
17 8 717
8 14 94
14 8 94
8 12 88
12 8 88
8 9 95
9 8 95
8 28 695
28 8 695
9 27 38
27 9 38
9 26 465
26 9 465
9 13 740
13 9 740
9 20 312
20 9 312
9 28 795
28 9 795
10 12 755
12 10 755
10 15 694
15 10 694
10 24 292
24 10 292
10 31 590
31 10 590
10 27 571
27 10 571
10 32 475
32 10 475
11 16 779
16 11 779
11 18 950
18 11 950
11 28 940
28 11 940
11 29 447
29 11 447
11 21 705
21 11 705
11 25 952
25 11 952
11 13 808
13 11 808
12 17 682
17 12 682
12 24 444
24 12 444
13 30 603
30 13 603
13 29 185
29 13 185
13 29 995
29 13 995
13 26 811
26 13 811
14 21 125
21 14 125
14 20 152
20 14 152
14 24 951
24 14 951
14 25 646
25 14 646
14 32 30
32 14 30
14 21 542
21 14 542
14 22 448
22 14 448
15 22 916
22 15 916
15 30 192
30 15 192
15 22 824
22 15 824
15 30 675
30 15 675
16 24 292
24 16 292
16 18 622
18 16 622
17 19 538
19 17 538
17 26 155
26 17 155
18 31 27
31 18 27
18 27 890
27 18 890
19 21 38
21 19 38
19 32 745
32 19 745
19 27 665
27 19 665
19 28 824
28 19 824
20 25 73
25 20 73
20 23 224
23 20 224
20 24 558
24 20 558
21 29 484
29 21 484
22 27 99
27 22 99
23 32 526
32 23 526
23 29 371
29 23 371
23 31 422
31 23 422
24 29 312
29 24 312
24 27 256
27 24 256
26 30 628
30 26 628
26 28 217
28 26 217
28 30 881
30 28 881
30 32 738
32 30 738
