98

0 1 603
1 0 603
0 4 502
4 0 502
0 8 54
8 0 54
0 15 152
15 0 152
0 62 763
62 0 763
0 71 87
71 0 87
0 79 903
79 0 903
0 56 382
56 0 382
0 68 842
68 0 842
0 59 824
59 0 824
0 48 274
48 0 274
0 88 194
88 0 194
0 34 497
34 0 497
0 54 646
54 0 646
0 33 472
33 0 472
0 66 561
66 0 561
0 35 858
35 0 858
0 66 734
66 0 734
0 94 122
94 0 122
0 47 434
47 0 434
0 10 117
10 0 117
0 3 161
3 0 161
1 2 283
2 1 283
1 3 373
3 1 373
1 6 242
6 1 242
1 7 568
7 1 568
1 10 678
10 1 678
1 12 768
12 1 768
1 67 145
67 1 145
1 6 429
6 1 429
1 80 138
80 1 138
1 68 595
68 1 595
1 92 510
92 1 510
1 56 477
56 1 477
1 29 537
29 1 537
1 11 116
11 1 116
1 48 499
48 1 499
1 25 297
25 1 297
1 96 225
96 1 225
1 24 884
24 1 884
1 12 628
12 1 628
1 49 782
49 1 782
1 94 403
94 1 403
1 27 253
27 1 253
2 57 805
57 2 805
2 63 380
63 2 380
2 29 154
29 2 154
2 22 527
22 2 527
2 56 42
56 2 42
2 64 550
64 2 550
2 41 340
41 2 340
2 79 140
79 2 140
2 40 311
40 2 311
2 57 58
57 2 58
2 76 637
76 2 637
2 93 810
93 2 810
2 85 905
85 2 905
2 58 593
58 2 593
2 50 355
50 2 355
2 21 611
21 2 611
2 33 937
33 2 937
2 48 182
48 2 182
2 36 354
36 2 354
2 93 439
93 2 439
2 81 716
81 2 716
2 11 423
11 2 423
3 14 376
14 3 376
3 68 758
68 3 758
3 13 172
13 3 172
3 25 385
25 3 385
3 53 606
53 3 606
3 80 26
80 3 26
3 12 437
12 3 437
3 9 153
9 3 153
3 5 473
5 3 473
3 66 120
66 3 120
3 47 266
47 3 266
3 12 460
12 3 460
3 25 737
25 3 737
4 5 800
5 4 800
4 18 965
18 4 965
4 22 470
22 4 470
4 37 37
37 4 37
4 86 826
86 4 826
4 24 13
24 4 13
4 87 165
87 4 165
4 6 342
6 4 342
4 97 311
97 4 311
4 27 600
27 4 600
4 50 766
50 4 766
4 73 83
73 4 83
4 70 235
70 4 235
4 37 549
37 4 549
4 42 249
42 4 249
4 54 347
54 4 347
4 36 561
36 4 561
4 16 305
16 4 305
4 23 759
23 4 759
4 23 752
23 4 752
4 82 735
82 4 735
4 34 807
34 4 807
4 35 913
35 4 913
4 50 500
50 4 500
4 51 359
51 4 359
4 88 766
88 4 766
4 26 83
26 4 83
4 59 561
59 4 561
4 12 300
12 4 300
4 45 455
45 4 455
4 36 196
36 4 196
4 43 289
43 4 289
5 9 135
9 5 135
5 17 293
17 5 293
5 19 156
19 5 156
5 24 12
24 5 12
5 59 336
59 5 336
5 94 806
94 5 806
5 57 45
57 5 45
5 11 735
11 5 735
5 50 368
50 5 368
5 58 60
58 5 60
5 92 96
92 5 96
5 64 780
64 5 780
5 91 997
91 5 997
5 59 707
59 5 707
5 81 901
81 5 901
5 80 370
80 5 370
5 20 374
20 5 374
5 45 706
45 5 706
5 52 756
52 5 756
5 91 126
91 5 126
5 87 194
87 5 194
5 89 830
89 5 830
5 20 20
20 5 20
5 42 500
42 5 500
6 13 975
13 6 975
6 35 519
35 6 519
6 86 89
86 6 89
6 15 407
15 6 407
6 12 634
12 6 634
6 16 446
16 6 446
6 7 82
7 6 82
6 33 799
33 6 799
6 46 786
46 6 786
6 7 547
7 6 547
6 60 423
60 6 423
6 51 872
51 6 872
6 74 577
74 6 577
6 11 601
11 6 601
6 10 105
10 6 105
6 73 296
73 6 296
6 86 291
86 6 291
7 23 930
23 7 930
7 43 994
43 7 994
7 89 14
89 7 14
7 13 854
13 7 854
7 44 587
44 7 587
7 31 350
31 7 350
7 14 253
14 7 253
7 62 862
62 7 862
7 86 584
86 7 584
7 21 516
21 7 516
7 58 223
58 7 223
7 93 659
93 7 659
7 94 829
94 7 829
7 14 647
14 7 647
8 39 806
39 8 806
8 27 411
27 8 411
8 15 950
15 8 950
8 44 539
44 8 539
8 19 776
19 8 776
8 38 108
38 8 108
8 16 312
16 8 312
8 87 235
87 8 235
8 48 528
48 8 528
8 56 849
56 8 849
9 52 142
52 9 142
9 64 833
64 9 833
9 82 201
82 9 201
9 80 51
80 9 51
9 20 366
20 9 366
9 50 813
50 9 813
9 53 366
53 9 366
9 42 624
42 9 624
9 35 849
35 9 849
9 60 558
60 9 558
9 90 196
90 9 196
9 16 61
16 9 61
9 70 765
70 9 765
9 18 701
18 9 701
10 11 606
11 10 606
10 30 884
30 10 884
10 57 82
57 10 82
10 41 533
41 10 533
10 23 547
23 10 547
10 82 309
82 10 309
10 67 482
67 10 482
10 34 178
34 10 178
10 45 80
45 10 80
11 44 143
44 11 143
11 59 43
59 11 43
11 48 141
48 11 141
11 47 111
47 11 111
11 95 366
95 11 366
11 75 587
75 11 587
11 34 601
34 11 601
12 34 783
34 12 783
12 73 382
73 12 382
12 59 829
59 12 829
12 47 422
47 12 422
12 54 648
54 12 648
12 70 825
70 12 825
12 17 939
17 12 939
12 31 7
31 12 7
12 49 878
49 12 878
12 23 816
23 12 816
12 48 536
48 12 536
12 77 881
77 12 881
12 89 378
89 12 378
12 55 123
55 12 123
12 73 695
73 12 695
13 16 983
16 13 983
13 82 898
82 13 898
13 47 661
47 13 661
13 34 721
34 13 721
13 67 671
67 13 671
13 51 784
51 13 784
13 49 691
49 13 691
13 42 411
42 13 411
13 93 863
93 13 863
13 14 766
14 13 766
13 28 274
28 13 274
13 31 900
31 13 900
13 57 881
57 13 881
13 24 949
24 13 949
13 88 18
88 13 18
14 32 712
32 14 712
14 91 676
91 14 676
14 69 664
69 14 664
14 43 964
43 14 964
14 22 687
22 14 687
14 40 261
40 14 261
14 29 717
29 14 717
14 48 426
48 14 426
14 53 309
53 14 309
14 24 182
24 14 182
14 97 396
97 14 396
14 74 38
74 14 38
14 17 278
17 14 278
14 79 293
79 14 293
14 64 503
64 14 503
14 82 915
82 14 915
14 42 429
42 14 429
14 68 275
68 14 275
14 25 632
25 14 632
14 93 56
93 14 56
14 61 247
61 14 247
14 90 977
90 14 977
15 25 981
25 15 981
15 60 3
60 15 3
15 78 85
78 15 85
15 91 268
91 15 268
15 17 121
17 15 121
15 18 495
18 15 495
15 32 867
32 15 867
16 27 885
27 16 885
16 49 378
49 16 378
16 34 655
34 16 655
16 30 75
30 16 75
16 90 695
90 16 695
16 96 285
96 16 285
16 90 707
90 16 707
16 61 646
61 16 646
16 57 299
57 16 299
16 41 322
41 16 322
16 39 492
39 16 492
16 42 412
42 16 412
16 72 28
72 16 28
17 20 720
20 17 720
17 21 853
21 17 853
17 46 629
46 17 629
17 47 545
47 17 545
17 63 513
63 17 513
17 87 880
87 17 880
17 73 509
73 17 509
17 56 109
56 17 109
17 58 356
58 17 356
17 86 990
86 17 990
17 62 479
62 17 479
17 72 262
72 17 262
17 75 755
75 17 755
17 90 38
90 17 38
17 61 324
61 17 324
17 47 726
47 17 726
17 88 438
88 17 438
17 71 426
71 17 426
17 21 50
21 17 50
17 90 773
90 17 773
17 58 172
58 17 172
17 94 261
94 17 261
17 69 806
69 17 806
18 54 979
54 18 979
18 94 87
94 18 87
18 34 279
34 18 279
18 28 197
28 18 197
18 64 840
64 18 840
18 44 27
44 18 27
18 97 156
97 18 156
18 88 649
88 18 649
18 90 120
90 18 120
18 57 823
57 18 823
18 39 677
39 18 677
18 38 915
38 18 915
18 31 983
31 18 983
18 74 185
74 18 185
18 84 75
84 18 75
18 82 281
82 18 281
18 85 573
85 18 573
18 55 899
55 18 899
19 39 929
39 19 929
19 48 124
48 19 124
19 74 990
74 19 990
19 95 348
95 19 348
19 62 198
62 19 198
19 33 7
33 19 7
19 47 98
47 19 98
19 96 129
96 19 129
19 62 873
62 19 873
19 94 118
94 19 118
19 20 94
20 19 94
19 42 626
42 19 626
19 60 318
60 19 318
19 73 689
73 19 689
20 29 809
29 20 809
20 33 846
33 20 846
20 41 636
41 20 636
20 75 224
75 20 224
20 45 725
45 20 725
20 57 377
57 20 377
21 80 574
80 21 574
21 63 828
63 21 828
21 85 216
85 21 216
21 32 469
32 21 469
21 96 557
96 21 557
21 54 317
54 21 317
21 84 213
84 21 213
21 53 254
53 21 254
21 50 34
50 21 34
21 93 928
93 21 928
21 42 530
42 21 530
21 93 37
93 21 37
21 48 715
48 21 715
22 26 978
26 22 978
22 45 885
45 22 885
22 69 806
69 22 806
22 81 883
81 22 883
22 72 225
72 22 225
22 64 129
64 22 129
22 84 267
84 22 267
22 88 285
88 22 285
22 58 642
58 22 642
22 95 944
95 22 944
22 89 359
89 22 359
22 53 897
53 22 897
22 41 106
41 22 106
22 32 604
32 22 604
22 42 748
42 22 748
22 31 38
31 22 38
22 75 842
75 22 842
22 43 213
43 22 213
22 65 176
65 22 176
22 44 361
44 22 361
22 47 908
47 22 908
23 58 232
58 23 232
23 27 989
27 23 989
23 96 4
96 23 4
23 59 939
59 23 939
23 70 340
70 23 340
23 24 673
24 23 673
23 56 400
56 23 400
23 97 46
97 23 46
23 92 939
92 23 939
23 50 42
50 23 42
23 59 945
59 23 945
23 87 602
87 23 602
24 31 114
31 24 114
24 41 407
41 24 407
24 44 108
44 24 108
24 88 439
88 24 439
24 25 222
25 24 222
24 25 305
25 24 305
24 78 388
78 24 388
24 68 716
68 24 716
24 24 578
24 24 578
24 87 224
87 24 224
24 88 224
88 24 224
24 92 989
92 24 989
24 75 609
75 24 609
24 61 314
61 24 314
24 57 224
57 24 224
25 54 413
54 25 413
25 83 115
83 25 115
25 47 168
47 25 168
25 68 751
68 25 751
25 42 259
42 25 259
25 28 985
28 25 985
25 63 471
63 25 471
25 85 609
85 25 609
25 88 983
88 25 983
25 67 25
67 25 25
25 40 997
40 25 997
25 63 183
63 25 183
25 64 292
64 25 292
25 89 984
89 25 984
25 31 818
31 25 818
25 59 463
59 25 463
26 28 570
28 26 570
26 46 939
46 26 939
26 81 656
81 26 656
26 92 400
92 26 400
26 36 417
36 26 417
26 66 109
66 26 109
26 36 723
36 26 723
26 93 740
93 26 740
26 36 302
36 26 302
26 55 102
55 26 102
26 55 701
55 26 701
26 74 855
74 26 855
26 49 298
49 26 298
26 43 749
43 26 749
27 85 950
85 27 950
27 43 689
43 27 689
27 55 317
55 27 317
27 93 505
93 27 505
27 48 269
48 27 269
27 57 49
57 27 49
27 47 753
47 27 753
27 66 881
66 27 881
27 77 504
77 27 504
27 65 260
65 27 260
27 41 657
41 27 657
27 37 282
37 27 282
27 89 791
89 27 791
27 39 992
39 27 992
28 94 397
94 28 397
28 38 411
38 28 411
28 38 988
38 28 988
28 55 289
55 28 289
28 50 264
50 28 264
28 53 884
53 28 884
28 73 963
73 28 963
28 82 732
82 28 732
28 93 444
93 28 444
29 35 359
35 29 359
29 92 384
92 29 384
29 65 147
65 29 147
29 31 3
31 29 3
29 31 124
31 29 124
29 94 178
94 29 178
29 33 834
33 29 834
29 81 558
81 29 558
29 46 231
46 29 231
29 46 832
46 29 832
29 42 507
42 29 507
29 46 571
46 29 571
30 53 205
53 30 205
30 59 881
59 30 881
30 35 778
35 30 778
30 39 86
39 30 86
30 83 87
83 30 87
30 59 644
59 30 644
31 90 685
90 31 685
31 34 748
34 31 748
31 65 29
65 31 29
31 93 290
93 31 290
31 83 396
83 31 396
31 56 702
56 31 702
31 48 538
48 31 538
31 61 659
61 31 659
31 31 767
31 31 767
32 68 507
68 32 507
32 45 208
45 32 208
32 78 755
78 32 755
32 84 348
84 32 348
32 51 474
51 32 474
32 75 162
75 32 162
32 97 512
97 32 512
32 58 64
58 32 64
32 76 789
76 32 789
32 57 621
57 32 621
32 46 670
46 32 670
32 73 882
73 32 882
33 36 932
36 33 932
33 38 84
38 33 84
33 50 366
50 33 366
33 79 468
79 33 468
33 50 570
50 33 570
33 70 209
70 33 209
33 88 755
88 33 755
33 62 121
62 33 121
33 40 3
40 33 3
33 68 434
68 33 434
33 35 381
35 33 381
33 96 297
96 33 297
33 60 462
60 33 462
34 40 248
40 34 248
34 46 847
46 34 847
34 87 762
87 34 762
34 86 824
86 34 824
34 75 6
75 34 6
34 56 271
56 34 271
34 40 240
40 34 240
34 60 498
60 34 498
34 44 914
44 34 914
34 38 310
38 34 310
34 70 305
70 34 305
34 47 987
47 34 987
34 50 792
50 34 792
35 90 170
90 35 170
35 96 174
96 35 174
35 67 896
67 35 896
35 56 669
56 35 669
35 38 354
38 35 354
35 77 151
77 35 151
35 57 292
57 35 292
35 36 844
36 35 844
35 58 739
58 35 739
35 35 276
35 35 276
35 86 381
86 35 381
35 84 243
84 35 243
35 84 306
84 35 306
35 42 508
42 35 508
35 67 280
67 35 280
35 76 988
76 35 988
36 67 134
67 36 134
36 81 470
81 36 470
36 42 82
42 36 82
36 39 481
39 36 481
36 64 934
64 36 934
36 55 223
55 36 223
37 75 256
75 37 256
37 77 484
77 37 484
37 80 985
80 37 985
37 56 956
56 37 956
37 84 131
84 37 131
37 47 591
47 37 591
37 68 436
68 37 436
37 65 850
65 37 850
37 97 654
97 37 654
37 65 470
65 37 470
37 46 247
46 37 247
38 42 75
42 38 75
38 51 685
51 38 685
38 45 120
45 38 120
38 81 170
81 38 170
38 89 62
89 38 62
38 90 735
90 38 735
38 66 252
66 38 252
38 70 684
70 38 684
38 87 70
87 38 70
38 54 520
54 38 520
38 97 519
97 38 519
39 56 470
56 39 470
39 88 646
88 39 646
39 76 301
76 39 301
39 68 605
68 39 605
39 57 292
57 39 292
39 62 234
62 39 234
39 82 334
82 39 334
39 61 25
61 39 25
39 51 184
51 39 184
39 44 453
44 39 453
39 53 203
53 39 203
39 46 499
46 39 499
39 89 841
89 39 841
40 41 61
41 40 61
40 84 716
84 40 716
40 97 951
97 40 951
40 41 26
41 40 26
40 64 565
64 40 565
40 46 296
46 40 296
40 96 130
96 40 130
40 53 879
53 40 879
40 77 40
77 40 40
40 97 510
97 40 510
40 44 898
44 40 898
40 70 559
70 40 559
40 88 595
88 40 595
41 79 601
79 41 601
41 74 719
74 41 719
41 52 368
52 41 368
41 68 988
68 41 988
41 65 637
65 41 637
41 85 404
85 41 404
41 83 53
83 41 53
41 92 301
92 41 301
41 45 3
45 41 3
42 54 913
54 42 913
42 81 545
81 42 545
42 82 71
82 42 71
42 75 437
75 42 437
42 51 903
51 42 903
42 87 274
87 42 274
42 57 202
57 42 202
42 72 433
72 42 433
42 88 185
88 42 185
43 96 362
96 43 362
43 76 717
76 43 717
43 92 699
92 43 699
43 81 321
81 43 321
43 57 206
57 43 206
43 59 629
59 43 629
43 77 427
77 43 427
43 47 69
47 43 69
43 49 895
49 43 895
44 96 748
96 44 748
44 68 370
68 44 370
44 76 872
76 44 872
44 73 934
73 44 934
44 69 46
69 44 46
44 69 128
69 44 128
45 57 235
57 45 235
45 49 297
49 45 297
45 83 221
83 45 221
45 61 51
61 45 51
45 85 238
85 45 238
45 45 478
45 45 478
45 51 27
51 45 27
45 65 863
65 45 863
45 50 403
50 45 403
46 64 545
64 46 545
46 74 623
74 46 623
46 92 802
92 46 802
46 65 675
65 46 675
46 82 534
82 46 534
46 63 748
63 46 748
46 63 695
63 46 695
46 47 456
47 46 456
46 53 213
53 46 213
46 66 224
66 46 224
46 89 722
89 46 722
46 95 669
95 46 669
46 94 194
94 46 194
47 61 603
61 47 603
47 49 979
49 47 979
47 49 905
49 47 905
47 76 862
76 47 862
47 48 509
48 47 509
47 65 839
65 47 839
47 81 661
81 47 661
47 75 959
75 47 959
48 55 793
55 48 793
48 64 599
64 48 599
48 76 113
76 48 113
48 77 771
77 48 771
48 90 103
90 48 103
48 94 932
94 48 932
48 85 709
85 48 709
48 55 325
55 48 325
48 63 721
63 48 721
48 49 327
49 48 327
48 88 747
88 48 747
49 93 992
93 49 992
49 69 775
69 49 775
49 79 930
79 49 930
49 69 940
69 49 940
49 56 101
56 49 101
49 94 203
94 49 203
50 65 325
65 50 325
50 83 642
83 50 642
50 57 159
57 50 159
50 87 246
87 50 246
50 76 852
76 50 852
50 60 996
60 50 996
50 81 551
81 50 551
50 91 715
91 50 715
50 58 522
58 50 522
50 77 768
77 50 768
50 85 130
85 50 130
51 52 491
52 51 491
51 54 751
54 51 751
51 56 804
56 51 804
51 82 973
82 51 973
51 73 802
73 51 802
51 82 56
82 51 56
51 56 186
56 51 186
51 63 778
63 51 778
52 84 399
84 52 399
52 94 271
94 52 271
52 85 365
85 52 365
52 95 419
95 52 419
52 93 370
93 52 370
52 95 779
95 52 779
52 85 834
85 52 834
53 97 131
97 53 131
53 66 515
66 53 515
53 60 730
60 53 730
53 93 345
93 53 345
53 63 218
63 53 218
53 95 487
95 53 487
53 59 408
59 53 408
53 73 713
73 53 713
53 78 513
78 53 513
54 77 851
77 54 851
54 66 138
66 54 138
54 97 360
97 54 360
54 67 689
67 54 689
54 93 714
93 54 714
54 54 973
54 54 973
55 94 365
94 55 365
55 58 183
58 55 183
55 63 931
63 55 931
55 58 904
58 55 904
55 68 772
68 55 772
55 69 983
69 55 983
55 78 528
78 55 528
55 96 480
96 55 480
55 97 685
97 55 685
55 80 920
80 55 920
56 61 849
61 56 849
56 94 496
94 56 496
56 87 501
87 56 501
56 77 174
77 56 174
56 65 283
65 56 283
56 60 272
60 56 272
57 91 424
91 57 424
57 69 140
69 57 140
57 72 750
72 57 750
57 63 767
63 57 767
57 66 552
66 57 552
57 93 1
93 57 1
58 88 101
88 58 101
58 81 245
81 58 245
58 89 60
89 58 60
59 73 649
73 59 649
59 73 283
73 59 283
59 75 758
75 59 758
59 86 578
86 59 578
59 90 855
90 59 855
59 90 853
90 59 853
59 88 749
88 59 749
59 74 476
74 59 476
59 74 260
74 59 260
60 72 263
72 60 263
60 61 607
61 60 607
60 91 926
91 60 926
60 71 317
71 60 317
60 72 195
72 60 195
60 78 676
78 60 676
60 89 279
89 60 279
60 86 954
86 60 954
61 66 521
66 61 521
61 91 428
91 61 428
61 71 825
71 61 825
61 84 132
84 61 132
61 73 277
73 61 277
61 79 276
79 61 276
61 66 177
66 61 177
61 72 422
72 61 422
61 70 565
70 61 565
61 74 804
74 61 804
61 84 193
84 61 193
62 78 957
78 62 957
62 88 976
88 62 976
62 65 404
65 62 404
62 77 430
77 62 430
62 87 355
87 62 355
62 75 65
75 62 65
62 78 151
78 62 151
62 69 338
69 62 338
63 75 873
75 63 873
63 76 466
76 63 466
63 90 369
90 63 369
63 85 173
85 63 173
63 72 571
72 63 571
63 95 634
95 63 634
63 86 817
86 63 817
63 80 513
80 63 513
63 73 902
73 63 902
64 80 314
80 64 314
64 86 831
86 64 831
64 97 888
97 64 888
64 97 474
97 64 474
64 90 66
90 64 66
64 93 150
93 64 150
64 96 274
96 64 274
64 79 85
79 64 85
65 73 574
73 65 574
66 78 963
78 66 963
66 80 826
80 66 826
67 70 993
70 67 993
67 81 87
81 67 87
67 87 343
87 67 343
67 92 149
92 67 149
67 92 571
92 67 571
68 96 482
96 68 482
68 85 657
85 68 657
68 77 18
77 68 18
70 84 640
84 70 640
70 89 54
89 70 54
70 93 680
93 70 680
70 95 880
95 70 880
71 86 213
86 71 213
71 78 931
78 71 931
71 97 135
97 71 135
71 89 430
89 71 430
71 92 98
92 71 98
72 87 378
87 72 378
72 96 290
96 72 290
73 74 854
74 73 854
73 83 433
83 73 433
73 83 561
83 73 561
73 78 971
78 73 971
74 76 832
76 74 832
74 82 574
82 74 574
74 92 369
92 74 369
74 91 767
91 74 767
74 91 112
91 74 112
74 81 88
81 74 88
74 88 744
88 74 744
75 93 858
93 75 858
75 90 644
90 75 644
75 78 263
78 75 263
75 76 16
76 75 16
76 93 527
93 76 527
76 92 745
92 76 745
76 93 978
93 76 978
76 83 415
83 76 415
76 81 66
81 76 66
76 91 506
91 76 506
76 78 90
78 76 90
76 94 695
94 76 695
76 80 945
80 76 945
77 82 726
82 77 726
77 91 623
91 77 623
77 83 581
83 77 581
77 92 478
92 77 478
78 82 351
82 78 351
79 80 607
80 79 607
79 80 499
80 79 499
80 86 14
86 80 14
80 95 451
95 80 451
80 92 895
92 80 895
81 82 954
82 81 954
81 86 419
86 81 419
82 87 177
87 82 177
82 85 203
85 82 203
82 89 334
89 82 334
82 97 362
97 82 362
82 93 81
93 82 81
82 82 905
82 82 905
82 85 620
85 82 620
82 85 37
85 82 37
83 96 352
96 83 352
83 92 20
92 83 20
84 93 614
93 84 614
84 92 202
92 84 202
86 86 203
86 86 203
86 94 812
94 86 812
87 91 3
91 87 3
87 95 299
95 87 299
87 97 971
97 87 971
88 95 832
95 88 832
89 94 284
94 89 284
90 95 477
95 90 477
92 97 726
97 92 726
92 93 171
93 92 171
94 95 400
95 94 400
95 97 302
97 95 302
