79

0 1 368
1 0 368
0 3 704
3 0 704
0 5 389
5 0 389
0 15 936
15 0 936
0 19 562
19 0 562
0 58 176
58 0 176
0 16 591
16 0 591
0 25 993
25 0 993
0 5 991
5 0 991
0 22 351
22 0 351
0 77 874
77 0 874
0 26 402
26 0 402
0 5 750
5 0 750
0 16 921
16 0 921
0 75 465
75 0 465
1 2 479
2 1 479
1 20 616
20 1 616
1 24 951
24 1 951
1 45 892
45 1 892
1 49 424
49 1 424
1 17 974
17 1 974
1 56 766
56 1 766
1 4 543
4 1 543
1 31 810
31 1 810
2 4 37
4 2 37
2 7 646
7 2 646
2 23 509
23 2 509
2 50 68
50 2 68
2 51 22
51 2 22
2 65 533
65 2 533
2 54 438
54 2 438
2 20 866
20 2 866
2 70 690
70 2 690
2 71 180
71 2 180
2 69 111
69 2 111
2 38 238
38 2 238
2 71 20
71 2 20
2 6 920
6 2 920
2 53 22
53 2 22
2 6 71
6 2 71
2 40 510
40 2 510
2 41 976
41 2 976
2 9 860
9 2 860
2 76 59
76 2 59
2 8 7
8 2 7
3 44 826
44 3 826
3 47 427
47 3 427
3 21 290
21 3 290
3 71 398
71 3 398
3 36 548
36 3 548
3 4 82
4 3 82
3 13 30
13 3 30
3 32 160
32 3 160
3 4 430
4 3 430
3 58 962
58 3 962
3 59 769
59 3 769
3 21 964
21 3 964
3 31 488
31 3 488
3 52 546
52 3 546
3 42 584
42 3 584
3 56 135
56 3 135
3 17 866
17 3 866
3 44 880
44 3 880
4 6 573
6 4 573
4 13 282
13 4 282
4 40 863
40 4 863
4 49 340
49 4 340
4 67 308
67 4 308
4 56 461
56 4 461
4 44 647
44 4 647
4 58 679
58 4 679
4 7 386
7 4 386
4 21 83
21 4 83
4 68 189
68 4 189
4 34 574
34 4 574
4 24 556
24 4 556
5 74 19
74 5 19
5 8 830
8 5 830
5 29 441
29 5 441
5 63 701
63 5 701
5 17 211
17 5 211
5 74 873
74 5 873
5 13 604
13 5 604
5 70 950
70 5 950
5 76 596
76 5 596
5 5 821
5 5 821
6 8 642
8 6 642
6 14 283
14 6 283
6 21 416
21 6 416
6 77 325
77 6 325
6 63 523
63 6 523
6 62 655
62 6 655
6 41 610
41 6 610
6 31 625
31 6 625
6 14 978
14 6 978
6 65 664
65 6 664
6 27 317
27 6 317
6 51 39
51 6 39
6 60 714
60 6 714
6 60 422
60 6 422
6 38 150
38 6 150
7 9 929
9 7 929
7 9 315
9 7 315
7 29 966
29 7 966
7 10 963
10 7 963
7 22 74
22 7 74
7 28 729
28 7 729
7 33 309
33 7 309
7 51 374
51 7 374
7 28 680
28 7 680
7 12 256
12 7 256
7 33 70
33 7 70
7 37 428
37 7 428
8 64 109
64 8 109
8 40 856
40 8 856
8 56 661
56 8 661
8 39 36
39 8 36
8 62 372
62 8 372
8 29 430
29 8 430
8 57 923
57 8 923
8 70 685
70 8 685
8 69 475
69 8 475
9 10 52
10 9 52
9 19 57
19 9 57
9 12 809
12 9 809
9 51 671
51 9 671
9 36 114
36 9 114
9 73 31
73 9 31
9 45 232
45 9 232
10 11 19
11 10 19
10 16 560
16 10 560
10 24 252
24 10 252
10 27 348
27 10 348
10 23 629
23 10 629
10 65 715
65 10 715
10 41 362
41 10 362
10 46 318
46 10 318
10 64 49
64 10 49
10 36 722
36 10 722
11 12 531
12 11 531
11 17 441
17 11 441
11 41 480
41 11 480
11 45 571
45 11 571
11 63 852
63 11 852
11 53 782
53 11 782
11 48 980
48 11 980
11 74 838
74 11 838
11 73 242
73 11 242
11 54 879
54 11 879
11 15 51
15 11 51
11 33 572
33 11 572
11 45 932
45 11 932
11 28 580
28 11 580
11 16 204
16 11 204
12 36 320
36 12 320
12 41 329
41 12 329
12 19 971
19 12 971
12 40 691
40 12 691
12 31 881
31 12 881
12 42 329
42 12 329
13 56 265
56 13 265
13 68 451
68 13 451
13 46 504
46 13 504
13 22 724
22 13 724
13 62 919
62 13 919
13 30 828
30 13 828
13 17 350
17 13 350
13 77 964
77 13 964
13 33 640
33 13 640
13 39 440
39 13 440
13 54 498
54 13 498
14 22 445
22 14 445
14 75 327
75 14 327
14 74 873
74 14 873
14 35 746
35 14 746
14 49 600
49 14 600
14 47 761
47 14 761
14 15 774
15 14 774
14 42 288
42 14 288
14 30 888
30 14 888
14 32 523
32 14 523
14 70 682
70 14 682
15 26 650
26 15 650
15 37 763
37 15 763
15 49 233
49 15 233
15 54 744
54 15 744
15 27 775
27 15 775
15 62 359
62 15 359
15 70 876
70 15 876
15 27 173
27 15 173
15 64 116
64 15 116
15 23 996
23 15 996
15 17 430
17 15 430
15 42 335
42 15 335
15 29 712
29 15 712
16 69 398
69 16 398
16 63 720
63 16 720
16 60 124
60 16 124
16 75 674
75 16 674
16 16 523
16 16 523
16 55 35
55 16 35
17 18 249
18 17 249
17 29 878
29 17 878
17 59 489
59 17 489
17 40 490
40 17 490
18 28 14
28 18 14
18 39 34
39 18 34
18 43 790
43 18 790
18 46 344
46 18 344
18 30 188
30 18 188
18 68 72
68 18 72
18 38 535
38 18 535
18 37 508
37 18 508
18 34 470
34 18 470
18 37 324
37 18 324
19 38 45
38 19 45
19 68 809
68 19 809
19 40 848
40 19 848
19 26 180
26 19 180
19 59 20
59 19 20
19 54 510
54 19 510
20 27 159
27 20 159
20 50 991
50 20 991
20 69 556
69 20 556
20 49 198
49 20 198
20 26 524
26 20 524
20 47 418
47 20 418
20 26 977
26 20 977
20 64 905
64 20 905
20 73 497
73 20 497
21 25 309
25 21 309
21 53 927
53 21 927
21 45 890
45 21 890
22 30 555
30 22 555
22 32 524
32 22 524
22 45 814
45 22 814
22 64 995
64 22 995
22 35 278
35 22 278
22 47 654
47 22 654
22 49 886
49 22 886
22 67 390
67 22 390
22 58 320
58 22 320
22 60 530
60 22 530
22 62 524
62 22 524
22 51 425
51 22 425
22 57 508
57 22 508
23 65 947
65 23 947
23 24 934
24 23 934
23 51 445
51 23 445
23 32 132
32 23 132
23 58 269
58 23 269
24 33 724
33 24 724
24 71 752
71 24 752
24 37 810
37 24 810
24 46 883
46 24 883
24 28 195
28 24 195
24 32 130
32 24 130
25 31 23
31 25 23
25 57 843
57 25 843
25 38 234
38 25 234
25 40 63
40 25 63
25 29 695
29 25 695
25 44 321
44 25 321
25 74 60
74 25 60
25 77 621
77 25 621
25 29 303
29 25 303
25 70 914
70 25 914
26 66 308
66 26 308
26 72 919
72 26 919
26 69 631
69 26 631
26 69 953
69 26 953
26 48 730
48 26 730
26 28 848
28 26 848
27 53 2
53 27 2
27 55 586
55 27 586
27 36 482
36 27 482
27 51 925
51 27 925
27 44 589
44 27 589
27 64 20
64 27 20
28 34 650
34 28 650
28 42 3
42 28 3
28 56 700
56 28 700
28 48 606
48 28 606
28 49 707
49 28 707
28 58 646
58 28 646
29 35 540
35 29 540
29 66 816
66 29 816
29 32 194
32 29 194
29 54 251
54 29 251
29 64 44
64 29 44
29 56 101
56 29 101
30 63 908
63 30 908
30 76 939
76 30 939
30 37 625
37 30 625
30 56 36
56 30 36
30 33 206
33 30 206
31 68 649
68 31 649
31 67 982
67 31 982
31 57 580
57 31 580
31 72 765
72 31 765
31 47 885
47 31 885
32 49 864
49 32 864
32 37 70
37 32 70
32 32 771
32 32 771
32 66 463
66 32 463
32 61 179
61 32 179
32 56 278
56 32 278
32 32 633
32 32 633
33 57 175
57 33 175
33 37 885
37 33 885
33 45 686
45 33 686
33 77 4
77 33 4
33 65 672
65 33 672
33 54 44
54 33 44
33 47 23
47 33 23
33 38 87
38 33 87
33 72 626
72 33 626
34 39 327
39 34 327
34 67 451
67 34 451
34 71 707
71 34 707
34 59 475
59 34 475
34 48 822
48 34 822
35 45 517
45 35 517
35 59 700
59 35 700
35 50 201
50 35 201
35 49 412
49 35 412
35 76 915
76 35 915
35 35 259
35 35 259
35 67 604
67 35 604
36 78 468
78 36 468
36 66 460
66 36 460
36 72 990
72 36 990
36 72 262
72 36 262
36 46 181
46 36 181
36 78 780
78 36 780
36 77 269
77 36 269
37 42 396
42 37 396
37 75 772
75 37 772
37 73 544
73 37 544
38 70 939
70 38 939
38 50 688
50 38 688
38 69 158
69 38 158
38 59 752
59 38 752
39 42 455
42 39 455
39 51 972
51 39 972
39 71 592
71 39 592
40 48 629
48 40 629
40 61 786
61 40 786
40 56 105
56 40 105
41 59 616
59 41 616
41 72 439
72 41 439
41 51 623
51 41 623
41 47 995
47 41 995
41 52 255
52 41 255
41 59 302
59 41 302
41 50 933
50 41 933
41 74 67
74 41 67
42 69 653
69 42 653
42 69 839
69 42 839
42 45 444
45 42 444
42 76 39
76 42 39
42 53 79
53 42 79
42 53 50
53 42 50
42 43 902
43 42 902
43 58 754
58 43 754
43 75 709
75 43 709
43 50 448
50 43 448
43 70 304
70 43 304
44 65 471
65 44 471
44 56 857
56 44 857
44 73 883
73 44 883
44 55 283
55 44 283
44 72 295
72 44 295
45 52 867
52 45 867
45 69 68
69 45 68
45 57 529
57 45 529
45 55 16
55 45 16
45 48 824
48 45 824
45 62 437
62 45 437
46 48 662
48 46 662
46 70 675
70 46 675
46 73 637
73 46 637
46 78 662
78 46 662
46 47 399
47 46 399
46 53 607
53 46 607
46 56 794
56 46 794
46 54 498
54 46 498
46 74 337
74 46 337
46 66 616
66 46 616
47 60 852
60 47 852
47 69 667
69 47 667
47 66 393
66 47 393
47 64 593
64 47 593
48 56 411
56 48 411
48 62 167
62 48 167
49 56 761
56 49 761
49 54 948
54 49 948
50 60 984
60 50 984
50 56 944
56 50 944
50 57 863
57 50 863
51 54 147
54 51 147
51 62 653
62 51 653
51 74 378
74 51 378
51 78 917
78 51 917
51 66 631
66 51 631
51 63 559
63 51 559
52 67 143
67 52 143
52 74 327
74 52 327
52 68 871
68 52 871
53 61 537
61 53 537
53 70 326
70 53 326
54 65 498
65 54 498
54 69 502
69 54 502
55 76 325
76 55 325
55 77 614
77 55 614
55 57 934
57 55 934
55 61 293
61 55 293
55 68 43
68 55 43
55 71 935
71 55 935
56 72 535
72 56 535
56 66 955
66 56 955
56 67 891
67 56 891
56 62 781
62 56 781
57 70 797
70 57 797
57 63 12
63 57 12
57 67 556
67 57 556
58 62 374
62 58 374
58 64 212
64 58 212
58 64 340
64 58 340
58 63 116
63 58 116
59 62 118
62 59 118
59 75 863
75 59 863
59 78 438
78 59 438
59 66 29
66 59 29
59 64 846
64 59 846
59 73 692
73 59 692
60 74 732
74 60 732
60 65 48
65 60 48
61 74 188
74 61 188
61 65 504
65 61 504
62 70 908
70 62 908
63 68 963
68 63 963
63 75 590
75 63 590
64 70 852
70 64 852
64 65 650
65 64 650
65 78 850
78 65 850
65 66 829
66 65 829
66 72 491
72 66 491
67 72 450
72 67 450
67 77 157
77 67 157
67 71 691
71 67 691
68 75 513
75 68 513
68 72 63
72 68 63
68 78 375
78 68 375
70 70 60
70 70 60
71 78 913
78 71 913
74 78 453
78 74 453
74 78 311
78 74 311
76 78 448
78 76 448
