95

0 1 530
1 0 530
0 2 898
2 0 898
0 4 712
4 0 712
0 11 968
11 0 968
0 53 110
53 0 110
0 85 320
85 0 320
0 68 259
68 0 259
0 44 775
44 0 775
0 49 27
49 0 27
0 35 145
35 0 145
0 3 803
3 0 803
0 2 662
2 0 662
0 27 318
27 0 318
0 80 564
80 0 564
0 4 665
4 0 665
1 3 646
3 1 646
1 5 659
5 1 659
1 18 547
18 1 547
1 51 748
51 1 748
1 94 950
94 1 950
1 57 670
57 1 670
1 20 939
20 1 939
1 89 898
89 1 898
1 6 931
6 1 931
1 64 264
64 1 264
1 87 563
87 1 563
2 7 332
7 2 332
2 14 209
14 2 209
2 28 832
28 2 832
2 35 60
35 2 60
2 83 891
83 2 891
2 51 923
51 2 923
2 49 515
49 2 515
2 87 317
87 2 317
2 93 78
93 2 78
2 45 431
45 2 431
2 55 128
55 2 128
2 8 198
8 2 198
2 68 661
68 2 661
3 25 100
25 3 100
3 65 989
65 3 989
3 18 142
18 3 142
3 8 104
8 3 104
3 10 511
10 3 511
3 3 473
3 3 473
3 36 432
36 3 432
3 75 770
75 3 770
3 82 675
82 3 675
3 70 255
70 3 255
4 6 260
6 4 260
4 12 386
12 4 386
4 21 877
21 4 877
4 9 906
9 4 906
4 52 992
52 4 992
4 15 615
15 4 615
4 16 20
16 4 20
4 28 417
28 4 417
5 15 188
15 5 188
5 60 426
60 5 426
5 76 292
76 5 292
5 52 893
52 5 893
5 50 502
50 5 502
5 13 886
13 5 886
6 17 392
17 6 392
6 38 144
38 6 144
6 30 230
30 6 230
6 79 616
79 6 616
6 31 289
31 6 289
6 76 520
76 6 520
6 80 395
80 6 395
6 88 553
88 6 553
6 73 248
73 6 248
7 8 206
8 7 206
7 9 349
9 7 349
7 10 193
10 7 193
7 23 898
23 7 898
7 36 177
36 7 177
7 40 260
40 7 260
7 23 882
23 7 882
7 69 119
69 7 119
7 10 701
10 7 701
7 63 754
63 7 754
7 74 885
74 7 885
7 54 97
54 7 97
7 26 438
26 7 438
7 73 304
73 7 304
7 63 716
63 7 716
7 8 788
8 7 788
8 13 528
13 8 528
8 20 106
20 8 106
8 57 232
57 8 232
8 46 837
46 8 837
8 21 876
21 8 876
8 92 562
92 8 562
8 74 812
74 8 812
8 40 670
40 8 670
8 47 917
47 8 917
8 32 383
32 8 383
8 64 894
64 8 894
9 46 564
46 9 564
9 30 245
30 9 245
9 28 512
28 9 512
9 39 52
39 9 52
10 24 383
24 10 383
10 29 399
29 10 399
10 49 411
49 10 411
10 55 538
55 10 538
10 22 231
22 10 231
10 59 666
59 10 666
10 70 189
70 10 189
10 65 189
65 10 189
10 78 745
78 10 745
10 70 67
70 10 67
10 71 755
71 10 755
10 39 737
39 10 737
10 37 191
37 10 191
10 23 519
23 10 519
10 90 496
90 10 496
11 26 283
26 11 283
11 93 828
93 11 828
11 68 995
68 11 995
11 51 772
51 11 772
11 41 179
41 11 179
11 18 934
18 11 934
11 52 735
52 11 735
11 21 612
21 11 612
11 89 440
89 11 440
12 35 887
35 12 887
12 41 26
41 12 26
12 22 80
22 12 80
12 89 455
89 12 455
12 51 519
51 12 519
13 44 632
44 13 632
13 62 505
62 13 505
13 92 52
92 13 52
13 93 377
93 13 377
13 20 80
20 13 80
13 92 931
92 13 931
13 39 860
39 13 860
13 94 737
94 13 737
13 74 399
74 13 399
14 19 945
19 14 945
14 42 249
42 14 249
14 73 307
73 14 307
14 29 107
29 14 107
14 57 170
57 14 170
14 84 445
84 14 445
14 85 877
85 14 877
14 74 102
74 14 102
14 94 421
94 14 421
14 63 977
63 14 977
14 14 858
14 14 858
14 17 705
17 14 705
15 16 330
16 15 330
15 33 372
33 15 372
15 56 229
56 15 229
15 51 886
51 15 886
15 51 953
51 15 953
15 46 356
46 15 356
15 58 520
58 15 520
15 20 239
20 15 239
15 18 430
18 15 430
16 22 992
22 16 992
16 80 221
80 16 221
16 85 701
85 16 701
16 90 699
90 16 699
16 40 70
40 16 70
16 73 880
73 16 880
16 39 92
39 16 92
16 48 89
48 16 89
16 66 244
66 16 244
16 61 618
61 16 618
16 61 977
61 16 977
16 67 163
67 16 163
16 17 689
17 16 689
16 76 231
76 16 231
16 43 180
43 16 180
17 73 217
73 17 217
17 19 627
19 17 627
17 43 133
43 17 133
17 58 306
58 17 306
17 86 175
86 17 175
18 84 483
84 18 483
18 86 24
86 18 24
18 56 428
56 18 428
18 92 417
92 18 417
18 32 333
32 18 333
18 69 136
69 18 136
19 31 674
31 19 674
19 43 78
43 19 78
19 89 706
89 19 706
19 89 519
89 19 519
19 89 582
89 19 582
19 82 990
82 19 990
19 39 451
39 19 451
19 87 795
87 19 795
19 69 613
69 19 613
19 90 565
90 19 565
20 50 216
50 20 216
20 66 512
66 20 512
20 61 306
61 20 306
20 39 940
39 20 940
20 53 997
53 20 997
20 66 794
66 20 794
20 57 674
57 20 674
20 91 13
91 20 13
20 30 257
30 20 257
21 27 135
27 21 135
21 30 456
30 21 456
21 76 543
76 21 543
21 43 507
43 21 507
21 63 797
63 21 797
21 65 529
65 21 529
21 62 470
62 21 470
21 81 253
81 21 253
21 46 90
46 21 90
21 42 566
42 21 566
21 80 438
80 21 438
21 26 271
26 21 271
21 67 582
67 21 582
21 90 721
90 21 721
21 34 17
34 21 17
22 39 614
39 22 614
22 68 779
68 22 779
22 58 46
58 22 46
22 66 52
66 22 52
22 47 152
47 22 152
22 70 941
70 22 941
22 29 755
29 22 755
23 77 627
77 23 627
23 91 877
91 23 877
23 73 151
73 23 151
23 69 147
69 23 147
23 30 963
30 23 963
24 51 954
51 24 954
24 59 743
59 24 743
24 58 934
58 24 934
24 84 649
84 24 649
24 24 852
24 24 852
24 50 451
50 24 451
24 69 172
69 24 172
24 70 887
70 24 887
25 73 567
73 25 567
25 77 745
77 25 745
25 36 403
36 25 403
25 58 395
58 25 395
25 74 158
74 25 158
25 94 65
94 25 65
25 26 764
26 25 764
26 32 668
32 26 668
26 93 890
93 26 890
26 73 738
73 26 738
26 43 411
43 26 411
26 72 928
72 26 928
26 84 301
84 26 301
26 37 116
37 26 116
26 85 784
85 26 784
27 85 403
85 27 403
27 56 735
56 27 735
27 78 398
78 27 398
27 93 345
93 27 345
27 31 625
31 27 625
27 93 488
93 27 488
28 54 722
54 28 722
28 70 776
70 28 776
28 46 995
46 28 995
28 33 980
33 28 980
28 82 661
82 28 661
28 64 989
64 28 989
29 41 50
41 29 50
29 63 268
63 29 268
29 47 636
47 29 636
29 31 432
31 29 432
29 46 156
46 29 156
29 29 103
29 29 103
29 39 621
39 29 621
29 65 384
65 29 384
29 56 131
56 29 131
29 50 423
50 29 423
29 88 817
88 29 817
30 40 89
40 30 89
30 61 167
61 30 167
30 38 939
38 30 939
30 37 712
37 30 712
30 74 955
74 30 955
30 65 611
65 30 611
31 72 435
72 31 435
31 33 313
33 31 313
31 34 254
34 31 254
31 43 892
43 31 892
31 52 250
52 31 250
31 46 925
46 31 925
32 34 729
34 32 729
32 81 335
81 32 335
32 57 378
57 32 378
32 80 427
80 32 427
32 68 321
68 32 321
32 84 703
84 32 703
32 60 47
60 32 47
32 42 963
42 32 963
32 75 522
75 32 522
32 77 412
77 32 412
33 37 270
37 33 270
33 73 940
73 33 940
33 77 629
77 33 629
33 65 659
65 33 659
33 60 692
60 33 692
33 78 174
78 33 174
33 42 55
42 33 55
33 59 219
59 33 219
33 92 671
92 33 671
34 79 106
79 34 106
34 82 103
82 34 103
34 69 108
69 34 108
34 82 833
82 34 833
34 87 868
87 34 868
34 74 189
74 34 189
34 39 110
39 34 110
35 47 818
47 35 818
35 58 287
58 35 287
35 47 733
47 35 733
35 55 37
55 35 37
35 80 553
80 35 553
35 58 225
58 35 225
35 47 806
47 35 806
36 69 696
69 36 696
36 56 562
56 36 562
36 51 627
51 36 627
36 50 10
50 36 10
36 47 634
47 36 634
37 87 310
87 37 310
37 53 972
53 37 972
37 59 38
59 37 38
37 80 111
80 37 111
38 48 38
48 38 38
38 90 764
90 38 764
38 78 785
78 38 785
38 68 123
68 38 123
38 80 233
80 38 233
38 39 383
39 38 383
39 87 891
87 39 891
39 94 477
94 39 477
39 85 192
85 39 192
39 66 603
66 39 603
39 46 906
46 39 906
39 73 347
73 39 347
40 82 379
82 40 379
40 58 3
58 40 3
40 85 907
85 40 907
40 71 469
71 40 469
40 42 432
42 40 432
40 93 268
93 40 268
41 87 879
87 41 879
41 72 57
72 41 57
41 61 947
61 41 947
41 51 887
51 41 887
41 77 7
77 41 7
42 47 488
47 42 488
42 65 816
65 42 816
42 65 10
65 42 10
43 45 619
45 43 619
43 61 364
61 43 364
43 51 993
51 43 993
43 75 860
75 43 860
44 70 743
70 44 743
44 83 235
83 44 235
44 75 418
75 44 418
44 75 666
75 44 666
45 59 43
59 45 43
45 57 188
57 45 188
45 76 474
76 45 474
45 64 68
64 45 68
45 72 308
72 45 308
45 62 884
62 45 884
45 72 675
72 45 675
45 93 749
93 45 749
46 88 72
88 46 72
47 52 492
52 47 492
47 59 51
59 47 51
47 71 415
71 47 415
47 86 432
86 47 432
47 78 127
78 47 127
47 88 375
88 47 375
47 81 250
81 47 250
48 67 617
67 48 617
48 86 208
86 48 208
48 67 752
67 48 752
48 49 239
49 48 239
48 70 841
70 48 841
48 53 682
53 48 682
48 62 901
62 48 901
49 88 236
88 49 236
49 77 491
77 49 491
49 94 830
94 49 830
49 94 940
94 49 940
49 58 118
58 49 118
49 69 656
69 49 656
50 56 966
56 50 966
50 84 782
84 50 782
50 77 231
77 50 231
50 70 149
70 50 149
51 74 384
74 51 384
51 51 263
51 51 263
52 57 662
57 52 662
52 75 82
75 52 82
52 54 169
54 52 169
52 66 62
66 52 62
52 72 774
72 52 774
53 94 405
94 53 405
53 58 976
58 53 976
53 53 120
53 53 120
54 89 734
89 54 734
54 67 968
67 54 968
54 89 242
89 54 242
55 66 342
66 55 342
55 58 21
58 55 21
55 85 764
85 55 764
55 85 70
85 55 70
55 61 961
61 55 961
55 61 636
61 55 636
55 61 434
61 55 434
55 72 478
72 55 478
56 61 277
61 56 277
56 89 467
89 56 467
56 91 268
91 56 268
57 61 126
61 57 126
57 74 225
74 57 225
58 78 761
78 58 761
58 64 144
64 58 144
58 82 414
82 58 414
58 74 150
74 58 150
58 59 810
59 58 810
59 94 415
94 59 415
59 84 46
84 59 46
61 76 408
76 61 408
61 62 171
62 61 171
61 64 317
64 61 317
62 85 298
85 62 298
62 64 801
64 62 801
62 74 276
74 62 276
62 75 684
75 62 684
62 74 932
74 62 932
62 73 392
73 62 392
62 77 929
77 62 929
63 64 867
64 63 867
63 67 979
67 63 979
63 65 147
65 63 147
63 75 604
75 63 604
63 91 820
91 63 820
63 82 524
82 63 524
64 90 834
90 64 834
64 93 509
93 64 509
64 67 763
67 64 763
64 81 36
81 64 36
64 84 105
84 64 105
65 66 938
66 65 938
65 87 735
87 65 735
65 77 512
77 65 512
65 82 547
82 65 547
65 94 633
94 65 633
66 81 880
81 66 880
66 81 560
81 66 560
66 76 579
76 66 579
67 75 66
75 67 66
67 74 942
74 67 942
67 91 84
91 67 84
67 69 781
69 67 781
68 79 943
79 68 943
68 75 999
75 68 999
68 83 54
83 68 54
69 70 506
70 69 506
69 73 114
73 69 114
69 89 75
89 69 75
70 89 291
89 70 291
70 94 661
94 70 661
71 73 765
73 71 765
71 78 49
78 71 49
71 72 147
72 71 147
71 72 489
72 71 489
72 81 420
81 72 420
72 92 486
92 72 486
72 82 531
82 72 531
72 73 569
73 72 569
73 90 738
90 73 738
73 76 530
76 73 530
73 78 104
78 73 104
73 86 301
86 73 301
73 77 348
77 73 348
75 89 435
89 75 435
75 76 21
76 75 21
75 77 349
77 75 349
75 80 576
80 75 576
76 81 509
81 76 509
77 86 426
86 77 426
77 93 328
93 77 328
78 88 757
88 78 757
78 84 161
84 78 161
80 94 596
94 80 596
81 86 140
86 81 140
81 94 611
94 81 611
83 89 953
89 83 953
84 91 314
91 84 314
84 88 620
88 84 620
84 90 911
90 84 911
85 92 266
92 85 266
85 89 745
89 85 745
86 86 965
86 86 965
87 94 745
94 87 745
