95

0 1 3
1 0 3
0 5 38
5 0 38
0 10 331
10 0 331
0 27 28
27 0 28
0 71 371
71 0 371
0 83 230
83 0 230
0 29 317
29 0 317
0 68 109
68 0 109
1 2 305
2 1 305
1 3 480
3 1 480
1 6 315
6 1 315
1 31 438
31 1 438
1 52 619
52 1 619
1 86 597
86 1 597
1 24 763
24 1 763
2 26 613
26 2 613
2 90 799
90 2 799
2 65 336
65 2 336
2 29 519
29 2 519
2 53 365
53 2 365
2 37 524
37 2 524
2 16 700
16 2 700
2 17 374
17 2 374
2 44 284
44 2 284
3 4 200
4 3 200
3 15 170
15 3 170
3 73 808
73 3 808
3 75 996
75 3 996
3 41 103
41 3 103
3 40 720
40 3 720
4 8 879
8 4 879
5 9 329
9 5 329
5 12 810
12 5 810
5 16 513
16 5 513
5 17 382
17 5 382
5 18 359
18 5 359
5 79 911
79 5 911
5 88 223
88 5 223
5 84 526
84 5 526
6 7 901
7 6 901
6 19 389
19 6 389
6 44 703
44 6 703
6 39 115
39 6 115
6 78 422
78 6 422
6 12 281
12 6 281
6 34 109
34 6 109
6 90 316
90 6 316
7 11 428
11 7 428
7 14 720
14 7 720
7 55 333
55 7 333
7 76 681
76 7 681
7 73 509
73 7 509
7 9 230
9 7 230
7 24 410
24 7 410
7 62 344
62 7 344
8 32 928
32 8 928
8 39 529
39 8 529
8 42 900
42 8 900
8 79 400
79 8 400
8 58 864
58 8 864
8 44 316
44 8 316
9 78 283
78 9 283
9 49 368
49 9 368
9 74 45
74 9 45
9 90 545
90 9 545
9 74 87
74 9 87
9 14 277
14 9 277
9 33 834
33 9 834
10 13 785
13 10 785
10 68 564
68 10 564
10 58 52
58 10 52
10 22 819
22 10 819
10 61 253
61 10 253
10 93 387
93 10 387
10 36 624
36 10 624
11 20 860
20 11 860
11 38 334
38 11 334
11 55 886
55 11 886
12 83 457
83 12 457
12 64 412
64 12 412
12 53 925
53 12 925
13 28 148
28 13 148
13 57 135
57 13 135
13 61 490
61 13 490
13 34 61
34 13 61
13 19 788
19 13 788
14 16 306
16 14 306
14 63 207
63 14 207
14 14 17
14 14 17
14 69 344
69 14 344
14 53 231
53 14 231
14 73 734
73 14 734
15 66 474
66 15 474
15 75 510
75 15 510
15 84 298
84 15 298
15 31 676
31 15 676
15 40 354
40 15 354
16 23 328
23 16 328
16 50 93
50 16 93
16 51 457
51 16 457
16 58 268
58 16 268
16 83 446
83 16 446
16 60 738
60 16 738
16 61 990
61 16 990
16 64 832
64 16 832
17 22 245
22 17 245
17 35 823
35 17 823
17 63 332
63 17 332
17 18 990
18 17 990
17 65 972
65 17 972
17 88 916
88 17 916
17 68 693
68 17 693
18 33 481
33 18 481
18 26 379
26 18 379
18 46 857
46 18 857
19 21 504
21 19 504
19 25 947
25 19 947
19 69 131
69 19 131
19 88 385
88 19 385
19 74 299
74 19 299
19 65 402
65 19 402
20 44 570
44 20 570
20 21 479
21 20 479
21 24 239
24 21 239
21 36 859
36 21 859
21 38 705
38 21 705
21 58 10
58 21 10
21 80 667
80 21 667
21 68 715
68 21 715
21 66 622
66 21 622
21 56 472
56 21 472
21 82 765
82 21 765
21 26 966
26 21 966
22 43 542
43 22 542
22 69 526
69 22 526
22 43 660
43 22 660
22 24 741
24 22 741
23 30 598
30 23 598
23 60 37
60 23 37
23 62 703
62 23 703
23 53 930
53 23 930
24 41 198
41 24 198
24 28 523
28 24 523
25 42 373
42 25 373
25 52 636
52 25 636
25 51 955
51 25 955
25 81 101
81 25 101
25 71 791
71 25 791
25 92 68
92 25 68
26 29 977
29 26 977
26 75 209
75 26 209
27 46 50
46 27 50
27 33 280
33 27 280
27 79 392
79 27 392
27 36 585
36 27 585
28 47 553
47 28 553
28 81 815
81 28 815
28 69 179
69 28 179
28 79 768
79 28 768
28 73 772
73 28 772
28 32 158
32 28 158
28 59 269
59 28 269
29 37 735
37 29 735
29 38 457
38 29 457
29 38 45
38 29 45
29 48 247
48 29 247
30 40 207
40 30 207
30 56 341
56 30 341
30 68 861
68 30 861
30 65 653
65 30 653
30 63 710
63 30 710
31 71 792
71 31 792
31 47 827
47 31 827
31 51 469
51 31 469
31 79 492
79 31 492
31 33 229
33 31 229
31 83 926
83 31 926
31 57 296
57 31 296
32 34 797
34 32 797
32 50 525
50 32 525
32 86 170
86 32 170
32 86 77
86 32 77
32 48 789
48 32 789
33 59 63
59 33 63
33 90 835
90 33 835
33 69 207
69 33 207
34 81 164
81 34 164
34 56 183
56 34 183
35 91 607
91 35 607
35 44 987
44 35 987
36 92 125
92 36 125
36 88 575
88 36 575
37 84 782
84 37 782
37 38 753
38 37 753
37 54 262
54 37 262
37 51 645
51 37 645
37 62 421
62 37 421
38 51 181
51 38 181
38 54 323
54 38 323
38 91 853
91 38 853
38 47 950
47 38 950
38 72 324
72 38 324
38 90 745
90 38 745
38 61 183
61 38 183
39 49 485
49 39 485
39 53 885
53 39 885
39 72 70
72 39 70
39 59 887
59 39 887
39 92 889
92 39 889
39 63 151
63 39 151
40 76 105
76 40 105
41 92 321
92 41 321
41 75 892
75 41 892
41 42 410
42 41 410
41 92 139
92 41 139
42 91 582
91 42 582
42 86 456
86 42 456
42 68 223
68 42 223
43 53 922
53 43 922
44 45 964
45 44 964
44 64 415
64 44 415
44 82 319
82 44 319
44 76 990
76 44 990
45 66 599
66 45 599
45 60 463
60 45 463
46 51 373
51 46 373
46 68 902
68 46 902
47 48 436
48 47 436
47 93 941
93 47 941
47 61 14
61 47 14
47 64 819
64 47 819
47 65 452
65 47 452
47 53 290
53 47 290
48 90 240
90 48 240
48 62 1
62 48 1
48 55 672
55 48 672
48 62 847
62 48 847
48 64 692
64 48 692
49 94 585
94 49 585
49 50 999
50 49 999
50 51 509
51 50 509
50 79 574
79 50 574
50 71 73
71 50 73
52 94 545
94 52 545
52 61 689
61 52 689
52 72 153
72 52 153
53 70 672
70 53 672
53 76 923
76 53 923
53 84 614
84 53 614
54 64 946
64 54 946
55 87 867
87 55 867
55 65 371
65 55 371
56 62 581
62 56 581
56 67 579
67 56 579
56 79 639
79 56 639
57 90 504
90 57 504
57 84 389
84 57 389
58 67 572
67 58 572
59 86 989
86 59 989
60 91 409
91 60 409
61 89 209
89 61 209
61 86 689
86 61 689
61 75 734
75 61 734
62 65 765
65 62 765
62 85 617
85 62 617
62 76 515
76 62 515
63 88 421
88 63 421
63 74 833
74 63 833
64 79 635
79 64 635
66 75 241
75 66 241
67 74 116
74 67 116
67 73 583
73 67 583
68 72 865
72 68 865
69 78 845
78 69 845
70 78 473
78 70 473
70 87 574
87 70 574
71 88 291
88 71 291
74 77 558
77 74 558
74 88 651
88 74 651
74 86 239
86 74 239
75 80 603
80 75 603
84 87 728
87 84 728
85 88 457
88 85 457
85 92 807
92 85 807
92 93 661
93 92 661
