91

0 1 936
1 0 936
0 3 438
3 0 438
0 8 718
8 0 718
0 19 723
19 0 723
0 22 925
22 0 925
0 24 562
24 0 562
0 8 55
8 0 55
0 12 487
12 0 487
0 11 494
11 0 494
0 15 128
15 0 128
0 17 329
17 0 329
0 21 103
21 0 103
0 12 636
12 0 636
0 9 111
9 0 111
0 34 601
34 0 601
0 18 542
18 0 542
0 48 948
48 0 948
0 43 368
43 0 368
0 7 872
7 0 872
0 41 423
41 0 423
0 37 384
37 0 384
0 82 156
82 0 156
0 18 319
18 0 319
1 2 888
2 1 888
1 16 720
16 1 720
1 43 787
43 1 787
1 14 45
14 1 45
1 63 606
63 1 606
1 43 816
43 1 816
1 46 685
46 1 685
1 26 114
26 1 114
1 60 44
60 1 44
1 20 811
20 1 811
1 62 656
62 1 656
1 73 215
73 1 215
1 49 371
49 1 371
1 43 112
43 1 112
1 36 120
36 1 120
1 57 758
57 1 758
1 63 304
63 1 304
1 67 473
67 1 473
1 33 253
33 1 253
1 83 553
83 1 553
1 26 144
26 1 144
2 5 86
5 2 86
2 20 850
20 2 850
2 26 4
26 2 4
2 80 561
80 2 561
2 33 743
33 2 743
2 80 325
80 2 325
2 23 844
23 2 844
2 19 126
19 2 126
2 23 227
23 2 227
2 31 831
31 2 831
2 25 787
25 2 787
2 49 745
49 2 745
2 50 20
50 2 20
2 85 613
85 2 613
2 43 454
43 2 454
2 84 53
84 2 53
2 30 930
30 2 930
2 26 75
26 2 75
2 86 331
86 2 331
2 62 598
62 2 598
3 4 92
4 3 92
3 6 220
6 3 220
3 23 540
23 3 540
3 42 284
42 3 284
3 19 764
19 3 764
3 84 997
84 3 997
3 7 115
7 3 115
3 22 447
22 3 447
3 33 775
33 3 775
3 71 283
71 3 283
3 45 181
45 3 181
3 44 655
44 3 655
3 52 702
52 3 702
3 63 905
63 3 905
3 30 705
30 3 705
3 76 367
76 3 367
3 46 610
46 3 610
3 47 343
47 3 343
3 60 59
60 3 59
3 9 897
9 3 897
3 79 66
79 3 66
3 12 765
12 3 765
3 4 80
4 3 80
3 49 769
49 3 769
3 19 917
19 3 917
3 24 74
24 3 74
3 47 856
47 3 856
3 77 121
77 3 121
3 61 979
61 3 979
3 8 665
8 3 665
4 71 78
71 4 78
4 20 191
20 4 191
4 35 164
35 4 164
4 66 541
66 4 541
4 51 513
51 4 513
4 18 600
18 4 600
4 54 734
54 4 734
4 76 781
76 4 781
4 53 648
53 4 648
4 16 98
16 4 98
4 16 621
16 4 621
4 70 148
70 4 148
4 58 652
58 4 652
4 24 844
24 4 844
4 72 626
72 4 626
4 9 759
9 4 759
4 31 101
31 4 101
5 30 428
30 5 428
5 31 287
31 5 287
5 40 992
40 5 992
5 26 54
26 5 54
5 9 253
9 5 253
5 89 692
89 5 692
5 47 665
47 5 665
5 71 178
71 5 178
5 71 336
71 5 336
5 35 536
35 5 536
5 81 229
81 5 229
5 70 395
70 5 395
5 36 21
36 5 21
6 7 280
7 6 280
6 14 643
14 6 643
6 17 871
17 6 871
6 57 943
57 6 943
6 28 383
28 6 383
6 7 268
7 6 268
6 47 899
47 6 899
6 18 916
18 6 916
6 63 407
63 6 407
6 43 300
43 6 300
6 43 253
43 6 253
6 18 1000
18 6 1000
6 45 979
45 6 979
6 14 433
14 6 433
6 89 985
89 6 985
6 17 815
17 6 815
6 25 381
25 6 381
6 28 177
28 6 177
6 17 839
17 6 839
6 31 460
31 6 460
6 24 216
24 6 216
6 34 989
34 6 989
6 80 209
80 6 209
7 10 756
10 7 756
7 11 733
11 7 733
7 12 63
12 7 63
7 15 127
15 7 127
7 36 323
36 7 323
7 65 187
65 7 187
7 57 364
57 7 364
7 77 458
77 7 458
7 9 540
9 7 540
7 24 118
24 7 118
7 47 914
47 7 914
7 71 601
71 7 601
7 77 387
77 7 387
7 84 815
84 7 815
7 45 742
45 7 742
7 77 262
77 7 262
7 13 708
13 7 708
7 9 158
9 7 158
7 81 598
81 7 598
7 76 579
76 7 579
7 22 753
22 7 753
7 86 996
86 7 996
7 62 101
62 7 101
7 22 84
22 7 84
7 11 361
11 7 361
7 45 671
45 7 671
7 26 455
26 7 455
7 9 988
9 7 988
8 9 119
9 8 119
8 13 826
13 8 826
8 27 542
27 8 542
8 61 583
61 8 583
8 69 831
69 8 831
8 52 491
52 8 491
8 16 820
16 8 820
8 84 626
84 8 626
8 84 259
84 8 259
8 47 441
47 8 441
8 90 655
90 8 655
8 32 697
32 8 697
8 28 942
28 8 942
8 54 134
54 8 134
8 44 847
44 8 847
8 76 806
76 8 806
8 12 213
12 8 213
8 81 941
81 8 941
8 54 931
54 8 931
8 81 180
81 8 180
8 55 59
55 8 59
9 21 856
21 9 856
9 32 876
32 9 876
9 33 929
33 9 929
9 34 984
34 9 984
9 72 199
72 9 199
9 47 164
47 9 164
9 44 152
44 9 152
9 55 384
55 9 384
9 76 946
76 9 946
9 89 109
89 9 109
9 90 608
90 9 608
9 27 130
27 9 130
9 37 369
37 9 369
9 90 58
90 9 58
9 54 367
54 9 367
9 31 48
31 9 48
10 35 600
35 10 600
10 55 110
55 10 110
10 85 868
85 10 868
10 54 307
54 10 307
10 25 484
25 10 484
10 23 835
23 10 835
10 78 502
78 10 502
10 29 337
29 10 337
10 13 30
13 10 30
10 86 315
86 10 315
10 83 500
83 10 500
10 21 767
21 10 767
10 15 201
15 10 201
10 72 931
72 10 931
11 20 540
20 11 540
11 62 669
62 11 669
11 15 826
15 11 826
11 89 660
89 11 660
11 18 312
18 11 312
11 88 149
88 11 149
11 19 377
19 11 377
11 75 619
75 11 619
11 76 714
76 11 714
11 55 829
55 11 829
11 75 236
75 11 236
11 22 301
22 11 301
11 42 734
42 11 734
11 34 86
34 11 86
11 22 791
22 11 791
11 85 350
85 11 350
12 85 467
85 12 467
12 24 41
24 12 41
12 33 449
33 12 449
12 39 576
39 12 576
12 72 102
72 12 102
12 20 358
20 12 358
12 70 834
70 12 834
12 19 132
19 12 132
12 90 892
90 12 892
12 73 965
73 12 965
12 85 225
85 12 225
12 67 734
67 12 734
12 85 122
85 12 122
12 32 571
32 12 571
13 18 657
18 13 657
13 42 548
42 13 548
13 46 17
46 13 17
13 63 220
63 13 220
13 19 213
19 13 213
13 55 713
55 13 713
13 62 947
62 13 947
13 72 468
72 13 468
13 21 539
21 13 539
13 76 203
76 13 203
13 53 270
53 13 270
13 79 300
79 13 300
13 60 60
60 13 60
14 29 144
29 14 144
14 89 329
89 14 329
14 29 633
29 14 633
14 33 780
33 14 780
14 17 604
17 14 604
14 37 654
37 14 654
14 18 661
18 14 661
14 89 612
89 14 612
14 30 867
30 14 867
14 89 339
89 14 339
14 24 107
24 14 107
14 57 864
57 14 864
15 70 173
70 15 173
15 81 329
81 15 329
15 16 557
16 15 557
15 30 275
30 15 275
15 52 439
52 15 439
15 54 583
54 15 583
15 89 584
89 15 584
15 19 502
19 15 502
15 57 939
57 15 939
15 49 903
49 15 903
15 69 13
69 15 13
15 73 317
73 15 317
15 50 153
50 15 153
15 39 69
39 15 69
15 22 181
22 15 181
15 34 510
34 15 510
15 80 897
80 15 897
15 18 286
18 15 286
15 30 12
30 15 12
15 21 442
21 15 442
15 47 694
47 15 694
15 53 720
53 15 720
15 24 959
24 15 959
16 17 581
17 16 581
16 62 756
62 16 756
16 74 882
74 16 882
16 52 552
52 16 552
16 24 244
24 16 244
16 79 416
79 16 416
16 57 295
57 16 295
16 60 531
60 16 531
16 51 337
51 16 337
16 90 468
90 16 468
16 56 16
56 16 16
16 80 987
80 16 987
16 68 51
68 16 51
16 52 46
52 16 46
16 78 75
78 16 75
16 54 727
54 16 727
16 89 683
89 16 683
16 29 928
29 16 928
17 46 285
46 17 285
17 66 458
66 17 458
17 18 560
18 17 560
17 31 348
31 17 348
17 42 119
42 17 119
17 86 525
86 17 525
17 58 339
58 17 339
17 68 272
68 17 272
17 87 165
87 17 165
18 52 447
52 18 447
18 56 871
56 18 871
18 40 261
40 18 261
18 44 969
44 18 969
18 19 896
19 18 896
18 27 461
27 18 461
18 45 306
45 18 306
18 60 749
60 18 749
18 80 153
80 18 153
18 25 193
25 18 193
18 79 929
79 18 929
18 69 864
69 18 864
18 34 708
34 18 708
18 55 625
55 18 625
19 25 236
25 19 236
19 47 440
47 19 440
19 58 445
58 19 445
19 76 355
76 19 355
19 59 639
59 19 639
19 66 614
66 19 614
19 76 859
76 19 859
19 64 117
64 19 117
19 46 48
46 19 48
19 71 501
71 19 501
19 38 853
38 19 853
19 73 634
73 19 634
19 53 455
53 19 455
19 62 314
62 19 314
19 90 117
90 19 117
19 31 896
31 19 896
19 80 33
80 19 33
19 21 82
21 19 82
19 31 671
31 19 671
19 56 10
56 19 10
19 85 554
85 19 554
20 74 548
74 20 548
20 34 602
34 20 602
20 22 94
22 20 94
20 55 463
55 20 463
20 79 553
79 20 553
20 58 548
58 20 548
20 31 123
31 20 123
20 24 87
24 20 87
20 82 289
82 20 289
20 25 782
25 20 782
20 31 605
31 20 605
20 22 410
22 20 410
20 46 37
46 20 37
20 27 147
27 20 147
20 74 985
74 20 985
21 49 568
49 21 568
21 86 986
86 21 986
21 52 888
52 21 888
21 47 863
47 21 863
21 79 562
79 21 562
21 30 171
30 21 171
21 63 766
63 21 766
21 59 477
59 21 477
21 70 785
70 21 785
21 25 857
25 21 857
21 30 392
30 21 392
21 49 373
49 21 373
21 26 26
26 21 26
21 67 885
67 21 885
22 44 833
44 22 833
22 48 52
48 22 52
22 39 450
39 22 450
22 30 82
30 22 82
22 31 843
31 22 843
22 83 327
83 22 327
22 81 103
81 22 103
22 29 404
29 22 404
22 82 506
82 22 506
22 79 649
79 22 649
22 30 551
30 22 551
22 28 508
28 22 508
22 23 899
23 22 899
22 88 429
88 22 429
22 75 742
75 22 742
22 22 733
22 22 733
22 52 581
52 22 581
22 90 212
90 22 212
22 50 779
50 22 779
22 76 414
76 22 414
22 34 355
34 22 355
23 41 936
41 23 936
23 37 856
37 23 856
23 33 510
33 23 510
23 84 700
84 23 700
23 75 974
75 23 974
23 82 237
82 23 237
23 81 190
81 23 190
23 25 924
25 23 924
23 46 882
46 23 882
23 28 330
28 23 330
23 62 877
62 23 877
23 67 582
67 23 582
24 66 11
66 24 11
24 43 55
43 24 55
24 61 657
61 24 657
24 28 656
28 24 656
24 35 782
35 24 782
24 54 362
54 24 362
24 27 895
27 24 895
24 81 759
81 24 759
24 82 657
82 24 657
24 82 215
82 24 215
25 64 545
64 25 545
25 90 157
90 25 157
25 48 219
48 25 219
25 60 877
60 25 877
25 32 144
32 25 144
25 52 956
52 25 956
25 88 231
88 25 231
25 48 363
48 25 363
25 27 5
27 25 5
25 35 94
35 25 94
25 54 118
54 25 118
25 27 209
27 25 209
25 31 489
31 25 489
25 61 798
61 25 798
25 47 68
47 25 68
25 69 424
69 25 424
26 28 365
28 26 365
26 38 932
38 26 932
26 68 482
68 26 482
26 29 576
29 26 576
26 75 289
75 26 289
26 52 176
52 26 176
26 66 671
66 26 671
26 53 315
53 26 315
26 82 374
82 26 374
26 57 43
57 26 43
26 62 255
62 26 255
26 71 479
71 26 479
26 84 645
84 26 645
26 61 962
61 26 962
26 30 195
30 26 195
26 79 418
79 26 418
26 70 384
70 26 384
27 84 189
84 27 189
27 44 292
44 27 292
27 77 898
77 27 898
27 63 267
63 27 267
27 85 835
85 27 835
27 63 674
63 27 674
27 48 246
48 27 246
27 36 565
36 27 565
27 81 429
81 27 429
27 85 438
85 27 438
27 30 4
30 27 4
27 90 598
90 27 598
27 33 760
33 27 760
27 76 150
76 27 150
28 49 277
49 28 277
28 71 964
71 28 964
28 45 268
45 28 268
28 68 436
68 28 436
28 31 682
31 28 682
28 55 276
55 28 276
28 76 386
76 28 386
28 30 867
30 28 867
28 65 70
65 28 70
28 33 950
33 28 950
28 61 46
61 28 46
28 80 383
80 28 383
28 86 459
86 28 459
28 34 201
34 28 201
28 38 541
38 28 541
28 70 663
70 28 663
28 56 801
56 28 801
29 44 527
44 29 527
29 35 60
35 29 60
29 81 470
81 29 470
29 45 659
45 29 659
29 60 498
60 29 498
29 84 176
84 29 176
29 59 289
59 29 289
29 49 25
49 29 25
29 42 58
42 29 58
29 38 406
38 29 406
29 47 214
47 29 214
30 45 33
45 30 33
30 49 222
49 30 222
30 56 769
56 30 769
30 61 958
61 30 958
30 49 318
49 30 318
30 77 602
77 30 602
30 45 696
45 30 696
30 89 316
89 30 316
30 55 502
55 30 502
30 73 455
73 30 455
30 90 694
90 30 694
30 64 515
64 30 515
30 44 432
44 30 432
30 32 334
32 30 334
30 83 474
83 30 474
30 41 402
41 30 402
30 48 595
48 30 595
30 30 1
30 30 1
31 63 200
63 31 200
31 70 471
70 31 471
31 35 374
35 31 374
31 85 234
85 31 234
31 90 982
90 31 982
31 69 577
69 31 577
31 89 458
89 31 458
31 42 180
42 31 180
31 58 665
58 31 665
31 52 85
52 31 85
31 84 160
84 31 160
31 50 16
50 31 16
31 42 88
42 31 88
31 68 560
68 31 560
31 69 857
69 31 857
32 80 6
80 32 6
32 86 551
86 32 551
32 70 337
70 32 337
32 76 124
76 32 124
32 37 787
37 32 787
32 54 642
54 32 642
32 78 514
78 32 514
33 37 408
37 33 408
33 50 623
50 33 623
33 69 154
69 33 154
33 80 268
80 33 268
33 63 675
63 33 675
33 68 717
68 33 717
33 42 523
42 33 523
33 62 932
62 33 932
33 70 475
70 33 475
33 40 586
40 33 586
33 78 128
78 33 128
33 58 395
58 33 395
33 41 773
41 33 773
33 83 54
83 33 54
33 51 795
51 33 795
33 87 922
87 33 922
34 46 37
46 34 37
34 57 970
57 34 970
34 67 559
67 34 559
34 83 499
83 34 499
34 57 74
57 34 74
34 70 420
70 34 420
34 47 131
47 34 131
34 45 476
45 34 476
34 74 63
74 34 63
34 44 4
44 34 4
34 88 940
88 34 940
34 58 8
58 34 8
34 77 224
77 34 224
34 81 686
81 34 686
34 48 764
48 34 764
34 89 28
89 34 28
34 44 618
44 34 618
34 38 80
38 34 80
35 39 898
39 35 898
35 64 499
64 35 499
35 42 428
42 35 428
35 58 102
58 35 102
35 63 237
63 35 237
35 54 479
54 35 479
35 74 874
74 35 874
35 42 797
42 35 797
35 84 697
84 35 697
35 66 417
66 35 417
36 41 591
41 36 591
36 86 27
86 36 27
36 58 805
58 36 805
36 64 827
64 36 827
36 40 893
40 36 893
36 40 678
40 36 678
36 54 141
54 36 141
36 87 638
87 36 638
36 76 891
76 36 891
36 39 676
39 36 676
36 68 254
68 36 254
36 41 442
41 36 442
36 63 362
63 36 362
36 85 6
85 36 6
36 60 875
60 36 875
37 51 679
51 37 679
37 78 350
78 37 350
37 85 805
85 37 805
37 84 633
84 37 633
37 43 427
43 37 427
37 66 718
66 37 718
37 45 11
45 37 11
37 50 633
50 37 633
38 89 109
89 38 109
38 40 103
40 38 103
38 46 388
46 38 388
38 52 80
52 38 80
38 73 459
73 38 459
38 47 160
47 38 160
38 45 532
45 38 532
38 61 963
61 38 963
39 87 628
87 39 628
39 53 720
53 39 720
39 59 298
59 39 298
39 58 816
58 39 816
39 66 911
66 39 911
39 60 975
60 39 975
39 88 680
88 39 680
39 80 98
80 39 98
39 76 128
76 39 128
39 43 919
43 39 919
39 86 796
86 39 796
39 45 52
45 39 52
39 49 572
49 39 572
39 79 344
79 39 344
40 81 870
81 40 870
40 51 841
51 40 841
40 41 743
41 40 743
40 67 116
67 40 116
40 46 5
46 40 5
40 77 130
77 40 130
40 58 202
58 40 202
40 44 835
44 40 835
40 82 463
82 40 463
40 53 622
53 40 622
40 63 535
63 40 535
40 70 493
70 40 493
40 46 31
46 40 31
40 83 209
83 40 209
40 45 588
45 40 588
41 84 496
84 41 496
41 82 791
82 41 791
41 87 858
87 41 858
41 75 266
75 41 266
41 58 960
58 41 960
41 90 204
90 41 204
41 90 618
90 41 618
41 54 875
54 41 875
41 45 622
45 41 622
41 43 291
43 41 291
41 79 486
79 41 486
42 43 649
43 42 649
42 44 283
44 42 283
42 78 873
78 42 873
42 55 426
55 42 426
42 77 8
77 42 8
42 57 154
57 42 154
42 44 275
44 42 275
42 59 706
59 42 706
42 90 743
90 42 743
42 76 56
76 42 56
43 60 748
60 43 748
43 75 838
75 43 838
43 72 954
72 43 954
43 75 622
75 43 622
43 75 340
75 43 340
43 84 700
84 43 700
43 88 329
88 43 329
44 65 370
65 44 370
44 58 702
58 44 702
44 60 586
60 44 586
44 75 250
75 44 250
44 83 967
83 44 967
44 77 442
77 44 442
44 86 488
86 44 488
44 71 342
71 44 342
44 69 733
69 44 733
44 63 584
63 44 584
44 81 744
81 44 744
44 54 906
54 44 906
45 52 303
52 45 303
45 47 84
47 45 84
45 52 517
52 45 517
45 74 69
74 45 69
45 84 848
84 45 848
45 54 933
54 45 933
45 86 499
86 45 499
46 59 251
59 46 251
46 68 915
68 46 915
46 74 206
74 46 206
46 83 497
83 46 497
46 85 885
85 46 885
46 88 196
88 46 196
46 54 98
54 46 98
46 84 724
84 46 724
46 50 51
50 46 51
46 90 908
90 46 908
46 89 681
89 46 681
47 53 162
53 47 162
47 90 703
90 47 703
47 85 75
85 47 75
47 49 696
49 47 696
47 74 682
74 47 682
47 81 701
81 47 701
47 50 814
50 47 814
48 84 339
84 48 339
48 78 417
78 48 417
48 90 694
90 48 694
48 50 613
50 48 613
48 55 553
55 48 553
48 86 796
86 48 796
49 70 560
70 49 560
49 49 597
49 49 597
49 58 481
58 49 481
49 89 233
89 49 233
49 77 988
77 49 988
49 79 88
79 49 88
49 66 199
66 49 199
49 69 513
69 49 513
50 54 867
54 50 867
50 79 748
79 50 748
50 68 142
68 50 142
50 79 909
79 50 909
50 64 94
64 50 94
50 59 963
59 50 963
50 52 456
52 50 456
50 89 994
89 50 994
50 77 148
77 50 148
51 72 39
72 51 39
51 82 651
82 51 651
51 55 68
55 51 68
51 61 946
61 51 946
51 67 289
67 51 289
51 90 107
90 51 107
51 85 35
85 51 35
51 86 859
86 51 859
51 69 976
69 51 976
51 68 439
68 51 439
52 78 794
78 52 794
52 70 615
70 52 615
52 86 126
86 52 126
52 78 848
78 52 848
52 71 815
71 52 815
52 72 952
72 52 952
52 57 375
57 52 375
53 63 928
63 53 928
53 56 529
56 53 529
53 90 96
90 53 96
53 86 915
86 53 915
53 87 418
87 53 418
53 74 849
74 53 849
53 65 980
65 53 980
54 90 735
90 54 735
54 75 583
75 54 583
54 63 81
63 54 81
54 55 605
55 54 605
54 55 17
55 54 17
54 55 81
55 54 81
54 84 305
84 54 305
55 86 595
86 55 595
55 58 5
58 55 5
55 76 762
76 55 762
55 55 434
55 55 434
55 85 383
85 55 383
55 81 848
81 55 848
55 88 638
88 55 638
55 87 77
87 55 77
55 90 907
90 55 907
55 77 510
77 55 510
56 86 446
86 56 446
56 67 129
67 56 129
56 61 715
61 56 715
56 62 762
62 56 762
56 68 127
68 56 127
56 62 216
62 56 216
56 61 111
61 56 111
56 74 711
74 56 711
56 90 91
90 56 91
56 58 330
58 56 330
56 75 994
75 56 994
56 70 961
70 56 961
56 73 873
73 56 873
56 87 175
87 56 175
57 69 638
69 57 638
57 70 172
70 57 172
57 89 324
89 57 324
57 80 662
80 57 662
57 66 483
66 57 483
57 78 638
78 57 638
57 78 398
78 57 398
57 76 349
76 57 349
57 76 503
76 57 503
58 74 173
74 58 173
58 63 44
63 58 44
58 80 948
80 58 948
58 80 476
80 58 476
58 85 438
85 58 438
59 76 697
76 59 697
59 75 350
75 59 350
59 75 121
75 59 121
59 81 66
81 59 66
59 85 893
85 59 893
59 86 585
86 59 585
60 64 688
64 60 688
60 88 625
88 60 625
60 90 861
90 60 861
60 73 670
73 60 670
60 84 913
84 60 913
60 68 142
68 60 142
60 81 306
81 60 306
61 85 57
85 61 57
61 72 367
72 61 367
61 86 361
86 61 361
61 83 404
83 61 404
61 81 728
81 61 728
61 69 933
69 61 933
61 84 286
84 61 286
61 84 138
84 61 138
61 67 430
67 61 430
62 79 127
79 62 127
63 80 364
80 63 364
63 68 471
68 63 471
63 70 463
70 63 463
64 68 267
68 64 267
65 75 397
75 65 397
65 67 785
67 65 785
65 77 906
77 65 906
66 73 906
73 66 906
67 88 145
88 67 145
67 85 996
85 67 996
67 90 520
90 67 520
68 78 927
78 68 927
68 71 142
71 68 142
68 70 203
70 68 203
69 73 995
73 69 995
69 72 322
72 69 322
69 83 337
83 69 337
69 84 963
84 69 963
69 80 944
80 69 944
69 79 114
79 69 114
69 70 774
70 69 774
70 79 373
79 70 373
70 77 191
77 70 191
70 71 59
71 70 59
70 79 948
79 70 948
71 88 556
88 71 556
71 84 636
84 71 636
71 81 380
81 71 380
72 84 153
84 72 153
72 88 697
88 72 697
72 83 981
83 72 981
72 77 465
77 72 465
73 78 463
78 73 463
73 88 374
88 73 374
74 77 957
77 74 957
74 79 553
79 74 553
75 79 240
79 75 240
75 81 55
81 75 55
76 78 183
78 76 183
76 90 470
90 76 470
76 83 962
83 76 962
78 79 368
79 78 368
78 83 214
83 78 214
78 84 632
84 78 632
78 80 869
80 78 869
79 80 135
80 79 135
80 81 858
81 80 858
80 88 493
88 80 493
80 86 849
86 80 849
80 89 267
89 80 267
80 88 634
88 80 634
80 87 386
87 80 386
81 85 926
85 81 926
81 82 699
82 81 699
81 84 333
84 81 333
82 89 85
89 82 85
82 84 72
84 82 72
82 90 855
90 82 855
82 83 712
83 82 712
83 84 47
84 83 47
84 84 952
84 84 952
84 85 598
85 84 598
85 88 554
88 85 554
85 90 743
90 85 743
87 89 348
89 87 348
87 87 190
87 87 190
89 90 629
90 89 629
90 90 892
90 90 892
