74

0 1 760
1 0 760
0 2 87
2 0 87
0 3 299
3 0 299
0 5 46
5 0 46
0 14 858
14 0 858
0 21 779
21 0 779
0 2 892
2 0 892
0 44 703
44 0 703
0 61 339
61 0 339
0 21 342
21 0 342
0 24 841
24 0 841
0 6 943
6 0 943
0 46 189
46 0 189
0 69 234
69 0 234
1 8 211
8 1 211
1 23 530
23 1 530
1 71 235
71 1 235
1 22 787
22 1 787
1 19 939
19 1 939
1 55 261
55 1 261
1 3 259
3 1 259
1 45 857
45 1 857
1 3 472
3 1 472
1 15 748
15 1 748
1 24 1
24 1 1
1 70 485
70 1 485
1 15 841
15 1 841
2 11 584
11 2 584
2 25 74
25 2 74
2 40 753
40 2 753
2 42 503
42 2 503
2 46 723
46 2 723
2 70 21
70 2 21
2 49 337
49 2 337
2 24 644
24 2 644
2 49 379
49 2 379
2 69 638
69 2 638
2 55 325
55 2 325
2 63 44
63 2 44
2 11 400
11 2 400
2 5 307
5 2 307
2 18 610
18 2 610
2 2 329
2 2 329
2 45 854
45 2 854
2 60 410
60 2 410
3 4 152
4 3 152
3 7 511
7 3 511
3 9 946
9 3 946
3 34 888
34 3 888
3 59 295
59 3 295
3 60 880
60 3 880
3 54 863
54 3 863
3 65 932
65 3 932
3 48 305
48 3 305
3 7 337
7 3 337
3 50 747
50 3 747
3 59 528
59 3 528
3 31 841
31 3 841
3 29 438
29 3 438
3 26 287
26 3 287
3 60 187
60 3 187
3 4 169
4 3 169
3 37 350
37 3 350
4 12 25
12 4 25
4 36 626
36 4 626
4 32 26
32 4 26
4 22 594
22 4 594
4 36 33
36 4 33
4 72 80
72 4 80
4 27 413
27 4 413
4 16 858
16 4 858
4 55 531
55 4 531
5 6 958
6 5 958
5 13 452
13 5 452
5 32 481
32 5 481
5 48 175
48 5 175
5 50 615
50 5 615
5 25 611
25 5 611
5 39 65
39 5 65
5 68 79
68 5 79
5 22 130
22 5 130
5 64 637
64 5 637
5 49 151
49 5 151
5 57 106
57 5 106
5 48 5
48 5 5
5 32 997
32 5 997
6 40 358
40 6 358
6 56 665
56 6 665
6 57 534
57 6 534
6 32 882
32 6 882
6 55 415
55 6 415
7 67 680
67 7 680
7 42 553
42 7 553
7 55 134
55 7 134
7 68 357
68 7 357
7 18 18
18 7 18
7 8 384
8 7 384
7 45 579
45 7 579
7 15 660
15 7 660
8 10 762
10 8 762
8 54 307
54 8 307
8 16 847
16 8 847
8 20 190
20 8 190
8 68 464
68 8 464
8 8 437
8 8 437
8 30 831
30 8 831
9 40 461
40 9 461
9 37 999
37 9 999
9 69 301
69 9 301
9 70 218
70 9 218
9 16 805
16 9 805
9 17 598
17 9 598
9 14 679
14 9 679
9 36 783
36 9 783
9 66 621
66 9 621
9 43 814
43 9 814
9 60 630
60 9 630
9 17 253
17 9 253
9 20 636
20 9 636
10 17 719
17 10 719
10 22 813
22 10 813
10 60 342
60 10 342
10 63 940
63 10 940
10 45 629
45 10 629
10 54 776
54 10 776
10 64 917
64 10 917
10 60 412
60 10 412
10 17 218
17 10 218
11 52 702
52 11 702
11 64 463
64 11 463
11 69 507
69 11 507
11 43 288
43 11 288
11 40 280
40 11 280
11 65 1
65 11 1
11 49 472
49 11 472
11 61 718
61 11 718
11 30 337
30 11 337
11 48 510
48 11 510
11 34 402
34 11 402
11 22 937
22 11 937
12 15 603
15 12 603
12 18 66
18 12 66
12 27 898
27 12 898
12 28 642
28 12 642
12 30 111
30 12 111
12 41 34
41 12 34
12 54 785
54 12 785
12 12 35
12 12 35
12 49 362
49 12 362
12 35 309
35 12 309
12 55 381
55 12 381
12 21 39
21 12 39
12 71 110
71 12 110
12 43 790
43 12 790
12 57 687
57 12 687
12 20 623
20 12 623
12 65 27
65 12 27
12 68 781
68 12 781
12 63 702
63 12 702
12 37 960
37 12 960
12 64 586
64 12 586
13 63 173
63 13 173
13 37 882
37 13 882
13 54 123
54 13 123
13 57 137
57 13 137
13 58 384
58 13 384
13 60 718
60 13 718
13 27 517
27 13 517
13 35 241
35 13 241
13 55 973
55 13 973
13 42 12
42 13 12
13 46 150
46 13 150
14 16 332
16 14 332
14 56 808
56 14 808
14 32 773
32 14 773
14 24 412
24 14 412
14 24 487
24 14 487
14 73 431
73 14 431
14 64 585
64 14 585
14 71 239
71 14 239
14 34 71
34 14 71
14 45 774
45 14 774
15 26 538
26 15 538
15 49 270
49 15 270
15 54 518
54 15 518
15 37 203
37 15 203
15 45 705
45 15 705
15 17 861
17 15 861
15 24 688
24 15 688
15 19 574
19 15 574
15 29 493
29 15 493
16 19 831
19 16 831
16 20 362
20 16 362
16 56 806
56 16 806
16 17 660
17 16 660
16 73 430
73 16 430
16 59 735
59 16 735
16 27 412
27 16 412
16 72 227
72 16 227
16 48 862
48 16 862
16 38 897
38 16 897
16 63 422
63 16 422
17 72 604
72 17 604
17 48 864
48 17 864
17 20 951
20 17 951
17 56 467
56 17 467
17 34 765
34 17 765
17 47 644
47 17 644
17 68 426
68 17 426
17 27 194
27 17 194
17 52 435
52 17 435
17 57 848
57 17 848
17 38 555
38 17 555
18 70 323
70 18 323
18 37 588
37 18 588
18 67 635
67 18 635
18 26 330
26 18 330
18 30 873
30 18 873
18 64 862
64 18 862
18 27 514
27 18 514
18 21 945
21 18 945
19 30 126
30 19 126
19 67 539
67 19 539
19 59 917
59 19 917
19 20 88
20 19 88
19 71 841
71 19 841
19 43 376
43 19 376
19 55 567
55 19 567
19 27 736
27 19 736
19 23 24
23 19 24
19 56 953
56 19 953
19 36 969
36 19 969
19 65 854
65 19 854
19 69 751
69 19 751
19 59 979
59 19 979
20 69 836
69 20 836
20 37 561
37 20 561
20 33 216
33 20 216
20 46 324
46 20 324
20 67 469
67 20 469
20 62 766
62 20 766
20 28 304
28 20 304
20 56 265
56 20 265
21 37 537
37 21 537
21 46 92
46 21 92
21 27 741
27 21 741
21 72 818
72 21 818
21 57 228
57 21 228
21 70 183
70 21 183
21 57 971
57 21 971
21 58 887
58 21 887
21 69 582
69 21 582
21 32 740
32 21 740
22 33 733
33 22 733
22 51 601
51 22 601
22 69 242
69 22 242
22 73 175
73 22 175
22 33 572
33 22 572
22 69 362
69 22 362
23 24 858
24 23 858
23 35 35
35 23 35
23 44 65
44 23 65
23 73 349
73 23 349
23 33 298
33 23 298
24 42 221
42 24 221
24 58 880
58 24 880
24 69 943
69 24 943
24 63 235
63 24 235
24 52 618
52 24 618
24 47 371
47 24 371
24 29 680
29 24 680
24 46 690
46 24 690
24 58 972
58 24 972
24 45 455
45 24 455
24 64 620
64 24 620
25 29 534
29 25 534
25 57 803
57 25 803
25 68 424
68 25 424
25 48 454
48 25 454
25 63 366
63 25 366
25 63 164
63 25 164
25 36 618
36 25 618
25 36 756
36 25 756
25 27 816
27 25 816
25 53 812
53 25 812
25 27 434
27 25 434
26 31 170
31 26 170
26 67 374
67 26 374
26 40 639
40 26 639
26 68 594
68 26 594
26 59 184
59 26 184
26 48 561
48 26 561
26 64 226
64 26 226
27 38 504
38 27 504
27 69 766
69 27 766
27 48 428
48 27 428
27 48 434
48 27 434
27 64 368
64 27 368
27 37 502
37 27 502
28 70 45
70 28 45
28 53 26
53 28 26
28 54 310
54 28 310
28 39 405
39 28 405
28 68 570
68 28 570
29 34 372
34 29 372
29 36 725
36 29 725
29 46 426
46 29 426
29 44 409
44 29 409
29 45 878
45 29 878
29 63 798
63 29 798
29 61 54
61 29 54
29 48 800
48 29 800
30 44 795
44 30 795
30 70 993
70 30 993
30 44 838
44 30 838
30 65 990
65 30 990
30 69 155
69 30 155
31 60 708
60 31 708
31 42 626
42 31 626
31 59 524
59 31 524
31 68 715
68 31 715
32 39 237
39 32 237
32 43 535
43 32 535
32 57 363
57 32 363
32 56 141
56 32 141
32 32 554
32 32 554
32 37 673
37 32 673
32 72 399
72 32 399
32 61 790
61 32 790
33 65 539
65 33 539
33 39 794
39 33 794
33 39 617
39 33 617
33 69 852
69 33 852
33 36 300
36 33 300
33 70 842
70 33 842
34 47 345
47 34 345
34 45 604
45 34 604
34 35 676
35 34 676
34 53 781
53 34 781
34 35 169
35 34 169
34 61 210
61 34 210
34 50 380
50 34 380
34 59 742
59 34 742
35 69 404
69 35 404
35 60 470
60 35 470
35 39 985
39 35 985
35 39 324
39 35 324
35 64 542
64 35 542
35 71 65
71 35 65
35 43 615
43 35 615
35 60 712
60 35 712
36 73 725
73 36 725
36 37 590
37 36 590
36 51 464
51 36 464
36 55 466
55 36 466
37 49 29
49 37 29
37 43 949
43 37 949
37 55 301
55 37 301
37 71 462
71 37 462
37 57 730
57 37 730
37 40 288
40 37 288
37 72 717
72 37 717
37 42 137
42 37 137
38 66 315
66 38 315
38 58 975
58 38 975
38 56 344
56 38 344
38 48 427
48 38 427
38 38 192
38 38 192
38 73 347
73 38 347
38 47 152
47 38 152
38 71 156
71 38 156
39 62 158
62 39 158
39 41 219
41 39 219
39 46 993
46 39 993
39 70 440
70 39 440
40 68 81
68 40 81
40 43 639
43 40 639
41 73 849
73 41 849
41 58 713
58 41 713
41 46 489
46 41 489
42 55 903
55 42 903
42 70 179
70 42 179
42 48 117
48 42 117
42 59 500
59 42 500
42 56 466
56 42 466
43 45 695
45 43 695
43 65 551
65 43 551
44 69 85
69 44 85
44 68 217
68 44 217
44 62 661
62 44 661
44 54 584
54 44 584
44 65 353
65 44 353
45 48 679
48 45 679
45 50 534
50 45 534
45 63 484
63 45 484
45 50 461
50 45 461
45 47 448
47 45 448
45 51 828
51 45 828
45 47 463
47 45 463
45 66 627
66 45 627
45 45 229
45 45 229
45 63 465
63 45 465
46 59 116
59 46 116
46 63 20
63 46 20
46 47 341
47 46 341
46 57 653
57 46 653
46 68 587
68 46 587
47 60 294
60 47 294
47 69 579
69 47 579
47 58 863
58 47 863
47 59 270
59 47 270
47 51 563
51 47 563
47 53 399
53 47 399
47 51 339
51 47 339
48 53 127
53 48 127
48 63 421
63 48 421
48 73 589
73 48 589
48 66 783
66 48 783
48 61 825
61 48 825
48 52 870
52 48 870
49 59 973
59 49 973
49 68 301
68 49 301
49 66 231
66 49 231
50 51 635
51 50 635
50 65 810
65 50 810
50 70 9
70 50 9
51 60 357
60 51 357
51 51 378
51 51 378
51 69 528
69 51 528
51 61 449
61 51 449
52 61 131
61 52 131
52 58 352
58 52 352
52 53 262
53 52 262
52 63 256
63 52 256
53 69 472
69 53 472
53 66 530
66 53 530
53 57 745
57 53 745
53 62 142
62 53 142
54 68 860
68 54 860
54 62 744
62 54 744
55 64 550
64 55 550
55 70 639
70 55 639
55 60 71
60 55 71
56 59 884
59 56 884
56 60 753
60 56 753
56 62 767
62 56 767
56 58 490
58 56 490
56 69 361
69 56 361
57 61 626
61 57 626
57 72 568
72 57 568
58 73 485
73 58 485
58 61 614
61 58 614
59 63 132
63 59 132
59 63 386
63 59 386
60 70 933
70 60 933
60 73 112
73 60 112
60 72 714
72 60 714
61 65 39
65 61 39
62 71 687
71 62 687
62 62 559
62 62 559
62 71 583
71 62 583
63 71 605
71 63 605
63 70 977
70 63 977
63 73 521
73 63 521
63 72 977
72 63 977
66 73 47
73 66 47
66 69 826
69 66 826
67 72 149
72 67 149
67 69 17
69 67 17
68 69 382
69 68 382
