89

0 1 977
1 0 977
0 5 820
5 0 820
0 22 123
22 0 123
0 24 645
24 0 645
0 80 441
80 0 441
0 47 648
47 0 648
0 40 423
40 0 423
0 82 102
82 0 102
0 59 528
59 0 528
0 48 130
48 0 130
1 2 736
2 1 736
1 3 320
3 1 320
1 4 167
4 1 167
1 9 28
9 1 28
1 78 873
78 1 873
1 80 667
80 1 667
1 87 464
87 1 464
1 68 229
68 1 229
1 28 677
28 1 677
1 23 965
23 1 965
1 32 681
32 1 681
1 60 90
60 1 90
1 17 977
17 1 977
1 40 419
40 1 419
1 49 92
49 1 92
1 42 985
42 1 985
1 79 665
79 1 665
1 82 546
82 1 546
1 76 767
76 1 767
2 14 590
14 2 590
2 43 485
43 2 485
2 67 68
67 2 68
2 70 360
70 2 360
2 13 840
13 2 840
2 69 40
69 2 40
3 7 531
7 3 531
3 11 79
11 3 79
3 12 562
12 3 562
3 19 141
19 3 141
3 20 355
20 3 355
3 34 65
34 3 65
3 72 456
72 3 456
3 87 315
87 3 315
3 19 631
19 3 631
3 10 272
10 3 272
3 18 902
18 3 902
3 27 490
27 3 490
3 58 22
58 3 22
3 50 279
50 3 279
4 6 914
6 4 914
4 16 327
16 4 327
4 17 947
17 4 947
4 28 520
28 4 520
4 43 960
43 4 960
4 59 358
59 4 358
4 62 500
62 4 500
4 6 724
6 4 724
4 85 578
85 4 578
4 85 271
85 4 271
4 78 930
78 4 930
4 69 459
69 4 459
4 28 246
28 4 246
4 14 107
14 4 107
4 42 716
42 4 716
5 51 35
51 5 35
5 58 653
58 5 653
5 87 927
87 5 927
5 87 838
87 5 838
6 8 881
8 6 881
6 86 159
86 6 159
6 73 880
73 6 880
6 25 529
25 6 529
6 39 571
39 6 571
6 69 116
69 6 116
6 17 366
17 6 366
6 16 853
16 6 853
6 56 633
56 6 633
6 48 908
48 6 908
7 18 20
18 7 20
7 23 633
23 7 633
7 44 312
44 7 312
7 68 526
68 7 526
7 34 202
34 7 202
7 48 349
48 7 349
7 87 269
87 7 269
7 69 747
69 7 747
7 30 780
30 7 780
7 58 385
58 7 385
7 84 406
84 7 406
8 13 58
13 8 58
8 21 273
21 8 273
8 25 739
25 8 739
8 70 675
70 8 675
8 26 258
26 8 258
8 16 477
16 8 477
8 24 145
24 8 145
8 65 306
65 8 306
8 28 733
28 8 733
9 10 818
10 9 818
9 79 546
79 9 546
9 18 128
18 9 128
9 27 985
27 9 985
9 19 280
19 9 280
9 65 865
65 9 865
9 88 989
88 9 989
9 56 822
56 9 822
10 53 898
53 10 898
10 52 431
52 10 431
10 72 240
72 10 240
10 41 1
41 10 1
11 36 284
36 11 284
11 42 104
42 11 104
11 58 252
58 11 252
11 38 291
38 11 291
11 85 683
85 11 683
11 76 215
76 11 215
11 78 933
78 11 933
12 33 808
33 12 808
12 37 212
37 12 212
12 45 645
45 12 645
12 47 951
47 12 951
12 20 171
20 12 171
12 14 303
14 12 303
12 80 573
80 12 573
12 54 102
54 12 102
12 81 408
81 12 408
12 79 817
79 12 817
13 30 262
30 13 262
13 50 786
50 13 786
13 31 732
31 13 732
14 15 630
15 14 630
14 48 981
48 14 981
14 64 485
64 14 485
14 32 699
32 14 699
14 16 804
16 14 804
14 57 922
57 14 922
14 19 514
19 14 514
14 15 587
15 14 587
14 39 529
39 14 529
14 71 273
71 14 273
15 35 776
35 15 776
15 67 667
67 15 667
15 71 451
71 15 451
15 50 420
50 15 420
15 63 619
63 15 619
15 66 65
66 15 65
16 60 97
60 16 97
16 77 491
77 16 491
16 22 668
22 16 668
16 31 837
31 16 837
16 52 50
52 16 50
16 51 427
51 16 427
16 58 564
58 16 564
16 44 667
44 16 667
16 34 641
34 16 641
17 56 176
56 17 176
17 71 669
71 17 669
17 72 965
72 17 965
17 57 59
57 17 59
17 72 176
72 17 176
17 25 363
25 17 363
17 68 622
68 17 622
18 63 956
63 18 956
18 84 674
84 18 674
18 42 380
42 18 380
18 79 703
79 18 703
18 27 288
27 18 288
18 66 875
66 18 875
18 29 655
29 18 655
18 73 458
73 18 458
18 37 73
37 18 73
18 39 551
39 18 551
19 27 280
27 19 280
19 39 468
39 19 468
19 58 445
58 19 445
19 44 602
44 19 602
19 41 41
41 19 41
19 62 430
62 19 430
19 58 156
58 19 156
19 54 994
54 19 994
19 32 481
32 19 481
20 73 430
73 20 430
20 69 651
69 20 651
20 28 808
28 20 808
20 67 282
67 20 282
20 79 668
79 20 668
20 71 800
71 20 800
21 74 144
74 21 144
21 75 300
75 21 300
21 50 111
50 21 111
21 41 214
41 21 214
21 44 703
44 21 703
21 24 743
24 21 743
22 31 94
31 22 94
22 38 828
38 22 828
22 71 429
71 22 429
22 52 421
52 22 421
22 31 327
31 22 327
22 31 236
31 22 236
22 47 264
47 22 264
22 25 702
25 22 702
22 87 670
87 22 670
22 26 747
26 22 747
22 35 405
35 22 405
23 31 767
31 23 767
23 56 984
56 23 984
23 44 324
44 23 324
24 39 170
39 24 170
24 79 672
79 24 672
25 26 211
26 25 211
25 32 54
32 25 54
25 52 676
52 25 676
25 78 338
78 25 338
25 58 609
58 25 609
25 75 950
75 25 950
25 52 758
52 25 758
25 29 505
29 25 505
26 88 673
88 26 673
26 29 74
29 26 74
26 64 972
64 26 972
26 55 270
55 26 270
26 55 742
55 26 742
26 50 736
50 26 736
27 29 155
29 27 155
27 41 44
41 27 44
27 83 565
83 27 565
27 31 954
31 27 954
27 48 136
48 27 136
27 79 405
79 27 405
28 57 845
57 28 845
28 44 666
44 28 666
28 43 527
43 28 527
28 68 533
68 28 533
28 59 541
59 28 541
29 49 825
49 29 825
29 81 532
81 29 532
29 73 518
73 29 518
29 68 205
68 29 205
29 70 734
70 29 734
30 46 720
46 30 720
30 44 41
44 30 41
30 78 935
78 30 935
30 58 537
58 30 537
30 54 386
54 30 386
31 66 335
66 31 335
31 58 434
58 31 434
31 35 752
35 31 752
31 81 557
81 31 557
31 83 27
83 31 27
31 67 26
67 31 26
31 57 563
57 31 563
31 49 654
49 31 654
32 43 534
43 32 534
32 57 920
57 32 920
32 77 357
77 32 357
33 66 777
66 33 777
33 58 825
58 33 825
33 43 708
43 33 708
33 56 637
56 33 637
34 48 784
48 34 784
35 63 547
63 35 547
35 81 601
81 35 601
35 38 1000
38 35 1000
36 40 71
40 36 71
36 63 699
63 36 699
36 79 200
79 36 200
36 68 459
68 36 459
37 82 197
82 37 197
37 79 651
79 37 651
37 65 340
65 37 340
38 69 537
69 38 537
38 77 790
77 38 790
38 82 277
82 38 277
38 63 623
63 38 623
38 53 404
53 38 404
38 55 475
55 38 475
38 47 73
47 38 73
38 68 888
68 38 888
39 65 240
65 39 240
39 61 213
61 39 213
40 70 979
70 40 979
40 61 655
61 40 655
40 51 57
51 40 57
40 72 34
72 40 34
41 59 169
59 41 169
41 66 213
66 41 213
42 57 171
57 42 171
42 64 698
64 42 698
42 75 353
75 42 353
42 53 479
53 42 479
43 58 275
58 43 275
43 50 318
50 43 318
43 84 317
84 43 317
44 50 360
50 44 360
44 86 666
86 44 666
45 57 971
57 45 971
45 71 682
71 45 682
46 65 514
65 46 514
46 79 395
79 46 395
47 55 913
55 47 913
47 51 483
51 47 483
47 51 23
51 47 23
47 67 353
67 47 353
47 49 634
49 47 634
47 75 170
75 47 170
48 69 576
69 48 576
49 70 456
70 49 456
49 85 215
85 49 215
49 76 103
76 49 103
49 84 386
84 49 386
49 86 731
86 49 731
50 88 171
88 50 171
50 87 780
87 50 780
50 54 568
54 50 568
50 86 15
86 50 15
51 54 271
54 51 271
51 61 957
61 51 957
51 79 683
79 51 683
51 73 849
73 51 849
51 80 892
80 51 892
51 55 822
55 51 822
52 84 487
84 52 487
53 77 453
77 53 453
53 78 839
78 53 839
53 81 374
81 53 374
53 71 374
71 53 374
53 54 659
54 53 659
53 79 554
79 53 554
53 74 118
74 53 118
54 61 22
61 54 22
54 83 988
83 54 988
54 54 401
54 54 401
55 78 677
78 55 677
56 58 930
58 56 930
56 74 960
74 56 960
57 84 605
84 57 605
58 69 796
69 58 796
58 81 896
81 58 896
58 87 417
87 58 417
59 87 950
87 59 950
59 86 863
86 59 863
59 71 414
71 59 414
60 72 444
72 60 444
61 83 62
83 61 62
61 78 790
78 61 790
63 65 878
65 63 878
63 79 536
79 63 536
63 85 621
85 63 621
63 72 726
72 63 726
63 73 884
73 63 884
63 84 560
84 63 560
63 79 724
79 63 724
63 71 763
71 63 763
64 85 114
85 64 114
64 85 522
85 64 522
64 66 566
66 64 566
65 74 377
74 65 377
65 72 34
72 65 34
65 80 97
80 65 97
65 68 429
68 65 429
66 77 490
77 66 490
66 75 152
75 66 152
66 66 75
66 66 75
66 72 78
72 66 78
67 73 176
73 67 176
69 72 908
72 69 908
69 84 173
84 69 173
70 75 74
75 70 74
70 88 802
88 70 802
71 79 103
79 71 103
71 71 172
71 71 172
73 76 776
76 73 776
73 77 364
77 73 364
74 82 569
82 74 569
75 78 316
78 75 316
76 82 416
82 76 416
76 79 370
79 76 370
79 84 355
84 79 355
80 88 86
88 80 86
82 82 608
82 82 608
82 82 757
82 82 757
82 86 997
86 82 997
83 87 6
87 83 6
83 85 137
85 83 137
84 84 908
84 84 908
86 87 615
87 86 615
