48

0 1 87
1 0 87
0 5 688
5 0 688
0 8 833
8 0 833
0 14 502
14 0 502
0 46 415
46 0 415
0 18 581
18 0 581
0 15 38
15 0 38
0 4 648
4 0 648
1 2 712
2 1 712
1 4 64
4 1 64
1 6 160
6 1 160
1 12 438
12 1 438
1 30 421
30 1 421
1 25 167
25 1 167
1 2 662
2 1 662
1 2 231
2 1 231
1 46 865
46 1 865
2 3 919
3 2 919
2 9 677
9 2 677
2 10 492
10 2 492
2 20 122
20 2 122
2 4 452
4 2 452
2 45 536
45 2 536
3 24 308
24 3 308
3 32 167
32 3 167
3 34 327
34 3 327
3 33 269
33 3 269
3 22 688
22 3 688
3 15 692
15 3 692
3 43 704
43 3 704
3 35 256
35 3 256
4 7 517
7 4 517
4 15 666
15 4 666
4 15 278
15 4 278
4 32 810
32 4 810
4 43 170
43 4 170
4 36 195
36 4 195
4 13 408
13 4 408
4 13 956
13 4 956
4 20 189
20 4 189
5 14 54
14 5 54
5 22 923
22 5 923
5 36 432
36 5 432
5 14 986
14 5 986
6 17 943
17 6 943
6 18 170
18 6 170
6 22 331
22 6 331
6 40 529
40 6 529
6 19 448
19 6 448
6 38 172
38 6 172
7 21 550
21 7 550
7 25 880
25 7 880
7 38 553
38 7 553
7 16 862
16 7 862
7 38 741
38 7 741
7 13 393
13 7 393
7 24 337
24 7 337
8 11 184
11 8 184
8 46 648
46 8 648
8 32 730
32 8 730
8 30 675
30 8 675
8 44 615
44 8 615
8 17 838
17 8 838
9 39 261
39 9 261
9 43 558
43 9 558
9 44 30
44 9 30
9 14 942
14 9 942
9 15 292
15 9 292
9 37 20
37 9 20
9 40 821
40 9 821
9 24 615
24 9 615
9 24 229
24 9 229
9 14 454
14 9 454
9 27 764
27 9 764
10 19 999
19 10 999
10 26 780
26 10 780
10 36 662
36 10 662
10 44 896
44 10 896
10 42 315
42 10 315
10 31 878
31 10 878
10 34 133
34 10 133
10 27 550
27 10 550
11 23 794
23 11 794
11 41 827
41 11 827
11 30 413
30 11 413
11 20 621
20 11 621
11 41 802
41 11 802
11 30 899
30 11 899
11 31 573
31 11 573
11 36 299
36 11 299
12 13 478
13 12 478
12 16 464
16 12 464
13 27 360
27 13 360
13 30 824
30 13 824
13 14 700
14 13 700
13 47 791
47 13 791
13 27 786
27 13 786
14 18 497
18 14 497
14 25 562
25 14 562
14 39 635
39 14 635
15 43 733
43 15 733
15 44 586
44 15 586
15 37 869
37 15 869
16 44 687
44 16 687
16 43 935
43 16 935
16 40 137
40 16 137
17 37 294
37 17 294
17 18 888
18 17 888
17 38 279
38 17 279
17 46 972
46 17 972
17 26 68
26 17 68
18 36 97
36 18 97
18 44 174
44 18 174
18 41 964
41 18 964
18 35 429
35 18 429
18 19 449
19 18 449
19 27 33
27 19 33
20 29 347
29 20 347
20 35 855
35 20 855
20 41 213
41 20 213
20 46 596
46 20 596
20 26 71
26 20 71
21 28 852
28 21 852
21 40 780
40 21 780
21 34 138
34 21 138
21 31 928
31 21 928
22 42 346
42 22 346
22 43 959
43 22 959
22 47 84
47 22 84
24 33 148
33 24 148
24 30 814
30 24 814
24 40 270
40 24 270
24 31 121
31 24 121
24 41 132
41 24 132
25 31 924
31 25 924
25 27 643
27 25 643
25 41 19
41 25 19
25 26 64
26 25 64
25 37 985
37 25 985
26 28 297
28 26 297
27 43 745
43 27 745
28 45 574
45 28 574
28 46 948
46 28 948
28 37 695
37 28 695
28 37 361
37 28 361
28 31 751
31 28 751
28 29 486
29 28 486
29 36 87
36 29 87
29 40 266
40 29 266
29 35 706
35 29 706
29 29 529
29 29 529
29 37 570
37 29 570
31 35 413
35 31 413
31 41 526
41 31 526
32 41 451
41 32 451
33 40 799
40 33 799
33 34 385
34 33 385
33 46 178
46 33 178
34 36 399
36 34 399
37 45 750
45 37 750
38 38 856
38 38 856
39 47 477
47 39 477
40 47 559
47 40 559
40 47 812
47 40 812
43 45 149
45 43 149
46 47 169
47 46 169
