81

0 1 209
1 0 209
0 27 686
27 0 686
0 48 969
48 0 969
0 44 457
44 0 457
0 23 71
23 0 71
0 36 162
36 0 162
0 45 578
45 0 578
0 58 189
58 0 189
1 2 178
2 1 178
1 21 521
21 1 521
1 40 243
40 1 243
1 66 292
66 1 292
2 3 776
3 2 776
2 4 848
4 2 848
2 5 480
5 2 480
2 31 446
31 2 446
2 47 954
47 2 954
2 67 3
67 2 3
3 6 339
6 3 339
3 7 550
7 3 550
3 23 74
23 3 74
4 9 3
9 4 3
4 11 647
11 4 647
4 14 768
14 4 768
4 25 70
25 4 70
4 60 312
60 4 312
4 39 835
39 4 835
4 78 393
78 4 393
4 13 477
13 4 477
5 32 707
32 5 707
5 39 75
39 5 75
5 46 418
46 5 418
5 9 734
9 5 734
5 27 122
27 5 122
6 19 66
19 6 66
6 37 522
37 6 522
6 54 69
54 6 69
7 8 172
8 7 172
7 22 515
22 7 515
7 16 856
16 7 856
7 34 955
34 7 955
8 10 715
10 8 715
8 12 452
12 8 452
8 24 368
24 8 368
8 36 841
36 8 841
8 73 829
73 8 829
8 62 329
62 8 329
9 13 848
13 9 848
9 16 941
16 9 941
9 35 609
35 9 609
9 72 981
72 9 981
9 63 784
63 9 784
10 15 741
15 10 741
12 38 203
38 12 203
12 65 850
65 12 850
12 66 307
66 12 307
13 67 442
67 13 442
13 69 327
69 13 327
13 71 301
71 13 301
14 17 119
17 14 119
15 64 890
64 15 890
16 68 111
68 16 111
16 74 378
74 16 378
17 18 87
18 17 87
17 75 861
75 17 861
17 69 285
69 17 285
18 20 633
20 18 633
19 34 101
34 19 101
19 69 635
69 19 635
20 29 282
29 20 282
20 54 379
54 20 379
20 60 284
60 20 284
20 25 282
25 20 282
20 54 91
54 20 91
21 26 512
26 21 512
21 67 747
67 21 747
21 37 850
37 21 850
22 28 11
28 22 11
22 71 344
71 22 344
23 44 308
44 23 308
24 76 476
76 24 476
24 39 43
39 24 43
24 48 245
48 24 245
25 30 299
30 25 299
25 61 962
61 25 962
25 28 39
28 25 39
26 42 632
42 26 632
26 43 922
43 26 922
28 53 846
53 28 846
28 56 522
56 28 522
31 33 163
33 31 163
31 51 609
51 31 609
32 41 1
41 32 1
33 76 337
76 33 337
35 55 977
55 35 977
35 74 937
74 35 937
36 74 689
74 36 689
37 59 534
59 37 534
37 37 621
37 37 621
38 62 238
62 38 238
38 53 328
53 38 328
39 49 322
49 39 322
41 50 743
50 41 743
41 74 19
74 41 19
43 45 826
45 43 826
44 58 791
58 44 791
46 52 441
52 46 441
47 69 913
69 47 913
48 76 841
76 48 841
49 50 894
50 49 894
49 80 197
80 49 197
51 57 581
57 51 581
55 70 859
70 55 859
55 73 766
73 55 766
56 78 752
78 56 752
57 65 946
65 57 946
58 63 58
63 58 58
60 77 918
77 60 918
61 77 98
77 61 98
62 75 622
75 62 622
63 71 933
71 63 933
63 73 173
73 63 173
63 79 729
79 63 729
