100

0 1 127
1 0 127
0 3 874
3 0 874
0 10 176
10 0 176
0 11 200
11 0 200
0 25 832
25 0 832
0 67 807
67 0 807
0 67 376
67 0 376
0 78 565
78 0 565
0 12 392
12 0 392
1 2 116
2 1 116
1 5 451
5 1 451
1 12 383
12 1 383
1 33 988
33 1 988
1 53 847
53 1 847
1 90 487
90 1 487
1 96 679
96 1 679
1 87 25
87 1 25
1 52 906
52 1 906
2 4 762
4 2 762
2 57 637
57 2 637
2 62 932
62 2 932
2 70 193
70 2 193
2 53 332
53 2 332
3 29 230
29 3 230
3 34 709
34 3 709
3 45 837
45 3 837
3 48 507
48 3 507
3 75 339
75 3 339
3 51 405
51 3 405
3 23 839
23 3 839
3 10 647
10 3 647
3 21 400
21 3 400
3 67 219
67 3 219
4 6 647
6 4 647
4 7 956
7 4 956
4 26 563
26 4 563
4 79 601
79 4 601
4 38 194
38 4 194
4 18 656
18 4 656
4 23 599
23 4 599
5 8 739
8 5 739
5 16 548
16 5 548
5 92 453
92 5 453
5 31 444
31 5 444
5 93 339
93 5 339
5 57 737
57 5 737
5 88 752
88 5 752
6 68 812
68 6 812
6 79 650
79 6 650
6 49 669
49 6 669
6 42 883
42 6 883
7 9 519
9 7 519
7 21 555
21 7 555
7 15 397
15 7 397
7 35 325
35 7 325
7 41 220
41 7 220
7 98 866
98 7 866
7 27 102
27 7 102
7 63 770
63 7 770
8 15 556
15 8 556
8 26 289
26 8 289
8 49 956
49 8 956
8 39 229
39 8 229
9 18 385
18 9 385
9 15 342
15 9 342
9 39 190
39 9 190
9 37 906
37 9 906
9 86 871
86 9 871
9 37 522
37 9 522
10 52 620
52 10 620
10 70 132
70 10 132
10 49 358
49 10 358
10 69 680
69 10 680
10 13 447
13 10 447
10 89 280
89 10 280
11 13 692
13 11 692
11 14 253
14 11 253
11 19 733
19 11 733
11 20 627
20 11 627
11 67 886
67 11 886
11 15 734
15 11 734
12 24 522
24 12 522
12 37 771
37 12 771
12 40 832
40 12 832
12 55 534
55 12 534
12 74 347
74 12 347
12 95 561
95 12 561
12 78 695
78 12 695
13 32 437
32 13 437
13 76 69
76 13 69
13 89 60
89 13 60
13 81 672
81 13 672
14 17 743
17 14 743
14 22 173
22 14 173
14 39 52
39 14 52
14 88 36
88 14 36
14 92 647
92 14 647
14 77 134
77 14 134
15 35 72
35 15 72
15 38 521
38 15 521
15 17 337
17 15 337
15 57 273
57 15 273
15 76 252
76 15 252
15 76 386
76 15 386
16 54 670
54 16 670
16 91 462
91 16 462
17 23 882
23 17 882
17 58 98
58 17 98
17 93 698
93 17 698
17 69 775
69 17 775
17 74 981
74 17 981
17 95 942
95 17 942
17 80 57
80 17 57
17 31 132
31 17 132
18 42 347
42 18 347
18 47 609
47 18 609
18 30 816
30 18 816
18 54 492
54 18 492
19 27 349
27 19 349
19 59 229
59 19 229
19 97 13
97 19 13
19 48 188
48 19 188
19 62 769
62 19 769
20 31 428
31 20 428
20 95 55
95 20 55
20 50 204
50 20 204
20 50 427
50 20 427
20 89 445
89 20 445
21 36 871
36 21 871
21 57 770
57 21 770
22 72 469
72 22 469
22 48 586
48 22 586
23 63 28
63 23 28
23 99 300
99 23 300
23 25 908
25 23 908
23 41 369
41 23 369
23 89 405
89 23 405
23 66 302
66 23 302
24 30 243
30 24 243
24 82 394
82 24 394
24 94 339
94 24 339
24 58 444
58 24 444
25 36 247
36 25 247
25 41 325
41 25 325
25 71 697
71 25 697
25 46 198
46 25 198
25 92 931
92 25 931
25 66 968
66 25 968
25 73 522
73 25 522
26 82 964
82 26 964
26 32 837
32 26 837
26 42 841
42 26 841
27 28 524
28 27 524
27 81 504
81 27 504
27 88 432
88 27 432
27 68 690
68 27 690
27 58 535
58 27 535
27 58 452
58 27 452
27 95 49
95 27 49
28 47 218
47 28 218
28 62 503
62 28 503
29 55 656
55 29 656
29 88 927
88 29 927
29 69 560
69 29 560
30 43 979
43 30 979
30 74 237
74 30 237
30 38 229
38 30 229
30 50 676
50 30 676
31 55 449
55 31 449
31 42 778
42 31 778
31 53 462
53 31 462
32 50 392
50 32 392
32 86 33
86 32 33
32 94 449
94 32 449
33 94 893
94 33 893
33 68 612
68 33 612
33 73 455
73 33 455
33 88 944
88 33 944
33 78 970
78 33 970
33 90 662
90 33 662
34 43 717
43 34 717
34 99 587
99 34 587
35 83 255
83 35 255
35 71 631
71 35 631
35 47 811
47 35 811
37 44 97
44 37 97
37 73 978
73 37 978
37 59 160
59 37 160
37 43 680
43 37 680
38 61 638
61 38 638
38 65 727
65 38 727
38 74 604
74 38 604
38 94 730
94 38 730
38 97 418
97 38 418
38 80 860
80 38 860
39 79 892
79 39 892
39 54 576
54 39 576
39 42 695
42 39 695
39 52 941
52 39 941
39 75 20
75 39 20
39 92 309
92 39 309
40 57 197
57 40 197
40 91 118
91 40 118
40 41 986
41 40 986
40 82 388
82 40 388
40 77 226
77 40 226
40 68 698
68 40 698
40 90 554
90 40 554
41 61 512
61 41 512
41 86 589
86 41 589
42 46 529
46 42 529
42 51 189
51 42 189
42 56 968
56 42 968
42 66 1
66 42 1
42 85 147
85 42 147
44 78 996
78 44 996
44 58 722
58 44 722
44 95 190
95 44 190
45 91 813
91 45 813
45 73 461
73 45 461
46 77 783
77 46 783
46 52 816
52 46 816
46 80 428
80 46 428
46 51 307
51 46 307
46 56 109
56 46 109
46 78 786
78 46 786
47 58 821
58 47 821
47 90 254
90 47 254
47 67 944
67 47 944
47 91 378
91 47 378
48 61 825
61 48 825
48 79 970
79 48 970
48 63 813
63 48 813
49 80 320
80 49 320
49 59 971
59 49 971
49 69 437
69 49 437
49 78 270
78 49 270
49 77 870
77 49 870
49 87 956
87 49 956
49 79 764
79 49 764
50 53 242
53 50 242
51 68 298
68 51 298
51 86 93
86 51 93
52 69 556
69 52 556
52 94 708
94 52 708
52 53 218
53 52 218
52 66 488
66 52 488
53 60 614
60 53 614
54 64 409
64 54 409
54 87 495
87 54 495
54 88 676
88 54 676
54 87 912
87 54 912
54 58 185
58 54 185
54 56 163
56 54 163
54 71 555
71 54 555
55 93 399
93 55 399
56 83 7
83 56 7
56 91 427
91 56 427
56 62 931
62 56 931
57 78 270
78 57 270
57 90 461
90 57 461
58 77 4
77 58 4
58 63 591
63 58 591
58 99 475
99 58 475
58 80 836
80 58 836
58 95 963
95 58 963
58 67 754
67 58 754
58 90 216
90 58 216
60 83 274
83 60 274
61 66 947
66 61 947
61 67 978
67 61 978
62 98 960
98 62 960
62 94 214
94 62 214
64 89 25
89 64 25
64 83 808
83 64 808
66 70 148
70 66 148
66 90 115
90 66 115
67 75 574
75 67 574
69 70 624
70 69 624
71 72 367
72 71 367
72 88 278
88 72 278
72 86 789
86 72 789
73 83 771
83 73 771
73 94 371
94 73 371
75 97 536
97 75 536
75 98 966
98 75 966
77 84 798
84 77 798
79 95 55
95 79 55
79 80 10
80 79 10
79 88 541
88 79 541
80 99 9
99 80 9
80 82 537
82 80 537
80 84 610
84 80 610
84 84 240
84 84 240
85 88 272
88 85 272
86 89 110
89 86 110
89 94 151
94 89 151
92 93 611
93 92 611
92 99 200
99 92 200
96 97 241
97 96 241
