98

0 1 155
1 0 155
0 2 320
2 0 320
0 15 564
15 0 564
0 26 34
26 0 34
0 22 979
22 0 979
0 51 739
51 0 739
0 83 405
83 0 405
0 6 172
6 0 172
0 8 809
8 0 809
0 50 870
50 0 870
0 22 120
22 0 120
0 97 172
97 0 172
0 17 132
17 0 132
0 84 244
84 0 244
0 81 851
81 0 851
0 33 770
33 0 770
1 4 378
4 1 378
1 13 795
13 1 795
1 69 938
69 1 938
1 82 53
82 1 53
1 87 705
87 1 705
1 1 382
1 1 382
1 16 355
16 1 355
1 59 631
59 1 631
1 16 188
16 1 188
1 19 580
19 1 580
1 32 165
32 1 165
1 80 971
80 1 971
1 81 225
81 1 225
1 18 655
18 1 655
1 95 13
95 1 13
2 3 880
3 2 880
2 12 315
12 2 315
2 64 532
64 2 532
2 89 47
89 2 47
2 8 483
8 2 483
2 72 598
72 2 598
2 17 563
17 2 563
2 56 170
56 2 170
2 45 630
45 2 630
2 18 135
18 2 135
2 69 833
69 2 833
2 16 648
16 2 648
2 10 89
10 2 89
2 30 307
30 2 307
3 5 985
5 3 985
3 9 17
9 3 17
3 10 381
10 3 381
3 33 31
33 3 31
3 12 988
12 3 988
3 33 185
33 3 185
3 54 447
54 3 447
3 94 590
94 3 590
3 30 179
30 3 179
3 30 359
30 3 359
3 66 146
66 3 146
3 75 515
75 3 515
3 61 645
61 3 645
3 61 203
61 3 203
3 85 479
85 3 479
3 27 235
27 3 235
3 82 351
82 3 351
3 63 174
63 3 174
3 76 478
76 3 478
3 31 38
31 3 38
3 63 993
63 3 993
3 94 299
94 3 299
3 21 577
21 3 577
3 60 496
60 3 496
3 27 381
27 3 381
4 6 210
6 4 210
4 7 358
7 4 358
4 18 381
18 4 381
4 58 216
58 4 216
4 37 192
37 4 192
4 21 389
21 4 389
4 38 479
38 4 479
4 5 17
5 4 17
4 49 308
49 4 308
4 62 848
62 4 848
4 68 627
68 4 627
4 81 524
81 4 524
4 13 627
13 4 627
4 36 138
36 4 138
5 20 702
20 5 702
5 63 273
63 5 273
5 91 459
91 5 459
5 53 428
53 5 428
5 45 841
45 5 841
5 74 73
74 5 73
5 32 393
32 5 393
5 34 953
34 5 953
5 88 159
88 5 159
5 35 578
35 5 578
5 46 903
46 5 903
5 28 225
28 5 225
6 8 979
8 6 979
6 16 856
16 6 856
6 27 151
27 6 151
6 61 45
61 6 45
6 73 436
73 6 436
6 8 522
8 6 522
6 26 366
26 6 366
6 39 969
39 6 969
6 36 659
36 6 659
6 13 636
13 6 636
6 59 151
59 6 151
6 20 209
20 6 209
6 64 148
64 6 148
7 11 36
11 7 36
7 18 147
18 7 147
7 78 874
78 7 874
7 28 954
28 7 954
7 35 359
35 7 359
7 45 205
45 7 205
7 51 512
51 7 512
7 46 457
46 7 457
7 23 737
23 7 737
7 15 752
15 7 752
7 87 629
87 7 629
8 25 479
25 8 479
8 35 867
35 8 867
8 74 62
74 8 62
8 26 422
26 8 422
8 84 991
84 8 991
8 63 229
63 8 229
8 35 7
35 8 7
8 22 960
22 8 960
8 12 809
12 8 809
8 10 680
10 8 680
8 13 337
13 8 337
8 41 253
41 8 253
8 70 933
70 8 933
9 22 364
22 9 364
9 70 542
70 9 542
9 83 966
83 9 966
9 49 248
49 9 248
9 44 873
44 9 873
9 16 652
16 9 652
9 12 574
12 9 574
9 65 44
65 9 44
9 85 688
85 9 688
9 10 71
10 9 71
9 69 169
69 9 169
9 28 907
28 9 907
9 30 439
30 9 439
10 14 900
14 10 900
10 28 716
28 10 716
10 71 471
71 10 471
10 84 664
84 10 664
10 89 74
89 10 74
10 70 873
70 10 873
10 75 671
75 10 671
10 37 786
37 10 786
10 71 92
71 10 92
10 16 550
16 10 550
10 70 291
70 10 291
10 61 607
61 10 607
10 12 698
12 10 698
10 74 690
74 10 690
10 17 513
17 10 513
10 81 561
81 10 561
10 96 256
96 10 256
10 73 374
73 10 374
10 49 484
49 10 484
10 77 317
77 10 317
10 88 581
88 10 581
10 29 49
29 10 49
11 42 511
42 11 511
11 45 893
45 11 893
11 37 749
37 11 749
11 48 882
48 11 882
11 79 668
79 11 668
11 78 214
78 11 214
11 45 673
45 11 673
11 14 730
14 11 730
11 33 799
33 11 799
11 79 623
79 11 623
11 37 651
37 11 651
11 22 502
22 11 502
11 76 709
76 11 709
11 34 863
34 11 863
11 44 914
44 11 914
11 20 609
20 11 609
12 30 348
30 12 348
12 17 74
17 12 74
12 29 36
29 12 36
12 77 851
77 12 851
12 29 362
29 12 362
12 94 569
94 12 569
12 90 584
90 12 584
12 68 608
68 12 608
12 34 371
34 12 371
12 77 361
77 12 361
12 18 920
18 12 920
12 65 325
65 12 325
13 31 339
31 13 339
13 53 480
53 13 480
13 27 39
27 13 39
13 45 742
45 13 742
13 94 401
94 13 401
13 81 721
81 13 721
13 90 85
90 13 85
13 65 954
65 13 954
13 97 394
97 13 394
13 75 480
75 13 480
13 57 9
57 13 9
13 84 122
84 13 122
13 64 57
64 13 57
13 32 842
32 13 842
13 67 191
67 13 191
14 21 655
21 14 655
14 24 865
24 14 865
14 49 769
49 14 769
14 22 757
22 14 757
14 26 956
26 14 956
14 84 906
84 14 906
14 71 468
71 14 468
14 95 552
95 14 552
14 50 200
50 14 200
15 55 882
55 15 882
15 61 963
61 15 963
15 41 712
41 15 712
15 82 261
82 15 261
15 57 450
57 15 450
15 87 1000
87 15 1000
15 18 16
18 15 16
15 80 222
80 15 222
15 77 617
77 15 617
15 68 1
68 15 1
15 68 750
68 15 750
15 44 863
44 15 863
15 61 764
61 15 764
15 60 32
60 15 32
15 51 513
51 15 513
15 18 931
18 15 931
16 17 839
17 16 839
16 37 78
37 16 78
16 82 131
82 16 131
16 80 239
80 16 239
16 43 849
43 16 849
16 38 662
38 16 662
16 73 841
73 16 841
16 69 350
69 16 350
16 38 805
38 16 805
16 91 408
91 16 408
16 27 533
27 16 533
16 62 274
62 16 274
16 73 67
73 16 67
16 62 904
62 16 904
17 19 315
19 17 315
17 28 554
28 17 554
17 76 468
76 17 468
17 44 840
44 17 840
17 57 878
57 17 878
17 94 303
94 17 303
17 53 107
53 17 107
17 21 389
21 17 389
17 54 5
54 17 5
17 19 620
19 17 620
17 60 955
60 17 955
17 25 573
25 17 573
18 54 958
54 18 958
18 93 194
93 18 194
18 83 872
83 18 872
18 56 568
56 18 568
18 25 6
25 18 6
18 23 560
23 18 560
18 49 365
49 18 365
18 28 108
28 18 108
18 90 978
90 18 978
18 86 408
86 18 408
18 77 413
77 18 413
18 77 434
77 18 434
19 37 586
37 19 586
19 53 445
53 19 445
19 44 280
44 19 280
19 81 724
81 19 724
19 60 856
60 19 856
19 32 570
32 19 570
19 90 584
90 19 584
19 91 992
91 19 992
19 33 803
33 19 803
19 96 467
96 19 467
19 87 731
87 19 731
19 54 552
54 19 552
19 79 74
79 19 74
19 51 808
51 19 808
19 90 345
90 19 345
20 73 644
73 20 644
20 33 559
33 20 559
20 62 539
62 20 539
20 93 486
93 20 486
20 86 718
86 20 718
20 69 718
69 20 718
20 85 627
85 20 627
20 45 618
45 20 618
20 46 755
46 20 755
20 36 632
36 20 632
20 35 184
35 20 184
20 38 937
38 20 937
20 32 533
32 20 533
20 28 844
28 20 844
21 23 834
23 21 834
21 56 129
56 21 129
21 75 897
75 21 897
21 80 176
80 21 176
21 72 432
72 21 432
21 66 566
66 21 566
21 81 149
81 21 149
21 40 892
40 21 892
21 47 95
47 21 95
21 52 287
52 21 287
21 77 151
77 21 151
21 30 197
30 21 197
22 29 828
29 22 828
22 90 304
90 22 304
22 42 86
42 22 86
22 34 337
34 22 337
22 83 569
83 22 569
22 74 87
74 22 87
22 42 694
42 22 694
22 35 696
35 22 696
22 41 965
41 22 965
22 32 961
32 22 961
22 60 534
60 22 534
22 81 693
81 22 693
22 70 10
70 22 10
22 32 642
32 22 642
22 27 191
27 22 191
22 48 799
48 22 799
23 79 798
79 23 798
23 37 717
37 23 717
23 39 268
39 23 268
23 76 685
76 23 685
23 82 801
82 23 801
23 76 535
76 23 535
23 34 930
34 23 930
23 92 700
92 23 700
23 74 894
74 23 894
24 50 306
50 24 306
24 67 574
67 24 574
24 27 739
27 24 739
24 44 296
44 24 296
24 41 489
41 24 489
24 39 213
39 24 213
24 80 124
80 24 124
24 50 335
50 24 335
24 60 696
60 24 696
24 68 528
68 24 528
24 88 488
88 24 488
24 74 882
74 24 882
24 73 421
73 24 421
24 48 972
48 24 972
24 39 709
39 24 709
24 25 802
25 24 802
24 47 975
47 24 975
25 32 421
32 25 421
25 48 668
48 25 668
25 91 984
91 25 984
25 58 539
58 25 539
25 90 500
90 25 500
25 93 77
93 25 77
25 31 805
31 25 805
25 88 977
88 25 977
25 82 847
82 25 847
25 80 106
80 25 106
25 83 9
83 25 9
26 52 205
52 26 205
26 76 235
76 26 235
26 91 650
91 26 650
26 50 29
50 26 29
26 70 518
70 26 518
26 67 601
67 26 601
26 90 939
90 26 939
26 35 746
35 26 746
26 84 399
84 26 399
26 63 749
63 26 749
26 81 307
81 26 307
27 36 779
36 27 779
27 77 714
77 27 714
27 65 650
65 27 650
27 80 997
80 27 997
27 94 649
94 27 649
27 91 445
91 27 445
27 38 486
38 27 486
27 97 564
97 27 564
27 34 24
34 27 24
27 64 79
64 27 79
28 57 62
57 28 62
28 62 491
62 28 491
28 31 303
31 28 303
28 31 443
31 28 443
29 34 936
34 29 936
29 33 324
33 29 324
29 73 646
73 29 646
29 69 727
69 29 727
29 48 283
48 29 283
29 43 928
43 29 928
29 82 915
82 29 915
29 38 919
38 29 919
29 56 920
56 29 920
30 38 506
38 30 506
30 44 383
44 30 383
30 72 24
72 30 24
30 68 87
68 30 87
30 81 576
81 30 576
30 40 138
40 30 138
30 70 647
70 30 647
31 39 476
39 31 476
31 41 389
41 31 389
31 60 736
60 31 736
31 72 5
72 31 5
31 72 393
72 31 393
31 39 785
39 31 785
31 37 458
37 31 458
31 39 428
39 31 428
31 49 80
49 31 80
32 40 610
40 32 610
32 47 998
47 32 998
32 95 811
95 32 811
32 38 357
38 32 357
32 76 164
76 32 164
32 64 888
64 32 888
32 72 71
72 32 71
32 86 673
86 32 673
32 60 755
60 32 755
32 51 248
51 32 248
33 86 73
86 33 73
33 42 560
42 33 560
33 69 631
69 33 631
33 68 224
68 33 224
33 35 313
35 33 313
33 38 219
38 33 219
33 68 408
68 33 408
33 66 892
66 33 892
33 85 970
85 33 970
34 43 441
43 34 441
34 65 519
65 34 519
34 82 801
82 34 801
34 38 414
38 34 414
34 86 346
86 34 346
34 68 450
68 34 450
34 80 974
80 34 974
34 62 814
62 34 814
34 47 761
47 34 761
34 38 495
38 34 495
34 52 678
52 34 678
34 47 344
47 34 344
35 51 710
51 35 710
35 86 216
86 35 216
35 96 75
96 35 75
35 83 845
83 35 845
35 88 494
88 35 494
35 93 798
93 35 798
35 60 923
60 35 923
35 80 32
80 35 32
35 93 529
93 35 529
35 61 314
61 35 314
36 91 945
91 36 945
36 95 908
95 36 908
36 73 595
73 36 595
36 50 964
50 36 964
36 40 289
40 36 289
36 50 233
50 36 233
36 97 272
97 36 272
36 66 265
66 36 265
36 73 676
73 36 676
36 49 836
49 36 836
36 65 919
65 36 919
37 88 532
88 37 532
37 54 541
54 37 541
37 46 915
46 37 915
37 71 823
71 37 823
37 52 524
52 37 524
38 48 496
48 38 496
38 78 563
78 38 563
38 92 186
92 38 186
38 64 48
64 38 48
38 94 819
94 38 819
39 46 907
46 39 907
39 55 493
55 39 493
39 70 188
70 39 188
39 88 869
88 39 869
39 78 218
78 39 218
39 53 956
53 39 956
39 97 242
97 39 242
39 57 499
57 39 499
39 69 38
69 39 38
39 68 313
68 39 313
39 76 889
76 39 889
39 92 15
92 39 15
39 44 476
44 39 476
39 80 960
80 39 960
39 60 912
60 39 912
39 62 874
62 39 874
39 43 813
43 39 813
39 53 122
53 39 122
39 50 130
50 39 130
40 44 598
44 40 598
40 56 63
56 40 63
40 97 203
97 40 203
40 69 529
69 40 529
40 81 730
81 40 730
40 58 130
58 40 130
40 76 132
76 40 132
40 91 635
91 40 635
41 79 952
79 41 952
41 97 658
97 41 658
41 92 177
92 41 177
41 96 574
96 41 574
41 42 90
42 41 90
41 62 718
62 41 718
41 76 966
76 41 966
41 83 181
83 41 181
42 67 661
67 42 661
42 78 28
78 42 28
42 95 665
95 42 665
42 46 503
46 42 503
42 75 371
75 42 371
42 82 71
82 42 71
42 95 624
95 42 624
43 57 25
57 43 25
43 49 784
49 43 784
43 76 806
76 43 806
43 85 367
85 43 367
43 91 293
91 43 293
43 69 813
69 43 813
43 58 506
58 43 506
44 74 250
74 44 250
44 92 739
92 44 739
45 64 320
64 45 320
45 80 863
80 45 863
45 45 241
45 45 241
45 72 577
72 45 577
45 47 416
47 45 416
45 75 473
75 45 473
45 54 729
54 45 729
45 78 797
78 45 797
45 61 21
61 45 21
45 63 806
63 45 806
45 73 375
73 45 375
45 47 626
47 45 626
45 52 888
52 45 888
45 93 884
93 45 884
46 57 263
57 46 263
46 88 865
88 46 865
46 59 921
59 46 921
46 55 1000
55 46 1000
46 57 360
57 46 360
46 87 8
87 46 8
46 48 418
48 46 418
47 51 363
51 47 363
47 71 769
71 47 769
47 53 375
53 47 375
47 68 888
68 47 888
47 80 599
80 47 599
47 60 310
60 47 310
48 49 889
49 48 889
48 62 913
62 48 913
48 57 748
57 48 748
48 48 855
48 48 855
48 79 644
79 48 644
48 96 746
96 48 746
48 95 906
95 48 906
49 73 793
73 49 793
49 54 457
54 49 457
50 92 932
92 50 932
50 91 371
91 50 371
50 73 849
73 50 849
50 82 317
82 50 317
50 96 623
96 50 623
50 80 654
80 50 654
50 97 476
97 50 476
51 55 627
55 51 627
51 59 778
59 51 778
51 72 532
72 51 532
51 70 543
70 51 543
51 74 804
74 51 804
51 81 506
81 51 506
52 58 607
58 52 607
52 66 613
66 52 613
52 75 38
75 52 38
52 91 481
91 52 481
52 93 858
93 52 858
52 83 525
83 52 525
52 91 527
91 52 527
53 75 402
75 53 402
53 57 804
57 53 804
53 85 364
85 53 364
54 73 76
73 54 76
54 97 166
97 54 166
54 67 104
67 54 104
54 88 933
88 54 933
54 58 274
58 54 274
54 86 197
86 54 197
55 73 299
73 55 299
55 74 714
74 55 714
55 96 354
96 55 354
55 90 748
90 55 748
55 60 130
60 55 130
55 93 827
93 55 827
55 94 837
94 55 837
55 82 462
82 55 462
55 82 708
82 55 708
55 55 322
55 55 322
56 77 805
77 56 805
57 77 503
77 57 503
57 92 796
92 57 796
57 70 721
70 57 721
57 84 794
84 57 794
57 82 476
82 57 476
58 59 710
59 58 710
58 62 155
62 58 155
58 68 47
68 58 47
58 80 607
80 58 607
58 87 205
87 58 205
58 78 217
78 58 217
58 91 268
91 58 268
58 60 937
60 58 937
59 97 414
97 59 414
59 89 596
89 59 596
59 77 757
77 59 757
59 82 744
82 59 744
59 82 440
82 59 440
59 76 144
76 59 144
59 81 998
81 59 998
59 94 848
94 59 848
59 64 725
64 59 725
60 61 672
61 60 672
60 67 160
67 60 160
61 65 464
65 61 464
61 67 410
67 61 410
61 94 938
94 61 938
61 80 804
80 61 804
62 73 804
73 62 804
62 80 925
80 62 925
62 84 825
84 62 825
63 76 876
76 63 876
63 95 338
95 63 338
64 67 453
67 64 453
64 85 863
85 64 863
64 66 852
66 64 852
64 71 26
71 64 26
65 68 673
68 65 673
65 72 633
72 65 633
65 78 967
78 65 967
65 85 429
85 65 429
65 68 537
68 65 537
65 78 219
78 65 219
66 78 906
78 66 906
66 96 307
96 66 307
66 86 682
86 66 682
67 90 959
90 67 959
67 91 899
91 67 899
67 84 254
84 67 254
67 85 568
85 67 568
67 96 150
96 67 150
67 93 87
93 67 87
68 93 770
93 68 770
68 82 741
82 68 741
68 90 468
90 68 468
69 89 200
89 69 200
69 69 860
69 69 860
69 85 105
85 69 105
70 96 396
96 70 396
70 79 773
79 70 773
70 75 388
75 70 388
70 75 323
75 70 323
71 82 779
82 71 779
71 74 674
74 71 674
71 73 990
73 71 990
71 95 869
95 71 869
71 87 468
87 71 468
72 83 795
83 72 795
72 89 140
89 72 140
72 83 425
83 72 425
72 89 391
89 72 391
73 84 127
84 73 127
73 83 995
83 73 995
73 91 867
91 73 867
74 81 266
81 74 266
74 80 354
80 74 354
74 95 877
95 74 877
74 88 635
88 74 635
74 89 220
89 74 220
74 96 700
96 74 700
74 94 349
94 74 349
75 76 446
76 75 446
75 76 238
76 75 238
75 78 62
78 75 62
75 85 319
85 75 319
75 86 40
86 75 40
76 86 199
86 76 199
76 89 616
89 76 616
76 79 507
79 76 507
77 84 596
84 77 596
77 86 660
86 77 660
77 91 225
91 77 225
78 78 894
78 78 894
78 81 8
81 78 8
79 94 799
94 79 799
79 97 184
97 79 184
80 85 243
85 80 243
80 91 61
91 80 61
80 84 744
84 80 744
81 91 967
91 81 967
82 89 552
89 82 552
82 95 229
95 82 229
84 95 220
95 84 220
85 90 451
90 85 451
85 96 79
96 85 79
86 94 682
94 86 682
86 88 714
88 86 714
86 88 735
88 86 735
86 93 134
93 86 134
87 91 99
91 87 99
87 89 196
89 87 196
88 96 296
96 88 296
88 93 576
93 88 576
90 93 990
93 90 990
90 94 616
94 90 616
90 93 394
93 90 394
91 94 588
94 91 588
91 92 162
92 91 162
92 95 201
95 92 201
96 97 449
97 96 449
