52

0 1 743
1 0 743
0 3 266
3 0 266
0 4 225
4 0 225
0 41 458
41 0 458
0 50 280
50 0 280
0 42 47
42 0 47
0 1 132
1 0 132
0 50 588
50 0 588
0 23 812
23 0 812
0 40 249
40 0 249
0 24 148
24 0 148
1 2 473
2 1 473
1 8 228
8 1 228
1 23 480
23 1 480
1 45 759
45 1 759
1 51 350
51 1 350
1 38 430
38 1 430
1 50 937
50 1 937
1 28 449
28 1 449
1 14 300
14 1 300
1 26 771
26 1 771
1 15 857
15 1 857
1 27 55
27 1 55
1 45 606
45 1 606
1 11 61
11 1 61
1 20 705
20 1 705
2 16 699
16 2 699
2 30 932
30 2 932
2 13 765
13 2 765
2 46 897
46 2 897
2 40 828
40 2 828
2 15 530
15 2 530
2 21 652
21 2 652
2 21 46
21 2 46
2 20 83
20 2 83
3 5 36
5 3 36
3 6 264
6 3 264
3 9 588
9 3 588
3 10 76
10 3 76
3 41 640
41 3 640
3 38 649
38 3 649
3 22 416
22 3 416
4 7 227
7 4 227
4 34 455
34 4 455
4 46 79
46 4 79
4 31 278
31 4 278
4 34 91
34 4 91
4 17 178
17 4 178
4 22 128
22 4 128
4 49 669
49 4 669
4 5 459
5 4 459
5 25 278
25 5 278
5 32 643
32 5 643
5 47 176
47 5 176
5 34 737
34 5 737
5 22 181
22 5 181
5 21 673
21 5 673
5 38 319
38 5 319
5 37 440
37 5 440
5 11 605
11 5 605
5 48 993
48 5 993
5 20 763
20 5 763
5 40 595
40 5 595
5 5 826
5 5 826
6 21 376
21 6 376
6 31 603
31 6 603
6 47 805
47 6 805
6 18 38
18 6 38
6 12 365
12 6 365
6 30 721
30 6 721
6 34 503
34 6 503
6 47 967
47 6 967
6 48 289
48 6 289
6 28 28
28 6 28
6 22 320
22 6 320
6 30 824
30 6 824
6 15 522
15 6 522
7 11 64
11 7 64
7 20 858
20 7 858
7 33 288
33 7 288
7 35 948
35 7 948
7 8 615
8 7 615
7 20 216
20 7 216
7 8 843
8 7 843
7 31 729
31 7 729
7 47 807
47 7 807
7 10 456
10 7 456
8 26 440
26 8 440
8 42 122
42 8 122
8 22 740
22 8 740
8 32 599
32 8 599
8 46 771
46 8 771
8 31 455
31 8 455
8 26 885
26 8 885
9 13 556
13 9 556
9 15 486
15 9 486
9 29 832
29 9 832
9 28 310
28 9 310
9 26 617
26 9 617
9 36 162
36 9 162
9 16 278
16 9 278
10 12 8
12 10 8
10 14 845
14 10 845
10 31 894
31 10 894
10 34 369
34 10 369
10 26 301
26 10 301
10 49 822
49 10 822
10 42 544
42 10 544
10 21 600
21 10 600
10 27 799
27 10 799
10 11 594
11 10 594
11 25 467
25 11 467
11 20 293
20 11 293
11 15 428
15 11 428
11 31 381
31 11 381
11 47 399
47 11 399
12 18 427
18 12 427
12 28 840
28 12 840
12 44 441
44 12 441
12 48 653
48 12 653
12 26 491
26 12 491
12 47 527
47 12 527
12 35 989
35 12 989
12 50 686
50 12 686
12 21 348
21 12 348
12 16 714
16 12 714
12 22 414
22 12 414
13 37 534
37 13 534
13 17 528
17 13 528
13 40 441
40 13 441
13 34 456
34 13 456
13 17 401
17 13 401
13 38 174
38 13 174
13 31 315
31 13 315
13 19 795
19 13 795
14 19 217
19 14 217
14 49 90
49 14 90
14 41 457
41 14 457
14 34 951
34 14 951
14 39 443
39 14 443
14 40 877
40 14 877
14 47 205
47 14 205
14 24 656
24 14 656
15 17 830
17 15 830
15 27 672
27 15 672
15 34 719
34 15 719
15 50 930
50 15 930
15 19 276
19 15 276
15 38 237
38 15 237
15 28 817
28 15 817
15 21 128
21 15 128
15 46 731
46 15 731
15 37 589
37 15 589
16 22 718
22 16 718
16 24 970
24 16 970
16 25 416
25 16 416
16 38 594
38 16 594
16 33 261
33 16 261
16 39 538
39 16 538
16 29 389
29 16 389
17 33 335
33 17 335
17 43 841
43 17 841
17 24 74
24 17 74
17 30 740
30 17 740
17 49 193
49 17 193
17 25 830
25 17 830
18 27 429
27 18 429
19 21 203
21 19 203
19 38 823
38 19 823
19 39 467
39 19 467
19 22 795
22 19 795
19 28 128
28 19 128
20 33 392
33 20 392
20 47 331
47 20 331
20 37 458
37 20 458
20 28 759
28 20 759
21 38 564
38 21 564
21 49 95
49 21 95
21 26 171
26 21 171
21 36 346
36 21 346
21 32 896
32 21 896
21 44 552
44 21 552
21 49 227
49 21 227
21 29 753
29 21 753
21 24 519
24 21 519
22 51 824
51 22 824
22 36 643
36 22 643
22 31 96
31 22 96
22 47 476
47 22 476
22 29 721
29 22 721
23 34 504
34 23 504
23 50 317
50 23 317
23 24 417
24 23 417
23 25 77
25 23 77
23 49 560
49 23 560
23 46 157
46 23 157
24 46 264
46 24 264
24 26 674
26 24 674
24 29 688
29 24 688
24 46 538
46 24 538
25 43 19
43 25 19
25 49 599
49 25 599
25 25 591
25 25 591
25 40 927
40 25 927
26 40 180
40 26 180
26 48 996
48 26 996
26 28 120
28 26 120
26 34 534
34 26 534
26 27 242
27 26 242
27 44 993
44 27 993
27 41 980
41 27 980
27 41 610
41 27 610
27 36 203
36 27 203
27 37 787
37 27 787
27 33 70
33 27 70
28 50 441
50 28 441
28 43 346
43 28 346
29 50 40
50 29 40
31 35 244
35 31 244
31 44 682
44 31 682
31 34 692
34 31 692
31 50 261
50 31 261
31 39 449
39 31 449
31 41 888
41 31 888
32 47 922
47 32 922
32 44 857
44 32 857
32 36 608
36 32 608
32 38 201
38 32 201
32 37 314
37 32 314
33 38 305
38 33 305
33 44 580
44 33 580
33 38 18
38 33 18
33 47 292
47 33 292
33 45 823
45 33 823
33 51 893
51 33 893
34 35 714
35 34 714
34 36 874
36 34 874
34 42 102
42 34 102
34 44 868
44 34 868
35 41 203
41 35 203
35 51 759
51 35 759
35 39 167
39 35 167
35 47 288
47 35 288
35 36 953
36 35 953
36 36 7
36 36 7
38 39 282
39 38 282
38 44 229
44 38 229
39 43 667
43 39 667
39 51 502
51 39 502
40 42 428
42 40 428
40 49 59
49 40 59
43 45 765
45 43 765
43 49 485
49 43 485
44 45 702
45 44 702
44 49 554
49 44 554
45 50 559
50 45 559
46 48 374
48 46 374
47 48 447
48 47 447
