71

0 1 25
1 0 25
0 2 741
2 0 741
0 8 342
8 0 342
0 24 600
24 0 600
0 31 131
31 0 131
0 62 547
62 0 547
0 48 686
48 0 686
0 41 829
41 0 829
0 48 730
48 0 730
1 3 746
3 1 746
1 11 332
11 1 332
1 39 25
39 1 25
1 48 917
48 1 917
1 9 277
9 1 277
2 4 828
4 2 828
2 5 155
5 2 155
2 10 807
10 2 807
2 27 868
27 2 868
2 15 157
15 2 157
3 6 437
6 3 437
3 14 870
14 3 870
3 56 525
56 3 525
3 50 358
50 3 358
3 60 720
60 3 720
3 70 124
70 3 124
4 7 33
7 4 33
4 15 806
15 4 806
4 20 50
20 4 50
4 23 886
23 4 886
4 68 354
68 4 354
4 61 804
61 4 804
4 30 662
30 4 662
5 13 334
13 5 334
5 63 53
63 5 53
5 44 80
44 5 80
6 12 452
12 6 452
6 42 627
42 6 627
6 9 62
9 6 62
6 50 62
50 6 62
7 49 231
49 7 231
7 24 12
24 7 12
7 35 814
35 7 814
7 62 555
62 7 555
7 57 225
57 7 225
8 9 325
9 8 325
8 16 497
16 8 497
8 17 350
17 8 350
8 21 353
21 8 353
8 9 273
9 8 273
9 22 85
22 9 85
9 35 930
35 9 930
9 41 915
41 9 915
10 25 331
25 10 331
10 26 702
26 10 702
10 30 861
30 10 861
10 53 925
53 10 925
10 67 480
67 10 480
10 48 740
48 10 740
10 20 121
20 10 121
10 28 996
28 10 996
11 32 379
32 11 379
11 63 183
63 11 183
11 14 37
14 11 37
11 46 83
46 11 83
11 50 33
50 11 33
12 28 458
28 12 458
12 55 561
55 12 561
12 21 994
21 12 994
13 19 569
19 13 569
13 36 579
36 13 579
14 18 764
18 14 764
14 33 9
33 14 9
14 38 553
38 14 553
14 43 234
43 14 234
14 63 879
63 14 879
14 25 814
25 14 814
14 67 421
67 14 421
14 55 499
55 14 499
15 66 156
66 15 156
15 16 416
16 15 416
15 24 902
24 15 902
15 65 19
65 15 19
15 19 689
19 15 689
15 65 478
65 15 478
17 66 121
66 17 121
18 36 558
36 18 558
18 50 755
50 18 755
19 40 1000
40 19 1000
19 26 790
26 19 790
19 43 265
43 19 265
19 61 990
61 19 990
20 62 45
62 20 45
20 65 760
65 20 760
21 27 370
27 21 370
21 44 123
44 21 123
21 43 766
43 21 766
21 27 364
27 21 364
21 33 680
33 21 680
22 60 231
60 22 231
23 54 225
54 23 225
23 61 106
61 23 106
23 56 177
56 23 177
23 64 967
64 23 967
24 34 353
34 24 353
25 29 674
29 25 674
25 29 270
29 25 270
26 66 427
66 26 427
26 63 972
63 26 972
27 47 389
47 27 389
27 69 843
69 27 843
28 54 637
54 28 637
28 44 832
44 28 832
29 46 843
46 29 843
30 45 401
45 30 401
31 50 544
50 31 544
31 57 126
57 31 126
31 54 62
54 31 62
32 44 560
44 32 560
32 66 472
66 32 472
32 45 102
45 32 102
33 46 3
46 33 3
33 63 400
63 33 400
33 61 987
61 33 987
34 45 659
45 34 659
35 66 810
66 35 810
35 52 357
52 35 357
35 42 82
42 35 82
36 37 509
37 36 509
36 66 867
66 36 867
36 70 704
70 36 704
36 53 850
53 36 850
37 63 200
63 37 200
37 41 206
41 37 206
37 39 414
39 37 414
37 46 654
46 37 654
37 66 691
66 37 691
39 59 856
59 39 856
40 59 345
59 40 345
40 49 139
49 40 139
40 63 897
63 40 897
40 63 540
63 40 540
40 56 715
56 40 715
42 52 444
52 42 444
43 58 246
58 43 246
43 64 572
64 43 572
43 56 501
56 43 501
45 62 22
62 45 22
46 50 724
50 46 724
47 62 131
62 47 131
47 52 149
52 47 149
47 52 404
52 47 404
48 50 649
50 48 649
49 51 493
51 49 493
49 60 618
60 49 618
49 66 113
66 49 113
50 52 867
52 50 867
51 53 215
53 51 215
52 65 744
65 52 744
52 68 801
68 52 801
52 60 865
60 52 865
53 56 223
56 53 223
54 57 191
57 54 191
54 64 730
64 54 730
59 60 401
60 59 401
61 67 577
67 61 577
64 70 854
70 64 854
