92

0 1 16
1 0 16
0 2 221
2 0 221
0 3 376
3 0 376
0 9 384
9 0 384
0 10 322
10 0 322
0 14 539
14 0 539
0 60 382
60 0 382
0 28 928
28 0 928
0 45 370
45 0 370
0 68 444
68 0 444
0 55 198
55 0 198
0 34 694
34 0 694
0 20 809
20 0 809
0 87 124
87 0 124
0 41 592
41 0 592
0 0 637
0 0 637
0 75 294
75 0 294
0 13 901
13 0 901
0 37 621
37 0 621
0 23 76
23 0 76
1 5 28
5 1 28
1 6 943
6 1 943
1 12 77
12 1 77
1 30 567
30 1 567
1 49 541
49 1 541
1 14 786
14 1 786
1 29 247
29 1 247
1 33 431
33 1 431
1 15 797
15 1 797
1 55 870
55 1 870
2 8 451
8 2 451
2 15 109
15 2 109
2 43 231
43 2 231
2 76 347
76 2 347
2 68 921
68 2 921
2 56 412
56 2 412
2 13 254
13 2 254
2 12 310
12 2 310
2 52 573
52 2 573
2 84 93
84 2 93
2 59 688
59 2 688
2 68 105
68 2 105
2 43 994
43 2 994
3 4 669
4 3 669
3 78 868
78 3 868
3 42 127
42 3 127
3 86 360
86 3 360
3 24 968
24 3 968
3 26 908
26 3 908
4 19 706
19 4 706
4 26 62
26 4 62
4 46 562
46 4 562
4 52 747
52 4 747
4 64 502
64 4 502
4 80 201
80 4 201
4 70 193
70 4 193
4 19 875
19 4 875
4 47 174
47 4 174
4 50 106
50 4 106
4 15 349
15 4 349
4 6 988
6 4 988
4 13 494
13 4 494
4 75 437
75 4 437
4 59 689
59 4 689
4 24 283
24 4 283
4 59 423
59 4 423
4 36 590
36 4 590
4 66 613
66 4 613
4 31 692
31 4 692
4 39 283
39 4 283
4 55 489
55 4 489
4 83 978
83 4 978
4 78 839
78 4 839
4 85 835
85 4 835
5 7 296
7 5 296
5 23 873
23 5 873
5 45 502
45 5 502
5 48 228
48 5 228
5 51 224
51 5 224
5 61 807
61 5 807
5 44 467
44 5 467
5 85 657
85 5 657
5 86 921
86 5 921
5 79 582
79 5 582
5 31 435
31 5 435
5 83 165
83 5 165
5 88 743
88 5 743
5 88 947
88 5 947
5 43 148
43 5 148
5 50 552
50 5 552
5 17 975
17 5 975
5 38 763
38 5 763
5 12 181
12 5 181
5 13 200
13 5 200
5 73 44
73 5 44
6 21 136
21 6 136
6 44 724
44 6 724
6 66 262
66 6 262
6 61 511
61 6 511
6 85 564
85 6 564
6 28 212
28 6 212
6 82 160
82 6 160
6 43 519
43 6 519
6 60 425
60 6 425
6 63 802
63 6 802
6 7 791
7 6 791
6 86 655
86 6 655
6 63 910
63 6 910
6 77 921
77 6 921
6 36 425
36 6 425
6 35 57
35 6 57
6 7 391
7 6 391
6 13 771
13 6 771
7 62 673
62 7 673
7 24 262
24 7 262
7 28 802
28 7 802
7 77 388
77 7 388
7 20 453
20 7 453
7 81 640
81 7 640
7 88 995
88 7 995
7 74 593
74 7 593
7 87 353
87 7 353
7 33 671
33 7 671
7 40 818
40 7 818
7 13 679
13 7 679
7 12 203
12 7 203
7 64 302
64 7 302
7 77 992
77 7 992
7 40 712
40 7 712
7 13 693
13 7 693
7 14 815
14 7 815
7 85 342
85 7 342
8 11 167
11 8 167
8 54 504
54 8 504
8 83 473
83 8 473
8 80 942
80 8 942
8 64 910
64 8 910
8 71 71
71 8 71
8 87 707
87 8 707
8 24 167
24 8 167
8 12 653
12 8 653
8 19 657
19 8 657
8 58 17
58 8 17
8 76 213
76 8 213
8 24 614
24 8 614
8 46 274
46 8 274
8 23 842
23 8 842
8 90 77
90 8 77
8 22 383
22 8 383
9 13 578
13 9 578
9 25 461
25 9 461
9 67 785
67 9 785
9 32 371
32 9 371
9 34 410
34 9 410
9 32 497
32 9 497
9 71 598
71 9 598
9 13 856
13 9 856
9 52 485
52 9 485
9 38 336
38 9 336
9 15 848
15 9 848
9 85 268
85 9 268
9 13 955
13 9 955
9 31 216
31 9 216
9 33 895
33 9 895
9 89 712
89 9 712
9 13 933
13 9 933
9 62 703
62 9 703
10 16 40
16 10 40
10 35 897
35 10 897
10 64 231
64 10 231
10 14 975
14 10 975
10 27 118
27 10 118
10 49 485
49 10 485
10 37 265
37 10 265
10 54 21
54 10 21
10 69 740
69 10 740
10 61 871
61 10 871
10 33 553
33 10 553
10 48 582
48 10 582
10 70 412
70 10 412
10 68 738
68 10 738
10 53 433
53 10 433
10 37 352
37 10 352
10 23 784
23 10 784
10 10 456
10 10 456
11 17 849
17 11 849
11 83 749
83 11 749
11 40 830
40 11 830
11 65 47
65 11 47
11 78 950
78 11 950
11 81 820
81 11 820
11 67 324
67 11 324
11 53 460
53 11 460
11 39 545
39 11 545
11 61 84
61 11 84
12 18 499
18 12 499
12 32 335
32 12 335
12 34 662
34 12 662
12 85 567
85 12 567
12 69 860
69 12 860
12 44 805
44 12 805
12 37 788
37 12 788
12 19 172
19 12 172
12 61 995
61 12 995
12 22 696
22 12 696
12 64 664
64 12 664
12 65 310
65 12 310
12 50 217
50 12 217
12 72 342
72 12 342
12 41 386
41 12 386
12 83 505
83 12 505
13 82 84
82 13 84
13 44 458
44 13 458
13 44 730
44 13 730
13 20 709
20 13 709
13 70 230
70 13 230
13 24 130
24 13 130
13 33 398
33 13 398
13 36 159
36 13 159
13 22 515
22 13 515
14 20 528
20 14 528
14 49 721
49 14 721
14 46 429
46 14 429
14 21 103
21 14 103
14 27 469
27 14 469
14 78 923
78 14 923
14 38 684
38 14 684
14 87 804
87 14 804
14 48 708
48 14 708
14 34 38
34 14 38
14 26 884
26 14 884
14 60 370
60 14 370
15 59 500
59 15 500
15 66 863
66 15 863
15 15 788
15 15 788
15 62 485
62 15 485
15 62 939
62 15 939
15 61 502
61 15 502
15 30 70
30 15 70
15 68 677
68 15 677
15 71 421
71 15 421
15 73 621
73 15 621
15 57 565
57 15 565
15 67 536
67 15 536
15 33 992
33 15 992
15 28 173
28 15 173
15 40 179
40 15 179
15 86 486
86 15 486
15 67 966
67 15 966
15 60 245
60 15 245
15 56 906
56 15 906
15 20 629
20 15 629
15 59 397
59 15 397
15 18 178
18 15 178
15 18 517
18 15 517
15 78 309
78 15 309
16 44 481
44 16 481
16 52 839
52 16 839
16 31 548
31 16 548
16 37 76
37 16 76
16 20 724
20 16 724
16 52 171
52 16 171
16 19 661
19 16 661
16 76 214
76 16 214
16 67 996
67 16 996
16 39 635
39 16 635
16 47 63
47 16 63
16 87 813
87 16 813
16 28 851
28 16 851
16 26 462
26 16 462
16 72 66
72 16 66
16 27 167
27 16 167
16 78 331
78 16 331
16 20 175
20 16 175
17 24 140
24 17 140
17 28 861
28 17 861
17 73 864
73 17 864
17 39 753
39 17 753
17 91 937
91 17 937
17 51 461
51 17 461
17 79 910
79 17 910
17 25 333
25 17 333
17 25 200
25 17 200
17 34 224
34 17 224
17 73 296
73 17 296
17 34 276
34 17 276
17 37 987
37 17 987
17 27 462
27 17 462
17 58 464
58 17 464
17 42 458
42 17 458
17 24 26
24 17 26
17 60 686
60 17 686
18 72 294
72 18 294
18 67 583
67 18 583
18 34 39
34 18 39
18 51 506
51 18 506
18 70 981
70 18 981
18 64 27
64 18 27
18 27 517
27 18 517
18 21 877
21 18 877
19 42 266
42 19 266
19 73 736
73 19 736
19 56 139
56 19 139
19 79 183
79 19 183
19 90 684
90 19 684
19 30 34
30 19 34
19 69 246
69 19 246
19 75 168
75 19 168
19 61 927
61 19 927
19 64 751
64 19 751
19 41 933
41 19 933
19 21 461
21 19 461
19 48 644
48 19 644
19 30 799
30 19 799
19 80 180
80 19 180
19 38 95
38 19 95
19 33 164
33 19 164
19 74 353
74 19 353
20 22 328
22 20 328
20 84 588
84 20 588
20 86 769
86 20 769
20 24 633
24 20 633
20 75 548
75 20 548
20 21 560
21 20 560
20 40 11
40 20 11
20 79 52
79 20 52
20 82 10
82 20 10
20 80 632
80 20 632
20 72 184
72 20 184
20 44 694
44 20 694
20 29 999
29 20 999
20 40 882
40 20 882
20 33 74
33 20 74
20 40 594
40 20 594
20 85 929
85 20 929
21 55 309
55 21 309
21 70 839
70 21 839
21 33 562
33 21 562
21 34 406
34 21 406
21 85 190
85 21 190
21 52 536
52 21 536
21 58 188
58 21 188
21 53 264
53 21 264
21 91 424
91 21 424
21 79 626
79 21 626
21 81 26
81 21 26
21 79 728
79 21 728
22 30 731
30 22 731
22 41 29
41 22 29
22 67 8
67 22 8
22 74 687
74 22 687
22 76 529
76 22 529
22 35 783
35 22 783
22 53 235
53 22 235
22 90 287
90 22 287
22 27 152
27 22 152
22 39 886
39 22 886
22 42 67
42 22 67
22 83 681
83 22 681
22 77 526
77 22 526
22 42 450
42 22 450
23 29 328
29 23 328
23 41 315
41 23 315
23 68 478
68 23 478
23 71 497
71 23 497
23 89 279
89 23 279
23 35 1000
35 23 1000
23 77 797
77 23 797
23 36 196
36 23 196
23 30 767
30 23 767
23 40 611
40 23 611
23 46 984
46 23 984
23 25 107
25 23 107
23 50 191
50 23 191
23 87 77
87 23 77
23 80 251
80 23 251
23 30 976
30 23 976
23 57 539
57 23 539
23 53 461
53 23 461
24 27 268
27 24 268
24 36 955
36 24 955
24 38 307
38 24 307
24 87 377
87 24 377
24 91 448
91 24 448
24 69 279
69 24 279
24 33 39
33 24 39
24 59 201
59 24 201
24 68 453
68 24 453
24 74 182
74 24 182
24 71 721
71 24 721
24 44 492
44 24 492
25 47 359
47 25 359
25 50 925
50 25 925
25 30 216
30 25 216
25 42 647
42 25 647
25 73 974
73 25 974
25 78 657
78 25 657
26 31 240
31 26 240
26 33 563
33 26 563
26 51 951
51 26 951
26 89 626
89 26 626
26 53 961
53 26 961
26 29 261
29 26 261
26 71 381
71 26 381
26 47 194
47 26 194
26 75 268
75 26 268
26 63 917
63 26 917
26 76 313
76 26 313
26 83 905
83 26 905
26 87 693
87 26 693
26 31 716
31 26 716
27 59 84
59 27 84
27 30 983
30 27 983
27 90 228
90 27 228
27 89 67
89 27 67
27 53 171
53 27 171
27 48 162
48 27 162
27 31 720
31 27 720
27 36 810
36 27 810
27 59 485
59 27 485
28 39 1000
39 28 1000
28 63 851
63 28 851
28 64 531
64 28 531
28 88 88
88 28 88
28 42 276
42 28 276
28 90 654
90 28 654
28 58 332
58 28 332
28 38 906
38 28 906
28 41 36
41 28 36
28 68 757
68 28 757
28 42 309
42 28 309
28 33 488
33 28 488
28 59 233
59 28 233
28 58 165
58 28 165
29 65 212
65 29 212
29 52 318
52 29 318
29 70 222
70 29 222
29 85 435
85 29 435
29 80 271
80 29 271
29 36 556
36 29 556
29 33 932
33 29 932
29 79 40
79 29 40
29 78 611
78 29 611
29 66 382
66 29 382
30 50 727
50 30 727
30 79 19
79 30 19
30 43 587
43 30 587
30 82 835
82 30 835
30 66 961
66 30 961
30 81 914
81 30 914
30 84 175
84 30 175
30 36 564
36 30 564
30 48 253
48 30 253
30 51 593
51 30 593
31 40 852
40 31 852
31 43 26
43 31 26
31 46 571
46 31 571
31 75 323
75 31 323
31 89 651
89 31 651
31 49 634
49 31 634
31 32 278
32 31 278
31 52 461
52 31 461
31 52 56
52 31 56
31 58 969
58 31 969
31 46 801
46 31 801
31 75 176
75 31 176
31 33 844
33 31 844
31 85 312
85 31 312
31 86 260
86 31 260
31 86 922
86 31 922
32 79 523
79 32 523
32 50 733
50 32 733
32 50 804
50 32 804
32 59 775
59 32 775
32 38 50
38 32 50
32 72 409
72 32 409
32 84 564
84 32 564
32 72 832
72 32 832
32 82 536
82 32 536
32 52 396
52 32 396
33 37 459
37 33 459
33 58 678
58 33 678
33 57 472
57 33 472
33 87 573
87 33 573
33 91 59
91 33 59
33 84 236
84 33 236
33 71 662
71 33 662
33 73 969
73 33 969
33 89 380
89 33 380
33 43 747
43 33 747
33 74 976
74 33 976
34 39 123
39 34 123
34 74 575
74 34 575
34 61 690
61 34 690
34 53 469
53 34 469
35 74 988
74 35 988
35 77 547
77 35 547
35 47 964
47 35 964
35 49 152
49 35 152
35 54 901
54 35 901
35 62 232
62 35 232
36 45 638
45 36 638
36 70 193
70 36 193
36 89 869
89 36 869
36 78 940
78 36 940
36 71 209
71 36 209
36 82 827
82 36 827
36 72 529
72 36 529
36 75 285
75 36 285
37 81 724
81 37 724
37 79 950
79 37 950
37 90 393
90 37 393
37 37 676
37 37 676
37 38 147
38 37 147
37 45 562
45 37 562
37 62 224
62 37 224
37 73 505
73 37 505
37 43 18
43 37 18
37 86 298
86 37 298
38 56 2
56 38 2
38 45 655
45 38 655
38 57 989
57 38 989
38 75 809
75 38 809
38 78 649
78 38 649
38 81 473
81 38 473
38 56 248
56 38 248
38 60 282
60 38 282
38 49 276
49 38 276
38 75 318
75 38 318
39 82 932
82 39 932
39 72 244
72 39 244
39 81 457
81 39 457
39 53 452
53 39 452
39 54 99
54 39 99
39 73 12
73 39 12
39 72 950
72 39 950
39 49 326
49 39 326
40 89 395
89 40 395
40 50 35
50 40 35
40 62 294
62 40 294
40 42 71
42 40 71
40 63 938
63 40 938
41 56 713
56 41 713
41 53 650
53 41 650
41 63 193
63 41 193
41 78 88
78 41 88
41 55 843
55 41 843
41 52 193
52 41 193
41 43 137
43 41 137
41 89 913
89 41 913
41 81 42
81 41 42
41 43 745
43 41 745
41 68 176
68 41 176
42 78 131
78 42 131
42 81 434
81 42 434
42 69 613
69 42 613
42 66 74
66 42 74
42 89 818
89 42 818
42 58 289
58 42 289
42 62 695
62 42 695
42 88 788
88 42 788
43 70 888
70 43 888
43 57 944
57 43 944
43 77 5
77 43 5
43 54 7
54 43 7
43 72 307
72 43 307
43 85 905
85 43 905
44 57 297
57 44 297
44 65 836
65 44 836
44 79 643
79 44 643
44 53 707
53 44 707
44 66 284
66 44 284
44 59 947
59 44 947
44 54 291
54 44 291
44 55 85
55 44 85
44 69 446
69 44 446
45 87 733
87 45 733
45 87 580
87 45 580
45 49 925
49 45 925
45 80 905
80 45 905
45 70 213
70 45 213
45 73 539
73 45 539
45 53 471
53 45 471
45 74 638
74 45 638
46 90 176
90 46 176
46 73 950
73 46 950
46 49 357
49 46 357
46 78 719
78 46 719
46 90 102
90 46 102
46 63 988
63 46 988
46 63 550
63 46 550
46 84 397
84 46 397
47 64 42
64 47 42
47 76 746
76 47 746
47 56 204
56 47 204
47 55 57
55 47 57
47 53 72
53 47 72
47 51 520
51 47 520
48 72 62
72 48 62
48 90 221
90 48 221
48 76 854
76 48 854
48 86 140
86 48 140
48 70 490
70 48 490
48 78 939
78 48 939
48 80 296
80 48 296
48 55 176
55 48 176
48 50 535
50 48 535
49 89 120
89 49 120
49 55 249
55 49 249
49 77 886
77 49 886
49 62 118
62 49 118
49 78 326
78 49 326
49 53 487
53 49 487
49 68 963
68 49 963
50 57 727
57 50 727
50 82 271
82 50 271
50 72 739
72 50 739
50 89 308
89 50 308
50 79 840
79 50 840
50 58 668
58 50 668
50 76 32
76 50 32
50 72 410
72 50 410
50 74 624
74 50 624
51 58 458
58 51 458
51 69 281
69 51 281
51 56 33
56 51 33
51 64 866
64 51 866
51 90 236
90 51 236
52 53 951
53 52 951
52 88 886
88 52 886
52 86 914
86 52 914
52 85 383
85 52 383
52 63 394
63 52 394
52 57 349
57 52 349
53 64 236
64 53 236
53 78 632
78 53 632
53 64 195
64 53 195
53 56 854
56 53 854
53 85 210
85 53 210
54 75 612
75 54 612
54 90 554
90 54 554
54 57 948
57 54 948
54 79 831
79 54 831
55 89 801
89 55 801
55 61 573
61 55 573
55 91 25
91 55 25
56 58 700
58 56 700
56 68 867
68 56 867
56 71 965
71 56 965
56 58 236
58 56 236
56 75 767
75 56 767
56 62 847
62 56 847
57 61 930
61 57 930
57 83 937
83 57 937
57 71 72
71 57 72
57 91 396
91 57 396
58 62 732
62 58 732
58 69 257
69 58 257
58 81 214
81 58 214
58 73 938
73 58 938
58 75 186
75 58 186
58 76 1
76 58 1
58 88 335
88 58 335
59 65 766
65 59 766
59 77 275
77 59 275
59 68 92
68 59 92
59 67 657
67 59 657
59 68 493
68 59 493
59 71 521
71 59 521
59 65 622
65 59 622
59 89 522
89 59 522
60 67 240
67 60 240
60 76 690
76 60 690
60 82 917
82 60 917
60 77 272
77 60 272
60 61 852
61 60 852
61 63 771
63 61 771
61 85 925
85 61 925
61 70 549
70 61 549
61 85 119
85 61 119
61 82 537
82 61 537
62 82 905
82 62 905
62 63 476
63 62 476
62 83 334
83 62 334
62 73 731
73 62 731
62 73 665
73 62 665
62 79 968
79 62 968
63 76 690
76 63 690
63 66 256
66 63 256
63 70 144
70 63 144
63 90 759
90 63 759
63 87 682
87 63 682
63 69 771
69 63 771
63 66 901
66 63 901
64 68 978
68 64 978
64 69 434
69 64 434
65 80 620
80 65 620
65 74 778
74 65 778
65 70 474
70 65 474
65 65 103
65 65 103
66 75 714
75 66 714
66 70 455
70 66 455
66 82 632
82 66 632
66 74 458
74 66 458
66 85 743
85 66 743
66 85 663
85 66 663
67 86 909
86 67 909
67 86 967
86 67 967
67 68 812
68 67 812
67 79 437
79 67 437
67 78 509
78 67 509
67 78 294
78 67 294
68 80 311
80 68 311
68 78 978
78 68 978
68 86 368
86 68 368
69 82 683
82 69 683
71 81 555
81 71 555
71 81 163
81 71 163
72 89 337
89 72 337
72 77 645
77 72 645
72 90 313
90 72 313
72 76 276
76 72 276
72 90 83
90 72 83
72 83 627
83 72 627
73 85 480
85 73 480
73 83 817
83 73 817
73 78 632
78 73 632
74 91 264
91 74 264
74 76 150
76 74 150
74 82 115
82 74 115
75 82 907
82 75 907
75 78 87
78 75 87
75 85 785
85 75 785
75 83 846
83 75 846
75 86 136
86 75 136
75 82 369
82 75 369
75 82 866
82 75 866
76 82 708
82 76 708
76 90 292
90 76 292
77 81 687
81 77 687
77 88 588
88 77 588
77 89 555
89 77 555
77 87 772
87 77 772
78 91 871
91 78 871
78 82 487
82 78 487
78 80 539
80 78 539
79 87 89
87 79 89
79 87 40
87 79 40
80 88 670
88 80 670
80 91 760
91 80 760
80 90 408
90 80 408
81 85 604
85 81 604
81 85 516
85 81 516
81 81 990
81 81 990
81 86 362
86 81 362
82 91 813
91 82 813
86 87 107
87 86 107
86 90 724
90 86 724
86 86 86
86 86 86
87 88 604
88 87 604
89 91 169
91 89 169
90 91 308
91 90 308
