94

0 1 237
1 0 237
0 2 139
2 0 139
0 12 551
12 0 551
0 46 49
46 0 49
0 75 212
75 0 212
1 9 769
9 1 769
1 22 232
22 1 232
1 58 533
58 1 533
1 82 914
82 1 914
2 3 432
3 2 432
2 4 683
4 2 683
2 5 17
5 2 17
2 7 723
7 2 723
2 18 774
18 2 774
2 62 763
62 2 763
2 75 876
75 2 876
3 8 127
8 3 127
3 14 416
14 3 416
3 23 56
23 3 56
3 44 749
44 3 749
4 73 248
73 4 248
4 61 342
61 4 342
5 6 823
6 5 823
5 72 224
72 5 224
5 74 658
74 5 658
6 13 622
13 6 622
6 15 292
15 6 292
6 16 217
16 6 217
6 19 470
19 6 470
6 35 953
35 6 953
6 38 199
38 6 199
7 17 884
17 7 884
7 37 731
37 7 731
7 59 424
59 7 424
7 72 435
72 7 435
9 10 655
10 9 655
9 11 467
11 9 467
9 59 554
59 9 554
10 57 119
57 10 119
10 82 809
82 10 809
10 87 871
87 10 871
11 27 791
27 11 791
12 20 745
20 12 745
12 28 389
28 12 389
12 30 289
30 12 289
12 49 68
49 12 68
12 46 965
46 12 965
13 50 64
50 13 64
13 63 240
63 13 240
13 84 156
84 13 156
13 90 881
90 13 881
14 21 271
21 14 271
14 25 351
25 14 351
14 26 328
26 14 328
14 42 740
42 14 740
14 70 751
70 14 751
15 33 914
33 15 914
16 79 209
79 16 209
17 53 694
53 17 694
17 42 371
42 17 371
18 36 671
36 18 671
18 28 9
28 18 9
19 24 938
24 19 938
19 49 794
49 19 794
20 59 754
59 20 754
21 47 372
47 21 372
22 52 878
52 22 878
22 80 804
80 22 804
23 29 547
29 23 547
23 61 102
61 23 102
24 32 556
32 24 556
25 30 821
30 25 821
26 40 720
40 26 720
26 88 480
88 26 480
27 31 208
31 27 208
27 34 855
34 27 855
27 39 469
39 27 469
27 41 880
41 27 880
28 86 369
86 28 369
29 78 192
78 29 192
30 75 686
75 30 686
30 71 915
71 30 915
31 48 235
48 31 235
32 33 538
33 32 538
33 43 829
43 33 829
33 85 501
85 33 501
33 34 625
34 33 625
34 48 935
48 34 935
35 77 643
77 35 643
35 89 528
89 35 528
36 55 959
55 36 959
36 70 865
70 36 865
39 45 866
45 39 866
39 68 115
68 39 115
40 51 373
51 40 373
40 91 859
91 40 859
41 55 446
55 41 446
42 76 46
76 42 46
42 45 342
45 42 342
44 60 187
60 44 187
44 91 83
91 44 83
44 84 376
84 44 376
45 78 390
78 45 390
46 54 568
54 46 568
46 60 39
60 46 39
47 69 255
69 47 255
48 67 844
67 48 844
48 49 322
49 48 322
48 76 802
76 48 802
50 56 60
56 50 60
50 64 122
64 50 122
50 66 544
66 50 544
50 87 398
87 50 398
51 63 449
63 51 449
53 61 522
61 53 522
57 59 650
59 57 650
61 79 502
79 61 502
61 81 747
81 61 747
63 65 538
65 63 538
65 80 686
80 65 686
65 79 601
79 65 601
66 71 232
71 66 232
66 89 538
89 66 538
67 80 318
80 67 318
68 83 984
83 68 984
71 92 723
92 71 723
72 90 775
90 72 775
72 90 759
90 72 759
73 83 271
83 73 271
76 84 522
84 76 522
77 91 333
91 77 333
78 93 280
93 78 280
83 92 310
92 83 310
