80

0 1 359
1 0 359
0 3 495
3 0 495
0 4 992
4 0 992
0 18 93
18 0 93
0 29 816
29 0 816
0 77 300
77 0 300
0 53 552
53 0 552
0 60 443
60 0 443
0 57 578
57 0 578
0 8 518
8 0 518
0 18 454
18 0 454
0 5 915
5 0 915
0 48 306
48 0 306
0 4 208
4 0 208
0 63 779
63 0 779
0 10 633
10 0 633
0 22 280
22 0 280
0 58 473
58 0 473
0 40 305
40 0 305
0 60 445
60 0 445
0 53 26
53 0 26
1 2 259
2 1 259
1 6 236
6 1 236
1 23 860
23 1 860
1 26 378
26 1 378
1 30 80
30 1 80
1 37 55
37 1 55
1 40 869
40 1 869
1 38 885
38 1 885
1 72 935
72 1 935
1 46 850
46 1 850
1 15 811
15 1 811
1 71 891
71 1 891
1 12 203
12 1 203
1 56 527
56 1 527
1 3 920
3 1 920
1 65 531
65 1 531
1 57 842
57 1 842
1 14 496
14 1 496
1 64 299
64 1 299
2 5 296
5 2 296
2 9 73
9 2 73
2 22 369
22 2 369
2 24 383
24 2 383
2 36 741
36 2 741
2 74 313
74 2 313
2 25 384
25 2 384
2 27 986
27 2 986
2 73 618
73 2 618
2 26 821
26 2 821
2 68 919
68 2 919
2 12 386
12 2 386
2 23 299
23 2 299
2 18 789
18 2 789
2 11 643
11 2 643
2 10 606
10 2 606
2 35 103
35 2 103
2 34 820
34 2 820
2 13 98
13 2 98
2 53 570
53 2 570
2 19 932
19 2 932
3 12 294
12 3 294
3 66 58
66 3 58
3 76 325
76 3 325
3 77 206
77 3 206
3 29 283
29 3 283
3 7 452
7 3 452
3 4 294
4 3 294
3 59 201
59 3 201
3 40 859
40 3 859
3 61 736
61 3 736
3 25 234
25 3 234
3 71 182
71 3 182
3 78 248
78 3 248
3 3 659
3 3 659
3 12 989
12 3 989
3 27 744
27 3 744
3 75 869
75 3 869
3 24 442
24 3 442
3 14 428
14 3 428
3 78 499
78 3 499
3 13 266
13 3 266
3 75 617
75 3 617
3 36 610
36 3 610
3 53 930
53 3 930
3 26 182
26 3 182
3 6 592
6 3 592
3 43 810
43 3 810
3 19 540
19 3 540
4 8 63
8 4 63
4 13 402
13 4 402
4 14 966
14 4 966
4 16 394
16 4 394
4 14 448
14 4 448
4 70 646
70 4 646
4 25 140
25 4 140
4 50 993
50 4 993
4 73 490
73 4 490
4 58 228
58 4 228
4 69 932
69 4 932
5 41 205
41 5 205
5 43 782
43 5 782
5 52 59
52 5 59
5 36 940
36 5 940
5 60 499
60 5 499
5 53 263
53 5 263
5 65 324
65 5 324
5 32 915
32 5 915
5 26 510
26 5 510
5 68 987
68 5 987
5 71 841
71 5 841
5 63 20
63 5 20
5 71 280
71 5 280
5 6 409
6 5 409
5 24 257
24 5 257
5 37 850
37 5 850
5 70 155
70 5 155
6 7 252
7 6 252
6 21 50
21 6 50
6 72 632
72 6 632
6 12 918
12 6 918
6 39 206
39 6 206
6 74 474
74 6 474
6 79 809
79 6 809
6 41 897
41 6 897
6 65 629
65 6 629
6 27 433
27 6 433
6 34 560
34 6 560
6 31 397
31 6 397
6 42 802
42 6 802
6 75 713
75 6 713
6 77 354
77 6 354
6 65 49
65 6 49
6 45 754
45 6 754
6 18 411
18 6 411
6 76 385
76 6 385
6 24 206
24 6 206
7 25 343
25 7 343
7 46 70
46 7 70
7 12 541
12 7 541
7 40 774
40 7 774
7 15 924
15 7 924
7 71 123
71 7 123
7 25 555
25 7 555
7 37 81
37 7 81
7 75 116
75 7 116
7 61 175
61 7 175
7 33 289
33 7 289
7 15 613
15 7 613
7 26 780
26 7 780
7 52 869
52 7 869
7 16 260
16 7 260
8 32 100
32 8 100
8 73 906
73 8 906
8 56 762
56 8 762
8 12 753
12 8 753
8 38 855
38 8 855
8 54 684
54 8 684
8 33 20
33 8 20
8 40 712
40 8 712
8 58 146
58 8 146
8 66 179
66 8 179
8 71 530
71 8 530
8 27 797
27 8 797
8 48 206
48 8 206
8 72 988
72 8 988
8 54 143
54 8 143
8 65 611
65 8 611
9 10 390
10 9 390
9 11 511
11 9 511
9 77 739
77 9 739
9 74 179
74 9 179
9 23 928
23 9 928
9 22 690
22 9 690
9 14 557
14 9 557
9 74 69
74 9 69
9 17 923
17 9 923
9 51 65
51 9 65
9 13 659
13 9 659
9 73 785
73 9 785
9 55 302
55 9 302
9 47 54
47 9 54
9 22 623
22 9 623
10 38 50
38 10 50
10 43 600
43 10 600
10 52 156
52 10 156
10 71 887
71 10 887
10 16 551
16 10 551
10 18 919
18 10 919
10 51 857
51 10 857
10 13 338
13 10 338
10 41 118
41 10 118
10 20 631
20 10 631
10 42 338
42 10 338
10 30 167
30 10 167
10 38 626
38 10 626
10 54 433
54 10 433
10 73 590
73 10 590
10 58 216
58 10 216
10 43 570
43 10 570
10 44 864
44 10 864
11 15 133
15 11 133
11 31 582
31 11 582
11 48 348
48 11 348
11 52 831
52 11 831
11 24 110
24 11 110
11 26 617
26 11 617
11 77 233
77 11 233
11 38 371
38 11 371
11 41 399
41 11 399
11 16 682
16 11 682
11 66 287
66 11 287
11 45 304
45 11 304
11 70 256
70 11 256
11 74 264
74 11 264
12 34 797
34 12 797
12 72 145
72 12 145
12 24 795
24 12 795
12 37 361
37 12 361
12 47 703
47 12 703
12 51 386
51 12 386
12 60 835
60 12 835
12 24 462
24 12 462
12 46 576
46 12 576
12 14 573
14 12 573
12 13 367
13 12 367
12 44 838
44 12 838
12 79 790
79 12 790
12 24 221
24 12 221
12 24 901
24 12 901
12 15 997
15 12 997
12 18 356
18 12 356
12 62 694
62 12 694
13 17 957
17 13 957
13 55 677
55 13 677
13 17 991
17 13 991
13 27 359
27 13 359
13 60 496
60 13 496
13 69 893
69 13 893
13 26 563
26 13 563
13 47 699
47 13 699
13 57 434
57 13 434
13 66 571
66 13 571
14 45 160
45 14 160
14 57 391
57 14 391
14 72 408
72 14 408
14 55 122
55 14 122
14 27 131
27 14 131
14 32 818
32 14 818
14 28 430
28 14 430
14 53 14
53 14 14
14 37 763
37 14 763
14 31 520
31 14 520
14 25 794
25 14 794
14 56 585
56 14 585
14 77 578
77 14 578
14 26 711
26 14 711
15 39 294
39 15 294
15 56 266
56 15 266
15 78 641
78 15 641
15 30 658
30 15 658
15 50 973
50 15 973
15 65 802
65 15 802
15 75 853
75 15 853
15 53 948
53 15 948
15 68 315
68 15 315
15 68 662
68 15 662
15 43 510
43 15 510
15 22 545
22 15 545
15 32 795
32 15 795
15 25 578
25 15 578
15 22 609
22 15 609
16 19 47
19 16 47
16 55 66
55 16 66
16 61 666
61 16 666
16 62 119
62 16 119
16 42 202
42 16 202
16 32 288
32 16 288
16 58 879
58 16 879
16 28 95
28 16 95
16 57 898
57 16 898
16 17 591
17 16 591
16 28 885
28 16 885
16 26 636
26 16 636
16 31 763
31 16 763
16 17 336
17 16 336
17 68 652
68 17 652
17 39 4
39 17 4
17 27 340
27 17 340
17 43 423
43 17 423
17 44 414
44 17 414
17 60 543
60 17 543
17 57 208
57 17 208
18 77 810
77 18 810
18 42 700
42 18 700
18 28 897
28 18 897
18 79 318
79 18 318
18 62 680
62 18 680
18 29 260
29 18 260
18 18 857
18 18 857
18 43 351
43 18 351
18 50 813
50 18 813
18 61 272
61 18 272
18 58 61
58 18 61
18 34 669
34 18 669
18 42 966
42 18 966
18 37 771
37 18 771
18 30 129
30 18 129
18 38 170
38 18 170
19 20 263
20 19 263
19 43 427
43 19 427
19 56 627
56 19 627
19 74 179
74 19 179
19 27 242
27 19 242
19 55 280
55 19 280
19 66 679
66 19 679
19 23 723
23 19 723
19 69 99
69 19 99
19 24 720
24 19 720
19 64 435
64 19 435
19 74 665
74 19 665
19 33 629
33 19 629
19 79 878
79 19 878
19 63 369
63 19 369
19 71 212
71 19 212
19 56 128
56 19 128
19 25 48
25 19 48
20 33 50
33 20 50
20 60 300
60 20 300
20 75 457
75 20 457
20 39 211
39 20 211
20 79 760
79 20 760
20 43 111
43 20 111
20 29 307
29 20 307
20 29 637
29 20 637
20 26 673
26 20 673
20 46 235
46 20 235
20 67 141
67 20 141
20 30 159
30 20 159
20 38 700
38 20 700
21 35 467
35 21 467
21 67 235
67 21 235
21 75 305
75 21 305
21 66 804
66 21 804
21 39 600
39 21 600
21 32 516
32 21 516
21 65 962
65 21 962
21 42 314
42 21 314
21 51 681
51 21 681
21 42 445
42 21 445
21 66 163
66 21 163
21 36 377
36 21 377
21 22 307
22 21 307
21 35 228
35 21 228
21 40 806
40 21 806
21 69 174
69 21 174
21 79 749
79 21 749
21 72 948
72 21 948
21 51 676
51 21 676
21 78 620
78 21 620
22 38 557
38 22 557
22 24 940
24 22 940
22 28 994
28 22 994
22 61 83
61 22 83
22 53 122
53 22 122
22 65 627
65 22 627
22 62 68
62 22 68
22 61 73
61 22 73
22 56 706
56 22 706
22 46 961
46 22 961
22 68 34
68 22 34
22 28 465
28 22 465
22 23 268
23 22 268
23 60 592
60 23 592
23 39 487
39 23 487
23 48 458
48 23 458
23 39 572
39 23 572
23 57 572
57 23 572
23 32 120
32 23 120
23 77 134
77 23 134
23 44 207
44 23 207
23 71 538
71 23 538
23 59 476
59 23 476
23 71 585
71 23 585
24 38 897
38 24 897
24 44 408
44 24 408
24 63 186
63 24 186
24 72 35
72 24 35
24 77 109
77 24 109
24 43 882
43 24 882
24 66 341
66 24 341
24 60 627
60 24 627
24 41 784
41 24 784
24 28 585
28 24 585
24 75 534
75 24 534
24 36 993
36 24 993
24 28 770
28 24 770
24 57 802
57 24 802
24 57 194
57 24 194
24 68 333
68 24 333
25 28 950
28 25 950
25 69 205
69 25 205
25 67 744
67 25 744
25 44 631
44 25 631
25 40 948
40 25 948
25 63 187
63 25 187
25 55 47
55 25 47
25 55 15
55 25 15
25 34 581
34 25 581
25 57 962
57 25 962
25 39 967
39 25 967
26 27 727
27 26 727
26 57 737
57 26 737
26 66 440
66 26 440
26 26 568
26 26 568
26 54 633
54 26 633
26 30 363
30 26 363
26 62 430
62 26 430
26 79 298
79 26 298
26 35 960
35 26 960
26 38 788
38 26 788
26 72 390
72 26 390
26 67 429
67 26 429
26 34 789
34 26 789
26 62 825
62 26 825
26 30 167
30 26 167
27 50 300
50 27 300
27 62 752
62 27 752
27 44 63
44 27 63
27 67 188
67 27 188
27 60 776
60 27 776
27 68 427
68 27 427
27 38 953
38 27 953
27 54 386
54 27 386
27 64 632
64 27 632
27 41 904
41 27 904
27 61 697
61 27 697
28 58 343
58 28 343
28 64 326
64 28 326
28 71 61
71 28 61
28 53 755
53 28 755
28 79 805
79 28 805
28 30 687
30 28 687
28 68 296
68 28 296
28 74 465
74 28 465
28 54 797
54 28 797
28 45 230
45 28 230
29 56 515
56 29 515
29 38 857
38 29 857
29 72 278
72 29 278
29 54 620
54 29 620
29 34 687
34 29 687
29 79 517
79 29 517
29 64 545
64 29 545
29 48 698
48 29 698
29 33 710
33 29 710
29 65 320
65 29 320
29 69 411
69 29 411
29 31 355
31 29 355
29 63 461
63 29 461
29 75 564
75 29 564
29 58 936
58 29 936
30 61 850
61 30 850
30 42 156
42 30 156
30 71 64
71 30 64
31 32 579
32 31 579
31 74 789
74 31 789
31 63 755
63 31 755
31 67 991
67 31 991
31 67 671
67 31 671
32 66 403
66 32 403
32 61 58
61 32 58
32 33 333
33 32 333
32 69 319
69 32 319
32 36 181
36 32 181
32 44 768
44 32 768
32 35 331
35 32 331
32 60 768
60 32 768
32 68 886
68 32 886
32 47 118
47 32 118
33 65 839
65 33 839
33 71 813
71 33 813
33 67 881
67 33 881
33 49 332
49 33 332
33 71 649
71 33 649
33 41 301
41 33 301
33 68 155
68 33 155
33 66 123
66 33 123
34 57 924
57 34 924
34 42 505
42 34 505
34 74 415
74 34 415
34 57 468
57 34 468
34 35 25
35 34 25
34 36 996
36 34 996
35 75 855
75 35 855
35 49 260
49 35 260
35 50 12
50 35 12
35 60 128
60 35 128
36 78 154
78 36 154
36 58 455
58 36 455
36 50 721
50 36 721
36 68 477
68 36 477
36 52 35
52 36 35
36 77 775
77 36 775
36 46 823
46 36 823
37 47 328
47 37 328
37 64 931
64 37 931
37 74 704
74 37 704
37 43 177
43 37 177
37 60 457
60 37 457
37 77 367
77 37 367
37 78 472
78 37 472
37 69 344
69 37 344
38 70 152
70 38 152
38 48 929
48 38 929
38 40 462
40 38 462
38 65 937
65 38 937
38 60 749
60 38 749
38 63 5
63 38 5
38 42 450
42 38 450
38 78 516
78 38 516
38 74 709
74 38 709
38 43 955
43 38 955
38 53 129
53 38 129
38 41 20
41 38 20
38 56 226
56 38 226
38 43 936
43 38 936
38 62 79
62 38 79
39 50 766
50 39 766
39 77 765
77 39 765
39 75 655
75 39 655
39 40 815
40 39 815
39 47 391
47 39 391
39 57 982
57 39 982
39 48 96
48 39 96
39 42 254
42 39 254
39 61 111
61 39 111
40 42 947
42 40 947
40 64 821
64 40 821
40 72 101
72 40 101
40 52 749
52 40 749
40 75 415
75 40 415
40 65 941
65 40 941
41 49 769
49 41 769
41 47 269
47 41 269
41 59 814
59 41 814
41 64 215
64 41 215
42 60 355
60 42 355
42 49 132
49 42 132
42 56 19
56 42 19
42 72 338
72 42 338
42 73 822
73 42 822
42 73 510
73 42 510
42 47 106
47 42 106
43 62 914
62 43 914
43 77 220
77 43 220
43 77 257
77 43 257
43 48 965
48 43 965
43 66 211
66 43 211
43 46 150
46 43 150
43 74 352
74 43 352
43 72 424
72 43 424
43 51 680
51 43 680
44 51 614
51 44 614
44 71 991
71 44 991
44 73 844
73 44 844
44 63 593
63 44 593
44 53 35
53 44 35
44 72 685
72 44 685
44 76 534
76 44 534
44 78 292
78 44 292
44 46 875
46 44 875
44 58 562
58 44 562
44 58 69
58 44 69
45 62 484
62 45 484
45 68 103
68 45 103
45 76 377
76 45 377
45 78 718
78 45 718
45 78 444
78 45 444
45 58 121
58 45 121
45 60 703
60 45 703
45 65 947
65 45 947
46 54 572
54 46 572
46 70 553
70 46 553
46 77 677
77 46 677
46 50 261
50 46 261
46 77 310
77 46 310
46 59 304
59 46 304
46 64 767
64 46 767
47 79 73
79 47 73
47 67 332
67 47 332
47 78 292
78 47 292
47 54 127
54 47 127
47 62 984
62 47 984
48 65 615
65 48 615
48 48 831
48 48 831
48 58 36
58 48 36
48 57 972
57 48 972
48 72 692
72 48 692
48 50 29
50 48 29
48 54 122
54 48 122
48 56 682
56 48 682
48 66 657
66 48 657
49 63 582
63 49 582
49 51 722
51 49 722
49 66 266
66 49 266
49 56 626
56 49 626
49 52 712
52 49 712
49 60 56
60 49 56
49 66 774
66 49 774
49 54 925
54 49 925
49 56 887
56 49 887
49 64 530
64 49 530
49 59 269
59 49 269
49 67 250
67 49 250
50 53 953
53 50 953
50 60 885
60 50 885
50 66 520
66 50 520
50 56 165
56 50 165
50 72 373
72 50 373
50 60 504
60 50 504
50 77 225
77 50 225
50 52 573
52 50 573
51 52 628
52 51 628
51 68 127
68 51 127
51 65 893
65 51 893
51 78 194
78 51 194
51 79 552
79 51 552
51 68 488
68 51 488
52 59 214
59 52 214
52 54 813
54 52 813
52 75 231
75 52 231
52 67 429
67 52 429
52 67 952
67 52 952
52 56 471
56 52 471
53 64 216
64 53 216
53 62 959
62 53 959
53 57 685
57 53 685
53 73 475
73 53 475
53 62 723
62 53 723
54 69 728
69 54 728
54 70 33
70 54 33
54 72 814
72 54 814
54 59 434
59 54 434
54 77 220
77 54 220
54 67 830
67 54 830
55 69 652
69 55 652
55 60 329
60 55 329
55 72 245
72 55 245
55 56 997
56 55 997
55 71 709
71 55 709
55 75 920
75 55 920
55 71 91
71 55 91
55 62 95
62 55 95
56 59 547
59 56 547
56 62 10
62 56 10
56 69 62
69 56 62
57 58 29
58 57 29
57 60 620
60 57 620
57 64 372
64 57 372
58 77 72
77 58 72
58 67 417
67 58 417
58 63 288
63 58 288
58 64 884
64 58 884
59 69 356
69 59 356
59 60 736
60 59 736
59 61 375
61 59 375
59 66 427
66 59 427
60 74 680
74 60 680
61 64 729
64 61 729
61 63 509
63 61 509
61 77 896
77 61 896
61 62 167
62 61 167
61 69 621
69 61 621
61 65 907
65 61 907
61 65 906
65 61 906
62 73 134
73 62 134
62 65 834
65 62 834
62 65 870
65 62 870
63 65 497
65 63 497
63 76 976
76 63 976
63 75 327
75 63 327
64 78 345
78 64 345
64 66 219
66 64 219
64 69 630
69 64 630
64 68 896
68 64 896
64 71 757
71 64 757
65 79 947
79 65 947
65 67 463
67 65 463
65 78 879
78 65 879
68 77 946
77 68 946
68 71 132
71 68 132
68 77 116
77 68 116
69 75 483
75 69 483
69 77 543
77 69 543
70 73 578
73 70 578
70 70 415
70 70 415
70 77 556
77 70 556
71 77 418
77 71 418
72 76 971
76 72 971
72 76 892
76 72 892
74 78 267
78 74 267
74 75 236
75 74 236
