46

0 1 985
1 0 985
0 2 612
2 0 612
0 3 645
3 0 645
0 9 365
9 0 365
0 18 5
18 0 5
0 21 265
21 0 265
0 14 92
14 0 92
0 39 790
39 0 790
0 35 835
35 0 835
1 17 319
17 1 319
1 33 658
33 1 658
1 39 48
39 1 48
1 29 455
29 1 455
2 7 194
7 2 194
2 12 786
12 2 786
2 18 732
18 2 732
2 8 774
8 2 774
2 5 735
5 2 735
3 4 18
4 3 18
3 5 457
5 3 457
3 11 415
11 3 415
3 14 616
14 3 616
3 20 482
20 3 482
3 44 335
44 3 335
3 20 524
20 3 524
4 21 685
21 4 685
4 4 479
4 4 479
4 38 303
38 4 303
5 6 188
6 5 188
5 19 711
19 5 711
5 23 809
23 5 809
5 42 157
42 5 157
5 40 726
40 5 726
5 39 170
39 5 170
5 12 909
12 5 909
5 19 854
19 5 854
5 45 784
45 5 784
5 33 343
33 5 343
5 30 846
30 5 846
6 8 542
8 6 542
6 37 938
37 6 938
6 36 282
36 6 282
6 17 152
17 6 152
7 26 393
26 7 393
7 22 515
22 7 515
7 10 312
10 7 312
8 43 386
43 8 386
8 44 710
44 8 710
8 18 336
18 8 336
8 18 749
18 8 749
8 29 688
29 8 688
8 26 123
26 8 123
9 10 795
10 9 795
9 15 84
15 9 84
9 30 941
30 9 941
9 10 107
10 9 107
9 36 845
36 9 845
10 32 226
32 10 226
10 21 738
21 10 738
11 35 645
35 11 645
11 38 258
38 11 258
11 28 239
28 11 239
11 36 890
36 11 890
11 29 576
29 11 576
11 21 607
21 11 607
12 13 204
13 12 204
12 15 538
15 12 538
12 41 480
41 12 480
13 16 33
16 13 33
13 28 434
28 13 434
13 28 465
28 13 465
13 23 922
23 13 922
13 42 789
42 13 789
13 28 235
28 13 235
14 29 987
29 14 987
14 44 18
44 14 18
14 45 365
45 14 365
14 25 46
25 14 46
15 26 288
26 15 288
15 31 557
31 15 557
15 44 417
44 15 417
15 43 80
43 15 80
15 16 942
16 15 942
16 22 37
22 16 37
16 36 228
36 16 228
16 31 404
31 16 404
16 18 955
18 16 955
16 42 538
42 16 538
16 29 97
29 16 97
17 28 97
28 17 97
17 27 741
27 17 741
17 18 155
18 17 155
17 36 53
36 17 53
17 36 519
36 17 519
17 17 579
17 17 579
17 19 725
19 17 725
18 25 350
25 18 350
18 44 259
44 18 259
19 34 733
34 19 733
20 41 111
41 20 111
20 33 832
33 20 832
20 41 157
41 20 157
20 24 345
24 20 345
20 42 439
42 20 439
20 22 960
22 20 960
20 38 458
38 20 458
21 24 572
24 21 572
22 37 643
37 22 643
22 36 880
36 22 880
23 45 793
45 23 793
23 24 613
24 23 613
23 37 791
37 23 791
24 34 804
34 24 804
24 29 576
29 24 576
25 27 708
27 25 708
25 40 395
40 25 395
25 25 985
25 25 985
26 29 846
29 26 846
27 43 215
43 27 215
28 45 175
45 28 175
28 33 718
33 28 718
28 45 835
45 28 835
28 37 262
37 28 262
30 40 845
40 30 845
31 38 252
38 31 252
34 37 176
37 34 176
34 37 284
37 34 284
34 42 425
42 34 425
36 38 758
38 36 758
37 40 572
40 37 572
37 45 165
45 37 165
38 40 220
40 38 220
38 41 414
41 38 414
39 40 534
40 39 534
40 43 705
43 40 705
41 45 555
45 41 555
42 43 612
43 42 612
