69

0 1 310
1 0 310
0 5 882
5 0 882
0 11 562
11 0 562
0 18 226
18 0 226
0 57 190
57 0 190
0 39 431
39 0 431
0 31 574
31 0 574
0 45 151
45 0 151
0 8 265
8 0 265
0 62 589
62 0 589
0 4 563
4 0 563
0 23 626
23 0 626
0 27 418
27 0 418
0 56 593
56 0 593
1 2 733
2 1 733
1 3 319
3 1 319
1 16 339
16 1 339
1 17 124
17 1 124
1 50 182
50 1 182
1 4 38
4 1 38
1 40 99
40 1 99
1 39 942
39 1 942
1 11 44
11 1 44
2 4 169
4 2 169
2 7 559
7 2 559
2 15 924
15 2 924
2 26 155
26 2 155
2 27 630
27 2 630
2 62 819
62 2 819
2 52 423
52 2 423
2 6 649
6 2 649
2 6 476
6 2 476
2 56 308
56 2 308
2 41 205
41 2 205
2 56 906
56 2 906
2 58 369
58 2 369
3 9 431
9 3 431
3 19 554
19 3 554
3 54 939
54 3 939
3 44 112
44 3 112
3 28 390
28 3 390
3 25 837
25 3 837
3 29 500
29 3 500
3 30 495
30 3 495
3 6 462
6 3 462
3 6 164
6 3 164
3 61 152
61 3 152
3 13 148
13 3 148
3 16 270
16 3 270
4 12 626
12 4 626
4 13 805
13 4 805
4 21 87
21 4 87
4 40 809
40 4 809
4 47 435
47 4 435
4 25 965
25 4 965
4 30 36
30 4 36
4 7 985
7 4 985
4 32 366
32 4 366
4 56 76
56 4 76
5 6 853
6 5 853
5 8 365
8 5 365
5 10 152
10 5 152
5 32 663
32 5 663
5 53 465
53 5 465
5 19 253
19 5 253
6 22 41
22 6 41
6 32 48
32 6 48
6 46 43
46 6 43
6 53 204
53 6 204
6 33 279
33 6 279
6 41 947
41 6 947
6 26 132
26 6 132
6 32 997
32 6 997
6 17 492
17 6 492
6 49 805
49 6 805
6 52 812
52 6 812
6 23 219
23 6 219
7 53 197
53 7 197
7 59 499
59 7 499
7 23 631
23 7 631
7 64 420
64 7 420
7 26 820
26 7 820
7 28 544
28 7 544
7 45 135
45 7 135
7 43 222
43 7 222
8 38 793
38 8 793
8 43 413
43 8 413
8 56 841
56 8 841
9 23 286
23 9 286
9 66 609
66 9 609
9 68 682
68 9 682
9 28 340
28 9 340
9 40 488
40 9 488
9 30 982
30 9 982
9 54 396
54 9 396
9 17 499
17 9 499
9 62 35
62 9 35
9 54 6
54 9 6
9 18 216
18 9 216
10 60 703
60 10 703
10 58 461
58 10 461
11 14 367
14 11 367
11 33 823
33 11 823
11 40 474
40 11 474
11 58 222
58 11 222
12 41 343
41 12 343
12 20 812
20 12 812
12 32 355
32 12 355
12 51 63
51 12 63
12 66 19
66 12 19
12 44 658
44 12 658
12 61 657
61 12 657
12 54 38
54 12 38
13 19 948
19 13 948
13 36 956
36 13 956
13 43 451
43 13 451
13 58 506
58 13 506
13 21 161
21 13 161
14 20 591
20 14 591
14 26 303
26 14 303
14 46 46
46 14 46
14 41 939
41 14 939
14 64 471
64 14 471
14 66 222
66 14 222
14 43 384
43 14 384
14 37 140
37 14 140
14 52 577
52 14 577
14 59 25
59 14 25
15 33 280
33 15 280
15 44 858
44 15 858
15 67 286
67 15 286
15 56 784
56 15 784
16 24 301
24 16 301
16 61 904
61 16 904
16 28 960
28 16 960
17 42 788
42 17 788
17 30 110
30 17 110
17 39 678
39 17 678
17 67 213
67 17 213
18 64 604
64 18 604
18 50 213
50 18 213
18 46 467
46 18 467
18 55 978
55 18 978
18 45 725
45 18 725
18 46 218
46 18 218
18 22 780
22 18 780
18 19 519
19 18 519
18 44 283
44 18 283
19 28 782
28 19 782
19 34 208
34 19 208
19 31 14
31 19 14
19 45 529
45 19 529
20 29 325
29 20 325
20 31 726
31 20 726
20 35 579
35 20 579
20 59 367
59 20 367
20 61 10
61 20 10
20 51 841
51 20 841
20 32 749
32 20 749
21 25 322
25 21 322
21 46 987
46 21 987
21 65 242
65 21 242
21 42 242
42 21 242
21 35 706
35 21 706
21 61 932
61 21 932
21 37 216
37 21 216
21 24 393
24 21 393
22 50 848
50 22 848
22 31 127
31 22 127
22 64 251
64 22 251
22 67 588
67 22 588
22 47 914
47 22 914
23 49 386
49 23 386
23 39 627
39 23 627
24 55 41
55 24 41
24 39 868
39 24 868
24 27 906
27 24 906
24 36 512
36 24 512
24 29 91
29 24 91
24 46 816
46 24 816
24 64 652
64 24 652
24 33 876
33 24 876
24 50 44
50 24 44
25 42 410
42 25 410
25 42 166
42 25 166
25 48 224
48 25 224
25 43 293
43 25 293
25 45 678
45 25 678
25 30 933
30 25 933
26 49 245
49 26 245
26 26 724
26 26 724
27 39 295
39 27 295
27 59 252
59 27 252
27 63 762
63 27 762
27 63 572
63 27 572
27 65 445
65 27 445
27 58 204
58 27 204
28 56 889
56 28 889
28 52 803
52 28 803
28 31 296
31 28 296
28 41 368
41 28 368
28 48 302
48 28 302
29 30 306
30 29 306
29 44 367
44 29 367
29 45 403
45 29 403
30 37 955
37 30 955
30 55 60
55 30 60
30 62 484
62 30 484
30 49 270
49 30 270
30 44 528
44 30 528
30 39 724
39 30 724
30 35 894
35 30 894
31 36 367
36 31 367
31 58 282
58 31 282
31 58 780
58 31 780
31 53 348
53 31 348
31 58 949
58 31 949
31 40 430
40 31 430
31 51 733
51 31 733
31 57 995
57 31 995
32 51 310
51 32 310
32 58 847
58 32 847
32 62 648
62 32 648
32 67 672
67 32 672
32 32 599
32 32 599
33 56 228
56 33 228
33 65 22
65 33 22
33 42 707
42 33 707
33 52 92
52 33 92
33 65 805
65 33 805
33 43 728
43 33 728
33 47 95
47 33 95
34 45 500
45 34 500
35 52 389
52 35 389
35 44 274
44 35 274
35 67 809
67 35 809
35 59 985
59 35 985
35 41 738
41 35 738
35 52 44
52 35 44
35 55 811
55 35 811
36 46 30
46 36 30
36 60 794
60 36 794
36 51 53
51 36 53
36 54 344
54 36 344
36 60 877
60 36 877
37 54 205
54 37 205
37 58 798
58 37 798
37 68 781
68 37 781
37 42 301
42 37 301
37 50 872
50 37 872
38 62 693
62 38 693
38 38 438
38 38 438
39 53 773
53 39 773
39 48 709
48 39 709
39 62 892
62 39 892
40 67 810
67 40 810
40 48 282
48 40 282
40 48 864
48 40 864
40 49 479
49 40 479
40 61 547
61 40 547
40 61 405
61 40 405
41 47 896
47 41 896
41 52 680
52 41 680
41 43 266
43 41 266
41 45 306
45 41 306
42 65 662
65 42 662
42 51 333
51 42 333
42 43 609
43 42 609
43 48 967
48 43 967
43 68 364
68 43 364
43 62 521
62 43 521
43 51 672
51 43 672
43 56 321
56 43 321
44 45 449
45 44 449
44 53 898
53 44 898
45 60 23
60 45 23
45 47 913
47 45 913
46 53 341
53 46 341
46 52 675
52 46 675
47 57 161
57 47 161
48 48 39
48 48 39
49 50 529
50 49 529
49 67 337
67 49 337
50 61 73
61 50 73
50 53 527
53 50 527
50 64 914
64 50 914
51 63 975
63 51 975
51 68 928
68 51 928
51 57 659
57 51 659
51 53 361
53 51 361
53 62 74
62 53 74
54 62 12
62 54 12
54 57 564
57 54 564
54 56 873
56 54 873
56 56 939
56 56 939
56 57 864
57 56 864
58 68 935
68 58 935
58 66 537
66 58 537
58 67 641
67 58 641
60 63 57
63 60 57
62 63 637
63 62 637
62 67 982
67 62 982
65 68 65
68 65 65
