32

0 1 240
1 0 240
0 4 310
4 0 310
0 10 812
10 0 812
0 16 682
16 0 682
0 27 207
27 0 207
0 6 609
6 0 609
1 2 204
2 1 204
1 3 743
3 1 743
1 5 558
5 1 558
1 15 695
15 1 695
1 17 294
17 1 294
1 18 802
18 1 802
1 24 924
24 1 924
1 2 227
2 1 227
1 15 313
15 1 313
1 22 816
22 1 816
2 11 613
11 2 613
2 13 365
13 2 365
2 23 78
23 2 78
2 30 88
30 2 88
2 11 990
11 2 990
2 15 206
15 2 206
2 27 351
27 2 351
3 6 376
6 3 376
3 27 153
27 3 153
3 31 761
31 3 761
3 27 687
27 3 687
3 25 402
25 3 402
3 21 871
21 3 871
3 23 859
23 3 859
3 10 884
10 3 884
3 5 899
5 3 899
4 20 704
20 4 704
4 17 619
17 4 619
4 25 301
25 4 301
4 5 61
5 4 61
5 7 820
7 5 820
5 8 292
8 5 292
5 24 469
24 5 469
5 28 410
28 5 410
5 24 647
24 5 647
5 31 570
31 5 570
5 11 579
11 5 579
5 10 545
10 5 545
5 13 857
13 5 857
6 6 959
6 6 959
6 7 173
7 6 173
6 28 458
28 6 458
7 22 258
22 7 258
7 26 560
26 7 560
7 29 776
29 7 776
7 13 419
13 7 419
7 26 383
26 7 383
7 16 480
16 7 480
8 9 169
9 8 169
8 14 169
14 8 169
8 11 192
11 8 192
8 22 716
22 8 716
8 10 677
10 8 677
8 19 292
19 8 292
8 24 254
24 8 254
9 29 767
29 9 767
9 28 439
28 9 439
9 24 900
24 9 900
9 20 598
20 9 598
9 13 283
13 9 283
9 18 801
18 9 801
10 31 11
31 10 11
10 31 319
31 10 319
11 12 86
12 11 86
11 21 545
21 11 545
11 28 861
28 11 861
12 19 105
19 12 105
12 21 886
21 12 886
12 18 937
18 12 937
12 30 236
30 12 236
12 15 936
15 12 936
13 30 175
30 13 175
13 20 864
20 13 864
13 21 339
21 13 339
15 22 876
22 15 876
16 30 960
30 16 960
16 27 46
27 16 46
16 29 499
29 16 499
18 25 319
25 18 319
18 31 75
31 18 75
18 26 564
26 18 564
19 23 293
23 19 293
20 24 961
24 20 961
21 31 979
31 21 979
21 27 107
27 21 107
21 28 930
28 21 930
23 28 249
28 23 249
