70

0 1 22
1 0 22
0 9 425
9 0 425
0 13 527
13 0 527
1 2 363
2 1 363
1 3 402
3 1 402
1 4 620
4 1 620
1 12 690
12 1 690
1 45 49
45 1 49
1 42 192
42 1 192
1 52 357
52 1 357
2 5 181
5 2 181
2 8 951
8 2 951
2 26 125
26 2 125
2 67 740
67 2 740
2 47 738
47 2 738
3 6 337
6 3 337
3 61 499
61 3 499
4 7 220
7 4 220
4 10 557
10 4 557
4 55 978
55 4 978
5 14 591
14 5 591
5 57 177
57 5 177
5 34 525
34 5 525
6 15 592
15 6 592
6 44 333
44 6 333
6 19 816
19 6 816
6 17 972
17 6 972
6 38 148
38 6 148
7 61 64
61 7 64
8 11 860
11 8 860
8 9 241
9 8 241
9 16 413
16 9 413
9 24 808
24 9 808
9 11 23
11 9 23
10 18 568
18 10 568
10 22 394
22 10 394
10 31 562
31 10 562
10 13 713
13 10 713
10 43 247
43 10 247
11 30 235
30 11 235
11 39 645
39 11 645
11 49 706
49 11 706
11 65 243
65 11 243
12 21 747
21 12 747
12 40 93
40 12 93
12 52 915
52 12 915
12 14 106
14 12 106
12 67 232
67 12 232
12 66 662
66 12 662
12 69 847
69 12 847
12 64 764
64 12 764
13 17 570
17 13 570
13 19 616
19 13 616
14 35 366
35 14 366
14 54 729
54 14 729
15 27 890
27 15 890
15 33 34
33 15 34
15 34 24
34 15 24
16 23 3
23 16 3
16 32 179
32 16 179
16 27 388
27 16 388
16 44 769
44 16 769
17 43 524
43 17 524
17 66 613
66 17 613
17 47 36
47 17 36
18 20 783
20 18 783
18 23 787
23 18 787
19 25 546
25 19 546
19 30 826
30 19 826
20 37 743
37 20 743
21 29 670
29 21 670
21 41 430
41 21 430
21 49 249
49 21 249
22 28 479
28 22 479
24 38 451
38 24 451
25 46 896
46 25 896
25 50 97
50 25 97
26 36 562
36 26 562
28 42 129
42 28 129
28 52 927
52 28 927
29 45 348
45 29 348
29 54 970
54 29 970
29 64 544
64 29 544
29 43 648
43 29 648
29 60 976
60 29 976
30 31 510
31 30 510
30 43 889
43 30 889
30 49 927
49 30 927
31 37 651
37 31 651
31 48 808
48 31 808
33 53 407
53 33 407
33 68 816
68 33 816
33 34 402
34 33 402
33 35 923
35 33 923
34 60 335
60 34 335
34 66 867
66 34 867
35 62 428
62 35 428
35 48 512
48 35 512
35 43 902
43 35 902
38 47 65
47 38 65
38 61 620
61 38 620
39 58 653
58 39 653
39 61 417
61 39 417
39 56 850
56 39 850
39 57 691
57 39 691
40 51 891
51 40 891
40 63 223
63 40 223
40 58 513
58 40 513
40 64 425
64 40 425
41 68 415
68 41 415
45 61 127
61 45 127
47 56 460
56 47 460
47 59 658
59 47 658
49 59 542
59 49 542
50 69 265
69 50 265
51 51 936
51 51 936
53 57 965
57 53 965
54 57 22
57 54 22
