52

0 1 234
1 0 234
0 2 103
2 0 103
0 6 510
6 0 510
0 20 715
20 0 715
0 34 243
34 0 243
0 15 65
15 0 65
0 30 407
30 0 407
0 31 95
31 0 95
1 3 429
3 1 429
1 7 906
7 1 906
1 12 257
12 1 257
1 14 403
14 1 403
1 45 164
45 1 164
1 13 668
13 1 668
1 45 632
45 1 632
1 35 478
35 1 478
1 32 81
32 1 81
1 50 721
50 1 721
2 4 421
4 2 421
2 46 233
46 2 233
2 8 237
8 2 237
2 10 142
10 2 142
3 5 577
5 3 577
3 15 99
15 3 99
3 27 961
27 3 961
3 48 696
48 3 696
3 18 622
18 3 622
3 5 590
5 3 590
3 24 523
24 3 523
3 3 376
3 3 376
4 10 245
10 4 245
4 24 555
24 4 555
4 25 505
25 4 505
4 4 622
4 4 622
4 45 296
45 4 296
4 45 748
45 4 748
5 9 560
9 5 560
5 35 739
35 5 739
5 19 512
19 5 512
5 6 638
6 5 638
6 8 119
8 6 119
6 32 315
32 6 315
6 45 420
45 6 420
6 48 620
48 6 620
6 41 961
41 6 961
7 33 947
33 7 947
7 13 492
13 7 492
7 22 456
22 7 456
8 23 703
23 8 703
8 46 46
46 8 46
8 25 181
25 8 181
8 11 556
11 8 556
8 19 635
19 8 635
9 11 71
11 9 71
9 17 169
17 9 169
9 26 758
26 9 758
9 43 382
43 9 382
9 31 636
31 9 636
9 22 338
22 9 338
10 28 996
28 10 996
10 40 539
40 10 539
10 20 232
20 10 232
10 29 873
29 10 873
11 22 706
22 11 706
11 28 214
28 11 214
12 13 125
13 12 125
12 29 81
29 12 81
12 49 304
49 12 304
12 31 382
31 12 382
13 16 408
16 13 408
13 32 781
32 13 781
13 48 658
48 13 658
13 27 419
27 13 419
13 45 108
45 13 108
14 31 259
31 14 259
14 30 854
30 14 854
14 42 503
42 14 503
14 40 151
40 14 151
14 16 659
16 14 659
14 20 265
20 14 265
14 25 686
25 14 686
14 22 739
22 14 739
15 23 208
23 15 208
15 20 41
20 15 41
15 26 188
26 15 188
15 46 154
46 15 154
16 18 664
18 16 664
16 19 676
19 16 676
17 45 590
45 17 590
17 39 745
39 17 745
18 21 219
21 18 219
18 30 121
30 18 121
18 50 321
50 18 321
18 49 617
49 18 617
19 26 360
26 19 360
19 49 535
49 19 535
20 43 575
43 20 575
20 30 552
30 20 552
20 30 575
30 20 575
20 38 274
38 20 274
21 49 221
49 21 221
21 45 113
45 21 113
21 43 968
43 21 968
21 51 659
51 21 659
22 44 459
44 22 459
22 34 358
34 22 358
22 45 11
45 22 11
23 37 718
37 23 718
23 42 611
42 23 611
23 46 352
46 23 352
23 39 415
39 23 415
23 32 560
32 23 560
23 48 388
48 23 388
24 41 724
41 24 724
25 38 802
38 25 802
25 33 950
33 25 950
25 49 630
49 25 630
27 44 531
44 27 531
27 29 869
29 27 869
27 48 450
48 27 450
28 39 954
39 28 954
28 49 527
49 28 527
29 33 44
33 29 44
29 46 463
46 29 463
29 49 386
49 29 386
30 31 723
31 30 723
30 40 716
40 30 716
30 41 89
41 30 89
30 47 190
47 30 190
31 39 74
39 31 74
34 36 952
36 34 952
34 34 596
34 34 596
35 45 568
45 35 568
35 46 858
46 35 858
35 41 921
41 35 921
35 38 837
38 35 837
36 51 951
51 36 951
40 45 312
45 40 312
41 50 196
50 41 196
43 46 244
46 43 244
45 46 943
46 45 943
45 48 567
48 45 567
47 49 533
49 47 533
48 50 301
50 48 301
