55

0 1 651
1 0 651
0 2 137
2 0 137
0 9 792
9 0 792
0 11 714
11 0 714
0 19 609
19 0 609
0 49 771
49 0 771
0 31 545
31 0 545
1 3 847
3 1 847
1 15 475
15 1 475
2 4 366
4 2 366
2 7 101
7 2 101
2 20 547
20 2 547
2 34 526
34 2 526
2 7 777
7 2 777
2 38 239
38 2 239
2 9 763
9 2 763
2 24 259
24 2 259
3 5 105
5 3 105
3 36 262
36 3 262
4 17 818
17 4 818
4 30 358
30 4 358
4 50 601
50 4 601
4 49 537
49 4 537
5 6 61
6 5 61
5 30 818
30 5 818
5 38 359
38 5 359
6 52 594
52 6 594
6 42 642
42 6 642
6 10 613
10 6 613
6 40 216
40 6 216
7 8 826
8 7 826
7 24 185
24 7 185
7 29 746
29 7 746
7 48 906
48 7 906
8 12 418
12 8 418
8 16 912
16 8 912
8 18 982
18 8 982
8 34 774
34 8 774
8 48 102
48 8 102
8 10 370
10 8 370
9 10 499
10 9 499
9 29 643
29 9 643
9 37 320
37 9 320
9 51 884
51 9 884
9 33 996
33 9 996
10 14 377
14 10 377
10 49 185
49 10 185
10 54 618
54 10 618
10 30 263
30 10 263
10 34 456
34 10 456
11 50 804
50 11 804
11 44 707
44 11 707
11 32 379
32 11 379
12 13 381
13 12 381
12 22 37
22 12 37
13 43 45
43 13 45
13 48 584
48 13 584
13 19 981
19 13 981
14 22 84
22 14 84
14 31 109
31 14 109
14 36 112
36 14 112
14 40 83
40 14 83
14 22 915
22 14 915
14 32 874
32 14 874
14 31 402
31 14 402
14 52 769
52 14 769
14 27 741
27 14 741
15 21 476
21 15 476
15 27 157
27 15 157
15 32 489
32 15 489
15 17 185
17 15 185
15 34 601
34 15 601
17 33 258
33 17 258
17 20 304
20 17 304
17 27 775
27 17 775
17 33 261
33 17 261
18 44 691
44 18 691
18 46 169
46 18 169
18 20 789
20 18 789
19 23 401
23 19 401
19 42 165
42 19 165
19 32 691
32 19 691
19 51 620
51 19 620
20 41 33
41 20 33
20 22 146
22 20 146
21 25 161
25 21 161
21 42 547
42 21 547
21 44 68
44 21 68
22 38 91
38 22 91
22 27 187
27 22 187
22 52 151
52 22 151
22 28 134
28 22 134
23 26 964
26 23 964
23 31 728
31 23 728
24 26 385
26 24 385
25 35 525
35 25 525
25 48 558
48 25 558
26 28 301
28 26 301
26 46 617
46 26 617
28 45 169
45 28 169
28 33 873
33 28 873
28 54 969
54 28 969
29 37 521
37 29 521
29 39 703
39 29 703
30 40 987
40 30 987
30 34 472
34 30 472
31 47 711
47 31 711
32 33 448
33 32 448
32 54 436
54 32 436
33 52 475
52 33 475
33 47 433
47 33 433
34 38 464
38 34 464
34 37 535
37 34 535
35 53 854
53 35 854
36 38 469
38 36 469
36 42 173
42 36 173
37 40 938
40 37 938
41 50 268
50 41 268
43 44 272
44 43 272
44 47 225
47 44 225
44 53 684
53 44 684
45 51 168
51 45 168
46 47 970
47 46 970
49 51 506
51 49 506
52 54 738
54 52 738
