86

0 1 888
1 0 888
0 2 17
2 0 17
0 9 211
9 0 211
0 16 818
16 0 818
0 20 112
20 0 112
0 27 697
27 0 697
0 39 477
39 0 477
0 77 617
77 0 617
1 6 243
6 1 243
1 7 983
7 1 983
1 55 165
55 1 165
1 67 206
67 1 206
1 75 80
75 1 80
2 3 862
3 2 862
2 4 872
4 2 872
2 8 269
8 2 269
2 68 236
68 2 236
2 85 880
85 2 880
2 32 840
32 2 840
2 42 107
42 2 107
2 32 504
32 2 504
2 27 283
27 2 283
3 5 73
5 3 73
3 10 112
10 3 112
3 12 396
12 3 396
4 28 379
28 4 379
4 31 265
31 4 265
4 79 540
79 4 540
4 70 797
70 4 797
5 14 742
14 5 742
5 48 469
48 5 469
5 79 273
79 5 273
6 70 242
70 6 242
6 6 709
6 6 709
6 44 638
44 6 638
6 41 953
41 6 953
7 17 976
17 7 976
7 68 1
68 7 1
7 33 976
33 7 976
7 38 644
38 7 644
7 11 853
11 7 853
7 46 252
46 7 252
7 37 206
37 7 206
7 64 860
64 7 860
7 73 324
73 7 324
8 24 653
24 8 653
8 44 763
44 8 763
8 51 250
51 8 250
8 46 97
46 8 97
8 64 107
64 8 107
8 73 853
73 8 853
8 67 677
67 8 677
9 61 218
61 9 218
10 11 719
11 10 719
10 23 330
23 10 330
10 45 414
45 10 414
10 66 684
66 10 684
11 26 294
26 11 294
11 46 422
46 11 422
11 58 655
58 11 655
11 16 487
16 11 487
11 47 524
47 11 524
11 64 109
64 11 109
11 77 149
77 11 149
12 13 153
13 12 153
12 32 993
32 12 993
12 74 617
74 12 617
13 19 405
19 13 405
13 15 502
15 13 502
13 34 671
34 13 671
13 69 714
69 13 714
14 15 942
15 14 942
14 56 105
56 14 105
14 33 472
33 14 472
15 18 802
18 15 802
15 43 394
43 15 394
15 57 979
57 15 979
15 53 937
53 15 937
15 27 189
27 15 189
16 21 635
21 16 635
16 33 562
33 16 562
16 40 393
40 16 393
16 71 541
71 16 541
16 30 166
30 16 166
16 38 314
38 16 314
17 68 480
68 17 480
17 67 942
67 17 942
17 45 104
45 17 104
17 43 76
43 17 76
18 22 941
22 18 941
18 29 398
29 18 398
18 50 970
50 18 970
18 74 586
74 18 586
18 45 973
45 18 973
18 37 356
37 18 356
19 42 527
42 19 527
19 56 769
56 19 769
19 62 418
62 19 418
20 36 149
36 20 149
20 76 706
76 20 706
20 37 448
37 20 448
20 52 542
52 20 542
20 60 852
60 20 852
20 42 782
42 20 782
21 67 747
67 21 747
21 52 177
52 21 177
21 29 443
29 21 443
21 33 50
33 21 50
22 30 577
30 22 577
22 78 176
78 22 176
22 75 659
75 22 659
22 40 378
40 22 378
23 58 495
58 23 495
23 68 378
68 23 378
23 77 563
77 23 563
23 62 533
62 23 533
23 39 772
39 23 772
23 80 506
80 23 506
23 47 213
47 23 213
23 38 998
38 23 998
23 60 913
60 23 913
24 25 429
25 24 429
24 85 113
85 24 113
24 77 813
77 24 813
24 84 550
84 24 550
25 60 677
60 25 677
25 44 986
44 25 986
25 83 628
83 25 628
26 62 988
62 26 988
27 81 479
81 27 479
27 80 435
80 27 435
27 33 23
33 27 23
27 50 101
50 27 101
27 36 203
36 27 203
28 38 874
38 28 874
28 47 849
47 28 849
28 67 854
67 28 854
28 53 34
53 28 34
29 39 458
39 29 458
29 66 804
66 29 804
30 35 896
35 30 896
30 60 856
60 30 856
30 48 593
48 30 593
31 63 671
63 31 671
31 80 109
80 31 109
31 47 912
47 31 912
31 61 720
61 31 720
32 41 112
41 32 112
32 77 165
77 32 165
32 76 698
76 32 698
33 34 701
34 33 701
33 73 954
73 33 954
33 76 371
76 33 371
33 79 823
79 33 823
33 54 78
54 33 78
34 37 951
37 34 951
34 68 427
68 34 427
34 48 586
48 34 586
34 72 981
72 34 981
35 76 200
76 35 200
35 51 775
51 35 775
36 52 421
52 36 421
36 49 463
49 36 463
36 73 260
73 36 260
37 72 110
72 37 110
38 59 980
59 38 980
38 53 824
53 38 824
39 58 231
58 39 231
39 49 363
49 39 363
40 59 515
59 40 515
40 77 369
77 40 369
41 69 858
69 41 858
41 56 325
56 41 325
42 84 68
84 42 68
42 71 995
71 42 995
43 48 421
48 43 421
43 63 584
63 43 584
44 49 122
49 44 122
45 65 211
65 45 211
45 85 438
85 45 438
46 73 80
73 46 80
46 64 618
64 46 618
46 54 386
54 46 386
47 68 769
68 47 769
48 62 385
62 48 385
48 61 947
61 48 947
49 85 897
85 49 897
50 68 552
68 50 552
50 52 923
52 50 923
51 53 875
53 51 875
51 57 625
57 51 625
51 61 928
61 51 928
52 54 842
54 52 842
52 76 118
76 52 118
53 66 532
66 53 532
53 67 708
67 53 708
53 72 860
72 53 860
53 80 684
80 53 684
53 74 177
74 53 177
54 61 559
61 54 559
54 65 589
65 54 589
54 63 183
63 54 183
54 65 223
65 54 223
54 72 93
72 54 93
55 74 214
74 55 214
57 61 244
61 57 244
58 64 564
64 58 564
58 85 213
85 58 213
59 64 99
64 59 99
60 64 82
64 60 82
60 81 597
81 60 597
62 75 469
75 62 469
62 79 966
79 62 966
62 78 581
78 62 581
63 78 153
78 63 153
66 80 158
80 66 158
68 74 4
74 68 4
68 69 429
69 68 429
72 73 185
73 72 185
74 76 478
76 74 478
75 82 200
82 75 200
78 83 759
83 78 759
81 85 678
85 81 678
