68

0 1 34
1 0 34
0 6 541
6 0 541
0 30 637
30 0 637
0 51 446
51 0 446
0 62 404
62 0 404
0 28 208
28 0 208
0 35 841
35 0 841
0 41 148
41 0 148
0 46 153
46 0 153
1 2 363
2 1 363
1 12 714
12 1 714
1 22 55
22 1 55
1 42 505
42 1 505
1 43 967
43 1 967
1 54 813
54 1 813
1 58 527
58 1 527
1 35 661
35 1 661
1 46 7
46 1 7
1 37 577
37 1 577
1 65 966
65 1 966
1 13 950
13 1 950
1 57 433
57 1 433
2 3 658
3 2 658
2 4 289
4 2 289
2 5 59
5 2 59
2 9 454
9 2 454
2 15 619
15 2 619
2 17 6
17 2 6
2 16 247
16 2 247
2 16 336
16 2 336
3 40 213
40 3 213
3 35 64
35 3 64
4 16 982
16 4 982
4 35 848
35 4 848
4 65 836
65 4 836
4 8 395
8 4 395
4 26 825
26 4 825
4 23 368
23 4 368
5 7 130
7 5 130
5 18 616
18 5 616
5 19 575
19 5 575
5 28 274
28 5 274
5 34 337
34 5 337
5 36 304
36 5 304
5 39 353
39 5 353
5 50 622
50 5 622
5 25 939
25 5 939
5 36 192
36 5 192
6 8 579
8 6 579
6 23 274
23 6 274
6 26 57
26 6 57
6 20 713
20 6 713
6 10 397
10 6 397
6 33 582
33 6 582
6 28 130
28 6 130
7 11 531
11 7 531
7 24 816
24 7 816
7 31 897
31 7 897
7 33 173
33 7 173
7 45 938
45 7 938
7 8 633
8 7 633
7 45 432
45 7 432
7 53 696
53 7 696
7 19 847
19 7 847
8 37 349
37 8 349
8 67 771
67 8 771
8 57 967
57 8 967
8 64 692
64 8 692
8 55 655
55 8 655
9 10 390
10 9 390
9 20 569
20 9 569
9 47 903
47 9 903
9 15 771
15 9 771
10 13 858
13 10 858
10 14 954
14 10 954
10 49 423
49 10 423
11 29 128
29 11 128
11 52 567
52 11 567
11 28 287
28 11 287
11 63 236
63 11 236
11 49 917
49 11 917
12 59 132
59 12 132
12 56 785
56 12 785
12 41 999
41 12 999
12 35 114
35 12 114
12 30 690
30 12 690
12 62 868
62 12 868
14 21 858
21 14 858
14 50 632
50 14 632
14 18 734
18 14 734
14 31 886
31 14 886
15 25 125
25 15 125
15 61 431
61 15 431
15 32 990
32 15 990
15 56 897
56 15 897
15 65 133
65 15 133
16 41 777
41 16 777
16 20 37
20 16 37
17 48 757
48 17 757
17 67 813
67 17 813
18 46 778
46 18 778
18 65 544
65 18 544
18 28 33
28 18 33
19 44 964
44 19 964
19 49 521
49 19 521
19 61 136
61 19 136
20 60 857
60 20 857
20 26 247
26 20 247
20 39 203
39 20 203
21 32 355
32 21 355
21 50 196
50 21 196
22 48 148
48 22 148
22 28 757
28 22 757
23 54 294
54 23 294
24 27 712
27 24 712
24 29 334
29 24 334
25 27 238
27 25 238
25 66 610
66 25 610
26 61 303
61 26 303
26 58 939
58 26 939
26 60 434
60 26 434
27 43 321
43 27 321
27 64 553
64 27 553
28 60 191
60 28 191
29 53 274
53 29 274
30 35 661
35 30 661
30 31 64
31 30 64
31 38 730
38 31 730
31 45 658
45 31 658
31 59 524
59 31 524
31 44 650
44 31 650
31 61 14
61 31 14
32 64 552
64 32 552
32 66 337
66 32 337
32 41 160
41 32 160
32 37 963
37 32 963
32 46 637
46 32 637
33 59 32
59 33 32
33 61 761
61 33 761
33 65 730
65 33 730
34 46 927
46 34 927
34 37 861
37 34 861
35 56 427
56 35 427
35 56 237
56 35 237
35 55 595
55 35 595
36 63 766
63 36 766
36 36 58
36 36 58
36 40 654
40 36 654
36 55 225
55 36 225
36 63 388
63 36 388
36 60 746
60 36 746
37 40 415
40 37 415
37 40 1000
40 37 1000
38 57 857
57 38 857
38 61 674
61 38 674
39 57 195
57 39 195
40 63 438
63 40 438
41 67 354
67 41 354
41 57 395
57 41 395
41 54 788
54 41 788
42 50 743
50 42 743
44 55 196
55 44 196
45 66 36
66 45 36
46 53 523
53 46 523
46 51 626
51 46 626
47 49 108
49 47 108
47 60 340
60 47 340
49 55 875
55 49 875
49 50 207
50 49 207
50 55 444
55 50 444
50 63 59
63 50 59
50 57 927
57 50 927
51 53 333
53 51 333
53 57 636
57 53 636
56 61 212
61 56 212
57 64 434
64 57 434
59 63 906
63 59 906
59 65 947
65 59 947
61 62 347
62 61 347
63 66 202
66 63 202
65 67 294
67 65 294
