97

0 1 607
1 0 607
0 2 402
2 0 402
0 4 798
4 0 798
0 18 659
18 0 659
0 30 144
30 0 144
0 44 788
44 0 788
0 45 549
45 0 549
0 13 248
13 0 248
0 66 517
66 0 517
0 29 437
29 0 437
0 26 420
26 0 420
0 47 582
47 0 582
0 50 559
50 0 559
1 3 279
3 1 279
1 5 765
5 1 765
1 9 390
9 1 390
1 13 789
13 1 789
1 49 460
49 1 460
1 81 977
81 1 977
1 47 76
47 1 76
1 46 446
46 1 446
1 94 947
94 1 947
1 42 269
42 1 269
1 74 659
74 1 659
1 37 398
37 1 398
1 59 936
59 1 936
1 63 188
63 1 188
2 8 722
8 2 722
2 12 416
12 2 416
2 14 376
14 2 376
2 15 46
15 2 46
2 17 683
17 2 683
2 39 725
39 2 725
2 56 214
56 2 214
2 69 309
69 2 309
2 77 636
77 2 636
2 94 154
94 2 154
2 20 234
20 2 234
2 71 331
71 2 331
2 51 253
51 2 253
2 51 698
51 2 698
2 70 466
70 2 466
2 67 403
67 2 403
2 28 596
28 2 596
2 86 815
86 2 815
2 10 453
10 2 453
3 7 677
7 3 677
3 11 763
11 3 763
3 88 615
88 3 615
3 90 199
90 3 199
3 42 311
42 3 311
3 25 735
25 3 735
3 37 374
37 3 374
3 37 977
37 3 977
3 87 900
87 3 900
3 82 2
82 3 2
3 95 922
95 3 922
3 93 661
93 3 661
3 56 388
56 3 388
3 67 194
67 3 194
4 10 722
10 4 722
4 16 64
16 4 64
4 42 299
42 4 299
4 67 126
67 4 126
4 54 792
54 4 792
4 9 255
9 4 255
4 67 670
67 4 670
4 15 845
15 4 845
4 8 551
8 4 551
4 29 678
29 4 678
4 65 534
65 4 534
5 6 670
6 5 670
5 8 709
8 5 709
5 70 452
70 5 452
5 58 873
58 5 873
5 59 832
59 5 832
5 54 331
54 5 331
5 43 867
43 5 867
5 20 331
20 5 331
5 74 643
74 5 643
5 70 82
70 5 82
5 17 794
17 5 794
5 26 540
26 5 540
5 18 888
18 5 888
5 67 130
67 5 130
6 22 919
22 6 919
6 88 303
88 6 303
6 8 26
8 6 26
6 7 226
7 6 226
6 95 937
95 6 937
6 48 870
48 6 870
6 56 320
56 6 320
6 10 695
10 6 695
7 38 961
38 7 961
7 78 943
78 7 943
7 76 689
76 7 689
7 85 530
85 7 530
7 67 144
67 7 144
7 38 816
38 7 816
7 33 992
33 7 992
7 30 667
30 7 667
8 26 215
26 8 215
8 35 114
35 8 114
8 37 257
37 8 257
8 83 379
83 8 379
8 28 485
28 8 485
8 46 949
46 8 949
8 50 373
50 8 373
8 36 9
36 8 9
8 64 117
64 8 117
8 41 411
41 8 411
8 54 450
54 8 450
9 24 697
24 9 697
9 43 40
43 9 40
9 61 152
61 9 152
9 74 497
74 9 497
9 73 960
73 9 960
9 58 856
58 9 856
9 64 676
64 9 676
9 30 202
30 9 202
9 30 312
30 9 312
9 22 782
22 9 782
10 26 572
26 10 572
10 28 428
28 10 428
10 93 482
93 10 482
10 26 159
26 10 159
10 91 912
91 10 912
10 55 848
55 10 848
10 61 941
61 10 941
10 41 214
41 10 214
10 65 474
65 10 474
11 29 853
29 11 853
11 73 25
73 11 25
11 47 905
47 11 905
11 51 437
51 11 437
11 23 21
23 11 21
11 31 187
31 11 187
11 38 942
38 11 942
11 24 670
24 11 670
12 19 890
19 12 890
12 20 362
20 12 362
12 13 494
13 12 494
12 33 826
33 12 826
12 88 236
88 12 236
12 22 598
22 12 598
12 60 191
60 12 191
12 55 534
55 12 534
12 66 959
66 12 959
12 82 242
82 12 242
12 20 905
20 12 905
13 23 696
23 13 696
13 40 564
40 13 564
13 33 164
33 13 164
13 77 618
77 13 618
13 15 135
15 13 135
13 39 23
39 13 23
13 73 459
73 13 459
13 80 775
80 13 775
13 35 653
35 13 653
13 88 808
88 13 808
13 77 395
77 13 395
13 32 852
32 13 852
14 52 574
52 14 574
14 65 753
65 14 753
14 36 143
36 14 143
14 51 553
51 14 553
14 55 425
55 14 425
14 40 589
40 14 589
14 76 736
76 14 736
14 76 761
76 14 761
15 25 77
25 15 77
15 95 452
95 15 452
15 45 742
45 15 742
15 69 199
69 15 199
15 29 586
29 15 586
16 63 254
63 16 254
16 21 310
21 16 310
16 76 179
76 16 179
16 45 457
45 16 457
17 32 4
32 17 4
17 41 647
41 17 647
17 82 498
82 17 498
17 30 758
30 17 758
17 26 56
26 17 56
17 27 799
27 17 799
18 21 396
21 18 396
18 33 258
33 18 258
18 73 222
73 18 222
18 49 260
49 18 260
18 53 473
53 18 473
18 41 791
41 18 791
18 36 844
36 18 844
18 78 697
78 18 697
19 85 969
85 19 969
19 94 355
94 19 355
19 34 987
34 19 987
20 65 315
65 20 315
20 58 160
58 20 160
21 54 991
54 21 991
21 57 516
57 21 516
21 80 201
80 21 201
21 91 309
91 21 309
21 64 153
64 21 153
21 38 48
38 21 48
21 43 115
43 21 115
21 41 662
41 21 662
21 65 119
65 21 119
21 43 993
43 21 993
22 87 830
87 22 830
22 88 512
88 22 512
22 82 43
82 22 43
22 71 889
71 22 889
22 94 967
94 22 967
22 26 484
26 22 484
22 48 305
48 22 305
22 88 875
88 22 875
22 92 391
92 22 391
23 82 57
82 23 57
23 84 607
84 23 607
23 92 939
92 23 939
23 52 396
52 23 396
23 83 639
83 23 639
24 96 775
96 24 775
24 43 203
43 24 203
24 71 339
71 24 339
24 42 460
42 24 460
24 55 60
55 24 60
24 86 81
86 24 81
24 73 761
73 24 761
24 25 382
25 24 382
25 27 38
27 25 38
25 31 354
31 25 354
25 32 38
32 25 38
25 70 617
70 25 617
25 72 657
72 25 657
25 66 280
66 25 280
25 36 104
36 25 104
25 40 985
40 25 985
25 75 167
75 25 167
26 28 744
28 26 744
26 34 483
34 26 483
26 52 826
52 26 826
26 81 450
81 26 450
26 85 27
85 26 27
26 87 538
87 26 538
26 55 369
55 26 369
26 62 817
62 26 817
26 82 680
82 26 680
26 95 677
95 26 677
26 71 38
71 26 38
26 85 484
85 26 484
27 68 396
68 27 396
27 96 904
96 27 904
27 41 733
41 27 733
27 42 100
42 27 100
27 70 968
70 27 968
27 92 470
92 27 470
27 66 222
66 27 222
27 70 886
70 27 886
27 92 810
92 27 810
27 41 962
41 27 962
28 31 610
31 28 610
28 66 979
66 28 979
28 56 817
56 28 817
28 34 422
34 28 422
28 38 210
38 28 210
28 93 955
93 28 955
28 81 535
81 28 535
28 58 686
58 28 686
29 90 838
90 29 838
29 61 276
61 29 276
29 75 905
75 29 905
29 57 310
57 29 310
30 46 46
46 30 46
30 74 38
74 30 38
30 60 774
60 30 774
30 52 26
52 30 26
30 71 82
71 30 82
30 46 577
46 30 577
30 41 409
41 30 409
30 50 200
50 30 200
30 64 279
64 30 279
31 36 17
36 31 17
31 48 819
48 31 819
31 55 391
55 31 391
31 83 901
83 31 901
31 44 465
44 31 465
31 75 683
75 31 683
32 47 302
47 32 302
32 44 803
44 32 803
32 66 555
66 32 555
32 81 889
81 32 889
32 61 878
61 32 878
33 91 745
91 33 745
33 54 832
54 33 832
33 44 906
44 33 906
33 92 892
92 33 892
33 34 266
34 33 266
33 78 942
78 33 942
34 64 909
64 34 909
34 73 346
73 34 346
34 91 555
91 34 555
34 84 530
84 34 530
34 63 791
63 34 791
34 48 822
48 34 822
34 38 995
38 34 995
35 64 998
64 35 998
35 72 260
72 35 260
35 38 335
38 35 335
36 58 819
58 36 819
36 59 531
59 36 531
36 71 48
71 36 48
36 65 822
65 36 822
36 95 288
95 36 288
36 65 766
65 36 766
36 42 281
42 36 281
37 78 34
78 37 34
37 45 270
45 37 270
37 54 841
54 37 841
37 61 872
61 37 872
37 49 295
49 37 295
37 44 425
44 37 425
37 46 364
46 37 364
38 57 436
57 38 436
38 46 788
46 38 788
38 75 317
75 38 317
39 47 884
47 39 884
39 61 223
61 39 223
39 39 872
39 39 872
39 68 770
68 39 770
40 65 856
65 40 856
40 76 597
76 40 597
40 92 293
92 40 293
40 64 98
64 40 98
40 72 726
72 40 726
40 88 685
88 40 685
40 92 34
92 40 34
40 66 12
66 40 12
41 82 811
82 41 811
41 96 26
96 41 26
41 55 600
55 41 600
41 66 393
66 41 393
41 49 814
49 41 814
41 59 333
59 41 333
42 50 528
50 42 528
42 51 148
51 42 148
42 71 101
71 42 101
42 76 429
76 42 429
42 86 310
86 42 310
42 87 614
87 42 614
42 82 711
82 42 711
42 87 453
87 42 453
42 64 222
64 42 222
43 55 907
55 43 907
43 57 783
57 43 783
43 89 682
89 43 682
43 54 132
54 43 132
44 62 940
62 44 940
44 93 257
93 44 257
44 67 226
67 44 226
44 46 640
46 44 640
44 89 25
89 44 25
45 53 392
53 45 392
45 85 930
85 45 930
45 75 21
75 45 21
45 91 415
91 45 415
45 55 793
55 45 793
45 71 446
71 45 446
45 62 546
62 45 546
45 87 119
87 45 119
46 68 879
68 46 879
46 66 801
66 46 801
47 92 362
92 47 362
47 52 995
52 47 995
47 83 607
83 47 607
47 53 410
53 47 410
47 64 814
64 47 814
47 79 30
79 47 30
48 88 610
88 48 610
48 89 308
89 48 308
48 62 132
62 48 132
48 73 232
73 48 232
49 70 11
70 49 11
49 92 964
92 49 964
50 79 37
79 50 37
50 63 4
63 50 4
51 65 473
65 51 473
51 53 440
53 51 440
51 88 827
88 51 827
52 72 379
72 52 379
52 92 660
92 52 660
52 78 939
78 52 939
52 63 557
63 52 557
52 70 235
70 52 235
52 60 162
60 52 162
52 91 699
91 52 699
53 66 119
66 53 119
53 77 14
77 53 14
53 61 201
61 53 201
53 54 691
54 53 691
54 75 409
75 54 409
54 93 751
93 54 751
54 86 857
86 54 857
54 85 617
85 54 617
54 65 988
65 54 988
55 68 841
68 55 841
55 87 157
87 55 157
55 60 350
60 55 350
56 60 834
60 56 834
56 90 523
90 56 523
56 73 609
73 56 609
56 70 691
70 56 691
56 67 930
67 56 930
56 83 582
83 56 582
56 83 479
83 56 479
56 60 908
60 56 908
56 89 432
89 56 432
56 65 473
65 56 473
56 61 666
61 56 666
56 61 555
61 56 555
57 66 322
66 57 322
57 70 980
70 57 980
58 77 698
77 58 698
58 86 892
86 58 892
58 84 336
84 58 336
59 72 767
72 59 767
59 75 479
75 59 479
59 94 508
94 59 508
59 94 463
94 59 463
60 71 621
71 60 621
60 70 499
70 60 499
61 90 885
90 61 885
61 96 953
96 61 953
61 74 381
74 61 381
62 94 761
94 62 761
62 91 332
91 62 332
62 67 379
67 62 379
63 67 440
67 63 440
63 74 738
74 63 738
63 67 735
67 63 735
63 85 554
85 63 554
63 73 230
73 63 230
63 82 684
82 63 684
64 85 454
85 64 454
64 85 378
85 64 378
65 79 961
79 65 961
65 84 850
84 65 850
65 77 36
77 65 36
66 89 633
89 66 633
66 70 746
70 66 746
66 79 816
79 66 816
68 70 358
70 68 358
69 86 779
86 69 779
69 78 255
78 69 255
70 74 150
74 70 150
70 75 50
75 70 50
70 71 686
71 70 686
72 80 304
80 72 304
72 95 71
95 72 71
72 78 889
78 72 889
75 77 273
77 75 273
76 79 966
79 76 966
77 91 966
91 77 966
78 96 659
96 78 659
79 82 34
82 79 34
80 82 834
82 80 834
80 91 435
91 80 435
80 92 482
92 80 482
80 86 919
86 80 919
81 92 261
92 81 261
82 83 578
83 82 578
83 84 247
84 83 247
83 88 160
88 83 160
84 87 42
87 84 42
86 93 844
93 86 844
88 89 950
89 88 950
88 88 538
88 88 538
88 90 708
90 88 708
89 94 780
94 89 780
90 95 84
95 90 84
90 96 499
96 90 499
94 96 785
96 94 785
