98

0 1 583
1 0 583
0 2 321
2 0 321
0 5 202
5 0 202
0 59 167
59 0 167
0 8 228
8 0 228
0 17 361
17 0 361
0 97 604
97 0 604
0 9 113
9 0 113
0 38 872
38 0 872
0 26 34
26 0 34
0 37 664
37 0 664
0 88 865
88 0 865
0 40 647
40 0 647
1 3 648
3 1 648
1 6 175
6 1 175
1 45 478
45 1 478
1 77 744
77 1 744
1 17 145
17 1 145
1 35 319
35 1 319
1 97 348
97 1 348
1 26 143
26 1 143
1 67 368
67 1 368
1 88 410
88 1 410
1 88 875
88 1 875
2 4 996
4 2 996
2 28 864
28 2 864
2 95 2
95 2 2
2 80 995
80 2 995
2 97 15
97 2 15
2 42 344
42 2 344
2 34 900
34 2 900
2 86 667
86 2 667
2 53 991
53 2 991
3 27 808
27 3 808
3 92 530
92 3 530
3 11 430
11 3 430
3 96 80
96 3 80
3 15 93
15 3 93
3 49 892
49 3 892
3 70 626
70 3 626
3 37 36
37 3 36
3 91 366
91 3 366
4 13 376
13 4 376
4 15 910
15 4 910
4 24 70
24 4 70
4 45 251
45 4 251
4 48 415
48 4 415
4 53 190
53 4 190
4 54 670
54 4 670
4 93 344
93 4 344
4 60 733
60 4 733
4 53 347
53 4 347
4 48 688
48 4 688
4 91 445
91 4 445
4 82 921
82 4 921
4 36 299
36 4 299
4 44 284
44 4 284
4 51 143
51 4 143
5 7 437
7 5 437
5 9 925
9 5 925
5 36 765
36 5 765
5 38 141
38 5 141
5 47 42
47 5 42
5 84 788
84 5 788
5 43 1
43 5 1
5 57 770
57 5 770
5 34 31
34 5 31
5 42 265
42 5 265
5 66 362
66 5 362
6 8 738
8 6 738
6 11 991
11 6 991
6 14 28
14 6 28
6 22 367
22 6 367
6 68 344
68 6 344
6 36 637
36 6 637
6 93 623
93 6 623
6 57 438
57 6 438
7 24 332
24 7 332
7 70 621
70 7 621
7 56 999
56 7 999
7 16 618
16 7 618
7 26 736
26 7 736
7 66 830
66 7 830
8 10 844
10 8 844
8 21 567
21 8 567
8 26 485
26 8 485
8 24 387
24 8 387
8 74 381
74 8 381
8 68 350
68 8 350
8 45 248
45 8 248
8 12 129
12 8 129
8 48 565
48 8 565
8 17 435
17 8 435
8 85 40
85 8 40
8 65 481
65 8 481
9 44 490
44 9 490
9 86 150
86 9 150
9 56 167
56 9 167
9 63 545
63 9 545
9 97 84
97 9 84
10 12 939
12 10 939
10 25 905
25 10 905
10 29 531
29 10 531
10 60 427
60 10 427
10 79 123
79 10 123
10 48 467
48 10 467
10 30 964
30 10 964
10 31 226
31 10 226
10 51 185
51 10 185
10 54 301
54 10 301
10 37 466
37 10 466
10 10 892
10 10 892
11 81 123
81 11 123
11 20 914
20 11 914
11 61 855
61 11 855
11 88 541
88 11 541
11 56 637
56 11 637
11 97 221
97 11 221
12 18 659
18 12 659
12 40 688
40 12 688
12 83 138
83 12 138
12 87 453
87 12 453
12 82 455
82 12 455
12 77 861
77 12 861
13 41 326
41 13 326
13 95 224
95 13 224
13 44 694
44 13 694
13 84 834
84 13 834
14 16 475
16 14 475
14 82 552
82 14 552
14 75 536
75 14 536
14 58 743
58 14 743
14 56 363
56 14 363
14 57 98
57 14 98
14 49 1000
49 14 1000
15 19 452
19 15 452
15 37 677
37 15 677
15 75 8
75 15 8
15 80 423
80 15 423
15 80 85
80 15 85
15 45 389
45 15 389
16 17 962
17 16 962
16 20 227
20 16 227
16 24 647
24 16 647
16 32 99
32 16 99
16 25 139
25 16 139
16 74 190
74 16 190
16 51 448
51 16 448
17 32 117
32 17 117
17 72 153
72 17 153
17 93 573
93 17 573
17 55 740
55 17 740
18 20 97
20 18 97
18 33 182
33 18 182
18 84 769
84 18 769
18 62 80
62 18 80
18 68 55
68 18 55
18 93 100
93 18 100
18 44 452
44 18 452
18 53 879
53 18 879
19 26 343
26 19 343
19 43 143
43 19 143
19 70 288
70 19 288
19 97 283
97 19 283
20 31 768
31 20 768
20 61 905
61 20 905
20 62 681
62 20 681
20 85 395
85 20 395
20 22 751
22 20 751
20 35 970
35 20 970
21 62 972
62 21 972
21 68 244
68 21 244
21 92 290
92 21 290
21 27 866
27 21 866
21 76 122
76 21 122
21 89 321
89 21 321
22 23 610
23 22 610
22 52 116
52 22 116
22 39 737
39 22 737
22 46 825
46 22 825
22 89 804
89 22 804
22 75 654
75 22 654
22 45 829
45 22 829
22 25 19
25 22 19
23 35 358
35 23 358
23 68 387
68 23 387
23 74 212
74 23 212
23 95 464
95 23 464
23 23 830
23 23 830
23 55 91
55 23 91
23 48 550
48 23 550
24 42 691
42 24 691
24 43 156
43 24 156
24 61 682
61 24 682
24 65 994
65 24 994
24 89 832
89 24 832
24 37 298
37 24 298
24 48 59
48 24 59
25 33 58
33 25 58
25 71 193
71 25 193
25 63 482
63 25 482
25 60 748
60 25 748
25 33 634
33 25 634
26 31 268
31 26 268
26 45 935
45 26 935
26 75 379
75 26 379
26 38 200
38 26 200
26 75 92
75 26 92
26 30 189
30 26 189
26 49 236
49 26 236
27 49 500
49 27 500
27 70 471
70 27 471
27 34 135
34 27 135
27 92 39
92 27 39
27 63 517
63 27 517
27 89 433
89 27 433
28 30 318
30 28 318
28 47 517
47 28 517
28 39 116
39 28 116
29 46 630
46 29 630
29 95 240
95 29 240
29 72 751
72 29 751
29 58 126
58 29 126
29 71 182
71 29 182
29 66 477
66 29 477
29 72 34
72 29 34
30 56 336
56 30 336
30 87 400
87 30 400
30 85 251
85 30 251
30 35 714
35 30 714
30 38 537
38 30 537
30 56 664
56 30 664
30 77 770
77 30 770
30 92 628
92 30 628
30 71 823
71 30 823
31 34 967
34 31 967
31 51 866
51 31 866
31 47 679
47 31 679
31 60 114
60 31 114
31 97 642
97 31 642
32 85 55
85 32 55
32 53 47
53 32 47
32 72 578
72 32 578
32 59 799
59 32 799
33 41 598
41 33 598
33 78 6
78 33 6
34 63 498
63 34 498
34 77 472
77 34 472
34 89 474
89 34 474
34 86 659
86 34 659
34 92 719
92 34 719
34 51 770
51 34 770
35 71 304
71 35 304
35 54 74
54 35 74
35 37 991
37 35 991
35 88 549
88 35 549
35 88 928
88 35 928
35 39 311
39 35 311
36 39 560
39 36 560
36 52 742
52 36 742
36 78 165
78 36 165
36 37 189
37 36 189
36 57 142
57 36 142
36 46 586
46 36 586
36 84 364
84 36 364
36 94 906
94 36 906
37 94 455
94 37 455
37 55 560
55 37 560
38 97 424
97 38 424
38 92 742
92 38 742
38 90 782
90 38 782
38 57 322
57 38 322
38 83 749
83 38 749
38 67 222
67 38 222
39 55 698
55 39 698
39 69 128
69 39 128
39 85 94
85 39 94
39 61 350
61 39 350
39 76 202
76 39 202
39 83 455
83 39 455
39 77 975
77 39 975
40 67 461
67 40 461
40 69 713
69 40 713
40 47 53
47 40 53
41 58 485
58 41 485
41 83 982
83 41 982
41 42 338
42 41 338
42 50 518
50 42 518
42 90 985
90 42 985
42 43 738
43 42 738
42 45 91
45 42 91
42 42 801
42 42 801
43 49 618
49 43 618
43 46 158
46 43 158
43 85 40
85 43 40
43 72 879
72 43 879
43 64 89
64 43 89
44 70 928
70 44 928
44 59 400
59 44 400
45 59 748
59 45 748
45 70 355
70 45 355
45 60 902
60 45 902
46 59 873
59 46 873
46 96 408
96 46 408
46 97 335
97 46 335
46 85 581
85 46 581
46 68 678
68 46 678
47 83 125
83 47 125
47 64 261
64 47 261
48 70 991
70 48 991
48 70 251
70 48 251
48 84 654
84 48 654
48 77 204
77 48 204
48 72 317
72 48 317
49 76 54
76 49 54
49 93 282
93 49 282
49 97 592
97 49 592
49 93 707
93 49 707
49 93 425
93 49 425
50 57 88
57 50 88
50 74 622
74 50 622
50 53 847
53 50 847
50 69 12
69 50 12
51 86 204
86 51 204
51 61 732
61 51 732
52 83 379
83 52 379
52 88 369
88 52 369
52 75 175
75 52 175
52 55 185
55 52 185
52 85 428
85 52 428
52 90 13
90 52 13
53 79 816
79 53 816
53 94 800
94 53 800
53 57 100
57 53 100
54 66 869
66 54 869
54 93 276
93 54 276
54 91 56
91 54 56
54 68 21
68 54 21
55 64 224
64 55 224
55 75 604
75 55 604
55 71 713
71 55 713
55 59 361
59 55 361
56 71 793
71 56 793
56 71 587
71 56 587
57 80 677
80 57 677
57 89 346
89 57 346
57 87 993
87 57 993
58 81 426
81 58 426
59 75 142
75 59 142
59 97 468
97 59 468
60 94 159
94 60 159
61 62 660
62 61 660
61 83 628
83 61 628
61 71 327
71 61 327
63 73 914
73 63 914
63 82 799
82 63 799
63 96 78
96 63 78
63 91 738
91 63 738
65 78 117
78 65 117
66 95 236
95 66 236
66 81 500
81 66 500
66 91 329
91 66 329
67 71 151
71 67 151
67 85 590
85 67 590
67 75 204
75 67 204
68 89 693
89 68 693
68 72 103
72 68 103
68 80 625
80 68 625
69 90 859
90 69 859
69 80 125
80 69 125
71 84 286
84 71 286
74 87 231
87 74 231
75 94 483
94 75 483
77 93 568
93 77 568
77 84 24
84 77 24
78 85 663
85 78 663
78 87 824
87 78 824
78 95 50
95 78 50
78 97 819
97 78 819
79 88 272
88 79 272
79 92 949
92 79 949
80 95 48
95 80 48
80 91 598
91 80 598
81 85 372
85 81 372
81 88 487
88 81 487
83 84 306
84 83 306
85 93 206
93 85 206
85 97 778
97 85 778
85 93 751
93 85 751
85 95 342
95 85 342
86 91 101
91 86 101
86 96 457
96 86 457
88 92 401
92 88 401
90 91 79
91 90 79
90 94 451
94 90 451
90 95 93
95 90 93
91 95 776
95 91 776
96 97 369
97 96 369
96 96 136
96 96 136
96 97 663
97 96 663
