61

0 1 88
1 0 88
0 2 542
2 0 542
0 17 225
17 0 225
0 22 192
22 0 192
0 59 480
59 0 480
0 34 658
34 0 658
0 42 602
42 0 602
0 42 778
42 0 778
0 4 973
4 0 973
0 8 74
8 0 74
0 16 965
16 0 965
0 31 96
31 0 96
0 53 89
53 0 89
1 5 908
5 1 908
1 20 152
20 1 152
1 59 942
59 1 942
1 19 15
19 1 15
1 46 76
46 1 76
1 56 100
56 1 100
1 36 167
36 1 167
2 3 989
3 2 989
2 4 990
4 2 990
2 8 878
8 2 878
2 16 430
16 2 430
2 29 59
29 2 59
3 46 967
46 3 967
3 7 203
7 3 203
3 22 856
22 3 856
3 19 175
19 3 175
3 39 683
39 3 683
3 51 752
51 3 752
3 6 560
6 3 560
3 26 865
26 3 865
4 6 549
6 4 549
4 9 969
9 4 969
4 10 37
10 4 37
4 14 290
14 4 290
4 19 976
19 4 976
4 47 241
47 4 241
4 34 500
34 4 500
4 23 524
23 4 524
4 55 305
55 4 305
4 59 336
59 4 336
5 7 790
7 5 790
5 23 668
23 5 668
5 26 298
26 5 298
5 29 17
29 5 17
5 5 74
5 5 74
6 38 671
38 6 671
6 51 872
51 6 872
6 44 313
44 6 313
6 25 214
25 6 214
6 22 86
22 6 86
6 60 159
60 6 159
7 11 651
11 7 651
7 13 590
13 7 590
7 37 906
37 7 906
7 48 743
48 7 743
7 19 492
19 7 492
7 58 588
58 7 588
7 23 634
23 7 634
7 11 316
11 7 316
7 59 400
59 7 400
8 12 127
12 8 127
8 36 450
36 8 450
8 19 761
19 8 761
8 25 34
25 8 34
8 40 673
40 8 673
8 22 498
22 8 498
8 42 885
42 8 885
9 54 663
54 9 663
9 49 536
49 9 536
9 32 741
32 9 741
9 46 987
46 9 987
9 45 345
45 9 345
9 51 58
51 9 58
9 21 238
21 9 238
10 27 666
27 10 666
10 45 186
45 10 186
10 55 107
55 10 107
10 29 89
29 10 89
10 43 394
43 10 394
11 15 292
15 11 292
11 18 204
18 11 204
11 49 245
49 11 245
11 36 121
36 11 121
11 51 349
51 11 349
11 56 138
56 11 138
11 14 242
14 11 242
11 34 490
34 11 490
12 32 905
32 12 905
12 41 17
41 12 17
12 12 195
12 12 195
12 12 270
12 12 270
12 26 62
26 12 62
12 23 538
23 12 538
12 39 378
39 12 378
13 21 923
21 13 923
13 57 44
57 13 44
13 15 596
15 13 596
13 32 225
32 13 225
14 24 398
24 14 398
14 42 303
42 14 303
14 35 425
35 14 425
14 43 681
43 14 681
15 35 596
35 15 596
15 50 458
50 15 458
15 48 440
48 15 440
15 56 821
56 15 821
15 41 570
41 15 570
16 25 159
25 16 159
16 33 748
33 16 748
16 40 106
40 16 106
16 60 329
60 16 329
16 59 857
59 16 857
16 59 669
59 16 669
16 39 87
39 16 87
16 42 385
42 16 385
16 44 530
44 16 530
16 51 823
51 16 823
16 39 787
39 16 787
17 29 860
29 17 860
17 43 91
43 17 91
17 54 63
54 17 63
17 50 940
50 17 940
17 54 37
54 17 37
17 42 732
42 17 732
17 52 985
52 17 985
18 28 842
28 18 842
18 30 2
30 18 2
18 26 418
26 18 418
18 35 425
35 18 425
18 36 630
36 18 630
18 35 486
35 18 486
19 31 439
31 19 439
19 28 802
28 19 802
19 21 855
21 19 855
20 44 342
44 20 342
20 22 227
22 20 227
20 40 491
40 20 491
20 59 288
59 20 288
20 50 480
50 20 480
20 50 848
50 20 848
21 60 26
60 21 26
21 57 386
57 21 386
21 53 924
53 21 924
22 44 702
44 22 702
22 51 458
51 22 458
22 46 837
46 22 837
23 25 335
25 23 335
23 52 128
52 23 128
23 25 957
25 23 957
23 27 657
27 23 657
23 31 703
31 23 703
23 33 250
33 23 250
24 36 569
36 24 569
24 26 773
26 24 773
24 60 886
60 24 886
24 41 410
41 24 410
24 43 612
43 24 612
25 27 67
27 25 67
25 59 812
59 25 812
25 47 259
47 25 259
26 54 808
54 26 808
26 38 842
38 26 842
26 47 134
47 26 134
26 41 476
41 26 476
27 38 816
38 27 816
27 42 285
42 27 285
27 43 137
43 27 137
27 53 463
53 27 463
27 28 741
28 27 741
28 31 993
31 28 993
28 34 842
34 28 842
28 38 779
38 28 779
28 60 780
60 28 780
29 34 434
34 29 434
29 34 475
34 29 475
29 53 19
53 29 19
29 30 811
30 29 811
29 40 194
40 29 194
29 35 400
35 29 400
30 32 347
32 30 347
30 56 651
56 30 651
31 60 508
60 31 508
31 46 64
46 31 64
31 38 951
38 31 951
32 40 536
40 32 536
32 54 412
54 32 412
32 35 463
35 32 463
32 35 990
35 32 990
32 52 923
52 32 923
33 39 944
39 33 944
33 52 936
52 33 936
33 52 131
52 33 131
33 53 375
53 33 375
33 49 687
49 33 687
33 35 130
35 33 130
34 54 480
54 34 480
34 47 447
47 34 447
34 51 312
51 34 312
35 56 923
56 35 923
36 36 697
36 36 697
38 45 305
45 38 305
38 55 259
55 38 259
38 51 57
51 38 57
39 47 328
47 39 328
39 47 126
47 39 126
40 56 62
56 40 62
41 50 492
50 41 492
41 42 989
42 41 989
41 54 253
54 41 253
42 53 623
53 42 623
42 49 196
49 42 196
42 54 320
54 42 320
43 56 261
56 43 261
43 55 456
55 43 456
43 48 518
48 43 518
44 51 611
51 44 611
44 47 764
47 44 764
45 45 312
45 45 312
45 54 38
54 45 38
46 48 881
48 46 881
46 47 563
47 46 563
47 58 944
58 47 944
47 56 445
56 47 445
47 54 520
54 47 520
47 60 343
60 47 343
49 57 457
57 49 457
51 58 234
58 51 234
52 53 61
53 52 61
52 54 356
54 52 356
56 59 140
59 56 140
58 59 523
59 58 523
