100

0 1 337
1 0 337
0 6 574
6 0 574
0 9 969
9 0 969
0 17 944
17 0 944
0 27 224
27 0 224
0 37 29
37 0 29
0 5 791
5 0 791
0 36 340
36 0 340
0 28 944
28 0 944
0 76 395
76 0 395
0 35 923
35 0 923
0 89 519
89 0 519
0 68 659
68 0 659
0 47 144
47 0 144
0 44 264
44 0 264
0 51 832
51 0 832
0 70 174
70 0 174
0 69 788
69 0 788
0 60 316
60 0 316
0 45 13
45 0 13
0 91 874
91 0 874
0 29 353
29 0 353
0 99 902
99 0 902
0 42 124
42 0 124
1 2 737
2 1 737
1 8 12
8 1 12
1 10 346
10 1 346
1 53 168
53 1 168
1 79 534
79 1 534
1 95 763
95 1 763
1 52 468
52 1 468
1 12 745
12 1 745
1 94 304
94 1 304
1 68 530
68 1 530
1 65 413
65 1 413
1 34 141
34 1 141
1 69 396
69 1 396
1 74 656
74 1 656
1 27 144
27 1 144
1 67 584
67 1 584
1 95 807
95 1 807
1 33 943
33 1 943
1 47 606
47 1 606
1 8 665
8 1 665
1 32 274
32 1 274
2 3 718
3 2 718
2 32 680
32 2 680
2 47 540
47 2 540
2 8 309
8 2 309
2 22 385
22 2 385
2 49 19
49 2 19
2 55 470
55 2 470
2 86 701
86 2 701
2 3 72
3 2 72
2 6 782
6 2 782
3 4 739
4 3 739
3 88 831
88 3 831
3 17 315
17 3 315
3 97 74
97 3 74
3 28 467
28 3 467
3 37 70
37 3 70
3 60 371
60 3 371
3 7 630
7 3 630
3 91 487
91 3 487
3 59 869
59 3 869
3 4 69
4 3 69
3 53 950
53 3 950
3 93 77
93 3 77
3 61 943
61 3 943
3 53 950
53 3 950
3 48 506
48 3 506
3 49 127
49 3 127
3 37 801
37 3 801
4 5 728
5 4 728
4 7 256
7 4 256
4 15 449
15 4 449
4 45 676
45 4 676
4 58 40
58 4 40
4 13 273
13 4 273
4 36 200
36 4 200
4 91 717
91 4 717
4 13 990
13 4 990
4 32 797
32 4 797
4 92 973
92 4 973
4 8 436
8 4 436
4 53 160
53 4 160
4 88 376
88 4 376
4 82 710
82 4 710
4 53 918
53 4 918
4 14 481
14 4 481
5 18 755
18 5 755
5 23 583
23 5 583
5 39 765
39 5 765
5 65 164
65 5 164
5 10 35
10 5 35
5 66 292
66 5 292
5 89 672
89 5 672
5 96 853
96 5 853
5 65 295
65 5 295
5 14 79
14 5 79
5 32 183
32 5 183
5 55 299
55 5 299
5 13 827
13 5 827
5 97 692
97 5 692
5 57 536
57 5 536
5 49 695
49 5 695
5 37 484
37 5 484
5 79 54
79 5 54
5 79 158
79 5 158
6 75 617
75 6 617
6 77 885
77 6 885
6 51 532
51 6 532
6 9 684
9 6 684
6 72 643
72 6 643
6 37 712
37 6 712
6 64 843
64 6 843
6 53 818
53 6 818
6 16 83
16 6 83
6 75 201
75 6 201
6 67 677
67 6 677
6 87 130
87 6 130
6 64 948
64 6 948
6 56 887
56 6 887
6 44 966
44 6 966
6 11 424
11 6 424
6 13 954
13 6 954
6 48 6
48 6 6
7 20 143
20 7 143
7 25 281
25 7 281
7 32 757
32 7 757
7 72 926
72 7 926
7 45 111
45 7 111
7 41 560
41 7 560
7 10 769
10 7 769
7 88 379
88 7 379
7 84 827
84 7 827
7 21 228
21 7 228
7 96 333
96 7 333
7 50 518
50 7 518
7 81 797
81 7 797
7 66 100
66 7 100
7 92 400
92 7 400
7 95 480
95 7 480
7 97 845
97 7 845
7 22 759
22 7 759
7 21 327
21 7 327
7 28 901
28 7 901
7 64 789
64 7 789
8 41 123
41 8 123
8 79 63
79 8 63
8 18 858
18 8 858
8 42 940
42 8 940
8 47 535
47 8 535
8 45 926
45 8 926
8 71 198
71 8 198
8 28 886
28 8 886
8 12 145
12 8 145
8 67 807
67 8 807
8 98 833
98 8 833
8 66 768
66 8 768
8 67 610
67 8 610
8 88 492
88 8 492
8 75 114
75 8 114
9 13 240
13 9 240
9 14 332
14 9 332
9 16 10
16 9 10
9 36 76
36 9 76
9 37 82
37 9 82
9 32 500
32 9 500
9 87 310
87 9 310
9 74 220
74 9 220
9 28 798
28 9 798
9 59 100
59 9 100
9 37 29
37 9 29
9 88 828
88 9 828
9 48 246
48 9 246
9 17 606
17 9 606
9 16 503
16 9 503
9 46 316
46 9 316
9 70 565
70 9 565
9 24 580
24 9 580
9 16 61
16 9 61
9 19 458
19 9 458
10 11 109
11 10 109
10 12 539
12 10 539
10 28 568
28 10 568
10 29 688
29 10 688
10 41 444
41 10 444
10 98 548
98 10 548
10 13 660
13 10 660
10 95 246
95 10 246
10 45 903
45 10 903
10 81 256
81 10 256
10 39 203
39 10 203
10 21 189
21 10 189
10 63 867
63 10 867
10 75 203
75 10 203
10 97 466
97 10 466
11 34 626
34 11 626
11 56 411
56 11 411
11 18 858
18 11 858
11 38 323
38 11 323
11 45 637
45 11 637
11 53 407
53 11 407
11 52 584
52 11 584
11 66 726
66 11 726
11 71 565
71 11 565
11 63 494
63 11 494
11 22 784
22 11 784
11 27 439
27 11 439
11 62 920
62 11 920
11 49 395
49 11 395
11 81 682
81 11 682
12 19 154
19 12 154
12 76 254
76 12 254
12 48 609
48 12 609
12 19 195
19 12 195
12 98 264
98 12 264
12 26 640
26 12 640
12 39 187
39 12 187
12 46 402
46 12 402
12 26 895
26 12 895
12 73 960
73 12 960
12 26 867
26 12 867
12 75 138
75 12 138
12 83 937
83 12 937
12 15 245
15 12 245
12 52 145
52 12 145
12 77 830
77 12 830
12 39 838
39 12 838
12 33 119
33 12 119
12 36 644
36 12 644
12 93 61
93 12 61
12 41 11
41 12 11
12 57 852
57 12 852
13 21 251
21 13 251
13 33 184
33 13 184
13 58 641
58 13 641
13 89 129
89 13 129
13 73 97
73 13 97
13 56 877
56 13 877
13 52 454
52 13 454
13 42 773
42 13 773
13 48 906
48 13 906
13 44 537
44 13 537
13 29 284
29 13 284
13 88 181
88 13 181
14 38 205
38 14 205
14 76 905
76 14 905
14 38 785
38 14 785
14 72 739
72 14 739
14 27 668
27 14 668
14 60 404
60 14 404
14 84 595
84 14 595
14 49 90
49 14 90
14 17 586
17 14 586
15 67 78
67 15 78
15 78 401
78 15 401
15 65 540
65 15 540
15 67 674
67 15 674
15 48 273
48 15 273
15 65 101
65 15 101
15 19 278
19 15 278
15 19 97
19 15 97
15 31 850
31 15 850
15 88 698
88 15 698
15 66 298
66 15 298
15 37 567
37 15 567
15 88 207
88 15 207
15 76 327
76 15 327
15 23 845
23 15 845
15 48 419
48 15 419
15 78 188
78 15 188
16 62 822
62 16 822
16 77 86
77 16 86
16 32 373
32 16 373
16 53 163
53 16 163
16 52 797
52 16 797
16 93 878
93 16 878
16 78 45
78 16 45
16 87 769
87 16 769
16 69 973
69 16 973
16 34 313
34 16 313
16 84 520
84 16 520
16 28 979
28 16 979
16 18 545
18 16 545
16 52 700
52 16 700
16 84 175
84 16 175
16 27 966
27 16 966
16 86 681
86 16 681
16 77 884
77 16 884
17 52 867
52 17 867
17 32 287
32 17 287
17 63 440
63 17 440
17 33 966
33 17 966
17 30 47
30 17 47
17 48 115
48 17 115
17 91 22
91 17 22
17 84 316
84 17 316
17 60 310
60 17 310
17 46 219
46 17 219
17 39 706
39 17 706
17 42 350
42 17 350
17 22 455
22 17 455
17 37 162
37 17 162
17 61 36
61 17 36
17 43 736
43 17 736
17 82 415
82 17 415
17 26 958
26 17 958
17 79 811
79 17 811
18 24 913
24 18 913
18 74 195
74 18 195
18 91 783
91 18 783
18 99 45
99 18 45
18 93 124
93 18 124
18 30 918
30 18 918
18 30 924
30 18 924
18 46 625
46 18 625
18 83 465
83 18 465
18 98 252
98 18 252
18 58 950
58 18 950
18 49 974
49 18 974
18 75 453
75 18 453
18 75 203
75 18 203
18 20 84
20 18 84
19 26 183
26 19 183
19 51 555
51 19 555
19 71 757
71 19 757
19 88 520
88 19 520
19 74 78
74 19 78
19 74 717
74 19 717
19 52 155
52 19 155
19 49 54
49 19 54
19 33 558
33 19 558
19 91 79
91 19 79
19 58 170
58 19 170
19 34 790
34 19 790
19 73 439
73 19 439
20 22 734
22 20 734
20 54 339
54 20 339
20 99 780
99 20 780
20 86 967
86 20 967
20 27 667
27 20 667
20 96 361
96 20 361
20 39 666
39 20 666
20 44 282
44 20 282
20 96 559
96 20 559
20 38 837
38 20 837
21 50 860
50 21 860
21 78 451
78 21 451
21 23 937
23 21 937
21 89 53
89 21 53
21 60 772
60 21 772
21 67 920
67 21 920
21 97 851
97 21 851
21 93 798
93 21 798
21 80 824
80 21 824
21 92 587
92 21 587
21 84 378
84 21 378
22 44 516
44 22 516
22 77 804
77 22 804
22 80 520
80 22 520
22 94 515
94 22 515
22 43 119
43 22 119
22 63 80
63 22 80
22 23 839
23 22 839
22 89 877
89 22 877
22 57 611
57 22 611
23 75 408
75 23 408
23 42 137
42 23 137
23 52 745
52 23 745
23 56 108
56 23 108
23 59 130
59 23 130
23 96 365
96 23 365
23 98 691
98 23 691
23 65 959
65 23 959
23 92 760
92 23 760
23 85 522
85 23 522
23 63 451
63 23 451
24 30 854
30 24 854
24 79 356
79 24 356
24 26 56
26 24 56
24 27 915
27 24 915
24 51 622
51 24 622
24 45 156
45 24 156
24 76 923
76 24 923
24 68 63
68 24 63
24 90 958
90 24 958
24 38 842
38 24 842
24 56 209
56 24 209
24 40 972
40 24 972
24 65 467
65 24 467
24 65 855
65 24 855
24 25 770
25 24 770
24 73 180
73 24 180
25 58 703
58 25 703
25 62 110
62 25 110
25 53 826
53 25 826
25 91 123
91 25 123
25 52 80
52 25 80
25 68 836
68 25 836
25 31 417
31 25 417
25 95 115
95 25 115
25 80 647
80 25 647
25 92 599
92 25 599
25 38 862
38 25 862
25 61 323
61 25 323
25 51 933
51 25 933
25 26 567
26 25 567
25 78 592
78 25 592
25 52 465
52 25 465
25 26 808
26 25 808
25 91 774
91 25 774
26 99 167
99 26 167
26 82 147
82 26 147
26 89 799
89 26 799
26 33 185
33 26 185
26 42 195
42 26 195
26 69 777
69 26 777
26 56 281
56 26 281
26 90 865
90 26 865
26 96 35
96 26 35
26 99 221
99 26 221
26 82 892
82 26 892
26 78 644
78 26 644
26 70 559
70 26 559
26 28 2
28 26 2
26 43 465
43 26 465
27 49 114
49 27 114
27 40 685
40 27 685
27 84 682
84 27 682
27 53 127
53 27 127
27 28 14
28 27 14
27 71 200
71 27 200
27 57 440
57 27 440
27 44 644
44 27 644
27 44 18
44 27 18
27 42 191
42 27 191
27 97 60
97 27 60
27 90 122
90 27 122
27 37 35
37 27 35
28 63 990
63 28 990
28 36 336
36 28 336
28 87 954
87 28 954
28 78 277
78 28 277
28 43 635
43 28 635
28 97 560
97 28 560
28 91 42
91 28 42
28 90 256
90 28 256
28 52 97
52 28 97
28 71 731
71 28 731
28 93 206
93 28 206
28 77 511
77 28 511
28 47 248
47 28 248
29 97 921
97 29 921
29 59 259
59 29 259
29 80 205
80 29 205
29 94 460
94 29 460
29 66 727
66 29 727
29 43 267
43 29 267
29 48 118
48 29 118
29 57 237
57 29 237
29 72 831
72 29 831
29 32 390
32 29 390
29 89 330
89 29 330
30 31 617
31 30 617
30 73 267
73 30 267
30 52 767
52 30 767
30 91 84
91 30 84
30 85 716
85 30 716
30 96 596
96 30 596
30 82 656
82 30 656
30 95 488
95 30 488
30 81 99
81 30 99
31 35 606
35 31 606
31 40 460
40 31 460
31 70 482
70 31 482
31 85 204
85 31 204
31 88 168
88 31 168
31 56 330
56 31 330
31 67 236
67 31 236
31 32 400
32 31 400
31 36 887
36 31 887
31 77 601
77 31 601
31 74 741
74 31 741
31 38 955
38 31 955
31 32 108
32 31 108
31 59 51
59 31 51
32 43 342
43 32 342
32 46 582
46 32 582
32 59 405
59 32 405
32 82 746
82 32 746
32 35 383
35 32 383
32 53 571
53 32 571
32 59 229
59 32 229
32 64 864
64 32 864
32 83 378
83 32 378
32 51 142
51 32 142
32 55 176
55 32 176
32 58 675
58 32 675
32 55 718
55 32 718
32 41 265
41 32 265
32 45 411
45 32 411
32 78 464
78 32 464
32 60 745
60 32 745
32 35 662
35 32 662
32 38 954
38 32 954
32 60 765
60 32 765
32 65 208
65 32 208
33 68 134
68 33 134
33 39 870
39 33 870
33 47 996
47 33 996
33 47 984
47 33 984
33 48 657
48 33 657
33 97 17
97 33 17
33 70 987
70 33 987
33 42 482
42 33 482
33 63 289
63 33 289
33 93 142
93 33 142
33 97 649
97 33 649
33 63 752
63 33 752
33 94 81
94 33 81
33 37 815
37 33 815
33 80 166
80 33 166
34 72 460
72 34 460
34 52 19
52 34 19
34 75 269
75 34 269
34 98 531
98 34 531
34 76 857
76 34 857
34 35 128
35 34 128
34 99 653
99 34 653
34 42 815
42 34 815
34 97 110
97 34 110
35 44 415
44 35 415
35 43 743
43 35 743
35 70 417
70 35 417
35 48 217
48 35 217
35 70 87
70 35 87
35 35 148
35 35 148
35 44 136
44 35 136
35 87 132
87 35 132
35 43 377
43 35 377
35 77 899
77 35 899
35 42 299
42 35 299
36 48 910
48 36 910
36 57 502
57 36 502
36 70 735
70 36 735
36 80 669
80 36 669
36 83 465
83 36 465
36 90 521
90 36 521
36 78 507
78 36 507
36 72 247
72 36 247
36 97 816
97 36 816
36 53 537
53 36 537
36 48 186
48 36 186
36 72 347
72 36 347
36 65 234
65 36 234
36 71 986
71 36 986
36 93 169
93 36 169
36 91 247
91 36 247
36 48 791
48 36 791
36 61 28
61 36 28
36 84 608
84 36 608
37 84 180
84 37 180
37 60 933
60 37 933
37 72 317
72 37 317
37 71 574
71 37 574
37 57 708
57 37 708
37 80 936
80 37 936
37 85 633
85 37 633
37 95 634
95 37 634
37 43 408
43 37 408
37 74 201
74 37 201
37 74 530
74 37 530
37 43 798
43 37 798
38 42 885
42 38 885
38 45 734
45 38 734
38 51 709
51 38 709
38 55 934
55 38 934
38 53 386
53 38 386
38 53 168
53 38 168
38 59 2
59 38 2
38 69 19
69 38 19
38 74 956
74 38 956
38 85 335
85 38 335
38 49 923
49 38 923
38 50 174
50 38 174
38 88 74
88 38 74
39 68 355
68 39 355
39 42 690
42 39 690
39 53 981
53 39 981
39 81 355
81 39 355
39 99 350
99 39 350
39 57 21
57 39 21
39 76 983
76 39 983
39 42 116
42 39 116
39 89 568
89 39 568
39 45 105
45 39 105
40 71 565
71 40 565
40 43 159
43 40 159
40 92 930
92 40 930
40 49 227
49 40 227
40 81 516
81 40 516
40 66 24
66 40 24
40 86 8
86 40 8
41 83 911
83 41 911
41 65 517
65 41 517
41 94 825
94 41 825
41 68 927
68 41 927
41 44 58
44 41 58
41 87 422
87 41 422
41 51 516
51 41 516
42 62 620
62 42 620
42 94 581
94 42 581
42 91 488
91 42 488
42 45 519
45 42 519
42 59 771
59 42 771
42 74 100
74 42 100
42 68 701
68 42 701
42 58 654
58 42 654
42 72 586
72 42 586
42 93 630
93 42 630
42 63 376
63 42 376
42 88 40
88 42 40
42 77 907
77 42 907
43 91 717
91 43 717
43 60 827
60 43 827
43 94 625
94 43 625
43 85 150
85 43 150
43 83 891
83 43 891
43 53 320
53 43 320
43 95 707
95 43 707
43 53 930
53 43 930
43 47 843
47 43 843
44 99 519
99 44 519
44 76 763
76 44 763
44 98 215
98 44 215
44 78 383
78 44 383
44 68 64
68 44 64
44 55 487
55 44 487
44 98 165
98 44 165
44 92 862
92 44 862
44 88 951
88 44 951
44 57 202
57 44 202
44 77 817
77 44 817
44 77 202
77 44 202
44 60 506
60 44 506
44 47 184
47 44 184
44 51 334
51 44 334
45 47 659
47 45 659
45 55 287
55 45 287
45 59 271
59 45 271
45 65 81
65 45 81
45 96 604
96 45 604
45 92 157
92 45 157
45 74 659
74 45 659
45 75 518
75 45 518
45 87 100
87 45 100
45 58 191
58 45 191
45 59 293
59 45 293
45 90 971
90 45 971
46 86 747
86 46 747
46 94 98
94 46 98
46 67 216
67 46 216
46 84 795
84 46 795
46 86 920
86 46 920
46 59 357
59 46 357
46 88 530
88 46 530
46 69 601
69 46 601
47 91 759
91 47 759
47 55 707
55 47 707
47 74 533
74 47 533
47 50 892
50 47 892
47 79 823
79 47 823
47 83 273
83 47 273
47 58 457
58 47 457
47 96 166
96 47 166
47 94 414
94 47 414
47 56 851
56 47 851
47 48 92
48 47 92
47 87 276
87 47 276
48 94 737
94 48 737
48 69 397
69 48 397
48 71 96
71 48 96
49 55 66
55 49 66
49 82 176
82 49 176
49 49 728
49 49 728
49 75 337
75 49 337
49 56 765
56 49 765
49 91 613
91 49 613
49 62 869
62 49 869
49 69 43
69 49 43
50 64 737
64 50 737
50 73 641
73 50 641
50 66 873
66 50 873
50 64 79
64 50 79
50 87 151
87 50 151
50 71 707
71 50 707
50 56 113
56 50 113
51 75 275
75 51 275
51 52 408
52 51 408
51 72 473
72 51 473
51 91 456
91 51 456
51 71 170
71 51 170
51 78 171
78 51 171
51 92 674
92 51 674
51 52 704
52 51 704
51 52 436
52 51 436
51 74 78
74 51 78
51 69 377
69 51 377
51 80 357
80 51 357
52 90 787
90 52 787
52 87 796
87 52 796
52 84 714
84 52 714
52 76 662
76 52 662
52 57 661
57 52 661
52 98 607
98 52 607
52 89 141
89 52 141
52 97 737
97 52 737
52 79 733
79 52 733
52 63 493
63 52 493
52 52 649
52 52 649
52 80 885
80 52 885
52 70 441
70 52 441
52 92 684
92 52 684
53 66 97
66 53 97
53 69 775
69 53 775
53 58 304
58 53 304
53 78 532
78 53 532
53 79 677
79 53 677
54 63 729
63 54 729
54 77 95
77 54 95
54 84 42
84 54 42
54 71 137
71 54 137
54 55 478
55 54 478
55 93 581
93 55 581
55 98 99
98 55 99
55 58 8
58 55 8
55 60 285
60 55 285
55 73 625
73 55 625
55 66 918
66 55 918
55 62 631
62 55 631
55 62 13
62 55 13
56 61 690
61 56 690
56 64 372
64 56 372
56 91 18
91 56 18
56 96 906
96 56 906
56 75 565
75 56 565
56 60 796
60 56 796
57 73 281
73 57 281
57 96 239
96 57 239
57 97 291
97 57 291
57 95 415
95 57 415
57 73 629
73 57 629
57 65 92
65 57 92
57 99 748
99 57 748
57 89 773
89 57 773
57 60 479
60 57 479
57 89 143
89 57 143
57 79 353
79 57 353
58 60 875
60 58 875
58 95 984
95 58 984
58 70 374
70 58 374
58 93 544
93 58 544
58 85 247
85 58 247
58 81 988
81 58 988
58 72 51
72 58 51
59 85 49
85 59 49
59 59 730
59 59 730
59 73 393
73 59 393
59 84 973
84 59 973
59 93 497
93 59 497
59 85 876
85 59 876
59 73 900
73 59 900
60 72 899
72 60 899
60 78 641
78 60 641
60 82 637
82 60 637
60 66 182
66 60 182
60 68 415
68 60 415
60 62 886
62 60 886
60 73 737
73 60 737
60 98 648
98 60 648
60 63 955
63 60 955
60 99 368
99 60 368
61 87 58
87 61 58
61 94 886
94 61 886
61 61 563
61 61 563
61 87 276
87 61 276
61 82 454
82 61 454
61 79 33
79 61 33
61 80 235
80 61 235
61 94 550
94 61 550
62 86 27
86 62 27
62 75 777
75 62 777
62 77 787
77 62 787
62 94 583
94 62 583
62 74 924
74 62 924
62 82 708
82 62 708
62 76 775
76 62 775
62 75 815
75 62 815
62 74 133
74 62 133
63 98 62
98 63 62
63 86 992
86 63 992
63 64 675
64 63 675
63 82 458
82 63 458
63 88 369
88 63 369
63 96 812
96 63 812
63 83 5
83 63 5
64 87 436
87 64 436
64 70 110
70 64 110
64 73 729
73 64 729
64 69 917
69 64 917
64 67 246
67 64 246
64 66 558
66 64 558
64 99 524
99 64 524
64 82 963
82 64 963
64 65 600
65 64 600
64 75 389
75 64 389
64 93 872
93 64 872
65 81 426
81 65 426
65 79 78
79 65 78
65 74 275
74 65 275
65 70 723
70 65 723
66 78 974
78 66 974
66 89 120
89 66 120
66 68 536
68 66 536
66 86 351
86 66 351
66 72 89
72 66 89
67 80 676
80 67 676
67 97 480
97 67 480
67 96 672
96 67 672
67 84 637
84 67 637
68 92 321
92 68 321
68 78 320
78 68 320
68 99 611
99 68 611
68 97 372
97 68 372
68 94 685
94 68 685
69 91 858
91 69 858
69 70 423
70 69 423
69 90 670
90 69 670
69 78 517
78 69 517
70 82 170
82 70 170
70 71 202
71 70 202
70 98 500
98 70 500
71 82 868
82 71 868
71 91 487
91 71 487
71 83 617
83 71 617
71 74 481
74 71 481
71 84 867
84 71 867
71 72 162
72 71 162
71 91 32
91 71 32
71 92 31
92 71 31
72 80 789
80 72 789
73 79 118
79 73 118
73 78 74
78 73 74
73 85 459
85 73 459
73 98 903
98 73 903
73 93 388
93 73 388
73 98 330
98 73 330
73 98 441
98 73 441
74 91 642
91 74 642
75 99 672
99 75 672
75 88 996
88 75 996
75 98 934
98 75 934
75 91 268
91 75 268
76 90 513
90 76 513
76 99 547
99 76 547
76 81 222
81 76 222
77 80 684
80 77 684
77 87 388
87 77 388
77 82 905
82 77 905
78 91 607
91 78 607
78 95 91
95 78 91
78 86 866
86 78 866
78 95 148
95 78 148
78 87 899
87 78 899
78 90 931
90 78 931
78 88 456
88 78 456
80 99 125
99 80 125
80 81 201
81 80 201
80 82 330
82 80 330
80 92 662
92 80 662
80 97 966
97 80 966
81 90 722
90 81 722
81 85 273
85 81 273
82 85 462
85 82 462
82 83 627
83 82 627
83 94 707
94 83 707
83 86 689
86 83 689
84 88 668
88 84 668
84 89 482
89 84 482
85 94 238
94 85 238
86 88 476
88 86 476
87 98 230
98 87 230
88 95 363
95 88 363
89 95 179
95 89 179
89 99 114
99 89 114
89 99 48
99 89 48
89 95 777
95 89 777
90 95 40
95 90 40
90 91 825
91 90 825
90 97 210
97 90 210
90 94 405
94 90 405
90 92 186
92 90 186
90 95 544
95 90 544
91 98 558
98 91 558
91 95 947
95 91 947
91 94 551
94 91 551
92 92 470
92 92 470
92 93 94
93 92 94
92 99 17
99 92 17
93 96 175
96 93 175
99 99 134
99 99 134
