69

0 1 819
1 0 819
0 3 730
3 0 730
0 8 329
8 0 329
0 47 272
47 0 272
0 8 366
8 0 366
0 62 630
62 0 630
1 2 991
2 1 991
1 4 358
4 1 358
1 5 318
5 1 318
1 7 175
7 1 175
1 50 992
50 1 992
1 31 706
31 1 706
1 15 991
15 1 991
1 9 698
9 1 698
2 6 477
6 2 477
2 27 263
27 2 263
2 49 796
49 2 796
2 18 658
18 2 658
2 12 874
12 2 874
2 62 143
62 2 143
2 48 705
48 2 705
3 56 593
56 3 593
3 29 314
29 3 314
3 4 922
4 3 922
3 18 677
18 3 677
3 3 97
3 3 97
3 68 971
68 3 971
3 20 241
20 3 241
3 54 320
54 3 320
4 11 109
11 4 109
4 40 895
40 4 895
4 20 560
20 4 560
4 67 97
67 4 97
4 22 567
22 4 567
4 52 431
52 4 431
5 9 617
9 5 617
5 24 795
24 5 795
5 45 893
45 5 893
5 50 350
50 5 350
5 25 900
25 5 900
5 50 116
50 5 116
5 48 702
48 5 702
5 39 524
39 5 524
5 17 90
17 5 90
5 46 134
46 5 134
5 22 869
22 5 869
5 58 449
58 5 449
5 27 405
27 5 405
5 54 988
54 5 988
6 12 109
12 6 109
6 14 995
14 6 995
6 39 150
39 6 150
6 9 399
9 6 399
6 23 975
23 6 975
6 16 520
16 6 520
6 56 583
56 6 583
6 46 427
46 6 427
6 27 308
27 6 308
6 57 769
57 6 769
6 57 505
57 6 505
6 24 40
24 6 40
7 10 631
10 7 631
7 13 99
13 7 99
7 33 368
33 7 368
7 18 286
18 7 286
7 25 563
25 7 563
7 13 352
13 7 352
8 16 612
16 8 612
8 21 659
21 8 659
8 24 498
24 8 498
8 53 167
53 8 167
8 57 822
57 8 822
8 28 170
28 8 170
8 16 686
16 8 686
8 48 221
48 8 221
8 37 562
37 8 562
8 50 696
50 8 696
8 46 719
46 8 719
9 15 423
15 9 423
9 20 289
20 9 289
9 31 339
31 9 339
9 26 295
26 9 295
9 60 218
60 9 218
10 23 102
23 10 102
10 34 762
34 10 762
10 44 764
44 10 764
10 19 682
19 10 682
11 17 159
17 11 159
11 60 824
60 11 824
11 39 464
39 11 464
11 20 61
20 11 61
11 42 542
42 11 542
11 58 123
58 11 123
11 44 705
44 11 705
11 16 637
16 11 637
11 36 677
36 11 677
11 32 624
32 11 624
12 36 250
36 12 250
12 65 417
65 12 417
12 67 757
67 12 757
12 43 650
43 12 650
12 27 881
27 12 881
13 61 663
61 13 663
13 45 37
45 13 37
13 40 124
40 13 124
13 30 138
30 13 138
13 24 623
24 13 623
13 23 728
23 13 728
13 64 278
64 13 278
13 45 55
45 13 55
14 19 728
19 14 728
14 34 125
34 14 125
14 38 156
38 14 156
14 24 893
24 14 893
14 28 9
28 14 9
14 17 185
17 14 185
14 37 753
37 14 753
14 67 765
67 14 765
14 51 915
51 14 915
15 23 943
23 15 943
15 28 538
28 15 538
15 22 707
22 15 707
15 60 572
60 15 572
16 18 977
18 16 977
16 22 618
22 16 618
16 43 259
43 16 259
16 64 51
64 16 51
16 47 529
47 16 529
16 19 880
19 16 880
16 63 158
63 16 158
16 28 54
28 16 54
17 49 562
49 17 562
18 33 327
33 18 327
19 26 131
26 19 131
19 22 757
22 19 757
19 61 783
61 19 783
19 19 911
19 19 911
19 35 797
35 19 797
20 35 359
35 20 359
20 30 601
30 20 601
20 65 8
65 20 8
20 47 750
47 20 750
20 24 30
24 20 30
20 48 478
48 20 478
20 61 742
61 20 742
20 43 577
43 20 577
21 25 576
25 21 576
21 52 298
52 21 298
21 66 930
66 21 930
21 51 834
51 21 834
22 32 131
32 22 131
22 37 581
37 22 581
22 57 743
57 22 743
22 43 367
43 22 367
22 33 675
33 22 675
23 35 227
35 23 227
23 53 770
53 23 770
23 42 803
42 23 803
23 47 553
47 23 553
23 27 876
27 23 876
23 34 336
34 23 336
24 37 715
37 24 715
24 67 800
67 24 800
24 64 581
64 24 581
24 56 729
56 24 729
24 62 907
62 24 907
25 44 980
44 25 980
25 44 959
44 25 959
25 45 232
45 25 232
25 40 927
40 25 927
26 54 659
54 26 659
26 29 416
29 26 416
26 34 66
34 26 66
26 47 695
47 26 695
27 29 625
29 27 625
27 30 676
30 27 676
27 58 185
58 27 185
28 41 436
41 28 436
28 57 800
57 28 800
29 52 894
52 29 894
29 67 516
67 29 516
29 48 568
48 29 568
29 56 843
56 29 843
29 56 150
56 29 150
30 57 748
57 30 748
30 45 424
45 30 424
30 66 319
66 30 319
30 60 675
60 30 675
31 51 698
51 31 698
31 32 203
32 31 203
32 67 465
67 32 465
32 42 905
42 32 905
32 57 686
57 32 686
33 43 844
43 33 844
33 40 824
40 33 824
33 52 996
52 33 996
34 46 238
46 34 238
34 54 125
54 34 125
34 45 386
45 34 386
35 42 328
42 35 328
35 54 388
54 35 388
35 40 943
40 35 943
35 50 61
50 35 61
35 37 809
37 35 809
35 45 786
45 35 786
36 48 196
48 36 196
36 50 536
50 36 536
36 40 17
40 36 17
37 68 929
68 37 929
37 56 293
56 37 293
38 50 701
50 38 701
38 38 347
38 38 347
38 57 958
57 38 958
40 50 652
50 40 652
40 65 746
65 40 746
40 50 341
50 40 341
41 47 742
47 41 742
41 48 945
48 41 945
41 57 15
57 41 15
42 67 824
67 42 824
42 45 364
45 42 364
42 60 271
60 42 271
43 54 544
54 43 544
43 64 276
64 43 276
43 54 481
54 43 481
43 54 430
54 43 430
44 67 587
67 44 587
45 68 757
68 45 757
45 59 116
59 45 116
46 67 854
67 46 854
46 68 865
68 46 865
47 52 318
52 47 318
47 59 671
59 47 671
48 60 751
60 48 751
48 66 438
66 48 438
48 51 146
51 48 146
49 54 15
54 49 15
49 59 941
59 49 941
49 52 190
52 49 190
50 55 55
55 50 55
50 59 703
59 50 703
50 62 893
62 50 893
50 50 541
50 50 541
50 55 825
55 50 825
52 64 673
64 52 673
53 58 131
58 53 131
53 63 879
63 53 879
54 58 368
58 54 368
54 66 266
66 54 266
54 65 824
65 54 824
55 60 7
60 55 7
57 60 196
60 57 196
58 67 566
67 58 566
59 63 260
63 59 260
59 61 189
61 59 189
60 65 925
65 60 925
63 66 584
66 63 584
63 64 473
64 63 473
