37

0 1 352
1 0 352
0 2 735
2 0 735
0 3 515
3 0 515
0 9 29
9 0 29
0 15 114
15 0 114
0 20 176
20 0 176
0 33 640
33 0 640
0 33 727
33 0 727
0 12 723
12 0 723
0 7 840
7 0 840
0 7 48
7 0 48
1 4 484
4 1 484
1 5 113
5 1 113
1 13 30
13 1 30
1 17 857
17 1 857
1 31 729
31 1 729
1 36 165
36 1 165
1 5 92
5 1 92
1 27 919
27 1 919
1 26 337
26 1 337
1 23 887
23 1 887
1 14 437
14 1 437
1 29 96
29 1 96
1 32 298
32 1 298
1 24 352
24 1 352
1 16 326
16 1 326
2 12 797
12 2 797
2 21 381
21 2 381
2 24 179
24 2 179
2 27 661
27 2 661
2 14 8
14 2 8
2 10 767
10 2 767
2 2 351
2 2 351
3 6 339
6 3 339
3 27 132
27 3 132
3 6 135
6 3 135
3 36 730
36 3 730
3 17 965
17 3 965
3 11 918
11 3 918
4 16 524
16 4 524
4 18 880
18 4 880
4 28 113
28 4 113
4 27 666
27 4 666
4 11 91
11 4 91
4 33 566
33 4 566
4 9 130
9 4 130
4 23 998
23 4 998
5 8 151
8 5 151
5 10 299
10 5 299
5 22 774
22 5 774
5 21 714
21 5 714
5 7 794
7 5 794
5 20 544
20 5 544
5 9 319
9 5 319
5 7 175
7 5 175
5 27 483
27 5 483
6 7 258
7 6 258
6 16 646
16 6 646
6 29 217
29 6 217
6 21 562
21 6 562
7 11 645
11 7 645
7 24 994
24 7 994
7 21 398
21 7 398
7 13 918
13 7 918
7 11 702
11 7 702
7 16 356
16 7 356
7 15 202
15 7 202
7 25 298
25 7 298
7 20 555
20 7 555
7 13 85
13 7 85
8 22 682
22 8 682
8 17 41
17 8 41
8 30 158
30 8 158
8 31 363
31 8 363
8 25 627
25 8 627
8 34 314
34 8 314
8 10 167
10 8 167
9 25 225
25 9 225
9 35 659
35 9 659
9 22 277
22 9 277
10 29 289
29 10 289
10 32 178
32 10 178
10 32 473
32 10 473
10 23 494
23 10 494
11 25 990
25 11 990
11 35 733
35 11 733
12 14 191
14 12 191
12 34 213
34 12 213
12 14 560
14 12 560
12 33 113
33 12 113
12 14 164
14 12 164
13 15 844
15 13 844
13 27 629
27 13 629
13 16 809
16 13 809
13 32 200
32 13 200
13 22 711
22 13 711
14 30 477
30 14 477
15 25 837
25 15 837
16 30 557
30 16 557
16 28 393
28 16 393
16 23 152
23 16 152
16 22 708
22 16 708
17 23 118
23 17 118
17 27 409
27 17 409
17 35 850
35 17 850
17 21 524
21 17 524
17 25 925
25 17 925
17 34 657
34 17 657
18 19 179
19 18 179
18 36 914
36 18 914
18 20 935
20 18 935
18 34 264
34 18 264
18 34 118
34 18 118
18 29 478
29 18 478
18 22 62
22 18 62
18 21 802
21 18 802
19 29 619
29 19 619
19 32 102
32 19 102
20 27 902
27 20 902
20 35 498
35 20 498
21 27 301
27 21 301
21 28 563
28 21 563
21 34 179
34 21 179
23 30 803
30 23 803
24 26 100
26 24 100
24 35 345
35 24 345
24 27 657
27 24 657
24 30 142
30 24 142
24 28 235
28 24 235
24 25 44
25 24 44
25 32 596
32 25 596
25 33 590
33 25 590
25 36 578
36 25 578
25 36 922
36 25 922
26 26 881
26 26 881
27 30 732
30 27 732
28 30 377
30 28 377
29 30 871
30 29 871
31 34 521
34 31 521
32 35 273
35 32 273
