100

0 1 244
1 0 244
0 5 707
5 0 707
0 27 244
27 0 244
1 2 431
2 1 431
1 8 177
8 1 177
2 3 728
3 2 728
2 4 436
4 2 436
2 6 938
6 2 938
2 7 335
7 2 335
2 66 490
66 2 490
2 86 871
86 2 871
2 93 234
93 2 234
3 15 803
15 3 803
3 60 828
60 3 828
3 91 90
91 3 90
4 10 396
10 4 396
4 12 603
12 4 603
4 16 825
16 4 825
4 20 888
20 4 888
4 22 341
22 4 341
5 21 70
21 5 70
5 26 408
26 5 408
5 98 787
98 5 787
6 18 24
18 6 24
6 78 143
78 6 143
7 9 806
9 7 806
7 14 113
14 7 113
7 34 211
34 7 211
7 45 628
45 7 628
7 46 583
46 7 583
7 82 726
82 7 726
7 36 609
36 7 609
8 11 273
11 8 273
8 29 55
29 8 55
8 42 284
42 8 284
9 13 155
13 9 155
9 24 890
24 9 890
9 25 407
25 9 407
9 77 511
77 9 511
9 27 233
27 9 233
10 37 289
37 10 289
11 19 977
19 11 977
11 23 741
23 11 741
11 48 745
48 11 745
11 54 778
54 11 778
13 33 381
33 13 381
13 98 127
98 13 127
14 35 699
35 14 699
14 51 915
51 14 915
14 68 151
68 14 151
14 85 479
85 14 479
15 49 894
49 15 894
15 70 672
70 15 672
16 17 960
17 16 960
16 44 702
44 16 702
16 17 363
17 16 363
17 31 25
31 17 25
17 70 775
70 17 775
19 85 246
85 19 246
19 92 572
92 19 572
20 83 699
83 20 699
21 32 58
32 21 58
21 44 938
44 21 938
23 41 120
41 23 120
24 30 245
30 24 245
24 67 994
67 24 994
25 55 572
55 25 572
25 72 118
72 25 118
26 53 154
53 26 154
26 73 554
73 26 554
27 28 230
28 27 230
28 39 376
39 28 376
29 47 785
47 29 785
29 57 912
57 29 912
29 87 205
87 29 205
30 40 280
40 30 280
30 89 710
89 30 710
31 36 303
36 31 303
31 56 480
56 31 480
31 76 325
76 31 325
33 38 666
38 33 666
34 71 855
71 34 855
34 43 637
43 34 637
35 50 556
50 35 556
35 84 121
84 35 121
35 97 124
97 35 124
35 49 850
49 35 850
37 64 999
64 37 999
38 80 77
80 38 77
39 42 52
42 39 52
41 61 201
61 41 201
42 43 45
43 42 45
43 75 67
75 43 67
43 79 336
79 43 336
43 81 304
81 43 304
44 59 67
59 44 67
44 65 187
65 44 187
46 88 91
88 46 91
47 95 415
95 47 415
48 54 358
54 48 358
49 52 407
52 49 407
49 69 377
69 49 377
52 58 118
58 52 118
52 81 643
81 52 643
54 74 307
74 54 307
54 90 53
90 54 53
56 65 610
65 56 610
57 63 185
63 57 185
59 62 322
62 59 322
60 94 716
94 60 716
63 76 941
76 63 941
67 91 101
91 67 101
68 96 352
96 68 352
71 78 909
78 71 909
90 97 571
97 90 571
96 99 249
99 96 249
