87

0 1 714
1 0 714
0 2 59
2 0 59
0 8 92
8 0 92
0 16 737
16 0 737
0 47 853
47 0 853
0 86 344
86 0 344
0 1 967
1 0 967
0 84 809
84 0 809
0 53 852
53 0 852
0 46 82
46 0 82
0 85 297
85 0 297
1 48 863
48 1 863
1 70 39
70 1 39
1 50 468
50 1 468
1 8 701
8 1 701
1 38 986
38 1 986
2 3 652
3 2 652
2 7 787
7 2 787
2 12 667
12 2 667
2 13 583
13 2 583
2 20 163
20 2 163
2 69 578
69 2 578
2 49 754
49 2 754
2 20 810
20 2 810
3 4 554
4 3 554
3 54 92
54 3 92
3 19 541
19 3 541
3 23 370
23 3 370
3 66 614
66 3 614
3 4 414
4 3 414
3 42 485
42 3 485
3 69 84
69 3 84
4 5 998
5 4 998
4 37 187
37 4 187
4 12 149
12 4 149
5 6 825
6 5 825
5 9 330
9 5 330
5 11 442
11 5 442
5 22 313
22 5 313
5 24 939
24 5 939
5 30 618
30 5 618
5 79 140
79 5 140
5 56 226
56 5 226
5 84 100
84 5 100
5 85 800
85 5 800
5 69 27
69 5 27
6 17 428
17 6 428
6 21 955
21 6 955
6 78 776
78 6 776
6 61 174
61 6 174
7 10 227
10 7 227
7 14 582
14 7 582
7 29 756
29 7 756
7 83 709
83 7 709
8 15 129
15 8 129
8 81 205
81 8 205
8 81 489
81 8 489
9 25 823
25 9 823
9 21 331
21 9 331
9 66 176
66 9 176
10 19 266
19 10 266
10 32 433
32 10 433
10 35 891
35 10 891
10 76 118
76 10 118
10 18 63
18 10 63
10 68 26
68 10 26
10 81 996
81 10 996
11 26 65
26 11 65
11 57 779
57 11 779
11 73 589
73 11 589
11 34 518
34 11 518
11 13 433
13 11 433
11 38 438
38 11 438
12 39 469
39 12 469
12 33 847
33 12 847
12 34 546
34 12 546
13 23 275
23 13 275
13 41 63
41 13 63
13 70 800
70 13 800
13 22 414
22 13 414
13 20 605
20 13 605
13 75 953
75 13 953
14 38 854
38 14 854
14 65 886
65 14 886
14 76 49
76 14 49
14 64 690
64 14 690
14 58 703
58 14 703
14 73 845
73 14 845
15 76 706
76 15 706
15 84 477
84 15 477
15 22 328
22 15 328
15 58 951
58 15 951
16 18 564
18 16 564
16 35 455
35 16 455
16 79 275
79 16 275
16 85 47
85 16 47
16 28 703
28 16 703
16 75 646
75 16 646
16 17 393
17 16 393
17 34 230
34 17 230
18 36 149
36 18 149
18 37 682
37 18 682
18 63 279
63 18 279
18 73 779
73 18 779
18 67 795
67 18 795
18 44 763
44 18 763
19 50 404
50 19 404
19 56 904
56 19 904
19 59 148
59 19 148
19 67 809
67 19 809
19 52 309
52 19 309
19 70 216
70 19 216
20 46 491
46 20 491
20 49 308
49 20 308
20 63 652
63 20 652
20 63 381
63 20 381
21 34 290
34 21 290
21 40 951
40 21 951
21 74 920
74 21 920
21 34 794
34 21 794
21 84 293
84 21 293
21 53 51
53 21 51
21 69 596
69 21 596
21 72 763
72 21 763
22 33 557
33 22 557
22 23 931
23 22 931
22 38 743
38 22 743
22 33 103
33 22 103
22 29 290
29 22 290
23 61 775
61 23 775
23 85 240
85 23 240
23 67 567
67 23 567
24 42 774
42 24 774
24 29 475
29 24 475
25 27 445
27 25 445
25 28 155
28 25 155
25 77 579
77 25 579
25 72 837
72 25 837
25 66 611
66 25 611
25 59 417
59 25 417
25 86 866
86 25 866
26 67 739
67 26 739
26 42 853
42 26 853
26 70 684
70 26 684
26 59 721
59 26 721
27 55 133
55 27 133
27 72 53
72 27 53
27 80 950
80 27 950
27 35 880
35 27 880
27 55 831
55 27 831
27 29 314
29 27 314
27 55 396
55 27 396
28 67 550
67 28 550
28 54 606
54 28 606
29 46 318
46 29 318
30 31 882
31 30 882
30 43 146
43 30 146
30 44 796
44 30 796
30 81 352
81 30 352
30 46 806
46 30 806
30 66 894
66 30 894
31 64 942
64 31 942
31 78 53
78 31 53
32 45 698
45 32 698
32 51 830
51 32 830
32 37 652
37 32 652
32 83 284
83 32 284
33 71 584
71 33 584
33 74 173
74 33 173
34 52 302
52 34 302
34 83 169
83 34 169
35 67 499
67 35 499
35 86 541
86 35 541
35 64 479
64 35 479
36 53 914
53 36 914
36 73 355
73 36 355
37 66 22
66 37 22
38 39 233
39 38 233
38 47 99
47 38 99
38 65 404
65 38 404
38 80 128
80 38 128
39 73 721
73 39 721
39 45 888
45 39 888
40 84 48
84 40 48
40 75 8
75 40 8
41 60 54
60 41 54
41 54 555
54 41 555
42 64 319
64 42 319
42 57 976
57 42 976
42 66 324
66 42 324
42 43 572
43 42 572
43 61 633
61 43 633
43 58 421
58 43 421
43 76 644
76 43 644
43 53 585
53 43 585
43 51 14
51 43 14
44 58 18
58 44 18
44 62 144
62 44 144
44 71 799
71 44 799
45 63 477
63 45 477
45 55 474
55 45 474
45 53 587
53 45 587
46 61 600
61 46 600
46 80 956
80 46 956
46 47 738
47 46 738
46 63 700
63 46 700
47 69 693
69 47 693
47 78 38
78 47 38
48 75 138
75 48 138
48 80 413
80 48 413
48 66 58
66 48 58
49 71 953
71 49 953
49 77 311
77 49 311
50 53 271
53 50 271
50 60 474
60 50 474
51 51 422
51 51 422
52 67 142
67 52 142
52 58 613
58 52 613
53 68 154
68 53 154
53 71 672
71 53 672
53 54 545
54 53 545
54 85 706
85 54 706
54 57 608
57 54 608
54 58 704
58 54 704
55 82 630
82 55 630
56 68 871
68 56 871
56 63 65
63 56 65
57 71 661
71 57 661
58 61 428
61 58 428
58 58 197
58 58 197
59 74 959
74 59 959
59 80 54
80 59 54
60 74 105
74 60 105
61 70 673
70 61 673
61 86 275
86 61 275
62 65 470
65 62 470
62 81 812
81 62 812
63 74 900
74 63 900
65 84 275
84 65 275
65 69 546
69 65 546
66 83 25
83 66 25
68 82 371
82 68 371
70 83 710
83 70 710
70 74 213
74 70 213
72 80 641
80 72 641
72 77 391
77 72 391
74 75 884
75 74 884
74 74 530
74 74 530
77 83 970
83 77 970
78 83 203
83 78 203
83 85 527
85 83 527
