51

0 1 526
1 0 526
0 3 994
3 0 994
0 4 660
4 0 660
0 14 899
14 0 899
0 43 770
43 0 770
0 33 459
33 0 459
1 2 867
2 1 867
1 9 855
9 1 855
1 30 258
30 1 258
2 5 614
5 2 614
2 6 174
6 2 174
2 13 941
13 2 941
2 3 619
3 2 619
2 18 349
18 2 349
4 8 343
8 4 343
4 15 563
15 4 563
4 16 929
16 4 929
4 33 4
33 4 4
4 39 472
39 4 472
5 17 700
17 5 700
5 18 988
18 5 988
5 40 266
40 5 266
5 6 302
6 5 302
6 7 436
7 6 436
6 11 96
11 6 96
6 46 40
46 6 40
7 12 772
12 7 772
8 26 608
26 8 608
8 35 522
35 8 522
8 38 748
38 8 748
8 45 366
45 8 366
9 10 478
10 9 478
9 13 503
13 9 503
9 29 755
29 9 755
9 42 729
42 9 729
10 19 210
19 10 210
10 22 399
22 10 399
10 31 645
31 10 645
12 22 451
22 12 451
12 27 299
27 12 299
12 31 591
31 12 591
13 20 577
20 13 577
13 49 74
49 13 74
13 20 966
20 13 966
13 43 62
43 13 62
15 22 411
22 15 411
15 32 994
32 15 994
16 23 796
23 16 796
16 43 922
43 16 922
17 49 471
49 17 471
18 21 188
21 18 188
18 24 96
24 18 96
18 29 952
29 18 952
18 34 898
34 18 898
18 42 718
42 18 718
18 26 494
26 18 494
19 25 862
25 19 862
19 27 773
27 19 773
20 28 153
28 20 153
21 36 157
36 21 157
21 45 956
45 21 956
22 32 653
32 22 653
22 36 598
36 22 598
24 48 892
48 24 892
26 41 704
41 26 704
26 49 21
49 26 21
26 31 23
31 26 23
27 36 585
36 27 585
28 30 429
30 28 429
28 44 769
44 28 769
29 44 679
44 29 679
30 49 249
49 30 249
31 39 98
39 31 98
33 47 6
47 33 6
34 50 762
50 34 762
34 35 974
35 34 974
35 37 10
37 35 10
35 47 751
47 35 751
35 40 573
40 35 573
37 48 142
48 37 142
40 46 835
46 40 835
41 48 130
48 41 130
46 50 94
50 46 94
47 50 137
50 47 137
