25

0 1 247
1 0 247
0 2 751
2 0 751
0 5 834
5 0 834
0 15 211
15 0 211
0 21 662
21 0 662
0 16 939
16 0 939
0 10 46
10 0 46
0 14 27
14 0 27
0 21 893
21 0 893
1 4 196
4 1 196
1 7 563
7 1 563
1 9 826
9 1 826
1 11 55
11 1 55
1 2 117
2 1 117
2 3 358
3 2 358
2 16 460
16 2 460
2 19 473
19 2 473
2 18 446
18 2 446
2 2 163
2 2 163
3 5 997
5 3 997
3 8 82
8 3 82
4 20 901
20 4 901
4 20 239
20 4 239
4 17 269
17 4 269
5 6 857
6 5 857
5 8 233
8 5 233
5 21 863
21 5 863
6 14 119
14 6 119
6 21 616
21 6 616
6 23 279
23 6 279
6 20 448
20 6 448
7 20 847
20 7 847
8 10 811
10 8 811
8 14 829
14 8 829
8 19 868
19 8 868
8 13 655
13 8 655
8 8 135
8 8 135
9 11 376
11 9 376
9 11 550
11 9 550
9 16 978
16 9 978
10 13 1
13 10 1
10 24 87
24 10 87
11 12 15
12 11 15
12 19 838
19 12 838
13 14 540
14 13 540
14 18 166
18 14 166
15 16 914
16 15 914
15 17 730
17 15 730
15 24 907
24 15 907
15 18 506
18 15 506
16 21 931
21 16 931
17 22 856
22 17 856
21 22 927
22 21 927
