59

0 1 801
1 0 801
0 4 68
4 0 68
0 34 967
34 0 967
0 52 405
52 0 405
1 2 509
2 1 509
1 6 853
6 1 853
1 9 963
9 1 963
1 15 348
15 1 348
1 27 415
27 1 415
1 48 977
48 1 977
1 43 551
43 1 551
1 32 373
32 1 373
2 3 664
3 2 664
2 5 64
5 2 64
2 8 266
8 2 266
2 21 974
21 2 974
2 26 725
26 2 725
2 58 36
58 2 36
2 16 110
16 2 110
2 46 191
46 2 191
2 31 631
31 2 631
2 10 427
10 2 427
3 16 323
16 3 323
3 23 672
23 3 672
3 24 34
24 3 34
3 38 12
38 3 12
3 46 554
46 3 554
3 58 597
58 3 597
3 14 517
14 3 517
4 7 141
7 4 141
4 12 353
12 4 353
4 14 780
14 4 780
4 39 772
39 4 772
4 11 724
11 4 724
4 51 727
51 4 727
5 10 399
10 5 399
5 22 565
22 5 565
5 31 158
31 5 158
5 33 853
33 5 853
5 34 628
34 5 628
5 40 644
40 5 644
5 8 29
8 5 29
5 16 179
16 5 179
5 52 470
52 5 470
6 19 739
19 6 739
6 24 485
24 6 485
6 12 433
12 6 433
6 52 159
52 6 159
6 50 653
50 6 653
6 18 471
18 6 471
6 10 953
10 6 953
7 41 253
41 7 253
7 9 618
9 7 618
7 19 584
19 7 584
8 20 92
20 8 92
8 49 23
49 8 23
8 15 454
15 8 454
8 11 630
11 8 630
8 22 487
22 8 487
8 57 360
57 8 360
9 13 436
13 9 436
9 34 38
34 9 38
9 33 813
33 9 813
9 51 665
51 9 665
10 11 576
11 10 576
10 17 585
17 10 585
10 46 88
46 10 88
10 45 180
45 10 180
11 32 879
32 11 879
11 50 31
50 11 31
11 20 673
20 11 673
11 34 907
34 11 907
12 44 831
44 12 831
12 52 296
52 12 296
12 18 273
18 12 273
13 25 599
25 13 599
13 36 751
36 13 751
13 33 399
33 13 399
14 18 906
18 14 906
14 14 263
14 14 263
14 42 996
42 14 996
15 43 630
43 15 630
15 54 130
54 15 130
15 48 794
48 15 794
15 17 338
17 15 338
16 51 843
51 16 843
16 33 401
33 16 401
16 52 467
52 16 467
17 43 449
43 17 449
17 34 853
34 17 853
17 53 571
53 17 571
18 37 561
37 18 561
18 37 259
37 18 259
19 29 778
29 19 778
19 25 216
25 19 216
21 30 638
30 21 638
21 36 971
36 21 971
21 50 589
50 21 589
21 47 480
47 21 480
22 23 363
23 22 363
22 31 365
31 22 365
23 28 603
28 23 603
23 50 600
50 23 600
23 40 514
40 23 514
23 25 121
25 23 121
24 38 783
38 24 783
24 58 232
58 24 232
24 54 743
54 24 743
24 46 720
46 24 720
25 38 205
38 25 205
25 27 274
27 25 274
26 53 145
53 26 145
26 55 589
55 26 589
26 35 421
35 26 421
27 35 655
35 27 655
27 57 179
57 27 179
27 49 751
49 27 751
27 35 299
35 27 299
28 42 494
42 28 494
28 58 130
58 28 130
28 41 460
41 28 460
28 41 268
41 28 268
29 45 32
45 29 32
29 45 387
45 29 387
29 38 287
38 29 287
30 35 483
35 30 483
30 36 446
36 30 446
31 42 76
42 31 76
31 40 8
40 31 8
32 54 441
54 32 441
34 45 804
45 34 804
34 42 587
42 34 587
35 39 403
39 35 403
36 54 770
54 36 770
36 43 440
43 36 440
37 41 713
41 37 713
39 43 188
43 39 188
39 47 346
47 39 346
39 57 382
57 39 382
40 56 568
56 40 568
40 52 471
52 40 471
41 47 618
47 41 618
44 55 808
55 44 808
44 47 156
47 44 156
46 50 367
50 46 367
47 57 326
57 47 326
49 55 401
55 49 401
50 55 329
55 50 329
52 58 429
58 52 429
53 58 661
58 53 661
