80

0 1 808
1 0 808
0 5 398
5 0 398
0 12 518
12 0 518
0 14 774
14 0 774
0 17 777
17 0 777
0 10 27
10 0 27
0 12 364
12 0 364
0 45 434
45 0 434
0 8 807
8 0 807
0 47 854
47 0 854
0 50 326
50 0 326
0 46 727
46 0 727
0 43 245
43 0 245
0 64 613
64 0 613
0 14 535
14 0 535
0 51 329
51 0 329
1 2 867
2 1 867
1 3 947
3 1 947
1 4 661
4 1 661
1 6 510
6 1 510
1 9 714
9 1 714
1 10 38
10 1 38
1 24 203
24 1 203
1 49 414
49 1 414
1 48 671
48 1 671
1 17 465
17 1 465
1 66 251
66 1 251
1 65 922
65 1 922
1 74 91
74 1 91
1 79 831
79 1 831
1 58 315
58 1 315
2 27 898
27 2 898
2 39 701
39 2 701
2 51 190
51 2 190
2 4 313
4 2 313
2 66 938
66 2 938
2 64 833
64 2 833
2 23 225
23 2 225
2 56 593
56 2 593
2 45 184
45 2 184
2 36 240
36 2 240
2 78 938
78 2 938
3 25 200
25 3 200
3 31 437
31 3 437
3 34 272
34 3 272
3 53 391
53 3 391
3 65 648
65 3 648
3 4 90
4 3 90
3 73 846
73 3 846
3 10 612
10 3 612
3 76 981
76 3 981
3 30 732
30 3 732
3 58 84
58 3 84
3 47 29
47 3 29
3 59 785
59 3 785
3 4 453
4 3 453
3 25 715
25 3 715
4 13 553
13 4 553
4 53 74
53 4 74
4 30 282
30 4 282
4 25 165
25 4 165
4 58 205
58 4 205
4 79 816
79 4 816
4 15 717
15 4 717
4 65 925
65 4 925
4 74 110
74 4 110
4 57 345
57 4 345
4 74 165
74 4 165
4 51 665
51 4 665
4 68 548
68 4 548
5 8 262
8 5 262
5 45 279
45 5 279
5 58 461
58 5 461
5 20 876
20 5 876
5 14 794
14 5 794
5 64 463
64 5 463
5 47 868
47 5 868
5 57 765
57 5 765
5 10 751
10 5 751
5 49 716
49 5 716
5 37 443
37 5 443
6 7 726
7 6 726
6 22 84
22 6 84
6 43 172
43 6 172
6 50 912
50 6 912
6 40 658
40 6 658
6 69 248
69 6 248
6 33 10
33 6 10
6 64 371
64 6 371
7 16 719
16 7 719
7 52 16
52 7 16
7 36 352
36 7 352
7 10 273
10 7 273
7 64 285
64 7 285
7 14 854
14 7 854
7 24 165
24 7 165
7 28 551
28 7 551
8 14 713
14 8 713
8 11 952
11 8 952
8 56 138
56 8 138
8 57 117
57 8 117
8 17 696
17 8 696
8 62 252
62 8 252
8 47 188
47 8 188
9 11 190
11 9 190
9 18 942
18 9 942
9 19 458
19 9 458
9 73 920
73 9 920
9 17 480
17 9 480
9 23 301
23 9 301
9 30 187
30 9 187
9 63 41
63 9 41
9 48 4
48 9 4
9 56 23
56 9 23
9 79 4
79 9 4
9 43 827
43 9 827
9 49 486
49 9 486
9 78 838
78 9 838
9 40 859
40 9 859
10 24 586
24 10 586
10 66 531
66 10 531
10 12 71
12 10 71
10 44 792
44 10 792
10 32 692
32 10 692
10 50 6
50 10 6
11 46 670
46 11 670
11 49 663
49 11 663
11 53 344
53 11 344
11 58 290
58 11 290
11 24 15
24 11 15
11 70 670
70 11 670
11 61 552
61 11 552
11 49 881
49 11 881
12 32 209
32 12 209
12 68 795
68 12 795
12 27 440
27 12 440
12 37 121
37 12 121
12 59 230
59 12 230
12 51 261
51 12 261
12 19 878
19 12 878
12 72 530
72 12 530
12 17 362
17 12 362
12 29 467
29 12 467
13 15 854
15 13 854
13 53 863
53 13 863
13 15 817
15 13 817
13 50 366
50 13 366
13 78 727
78 13 727
13 42 228
42 13 228
13 49 215
49 13 215
13 22 579
22 13 579
13 57 60
57 13 60
14 30 648
30 14 648
14 26 903
26 14 903
14 32 898
32 14 898
14 68 80
68 14 80
14 77 490
77 14 490
14 55 930
55 14 930
14 46 799
46 14 799
14 55 6
55 14 6
14 76 510
76 14 510
14 65 748
65 14 748
14 66 916
66 14 916
14 63 212
63 14 212
14 51 269
51 14 269
15 21 389
21 15 389
15 28 121
28 15 121
15 33 384
33 15 384
15 51 664
51 15 664
15 74 556
74 15 556
15 70 420
70 15 420
15 23 79
23 15 79
15 50 959
50 15 959
16 20 232
20 16 232
16 35 298
35 16 298
16 75 425
75 16 425
16 33 580
33 16 580
16 61 281
61 16 281
16 21 421
21 16 421
16 58 942
58 16 942
16 61 181
61 16 181
16 46 524
46 16 524
16 45 291
45 16 291
16 51 507
51 16 507
16 79 502
79 16 502
16 28 785
28 16 785
16 61 475
61 16 475
16 25 41
25 16 41
16 49 830
49 16 830
17 69 776
69 17 776
17 63 966
63 17 966
17 43 210
43 17 210
17 40 434
40 17 434
17 57 510
57 17 510
17 19 370
19 17 370
17 61 779
61 17 779
17 65 30
65 17 30
17 78 242
78 17 242
18 43 529
43 18 529
18 37 127
37 18 127
18 73 115
73 18 115
18 71 858
71 18 858
18 31 831
31 18 831
18 62 273
62 18 273
18 76 280
76 18 280
18 65 213
65 18 213
18 20 830
20 18 830
19 69 400
69 19 400
19 76 172
76 19 172
19 22 560
22 19 560
19 41 221
41 19 221
19 74 973
74 19 973
19 77 433
77 19 433
19 70 607
70 19 607
19 79 105
79 19 105
19 76 555
76 19 555
19 34 420
34 19 420
19 29 744
29 19 744
20 57 3
57 20 3
20 25 913
25 20 913
20 26 768
26 20 768
20 21 893
21 20 893
21 36 384
36 21 384
21 42 297
42 21 297
21 34 937
34 21 937
21 54 815
54 21 815
21 64 2
64 21 2
21 41 934
41 21 934
21 22 541
22 21 541
21 77 517
77 21 517
22 23 132
23 22 132
22 77 850
77 22 850
22 47 404
47 22 404
22 39 233
39 22 233
22 51 249
51 22 249
22 28 841
28 22 841
22 60 363
60 22 363
22 64 961
64 22 961
22 70 925
70 22 925
22 60 865
60 22 865
23 40 956
40 23 956
23 62 534
62 23 534
23 57 559
57 23 559
23 56 365
56 23 365
23 42 527
42 23 527
23 63 285
63 23 285
23 64 547
64 23 547
23 46 605
46 23 605
24 58 430
58 24 430
24 25 453
25 24 453
24 70 676
70 24 676
24 36 975
36 24 975
24 44 41
44 24 41
24 44 330
44 24 330
25 26 908
26 25 908
25 29 472
29 25 472
25 71 73
71 25 73
25 62 78
62 25 78
25 55 72
55 25 72
25 52 733
52 25 733
26 41 81
41 26 81
26 36 186
36 26 186
26 35 597
35 26 597
26 58 673
58 26 673
26 48 7
48 26 7
27 61 865
61 27 865
27 79 501
79 27 501
27 35 584
35 27 584
27 29 736
29 27 736
27 35 39
35 27 39
27 46 417
46 27 417
27 74 164
74 27 164
27 63 165
63 27 165
28 60 40
60 28 40
28 72 521
72 28 521
28 43 379
43 28 379
28 62 945
62 28 945
29 55 825
55 29 825
29 73 198
73 29 198
29 32 238
32 29 238
29 64 235
64 29 235
29 57 588
57 29 588
29 43 409
43 29 409
30 75 376
75 30 376
30 59 305
59 30 305
30 32 197
32 30 197
30 36 177
36 30 177
30 78 27
78 30 27
30 60 478
60 30 478
30 73 128
73 30 128
31 57 818
57 31 818
31 64 43
64 31 43
31 66 695
66 31 695
31 56 928
56 31 928
31 35 574
35 31 574
31 32 678
32 31 678
31 33 313
33 31 313
31 47 94
47 31 94
31 48 384
48 31 384
31 46 592
46 31 592
32 57 610
57 32 610
32 75 411
75 32 411
32 52 530
52 32 530
32 44 217
44 32 217
33 48 380
48 33 380
33 51 764
51 33 764
33 51 339
51 33 339
33 33 826
33 33 826
33 43 489
43 33 489
33 75 701
75 33 701
33 46 414
46 33 414
33 67 187
67 33 187
33 47 89
47 33 89
33 49 652
49 33 652
34 37 271
37 34 271
34 56 797
56 34 797
34 58 910
58 34 910
34 50 836
50 34 836
34 48 711
48 34 711
34 58 262
58 34 262
34 53 903
53 34 903
34 57 62
57 34 62
34 69 953
69 34 953
34 65 166
65 34 166
35 52 221
52 35 221
35 39 548
39 35 548
35 68 25
68 35 25
35 37 623
37 35 623
35 65 971
65 35 971
35 36 654
36 35 654
36 38 921
38 36 921
36 49 879
49 36 879
36 78 624
78 36 624
37 59 49
59 37 49
37 63 224
63 37 224
37 67 468
67 37 468
37 37 856
37 37 856
37 76 934
76 37 934
37 63 304
63 37 304
38 40 583
40 38 583
38 47 887
47 38 887
38 54 998
54 38 998
38 54 590
54 38 590
38 39 535
39 38 535
38 59 126
59 38 126
39 46 440
46 39 440
39 64 112
64 39 112
39 55 76
55 39 76
39 63 66
63 39 66
39 42 132
42 39 132
39 44 871
44 39 871
39 63 606
63 39 606
39 54 424
54 39 424
39 71 16
71 39 16
40 44 676
44 40 676
40 74 762
74 40 762
40 49 914
49 40 914
40 40 148
40 40 148
40 78 636
78 40 636
40 51 109
51 40 109
40 61 614
61 40 614
40 66 812
66 40 812
41 72 311
72 41 311
41 45 6
45 41 6
41 61 254
61 41 254
41 66 997
66 41 997
41 63 32
63 41 32
41 63 910
63 41 910
41 67 630
67 41 630
41 66 957
66 41 957
41 50 119
50 41 119
42 58 341
58 42 341
42 77 431
77 42 431
43 73 360
73 43 360
43 56 460
56 43 460
43 68 414
68 43 414
43 56 594
56 43 594
43 65 816
65 43 816
43 58 665
58 43 665
44 48 244
48 44 244
44 79 836
79 44 836
44 65 282
65 44 282
44 74 467
74 44 467
44 79 1000
79 44 1000
45 48 661
48 45 661
45 59 456
59 45 456
45 77 874
77 45 874
46 65 143
65 46 143
46 68 584
68 46 584
46 73 498
73 46 498
46 76 945
76 46 945
46 66 144
66 46 144
46 59 9
59 46 9
47 58 366
58 47 366
47 47 966
47 47 966
47 48 42
48 47 42
47 77 940
77 47 940
47 79 687
79 47 687
47 68 48
68 47 48
47 59 666
59 47 666
48 56 205
56 48 205
48 54 125
54 48 125
48 77 112
77 48 112
48 62 304
62 48 304
49 65 758
65 49 758
49 70 24
70 49 24
49 59 326
59 49 326
50 70 776
70 50 776
50 62 821
62 50 821
50 51 485
51 50 485
50 57 54
57 50 54
50 57 69
57 50 69
50 63 461
63 50 461
50 61 909
61 50 909
51 70 592
70 51 592
51 76 92
76 51 92
51 61 545
61 51 545
51 56 740
56 51 740
52 55 343
55 52 343
52 78 421
78 52 421
52 62 438
62 52 438
52 77 664
77 52 664
52 67 410
67 52 410
53 59 111
59 53 111
53 66 513
66 53 513
53 77 309
77 53 309
53 79 688
79 53 688
53 75 887
75 53 887
54 77 10
77 54 10
55 77 735
77 55 735
55 64 533
64 55 533
55 65 328
65 55 328
55 78 47
78 55 47
56 65 974
65 56 974
56 73 605
73 56 605
56 67 305
67 56 305
57 69 828
69 57 828
57 69 603
69 57 603
57 79 945
79 57 945
57 74 91
74 57 91
57 67 254
67 57 254
57 60 183
60 57 183
57 76 537
76 57 537
57 77 257
77 57 257
57 60 941
60 57 941
58 76 718
76 58 718
58 69 599
69 58 599
59 67 180
67 59 180
59 65 680
65 59 680
60 75 135
75 60 135
60 78 49
78 60 49
61 62 401
62 61 401
61 71 163
71 61 163
61 78 405
78 61 405
63 74 118
74 63 118
63 66 61
66 63 61
64 74 641
74 64 641
64 76 313
76 64 313
64 75 334
75 64 334
64 78 542
78 64 542
65 67 138
67 65 138
65 69 96
69 65 96
65 66 986
66 65 986
65 68 141
68 65 141
65 67 659
67 65 659
65 66 275
66 65 275
66 74 754
74 66 754
67 78 387
78 67 387
68 77 740
77 68 740
70 73 442
73 70 442
71 77 673
77 71 673
72 79 314
79 72 314
73 76 211
76 73 211
74 78 720
78 74 720
74 76 304
76 74 304
74 75 583
75 74 583
75 78 68
78 75 68
78 79 866
79 78 866
