14

0 1 392
1 0 392
0 3 367
3 0 367
0 4 715
4 0 715
0 10 761
10 0 761
1 2 462
2 1 462
1 8 21
8 1 21
2 5 223
5 2 223
2 12 707
12 2 707
2 7 891
7 2 891
3 7 497
7 3 497
5 6 832
6 5 832
5 11 117
11 5 117
5 6 285
6 5 285
6 9 379
9 6 379
7 13 65
13 7 65
7 8 262
8 7 262
