78

0 1 968
1 0 968
0 4 750
4 0 750
0 8 748
8 0 748
0 10 872
10 0 872
0 71 38
71 0 38
0 44 850
44 0 850
0 15 618
15 0 618
0 35 680
35 0 680
0 15 457
15 0 457
0 32 805
32 0 805
0 44 319
44 0 319
0 40 551
40 0 551
0 43 322
43 0 322
0 12 882
12 0 882
0 55 70
55 0 70
0 3 42
3 0 42
0 64 502
64 0 502
0 58 390
58 0 390
0 32 270
32 0 270
0 57 315
57 0 315
0 16 526
16 0 526
1 2 442
2 1 442
1 3 113
3 1 113
1 12 434
12 1 434
1 21 238
21 1 238
1 31 82
31 1 82
1 33 689
33 1 689
1 58 788
58 1 788
1 14 847
14 1 847
1 36 143
36 1 143
1 71 445
71 1 445
1 48 419
48 1 419
1 18 854
18 1 854
1 29 786
29 1 786
1 16 243
16 1 243
1 58 794
58 1 794
1 62 90
62 1 90
1 50 449
50 1 449
1 53 673
53 1 673
1 34 538
34 1 538
2 11 828
11 2 828
2 16 810
16 2 810
2 29 129
29 2 129
2 7 257
7 2 257
2 61 699
61 2 699
2 32 873
32 2 873
2 67 65
67 2 65
2 70 720
70 2 720
2 56 914
56 2 914
2 42 271
42 2 271
2 7 560
7 2 560
2 46 218
46 2 218
2 75 560
75 2 560
2 22 532
22 2 532
2 36 749
36 2 749
2 61 340
61 2 340
2 46 544
46 2 544
2 43 667
43 2 667
2 7 439
7 2 439
2 70 930
70 2 930
3 5 775
5 3 775
3 6 990
6 3 990
3 7 102
7 3 102
3 73 464
73 3 464
3 41 103
41 3 103
3 35 675
35 3 675
3 10 411
10 3 411
3 32 646
32 3 646
3 17 529
17 3 529
3 44 749
44 3 749
3 30 55
30 3 55
3 25 802
25 3 802
3 28 724
28 3 724
3 26 568
26 3 568
3 36 406
36 3 406
3 34 891
34 3 891
3 5 672
5 3 672
3 19 468
19 3 468
3 47 793
47 3 793
3 20 438
20 3 438
4 49 514
49 4 514
4 16 73
16 4 73
4 43 949
43 4 949
4 66 402
66 4 402
4 62 593
62 4 593
4 52 622
52 4 622
4 45 597
45 4 597
4 11 910
11 4 910
4 62 123
62 4 123
4 35 479
35 4 479
4 70 296
70 4 296
4 73 590
73 4 590
4 58 498
58 4 498
4 11 526
11 4 526
5 22 204
22 5 204
5 23 822
23 5 822
5 75 432
75 5 432
5 42 700
42 5 700
5 72 871
72 5 871
5 45 819
45 5 819
5 70 99
70 5 99
5 7 556
7 5 556
5 53 123
53 5 123
5 32 153
32 5 153
5 64 439
64 5 439
5 71 919
71 5 919
5 18 627
18 5 627
5 63 602
63 5 602
5 37 193
37 5 193
5 52 164
52 5 164
6 9 252
9 6 252
6 14 568
14 6 568
6 15 647
15 6 647
6 32 894
32 6 894
6 18 130
18 6 130
6 63 526
63 6 526
6 61 976
61 6 976
6 70 902
70 6 902
6 17 901
17 6 901
7 19 163
19 7 163
7 56 203
56 7 203
7 42 915
42 7 915
7 60 634
60 7 634
7 46 747
46 7 747
7 9 249
9 7 249
7 72 888
72 7 888
7 50 554
50 7 554
7 13 917
13 7 917
7 21 977
21 7 977
7 38 624
38 7 624
7 50 831
50 7 831
7 18 308
18 7 308
8 13 751
13 8 751
8 20 157
20 8 157
8 24 225
24 8 225
8 53 236
53 8 236
8 53 490
53 8 490
8 18 606
18 8 606
8 65 258
65 8 258
8 66 116
66 8 116
8 25 27
25 8 27
8 72 140
72 8 140
8 26 780
26 8 780
8 25 932
25 8 932
8 70 150
70 8 150
8 71 377
71 8 377
8 73 72
73 8 72
9 18 753
18 9 753
9 14 635
14 9 635
9 26 81
26 9 81
9 53 891
53 9 891
9 48 42
48 9 42
9 71 719
71 9 719
9 39 769
39 9 769
9 35 59
35 9 59
9 14 261
14 9 261
9 44 581
44 9 581
9 20 436
20 9 436
9 38 84
38 9 84
9 20 779
20 9 779
9 29 693
29 9 693
10 44 939
44 10 939
10 46 500
46 10 500
10 17 387
17 10 387
10 55 785
55 10 785
10 42 555
42 10 555
10 17 191
17 10 191
10 60 646
60 10 646
10 30 978
30 10 978
10 48 866
48 10 866
11 26 817
26 11 817
11 37 116
37 11 116
11 52 640
52 11 640
11 54 973
54 11 973
11 71 757
71 11 757
11 25 41
25 11 41
11 47 189
47 11 189
11 12 592
12 11 592
11 34 736
34 11 736
12 59 815
59 12 815
12 36 16
36 12 16
12 29 296
29 12 296
12 41 537
41 12 537
12 43 211
43 12 211
12 16 259
16 12 259
12 59 711
59 12 711
12 25 459
25 12 459
12 53 209
53 12 209
12 52 585
52 12 585
12 57 222
57 12 222
12 35 325
35 12 325
12 21 311
21 12 311
12 17 604
17 12 604
13 15 682
15 13 682
13 32 73
32 13 73
13 52 986
52 13 986
13 25 311
25 13 311
13 55 208
55 13 208
13 67 905
67 13 905
13 42 688
42 13 688
13 67 81
67 13 81
13 51 456
51 13 456
13 72 175
72 13 175
14 64 808
64 14 808
14 30 675
30 14 675
14 31 141
31 14 141
14 20 952
20 14 952
14 38 79
38 14 79
14 65 348
65 14 348
14 23 508
23 14 508
14 40 950
40 14 950
14 61 139
61 14 139
15 17 286
17 15 286
15 38 255
38 15 255
15 65 466
65 15 466
15 74 931
74 15 931
15 16 3
16 15 3
15 35 388
35 15 388
15 77 292
77 15 292
15 23 334
23 15 334
15 60 648
60 15 648
15 65 630
65 15 630
15 38 683
38 15 683
15 59 861
59 15 861
15 53 713
53 15 713
15 62 950
62 15 950
15 69 25
69 15 25
15 20 669
20 15 669
16 27 408
27 16 408
16 48 98
48 16 98
16 63 407
63 16 407
16 47 377
47 16 377
16 75 893
75 16 893
16 62 845
62 16 845
16 62 135
62 16 135
17 36 889
36 17 889
17 46 110
46 17 110
17 45 636
45 17 636
17 69 764
69 17 764
17 56 524
56 17 524
17 70 231
70 17 231
17 43 972
43 17 972
17 28 578
28 17 578
17 74 208
74 17 208
17 35 1000
35 17 1000
17 66 502
66 17 502
18 38 134
38 18 134
18 48 432
48 18 432
18 28 856
28 18 856
18 37 915
37 18 915
18 56 396
56 18 396
18 75 295
75 18 295
18 20 721
20 18 721
19 42 469
42 19 469
19 58 123
58 19 123
19 70 881
70 19 881
19 32 368
32 19 368
19 72 898
72 19 898
19 31 824
31 19 824
19 42 747
42 19 747
19 49 927
49 19 927
19 73 117
73 19 117
20 48 519
48 20 519
20 35 926
35 20 926
20 51 691
51 20 691
20 55 28
55 20 28
20 44 514
44 20 514
21 76 914
76 21 914
21 77 854
77 21 854
21 45 219
45 21 219
21 37 772
37 21 772
21 39 339
39 21 339
21 64 614
64 21 614
21 58 919
58 21 919
21 22 393
22 21 393
21 34 122
34 21 122
21 34 784
34 21 784
21 56 728
56 21 728
21 48 219
48 21 219
22 25 739
25 22 739
22 39 18
39 22 18
22 46 160
46 22 160
22 55 647
55 22 647
22 56 433
56 22 433
22 37 257
37 22 257
22 56 920
56 22 920
22 56 682
56 22 682
22 75 893
75 22 893
22 71 313
71 22 313
22 32 277
32 22 277
22 77 144
77 22 144
22 55 846
55 22 846
22 63 188
63 22 188
23 35 967
35 23 967
23 41 968
41 23 968
23 47 675
47 23 675
23 68 659
68 23 659
23 68 202
68 23 202
23 30 723
30 23 723
23 41 112
41 23 112
23 65 679
65 23 679
23 39 474
39 23 474
23 56 155
56 23 155
23 56 661
56 23 661
23 45 301
45 23 301
23 72 778
72 23 778
23 63 574
63 23 574
23 52 978
52 23 978
23 42 653
42 23 653
24 34 976
34 24 976
24 64 294
64 24 294
24 25 774
25 24 774
24 29 102
29 24 102
24 47 552
47 24 552
24 24 916
24 24 916
24 50 757
50 24 757
24 43 120
43 24 120
24 40 181
40 24 181
25 51 476
51 25 476
25 61 108
61 25 108
25 36 650
36 25 650
25 62 592
62 25 592
25 56 851
56 25 851
25 47 52
47 25 52
25 61 272
61 25 272
25 25 841
25 25 841
25 48 118
48 25 118
25 69 949
69 25 949
25 75 44
75 25 44
25 74 272
74 25 272
25 39 325
39 25 325
25 64 792
64 25 792
25 43 470
43 25 470
25 60 596
60 25 596
26 34 324
34 26 324
26 70 699
70 26 699
26 66 854
66 26 854
26 65 227
65 26 227
26 76 48
76 26 48
26 75 181
75 26 181
26 53 35
53 26 35
26 29 448
29 26 448
26 38 111
38 26 111
26 64 690
64 26 690
26 58 886
58 26 886
27 28 599
28 27 599
27 49 331
49 27 331
27 68 645
68 27 645
27 70 843
70 27 843
27 63 608
63 27 608
27 36 563
36 27 563
27 45 917
45 27 917
27 44 404
44 27 404
27 50 613
50 27 613
27 56 109
56 27 109
27 48 290
48 27 290
27 60 904
60 27 904
28 30 670
30 28 670
28 74 452
74 28 452
28 73 840
73 28 840
29 54 652
54 29 652
29 55 320
55 29 320
29 62 625
62 29 625
29 57 481
57 29 481
29 34 899
34 29 899
29 52 968
52 29 968
29 36 21
36 29 21
29 49 382
49 29 382
29 43 663
43 29 663
30 40 983
40 30 983
30 48 998
48 30 998
30 32 751
32 30 751
30 43 920
43 30 920
30 59 780
59 30 780
30 65 806
65 30 806
30 37 888
37 30 888
30 31 838
31 30 838
30 34 711
34 30 711
30 46 413
46 30 413
30 54 869
54 30 869
30 68 218
68 30 218
30 72 827
72 30 827
30 76 373
76 30 373
30 60 6
60 30 6
30 60 862
60 30 862
30 33 328
33 30 328
31 59 794
59 31 794
31 38 234
38 31 234
31 53 936
53 31 936
31 70 313
70 31 313
31 70 700
70 31 700
31 76 16
76 31 16
31 38 245
38 31 245
32 55 450
55 32 450
32 55 486
55 32 486
32 36 69
36 32 69
32 74 93
74 32 93
32 67 898
67 32 898
32 45 102
45 32 102
32 57 160
57 32 160
32 32 782
32 32 782
32 58 228
58 32 228
32 52 816
52 32 816
33 56 88
56 33 88
33 35 751
35 33 751
33 75 870
75 33 870
33 54 420
54 33 420
33 69 805
69 33 805
33 76 646
76 33 646
33 36 592
36 33 592
33 56 596
56 33 596
33 40 95
40 33 95
33 59 878
59 33 878
34 43 816
43 34 816
34 41 243
41 34 243
34 44 50
44 34 50
34 63 167
63 34 167
34 53 555
53 34 555
34 54 250
54 34 250
34 50 393
50 34 393
34 58 701
58 34 701
35 45 111
45 35 111
35 57 15
57 35 15
35 36 149
36 35 149
35 54 916
54 35 916
35 53 26
53 35 26
35 54 328
54 35 328
35 73 798
73 35 798
35 75 558
75 35 558
36 52 786
52 36 786
36 54 703
54 36 703
36 72 339
72 36 339
36 57 272
57 36 272
36 38 816
38 36 816
36 36 335
36 36 335
36 41 699
41 36 699
36 42 62
42 36 62
36 73 186
73 36 186
37 43 166
43 37 166
37 60 33
60 37 33
37 76 78
76 37 78
37 63 971
63 37 971
37 68 86
68 37 86
37 55 487
55 37 487
37 58 854
58 37 854
37 39 569
39 37 569
38 62 22
62 38 22
38 61 451
61 38 451
38 71 894
71 38 894
38 43 777
43 38 777
38 75 176
75 38 176
39 69 596
69 39 596
39 51 115
51 39 115
39 51 701
51 39 701
39 67 408
67 39 408
39 58 332
58 39 332
39 57 733
57 39 733
39 57 561
57 39 561
40 50 422
50 40 422
40 61 164
61 40 164
40 73 856
73 40 856
40 57 43
57 40 43
40 72 571
72 40 571
41 72 619
72 41 619
41 73 873
73 41 873
41 75 885
75 41 885
41 66 144
66 41 144
41 44 354
44 41 354
41 45 60
45 41 60
41 64 417
64 41 417
41 59 547
59 41 547
42 64 677
64 42 677
42 56 934
56 42 934
42 47 772
47 42 772
42 64 925
64 42 925
43 50 48
50 43 48
43 65 126
65 43 126
43 62 947
62 43 947
43 65 85
65 43 85
43 48 714
48 43 714
43 53 816
53 43 816
43 60 143
60 43 143
44 69 599
69 44 599
44 49 505
49 44 505
44 73 386
73 44 386
44 57 685
57 44 685
44 69 168
69 44 168
44 59 178
59 44 178
45 74 518
74 45 518
45 63 296
63 45 296
45 49 370
49 45 370
45 47 494
47 45 494
46 66 592
66 46 592
46 53 162
53 46 162
47 53 707
53 47 707
47 47 152
47 47 152
47 72 999
72 47 999
47 53 746
53 47 746
47 63 283
63 47 283
47 62 630
62 47 630
47 55 864
55 47 864
48 50 139
50 48 139
48 64 393
64 48 393
48 75 144
75 48 144
48 76 292
76 48 292
48 62 861
62 48 861
49 56 992
56 49 992
49 69 215
69 49 215
49 54 189
54 49 189
50 68 622
68 50 622
50 61 110
61 50 110
50 65 798
65 50 798
50 69 791
69 50 791
50 75 417
75 50 417
50 57 399
57 50 399
50 58 543
58 50 543
50 51 374
51 50 374
51 70 947
70 51 947
51 53 511
53 51 511
51 54 823
54 51 823
51 76 185
76 51 185
51 63 996
63 51 996
51 52 103
52 51 103
52 60 363
60 52 363
52 71 638
71 52 638
52 74 716
74 52 716
52 68 907
68 52 907
52 54 789
54 52 789
52 65 209
65 52 209
52 75 862
75 52 862
52 67 18
67 52 18
52 64 463
64 52 463
53 68 756
68 53 756
53 74 45
74 53 45
53 63 475
63 53 475
54 77 794
77 54 794
54 72 364
72 54 364
54 56 119
56 54 119
55 72 327
72 55 327
56 77 971
77 56 971
57 63 801
63 57 801
57 72 434
72 57 434
57 58 708
58 57 708
57 66 555
66 57 555
57 57 375
57 57 375
57 69 174
69 57 174
58 61 889
61 58 889
58 70 942
70 58 942
58 71 885
71 58 885
58 72 651
72 58 651
58 67 830
67 58 830
59 74 846
74 59 846
59 62 985
62 59 985
59 60 441
60 59 441
59 65 222
65 59 222
60 64 191
64 60 191
60 65 375
65 60 375
61 73 66
73 61 66
61 70 879
70 61 879
61 70 118
70 61 118
62 74 734
74 62 734
62 72 462
72 62 462
62 73 366
73 62 366
63 71 71
71 63 71
63 65 128
65 63 128
63 73 963
73 63 963
64 68 155
68 64 155
64 73 52
73 64 52
64 66 922
66 64 922
65 66 664
66 65 664
65 75 552
75 65 552
66 67 387
67 66 387
66 71 455
71 66 455
66 67 116
67 66 116
66 67 511
67 66 511
66 67 968
67 66 968
67 71 822
71 67 822
67 67 283
67 67 283
67 68 417
68 67 417
67 77 761
77 67 761
68 69 957
69 68 957
69 72 684
72 69 684
72 77 190
77 72 190
73 76 587
76 73 587
