51

0 1 507
1 0 507
0 3 453
3 0 453
0 4 757
4 0 757
0 6 807
6 0 807
0 7 562
7 0 562
0 12 664
12 0 664
0 32 714
32 0 714
0 17 675
17 0 675
0 20 860
20 0 860
0 49 151
49 0 151
0 50 561
50 0 561
0 29 709
29 0 709
0 42 993
42 0 993
0 23 933
23 0 933
0 47 460
47 0 460
0 13 100
13 0 100
0 41 384
41 0 384
1 2 883
2 1 883
1 14 66
14 1 66
1 48 819
48 1 819
1 17 892
17 1 892
1 4 909
4 1 909
1 21 86
21 1 86
1 10 545
10 1 545
1 18 304
18 1 304
1 31 627
31 1 627
1 24 337
24 1 337
1 33 521
33 1 521
2 5 108
5 2 108
2 11 400
11 2 400
2 13 884
13 2 884
2 26 355
26 2 355
2 45 776
45 2 776
2 40 178
40 2 178
2 42 29
42 2 29
2 14 430
14 2 430
2 47 984
47 2 984
2 12 890
12 2 890
2 25 305
25 2 305
2 34 235
34 2 235
2 47 943
47 2 943
2 40 199
40 2 199
2 36 902
36 2 902
3 9 165
9 3 165
3 48 648
48 3 648
3 32 465
32 3 465
3 36 275
36 3 275
3 36 408
36 3 408
3 41 237
41 3 237
3 34 90
34 3 90
3 45 16
45 3 16
3 4 311
4 3 311
4 21 560
21 4 560
4 22 491
22 4 491
4 25 597
25 4 597
4 36 339
36 4 339
4 17 716
17 4 716
4 45 571
45 4 571
4 16 480
16 4 480
4 39 460
39 4 460
4 45 908
45 4 908
5 8 101
8 5 101
5 10 254
10 5 254
5 15 242
15 5 242
5 42 578
42 5 578
5 19 333
19 5 333
5 30 776
30 5 776
5 26 561
26 5 561
5 9 15
9 5 15
5 28 816
28 5 816
5 14 973
14 5 973
5 5 832
5 5 832
5 33 49
33 5 49
5 47 700
47 5 700
5 34 718
34 5 718
5 46 619
46 5 619
5 27 185
27 5 185
6 20 167
20 6 167
6 30 26
30 6 26
6 18 494
18 6 494
6 24 474
24 6 474
6 13 827
13 6 827
6 10 453
10 6 453
6 36 911
36 6 911
6 32 684
32 6 684
6 34 955
34 6 955
6 35 600
35 6 600
6 27 727
27 6 727
6 24 275
24 6 275
7 18 457
18 7 457
7 14 58
14 7 58
7 20 188
20 7 188
7 13 257
13 7 257
7 16 287
16 7 287
7 21 552
21 7 552
8 27 737
27 8 737
8 31 218
31 8 218
8 49 713
49 8 713
8 45 155
45 8 155
8 39 382
39 8 382
8 35 203
35 8 203
8 24 483
24 8 483
9 37 960
37 9 960
9 19 94
19 9 94
9 34 507
34 9 507
9 22 388
22 9 388
9 18 465
18 9 465
9 34 654
34 9 654
9 25 88
25 9 88
9 22 94
22 9 94
9 33 774
33 9 774
9 28 812
28 9 812
9 40 208
40 9 208
9 50 548
50 9 548
10 16 603
16 10 603
10 15 300
15 10 300
10 12 465
12 10 465
10 11 345
11 10 345
10 50 587
50 10 587
10 12 888
12 10 888
10 12 723
12 10 723
10 37 68
37 10 68
10 36 280
36 10 280
10 38 694
38 10 694
11 30 508
30 11 508
11 30 920
30 11 920
11 19 406
19 11 406
11 40 852
40 11 852
12 15 701
15 12 701
12 33 115
33 12 115
12 40 890
40 12 890
12 17 268
17 12 268
12 44 660
44 12 660
12 30 459
30 12 459
12 26 1000
26 12 1000
12 20 1
20 12 1
13 24 226
24 13 226
13 29 721
29 13 721
13 33 800
33 13 800
13 39 67
39 13 67
13 45 261
45 13 261
13 21 348
21 13 348
13 25 647
25 13 647
13 45 83
45 13 83
14 19 629
19 14 629
14 40 693
40 14 693
14 43 886
43 14 886
14 47 383
47 14 383
14 43 820
43 14 820
14 45 272
45 14 272
14 34 657
34 14 657
14 41 960
41 14 960
14 39 832
39 14 832
14 37 920
37 14 920
14 48 811
48 14 811
14 46 562
46 14 562
15 17 596
17 15 596
15 23 590
23 15 590
15 41 399
41 15 399
15 44 751
44 15 751
15 27 648
27 15 648
15 34 732
34 15 732
15 33 271
33 15 271
15 43 9
43 15 9
15 34 289
34 15 289
15 36 202
36 15 202
15 21 742
21 15 742
15 39 77
39 15 77
15 28 122
28 15 122
15 20 468
20 15 468
15 19 237
19 15 237
16 19 868
19 16 868
16 21 518
21 16 518
16 44 714
44 16 714
16 46 927
46 16 927
16 29 144
29 16 144
16 17 589
17 16 589
17 50 852
50 17 852
17 29 445
29 17 445
17 23 106
23 17 106
17 37 61
37 17 61
17 24 795
24 17 795
18 33 480
33 18 480
18 20 848
20 18 848
18 48 435
48 18 435
18 27 991
27 18 991
18 32 433
32 18 433
19 47 884
47 19 884
19 48 152
48 19 152
19 23 681
23 19 681
19 26 231
26 19 231
20 35 85
35 20 85
20 37 84
37 20 84
21 28 882
28 21 882
21 46 412
46 21 412
21 29 606
29 21 606
21 49 98
49 21 98
21 25 498
25 21 498
21 31 291
31 21 291
22 41 859
41 22 859
22 50 425
50 22 425
22 44 652
44 22 652
23 39 735
39 23 735
23 36 679
36 23 679
23 40 960
40 23 960
23 27 290
27 23 290
23 43 692
43 23 692
23 24 620
24 23 620
23 38 775
38 23 775
23 49 223
49 23 223
23 46 725
46 23 725
24 29 393
29 24 393
24 38 697
38 24 697
24 29 472
29 24 472
24 32 474
32 24 474
24 44 139
44 24 139
24 31 755
31 24 755
25 36 646
36 25 646
25 39 280
39 25 280
25 39 582
39 25 582
26 34 239
34 26 239
26 31 401
31 26 401
26 38 905
38 26 905
26 39 546
39 26 546
26 29 616
29 26 616
26 40 275
40 26 275
26 42 103
42 26 103
27 44 568
44 27 568
27 43 109
43 27 109
27 46 996
46 27 996
27 42 991
42 27 991
28 37 941
37 28 941
28 39 709
39 28 709
28 38 678
38 28 678
29 38 201
38 29 201
29 47 632
47 29 632
29 42 191
42 29 191
30 39 196
39 30 196
30 31 157
31 30 157
30 31 70
31 30 70
30 46 685
46 30 685
30 48 590
48 30 590
31 34 939
34 31 939
31 43 260
43 31 260
32 50 735
50 32 735
32 44 740
44 32 740
32 45 995
45 32 995
33 47 531
47 33 531
34 44 780
44 34 780
36 39 81
39 36 81
37 49 545
49 37 545
37 37 150
37 37 150
37 37 429
37 37 429
37 41 705
41 37 705
38 45 850
45 38 850
38 41 438
41 38 438
38 46 494
46 38 494
39 42 615
42 39 615
39 48 91
48 39 91
40 48 169
48 40 169
40 50 656
50 40 656
40 44 734
44 40 734
41 50 409
50 41 409
41 49 396
49 41 396
41 42 253
42 41 253
42 43 561
43 42 561
44 50 868
50 44 868
46 48 260
48 46 260
