47

0 1 553
1 0 553
0 13 118
13 0 118
0 45 557
45 0 557
1 2 770
2 1 770
1 10 884
10 1 884
2 3 975
3 2 975
2 5 150
5 2 150
2 7 870
7 2 870
2 21 732
21 2 732
3 4 135
4 3 135
3 18 712
18 3 712
4 6 878
6 4 878
4 8 124
8 4 124
4 9 23
9 4 23
4 23 659
23 4 659
5 11 646
11 5 646
6 10 367
10 6 367
6 17 438
17 6 438
6 28 267
28 6 267
6 41 202
41 6 202
8 37 718
37 8 718
9 14 398
14 9 398
9 16 288
16 9 288
9 30 120
30 9 120
10 15 197
15 10 197
10 19 186
19 10 186
10 27 469
27 10 469
10 29 229
29 10 229
10 31 354
31 10 354
10 19 427
19 10 427
10 16 314
16 10 314
11 12 311
12 11 311
11 33 858
33 11 858
12 22 304
22 12 304
12 24 9
24 12 9
12 46 217
46 12 217
13 21 65
21 13 65
16 42 28
42 16 28
17 20 251
20 17 251
17 35 264
35 17 264
18 34 329
34 18 329
18 40 176
40 18 176
21 26 879
26 21 879
21 36 661
36 21 661
21 44 275
44 21 275
21 28 813
28 21 813
23 25 615
25 23 615
23 33 456
33 23 456
28 32 733
32 28 733
34 39 87
39 34 87
35 40 919
40 35 919
37 38 627
38 37 627
39 40 306
40 39 306
40 43 253
43 40 253
