96

0 1 627
1 0 627
0 2 742
2 0 742
0 29 942
29 0 942
0 59 452
59 0 452
0 43 411
43 0 411
0 81 673
81 0 673
0 25 935
25 0 935
0 16 810
16 0 810
0 79 893
79 0 893
0 12 845
12 0 845
1 3 878
3 1 878
1 5 696
5 1 696
1 45 391
45 1 391
1 77 76
77 1 76
1 13 487
13 1 487
1 65 778
65 1 778
1 35 908
35 1 908
1 26 702
26 1 702
1 52 313
52 1 313
1 12 920
12 1 920
1 85 301
85 1 301
1 79 186
79 1 186
1 42 982
42 1 982
1 75 273
75 1 273
1 57 276
57 1 276
2 6 534
6 2 534
2 8 969
8 2 969
2 14 655
14 2 655
2 16 75
16 2 75
2 32 812
32 2 812
2 93 388
93 2 388
2 43 751
43 2 751
2 41 167
41 2 167
3 4 29
4 3 29
3 7 950
7 3 950
3 19 943
19 3 943
3 20 58
20 3 58
3 21 348
21 3 348
3 36 591
36 3 591
3 83 693
83 3 693
3 61 147
61 3 147
3 58 776
58 3 776
3 62 256
62 3 256
3 78 275
78 3 275
3 76 380
76 3 380
3 5 22
5 3 22
3 51 314
51 3 314
3 93 353
93 3 353
3 52 762
52 3 762
3 74 459
74 3 459
4 10 932
10 4 932
4 11 106
11 4 106
4 82 191
82 4 191
4 94 1
94 4 1
4 12 550
12 4 550
4 95 363
95 4 363
4 54 886
54 4 886
4 42 432
42 4 432
4 31 866
31 4 866
4 59 291
59 4 291
4 73 71
73 4 71
5 18 872
18 5 872
5 95 231
95 5 231
5 21 179
21 5 179
5 68 281
68 5 281
5 53 259
53 5 259
5 45 99
45 5 99
5 94 884
94 5 884
5 37 369
37 5 369
5 82 270
82 5 270
5 86 683
86 5 683
5 35 257
35 5 257
5 17 724
17 5 724
5 34 134
34 5 134
5 22 721
22 5 721
5 72 977
72 5 977
5 27 622
27 5 622
6 9 427
9 6 427
6 13 64
13 6 64
6 41 944
41 6 944
6 86 845
86 6 845
6 48 202
48 6 202
6 16 11
16 6 11
6 13 549
13 6 549
6 73 469
73 6 469
6 80 549
80 6 549
7 22 42
22 7 42
7 90 343
90 7 343
7 65 584
65 7 584
7 70 740
70 7 740
7 59 240
59 7 240
7 89 844
89 7 844
7 93 138
93 7 138
7 74 546
74 7 546
7 93 389
93 7 389
7 91 869
91 7 869
8 27 696
27 8 696
8 34 993
34 8 993
8 94 865
94 8 865
8 93 778
93 8 778
8 86 259
86 8 259
8 47 708
47 8 708
8 49 513
49 8 513
8 52 143
52 8 143
8 43 171
43 8 171
8 86 958
86 8 958
9 25 640
25 9 640
9 33 72
33 9 72
9 29 266
29 9 266
9 60 643
60 9 643
9 15 626
15 9 626
9 94 883
94 9 883
9 27 920
27 9 920
9 41 846
41 9 846
9 89 687
89 9 687
10 23 83
23 10 83
10 92 945
92 10 945
10 33 250
33 10 250
10 78 529
78 10 529
10 49 812
49 10 812
10 69 806
69 10 806
10 26 484
26 10 484
10 51 777
51 10 777
10 88 445
88 10 445
10 64 877
64 10 877
11 12 351
12 11 351
11 15 652
15 11 652
11 39 67
39 11 67
11 63 464
63 11 464
11 62 797
62 11 797
11 47 92
47 11 92
11 40 87
40 11 87
11 77 507
77 11 507
11 81 170
81 11 170
11 89 974
89 11 974
11 48 409
48 11 409
11 75 169
75 11 169
12 41 37
41 12 37
12 25 600
25 12 600
12 17 357
17 12 357
12 35 449
35 12 449
12 80 259
80 12 259
12 15 172
15 12 172
12 87 206
87 12 206
12 43 764
43 12 764
12 67 69
67 12 69
12 61 692
61 12 692
12 83 825
83 12 825
12 83 923
83 12 923
13 17 752
17 13 752
13 37 890
37 13 890
13 65 939
65 13 939
13 40 785
40 13 785
13 36 978
36 13 978
13 20 978
20 13 978
13 61 775
61 13 775
13 90 247
90 13 247
13 52 501
52 13 501
13 20 534
20 13 534
13 33 552
33 13 552
13 51 853
51 13 853
13 89 787
89 13 787
13 82 865
82 13 865
13 60 558
60 13 558
14 44 233
44 14 233
14 89 963
89 14 963
14 63 916
63 14 916
14 44 698
44 14 698
14 92 446
92 14 446
14 95 832
95 14 832
14 87 2
87 14 2
14 59 940
59 14 940
14 85 487
85 14 487
14 26 603
26 14 603
14 83 95
83 14 95
14 47 450
47 14 450
14 56 842
56 14 842
14 73 779
73 14 779
14 60 423
60 14 423
15 47 484
47 15 484
15 51 637
51 15 637
15 91 376
91 15 376
15 27 72
27 15 72
15 48 80
48 15 80
15 58 992
58 15 992
15 71 199
71 15 199
15 63 40
63 15 40
15 83 449
83 15 449
15 83 812
83 15 812
15 45 23
45 15 23
15 75 224
75 15 224
16 35 825
35 16 825
16 49 664
49 16 664
16 30 709
30 16 709
16 61 971
61 16 971
16 57 238
57 16 238
16 23 904
23 16 904
16 19 341
19 16 341
16 95 9
95 16 9
16 62 67
62 16 67
16 79 109
79 16 109
16 95 855
95 16 855
16 61 968
61 16 968
16 60 840
60 16 840
16 53 186
53 16 186
16 63 246
63 16 246
16 64 428
64 16 428
17 40 196
40 17 196
17 48 258
48 17 258
17 60 584
60 17 584
17 84 333
84 17 333
17 63 726
63 17 726
17 83 121
83 17 121
17 65 556
65 17 556
17 64 419
64 17 419
17 51 93
51 17 93
17 85 168
85 17 168
17 53 66
53 17 66
17 45 87
45 17 87
17 42 976
42 17 976
17 78 408
78 17 408
17 17 748
17 17 748
17 21 288
21 17 288
18 24 648
24 18 648
18 76 246
76 18 246
18 88 858
88 18 858
18 53 915
53 18 915
18 35 855
35 18 855
18 84 255
84 18 255
19 74 240
74 19 240
19 23 657
23 19 657
19 76 483
76 19 483
19 49 663
49 19 663
19 74 104
74 19 104
19 46 809
46 19 809
19 94 104
94 19 104
19 28 13
28 19 13
19 27 640
27 19 640
20 78 24
78 20 24
20 92 985
92 20 985
20 76 845
76 20 845
20 42 420
42 20 420
20 36 155
36 20 155
20 44 958
44 20 958
20 30 205
30 20 205
21 28 481
28 21 481
21 31 99
31 21 99
21 50 505
50 21 505
21 64 966
64 21 966
21 26 618
26 21 618
21 54 441
54 21 441
21 78 543
78 21 543
21 37 255
37 21 255
22 91 479
91 22 479
22 93 388
93 22 388
22 72 262
72 22 262
22 33 30
33 22 30
22 79 853
79 22 853
22 92 690
92 22 690
22 88 993
88 22 993
22 25 112
25 22 112
22 26 1000
26 22 1000
22 78 844
78 22 844
22 75 536
75 22 536
23 68 479
68 23 479
23 30 569
30 23 569
23 52 315
52 23 315
23 35 236
35 23 236
23 66 155
66 23 155
23 69 272
69 23 272
24 26 343
26 24 343
24 33 391
33 24 391
24 38 400
38 24 400
24 45 60
45 24 60
24 32 814
32 24 814
24 79 543
79 24 543
24 94 569
94 24 569
24 61 486
61 24 486
24 56 969
56 24 969
24 82 284
82 24 284
24 85 802
85 24 802
25 30 301
30 25 301
25 42 679
42 25 679
25 74 713
74 25 713
25 50 222
50 25 222
25 33 256
33 25 256
25 70 845
70 25 845
25 64 51
64 25 51
25 71 915
71 25 915
26 72 380
72 26 380
26 40 279
40 26 279
26 78 118
78 26 118
26 49 89
49 26 89
27 70 84
70 27 84
27 71 147
71 27 147
27 32 646
32 27 646
27 85 165
85 27 165
27 73 469
73 27 469
27 35 824
35 27 824
27 79 113
79 27 113
27 38 347
38 27 347
28 29 212
29 28 212
28 36 20
36 28 20
28 79 927
79 28 927
28 94 979
94 28 979
28 62 614
62 28 614
28 51 931
51 28 931
28 53 121
53 28 121
28 59 911
59 28 911
28 94 353
94 28 353
28 67 742
67 28 742
28 50 439
50 28 439
29 39 713
39 29 713
29 88 536
88 29 536
29 87 777
87 29 777
29 86 61
86 29 61
29 89 116
89 29 116
29 61 273
61 29 273
29 56 404
56 29 404
30 86 201
86 30 201
30 86 269
86 30 269
30 86 71
86 30 71
30 88 225
88 30 225
30 70 113
70 30 113
30 49 711
49 30 711
30 67 516
67 30 516
30 88 51
88 30 51
30 70 105
70 30 105
30 34 961
34 30 961
30 53 337
53 30 337
30 39 387
39 30 387
30 72 603
72 30 603
30 54 896
54 30 896
31 61 45
61 31 45
31 36 385
36 31 385
31 45 196
45 31 196
31 90 666
90 31 666
31 48 344
48 31 344
32 54 651
54 32 651
32 44 1
44 32 1
32 52 686
52 32 686
32 77 281
77 32 281
32 70 866
70 32 866
33 81 372
81 33 372
33 77 721
77 33 721
33 46 348
46 33 348
33 60 669
60 33 669
33 69 112
69 33 112
34 94 554
94 34 554
34 88 356
88 34 356
34 84 302
84 34 302
34 74 402
74 34 402
34 80 765
80 34 765
34 48 308
48 34 308
34 95 373
95 34 373
35 75 423
75 35 423
35 71 151
71 35 151
35 48 769
48 35 769
35 65 86
65 35 86
35 53 511
53 35 511
35 66 120
66 35 120
35 49 479
49 35 479
36 55 188
55 36 188
36 69 188
69 36 188
36 52 170
52 36 170
36 60 674
60 36 674
36 45 748
45 36 748
36 44 692
44 36 692
36 41 232
41 36 232
37 43 502
43 37 502
37 53 954
53 37 954
37 74 307
74 37 307
37 63 26
63 37 26
37 55 784
55 37 784
37 89 51
89 37 51
37 68 766
68 37 766
38 83 45
83 38 45
38 53 17
53 38 17
38 61 588
61 38 588
38 61 437
61 38 437
39 46 682
46 39 682
39 79 387
79 39 387
39 80 307
80 39 307
39 39 559
39 39 559
40 94 767
94 40 767
40 52 226
52 40 226
40 80 844
80 40 844
40 78 206
78 40 206
40 47 357
47 40 357
40 45 178
45 40 178
41 56 395
56 41 395
41 47 473
47 41 473
41 44 950
44 41 950
42 75 899
75 42 899
42 62 405
62 42 405
42 92 599
92 42 599
42 90 717
90 42 717
42 90 699
90 42 699
43 51 414
51 43 414
43 91 666
91 43 666
43 52 610
52 43 610
43 50 122
50 43 122
43 43 975
43 43 975
43 53 480
53 43 480
44 52 445
52 44 445
44 73 309
73 44 309
44 93 304
93 44 304
44 86 886
86 44 886
44 90 960
90 44 960
45 67 611
67 45 611
45 95 997
95 45 997
45 77 567
77 45 567
45 93 585
93 45 585
45 82 38
82 45 38
45 76 531
76 45 531
46 62 638
62 46 638
46 73 850
73 46 850
46 87 586
87 46 586
46 87 447
87 46 447
46 91 168
91 46 168
46 74 561
74 46 561
46 65 542
65 46 542
46 76 960
76 46 960
46 74 440
74 46 440
47 57 996
57 47 996
47 78 760
78 47 760
47 62 202
62 47 202
47 64 921
64 47 921
47 49 965
49 47 965
47 59 924
59 47 924
47 55 584
55 47 584
48 58 877
58 48 877
48 71 994
71 48 994
48 86 732
86 48 732
48 93 475
93 48 475
48 90 110
90 48 110
48 61 283
61 48 283
48 62 605
62 48 605
48 93 25
93 48 25
48 85 978
85 48 978
49 87 777
87 49 777
49 83 983
83 49 983
49 93 51
93 49 51
49 62 911
62 49 911
49 65 179
65 49 179
50 72 219
72 50 219
50 89 481
89 50 481
51 59 1000
59 51 1000
51 80 546
80 51 546
51 84 471
84 51 471
51 91 795
91 51 795
51 57 117
57 51 117
52 93 6
93 52 6
52 66 778
66 52 778
52 75 380
75 52 380
52 78 427
78 52 427
52 67 365
67 52 365
52 81 322
81 52 322
52 70 189
70 52 189
52 75 952
75 52 952
53 67 609
67 53 609
53 80 238
80 53 238
53 57 896
57 53 896
53 91 699
91 53 699
54 76 469
76 54 469
54 87 47
87 54 47
54 64 384
64 54 384
55 87 285
87 55 285
55 89 924
89 55 924
55 65 566
65 55 566
55 64 355
64 55 355
55 91 843
91 55 843
55 79 294
79 55 294
55 95 974
95 55 974
55 92 933
92 55 933
55 69 894
69 55 894
56 80 57
80 56 57
56 93 882
93 56 882
57 84 698
84 57 698
57 79 850
79 57 850
57 79 50
79 57 50
57 72 140
72 57 140
57 79 654
79 57 654
57 68 876
68 57 876
57 76 115
76 57 115
57 73 591
73 57 591
57 87 143
87 57 143
58 90 256
90 58 256
58 89 456
89 58 456
58 94 586
94 58 586
59 63 735
63 59 735
59 72 717
72 59 717
59 80 98
80 59 98
60 95 731
95 60 731
60 75 98
75 60 98
60 75 983
75 60 983
60 62 826
62 60 826
60 94 420
94 60 420
61 92 744
92 61 744
61 92 983
92 61 983
62 66 861
66 62 861
62 68 198
68 62 198
62 82 558
82 62 558
62 86 921
86 62 921
62 91 613
91 62 613
62 79 655
79 62 655
63 69 500
69 63 500
63 88 285
88 63 285
63 75 580
75 63 580
63 82 856
82 63 856
64 93 218
93 64 218
64 95 869
95 64 869
64 70 822
70 64 822
64 90 475
90 64 475
65 76 307
76 65 307
65 82 684
82 65 684
65 81 587
81 65 587
65 85 114
85 65 114
66 68 819
68 66 819
66 82 543
82 66 543
66 93 295
93 66 295
67 88 103
88 67 103
68 88 101
88 68 101
68 80 502
80 68 502
68 90 702
90 68 702
68 95 743
95 68 743
68 89 523
89 68 523
69 80 423
80 69 423
69 85 764
85 69 764
69 86 203
86 69 203
69 95 783
95 69 783
69 86 504
86 69 504
71 73 352
73 71 352
71 90 770
90 71 770
71 95 885
95 71 885
71 76 382
76 71 382
72 90 990
90 72 990
73 85 429
85 73 429
74 81 864
81 74 864
74 92 633
92 74 633
74 77 805
77 74 805
74 91 623
91 74 623
76 89 266
89 76 266
76 87 292
87 76 292
76 78 515
78 76 515
76 81 903
81 76 903
77 84 873
84 77 873
78 94 158
94 78 158
79 95 926
95 79 926
79 85 833
85 79 833
80 85 493
85 80 493
80 90 620
90 80 620
81 93 592
93 81 592
81 94 738
94 81 738
81 83 713
83 81 713
81 81 549
81 81 549
82 93 345
93 82 345
82 91 170
91 82 170
83 90 712
90 83 712
83 86 963
86 83 963
84 85 707
85 84 707
84 92 891
92 84 891
85 86 812
86 85 812
86 95 978
95 86 978
86 88 747
88 86 747
87 92 345
92 87 345
87 89 391
89 87 391
88 93 433
93 88 433
92 95 210
95 92 210
93 94 573
94 93 573
