36

0 1 855
1 0 855
0 2 712
2 0 712
0 3 614
3 0 614
0 21 894
21 0 894
0 27 582
27 0 582
0 33 280
33 0 280
0 20 887
20 0 887
0 1 3
1 0 3
0 13 929
13 0 929
1 4 198
4 1 198
1 5 358
5 1 358
1 28 486
28 1 486
1 25 36
25 1 36
2 9 161
9 2 161
2 17 806
17 2 806
2 35 300
35 2 300
2 3 493
3 2 493
3 8 889
8 3 889
3 11 659
11 3 659
3 12 311
12 3 311
3 29 472
29 3 472
4 13 961
13 4 961
4 23 377
23 4 377
4 29 201
29 4 201
4 21 936
21 4 936
4 23 356
23 4 356
5 6 711
6 5 711
5 21 995
21 5 995
6 7 826
7 6 826
6 14 644
14 6 644
6 18 352
18 6 352
6 11 796
11 6 796
6 19 5
19 6 5
7 20 585
20 7 585
8 10 492
10 8 492
8 16 200
16 8 200
8 22 630
22 8 630
8 30 131
30 8 131
8 18 960
18 8 960
8 31 366
31 8 366
8 21 824
21 8 824
9 28 925
28 9 925
9 30 818
30 9 818
9 17 298
17 9 298
10 15 377
15 10 377
10 32 901
32 10 901
10 18 845
18 10 845
10 16 931
16 10 931
10 16 828
16 10 828
11 30 730
30 11 730
12 34 45
34 12 45
12 16 863
16 12 863
12 18 289
18 12 289
13 25 381
25 13 381
13 26 302
26 13 302
13 25 434
25 13 434
14 15 931
15 14 931
16 19 882
19 16 882
18 26 579
26 18 579
18 19 168
19 18 168
19 24 852
24 19 852
20 31 220
31 20 220
21 33 860
33 21 860
22 24 175
24 22 175
23 24 11
24 23 11
23 25 334
25 23 334
26 29 911
29 26 911
29 35 90
35 29 90
29 35 322
35 29 322
32 34 108
34 32 108
