98

0 1 583
1 0 583
0 2 868
2 0 868
0 3 129
3 0 129
0 4 840
4 0 840
0 6 145
6 0 145
0 10 895
10 0 895
0 35 883
35 0 883
0 85 786
85 0 786
0 21 133
21 0 133
0 96 794
96 0 794
0 44 10
44 0 10
0 33 227
33 0 227
0 10 605
10 0 605
0 60 499
60 0 499
0 17 167
17 0 167
0 17 491
17 0 491
0 57 107
57 0 107
0 26 150
26 0 150
0 33 368
33 0 368
0 86 580
86 0 580
0 71 121
71 0 121
0 23 3
23 0 3
0 69 403
69 0 403
0 26 330
26 0 330
0 52 795
52 0 795
0 4 580
4 0 580
1 5 969
5 1 969
1 11 524
11 1 524
1 14 696
14 1 696
1 13 805
13 1 805
1 14 967
14 1 967
1 30 203
30 1 203
1 37 721
37 1 721
1 86 600
86 1 600
1 22 942
22 1 942
1 29 709
29 1 709
1 97 323
97 1 323
1 16 92
16 1 92
1 81 83
81 1 83
1 95 843
95 1 843
1 59 346
59 1 346
1 22 223
22 1 223
2 28 226
28 2 226
2 49 569
49 2 569
2 63 317
63 2 317
2 27 577
27 2 577
2 60 3
60 2 3
2 81 382
81 2 382
2 86 296
86 2 296
2 82 159
82 2 159
2 16 648
16 2 648
2 67 839
67 2 839
2 84 273
84 2 273
2 95 578
95 2 578
2 32 469
32 2 469
2 64 542
64 2 542
3 8 439
8 3 439
3 30 128
30 3 128
3 38 195
38 3 195
3 54 665
54 3 665
3 24 246
24 3 246
3 39 409
39 3 409
3 82 10
82 3 10
3 86 251
86 3 251
3 51 7
51 3 7
3 25 892
25 3 892
3 43 434
43 3 434
3 53 691
53 3 691
3 93 729
93 3 729
3 39 764
39 3 764
3 66 133
66 3 133
3 18 848
18 3 848
3 57 587
57 3 587
3 94 174
94 3 174
3 70 439
70 3 439
3 12 526
12 3 526
3 32 431
32 3 431
3 54 287
54 3 287
3 67 261
67 3 261
3 24 156
24 3 156
4 19 230
19 4 230
4 4 846
4 4 846
4 7 559
7 4 559
4 88 518
88 4 518
4 23 916
23 4 916
4 30 279
30 4 279
4 31 937
31 4 937
4 47 705
47 4 705
4 81 154
81 4 154
4 95 458
95 4 458
4 47 981
47 4 981
4 80 724
80 4 724
4 40 388
40 4 388
4 79 129
79 4 129
4 19 613
19 4 613
4 96 705
96 4 705
4 36 260
36 4 260
4 96 832
96 4 832
4 10 521
10 4 521
4 5 417
5 4 417
5 7 80
7 5 80
5 15 887
15 5 887
5 23 55
23 5 55
5 34 658
34 5 658
5 36 844
36 5 844
5 53 129
53 5 129
5 59 624
59 5 624
5 68 456
68 5 456
5 77 573
77 5 573
5 16 510
16 5 510
5 41 52
41 5 52
5 31 28
31 5 28
5 12 292
12 5 292
5 85 790
85 5 790
5 11 918
11 5 918
5 34 900
34 5 900
5 96 235
96 5 235
5 15 297
15 5 297
5 7 648
7 5 648
5 92 577
92 5 577
5 93 699
93 5 699
5 26 711
26 5 711
5 42 40
42 5 40
5 22 892
22 5 892
5 36 232
36 5 232
5 46 298
46 5 298
6 22 363
22 6 363
6 84 212
84 6 212
6 40 562
40 6 562
6 12 72
12 6 72
6 25 561
25 6 561
6 78 786
78 6 786
6 36 46
36 6 46
6 83 846
83 6 846
6 60 560
60 6 560
6 9 416
9 6 416
6 22 373
22 6 373
6 30 619
30 6 619
6 46 536
46 6 536
6 13 346
13 6 346
7 16 706
16 7 706
7 29 604
29 7 604
7 59 935
59 7 935
7 63 605
63 7 605
7 56 308
56 7 308
7 11 537
11 7 537
7 32 124
32 7 124
7 62 937
62 7 937
7 51 537
51 7 537
7 30 491
30 7 491
7 68 52
68 7 52
7 94 483
94 7 483
7 8 670
8 7 670
7 53 115
53 7 115
7 28 922
28 7 922
7 69 38
69 7 38
7 79 859
79 7 859
7 81 867
81 7 867
7 29 345
29 7 345
7 13 948
13 7 948
8 9 81
9 8 81
8 12 827
12 8 827
8 13 110
13 8 110
8 26 717
26 8 717
8 32 384
32 8 384
8 69 984
69 8 984
8 52 819
52 8 819
8 90 584
90 8 584
8 10 856
10 8 856
8 96 142
96 8 142
8 94 686
94 8 686
8 94 54
94 8 54
8 26 789
26 8 789
8 66 909
66 8 909
8 48 211
48 8 211
8 28 169
28 8 169
8 66 113
66 8 113
9 20 186
20 9 186
9 27 158
27 9 158
9 94 806
94 9 806
9 58 941
58 9 941
9 50 121
50 9 121
9 15 993
15 9 993
9 26 617
26 9 617
9 81 112
81 9 112
9 58 380
58 9 380
9 72 682
72 9 682
9 52 932
52 9 932
9 66 588
66 9 588
9 21 556
21 9 556
9 73 530
73 9 530
9 88 432
88 9 432
9 61 751
61 9 751
9 91 870
91 9 870
10 37 95
37 10 95
10 78 911
78 10 911
10 51 385
51 10 385
10 67 722
67 10 722
10 45 624
45 10 624
10 82 662
82 10 662
10 40 470
40 10 470
10 17 638
17 10 638
10 11 150
11 10 150
10 90 939
90 10 939
10 24 279
24 10 279
10 26 112
26 10 112
10 73 342
73 10 342
10 39 789
39 10 789
10 76 367
76 10 367
10 64 200
64 10 200
10 26 689
26 10 689
10 13 453
13 10 453
10 67 136
67 10 136
10 96 443
96 10 443
10 94 580
94 10 580
11 17 751
17 11 751
11 18 952
18 11 952
11 40 659
40 11 659
11 96 558
96 11 558
11 15 501
15 11 501
11 20 636
20 11 636
11 92 865
92 11 865
11 14 605
14 11 605
11 35 850
35 11 850
11 81 409
81 11 409
11 50 181
50 11 181
11 21 158
21 11 158
11 71 917
71 11 917
11 51 97
51 11 97
11 20 831
20 11 831
11 45 246
45 11 246
11 39 656
39 11 656
12 66 374
66 12 374
12 77 261
77 12 261
12 59 336
59 12 336
12 56 234
56 12 234
12 84 218
84 12 218
12 24 923
24 12 923
12 57 489
57 12 489
12 74 458
74 12 458
12 39 8
39 12 8
12 66 714
66 12 714
12 46 916
46 12 916
12 75 86
75 12 86
12 17 960
17 12 960
12 55 630
55 12 630
12 65 88
65 12 88
12 30 727
30 12 727
12 27 748
27 12 748
12 82 932
82 12 932
13 55 283
55 13 283
13 64 782
64 13 782
13 56 12
56 13 12
13 45 2
45 13 2
13 14 908
14 13 908
13 14 291
14 13 291
13 17 790
17 13 790
13 63 788
63 13 788
13 84 193
84 13 193
13 45 537
45 13 537
13 65 85
65 13 85
13 41 435
41 13 435
13 37 692
37 13 692
13 87 244
87 13 244
13 77 305
77 13 305
13 95 673
95 13 673
13 33 14
33 13 14
14 34 955
34 14 955
14 61 883
61 14 883
14 43 599
43 14 599
14 77 1000
77 14 1000
14 92 45
92 14 45
14 87 918
87 14 918
14 70 332
70 14 332
14 92 82
92 14 82
14 71 84
71 14 84
14 75 493
75 14 493
14 61 144
61 14 144
14 60 447
60 14 447
14 82 879
82 14 879
14 17 145
17 14 145
14 92 875
92 14 875
15 21 371
21 15 371
15 81 267
81 15 267
15 56 997
56 15 997
15 17 17
17 15 17
15 90 665
90 15 665
15 21 208
21 15 208
15 47 54
47 15 54
15 87 372
87 15 372
15 63 965
63 15 965
15 57 44
57 15 44
15 46 381
46 15 381
15 27 489
27 15 489
15 33 212
33 15 212
15 48 656
48 15 656
15 19 457
19 15 457
15 77 782
77 15 782
15 54 21
54 15 21
15 96 387
96 15 387
16 60 191
60 16 191
16 79 734
79 16 734
16 78 270
78 16 270
16 17 597
17 16 597
16 26 534
26 16 534
16 67 240
67 16 240
16 83 200
83 16 200
16 33 748
33 16 748
16 39 857
39 16 857
16 16 985
16 16 985
16 96 900
96 16 900
16 71 172
71 16 172
16 85 745
85 16 745
16 46 38
46 16 38
17 19 662
19 17 662
17 43 82
43 17 82
17 27 918
27 17 918
17 34 280
34 17 280
17 41 422
41 17 422
17 39 267
39 17 267
17 87 658
87 17 658
17 33 423
33 17 423
17 82 528
82 17 528
17 42 670
42 17 670
17 67 209
67 17 209
17 50 575
50 17 575
17 62 699
62 17 699
17 85 399
85 17 399
17 93 998
93 17 998
18 19 395
19 18 395
18 24 278
24 18 278
18 72 267
72 18 267
18 27 910
27 18 910
18 53 574
53 18 574
18 93 889
93 18 889
18 83 131
83 18 131
18 39 441
39 18 441
18 71 977
71 18 977
19 61 237
61 19 237
19 36 925
36 19 925
19 44 405
44 19 405
19 27 377
27 19 377
19 43 51
43 19 51
19 23 187
23 19 187
19 59 90
59 19 90
19 77 43
77 19 43
19 20 561
20 19 561
19 37 328
37 19 328
20 57 288
57 20 288
20 49 975
49 20 975
20 41 379
41 20 379
20 46 848
46 20 848
20 51 133
51 20 133
20 92 383
92 20 383
20 94 111
94 20 111
20 65 848
65 20 848
21 71 910
71 21 910
21 44 331
44 21 331
21 38 438
38 21 438
21 87 831
87 21 831
21 58 43
58 21 43
21 96 21
96 21 21
21 41 683
41 21 683
22 84 196
84 22 196
22 47 278
47 22 278
22 86 915
86 22 915
22 83 363
83 22 363
22 50 1
50 22 1
22 33 46
33 22 46
22 90 983
90 22 983
22 82 81
82 22 81
22 29 556
29 22 556
22 92 83
92 22 83
22 93 750
93 22 750
23 24 588
24 23 588
23 57 235
57 23 235
23 60 189
60 23 189
23 72 139
72 23 139
23 51 422
51 23 422
23 54 884
54 23 884
23 56 760
56 23 760
24 25 965
25 24 965
24 92 652
92 24 652
24 70 281
70 24 281
24 97 346
97 24 346
24 31 771
31 24 771
24 34 248
34 24 248
24 30 969
30 24 969
24 51 250
51 24 250
24 27 308
27 24 308
24 85 854
85 24 854
24 78 840
78 24 840
24 52 387
52 24 387
24 82 270
82 24 270
24 93 231
93 24 231
24 32 700
32 24 700
25 33 737
33 25 737
25 46 362
46 25 362
25 43 4
43 25 4
25 26 739
26 25 739
25 75 160
75 25 160
25 50 667
50 25 667
25 51 624
51 25 624
25 64 981
64 25 981
25 76 638
76 25 638
25 38 581
38 25 581
25 37 133
37 25 133
25 95 207
95 25 207
25 89 820
89 25 820
26 65 44
65 26 44
26 70 584
70 26 584
26 40 373
40 26 373
26 42 94
42 26 94
26 38 293
38 26 293
26 96 98
96 26 98
26 94 120
94 26 120
26 71 464
71 26 464
26 96 380
96 26 380
26 35 714
35 26 714
26 55 223
55 26 223
26 47 63
47 26 63
26 47 935
47 26 935
26 88 73
88 26 73
26 92 667
92 26 667
27 42 956
42 27 956
27 45 719
45 27 719
27 51 87
51 27 87
27 46 19
46 27 19
27 97 774
97 27 774
27 86 680
86 27 680
27 64 976
64 27 976
27 67 460
67 27 460
27 79 277
79 27 277
27 33 414
33 27 414
28 47 577
47 28 577
28 81 217
81 28 217
28 47 245
47 28 245
28 53 270
53 28 270
28 78 609
78 28 609
28 69 445
69 28 445
28 75 642
75 28 642
28 54 999
54 28 999
28 71 770
71 28 770
28 78 492
78 28 492
28 42 184
42 28 184
29 31 247
31 29 247
29 76 730
76 29 730
29 33 489
33 29 489
29 66 483
66 29 483
29 77 845
77 29 845
29 92 471
92 29 471
29 55 510
55 29 510
29 63 749
63 29 749
29 41 171
41 29 171
29 36 173
36 29 173
29 77 895
77 29 895
29 76 912
76 29 912
29 34 561
34 29 561
29 90 560
90 29 560
29 29 812
29 29 812
29 83 113
83 29 113
30 73 348
73 30 348
30 83 961
83 30 961
30 82 758
82 30 758
30 58 989
58 30 989
30 96 746
96 30 746
30 68 349
68 30 349
30 42 334
42 30 334
30 83 277
83 30 277
30 64 214
64 30 214
30 41 566
41 30 566
31 71 464
71 31 464
31 90 911
90 31 911
31 91 983
91 31 983
31 81 258
81 31 258
31 43 239
43 31 239
31 54 158
54 31 158
31 55 536
55 31 536
31 53 595
53 31 595
31 66 762
66 31 762
31 65 982
65 31 982
31 32 720
32 31 720
31 79 138
79 31 138
31 77 753
77 31 753
32 43 705
43 32 705
32 49 705
49 32 705
32 36 734
36 32 734
32 84 692
84 32 692
32 90 704
90 32 704
32 93 384
93 32 384
32 36 486
36 32 486
32 89 958
89 32 958
32 81 663
81 32 663
32 90 117
90 32 117
32 94 976
94 32 976
32 47 761
47 32 761
33 73 93
73 33 93
33 36 177
36 33 177
33 72 70
72 33 70
33 53 411
53 33 411
33 33 518
33 33 518
33 57 733
57 33 733
33 38 662
38 33 662
33 36 947
36 33 947
33 94 359
94 33 359
34 56 119
56 34 119
34 80 586
80 34 586
34 91 929
91 34 929
34 57 582
57 34 582
34 65 90
65 34 90
34 82 137
82 34 137
34 35 419
35 34 419
34 96 308
96 34 308
34 58 579
58 34 579
34 51 165
51 34 165
34 71 368
71 34 368
34 39 408
39 34 408
34 34 570
34 34 570
34 83 6
83 34 6
35 39 617
39 35 617
35 52 984
52 35 984
35 55 133
55 35 133
35 80 484
80 35 484
35 49 37
49 35 37
35 44 35
44 35 35
35 65 798
65 35 798
36 48 622
48 36 622
36 82 347
82 36 347
36 71 652
71 36 652
36 57 455
57 36 455
36 61 374
61 36 374
36 91 518
91 36 518
36 95 445
95 36 445
36 76 425
76 36 425
36 93 334
93 36 334
36 92 663
92 36 663
36 93 402
93 36 402
36 68 998
68 36 998
36 95 494
95 36 494
36 47 12
47 36 12
37 44 175
44 37 175
37 50 992
50 37 992
37 55 710
55 37 710
37 57 297
57 37 297
37 49 309
49 37 309
37 66 390
66 37 390
37 89 993
89 37 993
37 51 590
51 37 590
37 74 381
74 37 381
38 41 649
41 38 649
38 58 49
58 38 49
38 62 586
62 38 586
38 45 646
45 38 646
38 79 314
79 38 314
38 85 371
85 38 371
38 58 705
58 38 705
38 68 270
68 38 270
38 95 31
95 38 31
39 80 874
80 39 874
39 94 75
94 39 75
39 58 701
58 39 701
39 69 428
69 39 428
39 76 643
76 39 643
39 73 844
73 39 844
39 79 991
79 39 991
39 49 376
49 39 376
40 53 352
53 40 352
40 46 127
46 40 127
40 55 256
55 40 256
40 67 304
67 40 304
40 94 384
94 40 384
40 61 257
61 40 257
40 93 1000
93 40 1000
40 73 66
73 40 66
40 77 938
77 40 938
40 70 599
70 40 599
40 44 411
44 40 411
41 67 6
67 41 6
41 66 512
66 41 512
41 96 41
96 41 41
41 81 187
81 41 187
41 76 54
76 41 54
42 83 427
83 42 427
42 76 497
76 42 497
42 90 251
90 42 251
42 91 818
91 42 818
42 67 940
67 42 940
42 70 532
70 42 532
42 60 298
60 42 298
42 81 333
81 42 333
42 42 152
42 42 152
42 93 450
93 42 450
42 53 252
53 42 252
43 94 457
94 43 457
43 70 215
70 43 215
43 80 717
80 43 717
43 48 548
48 43 548
43 59 518
59 43 518
43 45 400
45 43 400
43 50 750
50 43 750
44 70 987
70 44 987
44 93 86
93 44 86
44 82 416
82 44 416
44 82 710
82 44 710
44 49 273
49 44 273
44 60 352
60 44 352
44 51 28
51 44 28
44 49 356
49 44 356
45 71 730
71 45 730
45 73 137
73 45 137
46 56 134
56 46 134
46 47 61
47 46 61
46 48 751
48 46 751
46 79 172
79 46 172
47 50 828
50 47 828
47 61 588
61 47 588
47 93 62
93 47 62
47 57 632
57 47 632
47 91 639
91 47 639
47 90 632
90 47 632
47 64 405
64 47 405
47 64 225
64 47 225
47 73 952
73 47 952
47 60 204
60 47 204
48 59 738
59 48 738
48 78 262
78 48 262
48 58 368
58 48 368
48 73 614
73 48 614
48 51 325
51 48 325
48 83 8
83 48 8
48 70 489
70 48 489
48 54 12
54 48 12
48 87 1
87 48 1
48 53 187
53 48 187
48 76 725
76 48 725
48 87 363
87 48 363
49 97 364
97 49 364
49 55 142
55 49 142
49 81 718
81 49 718
49 94 896
94 49 896
49 55 287
55 49 287
49 91 498
91 49 498
49 53 470
53 49 470
49 59 85
59 49 85
49 83 449
83 49 449
49 96 266
96 49 266
50 91 785
91 50 785
50 83 570
83 50 570
50 62 35
62 50 35
50 52 347
52 50 347
50 88 255
88 50 255
50 83 401
83 50 401
50 69 122
69 50 122
50 52 441
52 50 441
50 77 52
77 50 52
51 54 183
54 51 183
51 96 692
96 51 692
51 51 461
51 51 461
51 92 84
92 51 84
51 58 763
58 51 763
51 65 591
65 51 591
51 78 633
78 51 633
51 52 113
52 51 113
51 58 362
58 51 362
51 88 342
88 51 342
51 82 33
82 51 33
52 72 816
72 52 816
52 84 134
84 52 134
52 59 7
59 52 7
52 62 950
62 52 950
52 74 904
74 52 904
52 60 425
60 52 425
52 80 495
80 52 495
52 71 582
71 52 582
52 90 636
90 52 636
52 67 476
67 52 476
52 77 817
77 52 817
52 97 580
97 52 580
52 72 807
72 52 807
53 93 205
93 53 205
53 71 654
71 53 654
53 71 231
71 53 231
53 82 744
82 53 744
53 92 514
92 53 514
53 68 966
68 53 966
53 95 184
95 53 184
53 60 452
60 53 452
53 62 431
62 53 431
53 54 946
54 53 946
54 67 843
67 54 843
54 70 855
70 54 855
54 57 676
57 54 676
54 73 305
73 54 305
54 88 463
88 54 463
55 77 127
77 55 127
55 73 3
73 55 3
55 68 400
68 55 400
55 80 719
80 55 719
56 86 138
86 56 138
56 67 892
67 56 892
57 75 787
75 57 787
57 77 323
77 57 323
57 90 931
90 57 931
57 79 100
79 57 100
57 84 6
84 57 6
57 66 313
66 57 313
57 65 396
65 57 396
58 69 682
69 58 682
58 79 655
79 58 655
58 94 704
94 58 704
58 60 606
60 58 606
59 87 608
87 59 608
59 74 717
74 59 717
59 86 406
86 59 406
59 83 123
83 59 123
59 95 657
95 59 657
59 90 946
90 59 946
60 73 497
73 60 497
60 77 668
77 60 668
60 71 360
71 60 360
60 93 268
93 60 268
60 97 342
97 60 342
61 92 893
92 61 893
61 81 587
81 61 587
61 78 655
78 61 655
62 75 500
75 62 500
62 67 714
67 62 714
62 79 189
79 62 189
62 81 759
81 62 759
62 73 170
73 62 170
62 89 352
89 62 352
62 86 515
86 62 515
62 96 630
96 62 630
62 83 168
83 62 168
62 63 588
63 62 588
62 84 347
84 62 347
62 69 94
69 62 94
63 74 600
74 63 600
63 82 65
82 63 65
63 77 281
77 63 281
63 85 422
85 63 422
64 70 358
70 64 358
64 97 310
97 64 310
64 71 963
71 64 963
64 95 704
95 64 704
64 86 68
86 64 68
64 90 706
90 64 706
64 82 187
82 64 187
64 69 233
69 64 233
65 76 835
76 65 835
65 79 600
79 65 600
65 88 834
88 65 834
65 81 246
81 65 246
65 90 889
90 65 889
65 92 466
92 65 466
66 72 859
72 66 859
66 82 300
82 66 300
66 73 761
73 66 761
66 88 232
88 66 232
66 66 442
66 66 442
67 92 598
92 67 598
67 73 710
73 67 710
67 95 659
95 67 659
67 91 733
91 67 733
67 87 202
87 67 202
67 95 121
95 67 121
68 89 812
89 68 812
68 92 408
92 68 408
68 71 562
71 68 562
68 87 547
87 68 547
69 86 678
86 69 678
69 89 813
89 69 813
69 71 487
71 69 487
69 83 209
83 69 209
69 80 49
80 69 49
69 73 600
73 69 600
69 80 798
80 69 798
70 81 10
81 70 10
70 93 620
93 70 620
70 88 996
88 70 996
70 76 110
76 70 110
70 71 348
71 70 348
70 91 692
91 70 692
71 92 31
92 71 31
71 95 53
95 71 53
71 91 383
91 71 383
71 95 60
95 71 60
72 88 638
88 72 638
72 90 185
90 72 185
72 79 245
79 72 245
72 91 791
91 72 791
72 86 235
86 72 235
72 94 946
94 72 946
73 75 883
75 73 883
73 83 101
83 73 101
73 91 238
91 73 238
74 78 477
78 74 477
74 80 565
80 74 565
74 77 625
77 74 625
74 78 835
78 74 835
75 88 774
88 75 774
75 94 875
94 75 875
75 81 91
81 75 91
75 79 330
79 75 330
75 91 494
91 75 494
76 76 51
76 76 51
76 79 912
79 76 912
77 77 375
77 77 375
77 85 63
85 77 63
78 86 997
86 78 997
78 83 567
83 78 567
78 88 625
88 78 625
78 82 515
82 78 515
78 90 282
90 78 282
78 95 518
95 78 518
79 85 18
85 79 18
80 93 576
93 80 576
80 94 283
94 80 283
80 95 92
95 80 92
80 83 743
83 80 743
81 89 762
89 81 762
81 93 229
93 81 229
81 91 833
91 81 833
82 90 390
90 82 390
82 88 653
88 82 653
83 84 591
84 83 591
84 95 686
95 84 686
84 91 404
91 84 404
84 95 242
95 84 242
84 93 465
93 84 465
85 97 629
97 85 629
87 94 481
94 87 481
88 93 335
93 88 335
88 91 768
91 88 768
92 94 277
94 92 277
93 94 402
94 93 402
93 93 907
93 93 907
95 96 180
96 95 180
