58

0 1 560
1 0 560
0 4 206
4 0 206
0 10 634
10 0 634
0 32 134
32 0 134
0 21 5
21 0 5
1 2 447
2 1 447
1 3 324
3 1 324
1 18 311
18 1 311
1 21 282
21 1 282
1 17 815
17 1 815
1 24 423
24 1 423
1 23 304
23 1 304
2 5 762
5 2 762
2 39 544
39 2 544
2 43 46
43 2 46
3 56 541
56 3 541
4 6 404
6 4 404
4 7 169
7 4 169
4 30 795
30 4 795
4 49 80
49 4 80
4 41 177
41 4 177
5 9 980
9 5 980
5 23 374
23 5 374
5 45 279
45 5 279
6 45 453
45 6 453
6 26 802
26 6 802
6 23 238
23 6 238
6 23 460
23 6 460
7 8 759
8 7 759
7 13 673
13 7 673
7 33 627
33 7 627
7 35 441
35 7 441
7 49 264
49 7 264
7 21 752
21 7 752
7 10 470
10 7 470
7 25 717
25 7 717
8 12 854
12 8 854
9 11 877
11 9 877
9 14 416
14 9 416
9 16 94
16 9 94
9 34 301
34 9 301
9 24 592
24 9 592
10 19 191
19 10 191
10 20 689
20 10 689
10 31 473
31 10 473
11 15 641
15 11 641
11 29 416
29 11 416
11 57 807
57 11 807
11 43 364
43 11 364
13 50 148
50 13 148
13 13 2
13 13 2
14 17 621
17 14 621
14 39 189
39 14 189
14 46 38
46 14 38
14 41 310
41 14 310
15 26 855
26 15 855
15 27 438
27 15 438
15 35 723
35 15 723
15 15 385
15 15 385
16 53 660
53 16 660
16 57 54
57 16 54
17 22 283
22 17 283
17 24 309
24 17 309
17 25 904
25 17 904
17 32 939
32 17 939
18 52 410
52 18 410
18 19 289
19 18 289
20 28 127
28 20 127
20 44 576
44 20 576
20 25 286
25 20 286
21 37 742
37 21 742
21 49 644
49 21 644
21 45 554
45 21 554
22 57 803
57 22 803
23 36 546
36 23 546
24 38 275
38 24 275
24 56 57
56 24 57
24 39 892
39 24 892
24 25 844
25 24 844
24 30 232
30 24 232
25 52 386
52 25 386
26 48 363
48 26 363
27 55 341
55 27 341
27 46 441
46 27 441
28 43 624
43 28 624
28 31 12
31 28 12
28 54 221
54 28 221
28 53 483
53 28 483
30 41 837
41 30 837
30 51 374
51 30 374
30 57 648
57 30 648
31 50 763
50 31 763
31 47 953
47 31 953
31 41 54
41 31 54
31 53 90
53 31 90
32 42 674
42 32 674
32 49 499
49 32 499
33 34 984
34 33 984
33 46 209
46 33 209
33 36 157
36 33 157
33 56 713
56 33 713
35 47 322
47 35 322
35 49 993
49 35 993
35 53 171
53 35 171
35 42 72
42 35 72
36 52 24
52 36 24
37 43 207
43 37 207
37 46 381
46 37 381
38 51 213
51 38 213
39 40 971
40 39 971
39 57 843
57 39 843
39 40 768
40 39 768
40 56 443
56 40 443
42 50 575
50 42 575
43 47 377
47 43 377
44 45 970
45 44 970
46 57 591
57 46 591
48 56 772
56 48 772
49 51 681
51 49 681
49 54 625
54 49 625
50 55 656
55 50 656
