60

0 1 706
1 0 706
0 2 534
2 0 534
0 5 582
5 0 582
0 6 310
6 0 310
0 42 960
42 0 960
0 37 748
37 0 748
0 58 264
58 0 264
0 37 824
37 0 824
0 29 978
29 0 978
0 50 199
50 0 199
0 14 153
14 0 153
1 3 12
3 1 12
1 7 129
7 1 129
1 18 838
18 1 838
1 34 119
34 1 119
1 48 662
48 1 662
1 5 944
5 1 944
1 57 53
57 1 53
2 4 242
4 2 242
2 16 793
16 2 793
2 19 451
19 2 451
2 28 590
28 2 590
2 47 628
47 2 628
2 40 943
40 2 943
2 47 480
47 2 480
2 52 206
52 2 206
2 47 541
47 2 541
2 48 33
48 2 33
2 14 876
14 2 876
2 30 398
30 2 398
2 16 707
16 2 707
3 10 536
10 3 536
3 17 154
17 3 154
3 36 322
36 3 322
3 16 559
16 3 559
3 33 518
33 3 518
3 11 198
11 3 198
4 11 874
11 4 874
4 12 716
12 4 716
4 8 830
8 4 830
4 42 326
42 4 326
4 9 275
9 4 275
4 11 486
11 4 486
4 55 936
55 4 936
5 8 192
8 5 192
5 20 264
20 5 264
5 16 135
16 5 135
5 22 271
22 5 271
5 46 248
46 5 248
5 11 199
11 5 199
5 24 225
24 5 225
5 9 341
9 5 341
5 21 324
21 5 324
5 51 984
51 5 984
6 14 665
14 6 665
6 20 581
20 6 581
6 22 225
22 6 225
6 36 385
36 6 385
6 36 326
36 6 326
6 34 957
34 6 957
7 9 470
9 7 470
7 57 630
57 7 630
7 22 498
22 7 498
7 11 931
11 7 931
7 40 574
40 7 574
7 48 526
48 7 526
7 34 384
34 7 384
8 46 269
46 8 269
8 22 155
22 8 155
8 46 760
46 8 760
8 28 828
28 8 828
9 26 215
26 9 215
9 40 614
40 9 614
9 22 236
22 9 236
9 23 941
23 9 941
9 37 867
37 9 867
9 53 763
53 9 763
10 24 838
24 10 838
10 50 834
50 10 834
11 38 101
38 11 101
11 32 406
32 11 406
11 55 667
55 11 667
11 15 205
15 11 205
11 26 766
26 11 766
11 51 745
51 11 745
11 48 222
48 11 222
11 22 737
22 11 737
12 13 670
13 12 670
12 15 613
15 12 613
12 36 316
36 12 316
12 43 115
43 12 115
12 20 712
20 12 712
12 32 619
32 12 619
12 29 527
29 12 527
13 33 878
33 13 878
13 38 260
38 13 260
13 41 350
41 13 350
14 50 944
50 14 944
14 17 40
17 14 40
14 19 957
19 14 957
14 23 426
23 14 426
14 55 465
55 14 465
14 40 816
40 14 816
15 52 56
52 15 56
15 22 463
22 15 463
15 29 584
29 15 584
15 22 273
22 15 273
15 50 596
50 15 596
15 17 811
17 15 811
15 27 54
27 15 54
16 33 572
33 16 572
16 40 512
40 16 512
16 23 875
23 16 875
16 39 570
39 16 570
16 34 277
34 16 277
16 32 393
32 16 393
16 35 672
35 16 672
16 27 55
27 16 55
17 21 313
21 17 313
17 27 959
27 17 959
17 37 959
37 17 959
17 39 448
39 17 448
17 49 100
49 17 100
17 34 147
34 17 147
17 52 540
52 17 540
17 53 168
53 17 168
17 52 604
52 17 604
18 23 328
23 18 328
18 25 414
25 18 414
18 31 253
31 18 253
18 40 682
40 18 682
18 51 111
51 18 111
18 59 926
59 18 926
18 30 913
30 18 913
19 44 796
44 19 796
19 42 532
42 19 532
19 37 948
37 19 948
19 38 855
38 19 855
19 36 417
36 19 417
20 32 712
32 20 712
20 51 66
51 20 66
20 52 968
52 20 968
21 26 854
26 21 854
21 33 420
33 21 420
21 53 298
53 21 298
21 37 922
37 21 922
22 46 161
46 22 161
22 43 501
43 22 501
22 47 573
47 22 573
22 57 916
57 22 916
22 42 813
42 22 813
22 43 285
43 22 285
23 27 419
27 23 419
23 45 949
45 23 949
23 27 568
27 23 568
23 34 868
34 23 868
24 35 214
35 24 214
24 36 70
36 24 70
24 41 272
41 24 272
24 31 31
31 24 31
24 57 333
57 24 333
25 29 78
29 25 78
25 59 376
59 25 376
25 43 306
43 25 306
25 56 8
56 25 8
25 29 347
29 25 347
26 41 583
41 26 583
26 28 381
28 26 381
26 35 819
35 26 819
27 52 296
52 27 296
27 29 653
29 27 653
27 48 968
48 27 968
28 51 788
51 28 788
28 56 127
56 28 127
28 49 249
49 28 249
29 30 972
30 29 972
29 50 568
50 29 568
29 44 375
44 29 375
29 32 633
32 29 633
30 48 387
48 30 387
30 52 498
52 30 498
30 42 236
42 30 236
30 54 828
54 30 828
31 41 221
41 31 221
31 43 948
43 31 948
31 37 694
37 31 694
31 40 617
40 31 617
32 45 991
45 32 991
32 54 588
54 32 588
33 53 612
53 33 612
34 38 794
38 34 794
34 52 561
52 34 561
34 56 489
56 34 489
34 35 403
35 34 403
34 38 489
38 34 489
35 41 889
41 35 889
35 55 701
55 35 701
35 51 500
51 35 500
36 50 374
50 36 374
36 46 239
46 36 239
37 43 819
43 37 819
37 49 601
49 37 601
38 40 59
40 38 59
38 44 899
44 38 899
38 48 503
48 38 503
38 44 475
44 38 475
39 57 298
57 39 298
39 54 311
54 39 311
40 59 304
59 40 304
40 40 689
40 40 689
41 56 212
56 41 212
42 44 564
44 42 564
42 56 506
56 42 506
42 44 510
44 42 510
43 57 998
57 43 998
44 48 256
48 44 256
44 53 457
53 44 457
46 52 14
52 46 14
47 58 605
58 47 605
48 58 646
58 48 646
48 50 842
50 48 842
49 53 848
53 49 848
49 59 334
59 49 334
49 56 544
56 49 544
50 53 159
53 50 159
51 53 575
53 51 575
51 51 666
51 51 666
52 57 878
57 52 878
52 54 527
54 52 527
53 54 910
54 53 910
53 59 681
59 53 681
54 55 399
55 54 399
54 57 376
57 54 376
55 55 413
55 55 413
