81

0 1 728
1 0 728
0 2 400
2 0 400
0 6 727
6 0 727
0 9 495
9 0 495
0 11 158
11 0 158
0 15 196
15 0 196
0 40 170
40 0 170
0 70 76
70 0 76
0 26 571
26 0 571
0 16 129
16 0 129
0 19 334
19 0 334
1 3 396
3 1 396
1 5 283
5 1 283
1 7 671
7 1 671
1 10 411
10 1 411
1 13 61
13 1 61
1 20 698
20 1 698
1 48 208
48 1 208
2 4 705
4 2 705
2 19 34
19 2 34
2 32 910
32 2 910
2 73 146
73 2 146
2 16 31
16 2 31
2 45 111
45 2 111
2 50 850
50 2 850
3 50 34
50 3 34
3 51 297
51 3 297
4 18 223
18 4 223
4 22 409
22 4 409
4 24 528
24 4 528
4 29 391
29 4 391
4 45 850
45 4 850
4 32 790
32 4 790
4 13 849
13 4 849
4 11 204
11 4 204
5 44 476
44 5 476
5 64 691
64 5 691
5 19 555
19 5 555
6 8 944
8 6 944
6 14 624
14 6 624
6 27 708
27 6 708
6 63 646
63 6 646
6 62 720
62 6 720
7 31 472
31 7 472
7 80 716
80 7 716
8 68 665
68 8 665
8 8 765
8 8 765
9 28 329
28 9 329
9 36 532
36 9 532
9 50 473
50 9 473
9 25 294
25 9 294
9 66 457
66 9 457
9 52 87
52 9 87
9 56 722
56 9 722
10 12 473
12 10 473
10 16 983
16 10 983
10 21 892
21 10 892
10 25 705
25 10 705
10 58 709
58 10 709
10 61 427
61 10 427
10 69 743
69 10 743
11 80 259
80 11 259
12 74 401
74 12 401
12 53 611
53 12 611
13 17 478
17 13 478
13 55 862
55 13 862
13 75 395
75 13 395
13 62 986
62 13 986
13 69 307
69 13 307
13 60 8
60 13 8
13 73 650
73 13 650
14 30 30
30 14 30
14 56 596
56 14 596
14 51 343
51 14 343
16 64 261
64 16 261
16 62 595
62 16 595
16 20 654
20 16 654
16 65 72
65 16 72
16 40 121
40 16 121
17 67 353
67 17 353
18 43 349
43 18 349
18 78 120
78 18 120
18 76 718
76 18 718
19 26 727
26 19 727
19 34 253
34 19 253
19 46 897
46 19 897
19 71 880
71 19 880
19 52 154
52 19 154
19 64 249
64 19 249
19 29 83
29 19 83
19 77 637
77 19 637
19 70 466
70 19 466
20 49 293
49 20 293
20 72 512
72 20 512
20 68 473
68 20 473
21 23 719
23 21 719
21 54 680
54 21 680
22 39 656
39 22 656
22 51 267
51 22 267
22 66 999
66 22 999
22 79 288
79 22 288
22 54 171
54 22 171
23 35 655
35 23 655
23 67 835
67 23 835
23 36 175
36 23 175
23 77 78
77 23 78
24 30 518
30 24 518
25 50 852
50 25 852
25 60 2
60 25 2
25 62 110
62 25 110
25 63 748
63 25 748
25 47 409
47 25 409
25 80 496
80 25 496
25 42 333
42 25 333
27 42 541
42 27 541
27 65 408
65 27 408
27 52 48
52 27 48
27 70 470
70 27 470
28 37 6
37 28 6
28 28 401
28 28 401
28 69 413
69 28 413
29 62 435
62 29 435
30 76 758
76 30 758
30 50 630
50 30 630
31 56 453
56 31 453
31 63 731
63 31 731
31 79 228
79 31 228
31 66 390
66 31 390
32 33 945
33 32 945
32 67 206
67 32 206
32 51 622
51 32 622
33 38 22
38 33 22
33 41 509
41 33 509
33 59 938
59 33 938
34 47 298
47 34 298
34 68 40
68 34 40
35 69 519
69 35 519
35 52 106
52 35 106
35 56 602
56 35 602
36 71 491
71 36 491
37 53 515
53 37 515
37 77 951
77 37 951
37 60 791
60 37 791
38 80 233
80 38 233
38 78 951
78 38 951
39 48 46
48 39 46
40 48 487
48 40 487
42 55 907
55 42 907
43 49 470
49 43 470
44 57 98
57 44 98
45 52 51
52 45 51
46 73 772
73 46 772
46 78 678
78 46 678
46 52 301
52 46 301
47 64 288
64 47 288
49 59 80
59 49 80
49 60 70
60 49 70
49 50 571
50 49 571
50 58 952
58 50 952
52 73 725
73 52 725
52 65 897
65 52 897
52 56 316
56 52 316
52 68 841
68 52 841
52 62 347
62 52 347
54 56 825
56 54 825
55 79 43
79 55 43
55 64 608
64 55 608
58 63 826
63 58 826
60 63 732
63 60 732
60 72 535
72 60 535
61 67 691
67 61 691
67 76 905
76 67 905
67 71 633
71 67 633
69 77 440
77 69 440
