90

0 1 340
1 0 340
0 2 922
2 0 922
0 22 177
22 0 177
0 49 635
49 0 635
1 3 612
3 1 612
1 14 225
14 1 225
1 18 186
18 1 186
1 44 143
44 1 143
1 1 510
1 1 510
1 38 94
38 1 94
2 5 932
5 2 932
2 6 565
6 2 565
2 7 400
7 2 400
2 9 831
9 2 831
2 15 142
15 2 142
3 4 549
4 3 549
3 20 280
20 3 280
3 38 923
38 3 923
3 63 750
63 3 750
3 51 893
51 3 893
3 10 910
10 3 910
4 29 483
29 4 483
4 31 480
31 4 480
4 46 222
46 4 222
4 73 113
73 4 113
4 31 78
31 4 78
4 44 645
44 4 645
4 45 227
45 4 227
5 24 570
24 5 570
5 25 632
25 5 632
5 41 668
41 5 668
5 49 834
49 5 834
5 38 476
38 5 476
5 70 948
70 5 948
5 84 729
84 5 729
6 58 627
58 6 627
6 50 404
50 6 404
6 24 414
24 6 414
6 29 324
29 6 324
6 43 850
43 6 850
7 8 785
8 7 785
7 16 77
16 7 77
7 40 422
40 7 422
7 7 515
7 7 515
7 55 246
55 7 246
7 45 978
45 7 978
8 87 121
87 8 121
8 42 994
42 8 994
9 10 246
10 9 246
9 11 208
11 9 208
9 13 252
13 9 252
9 55 710
55 9 710
9 56 33
56 9 33
9 75 725
75 9 725
9 51 92
51 9 92
10 12 349
12 10 349
10 28 800
28 10 800
10 53 295
53 10 295
10 19 840
19 10 840
11 13 332
13 11 332
12 18 882
18 12 882
12 48 885
48 12 885
12 69 731
69 12 731
12 75 831
75 12 831
12 26 919
26 12 919
12 82 446
82 12 446
13 37 949
37 13 949
13 35 949
35 13 949
13 77 236
77 13 236
13 34 374
34 13 374
14 17 400
17 14 400
14 30 341
30 14 341
14 34 136
34 14 136
14 81 280
81 14 280
14 20 902
20 14 902
15 23 483
23 15 483
15 32 884
32 15 884
15 39 674
39 15 674
15 70 369
70 15 369
15 59 810
59 15 810
16 71 963
71 16 963
16 73 7
73 16 7
16 77 197
77 16 197
17 19 35
19 17 35
17 40 362
40 17 362
17 60 83
60 17 83
18 57 807
57 18 807
18 28 261
28 18 261
19 21 545
21 19 545
19 77 438
77 19 438
19 82 461
82 19 461
19 82 98
82 19 98
19 26 219
26 19 219
20 84 807
84 20 807
20 83 578
83 20 578
20 47 601
47 20 601
20 85 514
85 20 514
21 44 563
44 21 563
21 54 939
54 21 939
21 53 370
53 21 370
21 50 344
50 21 344
22 57 947
57 22 947
22 26 884
26 22 884
23 26 668
26 23 668
23 27 517
27 23 517
23 45 682
45 23 682
23 64 311
64 23 311
23 79 171
79 23 171
23 52 675
52 23 675
23 42 885
42 23 885
23 44 89
44 23 89
24 37 224
37 24 224
25 54 353
54 25 353
26 36 849
36 26 849
26 42 765
42 26 765
26 66 578
66 26 578
26 34 194
34 26 194
27 31 417
31 27 417
27 64 843
64 27 843
28 35 426
35 28 426
28 58 551
58 28 551
28 57 151
57 28 151
28 67 211
67 28 211
29 63 9
63 29 9
29 85 506
85 29 506
30 47 850
47 30 850
30 80 125
80 30 125
30 36 554
36 30 554
30 61 829
61 30 829
30 40 397
40 30 397
31 43 390
43 31 390
31 51 938
51 31 938
31 45 861
45 31 861
32 33 795
33 32 795
32 83 628
83 32 628
33 46 869
46 33 869
34 54 661
54 34 661
35 72 995
72 35 995
35 41 302
41 35 302
35 66 811
66 35 811
36 50 574
50 36 574
37 55 542
55 37 542
37 65 149
65 37 149
37 75 869
75 37 869
40 52 731
52 40 731
40 67 392
67 40 392
40 80 325
80 40 325
40 85 767
85 40 767
40 52 703
52 40 703
41 86 507
86 41 507
41 76 24
76 41 24
42 61 506
61 42 506
43 59 47
59 43 47
43 80 232
80 43 232
43 85 308
85 43 308
43 72 131
72 43 131
44 47 960
47 44 960
44 44 364
44 44 364
44 52 559
52 44 559
45 58 177
58 45 177
45 59 253
59 45 253
47 51 918
51 47 918
47 79 967
79 47 967
47 86 452
86 47 452
48 51 116
51 48 116
49 88 130
88 49 130
49 59 625
59 49 625
49 66 773
66 49 773
50 78 12
78 50 12
50 61 599
61 50 599
50 78 671
78 50 671
53 57 15
57 53 15
54 83 905
83 54 905
56 58 631
58 56 631
57 65 233
65 57 233
57 85 786
85 57 786
59 62 824
62 59 824
61 82 743
82 61 743
61 87 414
87 61 414
61 89 983
89 61 983
61 77 757
77 61 757
61 75 59
75 61 59
62 84 557
84 62 557
62 69 325
69 62 325
62 64 653
64 62 653
63 68 11
68 63 11
64 85 982
85 64 982
64 89 214
89 64 214
65 87 5
87 65 5
65 77 175
77 65 175
69 82 390
82 69 390
69 78 112
78 69 112
70 74 526
74 70 526
70 81 471
81 70 471
70 73 67
73 70 67
75 76 792
76 75 792
