79

0 1 924
1 0 924
0 2 583
2 0 583
0 5 415
5 0 415
0 7 561
7 0 561
0 12 415
12 0 415
0 27 799
27 0 799
0 31 933
31 0 933
0 35 459
35 0 459
0 38 140
38 0 140
0 19 17
19 0 17
0 62 368
62 0 368
1 3 644
3 1 644
1 8 147
8 1 147
1 20 309
20 1 309
1 58 252
58 1 252
1 44 913
44 1 913
1 45 138
45 1 138
1 40 433
40 1 433
1 21 704
21 1 704
1 28 650
28 1 650
1 61 641
61 1 641
2 45 771
45 2 771
2 49 885
49 2 885
2 66 781
66 2 781
2 32 791
32 2 791
2 21 342
21 2 342
2 76 456
76 2 456
2 53 463
53 2 463
2 77 270
77 2 270
3 4 591
4 3 591
3 6 496
6 3 496
3 13 931
13 3 931
3 15 412
15 3 412
3 28 335
28 3 335
3 71 950
71 3 950
3 71 879
71 3 879
3 26 626
26 3 626
3 10 988
10 3 988
4 18 438
18 4 438
4 47 188
47 4 188
4 59 628
59 4 628
5 9 445
9 5 445
5 10 581
10 5 581
5 11 622
11 5 622
5 14 166
14 5 166
5 50 229
50 5 229
5 59 881
59 5 881
5 21 692
21 5 692
5 38 769
38 5 769
5 78 451
78 5 451
5 41 42
41 5 42
6 22 887
22 6 887
6 43 607
43 6 607
6 55 996
55 6 996
6 43 890
43 6 890
6 23 229
23 6 229
7 37 270
37 7 270
7 22 735
22 7 735
7 10 731
10 7 731
8 28 936
28 8 936
8 36 272
36 8 272
8 12 112
12 8 112
8 44 900
44 8 900
9 76 739
76 9 739
9 13 558
13 9 558
10 29 42
29 10 42
10 69 512
69 10 512
10 78 172
78 10 172
10 41 555
41 10 555
10 39 86
39 10 86
10 36 105
36 10 105
11 68 99
68 11 99
11 26 694
26 11 694
11 32 554
32 11 554
12 19 783
19 12 783
12 33 123
33 12 123
12 36 891
36 12 891
12 21 453
21 12 453
12 41 186
41 12 186
12 42 714
42 12 714
12 60 471
60 12 471
13 21 494
21 13 494
13 29 70
29 13 70
13 59 916
59 13 916
13 68 799
68 13 799
13 14 662
14 13 662
13 25 41
25 13 41
14 16 48
16 14 48
14 17 407
17 14 407
14 24 84
24 14 84
14 39 646
39 14 646
14 35 957
35 14 957
14 36 413
36 14 413
14 58 972
58 14 972
15 47 533
47 15 533
15 48 25
48 15 25
15 20 840
20 15 840
15 58 241
58 15 241
15 31 395
31 15 395
16 44 251
44 16 251
16 64 420
64 16 420
16 65 449
65 16 449
16 63 70
63 16 70
16 21 401
21 16 401
16 18 75
18 16 75
17 30 794
30 17 794
17 53 609
53 17 609
17 64 951
64 17 951
18 72 260
72 18 260
19 26 652
26 19 652
19 41 414
41 19 414
19 70 79
70 19 79
19 60 589
60 19 589
20 23 79
23 20 79
20 25 928
25 20 928
20 62 319
62 20 319
20 64 970
64 20 970
20 47 516
47 20 516
21 54 559
54 21 559
21 57 199
57 21 199
21 68 762
68 21 762
21 59 86
59 21 86
21 60 95
60 21 95
22 40 321
40 22 321
23 76 338
76 23 338
23 67 437
67 23 437
23 37 628
37 23 628
23 72 856
72 23 856
24 62 964
62 24 964
24 37 654
37 24 654
25 51 336
51 25 336
25 73 662
73 25 662
25 66 730
66 25 730
25 37 368
37 25 368
26 59 935
59 26 935
26 78 43
78 26 43
27 32 354
32 27 354
27 46 883
46 27 883
27 33 227
33 27 227
28 34 792
34 28 792
28 63 435
63 28 435
28 72 808
72 28 808
28 71 703
71 28 703
28 70 301
70 28 301
28 28 374
28 28 374
29 48 645
48 29 645
29 56 768
56 29 768
29 77 549
77 29 549
29 60 974
60 29 974
30 56 347
56 30 347
30 61 706
61 30 706
30 47 768
47 30 768
30 58 266
58 30 266
30 66 513
66 30 513
31 56 365
56 31 365
31 65 374
65 31 374
33 38 820
38 33 820
33 48 882
48 33 882
33 56 888
56 33 888
33 42 660
42 33 660
34 40 899
40 34 899
34 38 593
38 34 593
34 36 163
36 34 163
34 44 908
44 34 908
34 39 606
39 34 606
35 48 792
48 35 792
35 40 794
40 35 794
35 45 674
45 35 674
35 71 619
71 35 619
36 76 703
76 36 703
36 66 902
66 36 902
37 52 985
52 37 985
37 42 595
42 37 595
37 63 972
63 37 972
37 72 371
72 37 371
38 50 383
50 38 383
38 47 224
47 38 224
39 42 703
42 39 703
39 46 435
46 39 435
39 61 780
61 39 780
39 41 949
41 39 949
39 54 681
54 39 681
39 65 789
65 39 789
39 47 170
47 39 170
39 78 574
78 39 574
41 52 525
52 41 525
41 47 700
47 41 700
42 54 682
54 42 682
42 67 266
67 42 266
43 74 357
74 43 357
43 49 472
49 43 472
43 57 811
57 43 811
44 46 248
46 44 248
45 77 376
77 45 376
45 68 754
68 45 754
45 59 521
59 45 521
46 56 502
56 46 502
46 64 882
64 46 882
47 61 296
61 47 296
47 47 521
47 47 521
47 54 548
54 47 548
48 60 512
60 48 512
48 67 9
67 48 9
48 51 15
51 48 15
49 67 851
67 49 851
49 57 22
57 49 22
51 62 433
62 51 433
52 60 359
60 52 359
54 72 603
72 54 603
54 57 527
57 54 527
55 56 31
56 55 31
56 61 524
61 56 524
56 72 855
72 56 855
56 72 956
72 56 956
56 73 288
73 56 288
57 62 900
62 57 900
58 75 815
75 58 815
58 61 38
61 58 38
58 66 318
66 58 318
59 67 329
67 59 329
60 69 523
69 60 523
60 61 238
61 60 238
62 69 755
69 62 755
64 74 977
74 64 977
65 73 496
73 65 496
66 72 243
72 66 243
68 77 880
77 68 880
70 74 557
74 70 557
72 75 329
75 72 329
