96

0 1 821
1 0 821
0 4 467
4 0 467
0 5 772
5 0 772
0 18 368
18 0 368
0 50 339
50 0 339
0 51 292
51 0 292
0 44 103
44 0 103
0 18 544
18 0 544
0 34 709
34 0 709
0 14 703
14 0 703
0 58 37
58 0 37
0 28 693
28 0 693
0 14 9
14 0 9
0 66 709
66 0 709
0 27 811
27 0 811
0 52 611
52 0 611
0 29 161
29 0 161
0 76 544
76 0 544
0 41 464
41 0 464
0 25 556
25 0 556
0 40 674
40 0 674
0 83 887
83 0 887
1 2 840
2 1 840
1 9 473
9 1 473
1 10 929
10 1 929
1 12 605
12 1 605
1 70 950
70 1 950
1 72 652
72 1 652
1 78 75
78 1 75
1 5 375
5 1 375
1 18 329
18 1 329
1 18 210
18 1 210
1 59 154
59 1 154
1 75 446
75 1 446
1 76 148
76 1 148
1 74 731
74 1 731
1 63 741
63 1 741
1 11 604
11 1 604
1 85 615
85 1 615
1 12 128
12 1 128
1 31 126
31 1 126
2 3 995
3 2 995
2 16 247
16 2 247
2 19 138
19 2 138
2 23 134
23 2 134
2 39 796
39 2 796
2 17 127
17 2 127
2 22 831
22 2 831
2 20 145
20 2 145
2 88 755
88 2 755
2 48 960
48 2 960
2 75 717
75 2 717
2 32 171
32 2 171
2 82 630
82 2 630
2 46 236
46 2 236
3 7 240
7 3 240
3 13 54
13 3 54
3 91 334
91 3 334
3 38 923
38 3 923
3 61 421
61 3 421
3 86 777
86 3 777
3 90 44
90 3 44
3 26 179
26 3 179
3 45 311
45 3 311
4 8 241
8 4 241
4 21 834
21 4 834
4 34 610
34 4 610
4 84 661
84 4 661
4 22 482
22 4 482
4 44 603
44 4 603
4 34 496
34 4 496
4 50 873
50 4 873
4 16 264
16 4 264
4 27 125
27 4 125
4 18 539
18 4 539
4 74 697
74 4 697
4 42 194
42 4 194
5 6 854
6 5 854
5 15 757
15 5 757
5 43 819
43 5 819
5 26 452
26 5 452
5 57 483
57 5 483
5 64 719
64 5 719
5 27 920
27 5 920
5 7 99
7 5 99
5 7 857
7 5 857
5 95 654
95 5 654
5 69 269
69 5 269
5 52 214
52 5 214
5 57 457
57 5 457
5 16 903
16 5 903
5 25 775
25 5 775
5 75 265
75 5 265
5 81 331
81 5 331
5 95 39
95 5 39
5 58 951
58 5 951
6 11 284
11 6 284
6 49 532
49 6 532
6 76 959
76 6 959
6 71 616
71 6 616
6 79 950
79 6 950
6 45 245
45 6 245
6 63 632
63 6 632
6 17 718
17 6 718
6 25 184
25 6 184
6 14 752
14 6 752
6 64 869
64 6 869
7 31 24
31 7 24
7 53 62
53 7 62
7 11 259
11 7 259
7 15 472
15 7 472
7 61 277
61 7 277
7 8 111
8 7 111
7 89 108
89 7 108
7 68 111
68 7 111
7 35 431
35 7 431
7 8 599
8 7 599
7 80 755
80 7 755
8 55 905
55 8 905
8 59 585
59 8 585
8 73 469
73 8 469
8 68 5
68 8 5
8 79 903
79 8 903
8 69 338
69 8 338
8 59 372
59 8 372
8 89 431
89 8 431
8 52 59
52 8 59
8 35 840
35 8 840
8 20 547
20 8 547
8 60 813
60 8 813
8 24 467
24 8 467
8 93 291
93 8 291
9 14 770
14 9 770
9 24 331
24 9 331
9 18 249
18 9 249
9 37 487
37 9 487
9 41 853
41 9 853
9 94 403
94 9 403
9 40 346
40 9 346
9 46 863
46 9 863
9 52 819
52 9 819
9 85 394
85 9 394
9 12 516
12 9 516
9 68 650
68 9 650
9 15 26
15 9 26
9 91 187
91 9 187
9 13 613
13 9 613
9 70 897
70 9 897
9 33 883
33 9 883
9 35 155
35 9 155
9 95 787
95 9 787
10 73 453
73 10 453
10 84 651
84 10 651
10 88 524
88 10 524
10 62 806
62 10 806
10 63 829
63 10 829
10 50 810
50 10 810
10 85 486
85 10 486
10 13 809
13 10 809
10 82 80
82 10 80
10 30 74
30 10 74
10 89 126
89 10 126
10 36 474
36 10 474
10 65 566
65 10 566
10 46 453
46 10 453
10 36 706
36 10 706
10 79 341
79 10 341
10 22 812
22 10 812
11 20 870
20 11 870
11 20 76
20 11 76
11 28 575
28 11 575
11 70 181
70 11 181
11 50 856
50 11 856
11 79 374
79 11 374
11 87 868
87 11 868
11 85 879
85 11 879
11 70 281
70 11 281
11 61 629
61 11 629
11 58 528
58 11 528
12 44 21
44 12 21
12 71 920
71 12 920
12 29 7
29 12 7
12 25 65
25 12 65
12 22 548
22 12 548
12 52 10
52 12 10
12 30 293
30 12 293
12 45 555
45 12 555
12 19 223
19 12 223
12 45 827
45 12 827
12 70 64
70 12 64
13 42 188
42 13 188
13 65 675
65 13 675
13 89 924
89 13 924
13 41 934
41 13 934
13 29 835
29 13 835
13 47 702
47 13 702
13 14 383
14 13 383
13 43 652
43 13 652
13 30 167
30 13 167
13 19 148
19 13 148
13 41 696
41 13 696
13 45 162
45 13 162
13 22 550
22 13 550
14 17 27
17 14 27
14 37 56
37 14 56
14 67 862
67 14 862
14 23 175
23 14 175
14 92 882
92 14 882
14 57 608
57 14 608
14 17 279
17 14 279
14 40 448
40 14 448
14 52 612
52 14 612
14 67 226
67 14 226
14 84 540
84 14 540
14 43 5
43 14 5
15 38 415
38 15 415
15 24 435
24 15 435
15 63 828
63 15 828
15 32 401
32 15 401
15 44 288
44 15 288
15 29 105
29 15 105
15 76 380
76 15 380
15 77 913
77 15 913
15 22 587
22 15 587
15 62 794
62 15 794
15 63 782
63 15 782
15 23 407
23 15 407
15 91 27
91 15 27
16 75 329
75 16 329
16 51 534
51 16 534
16 69 462
69 16 462
16 94 401
94 16 401
16 24 927
24 16 927
16 34 96
34 16 96
16 61 686
61 16 686
17 81 807
81 17 807
17 92 943
92 17 943
17 47 850
47 17 850
17 79 463
79 17 463
17 31 536
31 17 536
17 94 615
94 17 615
17 29 660
29 17 660
17 68 601
68 17 601
17 63 776
63 17 776
17 67 54
67 17 54
17 45 767
45 17 767
17 89 212
89 17 212
18 26 793
26 18 793
18 75 651
75 18 651
18 62 659
62 18 659
18 67 530
67 18 530
18 93 293
93 18 293
18 37 232
37 18 232
18 68 791
68 18 791
18 52 992
52 18 992
19 25 773
25 19 773
19 29 500
29 19 500
19 37 993
37 19 993
19 95 75
95 19 75
19 55 361
55 19 361
19 65 813
65 19 813
19 95 310
95 19 310
19 92 920
92 19 920
20 32 683
32 20 683
20 61 208
61 20 208
20 89 17
89 20 17
20 23 229
23 20 229
20 41 58
41 20 58
20 47 266
47 20 266
20 28 455
28 20 455
20 80 63
80 20 63
20 31 310
31 20 310
20 90 299
90 20 299
20 66 701
66 20 701
20 62 77
62 20 77
21 22 516
22 21 516
21 48 988
48 21 988
21 68 224
68 21 224
21 74 466
74 21 466
21 80 865
80 21 865
21 88 186
88 21 186
21 81 689
81 21 689
21 54 288
54 21 288
21 22 38
22 21 38
21 49 100
49 21 100
21 23 905
23 21 905
22 30 334
30 22 334
22 35 315
35 22 315
22 23 779
23 22 779
22 65 41
65 22 41
22 45 847
45 22 847
22 29 425
29 22 425
22 95 289
95 22 289
22 87 737
87 22 737
23 28 770
28 23 770
23 66 368
66 23 368
23 54 304
54 23 304
23 60 583
60 23 583
23 36 341
36 23 341
23 66 383
66 23 383
23 55 64
55 23 64
23 92 478
92 23 478
23 26 748
26 23 748
24 47 502
47 24 502
24 72 148
72 24 148
24 49 581
49 24 581
24 64 619
64 24 619
24 32 605
32 24 605
24 41 392
41 24 392
24 65 15
65 24 15
24 54 531
54 24 531
24 33 993
33 24 993
25 27 112
27 25 112
25 51 864
51 25 864
25 79 151
79 25 151
25 74 36
74 25 36
25 71 934
71 25 934
25 63 9
63 25 9
25 32 487
32 25 487
25 41 551
41 25 551
25 89 948
89 25 948
25 77 91
77 25 91
26 90 254
90 26 254
26 85 966
85 26 966
26 67 336
67 26 336
26 59 43
59 26 43
26 35 419
35 26 419
26 77 972
77 26 972
26 61 686
61 26 686
26 75 684
75 26 684
26 78 607
78 26 607
27 36 864
36 27 864
27 94 903
94 27 903
27 42 821
42 27 821
27 68 181
68 27 181
27 83 374
83 27 374
27 29 438
29 27 438
27 88 513
88 27 513
28 75 157
75 28 157
28 31 135
31 28 135
28 40 476
40 28 476
28 79 205
79 28 205
29 68 761
68 29 761
29 68 245
68 29 245
29 64 242
64 29 242
29 30 396
30 29 396
29 55 809
55 29 809
29 34 758
34 29 758
29 74 642
74 29 642
29 94 518
94 29 518
30 33 223
33 30 223
30 41 35
41 30 35
30 45 572
45 30 572
30 64 87
64 30 87
30 42 437
42 30 437
30 45 97
45 30 97
30 32 104
32 30 104
30 68 978
68 30 978
30 85 202
85 30 202
31 41 159
41 31 159
31 69 855
69 31 855
31 39 485
39 31 485
31 60 474
60 31 474
31 59 505
59 31 505
31 75 700
75 31 700
31 36 30
36 31 30
31 61 229
61 31 229
31 95 792
95 31 792
31 81 200
81 31 200
32 40 871
40 32 871
32 44 716
44 32 716
32 49 754
49 32 754
32 37 176
37 32 176
32 64 104
64 32 104
32 80 302
80 32 302
32 55 759
55 32 759
32 78 745
78 32 745
32 70 849
70 32 849
33 36 984
36 33 984
33 77 342
77 33 342
33 73 47
73 33 47
33 40 412
40 33 412
33 79 280
79 33 280
33 80 628
80 33 628
33 52 847
52 33 847
33 67 378
67 33 378
33 62 242
62 33 242
33 91 953
91 33 953
34 58 801
58 34 801
34 35 279
35 34 279
34 78 341
78 34 341
34 54 902
54 34 902
34 37 633
37 34 633
34 81 341
81 34 341
35 50 828
50 35 828
35 81 494
81 35 494
35 78 845
78 35 845
35 83 270
83 35 270
35 91 618
91 35 618
35 92 986
92 35 986
36 60 285
60 36 285
36 58 938
58 36 938
36 64 451
64 36 451
36 49 488
49 36 488
36 71 499
71 36 499
36 57 57
57 36 57
36 75 107
75 36 107
37 66 111
66 37 111
37 95 920
95 37 920
37 87 500
87 37 500
37 48 796
48 37 796
37 84 174
84 37 174
37 66 980
66 37 980
37 39 550
39 37 550
37 74 555
74 37 555
38 46 563
46 38 563
38 89 312
89 38 312
38 46 630
46 38 630
38 78 573
78 38 573
38 64 307
64 38 307
38 79 900
79 38 900
38 74 430
74 38 430
38 51 826
51 38 826
38 75 215
75 38 215
39 79 865
79 39 865
39 82 449
82 39 449
39 68 21
68 39 21
40 44 157
44 40 157
40 56 144
56 40 144
40 81 861
81 40 861
40 64 823
64 40 823
40 41 458
41 40 458
40 82 957
82 40 957
40 59 247
59 40 247
41 57 100
57 41 100
41 82 38
82 41 38
41 87 806
87 41 806
41 58 992
58 41 992
41 41 548
41 41 548
41 75 154
75 41 154
41 76 184
76 41 184
41 53 511
53 41 511
41 92 409
92 41 409
41 42 902
42 41 902
42 79 879
79 42 879
42 85 332
85 42 332
42 88 51
88 42 51
42 62 637
62 42 637
42 76 979
76 42 979
42 92 740
92 42 740
43 69 76
69 43 76
43 50 517
50 43 517
43 72 569
72 43 569
43 89 42
89 43 42
43 80 122
80 43 122
43 64 873
64 43 873
43 90 946
90 43 946
44 69 405
69 44 405
44 50 374
50 44 374
44 76 238
76 44 238
44 75 223
75 44 223
45 63 453
63 45 453
45 47 371
47 45 371
45 51 454
51 45 454
45 54 374
54 45 374
45 63 192
63 45 192
46 83 753
83 46 753
46 55 273
55 46 273
46 88 950
88 46 950
46 91 800
91 46 800
46 68 106
68 46 106
46 66 474
66 46 474
47 62 226
62 47 226
47 69 37
69 47 37
47 85 636
85 47 636
47 94 665
94 47 665
47 48 378
48 47 378
47 78 294
78 47 294
47 63 652
63 47 652
47 77 968
77 47 968
48 69 358
69 48 358
48 53 44
53 48 44
48 61 474
61 48 474
48 52 923
52 48 923
48 61 470
61 48 470
48 64 525
64 48 525
48 71 367
71 48 367
48 63 290
63 48 290
48 78 514
78 48 514
48 56 259
56 48 259
49 67 411
67 49 411
49 49 726
49 49 726
49 60 604
60 49 604
49 95 206
95 49 206
50 73 846
73 50 846
50 56 703
56 50 703
50 61 236
61 50 236
50 57 681
57 50 681
50 88 686
88 50 686
50 61 267
61 50 267
50 72 65
72 50 65
51 52 561
52 51 561
51 54 975
54 51 975
51 81 942
81 51 942
51 65 642
65 51 642
51 81 967
81 51 967
51 56 956
56 51 956
51 56 274
56 51 274
51 79 677
79 51 677
51 57 463
57 51 463
51 64 531
64 51 531
52 56 649
56 52 649
52 69 182
69 52 182
52 93 672
93 52 672
52 94 293
94 52 293
52 79 469
79 52 469
52 63 302
63 52 302
52 64 444
64 52 444
53 72 863
72 53 863
53 79 926
79 53 926
53 64 433
64 53 433
53 89 540
89 53 540
53 58 257
58 53 257
53 79 331
79 53 331
53 60 151
60 53 151
54 79 861
79 54 861
54 95 707
95 54 707
54 61 10
61 54 10
55 90 397
90 55 397
55 69 651
69 55 651
55 68 467
68 55 467
55 80 30
80 55 30
55 93 936
93 55 936
55 85 557
85 55 557
56 73 206
73 56 206
56 58 782
58 56 782
56 84 572
84 56 572
56 63 529
63 56 529
56 88 260
88 56 260
56 82 69
82 56 69
57 86 124
86 57 124
57 71 748
71 57 748
57 67 377
67 57 377
57 76 910
76 57 910
57 66 808
66 57 808
57 76 824
76 57 824
58 83 522
83 58 522
58 74 834
74 58 834
58 59 576
59 58 576
59 91 992
91 59 992
59 83 633
83 59 633
59 66 861
66 59 861
59 73 570
73 59 570
60 61 908
61 60 908
60 87 976
87 60 976
60 67 727
67 60 727
60 91 699
91 60 699
60 95 841
95 60 841
60 62 477
62 60 477
60 93 930
93 60 930
60 68 712
68 60 712
61 80 714
80 61 714
61 77 797
77 61 797
61 73 638
73 61 638
61 68 436
68 61 436
61 76 512
76 61 512
62 81 946
81 62 946
62 85 479
85 62 479
62 66 606
66 62 606
63 93 289
93 63 289
64 82 448
82 64 448
64 67 374
67 64 374
64 85 307
85 64 307
65 79 146
79 65 146
66 90 749
90 66 749
66 95 746
95 66 746
66 76 870
76 66 870
66 82 131
82 66 131
66 86 799
86 66 799
66 95 982
95 66 982
67 94 128
94 67 128
68 72 747
72 68 747
68 82 708
82 68 708
69 76 148
76 69 148
69 90 965
90 69 965
70 80 346
80 70 346
70 85 183
85 70 183
70 77 439
77 70 439
71 81 203
81 71 203
71 83 687
83 71 687
71 79 348
79 71 348
71 93 77
93 71 77
72 86 628
86 72 628
72 92 352
92 72 352
73 87 257
87 73 257
73 73 929
73 73 929
73 87 448
87 73 448
73 85 192
85 73 192
74 85 541
85 74 541
74 77 529
77 74 529
74 90 658
90 74 658
74 83 934
83 74 934
74 74 408
74 74 408
74 89 369
89 74 369
74 92 209
92 74 209
74 91 404
91 74 404
74 78 966
78 74 966
75 94 405
94 75 405
75 88 930
88 75 930
75 76 754
76 75 754
75 80 656
80 75 656
76 90 657
90 76 657
76 91 128
91 76 128
77 82 86
82 77 86
78 87 951
87 78 951
78 92 228
92 78 228
78 88 783
88 78 783
79 85 962
85 79 962
79 86 739
86 79 739
79 89 400
89 79 400
80 88 758
88 80 758
82 85 344
85 82 344
83 86 110
86 83 110
85 95 911
95 85 911
86 93 391
93 86 391
87 95 185
95 87 185
89 95 870
95 89 870
90 92 774
92 90 774
90 92 148
92 90 148
91 95 946
95 91 946
91 95 471
95 91 471
