96

0 1 449
1 0 449
0 3 229
3 0 229
0 10 378
10 0 378
0 15 852
15 0 852
0 17 807
17 0 807
0 61 562
61 0 562
0 72 399
72 0 399
0 63 849
63 0 849
0 77 333
77 0 333
0 76 251
76 0 251
0 46 971
46 0 971
1 2 566
2 1 566
1 4 75
4 1 75
1 8 725
8 1 725
1 22 256
22 1 256
1 87 606
87 1 606
1 90 749
90 1 749
1 79 317
79 1 317
1 54 578
54 1 578
1 6 667
6 1 667
1 12 423
12 1 423
1 68 806
68 1 806
1 47 909
47 1 909
1 23 813
23 1 813
1 90 909
90 1 909
2 16 429
16 2 429
2 21 277
21 2 277
2 28 595
28 2 595
2 95 36
95 2 36
2 51 235
51 2 235
2 5 835
5 2 835
2 65 717
65 2 717
2 52 148
52 2 148
2 53 729
53 2 729
2 26 390
26 2 390
2 41 564
41 2 564
2 74 13
74 2 13
3 5 515
5 3 515
3 40 904
40 3 904
3 57 22
57 3 22
3 63 617
63 3 617
3 64 804
64 3 804
3 65 700
65 3 700
3 83 855
83 3 855
3 88 148
88 3 148
3 7 135
7 3 135
3 33 115
33 3 115
3 39 426
39 3 426
3 71 34
71 3 34
3 70 337
70 3 337
3 55 355
55 3 355
3 57 903
57 3 903
3 27 860
27 3 860
3 40 307
40 3 307
4 6 953
6 4 953
4 36 490
36 4 490
4 25 484
25 4 484
4 71 785
71 4 785
4 42 130
42 4 130
4 67 945
67 4 945
4 73 798
73 4 798
5 7 371
7 5 371
5 9 459
9 5 459
5 11 285
11 5 285
5 18 537
18 5 537
5 20 514
20 5 514
5 71 203
71 5 203
5 35 627
35 5 627
5 12 312
12 5 312
5 7 471
7 5 471
5 40 857
40 5 857
5 16 833
16 5 833
6 29 802
29 6 802
6 30 953
30 6 953
6 44 150
44 6 150
6 23 834
23 6 834
6 41 738
41 6 738
6 23 673
23 6 673
6 30 439
30 6 439
6 61 453
61 6 453
6 82 597
82 6 597
7 12 511
12 7 511
7 33 119
33 7 119
7 46 840
46 7 840
7 50 492
50 7 492
7 87 861
87 7 861
7 83 113
83 7 113
7 48 190
48 7 190
7 89 441
89 7 441
7 26 608
26 7 608
7 17 968
17 7 968
8 19 738
19 8 738
8 23 605
23 8 605
8 42 685
42 8 685
8 90 150
90 8 150
8 26 982
26 8 982
8 40 712
40 8 712
9 51 444
51 9 444
9 45 914
45 9 914
9 19 180
19 9 180
9 53 185
53 9 185
9 24 794
24 9 794
9 41 516
41 9 516
9 28 811
28 9 811
9 22 988
22 9 988
10 51 36
51 10 36
10 89 55
89 10 55
10 27 787
27 10 787
10 70 23
70 10 23
10 43 952
43 10 952
10 62 684
62 10 684
10 42 938
42 10 938
10 47 974
47 10 974
10 92 484
92 10 484
10 13 399
13 10 399
11 66 325
66 11 325
11 15 78
15 11 78
11 15 421
15 11 421
11 64 422
64 11 422
11 68 560
68 11 560
11 78 953
78 11 953
12 13 289
13 12 289
12 23 109
23 12 109
12 41 259
41 12 259
12 24 796
24 12 796
12 29 498
29 12 498
12 20 239
20 12 239
12 67 672
67 12 672
12 91 938
91 12 938
12 13 264
13 12 264
12 93 881
93 12 881
13 14 466
14 13 466
13 80 824
80 13 824
13 84 482
84 13 482
13 60 408
60 13 408
13 25 52
25 13 52
14 62 421
62 14 421
14 14 959
14 14 959
14 88 266
88 14 266
14 91 596
91 14 596
14 20 2
20 14 2
15 26 127
26 15 127
15 34 622
34 15 622
15 59 914
59 15 914
15 36 989
36 15 989
15 56 231
56 15 231
15 90 663
90 15 663
15 23 159
23 15 159
15 92 147
92 15 147
16 18 504
18 16 504
16 81 301
81 16 301
16 75 196
75 16 196
16 27 513
27 16 513
16 64 370
64 16 370
16 58 297
58 16 297
17 25 481
25 17 481
17 48 570
48 17 570
17 26 488
26 17 488
17 47 866
47 17 866
17 18 907
18 17 907
17 73 317
73 17 317
17 87 884
87 17 884
17 56 966
56 17 966
17 79 142
79 17 142
17 77 912
77 17 912
17 75 7
75 17 7
18 61 918
61 18 918
18 79 96
79 18 96
18 92 83
92 18 83
18 30 806
30 18 806
18 93 4
93 18 4
18 58 184
58 18 184
18 80 297
80 18 297
18 56 118
56 18 118
19 55 479
55 19 479
19 69 15
69 19 15
19 28 728
28 19 728
19 35 140
35 19 140
19 35 647
35 19 647
19 41 135
41 19 135
19 30 437
30 19 437
19 54 929
54 19 929
19 75 600
75 19 600
20 69 134
69 20 134
20 30 170
30 20 170
20 53 462
53 20 462
20 58 63
58 20 63
20 90 78
90 20 78
20 84 486
84 20 486
20 83 436
83 20 436
20 59 187
59 20 187
20 32 876
32 20 876
21 24 372
24 21 372
21 27 109
27 21 109
21 38 682
38 21 682
21 67 769
67 21 769
21 79 645
79 21 645
21 50 93
50 21 93
21 44 581
44 21 581
21 89 311
89 21 311
21 81 778
81 21 778
21 89 116
89 21 116
22 32 647
32 22 647
22 53 266
53 22 266
22 39 776
39 22 776
22 44 763
44 22 763
22 54 8
54 22 8
22 91 308
91 22 308
22 58 664
58 22 664
22 28 763
28 22 763
23 58 463
58 23 463
23 77 930
77 23 930
23 46 196
46 23 196
23 84 895
84 23 895
23 38 815
38 23 815
23 83 734
83 23 734
23 40 103
40 23 103
23 25 835
25 23 835
23 82 627
82 23 627
23 65 374
65 23 374
24 37 338
37 24 338
24 41 83
41 24 83
24 95 944
95 24 944
24 90 693
90 24 693
24 77 16
77 24 16
25 72 492
72 25 492
25 79 831
79 25 831
25 49 230
49 25 230
25 30 150
30 25 150
25 75 1
75 25 1
25 52 80
52 25 80
25 73 556
73 25 556
25 44 88
44 25 88
26 53 603
53 26 603
26 45 667
45 26 667
26 51 108
51 26 108
26 92 174
92 26 174
26 95 821
95 26 821
26 92 433
92 26 433
27 49 599
49 27 599
27 63 715
63 27 715
27 68 582
68 27 582
27 30 285
30 27 285
28 52 818
52 28 818
28 54 147
54 28 147
28 60 246
60 28 246
28 58 875
58 28 875
28 59 841
59 28 841
28 86 20
86 28 20
29 66 758
66 29 758
29 79 134
79 29 134
29 72 471
72 29 471
29 72 652
72 29 652
29 44 979
44 29 979
29 73 953
73 29 953
30 31 878
31 30 878
30 43 823
43 30 823
30 73 246
73 30 246
30 46 394
46 30 394
30 84 587
84 30 587
30 67 424
67 30 424
30 79 102
79 30 102
30 51 105
51 30 105
31 53 721
53 31 721
31 50 382
50 31 382
31 57 111
57 31 111
31 87 345
87 31 345
31 86 83
86 31 83
31 55 936
55 31 936
31 55 344
55 31 344
32 61 400
61 32 400
32 62 265
62 32 265
32 83 203
83 32 203
32 51 553
51 32 553
33 35 72
35 33 72
33 39 659
39 33 659
33 84 598
84 33 598
34 45 720
45 34 720
34 72 231
72 34 231
34 83 162
83 34 162
34 59 785
59 34 785
34 48 981
48 34 981
34 58 252
58 34 252
34 38 263
38 34 263
34 83 309
83 34 309
34 92 142
92 34 142
34 61 462
61 34 462
34 81 870
81 34 870
35 51 138
51 35 138
35 36 494
36 35 494
35 93 714
93 35 714
35 54 763
54 35 763
35 93 884
93 35 884
36 80 245
80 36 245
36 86 465
86 36 465
36 81 796
81 36 796
36 80 906
80 36 906
36 95 681
95 36 681
36 91 653
91 36 653
36 53 429
53 36 429
37 41 855
41 37 855
37 56 847
56 37 847
37 84 383
84 37 383
37 81 717
81 37 717
37 85 52
85 37 52
37 91 553
91 37 553
37 75 225
75 37 225
37 44 256
44 37 256
38 71 778
71 38 778
38 47 118
47 38 118
38 86 507
86 38 507
39 43 933
43 39 933
39 78 328
78 39 328
39 94 834
94 39 834
39 79 101
79 39 101
39 72 688
72 39 688
39 43 98
43 39 98
40 82 862
82 40 862
40 66 158
66 40 158
40 90 15
90 40 15
41 70 18
70 41 18
41 74 374
74 41 374
41 95 517
95 41 517
41 94 852
94 41 852
41 66 961
66 41 961
41 71 12
71 41 12
42 54 135
54 42 135
42 69 558
69 42 558
43 59 928
59 43 928
43 47 736
47 43 736
43 60 646
60 43 646
44 49 623
49 44 623
44 47 930
47 44 930
44 72 689
72 44 689
45 77 665
77 45 665
45 53 50
53 45 50
46 47 463
47 46 463
46 63 564
63 46 564
46 54 513
54 46 513
46 69 416
69 46 416
46 62 645
62 46 645
47 95 204
95 47 204
47 61 513
61 47 513
47 52 703
52 47 703
47 73 567
73 47 567
49 81 535
81 49 535
49 73 741
73 49 741
49 64 417
64 49 417
49 58 381
58 49 381
49 53 309
53 49 309
49 91 51
91 49 51
51 71 245
71 51 245
51 74 540
74 51 540
51 55 976
55 51 976
51 89 565
89 51 565
51 80 744
80 51 744
51 79 688
79 51 688
51 86 156
86 51 156
52 54 481
54 52 481
53 94 724
94 53 724
53 63 856
63 53 856
53 74 454
74 53 454
53 80 681
80 53 681
53 67 224
67 53 224
54 75 2
75 54 2
54 93 588
93 54 588
54 88 943
88 54 943
54 56 897
56 54 897
54 93 572
93 54 572
54 78 432
78 54 432
55 64 263
64 55 263
55 75 207
75 55 207
56 90 911
90 56 911
56 76 767
76 56 767
56 79 843
79 56 843
56 73 773
73 56 773
56 59 20
59 56 20
56 71 84
71 56 84
57 82 987
82 57 987
58 86 713
86 58 713
58 63 477
63 58 477
59 68 123
68 59 123
59 94 204
94 59 204
59 82 13
82 59 13
59 67 485
67 59 485
59 60 687
60 59 687
60 92 301
92 60 301
60 83 66
83 60 66
61 89 234
89 61 234
61 72 754
72 61 754
62 71 318
71 62 318
62 89 743
89 62 743
62 94 426
94 62 426
62 76 758
76 62 758
62 71 828
71 62 828
63 85 737
85 63 737
63 65 35
65 63 35
63 95 717
95 63 717
64 74 232
74 64 232
64 74 131
74 64 131
64 89 300
89 64 300
64 69 36
69 64 36
64 71 934
71 64 934
64 84 227
84 64 227
65 79 473
79 65 473
66 76 461
76 66 461
67 80 881
80 67 881
67 73 757
73 67 757
68 73 717
73 68 717
68 74 37
74 68 37
68 79 223
79 68 223
68 95 439
95 68 439
68 95 584
95 68 584
68 80 73
80 68 73
68 72 247
72 68 247
69 76 210
76 69 210
69 75 377
75 69 377
69 80 514
80 69 514
69 85 897
85 69 897
70 84 242
84 70 242
70 85 34
85 70 34
70 88 593
88 70 593
70 92 991
92 70 991
70 92 539
92 70 539
70 82 780
82 70 780
70 88 991
88 70 991
71 73 968
73 71 968
71 86 179
86 71 179
72 91 953
91 72 953
72 95 892
95 72 892
73 88 271
88 73 271
73 91 376
91 73 376
74 93 284
93 74 284
74 80 563
80 74 563
74 75 715
75 74 715
76 77 488
77 76 488
76 79 530
79 76 530
76 88 31
88 76 31
79 94 413
94 79 413
86 92 574
92 86 574
88 88 573
88 88 573
89 93 937
93 89 937
89 94 805
94 89 805
92 94 907
94 92 907
