100

0 1 462
1 0 462
0 39 500
39 0 500
0 98 623
98 0 623
0 49 9
49 0 9
0 8 470
8 0 470
0 12 942
12 0 942
0 2 678
2 0 678
0 75 622
75 0 622
0 63 680
63 0 680
0 91 742
91 0 742
0 81 948
81 0 948
0 3 55
3 0 55
0 85 15
85 0 15
0 14 663
14 0 663
0 97 975
97 0 975
0 38 441
38 0 441
0 34 285
34 0 285
0 59 566
59 0 566
0 40 454
40 0 454
0 53 402
53 0 402
0 57 680
57 0 680
0 10 880
10 0 880
0 82 716
82 0 716
0 60 915
60 0 915
1 2 690
2 1 690
1 4 422
4 1 422
1 20 526
20 1 526
1 21 607
21 1 607
1 61 625
61 1 625
1 89 114
89 1 114
1 71 288
71 1 288
1 32 585
32 1 585
1 43 752
43 1 752
1 75 912
75 1 912
1 65 968
65 1 968
1 69 244
69 1 244
1 3 823
3 1 823
1 67 610
67 1 610
1 69 599
69 1 599
1 13 703
13 1 703
1 56 710
56 1 710
1 76 188
76 1 188
1 10 499
10 1 499
2 3 610
3 2 610
2 44 836
44 2 836
2 51 938
51 2 938
2 65 709
65 2 709
2 76 403
76 2 403
2 63 627
63 2 627
2 34 76
34 2 76
2 87 626
87 2 626
2 33 761
33 2 761
2 7 763
7 2 763
2 47 389
47 2 389
2 4 185
4 2 185
2 73 973
73 2 973
2 42 684
42 2 684
2 27 980
27 2 980
2 47 798
47 2 798
2 5 127
5 2 127
2 76 592
76 2 592
2 51 708
51 2 708
2 4 732
4 2 732
2 73 456
73 2 456
2 3 69
3 2 69
2 90 601
90 2 601
3 13 364
13 3 364
3 15 687
15 3 687
3 26 609
26 3 609
3 54 435
54 3 435
3 10 263
10 3 263
3 84 678
84 3 678
3 64 413
64 3 413
3 9 927
9 3 927
3 59 315
59 3 315
3 53 933
53 3 933
3 68 690
68 3 690
3 24 688
24 3 688
3 7 715
7 3 715
3 59 120
59 3 120
4 5 219
5 4 219
4 14 546
14 4 546
4 42 788
42 4 788
4 59 245
59 4 245
4 82 498
82 4 498
4 64 62
64 4 62
4 41 861
41 4 861
4 20 950
20 4 950
4 16 516
16 4 516
4 91 811
91 4 811
4 45 675
45 4 675
4 12 652
12 4 652
4 47 988
47 4 988
4 51 826
51 4 826
4 62 307
62 4 307
4 54 861
54 4 861
4 77 862
77 4 862
4 75 349
75 4 349
4 11 637
11 4 637
4 68 102
68 4 102
4 30 860
30 4 860
4 19 802
19 4 802
5 6 574
6 5 574
5 8 262
8 5 262
5 45 622
45 5 622
5 73 130
73 5 130
5 92 844
92 5 844
5 58 349
58 5 349
5 96 793
96 5 793
5 75 892
75 5 892
5 19 859
19 5 859
5 87 605
87 5 605
5 62 587
62 5 587
5 32 336
32 5 336
5 80 580
80 5 580
5 47 953
47 5 953
5 8 523
8 5 523
5 23 741
23 5 741
5 9 406
9 5 406
5 77 883
77 5 883
5 26 128
26 5 128
5 71 257
71 5 257
5 6 510
6 5 510
5 77 501
77 5 501
6 7 733
7 6 733
6 9 634
9 6 634
6 16 989
16 6 989
6 32 302
32 6 302
6 56 436
56 6 436
6 57 867
57 6 867
6 32 64
32 6 64
6 78 175
78 6 175
6 57 188
57 6 188
6 72 174
72 6 174
6 40 955
40 6 955
6 26 981
26 6 981
6 87 709
87 6 709
6 11 760
11 6 760
6 58 56
58 6 56
6 96 230
96 6 230
6 96 277
96 6 277
6 86 334
86 6 334
6 21 493
21 6 493
6 67 379
67 6 379
6 81 647
81 6 647
6 93 216
93 6 216
6 86 523
86 6 523
6 30 885
30 6 885
6 91 154
91 6 154
6 17 632
17 6 632
7 48 797
48 7 797
7 8 891
8 7 891
7 80 922
80 7 922
7 69 197
69 7 197
7 92 270
92 7 270
7 17 781
17 7 781
7 36 469
36 7 469
8 10 757
10 8 757
8 11 838
11 8 838
8 23 148
23 8 148
8 99 12
99 8 12
8 97 311
97 8 311
8 98 559
98 8 559
8 14 653
14 8 653
8 77 306
77 8 306
8 71 911
71 8 911
8 29 446
29 8 446
8 28 949
28 8 949
8 87 49
87 8 49
8 41 328
41 8 328
9 73 488
73 9 488
9 76 149
76 9 149
9 78 942
78 9 942
9 98 452
98 9 452
9 66 153
66 9 153
9 14 91
14 9 91
9 33 996
33 9 996
9 94 538
94 9 538
9 93 881
93 9 881
9 67 903
67 9 903
9 90 320
90 9 320
9 56 393
56 9 393
9 59 804
59 9 804
9 91 699
91 9 699
9 62 140
62 9 140
9 31 1
31 9 1
9 63 139
63 9 139
10 23 815
23 10 815
10 57 171
57 10 171
10 72 504
72 10 504
10 32 498
32 10 498
10 52 666
52 10 666
10 63 413
63 10 413
10 96 259
96 10 259
10 14 102
14 10 102
10 60 217
60 10 217
10 38 791
38 10 791
10 18 458
18 10 458
10 86 701
86 10 701
10 31 149
31 10 149
10 15 928
15 10 928
10 87 241
87 10 241
10 64 302
64 10 302
10 27 297
27 10 297
10 51 976
51 10 976
10 85 918
85 10 918
10 32 35
32 10 35
10 33 460
33 10 460
10 71 490
71 10 490
11 12 252
12 11 252
11 17 343
17 11 343
11 19 185
19 11 185
11 43 674
43 11 674
11 67 621
67 11 621
11 84 444
84 11 444
11 19 426
19 11 426
11 61 517
61 11 517
11 31 99
31 11 99
11 31 277
31 11 277
11 15 933
15 11 933
11 43 265
43 11 265
11 13 215
13 11 215
11 39 351
39 11 351
11 57 971
57 11 971
11 48 922
48 11 922
11 72 484
72 11 484
11 68 766
68 11 766
11 75 953
75 11 953
11 57 720
57 11 720
11 86 38
86 11 38
12 53 536
53 12 536
12 29 870
29 12 870
12 23 922
23 12 922
12 76 457
76 12 457
12 61 191
61 12 191
12 52 997
52 12 997
12 83 300
83 12 300
12 43 735
43 12 735
12 17 644
17 12 644
12 55 373
55 12 373
12 67 349
67 12 349
12 50 449
50 12 449
12 95 184
95 12 184
12 38 162
38 12 162
12 51 791
51 12 791
12 16 884
16 12 884
12 33 303
33 12 303
13 70 901
70 13 901
13 94 889
94 13 889
13 73 902
73 13 902
13 25 445
25 13 445
13 28 724
28 13 724
13 29 380
29 13 380
13 85 328
85 13 328
13 21 729
21 13 729
13 93 534
93 13 534
13 88 965
88 13 965
14 96 945
96 14 945
14 92 115
92 14 115
14 80 695
80 14 695
14 62 635
62 14 635
14 14 455
14 14 455
14 62 296
62 14 296
14 28 540
28 14 540
14 57 22
57 14 22
14 54 338
54 14 338
14 53 508
53 14 508
14 20 279
20 14 279
14 66 652
66 14 652
14 34 973
34 14 973
15 22 934
22 15 934
15 31 960
31 15 960
15 34 212
34 15 212
15 84 855
84 15 855
15 17 83
17 15 83
15 53 828
53 15 828
15 76 423
76 15 423
15 94 729
94 15 729
15 36 556
36 15 556
15 27 575
27 15 575
15 81 281
81 15 281
15 40 389
40 15 389
15 36 660
36 15 660
16 24 497
24 16 497
16 93 718
93 16 718
16 86 663
86 16 663
16 29 945
29 16 945
16 77 171
77 16 171
16 73 538
73 16 538
16 52 194
52 16 194
16 44 373
44 16 373
16 33 849
33 16 849
16 20 610
20 16 610
16 42 431
42 16 431
16 40 879
40 16 879
16 34 347
34 16 347
17 18 859
18 17 859
17 30 679
30 17 679
17 87 683
87 17 683
17 91 279
91 17 279
17 70 120
70 17 120
17 57 757
57 17 757
17 37 669
37 17 669
17 86 485
86 17 485
17 59 799
59 17 799
17 70 92
70 17 92
17 36 608
36 17 608
17 51 870
51 17 870
18 34 537
34 18 537
18 49 887
49 18 887
18 28 160
28 18 160
18 77 566
77 18 566
18 72 419
72 18 419
18 54 215
54 18 215
18 67 241
67 18 241
18 56 87
56 18 87
18 73 338
73 18 338
18 30 558
30 18 558
18 58 138
58 18 138
18 92 847
92 18 847
18 29 310
29 18 310
18 49 665
49 18 665
18 62 864
62 18 864
18 63 251
63 18 251
19 38 288
38 19 288
19 50 447
50 19 447
19 81 682
81 19 682
19 92 101
92 19 101
19 55 870
55 19 870
19 85 447
85 19 447
19 75 458
75 19 458
19 60 370
60 19 370
19 58 901
58 19 901
19 35 546
35 19 546
19 80 278
80 19 278
19 32 627
32 19 627
19 59 715
59 19 715
19 29 848
29 19 848
19 51 969
51 19 969
19 54 961
54 19 961
20 27 785
27 20 785
20 77 787
77 20 787
20 91 389
91 20 389
20 95 192
95 20 192
20 53 416
53 20 416
20 65 170
65 20 170
20 59 280
59 20 280
20 38 292
38 20 292
20 89 585
89 20 585
20 56 750
56 20 750
20 71 277
71 20 277
20 76 467
76 20 467
20 84 38
84 20 38
20 89 941
89 20 941
20 33 566
33 20 566
20 87 417
87 20 417
20 56 612
56 20 612
20 64 624
64 20 624
20 24 235
24 20 235
20 82 932
82 20 932
20 70 106
70 20 106
21 75 740
75 21 740
21 48 631
48 21 631
21 66 240
66 21 240
21 86 689
86 21 689
21 51 556
51 21 556
21 89 775
89 21 775
21 78 678
78 21 678
21 51 515
51 21 515
21 53 620
53 21 620
21 24 993
24 21 993
21 24 66
24 21 66
21 91 803
91 21 803
21 91 108
91 21 108
21 88 619
88 21 619
21 47 790
47 21 790
21 52 736
52 21 736
22 25 454
25 22 454
22 51 979
51 22 979
22 53 659
53 22 659
22 29 656
29 22 656
22 97 803
97 22 803
22 97 301
97 22 301
22 42 970
42 22 970
22 98 884
98 22 884
22 89 293
89 22 293
22 86 644
86 22 644
22 48 155
48 22 155
22 83 352
83 22 352
22 79 430
79 22 430
22 64 523
64 22 523
22 99 888
99 22 888
22 91 576
91 22 576
22 67 295
67 22 295
22 76 111
76 22 111
22 49 461
49 22 461
22 88 335
88 22 335
22 38 33
38 22 33
23 29 307
29 23 307
23 42 939
42 23 939
23 98 468
98 23 468
23 77 903
77 23 903
23 31 976
31 23 976
23 76 421
76 23 421
23 35 292
35 23 292
23 99 939
99 23 939
23 47 3
47 23 3
23 81 433
81 23 433
23 27 41
27 23 41
23 94 420
94 23 420
23 67 612
67 23 612
23 56 60
56 23 60
23 33 578
33 23 578
23 63 882
63 23 882
23 61 756
61 23 756
23 63 547
63 23 547
23 84 423
84 23 423
23 77 152
77 23 152
24 40 513
40 24 513
24 93 654
93 24 654
24 88 596
88 24 596
24 72 548
72 24 548
24 58 293
58 24 293
24 75 457
75 24 457
24 62 183
62 24 183
24 49 943
49 24 943
24 55 725
55 24 725
24 94 273
94 24 273
25 92 997
92 25 997
25 33 99
33 25 99
25 75 758
75 25 758
25 89 621
89 25 621
25 34 374
34 25 374
25 64 926
64 25 926
25 69 717
69 25 717
25 95 461
95 25 461
25 73 759
73 25 759
25 86 433
86 25 433
25 29 257
29 25 257
25 87 13
87 25 13
25 99 742
99 25 742
26 28 53
28 26 53
26 36 183
36 26 183
26 37 631
37 26 631
26 97 509
97 26 509
26 58 281
58 26 281
26 30 954
30 26 954
26 39 454
39 26 454
26 56 702
56 26 702
26 61 81
61 26 81
26 70 100
70 26 100
26 66 496
66 26 496
26 67 57
67 26 57
26 89 643
89 26 643
26 68 727
68 26 727
27 33 700
33 27 700
27 53 192
53 27 192
27 87 490
87 27 490
27 61 689
61 27 689
27 55 805
55 27 805
27 52 763
52 27 763
27 28 968
28 27 968
27 99 825
99 27 825
27 65 869
65 27 869
27 84 899
84 27 899
27 37 348
37 27 348
27 40 278
40 27 278
27 31 289
31 27 289
27 93 455
93 27 455
27 48 894
48 27 894
27 81 38
81 27 38
27 63 703
63 27 703
27 29 433
29 27 433
27 47 680
47 27 680
27 31 963
31 27 963
27 43 931
43 27 931
27 32 262
32 27 262
27 37 93
37 27 93
28 63 803
63 28 803
28 79 567
79 28 567
28 67 533
67 28 533
28 94 737
94 28 737
28 37 310
37 28 310
28 83 420
83 28 420
28 62 814
62 28 814
28 64 128
64 28 128
28 32 661
32 28 661
28 48 786
48 28 786
28 87 805
87 28 805
28 53 20
53 28 20
28 69 662
69 28 662
28 34 948
34 28 948
28 87 292
87 28 292
28 79 896
79 28 896
28 53 211
53 28 211
28 75 840
75 28 840
28 56 607
56 28 607
29 70 754
70 29 754
29 43 62
43 29 62
29 46 427
46 29 427
29 79 168
79 29 168
29 79 563
79 29 563
29 98 594
98 29 594
29 35 71
35 29 71
29 95 505
95 29 505
29 66 510
66 29 510
29 63 298
63 29 298
29 61 677
61 29 677
29 30 305
30 29 305
30 46 653
46 30 653
30 52 856
52 30 856
30 71 581
71 30 581
30 59 863
59 30 863
30 62 571
62 30 571
30 35 431
35 30 431
30 93 57
93 30 57
30 34 51
34 30 51
30 93 923
93 30 923
30 74 829
74 30 829
30 96 322
96 30 322
30 64 38
64 30 38
30 90 331
90 30 331
30 55 198
55 30 198
31 64 905
64 31 905
31 46 935
46 31 935
31 69 602
69 31 602
31 71 510
71 31 510
31 82 488
82 31 488
31 84 225
84 31 225
31 99 703
99 31 703
31 64 465
64 31 465
31 82 200
82 31 200
31 63 556
63 31 556
31 37 486
37 31 486
31 74 191
74 31 191
32 59 515
59 32 515
32 60 541
60 32 541
32 79 532
79 32 532
32 41 506
41 32 506
32 68 950
68 32 950
32 70 218
70 32 218
32 41 211
41 32 211
32 74 361
74 32 361
32 85 82
85 32 82
33 35 940
35 33 940
33 55 681
55 33 681
33 75 612
75 33 612
33 35 282
35 33 282
33 53 968
53 33 968
33 53 746
53 33 746
33 94 292
94 33 292
33 74 581
74 33 581
33 67 642
67 33 642
33 78 622
78 33 622
33 40 176
40 33 176
33 44 468
44 33 468
33 64 208
64 33 208
33 88 781
88 33 781
33 66 173
66 33 173
33 33 12
33 33 12
33 59 732
59 33 732
33 41 607
41 33 607
34 70 317
70 34 317
34 81 960
81 34 960
34 92 752
92 34 752
34 84 850
84 34 850
34 42 746
42 34 746
34 75 101
75 34 101
34 54 764
54 34 764
34 90 155
90 34 155
34 65 41
65 34 41
34 90 102
90 34 102
34 85 221
85 34 221
35 56 823
56 35 823
35 67 989
67 35 989
35 76 815
76 35 815
35 83 396
83 35 396
35 42 487
42 35 487
35 55 33
55 35 33
35 37 459
37 35 459
35 58 130
58 35 130
35 67 343
67 35 343
35 68 688
68 35 688
36 41 975
41 36 975
36 47 987
47 36 987
36 51 484
51 36 484
36 90 577
90 36 577
36 53 564
53 36 564
36 93 151
93 36 151
36 68 818
68 36 818
36 53 981
53 36 981
37 37 853
37 37 853
37 97 867
97 37 867
37 41 510
41 37 510
37 78 337
78 37 337
37 77 766
77 37 766
37 57 899
57 37 899
37 46 365
46 37 365
37 65 882
65 37 882
37 49 797
49 37 797
37 78 998
78 37 998
38 56 585
56 38 585
38 39 564
39 38 564
38 87 124
87 38 124
38 47 684
47 38 684
38 49 449
49 38 449
38 96 262
96 38 262
38 65 64
65 38 64
38 38 346
38 38 346
38 41 763
41 38 763
38 55 839
55 38 839
38 93 993
93 38 993
39 93 87
93 39 87
39 94 457
94 39 457
39 95 593
95 39 593
39 77 412
77 39 412
39 81 472
81 39 472
39 41 400
41 39 400
39 70 149
70 39 149
39 93 361
93 39 361
40 56 780
56 40 780
40 88 772
88 40 772
40 89 148
89 40 148
40 57 455
57 40 455
40 43 38
43 40 38
40 54 726
54 40 726
40 43 472
43 40 472
40 63 763
63 40 763
40 66 134
66 40 134
40 94 142
94 40 142
40 88 733
88 40 733
40 61 174
61 40 174
41 62 718
62 41 718
41 74 701
74 41 701
41 80 806
80 41 806
41 58 203
58 41 203
41 86 934
86 41 934
41 95 766
95 41 766
41 44 219
44 41 219
41 76 573
76 41 573
41 55 59
55 41 59
41 76 677
76 41 677
41 87 112
87 41 112
41 84 803
84 41 803
42 68 417
68 42 417
42 77 328
77 42 328
42 94 669
94 42 669
42 94 213
94 42 213
42 49 512
49 42 512
42 84 677
84 42 677
42 79 845
79 42 845
43 88 161
88 43 161
43 70 779
70 43 779
43 85 75
85 43 75
43 89 182
89 43 182
43 98 771
98 43 771
43 47 994
47 43 994
43 55 596
55 43 596
43 50 54
50 43 54
43 62 589
62 43 589
43 54 496
54 43 496
43 69 296
69 43 296
43 59 148
59 43 148
43 95 536
95 43 536
44 70 941
70 44 941
44 88 561
88 44 561
44 58 922
58 44 922
44 47 154
47 44 154
44 83 312
83 44 312
44 99 609
99 44 609
44 87 33
87 44 33
44 45 713
45 44 713
44 78 74
78 44 74
44 96 202
96 44 202
44 92 339
92 44 339
45 78 266
78 45 266
45 92 767
92 45 767
45 91 471
91 45 471
45 91 165
91 45 165
45 79 396
79 45 396
45 46 856
46 45 856
45 50 515
50 45 515
45 69 898
69 45 898
45 57 254
57 45 254
45 88 802
88 45 802
46 63 207
63 46 207
46 52 506
52 46 506
46 55 77
55 46 77
46 73 976
73 46 976
46 74 949
74 46 949
46 64 799
64 46 799
46 68 617
68 46 617
46 80 880
80 46 880
47 56 729
56 47 729
47 97 765
97 47 765
47 99 458
99 47 458
47 73 828
73 47 828
47 66 419
66 47 419
47 88 289
88 47 289
47 88 915
88 47 915
47 74 331
74 47 331
47 80 824
80 47 824
47 61 282
61 47 282
48 73 61
73 48 61
48 77 147
77 48 147
48 85 573
85 48 573
48 62 92
62 48 92
48 92 207
92 48 207
48 50 763
50 48 763
48 95 757
95 48 757
48 79 439
79 48 439
48 73 683
73 48 683
48 89 296
89 48 296
48 58 335
58 48 335
49 82 786
82 49 786
49 96 902
96 49 902
49 73 920
73 49 920
49 91 697
91 49 697
49 93 570
93 49 570
49 84 387
84 49 387
49 99 28
99 49 28
49 80 693
80 49 693
49 86 517
86 49 517
49 80 984
80 49 984
49 55 40
55 49 40
50 58 484
58 50 484
50 68 382
68 50 382
50 87 364
87 50 364
50 96 678
96 50 678
50 84 372
84 50 372
50 68 996
68 50 996
50 76 8
76 50 8
50 96 484
96 50 484
50 54 182
54 50 182
50 95 528
95 50 528
50 86 496
86 50 496
50 66 720
66 50 720
50 76 931
76 50 931
50 85 440
85 50 440
50 66 391
66 50 391
51 66 649
66 51 649
51 94 324
94 51 324
51 54 760
54 51 760
51 53 417
53 51 417
51 61 256
61 51 256
51 80 678
80 51 678
51 58 100
58 51 100
51 84 614
84 51 614
51 88 531
88 51 531
51 63 351
63 51 351
51 71 304
71 51 304
52 91 554
91 52 554
52 79 172
79 52 172
52 63 717
63 52 717
52 87 775
87 52 775
52 64 955
64 52 955
52 94 282
94 52 282
52 84 402
84 52 402
53 76 844
76 53 844
53 95 350
95 53 350
53 69 471
69 53 471
53 92 120
92 53 120
53 96 154
96 53 154
53 83 579
83 53 579
53 94 829
94 53 829
53 68 731
68 53 731
53 68 863
68 53 863
53 64 64
64 53 64
53 74 201
74 53 201
53 55 352
55 53 352
53 85 648
85 53 648
54 69 752
69 54 752
54 76 911
76 54 911
54 71 82
71 54 82
54 84 184
84 54 184
54 94 28
94 54 28
54 73 9
73 54 9
54 93 864
93 54 864
54 97 225
97 54 225
54 84 550
84 54 550
54 78 705
78 54 705
55 65 773
65 55 773
55 65 505
65 55 505
55 82 233
82 55 233
55 76 212
76 55 212
55 85 22
85 55 22
55 93 866
93 55 866
55 73 594
73 55 594
56 60 789
60 56 789
56 85 441
85 56 441
56 88 661
88 56 661
56 56 554
56 56 554
56 73 846
73 56 846
56 77 109
77 56 109
56 82 210
82 56 210
56 60 93
60 56 93
56 61 901
61 56 901
56 95 868
95 56 868
56 70 273
70 56 273
56 89 430
89 56 430
56 89 40
89 56 40
57 89 365
89 57 365
57 92 132
92 57 132
57 86 216
86 57 216
57 73 441
73 57 441
57 81 234
81 57 234
57 96 617
96 57 617
57 91 82
91 57 82
58 64 626
64 58 626
58 91 253
91 58 253
58 80 671
80 58 671
58 71 9
71 58 9
58 72 799
72 58 799
58 70 611
70 58 611
58 79 609
79 58 609
59 90 68
90 59 68
59 82 87
82 59 87
59 63 248
63 59 248
59 83 709
83 59 709
60 63 896
63 60 896
60 91 626
91 60 626
60 63 417
63 60 417
60 87 513
87 60 513
60 83 525
83 60 525
60 97 175
97 60 175
60 96 886
96 60 886
60 86 893
86 60 893
60 86 473
86 60 473
61 92 522
92 61 522
61 68 832
68 61 832
61 84 820
84 61 820
61 62 587
62 61 587
61 79 825
79 61 825
61 70 398
70 61 398
61 72 106
72 61 106
61 82 454
82 61 454
61 80 810
80 61 810
61 63 941
63 61 941
61 83 954
83 61 954
61 81 65
81 61 65
62 96 17
96 62 17
62 81 536
81 62 536
62 92 625
92 62 625
62 74 963
74 62 963
62 70 441
70 62 441
62 88 525
88 62 525
62 96 161
96 62 161
62 89 492
89 62 492
62 76 784
76 62 784
62 78 532
78 62 532
62 80 433
80 62 433
62 88 49
88 62 49
63 63 327
63 63 327
63 69 5
69 63 5
63 69 96
69 63 96
63 74 851
74 63 851
63 89 352
89 63 352
63 98 977
98 63 977
63 78 784
78 63 784
64 97 281
97 64 281
64 90 938
90 64 938
64 89 166
89 64 166
64 96 903
96 64 903
64 85 529
85 64 529
64 84 743
84 64 743
64 70 820
70 64 820
64 89 113
89 64 113
64 79 443
79 64 443
64 76 862
76 64 862
64 85 749
85 64 749
64 66 264
66 64 264
64 69 503
69 64 503
64 98 696
98 64 696
64 80 145
80 64 145
65 97 463
97 65 463
65 80 734
80 65 734
65 81 696
81 65 696
65 89 121
89 65 121
65 90 164
90 65 164
65 99 445
99 65 445
65 80 779
80 65 779
66 83 959
83 66 959
66 80 593
80 66 593
66 84 225
84 66 225
66 67 208
67 66 208
66 70 735
70 66 735
66 93 140
93 66 140
66 80 158
80 66 158
66 67 818
67 66 818
66 95 734
95 66 734
66 82 344
82 66 344
66 82 431
82 66 431
66 68 981
68 66 981
67 99 839
99 67 839
67 85 65
85 67 65
67 89 41
89 67 41
67 91 114
91 67 114
67 86 160
86 67 160
67 76 867
76 67 867
68 88 8
88 68 8
68 78 111
78 68 111
68 88 883
88 68 883
68 97 692
97 68 692
68 69 988
69 68 988
68 81 219
81 68 219
68 85 959
85 68 959
68 92 812
92 68 812
68 77 230
77 68 230
68 97 13
97 68 13
68 93 125
93 68 125
68 77 412
77 68 412
69 75 390
75 69 390
69 75 784
75 69 784
69 82 834
82 69 834
70 90 481
90 70 481
70 82 942
82 70 942
71 84 798
84 71 798
71 76 282
76 71 282
71 94 970
94 71 970
71 88 170
88 71 170
72 81 715
81 72 715
72 91 189
91 72 189
72 81 33
81 72 33
73 86 401
86 73 401
73 82 480
82 73 480
73 93 226
93 73 226
73 81 354
81 73 354
73 76 824
76 73 824
73 77 288
77 73 288
74 85 31
85 74 31
74 79 497
79 74 497
74 82 356
82 74 356
74 92 725
92 74 725
74 81 473
81 74 473
74 98 484
98 74 484
75 94 759
94 75 759
75 94 272
94 75 272
75 95 665
95 75 665
76 82 240
82 76 240
76 92 515
92 76 515
76 88 632
88 76 632
76 95 477
95 76 477
76 78 805
78 76 805
76 85 664
85 76 664
77 95 299
95 77 299
77 82 339
82 77 339
77 86 141
86 77 141
77 93 308
93 77 308
78 99 918
99 78 918
78 97 227
97 78 227
78 96 760
96 78 760
78 88 521
88 78 521
78 91 670
91 78 670
79 80 888
80 79 888
80 86 922
86 80 922
80 93 371
93 80 371
80 93 540
93 80 540
80 90 195
90 80 195
80 94 433
94 80 433
80 97 520
97 80 520
80 93 824
93 80 824
80 91 875
91 80 875
80 80 617
80 80 617
80 85 133
85 80 133
81 82 989
82 81 989
81 95 806
95 81 806
81 95 397
95 81 397
81 95 119
95 81 119
81 94 470
94 81 470
81 89 563
89 81 563
81 98 434
98 81 434
82 86 948
86 82 948
82 91 172
91 82 172
82 89 810
89 82 810
83 83 715
83 83 715
83 92 864
92 83 864
83 89 444
89 83 444
83 90 617
90 83 617
83 85 455
85 83 455
83 94 87
94 83 87
84 94 584
94 84 584
84 89 495
89 84 495
85 98 515
98 85 515
85 94 618
94 85 618
85 90 395
90 85 395
86 90 953
90 86 953
86 96 171
96 86 171
86 91 553
91 86 553
86 92 343
92 86 343
87 96 850
96 87 850
87 92 353
92 87 353
88 90 460
90 88 460
88 94 268
94 88 268
88 90 852
90 88 852
92 94 436
94 92 436
94 97 797
97 94 797
95 99 545
99 95 545
98 99 688
99 98 688
