98

0 1 61
1 0 61
0 2 499
2 0 499
0 10 391
10 0 391
0 69 426
69 0 426
0 59 845
59 0 845
1 13 742
13 1 742
1 46 268
46 1 268
1 71 460
71 1 460
1 30 800
30 1 800
2 3 495
3 2 495
2 4 588
4 2 588
2 5 457
5 2 457
2 6 157
6 2 157
2 34 251
34 2 251
2 64 410
64 2 410
2 71 562
71 2 562
2 7 709
7 2 709
2 89 489
89 2 489
2 17 115
17 2 115
3 20 452
20 3 452
3 26 526
26 3 526
3 7 834
7 3 834
3 42 138
42 3 138
3 7 271
7 3 271
4 8 719
8 4 719
4 17 295
17 4 295
4 32 810
32 4 810
4 54 134
54 4 134
4 55 160
55 4 160
4 4 417
4 4 417
4 34 602
34 4 602
5 26 738
26 5 738
5 94 508
94 5 508
5 18 954
18 5 954
5 12 639
12 5 639
5 59 742
59 5 742
6 7 335
7 6 335
6 11 394
11 6 394
6 14 865
14 6 865
6 64 458
64 6 458
6 36 702
36 6 702
6 74 167
74 6 167
6 25 195
25 6 195
7 9 670
9 7 670
7 25 485
25 7 485
7 31 212
31 7 212
7 47 158
47 7 158
7 91 595
91 7 595
7 53 918
53 7 918
8 23 639
23 8 639
8 58 80
58 8 80
8 95 79
95 8 79
8 74 558
74 8 558
8 96 200
96 8 200
9 12 558
12 9 558
9 16 870
16 9 870
9 28 381
28 9 381
10 22 944
22 10 944
10 33 411
33 10 411
10 36 73
36 10 73
10 96 354
96 10 354
10 49 782
49 10 782
10 31 61
31 10 61
10 79 602
79 10 602
10 94 870
94 10 870
10 89 739
89 10 739
11 27 952
27 11 952
11 56 482
56 11 482
11 42 839
42 11 839
11 77 816
77 11 816
12 18 952
18 12 952
12 37 828
37 12 828
12 96 973
96 12 973
13 15 997
15 13 997
13 78 584
78 13 584
13 77 90
77 13 90
14 19 398
19 14 398
14 79 495
79 14 495
14 79 559
79 14 559
14 56 898
56 14 898
14 54 382
54 14 382
15 57 545
57 15 545
16 21 878
21 16 878
16 37 18
37 16 18
16 85 33
85 16 33
17 30 753
30 17 753
17 74 662
74 17 662
17 96 431
96 17 431
18 95 135
95 18 135
18 52 897
52 18 897
18 81 974
81 18 974
19 38 520
38 19 520
19 49 959
49 19 959
20 35 90
35 20 90
20 27 536
27 20 536
21 42 722
42 21 722
21 43 698
43 21 698
21 25 773
25 21 773
21 72 566
72 21 566
21 80 963
80 21 963
21 43 274
43 21 274
22 41 983
41 22 983
22 48 81
48 22 81
22 26 444
26 22 444
22 55 270
55 22 270
22 96 333
96 22 333
22 31 117
31 22 117
23 24 12
24 23 12
23 29 496
29 23 496
23 44 970
44 23 970
23 49 81
49 23 81
23 52 34
52 23 34
23 72 64
72 23 64
23 24 379
24 23 379
23 45 54
45 23 54
23 97 710
97 23 710
23 81 574
81 23 574
23 68 540
68 23 540
23 26 749
26 23 749
24 80 469
80 24 469
24 75 52
75 24 52
24 82 650
82 24 650
25 77 495
77 25 495
25 39 299
39 25 299
25 57 281
57 25 281
26 59 281
59 26 281
26 61 548
61 26 548
26 90 987
90 26 987
26 89 810
89 26 810
27 56 687
56 27 687
27 49 55
49 27 55
27 48 407
48 27 407
27 30 948
30 27 948
28 63 1000
63 28 1000
28 65 569
65 28 569
28 51 51
51 28 51
28 86 143
86 28 143
29 67 864
67 29 864
29 60 913
60 29 913
30 37 767
37 30 767
30 34 83
34 30 83
30 92 176
92 30 176
30 89 823
89 30 823
30 36 453
36 30 453
31 50 523
50 31 523
31 76 585
76 31 585
31 83 397
83 31 397
32 39 16
39 32 16
32 53 709
53 32 709
32 81 480
81 32 480
32 35 15
35 32 15
32 61 675
61 32 675
33 38 380
38 33 380
33 50 452
50 33 452
33 93 126
93 33 126
34 86 8
86 34 8
34 73 665
73 34 665
35 40 894
40 35 894
35 45 305
45 35 305
35 87 443
87 35 443
35 42 823
42 35 823
35 45 484
45 35 484
35 94 790
94 35 790
36 60 48
60 36 48
37 68 13
68 37 13
37 55 867
55 37 867
37 78 23
78 37 23
37 97 799
97 37 799
37 76 583
76 37 583
37 50 918
50 37 918
37 40 34
40 37 34
38 69 233
69 38 233
38 71 117
71 38 117
38 60 612
60 38 612
39 52 289
52 39 289
39 51 448
51 39 448
40 51 170
51 40 170
40 87 253
87 40 253
40 43 432
43 40 432
40 85 79
85 40 79
42 96 747
96 42 747
43 84 406
84 43 406
43 46 560
46 43 560
45 52 458
52 45 458
46 89 829
89 46 829
46 53 836
53 46 836
46 55 536
55 46 536
47 86 444
86 47 444
47 77 52
77 47 52
49 73 447
73 49 447
49 62 827
62 49 827
49 87 608
87 49 608
49 56 794
56 49 794
49 94 125
94 49 125
50 81 567
81 50 567
51 74 613
74 51 613
51 91 482
91 51 482
51 53 410
53 51 410
52 79 210
79 52 210
52 82 245
82 52 245
52 95 79
95 52 79
53 86 643
86 53 643
53 53 389
53 53 389
54 70 819
70 54 819
55 77 533
77 55 533
55 82 1
82 55 1
55 96 5
96 55 5
56 82 850
82 56 850
57 62 915
62 57 915
58 87 273
87 58 273
59 66 726
66 59 726
59 67 311
67 59 311
59 69 360
69 59 360
59 97 11
97 59 11
60 62 854
62 60 854
61 75 347
75 61 347
61 87 134
87 61 134
61 89 650
89 61 650
61 95 243
95 61 243
64 92 403
92 64 403
64 76 712
76 64 712
64 70 7
70 64 7
64 82 726
82 64 726
65 74 855
74 65 855
65 67 174
67 65 174
66 67 637
67 66 637
67 85 299
85 67 299
67 67 13
67 67 13
69 88 716
88 69 716
69 79 71
79 69 71
69 94 520
94 69 520
72 75 122
75 72 122
74 77 378
77 74 378
74 95 638
95 74 638
75 86 485
86 75 485
75 96 944
96 75 944
76 97 609
97 76 609
78 93 227
93 78 227
78 96 544
96 78 544
82 91 472
91 82 472
88 90 447
90 88 447
90 94 102
94 90 102
