63

0 1 66
1 0 66
0 2 55
2 0 55
0 10 57
10 0 57
0 13 299
13 0 299
0 23 30
23 0 30
0 27 784
27 0 784
0 58 79
58 0 79
0 1 810
1 0 810
1 3 582
3 1 582
1 5 756
5 1 756
1 7 268
7 1 268
1 25 288
25 1 288
1 54 580
54 1 580
2 6 255
6 2 255
2 8 716
8 2 716
3 4 922
4 3 922
3 12 829
12 3 829
3 15 363
15 3 363
3 57 633
57 3 633
4 53 624
53 4 624
5 44 447
44 5 447
6 9 344
9 6 344
6 19 193
19 6 193
7 11 231
11 7 231
7 14 883
14 7 883
7 34 471
34 7 471
7 62 789
62 7 789
8 16 30
16 8 30
9 37 612
37 9 612
10 48 798
48 10 798
10 49 928
49 10 928
11 21 430
21 11 430
11 39 10
39 11 10
11 59 316
59 11 316
12 18 895
18 12 895
12 20 755
20 12 755
12 31 830
31 12 830
12 13 870
13 12 870
13 28 340
28 13 340
14 33 681
33 14 681
15 17 61
17 15 61
15 22 939
22 15 939
15 32 680
32 15 680
15 41 391
41 15 391
17 26 723
26 17 723
17 29 49
29 17 49
17 61 5
61 17 5
17 32 729
32 17 729
18 24 127
24 18 127
18 59 958
59 18 958
24 35 681
35 24 681
26 42 807
42 26 807
28 30 38
30 28 38
28 38 21
38 28 21
28 40 640
40 28 640
28 43 93
43 28 93
32 36 775
36 32 775
32 55 37
55 32 37
33 45 309
45 33 309
34 46 205
46 34 205
36 50 323
50 36 323
40 47 836
47 40 836
40 51 377
51 40 377
40 60 562
60 40 562
50 52 281
52 50 281
52 56 219
56 52 219
