14

0 1 927
1 0 927
0 2 52
2 0 52
0 3 803
3 0 803
0 5 717
5 0 717
0 7 41
7 0 41
0 9 800
9 0 800
1 6 254
6 1 254
1 10 883
10 1 883
2 4 515
4 2 515
4 8 78
8 4 78
5 12 968
12 5 968
8 11 349
11 8 349
11 13 432
13 11 432
