12

0 1 268
1 0 268
0 3 330
3 0 330
0 5 239
5 0 239
0 4 887
4 0 887
0 9 613
9 0 613
1 2 723
2 1 723
1 7 73
7 1 73
1 8 486
8 1 486
1 6 738
6 1 738
2 11 560
11 2 560
2 8 292
8 2 292
3 4 165
4 3 165
3 5 473
5 3 473
3 9 194
9 3 194
4 8 294
8 4 294
5 6 706
6 5 706
5 9 599
9 5 599
7 10 612
10 7 612
7 10 700
10 7 700
8 11 650
11 8 650
