79

0 1 771
1 0 771
0 6 654
6 0 654
0 11 726
11 0 726
0 17 9
17 0 9
0 22 198
22 0 198
0 27 573
27 0 573
1 2 996
2 1 996
1 5 423
5 1 423
1 14 814
14 1 814
1 22 636
22 1 636
1 27 416
27 1 416
1 30 456
30 1 456
1 5 632
5 1 632
2 3 508
3 2 508
2 7 117
7 2 117
2 8 810
8 2 810
2 13 799
13 2 799
3 4 759
4 3 759
3 15 384
15 3 384
3 41 819
41 3 819
4 16 41
16 4 41
4 64 430
64 4 430
4 50 220
50 4 220
4 59 197
59 4 197
4 72 81
72 4 81
4 28 114
28 4 114
5 52 545
52 5 545
5 39 16
39 5 16
5 51 824
51 5 824
5 35 356
35 5 356
5 45 855
45 5 855
6 24 173
24 6 173
6 38 578
38 6 578
6 10 915
10 6 915
6 22 695
22 6 695
7 9 835
9 7 835
7 10 412
10 7 412
7 19 879
19 7 879
7 65 992
65 7 992
8 23 375
23 8 375
8 34 844
34 8 844
8 44 583
44 8 583
9 33 39
33 9 39
9 51 722
51 9 722
9 38 118
38 9 118
10 20 448
20 10 448
10 31 168
31 10 168
10 38 536
38 10 536
10 41 997
41 10 997
10 44 241
44 10 241
10 44 185
44 10 185
11 12 968
12 11 968
11 23 176
23 11 176
11 35 886
35 11 886
11 71 493
71 11 493
12 35 362
35 12 362
12 68 862
68 12 862
12 77 616
77 12 616
13 50 384
50 13 384
13 71 895
71 13 895
13 14 745
14 13 745
14 38 719
38 14 719
15 28 599
28 15 599
15 66 285
66 15 285
15 31 792
31 15 792
16 25 443
25 16 443
16 53 93
53 16 93
16 77 968
77 16 968
16 77 359
77 16 359
16 45 114
45 16 114
16 33 232
33 16 232
16 69 7
69 16 7
16 73 173
73 16 173
17 18 674
18 17 674
17 21 865
21 17 865
17 36 48
36 17 48
17 28 171
28 17 171
18 45 896
45 18 896
18 48 582
48 18 582
18 40 39
40 18 39
18 46 322
46 18 322
18 50 71
50 18 71
18 23 943
23 18 943
18 29 589
29 18 589
19 26 496
26 19 496
19 61 221
61 19 221
20 37 276
37 20 276
20 31 549
31 20 549
20 20 965
20 20 965
20 77 715
77 20 715
20 57 840
57 20 840
21 68 655
68 21 655
21 38 674
38 21 674
21 61 62
61 21 62
23 39 940
39 23 940
23 56 703
56 23 703
23 64 784
64 23 784
23 64 638
64 23 638
24 43 202
43 24 202
25 72 422
72 25 422
26 32 644
32 26 644
26 67 615
67 26 615
27 29 66
29 27 66
27 60 636
60 27 636
27 68 547
68 27 547
28 49 88
49 28 88
28 50 687
50 28 687
29 56 295
56 29 295
29 36 328
36 29 328
30 54 606
54 30 606
30 57 63
57 30 63
30 69 36
69 30 36
30 47 907
47 30 907
31 40 526
40 31 526
31 35 109
35 31 109
31 32 460
32 31 460
32 58 837
58 32 837
33 46 640
46 33 640
33 59 423
59 33 423
34 36 797
36 34 797
34 42 518
42 34 518
35 73 247
73 35 247
35 58 524
58 35 524
36 59 234
59 36 234
37 51 990
51 37 990
38 47 585
47 38 585
38 47 756
47 38 756
38 64 230
64 38 230
38 48 638
48 38 638
38 43 681
43 38 681
39 64 806
64 39 806
39 61 448
61 39 448
40 72 959
72 40 959
40 66 517
66 40 517
41 78 937
78 41 937
42 61 874
61 42 874
43 62 272
62 43 272
44 76 351
76 44 351
45 74 142
74 45 142
46 75 363
75 46 363
46 47 207
47 46 207
47 48 734
48 47 734
47 73 54
73 47 54
48 68 328
68 48 328
48 60 118
60 48 118
49 65 183
65 49 183
51 75 20
75 51 20
51 59 658
59 51 658
52 62 770
62 52 770
52 71 503
71 52 503
52 73 503
73 52 503
53 55 953
55 53 953
53 73 817
73 53 817
54 61 251
61 54 251
54 65 222
65 54 222
56 59 77
59 56 77
58 72 552
72 58 552
60 70 94
70 60 94
60 77 215
77 60 215
61 63 373
63 61 373
61 65 958
65 61 958
63 65 336
65 63 336
63 66 664
66 63 664
64 72 628
72 64 628
66 71 280
71 66 280
