21

0 1 675
1 0 675
0 3 387
3 0 387
0 9 129
9 0 129
1 2 683
2 1 683
1 4 963
4 1 963
2 6 107
6 2 107
2 8 684
8 2 684
2 13 87
13 2 87
2 8 236
8 2 236
3 5 160
5 3 160
3 7 763
7 3 763
3 11 402
11 3 402
4 19 590
19 4 590
5 12 710
12 5 710
5 15 904
15 5 904
5 16 87
16 5 87
6 10 762
10 6 762
7 17 240
17 7 240
9 14 374
14 9 374
10 20 852
20 10 852
13 16 832
16 13 832
15 18 790
18 15 790
