63

0 1 753
1 0 753
0 2 930
2 0 930
0 5 886
5 0 886
0 8 55
8 0 55
0 49 768
49 0 768
0 9 22
9 0 22
0 53 572
53 0 572
0 39 460
39 0 460
1 3 149
3 1 149
1 6 695
6 1 695
1 33 150
33 1 150
1 2 320
2 1 320
2 4 995
4 2 995
2 12 128
12 2 128
2 44 511
44 2 511
2 55 138
55 2 138
2 45 134
45 2 134
3 7 914
7 3 914
3 14 946
14 3 946
3 54 815
54 3 815
3 40 260
40 3 260
3 59 825
59 3 825
3 62 684
62 3 684
4 9 30
9 4 30
4 10 588
10 4 588
4 22 664
22 4 664
4 32 630
32 4 630
4 42 570
42 4 570
4 59 628
59 4 628
5 11 716
11 5 716
5 17 808
17 5 808
5 18 86
18 5 86
5 23 29
23 5 29
5 52 316
52 5 316
5 15 153
15 5 153
5 42 604
42 5 604
6 16 628
16 6 628
6 19 869
19 6 869
6 24 498
24 6 498
6 51 91
51 6 91
6 58 433
58 6 433
6 20 729
20 6 729
6 57 169
57 6 169
7 13 661
13 7 661
7 25 439
25 7 439
7 37 845
37 7 845
7 43 110
43 7 110
7 48 204
48 7 204
7 50 636
50 7 636
7 28 943
28 7 943
8 15 916
15 8 916
8 52 540
52 8 540
9 50 22
50 9 22
9 52 457
52 9 457
9 16 790
16 9 790
9 16 159
16 9 159
9 52 240
52 9 240
9 61 445
61 9 445
10 14 360
14 10 360
10 56 276
56 10 276
10 10 120
10 10 120
10 36 602
36 10 602
11 29 454
29 11 454
11 31 785
31 11 785
11 33 269
33 11 269
11 33 274
33 11 274
11 35 789
35 11 789
12 45 416
45 12 416
12 59 337
59 12 337
12 23 607
23 12 607
12 37 362
37 12 362
13 47 250
47 13 250
13 52 722
52 13 722
13 35 893
35 13 893
13 45 795
45 13 795
14 27 886
27 14 886
14 48 747
48 14 747
15 28 157
28 15 157
15 58 532
58 15 532
15 32 455
32 15 455
15 35 373
35 15 373
15 34 850
34 15 850
15 32 878
32 15 878
16 21 773
21 16 773
16 22 251
22 16 251
16 17 390
17 16 390
16 31 515
31 16 515
16 59 934
59 16 934
17 47 921
47 17 921
18 20 786
20 18 786
18 41 137
41 18 137
18 32 303
32 18 303
19 60 163
60 19 163
19 39 374
39 19 374
20 54 627
54 20 627
20 62 506
62 20 506
20 40 708
40 20 708
21 26 372
26 21 372
21 53 365
53 21 365
21 51 104
51 21 104
21 25 651
25 21 651
21 39 255
39 21 255
22 27 387
27 22 387
22 30 21
30 22 21
23 48 198
48 23 198
24 39 914
39 24 914
25 30 340
30 25 340
25 43 301
43 25 301
26 35 248
35 26 248
26 36 743
36 26 743
26 27 890
27 26 890
26 46 148
46 26 148
26 27 110
27 26 110
26 61 668
61 26 668
27 34 435
34 27 435
27 43 214
43 27 214
27 58 609
58 27 609
28 57 295
57 28 295
28 48 661
48 28 661
29 43 647
43 29 647
29 48 352
48 29 352
30 31 336
31 30 336
30 58 823
58 30 823
33 56 494
56 33 494
33 55 72
55 33 72
34 52 298
52 34 298
34 39 840
39 34 840
36 38 234
38 36 234
36 42 648
42 36 648
37 40 930
40 37 930
37 55 186
55 37 186
38 43 437
43 38 437
38 41 405
41 38 405
38 61 75
61 38 75
39 62 243
62 39 243
39 41 162
41 39 162
40 42 534
42 40 534
41 58 52
58 41 52
41 50 791
50 41 791
43 44 627
44 43 627
44 46 811
46 44 811
47 48 231
48 47 231
49 55 372
55 49 372
51 53 197
53 51 197
51 56 496
56 51 496
51 56 566
56 51 566
52 53 50
53 52 50
53 61 468
61 53 468
54 57 498
57 54 498
56 62 220
62 56 220
57 58 460
58 57 460
