100

0 1 286
1 0 286
0 6 162
6 0 162
0 16 897
16 0 897
0 34 721
34 0 721
1 2 948
2 1 948
1 4 17
4 1 17
1 5 754
5 1 754
1 7 758
7 1 758
1 10 206
10 1 206
1 82 655
82 1 655
1 37 966
37 1 966
2 3 770
3 2 770
2 70 147
70 2 147
2 84 852
84 2 852
2 69 866
69 2 866
2 75 77
75 2 77
3 25 463
25 3 463
3 62 124
62 3 124
3 85 2
85 3 2
3 43 168
43 3 168
3 48 616
48 3 616
3 51 529
51 3 529
4 21 906
21 4 906
4 73 722
73 4 722
4 75 120
75 4 120
5 26 777
26 5 777
5 78 690
78 5 690
6 8 170
8 6 170
6 12 381
12 6 381
6 27 286
27 6 286
6 83 559
83 6 559
6 70 663
70 6 663
7 9 935
9 7 935
7 11 567
11 7 567
8 13 477
13 8 477
8 15 28
15 8 28
8 37 389
37 8 389
8 8 791
8 8 791
9 14 402
14 9 402
9 90 482
90 9 482
10 52 963
52 10 963
11 88 609
88 11 609
11 85 399
85 11 399
11 28 78
28 11 78
12 51 972
51 12 972
13 31 539
31 13 539
13 52 201
52 13 201
13 15 474
15 13 474
14 30 26
30 14 26
14 46 353
46 14 353
14 49 585
49 14 585
14 81 885
81 14 885
15 20 390
20 15 390
15 41 723
41 15 723
15 64 72
64 15 72
15 33 602
33 15 602
16 17 301
17 16 301
16 22 831
22 16 831
17 18 936
18 17 936
17 19 896
19 17 896
17 38 321
38 17 321
17 66 69
66 17 69
17 87 496
87 17 496
17 61 753
61 17 753
17 58 747
58 17 747
17 50 113
50 17 113
18 92 323
92 18 323
18 88 86
88 18 86
18 43 78
43 18 78
18 66 243
66 18 243
18 51 933
51 18 933
19 23 465
23 19 465
19 29 782
29 19 782
19 36 757
36 19 757
20 53 939
53 20 939
20 76 883
76 20 883
21 24 719
24 21 719
21 39 240
39 21 240
21 59 812
59 21 812
21 84 125
84 21 125
21 65 318
65 21 318
22 35 829
35 22 829
22 43 549
43 22 549
22 50 104
50 22 104
22 72 142
72 22 142
22 90 604
90 22 604
23 87 418
87 23 418
23 84 960
84 23 960
24 60 332
60 24 332
25 40 344
40 25 344
25 79 819
79 25 819
25 76 144
76 25 144
25 69 68
69 25 68
25 76 268
76 25 268
26 28 35
28 26 35
26 57 976
57 26 976
26 89 136
89 26 136
26 86 163
86 26 163
27 33 528
33 27 528
27 45 88
45 27 88
27 79 438
79 27 438
29 74 352
74 29 352
30 65 707
65 30 707
30 71 386
71 30 386
30 49 216
49 30 216
30 75 938
75 30 938
31 32 858
32 31 858
31 67 98
67 31 98
31 99 264
99 31 264
32 79 492
79 32 492
32 79 501
79 32 501
33 37 196
37 33 196
33 42 83
42 33 83
33 44 970
44 33 970
33 64 323
64 33 323
34 98 289
98 34 289
34 42 1
42 34 1
35 55 580
55 35 580
36 89 929
89 36 929
36 70 176
70 36 176
37 75 433
75 37 433
38 72 243
72 38 243
38 39 48
39 38 48
39 67 735
67 39 735
40 56 513
56 40 513
40 90 104
90 40 104
40 44 832
44 40 832
41 48 770
48 41 770
41 70 967
70 41 967
42 78 375
78 42 375
42 98 168
98 42 168
42 44 114
44 42 114
43 47 462
47 43 462
43 60 55
60 43 55
43 92 52
92 43 52
44 93 501
93 44 501
46 54 760
54 46 760
46 56 683
56 46 683
47 91 659
91 47 659
47 93 388
93 47 388
47 97 826
97 47 826
49 98 210
98 49 210
50 77 612
77 50 612
50 94 497
94 50 497
51 85 335
85 51 335
51 88 941
88 51 941
51 71 831
71 51 831
51 56 736
56 51 736
52 58 184
58 52 184
53 63 888
63 53 888
54 77 173
77 54 173
56 82 191
82 56 191
57 93 85
93 57 85
58 80 618
80 58 618
60 61 48
61 60 48
60 95 222
95 60 222
61 78 182
78 61 182
62 70 24
70 62 24
63 68 671
68 63 671
63 72 958
72 63 958
64 69 350
69 64 350
64 96 924
96 64 924
65 86 319
86 65 319
65 93 900
93 65 900
67 69 457
69 67 457
68 88 645
88 68 645
68 76 423
76 68 423
68 90 543
90 68 543
69 92 350
92 69 350
70 74 378
74 70 378
70 74 664
74 70 664
70 94 379
94 70 379
73 80 353
80 73 353
77 79 326
79 77 326
77 89 384
89 77 384
85 89 155
89 85 155
88 90 228
90 88 228
89 94 761
94 89 761
91 98 795
98 91 795
