64

0 1 867
1 0 867
0 2 136
2 0 136
0 3 390
3 0 390
0 4 188
4 0 188
0 19 226
19 0 226
0 24 358
24 0 358
1 17 137
17 1 137
1 34 702
34 1 702
1 56 82
56 1 82
2 5 178
5 2 178
2 6 740
6 2 740
2 10 887
10 2 887
2 33 467
33 2 467
3 8 317
8 3 317
3 31 641
31 3 641
3 41 248
41 3 248
4 9 756
9 4 756
4 13 627
13 4 627
4 23 281
23 4 281
4 55 421
55 4 421
4 42 186
42 4 186
4 27 446
27 4 446
5 24 867
24 5 867
6 7 373
7 6 373
6 36 195
36 6 195
6 39 445
39 6 445
6 49 464
49 6 464
7 11 571
11 7 571
7 20 583
20 7 583
7 26 553
26 7 553
7 44 929
44 7 929
8 45 416
45 8 416
9 16 244
16 9 244
9 21 771
21 9 771
9 45 724
45 9 724
10 30 819
30 10 819
11 12 697
12 11 697
11 47 260
47 11 260
11 36 359
36 11 359
12 18 216
18 12 216
12 45 413
45 12 413
12 43 221
43 12 221
12 45 56
45 12 56
12 35 546
35 12 546
13 14 787
14 13 787
14 15 94
15 14 94
14 22 849
22 14 849
14 29 382
29 14 382
14 50 38
50 14 38
15 42 334
42 15 334
15 52 822
52 15 822
17 21 467
21 17 467
17 58 7
58 17 7
17 47 3
47 17 3
17 49 34
49 17 34
18 43 763
43 18 763
18 62 895
62 18 895
19 25 167
25 19 167
19 35 315
35 19 315
19 37 479
37 19 479
20 32 558
32 20 558
20 40 5
40 20 5
20 38 517
38 20 517
21 46 508
46 21 508
21 55 929
55 21 929
22 38 613
38 22 613
25 27 92
27 25 92
25 28 610
28 25 610
26 38 924
38 26 924
26 52 662
52 26 662
27 48 439
48 27 439
28 33 509
33 28 509
28 40 468
40 28 468
28 54 285
54 28 285
28 54 902
54 28 902
30 61 303
61 30 303
32 60 546
60 32 546
33 37 80
37 33 80
34 60 609
60 34 609
37 41 870
41 37 870
41 44 762
44 41 762
43 51 907
51 43 907
44 59 717
59 44 717
44 51 759
51 44 759
45 60 4
60 45 4
46 48 248
48 46 248
49 57 305
57 49 305
51 54 554
54 51 554
52 53 462
53 52 462
58 63 388
63 58 388
60 62 253
62 60 253
