90

0 1 19
1 0 19
0 2 450
2 0 450
0 5 444
5 0 444
0 17 364
17 0 364
0 22 333
22 0 333
0 39 938
39 0 938
0 64 739
64 0 739
0 59 646
59 0 646
0 76 69
76 0 69
0 61 297
61 0 297
0 88 789
88 0 789
0 47 327
47 0 327
0 56 398
56 0 398
1 4 767
4 1 767
1 6 897
6 1 897
1 7 36
7 1 36
1 26 765
26 1 765
1 46 997
46 1 997
1 53 457
53 1 457
1 81 833
81 1 833
1 8 939
8 1 939
1 61 251
61 1 251
2 3 936
3 2 936
2 10 988
10 2 988
2 31 59
31 2 59
2 42 73
42 2 73
2 54 621
54 2 621
2 87 424
87 2 424
2 30 605
30 2 605
3 32 444
32 3 444
3 70 222
70 3 222
3 86 415
86 3 415
3 88 507
88 3 507
3 38 718
38 3 718
3 74 410
74 3 410
3 46 430
46 3 430
3 65 815
65 3 815
4 36 801
36 4 801
4 81 231
81 4 231
4 31 804
31 4 804
4 34 808
34 4 808
5 8 816
8 5 816
5 12 393
12 5 393
5 59 816
59 5 816
5 82 954
82 5 954
5 47 850
47 5 850
6 55 534
55 6 534
6 88 395
88 6 395
6 89 801
89 6 801
6 49 836
49 6 836
7 11 27
11 7 27
7 16 154
16 7 154
7 20 125
20 7 125
7 33 262
33 7 262
7 43 287
43 7 287
7 53 268
53 7 268
7 77 23
77 7 23
7 24 540
24 7 540
7 69 586
69 7 586
7 85 204
85 7 204
7 82 171
82 7 171
7 75 715
75 7 715
7 64 843
64 7 843
8 9 547
9 8 547
8 75 747
75 8 747
8 66 175
66 8 175
8 87 222
87 8 222
8 70 428
70 8 428
8 65 433
65 8 433
9 80 581
80 9 581
9 51 104
51 9 104
9 71 792
71 9 792
9 22 853
22 9 853
9 38 214
38 9 214
9 68 476
68 9 476
9 36 307
36 9 307
9 19 744
19 9 744
9 32 113
32 9 113
10 13 988
13 10 988
10 14 364
14 10 364
10 50 48
50 10 48
10 29 173
29 10 173
10 36 487
36 10 487
10 74 84
74 10 84
11 41 816
41 11 816
11 45 467
45 11 467
11 73 958
73 11 958
11 62 104
62 11 104
12 15 783
15 12 783
12 21 998
21 12 998
12 35 400
35 12 400
12 87 747
87 12 747
13 29 92
29 13 92
13 38 116
38 13 116
14 18 93
18 14 93
14 44 473
44 14 473
14 89 587
89 14 587
14 18 532
18 14 532
15 19 488
19 15 488
15 25 128
25 15 128
15 60 854
60 15 854
15 33 27
33 15 27
16 30 523
30 16 523
16 35 873
35 16 873
16 40 1000
40 16 1000
16 52 422
52 16 422
16 61 605
61 16 605
16 72 781
72 16 781
16 50 476
50 16 476
16 54 222
54 16 222
17 22 41
22 17 41
17 68 857
68 17 857
17 71 160
71 17 160
18 71 585
71 18 585
19 23 700
23 19 700
19 27 201
27 19 201
19 63 993
63 19 993
19 36 901
36 19 901
19 87 990
87 19 990
19 73 524
73 19 524
20 34 395
34 20 395
20 64 220
64 20 220
20 85 919
85 20 919
20 34 815
34 20 815
20 82 371
82 20 371
20 60 819
60 20 819
20 38 870
38 20 870
20 40 150
40 20 150
21 24 879
24 21 879
21 23 205
23 21 205
21 42 646
42 21 646
21 59 752
59 21 752
21 71 358
71 21 358
21 80 192
80 21 192
21 22 266
22 21 266
22 87 143
87 22 143
22 25 548
25 22 548
22 60 781
60 22 781
22 65 998
65 22 998
22 67 378
67 22 378
22 62 365
62 22 365
23 62 414
62 23 414
23 37 252
37 23 252
24 38 285
38 24 285
24 26 430
26 24 430
24 26 459
26 24 459
24 45 813
45 24 813
24 41 910
41 24 910
25 28 417
28 25 417
25 37 841
37 25 841
26 37 17
37 26 17
26 50 644
50 26 644
26 74 662
74 26 662
26 38 841
38 26 841
26 28 895
28 26 895
26 29 35
29 26 35
27 74 755
74 27 755
27 36 163
36 27 163
27 38 361
38 27 361
27 54 356
54 27 356
28 48 116
48 28 116
28 58 628
58 28 628
28 53 383
53 28 383
28 37 6
37 28 6
29 88 601
88 29 601
29 39 419
39 29 419
29 88 281
88 29 281
30 37 439
37 30 439
31 57 78
57 31 78
31 75 871
75 31 871
31 38 203
38 31 203
31 50 736
50 31 736
32 63 86
63 32 86
33 75 106
75 33 106
33 84 618
84 33 618
33 58 643
58 33 643
33 57 308
57 33 308
33 41 187
41 33 187
33 63 259
63 33 259
34 89 978
89 34 978
34 72 887
72 34 887
34 56 963
56 34 963
35 43 128
43 35 128
35 73 674
73 35 674
36 42 642
42 36 642
36 80 756
80 36 756
36 75 351
75 36 351
37 49 563
49 37 563
37 58 501
58 37 501
37 80 420
80 37 420
37 76 546
76 37 546
37 44 343
44 37 343
37 71 402
71 37 402
37 37 770
37 37 770
38 63 728
63 38 728
38 81 801
81 38 801
38 61 234
61 38 234
38 41 95
41 38 95
38 84 901
84 38 901
38 47 994
47 38 994
39 59 620
59 39 620
39 46 641
46 39 641
39 46 531
46 39 531
40 56 725
56 40 725
40 73 985
73 40 985
40 46 768
46 40 768
40 84 853
84 40 853
41 47 497
47 41 497
41 56 882
56 41 882
42 82 140
82 42 140
42 57 940
57 42 940
42 84 174
84 42 174
42 47 812
47 42 812
43 61 999
61 43 999
43 68 704
68 43 704
43 80 628
80 43 628
44 54 798
54 44 798
44 46 28
46 44 28
44 74 148
74 44 148
45 51 661
51 45 661
45 54 443
54 45 443
45 56 837
56 45 837
46 65 590
65 46 590
46 71 177
71 46 177
47 49 815
49 47 815
47 83 603
83 47 603
47 71 244
71 47 244
47 62 535
62 47 535
47 84 785
84 47 785
48 59 892
59 48 892
48 53 538
53 48 538
48 83 61
83 48 61
49 67 731
67 49 731
49 53 114
53 49 114
49 85 564
85 49 564
50 77 462
77 50 462
50 74 379
74 50 379
50 66 306
66 50 306
51 66 769
66 51 769
51 80 847
80 51 847
52 77 198
77 52 198
53 62 880
62 53 880
53 63 246
63 53 246
54 74 835
74 54 835
56 66 209
66 56 209
57 76 805
76 57 805
58 87 924
87 58 924
59 65 685
65 59 685
59 68 74
68 59 74
59 61 633
61 59 633
59 84 643
84 59 643
59 72 730
72 59 730
60 74 338
74 60 338
61 62 488
62 61 488
61 76 418
76 61 418
61 69 469
69 61 469
62 79 181
79 62 181
62 80 919
80 62 919
62 78 18
78 62 18
62 82 117
82 62 117
64 78 62
78 64 62
64 78 303
78 64 303
65 78 912
78 65 912
65 67 178
67 65 178
65 80 614
80 65 614
67 80 444
80 67 444
67 84 229
84 67 229
68 69 721
69 68 721
68 83 240
83 68 240
71 77 580
77 71 580
71 75 922
75 71 922
72 74 194
74 72 194
72 80 912
80 72 912
72 77 911
77 72 911
73 85 332
85 73 332
74 77 555
77 74 555
75 80 893
80 75 893
78 87 11
87 78 11
81 83 288
83 81 288
82 85 429
85 82 429
85 89 686
89 85 686
