89

0 1 900
1 0 900
0 2 275
2 0 275
0 3 346
3 0 346
0 6 636
6 0 636
0 12 719
12 0 719
0 15 355
15 0 355
0 18 176
18 0 176
0 20 56
20 0 56
0 42 635
42 0 635
0 29 329
29 0 329
0 84 559
84 0 559
0 35 174
35 0 174
0 28 611
28 0 611
0 83 590
83 0 590
0 26 637
26 0 637
0 73 191
73 0 191
0 28 8
28 0 8
0 23 940
23 0 940
0 37 997
37 0 997
0 41 243
41 0 243
0 58 458
58 0 458
0 45 540
45 0 540
0 9 643
9 0 643
1 4 548
4 1 548
1 8 786
8 1 786
1 44 621
44 1 621
1 53 161
53 1 161
1 48 530
48 1 530
1 78 461
78 1 461
1 8 749
8 1 749
1 80 662
80 1 662
1 10 526
10 1 526
1 56 722
56 1 722
1 82 954
82 1 954
1 78 724
78 1 724
1 6 927
6 1 927
1 60 42
60 1 42
1 68 601
68 1 601
1 16 989
16 1 989
1 47 619
47 1 619
1 67 940
67 1 940
1 22 279
22 1 279
1 14 416
14 1 416
1 3 3
3 1 3
1 23 604
23 1 604
1 52 499
52 1 499
1 28 957
28 1 957
1 64 347
64 1 347
1 25 282
25 1 282
2 7 60
7 2 60
2 16 824
16 2 824
2 77 959
77 2 959
2 78 568
78 2 568
2 36 299
36 2 299
2 11 432
11 2 432
2 26 428
26 2 428
2 6 659
6 2 659
2 50 850
50 2 850
2 64 671
64 2 671
2 32 525
32 2 525
2 23 590
23 2 590
2 88 418
88 2 418
2 27 770
27 2 770
3 5 987
5 3 987
3 75 798
75 3 798
3 86 874
86 3 874
3 14 336
14 3 336
3 39 538
39 3 538
3 70 257
70 3 257
3 59 114
59 3 114
3 72 534
72 3 534
3 80 738
80 3 738
3 74 712
74 3 712
3 27 742
27 3 742
3 29 958
29 3 958
3 4 50
4 3 50
3 61 468
61 3 468
3 11 197
11 3 197
3 60 364
60 3 364
3 24 86
24 3 86
3 39 110
39 3 110
3 44 530
44 3 530
3 77 108
77 3 108
4 60 969
60 4 969
4 21 381
21 4 381
4 54 174
54 4 174
4 27 361
27 4 361
4 70 180
70 4 180
4 34 240
34 4 240
4 56 343
56 4 343
4 61 745
61 4 745
4 28 439
28 4 439
4 29 56
29 4 56
4 64 891
64 4 891
4 84 547
84 4 547
4 62 412
62 4 412
4 87 18
87 4 18
4 30 701
30 4 701
4 78 817
78 4 817
5 9 844
9 5 844
5 11 725
11 5 725
5 23 650
23 5 650
5 68 942
68 5 942
5 67 463
67 5 463
5 14 623
14 5 623
5 68 396
68 5 396
5 28 493
28 5 493
5 52 199
52 5 199
5 29 415
29 5 415
5 32 826
32 5 826
5 76 291
76 5 291
5 64 825
64 5 825
5 81 466
81 5 466
5 7 799
7 5 799
5 17 634
17 5 634
6 26 247
26 6 247
6 33 441
33 6 441
6 36 876
36 6 876
6 49 293
49 6 293
6 88 562
88 6 562
6 14 790
14 6 790
6 35 415
35 6 415
6 69 568
69 6 568
6 88 422
88 6 422
6 53 946
53 6 946
6 35 348
35 6 348
6 63 169
63 6 169
6 86 197
86 6 197
6 40 452
40 6 452
6 42 468
42 6 468
6 58 755
58 6 755
6 59 640
59 6 640
6 19 128
19 6 128
7 10 3
10 7 3
7 72 340
72 7 340
7 81 465
81 7 465
7 33 184
33 7 184
7 67 956
67 7 956
7 57 6
57 7 6
7 64 465
64 7 465
7 85 175
85 7 175
7 39 243
39 7 243
7 41 616
41 7 616
7 32 443
32 7 443
7 84 605
84 7 605
7 19 813
19 7 813
8 19 557
19 8 557
8 35 989
35 8 989
8 39 466
39 8 466
8 66 727
66 8 727
8 51 717
51 8 717
8 88 975
88 8 975
8 62 630
62 8 630
8 82 68
82 8 68
8 84 542
84 8 542
8 87 770
87 8 770
8 20 300
20 8 300
8 71 262
71 8 262
8 25 433
25 8 433
8 15 3
15 8 3
8 18 527
18 8 527
8 64 493
64 8 493
8 11 793
11 8 793
9 14 992
14 9 992
9 70 181
70 9 181
9 20 321
20 9 321
9 30 20
30 9 20
9 82 93
82 9 93
9 75 299
75 9 299
9 85 989
85 9 989
9 20 408
20 9 408
9 43 777
43 9 777
9 57 33
57 9 33
9 50 65
50 9 65
9 32 803
32 9 803
9 25 589
25 9 589
9 68 418
68 9 418
9 37 96
37 9 96
9 38 863
38 9 863
10 54 75
54 10 75
10 80 399
80 10 399
10 33 205
33 10 205
10 27 137
27 10 137
10 78 891
78 10 891
10 79 774
79 10 774
10 28 803
28 10 803
10 36 393
36 10 393
10 45 75
45 10 75
10 59 562
59 10 562
10 24 157
24 10 157
10 64 145
64 10 145
10 66 559
66 10 559
10 50 564
50 10 564
10 42 801
42 10 801
11 13 282
13 11 282
11 32 336
32 11 336
11 65 384
65 11 384
11 82 851
82 11 851
11 69 891
69 11 891
11 43 846
43 11 846
11 78 747
78 11 747
11 45 597
45 11 597
11 21 304
21 11 304
11 29 7
29 11 7
11 39 670
39 11 670
11 87 277
87 11 277
11 52 699
52 11 699
11 45 826
45 11 826
11 29 643
29 11 643
11 16 783
16 11 783
11 21 175
21 11 175
11 48 372
48 11 372
12 83 262
83 12 262
12 45 807
45 12 807
12 88 911
88 12 911
12 15 777
15 12 777
12 81 908
81 12 908
12 67 709
67 12 709
12 16 228
16 12 228
12 71 962
71 12 962
12 45 742
45 12 742
12 86 343
86 12 343
12 56 44
56 12 44
13 21 321
21 13 321
13 47 867
47 13 867
13 51 386
51 13 386
13 58 884
58 13 884
13 15 863
15 13 863
13 68 259
68 13 259
13 54 688
54 13 688
13 66 479
66 13 479
13 15 404
15 13 404
13 58 230
58 13 230
13 24 682
24 13 682
13 26 846
26 13 846
13 39 170
39 13 170
13 41 590
41 13 590
13 52 730
52 13 730
13 51 373
51 13 373
14 17 65
17 14 65
14 24 891
24 14 891
14 38 626
38 14 626
14 71 544
71 14 544
14 64 940
64 14 940
14 28 754
28 14 754
14 17 299
17 14 299
14 27 204
27 14 204
14 70 475
70 14 475
14 40 694
40 14 694
14 44 935
44 14 935
14 43 940
43 14 940
14 56 423
56 14 423
15 22 422
22 15 422
15 33 695
33 15 695
15 77 507
77 15 507
15 68 419
68 15 419
15 79 869
79 15 869
15 66 320
66 15 320
15 50 614
50 15 614
15 74 16
74 15 16
15 60 325
60 15 325
15 18 991
18 15 991
15 23 143
23 15 143
15 39 688
39 15 688
15 60 479
60 15 479
15 56 539
56 15 539
15 64 480
64 15 480
15 50 753
50 15 753
15 33 182
33 15 182
15 54 213
54 15 213
15 16 979
16 15 979
15 54 839
54 15 839
15 31 484
31 15 484
16 72 923
72 16 923
16 72 157
72 16 157
16 46 794
46 16 794
16 65 599
65 16 599
16 43 617
43 16 617
16 69 839
69 16 839
16 22 348
22 16 348
16 73 378
73 16 378
16 58 415
58 16 415
16 42 293
42 16 293
16 49 178
49 16 178
16 61 353
61 16 353
16 58 342
58 16 342
16 46 586
46 16 586
16 40 28
40 16 28
16 55 445
55 16 445
16 77 910
77 16 910
16 81 752
81 16 752
17 62 651
62 17 651
17 45 400
45 17 400
17 51 758
51 17 758
17 36 522
36 17 522
17 81 510
81 17 510
17 48 61
48 17 61
17 29 540
29 17 540
17 46 610
46 17 610
17 78 56
78 17 56
17 20 616
20 17 616
17 63 109
63 17 109
17 68 501
68 17 501
17 71 715
71 17 715
18 34 753
34 18 753
18 25 722
25 18 722
18 36 368
36 18 368
18 60 580
60 18 580
18 50 835
50 18 835
18 27 226
27 18 226
18 27 633
27 18 633
18 59 605
59 18 605
18 54 558
54 18 558
18 46 900
46 18 900
18 62 44
62 18 44
18 83 500
83 18 500
18 25 769
25 18 769
19 85 447
85 19 447
19 85 397
85 19 397
19 47 712
47 19 712
19 61 444
61 19 444
19 72 919
72 19 919
19 75 466
75 19 466
19 27 992
27 19 992
19 75 474
75 19 474
19 86 245
86 19 245
19 79 408
79 19 408
19 86 840
86 19 840
19 46 757
46 19 757
19 33 308
33 19 308
19 60 86
60 19 86
19 28 935
28 19 935
19 55 244
55 19 244
20 29 248
29 20 248
20 78 860
78 20 860
20 51 165
51 20 165
20 48 120
48 20 120
20 49 612
49 20 612
20 37 135
37 20 135
20 78 800
78 20 800
20 32 274
32 20 274
20 53 94
53 20 94
20 71 324
71 20 324
20 74 429
74 20 429
20 58 244
58 20 244
21 25 353
25 21 353
21 42 74
42 21 74
21 53 764
53 21 764
21 54 276
54 21 276
21 65 710
65 21 710
21 85 683
85 21 683
21 32 788
32 21 788
21 52 350
52 21 350
21 54 937
54 21 937
21 73 967
73 21 967
21 51 385
51 21 385
21 43 825
43 21 825
21 62 298
62 21 298
21 59 922
59 21 922
21 58 615
58 21 615
22 41 19
41 22 19
22 40 292
40 22 292
22 73 371
73 22 371
22 23 499
23 22 499
22 70 623
70 22 623
22 45 839
45 22 839
22 64 779
64 22 779
22 75 441
75 22 441
22 78 213
78 22 213
22 88 928
88 22 928
22 38 87
38 22 87
23 31 135
31 23 135
23 50 232
50 23 232
23 74 659
74 23 659
23 30 965
30 23 965
23 88 403
88 23 403
23 65 558
65 23 558
23 84 280
84 23 280
23 71 874
71 23 874
23 57 896
57 23 896
23 56 639
56 23 639
23 44 112
44 23 112
23 39 706
39 23 706
23 52 659
52 23 659
23 78 912
78 23 912
23 67 800
67 23 800
23 67 785
67 23 785
23 71 532
71 23 532
23 81 75
81 23 75
24 27 548
27 24 548
24 85 980
85 24 980
24 35 10
35 24 10
24 77 433
77 24 433
24 51 697
51 24 697
24 72 848
72 24 848
24 47 614
47 24 614
24 40 224
40 24 224
24 61 119
61 24 119
24 68 284
68 24 284
24 35 757
35 24 757
24 28 486
28 24 486
24 70 723
70 24 723
25 28 146
28 25 146
25 30 59
30 25 59
25 39 22
39 25 22
25 61 115
61 25 115
25 77 280
77 25 280
25 55 699
55 25 699
25 57 71
57 25 71
25 33 369
33 25 369
25 69 347
69 25 347
26 45 21
45 26 21
26 69 620
69 26 620
26 72 399
72 26 399
26 32 58
32 26 58
26 40 241
40 26 241
26 46 533
46 26 533
26 80 195
80 26 195
26 36 637
36 26 637
26 52 262
52 26 262
26 69 818
69 26 818
26 65 838
65 26 838
26 39 448
39 26 448
26 81 891
81 26 891
26 82 29
82 26 29
27 65 258
65 27 258
27 73 75
73 27 75
27 70 621
70 27 621
27 65 190
65 27 190
27 32 969
32 27 969
27 48 216
48 27 216
27 33 558
33 27 558
27 40 523
40 27 523
27 61 25
61 27 25
27 54 635
54 27 635
28 80 592
80 28 592
28 60 712
60 28 712
28 63 221
63 28 221
28 82 80
82 28 80
28 87 338
87 28 338
28 78 436
78 28 436
28 83 613
83 28 613
28 66 135
66 28 135
28 79 695
79 28 695
28 81 859
81 28 859
29 44 962
44 29 962
29 35 303
35 29 303
29 64 475
64 29 475
29 81 511
81 29 511
29 77 101
77 29 101
29 36 326
36 29 326
29 70 807
70 29 807
29 33 21
33 29 21
29 39 828
39 29 828
30 37 186
37 30 186
30 40 299
40 30 299
30 49 985
49 30 985
30 78 385
78 30 385
30 83 93
83 30 93
30 87 820
87 30 820
30 80 421
80 30 421
30 55 409
55 30 409
30 68 848
68 30 848
30 66 582
66 30 582
30 51 242
51 30 242
30 69 707
69 30 707
30 42 702
42 30 702
31 59 665
59 31 665
31 41 367
41 31 367
31 83 742
83 31 742
31 33 903
33 31 903
31 81 249
81 31 249
31 66 208
66 31 208
31 60 887
60 31 887
31 39 154
39 31 154
31 62 558
62 31 558
31 40 995
40 31 995
32 75 728
75 32 728
32 36 163
36 32 163
32 38 73
38 32 73
32 73 590
73 32 590
32 78 763
78 32 763
33 46 596
46 33 596
33 73 793
73 33 793
33 55 124
55 33 124
33 86 198
86 33 198
33 71 879
71 33 879
33 68 547
68 33 547
33 40 655
40 33 655
33 52 94
52 33 94
33 59 796
59 33 796
33 51 920
51 33 920
33 51 298
51 33 298
33 53 614
53 33 614
33 65 369
65 33 369
34 50 940
50 34 940
34 35 647
35 34 647
34 76 905
76 34 905
34 50 510
50 34 510
34 75 247
75 34 247
34 88 832
88 34 832
34 88 954
88 34 954
34 37 97
37 34 97
34 78 898
78 34 898
34 50 603
50 34 603
34 36 368
36 34 368
35 56 428
56 35 428
35 64 349
64 35 349
35 74 394
74 35 394
35 79 189
79 35 189
35 56 305
56 35 305
35 44 357
44 35 357
35 87 552
87 35 552
35 65 401
65 35 401
35 44 114
44 35 114
35 45 493
45 35 493
35 86 179
86 35 179
36 57 679
57 36 679
36 50 742
50 36 742
36 70 812
70 36 812
36 43 819
43 36 819
36 41 660
41 36 660
36 80 201
80 36 201
36 44 729
44 36 729
37 55 688
55 37 688
37 48 114
48 37 114
37 49 797
49 37 797
37 82 983
82 37 983
37 73 360
73 37 360
38 43 197
43 38 197
38 48 902
48 38 902
38 55 658
55 38 658
38 80 259
80 38 259
38 65 679
65 38 679
38 85 12
85 38 12
38 40 884
40 38 884
38 59 315
59 38 315
38 43 518
43 38 518
38 53 824
53 38 824
38 73 106
73 38 106
38 83 911
83 38 911
39 64 490
64 39 490
39 76 423
76 39 423
39 65 525
65 39 525
39 45 175
45 39 175
39 56 229
56 39 229
39 81 491
81 39 491
39 78 709
78 39 709
39 69 395
69 39 395
40 41 642
41 40 642
40 50 341
50 40 341
40 57 611
57 40 611
40 60 175
60 40 175
40 82 927
82 40 927
40 86 47
86 40 47
40 80 84
80 40 84
40 85 456
85 40 456
40 78 220
78 40 220
41 68 822
68 41 822
41 47 434
47 41 434
41 71 556
71 41 556
41 71 803
71 41 803
41 84 428
84 41 428
42 84 268
84 42 268
42 78 819
78 42 819
42 78 184
78 42 184
42 79 241
79 42 241
43 57 462
57 43 462
43 55 611
55 43 611
43 61 613
61 43 613
43 78 195
78 43 195
43 48 83
48 43 83
43 48 240
48 43 240
43 71 223
71 43 223
43 59 275
59 43 275
43 63 465
63 43 465
43 71 48
71 43 48
43 56 460
56 43 460
44 64 246
64 44 246
44 68 29
68 44 29
44 87 539
87 44 539
44 49 68
49 44 68
44 66 963
66 44 963
44 55 890
55 44 890
44 48 515
48 44 515
44 55 195
55 44 195
44 50 997
50 44 997
45 59 210
59 45 210
45 65 169
65 45 169
45 78 869
78 45 869
45 61 757
61 45 757
45 75 598
75 45 598
45 46 122
46 45 122
45 66 920
66 45 920
45 76 312
76 45 312
45 88 970
88 45 970
45 81 879
81 45 879
45 77 470
77 45 470
45 85 990
85 45 990
45 74 970
74 45 970
45 62 985
62 45 985
45 54 227
54 45 227
46 52 98
52 46 98
46 81 876
81 46 876
46 83 489
83 46 489
46 81 45
81 46 45
46 82 952
82 46 952
46 57 436
57 46 436
46 79 288
79 46 288
46 84 111
84 46 111
47 48 289
48 47 289
47 81 557
81 47 557
47 77 450
77 47 450
47 56 602
56 47 602
47 47 593
47 47 593
47 53 607
53 47 607
47 65 622
65 47 622
47 68 951
68 47 951
47 56 776
56 47 776
48 82 557
82 48 557
48 54 20
54 48 20
48 82 845
82 48 845
48 59 919
59 48 919
48 85 67
85 48 67
48 63 245
63 48 245
48 51 440
51 48 440
48 62 164
62 48 164
48 53 531
53 48 531
48 72 223
72 48 223
48 68 999
68 48 999
48 83 154
83 48 154
48 76 81
76 48 81
48 49 184
49 48 184
48 84 752
84 48 752
49 67 489
67 49 489
49 53 347
53 49 347
49 73 107
73 49 107
49 74 564
74 49 564
49 87 460
87 49 460
49 86 457
86 49 457
49 52 445
52 49 445
49 88 580
88 49 580
49 76 811
76 49 811
49 80 467
80 49 467
50 63 379
63 50 379
50 53 154
53 50 154
50 86 341
86 50 341
50 54 796
54 50 796
50 85 654
85 50 654
51 72 289
72 51 289
51 64 423
64 51 423
51 77 404
77 51 404
51 70 567
70 51 567
52 55 202
55 52 202
52 78 188
78 52 188
52 76 212
76 52 212
52 59 700
59 52 700
52 59 487
59 52 487
53 83 992
83 53 992
53 56 900
56 53 900
53 54 729
54 53 729
53 82 923
82 53 923
53 75 447
75 53 447
54 66 293
66 54 293
54 60 956
60 54 956
54 86 103
86 54 103
54 88 626
88 54 626
54 85 240
85 54 240
54 63 365
63 54 365
54 77 461
77 54 461
55 67 727
67 55 727
55 81 556
81 55 556
55 57 472
57 55 472
55 82 202
82 55 202
55 81 373
81 55 373
56 74 907
74 56 907
56 80 288
80 56 288
56 75 212
75 56 212
56 88 919
88 56 919
56 69 998
69 56 998
56 65 211
65 56 211
57 67 945
67 57 945
57 87 994
87 57 994
57 73 944
73 57 944
57 70 121
70 57 121
57 58 820
58 57 820
58 86 988
86 58 988
58 63 832
63 58 832
58 61 32
61 58 32
58 63 886
63 58 886
58 64 296
64 58 296
59 74 542
74 59 542
59 61 588
61 59 588
59 79 206
79 59 206
59 79 95
79 59 95
59 64 822
64 59 822
59 67 231
67 59 231
59 60 343
60 59 343
59 70 224
70 59 224
60 78 861
78 60 861
60 66 910
66 60 910
60 75 906
75 60 906
60 64 819
64 60 819
60 69 586
69 60 586
60 72 756
72 60 756
61 77 991
77 61 991
61 66 58
66 61 58
61 69 263
69 61 263
61 67 52
67 61 52
61 75 126
75 61 126
62 71 43
71 62 43
62 73 321
73 62 321
63 65 358
65 63 358
63 70 299
70 63 299
64 64 917
64 64 917
64 76 486
76 64 486
64 74 286
74 64 286
65 67 532
67 65 532
65 74 701
74 65 701
66 71 918
71 66 918
66 70 123
70 66 123
66 75 566
75 66 566
66 71 136
71 66 136
66 79 242
79 66 242
66 85 7
85 66 7
67 85 55
85 67 55
67 68 274
68 67 274
67 73 807
73 67 807
68 72 234
72 68 234
68 87 604
87 68 604
68 73 994
73 68 994
68 82 936
82 68 936
69 77 927
77 69 927
69 83 145
83 69 145
69 70 982
70 69 982
70 87 520
87 70 520
70 86 41
86 70 41
70 87 641
87 70 641
71 72 253
72 71 253
71 82 587
82 71 587
71 83 104
83 71 104
72 79 234
79 72 234
72 88 981
88 72 981
72 84 336
84 72 336
72 84 467
84 72 467
72 82 581
82 72 581
72 87 730
87 72 730
72 76 815
76 72 815
73 76 829
76 73 829
74 79 691
79 74 691
74 88 882
88 74 882
75 87 878
87 75 878
75 76 270
76 75 270
76 81 673
81 76 673
76 83 246
83 76 246
77 88 871
88 77 871
78 88 53
88 78 53
78 79 751
79 78 751
78 84 239
84 78 239
79 83 504
83 79 504
80 88 785
88 80 785
80 81 180
81 80 180
80 84 884
84 80 884
80 86 383
86 80 383
80 87 86
87 80 86
80 83 785
83 80 785
83 83 120
83 83 120
83 85 222
85 83 222
84 88 945
88 84 945
85 87 202
87 85 202
85 88 755
88 85 755
