69

0 1 793
1 0 793
0 2 405
2 0 405
0 5 389
5 0 389
0 15 155
15 0 155
0 58 447
58 0 447
0 26 530
26 0 530
0 51 726
51 0 726
0 34 809
34 0 809
0 3 237
3 0 237
0 14 175
14 0 175
0 19 346
19 0 346
0 65 976
65 0 976
1 4 746
4 1 746
1 9 642
9 1 642
1 11 143
11 1 143
1 19 203
19 1 203
1 66 517
66 1 517
1 27 886
27 1 886
1 29 432
29 1 432
1 11 955
11 1 955
1 29 411
29 1 411
1 5 787
5 1 787
1 59 427
59 1 427
1 68 551
68 1 551
1 47 833
47 1 833
1 12 89
12 1 89
2 3 573
3 2 573
2 13 29
13 2 29
2 16 709
16 2 709
2 20 33
20 2 33
2 29 873
29 2 873
2 61 544
61 2 544
2 20 982
20 2 982
2 59 961
59 2 961
2 11 911
11 2 911
2 31 325
31 2 325
2 39 296
39 2 296
2 39 448
39 2 448
2 51 794
51 2 794
2 9 13
9 2 13
2 37 695
37 2 695
2 62 190
62 2 190
2 39 593
39 2 593
2 7 600
7 2 600
3 6 662
6 3 662
3 49 632
49 3 632
3 65 991
65 3 991
3 45 726
45 3 726
3 18 262
18 3 262
4 7 915
7 4 915
4 41 312
41 4 312
4 35 946
35 4 946
4 54 365
54 4 365
4 15 974
15 4 974
4 41 192
41 4 192
4 38 311
38 4 311
4 7 358
7 4 358
4 24 82
24 4 82
4 43 910
43 4 910
4 49 149
49 4 149
5 45 16
45 5 16
5 30 691
30 5 691
5 68 602
68 5 602
5 30 497
30 5 497
5 67 414
67 5 414
5 51 881
51 5 881
5 31 582
31 5 582
6 14 246
14 6 246
6 17 229
17 6 229
6 28 511
28 6 511
6 30 869
30 6 869
6 37 376
37 6 376
6 22 664
22 6 664
6 52 550
52 6 550
6 9 409
9 6 409
6 8 828
8 6 828
7 8 288
8 7 288
7 10 685
10 7 685
7 12 312
12 7 312
7 26 501
26 7 501
7 39 508
39 7 508
7 56 907
56 7 907
7 67 191
67 7 191
7 32 211
32 7 211
7 66 117
66 7 117
7 8 557
8 7 557
7 55 507
55 7 507
7 44 653
44 7 653
7 65 349
65 7 349
8 48 113
48 8 113
8 34 917
34 8 917
8 68 75
68 8 75
8 45 603
45 8 603
8 21 923
21 8 923
8 12 43
12 8 43
8 36 450
36 8 450
8 62 707
62 8 707
8 54 426
54 8 426
8 26 616
26 8 616
8 61 803
61 8 803
8 29 587
29 8 587
8 10 806
10 8 806
8 39 620
39 8 620
9 42 482
42 9 482
9 14 119
14 9 119
9 43 769
43 9 769
9 64 636
64 9 636
9 28 313
28 9 313
9 29 79
29 9 79
9 53 850
53 9 850
9 22 5
22 9 5
10 21 110
21 10 110
10 23 638
23 10 638
10 51 526
51 10 526
10 58 280
58 10 280
10 50 916
50 10 916
10 26 515
26 10 515
10 22 103
22 10 103
10 29 534
29 10 534
10 17 183
17 10 183
10 35 337
35 10 337
10 34 798
34 10 798
10 46 510
46 10 510
10 28 437
28 10 437
11 18 82
18 11 82
11 22 742
22 11 742
11 63 869
63 11 869
12 38 81
38 12 81
12 21 147
21 12 147
12 60 409
60 12 409
12 22 915
22 12 915
12 13 223
13 12 223
12 15 275
15 12 275
12 68 717
68 12 717
12 48 42
48 12 42
12 67 761
67 12 761
13 55 434
55 13 434
13 52 16
52 13 16
13 58 24
58 13 24
13 61 594
61 13 594
13 55 359
55 13 359
14 33 31
33 14 31
14 23 920
23 14 920
14 36 8
36 14 8
14 65 277
65 14 277
15 47 209
47 15 209
15 25 365
25 15 365
15 57 773
57 15 773
15 25 142
25 15 142
15 18 459
18 15 459
16 36 910
36 16 910
16 22 695
22 16 695
16 22 48
22 16 48
17 32 206
32 17 206
17 23 653
23 17 653
17 50 427
50 17 427
17 65 381
65 17 381
17 20 229
20 17 229
17 32 762
32 17 762
17 62 875
62 17 875
17 30 165
30 17 165
17 42 86
42 17 86
18 43 646
43 18 646
18 67 208
67 18 208
18 33 682
33 18 682
18 62 11
62 18 11
18 20 776
20 18 776
18 20 521
20 18 521
18 27 310
27 18 310
19 25 185
25 19 185
19 27 247
27 19 247
19 33 535
33 19 535
19 35 6
35 19 6
19 31 80
31 19 80
19 43 300
43 19 300
19 21 335
21 19 335
19 64 996
64 19 996
20 35 410
35 20 410
20 44 735
44 20 735
20 21 43
21 20 43
20 41 66
41 20 66
20 30 714
30 20 714
20 51 811
51 20 811
20 22 31
22 20 31
20 49 416
49 20 416
20 43 824
43 20 824
20 53 297
53 20 297
21 24 79
24 21 79
21 53 228
53 21 228
21 41 986
41 21 986
22 41 557
41 22 557
22 43 465
43 22 465
23 55 297
55 23 297
23 25 14
25 23 14
23 47 469
47 23 469
24 43 126
43 24 126
24 46 59
46 24 59
24 29 940
29 24 940
24 32 124
32 24 124
24 68 273
68 24 273
24 65 608
65 24 608
24 51 556
51 24 556
24 33 180
33 24 180
24 60 506
60 24 506
25 31 830
31 25 830
25 62 562
62 25 562
25 55 539
55 25 539
25 58 334
58 25 334
26 57 908
57 26 908
26 67 209
67 26 209
26 33 974
33 26 974
26 33 177
33 26 177
26 68 709
68 26 709
26 64 569
64 26 569
26 30 347
30 26 347
27 47 298
47 27 298
27 42 416
42 27 416
27 48 343
48 27 343
27 49 657
49 27 657
27 45 94
45 27 94
27 65 997
65 27 997
27 38 379
38 27 379
27 49 904
49 27 904
28 59 596
59 28 596
28 46 639
46 28 639
28 29 910
29 28 910
29 40 390
40 29 390
29 29 223
29 29 223
29 49 349
49 29 349
29 39 602
39 29 602
29 67 747
67 29 747
29 57 637
57 29 637
29 60 878
60 29 878
29 66 377
66 29 377
30 38 161
38 30 161
30 51 415
51 30 415
30 43 265
43 30 265
30 36 662
36 30 662
31 57 564
57 31 564
31 67 689
67 31 689
31 39 299
39 31 299
31 40 306
40 31 306
31 32 481
32 31 481
31 68 450
68 31 450
32 46 782
46 32 782
32 49 177
49 32 177
32 39 828
39 32 828
33 34 119
34 33 119
33 68 538
68 33 538
33 59 640
59 33 640
33 53 724
53 33 724
33 51 796
51 33 796
33 41 170
41 33 170
33 46 763
46 33 763
34 64 40
64 34 40
34 51 228
51 34 228
34 53 333
53 34 333
34 43 827
43 34 827
34 50 912
50 34 912
34 53 515
53 34 515
34 65 590
65 34 590
34 66 208
66 34 208
35 52 212
52 35 212
35 45 277
45 35 277
35 66 277
66 35 277
35 57 548
57 35 548
36 67 228
67 36 228
36 41 610
41 36 610
37 64 819
64 37 819
37 48 736
48 37 736
37 64 252
64 37 252
37 40 370
40 37 370
37 45 647
45 37 647
37 43 419
43 37 419
37 42 739
42 37 739
38 63 425
63 38 425
38 53 928
53 38 928
38 52 241
52 38 241
38 57 995
57 38 995
38 53 866
53 38 866
38 64 351
64 38 351
38 51 778
51 38 778
39 65 827
65 39 827
39 43 48
43 39 48
39 63 782
63 39 782
39 48 414
48 39 414
39 65 903
65 39 903
40 46 526
46 40 526
40 58 895
58 40 895
40 52 846
52 40 846
40 43 618
43 40 618
42 44 855
44 42 855
42 64 986
64 42 986
42 61 891
61 42 891
42 43 1000
43 42 1000
42 57 958
57 42 958
43 59 513
59 43 513
43 50 483
50 43 483
44 68 486
68 44 486
45 53 606
53 45 606
45 60 571
60 45 571
46 50 926
50 46 926
46 68 15
68 46 15
47 63 828
63 47 828
48 55 793
55 48 793
49 60 433
60 49 433
49 64 886
64 49 886
49 62 651
62 49 651
49 61 69
61 49 69
51 54 656
54 51 656
51 57 787
57 51 787
52 61 819
61 52 819
52 56 233
56 52 233
53 67 532
67 53 532
54 59 353
59 54 353
55 67 529
67 55 529
55 61 170
61 55 170
56 57 538
57 56 538
57 62 77
62 57 77
57 68 331
68 57 331
57 64 188
64 57 188
57 61 751
61 57 751
59 68 1000
68 59 1000
60 64 768
64 60 768
61 66 394
66 61 394
63 63 500
63 63 500
63 66 922
66 63 922
64 67 899
67 64 899
