67

0 1 25
1 0 25
0 2 979
2 0 979
0 17 322
17 0 322
0 0 839
0 0 839
0 7 738
7 0 738
0 15 942
15 0 942
0 39 978
39 0 978
0 49 853
49 0 853
0 56 438
56 0 438
0 43 404
43 0 404
0 25 785
25 0 785
0 66 870
66 0 870
0 59 140
59 0 140
0 59 834
59 0 834
0 50 349
50 0 349
0 8 539
8 0 539
0 21 873
21 0 873
0 43 74
43 0 74
1 4 225
4 1 225
1 16 203
16 1 203
1 34 142
34 1 142
1 46 936
46 1 936
1 58 958
58 1 958
1 66 564
66 1 564
1 49 876
49 1 876
1 27 954
27 1 954
1 22 588
22 1 588
1 60 991
60 1 991
1 36 995
36 1 995
1 43 912
43 1 912
2 3 58
3 2 58
2 6 591
6 2 591
2 13 829
13 2 829
2 35 134
35 2 134
2 36 425
36 2 425
2 51 355
51 2 355
2 54 899
54 2 899
2 55 47
55 2 47
2 35 605
35 2 605
2 3 264
3 2 264
2 27 227
27 2 227
2 5 619
5 2 619
2 6 874
6 2 874
2 59 765
59 2 765
2 31 28
31 2 28
2 31 817
31 2 817
2 48 744
48 2 744
3 7 555
7 3 555
3 11 590
11 3 590
3 5 982
5 3 982
3 63 364
63 3 364
3 26 977
26 3 977
3 37 497
37 3 497
3 24 127
24 3 127
3 10 253
10 3 253
3 35 714
35 3 714
3 59 5
59 3 5
3 10 586
10 3 586
3 16 756
16 3 756
3 60 21
60 3 21
3 39 253
39 3 253
3 9 424
9 3 424
3 17 674
17 3 674
3 14 970
14 3 970
4 5 147
5 4 147
4 9 647
9 4 647
4 10 549
10 4 549
4 37 448
37 4 448
4 64 871
64 4 871
4 7 234
7 4 234
4 32 654
32 4 654
4 55 29
55 4 29
4 12 372
12 4 372
4 48 159
48 4 159
4 21 642
21 4 642
4 17 978
17 4 978
4 60 305
60 4 305
4 26 968
26 4 968
4 43 620
43 4 620
5 54 348
54 5 348
5 22 366
22 5 366
5 59 541
59 5 541
5 31 827
31 5 827
5 55 547
55 5 547
5 11 36
11 5 36
5 39 892
39 5 892
6 8 70
8 6 70
6 22 381
22 6 381
6 51 675
51 6 675
6 35 427
35 6 427
6 63 48
63 6 48
6 54 839
54 6 839
6 16 899
16 6 899
6 52 332
52 6 332
6 48 597
48 6 597
6 13 936
13 6 936
6 59 99
59 6 99
6 47 13
47 6 13
6 49 627
49 6 627
6 64 865
64 6 865
6 31 552
31 6 552
7 14 344
14 7 344
7 15 416
15 7 416
7 28 908
28 7 908
7 13 517
13 7 517
7 39 97
39 7 97
7 22 982
22 7 982
7 41 893
41 7 893
7 32 21
32 7 21
7 62 690
62 7 690
7 29 641
29 7 641
7 27 265
27 7 265
7 35 695
35 7 695
7 46 228
46 7 228
7 57 354
57 7 354
7 30 370
30 7 370
8 12 279
12 8 279
8 23 360
23 8 360
8 16 271
16 8 271
8 33 444
33 8 444
8 28 520
28 8 520
8 62 564
62 8 564
8 64 375
64 8 375
8 20 619
20 8 619
8 20 82
20 8 82
8 60 402
60 8 402
8 15 530
15 8 530
8 14 918
14 8 918
8 48 931
48 8 931
8 22 114
22 8 114
8 32 154
32 8 154
8 62 509
62 8 509
8 22 195
22 8 195
9 52 74
52 9 74
9 55 435
55 9 435
9 56 711
56 9 711
9 60 890
60 9 890
9 54 236
54 9 236
9 32 4
32 9 4
9 64 522
64 9 522
9 33 672
33 9 672
9 40 297
40 9 297
9 51 642
51 9 642
9 25 64
25 9 64
9 55 624
55 9 624
9 25 661
25 9 661
10 43 923
43 10 923
10 23 74
23 10 74
10 27 568
27 10 568
10 53 841
53 10 841
10 56 957
56 10 957
10 61 207
61 10 207
10 24 255
24 10 255
10 51 933
51 10 933
10 18 716
18 10 716
10 58 922
58 10 922
10 44 63
44 10 63
10 39 453
39 10 453
10 66 748
66 10 748
10 12 755
12 10 755
10 41 597
41 10 597
10 26 593
26 10 593
10 17 642
17 10 642
11 30 476
30 11 476
11 42 629
42 11 629
11 53 9
53 11 9
11 65 286
65 11 286
11 64 748
64 11 748
11 57 602
57 11 602
11 48 717
48 11 717
11 12 58
12 11 58
11 47 220
47 11 220
11 16 858
16 11 858
11 45 720
45 11 720
12 25 124
25 12 124
12 15 384
15 12 384
12 26 451
26 12 451
12 31 397
31 12 397
12 21 882
21 12 882
12 53 844
53 12 844
12 48 376
48 12 376
12 52 370
52 12 370
13 24 749
24 13 749
13 59 648
59 13 648
13 36 997
36 13 997
13 62 323
62 13 323
13 42 337
42 13 337
13 16 809
16 13 809
13 49 174
49 13 174
13 46 464
46 13 464
13 65 730
65 13 730
13 18 811
18 13 811
13 31 970
31 13 970
13 55 21
55 13 21
14 21 245
21 14 245
14 24 288
24 14 288
14 18 533
18 14 533
14 61 92
61 14 92
14 49 606
49 14 606
14 47 361
47 14 361
14 64 972
64 14 972
14 30 146
30 14 146
14 21 37
21 14 37
14 46 724
46 14 724
14 48 913
48 14 913
14 43 350
43 14 350
14 45 509
45 14 509
15 18 509
18 15 509
15 38 864
38 15 864
15 37 553
37 15 553
15 51 893
51 15 893
15 66 389
66 15 389
15 46 979
46 15 979
15 65 414
65 15 414
15 17 107
17 15 107
15 32 259
32 15 259
15 66 903
66 15 903
15 47 615
47 15 615
15 21 220
21 15 220
15 58 59
58 15 59
16 65 32
65 16 32
16 43 230
43 16 230
16 56 514
56 16 514
16 20 796
20 16 796
16 24 591
24 16 591
16 45 506
45 16 506
16 22 480
22 16 480
16 41 980
41 16 980
16 21 70
21 16 70
16 66 545
66 16 545
17 19 492
19 17 492
17 20 191
20 17 191
17 23 478
23 17 478
17 39 92
39 17 92
17 18 816
18 17 816
17 55 4
55 17 4
17 47 819
47 17 819
17 27 225
27 17 225
17 19 849
19 17 849
17 66 560
66 17 560
17 48 327
48 17 327
17 37 424
37 17 424
17 21 259
21 17 259
17 59 650
59 17 650
17 46 980
46 17 980
17 28 671
28 17 671
18 27 751
27 18 751
18 21 502
21 18 502
18 64 935
64 18 935
18 63 938
63 18 938
18 36 746
36 18 746
18 64 806
64 18 806
18 57 996
57 18 996
18 44 491
44 18 491
18 36 359
36 18 359
19 36 958
36 19 958
19 47 166
47 19 166
19 49 204
49 19 204
19 52 219
52 19 219
19 57 294
57 19 294
19 47 727
47 19 727
19 27 995
27 19 995
19 32 682
32 19 682
20 48 533
48 20 533
20 56 79
56 20 79
20 35 212
35 20 212
20 52 687
52 20 687
20 56 196
56 20 196
20 46 14
46 20 14
20 59 292
59 20 292
20 55 874
55 20 874
21 38 173
38 21 173
21 39 547
39 21 547
21 33 980
33 21 980
21 30 270
30 21 270
21 35 74
35 21 74
21 52 111
52 21 111
21 22 821
22 21 821
21 43 803
43 21 803
21 26 613
26 21 613
21 59 426
59 21 426
22 26 930
26 22 930
22 65 616
65 22 616
22 26 873
26 22 873
22 54 18
54 22 18
22 41 92
41 22 92
22 46 918
46 22 918
22 44 406
44 22 406
23 26 96
26 23 96
23 33 922
33 23 922
23 41 436
41 23 436
23 41 150
41 23 150
23 56 930
56 23 930
23 27 153
27 23 153
23 43 290
43 23 290
23 62 760
62 23 760
23 27 584
27 23 584
23 61 741
61 23 741
23 51 597
51 23 597
24 27 961
27 24 961
24 29 299
29 24 299
24 32 219
32 24 219
24 56 484
56 24 484
24 34 944
34 24 944
24 35 589
35 24 589
24 66 548
66 24 548
25 63 341
63 25 341
25 60 35
60 25 35
25 39 888
39 25 888
25 40 117
40 25 117
25 26 274
26 25 274
25 65 811
65 25 811
25 32 302
32 25 302
25 57 259
57 25 259
25 41 389
41 25 389
25 36 922
36 25 922
25 52 336
52 25 336
25 41 101
41 25 101
25 30 924
30 25 924
25 57 622
57 25 622
26 51 253
51 26 253
26 45 709
45 26 709
26 37 732
37 26 732
26 55 185
55 26 185
26 40 288
40 26 288
26 51 635
51 26 635
26 47 859
47 26 859
26 32 731
32 26 731
26 39 158
39 26 158
27 56 999
56 27 999
27 45 738
45 27 738
27 49 44
49 27 44
28 55 410
55 28 410
28 38 795
38 28 795
28 43 120
43 28 120
28 65 158
65 28 158
28 56 17
56 28 17
28 30 929
30 28 929
28 29 763
29 28 763
28 54 557
54 28 557
28 46 913
46 28 913
28 32 223
32 28 223
29 31 688
31 29 688
29 56 244
56 29 244
29 32 71
32 29 71
29 33 744
33 29 744
29 55 420
55 29 420
29 36 97
36 29 97
29 57 567
57 29 567
29 33 38
33 29 38
29 37 274
37 29 274
30 35 120
35 30 120
30 62 130
62 30 130
30 32 983
32 30 983
30 42 41
42 30 41
31 62 681
62 31 681
31 41 735
41 31 735
31 42 18
42 31 18
31 66 946
66 31 946
31 58 319
58 31 319
32 36 614
36 32 614
32 46 500
46 32 500
32 48 601
48 32 601
32 35 412
35 32 412
33 53 32
53 33 32
33 48 361
48 33 361
33 51 11
51 33 11
33 44 234
44 33 234
33 56 336
56 33 336
33 41 694
41 33 694
34 45 571
45 34 571
34 48 257
48 34 257
34 56 537
56 34 537
34 58 322
58 34 322
35 38 321
38 35 321
35 56 707
56 35 707
35 54 790
54 35 790
35 38 563
38 35 563
35 38 738
38 35 738
36 63 57
63 36 57
36 46 531
46 36 531
36 56 65
56 36 65
37 40 626
40 37 626
37 44 444
44 37 444
37 58 149
58 37 149
37 45 634
45 37 634
37 47 847
47 37 847
37 41 761
41 37 761
37 57 356
57 37 356
37 46 225
46 37 225
38 52 93
52 38 93
38 65 364
65 38 364
38 60 822
60 38 822
39 50 780
50 39 780
39 55 429
55 39 429
39 52 764
52 39 764
39 41 257
41 39 257
39 57 903
57 39 903
39 57 163
57 39 163
39 60 600
60 39 600
40 44 909
44 40 909
40 57 92
57 40 92
40 46 602
46 40 602
40 51 284
51 40 284
40 44 586
44 40 586
41 57 88
57 41 88
41 61 364
61 41 364
41 41 760
41 41 760
41 52 440
52 41 440
42 44 864
44 42 864
42 54 447
54 42 447
43 44 502
44 43 502
43 46 861
46 43 861
44 55 66
55 44 66
44 55 69
55 44 69
44 45 356
45 44 356
45 59 89
59 45 89
45 63 613
63 45 613
45 53 932
53 45 932
45 60 657
60 45 657
45 58 991
58 45 991
46 64 783
64 46 783
46 47 200
47 46 200
46 61 886
61 46 886
47 54 689
54 47 689
47 50 355
50 47 355
47 54 126
54 47 126
48 49 742
49 48 742
48 59 135
59 48 135
49 59 170
59 49 170
49 62 280
62 49 280
50 62 818
62 50 818
50 63 191
63 50 191
50 58 780
58 50 780
50 55 668
55 50 668
51 61 313
61 51 313
51 57 553
57 51 553
51 62 722
62 51 722
52 63 514
63 52 514
52 60 197
60 52 197
52 58 644
58 52 644
53 57 194
57 53 194
53 63 432
63 53 432
53 57 480
57 53 480
53 64 409
64 53 409
54 58 855
58 54 855
54 57 7
57 54 7
54 59 169
59 54 169
55 66 749
66 55 749
55 58 52
58 55 52
56 61 840
61 56 840
56 61 480
61 56 480
57 65 119
65 57 119
57 64 889
64 57 889
58 65 736
65 58 736
58 62 194
62 58 194
58 64 999
64 58 999
59 60 260
60 59 260
60 65 186
65 60 186
62 66 233
66 62 233
62 64 325
64 62 325
63 64 516
64 63 516
63 65 395
65 63 395
