92

0 1 265
1 0 265
0 4 275
4 0 275
0 13 662
13 0 662
0 35 271
35 0 271
0 82 471
82 0 471
0 7 865
7 0 865
0 75 344
75 0 344
0 46 407
46 0 407
0 80 300
80 0 300
0 55 200
55 0 200
0 1 325
1 0 325
0 85 855
85 0 855
0 65 932
65 0 932
0 68 852
68 0 852
0 33 969
33 0 969
0 49 199
49 0 199
0 1 582
1 0 582
0 23 378
23 0 378
1 2 200
2 1 200
1 3 740
3 1 740
1 6 991
6 1 991
1 8 751
8 1 751
1 14 523
14 1 523
1 17 390
17 1 390
1 42 564
42 1 564
1 59 358
59 1 358
1 31 266
31 1 266
1 58 305
58 1 305
1 44 809
44 1 809
1 52 431
52 1 431
1 48 660
48 1 660
1 45 554
45 1 554
1 69 942
69 1 942
1 10 54
10 1 54
1 50 867
50 1 867
1 89 230
89 1 230
1 30 599
30 1 599
1 84 693
84 1 693
1 88 871
88 1 871
1 47 362
47 1 362
1 63 504
63 1 504
1 10 599
10 1 599
1 24 870
24 1 870
2 59 749
59 2 749
2 5 787
5 2 787
2 63 637
63 2 637
2 10 940
10 2 940
2 75 302
75 2 302
2 13 966
13 2 966
2 86 547
86 2 547
2 46 713
46 2 713
2 51 344
51 2 344
2 62 807
62 2 807
2 82 861
82 2 861
3 24 86
24 3 86
3 46 57
46 3 57
3 61 653
61 3 653
3 79 270
79 3 270
3 91 249
91 3 249
3 72 200
72 3 200
4 5 737
5 4 737
4 9 48
9 4 48
4 22 904
22 4 904
4 52 698
52 4 698
4 63 429
63 4 429
4 8 384
8 4 384
4 20 532
20 4 532
4 68 884
68 4 884
4 27 386
27 4 386
4 28 445
28 4 445
4 67 623
67 4 623
4 89 496
89 4 496
4 12 223
12 4 223
4 9 21
9 4 21
5 69 850
69 5 850
5 54 737
54 5 737
5 45 48
45 5 48
5 27 238
27 5 238
5 77 407
77 5 407
5 33 557
33 5 557
5 29 284
29 5 284
5 21 784
21 5 784
5 81 990
81 5 990
6 7 421
7 6 421
6 10 6
10 6 6
6 32 423
32 6 423
6 62 448
62 6 448
6 69 45
69 6 45
6 64 609
64 6 609
6 18 909
18 6 909
6 52 19
52 6 19
6 64 11
64 6 11
7 15 410
15 7 410
7 90 153
90 7 153
7 49 190
49 7 190
7 80 368
80 7 368
7 20 232
20 7 232
7 47 61
47 7 61
7 14 154
14 7 154
7 31 332
31 7 332
7 54 800
54 7 800
8 19 566
19 8 566
8 25 518
25 8 518
8 30 554
30 8 554
8 31 35
31 8 35
8 79 102
79 8 102
8 16 139
16 8 139
8 34 676
34 8 676
8 55 93
55 8 93
8 67 94
67 8 94
8 81 713
81 8 713
8 45 838
45 8 838
8 26 738
26 8 738
9 40 495
40 9 495
9 16 926
16 9 926
9 57 864
57 9 864
9 48 329
48 9 329
9 84 892
84 9 892
9 58 97
58 9 97
9 61 803
61 9 803
10 11 566
11 10 566
10 12 641
12 10 641
10 45 710
45 10 710
10 66 252
66 10 252
10 77 808
77 10 808
10 64 617
64 10 617
10 45 417
45 10 417
10 82 239
82 10 239
10 45 201
45 10 201
10 12 840
12 10 840
10 54 470
54 10 470
10 77 444
77 10 444
10 42 127
42 10 127
10 12 873
12 10 873
10 71 761
71 10 761
11 55 735
55 11 735
11 82 311
82 11 311
11 37 658
37 11 658
11 70 776
70 11 776
11 37 739
37 11 739
11 18 458
18 11 458
11 65 229
65 11 229
11 80 643
80 11 643
11 42 521
42 11 521
12 20 925
20 12 925
12 29 635
29 12 635
12 80 424
80 12 424
12 20 666
20 12 666
12 72 29
72 12 29
12 51 654
51 12 654
12 75 418
75 12 418
12 23 161
23 12 161
12 16 130
16 12 130
12 27 409
27 12 409
12 41 452
41 12 452
12 87 359
87 12 359
12 37 608
37 12 608
12 29 593
29 12 593
12 81 757
81 12 757
13 16 93
16 13 93
13 13 903
13 13 903
13 78 8
78 13 8
13 20 558
20 13 558
13 29 163
29 13 163
13 47 886
47 13 886
13 77 760
77 13 760
13 73 224
73 13 224
13 16 705
16 13 705
13 50 799
50 13 799
14 41 148
41 14 148
14 78 898
78 14 898
14 39 685
39 14 685
14 47 818
47 14 818
14 79 750
79 14 750
14 88 737
88 14 737
14 45 720
45 14 720
15 18 857
18 15 857
15 81 59
81 15 59
15 60 3
60 15 3
15 55 749
55 15 749
15 75 416
75 15 416
15 88 66
88 15 66
15 54 643
54 15 643
15 61 863
61 15 863
16 21 941
21 16 941
16 89 514
89 16 514
16 42 348
42 16 348
16 33 527
33 16 527
16 60 122
60 16 122
16 22 333
22 16 333
16 21 59
21 16 59
16 86 633
86 16 633
16 54 434
54 16 434
16 68 887
68 16 887
16 54 96
54 16 96
16 33 800
33 16 800
17 26 930
26 17 930
17 39 33
39 17 33
17 73 245
73 17 245
17 40 358
40 17 358
17 64 946
64 17 946
17 64 601
64 17 601
17 80 747
80 17 747
17 67 76
67 17 76
18 76 578
76 18 578
18 53 656
53 18 656
18 41 472
41 18 472
18 56 941
56 18 941
18 57 198
57 18 198
18 58 484
58 18 484
18 69 98
69 18 98
18 49 622
49 18 622
19 27 866
27 19 866
19 33 232
33 19 232
19 90 383
90 19 383
19 41 226
41 19 226
19 67 355
67 19 355
19 32 837
32 19 837
19 81 147
81 19 147
19 54 418
54 19 418
19 52 214
52 19 214
20 23 814
23 20 814
20 91 807
91 20 807
20 86 752
86 20 752
20 38 938
38 20 938
20 65 394
65 20 394
21 69 252
69 21 252
21 62 840
62 21 840
21 51 414
51 21 414
21 45 634
45 21 634
21 63 734
63 21 734
21 48 975
48 21 975
21 91 425
91 21 425
21 83 458
83 21 458
22 61 304
61 22 304
22 51 924
51 22 924
22 85 283
85 22 283
22 87 447
87 22 447
22 79 370
79 22 370
22 75 101
75 22 101
23 65 866
65 23 866
23 91 689
91 23 689
23 52 530
52 23 530
23 71 260
71 23 260
23 83 511
83 23 511
23 91 461
91 23 461
23 56 486
56 23 486
24 47 904
47 24 904
24 67 646
67 24 646
24 83 771
83 24 771
24 66 433
66 24 433
24 56 794
56 24 794
24 91 654
91 24 654
24 90 896
90 24 896
24 39 53
39 24 53
24 74 838
74 24 838
24 29 472
29 24 472
24 58 55
58 24 55
24 65 930
65 24 930
25 28 83
28 25 83
25 77 461
77 25 461
25 33 512
33 25 512
25 77 218
77 25 218
25 42 448
42 25 448
25 27 768
27 25 768
25 81 42
81 25 42
25 40 932
40 25 932
25 55 672
55 25 672
25 41 451
41 25 451
25 49 49
49 25 49
25 28 82
28 25 82
25 26 517
26 25 517
25 48 668
48 25 668
25 61 38
61 25 38
26 42 22
42 26 22
26 63 130
63 26 130
26 61 182
61 26 182
27 82 229
82 27 229
27 85 955
85 27 955
27 39 291
39 27 291
27 31 409
31 27 409
27 42 720
42 27 720
27 82 773
82 27 773
27 75 352
75 27 352
27 64 694
64 27 694
27 59 357
59 27 357
27 30 836
30 27 836
28 32 798
32 28 798
28 39 405
39 28 405
28 49 816
49 28 816
28 52 921
52 28 921
28 78 637
78 28 637
28 89 967
89 28 967
28 80 224
80 28 224
28 57 911
57 28 911
28 89 64
89 28 64
28 39 586
39 28 586
28 74 481
74 28 481
28 37 191
37 28 191
29 42 121
42 29 121
30 36 176
36 30 176
30 30 163
30 30 163
30 70 330
70 30 330
30 79 495
79 30 495
30 30 909
30 30 909
31 54 38
54 31 38
31 55 176
55 31 176
31 91 723
91 31 723
31 90 518
90 31 518
31 32 484
32 31 484
31 65 256
65 31 256
32 34 704
34 32 704
32 55 41
55 32 41
32 74 607
74 32 607
32 87 63
87 32 63
32 80 675
80 32 675
32 69 968
69 32 968
32 63 453
63 32 453
32 70 213
70 32 213
32 62 377
62 32 377
33 37 938
37 33 938
33 87 503
87 33 503
33 54 345
54 33 345
33 83 356
83 33 356
33 42 725
42 33 725
33 60 995
60 33 995
33 39 614
39 33 614
33 83 355
83 33 355
33 40 940
40 33 940
33 57 389
57 33 389
34 38 207
38 34 207
34 39 998
39 34 998
34 46 809
46 34 809
34 56 574
56 34 574
34 38 304
38 34 304
34 68 177
68 34 177
34 74 790
74 34 790
34 46 991
46 34 991
34 68 144
68 34 144
35 78 818
78 35 818
35 88 519
88 35 519
36 47 695
47 36 695
36 88 438
88 36 438
36 69 675
69 36 675
36 41 676
41 36 676
36 61 87
61 36 87
36 67 615
67 36 615
36 89 158
89 36 158
37 41 875
41 37 875
37 79 953
79 37 953
37 88 725
88 37 725
37 58 614
58 37 614
37 53 186
53 37 186
37 61 83
61 37 83
37 40 624
40 37 624
37 83 578
83 37 578
38 49 895
49 38 895
38 76 561
76 38 561
38 85 830
85 38 830
38 43 993
43 38 993
38 81 195
81 38 195
38 54 42
54 38 42
39 44 568
44 39 568
39 50 221
50 39 221
39 51 901
51 39 901
39 61 874
61 39 874
39 68 232
68 39 232
39 75 910
75 39 910
39 41 565
41 39 565
39 87 9
87 39 9
39 74 346
74 39 346
39 91 995
91 39 995
39 46 120
46 39 120
39 62 997
62 39 997
40 47 825
47 40 825
40 75 827
75 40 827
40 86 782
86 40 782
40 87 106
87 40 106
41 60 521
60 41 521
41 53 348
53 41 348
42 43 291
43 42 291
42 58 692
58 42 692
42 83 459
83 42 459
42 79 990
79 42 990
42 61 796
61 42 796
42 83 58
83 42 58
42 91 246
91 42 246
42 87 311
87 42 311
42 63 781
63 42 781
42 49 119
49 42 119
42 90 957
90 42 957
43 53 414
53 43 414
43 73 543
73 43 543
43 62 752
62 43 752
43 86 45
86 43 45
43 75 868
75 43 868
44 46 378
46 44 378
44 84 365
84 44 365
44 86 926
86 44 926
44 82 551
82 44 551
45 48 156
48 45 156
45 74 33
74 45 33
45 51 493
51 45 493
45 75 864
75 45 864
45 73 116
73 45 116
46 70 649
70 46 649
46 90 906
90 46 906
46 76 513
76 46 513
46 60 177
60 46 177
47 70 360
70 47 360
48 81 412
81 48 412
48 78 712
78 48 712
48 76 791
76 48 791
48 67 485
67 48 485
48 67 529
67 48 529
49 81 683
81 49 683
50 85 137
85 50 137
50 65 96
65 50 96
51 64 31
64 51 31
51 67 388
67 51 388
51 57 10
57 51 10
51 74 204
74 51 204
52 88 487
88 52 487
53 57 491
57 53 491
53 56 782
56 53 782
53 77 177
77 53 177
54 60 93
60 54 93
54 71 81
71 54 81
55 86 818
86 55 818
55 90 439
90 55 439
55 62 320
62 55 320
55 81 916
81 55 916
56 70 473
70 56 473
56 84 503
84 56 503
56 77 436
77 56 436
56 59 759
59 56 759
56 65 586
65 56 586
57 87 885
87 57 885
57 87 2
87 57 2
57 69 738
69 57 738
57 60 29
60 57 29
57 88 11
88 57 11
57 88 79
88 57 79
57 87 35
87 57 35
58 88 904
88 58 904
58 87 141
87 58 141
58 89 206
89 58 206
59 83 974
83 59 974
60 71 105
71 60 105
60 78 925
78 60 925
60 72 943
72 60 943
60 75 188
75 60 188
61 64 149
64 61 149
61 64 30
64 61 30
61 89 147
89 61 147
62 73 812
73 62 812
62 83 788
83 62 788
62 73 900
73 62 900
62 86 42
86 62 42
62 77 508
77 62 508
63 64 971
64 63 971
63 64 969
64 63 969
63 77 998
77 63 998
63 64 890
64 63 890
63 82 549
82 63 549
64 87 529
87 64 529
64 79 257
79 64 257
64 87 124
87 64 124
64 70 92
70 64 92
64 72 636
72 64 636
64 69 511
69 64 511
65 88 575
88 65 575
65 91 280
91 65 280
65 83 546
83 65 546
65 71 297
71 65 297
66 72 371
72 66 371
66 70 487
70 66 487
66 88 658
88 66 658
66 82 490
82 66 490
67 84 611
84 67 611
68 77 211
77 68 211
68 72 275
72 68 275
68 88 155
88 68 155
69 72 743
72 69 743
69 90 341
90 69 341
69 86 877
86 69 877
69 78 607
78 69 607
69 77 612
77 69 612
69 87 995
87 69 995
70 79 998
79 70 998
70 70 14
70 70 14
71 72 1000
72 71 1000
71 86 812
86 71 812
72 86 818
86 72 818
73 89 987
89 73 987
74 82 175
82 74 175
75 87 530
87 75 530
76 89 13
89 76 13
76 78 288
78 76 288
77 86 769
86 77 769
78 85 859
85 78 859
78 85 865
85 78 865
78 82 771
82 78 771
79 84 608
84 79 608
79 80 94
80 79 94
81 85 204
85 81 204
82 90 50
90 82 50
84 88 468
88 84 468
84 89 900
89 84 900
85 88 224
88 85 224
85 87 844
87 85 844
