77

0 1 125
1 0 125
0 6 34
6 0 34
0 8 12
8 0 12
0 12 538
12 0 538
0 37 354
37 0 354
0 41 694
41 0 694
0 76 708
76 0 708
0 76 70
76 0 70
0 39 829
39 0 829
0 11 497
11 0 497
1 2 645
2 1 645
1 9 173
9 1 173
1 28 780
28 1 780
1 11 517
11 1 517
1 25 693
25 1 693
1 16 234
16 1 234
1 50 696
50 1 696
1 71 964
71 1 964
1 26 713
26 1 713
1 68 393
68 1 393
2 3 975
3 2 975
2 71 758
71 2 758
2 30 113
30 2 113
2 57 369
57 2 369
2 67 965
67 2 965
2 5 958
5 2 958
2 26 661
26 2 661
2 29 653
29 2 653
3 4 456
4 3 456
3 41 368
41 3 368
3 68 886
68 3 886
3 70 417
70 3 417
3 66 608
66 3 608
4 5 123
5 4 123
4 7 771
7 4 771
4 30 504
30 4 504
4 57 299
57 4 299
4 70 611
70 4 611
4 20 308
20 4 308
4 27 43
27 4 43
4 65 372
65 4 372
5 10 346
10 5 346
5 14 665
14 5 665
5 34 102
34 5 102
5 42 762
42 5 762
5 69 571
69 5 571
5 62 74
62 5 74
5 74 896
74 5 896
5 24 664
24 5 664
5 24 214
24 5 214
5 69 859
69 5 859
6 16 235
16 6 235
6 31 172
31 6 172
6 55 94
55 6 94
6 41 969
41 6 969
6 62 733
62 6 733
6 20 532
20 6 532
6 60 739
60 6 739
6 50 88
50 6 88
7 36 387
36 7 387
7 44 973
44 7 973
7 48 516
48 7 516
7 48 182
48 7 182
7 35 395
35 7 395
7 26 808
26 7 808
7 60 597
60 7 597
7 20 65
20 7 65
7 50 23
50 7 23
8 13 608
13 8 608
8 48 328
48 8 328
8 48 937
48 8 937
8 43 881
43 8 881
8 24 222
24 8 222
8 32 845
32 8 845
8 35 270
35 8 270
9 20 82
20 9 82
9 22 101
22 9 101
9 51 945
51 9 945
9 54 245
54 9 245
9 61 311
61 9 311
9 72 956
72 9 956
9 76 467
76 9 467
9 29 993
29 9 993
10 11 645
11 10 645
10 15 866
15 10 866
10 50 492
50 10 492
10 73 513
73 10 513
10 12 460
12 10 460
10 76 754
76 10 754
10 12 976
12 10 976
11 19 355
19 11 355
11 24 32
24 11 32
11 13 381
13 11 381
11 21 156
21 11 156
11 60 360
60 11 360
11 38 518
38 11 518
12 72 977
72 12 977
12 60 544
60 12 544
12 64 501
64 12 501
12 17 889
17 12 889
12 72 247
72 12 247
12 73 899
73 12 899
12 46 5
46 12 5
13 74 822
74 13 822
13 63 493
63 13 493
13 19 665
19 13 665
13 40 350
40 13 350
13 65 857
65 13 857
13 72 829
72 13 829
13 13 579
13 13 579
14 25 522
25 14 522
14 47 850
47 14 850
14 48 972
48 14 972
14 38 948
38 14 948
14 64 835
64 14 835
14 55 775
55 14 775
14 28 573
28 14 573
15 34 60
34 15 60
15 49 127
49 15 127
15 68 330
68 15 330
15 39 547
39 15 547
15 25 314
25 15 314
15 46 115
46 15 115
15 75 855
75 15 855
16 17 965
17 16 965
16 27 227
27 16 227
16 32 960
32 16 960
16 40 252
40 16 252
16 37 149
37 16 149
16 57 364
57 16 364
16 58 961
58 16 961
16 19 934
19 16 934
16 64 523
64 16 523
17 18 328
18 17 328
17 21 315
21 17 315
17 76 803
76 17 803
17 48 775
48 17 775
18 69 182
69 18 182
18 41 779
41 18 779
18 21 337
21 18 337
19 64 970
64 19 970
19 49 466
49 19 466
19 69 541
69 19 541
19 20 527
20 19 527
19 27 318
27 19 318
20 23 503
23 20 503
20 29 869
29 20 869
20 60 875
60 20 875
20 57 251
57 20 251
20 76 16
76 20 16
20 31 208
31 20 208
20 53 113
53 20 113
21 27 568
27 21 568
21 58 541
58 21 541
21 55 188
55 21 188
21 50 647
50 21 647
22 75 118
75 22 118
22 52 940
52 22 940
22 31 503
31 22 503
23 60 784
60 23 784
23 53 657
53 23 657
23 55 715
55 23 715
23 35 676
35 23 676
23 35 92
35 23 92
23 38 315
38 23 315
24 26 913
26 24 913
24 67 316
67 24 316
24 74 63
74 24 63
24 41 342
41 24 342
24 66 636
66 24 636
24 54 252
54 24 252
24 28 204
28 24 204
24 63 284
63 24 284
24 60 586
60 24 586
24 62 342
62 24 342
25 58 516
58 25 516
25 71 847
71 25 847
25 42 721
42 25 721
25 52 3
52 25 3
25 61 69
61 25 69
26 49 345
49 26 345
26 48 371
48 26 371
26 71 632
71 26 632
26 55 787
55 26 787
26 41 348
41 26 348
26 54 153
54 26 153
27 43 575
43 27 575
27 47 355
47 27 355
27 46 356
46 27 356
27 74 357
74 27 357
27 50 145
50 27 145
28 33 203
33 28 203
28 68 260
68 28 260
28 40 250
40 28 250
28 76 544
76 28 544
29 39 692
39 29 692
29 74 44
74 29 44
29 66 43
66 29 43
29 57 256
57 29 256
29 72 100
72 29 100
30 33 185
33 30 185
31 58 143
58 31 143
32 49 565
49 32 565
32 52 266
52 32 266
32 56 624
56 32 624
32 55 339
55 32 339
32 45 45
45 32 45
32 43 727
43 32 727
33 74 666
74 33 666
33 59 494
59 33 494
33 42 393
42 33 393
33 35 593
35 33 593
33 47 644
47 33 644
33 74 278
74 33 278
33 66 4
66 33 4
33 76 926
76 33 926
34 35 687
35 34 687
34 71 824
71 34 824
34 55 383
55 34 383
34 45 583
45 34 583
34 52 771
52 34 771
35 45 566
45 35 566
35 46 529
46 35 529
36 38 338
38 36 338
36 55 63
55 36 63
36 53 290
53 36 290
36 53 968
53 36 968
37 73 821
73 37 821
37 51 833
51 37 833
37 69 452
69 37 452
37 64 374
64 37 374
38 55 311
55 38 311
38 70 923
70 38 923
40 57 870
57 40 870
41 65 866
65 41 866
41 71 637
71 41 637
42 51 471
51 42 471
43 66 331
66 43 331
44 75 341
75 44 341
44 61 976
61 44 976
45 63 616
63 45 616
46 74 135
74 46 135
46 63 200
63 46 200
47 49 133
49 47 133
48 58 416
58 48 416
49 53 173
53 49 173
50 52 990
52 50 990
50 63 343
63 50 343
50 62 817
62 50 817
51 57 895
57 51 895
52 62 7
62 52 7
52 60 37
60 52 37
53 67 911
67 53 911
53 54 697
54 53 697
53 69 689
69 53 689
54 75 294
75 54 294
54 56 595
56 54 595
54 74 857
74 54 857
55 60 563
60 55 563
55 72 130
72 55 130
56 72 733
72 56 733
57 59 291
59 57 291
57 66 335
66 57 335
57 64 456
64 57 456
57 67 591
67 57 591
58 65 428
65 58 428
59 70 21
70 59 21
59 65 1000
65 59 1000
60 75 860
75 60 860
60 76 31
76 60 31
61 65 811
65 61 811
63 75 12
75 63 12
64 74 360
74 64 360
65 72 204
72 65 204
66 67 767
67 66 767
67 73 430
73 67 430
67 74 350
74 67 350
68 71 555
71 68 555
70 70 723
70 70 723
71 75 19
75 71 19
74 74 393
74 74 393
