20

0 1 783
1 0 783
0 4 695
4 0 695
0 9 432
9 0 432
0 5 178
5 0 178
1 2 699
2 1 699
1 3 604
3 1 604
3 6 913
6 3 913
3 7 993
7 3 993
4 5 989
5 4 989
4 10 462
10 4 462
4 15 396
15 4 396
5 8 140
8 5 140
5 11 358
11 5 358
7 10 301
10 7 301
8 12 476
12 8 476
8 13 485
13 8 485
8 16 746
16 8 746
8 13 478
13 8 478
12 14 125
14 12 125
12 19 309
19 12 309
13 17 936
17 13 936
15 18 458
18 15 458
16 17 464
17 16 464
