86

0 1 901
1 0 901
0 2 636
2 0 636
0 60 813
60 0 813
0 6 192
6 0 192
0 34 438
34 0 438
0 29 554
29 0 554
0 72 260
72 0 260
0 11 402
11 0 402
0 65 9
65 0 9
0 33 435
33 0 435
0 81 88
81 0 88
0 64 825
64 0 825
0 7 268
7 0 268
0 21 922
21 0 922
0 10 251
10 0 251
0 74 834
74 0 834
0 84 68
84 0 68
0 11 329
11 0 329
0 76 795
76 0 795
1 4 732
4 1 732
1 5 323
5 1 323
1 6 808
6 1 808
1 16 829
16 1 829
1 41 320
41 1 320
1 38 973
38 1 973
1 40 159
40 1 159
1 30 189
30 1 189
1 23 191
23 1 191
1 38 79
38 1 79
1 4 28
4 1 28
1 79 211
79 1 211
1 82 520
82 1 520
1 45 19
45 1 19
1 25 336
25 1 336
1 60 262
60 1 262
1 81 14
81 1 14
1 15 130
15 1 130
1 2 963
2 1 963
1 45 171
45 1 171
1 21 437
21 1 437
1 56 286
56 1 286
1 56 735
56 1 735
2 3 245
3 2 245
2 25 790
25 2 790
2 72 48
72 2 48
2 56 150
56 2 150
2 77 970
77 2 970
2 17 374
17 2 374
2 48 166
48 2 166
2 5 958
5 2 958
2 41 148
41 2 148
2 57 684
57 2 684
2 57 712
57 2 712
2 53 581
53 2 581
2 16 119
16 2 119
2 29 268
29 2 268
2 82 366
82 2 366
2 6 522
6 2 522
2 74 505
74 2 505
2 68 955
68 2 955
2 84 187
84 2 187
2 60 984
60 2 984
3 11 688
11 3 688
3 12 739
12 3 739
3 10 137
10 3 137
3 63 119
63 3 119
3 11 707
11 3 707
3 72 710
72 3 710
3 45 876
45 3 876
3 10 32
10 3 32
3 16 932
16 3 932
3 49 112
49 3 112
3 74 288
74 3 288
3 44 61
44 3 61
3 70 418
70 3 418
3 4 829
4 3 829
3 38 554
38 3 554
3 80 75
80 3 75
3 7 789
7 3 789
3 83 164
83 3 164
3 11 202
11 3 202
3 55 319
55 3 319
3 31 210
31 3 210
3 50 88
50 3 88
4 7 447
7 4 447
4 9 857
9 4 857
4 17 586
17 4 586
4 18 496
18 4 496
4 19 664
19 4 664
4 22 522
22 4 522
4 45 852
45 4 852
4 36 70
36 4 70
4 71 190
71 4 190
4 11 594
11 4 594
4 20 156
20 4 156
4 71 656
71 4 656
4 23 379
23 4 379
4 77 104
77 4 104
4 24 211
24 4 211
4 42 481
42 4 481
4 35 689
35 4 689
4 52 448
52 4 448
4 57 896
57 4 896
4 85 993
85 4 993
4 13 137
13 4 137
4 5 297
5 4 297
4 43 802
43 4 802
4 27 896
27 4 896
4 67 310
67 4 310
4 8 704
8 4 704
4 74 690
74 4 690
4 59 36
59 4 36
5 49 997
49 5 997
5 43 569
43 5 569
5 73 315
73 5 315
5 14 34
14 5 34
5 8 947
8 5 947
5 54 653
54 5 653
5 12 681
12 5 681
5 39 867
39 5 867
5 77 69
77 5 69
5 60 879
60 5 879
5 79 748
79 5 748
5 33 755
33 5 755
5 37 617
37 5 617
5 58 122
58 5 122
5 6 898
6 5 898
5 57 764
57 5 764
5 21 908
21 5 908
5 80 781
80 5 781
5 15 380
15 5 380
5 57 564
57 5 564
6 8 264
8 6 264
6 14 764
14 6 764
6 15 93
15 6 93
6 62 986
62 6 986
6 63 627
63 6 627
6 77 589
77 6 589
7 81 962
81 7 962
7 72 221
72 7 221
7 75 636
75 7 636
7 68 176
68 7 176
7 71 735
71 7 735
7 14 449
14 7 449
7 73 619
73 7 619
7 35 336
35 7 336
7 85 268
85 7 268
7 59 655
59 7 655
7 75 926
75 7 926
7 71 28
71 7 28
7 40 643
40 7 643
8 28 417
28 8 417
8 38 45
38 8 45
8 14 679
14 8 679
8 11 652
11 8 652
8 35 596
35 8 596
8 28 159
28 8 159
8 71 910
71 8 910
8 82 228
82 8 228
8 55 143
55 8 143
8 70 173
70 8 173
8 54 632
54 8 632
8 41 600
41 8 600
8 69 373
69 8 373
8 71 219
71 8 219
8 62 265
62 8 265
8 79 362
79 8 362
8 84 769
84 8 769
8 38 686
38 8 686
8 72 813
72 8 813
8 17 649
17 8 649
8 73 459
73 8 459
9 10 125
10 9 125
9 17 332
17 9 332
9 64 108
64 9 108
9 13 988
13 9 988
9 17 714
17 9 714
9 57 851
57 9 851
9 68 858
68 9 858
9 59 524
59 9 524
9 33 713
33 9 713
9 51 983
51 9 983
10 20 917
20 10 917
10 36 965
36 10 965
10 71 568
71 10 568
10 30 716
30 10 716
10 71 600
71 10 600
10 49 205
49 10 205
10 12 609
12 10 609
10 63 627
63 10 627
10 16 63
16 10 63
10 48 962
48 10 962
10 70 757
70 10 757
10 17 692
17 10 692
11 50 551
50 11 551
11 69 601
69 11 601
11 31 395
31 11 395
11 49 770
49 11 770
11 50 403
50 11 403
11 15 421
15 11 421
11 46 114
46 11 114
11 74 122
74 11 122
11 46 141
46 11 141
11 83 963
83 11 963
11 36 649
36 11 649
11 32 625
32 11 625
11 53 187
53 11 187
11 14 615
14 11 615
11 67 368
67 11 368
12 13 637
13 12 637
12 43 26
43 12 26
12 66 846
66 12 846
12 81 314
81 12 314
12 70 506
70 12 506
12 55 678
55 12 678
12 14 19
14 12 19
12 55 483
55 12 483
12 16 131
16 12 131
12 26 55
26 12 55
12 68 623
68 12 623
12 44 838
44 12 838
12 26 720
26 12 720
12 16 710
16 12 710
12 63 521
63 12 521
12 82 645
82 12 645
12 62 806
62 12 806
13 23 119
23 13 119
13 32 58
32 13 58
13 37 637
37 13 637
13 47 21
47 13 21
13 45 176
45 13 176
13 84 40
84 13 40
13 64 48
64 13 48
13 33 802
33 13 802
13 55 219
55 13 219
13 75 769
75 13 769
13 17 23
17 13 23
13 46 742
46 13 742
13 19 883
19 13 883
13 52 954
52 13 954
13 55 452
55 13 452
13 13 169
13 13 169
13 36 542
36 13 542
14 35 289
35 14 289
14 83 185
83 14 185
14 32 677
32 14 677
14 66 280
66 14 280
14 67 316
67 14 316
14 24 206
24 14 206
14 73 12
73 14 12
14 44 537
44 14 537
14 17 825
17 14 825
14 64 945
64 14 945
14 60 424
60 14 424
14 71 688
71 14 688
14 62 741
62 14 741
14 55 569
55 14 569
14 46 427
46 14 427
15 33 894
33 15 894
15 48 11
48 15 11
15 83 388
83 15 388
15 51 590
51 15 590
15 21 979
21 15 979
15 84 860
84 15 860
15 45 330
45 15 330
15 55 952
55 15 952
15 65 189
65 15 189
15 38 630
38 15 630
15 56 241
56 15 241
15 27 842
27 15 842
15 22 967
22 15 967
15 25 475
25 15 475
15 69 196
69 15 196
15 64 221
64 15 221
15 56 530
56 15 530
16 26 121
26 16 121
16 41 168
41 16 168
16 19 455
19 16 455
16 35 962
35 16 962
16 42 557
42 16 557
16 26 515
26 16 515
16 38 990
38 16 990
16 40 232
40 16 232
16 24 68
24 16 68
16 83 304
83 16 304
16 60 406
60 16 406
16 45 464
45 16 464
17 24 282
24 17 282
17 29 156
29 17 156
17 30 185
30 17 185
17 56 386
56 17 386
17 28 844
28 17 844
17 66 700
66 17 700
17 85 324
85 17 324
17 36 374
36 17 374
17 37 717
37 17 717
17 62 185
62 17 185
17 31 919
31 17 919
17 42 36
42 17 36
17 81 717
81 17 717
17 65 188
65 17 188
17 57 687
57 17 687
17 19 554
19 17 554
18 66 923
66 18 923
18 22 514
22 18 514
18 70 653
70 18 653
18 67 552
67 18 552
18 30 110
30 18 110
18 56 585
56 18 585
19 27 289
27 19 289
19 24 981
24 19 981
19 51 942
51 19 942
19 50 805
50 19 805
19 85 791
85 19 791
19 27 889
27 19 889
19 44 794
44 19 794
19 31 109
31 19 109
19 45 766
45 19 766
19 66 220
66 19 220
19 55 231
55 19 231
20 21 109
21 20 109
20 84 844
84 20 844
20 77 312
77 20 312
20 69 134
69 20 134
20 50 297
50 20 297
20 60 620
60 20 620
20 51 723
51 20 723
20 28 838
28 20 838
20 75 979
75 20 979
20 63 218
63 20 218
20 84 211
84 20 211
20 20 190
20 20 190
20 22 664
22 20 664
20 47 174
47 20 174
20 27 344
27 20 344
20 53 579
53 20 579
21 42 711
42 21 711
21 72 397
72 21 397
21 56 811
56 21 811
21 56 246
56 21 246
21 70 919
70 21 919
21 76 187
76 21 187
21 55 903
55 21 903
21 74 985
74 21 985
21 77 434
77 21 434
21 22 135
22 21 135
22 54 446
54 22 446
22 65 635
65 22 635
22 47 842
47 22 842
22 27 801
27 22 801
22 80 193
80 22 193
22 50 669
50 22 669
22 68 320
68 22 320
22 38 339
38 22 339
22 75 626
75 22 626
22 81 801
81 22 801
22 39 171
39 22 171
22 42 846
42 22 846
22 45 321
45 22 321
23 27 852
27 23 852
23 57 207
57 23 207
23 78 89
78 23 89
23 28 922
28 23 922
23 80 472
80 23 472
23 39 804
39 23 804
23 53 5
53 23 5
23 56 94
56 23 94
23 84 785
84 23 785
23 56 532
56 23 532
23 42 633
42 23 633
24 61 772
61 24 772
24 67 352
67 24 352
24 30 592
30 24 592
24 83 506
83 24 506
24 47 555
47 24 555
24 52 140
52 24 140
24 49 754
49 24 754
24 54 241
54 24 241
24 39 321
39 24 321
24 78 841
78 24 841
24 32 375
32 24 375
25 77 716
77 25 716
25 77 638
77 25 638
25 28 581
28 25 581
25 26 725
26 25 725
25 85 28
85 25 28
25 78 250
78 25 250
25 73 197
73 25 197
25 51 407
51 25 407
25 36 999
36 25 999
25 84 464
84 25 464
26 31 966
31 26 966
26 52 534
52 26 534
26 43 561
43 26 561
26 76 742
76 26 742
26 29 335
29 26 335
26 70 911
70 26 911
26 84 323
84 26 323
27 85 365
85 27 365
27 48 55
48 27 55
27 57 461
57 27 461
27 65 957
65 27 957
27 77 162
77 27 162
27 35 392
35 27 392
28 33 346
33 28 346
28 37 670
37 28 670
28 35 569
35 28 569
28 44 965
44 28 965
28 56 106
56 28 106
28 35 221
35 28 221
28 49 72
49 28 72
28 49 441
49 28 441
28 29 905
29 28 905
28 49 459
49 28 459
28 75 235
75 28 235
28 51 491
51 28 491
29 42 636
42 29 636
29 45 29
45 29 29
29 38 415
38 29 415
29 61 709
61 29 709
29 40 271
40 29 271
29 66 458
66 29 458
29 58 579
58 29 579
29 60 659
60 29 659
29 66 493
66 29 493
29 63 68
63 29 68
29 70 201
70 29 201
29 74 138
74 29 138
30 76 453
76 30 453
30 83 599
83 30 599
30 41 572
41 30 572
30 52 741
52 30 741
30 30 724
30 30 724
30 58 847
58 30 847
30 55 548
55 30 548
30 35 132
35 30 132
30 31 300
31 30 300
30 34 344
34 30 344
30 51 61
51 30 61
30 68 121
68 30 121
30 39 452
39 30 452
30 41 362
41 30 362
31 53 206
53 31 206
31 59 564
59 31 564
31 42 986
42 31 986
31 78 233
78 31 233
31 47 644
47 31 644
31 52 47
52 31 47
31 33 268
33 31 268
31 33 148
33 31 148
31 79 228
79 31 228
31 72 470
72 31 470
31 74 542
74 31 542
32 34 580
34 32 580
32 41 562
41 32 562
32 85 322
85 32 322
32 75 451
75 32 451
32 83 993
83 32 993
32 80 220
80 32 220
32 60 608
60 32 608
32 74 180
74 32 180
32 85 222
85 32 222
33 39 269
39 33 269
33 46 64
46 33 64
33 51 747
51 33 747
33 61 271
61 33 271
33 74 570
74 33 570
33 52 83
52 33 83
33 82 612
82 33 612
33 75 598
75 33 598
33 74 838
74 33 838
33 44 270
44 33 270
33 45 249
45 33 249
33 69 265
69 33 265
33 68 289
68 33 289
33 63 404
63 33 404
33 47 164
47 33 164
33 63 546
63 33 546
34 39 909
39 34 909
34 80 617
80 34 617
34 48 457
48 34 457
34 84 242
84 34 242
34 85 120
85 34 120
34 62 742
62 34 742
35 40 60
40 35 60
35 41 430
41 35 430
35 81 363
81 35 363
35 58 29
58 35 29
35 47 556
47 35 556
35 43 738
43 35 738
35 48 932
48 35 932
35 49 212
49 35 212
35 75 234
75 35 234
35 75 468
75 35 468
35 84 46
84 35 46
35 75 211
75 35 211
35 73 521
73 35 521
36 63 387
63 36 387
36 64 83
64 36 83
36 57 309
57 36 309
36 49 138
49 36 138
36 58 138
58 36 138
36 57 373
57 36 373
36 46 569
46 36 569
36 59 353
59 36 353
36 65 294
65 36 294
36 61 592
61 36 592
37 59 104
59 37 104
37 64 106
64 37 106
37 73 532
73 37 532
37 50 396
50 37 396
37 85 175
85 37 175
37 76 958
76 37 958
37 49 82
49 37 82
37 68 50
68 37 50
37 63 537
63 37 537
38 51 732
51 38 732
38 56 463
56 38 463
38 46 759
46 38 759
38 70 439
70 38 439
39 79 966
79 39 966
39 41 308
41 39 308
39 65 323
65 39 323
39 77 548
77 39 548
39 85 368
85 39 368
39 43 790
43 39 790
39 60 635
60 39 635
40 44 379
44 40 379
40 48 877
48 40 877
40 57 28
57 40 28
40 62 770
62 40 770
40 72 571
72 40 571
40 57 829
57 40 829
40 69 999
69 40 999
40 75 248
75 40 248
40 66 415
66 40 415
40 43 915
43 40 915
41 80 172
80 41 172
41 64 261
64 41 261
41 58 917
58 41 917
41 70 863
70 41 863
41 46 531
46 41 531
41 80 477
80 41 477
41 45 837
45 41 837
42 85 717
85 42 717
42 69 847
69 42 847
42 56 79
56 42 79
42 76 789
76 42 789
42 51 962
51 42 962
43 77 149
77 43 149
43 69 210
69 43 210
43 54 280
54 43 280
43 62 249
62 43 249
43 60 94
60 43 94
43 58 812
58 43 812
43 66 491
66 43 491
44 76 410
76 44 410
44 45 300
45 44 300
44 69 925
69 44 925
44 84 264
84 44 264
44 71 577
71 44 577
44 76 922
76 44 922
44 84 628
84 44 628
44 71 303
71 44 303
44 49 804
49 44 804
44 72 312
72 44 312
45 56 842
56 45 842
45 82 587
82 45 587
45 53 187
53 45 187
45 62 837
62 45 837
46 71 671
71 46 671
46 82 102
82 46 102
46 72 815
72 46 815
46 68 278
68 46 278
46 70 85
70 46 85
46 83 737
83 46 737
46 50 487
50 46 487
47 75 424
75 47 424
47 77 697
77 47 697
47 73 714
73 47 714
47 51 501
51 47 501
47 80 773
80 47 773
47 60 123
60 47 123
48 62 185
62 48 185
48 78 908
78 48 908
48 51 216
51 48 216
48 51 185
51 48 185
48 82 771
82 48 771
48 53 60
53 48 60
49 65 612
65 49 612
49 68 666
68 49 666
49 61 858
61 49 858
49 80 440
80 49 440
49 78 534
78 49 534
49 85 657
85 49 657
49 85 736
85 49 736
50 55 161
55 50 161
50 73 619
73 50 619
50 74 161
74 50 161
50 65 833
65 50 833
50 60 935
60 50 935
50 76 551
76 50 551
50 66 771
66 50 771
50 73 854
73 50 854
50 83 13
83 50 13
50 83 571
83 50 571
51 74 268
74 51 268
51 54 658
54 51 658
51 70 566
70 51 566
51 59 812
59 51 812
51 70 795
70 51 795
51 71 301
71 51 301
51 58 170
58 51 170
51 80 552
80 51 552
52 75 485
75 52 485
52 68 862
68 52 862
52 53 872
53 52 872
52 71 147
71 52 147
52 55 387
55 52 387
52 60 546
60 52 546
52 83 693
83 52 693
52 55 27
55 52 27
52 79 836
79 52 836
52 68 472
68 52 472
53 73 837
73 53 837
53 62 287
62 53 287
53 84 846
84 53 846
53 83 430
83 53 430
53 65 311
65 53 311
53 68 786
68 53 786
53 64 814
64 53 814
53 67 292
67 53 292
53 62 771
62 53 771
54 58 131
58 54 131
54 70 487
70 54 487
54 61 788
61 54 788
54 77 81
77 54 81
54 83 988
83 54 988
54 76 893
76 54 893
54 71 431
71 54 431
55 58 827
58 55 827
55 57 262
57 55 262
55 71 73
71 55 73
56 83 467
83 56 467
56 82 214
82 56 214
56 78 562
78 56 562
56 74 846
74 56 846
56 81 352
81 56 352
56 67 392
67 56 392
57 70 159
70 57 159
57 77 196
77 57 196
58 79 406
79 58 406
58 81 962
81 58 962
58 62 197
62 58 197
58 74 481
74 58 481
58 66 277
66 58 277
58 63 867
63 58 867
58 67 82
67 58 82
58 62 13
62 58 13
59 65 879
65 59 879
59 63 589
63 59 589
59 84 219
84 59 219
59 70 869
70 59 869
60 65 303
65 60 303
60 69 345
69 60 345
60 76 942
76 60 942
60 76 717
76 60 717
60 63 440
63 60 440
60 74 133
74 60 133
60 66 348
66 60 348
60 67 75
67 60 75
61 70 701
70 61 701
61 67 659
67 61 659
61 69 362
69 61 362
61 83 579
83 61 579
61 82 438
82 61 438
61 84 479
84 61 479
61 62 714
62 61 714
61 62 513
62 61 513
62 70 512
70 62 512
62 71 428
71 62 428
62 80 419
80 62 419
62 80 563
80 62 563
62 85 404
85 62 404
63 66 435
66 63 435
63 66 410
66 63 410
63 63 517
63 63 517
63 71 7
71 63 7
64 78 934
78 64 934
64 64 419
64 64 419
64 69 607
69 64 607
65 75 734
75 65 734
65 67 688
67 65 688
65 69 215
69 65 215
65 73 816
73 65 816
65 85 952
85 65 952
66 77 37
77 66 37
66 83 478
83 66 478
66 74 312
74 66 312
66 73 827
73 66 827
66 67 930
67 66 930
66 80 618
80 66 618
67 84 202
84 67 202
67 84 144
84 67 144
67 69 432
69 67 432
67 81 648
81 67 648
68 68 710
68 68 710
69 79 109
79 69 109
69 76 611
76 69 611
70 76 412
76 70 412
70 80 251
80 70 251
70 80 148
80 70 148
70 73 276
73 70 276
73 75 446
75 73 446
73 75 383
75 73 383
74 83 596
83 74 596
74 85 240
85 74 240
75 76 815
76 75 815
76 78 200
78 76 200
77 84 990
84 77 990
77 78 783
78 77 783
77 83 348
83 77 348
77 78 325
78 77 325
78 83 751
83 78 751
79 84 983
84 79 983
81 81 199
81 81 199
83 85 188
85 83 188
85 85 321
85 85 321
