72

0 1 12
1 0 12
0 3 477
3 0 477
0 28 186
28 0 186
0 56 530
56 0 530
0 37 493
37 0 493
0 18 272
18 0 272
1 2 745
2 1 745
1 24 729
24 1 729
1 29 637
29 1 637
1 16 656
16 1 656
1 29 995
29 1 995
2 6 112
6 2 112
2 13 327
13 2 327
2 38 788
38 2 788
2 36 377
36 2 377
2 58 37
58 2 37
2 14 257
14 2 257
2 23 58
23 2 58
3 4 838
4 3 838
3 9 268
9 3 268
3 15 944
15 3 944
3 16 525
16 3 525
3 26 449
26 3 449
3 31 671
31 3 671
3 31 209
31 3 209
4 5 83
5 4 83
4 7 376
7 4 376
4 10 836
10 4 836
4 25 597
25 4 597
4 32 729
32 4 729
4 40 561
40 4 561
5 12 708
12 5 708
5 50 987
50 5 987
5 61 174
61 5 174
6 8 683
8 6 683
6 22 325
22 6 325
6 26 408
26 6 408
6 36 63
36 6 63
7 58 461
58 7 461
7 70 894
70 7 894
7 28 863
28 7 863
7 28 901
28 7 901
8 21 533
21 8 533
8 31 135
31 8 135
8 53 670
53 8 670
8 49 701
49 8 701
8 47 958
47 8 958
8 28 386
28 8 386
9 11 526
11 9 526
9 45 155
45 9 155
9 44 669
44 9 669
9 52 414
52 9 414
10 14 738
14 10 738
10 27 489
27 10 489
10 30 786
30 10 786
10 27 944
27 10 944
10 51 322
51 10 322
10 24 236
24 10 236
11 68 759
68 11 759
11 37 643
37 11 643
11 68 507
68 11 507
11 50 189
50 11 189
12 18 83
18 12 83
12 44 363
44 12 363
12 61 709
61 12 709
12 31 571
31 12 571
12 26 942
26 12 942
13 17 54
17 13 54
13 48 574
48 13 574
13 31 100
31 13 100
13 46 887
46 13 887
13 19 781
19 13 781
13 67 700
67 13 700
14 19 443
19 14 443
14 27 603
27 14 603
15 32 825
32 15 825
15 23 141
23 15 141
15 69 613
69 15 613
15 36 86
36 15 86
16 20 409
20 16 409
16 23 689
23 16 689
16 30 585
30 16 585
16 50 547
50 16 547
17 50 973
50 17 973
17 64 775
64 17 775
17 32 828
32 17 828
18 40 781
40 18 781
18 52 901
52 18 901
18 64 62
64 18 62
18 23 999
23 18 999
18 51 949
51 18 949
19 36 776
36 19 776
19 47 575
47 19 575
19 58 313
58 19 313
19 23 360
23 19 360
19 68 116
68 19 116
19 63 348
63 19 348
20 25 63
25 20 63
20 29 37
29 20 37
20 47 893
47 20 893
21 50 467
50 21 467
21 67 282
67 21 282
21 45 998
45 21 998
21 33 455
33 21 455
21 25 212
25 21 212
22 33 512
33 22 512
22 39 773
39 22 773
22 62 837
62 22 837
22 63 199
63 22 199
22 42 97
42 22 97
22 51 285
51 22 285
23 25 497
25 23 497
23 25 878
25 23 878
23 47 729
47 23 729
23 55 54
55 23 54
23 60 944
60 23 944
24 42 721
42 24 721
24 28 315
28 24 315
25 71 460
71 25 460
25 48 827
48 25 827
25 33 715
33 25 715
25 43 507
43 25 507
26 41 421
41 26 421
26 71 530
71 26 530
26 60 889
60 26 889
26 37 996
37 26 996
26 58 121
58 26 121
27 29 218
29 27 218
28 34 367
34 28 367
28 31 677
31 28 677
29 43 949
43 29 949
31 53 790
53 31 790
31 66 57
66 31 57
31 51 431
51 31 431
31 47 671
47 31 671
31 41 366
41 31 366
31 65 451
65 31 451
31 53 365
53 31 365
32 35 222
35 32 222
32 65 247
65 32 247
32 61 791
61 32 791
33 55 202
55 33 202
33 63 848
63 33 848
33 38 937
38 33 937
34 46 759
46 34 759
34 59 313
59 34 313
34 35 891
35 34 891
34 71 658
71 34 658
35 37 592
37 35 592
35 58 334
58 35 334
36 62 454
62 36 454
37 67 30
67 37 30
37 65 654
65 37 654
39 62 983
62 39 983
41 67 138
67 41 138
42 59 678
59 42 678
43 57 436
57 43 436
44 49 312
49 44 312
44 63 291
63 44 291
44 69 402
69 44 402
44 59 418
59 44 418
45 51 345
51 45 345
46 69 454
69 46 454
46 64 925
64 46 925
48 54 732
54 48 732
48 56 226
56 48 226
48 55 568
55 48 568
48 54 421
54 48 421
48 67 584
67 48 584
49 69 996
69 49 996
50 68 630
68 50 630
54 57 223
57 54 223
54 60 789
60 54 789
56 69 635
69 56 635
58 68 507
68 58 507
61 65 220
65 61 220
69 70 477
70 69 477
