89

0 1 10
1 0 10
0 18 203
18 0 203
0 50 60
50 0 60
0 70 767
70 0 767
0 24 89
24 0 89
0 27 140
27 0 140
0 26 812
26 0 812
0 38 212
38 0 212
0 4 209
4 0 209
0 46 28
46 0 28
0 4 816
4 0 816
0 52 612
52 0 612
0 70 341
70 0 341
0 84 840
84 0 840
0 56 806
56 0 806
0 1 976
1 0 976
0 15 827
15 0 827
0 11 268
11 0 268
1 2 54
2 1 54
1 3 508
3 1 508
1 4 87
4 1 87
1 15 916
15 1 916
1 26 350
26 1 350
1 43 163
43 1 163
1 39 971
39 1 971
1 71 398
71 1 398
1 5 292
5 1 292
1 54 797
54 1 797
1 76 74
76 1 74
1 34 75
34 1 75
1 11 856
11 1 856
1 66 774
66 1 774
1 15 526
15 1 526
1 43 487
43 1 487
1 63 678
63 1 678
1 30 36
30 1 36
1 3 499
3 1 499
2 12 111
12 2 111
2 8 322
8 2 322
2 28 788
28 2 788
2 65 619
65 2 619
2 12 554
12 2 554
2 78 696
78 2 696
2 55 8
55 2 8
2 40 169
40 2 169
2 76 147
76 2 147
2 62 7
62 2 7
2 51 286
51 2 286
2 70 829
70 2 829
3 5 462
5 3 462
3 8 419
8 3 419
3 10 372
10 3 372
3 82 332
82 3 332
3 25 592
25 3 592
3 33 125
33 3 125
3 37 619
37 3 619
3 73 865
73 3 865
3 83 17
83 3 17
3 74 250
74 3 250
3 9 540
9 3 540
3 83 209
83 3 209
3 51 741
51 3 741
3 10 289
10 3 289
3 77 616
77 3 616
3 48 372
48 3 372
3 40 377
40 3 377
3 77 553
77 3 553
3 10 78
10 3 78
3 56 986
56 3 986
3 9 260
9 3 260
3 21 42
21 3 42
3 26 984
26 3 984
3 77 183
77 3 183
4 6 508
6 4 508
4 7 416
7 4 416
4 65 119
65 4 119
4 28 803
28 4 803
4 18 194
18 4 194
4 42 865
42 4 865
4 6 448
6 4 448
4 54 205
54 4 205
4 68 50
68 4 50
4 17 108
17 4 108
4 71 35
71 4 35
4 51 805
51 4 805
4 60 78
60 4 78
4 32 694
32 4 694
4 37 713
37 4 713
5 29 924
29 5 924
5 12 893
12 5 893
5 55 811
55 5 811
5 47 457
47 5 457
5 32 295
32 5 295
5 61 965
61 5 965
5 50 434
50 5 434
5 20 172
20 5 172
5 79 336
79 5 336
5 68 742
68 5 742
5 88 628
88 5 628
5 32 380
32 5 380
5 61 470
61 5 470
5 58 836
58 5 836
5 14 496
14 5 496
6 9 953
9 6 953
6 13 899
13 6 899
6 85 169
85 6 169
6 12 63
12 6 63
6 24 842
24 6 842
6 8 845
8 6 845
6 33 651
33 6 651
6 40 718
40 6 718
6 49 511
49 6 511
6 13 852
13 6 852
6 79 934
79 6 934
6 71 735
71 6 735
6 67 854
67 6 854
6 23 457
23 6 457
7 16 691
16 7 691
7 87 65
87 7 65
7 23 628
23 7 628
7 40 385
40 7 385
7 70 271
70 7 271
7 73 72
73 7 72
7 18 636
18 7 636
7 72 568
72 7 568
7 46 254
46 7 254
7 27 545
27 7 545
7 22 807
22 7 807
7 10 401
10 7 401
8 11 786
11 8 786
8 14 611
14 8 611
8 23 316
23 8 316
8 24 566
24 8 566
8 79 549
79 8 549
8 30 429
30 8 429
8 20 353
20 8 353
8 44 104
44 8 104
8 23 113
23 8 113
8 31 746
31 8 746
8 12 958
12 8 958
8 52 115
52 8 115
8 41 251
41 8 251
8 21 52
21 8 52
8 85 332
85 8 332
8 31 252
31 8 252
8 59 36
59 8 36
9 32 611
32 9 611
9 23 869
23 9 869
9 54 838
54 9 838
9 13 320
13 9 320
9 24 948
24 9 948
9 78 857
78 9 857
9 56 812
56 9 812
9 12 182
12 9 182
9 78 853
78 9 853
9 50 305
50 9 305
10 28 777
28 10 777
10 20 594
20 10 594
10 80 860
80 10 860
10 35 641
35 10 641
10 76 771
76 10 771
10 62 751
62 10 751
10 69 538
69 10 538
10 46 529
46 10 529
10 50 172
50 10 172
11 17 940
17 11 940
11 19 841
19 11 841
11 36 126
36 11 126
11 41 571
41 11 571
11 52 774
52 11 774
11 16 895
16 11 895
11 34 351
34 11 351
11 77 969
77 11 969
11 75 254
75 11 254
11 32 206
32 11 206
11 37 340
37 11 340
11 16 461
16 11 461
11 18 206
18 11 206
11 18 758
18 11 758
11 57 995
57 11 995
11 28 591
28 11 591
11 20 244
20 11 244
11 66 296
66 11 296
11 15 285
15 11 285
12 34 390
34 12 390
12 77 678
77 12 678
12 26 472
26 12 472
12 47 476
47 12 476
12 73 588
73 12 588
12 53 667
53 12 667
12 29 170
29 12 170
12 58 232
58 12 232
12 61 338
61 12 338
12 14 963
14 12 963
12 40 50
40 12 50
12 86 275
86 12 275
12 42 775
42 12 775
12 65 207
65 12 207
12 78 360
78 12 360
12 35 179
35 12 179
12 19 379
19 12 379
12 30 95
30 12 95
12 77 782
77 12 782
12 72 577
72 12 577
13 20 130
20 13 130
13 24 110
24 13 110
13 70 385
70 13 385
13 83 899
83 13 899
13 41 977
41 13 977
13 66 53
66 13 53
13 59 171
59 13 171
13 39 902
39 13 902
13 24 243
24 13 243
13 86 944
86 13 944
13 16 535
16 13 535
13 30 664
30 13 664
13 45 452
45 13 452
13 88 941
88 13 941
13 60 132
60 13 132
13 58 895
58 13 895
14 83 107
83 14 107
14 50 90
50 14 90
14 58 205
58 14 205
14 48 823
48 14 823
14 55 928
55 14 928
14 41 639
41 14 639
14 39 21
39 14 21
14 22 140
22 14 140
14 60 115
60 14 115
14 49 728
49 14 728
14 88 594
88 14 594
15 28 794
28 15 794
15 31 924
31 15 924
15 72 700
72 15 700
15 72 261
72 15 261
15 64 120
64 15 120
15 38 612
38 15 612
15 46 640
46 15 640
15 56 657
56 15 657
15 83 861
83 15 861
15 61 714
61 15 714
15 58 693
58 15 693
15 18 565
18 15 565
15 59 60
59 15 60
15 61 341
61 15 341
16 22 604
22 16 604
16 45 473
45 16 473
16 68 361
68 16 361
16 44 152
44 16 152
16 35 267
35 16 267
16 56 159
56 16 159
16 60 340
60 16 340
16 30 583
30 16 583
16 59 797
59 16 797
16 23 807
23 16 807
16 23 688
23 16 688
16 69 417
69 16 417
16 26 906
26 16 906
17 27 658
27 17 658
17 47 743
47 17 743
17 63 209
63 17 209
17 25 427
25 17 427
17 58 790
58 17 790
17 44 504
44 17 504
17 67 617
67 17 617
17 33 710
33 17 710
17 35 731
35 17 731
17 65 23
65 17 23
17 67 990
67 17 990
18 21 707
21 18 707
18 39 762
39 18 762
18 49 617
49 18 617
18 24 274
24 18 274
18 36 954
36 18 954
18 83 791
83 18 791
18 49 378
49 18 378
18 72 835
72 18 835
18 56 416
56 18 416
18 44 900
44 18 900
18 73 285
73 18 285
18 33 207
33 18 207
18 47 446
47 18 446
18 73 201
73 18 201
18 75 814
75 18 814
19 28 360
28 19 360
19 56 445
56 19 445
19 88 615
88 19 615
19 69 757
69 19 757
19 32 456
32 19 456
19 74 499
74 19 499
19 23 816
23 19 816
19 21 512
21 19 512
19 30 614
30 19 614
19 51 597
51 19 597
19 51 560
51 19 560
19 25 79
25 19 79
19 39 579
39 19 579
20 25 377
25 20 377
20 51 679
51 20 679
20 55 16
55 20 16
20 70 116
70 20 116
20 74 38
74 20 38
20 57 344
57 20 344
20 81 159
81 20 159
20 20 237
20 20 237
20 40 649
40 20 649
20 44 205
44 20 205
20 62 411
62 20 411
20 85 160
85 20 160
20 57 535
57 20 535
20 56 575
56 20 575
20 33 746
33 20 746
20 71 728
71 20 728
20 72 682
72 20 682
20 55 680
55 20 680
20 83 826
83 20 826
21 37 759
37 21 759
21 22 207
22 21 207
21 47 483
47 21 483
21 60 720
60 21 720
21 38 604
38 21 604
21 88 805
88 21 805
21 23 60
23 21 60
21 35 651
35 21 651
21 38 612
38 21 612
21 73 995
73 21 995
21 23 17
23 21 17
21 73 608
73 21 608
21 38 251
38 21 251
21 30 322
30 21 322
21 67 268
67 21 268
21 48 975
48 21 975
21 79 622
79 21 622
21 84 756
84 21 756
21 87 207
87 21 207
21 43 91
43 21 91
21 49 259
49 21 259
22 46 214
46 22 214
22 58 987
58 22 987
22 53 375
53 22 375
22 37 739
37 22 739
22 39 833
39 22 833
22 43 950
43 22 950
22 65 987
65 22 987
22 76 935
76 22 935
22 30 366
30 22 366
22 85 658
85 22 658
22 74 438
74 22 438
22 35 441
35 22 441
22 82 814
82 22 814
22 77 974
77 22 974
22 59 34
59 22 34
23 78 726
78 23 726
23 86 503
86 23 503
23 48 91
48 23 91
23 41 23
41 23 23
23 87 574
87 23 574
23 39 592
39 23 592
23 80 323
80 23 323
23 25 428
25 23 428
23 25 717
25 23 717
24 53 122
53 24 122
24 33 849
33 24 849
24 54 697
54 24 697
24 57 408
57 24 408
24 43 642
43 24 642
24 71 334
71 24 334
24 80 640
80 24 640
24 39 667
39 24 667
25 42 446
42 25 446
25 74 224
74 25 224
25 43 19
43 25 19
25 68 913
68 25 913
25 34 270
34 25 270
25 70 821
70 25 821
25 76 844
76 25 844
26 40 367
40 26 367
26 76 868
76 26 868
26 85 217
85 26 217
26 85 952
85 26 952
26 35 466
35 26 466
26 34 338
34 26 338
26 53 467
53 26 467
26 67 384
67 26 384
26 28 286
28 26 286
26 47 77
47 26 77
26 44 222
44 26 222
26 88 648
88 26 648
26 77 702
77 26 702
26 39 642
39 26 642
26 81 144
81 26 144
26 28 932
28 26 932
26 46 333
46 26 333
26 56 937
56 26 937
27 30 738
30 27 738
27 33 167
33 27 167
27 85 85
85 27 85
27 50 948
50 27 948
27 60 160
60 27 160
27 31 169
31 27 169
27 62 426
62 27 426
27 55 933
55 27 933
27 78 477
78 27 477
27 40 386
40 27 386
27 71 642
71 27 642
28 80 51
80 28 51
28 28 818
28 28 818
28 67 586
67 28 586
28 88 914
88 28 914
28 72 812
72 28 812
28 46 14
46 28 14
28 81 956
81 28 956
28 86 384
86 28 384
28 50 856
50 28 856
28 29 551
29 28 551
28 49 558
49 28 558
29 38 209
38 29 209
29 39 419
39 29 419
29 83 327
83 29 327
29 56 428
56 29 428
29 38 639
38 29 639
29 46 239
46 29 239
29 31 608
31 29 608
29 46 110
46 29 110
29 64 341
64 29 341
29 57 240
57 29 240
30 44 200
44 30 200
30 56 787
56 30 787
30 39 935
39 30 935
30 65 363
65 30 363
30 83 717
83 30 717
30 57 432
57 30 432
30 67 406
67 30 406
30 75 117
75 30 117
30 82 960
82 30 960
30 38 189
38 30 189
30 74 79
74 30 79
31 54 34
54 31 34
31 66 849
66 31 849
31 35 96
35 31 96
31 72 202
72 31 202
31 36 523
36 31 523
31 40 503
40 31 503
31 51 335
51 31 335
31 66 801
66 31 801
31 86 813
86 31 813
31 36 419
36 31 419
31 53 620
53 31 620
31 39 266
39 31 266
32 82 992
82 32 992
32 81 757
81 32 757
32 76 48
76 32 48
32 70 370
70 32 370
32 59 954
59 32 954
32 35 100
35 32 100
32 50 509
50 32 509
32 82 617
82 32 617
32 37 219
37 32 219
32 79 379
79 32 379
32 36 840
36 32 840
32 75 155
75 32 155
32 72 720
72 32 720
32 86 139
86 32 139
32 36 537
36 32 537
32 70 140
70 32 140
32 86 275
86 32 275
32 34 184
34 32 184
32 33 49
33 32 49
32 37 274
37 32 274
32 43 446
43 32 446
32 75 786
75 32 786
33 58 496
58 33 496
33 67 380
67 33 380
33 74 680
74 33 680
33 56 656
56 33 656
33 42 904
42 33 904
34 35 356
35 34 356
34 48 526
48 34 526
34 76 290
76 34 290
34 87 833
87 34 833
34 41 793
41 34 793
34 79 127
79 34 127
34 55 9
55 34 9
34 88 980
88 34 980
34 73 87
73 34 87
34 42 620
42 34 620
34 66 265
66 34 265
34 66 709
66 34 709
34 63 984
63 34 984
35 46 767
46 35 767
35 55 191
55 35 191
35 69 840
69 35 840
35 46 143
46 35 143
35 68 74
68 35 74
35 75 38
75 35 38
35 62 688
62 35 688
35 57 609
57 35 609
35 68 542
68 35 542
35 82 800
82 35 800
35 51 576
51 35 576
36 70 608
70 36 608
36 81 183
81 36 183
36 46 652
46 36 652
36 84 506
84 36 506
36 54 714
54 36 714
36 62 423
62 36 423
36 83 298
83 36 298
36 60 154
60 36 154
36 87 845
87 36 845
36 60 564
60 36 564
36 44 153
44 36 153
37 71 125
71 37 125
37 73 576
73 37 576
37 84 940
84 37 940
37 47 749
47 37 749
37 67 966
67 37 966
37 44 690
44 37 690
37 78 59
78 37 59
37 53 481
53 37 481
37 53 639
53 37 639
37 84 41
84 37 41
37 38 842
38 37 842
37 69 644
69 37 644
37 54 778
54 37 778
38 49 415
49 38 415
38 88 716
88 38 716
38 51 824
51 38 824
38 42 572
42 38 572
38 64 899
64 38 899
38 67 71
67 38 71
38 64 581
64 38 581
38 75 960
75 38 960
38 45 48
45 38 48
39 61 473
61 39 473
39 62 931
62 39 931
39 44 34
44 39 34
39 65 288
65 39 288
39 46 206
46 39 206
39 47 579
47 39 579
39 60 644
60 39 644
39 74 962
74 39 962
39 48 271
48 39 271
39 85 762
85 39 762
39 45 20
45 39 20
39 66 961
66 39 961
39 67 434
67 39 434
39 63 612
63 39 612
40 45 156
45 40 156
40 57 545
57 40 545
40 79 15
79 40 15
40 48 861
48 40 861
40 49 554
49 40 554
40 60 74
60 40 74
40 70 251
70 40 251
40 72 653
72 40 653
40 84 140
84 40 140
41 53 216
53 41 216
41 66 421
66 41 421
41 56 412
56 41 412
41 88 554
88 41 554
41 81 284
81 41 284
41 78 586
78 41 586
41 79 450
79 41 450
42 46 588
46 42 588
42 66 411
66 42 411
42 72 638
72 42 638
42 63 19
63 42 19
42 73 905
73 42 905
42 83 145
83 42 145
42 56 347
56 42 347
42 69 98
69 42 98
42 52 842
52 42 842
43 76 745
76 43 745
43 67 181
67 43 181
43 57 862
57 43 862
43 45 402
45 43 402
43 62 152
62 43 152
43 47 458
47 43 458
43 68 953
68 43 953
43 51 990
51 43 990
43 68 506
68 43 506
43 59 217
59 43 217
44 67 337
67 44 337
44 67 894
67 44 894
44 46 926
46 44 926
44 54 5
54 44 5
44 87 667
87 44 667
44 47 585
47 44 585
44 77 684
77 44 684
44 65 558
65 44 558
45 79 67
79 45 67
45 48 413
48 45 413
45 86 860
86 45 860
45 71 30
71 45 30
45 74 681
74 45 681
45 85 54
85 45 54
45 65 801
65 45 801
45 75 570
75 45 570
45 68 813
68 45 813
45 67 613
67 45 613
45 78 135
78 45 135
45 74 963
74 45 963
45 77 659
77 45 659
46 65 279
65 46 279
46 78 759
78 46 759
46 71 179
71 46 179
46 79 226
79 46 226
46 73 364
73 46 364
46 54 265
54 46 265
46 80 116
80 46 116
46 64 310
64 46 310
46 47 121
47 46 121
46 68 944
68 46 944
46 73 394
73 46 394
46 78 401
78 46 401
47 59 529
59 47 529
47 75 436
75 47 436
47 48 507
48 47 507
47 48 252
48 47 252
47 66 871
66 47 871
47 69 313
69 47 313
47 71 410
71 47 410
48 75 408
75 48 408
48 75 140
75 48 140
48 75 530
75 48 530
48 77 296
77 48 296
48 76 119
76 48 119
49 87 962
87 49 962
49 73 835
73 49 835
49 63 637
63 49 637
49 70 205
70 49 205
49 76 723
76 49 723
49 74 551
74 49 551
49 59 920
59 49 920
50 59 123
59 50 123
50 71 404
71 50 404
50 86 912
86 50 912
50 84 206
84 50 206
50 77 590
77 50 590
50 75 336
75 50 336
50 58 198
58 50 198
50 55 800
55 50 800
50 53 366
53 50 366
50 60 520
60 50 520
51 74 224
74 51 224
51 83 140
83 51 140
51 79 532
79 51 532
51 62 83
62 51 83
51 61 277
61 51 277
51 78 683
78 51 683
51 63 823
63 51 823
51 66 881
66 51 881
51 65 88
65 51 88
51 72 617
72 51 617
51 85 838
85 51 838
51 73 645
73 51 645
52 58 890
58 52 890
52 85 705
85 52 705
52 88 519
88 52 519
52 67 48
67 52 48
52 58 943
58 52 943
52 77 146
77 52 146
52 57 380
57 52 380
52 66 297
66 52 297
53 72 867
72 53 867
53 77 161
77 53 161
53 86 23
86 53 23
53 64 330
64 53 330
53 77 380
77 53 380
53 78 614
78 53 614
53 83 202
83 53 202
54 78 615
78 54 615
54 70 939
70 54 939
55 60 808
60 55 808
55 67 803
67 55 803
55 64 364
64 55 364
55 87 542
87 55 542
55 83 244
83 55 244
55 68 682
68 55 682
55 67 372
67 55 372
55 83 811
83 55 811
55 88 367
88 55 367
56 57 163
57 56 163
56 74 129
74 56 129
56 88 298
88 56 298
56 81 388
81 56 388
57 64 572
64 57 572
57 65 533
65 57 533
57 74 216
74 57 216
57 72 544
72 57 544
57 84 795
84 57 795
57 73 365
73 57 365
57 72 780
72 57 780
57 78 294
78 57 294
57 78 177
78 57 177
58 64 596
64 58 596
58 85 736
85 58 736
59 75 678
75 59 678
59 85 699
85 59 699
59 72 916
72 59 916
59 64 858
64 59 858
60 88 114
88 60 114
60 74 569
74 60 569
60 72 92
72 60 92
60 64 230
64 60 230
61 75 767
75 61 767
61 87 620
87 61 620
61 73 749
73 61 749
61 88 969
88 61 969
62 76 845
76 62 845
62 81 250
81 62 250
62 81 319
81 62 319
62 65 449
65 62 449
62 69 95
69 62 95
62 74 438
74 62 438
62 80 745
80 62 745
62 77 390
77 62 390
62 72 474
72 62 474
63 67 286
67 63 286
63 86 338
86 63 338
63 79 39
79 63 39
63 68 330
68 63 330
64 75 558
75 64 558
64 83 506
83 64 506
64 81 685
81 64 685
64 76 809
76 64 809
64 68 533
68 64 533
64 67 24
67 64 24
65 83 605
83 65 605
65 70 928
70 65 928
65 84 507
84 65 507
65 65 598
65 65 598
66 85 915
85 66 915
66 75 626
75 66 626
66 86 494
86 66 494
67 74 621
74 67 621
67 76 235
76 67 235
68 79 87
79 68 87
68 87 60
87 68 60
68 75 900
75 68 900
68 68 96
68 68 96
69 73 76
73 69 76
69 77 641
77 69 641
69 79 520
79 69 520
70 72 338
72 70 338
71 87 728
87 71 728
71 71 701
71 71 701
72 84 481
84 72 481
72 84 5
84 72 5
74 84 94
84 74 94
75 82 1
82 75 1
76 77 277
77 76 277
77 87 152
87 77 152
77 78 388
78 77 388
77 79 311
79 77 311
78 86 323
86 78 323
79 82 485
82 79 485
79 81 521
81 79 521
81 88 240
88 81 240
81 83 290
83 81 290
82 85 449
85 82 449
84 88 320
88 84 320
84 84 630
84 84 630
85 88 770
88 85 770
86 87 591
87 86 591
87 87 11
87 87 11
87 88 599
88 87 599
