95

0 1 4
1 0 4
0 4 520
4 0 520
0 84 842
84 0 842
0 60 219
60 0 219
0 14 189
14 0 189
0 19 595
19 0 595
0 59 323
59 0 323
0 26 714
26 0 714
0 62 848
62 0 848
0 13 553
13 0 553
0 13 754
13 0 754
0 34 909
34 0 909
0 70 51
70 0 51
0 47 405
47 0 405
0 32 892
32 0 892
0 93 784
93 0 784
1 2 243
2 1 243
1 3 464
3 1 464
1 10 231
10 1 231
1 47 193
47 1 193
1 52 198
52 1 198
1 36 976
36 1 976
1 12 243
12 1 243
1 59 169
59 1 169
1 93 75
93 1 75
1 23 784
23 1 784
1 33 204
33 1 204
1 40 281
40 1 281
1 27 268
27 1 268
1 57 432
57 1 432
1 53 848
53 1 848
1 25 889
25 1 889
1 39 75
39 1 75
1 62 526
62 1 526
2 5 766
5 2 766
2 92 737
92 2 737
2 8 696
8 2 696
2 85 165
85 2 165
2 74 969
74 2 969
2 45 338
45 2 338
2 29 806
29 2 806
2 14 945
14 2 945
3 6 631
6 3 631
3 11 613
11 3 613
3 12 994
12 3 994
3 14 194
14 3 194
3 22 801
22 3 801
3 71 741
71 3 741
3 83 868
83 3 868
3 12 198
12 3 198
3 74 775
74 3 775
3 85 102
85 3 102
3 87 75
87 3 75
3 31 752
31 3 752
3 85 642
85 3 642
3 69 503
69 3 503
3 25 414
25 3 414
3 9 856
9 3 856
3 14 160
14 3 160
3 93 298
93 3 298
3 69 384
69 3 384
4 29 814
29 4 814
4 84 707
84 4 707
4 14 536
14 4 536
4 53 642
53 4 642
4 17 353
17 4 353
4 84 867
84 4 867
4 34 156
34 4 156
4 40 716
40 4 716
4 55 470
55 4 470
4 56 615
56 4 615
5 15 309
15 5 309
5 42 434
42 5 434
5 57 10
57 5 10
5 53 816
53 5 816
5 72 509
72 5 509
5 91 717
91 5 717
5 37 154
37 5 154
5 26 741
26 5 741
5 61 545
61 5 545
5 15 165
15 5 165
5 43 114
43 5 114
5 66 641
66 5 641
5 38 835
38 5 835
5 8 968
8 5 968
5 71 894
71 5 894
5 84 547
84 5 547
6 7 540
7 6 540
6 35 875
35 6 875
6 35 215
35 6 215
6 66 94
66 6 94
6 80 376
80 6 376
6 55 313
55 6 313
6 65 664
65 6 664
6 70 358
70 6 358
6 85 178
85 6 178
6 25 29
25 6 29
6 88 511
88 6 511
6 63 427
63 6 427
6 65 916
65 6 916
6 58 153
58 6 153
6 11 201
11 6 201
6 41 935
41 6 935
6 38 132
38 6 132
7 8 731
8 7 731
7 18 660
18 7 660
7 61 714
61 7 714
7 45 944
45 7 944
7 66 926
66 7 926
7 21 601
21 7 601
7 80 337
80 7 337
7 30 719
30 7 719
7 37 12
37 7 12
7 59 614
59 7 614
7 33 618
33 7 618
7 78 168
78 7 168
7 52 617
52 7 617
7 32 75
32 7 75
7 72 689
72 7 689
7 90 611
90 7 611
7 38 447
38 7 447
8 9 39
9 8 39
8 19 315
19 8 315
8 53 973
53 8 973
8 55 593
55 8 593
8 66 952
66 8 952
8 31 603
31 8 603
8 94 237
94 8 237
8 18 209
18 8 209
8 47 14
47 8 14
8 37 164
37 8 164
8 38 23
38 8 23
8 79 820
79 8 820
8 71 375
71 8 375
8 36 859
36 8 859
8 50 921
50 8 921
8 52 32
52 8 32
8 30 43
30 8 43
9 40 399
40 9 399
9 34 839
34 9 839
9 62 17
62 9 17
9 61 222
61 9 222
9 69 121
69 9 121
9 94 984
94 9 984
9 23 77
23 9 77
9 75 590
75 9 590
9 40 920
40 9 920
9 71 607
71 9 607
10 13 425
13 10 425
10 85 450
85 10 450
10 17 732
17 10 732
10 74 227
74 10 227
10 49 490
49 10 490
10 85 493
85 10 493
10 61 941
61 10 941
10 65 902
65 10 902
10 80 910
80 10 910
10 34 776
34 10 776
10 68 414
68 10 414
10 54 739
54 10 739
10 16 545
16 10 545
10 89 622
89 10 622
10 88 925
88 10 925
11 69 373
69 11 373
11 80 562
80 11 562
11 75 599
75 11 599
11 31 258
31 11 258
11 13 227
13 11 227
11 45 403
45 11 403
11 31 35
31 11 35
11 40 183
40 11 183
11 22 210
22 11 210
11 83 266
83 11 266
11 63 649
63 11 649
11 25 165
25 11 165
11 73 408
73 11 408
11 45 502
45 11 502
11 69 265
69 11 265
11 20 127
20 11 127
11 93 907
93 11 907
12 27 225
27 12 225
12 31 328
31 12 328
12 36 701
36 12 701
12 44 832
44 12 832
12 62 862
62 12 862
12 30 170
30 12 170
12 92 191
92 12 191
12 86 160
86 12 160
12 94 761
94 12 761
12 77 850
77 12 850
12 79 957
79 12 957
13 16 605
16 13 605
13 21 216
21 13 216
13 64 336
64 13 336
13 29 965
29 13 965
13 60 840
60 13 840
13 90 947
90 13 947
13 91 745
91 13 745
13 17 465
17 13 465
13 93 448
93 13 448
13 58 224
58 13 224
13 15 644
15 13 644
13 54 655
54 13 655
13 49 55
49 13 55
13 28 476
28 13 476
14 17 537
17 14 537
14 28 590
28 14 590
14 32 503
32 14 503
14 65 972
65 14 972
14 71 628
71 14 628
14 49 126
49 14 126
14 69 375
69 14 375
14 25 262
25 14 262
14 90 529
90 14 529
14 35 378
35 14 378
14 54 587
54 14 587
14 69 264
69 14 264
14 44 825
44 14 825
14 82 872
82 14 872
15 33 839
33 15 839
15 59 783
59 15 783
15 26 715
26 15 715
15 70 580
70 15 580
15 39 677
39 15 677
15 47 468
47 15 468
15 78 959
78 15 959
15 24 265
24 15 265
15 45 885
45 15 885
15 41 277
41 15 277
15 29 954
29 15 954
15 48 749
48 15 749
15 86 823
86 15 823
15 88 28
88 15 28
16 20 187
20 16 187
16 37 230
37 16 230
16 77 69
77 16 69
16 41 781
41 16 781
16 45 43
45 16 43
16 76 21
76 16 21
16 84 332
84 16 332
16 36 891
36 16 891
16 46 784
46 16 784
16 93 885
93 16 885
16 59 504
59 16 504
16 19 925
19 16 925
16 18 762
18 16 762
17 37 262
37 17 262
17 80 684
80 17 684
17 70 977
70 17 977
17 37 881
37 17 881
17 79 938
79 17 938
17 46 167
46 17 167
17 66 540
66 17 540
17 17 406
17 17 406
17 34 510
34 17 510
17 26 820
26 17 820
17 57 168
57 17 168
17 79 162
79 17 162
17 85 217
85 17 217
17 48 814
48 17 814
18 23 20
23 18 20
18 56 809
56 18 809
18 74 197
74 18 197
18 71 123
71 18 123
18 21 78
21 18 78
18 84 832
84 18 832
18 19 838
19 18 838
18 61 239
61 18 239
18 58 824
58 18 824
18 94 333
94 18 333
18 56 250
56 18 250
18 76 500
76 18 500
19 26 885
26 19 885
19 76 644
76 19 644
19 58 589
58 19 589
19 78 616
78 19 616
19 93 720
93 19 720
19 92 112
92 19 112
19 77 140
77 19 140
19 41 515
41 19 515
19 60 401
60 19 401
19 75 522
75 19 522
19 38 311
38 19 311
19 47 979
47 19 979
19 32 307
32 19 307
19 91 711
91 19 711
19 67 676
67 19 676
19 20 899
20 19 899
19 88 187
88 19 187
19 36 730
36 19 730
20 42 835
42 20 835
20 35 960
35 20 960
20 70 49
70 20 49
20 45 791
45 20 791
20 68 637
68 20 637
20 55 910
55 20 910
20 91 962
91 20 962
20 41 659
41 20 659
20 75 830
75 20 830
20 75 590
75 20 590
20 65 792
65 20 792
20 47 431
47 20 431
20 85 956
85 20 956
20 31 530
31 20 530
21 24 975
24 21 975
21 25 807
25 21 807
21 30 986
30 21 986
21 90 711
90 21 711
21 66 258
66 21 258
21 47 107
47 21 107
21 23 557
23 21 557
21 74 484
74 21 484
21 27 473
27 21 473
21 30 608
30 21 608
21 66 261
66 21 261
21 30 925
30 21 925
21 76 11
76 21 11
21 66 729
66 21 729
21 30 975
30 21 975
21 51 239
51 21 239
21 65 992
65 21 992
22 41 965
41 22 965
22 51 430
51 22 430
22 44 661
44 22 661
22 56 10
56 22 10
22 26 334
26 22 334
22 60 737
60 22 737
22 47 885
47 22 885
22 94 299
94 22 299
22 41 637
41 22 637
22 32 860
32 22 860
23 77 215
77 23 215
23 23 601
23 23 601
23 25 648
25 23 648
23 30 212
30 23 212
23 43 853
43 23 853
23 81 768
81 23 768
23 69 14
69 23 14
23 27 845
27 23 845
23 93 456
93 23 456
23 73 545
73 23 545
23 65 911
65 23 911
24 50 861
50 24 861
24 79 755
79 24 755
24 50 159
50 24 159
24 47 648
47 24 648
24 75 296
75 24 296
24 81 363
81 24 363
24 37 115
37 24 115
24 50 430
50 24 430
24 82 556
82 24 556
24 68 932
68 24 932
24 40 402
40 24 402
24 92 495
92 24 495
25 54 991
54 25 991
25 82 781
82 25 781
25 70 855
70 25 855
25 66 591
66 25 591
25 36 978
36 25 978
25 76 893
76 25 893
25 38 932
38 25 932
25 88 905
88 25 905
26 43 209
43 26 209
26 82 244
82 26 244
26 74 104
74 26 104
26 38 77
38 26 77
26 77 648
77 26 648
26 63 492
63 26 492
26 33 382
33 26 382
26 80 320
80 26 320
26 37 390
37 26 390
27 83 384
83 27 384
27 32 463
32 27 463
27 54 78
54 27 78
27 30 105
30 27 105
27 84 730
84 27 730
27 83 702
83 27 702
27 86 73
86 27 73
27 53 574
53 27 574
28 35 670
35 28 670
28 39 443
39 28 443
28 63 500
63 28 500
28 53 93
53 28 93
28 58 393
58 28 393
28 36 975
36 28 975
28 67 686
67 28 686
28 89 444
89 28 444
28 62 5
62 28 5
29 34 811
34 29 811
29 69 702
69 29 702
29 75 760
75 29 760
29 93 581
93 29 581
29 43 186
43 29 186
29 49 63
49 29 63
29 54 475
54 29 475
29 43 744
43 29 744
29 88 841
88 29 841
29 86 214
86 29 214
29 89 57
89 29 57
29 35 233
35 29 233
29 64 20
64 29 20
29 58 170
58 29 170
29 64 407
64 29 407
29 34 272
34 29 272
29 89 582
89 29 582
30 57 737
57 30 737
30 87 444
87 30 444
30 37 135
37 30 135
30 94 354
94 30 354
30 52 367
52 30 367
30 49 528
49 30 528
30 74 45
74 30 45
30 72 903
72 30 903
30 89 228
89 30 228
30 54 624
54 30 624
31 38 895
38 31 895
31 62 870
62 31 870
31 38 858
38 31 858
31 66 81
66 31 81
31 90 768
90 31 768
31 37 836
37 31 836
31 44 207
44 31 207
31 73 391
73 31 391
31 42 302
42 31 302
31 51 624
51 31 624
31 45 189
45 31 189
32 45 13
45 32 13
32 73 875
73 32 875
32 91 866
91 32 866
32 92 841
92 32 841
32 55 297
55 32 297
32 63 615
63 32 615
32 79 191
79 32 191
32 79 989
79 32 989
32 43 516
43 32 516
32 62 825
62 32 825
32 79 98
79 32 98
32 90 525
90 32 525
32 35 624
35 32 624
33 53 332
53 33 332
33 93 185
93 33 185
33 73 851
73 33 851
33 52 579
52 33 579
33 72 782
72 33 782
33 41 716
41 33 716
33 74 691
74 33 691
34 49 287
49 34 287
34 84 491
84 34 491
34 92 240
92 34 240
34 78 235
78 34 235
34 44 909
44 34 909
34 34 210
34 34 210
34 66 935
66 34 935
34 84 904
84 34 904
34 58 75
58 34 75
34 65 120
65 34 120
34 39 747
39 34 747
34 93 613
93 34 613
34 50 341
50 34 341
34 77 148
77 34 148
35 62 775
62 35 775
35 61 153
61 35 153
35 47 204
47 35 204
35 38 895
38 35 895
35 92 562
92 35 562
35 54 13
54 35 13
35 59 505
59 35 505
36 75 321
75 36 321
36 78 597
78 36 597
36 81 668
81 36 668
37 67 490
67 37 490
37 92 136
92 37 136
37 61 393
61 37 393
37 42 508
42 37 508
37 89 379
89 37 379
37 58 674
58 37 674
37 53 454
53 37 454
37 93 445
93 37 445
37 58 890
58 37 890
38 93 656
93 38 656
38 68 463
68 38 463
38 41 556
41 38 556
38 83 691
83 38 691
38 60 578
60 38 578
38 83 858
83 38 858
38 61 645
61 38 645
38 58 883
58 38 883
38 78 501
78 38 501
39 87 764
87 39 764
39 59 656
59 39 656
39 88 255
88 39 255
39 48 676
48 39 676
39 89 916
89 39 916
39 77 772
77 39 772
39 86 409
86 39 409
39 91 781
91 39 781
39 60 487
60 39 487
39 86 428
86 39 428
39 84 247
84 39 247
39 60 946
60 39 946
39 49 510
49 39 510
39 91 402
91 39 402
40 93 822
93 40 822
40 92 866
92 40 866
40 64 686
64 40 686
40 63 681
63 40 681
40 89 567
89 40 567
41 90 471
90 41 471
41 43 400
43 41 400
41 65 392
65 41 392
41 68 318
68 41 318
41 89 244
89 41 244
41 42 278
42 41 278
41 71 706
71 41 706
41 47 1
47 41 1
42 48 430
48 42 430
42 83 522
83 42 522
42 62 939
62 42 939
42 54 38
54 42 38
42 66 800
66 42 800
42 46 722
46 42 722
42 61 613
61 42 613
42 81 533
81 42 533
42 78 471
78 42 471
42 80 795
80 42 795
42 71 615
71 42 615
42 69 180
69 42 180
43 46 784
46 43 784
43 56 22
56 43 22
43 54 230
54 43 230
43 51 363
51 43 363
43 82 951
82 43 951
43 89 59
89 43 59
43 92 974
92 43 974
43 88 286
88 43 286
43 45 814
45 43 814
43 81 687
81 43 687
43 82 168
82 43 168
43 72 925
72 43 925
44 67 457
67 44 457
44 62 917
62 44 917
44 53 827
53 44 827
44 80 202
80 44 202
44 50 136
50 44 136
44 74 694
74 44 694
44 65 987
65 44 987
44 51 296
51 44 296
44 72 716
72 44 716
44 84 113
84 44 113
45 49 141
49 45 141
45 61 604
61 45 604
45 53 368
53 45 368
45 72 452
72 45 452
45 84 653
84 45 653
45 50 931
50 45 931
45 59 10
59 45 10
45 77 198
77 45 198
45 84 773
84 45 773
46 49 129
49 46 129
46 90 598
90 46 598
46 70 630
70 46 630
46 59 936
59 46 936
46 50 876
50 46 876
46 63 758
63 46 758
46 68 881
68 46 881
46 48 720
48 46 720
47 60 340
60 47 340
47 63 389
63 47 389
47 55 515
55 47 515
47 63 572
63 47 572
47 60 807
60 47 807
47 73 983
73 47 983
48 86 117
86 48 117
48 61 454
61 48 454
48 74 174
74 48 174
48 53 891
53 48 891
48 72 600
72 48 600
48 72 160
72 48 160
49 52 204
52 49 204
49 89 899
89 49 899
49 63 38
63 49 38
49 77 505
77 49 505
49 63 946
63 49 946
49 76 226
76 49 226
49 74 680
74 49 680
49 73 832
73 49 832
49 69 205
69 49 205
49 74 246
74 49 246
49 49 766
49 49 766
50 70 14
70 50 14
50 63 829
63 50 829
50 76 737
76 50 737
50 52 688
52 50 688
50 73 406
73 50 406
50 62 937
62 50 937
51 72 6
72 51 6
51 92 309
92 51 309
51 78 62
78 51 62
51 52 40
52 51 40
51 52 775
52 51 775
52 58 590
58 52 590
52 58 25
58 52 25
52 86 890
86 52 890
52 69 13
69 52 13
52 89 660
89 52 660
52 63 261
63 52 261
52 82 987
82 52 987
53 58 423
58 53 423
53 72 206
72 53 206
53 92 38
92 53 38
53 76 387
76 53 387
53 54 672
54 53 672
53 88 241
88 53 241
53 84 183
84 53 183
53 84 619
84 53 619
54 67 692
67 54 692
54 67 813
67 54 813
54 56 897
56 54 897
54 68 55
68 54 55
54 71 617
71 54 617
55 68 721
68 55 721
55 76 516
76 55 516
55 75 782
75 55 782
56 70 436
70 56 436
56 77 932
77 56 932
56 78 933
78 56 933
56 84 510
84 56 510
56 73 783
73 56 783
57 70 352
70 57 352
57 86 157
86 57 157
57 80 848
80 57 848
57 88 12
88 57 12
58 87 645
87 58 645
58 81 951
81 58 951
58 91 229
91 58 229
58 83 759
83 58 759
58 82 213
82 58 213
58 91 492
91 58 492
58 74 513
74 58 513
58 77 737
77 58 737
59 69 255
69 59 255
59 87 344
87 59 344
59 72 687
72 59 687
60 70 462
70 60 462
60 79 590
79 60 590
60 84 283
84 60 283
60 88 46
88 60 46
60 83 884
83 60 884
60 84 633
84 60 633
61 91 384
91 61 384
61 83 269
83 61 269
61 83 778
83 61 778
61 89 678
89 61 678
62 74 163
74 62 163
62 66 491
66 62 491
62 76 332
76 62 332
62 90 276
90 62 276
63 72 388
72 63 388
63 67 665
67 63 665
63 79 802
79 63 802
63 70 874
70 63 874
63 89 552
89 63 552
63 90 65
90 63 65
63 94 374
94 63 374
64 87 276
87 64 276
64 91 29
91 64 29
64 67 240
67 64 240
65 67 139
67 65 139
65 67 248
67 65 248
65 78 217
78 65 217
65 73 64
73 65 64
65 79 166
79 65 166
66 81 214
81 66 214
66 84 658
84 66 658
66 81 699
81 66 699
66 73 76
73 66 76
66 92 448
92 66 448
67 70 892
70 67 892
67 81 533
81 67 533
67 84 390
84 67 390
67 72 52
72 67 52
67 90 730
90 67 730
67 90 76
90 67 76
68 77 538
77 68 538
68 79 921
79 68 921
68 88 899
88 68 899
68 79 795
79 68 795
68 81 255
81 68 255
68 91 987
91 68 987
69 82 711
82 69 711
69 90 807
90 69 807
69 82 669
82 69 669
69 84 811
84 69 811
69 81 627
81 69 627
69 90 430
90 69 430
70 75 906
75 70 906
70 86 802
86 70 802
70 71 968
71 70 968
71 85 860
85 71 860
71 81 338
81 71 338
72 78 820
78 72 820
72 79 570
79 72 570
73 78 325
78 73 325
73 87 204
87 73 204
73 88 487
88 73 487
74 87 550
87 74 550
74 92 497
92 74 497
74 81 510
81 74 510
74 79 468
79 74 468
75 85 766
85 75 766
75 89 883
89 75 883
75 87 813
87 75 813
76 81 467
81 76 467
76 80 445
80 76 445
77 78 18
78 77 18
77 91 64
91 77 64
77 94 968
94 77 968
78 80 42
80 78 42
78 89 835
89 78 835
79 82 377
82 79 377
79 79 435
79 79 435
79 80 519
80 79 519
80 82 150
82 80 150
81 89 857
89 81 857
81 82 785
82 81 785
82 93 921
93 82 921
82 86 725
86 82 725
83 94 188
94 83 188
83 85 55
85 83 55
84 91 273
91 84 273
84 85 30
85 84 30
85 88 675
88 85 675
85 93 938
93 85 938
87 94 359
94 87 359
88 94 737
94 88 737
90 94 360
94 90 360
93 94 759
94 93 759
