66

0 1 969
1 0 969
0 2 513
2 0 513
0 50 826
50 0 826
0 62 220
62 0 220
1 4 680
4 1 680
1 7 486
7 1 486
1 34 893
34 1 893
1 6 664
6 1 664
2 3 609
3 2 609
2 5 884
5 2 884
2 8 337
8 2 337
2 9 822
9 2 822
2 17 967
17 2 967
2 23 958
23 2 958
2 37 951
37 2 951
3 13 88
13 3 88
3 57 579
57 3 579
3 64 568
64 3 568
3 42 513
42 3 513
3 60 726
60 3 726
3 4 103
4 3 103
4 11 122
11 4 122
4 60 13
60 4 13
4 7 456
7 4 456
4 15 574
15 4 574
5 6 9
6 5 9
5 36 429
36 5 429
5 43 423
43 5 423
5 7 917
7 5 917
5 22 413
22 5 413
6 10 227
10 6 227
6 48 472
48 6 472
6 52 472
52 6 472
6 49 57
49 6 57
6 45 761
45 6 761
7 18 482
18 7 482
7 25 857
25 7 857
7 31 200
31 7 200
7 65 498
65 7 498
8 35 433
35 8 433
8 27 629
27 8 629
9 21 326
21 9 326
9 47 734
47 9 734
10 12 733
12 10 733
10 15 507
15 10 507
10 16 696
16 10 696
10 33 389
33 10 389
10 46 559
46 10 559
12 14 372
14 12 372
12 57 552
57 12 552
12 64 597
64 12 597
12 64 355
64 12 355
13 22 122
22 13 122
13 20 165
20 13 165
14 41 642
41 14 642
14 64 642
64 14 642
15 19 168
19 15 168
15 26 576
26 15 576
15 59 444
59 15 444
16 20 488
20 16 488
16 39 588
39 16 588
16 33 394
33 16 394
16 31 697
31 16 697
16 18 287
18 16 287
16 23 170
23 16 170
17 30 799
30 17 799
17 37 460
37 17 460
17 42 779
42 17 779
17 25 946
25 17 946
17 51 604
51 17 604
17 61 434
61 17 434
18 56 398
56 18 398
18 61 49
61 18 49
18 52 432
52 18 432
19 22 950
22 19 950
19 28 588
28 19 588
20 32 796
32 20 796
20 60 727
60 20 727
21 24 371
24 21 371
21 41 568
41 21 568
21 50 601
50 21 601
21 37 321
37 21 321
22 27 822
27 22 822
23 29 629
29 23 629
23 38 804
38 23 804
23 40 990
40 23 990
23 53 787
53 23 787
23 63 335
63 23 335
25 63 811
63 25 811
26 55 465
55 26 465
27 45 40
45 27 40
27 47 607
47 27 607
27 36 478
36 27 478
28 45 813
45 28 813
29 49 440
49 29 440
29 57 746
57 29 746
29 49 452
49 29 452
30 47 325
47 30 325
30 43 493
43 30 493
31 48 762
48 31 762
35 50 670
50 35 670
36 58 599
58 36 599
36 42 185
42 36 185
39 44 125
44 39 125
40 44 745
44 40 745
40 56 530
56 40 530
41 65 411
65 41 411
43 59 538
59 43 538
44 65 443
65 44 443
45 51 400
51 45 400
45 54 310
54 45 310
50 60 155
60 50 155
54 65 374
65 54 374
60 64 145
64 60 145
