34

0 1 827
1 0 827
0 2 401
2 0 401
0 3 279
3 0 279
0 4 808
4 0 808
0 9 795
9 0 795
0 11 430
11 0 430
0 18 802
18 0 802
0 10 548
10 0 548
1 6 791
6 1 791
1 7 471
7 1 471
1 12 294
12 1 294
1 26 418
26 1 418
2 8 160
8 2 160
2 13 254
13 2 254
2 26 789
26 2 789
3 5 11
5 3 11
3 4 191
4 3 191
4 15 405
15 4 405
4 10 453
10 4 453
5 14 751
14 5 751
5 23 601
23 5 601
5 23 478
23 5 478
6 31 453
31 6 453
7 10 785
10 7 785
7 13 549
13 7 549
7 24 279
24 7 279
9 19 485
19 9 485
9 24 596
24 9 596
10 24 848
24 10 848
10 17 164
17 10 164
11 20 366
20 11 366
11 25 609
25 11 609
12 27 117
27 12 117
13 16 102
16 13 102
14 17 996
17 14 996
15 22 931
22 15 931
15 21 350
21 15 350
16 19 494
19 16 494
16 19 422
19 16 422
17 28 814
28 17 814
18 22 94
22 18 94
19 32 876
32 19 876
20 21 251
21 20 251
20 23 159
23 20 159
20 30 102
30 20 102
20 33 938
33 20 938
21 32 176
32 21 176
23 29 238
29 23 238
30 33 591
33 30 591
