34

0 1 478
1 0 478
0 3 593
3 0 593
0 10 503
10 0 503
0 17 500
17 0 500
0 19 390
19 0 390
1 2 502
2 1 502
1 5 296
5 1 296
2 5 285
5 2 285
2 8 352
8 2 352
2 20 369
20 2 369
2 14 112
14 2 112
2 14 489
14 2 489
3 4 348
4 3 348
3 14 455
14 3 455
3 3 187
3 3 187
4 11 351
11 4 351
4 21 427
21 4 427
4 28 976
28 4 976
4 21 644
21 4 644
4 30 555
30 4 555
5 6 167
6 5 167
5 7 203
7 5 203
5 12 733
12 5 733
5 13 963
13 5 963
6 9 3
9 6 3
6 32 586
32 6 586
6 17 953
17 6 953
6 26 428
26 6 428
7 18 318
18 7 318
8 15 963
15 8 963
8 28 432
28 8 432
8 21 299
21 8 299
8 15 207
15 8 207
8 17 766
17 8 766
9 12 336
12 9 336
9 29 490
29 9 490
10 18 275
18 10 275
10 33 54
33 10 54
10 28 311
28 10 311
10 33 22
33 10 22
10 13 194
13 10 194
11 13 806
13 11 806
11 22 377
22 11 377
13 25 262
25 13 262
15 16 821
16 15 821
15 32 521
32 15 521
18 24 636
24 18 636
19 27 769
27 19 769
19 30 27
30 19 27
20 24 373
24 20 373
20 24 827
24 20 827
21 23 495
23 21 495
21 26 29
26 21 29
24 31 500
31 24 500
26 27 822
27 26 822
29 30 685
30 29 685
