78

0 1 707
1 0 707
0 4 423
4 0 423
0 6 279
6 0 279
0 7 154
7 0 154
0 42 279
42 0 279
0 69 428
69 0 428
0 38 389
38 0 389
0 13 315
13 0 315
0 19 668
19 0 668
0 24 505
24 0 505
0 5 619
5 0 619
0 67 78
67 0 78
0 77 297
77 0 297
0 10 735
10 0 735
1 2 440
2 1 440
1 3 859
3 1 859
1 9 822
9 1 822
1 43 332
43 1 332
1 63 654
63 1 654
1 72 188
72 1 188
1 35 122
35 1 122
1 22 77
22 1 77
1 74 786
74 1 786
1 35 14
35 1 14
1 70 490
70 1 490
1 44 969
44 1 969
1 48 802
48 1 802
1 75 493
75 1 493
1 73 48
73 1 48
1 19 671
19 1 671
1 48 487
48 1 487
1 60 957
60 1 957
1 47 595
47 1 595
2 10 737
10 2 737
2 18 557
18 2 557
2 20 318
20 2 318
2 23 401
23 2 401
2 59 326
59 2 326
2 22 635
22 2 635
2 7 894
7 2 894
2 12 731
12 2 731
2 77 113
77 2 113
2 41 720
41 2 720
2 24 140
24 2 140
3 29 42
29 3 42
3 54 354
54 3 354
3 70 55
70 3 55
3 46 776
46 3 776
3 70 668
70 3 668
3 7 790
7 3 790
3 72 604
72 3 604
3 47 279
47 3 279
3 25 141
25 3 141
3 46 399
46 3 399
4 5 737
5 4 737
4 13 882
13 4 882
4 59 309
59 4 309
4 42 949
42 4 949
4 67 16
67 4 16
4 28 110
28 4 110
4 16 787
16 4 787
4 64 189
64 4 189
4 63 576
63 4 576
4 10 496
10 4 496
4 49 229
49 4 229
4 11 791
11 4 791
4 42 340
42 4 340
4 28 968
28 4 968
4 17 275
17 4 275
4 74 776
74 4 776
4 56 212
56 4 212
4 29 708
29 4 708
4 48 991
48 4 991
5 8 505
8 5 505
5 11 116
11 5 116
5 28 573
28 5 573
5 46 377
46 5 377
5 51 269
51 5 269
5 37 939
37 5 939
5 58 446
58 5 446
5 41 2
41 5 2
5 37 955
37 5 955
5 17 703
17 5 703
5 21 568
21 5 568
5 65 906
65 5 906
5 57 961
57 5 961
5 57 46
57 5 46
5 19 702
19 5 702
5 77 334
77 5 334
5 36 588
36 5 588
5 56 764
56 5 764
5 76 792
76 5 792
5 39 991
39 5 991
5 48 21
48 5 21
5 61 223
61 5 223
5 21 532
21 5 532
5 73 361
73 5 361
6 56 808
56 6 808
6 70 66
70 6 66
6 27 840
27 6 840
6 51 255
51 6 255
6 36 976
36 6 976
6 9 936
9 6 936
6 68 278
68 6 278
7 19 994
19 7 994
7 61 382
61 7 382
7 69 128
69 7 128
7 68 979
68 7 979
7 31 881
31 7 881
7 37 894
37 7 894
7 49 137
49 7 137
7 72 124
72 7 124
7 18 829
18 7 829
7 27 360
27 7 360
7 33 296
33 7 296
7 51 85
51 7 85
7 25 983
25 7 983
7 22 696
22 7 696
7 16 228
16 7 228
8 12 861
12 8 861
8 22 532
22 8 532
8 62 346
62 8 346
8 26 2
26 8 2
8 72 511
72 8 511
8 39 606
39 8 606
8 38 220
38 8 220
8 62 480
62 8 480
8 54 579
54 8 579
8 44 731
44 8 731
8 64 490
64 8 490
8 26 436
26 8 436
8 43 274
43 8 274
8 18 955
18 8 955
8 44 187
44 8 187
8 61 64
61 8 64
9 15 738
15 9 738
9 16 204
16 9 204
9 34 647
34 9 647
9 37 607
37 9 607
9 60 913
60 9 913
9 55 313
55 9 313
9 71 706
71 9 706
9 57 512
57 9 512
9 35 972
35 9 972
9 60 400
60 9 400
9 61 547
61 9 547
9 23 414
23 9 414
9 67 706
67 9 706
9 50 224
50 9 224
9 48 42
48 9 42
9 76 521
76 9 521
9 12 656
12 9 656
9 65 647
65 9 647
10 77 63
77 10 63
10 72 610
72 10 610
10 31 764
31 10 764
10 57 273
57 10 273
10 75 357
75 10 357
10 46 52
46 10 52
10 27 22
27 10 22
10 28 187
28 10 187
10 48 489
48 10 489
10 65 923
65 10 923
10 24 682
24 10 682
10 59 728
59 10 728
11 14 464
14 11 464
11 26 545
26 11 545
11 66 10
66 11 10
11 13 4
13 11 4
11 18 245
18 11 245
11 63 739
63 11 739
11 62 86
62 11 86
11 31 942
31 11 942
11 63 860
63 11 860
11 38 844
38 11 844
11 69 923
69 11 923
11 50 36
50 11 36
11 75 729
75 11 729
11 51 436
51 11 436
11 63 341
63 11 341
11 25 454
25 11 454
11 34 273
34 11 273
11 38 229
38 11 229
12 67 865
67 12 865
12 16 192
16 12 192
12 33 88
33 12 88
12 44 718
44 12 718
12 49 96
49 12 96
12 56 805
56 12 805
12 28 968
28 12 968
12 13 675
13 12 675
12 38 393
38 12 393
12 29 376
29 12 376
12 43 104
43 12 104
12 63 633
63 12 633
13 33 24
33 13 24
13 34 224
34 13 224
13 70 934
70 13 934
13 18 45
18 13 45
13 66 176
66 13 176
13 50 456
50 13 456
13 21 743
21 13 743
13 72 216
72 13 216
13 72 780
72 13 780
13 42 581
42 13 581
13 49 380
49 13 380
14 17 471
17 14 471
14 39 189
39 14 189
14 14 168
14 14 168
14 76 487
76 14 487
14 23 700
23 14 700
14 43 569
43 14 569
14 29 588
29 14 588
14 47 273
47 14 273
14 27 682
27 14 682
15 56 915
56 15 915
15 60 720
60 15 720
15 72 987
72 15 987
15 16 777
16 15 777
15 74 601
74 15 601
15 67 311
67 15 311
15 65 940
65 15 940
15 77 825
77 15 825
16 50 338
50 16 338
16 60 467
60 16 467
16 65 637
65 16 637
16 76 545
76 16 545
16 52 919
52 16 919
16 41 663
41 16 663
16 62 550
62 16 550
16 28 244
28 16 244
16 43 862
43 16 862
16 53 188
53 16 188
16 72 834
72 16 834
17 19 257
19 17 257
17 40 541
40 17 541
17 52 552
52 17 552
17 37 19
37 17 19
17 19 547
19 17 547
17 50 170
50 17 170
17 36 673
36 17 673
17 40 971
40 17 971
17 77 128
77 17 128
17 37 566
37 17 566
17 25 791
25 17 791
17 56 153
56 17 153
17 32 420
32 17 420
17 42 871
42 17 871
17 48 238
48 17 238
18 19 992
19 18 992
18 27 484
27 18 484
18 73 352
73 18 352
18 71 967
71 18 967
18 37 342
37 18 342
18 34 179
34 18 179
18 53 81
53 18 81
18 37 681
37 18 681
19 21 460
21 19 460
19 25 949
25 19 949
19 43 90
43 19 90
19 53 8
53 19 8
19 46 286
46 19 286
19 74 897
74 19 897
19 29 372
29 19 372
19 29 413
29 19 413
19 31 130
31 19 130
19 53 56
53 19 56
20 24 336
24 20 336
20 45 20
45 20 20
20 24 343
24 20 343
20 67 43
67 20 43
20 46 593
46 20 593
20 61 334
61 20 334
20 23 527
23 20 527
20 48 993
48 20 993
20 62 413
62 20 413
21 27 191
27 21 191
21 69 647
69 21 647
21 41 786
41 21 786
21 67 408
67 21 408
21 49 599
49 21 599
21 77 456
77 21 456
21 28 312
28 21 312
21 69 120
69 21 120
21 27 658
27 21 658
21 57 763
57 21 763
22 50 951
50 22 951
22 37 770
37 22 770
22 67 296
67 22 296
22 71 42
71 22 42
22 55 537
55 22 537
22 31 167
31 22 167
22 50 744
50 22 744
22 76 619
76 22 619
22 44 135
44 22 135
23 53 282
53 23 282
23 73 167
73 23 167
23 58 490
58 23 490
23 57 260
57 23 260
23 27 176
27 23 176
23 32 200
32 23 200
23 73 330
73 23 330
23 56 518
56 23 518
24 30 684
30 24 684
24 36 354
36 24 354
24 49 577
49 24 577
24 71 823
71 24 823
24 73 192
73 24 192
24 43 654
43 24 654
24 46 305
46 24 305
24 34 228
34 24 228
24 36 838
36 24 838
24 57 331
57 24 331
24 56 383
56 24 383
24 27 76
27 24 76
25 31 368
31 25 368
25 44 17
44 25 17
25 35 342
35 25 342
25 43 954
43 25 954
25 62 965
62 25 965
25 39 933
39 25 933
26 68 117
68 26 117
26 34 968
34 26 968
26 46 269
46 26 269
26 47 446
47 26 446
26 76 165
76 26 165
26 40 271
40 26 271
26 76 774
76 26 774
26 30 961
30 26 961
26 49 141
49 26 141
26 33 571
33 26 571
26 51 968
51 26 968
27 47 810
47 27 810
27 61 110
61 27 110
27 52 203
52 27 203
27 47 994
47 27 994
27 57 410
57 27 410
27 35 346
35 27 346
27 29 288
29 27 288
27 38 631
38 27 631
27 31 231
31 27 231
27 62 71
62 27 71
27 77 654
77 27 654
27 51 42
51 27 42
27 38 894
38 27 894
28 35 11
35 28 11
28 70 133
70 28 133
28 39 604
39 28 604
28 44 209
44 28 209
28 37 120
37 28 120
28 75 73
75 28 73
28 43 963
43 28 963
29 48 509
48 29 509
29 76 982
76 29 982
29 66 297
66 29 297
29 65 119
65 29 119
29 75 408
75 29 408
29 48 322
48 29 322
29 65 297
65 29 297
29 32 57
32 29 57
30 38 529
38 30 529
30 62 686
62 30 686
30 43 243
43 30 243
30 47 819
47 30 819
30 45 421
45 30 421
30 73 271
73 30 271
30 52 741
52 30 741
30 68 125
68 30 125
31 32 113
32 31 113
31 48 659
48 31 659
31 64 986
64 31 986
31 68 815
68 31 815
31 54 66
54 31 66
31 43 309
43 31 309
31 70 363
70 31 363
31 68 853
68 31 853
31 70 323
70 31 323
31 40 590
40 31 590
31 75 250
75 31 250
31 39 223
39 31 223
31 67 452
67 31 452
31 45 281
45 31 281
31 37 770
37 31 770
32 45 526
45 32 526
32 71 191
71 32 191
32 72 456
72 32 456
32 66 94
66 32 94
32 62 595
62 32 595
32 33 940
33 32 940
32 48 442
48 32 442
32 55 28
55 32 28
32 58 529
58 32 529
32 63 687
63 32 687
33 70 281
70 33 281
33 65 932
65 33 932
33 65 797
65 33 797
33 49 319
49 33 319
33 62 323
62 33 323
33 44 667
44 33 667
33 62 67
62 33 67
34 38 589
38 34 589
34 41 398
41 34 398
34 52 48
52 34 48
34 70 924
70 34 924
34 73 24
73 34 24
34 65 711
65 34 711
34 54 691
54 34 691
34 64 818
64 34 818
34 56 535
56 34 535
34 65 233
65 34 233
34 75 932
75 34 932
35 41 328
41 35 328
35 47 978
47 35 978
35 52 556
52 35 556
35 37 439
37 35 439
35 56 449
56 35 449
35 36 580
36 35 580
36 63 642
63 36 642
36 57 343
57 36 343
36 66 459
66 36 459
36 65 223
65 36 223
36 61 375
61 36 375
36 72 971
72 36 971
36 42 297
42 36 297
36 45 305
45 36 305
36 48 897
48 36 897
37 62 52
62 37 52
37 52 606
52 37 606
38 77 578
77 38 578
38 53 281
53 38 281
38 56 149
56 38 149
38 48 201
48 38 201
39 55 20
55 39 20
39 68 209
68 39 209
39 55 67
55 39 67
39 67 159
67 39 159
39 64 959
64 39 959
39 55 284
55 39 284
39 51 210
51 39 210
40 68 927
68 40 927
40 45 491
45 40 491
40 76 81
76 40 81
40 50 667
50 40 667
40 45 846
45 40 846
41 72 968
72 41 968
41 60 279
60 41 279
41 75 83
75 41 83
41 72 542
72 41 542
41 75 645
75 41 645
41 46 550
46 41 550
41 43 913
43 41 913
41 52 722
52 41 722
42 74 929
74 42 929
42 72 80
72 42 80
42 49 235
49 42 235
43 51 54
51 43 54
43 62 226
62 43 226
43 48 757
48 43 757
43 73 491
73 43 491
43 65 575
65 43 575
43 44 77
44 43 77
43 56 491
56 43 491
44 57 53
57 44 53
44 72 716
72 44 716
44 47 655
47 44 655
44 58 452
58 44 452
44 68 275
68 44 275
45 54 713
54 45 713
45 65 334
65 45 334
45 56 531
56 45 531
45 61 24
61 45 24
45 48 350
48 45 350
46 49 223
49 46 223
46 68 337
68 46 337
46 74 585
74 46 585
46 50 458
50 46 458
46 56 82
56 46 82
46 58 738
58 46 738
46 47 27
47 46 27
46 62 354
62 46 354
47 52 663
52 47 663
47 60 918
60 47 918
47 57 191
57 47 191
47 65 486
65 47 486
47 51 142
51 47 142
47 73 6
73 47 6
47 68 16
68 47 16
48 53 517
53 48 517
48 71 937
71 48 937
48 65 64
65 48 64
48 63 677
63 48 677
49 68 962
68 49 962
49 53 150
53 49 150
49 65 877
65 49 877
49 52 979
52 49 979
49 54 604
54 49 604
49 76 770
76 49 770
49 54 449
54 49 449
49 52 338
52 49 338
50 72 432
72 50 432
50 61 833
61 50 833
50 70 907
70 50 907
51 55 507
55 51 507
51 59 527
59 51 527
51 71 538
71 51 538
52 73 190
73 52 190
52 75 144
75 52 144
52 67 624
67 52 624
52 57 869
57 52 869
52 66 622
66 52 622
52 72 159
72 52 159
52 62 161
62 52 161
53 74 417
74 53 417
53 69 498
69 53 498
53 56 419
56 53 419
53 70 509
70 53 509
54 64 613
64 54 613
54 60 334
60 54 334
54 55 470
55 54 470
55 59 33
59 55 33
57 58 930
58 57 930
57 62 923
62 57 923
57 57 856
57 57 856
57 60 944
60 57 944
58 69 865
69 58 865
58 58 669
58 58 669
58 77 247
77 58 247
58 70 936
70 58 936
59 61 512
61 59 512
59 74 753
74 59 753
59 71 844
71 59 844
59 77 854
77 59 854
59 71 590
71 59 590
59 68 115
68 59 115
60 67 161
67 60 161
61 71 980
71 61 980
61 64 846
64 61 846
61 75 884
75 61 884
61 65 888
65 61 888
62 76 354
76 62 354
62 70 456
70 62 456
62 67 970
67 62 970
62 63 78
63 62 78
63 65 843
65 63 843
64 70 531
70 64 531
64 68 110
68 64 110
64 71 218
71 64 218
65 67 678
67 65 678
65 72 509
72 65 509
65 69 981
69 65 981
66 75 735
75 66 735
66 71 870
71 66 870
67 73 292
73 67 292
69 76 81
76 69 81
70 76 373
76 70 373
71 72 858
72 71 858
74 76 98
76 74 98
74 76 467
76 74 467
