74

0 1 812
1 0 812
0 6 841
6 0 841
0 11 610
11 0 610
0 11 267
11 0 267
0 48 143
48 0 143
0 11 549
11 0 549
0 37 402
37 0 402
0 33 887
33 0 887
0 33 994
33 0 994
0 7 270
7 0 270
0 66 319
66 0 319
1 2 142
2 1 142
1 4 477
4 1 477
1 12 828
12 1 828
1 21 897
21 1 897
1 25 712
25 1 712
1 66 2
66 1 2
1 20 495
20 1 495
1 2 458
2 1 458
1 48 35
48 1 35
1 51 517
51 1 517
1 14 80
14 1 80
1 54 503
54 1 503
1 56 300
56 1 300
1 57 273
57 1 273
1 8 460
8 1 460
1 18 722
18 1 722
1 24 263
24 1 263
2 3 773
3 2 773
2 22 483
22 2 483
2 59 8
59 2 8
2 60 186
60 2 186
2 33 355
33 2 355
2 35 959
35 2 959
2 38 711
38 2 711
2 49 557
49 2 557
2 15 839
15 2 839
2 35 242
35 2 242
2 63 404
63 2 404
2 72 625
72 2 625
3 7 801
7 3 801
3 51 931
51 3 931
3 3 670
3 3 670
3 55 629
55 3 629
3 73 542
73 3 542
3 71 761
71 3 761
3 16 778
16 3 778
3 22 709
22 3 709
3 24 148
24 3 148
3 34 153
34 3 153
3 17 593
17 3 593
3 52 499
52 3 499
3 55 621
55 3 621
4 5 826
5 4 826
4 27 413
27 4 413
4 45 120
45 4 120
4 25 686
25 4 686
4 61 169
61 4 169
4 7 796
7 4 796
4 59 746
59 4 746
4 53 207
53 4 207
4 5 278
5 4 278
4 12 827
12 4 827
4 13 827
13 4 827
4 59 981
59 4 981
4 72 179
72 4 179
4 72 660
72 4 660
4 35 828
35 4 828
4 24 607
24 4 607
4 19 682
19 4 682
4 24 461
24 4 461
4 70 15
70 4 15
4 44 816
44 4 816
4 62 883
62 4 883
4 20 477
20 4 477
5 8 373
8 5 373
5 9 205
9 5 205
5 18 285
18 5 285
5 41 373
41 5 373
5 63 334
63 5 334
5 70 230
70 5 230
5 39 754
39 5 754
5 11 383
11 5 383
5 41 683
41 5 683
5 25 134
25 5 134
5 17 960
17 5 960
5 66 568
66 5 568
5 34 32
34 5 32
5 60 552
60 5 552
6 32 596
32 6 596
6 57 639
57 6 639
6 57 311
57 6 311
6 30 870
30 6 870
6 55 505
55 6 505
6 16 922
16 6 922
6 67 59
67 6 59
6 36 876
36 6 876
6 37 938
37 6 938
6 26 579
26 6 579
6 29 510
29 6 510
6 64 143
64 6 143
6 23 430
23 6 430
7 56 704
56 7 704
7 69 276
69 7 276
7 50 408
50 7 408
7 59 405
59 7 405
7 23 907
23 7 907
7 25 653
25 7 653
7 58 530
58 7 530
7 21 342
21 7 342
7 64 991
64 7 991
7 15 872
15 7 872
7 39 343
39 7 343
7 56 310
56 7 310
7 60 218
60 7 218
7 68 258
68 7 258
7 50 560
50 7 560
8 23 47
23 8 47
8 24 151
24 8 151
8 57 780
57 8 780
8 14 523
14 8 523
8 60 211
60 8 211
8 46 437
46 8 437
8 33 452
33 8 452
8 15 755
15 8 755
8 62 935
62 8 935
8 72 121
72 8 121
8 59 727
59 8 727
9 10 893
10 9 893
9 13 486
13 9 486
9 15 188
15 9 188
9 39 959
39 9 959
9 36 176
36 9 176
9 30 637
30 9 637
9 72 856
72 9 856
9 41 657
41 9 657
9 73 329
73 9 329
9 61 598
61 9 598
9 40 429
40 9 429
9 60 318
60 9 318
9 64 210
64 9 210
9 39 118
39 9 118
9 37 774
37 9 774
9 44 100
44 9 100
9 10 205
10 9 205
9 47 851
47 9 851
9 66 852
66 9 852
9 16 688
16 9 688
9 72 659
72 9 659
9 65 385
65 9 385
10 17 563
17 10 563
10 61 629
61 10 629
10 50 580
50 10 580
10 36 381
36 10 381
10 68 487
68 10 487
10 64 441
64 10 441
11 24 765
24 11 765
11 18 374
18 11 374
11 69 155
69 11 155
11 65 38
65 11 38
11 54 20
54 11 20
11 37 408
37 11 408
11 67 103
67 11 103
11 15 565
15 11 565
11 13 746
13 11 746
11 47 199
47 11 199
12 14 602
14 12 602
12 27 347
27 12 347
12 22 397
22 12 397
12 24 903
24 12 903
12 32 484
32 12 484
12 48 468
48 12 468
12 14 528
14 12 528
12 34 243
34 12 243
12 54 36
54 12 36
12 30 73
30 12 73
12 67 983
67 12 983
13 42 641
42 13 641
13 71 117
71 13 117
13 18 894
18 13 894
13 46 279
46 13 279
13 68 396
68 13 396
13 36 809
36 13 809
13 62 968
62 13 968
13 25 81
25 13 81
13 23 828
23 13 828
14 47 186
47 14 186
14 33 615
33 14 615
14 61 368
61 14 368
14 68 313
68 14 313
14 41 524
41 14 524
14 54 790
54 14 790
14 27 234
27 14 234
14 33 102
33 14 102
14 45 317
45 14 317
15 16 997
16 15 997
15 30 396
30 15 396
15 31 506
31 15 506
15 55 937
55 15 937
15 50 611
50 15 611
15 33 682
33 15 682
15 46 309
46 15 309
15 32 351
32 15 351
15 52 747
52 15 747
15 43 474
43 15 474
15 26 275
26 15 275
15 29 516
29 15 516
15 72 942
72 15 942
15 69 886
69 15 886
15 28 788
28 15 788
15 34 786
34 15 786
16 20 907
20 16 907
16 28 233
28 16 233
16 58 89
58 16 89
16 65 65
65 16 65
16 41 685
41 16 685
16 33 421
33 16 421
16 71 212
71 16 212
16 43 993
43 16 993
16 34 772
34 16 772
16 63 408
63 16 408
16 19 523
19 16 523
16 36 847
36 16 847
16 39 421
39 16 421
16 27 966
27 16 966
16 17 698
17 16 698
17 19 686
19 17 686
17 36 498
36 17 498
17 68 296
68 17 296
17 40 3
40 17 3
17 60 96
60 17 96
17 72 68
72 17 68
17 21 35
21 17 35
18 43 259
43 18 259
18 73 372
73 18 372
18 49 611
49 18 611
18 35 709
35 18 709
18 64 605
64 18 605
18 41 962
41 18 962
18 49 56
49 18 56
18 59 523
59 18 523
19 48 999
48 19 999
19 49 565
49 19 565
19 40 541
40 19 541
19 45 587
45 19 587
19 29 827
29 19 827
19 39 129
39 19 129
19 68 759
68 19 759
19 20 435
20 19 435
19 23 364
23 19 364
19 46 80
46 19 80
19 65 682
65 19 682
20 26 16
26 20 16
20 61 580
61 20 580
20 51 675
51 20 675
20 31 259
31 20 259
20 45 17
45 20 17
20 23 136
23 20 136
20 40 753
40 20 753
20 33 637
33 20 637
20 70 995
70 20 995
20 48 837
48 20 837
20 73 653
73 20 653
20 45 360
45 20 360
20 46 581
46 20 581
20 47 842
47 20 842
20 29 570
29 20 570
21 68 570
68 21 570
21 28 420
28 21 420
21 73 389
73 21 389
21 35 112
35 21 112
21 39 817
39 21 817
21 38 791
38 21 791
21 47 490
47 21 490
21 33 629
33 21 629
22 37 331
37 22 331
22 55 310
55 22 310
22 35 440
35 22 440
22 48 464
48 22 464
22 30 46
30 22 46
22 56 127
56 22 127
22 26 158
26 22 158
22 73 921
73 22 921
22 65 890
65 22 890
23 29 331
29 23 331
23 33 24
33 23 24
23 62 539
62 23 539
23 69 948
69 23 948
23 25 326
25 23 326
23 47 534
47 23 534
23 25 53
25 23 53
24 44 547
44 24 547
24 58 579
58 24 579
24 59 42
59 24 42
24 50 110
50 24 110
24 65 840
65 24 840
24 31 181
31 24 181
25 54 628
54 25 628
25 57 133
57 25 133
25 33 428
33 25 428
25 36 200
36 25 200
25 73 962
73 25 962
25 47 454
47 25 454
25 70 62
70 25 62
25 52 961
52 25 961
26 60 554
60 26 554
26 60 947
60 26 947
26 33 877
33 26 877
26 43 741
43 26 741
26 35 607
35 26 607
26 29 461
29 26 461
26 28 958
28 26 958
27 34 876
34 27 876
27 28 925
28 27 925
27 39 670
39 27 670
27 62 684
62 27 684
27 66 337
66 27 337
27 70 879
70 27 879
28 33 369
33 28 369
28 44 727
44 28 727
28 41 116
41 28 116
28 67 615
67 28 615
28 39 248
39 28 248
28 45 417
45 28 417
28 55 144
55 28 144
28 59 646
59 28 646
28 65 134
65 28 134
28 73 907
73 28 907
28 43 741
43 28 741
29 35 490
35 29 490
29 38 657
38 29 657
29 50 788
50 29 788
29 57 733
57 29 733
29 54 907
54 29 907
29 30 268
30 29 268
29 51 862
51 29 862
29 58 722
58 29 722
30 61 894
61 30 894
30 50 999
50 30 999
30 70 843
70 30 843
30 55 837
55 30 837
30 68 613
68 30 613
30 51 568
51 30 568
30 46 191
46 30 191
30 73 78
73 30 78
30 61 384
61 30 384
31 49 553
49 31 553
31 42 400
42 31 400
31 61 553
61 31 553
31 59 38
59 31 38
31 69 16
69 31 16
31 57 878
57 31 878
31 47 801
47 31 801
31 46 625
46 31 625
31 38 539
38 31 539
32 63 207
63 32 207
32 54 864
54 32 864
32 61 250
61 32 250
32 68 124
68 32 124
32 59 66
59 32 66
32 68 1
68 32 1
32 73 177
73 32 177
32 56 411
56 32 411
33 68 311
68 33 311
33 41 51
41 33 51
33 39 41
39 33 41
33 38 659
38 33 659
33 39 934
39 33 934
33 42 771
42 33 771
33 55 195
55 33 195
34 44 428
44 34 428
34 59 938
59 34 938
34 47 485
47 34 485
34 42 661
42 34 661
34 54 104
54 34 104
34 45 929
45 34 929
34 52 606
52 34 606
35 52 626
52 35 626
35 61 627
61 35 627
35 38 214
38 35 214
35 62 910
62 35 910
35 55 597
55 35 597
36 46 95
46 36 95
36 53 638
53 36 638
36 55 354
55 36 354
36 58 329
58 36 329
36 44 367
44 36 367
36 51 673
51 36 673
36 65 684
65 36 684
37 40 496
40 37 496
37 55 918
55 37 918
37 68 315
68 37 315
37 46 878
46 37 878
37 41 731
41 37 731
37 53 197
53 37 197
37 52 635
52 37 635
37 71 64
71 37 64
37 70 888
70 37 888
37 55 100
55 37 100
37 66 280
66 37 280
37 44 452
44 37 452
37 53 671
53 37 671
37 43 630
43 37 630
38 45 770
45 38 770
38 53 780
53 38 780
38 53 676
53 38 676
38 46 396
46 38 396
39 47 484
47 39 484
39 44 465
44 39 465
39 67 739
67 39 739
39 65 590
65 39 590
39 66 145
66 39 145
40 67 287
67 40 287
40 65 129
65 40 129
40 58 693
58 40 693
40 72 737
72 40 737
40 44 58
44 40 58
40 72 832
72 40 832
41 47 632
47 41 632
41 47 94
47 41 94
41 67 121
67 41 121
41 65 630
65 41 630
41 64 886
64 41 886
42 52 884
52 42 884
42 42 476
42 42 476
42 65 558
65 42 558
42 53 337
53 42 337
43 67 960
67 43 960
43 53 976
53 43 976
43 52 236
52 43 236
43 69 781
69 43 781
43 66 440
66 43 440
44 59 142
59 44 142
44 62 720
62 44 720
44 72 774
72 44 774
44 59 562
59 44 562
45 64 793
64 45 793
45 59 221
59 45 221
46 60 538
60 46 538
47 50 438
50 47 438
47 64 866
64 47 866
47 57 749
57 47 749
48 62 881
62 48 881
48 54 221
54 48 221
48 59 774
59 48 774
48 53 850
53 48 850
48 72 527
72 48 527
49 69 750
69 49 750
49 73 456
73 49 456
49 59 126
59 49 126
49 61 539
61 49 539
49 54 501
54 49 501
49 57 924
57 49 924
50 50 17
50 50 17
50 61 651
61 50 651
50 69 216
69 50 216
50 69 557
69 50 557
50 57 227
57 50 227
50 57 283
57 50 283
50 51 792
51 50 792
51 53 453
53 51 453
51 64 388
64 51 388
51 72 333
72 51 333
51 61 439
61 51 439
52 71 786
71 52 786
52 56 111
56 52 111
52 54 76
54 52 76
52 59 958
59 52 958
52 71 595
71 52 595
52 72 240
72 52 240
53 57 371
57 53 371
53 64 105
64 53 105
53 72 29
72 53 29
53 72 541
72 53 541
53 68 665
68 53 665
53 67 531
67 53 531
53 57 624
57 53 624
53 65 246
65 53 246
53 72 116
72 53 116
54 70 608
70 54 608
54 68 573
68 54 573
54 58 621
58 54 621
54 55 425
55 54 425
54 64 463
64 54 463
55 69 177
69 55 177
55 60 553
60 55 553
55 66 394
66 55 394
55 56 762
56 55 762
55 63 335
63 55 335
55 72 611
72 55 611
56 70 18
70 56 18
56 62 133
62 56 133
57 65 732
65 57 732
57 62 995
62 57 995
57 61 57
61 57 57
58 66 561
66 58 561
58 64 491
64 58 491
58 71 432
71 58 432
58 67 380
67 58 380
59 72 185
72 59 185
59 72 512
72 59 512
60 69 695
69 60 695
60 65 342
65 60 342
60 62 658
62 60 658
61 66 534
66 61 534
61 69 856
69 61 856
61 64 660
64 61 660
62 66 444
66 62 444
63 70 605
70 63 605
63 69 787
69 63 787
63 65 616
65 63 616
63 65 663
65 63 663
64 65 9
65 64 9
65 66 452
66 65 452
65 69 384
69 65 384
67 67 311
67 67 311
67 68 995
68 67 995
71 71 935
71 71 935
72 72 768
72 72 768
72 72 794
72 72 794
