37

0 1 472
1 0 472
0 2 280
2 0 280
0 8 677
8 0 677
0 24 9
24 0 9
0 32 464
32 0 464
0 12 640
12 0 640
0 33 272
33 0 272
0 3 489
3 0 489
1 3 22
3 1 22
1 6 466
6 1 466
1 13 849
13 1 849
1 21 893
21 1 893
1 36 477
36 1 477
1 3 42
3 1 42
1 32 755
32 1 755
2 4 229
4 2 229
2 7 426
7 2 426
2 33 174
33 2 174
2 30 180
30 2 180
2 21 293
21 2 293
3 5 32
5 3 32
3 12 475
12 3 475
3 8 800
8 3 800
3 15 85
15 3 85
3 30 120
30 3 120
3 8 786
8 3 786
3 34 555
34 3 555
3 9 503
9 3 503
3 12 523
12 3 523
4 11 608
11 4 608
4 22 46
22 4 46
5 14 368
14 5 368
5 15 799
15 5 799
5 26 70
26 5 70
5 7 916
7 5 916
5 27 680
27 5 680
6 30 163
30 6 163
7 30 808
30 7 808
7 29 280
29 7 280
7 9 616
9 7 616
8 9 642
9 8 642
8 10 475
10 8 475
8 20 403
20 8 403
8 29 173
29 8 173
9 30 677
30 9 677
9 29 120
29 9 120
9 28 209
28 9 209
10 17 195
17 10 195
10 18 574
18 10 574
10 28 236
28 10 236
10 17 720
17 10 720
11 27 413
27 11 413
11 19 167
19 11 167
12 16 707
16 12 707
12 19 917
19 12 917
12 22 126
22 12 126
12 15 417
15 12 417
12 35 713
35 12 713
12 34 445
34 12 445
13 23 606
23 13 606
13 29 179
29 13 179
15 18 821
18 15 821
15 36 199
36 15 199
17 26 668
26 17 668
17 31 703
31 17 703
17 34 121
34 17 121
17 31 652
31 17 652
18 31 250
31 18 250
18 32 447
32 18 447
18 30 384
30 18 384
19 20 956
20 19 956
19 25 779
25 19 779
20 25 430
25 20 430
20 34 341
34 20 341
23 27 281
27 23 281
23 24 882
24 23 882
24 26 160
26 24 160
27 32 793
32 27 793
28 35 722
35 28 722
28 35 420
35 28 420
29 34 911
34 29 911
32 34 263
34 32 263
33 35 936
35 33 936
35 36 681
36 35 681
