78

0 1 149
1 0 149
0 3 225
3 0 225
0 9 809
9 0 809
0 26 512
26 0 512
0 50 100
50 0 100
0 42 385
42 0 385
0 47 320
47 0 320
0 26 337
26 0 337
0 34 978
34 0 978
0 13 578
13 0 578
0 55 260
55 0 260
0 55 801
55 0 801
0 36 660
36 0 660
0 21 106
21 0 106
0 35 569
35 0 569
0 10 978
10 0 978
0 29 234
29 0 234
1 2 365
2 1 365
1 5 43
5 1 43
1 8 599
8 1 599
1 10 358
10 1 358
1 22 712
22 1 712
1 36 489
36 1 489
1 35 689
35 1 689
1 5 139
5 1 139
1 33 231
33 1 231
1 24 27
24 1 27
1 23 552
23 1 552
1 45 941
45 1 941
1 11 131
11 1 131
1 73 571
73 1 571
1 62 417
62 1 417
2 9 841
9 2 841
2 49 338
49 2 338
2 14 914
14 2 914
2 72 897
72 2 897
2 43 895
43 2 895
2 65 869
65 2 869
2 41 445
41 2 445
2 26 376
26 2 376
2 18 465
18 2 465
2 18 237
18 2 237
3 4 402
4 3 402
3 7 763
7 3 763
3 15 314
15 3 314
3 35 971
35 3 971
3 31 167
31 3 167
3 4 14
4 3 14
3 75 494
75 3 494
3 17 710
17 3 710
3 21 242
21 3 242
3 48 985
48 3 985
3 68 125
68 3 125
3 73 816
73 3 816
4 64 118
64 4 118
4 42 631
42 4 631
4 9 415
9 4 415
4 68 98
68 4 98
4 6 849
6 4 849
4 5 419
5 4 419
4 42 264
42 4 264
4 40 704
40 4 704
5 6 705
6 5 705
5 11 812
11 5 812
5 27 84
27 5 84
5 69 307
69 5 307
5 69 501
69 5 501
5 55 939
55 5 939
5 33 310
33 5 310
5 48 5
48 5 5
5 21 801
21 5 801
5 64 516
64 5 516
5 37 272
37 5 272
5 76 869
76 5 869
5 67 18
67 5 18
5 35 394
35 5 394
5 53 238
53 5 238
5 6 558
6 5 558
5 19 342
19 5 342
5 49 847
49 5 847
5 68 314
68 5 314
5 71 47
71 5 47
5 50 615
50 5 615
6 31 73
31 6 73
6 15 548
15 6 548
6 20 639
20 6 639
6 50 703
50 6 703
6 21 428
21 6 428
6 60 762
60 6 762
6 75 589
75 6 589
6 54 835
54 6 835
6 66 612
66 6 612
6 35 563
35 6 563
6 55 612
55 6 612
6 18 832
18 6 832
7 18 737
18 7 737
7 34 287
34 7 287
7 42 691
42 7 691
7 59 325
59 7 325
7 27 82
27 7 82
7 25 134
25 7 134
7 40 55
40 7 55
7 15 709
15 7 709
7 33 308
33 7 308
7 40 838
40 7 838
7 69 747
69 7 747
7 34 907
34 7 907
7 57 782
57 7 782
8 24 535
24 8 535
8 45 870
45 8 870
8 29 937
29 8 937
8 65 631
65 8 631
8 17 986
17 8 986
8 39 866
39 8 866
8 74 778
74 8 778
8 18 506
18 8 506
8 62 674
62 8 674
8 68 625
68 8 625
8 61 723
61 8 723
8 28 688
28 8 688
8 21 472
21 8 472
9 19 686
19 9 686
9 21 844
21 9 844
9 28 962
28 9 962
9 65 25
65 9 25
9 71 720
71 9 720
9 54 228
54 9 228
9 12 235
12 9 235
9 51 405
51 9 405
9 19 355
19 9 355
9 23 71
23 9 71
9 77 591
77 9 591
9 45 10
45 9 10
9 11 124
11 9 124
9 9 150
9 9 150
9 16 452
16 9 452
9 51 610
51 9 610
10 12 543
12 10 543
10 16 683
16 10 683
10 57 978
57 10 978
10 57 803
57 10 803
10 67 698
67 10 698
10 74 747
74 10 747
10 12 777
12 10 777
10 19 737
19 10 737
10 73 116
73 10 116
10 47 905
47 10 905
10 23 369
23 10 369
10 59 701
59 10 701
11 13 160
13 11 160
11 14 506
14 11 506
11 25 457
25 11 457
11 35 63
35 11 63
11 36 239
36 11 239
11 67 865
67 11 865
11 23 376
23 11 376
11 15 159
15 11 159
11 19 20
19 11 20
11 38 420
38 11 420
11 72 793
72 11 793
11 63 212
63 11 212
12 70 155
70 12 155
12 31 726
31 12 726
12 64 947
64 12 947
12 68 198
68 12 198
12 50 3
50 12 3
12 44 914
44 12 914
12 32 883
32 12 883
12 36 625
36 12 625
12 15 747
15 12 747
12 60 496
60 12 496
12 39 170
39 12 170
12 68 774
68 12 774
12 76 881
76 12 881
12 14 172
14 12 172
13 17 75
17 13 75
13 20 63
20 13 63
13 46 75
46 13 75
13 74 446
74 13 446
13 52 668
52 13 668
13 18 257
18 13 257
13 26 685
26 13 685
13 76 859
76 13 859
13 30 552
30 13 552
13 75 176
75 13 176
13 53 801
53 13 801
13 52 91
52 13 91
14 26 43
26 14 43
14 65 76
65 14 76
14 15 681
15 14 681
14 70 743
70 14 743
14 15 705
15 14 705
14 25 422
25 14 422
15 77 242
77 15 242
15 20 352
20 15 352
15 19 456
19 15 456
15 52 603
52 15 603
15 67 221
67 15 221
15 50 300
50 15 300
15 67 201
67 15 201
15 69 535
69 15 535
15 50 540
50 15 540
15 38 845
38 15 845
15 37 361
37 15 361
15 50 826
50 15 826
15 58 931
58 15 931
16 30 205
30 16 205
16 49 578
49 16 578
16 64 520
64 16 520
16 71 701
71 16 701
16 70 957
70 16 957
16 53 768
53 16 768
16 57 579
57 16 579
16 39 509
39 16 509
16 36 237
36 16 237
16 51 504
51 16 504
16 46 731
46 16 731
16 22 948
22 16 948
16 61 682
61 16 682
16 54 544
54 16 544
16 57 865
57 16 865
17 64 676
64 17 676
17 38 2
38 17 2
17 35 223
35 17 223
17 69 709
69 17 709
17 55 230
55 17 230
17 62 923
62 17 923
17 52 39
52 17 39
17 54 117
54 17 117
17 72 873
72 17 873
18 44 681
44 18 681
18 71 367
71 18 367
18 18 561
18 18 561
18 20 887
20 18 887
18 38 296
38 18 296
18 45 423
45 18 423
19 23 18
23 19 18
19 43 432
43 19 432
19 68 648
68 19 648
19 65 538
65 19 538
19 60 836
60 19 836
19 23 94
23 19 94
19 74 342
74 19 342
19 51 172
51 19 172
20 33 435
33 20 435
20 37 951
37 20 951
20 76 749
76 20 749
20 23 831
23 20 831
20 31 366
31 20 366
20 54 985
54 20 985
20 61 737
61 20 737
20 22 10
22 20 10
20 38 615
38 20 615
21 43 35
43 21 35
21 41 113
41 21 113
21 43 210
43 21 210
21 23 854
23 21 854
21 58 675
58 21 675
21 56 383
56 21 383
21 73 321
73 21 321
21 53 695
53 21 695
21 50 711
50 21 711
22 69 914
69 22 914
22 27 286
27 22 286
22 40 814
40 22 814
22 39 68
39 22 68
22 54 873
54 22 873
22 22 460
22 22 460
22 28 966
28 22 966
22 36 945
36 22 945
22 57 816
57 22 816
22 61 122
61 22 122
22 38 73
38 22 73
22 69 278
69 22 278
23 29 270
29 23 270
23 48 733
48 23 733
23 44 624
44 23 624
23 53 768
53 23 768
23 27 720
27 23 720
23 64 156
64 23 156
23 57 181
57 23 181
23 50 398
50 23 398
23 31 572
31 23 572
24 28 818
28 24 818
24 63 280
63 24 280
24 32 117
32 24 117
24 28 529
28 24 529
24 54 752
54 24 752
24 31 882
31 24 882
24 36 703
36 24 703
24 32 790
32 24 790
25 32 294
32 25 294
25 38 436
38 25 436
25 42 657
42 25 657
25 30 525
30 25 525
25 61 357
61 25 357
25 73 709
73 25 709
25 41 371
41 25 371
26 49 755
49 26 755
26 56 925
56 26 925
26 54 421
54 26 421
26 59 596
59 26 596
26 57 91
57 26 91
27 40 956
40 27 956
27 67 434
67 27 434
27 45 511
45 27 511
27 54 23
54 27 23
28 43 918
43 28 918
28 64 155
64 28 155
28 65 100
65 28 100
28 61 43
61 28 43
28 71 285
71 28 285
28 68 303
68 28 303
28 67 233
67 28 233
28 56 752
56 28 752
28 76 781
76 28 781
28 51 404
51 28 404
29 44 864
44 29 864
29 41 334
41 29 334
29 34 755
34 29 755
29 72 136
72 29 136
29 48 525
48 29 525
30 51 429
51 30 429
30 63 760
63 30 760
30 72 56
72 30 56
30 31 556
31 30 556
30 76 246
76 30 246
30 58 523
58 30 523
30 74 19
74 30 19
30 68 537
68 30 537
30 32 473
32 30 473
30 73 818
73 30 818
30 32 170
32 30 170
30 59 732
59 30 732
30 50 617
50 30 617
30 76 775
76 30 775
30 32 933
32 30 933
31 53 863
53 31 863
31 73 455
73 31 455
31 63 393
63 31 393
31 73 275
73 31 275
31 58 508
58 31 508
31 57 867
57 31 867
31 73 695
73 31 695
31 74 209
74 31 209
31 76 369
76 31 369
31 51 704
51 31 704
31 58 593
58 31 593
31 54 863
54 31 863
31 59 656
59 31 656
32 36 696
36 32 696
32 34 570
34 32 570
32 66 141
66 32 141
32 46 205
46 32 205
32 58 467
58 32 467
32 63 695
63 32 695
32 40 217
40 32 217
32 69 798
69 32 798
33 69 921
69 33 921
33 59 524
59 33 524
33 58 484
58 33 484
33 49 188
49 33 188
33 38 627
38 33 627
34 74 422
74 34 422
34 36 64
36 34 64
34 34 365
34 34 365
34 39 530
39 34 530
34 46 52
46 34 52
34 66 437
66 34 437
34 44 573
44 34 573
34 38 610
38 34 610
35 41 825
41 35 825
35 58 238
58 35 238
35 69 1
69 35 1
35 48 596
48 35 596
35 64 899
64 35 899
35 68 298
68 35 298
35 76 23
76 35 23
35 71 460
71 35 460
36 60 442
60 36 442
36 40 184
40 36 184
36 52 536
52 36 536
36 73 376
73 36 376
37 45 916
45 37 916
37 64 623
64 37 623
37 46 853
46 37 853
37 73 637
73 37 637
37 45 790
45 37 790
37 57 953
57 37 953
37 69 593
69 37 593
37 73 732
73 37 732
38 39 281
39 38 281
38 56 62
56 38 62
38 64 210
64 38 210
38 60 771
60 38 771
38 76 59
76 38 59
38 76 958
76 38 958
38 51 714
51 38 714
38 63 163
63 38 163
38 66 435
66 38 435
39 51 590
51 39 590
39 59 30
59 39 30
40 42 899
42 40 899
40 77 264
77 40 264
40 74 441
74 40 441
40 44 173
44 40 173
40 46 980
46 40 980
40 45 619
45 40 619
41 72 661
72 41 661
41 61 750
61 41 750
41 54 762
54 41 762
41 50 919
50 41 919
41 55 149
55 41 149
41 70 247
70 41 247
41 48 922
48 41 922
41 66 265
66 41 265
41 70 183
70 41 183
42 47 812
47 42 812
42 50 7
50 42 7
42 56 519
56 42 519
43 70 705
70 43 705
43 47 632
47 43 632
43 64 966
64 43 966
43 70 967
70 43 967
43 63 488
63 43 488
43 48 245
48 43 245
43 64 486
64 43 486
43 44 20
44 43 20
43 46 523
46 43 523
43 77 542
77 43 542
44 54 61
54 44 61
44 69 618
69 44 618
44 67 943
67 44 943
45 67 201
67 45 201
45 58 706
58 45 706
45 59 247
59 45 247
45 60 354
60 45 354
45 46 14
46 45 14
46 65 771
65 46 771
46 69 204
69 46 204
46 51 292
51 46 292
46 67 37
67 46 37
46 73 800
73 46 800
46 70 132
70 46 132
47 68 667
68 47 667
47 55 133
55 47 133
47 77 980
77 47 980
47 62 135
62 47 135
48 55 133
55 48 133
48 66 615
66 48 615
48 56 285
56 48 285
48 57 16
57 48 16
48 70 546
70 48 546
48 55 193
55 48 193
48 48 311
48 48 311
49 54 386
54 49 386
49 65 418
65 49 418
49 60 730
60 49 730
49 71 639
71 49 639
49 58 372
58 49 372
49 52 304
52 49 304
49 51 41
51 49 41
49 58 125
58 49 125
50 52 195
52 50 195
50 62 466
62 50 466
50 55 33
55 50 33
50 61 894
61 50 894
51 69 631
69 51 631
51 66 101
66 51 101
51 76 719
76 51 719
51 69 940
69 51 940
52 59 112
59 52 112
52 76 451
76 52 451
53 68 481
68 53 481
54 59 888
59 54 888
54 58 11
58 54 11
55 62 777
62 55 777
55 75 579
75 55 579
55 77 165
77 55 165
55 68 727
68 55 727
55 62 275
62 55 275
55 59 882
59 55 882
56 75 459
75 56 459
56 63 950
63 56 950
56 65 520
65 56 520
56 56 436
56 56 436
56 77 114
77 56 114
56 67 941
67 56 941
58 60 917
60 58 917
58 60 706
60 58 706
59 68 646
68 59 646
59 75 222
75 59 222
60 61 524
61 60 524
60 62 557
62 60 557
60 71 823
71 60 823
60 66 354
66 60 354
60 76 801
76 60 801
60 77 803
77 60 803
61 72 371
72 61 371
61 73 140
73 61 140
62 67 548
67 62 548
63 77 398
77 63 398
63 76 749
76 63 749
63 77 936
77 63 936
63 67 721
67 63 721
63 75 433
75 63 433
64 67 507
67 64 507
64 66 128
66 64 128
64 74 939
74 64 939
64 69 19
69 64 19
64 64 414
64 64 414
65 69 86
69 65 86
65 68 973
68 65 973
65 76 81
76 65 81
67 72 459
72 67 459
68 70 396
70 68 396
68 73 123
73 68 123
69 69 665
69 69 665
69 73 139
73 69 139
69 73 186
73 69 186
69 71 833
71 69 833
69 70 357
70 69 357
70 77 120
77 70 120
70 77 457
77 70 457
71 75 40
75 71 40
72 77 216
77 72 216
73 75 947
75 73 947
