91

0 1 796
1 0 796
0 2 938
2 0 938
0 13 335
13 0 335
0 76 708
76 0 708
0 89 632
89 0 632
0 70 28
70 0 28
0 7 883
7 0 883
0 37 313
37 0 313
0 33 161
33 0 161
0 37 484
37 0 484
0 47 814
47 0 814
0 11 208
11 0 208
0 37 619
37 0 619
0 50 674
50 0 674
0 55 600
55 0 600
0 89 263
89 0 263
1 3 33
3 1 33
1 10 761
10 1 761
1 11 609
11 1 609
1 15 947
15 1 947
1 39 666
39 1 666
1 72 82
72 1 82
1 28 695
28 1 695
1 10 911
10 1 911
1 35 515
35 1 515
1 78 108
78 1 108
1 51 665
51 1 665
1 45 206
45 1 206
1 40 805
40 1 805
1 17 749
17 1 749
1 3 444
3 1 444
1 58 717
58 1 717
1 17 477
17 1 477
2 4 42
4 2 42
2 6 383
6 2 383
2 40 392
40 2 392
2 44 978
44 2 978
2 60 926
60 2 926
2 90 474
90 2 474
2 21 355
21 2 355
2 50 906
50 2 906
2 19 396
19 2 396
2 69 43
69 2 43
2 3 250
3 2 250
2 21 77
21 2 77
2 87 320
87 2 320
2 57 405
57 2 405
2 56 75
56 2 75
2 78 268
78 2 268
2 81 603
81 2 603
2 23 205
23 2 205
2 3 545
3 2 545
3 5 752
5 3 752
3 23 729
23 3 729
3 31 273
31 3 273
3 50 467
50 3 467
3 68 315
68 3 315
3 82 751
82 3 751
3 25 641
25 3 641
3 75 411
75 3 411
3 79 671
79 3 671
3 67 738
67 3 738
3 39 483
39 3 483
3 10 282
10 3 282
3 23 176
23 3 176
3 55 559
55 3 559
3 81 817
81 3 817
3 30 353
30 3 353
4 7 13
7 4 13
4 9 856
9 4 856
4 16 879
16 4 879
4 73 456
73 4 456
4 27 16
27 4 16
4 42 421
42 4 421
4 79 423
79 4 423
4 17 875
17 4 875
4 83 973
83 4 973
4 22 880
22 4 880
4 26 770
26 4 770
4 53 421
53 4 421
4 56 223
56 4 223
5 58 844
58 5 844
5 15 314
15 5 314
5 29 320
29 5 320
5 56 526
56 5 526
5 64 977
64 5 977
5 52 257
52 5 257
5 84 663
84 5 663
5 8 934
8 5 934
5 49 270
49 5 270
5 40 345
40 5 345
5 19 974
19 5 974
6 36 556
36 6 556
6 48 827
48 6 827
6 21 176
21 6 176
6 38 751
38 6 751
6 20 146
20 6 146
6 70 252
70 6 252
6 87 309
87 6 309
6 84 657
84 6 657
6 24 768
24 6 768
6 48 349
48 6 349
7 8 456
8 7 456
7 17 385
17 7 385
7 37 598
37 7 598
7 85 829
85 7 829
7 46 981
46 7 981
7 27 341
27 7 341
7 21 100
21 7 100
7 71 171
71 7 171
7 19 842
19 7 842
7 61 319
61 7 319
7 50 837
50 7 837
7 54 305
54 7 305
7 63 181
63 7 181
7 84 929
84 7 929
7 9 621
9 7 621
7 66 910
66 7 910
7 48 127
48 7 127
7 84 416
84 7 416
7 41 662
41 7 662
7 40 589
40 7 589
7 81 616
81 7 616
7 77 781
77 7 781
8 52 304
52 8 304
8 66 206
66 8 206
8 72 374
72 8 374
8 88 309
88 8 309
8 14 360
14 8 360
8 22 266
22 8 266
8 60 678
60 8 678
8 22 250
22 8 250
8 10 379
10 8 379
8 60 218
60 8 218
8 82 880
82 8 880
8 72 869
72 8 869
8 28 767
28 8 767
8 49 164
49 8 164
9 69 47
69 9 47
9 72 584
72 9 584
9 22 92
22 9 92
9 77 757
77 9 757
9 25 851
25 9 851
9 73 698
73 9 698
9 42 614
42 9 614
9 11 932
11 9 932
9 14 794
14 9 794
9 90 865
90 9 865
9 27 103
27 9 103
9 32 321
32 9 321
9 9 994
9 9 994
10 12 534
12 10 534
10 48 175
48 10 175
10 69 219
69 10 219
10 48 466
48 10 466
10 35 401
35 10 401
10 32 344
32 10 344
10 39 759
39 10 759
10 71 108
71 10 108
10 27 719
27 10 719
10 37 963
37 10 963
10 41 890
41 10 890
10 12 695
12 10 695
10 49 393
49 10 393
10 55 550
55 10 550
10 46 617
46 10 617
11 21 507
21 11 507
11 24 561
24 11 561
11 32 349
32 11 349
11 55 879
55 11 879
11 69 548
69 11 548
11 26 488
26 11 488
11 78 930
78 11 930
11 55 214
55 11 214
11 72 785
72 11 785
11 75 636
75 11 636
11 68 238
68 11 238
11 67 263
67 11 263
11 23 997
23 11 997
12 14 675
14 12 675
12 20 675
20 12 675
12 79 788
79 12 788
12 41 685
41 12 685
12 22 484
22 12 484
12 45 813
45 12 813
12 15 100
15 12 100
12 69 397
69 12 397
12 26 142
26 12 142
13 28 49
28 13 49
13 53 739
53 13 739
13 32 913
32 13 913
13 55 556
55 13 556
13 46 20
46 13 20
13 49 672
49 13 672
13 25 174
25 13 174
13 24 202
24 13 202
13 32 898
32 13 898
13 28 26
28 13 26
13 34 896
34 13 896
13 30 201
30 13 201
14 25 712
25 14 712
14 45 994
45 14 994
14 61 312
61 14 312
14 58 129
58 14 129
14 53 5
53 14 5
14 34 766
34 14 766
14 71 332
71 14 332
14 82 647
82 14 647
14 56 194
56 14 194
14 63 25
63 14 25
14 59 614
59 14 614
14 64 792
64 14 792
14 29 62
29 14 62
15 33 746
33 15 746
15 34 908
34 15 908
15 19 422
19 15 422
15 17 63
17 15 63
15 45 332
45 15 332
15 62 272
62 15 272
15 68 803
68 15 803
15 88 616
88 15 616
15 65 631
65 15 631
15 68 495
68 15 495
15 78 395
78 15 395
15 87 594
87 15 594
15 55 900
55 15 900
15 85 795
85 15 795
15 42 833
42 15 833
15 83 292
83 15 292
16 18 958
18 16 958
16 19 141
19 16 141
16 59 511
59 16 511
16 86 221
86 16 221
16 30 889
30 16 889
16 32 15
32 16 15
16 51 21
51 16 21
16 47 181
47 16 181
16 42 497
42 16 497
16 23 86
23 16 86
16 33 642
33 16 642
16 18 155
18 16 155
16 38 626
38 16 626
17 42 555
42 17 555
17 59 457
59 17 457
17 41 940
41 17 940
17 46 969
46 17 969
17 68 726
68 17 726
17 86 214
86 17 214
17 27 21
27 17 21
18 59 562
59 18 562
18 55 281
55 18 281
18 75 462
75 18 462
18 60 12
60 18 12
18 65 938
65 18 938
18 78 41
78 18 41
18 47 901
47 18 901
18 64 247
64 18 247
18 56 771
56 18 771
18 59 427
59 18 427
18 86 857
86 18 857
18 53 178
53 18 178
18 84 512
84 18 512
19 27 165
27 19 165
19 36 454
36 19 454
19 53 604
53 19 604
19 84 725
84 19 725
19 51 941
51 19 941
19 25 973
25 19 973
19 84 41
84 19 41
19 66 370
66 19 370
20 22 494
22 20 494
20 26 129
26 20 129
20 35 33
35 20 33
20 29 991
29 20 991
20 47 598
47 20 598
20 31 598
31 20 598
20 78 633
78 20 633
20 41 185
41 20 185
20 61 599
61 20 599
20 56 819
56 20 819
20 68 399
68 20 399
20 37 423
37 20 423
20 48 385
48 20 385
20 83 869
83 20 869
20 55 406
55 20 406
20 53 521
53 20 521
20 24 880
24 20 880
20 32 115
32 20 115
21 73 961
73 21 961
21 38 234
38 21 234
21 24 175
24 21 175
21 63 502
63 21 502
21 60 472
60 21 472
21 86 300
86 21 300
21 52 82
52 21 82
21 64 839
64 21 839
21 57 819
57 21 819
22 30 934
30 22 934
22 39 488
39 22 488
22 65 979
65 22 979
22 30 171
30 22 171
22 80 359
80 22 359
22 61 76
61 22 76
22 70 536
70 22 536
22 73 733
73 22 733
22 32 7
32 22 7
22 56 211
56 22 211
22 44 256
44 22 256
22 36 777
36 22 777
22 27 342
27 22 342
22 41 192
41 22 192
23 29 688
29 23 688
23 43 987
43 23 987
23 47 609
47 23 609
23 86 995
86 23 995
23 85 679
85 23 679
23 61 351
61 23 351
23 37 784
37 23 784
23 38 850
38 23 850
23 41 63
41 23 63
23 63 500
63 23 500
23 87 471
87 23 471
23 59 284
59 23 284
24 66 968
66 24 968
24 46 696
46 24 696
24 76 752
76 24 752
24 41 531
41 24 531
24 47 654
47 24 654
24 67 348
67 24 348
24 63 532
63 24 532
24 32 726
32 24 726
25 26 837
26 25 837
25 75 71
75 25 71
25 44 196
44 25 196
25 46 799
46 25 799
25 44 566
44 25 566
25 66 980
66 25 980
25 50 206
50 25 206
25 31 869
31 25 869
25 73 48
73 25 48
26 72 677
72 26 677
26 83 600
83 26 600
26 57 177
57 26 177
26 83 826
83 26 826
26 64 162
64 26 162
26 49 1000
49 26 1000
26 90 867
90 26 867
26 40 161
40 26 161
27 56 578
56 27 578
27 74 674
74 27 674
27 89 107
89 27 107
27 77 965
77 27 965
27 67 890
67 27 890
27 66 536
66 27 536
27 58 997
58 27 997
27 38 829
38 27 829
27 90 134
90 27 134
27 73 366
73 27 366
27 77 782
77 27 782
28 81 369
81 28 369
28 64 217
64 28 217
28 67 523
67 28 523
28 65 423
65 28 423
28 42 504
42 28 504
28 60 609
60 28 609
28 45 241
45 28 241
28 42 814
42 28 814
28 64 314
64 28 314
28 64 7
64 28 7
29 35 12
35 29 12
29 41 781
41 29 781
29 35 643
35 29 643
29 82 364
82 29 364
29 90 761
90 29 761
29 53 637
53 29 637
29 59 563
59 29 563
29 56 433
56 29 433
29 51 102
51 29 102
30 82 815
82 30 815
30 57 432
57 30 432
30 84 687
84 30 687
30 77 132
77 30 132
30 48 556
48 30 556
30 66 566
66 30 566
30 66 8
66 30 8
30 86 735
86 30 735
30 31 232
31 30 232
30 52 178
52 30 178
30 53 109
53 30 109
30 38 972
38 30 972
31 38 607
38 31 607
31 51 120
51 31 120
31 80 99
80 31 99
31 38 806
38 31 806
31 89 648
89 31 648
31 84 46
84 31 46
31 66 458
66 31 458
31 76 787
76 31 787
31 74 634
74 31 634
31 56 643
56 31 643
31 56 9
56 31 9
31 35 560
35 31 560
31 85 42
85 31 42
32 40 278
40 32 278
32 73 225
73 32 225
32 82 51
82 32 51
32 73 41
73 32 41
32 43 452
43 32 452
32 75 647
75 32 647
33 67 564
67 33 564
33 36 960
36 33 960
33 45 144
45 33 144
33 42 125
42 33 125
33 56 296
56 33 296
33 58 729
58 33 729
33 80 264
80 33 264
33 51 843
51 33 843
33 47 531
47 33 531
33 73 129
73 33 129
33 62 900
62 33 900
34 49 363
49 34 363
34 54 124
54 34 124
34 75 174
75 34 174
34 49 272
49 34 272
34 49 488
49 34 488
34 57 615
57 34 615
34 40 824
40 34 824
34 74 310
74 34 310
35 57 804
57 35 804
35 89 836
89 35 836
35 76 984
76 35 984
35 57 568
57 35 568
35 88 153
88 35 153
35 72 4
72 35 4
35 45 52
45 35 52
35 87 813
87 35 813
35 79 751
79 35 751
35 72 661
72 35 661
36 73 305
73 36 305
36 53 218
53 36 218
36 72 887
72 36 887
36 79 397
79 36 397
36 63 601
63 36 601
36 86 779
86 36 779
36 57 566
57 36 566
36 56 643
56 36 643
36 51 795
51 36 795
36 48 769
48 36 769
37 58 426
58 37 426
37 62 563
62 37 563
37 76 622
76 37 622
37 86 84
86 37 84
37 62 544
62 37 544
37 52 751
52 37 751
37 69 805
69 37 805
37 68 632
68 37 632
37 40 64
40 37 64
37 78 358
78 37 358
37 38 515
38 37 515
37 74 265
74 37 265
38 84 278
84 38 278
38 88 92
88 38 92
38 43 146
43 38 146
38 64 402
64 38 402
38 71 709
71 38 709
38 62 993
62 38 993
38 47 512
47 38 512
38 84 415
84 38 415
38 71 200
71 38 200
38 69 817
69 38 817
38 86 573
86 38 573
38 70 467
70 38 467
38 49 446
49 38 446
39 75 248
75 39 248
39 57 770
57 39 770
39 42 86
42 39 86
39 59 624
59 39 624
39 63 451
63 39 451
39 80 251
80 39 251
39 73 478
73 39 478
39 80 910
80 39 910
39 71 204
71 39 204
39 73 81
73 39 81
39 61 595
61 39 595
39 53 203
53 39 203
39 70 316
70 39 316
39 80 114
80 39 114
39 46 247
46 39 247
39 59 472
59 39 472
40 83 621
83 40 621
40 78 347
78 40 347
40 52 105
52 40 105
40 72 429
72 40 429
40 53 164
53 40 164
40 43 468
43 40 468
40 75 450
75 40 450
40 51 427
51 40 427
40 83 116
83 40 116
40 68 358
68 40 358
40 64 969
64 40 969
41 75 564
75 41 564
41 81 317
81 41 317
41 69 102
69 41 102
41 49 565
49 41 565
41 53 557
53 41 557
41 58 469
58 41 469
41 54 495
54 41 495
41 66 720
66 41 720
41 88 62
88 41 62
41 52 697
52 41 697
41 62 241
62 41 241
41 82 489
82 41 489
42 58 121
58 42 121
42 50 411
50 42 411
42 56 87
56 42 87
42 66 476
66 42 476
42 58 644
58 42 644
42 87 530
87 42 530
42 45 622
45 42 622
42 82 106
82 42 106
42 84 497
84 42 497
42 89 598
89 42 598
43 78 794
78 43 794
43 59 47
59 43 47
43 90 565
90 43 565
43 83 105
83 43 105
43 52 598
52 43 598
43 54 793
54 43 793
43 64 858
64 43 858
44 46 218
46 44 218
44 80 983
80 44 983
44 65 903
65 44 903
44 44 79
44 44 79
44 67 258
67 44 258
45 52 614
52 45 614
45 54 792
54 45 792
45 54 744
54 45 744
45 73 922
73 45 922
46 63 301
63 46 301
46 66 17
66 46 17
46 68 673
68 46 673
46 52 743
52 46 743
46 60 167
60 46 167
46 79 85
79 46 85
47 67 488
67 47 488
47 78 610
78 47 610
47 68 509
68 47 509
47 56 469
56 47 469
47 60 91
60 47 91
47 79 816
79 47 816
47 89 113
89 47 113
47 53 350
53 47 350
47 52 314
52 47 314
47 80 106
80 47 106
48 64 427
64 48 427
48 83 86
83 48 86
48 50 119
50 48 119
48 63 581
63 48 581
48 51 216
51 48 216
48 63 688
63 48 688
48 72 470
72 48 470
49 82 136
82 49 136
49 66 628
66 49 628
49 86 850
86 49 850
49 74 812
74 49 812
49 54 554
54 49 554
49 84 729
84 49 729
49 73 870
73 49 870
49 86 789
86 49 789
49 57 879
57 49 879
49 66 591
66 49 591
50 72 32
72 50 32
50 88 171
88 50 171
50 89 699
89 50 699
50 81 122
81 50 122
50 84 426
84 50 426
50 61 198
61 50 198
50 54 937
54 50 937
50 66 903
66 50 903
51 67 10
67 51 10
51 87 285
87 51 285
51 51 774
51 51 774
51 86 834
86 51 834
51 64 906
64 51 906
52 63 39
63 52 39
52 65 744
65 52 744
52 67 386
67 52 386
53 71 640
71 53 640
53 76 820
76 53 820
53 80 524
80 53 524
53 82 667
82 53 667
53 65 716
65 53 716
53 59 391
59 53 391
53 83 767
83 53 767
53 77 662
77 53 662
54 63 793
63 54 793
54 60 271
60 54 271
54 79 784
79 54 784
54 82 42
82 54 42
54 87 581
87 54 581
54 70 926
70 54 926
54 82 921
82 54 921
54 76 458
76 54 458
55 77 105
77 55 105
55 78 564
78 55 564
55 57 484
57 55 484
55 74 907
74 55 907
55 72 24
72 55 24
55 89 306
89 55 306
55 77 479
77 55 479
55 60 886
60 55 886
56 69 720
69 56 720
56 79 242
79 56 242
56 65 839
65 56 839
56 67 269
67 56 269
56 58 984
58 56 984
57 73 635
73 57 635
57 75 744
75 57 744
57 77 322
77 57 322
57 62 652
62 57 652
57 81 808
81 57 808
58 84 464
84 58 464
59 70 105
70 59 105
59 77 450
77 59 450
59 79 693
79 59 693
60 71 180
71 60 180
60 68 440
68 60 440
60 74 199
74 60 199
60 67 541
67 60 541
60 68 162
68 60 162
60 62 487
62 60 487
60 69 892
69 60 892
60 68 704
68 60 704
60 70 521
70 60 521
61 74 838
74 61 838
61 83 981
83 61 981
61 63 122
63 61 122
61 77 199
77 61 199
61 74 953
74 61 953
61 90 180
90 61 180
62 83 682
83 62 682
62 81 903
81 62 903
62 63 978
63 62 978
62 64 682
64 62 682
63 66 930
66 63 930
63 90 337
90 63 337
63 79 918
79 63 918
63 89 385
89 63 385
63 75 34
75 63 34
64 71 476
71 64 476
65 90 231
90 65 231
65 80 785
80 65 785
65 68 974
68 65 974
65 89 233
89 65 233
65 66 55
66 65 55
66 69 315
69 66 315
66 74 95
74 66 95
67 84 921
84 67 921
67 74 679
74 67 679
67 77 958
77 67 958
68 73 58
73 68 58
68 90 512
90 68 512
68 83 304
83 68 304
69 88 25
88 69 25
69 76 742
76 69 742
69 83 13
83 69 13
69 71 490
71 69 490
70 79 845
79 70 845
70 87 653
87 70 653
70 87 668
87 70 668
70 90 432
90 70 432
70 71 899
71 70 899
70 81 978
81 70 978
71 71 204
71 71 204
71 90 780
90 71 780
71 80 853
80 71 853
71 83 329
83 71 329
71 88 779
88 71 779
71 73 673
73 71 673
71 89 691
89 71 691
71 86 951
86 71 951
72 89 48
89 72 48
72 86 291
86 72 291
73 75 831
75 73 831
73 74 826
74 73 826
74 89 631
89 74 631
75 86 852
86 75 852
75 88 163
88 75 163
75 85 728
85 75 728
76 80 65
80 76 65
76 77 632
77 76 632
76 87 359
87 76 359
77 83 671
83 77 671
77 89 654
89 77 654
77 81 653
81 77 653
79 83 914
83 79 914
79 83 996
83 79 996
80 86 579
86 80 579
81 87 529
87 81 529
81 88 658
88 81 658
81 84 446
84 81 446
82 88 771
88 82 771
83 88 111
88 83 111
83 84 672
84 83 672
83 86 73
86 83 73
