9

0 1 158
1 0 158
0 2 763
2 0 763
0 4 431
4 0 431
1 6 463
6 1 463
1 3 555
3 1 555
2 3 254
3 2 254
2 5 180
5 2 180
2 6 666
6 2 666
2 7 768
7 2 768
2 6 450
6 2 450
3 7 896
7 3 896
4 7 13
7 4 13
6 8 876
8 6 876
