90

0 1 899
1 0 899
0 26 968
26 0 968
0 60 844
60 0 844
0 87 332
87 0 332
0 52 416
52 0 416
0 2 827
2 0 827
0 80 514
80 0 514
0 26 594
26 0 594
0 72 949
72 0 949
0 33 30
33 0 30
0 63 493
63 0 493
0 51 722
51 0 722
0 5 26
5 0 26
0 45 651
45 0 651
0 74 654
74 0 654
0 71 307
71 0 307
0 72 433
72 0 433
1 2 540
2 1 540
1 3 281
3 1 281
1 5 71
5 1 71
1 6 162
6 1 162
1 7 833
7 1 833
1 80 547
80 1 547
1 32 620
32 1 620
1 18 357
18 1 357
1 70 878
70 1 878
1 26 101
26 1 101
1 55 983
55 1 983
1 1 37
1 1 37
1 77 759
77 1 759
1 32 293
32 1 293
1 27 405
27 1 405
1 48 743
48 1 743
1 24 181
24 1 181
1 85 738
85 1 738
1 25 513
25 1 513
1 66 831
66 1 831
1 34 212
34 1 212
2 66 424
66 2 424
2 74 902
74 2 902
2 17 454
17 2 454
2 18 827
18 2 827
2 52 981
52 2 981
2 83 86
83 2 86
2 46 961
46 2 961
2 35 552
35 2 552
2 24 344
24 2 344
2 74 997
74 2 997
2 67 379
67 2 379
2 16 3
16 2 3
2 3 239
3 2 239
3 4 341
4 3 341
3 8 537
8 3 537
3 15 682
15 3 682
3 21 620
21 3 620
3 86 784
86 3 784
3 74 527
74 3 527
3 3 482
3 3 482
3 13 829
13 3 829
3 87 899
87 3 899
3 38 324
38 3 324
3 61 675
61 3 675
3 46 317
46 3 317
4 9 646
9 4 646
4 32 222
32 4 222
4 83 335
83 4 335
4 59 243
59 4 243
4 83 635
83 4 635
4 81 61
81 4 61
4 9 300
9 4 300
4 89 957
89 4 957
4 69 374
69 4 374
4 4 463
4 4 463
5 10 414
10 5 414
5 14 430
14 5 430
5 45 583
45 5 583
5 17 413
17 5 413
5 79 991
79 5 991
5 84 725
84 5 725
5 54 712
54 5 712
5 52 913
52 5 913
5 67 689
67 5 689
6 31 480
31 6 480
6 63 96
63 6 96
6 7 518
7 6 518
6 62 405
62 6 405
6 45 189
45 6 189
6 76 623
76 6 623
6 8 396
8 6 396
6 65 59
65 6 59
6 65 400
65 6 400
6 15 362
15 6 362
6 83 479
83 6 479
6 76 215
76 6 215
6 49 258
49 6 258
6 42 478
42 6 478
6 51 304
51 6 304
6 82 265
82 6 265
6 46 12
46 6 12
7 11 254
11 7 254
7 12 915
12 7 915
7 17 407
17 7 407
7 19 601
19 7 601
7 47 456
47 7 456
7 43 152
43 7 152
7 50 296
50 7 296
7 10 40
10 7 40
7 16 234
16 7 234
7 73 185
73 7 185
7 80 726
80 7 726
7 33 228
33 7 228
7 18 89
18 7 89
7 19 880
19 7 880
8 13 570
13 8 570
8 46 640
46 8 640
8 28 841
28 8 841
8 21 176
21 8 176
8 54 861
54 8 861
8 65 710
65 8 710
8 61 564
61 8 564
9 29 555
29 9 555
9 39 376
39 9 376
9 43 304
43 9 304
9 62 114
62 9 114
9 86 199
86 9 199
9 18 82
18 9 82
9 31 728
31 9 728
9 82 857
82 9 857
9 33 351
33 9 351
9 27 251
27 9 251
9 29 738
29 9 738
9 48 678
48 9 678
10 52 899
52 10 899
10 44 287
44 10 287
10 73 849
73 10 849
10 71 206
71 10 206
10 81 622
81 10 622
10 76 842
76 10 842
10 82 138
82 10 138
10 56 102
56 10 102
10 19 830
19 10 830
10 12 48
12 10 48
11 16 488
16 11 488
11 38 578
38 11 578
11 73 203
73 11 203
11 55 160
55 11 160
11 12 349
12 11 349
12 47 827
47 12 827
12 48 811
48 12 811
12 50 222
50 12 222
12 74 428
74 12 428
12 18 942
18 12 942
12 26 411
26 12 411
12 39 455
39 12 455
13 24 259
24 13 259
13 25 440
25 13 440
13 28 52
28 13 52
13 88 590
88 13 590
13 88 385
88 13 385
13 26 102
26 13 102
13 19 784
19 13 784
13 36 286
36 13 286
13 46 732
46 13 732
13 15 353
15 13 353
13 48 380
48 13 380
13 14 312
14 13 312
13 35 154
35 13 154
13 40 711
40 13 711
13 19 377
19 13 377
13 24 275
24 13 275
14 30 383
30 14 383
14 34 734
34 14 734
14 41 539
41 14 539
14 46 26
46 14 26
14 53 967
53 14 967
14 33 431
33 14 431
14 88 66
88 14 66
14 19 41
19 14 41
14 85 521
85 14 521
14 37 811
37 14 811
14 52 798
52 14 798
14 58 972
58 14 972
14 69 79
69 14 79
14 69 873
69 14 873
14 26 38
26 14 38
14 48 921
48 14 921
15 20 174
20 15 174
15 84 802
84 15 802
15 64 774
64 15 774
15 64 135
64 15 135
15 59 333
59 15 333
15 45 353
45 15 353
15 65 76
65 15 76
16 22 967
22 16 967
16 36 731
36 16 731
16 75 965
75 16 965
16 82 225
82 16 225
16 39 880
39 16 880
16 81 904
81 16 904
17 18 799
18 17 799
17 59 165
59 17 165
17 89 463
89 17 463
17 19 826
19 17 826
17 60 335
60 17 335
17 51 625
51 17 625
17 46 226
46 17 226
17 19 506
19 17 506
17 36 877
36 17 877
17 24 715
24 17 715
17 36 340
36 17 340
17 48 152
48 17 152
17 29 736
29 17 736
18 57 459
57 18 459
18 72 380
72 18 380
18 45 926
45 18 926
18 27 743
27 18 743
18 79 987
79 18 987
18 41 372
41 18 372
18 88 950
88 18 950
18 75 240
75 18 240
18 59 214
59 18 214
19 40 191
40 19 191
19 77 117
77 19 117
19 72 791
72 19 791
19 54 799
54 19 799
19 81 542
81 19 542
19 86 278
86 19 278
19 20 220
20 19 220
20 23 331
23 20 331
20 33 520
33 20 520
20 70 554
70 20 554
20 86 456
86 20 456
20 80 158
80 20 158
20 48 990
48 20 990
20 51 396
51 20 396
20 21 74
21 20 74
20 43 786
43 20 786
20 49 67
49 20 67
21 35 490
35 21 490
21 40 383
40 21 383
21 65 186
65 21 186
21 41 816
41 21 816
21 47 167
47 21 167
21 83 498
83 21 498
21 75 681
75 21 681
21 66 38
66 21 38
21 44 698
44 21 698
21 85 585
85 21 585
21 52 164
52 21 164
22 60 521
60 22 521
22 64 544
64 22 544
22 58 46
58 22 46
22 46 411
46 22 411
22 58 561
58 22 561
22 35 720
35 22 720
22 56 94
56 22 94
22 56 414
56 22 414
22 38 788
38 22 788
23 45 253
45 23 253
23 36 753
36 23 753
23 85 236
85 23 236
23 71 72
71 23 72
23 73 13
73 23 13
23 54 46
54 23 46
23 80 867
80 23 867
23 34 504
34 23 504
23 38 514
38 23 514
23 62 4
62 23 4
24 44 544
44 24 544
24 54 480
54 24 480
24 72 742
72 24 742
24 87 569
87 24 569
24 37 531
37 24 531
24 85 977
85 24 977
24 37 781
37 24 781
24 84 954
84 24 954
24 72 93
72 24 93
24 36 829
36 24 829
24 45 523
45 24 523
24 87 587
87 24 587
24 55 568
55 24 568
25 89 109
89 25 109
25 70 840
70 25 840
26 27 431
27 26 431
26 73 525
73 26 525
26 39 863
39 26 863
26 67 290
67 26 290
26 63 93
63 26 93
26 52 974
52 26 974
26 40 127
40 26 127
26 81 78
81 26 78
26 83 411
83 26 411
27 86 878
86 27 878
27 42 211
42 27 211
27 84 158
84 27 158
27 80 690
80 27 690
28 58 867
58 28 867
28 85 86
85 28 86
28 33 650
33 28 650
28 32 448
32 28 448
28 45 575
45 28 575
28 46 548
46 28 548
28 64 679
64 28 679
28 66 63
66 28 63
28 73 39
73 28 39
28 73 92
73 28 92
28 34 248
34 28 248
28 82 398
82 28 398
28 59 925
59 28 925
28 41 54
41 28 54
29 37 790
37 29 790
29 57 978
57 29 978
29 37 223
37 29 223
29 40 725
40 29 725
30 36 488
36 30 488
30 49 611
49 30 611
30 82 324
82 30 324
30 88 271
88 30 271
30 61 602
61 30 602
30 74 11
74 30 11
30 37 75
37 30 75
30 41 394
41 30 394
30 60 42
60 30 42
31 42 452
42 31 452
31 87 917
87 31 917
31 38 545
38 31 545
31 66 910
66 31 910
31 45 360
45 31 360
31 59 84
59 31 84
31 35 303
35 31 303
31 46 480
46 31 480
31 38 394
38 31 394
32 81 723
81 32 723
32 49 814
49 32 814
32 80 866
80 32 866
32 36 434
36 32 434
32 79 55
79 32 55
33 73 534
73 33 534
33 64 798
64 33 798
33 70 77
70 33 77
33 81 233
81 33 233
33 44 631
44 33 631
33 70 570
70 33 570
34 64 631
64 34 631
34 43 420
43 34 420
34 61 407
61 34 407
34 44 838
44 34 838
34 45 107
45 34 107
34 34 804
34 34 804
34 58 181
58 34 181
34 53 758
53 34 758
34 64 596
64 34 596
35 63 887
63 35 887
35 83 291
83 35 291
35 81 916
81 35 916
35 67 95
67 35 95
36 37 976
37 36 976
36 43 292
43 36 292
36 45 795
45 36 795
36 40 279
40 36 279
37 61 563
61 37 563
37 74 119
74 37 119
38 82 77
82 38 77
38 64 52
64 38 52
38 64 216
64 38 216
38 60 896
60 38 896
38 56 507
56 38 507
38 75 695
75 38 695
38 79 89
79 38 89
38 51 633
51 38 633
38 86 991
86 38 991
38 76 383
76 38 383
38 39 278
39 38 278
39 77 276
77 39 276
39 79 796
79 39 796
39 84 975
84 39 975
39 45 891
45 39 891
39 46 311
46 39 311
39 77 918
77 39 918
40 55 978
55 40 978
40 69 583
69 40 583
40 78 64
78 40 64
40 47 645
47 40 645
40 77 443
77 40 443
40 45 300
45 40 300
40 82 14
82 40 14
40 55 679
55 40 679
40 75 519
75 40 519
40 76 369
76 40 369
40 83 318
83 40 318
40 81 574
81 40 574
40 65 833
65 40 833
41 78 896
78 41 896
41 74 482
74 41 482
41 73 333
73 41 333
41 54 664
54 41 664
41 72 175
72 41 175
41 86 980
86 41 980
41 42 699
42 41 699
41 52 281
52 41 281
41 74 265
74 41 265
41 73 240
73 41 240
41 79 458
79 41 458
41 62 367
62 41 367
42 84 37
84 42 37
42 50 745
50 42 745
42 84 575
84 42 575
42 62 175
62 42 175
43 57 717
57 43 717
43 75 908
75 43 908
43 53 935
53 43 935
43 61 242
61 43 242
43 48 722
48 43 722
44 48 649
48 44 649
44 71 81
71 44 81
44 48 748
48 44 748
44 76 278
76 44 278
44 79 369
79 44 369
44 83 627
83 44 627
44 59 776
59 44 776
45 68 54
68 45 54
45 72 372
72 45 372
45 58 618
58 45 618
45 46 532
46 45 532
45 50 384
50 45 384
45 55 822
55 45 822
46 49 91
49 46 91
46 79 523
79 46 523
46 70 215
70 46 215
46 64 20
64 46 20
46 80 169
80 46 169
47 89 107
89 47 107
47 80 486
80 47 486
47 49 205
49 47 205
48 79 297
79 48 297
48 58 193
58 48 193
48 59 45
59 48 45
48 66 880
66 48 880
49 69 810
69 49 810
49 72 505
72 49 505
49 54 578
54 49 578
49 73 529
73 49 529
49 87 123
87 49 123
49 77 854
77 49 854
49 70 242
70 49 242
49 85 947
85 49 947
49 84 53
84 49 53
50 51 295
51 50 295
50 88 877
88 50 877
51 87 826
87 51 826
51 68 126
68 51 126
51 84 784
84 51 784
51 76 895
76 51 895
51 59 244
59 51 244
51 68 443
68 51 443
52 88 733
88 52 733
52 80 949
80 52 949
52 71 506
71 52 506
52 87 68
87 52 68
52 80 363
80 52 363
52 82 129
82 52 129
53 64 410
64 53 410
53 69 100
69 53 100
53 56 385
56 53 385
53 57 832
57 53 832
53 64 273
64 53 273
53 75 316
75 53 316
53 86 125
86 53 125
53 69 603
69 53 603
54 56 306
56 54 306
54 79 616
79 54 616
54 65 322
65 54 322
55 83 568
83 55 568
55 85 256
85 55 256
55 68 631
68 55 631
56 76 654
76 56 654
56 65 282
65 56 282
56 66 964
66 56 964
56 62 992
62 56 992
56 80 857
80 56 857
57 80 699
80 57 699
57 57 139
57 57 139
57 60 536
60 57 536
57 58 252
58 57 252
58 75 293
75 58 293
58 76 259
76 58 259
58 59 248
59 58 248
59 67 667
67 59 667
59 87 390
87 59 390
59 79 231
79 59 231
59 84 262
84 59 262
59 84 209
84 59 209
60 79 126
79 60 126
60 77 74
77 60 74
60 61 889
61 60 889
61 71 859
71 61 859
61 65 286
65 61 286
61 63 37
63 61 37
61 66 402
66 61 402
61 62 14
62 61 14
61 70 286
70 61 286
61 75 171
75 61 171
62 67 384
67 62 384
62 77 559
77 62 559
62 73 58
73 62 58
62 76 555
76 62 555
62 72 500
72 62 500
62 82 687
82 62 687
63 70 712
70 63 712
63 71 376
71 63 376
64 86 267
86 64 267
64 66 600
66 64 600
64 74 292
74 64 292
64 79 324
79 64 324
64 75 309
75 64 309
65 77 856
77 65 856
65 75 89
75 65 89
65 88 750
88 65 750
65 79 408
79 65 408
65 71 689
71 65 689
66 68 850
68 66 850
66 88 335
88 66 335
66 79 131
79 66 131
66 69 356
69 66 356
66 89 76
89 66 76
67 72 16
72 67 16
67 85 476
85 67 476
69 80 566
80 69 566
69 86 545
86 69 545
71 86 83
86 71 83
72 80 749
80 72 749
72 78 475
78 72 475
72 88 530
88 72 530
72 82 176
82 72 176
72 76 645
76 72 645
72 77 554
77 72 554
73 74 33
74 73 33
73 73 592
73 73 592
73 79 161
79 73 161
73 82 90
82 73 90
74 83 710
83 74 710
75 80 901
80 75 901
75 87 261
87 75 261
76 81 921
81 76 921
76 89 638
89 76 638
76 86 456
86 76 456
76 84 797
84 76 797
76 87 498
87 76 498
76 79 873
79 76 873
77 79 891
79 77 891
77 87 142
87 77 142
78 87 851
87 78 851
79 84 870
84 79 870
79 84 33
84 79 33
80 86 717
86 80 717
80 80 833
80 80 833
80 81 128
81 80 128
81 88 312
88 81 312
83 84 91
84 83 91
86 87 379
87 86 379
86 88 293
88 86 293
86 86 596
86 86 596
