98

0 1 760
1 0 760
0 3 285
3 0 285
0 4 488
4 0 488
0 9 915
9 0 915
0 34 176
34 0 176
0 42 375
42 0 375
0 80 435
80 0 435
0 6 496
6 0 496
0 88 120
88 0 120
0 72 135
72 0 135
0 21 623
21 0 623
0 51 6
51 0 6
0 75 308
75 0 308
0 42 697
42 0 697
0 49 755
49 0 755
1 2 376
2 1 376
1 7 35
7 1 35
1 8 75
8 1 75
1 15 375
15 1 375
1 25 153
25 1 153
1 27 188
27 1 188
1 40 584
40 1 584
1 88 310
88 1 310
1 22 737
22 1 737
1 35 62
35 1 62
1 43 429
43 1 429
1 70 938
70 1 938
1 35 574
35 1 574
1 58 954
58 1 954
1 27 745
27 1 745
1 92 771
92 1 771
1 59 193
59 1 193
1 22 235
22 1 235
1 20 87
20 1 87
2 12 892
12 2 892
2 14 665
14 2 665
2 71 881
71 2 881
2 73 893
73 2 893
2 72 885
72 2 885
2 96 96
96 2 96
2 72 568
72 2 568
2 55 139
55 2 139
2 54 458
54 2 458
2 78 734
78 2 734
2 32 373
32 2 373
2 67 110
67 2 110
2 97 409
97 2 409
2 29 687
29 2 687
2 91 819
91 2 819
2 13 21
13 2 21
2 6 357
6 2 357
2 61 821
61 2 821
3 5 70
5 3 70
3 24 269
24 3 269
3 26 514
26 3 514
3 32 485
32 3 485
3 36 709
36 3 709
3 48 290
48 3 290
3 66 444
66 3 444
3 3 53
3 3 53
3 15 664
15 3 664
3 73 952
73 3 952
3 37 810
37 3 810
3 37 396
37 3 396
3 46 137
46 3 137
3 20 6
20 3 6
3 61 646
61 3 646
3 77 752
77 3 752
3 23 533
23 3 533
3 37 230
37 3 230
3 82 786
82 3 786
3 31 992
31 3 992
3 12 878
12 3 878
3 90 652
90 3 652
3 31 875
31 3 875
3 17 561
17 3 561
3 40 114
40 3 114
3 71 416
71 3 416
3 92 90
92 3 90
4 91 571
91 4 571
4 67 961
67 4 961
4 23 406
23 4 406
4 41 83
41 4 83
4 92 749
92 4 749
4 58 719
58 4 719
4 60 50
60 4 50
4 35 316
35 4 316
4 26 549
26 4 549
4 85 660
85 4 660
4 64 378
64 4 378
4 23 324
23 4 324
4 20 615
20 4 615
4 40 292
40 4 292
4 44 974
44 4 974
4 81 103
81 4 103
4 48 361
48 4 361
4 75 65
75 4 65
4 84 492
84 4 492
4 66 393
66 4 393
5 6 828
6 5 828
5 16 63
16 5 63
5 78 193
78 5 193
5 10 959
10 5 959
5 69 917
69 5 917
5 97 644
97 5 644
5 57 585
57 5 585
5 49 435
49 5 435
5 70 362
70 5 362
5 68 227
68 5 227
5 93 524
93 5 524
5 97 557
97 5 557
5 79 652
79 5 652
6 29 551
29 6 551
6 43 656
43 6 656
6 56 949
56 6 949
6 55 305
55 6 305
6 38 424
38 6 424
6 46 846
46 6 846
6 34 718
34 6 718
6 85 307
85 6 307
6 52 695
52 6 695
6 24 493
24 6 493
6 36 449
36 6 449
6 26 537
26 6 537
6 64 637
64 6 637
6 7 207
7 6 207
6 12 849
12 6 849
6 97 900
97 6 900
6 51 444
51 6 444
6 75 857
75 6 857
6 55 643
55 6 643
6 43 952
43 6 952
6 7 189
7 6 189
6 85 347
85 6 347
6 74 388
74 6 388
7 17 990
17 7 990
7 21 498
21 7 498
7 72 800
72 7 800
7 90 26
90 7 26
7 69 315
69 7 315
7 38 930
38 7 930
7 39 129
39 7 129
7 20 775
20 7 775
7 72 893
72 7 893
7 65 147
65 7 147
7 89 408
89 7 408
7 71 663
71 7 663
7 57 170
57 7 170
7 8 83
8 7 83
7 32 876
32 7 876
8 10 437
10 8 437
8 19 518
19 8 518
8 28 244
28 8 244
8 8 669
8 8 669
8 74 489
74 8 489
8 19 53
19 8 53
8 86 206
86 8 206
8 72 393
72 8 393
8 66 455
66 8 455
8 82 713
82 8 713
8 53 721
53 8 721
9 11 492
11 9 492
9 13 340
13 9 340
9 18 41
18 9 41
9 35 402
35 9 402
9 77 102
77 9 102
9 85 210
85 9 210
9 73 368
73 9 368
9 80 315
80 9 315
9 48 903
48 9 903
9 47 966
47 9 966
9 84 66
84 9 66
9 21 928
21 9 928
9 14 668
14 9 668
9 31 115
31 9 115
9 85 23
85 9 23
9 31 840
31 9 840
9 33 540
33 9 540
9 19 863
19 9 863
9 44 666
44 9 666
9 42 61
42 9 61
10 20 85
20 10 85
10 49 342
49 10 342
10 44 582
44 10 582
10 15 373
15 10 373
10 77 621
77 10 621
10 73 942
73 10 942
10 69 970
69 10 970
10 24 266
24 10 266
10 94 177
94 10 177
10 16 979
16 10 979
10 32 675
32 10 675
10 18 3
18 10 3
10 30 192
30 10 192
10 72 898
72 10 898
10 62 910
62 10 910
10 78 529
78 10 529
11 54 58
54 11 58
11 32 145
32 11 145
11 81 234
81 11 234
11 16 743
16 11 743
11 57 421
57 11 421
11 91 586
91 11 586
11 43 334
43 11 334
11 39 105
39 11 105
11 89 677
89 11 677
11 39 462
39 11 462
11 23 836
23 11 836
12 56 166
56 12 166
12 55 819
55 12 819
12 20 48
20 12 48
12 39 665
39 12 665
12 71 800
71 12 800
12 97 433
97 12 433
12 69 511
69 12 511
12 44 457
44 12 457
12 47 920
47 12 920
12 69 275
69 12 275
12 22 942
22 12 942
12 32 941
32 12 941
12 61 593
61 12 593
13 94 384
94 13 384
13 62 194
62 13 194
13 41 572
41 13 572
13 25 544
25 13 544
13 66 183
66 13 183
13 81 684
81 13 684
13 44 848
44 13 848
13 13 405
13 13 405
14 37 98
37 14 98
14 49 265
49 14 265
14 15 497
15 14 497
14 92 415
92 14 415
14 44 732
44 14 732
14 31 440
31 14 440
14 53 369
53 14 369
14 62 583
62 14 583
15 58 586
58 15 586
15 27 970
27 15 970
15 15 537
15 15 537
15 55 141
55 15 141
15 92 230
92 15 230
15 27 824
27 15 824
15 57 239
57 15 239
15 79 667
79 15 667
15 60 734
60 15 734
15 82 799
82 15 799
16 30 638
30 16 638
16 57 517
57 16 517
16 69 274
69 16 274
16 52 185
52 16 185
16 45 243
45 16 243
16 24 809
24 16 809
16 90 887
90 16 887
16 41 504
41 16 504
16 65 492
65 16 492
16 26 233
26 16 233
16 19 353
19 16 353
16 55 849
55 16 849
16 44 459
44 16 459
16 74 326
74 16 326
16 26 113
26 16 113
16 83 193
83 16 193
16 30 593
30 16 593
17 76 353
76 17 353
17 53 960
53 17 960
17 73 898
73 17 898
17 22 216
22 17 216
17 74 648
74 17 648
17 76 554
76 17 554
17 43 701
43 17 701
17 18 834
18 17 834
17 84 833
84 17 833
17 34 983
34 17 983
17 79 876
79 17 876
17 96 35
96 17 35
17 90 408
90 17 408
17 55 428
55 17 428
18 23 519
23 18 519
18 21 94
21 18 94
18 22 506
22 18 506
18 65 564
65 18 564
18 19 128
19 18 128
18 25 967
25 18 967
18 29 741
29 18 741
18 76 962
76 18 962
18 28 189
28 18 189
18 89 564
89 18 564
18 91 878
91 18 878
18 25 154
25 18 154
19 22 64
22 19 64
19 62 888
62 19 888
19 22 925
22 19 925
19 49 74
49 19 74
19 59 50
59 19 50
19 60 739
60 19 739
19 85 270
85 19 270
19 44 718
44 19 718
19 38 254
38 19 254
19 35 152
35 19 152
19 46 956
46 19 956
19 26 672
26 19 672
19 71 620
71 19 620
19 23 670
23 19 670
19 49 262
49 19 262
19 80 86
80 19 86
19 84 222
84 19 222
19 41 387
41 19 387
19 73 469
73 19 469
20 38 320
38 20 320
20 75 429
75 20 429
20 83 95
83 20 95
20 74 590
74 20 590
20 92 950
92 20 950
20 43 112
43 20 112
20 75 909
75 20 909
20 34 738
34 20 738
20 69 945
69 20 945
20 53 452
53 20 452
20 37 603
37 20 603
20 90 484
90 20 484
20 31 774
31 20 774
20 57 350
57 20 350
21 97 962
97 21 962
21 49 610
49 21 610
21 23 491
23 21 491
21 94 668
94 21 668
21 50 724
50 21 724
21 83 868
83 21 868
21 89 181
89 21 181
21 78 767
78 21 767
21 77 795
77 21 795
21 95 174
95 21 174
21 83 538
83 21 538
22 31 656
31 22 656
22 50 722
50 22 722
22 64 421
64 22 421
22 35 995
35 22 995
22 88 718
88 22 718
22 81 109
81 22 109
22 24 97
24 22 97
22 97 824
97 22 824
22 86 982
86 22 982
22 31 797
31 22 797
22 57 267
57 22 267
22 65 602
65 22 602
22 31 806
31 22 806
22 84 766
84 22 766
22 75 339
75 22 339
22 94 576
94 22 576
22 79 416
79 22 416
23 39 134
39 23 134
23 59 771
59 23 771
23 73 862
73 23 862
23 91 34
91 23 34
23 64 362
64 23 362
23 35 229
35 23 229
23 56 215
56 23 215
23 28 758
28 23 758
23 55 493
55 23 493
23 92 565
92 23 565
23 96 395
96 23 395
23 37 82
37 23 82
23 57 441
57 23 441
24 32 927
32 24 927
24 41 307
41 24 307
24 36 659
36 24 659
24 40 994
40 24 994
24 66 598
66 24 598
24 44 700
44 24 700
24 83 127
83 24 127
24 78 175
78 24 175
24 28 468
28 24 468
24 42 642
42 24 642
24 53 43
53 24 43
24 55 548
55 24 548
24 32 148
32 24 148
25 33 390
33 25 390
25 49 250
49 25 250
25 54 374
54 25 374
25 72 487
72 25 487
25 82 186
82 25 186
25 67 469
67 25 469
25 64 827
64 25 827
25 92 903
92 25 903
25 80 24
80 25 24
25 26 696
26 25 696
25 77 181
77 25 181
25 57 860
57 25 860
25 70 208
70 25 208
25 34 639
34 25 639
26 44 153
44 26 153
26 50 180
50 26 180
26 53 750
53 26 750
26 50 130
50 26 130
26 41 464
41 26 464
26 91 348
91 26 348
26 29 98
29 26 98
26 47 91
47 26 91
27 71 729
71 27 729
27 54 59
54 27 59
27 61 655
61 27 655
27 91 107
91 27 107
27 77 310
77 27 310
27 62 362
62 27 362
27 74 801
74 27 801
27 88 114
88 27 114
27 48 658
48 27 658
27 85 397
85 27 397
27 47 422
47 27 422
28 45 275
45 28 275
28 65 481
65 28 481
28 65 898
65 28 898
28 49 700
49 28 700
28 33 288
33 28 288
28 29 416
29 28 416
28 97 993
97 28 993
28 63 869
63 28 869
28 52 669
52 28 669
29 41 54
41 29 54
29 51 352
51 29 352
29 96 961
96 29 961
29 83 92
83 29 92
29 59 996
59 29 996
29 87 15
87 29 15
29 72 642
72 29 642
29 76 899
76 29 899
29 59 748
59 29 748
29 43 714
43 29 714
29 50 484
50 29 484
29 65 72
65 29 72
29 89 642
89 29 642
29 48 966
48 29 966
29 39 500
39 29 500
29 63 845
63 29 845
29 61 705
61 29 705
29 75 336
75 29 336
29 54 447
54 29 447
29 55 303
55 29 303
29 41 226
41 29 226
29 79 743
79 29 743
30 67 199
67 30 199
30 70 410
70 30 410
30 49 478
49 30 478
30 81 586
81 30 586
30 84 68
84 30 68
30 71 623
71 30 623
30 93 252
93 30 252
30 76 660
76 30 660
30 38 847
38 30 847
30 87 760
87 30 760
30 80 604
80 30 604
30 57 452
57 30 452
30 95 468
95 30 468
30 52 913
52 30 913
30 42 162
42 30 162
30 33 341
33 30 341
30 82 268
82 30 268
31 43 197
43 31 197
31 33 230
33 31 230
31 39 587
39 31 587
31 79 343
79 31 343
31 65 971
65 31 971
31 69 847
69 31 847
31 75 92
75 31 92
31 43 12
43 31 12
31 96 557
96 31 557
31 75 22
75 31 22
31 58 272
58 31 272
31 53 399
53 31 399
32 44 209
44 32 209
32 37 378
37 32 378
32 40 965
40 32 965
32 33 828
33 32 828
32 60 21
60 32 21
32 90 812
90 32 812
32 71 835
71 32 835
32 36 775
36 32 775
32 33 805
33 32 805
33 52 598
52 33 598
33 42 221
42 33 221
33 41 339
41 33 339
33 87 949
87 33 949
33 48 323
48 33 323
33 41 656
41 33 656
33 51 687
51 33 687
33 56 601
56 33 601
34 84 973
84 34 973
34 74 202
74 34 202
34 85 222
85 34 222
34 63 27
63 34 27
34 62 190
62 34 190
34 87 676
87 34 676
34 70 132
70 34 132
34 64 942
64 34 942
34 85 629
85 34 629
34 90 427
90 34 427
34 86 982
86 34 982
34 93 370
93 34 370
34 52 318
52 34 318
34 36 104
36 34 104
34 84 565
84 34 565
34 88 491
88 34 491
34 80 516
80 34 516
34 50 758
50 34 758
34 79 407
79 34 407
34 40 238
40 34 238
34 76 508
76 34 508
35 72 177
72 35 177
35 41 524
41 35 524
35 85 495
85 35 495
35 72 798
72 35 798
35 52 551
52 35 551
35 88 923
88 35 923
35 96 969
96 35 969
35 73 310
73 35 310
35 84 534
84 35 534
35 64 374
64 35 374
35 86 422
86 35 422
36 72 962
72 36 962
36 62 564
62 36 564
36 77 944
77 36 944
36 75 390
75 36 390
36 64 108
64 36 108
36 92 47
92 36 47
36 64 73
64 36 73
37 53 658
53 37 658
37 38 861
38 37 861
37 48 291
48 37 291
37 85 995
85 37 995
37 95 123
95 37 123
37 76 184
76 37 184
37 48 65
48 37 65
37 89 411
89 37 411
37 68 286
68 37 286
38 61 329
61 38 329
38 75 77
75 38 77
38 87 350
87 38 350
38 59 79
59 38 79
38 70 953
70 38 953
38 63 976
63 38 976
38 41 462
41 38 462
38 74 801
74 38 801
38 68 926
68 38 926
39 65 739
65 39 739
39 44 85
44 39 85
39 65 643
65 39 643
39 85 388
85 39 388
39 48 31
48 39 31
39 63 725
63 39 725
39 78 77
78 39 77
39 64 859
64 39 859
39 83 101
83 39 101
40 78 293
78 40 293
40 83 681
83 40 681
40 75 908
75 40 908
40 66 518
66 40 518
40 73 669
73 40 669
40 77 207
77 40 207
40 75 202
75 40 202
40 41 345
41 40 345
40 63 388
63 40 388
40 44 161
44 40 161
40 87 595
87 40 595
41 46 258
46 41 258
41 86 312
86 41 312
41 61 531
61 41 531
41 62 432
62 41 432
41 63 103
63 41 103
41 75 309
75 41 309
42 74 546
74 42 546
42 67 203
67 42 203
42 76 740
76 42 740
42 66 747
66 42 747
42 58 357
58 42 357
42 76 570
76 42 570
42 48 189
48 42 189
42 84 438
84 42 438
42 43 358
43 42 358
43 46 981
46 43 981
43 58 62
58 43 62
43 77 537
77 43 537
43 68 233
68 43 233
43 58 328
58 43 328
43 58 867
58 43 867
43 59 946
59 43 946
43 69 813
69 43 813
43 93 735
93 43 735
43 77 993
77 43 993
43 84 973
84 43 973
43 88 933
88 43 933
44 73 988
73 44 988
44 86 856
86 44 856
44 81 68
81 44 68
44 61 861
61 44 861
44 70 983
70 44 983
44 94 658
94 44 658
44 80 422
80 44 422
44 47 654
47 44 654
45 51 836
51 45 836
45 89 90
89 45 90
45 50 676
50 45 676
45 96 662
96 45 662
45 73 263
73 45 263
45 76 622
76 45 622
45 71 186
71 45 186
45 74 470
74 45 470
45 71 520
71 45 520
45 64 927
64 45 927
45 81 303
81 45 303
45 67 862
67 45 862
45 65 885
65 45 885
45 76 363
76 45 363
45 51 779
51 45 779
46 47 589
47 46 589
46 74 832
74 46 832
46 90 883
90 46 883
46 59 459
59 46 459
46 95 172
95 46 172
46 68 982
68 46 982
46 71 761
71 46 761
46 63 789
63 46 789
46 77 859
77 46 859
47 50 99
50 47 99
47 55 400
55 47 400
47 64 485
64 47 485
47 59 790
59 47 790
47 64 571
64 47 571
47 76 882
76 47 882
47 83 812
83 47 812
47 62 794
62 47 794
48 54 231
54 48 231
48 53 190
53 48 190
48 93 917
93 48 917
48 64 570
64 48 570
48 79 284
79 48 284
48 74 833
74 48 833
48 96 38
96 48 38
49 62 183
62 49 183
49 70 775
70 49 775
49 73 58
73 49 58
49 81 506
81 49 506
49 81 468
81 49 468
49 81 713
81 49 713
49 85 101
85 49 101
49 76 598
76 49 598
49 56 359
56 49 359
49 83 21
83 49 21
49 80 380
80 49 380
50 59 754
59 50 754
50 65 634
65 50 634
50 94 676
94 50 676
50 60 373
60 50 373
50 67 843
67 50 843
50 59 288
59 50 288
50 80 298
80 50 298
51 66 441
66 51 441
51 57 708
57 51 708
51 65 177
65 51 177
51 64 948
64 51 948
51 77 958
77 51 958
51 92 608
92 51 608
52 76 42
76 52 42
52 91 450
91 52 450
52 61 620
61 52 620
52 66 373
66 52 373
52 83 98
83 52 98
52 66 540
66 52 540
52 93 920
93 52 920
52 56 630
56 52 630
53 55 814
55 53 814
53 60 11
60 53 11
53 77 70
77 53 70
53 64 769
64 53 769
53 78 158
78 53 158
53 58 58
58 53 58
53 54 105
54 53 105
53 62 281
62 53 281
53 83 770
83 53 770
54 58 923
58 54 923
54 63 783
63 54 783
54 70 242
70 54 242
54 62 925
62 54 925
54 84 445
84 54 445
54 85 63
85 54 63
54 72 679
72 54 679
54 92 636
92 54 636
55 58 989
58 55 989
55 61 191
61 55 191
55 95 85
95 55 85
56 92 943
92 56 943
56 85 609
85 56 609
56 82 844
82 56 844
56 89 263
89 56 263
56 88 880
88 56 880
56 91 877
91 56 877
56 93 458
93 56 458
56 57 324
57 56 324
57 62 23
62 57 23
57 88 298
88 57 298
57 67 183
67 57 183
57 63 296
63 57 296
57 73 170
73 57 170
57 90 473
90 57 473
57 97 480
97 57 480
58 74 958
74 58 958
58 65 778
65 58 778
58 70 396
70 58 396
58 72 976
72 58 976
58 91 25
91 58 25
58 82 649
82 58 649
59 59 810
59 59 810
59 84 872
84 59 872
59 84 684
84 59 684
59 79 949
79 59 949
60 93 742
93 60 742
60 87 638
87 60 638
60 77 107
77 60 107
60 79 387
79 60 387
60 68 862
68 60 862
60 89 588
89 60 588
60 70 736
70 60 736
60 93 471
93 60 471
60 95 855
95 60 855
61 68 483
68 61 483
61 72 411
72 61 411
62 77 992
77 62 992
62 90 971
90 62 971
62 75 421
75 62 421
62 79 820
79 62 820
62 74 391
74 62 391
62 76 142
76 62 142
63 77 100
77 63 100
63 80 90
80 63 90
63 67 926
67 63 926
63 96 449
96 63 449
63 69 750
69 63 750
64 81 148
81 64 148
64 75 49
75 64 49
64 97 15
97 64 15
64 67 772
67 64 772
64 90 625
90 64 625
64 92 548
92 64 548
64 74 211
74 64 211
64 67 120
67 64 120
64 97 527
97 64 527
64 73 692
73 64 692
64 95 669
95 64 669
64 92 1
92 64 1
64 89 947
89 64 947
65 67 181
67 65 181
65 93 764
93 65 764
65 76 789
76 65 789
65 89 645
89 65 645
65 73 867
73 65 867
65 69 188
69 65 188
66 95 339
95 66 339
66 70 385
70 66 385
66 90 966
90 66 966
66 67 520
67 66 520
66 88 101
88 66 101
66 76 141
76 66 141
67 80 745
80 67 745
67 82 903
82 67 903
67 74 571
74 67 571
67 77 422
77 67 422
67 68 722
68 67 722
67 92 164
92 67 164
67 70 138
70 67 138
67 91 578
91 67 578
67 70 314
70 67 314
68 74 329
74 68 329
68 92 362
92 68 362
68 79 255
79 68 255
68 78 976
78 68 976
69 77 185
77 69 185
69 97 294
97 69 294
69 85 206
85 69 206
69 71 786
71 69 786
69 87 171
87 69 171
70 88 759
88 70 759
70 91 888
91 70 888
70 80 815
80 70 815
70 71 896
71 70 896
71 78 542
78 71 542
71 81 13
81 71 13
71 78 448
78 71 448
72 87 914
87 72 914
72 95 39
95 72 39
72 76 493
76 72 493
73 82 896
82 73 896
73 84 959
84 73 959
73 74 615
74 73 615
74 97 930
97 74 930
74 87 622
87 74 622
75 87 894
87 75 894
75 96 734
96 75 734
75 81 632
81 75 632
76 79 845
79 76 845
76 97 249
97 76 249
76 83 816
83 76 816
76 87 116
87 76 116
76 96 645
96 76 645
76 92 714
92 76 714
76 79 620
79 76 620
76 96 870
96 76 870
78 96 238
96 78 238
78 86 731
86 78 731
79 86 291
86 79 291
79 87 692
87 79 692
79 88 650
88 79 650
80 92 575
92 80 575
80 87 268
87 80 268
80 93 111
93 80 111
80 93 385
93 80 385
81 95 491
95 81 491
81 83 909
83 81 909
81 84 301
84 81 301
81 86 5
86 81 5
82 95 197
95 82 197
82 90 622
90 82 622
82 90 343
90 82 343
82 96 531
96 82 531
83 89 482
89 83 482
83 84 681
84 83 681
83 94 725
94 83 725
84 95 56
95 84 56
85 94 45
94 85 45
85 96 347
96 85 347
86 89 956
89 86 956
86 97 713
97 86 713
86 96 29
96 86 29
87 91 437
91 87 437
87 91 414
91 87 414
87 91 8
91 87 8
87 95 491
95 87 491
88 96 730
96 88 730
89 95 660
95 89 660
96 97 449
97 96 449
