80

0 1 564
1 0 564
0 25 663
25 0 663
1 2 706
2 1 706
1 5 292
5 1 292
1 6 597
6 1 597
1 10 566
10 1 566
1 35 756
35 1 756
1 29 874
29 1 874
1 62 829
62 1 829
2 3 578
3 2 578
2 7 147
7 2 147
2 10 535
10 2 535
2 18 551
18 2 551
2 48 731
48 2 731
2 9 1000
9 2 1000
2 8 53
8 2 53
3 4 649
4 3 649
3 8 648
8 3 648
3 24 874
24 3 874
3 32 350
32 3 350
3 37 218
37 3 218
3 40 281
40 3 281
3 48 274
48 3 274
3 44 380
44 3 380
3 57 969
57 3 969
3 16 956
16 3 956
4 47 721
47 4 721
4 63 420
63 4 420
4 48 328
48 4 328
4 74 339
74 4 339
4 53 842
53 4 842
4 14 192
14 4 192
5 13 67
13 5 67
5 15 967
15 5 967
5 79 426
79 5 426
5 72 883
72 5 883
5 40 698
40 5 698
5 50 978
50 5 978
5 11 390
11 5 390
5 36 518
36 5 518
6 11 307
11 6 307
6 14 911
14 6 911
6 21 903
21 6 903
6 33 687
33 6 687
6 38 911
38 6 911
6 55 660
55 6 660
6 56 546
56 6 546
6 18 236
18 6 236
6 47 855
47 6 855
6 76 684
76 6 684
6 52 144
52 6 144
6 57 957
57 6 957
6 17 926
17 6 926
6 79 748
79 6 748
6 9 30
9 6 30
7 12 778
12 7 778
7 50 928
50 7 928
7 37 643
37 7 643
7 61 58
61 7 58
7 13 218
13 7 218
7 11 542
11 7 542
8 9 222
9 8 222
8 16 962
16 8 962
8 23 733
23 8 733
8 67 513
67 8 513
8 35 477
35 8 477
8 24 152
24 8 152
9 35 257
35 9 257
9 45 627
45 9 627
9 27 695
27 9 695
9 28 38
28 9 38
9 73 914
73 9 914
10 29 626
29 10 626
10 67 576
67 10 576
10 34 679
34 10 679
10 12 34
12 10 34
10 75 68
75 10 68
10 65 665
65 10 665
10 48 76
48 10 76
10 27 543
27 10 543
11 22 213
22 11 213
11 47 616
47 11 616
11 75 57
75 11 57
11 76 674
76 11 674
12 19 631
19 12 631
12 27 860
27 12 860
12 36 250
36 12 250
12 53 84
53 12 84
12 15 762
15 12 762
12 57 369
57 12 369
12 21 176
21 12 176
13 46 563
46 13 563
13 57 864
57 13 864
13 39 787
39 13 787
13 67 818
67 13 818
13 48 376
48 13 376
13 34 626
34 13 626
14 25 257
25 14 257
14 65 57
65 14 57
14 79 811
79 14 811
14 50 106
50 14 106
14 67 632
67 14 632
14 36 92
36 14 92
14 41 788
41 14 788
15 20 436
20 15 436
15 39 614
39 15 614
15 52 162
52 15 162
15 56 139
56 15 139
15 28 85
28 15 85
15 49 292
49 15 292
16 17 295
17 16 295
16 18 959
18 16 959
16 28 928
28 16 928
16 29 225
29 16 225
16 57 360
57 16 360
16 41 642
41 16 642
16 74 582
74 16 582
16 16 486
16 16 486
17 58 4
58 17 4
17 29 266
29 17 266
17 19 921
19 17 921
18 34 653
34 18 653
18 18 559
18 18 559
18 69 969
69 18 969
20 30 640
30 20 640
20 68 876
68 20 876
20 79 164
79 20 164
20 52 824
52 20 824
20 62 939
62 20 939
20 39 631
39 20 631
21 78 127
78 21 127
21 25 621
25 21 621
21 61 523
61 21 523
21 70 704
70 21 704
21 24 916
24 21 916
21 74 349
74 21 349
21 26 908
26 21 908
21 60 803
60 21 803
21 25 967
25 21 967
22 64 825
64 22 825
22 58 634
58 22 634
22 25 356
25 22 356
23 67 215
67 23 215
23 74 706
74 23 706
24 26 262
26 24 262
24 54 834
54 24 834
24 68 470
68 24 470
24 77 170
77 24 170
25 43 87
43 25 87
25 71 656
71 25 656
25 48 492
48 25 492
25 58 1
58 25 1
25 62 726
62 25 726
26 31 80
31 26 80
26 71 681
71 26 681
26 37 24
37 26 24
26 63 322
63 26 322
26 42 14
42 26 14
27 42 349
42 27 349
27 45 689
45 27 689
27 38 978
38 27 978
27 78 867
78 27 867
27 34 870
34 27 870
27 79 372
79 27 372
28 66 687
66 28 687
29 34 608
34 29 608
29 75 315
75 29 315
30 42 150
42 30 150
30 67 688
67 30 688
30 70 747
70 30 747
30 76 314
76 30 314
31 62 604
62 31 604
31 56 765
56 31 765
32 43 965
43 32 965
33 44 308
44 33 308
33 62 748
62 33 748
33 72 91
72 33 91
33 37 825
37 33 825
33 74 974
74 33 974
33 42 659
42 33 659
34 41 735
41 34 735
34 51 207
51 34 207
34 64 89
64 34 89
34 38 71
38 34 71
34 70 383
70 34 383
34 52 971
52 34 971
35 74 225
74 35 225
35 45 798
45 35 798
35 72 847
72 35 847
35 72 20
72 35 20
35 36 504
36 35 504
35 71 90
71 35 90
35 65 419
65 35 419
36 74 307
74 36 307
36 47 686
47 36 686
37 42 21
42 37 21
37 59 26
59 37 26
37 55 24
55 37 24
37 67 510
67 37 510
37 57 496
57 37 496
38 66 786
66 38 786
38 48 981
48 38 981
39 56 873
56 39 873
39 65 715
65 39 715
40 44 240
44 40 240
40 60 864
60 40 864
40 64 981
64 40 981
40 75 541
75 40 541
40 77 307
77 40 307
40 58 184
58 40 184
40 54 977
54 40 977
41 47 996
47 41 996
41 60 296
60 41 296
42 61 213
61 42 213
42 77 194
77 42 194
42 62 653
62 42 653
42 61 879
61 42 879
43 49 989
49 43 989
43 54 80
54 43 80
43 54 765
54 43 765
44 59 158
59 44 158
44 60 781
60 44 781
45 70 897
70 45 897
45 71 448
71 45 448
46 57 854
57 46 854
47 74 557
74 47 557
47 49 717
49 47 717
47 62 865
62 47 865
47 75 931
75 47 931
48 73 55
73 48 55
49 51 15
51 49 15
49 70 537
70 49 537
52 70 112
70 52 112
52 64 262
64 52 262
53 73 496
73 53 496
53 73 578
73 53 578
54 64 94
64 54 94
55 65 585
65 55 585
55 67 59
67 55 59
55 67 878
67 55 878
56 72 72
72 56 72
56 75 303
75 56 303
56 77 750
77 56 750
56 68 450
68 56 450
57 74 283
74 57 283
58 75 987
75 58 987
58 59 797
59 58 797
58 69 157
69 58 157
59 67 937
67 59 937
59 62 342
62 59 342
63 71 176
71 63 176
65 73 77
73 65 77
66 69 580
69 66 580
68 69 914
69 68 914
68 76 779
76 68 779
68 72 892
72 68 892
69 76 177
76 69 177
69 78 101
78 69 101
71 74 375
74 71 375
72 75 178
75 72 178
72 77 912
77 72 912
76 78 411
78 76 411
76 78 399
78 76 399
