100

0 1 900
1 0 900
0 2 938
2 0 938
0 8 537
8 0 537
0 10 575
10 0 575
0 11 935
11 0 935
0 13 419
13 0 419
0 23 985
23 0 985
0 32 408
32 0 408
0 93 377
93 0 377
0 57 861
57 0 861
0 99 788
99 0 788
0 7 265
7 0 265
0 50 994
50 0 994
0 55 436
55 0 436
0 74 61
74 0 61
0 36 394
36 0 394
1 3 798
3 1 798
1 5 892
5 1 892
1 6 38
6 1 38
1 21 34
21 1 34
1 65 999
65 1 999
1 64 870
64 1 870
1 50 411
50 1 411
1 16 37
16 1 37
2 4 79
4 2 79
2 17 104
17 2 104
2 22 141
22 2 141
2 26 799
26 2 799
2 84 583
84 2 583
2 59 669
59 2 669
2 8 948
8 2 948
2 85 82
85 2 82
2 13 750
13 2 750
2 90 24
90 2 24
2 26 376
26 2 376
2 15 603
15 2 603
2 81 600
81 2 600
2 95 746
95 2 746
3 7 886
7 3 886
3 34 819
34 3 819
3 36 941
36 3 941
3 38 338
38 3 338
3 57 467
57 3 467
3 77 34
77 3 34
3 73 571
73 3 571
3 39 786
39 3 786
3 6 232
6 3 232
3 48 210
48 3 210
3 63 684
63 3 684
4 9 990
9 4 990
4 49 452
49 4 452
4 17 90
17 4 90
4 78 926
78 4 926
4 98 375
98 4 375
4 89 604
89 4 604
4 51 700
51 4 700
4 18 140
18 4 140
4 16 300
16 4 300
4 5 488
5 4 488
4 47 897
47 4 897
4 49 259
49 4 259
4 78 380
78 4 380
5 28 235
28 5 235
5 44 361
44 5 361
5 67 954
67 5 954
5 69 750
69 5 750
5 96 871
96 5 871
5 99 358
99 5 358
5 67 488
67 5 488
5 39 2
39 5 2
5 51 629
51 5 629
5 48 237
48 5 237
5 27 464
27 5 464
5 66 743
66 5 743
5 13 642
13 5 642
5 23 98
23 5 98
5 63 970
63 5 970
5 20 620
20 5 620
6 30 224
30 6 224
6 77 991
77 6 991
6 76 53
76 6 53
6 37 532
37 6 532
7 25 785
25 7 785
7 33 478
33 7 478
7 59 244
59 7 244
7 34 352
34 7 352
7 85 341
85 7 341
7 83 971
83 7 971
7 17 732
17 7 732
7 77 506
77 7 506
7 68 102
68 7 102
8 14 481
14 8 481
8 15 200
15 8 200
8 19 314
19 8 314
8 40 401
40 8 401
8 20 795
20 8 795
8 57 453
57 8 453
8 99 154
99 8 154
8 33 825
33 8 825
8 64 845
64 8 845
8 28 871
28 8 871
8 73 677
73 8 677
9 18 931
18 9 931
9 42 398
42 9 398
9 58 548
58 9 548
9 32 482
32 9 482
9 59 958
59 9 958
9 93 706
93 9 706
9 45 653
45 9 653
10 58 610
58 10 610
10 82 603
82 10 603
10 71 495
71 10 495
10 61 185
61 10 185
10 25 585
25 10 585
10 50 473
50 10 473
10 97 75
97 10 75
11 12 803
12 11 803
11 35 663
35 11 663
11 99 687
99 11 687
11 82 603
82 11 603
11 40 532
40 11 532
11 39 451
39 11 451
11 50 12
50 11 12
11 61 875
61 11 875
11 16 426
16 11 426
11 63 757
63 11 757
11 31 76
31 11 76
11 40 546
40 11 546
12 16 970
16 12 970
12 29 878
29 12 878
12 78 883
78 12 883
12 89 330
89 12 330
12 69 823
69 12 823
12 12 52
12 12 52
12 86 854
86 12 854
12 45 87
45 12 87
12 16 432
16 12 432
12 82 543
82 12 543
12 20 78
20 12 78
12 87 475
87 12 475
12 41 481
41 12 481
13 20 763
20 13 763
13 90 269
90 13 269
13 84 428
84 13 428
13 19 474
19 13 474
13 99 900
99 13 900
13 19 239
19 13 239
13 97 844
97 13 844
13 57 371
57 13 371
14 60 272
60 14 272
14 33 529
33 14 529
14 72 920
72 14 920
14 82 564
82 14 564
14 23 778
23 14 778
14 44 803
44 14 803
14 18 911
18 14 911
14 67 615
67 14 615
15 32 478
32 15 478
15 42 265
42 15 265
15 51 828
51 15 828
15 35 216
35 15 216
15 56 625
56 15 625
16 51 457
51 16 457
16 52 67
52 16 67
16 26 776
26 16 776
16 40 394
40 16 394
16 24 579
24 16 579
17 20 547
20 17 547
17 50 515
50 17 515
17 64 55
64 17 55
17 87 80
87 17 80
17 78 149
78 17 149
18 20 364
20 18 364
18 58 566
58 18 566
18 74 302
74 18 302
18 86 243
86 18 243
18 40 511
40 18 511
19 24 776
24 19 776
19 99 539
99 19 539
19 73 482
73 19 482
19 68 666
68 19 666
19 65 490
65 19 490
19 26 894
26 19 894
19 42 511
42 19 511
20 42 553
42 20 553
20 53 386
53 20 386
20 50 725
50 20 725
20 86 5
86 20 5
20 55 755
55 20 755
20 53 646
53 20 646
21 43 242
43 21 242
21 61 294
61 21 294
21 22 813
22 21 813
21 72 250
72 21 250
21 59 633
59 21 633
21 61 23
61 21 23
21 86 735
86 21 735
21 47 227
47 21 227
21 61 463
61 21 463
21 42 827
42 21 827
22 27 901
27 22 901
22 88 723
88 22 723
22 31 752
31 22 752
22 88 207
88 22 207
22 41 630
41 22 630
23 47 318
47 23 318
23 65 307
65 23 307
23 68 85
68 23 85
23 91 931
91 23 931
23 54 349
54 23 349
23 51 64
51 23 64
23 24 970
24 23 970
23 96 617
96 23 617
23 55 967
55 23 967
24 31 376
31 24 376
24 55 909
55 24 909
24 72 593
72 24 593
24 46 104
46 24 104
25 47 209
47 25 209
25 25 968
25 25 968
25 34 910
34 25 910
25 50 193
50 25 193
25 47 250
47 25 250
25 45 249
45 25 249
25 80 611
80 25 611
26 41 658
41 26 658
26 71 198
71 26 198
26 97 518
97 26 518
26 71 714
71 26 714
26 61 300
61 26 300
26 30 775
30 26 775
26 27 625
27 26 625
27 82 832
82 27 832
27 90 18
90 27 18
27 70 764
70 27 764
27 41 483
41 27 483
27 79 272
79 27 272
27 70 248
70 27 248
27 77 156
77 27 156
28 38 408
38 28 408
28 34 845
34 28 845
28 48 296
48 28 296
29 53 527
53 29 527
29 73 116
73 29 116
29 32 149
32 29 149
29 83 31
83 29 31
29 34 325
34 29 325
30 46 445
46 30 445
30 48 224
48 30 224
30 91 198
91 30 198
30 58 664
58 30 664
30 40 619
40 30 619
30 92 917
92 30 917
30 69 902
69 30 902
30 98 856
98 30 856
30 42 464
42 30 464
30 35 740
35 30 740
31 83 915
83 31 915
31 59 927
59 31 927
31 67 205
67 31 205
31 97 375
97 31 375
32 37 353
37 32 353
32 39 175
39 32 175
32 44 730
44 32 730
32 84 717
84 32 717
32 79 105
79 32 105
33 85 290
85 33 290
33 86 529
86 33 529
33 51 846
51 33 846
33 45 939
45 33 939
33 55 795
55 33 795
33 79 896
79 33 896
33 56 770
56 33 770
33 58 955
58 33 955
33 84 343
84 33 343
34 98 367
98 34 367
34 68 60
68 34 60
34 46 568
46 34 568
34 69 84
69 34 84
34 98 1000
98 34 1000
34 35 734
35 34 734
34 38 882
38 34 882
35 62 625
62 35 625
35 66 398
66 35 398
35 98 705
98 35 705
35 76 931
76 35 931
35 68 464
68 35 464
35 58 436
58 35 436
35 58 292
58 35 292
35 57 229
57 35 229
36 59 232
59 36 232
36 82 823
82 36 823
36 73 129
73 36 129
36 88 43
88 36 43
36 59 178
59 36 178
36 87 448
87 36 448
37 59 627
59 37 627
37 54 978
54 37 978
37 93 949
93 37 949
37 78 920
78 37 920
37 88 927
88 37 927
38 50 349
50 38 349
38 63 28
63 38 28
38 87 395
87 38 395
38 54 43
54 38 43
38 42 33
42 38 33
38 68 746
68 38 746
38 65 587
65 38 587
39 52 345
52 39 345
39 56 761
56 39 761
39 81 789
81 39 789
39 56 302
56 39 302
39 77 272
77 39 272
39 96 600
96 39 600
39 40 682
40 39 682
40 85 545
85 40 545
40 44 173
44 40 173
40 92 53
92 40 53
40 42 704
42 40 704
40 75 14
75 40 14
41 53 426
53 41 426
41 54 775
54 41 775
41 89 871
89 41 871
41 56 902
56 41 902
41 91 948
91 41 948
41 82 305
82 41 305
41 58 389
58 41 389
41 47 465
47 41 465
42 92 722
92 42 722
43 60 335
60 43 335
43 64 323
64 43 323
43 67 741
67 43 741
43 67 802
67 43 802
43 56 32
56 43 32
44 45 131
45 44 131
44 68 805
68 44 805
44 68 378
68 44 378
44 59 4
59 44 4
44 90 748
90 44 748
44 58 895
58 44 895
44 71 81
71 44 81
45 64 919
64 45 919
45 66 887
66 45 887
45 95 747
95 45 747
45 91 75
91 45 75
45 66 582
66 45 582
46 72 827
72 46 827
46 54 554
54 46 554
46 93 142
93 46 142
47 55 574
55 47 574
47 70 659
70 47 659
47 76 304
76 47 304
47 51 363
51 47 363
47 85 162
85 47 162
47 48 781
48 47 781
48 49 397
49 48 397
48 83 357
83 48 357
48 50 427
50 48 427
49 72 834
72 49 834
49 99 944
99 49 944
49 56 323
56 49 323
49 88 362
88 49 362
49 76 115
76 49 115
50 95 881
95 50 881
50 90 761
90 50 761
50 95 471
95 50 471
50 84 420
84 50 420
50 98 51
98 50 51
50 94 766
94 50 766
50 91 261
91 50 261
51 81 743
81 51 743
51 93 344
93 51 344
51 78 660
78 51 660
51 72 934
72 51 934
52 53 951
53 52 951
52 67 312
67 52 312
52 99 980
99 52 980
52 69 115
69 52 115
52 81 280
81 52 280
53 96 647
96 53 647
53 88 30
88 53 30
53 94 852
94 53 852
53 74 653
74 53 653
54 93 633
93 54 633
55 59 10
59 55 10
55 83 305
83 55 305
55 86 191
86 55 191
55 97 101
97 55 101
55 67 886
67 55 886
56 67 812
67 56 812
56 98 327
98 56 327
56 77 269
77 56 269
57 71 557
71 57 557
57 88 334
88 57 334
58 95 881
95 58 881
58 96 157
96 58 157
58 78 508
78 58 508
58 69 266
69 58 266
58 86 453
86 58 453
58 66 753
66 58 753
59 73 264
73 59 264
59 98 382
98 59 382
59 85 86
85 59 86
60 76 852
76 60 852
60 78 785
78 60 785
60 64 198
64 60 198
60 68 130
68 60 130
61 65 925
65 61 925
61 76 620
76 61 620
61 91 270
91 61 270
61 94 688
94 61 688
61 94 666
94 61 666
62 75 681
75 62 681
62 71 571
71 62 571
63 98 671
98 63 671
63 79 826
79 63 826
63 92 428
92 63 428
63 76 754
76 63 754
64 76 487
76 64 487
64 68 573
68 64 573
65 88 114
88 65 114
65 88 76
88 65 76
65 99 106
99 65 106
66 79 885
79 66 885
66 93 556
93 66 556
66 74 74
74 66 74
66 89 664
89 66 664
67 75 811
75 67 811
67 92 997
92 67 997
67 71 191
71 67 191
68 74 968
74 68 968
68 96 492
96 68 492
68 86 899
86 68 899
68 95 638
95 68 638
68 72 155
72 68 155
69 73 591
73 69 591
69 97 13
97 69 13
70 98 922
98 70 922
70 76 955
76 70 955
70 96 224
96 70 224
71 93 246
93 71 246
72 88 552
88 72 552
74 86 725
86 74 725
74 78 535
78 74 535
74 74 584
74 74 584
74 75 914
75 74 914
74 75 392
75 74 392
75 80 592
80 75 592
75 92 162
92 75 162
75 96 806
96 75 806
76 86 252
86 76 252
76 95 925
95 76 925
77 84 817
84 77 817
78 81 317
81 78 317
78 79 399
79 78 399
78 81 128
81 78 128
79 79 285
79 79 285
79 99 587
99 79 587
80 94 993
94 80 993
80 92 44
92 80 44
80 83 895
83 80 895
82 87 538
87 82 538
83 90 781
90 83 781
83 93 69
93 83 69
84 99 717
99 84 717
85 88 82
88 85 82
86 94 509
94 86 509
86 95 828
95 86 828
90 97 441
97 90 441
93 99 735
99 93 735
93 97 805
97 93 805
94 98 955
98 94 955
97 99 330
99 97 330
