39

0 1 939
1 0 939
0 2 174
2 0 174
0 3 747
3 0 747
0 4 712
4 0 712
0 1 816
1 0 816
0 5 101
5 0 101
1 6 74
6 1 74
1 29 607
29 1 607
1 10 807
10 1 807
2 5 708
5 2 708
2 27 307
27 2 307
2 11 36
11 2 36
2 21 151
21 2 151
2 17 167
17 2 167
3 7 360
7 3 360
3 10 846
10 3 846
3 22 218
22 3 218
3 20 581
20 3 581
3 18 213
18 3 213
4 12 87
12 4 87
4 13 998
13 4 998
4 14 119
14 4 119
4 17 226
17 4 226
4 33 616
33 4 616
4 24 865
24 4 865
4 28 32
28 4 32
4 32 106
32 4 106
5 20 322
20 5 322
5 27 538
27 5 538
5 38 837
38 5 837
6 8 183
8 6 183
6 33 891
33 6 891
6 30 500
30 6 500
6 18 804
18 6 804
7 9 944
9 7 944
7 11 722
11 7 722
7 21 730
21 7 730
7 24 504
24 7 504
8 20 234
20 8 234
8 35 322
35 8 322
8 17 50
17 8 50
8 37 132
37 8 132
8 10 772
10 8 772
9 23 481
23 9 481
9 30 975
30 9 975
9 13 89
13 9 89
9 34 13
34 9 13
9 31 371
31 9 371
9 20 864
20 9 864
9 18 214
18 9 214
10 13 225
13 10 225
10 14 627
14 10 627
10 26 451
26 10 451
11 25 148
25 11 148
11 34 87
34 11 87
12 28 494
28 12 494
12 26 364
26 12 364
12 35 501
35 12 501
12 34 47
34 12 47
12 24 276
24 12 276
12 37 107
37 12 107
13 16 756
16 13 756
13 19 815
19 13 815
13 13 414
13 13 414
13 30 238
30 13 238
13 30 502
30 13 502
13 30 675
30 13 675
13 29 736
29 13 736
13 38 322
38 13 322
14 15 247
15 14 247
14 22 910
22 14 910
15 27 421
27 15 421
16 35 881
35 16 881
16 29 295
29 16 295
16 25 683
25 16 683
16 35 674
35 16 674
16 33 785
33 16 785
16 24 295
24 16 295
16 38 384
38 16 384
16 19 155
19 16 155
17 18 280
18 17 280
17 24 565
24 17 565
17 25 202
25 17 202
17 31 591
31 17 591
18 22 911
22 18 911
18 33 228
33 18 228
19 32 980
32 19 980
19 32 377
32 19 377
19 20 97
20 19 97
20 20 485
20 20 485
20 36 720
36 20 720
21 36 586
36 21 586
22 26 157
26 22 157
24 37 262
37 24 262
24 28 840
28 24 840
24 27 790
27 24 790
25 26 471
26 25 471
28 29 968
29 28 968
28 35 958
35 28 958
28 35 863
35 28 863
29 31 952
31 29 952
29 34 321
34 29 321
32 36 387
36 32 387
32 33 335
33 32 335
32 36 275
36 32 275
35 38 820
38 35 820
35 38 838
38 35 838
38 38 394
38 38 394
