68

0 1 304
1 0 304
0 17 22
17 0 22
0 55 782
55 0 782
0 13 716
13 0 716
0 16 763
16 0 763
0 33 279
33 0 279
0 49 145
49 0 145
1 2 729
2 1 729
1 3 813
3 1 813
1 10 919
10 1 919
1 16 650
16 1 650
1 28 140
28 1 140
1 60 169
60 1 169
1 63 651
63 1 651
1 13 22
13 1 22
1 33 376
33 1 376
1 59 184
59 1 184
1 42 314
42 1 314
1 7 80
7 1 80
2 60 565
60 2 565
2 8 865
8 2 865
2 67 807
67 2 807
2 31 694
31 2 694
2 45 45
45 2 45
2 49 795
49 2 795
2 50 662
50 2 662
2 19 152
19 2 152
2 17 263
17 2 263
2 27 413
27 2 413
2 18 794
18 2 794
3 4 304
4 3 304
3 13 967
13 3 967
3 32 610
32 3 610
3 31 987
31 3 987
3 9 125
9 3 125
3 25 786
25 3 786
3 16 189
16 3 189
3 12 59
12 3 59
3 61 339
61 3 339
3 66 851
66 3 851
3 39 239
39 3 239
4 5 921
5 4 921
4 6 956
6 4 956
4 21 152
21 4 152
4 49 23
49 4 23
4 40 883
40 4 883
4 66 498
66 4 498
4 12 951
12 4 951
4 12 19
12 4 19
4 47 521
47 4 521
5 7 647
7 5 647
5 40 797
40 5 797
5 13 989
13 5 989
5 40 700
40 5 700
5 25 5
25 5 5
6 18 119
18 6 119
6 49 464
49 6 464
6 18 817
18 6 817
6 46 583
46 6 583
6 20 243
20 6 243
6 34 751
34 6 751
6 15 629
15 6 629
6 14 225
14 6 225
6 44 877
44 6 877
7 8 680
8 7 680
7 11 76
11 7 76
7 12 305
12 7 305
7 46 959
46 7 959
7 30 192
30 7 192
7 31 54
31 7 54
7 62 776
62 7 776
7 39 231
39 7 231
7 65 907
65 7 907
7 57 715
57 7 715
7 39 602
39 7 602
7 62 143
62 7 143
8 9 429
9 8 429
8 32 417
32 8 417
8 37 15
37 8 15
8 39 117
39 8 117
8 42 841
42 8 841
8 64 10
64 8 10
8 67 250
67 8 250
8 39 505
39 8 505
8 22 644
22 8 644
8 30 911
30 8 911
8 11 358
11 8 358
8 19 411
19 8 411
9 52 383
52 9 383
9 56 756
56 9 756
9 58 630
58 9 630
9 16 807
16 9 807
9 32 737
32 9 737
9 67 614
67 9 614
9 46 5
46 9 5
9 49 794
49 9 794
9 52 88
52 9 88
9 12 387
12 9 387
9 33 234
33 9 234
10 59 233
59 10 233
10 16 925
16 10 925
10 45 614
45 10 614
10 26 131
26 10 131
10 45 191
45 10 191
10 33 462
33 10 462
10 39 441
39 10 441
10 13 493
13 10 493
11 67 275
67 11 275
11 38 915
38 11 915
11 60 235
60 11 235
11 34 769
34 11 769
11 50 67
50 11 67
11 52 977
52 11 977
11 21 395
21 11 395
11 53 111
53 11 111
11 13 245
13 11 245
12 15 116
15 12 116
12 19 301
19 12 301
12 23 725
23 12 725
12 33 630
33 12 630
12 34 391
34 12 391
12 51 333
51 12 333
12 16 93
16 12 93
12 43 712
43 12 712
12 29 601
29 12 601
12 45 498
45 12 498
12 45 753
45 12 753
12 61 559
61 12 559
13 14 408
14 13 408
13 26 265
26 13 265
13 53 688
53 13 688
13 61 137
61 13 137
13 62 934
62 13 934
13 66 375
66 13 375
13 25 742
25 13 742
13 45 35
45 13 35
13 25 435
25 13 435
13 32 470
32 13 470
13 44 394
44 13 394
13 38 644
38 13 644
13 52 588
52 13 588
13 29 14
29 13 14
13 24 877
24 13 877
13 13 154
13 13 154
14 18 295
18 14 295
14 59 253
59 14 253
14 26 459
26 14 459
14 65 834
65 14 834
14 26 897
26 14 897
14 58 246
58 14 246
14 18 88
18 14 88
14 49 286
49 14 286
14 47 444
47 14 444
14 42 669
42 14 669
14 45 166
45 14 166
15 64 830
64 15 830
15 35 932
35 15 932
15 48 1000
48 15 1000
15 21 530
21 15 530
15 40 198
40 15 198
15 51 824
51 15 824
15 25 59
25 15 59
15 34 527
34 15 527
15 21 947
21 15 947
15 55 257
55 15 257
16 20 405
20 16 405
16 27 866
27 16 866
16 44 207
44 16 207
16 29 812
29 16 812
16 40 960
40 16 960
16 21 765
21 16 765
16 61 931
61 16 931
16 40 64
40 16 64
16 32 133
32 16 133
17 24 208
24 17 208
17 29 530
29 17 530
17 53 825
53 17 825
17 62 57
62 17 57
17 19 976
19 17 976
17 55 912
55 17 912
17 58 515
58 17 515
18 65 947
65 18 947
18 46 559
46 18 559
18 22 18
22 18 18
18 27 463
27 18 463
18 47 524
47 18 524
18 40 327
40 18 327
18 22 60
22 18 60
18 61 715
61 18 715
19 22 165
22 19 165
19 57 928
57 19 928
19 44 718
44 19 718
19 22 372
22 19 372
19 59 375
59 19 375
19 60 10
60 19 10
19 31 693
31 19 693
19 44 228
44 19 228
20 36 914
36 20 914
20 39 866
39 20 866
20 39 1000
39 20 1000
20 54 827
54 20 827
20 54 528
54 20 528
20 62 663
62 20 663
20 34 455
34 20 455
20 60 142
60 20 142
20 45 211
45 20 211
21 38 356
38 21 356
22 25 775
25 22 775
22 30 210
30 22 210
22 47 416
47 22 416
22 26 162
26 22 162
22 46 239
46 22 239
22 59 208
59 22 208
22 26 966
26 22 966
22 53 8
53 22 8
22 26 392
26 22 392
23 40 347
40 23 347
23 64 50
64 23 50
23 67 749
67 23 749
24 43 457
43 24 457
24 33 331
33 24 331
24 62 970
62 24 970
24 31 716
31 24 716
25 31 52
31 25 52
25 45 887
45 25 887
25 48 409
48 25 409
26 67 917
67 26 917
26 44 999
44 26 999
26 60 393
60 26 393
26 57 52
57 26 52
26 65 193
65 26 193
27 45 932
45 27 932
27 34 778
34 27 778
27 31 588
31 27 588
27 50 75
50 27 75
27 44 179
44 27 179
28 57 54
57 28 54
28 33 137
33 28 137
28 40 559
40 28 559
29 40 48
40 29 48
29 66 993
66 29 993
29 34 366
34 29 366
29 54 998
54 29 998
29 37 504
37 29 504
29 45 847
45 29 847
30 34 681
34 30 681
30 37 52
37 30 52
30 52 11
52 30 11
30 67 844
67 30 844
30 30 730
30 30 730
31 35 817
35 31 817
31 43 141
43 31 141
31 60 640
60 31 640
31 46 605
46 31 605
31 62 268
62 31 268
31 40 178
40 31 178
31 44 536
44 31 536
31 51 643
51 31 643
32 35 372
35 32 372
32 59 573
59 32 573
32 36 102
36 32 102
32 38 725
38 32 725
32 55 433
55 32 433
32 47 812
47 32 812
32 55 78
55 32 78
33 54 778
54 33 778
33 65 155
65 33 155
33 46 928
46 33 928
33 56 587
56 33 587
33 54 496
54 33 496
34 36 684
36 34 684
34 42 127
42 34 127
34 52 234
52 34 234
34 53 47
53 34 47
34 59 422
59 34 422
35 51 954
51 35 954
35 46 62
46 35 62
35 58 827
58 35 827
35 55 66
55 35 66
35 38 337
38 35 337
35 36 794
36 35 794
35 62 414
62 35 414
36 50 788
50 36 788
36 45 617
45 36 617
36 61 668
61 36 668
36 67 301
67 36 301
36 57 466
57 36 466
36 57 954
57 36 954
37 38 579
38 37 579
37 51 989
51 37 989
37 46 28
46 37 28
37 64 822
64 37 822
37 40 398
40 37 398
37 57 32
57 37 32
37 51 285
51 37 285
38 46 347
46 38 347
38 45 885
45 38 885
38 45 766
45 38 766
39 41 947
41 39 947
39 45 491
45 39 491
39 50 811
50 39 811
39 44 785
44 39 785
39 44 680
44 39 680
39 40 725
40 39 725
40 55 268
55 40 268
40 41 282
41 40 282
40 43 328
43 40 328
40 61 571
61 40 571
41 43 845
43 41 845
41 61 914
61 41 914
41 63 657
63 41 657
41 47 120
47 41 120
41 46 736
46 41 736
42 48 163
48 42 163
42 60 440
60 42 440
42 55 364
55 42 364
42 48 870
48 42 870
42 55 516
55 42 516
43 66 104
66 43 104
43 63 439
63 43 439
45 53 455
53 45 455
46 51 271
51 46 271
46 63 317
63 46 317
46 63 498
63 46 498
48 53 392
53 48 392
48 52 824
52 48 824
48 51 213
51 48 213
48 48 512
48 48 512
48 67 633
67 48 633
49 55 80
55 49 80
49 62 555
62 49 555
51 64 341
64 51 341
51 65 225
65 51 225
51 64 759
64 51 759
51 63 726
63 51 726
51 67 317
67 51 317
53 63 127
63 53 127
54 58 212
58 54 212
54 59 43
59 54 43
54 55 141
55 54 141
55 56 177
56 55 177
55 59 128
59 55 128
55 57 734
57 55 734
56 57 721
57 56 721
56 67 743
67 56 743
57 62 522
62 57 522
57 67 300
67 57 300
57 59 834
59 57 834
58 60 243
60 58 243
58 63 332
63 58 332
59 66 937
66 59 937
59 63 362
63 59 362
61 63 357
63 61 357
61 66 680
66 61 680
62 64 763
64 62 763
