68

0 1 629
1 0 629
0 2 934
2 0 934
0 5 786
5 0 786
0 6 957
6 0 957
0 40 108
40 0 108
0 33 569
33 0 569
0 54 180
54 0 180
1 25 305
25 1 305
1 46 747
46 1 747
1 59 334
59 1 334
1 18 892
18 1 892
1 56 353
56 1 353
1 18 953
18 1 953
2 3 976
3 2 976
2 17 481
17 2 481
2 18 612
18 2 612
2 44 386
44 2 386
2 8 759
8 2 759
2 35 285
35 2 285
3 4 767
4 3 767
3 7 315
7 3 315
3 9 597
9 3 597
3 13 486
13 3 486
3 24 776
24 3 776
3 65 433
65 3 433
3 22 682
22 3 682
3 53 18
53 3 18
4 29 75
29 4 75
4 60 931
60 4 931
4 43 137
43 4 137
4 39 770
39 4 770
5 15 95
15 5 95
5 7 721
7 5 721
6 22 1000
22 6 1000
6 23 743
23 6 743
6 48 53
48 6 53
6 6 21
6 6 21
7 8 226
8 7 226
7 10 195
10 7 195
7 44 885
44 7 885
8 12 841
12 8 841
8 21 184
21 8 184
8 53 543
53 8 543
8 65 755
65 8 755
9 16 282
16 9 282
9 57 555
57 9 555
9 28 721
28 9 721
10 11 202
11 10 202
10 32 125
32 10 125
10 36 194
36 10 194
10 61 804
61 10 804
10 47 665
47 10 665
10 28 592
28 10 592
10 59 951
59 10 951
11 20 889
20 11 889
11 46 970
46 11 970
11 50 450
50 11 450
12 26 476
26 12 476
12 33 509
33 12 509
12 37 870
37 12 870
12 41 711
41 12 711
13 14 384
14 13 384
13 25 220
25 13 220
13 54 493
54 13 493
14 36 981
36 14 981
14 29 359
29 14 359
14 25 350
25 14 350
15 55 264
55 15 264
16 19 847
19 16 847
16 66 932
66 16 932
16 47 357
47 16 357
17 43 806
43 17 806
17 34 26
34 17 26
17 36 862
36 17 862
18 23 752
23 18 752
19 30 713
30 19 713
19 41 815
41 19 815
20 31 120
31 20 120
20 32 123
32 20 123
20 57 390
57 20 390
21 58 533
58 21 533
21 52 760
52 21 760
21 30 172
30 21 172
21 51 813
51 21 813
22 28 88
28 22 88
22 63 551
63 22 551
22 59 322
59 22 322
22 51 154
51 22 154
22 37 175
37 22 175
23 27 985
27 23 985
23 63 977
63 23 977
23 54 752
54 23 752
24 60 579
60 24 579
24 66 148
66 24 148
24 34 368
34 24 368
26 49 61
49 26 61
26 37 208
37 26 208
27 38 840
38 27 840
27 39 474
39 27 474
28 42 887
42 28 887
28 39 199
39 28 199
29 30 590
30 29 590
29 47 32
47 29 32
29 51 299
51 29 299
29 42 785
42 29 785
31 34 645
34 31 645
31 39 257
39 31 257
31 52 819
52 31 819
32 35 442
35 32 442
33 67 15
67 33 15
34 53 817
53 34 817
35 45 614
45 35 614
35 44 697
44 35 697
36 50 915
50 36 915
37 59 461
59 37 461
37 44 156
44 37 156
38 54 315
54 38 315
38 58 927
58 38 927
39 66 662
66 39 662
39 51 388
51 39 388
39 45 7
45 39 7
39 64 970
64 39 970
41 53 485
53 41 485
41 61 275
61 41 275
41 49 513
49 41 513
42 64 864
64 42 864
44 45 79
45 44 79
46 52 165
52 46 165
46 67 465
67 46 465
46 54 964
54 46 964
47 56 254
56 47 254
48 56 865
56 48 865
49 51 245
51 49 245
50 62 749
62 50 749
50 64 445
64 50 445
50 66 822
66 50 822
51 52 381
52 51 381
52 63 287
63 52 287
54 60 354
60 54 354
56 62 617
62 56 617
56 60 307
60 56 307
58 66 402
66 58 402
63 64 624
64 63 624
