100

0 1 802
1 0 802
0 40 509
40 0 509
0 46 421
46 0 421
0 14 632
14 0 632
0 77 412
77 0 412
0 12 595
12 0 595
0 53 917
53 0 917
0 45 220
45 0 220
0 72 306
72 0 306
0 28 18
28 0 18
0 51 130
51 0 130
0 20 19
20 0 19
0 58 562
58 0 562
1 2 322
2 1 322
1 3 183
3 1 183
1 5 675
5 1 675
1 8 383
8 1 383
1 19 268
19 1 268
1 21 362
21 1 362
1 53 81
53 1 81
1 47 939
47 1 939
1 9 100
9 1 100
1 88 386
88 1 386
1 73 944
73 1 944
1 44 210
44 1 210
1 14 717
14 1 717
1 29 56
29 1 56
1 20 381
20 1 381
2 4 461
4 2 461
2 28 730
28 2 730
2 42 176
42 2 176
2 79 575
79 2 575
2 73 647
73 2 647
2 18 417
18 2 417
2 33 151
33 2 151
2 75 872
75 2 872
2 86 482
86 2 482
2 60 930
60 2 930
2 22 603
22 2 603
2 88 767
88 2 767
3 12 746
12 3 746
3 60 599
60 3 599
3 72 648
72 3 648
3 39 50
39 3 50
3 42 503
42 3 503
3 15 713
15 3 713
3 31 443
31 3 443
3 63 150
63 3 150
3 90 902
90 3 902
3 85 565
85 3 565
4 13 482
13 4 482
4 20 141
20 4 141
4 29 427
29 4 427
4 96 967
96 4 967
4 87 950
87 4 950
4 92 501
92 4 501
4 42 740
42 4 740
4 21 947
21 4 947
4 65 739
65 4 739
4 67 556
67 4 556
4 81 528
81 4 528
4 76 148
76 4 148
4 44 4
44 4 4
4 8 775
8 4 775
4 15 485
15 4 485
4 33 409
33 4 409
5 6 97
6 5 97
5 7 480
7 5 480
5 10 702
10 5 702
5 45 125
45 5 125
5 82 983
82 5 983
5 73 611
73 5 611
5 98 211
98 5 211
5 88 922
88 5 922
5 37 711
37 5 711
5 44 701
44 5 701
5 44 2
44 5 2
5 67 935
67 5 935
5 33 648
33 5 648
5 59 562
59 5 562
5 55 894
55 5 894
5 83 307
83 5 307
5 76 770
76 5 770
5 36 557
36 5 557
5 29 870
29 5 870
6 11 186
11 6 186
6 39 118
39 6 118
6 57 674
57 6 674
6 22 749
22 6 749
6 41 648
41 6 648
6 51 42
51 6 42
6 65 475
65 6 475
6 38 880
38 6 880
6 23 575
23 6 575
6 83 731
83 6 731
6 15 744
15 6 744
6 83 221
83 6 221
6 35 305
35 6 305
6 20 460
20 6 460
6 22 847
22 6 847
6 54 470
54 6 470
6 28 124
28 6 124
6 31 326
31 6 326
6 67 685
67 6 685
6 82 174
82 6 174
7 9 859
9 7 859
7 31 815
31 7 815
7 68 67
68 7 67
7 43 429
43 7 429
7 56 327
56 7 327
7 52 100
52 7 100
7 47 190
47 7 190
7 91 630
91 7 630
7 95 21
95 7 21
7 20 850
20 7 850
7 90 51
90 7 51
7 35 562
35 7 562
7 21 433
21 7 433
7 64 694
64 7 694
7 91 547
91 7 547
8 27 154
27 8 154
8 30 64
30 8 64
8 34 533
34 8 533
8 24 761
24 8 761
8 86 433
86 8 433
8 57 661
57 8 661
8 74 63
74 8 63
8 72 577
72 8 577
8 93 825
93 8 825
8 55 723
55 8 723
8 46 822
46 8 822
8 40 324
40 8 324
8 70 216
70 8 216
8 87 208
87 8 208
8 93 678
93 8 678
9 53 901
53 9 901
9 24 363
24 9 363
9 67 293
67 9 293
9 18 288
18 9 288
9 76 821
76 9 821
9 80 745
80 9 745
9 72 619
72 9 619
9 57 380
57 9 380
9 45 249
45 9 249
9 94 118
94 9 118
9 30 714
30 9 714
10 16 880
16 10 880
10 17 521
17 10 521
10 61 857
61 10 857
10 67 550
67 10 550
10 23 732
23 10 732
10 21 825
21 10 825
10 89 681
89 10 681
10 34 618
34 10 618
11 15 271
15 11 271
11 18 111
18 11 111
11 23 340
23 11 340
11 78 588
78 11 588
11 62 696
62 11 696
11 88 743
88 11 743
11 99 339
99 11 339
11 58 693
58 11 693
11 12 890
12 11 890
11 87 148
87 11 148
11 74 74
74 11 74
11 84 869
84 11 869
11 50 878
50 11 878
11 42 340
42 11 340
11 71 520
71 11 520
11 22 455
22 11 455
11 61 79
61 11 79
11 15 174
15 11 174
11 13 190
13 11 190
11 90 636
90 11 636
12 14 926
14 12 926
12 22 665
22 12 665
12 65 206
65 12 206
12 92 713
92 12 713
12 15 343
15 12 343
12 12 138
12 12 138
12 40 697
40 12 697
12 68 590
68 12 590
12 82 352
82 12 352
12 94 545
94 12 545
12 19 179
19 12 179
13 80 77
80 13 77
13 23 737
23 13 737
13 18 520
18 13 520
13 72 8
72 13 8
13 17 863
17 13 863
13 41 354
41 13 354
13 39 103
39 13 103
14 17 824
17 14 824
14 46 31
46 14 31
14 67 124
67 14 124
14 99 865
99 14 865
14 84 588
84 14 588
14 89 960
89 14 960
14 33 594
33 14 594
14 36 14
36 14 14
14 54 80
54 14 80
14 90 47
90 14 47
14 54 970
54 14 970
14 29 241
29 14 241
14 65 962
65 14 962
14 68 52
68 14 52
14 48 823
48 14 823
14 67 545
67 14 545
14 39 108
39 14 108
15 32 894
32 15 894
15 22 358
22 15 358
15 69 752
69 15 752
15 15 673
15 15 673
15 23 267
23 15 267
15 62 403
62 15 403
15 40 920
40 15 920
15 25 751
25 15 751
15 64 130
64 15 130
15 24 854
24 15 854
15 28 917
28 15 917
15 94 668
94 15 668
16 57 531
57 16 531
16 72 988
72 16 988
16 98 115
98 16 115
16 53 915
53 16 915
16 83 227
83 16 227
16 28 936
28 16 936
16 16 705
16 16 705
16 93 581
93 16 581
17 56 710
56 17 710
17 30 420
30 17 420
17 58 145
58 17 145
17 77 974
77 17 974
17 44 933
44 17 933
17 86 167
86 17 167
17 79 763
79 17 763
17 49 333
49 17 333
17 76 44
76 17 44
17 94 264
94 17 264
17 30 899
30 17 899
17 62 619
62 17 619
17 41 927
41 17 927
18 48 1
48 18 1
18 62 441
62 18 441
18 71 771
71 18 771
18 88 346
88 18 346
18 90 770
90 18 770
18 35 201
35 18 201
18 85 910
85 18 910
18 72 359
72 18 359
18 22 978
22 18 978
18 20 785
20 18 785
18 45 643
45 18 643
18 43 647
43 18 647
18 53 564
53 18 564
18 90 629
90 18 629
18 31 680
31 18 680
19 89 951
89 19 951
19 46 591
46 19 591
19 74 516
74 19 516
19 59 977
59 19 977
19 70 304
70 19 304
19 38 732
38 19 732
20 24 594
24 20 594
20 26 294
26 20 294
20 47 248
47 20 248
20 54 682
54 20 682
20 97 588
97 20 588
20 98 888
98 20 888
20 57 906
57 20 906
20 44 13
44 20 13
20 38 305
38 20 305
20 29 145
29 20 145
20 42 959
42 20 959
20 44 991
44 20 991
20 87 605
87 20 605
21 35 324
35 21 324
21 82 466
82 21 466
21 94 929
94 21 929
21 43 81
43 21 81
21 60 63
60 21 63
21 92 830
92 21 830
21 69 347
69 21 347
21 52 482
52 21 482
21 92 88
92 21 88
21 49 500
49 21 500
22 32 212
32 22 212
22 97 732
97 22 732
22 25 394
25 22 394
22 44 86
44 22 86
22 45 645
45 22 645
22 85 22
85 22 22
22 81 918
81 22 918
23 25 681
25 23 681
23 42 473
42 23 473
23 89 328
89 23 328
23 62 351
62 23 351
23 72 162
72 23 162
23 50 933
50 23 933
24 51 696
51 24 696
24 79 437
79 24 437
24 71 840
71 24 840
24 33 472
33 24 472
24 89 107
89 24 107
24 35 198
35 24 198
24 87 357
87 24 357
24 66 179
66 24 179
24 27 990
27 24 990
24 89 609
89 24 609
24 81 915
81 24 915
24 95 1000
95 24 1000
25 82 174
82 25 174
25 59 278
59 25 278
25 95 724
95 25 724
25 63 630
63 25 630
25 89 855
89 25 855
25 61 192
61 25 192
25 34 775
34 25 775
25 72 824
72 25 824
25 45 864
45 25 864
25 98 832
98 25 832
25 90 979
90 25 979
25 46 399
46 25 399
25 74 144
74 25 144
26 36 861
36 26 861
26 43 652
43 26 652
26 85 666
85 26 666
26 70 568
70 26 568
26 80 853
80 26 853
26 37 612
37 26 612
26 81 727
81 26 727
26 98 163
98 26 163
26 30 365
30 26 365
27 44 413
44 27 413
27 67 476
67 27 476
27 55 359
55 27 359
27 34 609
34 27 609
27 81 303
81 27 303
27 89 899
89 27 899
27 45 875
45 27 875
28 38 583
38 28 583
28 29 711
29 28 711
28 94 182
94 28 182
28 36 510
36 28 510
28 77 234
77 28 234
28 79 968
79 28 968
28 54 227
54 28 227
29 33 759
33 29 759
29 30 179
30 29 179
29 50 170
50 29 170
29 76 544
76 29 544
29 43 718
43 29 718
30 61 111
61 30 111
30 81 280
81 30 280
30 64 251
64 30 251
30 99 431
99 30 431
30 94 629
94 30 629
30 75 919
75 30 919
30 86 805
86 30 805
30 97 725
97 30 725
30 49 8
49 30 8
30 39 123
39 30 123
30 69 255
69 30 255
31 37 241
37 31 241
31 41 189
41 31 189
31 58 339
58 31 339
31 84 242
84 31 242
31 46 714
46 31 714
31 48 360
48 31 360
31 46 710
46 31 710
31 71 986
71 31 986
31 55 837
55 31 837
31 74 976
74 31 976
31 95 470
95 31 470
32 58 528
58 32 528
32 86 791
86 32 791
32 54 228
54 32 228
32 62 243
62 32 243
33 50 967
50 33 967
33 52 729
52 33 729
33 54 518
54 33 518
33 55 572
55 33 572
33 80 635
80 33 635
33 54 28
54 33 28
33 60 646
60 33 646
33 34 308
34 33 308
33 81 295
81 33 295
34 38 856
38 34 856
34 58 54
58 34 54
34 59 255
59 34 255
34 93 312
93 34 312
34 97 72
97 34 72
34 84 482
84 34 482
34 71 880
71 34 880
34 90 970
90 34 970
34 81 546
81 34 546
34 42 621
42 34 621
34 73 621
73 34 621
34 41 12
41 34 12
34 92 795
92 34 795
35 96 783
96 35 783
35 63 389
63 35 389
35 75 753
75 35 753
35 94 802
94 35 802
35 46 26
46 35 26
35 82 239
82 35 239
35 67 524
67 35 524
35 85 713
85 35 713
35 65 956
65 35 956
36 75 873
75 36 873
36 85 101
85 36 101
36 76 218
76 36 218
36 82 343
82 36 343
36 55 860
55 36 860
36 52 693
52 36 693
37 56 216
56 37 216
37 65 795
65 37 795
37 61 26
61 37 26
38 62 934
62 38 934
38 40 370
40 38 370
38 63 439
63 38 439
38 52 209
52 38 209
38 88 192
88 38 192
38 51 543
51 38 543
38 76 987
76 38 987
38 81 697
81 38 697
38 52 470
52 38 470
38 55 699
55 38 699
39 64 457
64 39 457
39 90 891
90 39 891
39 67 765
67 39 765
39 81 159
81 39 159
39 50 838
50 39 838
39 80 393
80 39 393
39 94 30
94 39 30
39 47 639
47 39 639
39 78 311
78 39 311
39 78 364
78 39 364
39 85 119
85 39 119
40 42 640
42 40 640
40 53 437
53 40 437
40 88 326
88 40 326
40 48 725
48 40 725
41 53 804
53 41 804
41 49 150
49 41 150
41 54 797
54 41 797
41 86 771
86 41 771
41 57 952
57 41 952
41 69 594
69 41 594
42 52 172
52 42 172
42 57 261
57 42 261
42 79 36
79 42 36
42 95 419
95 42 419
42 86 30
86 42 30
42 97 306
97 42 306
42 58 271
58 42 271
42 66 887
66 42 887
42 97 390
97 42 390
43 58 54
58 43 54
43 81 385
81 43 385
43 95 962
95 43 962
43 71 324
71 43 324
43 93 814
93 43 814
43 81 31
81 43 31
44 55 79
55 44 79
44 91 90
91 44 90
44 49 67
49 44 67
44 62 864
62 44 864
44 62 961
62 44 961
44 87 614
87 44 614
44 48 145
48 44 145
44 97 690
97 44 690
44 79 795
79 44 795
45 49 565
49 45 565
45 95 916
95 45 916
45 64 875
64 45 875
45 94 853
94 45 853
45 83 815
83 45 815
45 47 49
47 45 49
45 65 164
65 45 164
45 71 762
71 45 762
45 78 988
78 45 988
45 93 626
93 45 626
46 63 302
63 46 302
47 73 521
73 47 521
47 84 644
84 47 644
47 55 67
55 47 67
47 73 457
73 47 457
47 72 224
72 47 224
47 64 946
64 47 946
47 65 568
65 47 568
47 71 650
71 47 650
47 69 132
69 47 132
47 65 236
65 47 236
47 74 305
74 47 305
48 84 645
84 48 645
48 58 409
58 48 409
48 79 14
79 48 14
48 88 627
88 48 627
48 90 762
90 48 762
48 67 224
67 48 224
48 73 424
73 48 424
49 79 403
79 49 403
49 71 639
71 49 639
50 65 176
65 50 176
50 58 178
58 50 178
50 79 455
79 50 455
51 87 511
87 51 511
51 84 726
84 51 726
52 53 343
53 52 343
52 67 917
67 52 917
52 81 373
81 52 373
52 65 514
65 52 514
52 79 713
79 52 713
53 74 603
74 53 603
53 68 958
68 53 958
53 82 995
82 53 995
53 77 730
77 53 730
53 89 612
89 53 612
53 91 975
91 53 975
53 70 315
70 53 315
53 77 895
77 53 895
54 78 709
78 54 709
54 85 357
85 54 357
54 90 332
90 54 332
54 98 492
98 54 492
55 59 244
59 55 244
55 90 995
90 55 995
55 82 85
82 55 85
55 62 903
62 55 903
55 81 773
81 55 773
56 69 518
69 56 518
56 91 127
91 56 127
56 83 525
83 56 525
56 97 818
97 56 818
56 62 165
62 56 165
56 84 786
84 56 786
56 66 619
66 56 619
57 72 137
72 57 137
57 75 824
75 57 824
57 85 432
85 57 432
58 76 764
76 58 764
58 61 753
61 58 753
58 69 270
69 58 270
58 67 954
67 58 954
58 82 343
82 58 343
58 61 856
61 58 856
59 66 395
66 59 395
59 86 194
86 59 194
59 86 137
86 59 137
59 98 903
98 59 903
59 81 952
81 59 952
59 75 960
75 59 960
59 95 226
95 59 226
60 75 521
75 60 521
60 76 924
76 60 924
60 76 893
76 60 893
60 78 371
78 60 371
61 81 90
81 61 90
61 68 335
68 61 335
61 69 482
69 61 482
61 81 74
81 61 74
61 98 680
98 61 680
61 89 1
89 61 1
61 83 669
83 61 669
61 66 975
66 61 975
61 74 985
74 61 985
62 80 756
80 62 756
62 78 745
78 62 745
63 78 488
78 63 488
63 93 147
93 63 147
63 67 600
67 63 600
63 82 379
82 63 379
63 71 374
71 63 374
63 98 928
98 63 928
63 74 409
74 63 409
63 79 351
79 63 351
63 72 730
72 63 730
63 67 122
67 63 122
64 83 66
83 64 66
64 88 755
88 64 755
64 73 726
73 64 726
65 94 627
94 65 627
65 69 992
69 65 992
66 66 292
66 66 292
66 67 175
67 66 175
66 95 71
95 66 71
66 91 532
91 66 532
67 68 794
68 67 794
67 72 308
72 67 308
67 68 779
68 67 779
67 73 445
73 67 445
68 71 60
71 68 60
68 77 19
77 68 19
68 71 115
71 68 115
68 90 270
90 68 270
69 70 671
70 69 671
69 87 183
87 69 183
70 95 926
95 70 926
70 77 480
77 70 480
70 99 205
99 70 205
71 79 468
79 71 468
71 89 183
89 71 183
71 88 216
88 71 216
71 94 539
94 71 539
72 73 407
73 72 407
73 86 236
86 73 236
73 98 105
98 73 105
73 78 355
78 73 355
73 92 475
92 73 475
73 76 993
76 73 993
74 87 27
87 74 27
74 93 201
93 74 201
74 75 550
75 74 550
74 88 649
88 74 649
74 96 684
96 74 684
75 94 354
94 75 354
75 83 486
83 75 486
75 84 711
84 75 711
75 85 415
85 75 415
76 83 897
83 76 897
76 81 869
81 76 869
77 78 290
78 77 290
77 92 444
92 77 444
77 89 337
89 77 337
77 92 972
92 77 972
78 85 753
85 78 753
78 87 742
87 78 742
78 80 424
80 78 424
79 81 764
81 79 764
79 80 403
80 79 403
80 93 616
93 80 616
80 93 516
93 80 516
80 92 595
92 80 595
81 84 340
84 81 340
81 92 874
92 81 874
81 94 403
94 81 403
82 92 449
92 82 449
82 90 678
90 82 678
83 86 114
86 83 114
83 88 753
88 83 753
84 87 188
87 84 188
84 90 218
90 84 218
86 98 985
98 86 985
86 95 811
95 86 811
87 95 251
95 87 251
88 96 251
96 88 251
90 97 285
97 90 285
90 93 773
93 90 773
91 98 669
98 91 669
91 91 585
91 91 585
91 95 943
95 91 943
92 94 192
94 92 192
93 94 673
94 93 673
95 96 252
96 95 252
