33

0 1 339
1 0 339
0 2 536
2 0 536
0 32 818
32 0 818
0 3 665
3 0 665
0 1 127
1 0 127
1 4 936
4 1 936
1 12 544
12 1 544
1 19 411
19 1 411
1 22 576
22 1 576
1 31 906
31 1 906
1 28 947
28 1 947
2 3 329
3 2 329
2 11 293
11 2 293
2 11 18
11 2 18
2 3 141
3 2 141
2 14 336
14 2 336
2 18 195
18 2 195
2 31 871
31 2 871
3 5 642
5 3 642
3 6 698
6 3 698
3 17 482
17 3 482
3 18 305
18 3 305
3 21 81
21 3 81
3 30 745
30 3 745
3 28 727
28 3 727
3 27 338
27 3 338
3 23 881
23 3 881
4 9 179
9 4 179
4 11 791
11 4 791
4 4 998
4 4 998
5 7 752
7 5 752
5 14 430
14 5 430
5 25 385
25 5 385
5 30 752
30 5 752
5 8 725
8 5 725
5 15 78
15 5 78
5 12 901
12 5 901
6 8 71
8 6 71
6 13 56
13 6 56
6 24 497
24 6 497
6 15 354
15 6 354
6 9 337
9 6 337
7 29 268
29 7 268
7 31 811
31 7 811
7 23 721
23 7 721
7 21 603
21 7 603
7 17 761
17 7 761
8 10 537
10 8 537
8 25 612
25 8 612
8 28 280
28 8 280
8 31 121
31 8 121
8 24 708
24 8 708
9 20 184
20 9 184
9 26 953
26 9 953
9 21 86
21 9 86
9 30 13
30 9 13
9 24 58
24 9 58
9 15 185
15 9 185
9 24 777
24 9 777
10 16 700
16 10 700
10 27 993
27 10 993
10 27 111
27 10 111
10 28 700
28 10 700
11 15 954
15 11 954
11 14 16
14 11 16
12 30 791
30 12 791
12 23 213
23 12 213
12 25 380
25 12 380
12 17 910
17 12 910
12 30 558
30 12 558
14 26 164
26 14 164
14 26 184
26 14 184
14 31 372
31 14 372
15 30 113
30 15 113
15 24 451
24 15 451
15 28 700
28 15 700
16 24 173
24 16 173
16 27 640
27 16 640
17 26 786
26 17 786
17 31 156
31 17 156
18 31 664
31 18 664
18 31 832
31 18 832
18 32 409
32 18 409
19 30 190
30 19 190
19 32 225
32 19 225
20 27 678
27 20 678
21 23 145
23 21 145
21 25 235
25 21 235
21 27 837
27 21 837
21 32 413
32 21 413
21 21 739
21 21 739
22 23 692
23 22 692
22 25 282
25 22 282
22 28 778
28 22 778
22 26 897
26 22 897
23 24 870
24 23 870
23 31 226
31 23 226
24 28 135
28 24 135
26 28 147
28 26 147
27 29 186
29 27 186
27 29 308
29 27 308
27 30 3
30 27 3
