93

0 1 25
1 0 25
0 3 636
3 0 636
0 6 850
6 0 850
0 9 773
9 0 773
0 11 446
11 0 446
0 21 340
21 0 340
0 66 288
66 0 288
0 70 108
70 0 108
0 21 916
21 0 916
0 76 140
76 0 140
0 13 474
13 0 474
0 12 87
12 0 87
0 1 883
1 0 883
1 2 253
2 1 253
1 5 543
5 1 543
1 7 735
7 1 735
1 28 741
28 1 741
1 15 628
15 1 628
1 71 842
71 1 842
1 75 160
75 1 160
1 6 619
6 1 619
1 63 83
63 1 83
2 4 40
4 2 40
2 8 374
8 2 374
2 10 444
10 2 444
2 92 667
92 2 667
2 90 185
90 2 185
2 34 259
34 2 259
2 30 482
30 2 482
2 24 236
24 2 236
3 26 612
26 3 612
3 87 663
87 3 663
3 55 1000
55 3 1000
3 23 264
23 3 264
3 19 649
19 3 649
3 18 328
18 3 328
3 78 47
78 3 47
4 30 744
30 4 744
4 50 907
50 4 907
4 51 7
51 4 7
4 21 176
21 4 176
4 21 11
21 4 11
4 52 221
52 4 221
5 67 191
67 5 191
5 70 571
70 5 571
5 90 957
90 5 957
5 13 696
13 5 696
5 75 609
75 5 609
5 21 158
21 5 158
5 11 170
11 5 170
6 45 105
45 6 105
6 22 899
22 6 899
6 8 856
8 6 856
6 34 223
34 6 223
6 65 569
65 6 569
7 13 767
13 7 767
7 27 348
27 7 348
7 34 670
34 7 670
7 36 979
36 7 979
7 61 124
61 7 124
7 20 363
20 7 363
7 17 704
17 7 704
7 38 813
38 7 813
7 67 780
67 7 780
8 14 713
14 8 713
8 31 490
31 8 490
8 32 790
32 8 790
8 43 798
43 8 798
8 36 532
36 8 532
8 83 606
83 8 606
8 32 372
32 8 372
8 41 711
41 8 711
8 60 971
60 8 971
9 18 641
18 9 641
9 22 775
22 9 775
9 46 826
46 9 826
9 51 318
51 9 318
9 72 468
72 9 468
9 82 144
82 9 144
9 10 524
10 9 524
9 89 125
89 9 125
9 72 131
72 9 131
9 74 573
74 9 573
10 47 724
47 10 724
10 78 376
78 10 376
10 87 631
87 10 631
10 42 730
42 10 730
10 76 462
76 10 462
10 18 266
18 10 266
10 48 718
48 10 718
10 46 495
46 10 495
11 12 752
12 11 752
11 19 613
19 11 613
11 61 571
61 11 571
11 77 46
77 11 46
11 70 391
70 11 391
11 19 135
19 11 135
12 59 627
59 12 627
12 79 205
79 12 205
12 80 395
80 12 395
12 90 132
90 12 132
12 65 609
65 12 609
12 50 527
50 12 527
13 15 971
15 13 971
13 80 111
80 13 111
13 34 257
34 13 257
13 30 523
30 13 523
13 65 356
65 13 356
13 55 711
55 13 711
13 47 929
47 13 929
14 24 529
24 14 529
14 25 616
25 14 616
14 79 970
79 14 970
15 16 961
16 15 961
15 44 204
44 15 204
15 54 692
54 15 692
15 58 515
58 15 515
15 77 421
77 15 421
15 59 101
59 15 101
15 53 174
53 15 174
15 28 309
28 15 309
15 87 897
87 15 897
16 17 1
17 16 1
16 64 124
64 16 124
16 73 265
73 16 265
16 61 57
61 16 57
16 83 11
83 16 11
16 87 683
87 16 683
16 16 125
16 16 125
16 51 185
51 16 185
16 57 50
57 16 50
16 38 672
38 16 672
16 73 569
73 16 569
16 31 707
31 16 707
17 29 933
29 17 933
17 56 810
56 17 810
17 30 313
30 17 313
18 20 129
20 18 129
18 33 821
33 18 821
18 65 874
65 18 874
18 87 238
87 18 238
18 43 449
43 18 449
18 40 974
40 18 974
18 60 418
60 18 418
18 34 704
34 18 704
18 64 56
64 18 56
18 48 943
48 18 943
19 81 79
81 19 79
19 55 750
55 19 750
19 30 708
30 19 708
19 36 842
36 19 842
19 81 892
81 19 892
19 21 937
21 19 937
20 90 41
90 20 41
20 56 572
56 20 572
20 83 302
83 20 302
20 42 362
42 20 362
20 43 64
43 20 64
20 84 713
84 20 713
20 36 938
36 20 938
20 54 760
54 20 760
20 60 406
60 20 406
21 23 57
23 21 57
21 36 4
36 21 4
21 37 560
37 21 560
21 68 78
68 21 78
21 51 833
51 21 833
21 53 102
53 21 102
21 51 651
51 21 651
21 66 857
66 21 857
21 78 298
78 21 298
22 41 681
41 22 681
22 60 822
60 22 822
22 59 15
59 22 15
22 25 838
25 22 838
22 65 445
65 22 445
22 42 528
42 22 528
22 65 709
65 22 709
22 50 421
50 22 421
23 84 167
84 23 167
23 30 495
30 23 495
23 48 417
48 23 417
23 24 25
24 23 25
23 92 484
92 23 484
23 89 912
89 23 912
24 48 120
48 24 120
24 58 608
58 24 608
24 36 78
36 24 78
24 32 40
32 24 40
24 49 799
49 24 799
24 39 521
39 24 521
24 55 824
55 24 824
24 25 206
25 24 206
25 42 116
42 25 116
25 49 222
49 25 222
25 78 176
78 25 176
25 60 436
60 25 436
25 68 513
68 25 513
25 61 730
61 25 730
25 91 839
91 25 839
25 32 101
32 25 101
25 62 328
62 25 328
25 73 79
73 25 79
26 39 952
39 26 952
26 76 324
76 26 324
27 39 126
39 27 126
27 40 922
40 27 922
27 75 160
75 27 160
27 84 13
84 27 13
28 57 651
57 28 651
28 86 350
86 28 350
28 90 532
90 28 532
28 37 924
37 28 924
28 56 173
56 28 173
28 41 302
41 28 302
29 69 428
69 29 428
29 49 741
49 29 741
29 59 227
59 29 227
29 75 576
75 29 576
29 41 226
41 29 226
30 74 911
74 30 911
30 38 21
38 30 21
31 35 735
35 31 735
31 38 812
38 31 812
31 92 987
92 31 987
31 39 240
39 31 240
31 86 727
86 31 727
32 91 147
91 32 147
32 40 458
40 32 458
32 51 799
51 32 799
32 70 405
70 32 405
32 66 891
66 32 891
32 32 391
32 32 391
32 39 42
39 32 42
33 40 261
40 33 261
33 56 983
56 33 983
33 71 785
71 33 785
33 58 156
58 33 156
33 83 737
83 33 737
34 53 286
53 34 286
34 36 119
36 34 119
34 38 555
38 34 555
34 48 847
48 34 847
35 62 339
62 35 339
35 46 105
46 35 105
35 72 425
72 35 425
35 55 172
55 35 172
35 47 710
47 35 710
35 37 15
37 35 15
35 40 543
40 35 543
35 81 355
81 35 355
36 84 675
84 36 675
36 64 335
64 36 335
36 36 204
36 36 204
37 89 649
89 37 649
37 47 340
47 37 340
37 87 105
87 37 105
37 58 826
58 37 826
37 52 606
52 37 606
38 80 270
80 38 270
38 60 176
60 38 176
38 39 279
39 38 279
38 81 531
81 38 531
39 56 796
56 39 796
39 42 219
42 39 219
39 61 687
61 39 687
39 82 618
82 39 618
39 76 512
76 39 512
39 48 98
48 39 98
39 82 344
82 39 344
39 82 724
82 39 724
40 91 118
91 40 118
40 84 14
84 40 14
40 70 684
70 40 684
41 52 476
52 41 476
41 83 550
83 41 550
41 42 629
42 41 629
41 53 846
53 41 846
41 50 520
50 41 520
42 73 682
73 42 682
42 70 518
70 42 518
42 81 383
81 42 383
42 59 762
59 42 762
42 63 482
63 42 482
43 79 61
79 43 61
43 67 676
67 43 676
43 52 203
52 43 203
43 87 498
87 43 498
43 83 796
83 43 796
44 50 586
50 44 586
44 54 398
54 44 398
44 57 124
57 44 124
44 46 410
46 44 410
45 63 452
63 45 452
45 78 392
78 45 392
45 74 83
74 45 83
45 74 689
74 45 689
45 46 768
46 45 768
46 58 866
58 46 866
46 70 217
70 46 217
46 71 131
71 46 131
47 55 59
55 47 59
47 67 67
67 47 67
48 68 681
68 48 681
48 71 666
71 48 666
48 52 865
52 48 865
48 79 449
79 48 449
49 55 542
55 49 542
49 75 655
75 49 655
49 89 442
89 49 442
49 62 481
62 49 481
51 53 977
53 51 977
51 61 285
61 51 285
51 70 896
70 51 896
51 91 196
91 51 196
52 79 279
79 52 279
52 91 624
91 52 624
52 52 729
52 52 729
53 73 461
73 53 461
53 53 835
53 53 835
53 90 135
90 53 135
53 85 217
85 53 217
53 54 695
54 53 695
53 90 674
90 53 674
54 90 798
90 54 798
54 69 394
69 54 394
55 62 243
62 55 243
55 63 182
63 55 182
56 74 44
74 56 44
56 75 369
75 56 369
56 64 236
64 56 236
57 86 896
86 57 896
57 58 89
58 57 89
57 72 799
72 57 799
57 58 690
58 57 690
58 63 617
63 58 617
59 85 591
85 59 591
59 91 891
91 59 891
59 89 400
89 59 400
60 86 111
86 60 111
60 85 966
85 60 966
60 70 188
70 60 188
60 86 542
86 60 542
61 67 450
67 61 450
62 62 593
62 62 593
62 87 515
87 62 515
62 81 655
81 62 655
62 92 104
92 62 104
62 66 148
66 62 148
63 71 197
71 63 197
63 67 44
67 63 44
63 79 963
79 63 963
63 88 618
88 63 618
63 67 28
67 63 28
64 67 927
67 64 927
64 75 840
75 64 840
65 84 900
84 65 900
66 82 962
82 66 962
66 80 765
80 66 765
66 84 185
84 66 185
66 89 170
89 66 170
68 69 45
69 68 45
68 82 123
82 68 123
69 76 911
76 69 911
69 88 29
88 69 29
69 80 605
80 69 605
69 69 324
69 69 324
70 72 889
72 70 889
71 81 330
81 71 330
72 74 805
74 72 805
74 81 80
81 74 80
77 88 249
88 77 249
77 92 393
92 77 393
81 91 174
91 81 174
82 83 443
83 82 443
83 89 261
89 83 261
