93

0 1 198
1 0 198
0 5 442
5 0 442
0 15 792
15 0 792
0 28 196
28 0 196
0 62 467
62 0 467
0 83 960
83 0 960
0 24 89
24 0 89
0 15 949
15 0 949
0 0 110
0 0 110
0 50 890
50 0 890
0 17 791
17 0 791
0 27 626
27 0 626
1 2 608
2 1 608
1 4 227
4 1 227
1 16 24
16 1 24
1 29 684
29 1 684
1 31 536
31 1 536
1 10 280
10 1 280
1 34 859
34 1 859
1 41 316
41 1 316
1 63 760
63 1 760
1 9 509
9 1 509
1 50 920
50 1 920
1 70 495
70 1 495
1 86 874
86 1 874
1 50 393
50 1 393
1 23 482
23 1 482
2 3 926
3 2 926
2 11 903
11 2 903
2 19 698
19 2 698
2 40 96
40 2 96
2 58 458
58 2 458
2 83 235
83 2 235
2 63 278
63 2 278
2 78 949
78 2 949
2 48 51
48 2 51
2 7 111
7 2 111
2 76 171
76 2 171
2 77 489
77 2 489
2 77 627
77 2 627
2 43 212
43 2 212
2 23 291
23 2 291
2 37 368
37 2 368
2 19 966
19 2 966
2 80 413
80 2 413
2 30 603
30 2 603
2 27 433
27 2 433
2 76 592
76 2 592
2 85 773
85 2 773
2 57 839
57 2 839
3 47 14
47 3 14
3 82 134
82 3 134
3 7 308
7 3 308
3 26 324
26 3 324
3 73 838
73 3 838
3 41 561
41 3 561
4 10 706
10 4 706
4 38 583
38 4 583
4 61 617
61 4 617
4 61 313
61 4 313
4 88 656
88 4 656
4 23 186
23 4 186
4 83 628
83 4 628
4 25 158
25 4 158
4 32 863
32 4 863
4 29 858
29 4 858
4 73 512
73 4 512
4 66 357
66 4 357
4 9 32
9 4 32
4 42 709
42 4 709
4 37 465
37 4 465
5 6 744
6 5 744
5 12 551
12 5 551
5 24 698
24 5 698
5 49 366
49 5 366
5 86 596
86 5 596
5 41 586
41 5 586
5 65 740
65 5 740
5 73 979
73 5 979
5 80 939
80 5 939
5 76 765
76 5 765
5 28 760
28 5 760
6 7 988
7 6 988
6 8 68
8 6 68
6 9 331
9 6 331
6 33 408
33 6 408
6 24 492
24 6 492
6 81 732
81 6 732
6 50 558
50 6 558
6 21 846
21 6 846
6 59 6
59 6 6
6 70 448
70 6 448
6 83 291
83 6 291
6 17 282
17 6 282
6 9 605
9 6 605
6 26 397
26 6 397
6 39 474
39 6 474
6 51 725
51 6 725
6 89 690
89 6 690
6 90 505
90 6 505
7 13 288
13 7 288
7 53 945
53 7 945
7 83 58
83 7 58
7 61 219
61 7 219
7 41 101
41 7 101
7 70 931
70 7 931
7 32 975
32 7 975
7 36 987
36 7 987
7 9 785
9 7 785
7 79 411
79 7 411
7 78 24
78 7 24
7 50 356
50 7 356
8 15 46
15 8 46
8 30 901
30 8 901
8 32 625
32 8 625
8 43 418
43 8 418
8 74 450
74 8 450
8 56 332
56 8 332
8 60 387
60 8 387
8 48 840
48 8 840
8 47 83
47 8 83
8 35 332
35 8 332
8 88 415
88 8 415
8 38 163
38 8 163
8 82 58
82 8 58
8 33 31
33 8 31
9 42 742
42 9 742
9 77 406
77 9 406
9 23 923
23 9 923
9 61 571
61 9 571
9 59 537
59 9 537
9 76 169
76 9 169
9 85 968
85 9 968
9 45 95
45 9 95
9 70 968
70 9 968
9 90 530
90 9 530
9 50 236
50 9 236
10 22 471
22 10 471
10 59 686
59 10 686
10 69 995
69 10 995
10 86 938
86 10 938
10 51 959
51 10 959
10 68 104
68 10 104
10 77 568
77 10 568
10 89 51
89 10 51
10 63 476
63 10 476
10 51 304
51 10 304
10 24 189
24 10 189
10 47 949
47 10 949
10 86 340
86 10 340
10 86 380
86 10 380
11 14 119
14 11 119
11 23 711
23 11 711
11 44 994
44 11 994
11 81 969
81 11 969
11 56 889
56 11 889
11 47 878
47 11 878
11 87 229
87 11 229
11 45 991
45 11 991
11 22 583
22 11 583
11 55 909
55 11 909
11 72 763
72 11 763
11 68 436
68 11 436
11 85 181
85 11 181
12 17 732
17 12 732
12 53 696
53 12 696
12 51 993
51 12 993
12 47 699
47 12 699
12 85 300
85 12 300
12 25 350
25 12 350
12 54 79
54 12 79
12 24 456
24 12 456
12 54 981
54 12 981
12 81 160
81 12 160
12 82 485
82 12 485
12 26 449
26 12 449
12 40 921
40 12 921
12 66 70
66 12 70
12 48 861
48 12 861
12 14 528
14 12 528
13 21 419
21 13 419
13 38 351
38 13 351
13 73 854
73 13 854
13 69 421
69 13 421
13 58 33
58 13 33
13 81 470
81 13 470
13 65 292
65 13 292
13 30 80
30 13 80
13 25 896
25 13 896
13 37 343
37 13 343
14 62 836
62 14 836
14 31 350
31 14 350
14 35 983
35 14 983
14 42 849
42 14 849
14 23 538
23 14 538
14 40 51
40 14 51
14 91 936
91 14 936
14 35 347
35 14 347
14 22 621
22 14 621
14 32 391
32 14 391
14 34 825
34 14 825
14 74 118
74 14 118
14 19 77
19 14 77
14 68 871
68 14 871
14 46 80
46 14 80
15 27 570
27 15 570
15 31 313
31 15 313
15 54 858
54 15 858
15 45 57
45 15 57
15 66 76
66 15 76
15 61 909
61 15 909
15 70 564
70 15 564
15 61 12
61 15 12
15 77 363
77 15 363
15 63 349
63 15 349
15 84 556
84 15 556
15 43 374
43 15 374
15 84 155
84 15 155
16 76 888
76 16 888
16 67 680
67 16 680
16 85 732
85 16 732
16 24 961
24 16 961
16 33 386
33 16 386
16 24 200
24 16 200
16 21 864
21 16 864
16 86 74
86 16 74
16 22 218
22 16 218
17 18 156
18 17 156
17 20 831
20 17 831
17 20 902
20 17 902
17 37 817
37 17 817
17 21 141
21 17 141
17 69 794
69 17 794
17 50 862
50 17 862
17 54 616
54 17 616
18 25 356
25 18 356
18 51 666
51 18 666
18 71 159
71 18 159
18 42 534
42 18 534
18 80 120
80 18 120
18 53 848
53 18 848
18 24 624
24 18 624
18 64 872
64 18 872
18 35 641
35 18 641
18 77 632
77 18 632
19 49 477
49 19 477
19 72 538
72 19 538
19 40 439
40 19 439
19 91 846
91 19 846
19 77 231
77 19 231
19 46 640
46 19 640
19 84 644
84 19 644
20 26 494
26 20 494
20 45 36
45 20 36
20 64 550
64 20 550
20 71 745
71 20 745
20 34 692
34 20 692
20 88 939
88 20 939
20 58 877
58 20 877
20 61 306
61 20 306
21 77 74
77 21 74
21 81 222
81 21 222
21 75 418
75 21 418
21 52 328
52 21 328
21 87 278
87 21 278
21 72 612
72 21 612
21 83 942
83 21 942
22 56 653
56 22 653
22 67 994
67 22 994
22 26 832
26 22 832
22 31 423
31 22 423
22 80 216
80 22 216
22 68 994
68 22 994
22 33 247
33 22 247
22 73 802
73 22 802
23 28 754
28 23 754
23 35 847
35 23 847
23 84 589
84 23 589
23 90 144
90 23 144
23 62 313
62 23 313
23 29 866
29 23 866
23 26 764
26 23 764
23 86 342
86 23 342
23 26 452
26 23 452
23 42 360
42 23 360
23 68 749
68 23 749
23 30 689
30 23 689
23 54 795
54 23 795
23 86 363
86 23 363
23 88 840
88 23 840
24 79 216
79 24 216
24 48 218
48 24 218
24 83 304
83 24 304
24 65 72
65 24 72
25 37 485
37 25 485
25 41 398
41 25 398
25 68 794
68 25 794
25 62 844
62 25 844
25 66 301
66 25 301
25 75 180
75 25 180
25 91 946
91 25 946
25 58 551
58 25 551
25 92 717
92 25 717
25 73 768
73 25 768
25 59 142
59 25 142
25 70 343
70 25 343
25 72 389
72 25 389
25 43 560
43 25 560
26 76 951
76 26 951
26 79 382
79 26 382
26 31 404
31 26 404
26 29 411
29 26 411
26 85 537
85 26 537
26 82 595
82 26 595
27 31 315
31 27 315
27 40 565
40 27 565
27 71 552
71 27 552
27 29 834
29 27 834
28 52 211
52 28 211
28 91 398
91 28 398
28 73 441
73 28 441
28 44 975
44 28 975
28 84 736
84 28 736
28 37 228
37 28 228
28 58 325
58 28 325
28 83 624
83 28 624
28 51 780
51 28 780
29 34 146
34 29 146
29 39 489
39 29 489
29 63 447
63 29 447
29 36 864
36 29 864
29 86 720
86 29 720
29 66 836
66 29 836
29 52 671
52 29 671
29 30 11
30 29 11
29 40 454
40 29 454
29 41 727
41 29 727
29 64 128
64 29 128
30 36 405
36 30 405
30 90 156
90 30 156
30 66 302
66 30 302
30 52 402
52 30 402
30 80 377
80 30 377
30 41 865
41 30 865
30 59 407
59 30 407
30 53 650
53 30 650
30 63 439
63 30 439
30 41 193
41 30 193
31 45 359
45 31 359
31 85 783
85 31 783
31 89 158
89 31 158
31 61 734
61 31 734
31 54 936
54 31 936
31 64 750
64 31 750
31 82 332
82 31 332
32 50 513
50 32 513
32 73 972
73 32 972
32 54 136
54 32 136
32 40 282
40 32 282
32 50 524
50 32 524
33 61 917
61 33 917
33 59 610
59 33 610
33 76 258
76 33 258
33 48 526
48 33 526
33 44 304
44 33 304
34 50 26
50 34 26
34 82 542
82 34 542
34 91 413
91 34 413
34 55 153
55 34 153
34 54 318
54 34 318
35 36 193
36 35 193
35 65 97
65 35 97
35 84 191
84 35 191
35 48 229
48 35 229
35 39 492
39 35 492
35 59 164
59 35 164
35 42 500
42 35 500
35 85 32
85 35 32
35 55 4
55 35 4
36 48 887
48 36 887
36 66 684
66 36 684
36 49 778
49 36 778
37 57 353
57 37 353
37 74 366
74 37 366
37 41 118
41 37 118
37 49 700
49 37 700
37 88 854
88 37 854
38 46 813
46 38 813
38 44 118
44 38 118
38 66 75
66 38 75
38 43 126
43 38 126
38 48 870
48 38 870
38 78 22
78 38 22
38 42 199
42 38 199
39 62 101
62 39 101
39 88 538
88 39 538
39 55 611
55 39 611
39 86 864
86 39 864
39 71 821
71 39 821
39 52 567
52 39 567
39 58 38
58 39 38
39 90 625
90 39 625
39 63 811
63 39 811
39 41 158
41 39 158
39 63 439
63 39 439
40 73 422
73 40 422
40 53 746
53 40 746
40 79 181
79 40 181
40 50 201
50 40 201
41 81 785
81 41 785
41 77 995
77 41 995
41 49 43
49 41 43
41 78 697
78 41 697
41 49 463
49 41 463
41 54 681
54 41 681
41 60 832
60 41 832
41 50 19
50 41 19
41 83 681
83 41 681
42 62 121
62 42 121
42 88 803
88 42 803
42 71 529
71 42 529
43 83 234
83 43 234
43 54 464
54 43 464
43 85 449
85 43 449
43 62 207
62 43 207
44 44 702
44 44 702
44 60 861
60 44 861
44 91 476
91 44 476
44 46 363
46 44 363
44 82 604
82 44 604
44 61 213
61 44 213
45 55 386
55 45 386
45 83 150
83 45 150
45 48 828
48 45 828
45 63 577
63 45 577
45 53 409
53 45 409
46 78 885
78 46 885
46 89 665
89 46 665
46 51 780
51 46 780
46 72 327
72 46 327
46 60 586
60 46 586
46 59 976
59 46 976
47 92 421
92 47 421
47 74 474
74 47 474
47 78 37
78 47 37
47 85 332
85 47 332
47 55 25
55 47 25
47 55 953
55 47 953
48 84 641
84 48 641
48 65 715
65 48 715
48 69 760
69 48 760
48 67 425
67 48 425
48 81 375
81 48 375
48 80 743
80 48 743
49 59 14
59 49 14
49 92 847
92 49 847
49 67 502
67 49 502
49 72 872
72 49 872
50 68 985
68 50 985
50 92 480
92 50 480
51 84 522
84 51 522
51 88 515
88 51 515
51 73 333
73 51 333
51 91 555
91 51 555
51 72 862
72 51 862
51 89 177
89 51 177
51 89 91
89 51 91
52 65 397
65 52 397
52 92 205
92 52 205
52 84 980
84 52 980
52 87 370
87 52 370
52 57 866
57 52 866
52 90 663
90 52 663
52 70 969
70 52 969
52 60 949
60 52 949
53 56 448
56 53 448
53 90 578
90 53 578
53 80 977
80 53 977
54 82 273
82 54 273
54 87 104
87 54 104
54 73 499
73 54 499
54 62 457
62 54 457
54 88 313
88 54 313
54 76 167
76 54 167
55 81 930
81 55 930
55 90 411
90 55 411
55 65 891
65 55 891
55 56 878
56 55 878
55 62 573
62 55 573
56 60 732
60 56 732
56 75 642
75 56 642
56 70 197
70 56 197
56 59 608
59 56 608
56 92 532
92 56 532
56 92 167
92 56 167
57 92 37
92 57 37
57 66 622
66 57 622
57 69 987
69 57 987
57 77 707
77 57 707
58 77 1000
77 58 1000
58 80 3
80 58 3
58 83 889
83 58 889
59 64 422
64 59 422
59 81 578
81 59 578
59 82 509
82 59 509
59 89 555
89 59 555
60 87 861
87 60 861
60 91 425
91 60 425
60 74 356
74 60 356
60 80 834
80 60 834
61 70 187
70 61 187
61 66 93
66 61 93
61 90 716
90 61 716
62 92 707
92 62 707
62 71 669
71 62 669
62 69 600
69 62 600
62 87 793
87 62 793
63 75 468
75 63 468
63 75 695
75 63 695
64 69 842
69 64 842
64 82 743
82 64 743
65 80 17
80 65 17
65 71 887
71 65 887
65 72 204
72 65 204
66 78 49
78 66 49
67 84 118
84 67 118
68 69 126
69 68 126
68 91 883
91 68 883
69 81 973
81 69 973
70 72 546
72 70 546
70 88 405
88 70 405
70 77 366
77 70 366
70 91 806
91 70 806
71 82 64
82 71 64
71 82 518
82 71 518
73 78 453
78 73 453
74 75 646
75 74 646
74 81 891
81 74 891
74 92 931
92 74 931
74 90 968
90 74 968
75 80 979
80 75 979
75 76 598
76 75 598
75 87 290
87 75 290
76 79 765
79 76 765
76 87 394
87 76 394
76 91 930
91 76 930
77 92 97
92 77 97
77 89 296
89 77 296
78 80 267
80 78 267
79 90 550
90 79 550
79 86 992
86 79 992
79 81 663
81 79 663
79 83 550
83 79 550
79 79 750
79 79 750
79 79 105
79 79 105
81 91 784
91 81 784
82 85 576
85 82 576
83 86 398
86 83 398
83 87 829
87 83 829
83 91 698
91 83 698
86 90 125
90 86 125
86 87 70
87 86 70
87 91 604
91 87 604
87 91 974
91 87 974
88 91 176
91 88 176
88 90 709
90 88 709
89 91 861
91 89 861
91 92 520
92 91 520
