83

0 1 710
1 0 710
0 2 415
2 0 415
0 5 201
5 0 201
0 22 765
22 0 765
0 62 809
62 0 809
0 52 344
52 0 344
0 78 896
78 0 896
0 20 996
20 0 996
0 12 688
12 0 688
0 24 562
24 0 562
0 27 137
27 0 137
0 2 565
2 0 565
0 73 494
73 0 494
1 4 925
4 1 925
1 24 897
24 1 897
1 82 602
82 1 602
1 67 297
67 1 297
1 71 215
71 1 215
1 59 929
59 1 929
1 70 711
70 1 711
1 56 119
56 1 119
1 32 180
32 1 180
2 3 139
3 2 139
2 50 778
50 2 778
2 66 78
66 2 78
2 73 511
73 2 511
2 27 369
27 2 369
3 7 964
7 3 964
3 18 644
18 3 644
3 56 993
56 3 993
3 58 185
58 3 185
3 32 185
32 3 185
3 77 741
77 3 741
3 11 138
11 3 138
3 80 692
80 3 692
4 6 215
6 4 215
4 29 545
29 4 545
4 42 132
42 4 132
4 64 145
64 4 145
4 25 163
25 4 163
4 40 297
40 4 297
4 42 506
42 4 506
4 39 550
39 4 550
4 28 707
28 4 707
4 55 982
55 4 982
4 45 766
45 4 766
5 9 95
9 5 95
5 14 193
14 5 193
5 65 900
65 5 900
5 10 843
10 5 843
5 15 640
15 5 640
5 21 577
21 5 577
5 15 2
15 5 2
5 27 628
27 5 628
6 10 97
10 6 97
6 31 337
31 6 337
6 68 484
68 6 484
6 71 240
71 6 240
6 28 30
28 6 30
6 37 619
37 6 619
6 47 899
47 6 899
6 14 133
14 6 133
7 8 47
8 7 47
7 13 920
13 7 920
7 26 809
26 7 809
7 33 400
33 7 400
7 39 37
39 7 37
7 41 446
41 7 446
7 30 62
30 7 62
7 16 690
16 7 690
7 45 481
45 7 481
7 18 765
18 7 765
7 62 453
62 7 453
7 24 214
24 7 214
7 28 958
28 7 958
7 51 691
51 7 691
8 11 501
11 8 501
8 12 978
12 8 978
8 32 541
32 8 541
8 68 96
68 8 96
9 28 747
28 9 747
9 53 91
53 9 91
9 47 715
47 9 715
9 50 573
50 9 573
9 17 287
17 9 287
9 66 169
66 9 169
10 15 680
15 10 680
10 30 774
30 10 774
10 69 66
69 10 66
10 71 605
71 10 605
10 60 472
60 10 472
10 31 445
31 10 445
10 44 44
44 10 44
11 21 22
21 11 22
11 52 51
52 11 51
11 59 176
59 11 176
11 72 474
72 11 474
11 16 321
16 11 321
11 45 845
45 11 845
11 19 943
19 11 943
12 16 489
16 12 489
12 45 999
45 12 999
12 25 395
25 12 395
12 55 459
55 12 459
12 40 524
40 12 524
12 54 626
54 12 626
12 41 940
41 12 940
12 69 532
69 12 532
12 61 586
61 12 586
12 49 410
49 12 410
13 17 710
17 13 710
13 55 264
55 13 264
13 70 634
70 13 634
13 54 920
54 13 920
13 35 16
35 13 16
13 77 118
77 13 118
13 44 746
44 13 746
13 60 956
60 13 956
14 19 298
19 14 298
14 25 258
25 14 258
14 24 790
24 14 790
14 50 679
50 14 679
14 27 103
27 14 103
14 35 145
35 14 145
14 20 135
20 14 135
15 20 247
20 15 247
15 54 514
54 15 514
16 48 891
48 16 891
16 51 786
51 16 786
16 78 985
78 16 985
16 31 719
31 16 719
16 46 793
46 16 793
17 34 143
34 17 143
17 17 543
17 17 543
17 38 950
38 17 950
17 21 238
21 17 238
17 78 140
78 17 140
18 38 733
38 18 733
18 72 511
72 18 511
18 55 900
55 18 900
18 61 391
61 18 391
19 23 502
23 19 502
19 44 251
44 19 251
19 49 187
49 19 187
19 32 549
32 19 549
19 20 636
20 19 636
19 78 742
78 19 742
20 32 867
32 20 867
20 30 367
30 20 367
20 49 932
49 20 932
20 73 808
73 20 808
20 67 353
67 20 353
21 27 370
27 21 370
21 79 928
79 21 928
21 44 685
44 21 685
21 33 339
33 21 339
21 24 290
24 21 290
21 55 22
55 21 22
21 71 139
71 21 139
22 46 469
46 22 469
22 77 702
77 22 702
22 59 932
59 22 932
22 70 250
70 22 250
22 39 540
39 22 540
22 76 600
76 22 600
22 72 154
72 22 154
23 43 199
43 23 199
23 61 516
61 23 516
23 52 280
52 23 280
23 43 728
43 23 728
24 67 904
67 24 904
24 45 194
45 24 194
24 27 741
27 24 741
24 66 956
66 24 956
24 75 589
75 24 589
25 63 592
63 25 592
25 36 630
36 25 630
25 71 933
71 25 933
25 72 612
72 25 612
25 52 439
52 25 439
25 54 108
54 25 108
25 77 444
77 25 444
25 69 970
69 25 970
25 30 591
30 25 591
26 37 946
37 26 946
26 65 692
65 26 692
26 34 722
34 26 722
26 72 852
72 26 852
26 69 955
69 26 955
26 44 127
44 26 127
26 50 303
50 26 303
26 79 180
79 26 180
27 61 481
61 27 481
27 64 658
64 27 658
27 78 117
78 27 117
27 64 323
64 27 323
27 62 482
62 27 482
27 36 686
36 27 686
27 72 432
72 27 432
27 43 501
43 27 501
28 36 557
36 28 557
28 74 974
74 28 974
28 36 218
36 28 218
28 50 552
50 28 552
28 32 467
32 28 467
28 44 504
44 28 504
28 37 430
37 28 430
29 51 562
51 29 562
29 45 677
45 29 677
29 37 961
37 29 961
29 33 357
33 29 357
29 51 961
51 29 961
29 64 491
64 29 491
29 79 50
79 29 50
30 32 758
32 30 758
30 42 815
42 30 815
30 48 305
48 30 305
30 56 792
56 30 792
30 71 37
71 30 37
31 76 710
76 31 710
31 51 367
51 31 367
31 39 717
39 31 717
31 35 424
35 31 424
32 57 790
57 32 790
32 54 862
54 32 862
32 70 108
70 32 108
32 33 872
33 32 872
32 63 105
63 32 105
33 35 110
35 33 110
33 43 932
43 33 932
33 36 12
36 33 12
34 40 655
40 34 655
34 47 500
47 34 500
34 66 982
66 34 982
34 70 105
70 34 105
34 45 528
45 34 528
34 52 448
52 34 448
35 41 250
41 35 250
35 56 35
56 35 35
35 44 20
44 35 20
35 79 612
79 35 612
35 39 698
39 35 698
36 43 299
43 36 299
36 38 133
38 36 133
36 73 888
73 36 888
36 38 958
38 36 958
36 39 667
39 36 667
36 40 211
40 36 211
37 75 433
75 37 433
38 49 171
49 38 171
38 62 705
62 38 705
38 71 202
71 38 202
39 53 132
53 39 132
39 52 847
52 39 847
39 82 512
82 39 512
40 69 434
69 40 434
40 43 900
43 40 900
41 56 430
56 41 430
41 71 998
71 41 998
41 52 941
52 41 941
41 45 71
45 41 71
41 45 511
45 41 511
42 77 97
77 42 97
43 70 832
70 43 832
43 64 996
64 43 996
43 48 682
48 43 682
43 73 552
73 43 552
43 55 40
55 43 40
44 79 617
79 44 617
44 65 513
65 44 513
44 61 44
61 44 44
44 63 858
63 44 858
45 72 204
72 45 204
45 66 174
66 45 174
46 78 492
78 46 492
46 61 671
61 46 671
46 78 321
78 46 321
46 65 589
65 46 589
46 67 924
67 46 924
46 64 669
64 46 669
46 73 796
73 46 796
48 70 774
70 48 774
48 53 152
53 48 152
48 52 677
52 48 677
48 69 363
69 48 363
49 75 457
75 49 457
49 64 640
64 49 640
49 53 190
53 49 190
49 76 556
76 49 556
49 75 381
75 49 381
50 70 902
70 50 902
50 66 694
66 50 694
51 60 420
60 51 420
51 65 855
65 51 855
51 64 128
64 51 128
51 77 790
77 51 790
51 56 587
56 51 587
52 54 624
54 52 624
52 59 321
59 52 321
52 67 92
67 52 92
52 71 238
71 52 238
54 64 558
64 54 558
54 68 323
68 54 323
55 58 950
58 55 950
56 68 458
68 56 458
56 82 484
82 56 484
56 68 187
68 56 187
57 64 538
64 57 538
57 64 971
64 57 971
57 64 438
64 57 438
58 73 3
73 58 3
58 70 553
70 58 553
58 59 591
59 58 591
59 69 288
69 59 288
59 81 872
81 59 872
59 67 587
67 59 587
60 65 648
65 60 648
60 77 153
77 60 153
60 61 147
61 60 147
61 81 11
81 61 11
61 75 725
75 61 725
61 73 884
73 61 884
61 72 345
72 61 345
62 69 204
69 62 204
62 82 996
82 62 996
63 69 547
69 63 547
63 71 175
71 63 175
64 71 844
71 64 844
68 78 411
78 68 411
69 76 615
76 69 615
70 73 682
73 70 682
71 78 768
78 71 768
72 82 914
82 72 914
72 78 776
78 72 776
74 82 899
82 74 899
77 77 15
77 77 15
78 80 548
80 78 548
79 82 959
82 79 959
