94

0 1 828
1 0 828
0 2 588
2 0 588
0 18 313
18 0 313
0 19 327
19 0 327
0 33 497
33 0 497
0 48 460
48 0 460
0 67 820
67 0 820
0 22 675
22 0 675
0 78 916
78 0 916
0 27 509
27 0 509
0 25 105
25 0 105
0 80 18
80 0 18
0 73 375
73 0 375
0 11 901
11 0 901
0 65 135
65 0 135
0 63 902
63 0 902
0 5 698
5 0 698
1 4 398
4 1 398
1 5 211
5 1 211
1 8 559
8 1 559
1 85 60
85 1 60
1 93 517
93 1 517
1 75 96
75 1 96
1 61 398
61 1 398
1 12 647
12 1 647
1 77 201
77 1 201
1 38 117
38 1 117
2 3 456
3 2 456
2 6 13
6 2 13
2 34 608
34 2 608
2 62 610
62 2 610
2 73 204
73 2 204
2 86 397
86 2 397
2 73 280
73 2 280
2 34 587
34 2 587
2 6 818
6 2 818
2 23 921
23 2 921
3 9 646
9 3 646
3 12 11
12 3 11
3 83 915
83 3 915
3 89 219
89 3 219
3 64 534
64 3 534
3 25 421
25 3 421
3 13 108
13 3 108
3 90 152
90 3 152
3 74 520
74 3 520
3 19 182
19 3 182
3 49 747
49 3 747
3 68 394
68 3 394
3 84 74
84 3 74
4 7 87
7 4 87
4 22 849
22 4 849
4 23 563
23 4 563
4 41 320
41 4 320
4 42 614
42 4 614
4 43 137
43 4 137
4 13 272
13 4 272
4 66 823
66 4 823
4 8 361
8 4 361
5 46 381
46 5 381
5 11 812
11 5 812
6 15 276
15 6 276
6 49 305
49 6 305
6 75 455
75 6 455
6 26 812
26 6 812
7 16 213
16 7 213
7 58 869
58 7 869
7 90 250
90 7 250
7 54 104
54 7 104
7 25 976
25 7 976
7 20 880
20 7 880
7 67 242
67 7 242
7 77 254
77 7 254
7 13 683
13 7 683
8 14 607
14 8 607
8 21 317
21 8 317
8 80 520
80 8 520
8 49 423
49 8 423
8 48 127
48 8 127
8 25 268
25 8 268
8 81 863
81 8 863
9 10 817
10 9 817
9 13 555
13 9 555
9 28 769
28 9 769
9 37 298
37 9 298
9 57 686
57 9 686
9 11 678
11 9 678
9 46 119
46 9 119
9 38 191
38 9 191
9 38 594
38 9 594
10 11 402
11 10 402
10 25 865
25 10 865
10 31 821
31 10 821
10 33 163
33 10 163
10 36 467
36 10 467
10 34 821
34 10 821
10 44 288
44 10 288
11 17 422
17 11 422
11 26 439
26 11 439
11 16 117
16 11 117
11 67 513
67 11 513
11 82 621
82 11 621
11 57 470
57 11 470
12 35 428
35 12 428
12 81 229
81 12 229
12 79 485
79 12 485
12 74 75
74 12 75
13 24 868
24 13 868
13 79 845
79 13 845
13 74 272
74 13 272
13 83 409
83 13 409
13 56 951
56 13 951
13 40 188
40 13 188
14 44 520
44 14 520
14 56 728
56 14 728
14 37 539
37 14 539
14 22 749
22 14 749
14 57 996
57 14 996
15 84 446
84 15 446
15 88 411
88 15 411
15 76 558
76 15 558
15 45 186
45 15 186
15 56 208
56 15 208
15 32 54
32 15 54
16 20 367
20 16 367
16 27 930
27 16 930
16 49 921
49 16 921
16 83 999
83 16 999
16 57 216
57 16 216
17 92 548
92 17 548
17 56 481
56 17 481
17 25 668
25 17 668
17 67 643
67 17 643
18 82 247
82 18 247
19 39 933
39 19 933
19 77 673
77 19 673
19 19 733
19 19 733
19 23 949
23 19 949
20 76 915
76 20 915
20 42 211
42 20 211
20 91 833
91 20 833
21 72 10
72 21 10
21 75 513
75 21 513
21 75 820
75 21 820
22 30 831
30 22 831
22 37 626
37 22 626
22 42 717
42 22 717
22 59 862
59 22 862
22 67 819
67 22 819
22 40 405
40 22 405
23 55 142
55 23 142
23 73 547
73 23 547
24 45 904
45 24 904
24 71 710
71 24 710
25 29 878
29 25 878
25 54 778
54 25 778
25 91 833
91 25 833
25 26 551
26 25 551
25 30 376
30 25 376
26 32 934
32 26 934
26 36 641
36 26 641
26 86 658
86 26 658
26 29 143
29 26 143
27 84 714
84 27 714
27 55 761
55 27 761
27 33 896
33 27 896
28 46 319
46 28 319
29 38 223
38 29 223
29 40 121
40 29 121
29 75 958
75 29 958
29 50 521
50 29 521
29 35 114
35 29 114
29 51 443
51 29 443
30 50 426
50 30 426
30 62 366
62 30 366
30 56 835
56 30 835
30 55 555
55 30 555
31 71 902
71 31 902
31 72 685
72 31 685
31 77 824
77 31 824
31 71 544
71 31 544
32 52 163
52 32 163
32 52 290
52 32 290
33 56 15
56 33 15
33 68 784
68 33 784
33 69 68
69 33 68
33 35 755
35 33 755
33 80 514
80 33 514
33 76 358
76 33 358
34 53 407
53 34 407
34 58 672
58 34 672
34 78 92
78 34 92
34 58 971
58 34 971
35 51 653
51 35 653
35 54 105
54 35 105
35 84 817
84 35 817
35 67 964
67 35 964
35 76 188
76 35 188
36 63 1000
63 36 1000
36 37 843
37 36 843
36 66 144
66 36 144
37 60 691
60 37 691
37 73 527
73 37 527
37 86 306
86 37 306
38 47 426
47 38 426
38 79 413
79 38 413
38 90 777
90 38 777
38 74 393
74 38 393
38 57 386
57 38 386
39 42 271
42 39 271
39 87 78
87 39 78
39 65 159
65 39 159
39 67 472
67 39 472
39 84 332
84 39 332
39 54 704
54 39 704
40 90 350
90 40 350
40 75 926
75 40 926
40 41 656
41 40 656
41 69 726
69 41 726
41 57 445
57 41 445
41 46 634
46 41 634
41 53 290
53 41 290
42 71 634
71 42 634
43 60 782
60 43 782
43 88 924
88 43 924
44 59 34
59 44 34
44 82 147
82 44 147
45 61 575
61 45 575
45 84 991
84 45 991
45 69 537
69 45 537
46 51 948
51 46 948
46 69 953
69 46 953
46 81 251
81 46 251
47 52 247
52 47 247
47 82 14
82 47 14
47 62 650
62 47 650
47 58 340
58 47 340
47 72 392
72 47 392
47 86 131
86 47 131
48 80 437
80 48 437
48 79 935
79 48 935
49 74 504
74 49 504
49 79 254
79 49 254
49 62 368
62 49 368
50 68 13
68 50 13
50 80 664
80 50 664
50 79 540
79 50 540
50 57 936
57 50 936
51 61 592
61 51 592
51 65 847
65 51 847
51 61 24
61 51 24
52 70 468
70 52 468
52 76 440
76 52 440
53 64 182
64 53 182
53 89 969
89 53 969
53 78 509
78 53 509
54 66 393
66 54 393
54 60 878
60 54 878
55 68 270
68 55 270
55 59 612
59 55 612
56 83 603
83 56 603
56 90 84
90 56 84
56 61 5
61 56 5
56 66 748
66 56 748
57 92 888
92 57 888
58 66 805
66 58 805
58 69 140
69 58 140
58 93 82
93 58 82
59 82 449
82 59 449
60 64 622
64 60 622
60 80 244
80 60 244
60 72 485
72 60 485
60 72 750
72 60 750
61 65 995
65 61 995
61 67 361
67 61 361
62 92 268
92 62 268
62 73 153
73 62 153
62 67 426
67 62 426
62 79 252
79 62 252
63 74 221
74 63 221
64 74 841
74 64 841
64 77 239
77 64 239
64 66 686
66 64 686
66 84 83
84 66 83
67 70 783
70 67 783
67 87 176
87 67 176
69 87 384
87 69 384
69 86 473
86 69 473
70 91 414
91 70 414
70 75 466
75 70 466
72 74 86
74 72 86
76 88 580
88 76 580
76 84 152
84 76 152
77 80 936
80 77 936
78 79 700
79 78 700
78 92 684
92 78 684
79 81 954
81 79 954
82 82 518
82 82 518
90 93 900
93 90 900
