84

0 1 477
1 0 477
0 4 887
4 0 887
0 8 575
8 0 575
0 27 620
27 0 620
0 73 95
73 0 95
0 53 45
53 0 45
0 73 266
73 0 266
0 25 415
25 0 415
0 9 799
9 0 799
0 72 253
72 0 253
0 35 904
35 0 904
0 52 134
52 0 134
0 70 526
70 0 526
0 80 369
80 0 369
0 60 244
60 0 244
0 44 167
44 0 167
1 2 552
2 1 552
1 3 524
3 1 524
1 10 849
10 1 849
1 38 537
38 1 537
1 27 857
27 1 857
1 61 393
61 1 393
1 81 559
81 1 559
1 74 279
74 1 279
1 76 753
76 1 753
1 71 755
71 1 755
1 62 48
62 1 48
1 39 984
39 1 984
1 68 129
68 1 129
1 76 711
76 1 711
1 48 453
48 1 453
1 59 289
59 1 289
1 20 547
20 1 547
1 59 932
59 1 932
1 74 131
74 1 131
2 11 137
11 2 137
2 18 256
18 2 256
2 51 279
51 2 279
2 68 885
68 2 885
2 78 929
78 2 929
2 36 628
36 2 628
2 17 936
17 2 936
2 2 47
2 2 47
2 3 980
3 2 980
2 15 461
15 2 461
2 35 889
35 2 889
2 20 725
20 2 725
2 42 926
42 2 926
2 78 487
78 2 487
2 43 262
43 2 262
2 12 529
12 2 529
2 54 372
54 2 372
2 66 529
66 2 529
2 19 682
19 2 682
2 65 733
65 2 733
2 37 174
37 2 174
2 25 531
25 2 531
2 49 550
49 2 550
3 5 9
5 3 9
3 22 462
22 3 462
3 37 775
37 3 775
3 82 274
82 3 274
3 39 489
39 3 489
3 83 648
83 3 648
3 33 799
33 3 799
3 27 924
27 3 924
3 61 484
61 3 484
3 18 808
18 3 808
3 83 424
83 3 424
3 45 405
45 3 405
3 81 40
81 3 40
3 14 620
14 3 620
3 20 922
20 3 922
3 80 666
80 3 666
3 13 484
13 3 484
3 32 50
32 3 50
3 71 436
71 3 436
4 6 155
6 4 155
4 16 423
16 4 423
4 31 414
31 4 414
4 54 888
54 4 888
4 62 173
62 4 173
4 44 11
44 4 11
4 83 639
83 4 639
4 42 634
42 4 634
4 75 770
75 4 770
4 75 11
75 4 11
4 32 855
32 4 855
4 39 512
39 4 512
4 31 112
31 4 112
4 35 243
35 4 243
4 14 154
14 4 154
4 16 47
16 4 47
5 7 558
7 5 558
5 15 767
15 5 767
5 59 572
59 5 572
5 63 132
63 5 132
5 81 905
81 5 905
5 35 228
35 5 228
5 6 715
6 5 715
5 6 541
6 5 541
5 64 892
64 5 892
5 56 575
56 5 575
5 81 732
81 5 732
5 58 145
58 5 145
5 52 438
52 5 438
5 19 237
19 5 237
5 34 97
34 5 97
5 28 579
28 5 579
5 52 209
52 5 209
5 21 791
21 5 791
6 19 630
19 6 630
6 16 815
16 6 815
6 54 646
54 6 646
6 31 43
31 6 43
6 22 360
22 6 360
6 26 887
26 6 887
6 40 754
40 6 754
6 37 473
37 6 473
6 63 629
63 6 629
6 61 617
61 6 617
6 44 882
44 6 882
6 81 48
81 6 48
6 70 422
70 6 422
6 69 802
69 6 802
6 8 383
8 6 383
6 75 652
75 6 652
7 34 21
34 7 21
7 50 627
50 7 627
7 36 21
36 7 21
7 8 349
8 7 349
7 46 484
46 7 484
7 48 169
48 7 169
7 42 354
42 7 354
7 12 546
12 7 546
7 73 788
73 7 788
7 68 782
68 7 782
7 55 933
55 7 933
7 27 987
27 7 987
7 57 876
57 7 876
7 35 823
35 7 823
8 9 782
9 8 782
8 14 428
14 8 428
8 23 407
23 8 407
8 36 491
36 8 491
8 43 676
43 8 676
8 83 729
83 8 729
8 81 67
81 8 67
8 58 474
58 8 474
8 42 61
42 8 61
8 37 465
37 8 465
8 76 367
76 8 367
8 13 460
13 8 460
8 78 528
78 8 528
8 69 262
69 8 262
8 20 839
20 8 839
8 72 243
72 8 243
8 54 369
54 8 369
8 64 609
64 8 609
9 26 203
26 9 203
9 66 147
66 9 147
9 74 665
74 9 665
9 82 586
82 9 586
9 80 672
80 9 672
9 21 256
21 9 256
9 50 481
50 9 481
9 72 213
72 9 213
9 76 451
76 9 451
9 61 261
61 9 261
9 64 72
64 9 72
9 37 509
37 9 509
9 52 855
52 9 855
10 12 682
12 10 682
10 13 657
13 10 657
10 21 775
21 10 775
10 49 412
49 10 412
10 60 536
60 10 536
10 31 688
31 10 688
10 80 494
80 10 494
10 26 724
26 10 724
10 39 185
39 10 185
10 17 514
17 10 514
10 82 847
82 10 847
10 40 602
40 10 602
10 26 483
26 10 483
10 31 42
31 10 42
11 25 549
25 11 549
11 71 85
71 11 85
11 22 567
22 11 567
11 81 302
81 11 302
11 25 805
25 11 805
11 73 417
73 11 417
11 69 117
69 11 117
11 49 257
49 11 257
11 51 937
51 11 937
11 17 576
17 11 576
11 70 609
70 11 609
11 32 200
32 11 200
11 29 692
29 11 692
12 17 786
17 12 786
12 24 241
24 12 241
12 47 284
47 12 284
12 80 32
80 12 32
12 19 92
19 12 92
12 18 905
18 12 905
12 60 233
60 12 233
12 81 76
81 12 76
12 80 117
80 12 117
12 71 734
71 12 734
12 41 97
41 12 97
12 13 81
13 12 81
12 18 178
18 12 178
12 44 268
44 12 268
12 51 647
51 12 647
12 27 438
27 12 438
12 49 404
49 12 404
12 59 198
59 12 198
12 33 892
33 12 892
13 61 807
61 13 807
13 43 895
43 13 895
13 60 23
60 13 23
13 55 593
55 13 593
13 47 702
47 13 702
13 24 618
24 13 618
13 57 536
57 13 536
13 80 52
80 13 52
13 46 92
46 13 92
13 78 550
78 13 550
13 64 122
64 13 122
13 41 547
41 13 547
13 49 796
49 13 796
13 16 68
16 13 68
13 65 60
65 13 60
14 33 427
33 14 427
14 69 168
69 14 168
14 80 547
80 14 547
14 25 529
25 14 529
14 76 312
76 14 312
14 63 352
63 14 352
14 69 341
69 14 341
14 42 920
42 14 920
14 75 674
75 14 674
14 66 721
66 14 721
14 36 532
36 14 532
14 31 991
31 14 991
14 25 162
25 14 162
14 67 583
67 14 583
14 46 317
46 14 317
14 52 357
52 14 357
14 17 270
17 14 270
14 52 776
52 14 776
14 47 755
47 14 755
15 47 950
47 15 950
15 81 494
81 15 494
15 76 994
76 15 994
15 21 806
21 15 806
15 66 271
66 15 271
15 24 152
24 15 152
15 47 282
47 15 282
15 26 17
26 15 17
15 78 971
78 15 971
15 81 466
81 15 466
15 26 810
26 15 810
15 58 984
58 15 984
15 15 118
15 15 118
15 73 588
73 15 588
15 43 120
43 15 120
16 61 72
61 16 72
16 81 179
81 16 179
16 72 872
72 16 872
16 50 709
50 16 709
16 67 733
67 16 733
16 57 731
57 16 731
16 83 178
83 16 178
16 47 118
47 16 118
16 83 682
83 16 682
17 62 598
62 17 598
17 70 645
70 17 645
17 29 639
29 17 639
17 60 72
60 17 72
17 79 566
79 17 566
17 52 428
52 17 428
17 75 935
75 17 935
18 20 934
20 18 934
18 56 84
56 18 84
18 80 427
80 18 427
18 62 943
62 18 943
18 69 228
69 18 228
18 75 969
75 18 969
18 71 3
71 18 3
18 64 501
64 18 501
18 83 711
83 18 711
18 27 41
27 18 41
18 82 644
82 18 644
18 23 738
23 18 738
18 79 359
79 18 359
18 42 6
42 18 6
18 69 293
69 18 293
18 54 405
54 18 405
19 28 304
28 19 304
19 29 821
29 19 821
19 77 534
77 19 534
19 81 13
81 19 13
19 34 430
34 19 430
19 44 438
44 19 438
19 37 78
37 19 78
19 46 871
46 19 871
19 63 88
63 19 88
19 62 373
62 19 373
19 24 427
24 19 427
20 39 444
39 20 444
20 46 653
46 20 653
20 37 370
37 20 370
20 22 964
22 20 964
20 40 452
40 20 452
20 54 516
54 20 516
20 32 656
32 20 656
20 24 274
24 20 274
20 82 335
82 20 335
20 59 864
59 20 864
20 58 515
58 20 515
21 44 616
44 21 616
21 67 834
67 21 834
21 75 828
75 21 828
21 78 312
78 21 312
21 75 277
75 21 277
21 52 853
52 21 853
22 32 913
32 22 913
22 70 439
70 22 439
22 50 12
50 22 12
22 63 966
63 22 966
22 43 426
43 22 426
22 57 519
57 22 519
22 35 406
35 22 406
22 55 885
55 22 885
22 34 453
34 22 453
22 42 215
42 22 215
22 48 180
48 22 180
22 46 868
46 22 868
23 36 895
36 23 895
23 76 334
76 23 334
23 50 281
50 23 281
23 78 984
78 23 984
23 37 19
37 23 19
23 50 94
50 23 94
23 50 849
50 23 849
23 74 933
74 23 933
23 66 734
66 23 734
23 79 928
79 23 928
23 58 550
58 23 550
23 69 736
69 23 736
23 50 844
50 23 844
23 71 721
71 23 721
24 80 415
80 24 415
24 26 540
26 24 540
24 75 976
75 24 976
24 48 39
48 24 39
24 30 450
30 24 450
24 77 501
77 24 501
24 38 969
38 24 969
24 75 905
75 24 905
25 47 13
47 25 13
25 53 459
53 25 459
25 53 130
53 25 130
25 64 328
64 25 328
25 82 989
82 25 989
25 58 772
58 25 772
25 60 25
60 25 25
25 27 616
27 25 616
25 62 567
62 25 567
25 56 67
56 25 67
25 44 283
44 25 283
25 32 93
32 25 93
25 26 640
26 25 640
25 81 758
81 25 758
25 57 121
57 25 121
26 55 507
55 26 507
26 40 488
40 26 488
26 40 688
40 26 688
26 34 625
34 26 625
26 39 583
39 26 583
26 71 577
71 26 577
26 49 917
49 26 917
26 42 443
42 26 443
26 30 238
30 26 238
27 30 47
30 27 47
27 48 29
48 27 29
27 27 568
27 27 568
27 66 318
66 27 318
27 55 509
55 27 509
27 69 204
69 27 204
27 67 576
67 27 576
27 56 10
56 27 10
27 83 783
83 27 783
27 30 792
30 27 792
27 41 58
41 27 58
27 35 378
35 27 378
27 83 119
83 27 119
28 40 693
40 28 693
28 52 369
52 28 369
28 58 369
58 28 369
28 30 328
30 28 328
28 40 751
40 28 751
28 69 202
69 28 202
28 82 292
82 28 292
28 74 770
74 28 770
28 76 550
76 28 550
28 62 449
62 28 449
28 48 208
48 28 208
28 59 643
59 28 643
28 61 324
61 28 324
28 51 904
51 28 904
29 38 233
38 29 233
29 45 515
45 29 515
29 50 385
50 29 385
29 59 666
59 29 666
29 43 390
43 29 390
29 76 811
76 29 811
29 50 496
50 29 496
29 48 969
48 29 969
29 59 934
59 29 934
29 78 271
78 29 271
29 29 969
29 29 969
29 32 905
32 29 905
29 55 186
55 29 186
29 41 54
41 29 54
30 42 475
42 30 475
30 49 421
49 30 421
30 57 910
57 30 910
30 64 567
64 30 567
30 53 201
53 30 201
30 45 752
45 30 752
30 46 955
46 30 955
30 74 417
74 30 417
31 58 452
58 31 452
31 60 481
60 31 481
31 79 883
79 31 883
31 40 879
40 31 879
31 72 226
72 31 226
31 51 35
51 31 35
31 57 431
57 31 431
31 36 734
36 31 734
31 60 460
60 31 460
31 63 169
63 31 169
31 64 876
64 31 876
31 59 618
59 31 618
31 59 741
59 31 741
31 53 446
53 31 446
32 53 303
53 32 303
32 73 496
73 32 496
32 81 661
81 32 661
32 34 510
34 32 510
32 59 263
59 32 263
33 41 114
41 33 114
33 58 17
58 33 17
33 65 432
65 33 432
33 43 446
43 33 446
33 36 197
36 33 197
33 81 933
81 33 933
34 35 678
35 34 678
34 34 125
34 34 125
34 60 101
60 34 101
34 60 855
60 34 855
34 76 364
76 34 364
34 37 493
37 34 493
34 50 375
50 34 375
34 67 597
67 34 597
34 64 499
64 34 499
34 39 620
39 34 620
35 46 185
46 35 185
35 83 631
83 35 631
35 70 990
70 35 990
35 39 187
39 35 187
35 64 238
64 35 238
35 45 252
45 35 252
35 71 375
71 35 375
36 56 72
56 36 72
36 68 846
68 36 846
36 74 273
74 36 273
36 53 313
53 36 313
36 58 987
58 36 987
36 55 748
55 36 748
36 45 440
45 36 440
37 60 934
60 37 934
37 67 471
67 37 471
37 47 564
47 37 564
37 72 1000
72 37 1000
37 49 928
49 37 928
37 39 475
39 37 475
37 43 968
43 37 968
37 55 659
55 37 659
37 79 175
79 37 175
37 50 899
50 37 899
38 45 289
45 38 289
38 62 217
62 38 217
38 56 390
56 38 390
38 51 623
51 38 623
38 70 867
70 38 867
38 79 155
79 38 155
38 56 762
56 38 762
38 50 325
50 38 325
38 77 872
77 38 872
38 79 460
79 38 460
38 71 222
71 38 222
39 43 794
43 39 794
39 47 500
47 39 500
39 70 551
70 39 551
39 53 23
53 39 23
39 45 238
45 39 238
39 47 497
47 39 497
39 66 957
66 39 957
39 80 369
80 39 369
40 52 495
52 40 495
40 64 991
64 40 991
40 47 879
47 40 879
40 50 95
50 40 95
40 72 273
72 40 273
40 63 601
63 40 601
40 48 920
48 40 920
40 81 500
81 40 500
41 56 600
56 41 600
41 74 135
74 41 135
41 67 617
67 41 617
42 60 807
60 42 807
42 69 767
69 42 767
42 73 325
73 42 325
42 74 645
74 42 645
42 52 547
52 42 547
42 49 263
49 42 263
42 78 458
78 42 458
42 63 725
63 42 725
42 76 191
76 42 191
42 69 300
69 42 300
42 54 902
54 42 902
43 53 182
53 43 182
43 51 192
51 43 192
43 65 769
65 43 769
43 79 932
79 43 932
43 46 986
46 43 986
43 66 400
66 43 400
43 75 615
75 43 615
43 72 484
72 43 484
44 57 80
57 44 80
44 77 627
77 44 627
44 68 458
68 44 458
44 78 708
78 44 708
44 65 247
65 44 247
44 59 889
59 44 889
44 81 302
81 44 302
44 62 239
62 44 239
44 73 646
73 44 646
44 52 873
52 44 873
45 65 730
65 45 730
45 66 63
66 45 63
45 53 836
53 45 836
46 62 634
62 46 634
46 69 146
69 46 146
46 74 524
74 46 524
46 48 319
48 46 319
46 57 826
57 46 826
46 65 832
65 46 832
46 65 530
65 46 530
46 61 640
61 46 640
46 66 817
66 46 817
46 63 450
63 46 450
46 79 575
79 46 575
47 62 83
62 47 83
47 68 189
68 47 189
47 65 471
65 47 471
47 51 720
51 47 720
47 52 618
52 47 618
47 59 454
59 47 454
47 51 556
51 47 556
48 55 829
55 48 829
48 64 984
64 48 984
48 59 781
59 48 781
49 57 571
57 49 571
49 61 752
61 49 752
49 50 836
50 49 836
49 56 600
56 49 600
49 65 43
65 49 43
49 78 746
78 49 746
50 80 385
80 50 385
50 81 323
81 50 323
50 76 454
76 50 454
50 70 264
70 50 264
50 60 567
60 50 567
50 68 581
68 50 581
50 62 147
62 50 147
50 83 100
83 50 100
50 76 670
76 50 670
51 51 888
51 51 888
51 56 93
56 51 93
51 75 503
75 51 503
51 77 32
77 51 32
51 80 838
80 51 838
51 82 704
82 51 704
51 78 595
78 51 595
51 78 984
78 51 984
51 61 337
61 51 337
51 65 521
65 51 521
52 60 685
60 52 685
52 64 192
64 52 192
52 71 292
71 52 292
52 56 689
56 52 689
52 71 565
71 52 565
52 81 533
81 52 533
53 80 736
80 53 736
53 78 859
78 53 859
53 82 457
82 53 457
53 75 250
75 53 250
53 65 340
65 53 340
53 73 727
73 53 727
53 83 320
83 53 320
53 54 826
54 53 826
54 74 88
74 54 88
54 81 51
81 54 51
54 55 867
55 54 867
55 71 360
71 55 360
55 76 261
76 55 261
56 71 138
71 56 138
56 58 546
58 56 546
57 64 295
64 57 295
57 65 680
65 57 680
57 62 851
62 57 851
57 59 373
59 57 373
58 66 955
66 58 955
58 64 268
64 58 268
58 76 288
76 58 288
58 67 880
67 58 880
58 70 37
70 58 37
58 66 405
66 58 405
59 75 600
75 59 600
59 79 25
79 59 25
59 68 37
68 59 37
59 73 566
73 59 566
60 82 724
82 60 724
60 64 39
64 60 39
60 79 678
79 60 678
60 70 910
70 60 910
61 79 537
79 61 537
61 79 720
79 61 720
62 63 887
63 62 887
62 82 861
82 62 861
62 63 914
63 62 914
63 67 1
67 63 1
63 77 400
77 63 400
63 80 178
80 63 178
63 74 513
74 63 513
63 77 952
77 63 952
64 77 824
77 64 824
64 82 961
82 64 961
64 77 766
77 64 766
64 75 225
75 64 225
64 71 901
71 64 901
65 80 818
80 65 818
65 72 592
72 65 592
66 76 466
76 66 466
66 75 333
75 66 333
66 69 989
69 66 989
67 71 325
71 67 325
67 74 806
74 67 806
67 78 19
78 67 19
68 73 634
73 68 634
68 80 997
80 68 997
68 81 655
81 68 655
69 73 975
73 69 975
69 83 810
83 69 810
69 71 162
71 69 162
69 82 424
82 69 424
69 73 213
73 69 213
70 72 253
72 70 253
70 75 876
75 70 876
70 76 943
76 70 943
70 70 554
70 70 554
70 81 205
81 70 205
70 72 346
72 70 346
71 81 680
81 71 680
72 79 629
79 72 629
72 82 680
82 72 680
73 77 72
77 73 72
73 81 372
81 73 372
73 82 696
82 73 696
73 76 476
76 73 476
75 80 120
80 75 120
75 79 411
79 75 411
77 80 908
80 77 908
77 79 434
79 77 434
77 81 537
81 77 537
