77

0 1 373
1 0 373
0 2 331
2 0 331
0 4 276
4 0 276
0 31 559
31 0 559
0 38 535
38 0 535
0 62 700
62 0 700
0 64 84
64 0 84
0 59 253
59 0 253
0 18 348
18 0 348
0 9 475
9 0 475
0 57 264
57 0 264
0 74 755
74 0 755
0 22 583
22 0 583
0 11 595
11 0 595
0 55 903
55 0 903
0 30 778
30 0 778
0 17 379
17 0 379
0 29 820
29 0 820
0 52 489
52 0 489
0 8 304
8 0 304
1 5 782
5 1 782
1 9 35
9 1 35
1 12 523
12 1 523
1 23 762
23 1 762
1 42 470
42 1 470
1 65 941
65 1 941
1 40 338
40 1 338
1 76 762
76 1 762
1 28 279
28 1 279
1 35 348
35 1 348
1 7 760
7 1 760
1 22 886
22 1 886
1 3 98
3 1 98
1 4 29
4 1 29
1 11 148
11 1 148
1 69 466
69 1 466
1 12 569
12 1 569
1 35 572
35 1 572
1 65 797
65 1 797
1 20 345
20 1 345
1 52 620
52 1 620
1 45 471
45 1 471
1 39 233
39 1 233
1 44 812
44 1 812
2 3 113
3 2 113
2 11 199
11 2 199
2 14 632
14 2 632
2 51 418
51 2 418
2 75 35
75 2 35
2 64 824
64 2 824
2 58 70
58 2 70
2 61 491
61 2 491
2 28 149
28 2 149
2 64 990
64 2 990
2 34 363
34 2 363
2 43 695
43 2 695
3 7 890
7 3 890
3 15 558
15 3 558
3 58 787
58 3 787
3 70 356
70 3 356
3 68 956
68 3 956
3 58 711
58 3 711
3 52 854
52 3 854
3 65 428
65 3 428
3 66 613
66 3 613
3 6 797
6 3 797
3 41 930
41 3 930
3 44 237
44 3 237
3 21 219
21 3 219
4 10 611
10 4 611
4 16 324
16 4 324
4 20 993
20 4 993
4 22 711
22 4 711
4 40 193
40 4 193
4 27 549
27 4 549
4 52 292
52 4 292
4 4 805
4 4 805
4 25 760
25 4 760
4 21 394
21 4 394
4 38 134
38 4 134
4 74 148
74 4 148
4 66 361
66 4 361
4 12 677
12 4 677
4 57 249
57 4 249
4 60 254
60 4 254
4 17 313
17 4 313
4 27 190
27 4 190
4 22 162
22 4 162
4 60 753
60 4 753
4 22 302
22 4 302
4 70 360
70 4 360
4 23 769
23 4 769
4 15 520
15 4 520
5 6 393
6 5 393
5 8 606
8 5 606
5 65 99
65 5 99
5 66 81
66 5 81
5 23 239
23 5 239
5 40 432
40 5 432
5 47 662
47 5 662
5 7 412
7 5 412
5 53 67
53 5 67
5 61 38
61 5 38
5 25 570
25 5 570
5 41 368
41 5 368
5 24 572
24 5 572
5 30 816
30 5 816
5 61 118
61 5 118
6 13 593
13 6 593
6 17 665
17 6 665
6 24 374
24 6 374
6 52 365
52 6 365
6 53 630
53 6 630
6 24 659
24 6 659
6 12 394
12 6 394
6 71 778
71 6 778
6 6 784
6 6 784
6 69 562
69 6 562
6 21 88
21 6 88
6 35 110
35 6 110
6 27 802
27 6 802
6 61 789
61 6 789
6 19 254
19 6 254
6 57 852
57 6 852
6 47 288
47 6 288
7 14 298
14 7 298
7 19 813
19 7 813
7 36 379
36 7 379
7 46 122
46 7 122
7 47 259
47 7 259
7 66 245
66 7 245
7 30 375
30 7 375
7 31 434
31 7 434
7 12 52
12 7 52
7 18 413
18 7 413
7 58 462
58 7 462
7 29 854
29 7 854
7 53 796
53 7 796
7 25 823
25 7 823
7 33 820
33 7 820
8 55 191
55 8 191
8 57 283
57 8 283
8 35 887
35 8 887
8 67 834
67 8 834
8 70 324
70 8 324
8 64 528
64 8 528
8 58 361
58 8 361
8 11 877
11 8 877
8 24 149
24 8 149
9 63 950
63 9 950
9 55 431
55 9 431
9 21 17
21 9 17
9 30 718
30 9 718
9 42 229
42 9 229
9 67 575
67 9 575
9 51 165
51 9 165
9 34 112
34 9 112
9 33 436
33 9 436
9 35 711
35 9 711
9 33 734
33 9 734
9 64 215
64 9 215
9 39 350
39 9 350
9 44 243
44 9 243
9 31 382
31 9 382
9 69 356
69 9 356
9 29 187
29 9 187
9 9 946
9 9 946
9 32 704
32 9 704
9 52 579
52 9 579
9 13 854
13 9 854
9 69 533
69 9 533
10 72 933
72 10 933
10 53 852
53 10 852
10 34 658
34 10 658
10 66 577
66 10 577
10 45 623
45 10 623
10 35 601
35 10 601
10 31 775
31 10 775
10 58 238
58 10 238
10 18 545
18 10 545
11 20 785
20 11 785
11 68 403
68 11 403
11 69 3
69 11 3
11 49 500
49 11 500
11 40 667
40 11 667
11 60 970
60 11 970
11 43 837
43 11 837
11 38 843
38 11 843
11 40 753
40 11 753
11 66 287
66 11 287
11 68 300
68 11 300
11 35 490
35 11 490
11 44 211
44 11 211
11 23 69
23 11 69
11 34 302
34 11 302
11 70 225
70 11 225
11 21 915
21 11 915
12 37 974
37 12 974
12 45 774
45 12 774
12 76 699
76 12 699
12 62 928
62 12 928
12 40 827
40 12 827
12 13 952
13 12 952
12 49 808
49 12 808
12 55 686
55 12 686
13 25 116
25 13 116
13 26 515
26 13 515
13 29 134
29 13 134
13 51 826
51 13 826
13 72 140
72 13 140
13 59 381
59 13 381
13 49 861
49 13 861
13 28 256
28 13 256
13 33 507
33 13 507
13 57 407
57 13 407
13 72 564
72 13 564
13 67 832
67 13 832
13 20 489
20 13 489
13 39 458
39 13 458
13 59 772
59 13 772
14 37 7
37 14 7
14 48 334
48 14 334
14 39 984
39 14 984
14 44 644
44 14 644
14 36 432
36 14 432
14 74 952
74 14 952
14 44 675
44 14 675
14 23 378
23 14 378
15 18 158
18 15 158
15 44 629
44 15 629
15 53 960
53 15 960
15 68 48
68 15 48
15 72 779
72 15 779
15 54 222
54 15 222
15 66 710
66 15 710
15 23 352
23 15 352
15 30 214
30 15 214
15 17 877
17 15 877
15 70 537
70 15 537
15 36 238
36 15 238
15 35 556
35 15 556
15 67 172
67 15 172
15 74 762
74 15 762
15 32 715
32 15 715
15 62 165
62 15 165
15 29 34
29 15 34
15 46 93
46 15 93
16 34 165
34 16 165
16 73 892
73 16 892
16 36 673
36 16 673
16 48 509
48 16 509
16 42 42
42 16 42
16 57 818
57 16 818
16 27 976
27 16 976
16 66 597
66 16 597
16 38 215
38 16 215
16 42 956
42 16 956
16 19 904
19 16 904
16 45 731
45 16 731
16 71 207
71 16 207
17 39 168
39 17 168
17 74 574
74 17 574
17 64 733
64 17 733
17 45 900
45 17 900
17 67 398
67 17 398
17 43 299
43 17 299
17 57 159
57 17 159
17 40 800
40 17 800
17 69 663
69 17 663
17 26 148
26 17 148
17 44 373
44 17 373
18 21 797
21 18 797
18 56 883
56 18 883
18 71 836
71 18 836
18 26 482
26 18 482
18 70 848
70 18 848
18 29 858
29 18 858
18 20 921
20 18 921
18 19 535
19 18 535
19 27 379
27 19 379
19 69 576
69 19 576
19 56 332
56 19 332
19 31 666
31 19 666
19 53 134
53 19 134
19 48 137
48 19 137
19 58 716
58 19 716
19 75 820
75 19 820
19 22 479
22 19 479
19 34 554
34 19 554
20 32 224
32 20 224
20 50 404
50 20 404
20 49 177
49 20 177
20 31 383
31 20 383
20 42 659
42 20 659
20 73 654
73 20 654
20 31 433
31 20 433
20 70 786
70 20 786
20 58 608
58 20 608
21 67 80
67 21 80
21 49 698
49 21 698
21 33 428
33 21 428
21 39 807
39 21 807
21 53 582
53 21 582
21 24 548
24 21 548
22 36 458
36 22 458
22 43 742
43 22 742
22 40 701
40 22 701
22 53 815
53 22 815
22 41 564
41 22 564
22 52 832
52 22 832
22 35 249
35 22 249
22 57 429
57 22 429
23 41 531
41 23 531
23 54 754
54 23 754
23 46 797
46 23 797
23 73 239
73 23 239
23 51 183
51 23 183
23 34 492
34 23 492
23 28 960
28 23 960
23 60 812
60 23 812
23 26 498
26 23 498
23 59 103
59 23 103
23 71 837
71 23 837
23 73 423
73 23 423
24 30 904
30 24 904
24 70 741
70 24 741
24 26 552
26 24 552
24 32 147
32 24 147
24 70 804
70 24 804
24 30 509
30 24 509
24 73 938
73 24 938
24 57 409
57 24 409
24 68 987
68 24 987
24 59 68
59 24 68
24 71 850
71 24 850
24 24 435
24 24 435
24 28 211
28 24 211
24 62 365
62 24 365
24 54 573
54 24 573
24 66 804
66 24 804
24 60 790
60 24 790
24 71 49
71 24 49
25 60 203
60 25 203
25 62 917
62 25 917
25 70 668
70 25 668
25 53 57
53 25 57
25 32 813
32 25 813
25 26 689
26 25 689
25 53 628
53 25 628
25 36 213
36 25 213
25 28 128
28 25 128
25 53 602
53 25 602
25 39 696
39 25 696
25 36 86
36 25 86
26 28 100
28 26 100
26 33 397
33 26 397
26 59 866
59 26 866
26 75 801
75 26 801
26 40 72
40 26 72
26 56 237
56 26 237
26 66 108
66 26 108
26 34 187
34 26 187
26 36 219
36 26 219
26 58 581
58 26 581
26 46 797
46 26 797
27 35 31
35 27 31
27 43 130
43 27 130
27 39 859
39 27 859
27 66 92
66 27 92
27 54 647
54 27 647
27 60 526
60 27 526
27 42 161
42 27 161
27 48 420
48 27 420
27 64 749
64 27 749
27 60 499
60 27 499
27 59 444
59 27 444
28 47 479
47 28 479
28 53 262
53 28 262
28 32 797
32 28 797
28 38 740
38 28 740
28 32 462
32 28 462
28 61 316
61 28 316
28 48 732
48 28 732
28 56 712
56 28 712
28 62 657
62 28 657
29 71 338
71 29 338
29 73 319
73 29 319
29 41 306
41 29 306
29 68 86
68 29 86
29 44 842
44 29 842
29 50 205
50 29 205
29 72 600
72 29 600
30 50 109
50 30 109
30 75 243
75 30 243
30 69 73
69 30 73
30 41 281
41 30 281
30 49 649
49 30 649
30 42 183
42 30 183
30 75 953
75 30 953
31 71 642
71 31 642
31 34 918
34 31 918
31 44 537
44 31 537
31 62 929
62 31 929
31 42 685
42 31 685
31 74 103
74 31 103
31 49 330
49 31 330
31 75 147
75 31 147
31 40 223
40 31 223
31 64 362
64 31 362
31 39 378
39 31 378
31 48 280
48 31 280
32 47 409
47 32 409
32 48 881
48 32 881
32 63 713
63 32 713
32 49 270
49 32 270
32 41 345
41 32 345
32 36 581
36 32 581
32 65 1
65 32 1
32 38 819
38 32 819
32 58 281
58 32 281
32 35 747
35 32 747
32 60 365
60 32 365
33 67 142
67 33 142
33 63 99
63 33 99
33 40 412
40 33 412
33 54 836
54 33 836
33 76 530
76 33 530
33 71 25
71 33 25
34 49 170
49 34 170
34 38 854
38 34 854
34 41 340
41 34 340
34 67 915
67 34 915
34 50 733
50 34 733
34 70 820
70 34 820
35 61 264
61 35 264
35 74 179
74 35 179
35 70 952
70 35 952
35 54 303
54 35 303
35 63 267
63 35 267
35 74 559
74 35 559
35 68 675
68 35 675
35 52 833
52 35 833
36 41 428
41 36 428
36 44 862
44 36 862
36 40 566
40 36 566
36 47 221
47 36 221
36 64 664
64 36 664
36 69 109
69 36 109
36 41 17
41 36 17
36 60 317
60 36 317
36 52 407
52 36 407
36 53 611
53 36 611
36 66 783
66 36 783
36 48 36
48 36 36
36 38 829
38 36 829
37 61 467
61 37 467
37 43 27
43 37 27
37 60 634
60 37 634
37 61 49
61 37 49
37 47 644
47 37 644
37 56 962
56 37 962
37 43 127
43 37 127
37 53 27
53 37 27
37 57 958
57 37 958
38 50 33
50 38 33
38 72 373
72 38 373
38 66 773
66 38 773
38 61 1000
61 38 1000
38 64 919
64 38 919
38 51 897
51 38 897
38 43 766
43 38 766
39 63 509
63 39 509
39 75 98
75 39 98
39 64 483
64 39 483
39 67 96
67 39 96
39 47 152
47 39 152
39 69 377
69 39 377
39 67 839
67 39 839
40 75 238
75 40 238
40 62 453
62 40 453
40 45 897
45 40 897
40 67 242
67 40 242
40 46 26
46 40 26
40 41 984
41 40 984
40 43 621
43 40 621
40 59 759
59 40 759
40 47 485
47 40 485
40 64 305
64 40 305
41 59 377
59 41 377
41 42 429
42 41 429
41 71 846
71 41 846
41 52 412
52 41 412
41 73 91
73 41 91
42 60 64
60 42 64
42 61 326
61 42 326
42 51 685
51 42 685
42 68 617
68 42 617
42 75 972
75 42 972
42 51 786
51 42 786
42 76 918
76 42 918
42 69 797
69 42 797
43 67 94
67 43 94
43 48 815
48 43 815
43 64 178
64 43 178
43 44 351
44 43 351
43 48 246
48 43 246
44 54 271
54 44 271
44 45 891
45 44 891
44 69 305
69 44 305
45 73 929
73 45 929
45 49 703
49 45 703
45 67 578
67 45 578
45 65 411
65 45 411
45 62 108
62 45 108
45 65 225
65 45 225
45 67 284
67 45 284
46 56 226
56 46 226
46 68 248
68 46 248
46 68 119
68 46 119
46 71 214
71 46 214
46 53 616
53 46 616
46 52 623
52 46 623
46 76 22
76 46 22
46 62 193
62 46 193
46 71 830
71 46 830
47 73 908
73 47 908
47 56 178
56 47 178
47 61 13
61 47 13
47 75 541
75 47 541
47 73 307
73 47 307
47 76 954
76 47 954
48 54 995
54 48 995
48 58 281
58 48 281
48 49 356
49 48 356
48 70 242
70 48 242
48 49 478
49 48 478
48 55 530
55 48 530
48 57 353
57 48 353
48 70 721
70 48 721
48 51 990
51 48 990
48 75 614
75 48 614
48 51 475
51 48 475
49 55 204
55 49 204
49 52 184
52 49 184
49 66 197
66 49 197
49 51 537
51 49 537
49 53 385
53 49 385
49 66 377
66 49 377
49 65 292
65 49 292
49 66 470
66 49 470
49 54 626
54 49 626
49 53 956
53 49 956
50 74 24
74 50 24
50 59 176
59 50 176
50 63 383
63 50 383
50 64 502
64 50 502
50 61 236
61 50 236
50 73 798
73 50 798
51 75 788
75 51 788
51 76 143
76 51 143
51 63 611
63 51 611
51 56 714
56 51 714
51 63 637
63 51 637
51 51 255
51 51 255
51 55 959
55 51 959
51 52 123
52 51 123
51 55 317
55 51 317
51 61 257
61 51 257
51 56 317
56 51 317
51 68 662
68 51 662
51 69 719
69 51 719
51 53 680
53 51 680
52 76 761
76 52 761
52 68 339
68 52 339
52 60 138
60 52 138
52 59 576
59 52 576
52 74 686
74 52 686
52 74 332
74 52 332
52 55 200
55 52 200
53 61 51
61 53 51
53 53 260
53 53 260
53 53 64
53 53 64
53 61 63
61 53 63
54 73 540
73 54 540
54 69 241
69 54 241
55 65 191
65 55 191
55 58 579
58 55 579
55 75 771
75 55 771
55 61 1000
61 55 1000
55 64 764
64 55 764
55 57 368
57 55 368
55 68 696
68 55 696
55 75 748
75 55 748
56 62 730
62 56 730
56 68 734
68 56 734
56 66 987
66 56 987
56 59 643
59 56 643
56 63 82
63 56 82
56 72 637
72 56 637
56 71 574
71 56 574
56 64 772
64 56 772
57 68 916
68 57 916
57 67 187
67 57 187
57 58 252
58 57 252
58 68 641
68 58 641
58 70 231
70 58 231
58 61 796
61 58 796
58 74 906
74 58 906
58 76 329
76 58 329
60 74 172
74 60 172
60 76 673
76 60 673
60 69 161
69 60 161
60 68 143
68 60 143
61 63 53
63 61 53
61 72 424
72 61 424
62 69 996
69 62 996
63 66 981
66 63 981
63 64 897
64 63 897
63 71 562
71 63 562
63 72 122
72 63 122
64 73 781
73 64 781
64 75 109
75 64 109
65 74 191
74 65 191
65 73 425
73 65 425
65 71 610
71 65 610
66 68 801
68 66 801
66 73 491
73 66 491
66 74 711
74 66 711
66 75 263
75 66 263
66 73 657
73 66 657
66 76 618
76 66 618
67 75 482
75 67 482
67 69 952
69 67 952
68 69 510
69 68 510
69 70 172
70 69 172
70 72 453
72 70 453
71 76 386
76 71 386
71 74 464
74 71 464
72 74 181
74 72 181
