68

0 1 360
1 0 360
0 2 541
2 0 541
0 3 486
3 0 486
0 4 172
4 0 172
0 60 922
60 0 922
0 47 820
47 0 820
0 10 987
10 0 987
0 38 335
38 0 335
0 15 293
15 0 293
0 38 474
38 0 474
0 17 391
17 0 391
0 47 372
47 0 372
0 30 941
30 0 941
0 34 156
34 0 156
0 5 502
5 0 502
0 63 392
63 0 392
0 1 18
1 0 18
0 20 197
20 0 197
1 7 873
7 1 873
1 53 386
53 1 386
1 15 966
15 1 966
1 8 63
8 1 63
1 28 459
28 1 459
1 44 338
44 1 338
1 48 815
48 1 815
1 63 755
63 1 755
1 61 93
61 1 93
2 5 751
5 2 751
2 9 972
9 2 972
2 12 460
12 2 460
2 19 630
19 2 630
2 39 457
39 2 457
2 5 786
5 2 786
2 58 954
58 2 954
2 56 853
56 2 853
2 59 934
59 2 934
3 21 862
21 3 862
3 49 289
49 3 289
3 28 681
28 3 681
3 58 279
58 3 279
4 6 984
6 4 984
4 10 616
10 4 616
4 11 170
11 4 170
4 14 109
14 4 109
4 31 871
31 4 871
4 33 425
33 4 425
4 48 216
48 4 216
4 35 962
35 4 962
4 28 457
28 4 457
4 54 207
54 4 207
4 62 176
62 4 176
4 34 179
34 4 179
4 21 576
21 4 576
5 8 245
8 5 245
5 25 608
25 5 608
5 46 534
46 5 534
5 66 32
66 5 32
5 40 513
40 5 513
5 7 921
7 5 921
5 22 439
22 5 439
6 22 66
22 6 66
6 28 690
28 6 690
6 67 617
67 6 617
6 28 701
28 6 701
6 16 221
16 6 221
6 13 623
13 6 623
7 32 406
32 7 406
7 38 364
38 7 364
7 31 322
31 7 322
7 57 735
57 7 735
7 24 413
24 7 413
7 19 579
19 7 579
7 24 649
24 7 649
8 15 740
15 8 740
8 27 849
27 8 849
8 28 551
28 8 551
8 45 373
45 8 373
8 62 145
62 8 145
8 18 894
18 8 894
8 15 764
15 8 764
8 59 782
59 8 782
8 41 330
41 8 330
8 26 487
26 8 487
9 13 490
13 9 490
9 13 523
13 9 523
9 62 29
62 9 29
9 42 972
42 9 972
9 36 650
36 9 650
9 51 63
51 9 63
9 55 683
55 9 683
10 54 119
54 10 119
10 42 998
42 10 998
11 24 473
24 11 473
11 35 946
35 11 946
11 46 377
46 11 377
11 59 891
59 11 891
11 26 115
26 11 115
11 43 976
43 11 976
11 31 783
31 11 783
12 17 372
17 12 372
12 18 134
18 12 134
12 29 709
29 12 709
12 45 865
45 12 865
12 61 572
61 12 572
12 26 297
26 12 297
12 56 607
56 12 607
12 43 228
43 12 228
12 55 579
55 12 579
13 16 505
16 13 505
13 27 602
27 13 602
13 13 760
13 13 760
13 20 705
20 13 705
13 50 828
50 13 828
13 22 928
22 13 928
14 34 24
34 14 24
14 20 754
20 14 754
14 63 655
63 14 655
14 24 660
24 14 660
14 26 749
26 14 749
15 57 705
57 15 705
15 64 155
64 15 155
15 17 591
17 15 591
15 63 117
63 15 117
15 43 589
43 15 589
15 35 838
35 15 838
15 59 800
59 15 800
16 34 679
34 16 679
16 40 709
40 16 709
16 51 136
51 16 136
16 58 838
58 16 838
16 30 121
30 16 121
16 55 207
55 16 207
16 64 811
64 16 811
16 28 466
28 16 466
17 47 774
47 17 774
17 44 671
44 17 671
17 66 710
66 17 710
17 27 940
27 17 940
17 30 65
30 17 65
17 43 315
43 17 315
18 30 829
30 18 829
18 36 822
36 18 822
18 28 310
28 18 310
18 19 833
19 18 833
19 20 558
20 19 558
19 23 708
23 19 708
19 42 993
42 19 993
19 47 579
47 19 579
19 41 237
41 19 237
19 31 549
31 19 549
20 30 201
30 20 201
20 53 990
53 20 990
20 57 711
57 20 711
20 41 575
41 20 575
20 48 269
48 20 269
20 38 383
38 20 383
20 38 183
38 20 183
20 28 803
28 20 803
20 59 212
59 20 212
20 63 202
63 20 202
20 49 75
49 20 75
21 65 354
65 21 354
21 48 743
48 21 743
21 49 306
49 21 306
21 52 125
52 21 125
21 46 876
46 21 876
22 54 975
54 22 975
22 38 303
38 22 303
22 29 690
29 22 690
22 31 311
31 22 311
22 26 531
26 22 531
22 25 218
25 22 218
22 50 421
50 22 421
23 42 704
42 23 704
23 47 495
47 23 495
23 37 830
37 23 830
23 29 336
29 23 336
23 48 949
48 23 949
23 49 356
49 23 356
23 64 732
64 23 732
24 26 695
26 24 695
24 28 466
28 24 466
24 67 562
67 24 562
25 41 365
41 25 365
25 44 132
44 25 132
25 36 726
36 25 726
26 56 30
56 26 30
26 43 571
43 26 571
26 26 587
26 26 587
27 44 141
44 27 141
27 57 590
57 27 590
27 46 291
46 27 291
27 55 293
55 27 293
27 61 514
61 27 514
27 53 300
53 27 300
27 37 965
37 27 965
27 63 820
63 27 820
27 49 762
49 27 762
27 56 292
56 27 292
28 43 529
43 28 529
28 50 493
50 28 493
28 65 366
65 28 366
28 63 21
63 28 21
28 30 706
30 28 706
29 59 724
59 29 724
29 39 942
39 29 942
29 42 533
42 29 533
29 46 53
46 29 53
29 48 102
48 29 102
29 53 828
53 29 828
30 57 229
57 30 229
30 40 512
40 30 512
30 58 70
58 30 70
30 40 715
40 30 715
30 61 506
61 30 506
31 64 99
64 31 99
31 67 322
67 31 322
31 60 788
60 31 788
31 56 739
56 31 739
31 46 506
46 31 506
31 37 226
37 31 226
31 34 840
34 31 840
31 49 949
49 31 949
31 50 365
50 31 365
32 36 7
36 32 7
32 59 833
59 32 833
32 66 620
66 32 620
32 46 187
46 32 187
32 65 52
65 32 52
33 37 317
37 33 317
33 65 828
65 33 828
33 45 739
45 33 739
33 50 540
50 33 540
34 46 726
46 34 726
34 61 472
61 34 472
34 65 34
65 34 34
34 66 785
66 34 785
34 52 834
52 34 834
35 49 549
49 35 549
35 49 313
49 35 313
35 55 780
55 35 780
36 43 176
43 36 176
36 44 618
44 36 618
36 66 401
66 36 401
36 53 368
53 36 368
36 57 790
57 36 790
36 66 932
66 36 932
37 63 297
63 37 297
37 65 547
65 37 547
37 63 765
63 37 765
38 65 238
65 38 238
38 52 963
52 38 963
38 61 954
61 38 954
38 63 991
63 38 991
39 57 548
57 39 548
39 54 784
54 39 784
39 65 417
65 39 417
39 67 978
67 39 978
40 59 449
59 40 449
40 46 649
46 40 649
41 55 293
55 41 293
41 55 900
55 41 900
41 60 33
60 41 33
41 67 930
67 41 930
41 49 572
49 41 572
41 42 171
42 41 171
42 52 691
52 42 691
42 64 279
64 42 279
42 44 933
44 42 933
42 51 461
51 42 461
42 45 903
45 42 903
43 66 392
66 43 392
43 60 211
60 43 211
44 66 290
66 44 290
44 48 839
48 44 839
45 50 315
50 45 315
45 61 950
61 45 950
45 57 248
57 45 248
46 58 113
58 46 113
46 52 866
52 46 866
48 48 575
48 48 575
49 65 684
65 49 684
49 54 237
54 49 237
49 66 430
66 49 430
49 66 667
66 49 667
50 52 630
52 50 630
50 56 612
56 50 612
52 57 165
57 52 165
53 54 997
54 53 997
53 61 798
61 53 798
53 55 64
55 53 64
53 55 284
55 53 284
54 54 939
54 54 939
54 58 228
58 54 228
57 64 773
64 57 773
58 59 296
59 58 296
59 60 185
60 59 185
61 65 597
65 61 597
