14

0 1 119
1 0 119
0 5 302
5 0 302
0 8 849
8 0 849
1 2 625
2 1 625
1 4 319
4 1 319
1 6 656
6 1 656
1 11 42
11 1 42
2 3 326
3 2 326
2 7 430
7 2 430
6 13 317
13 6 317
7 9 441
9 7 441
8 10 468
10 8 468
9 12 446
12 9 446
