88

0 1 118
1 0 118
0 6 316
6 0 316
0 11 179
11 0 179
0 20 54
20 0 54
0 32 619
32 0 619
0 39 290
39 0 290
0 44 676
44 0 676
0 26 420
26 0 420
0 2 598
2 0 598
0 38 145
38 0 145
0 11 822
11 0 822
0 77 545
77 0 545
0 57 438
57 0 438
0 67 622
67 0 622
1 2 794
2 1 794
1 3 110
3 1 110
1 5 29
5 1 29
1 28 692
28 1 692
1 21 374
21 1 374
1 8 406
8 1 406
1 31 956
31 1 956
1 63 211
63 1 211
1 43 82
43 1 82
1 49 267
49 1 267
1 59 184
59 1 184
2 8 850
8 2 850
2 30 22
30 2 22
2 34 995
34 2 995
2 44 865
44 2 865
2 55 302
55 2 302
2 16 132
16 2 132
2 72 938
72 2 938
2 64 505
64 2 505
3 4 555
4 3 555
3 9 397
9 3 397
3 40 219
40 3 219
3 45 542
45 3 542
3 64 708
64 3 708
3 67 624
67 3 624
3 86 317
86 3 317
3 69 784
69 3 784
3 13 12
13 3 12
3 58 346
58 3 346
3 77 97
77 3 97
3 56 977
56 3 977
3 79 615
79 3 615
3 44 582
44 3 582
3 40 720
40 3 720
3 36 577
36 3 577
3 75 108
75 3 108
4 10 645
10 4 645
4 13 458
13 4 458
4 15 352
15 4 352
4 42 488
42 4 488
4 53 528
53 4 528
4 71 823
71 4 823
4 87 411
87 4 411
4 61 927
61 4 927
4 13 868
13 4 868
4 65 683
65 4 683
4 75 304
75 4 304
4 18 409
18 4 409
4 72 172
72 4 172
4 46 524
46 4 524
4 16 705
16 4 705
4 8 54
8 4 54
5 7 393
7 5 393
5 14 733
14 5 733
5 27 636
27 5 636
5 38 688
38 5 688
5 54 101
54 5 101
5 14 860
14 5 860
5 27 285
27 5 285
5 20 8
20 5 8
5 25 423
25 5 423
5 67 351
67 5 351
6 21 748
21 6 748
6 67 242
67 6 242
6 57 704
57 6 704
6 57 233
57 6 233
6 85 785
85 6 785
6 67 778
67 6 778
6 25 91
25 6 91
6 8 695
8 6 695
7 16 294
16 7 294
7 33 935
33 7 935
7 74 371
74 7 371
7 61 687
61 7 687
7 16 94
16 7 94
7 42 307
42 7 307
8 17 899
17 8 899
8 46 604
46 8 604
8 49 322
49 8 322
8 46 617
46 8 617
8 30 374
30 8 374
8 86 675
86 8 675
8 14 61
14 8 61
8 63 1
63 8 1
8 69 967
69 8 967
8 48 485
48 8 485
8 33 326
33 8 326
8 11 632
11 8 632
8 22 904
22 8 904
8 86 348
86 8 348
9 12 414
12 9 414
9 19 466
19 9 466
9 41 51
41 9 51
9 52 458
52 9 458
9 71 346
71 9 346
10 29 594
29 10 594
10 37 972
37 10 972
10 45 108
45 10 108
10 67 104
67 10 104
10 46 730
46 10 730
10 70 672
70 10 672
10 50 924
50 10 924
10 44 788
44 10 788
10 35 244
35 10 244
10 33 813
33 10 813
11 49 299
49 11 299
11 71 540
71 11 540
11 11 191
11 11 191
11 37 351
37 11 351
11 66 382
66 11 382
11 75 902
75 11 902
11 34 550
34 11 550
11 58 658
58 11 658
11 23 663
23 11 663
12 23 834
23 12 834
12 24 951
24 12 951
12 35 965
35 12 965
12 21 255
21 12 255
12 78 669
78 12 669
12 36 406
36 12 406
12 43 777
43 12 777
12 57 448
57 12 448
13 24 758
24 13 758
13 14 434
14 13 434
13 72 769
72 13 769
13 56 96
56 13 96
13 74 966
74 13 966
13 66 741
66 13 741
13 17 221
17 13 221
13 57 240
57 13 240
13 85 848
85 13 848
13 48 518
48 13 518
13 83 491
83 13 491
13 34 631
34 13 631
14 35 765
35 14 765
14 33 244
33 14 244
14 43 295
43 14 295
14 73 483
73 14 483
14 54 539
54 14 539
14 53 373
53 14 373
14 17 697
17 14 697
15 56 551
56 15 551
15 63 943
63 15 943
15 51 872
51 15 872
15 45 156
45 15 156
15 39 534
39 15 534
15 72 674
72 15 674
16 18 843
18 16 843
16 22 362
22 16 362
16 26 30
26 16 30
16 78 100
78 16 100
16 81 668
81 16 668
16 84 99
84 16 99
16 17 550
17 16 550
16 33 697
33 16 697
16 70 600
70 16 600
16 48 445
48 16 445
16 36 890
36 16 890
16 25 506
25 16 506
17 28 87
28 17 87
17 79 615
79 17 615
17 22 20
22 17 20
17 62 215
62 17 215
17 19 34
19 17 34
17 44 503
44 17 503
17 58 145
58 17 145
17 45 720
45 17 720
17 54 233
54 17 233
17 25 929
25 17 929
17 53 672
53 17 672
18 82 456
82 18 456
18 86 362
86 18 362
18 83 815
83 18 815
18 73 776
73 18 776
18 47 668
47 18 668
19 60 121
60 19 121
19 25 698
25 19 698
19 29 463
29 19 463
19 61 748
61 19 748
19 46 565
46 19 565
19 82 567
82 19 567
19 79 752
79 19 752
19 78 842
78 19 842
19 48 368
48 19 368
20 51 632
51 20 632
20 61 935
61 20 935
20 43 770
43 20 770
20 31 850
31 20 850
20 47 289
47 20 289
20 33 898
33 20 898
20 26 283
26 20 283
20 48 478
48 20 478
20 61 208
61 20 208
20 22 44
22 20 44
20 65 949
65 20 949
21 54 379
54 21 379
21 58 77
58 21 77
21 64 730
64 21 730
21 30 198
30 21 198
21 81 558
81 21 558
21 29 194
29 21 194
21 85 786
85 21 786
21 70 453
70 21 453
21 41 412
41 21 412
21 28 820
28 21 820
21 47 431
47 21 431
21 68 175
68 21 175
22 25 787
25 22 787
22 34 813
34 22 813
22 52 598
52 22 598
22 80 997
80 22 997
23 34 947
34 23 947
23 46 173
46 23 173
23 81 335
81 23 335
23 60 304
60 23 304
23 51 576
51 23 576
23 69 292
69 23 292
23 33 494
33 23 494
24 47 169
47 24 169
24 85 185
85 24 185
24 38 101
38 24 101
24 61 54
61 24 54
24 82 403
82 24 403
24 32 26
32 24 26
24 50 859
50 24 859
24 75 543
75 24 543
24 45 770
45 24 770
25 52 22
52 25 22
25 65 908
65 25 908
25 79 970
79 25 970
25 39 936
39 25 936
25 33 659
33 25 659
25 28 847
28 25 847
25 75 467
75 25 467
26 63 98
63 26 98
26 61 789
61 26 789
26 81 766
81 26 766
26 53 366
53 26 366
26 72 516
72 26 516
26 45 771
45 26 771
26 74 353
74 26 353
27 31 461
31 27 461
27 36 790
36 27 790
27 47 723
47 27 723
27 57 453
57 27 453
27 63 912
63 27 912
27 68 710
68 27 710
27 41 956
41 27 956
27 67 241
67 27 241
27 44 837
44 27 837
27 77 747
77 27 747
27 84 627
84 27 627
27 42 916
42 27 916
27 36 783
36 27 783
27 61 132
61 27 132
27 85 845
85 27 845
28 49 939
49 28 939
28 34 247
34 28 247
28 57 772
57 28 772
28 39 889
39 28 889
29 38 674
38 29 674
29 50 452
50 29 452
29 79 195
79 29 195
29 53 365
53 29 365
29 73 482
73 29 482
29 70 268
70 29 268
29 84 273
84 29 273
29 47 997
47 29 997
30 37 937
37 30 937
30 38 48
38 30 48
30 75 933
75 30 933
30 65 88
65 30 88
30 42 897
42 30 897
30 71 105
71 30 105
30 64 843
64 30 843
31 72 583
72 31 583
31 44 840
44 31 840
31 60 485
60 31 485
31 70 313
70 31 313
31 34 835
34 31 835
31 80 797
80 31 797
31 61 231
61 31 231
32 42 475
42 32 475
32 65 329
65 32 329
32 74 706
74 32 706
33 36 250
36 33 250
33 65 640
65 33 640
33 35 411
35 33 411
33 53 468
53 33 468
33 34 733
34 33 733
33 68 450
68 33 450
33 44 433
44 33 433
34 55 480
55 34 480
34 50 38
50 34 38
34 75 249
75 34 249
34 37 14
37 34 14
34 79 169
79 34 169
35 73 1000
73 35 1000
35 71 852
71 35 852
35 65 94
65 35 94
35 58 278
58 35 278
36 66 837
66 36 837
36 78 835
78 36 835
36 56 182
56 36 182
36 82 681
82 36 681
36 59 316
59 36 316
36 44 18
44 36 18
36 61 819
61 36 819
36 46 575
46 36 575
36 73 196
73 36 196
36 72 81
72 36 81
36 85 767
85 36 767
36 82 661
82 36 661
37 62 363
62 37 363
37 69 773
69 37 773
37 83 138
83 37 138
37 75 728
75 37 728
38 75 932
75 38 932
38 66 313
66 38 313
39 53 994
53 39 994
39 56 546
56 39 546
39 75 978
75 39 978
40 44 759
44 40 759
41 43 184
43 41 184
41 79 544
79 41 544
41 72 656
72 41 656
41 62 878
62 41 878
41 60 251
60 41 251
41 82 765
82 41 765
41 70 529
70 41 529
42 46 962
46 42 962
42 73 386
73 42 386
42 51 353
51 42 353
43 59 925
59 43 925
43 68 948
68 43 948
43 47 998
47 43 998
43 77 572
77 43 572
43 62 281
62 43 281
43 69 39
69 43 39
43 77 434
77 43 434
43 66 259
66 43 259
44 86 871
86 44 871
45 60 647
60 45 647
46 70 344
70 46 344
46 81 890
81 46 890
46 61 372
61 46 372
46 86 650
86 46 650
46 54 672
54 46 672
47 48 560
48 47 560
47 85 749
85 47 749
47 62 555
62 47 555
47 84 44
84 47 44
48 54 918
54 48 918
48 58 917
58 48 917
48 68 654
68 48 654
49 50 797
50 49 797
49 60 590
60 49 590
49 82 957
82 49 957
49 82 729
82 49 729
49 85 698
85 49 698
49 54 280
54 49 280
50 70 233
70 50 233
50 57 202
57 50 202
50 65 602
65 50 602
50 61 698
61 50 698
50 60 776
60 50 776
50 74 113
74 50 113
51 86 729
86 51 729
51 77 789
77 51 789
51 54 533
54 51 533
51 70 437
70 51 437
51 59 108
59 51 108
52 63 57
63 52 57
52 68 731
68 52 731
52 82 997
82 52 997
52 70 899
70 52 899
52 72 19
72 52 19
53 78 844
78 53 844
53 54 703
54 53 703
53 66 220
66 53 220
53 79 399
79 53 399
53 80 796
80 53 796
53 64 634
64 53 634
53 80 257
80 53 257
54 80 509
80 54 509
54 87 91
87 54 91
54 74 713
74 54 713
54 64 605
64 54 605
54 79 167
79 54 167
54 65 580
65 54 580
54 61 370
61 54 370
55 62 682
62 55 682
55 77 563
77 55 563
55 63 288
63 55 288
55 78 464
78 55 464
56 63 991
63 56 991
56 77 684
77 56 684
56 80 933
80 56 933
58 76 25
76 58 25
58 70 141
70 58 141
58 77 300
77 58 300
58 73 756
73 58 756
59 71 938
71 59 938
59 81 796
81 59 796
60 85 559
85 60 559
60 79 496
79 60 496
60 66 238
66 60 238
60 72 789
72 60 789
60 69 661
69 60 661
61 77 464
77 61 464
61 64 664
64 61 664
61 73 892
73 61 892
61 77 763
77 61 763
61 86 668
86 61 668
62 84 449
84 62 449
62 64 354
64 62 354
64 68 499
68 64 499
65 73 716
73 65 716
66 79 26
79 66 26
66 84 232
84 66 232
67 85 474
85 67 474
68 73 853
73 68 853
68 82 664
82 68 664
69 87 426
87 69 426
70 73 614
73 70 614
70 87 914
87 70 914
70 85 231
85 70 231
71 83 548
83 71 548
71 77 799
77 71 799
72 85 346
85 72 346
72 86 962
86 72 962
73 76 987
76 73 987
75 80 386
80 75 386
76 80 116
80 76 116
76 84 208
84 76 208
76 76 799
76 76 799
76 85 432
85 76 432
78 82 116
82 78 116
78 79 7
79 78 7
79 83 576
83 79 576
82 86 817
86 82 817
