63

0 1 133
1 0 133
0 7 68
7 0 68
0 15 758
15 0 758
0 14 175
14 0 175
0 44 324
44 0 324
0 47 439
47 0 439
0 19 138
19 0 138
0 34 688
34 0 688
1 2 684
2 1 684
1 3 962
3 1 962
1 4 485
4 1 485
1 5 656
5 1 656
1 10 323
10 1 323
1 11 881
11 1 881
1 39 435
39 1 435
1 13 688
13 1 688
1 53 604
53 1 604
1 37 638
37 1 638
1 25 536
25 1 536
1 4 352
4 1 352
1 57 194
57 1 194
1 32 115
32 1 115
1 44 41
44 1 41
1 26 302
26 1 302
2 6 976
6 2 976
2 13 775
13 2 775
2 36 262
36 2 262
2 2 456
2 2 456
2 18 246
18 2 246
2 5 202
5 2 202
2 45 242
45 2 242
2 54 857
54 2 857
2 8 235
8 2 235
2 45 885
45 2 885
3 9 294
9 3 294
3 22 922
22 3 922
3 43 887
43 3 887
3 47 870
47 3 870
3 60 127
60 3 127
3 13 231
13 3 231
3 23 942
23 3 942
3 37 644
37 3 644
3 50 652
50 3 652
3 28 562
28 3 562
4 31 529
31 4 529
4 59 969
59 4 969
4 40 982
40 4 982
4 6 716
6 4 716
4 34 190
34 4 190
4 45 276
45 4 276
4 58 732
58 4 732
4 39 923
39 4 923
4 55 395
55 4 395
4 5 235
5 4 235
4 8 531
8 4 531
4 39 970
39 4 970
4 13 638
13 4 638
4 16 665
16 4 665
5 8 460
8 5 460
5 14 36
14 5 36
5 17 64
17 5 64
5 32 144
32 5 144
5 31 777
31 5 777
5 27 733
27 5 733
5 14 150
14 5 150
5 59 1
59 5 1
5 41 534
41 5 534
5 7 410
7 5 410
6 20 430
20 6 430
6 23 51
23 6 51
6 24 19
24 6 19
6 6 589
6 6 589
6 52 278
52 6 278
6 53 510
53 6 510
6 9 703
9 6 703
6 54 250
54 6 250
6 38 805
38 6 805
6 56 301
56 6 301
6 27 864
27 6 864
6 24 523
24 6 523
7 16 754
16 7 754
7 11 470
11 7 470
7 23 923
23 7 923
7 19 199
19 7 199
7 23 85
23 7 85
7 56 956
56 7 956
7 60 568
60 7 568
7 10 71
10 7 71
7 25 684
25 7 684
7 18 794
18 7 794
7 33 422
33 7 422
8 16 556
16 8 556
8 26 562
26 8 562
8 35 31
35 8 31
8 26 537
26 8 537
8 58 390
58 8 390
8 52 789
52 8 789
8 18 499
18 8 499
8 44 376
44 8 376
8 36 841
36 8 841
8 14 319
14 8 319
9 19 193
19 9 193
9 25 320
25 9 320
9 30 174
30 9 174
9 42 981
42 9 981
9 40 960
40 9 960
9 19 628
19 9 628
9 34 83
34 9 83
9 40 450
40 9 450
9 10 876
10 9 876
9 37 252
37 9 252
10 12 64
12 10 64
10 44 441
44 10 441
10 60 185
60 10 185
10 30 168
30 10 168
10 36 785
36 10 785
10 62 553
62 10 553
10 23 204
23 10 204
11 15 371
15 11 371
11 58 82
58 11 82
11 28 365
28 11 365
11 34 200
34 11 200
11 11 760
11 11 760
12 56 894
56 12 894
12 53 248
53 12 248
12 21 437
21 12 437
12 40 148
40 12 148
13 13 159
13 13 159
13 61 122
61 13 122
13 24 866
24 13 866
13 56 17
56 13 17
13 50 129
50 13 129
13 14 276
14 13 276
13 36 636
36 13 636
13 18 810
18 13 810
14 18 605
18 14 605
14 49 269
49 14 269
14 27 933
27 14 933
14 38 90
38 14 90
14 56 891
56 14 891
14 62 780
62 14 780
14 27 113
27 14 113
15 32 92
32 15 92
15 48 676
48 15 676
15 58 838
58 15 838
15 45 264
45 15 264
15 45 185
45 15 185
15 41 535
41 15 535
15 25 311
25 15 311
15 36 37
36 15 37
15 17 281
17 15 281
15 41 799
41 15 799
16 21 784
21 16 784
16 28 856
28 16 856
16 59 360
59 16 360
16 21 671
21 16 671
16 22 98
22 16 98
17 38 613
38 17 613
17 52 60
52 17 60
17 20 566
20 17 566
17 55 933
55 17 933
17 19 540
19 17 540
18 29 829
29 18 829
18 30 459
30 18 459
18 44 726
44 18 726
18 26 508
26 18 508
18 62 285
62 18 285
18 47 314
47 18 314
18 26 155
26 18 155
18 22 270
22 18 270
19 40 543
40 19 543
19 45 289
45 19 289
20 34 994
34 20 994
20 59 446
59 20 446
20 47 357
47 20 357
20 50 446
50 20 446
20 35 107
35 20 107
20 54 459
54 20 459
20 32 876
32 20 876
20 58 985
58 20 985
21 51 252
51 21 252
21 61 611
61 21 611
21 48 594
48 21 594
21 38 997
38 21 997
21 62 931
62 21 931
22 38 506
38 22 506
22 50 444
50 22 444
22 48 792
48 22 792
22 36 905
36 22 905
22 29 948
29 22 948
23 28 713
28 23 713
23 46 767
46 23 767
23 46 792
46 23 792
23 56 230
56 23 230
23 37 155
37 23 155
23 26 682
26 23 682
24 27 738
27 24 738
24 57 97
57 24 97
25 55 240
55 25 240
25 42 520
42 25 520
25 50 737
50 25 737
25 48 84
48 25 84
25 49 732
49 25 732
25 53 296
53 25 296
25 35 367
35 25 367
26 46 482
46 26 482
26 46 697
46 26 697
26 57 22
57 26 22
26 50 919
50 26 919
26 46 805
46 26 805
26 29 489
29 26 489
26 41 42
41 26 42
27 48 32
48 27 32
27 54 924
54 27 924
28 45 667
45 28 667
28 40 139
40 28 139
28 53 416
53 28 416
28 36 338
36 28 338
28 59 770
59 28 770
28 59 988
59 28 988
29 33 866
33 29 866
29 43 521
43 29 521
29 48 798
48 29 798
30 42 722
42 30 722
30 33 288
33 30 288
30 32 434
32 30 434
30 53 882
53 30 882
30 34 370
34 30 370
31 38 272
38 31 272
31 39 231
39 31 231
31 47 73
47 31 73
31 36 169
36 31 169
32 55 987
55 32 987
32 50 91
50 32 91
33 44 837
44 33 837
34 37 76
37 34 76
34 53 326
53 34 326
34 52 399
52 34 399
34 36 948
36 34 948
35 61 533
61 35 533
35 44 570
44 35 570
36 41 401
41 36 401
36 54 839
54 36 839
36 37 690
37 36 690
36 40 541
40 36 541
36 62 12
62 36 12
36 60 855
60 36 855
36 53 797
53 36 797
36 38 53
38 36 53
36 51 27
51 36 27
36 39 530
39 36 530
37 49 900
49 37 900
37 38 541
38 37 541
38 50 287
50 38 287
38 50 597
50 38 597
38 42 548
42 38 548
38 54 617
54 38 617
38 54 332
54 38 332
38 47 326
47 38 326
39 53 874
53 39 874
39 42 520
42 39 520
39 51 233
51 39 233
40 42 907
42 40 907
40 50 366
50 40 366
40 46 225
46 40 225
40 44 274
44 40 274
41 53 104
53 41 104
41 44 434
44 41 434
41 53 219
53 41 219
41 55 664
55 41 664
41 53 861
53 41 861
42 56 676
56 42 676
43 44 897
44 43 897
43 53 524
53 43 524
43 48 788
48 43 788
43 44 814
44 43 814
44 50 469
50 44 469
44 50 563
50 44 563
45 54 90
54 45 90
45 59 902
59 45 902
46 61 88
61 46 88
46 53 571
53 46 571
46 56 889
56 46 889
46 62 334
62 46 334
46 47 5
47 46 5
46 53 530
53 46 530
47 57 948
57 47 948
47 59 984
59 47 984
48 58 63
58 48 63
48 55 687
55 48 687
48 57 114
57 48 114
49 55 454
55 49 454
49 60 882
60 49 882
49 59 28
59 49 28
49 59 218
59 49 218
50 57 911
57 50 911
50 59 702
59 50 702
50 51 612
51 50 612
50 58 690
58 50 690
51 52 668
52 51 668
52 59 189
59 52 189
53 57 508
57 53 508
55 62 487
62 55 487
58 62 27
62 58 27
58 62 634
62 58 634
