81

0 1 9
1 0 9
0 34 286
34 0 286
0 52 286
52 0 286
0 11 626
11 0 626
0 34 174
34 0 174
0 39 569
39 0 569
0 80 717
80 0 717
0 28 606
28 0 606
0 65 525
65 0 525
0 16 60
16 0 60
0 15 828
15 0 828
0 45 124
45 0 124
1 2 528
2 1 528
1 3 334
3 1 334
1 11 839
11 1 839
1 31 746
31 1 746
1 61 938
61 1 938
1 9 959
9 1 959
1 37 957
37 1 957
1 40 452
40 1 452
1 6 826
6 1 826
2 4 286
4 2 286
2 17 64
17 2 64
2 44 872
44 2 872
2 66 93
66 2 93
2 68 702
68 2 702
2 17 142
17 2 142
2 27 45
27 2 45
2 19 191
19 2 191
2 78 745
78 2 745
3 5 55
5 3 55
3 6 665
6 3 665
3 7 804
7 3 804
3 36 819
36 3 819
3 70 971
70 3 971
3 61 519
61 3 519
3 66 67
66 3 67
3 80 87
80 3 87
3 33 684
33 3 684
3 29 485
29 3 485
3 77 172
77 3 172
3 72 688
72 3 688
4 10 858
10 4 858
4 25 301
25 4 301
4 78 458
78 4 458
4 79 111
79 4 111
4 29 533
29 4 533
4 30 194
30 4 194
4 26 376
26 4 376
4 14 1
14 4 1
4 7 169
7 4 169
4 78 981
78 4 981
4 32 618
32 4 618
4 73 741
73 4 741
4 9 24
9 4 24
5 22 197
22 5 197
5 31 429
31 5 429
5 32 805
32 5 805
5 45 983
45 5 983
5 30 125
30 5 125
5 9 966
9 5 966
5 44 618
44 5 618
5 63 468
63 5 468
5 61 965
61 5 965
5 32 45
32 5 45
5 32 295
32 5 295
6 12 944
12 6 944
6 47 376
47 6 376
6 59 461
59 6 461
6 75 2
75 6 2
6 12 295
12 6 295
6 61 963
61 6 963
6 75 104
75 6 104
6 43 767
43 6 767
6 41 910
41 6 910
6 55 867
55 6 867
6 8 814
8 6 814
6 70 679
70 6 679
7 8 104
8 7 104
7 9 909
9 7 909
7 41 445
41 7 445
7 17 930
17 7 930
7 41 747
41 7 747
7 49 22
49 7 22
7 23 923
23 7 923
7 39 233
39 7 233
7 9 818
9 7 818
8 20 437
20 8 437
8 23 339
23 8 339
8 19 321
19 8 321
8 59 489
59 8 489
8 26 460
26 8 460
8 39 508
39 8 508
8 41 238
41 8 238
8 66 505
66 8 505
8 31 872
31 8 872
9 13 308
13 9 308
9 26 756
26 9 756
9 46 461
46 9 461
9 37 376
37 9 376
9 52 534
52 9 534
9 72 766
72 9 766
9 55 695
55 9 695
9 71 599
71 9 599
9 33 398
33 9 398
9 64 104
64 9 104
9 36 667
36 9 667
9 31 762
31 9 762
9 42 748
42 9 748
10 28 118
28 10 118
10 51 491
51 10 491
10 18 434
18 10 434
10 61 275
61 10 275
10 11 939
11 10 939
10 24 254
24 10 254
10 67 136
67 10 136
10 78 831
78 10 831
10 35 645
35 10 645
11 14 637
14 11 637
11 16 4
16 11 4
11 39 649
39 11 649
11 57 943
57 11 943
11 58 431
58 11 431
11 75 449
75 11 449
11 41 26
41 11 26
11 26 601
26 11 601
12 24 92
24 12 92
12 42 248
42 12 248
12 54 291
54 12 291
12 61 502
61 12 502
12 36 511
36 12 511
12 18 1
18 12 1
12 35 854
35 12 854
12 53 685
53 12 685
12 61 843
61 12 843
12 80 932
80 12 932
12 63 686
63 12 686
12 16 217
16 12 217
13 15 881
15 13 881
13 69 800
69 13 800
13 25 846
25 13 846
13 34 607
34 13 607
13 24 250
24 13 250
13 52 715
52 13 715
13 58 904
58 13 904
13 23 27
23 13 27
13 70 755
70 13 755
13 55 905
55 13 905
13 35 564
35 13 564
14 63 558
63 14 558
14 43 730
43 14 730
14 68 463
68 14 463
14 54 498
54 14 498
14 35 383
35 14 383
14 23 789
23 14 789
14 35 252
35 14 252
14 44 633
44 14 633
14 69 766
69 14 766
14 29 178
29 14 178
14 46 133
46 14 133
15 61 827
61 15 827
15 61 680
61 15 680
15 46 813
46 15 813
15 75 242
75 15 242
15 18 174
18 15 174
15 16 721
16 15 721
16 41 115
41 16 115
16 32 855
32 16 855
16 19 885
19 16 885
16 42 488
42 16 488
16 44 759
44 16 759
16 64 615
64 16 615
16 26 688
26 16 688
17 18 171
18 17 171
17 29 419
29 17 419
17 37 727
37 17 727
17 41 891
41 17 891
17 56 557
56 17 557
17 57 418
57 17 418
17 77 990
77 17 990
18 19 623
19 18 623
18 22 394
22 18 394
18 77 302
77 18 302
18 59 82
59 18 82
18 34 825
34 18 825
18 50 339
50 18 339
18 63 864
63 18 864
18 35 26
35 18 26
18 61 759
61 18 759
18 51 588
51 18 588
18 21 189
21 18 189
18 27 234
27 18 234
18 45 920
45 18 920
18 34 547
34 18 547
18 29 282
29 18 282
19 33 948
33 19 948
19 56 417
56 19 417
19 23 991
23 19 991
19 25 711
25 19 711
19 55 527
55 19 527
19 43 761
43 19 761
19 35 219
35 19 219
19 58 632
58 19 632
19 58 504
58 19 504
19 39 240
39 19 240
20 21 209
21 20 209
20 77 497
77 20 497
20 52 651
52 20 651
20 31 705
31 20 705
20 65 506
65 20 506
20 28 920
28 20 920
20 71 6
71 20 6
20 76 736
76 20 736
20 55 317
55 20 317
20 45 432
45 20 432
20 74 199
74 20 199
20 44 354
44 20 354
21 77 769
77 21 769
21 63 844
63 21 844
21 70 165
70 21 165
21 74 380
74 21 380
21 76 769
76 21 769
21 66 740
66 21 740
21 71 611
71 21 611
21 72 815
72 21 815
21 25 33
25 21 33
21 25 808
25 21 808
22 38 860
38 22 860
22 32 740
32 22 740
22 38 353
38 22 353
22 45 866
45 22 866
22 28 584
28 22 584
22 27 617
27 22 617
22 44 783
44 22 783
22 73 752
73 22 752
22 69 609
69 22 609
23 40 59
40 23 59
23 65 371
65 23 371
23 65 575
65 23 575
23 74 30
74 23 30
23 72 482
72 23 482
23 47 253
47 23 253
23 47 510
47 23 510
23 58 150
58 23 150
23 50 431
50 23 431
24 27 81
27 24 81
24 65 635
65 24 635
24 80 817
80 24 817
24 34 234
34 24 234
24 38 727
38 24 727
24 34 615
34 24 615
24 69 952
69 24 952
24 28 411
28 24 411
24 68 519
68 24 519
24 70 681
70 24 681
24 71 33
71 24 33
25 32 120
32 25 120
25 68 231
68 25 231
25 27 816
27 25 816
25 76 207
76 25 207
25 42 526
42 25 526
25 63 482
63 25 482
25 64 850
64 25 850
25 76 817
76 25 817
25 60 230
60 25 230
25 44 155
44 25 155
25 63 387
63 25 387
25 64 920
64 25 920
25 44 64
44 25 64
25 29 642
29 25 642
26 35 193
35 26 193
26 74 210
74 26 210
26 63 503
63 26 503
26 78 777
78 26 777
26 38 36
38 26 36
26 39 337
39 26 337
26 38 286
38 26 286
26 80 797
80 26 797
26 49 156
49 26 156
27 30 18
30 27 18
27 53 697
53 27 697
27 74 927
74 27 927
27 40 308
40 27 308
27 28 11
28 27 11
27 30 313
30 27 313
27 77 709
77 27 709
27 58 933
58 27 933
27 28 138
28 27 138
27 72 509
72 27 509
27 51 112
51 27 112
28 59 526
59 28 526
28 50 412
50 28 412
28 36 475
36 28 475
28 33 412
33 28 412
28 34 100
34 28 100
28 58 265
58 28 265
28 71 55
71 28 55
28 30 224
30 28 224
28 43 755
43 28 755
28 69 275
69 28 275
29 52 28
52 29 28
29 62 120
62 29 120
29 70 150
70 29 150
29 32 142
32 29 142
29 60 23
60 29 23
29 75 387
75 29 387
29 40 505
40 29 505
29 31 718
31 29 718
29 42 693
42 29 693
29 53 230
53 29 230
30 60 932
60 30 932
30 49 296
49 30 296
30 45 744
45 30 744
30 78 607
78 30 607
30 42 313
42 30 313
30 51 863
51 30 863
30 64 421
64 30 421
30 68 617
68 30 617
30 50 308
50 30 308
30 66 162
66 30 162
31 45 791
45 31 791
31 43 434
43 31 434
31 74 788
74 31 788
31 32 940
32 31 940
31 54 949
54 31 949
31 36 373
36 31 373
31 52 390
52 31 390
31 42 798
42 31 798
31 34 202
34 31 202
31 32 825
32 31 825
31 53 583
53 31 583
32 43 703
43 32 703
32 48 9
48 32 9
32 55 232
55 32 232
32 79 257
79 32 257
32 52 483
52 32 483
32 75 59
75 32 59
32 50 120
50 32 120
32 68 174
68 32 174
33 42 461
42 33 461
33 63 526
63 33 526
33 61 864
61 33 864
34 74 382
74 34 382
34 52 30
52 34 30
34 42 50
42 34 50
34 63 545
63 34 545
34 51 132
51 34 132
34 80 458
80 34 458
34 35 240
35 34 240
34 77 42
77 34 42
35 80 303
80 35 303
35 63 724
63 35 724
35 68 680
68 35 680
35 77 246
77 35 246
35 65 35
65 35 35
35 68 212
68 35 212
35 52 643
52 35 643
35 65 950
65 35 950
35 39 661
39 35 661
35 45 477
45 35 477
36 50 883
50 36 883
36 58 160
58 36 160
36 60 116
60 36 116
36 73 304
73 36 304
36 69 723
69 36 723
36 52 871
52 36 871
36 53 186
53 36 186
37 68 821
68 37 821
37 80 618
80 37 618
37 46 456
46 37 456
37 72 222
72 37 222
37 53 579
53 37 579
37 51 688
51 37 688
37 50 620
50 37 620
37 73 988
73 37 988
37 46 621
46 37 621
37 48 868
48 37 868
37 52 641
52 37 641
37 67 589
67 37 589
38 38 737
38 38 737
38 80 996
80 38 996
38 62 319
62 38 319
38 74 393
74 38 393
39 77 986
77 39 986
39 62 543
62 39 543
39 42 566
42 39 566
39 50 430
50 39 430
39 42 794
42 39 794
39 73 137
73 39 137
39 40 342
40 39 342
40 40 668
40 40 668
41 77 270
77 41 270
41 71 311
71 41 311
41 58 164
58 41 164
41 55 110
55 41 110
41 51 939
51 41 939
41 45 669
45 41 669
41 63 185
63 41 185
41 44 523
44 41 523
42 78 535
78 42 535
42 55 982
55 42 982
42 55 102
55 42 102
42 64 758
64 42 758
42 50 118
50 42 118
43 67 47
67 43 47
43 51 501
51 43 501
43 70 323
70 43 323
43 50 384
50 43 384
43 55 212
55 43 212
43 61 17
61 43 17
43 60 856
60 43 856
43 49 466
49 43 466
44 50 26
50 44 26
44 71 701
71 44 701
44 56 139
56 44 139
44 78 984
78 44 984
44 72 229
72 44 229
44 56 176
56 44 176
45 46 317
46 45 317
45 49 897
49 45 897
45 60 932
60 45 932
45 74 747
74 45 747
45 45 641
45 45 641
45 74 484
74 45 484
45 74 515
74 45 515
45 79 66
79 45 66
46 61 302
61 46 302
46 48 950
48 46 950
46 65 399
65 46 399
46 74 86
74 46 86
47 71 866
71 47 866
47 78 506
78 47 506
47 47 991
47 47 991
47 61 74
61 47 74
48 64 90
64 48 90
48 63 416
63 48 416
48 58 278
58 48 278
48 56 424
56 48 424
48 49 342
49 48 342
49 73 431
73 49 431
49 58 409
58 49 409
49 70 580
70 49 580
49 67 739
67 49 739
49 68 802
68 49 802
49 60 932
60 49 932
49 50 250
50 49 250
49 77 481
77 49 481
49 54 176
54 49 176
50 60 12
60 50 12
50 63 892
63 50 892
50 54 359
54 50 359
51 80 528
80 51 528
51 79 271
79 51 271
51 56 743
56 51 743
51 74 614
74 51 614
52 80 101
80 52 101
52 72 34
72 52 34
52 76 145
76 52 145
52 71 363
71 52 363
52 70 656
70 52 656
53 61 288
61 53 288
53 77 26
77 53 26
53 63 826
63 53 826
53 79 372
79 53 372
53 62 850
62 53 850
54 79 980
79 54 980
54 75 597
75 54 597
54 62 166
62 54 166
54 58 846
58 54 846
54 62 327
62 54 327
55 72 10
72 55 10
56 61 220
61 56 220
56 79 211
79 56 211
56 61 572
61 56 572
56 72 770
72 56 770
57 73 182
73 57 182
57 78 247
78 57 247
57 70 681
70 57 681
57 58 878
58 57 878
58 64 405
64 58 405
58 73 224
73 58 224
58 66 252
66 58 252
58 79 658
79 58 658
58 62 634
62 58 634
58 65 517
65 58 517
59 62 572
62 59 572
60 61 88
61 60 88
60 62 901
62 60 901
60 75 872
75 60 872
60 78 800
78 60 800
60 78 130
78 60 130
60 67 253
67 60 253
61 69 632
69 61 632
61 79 205
79 61 205
62 74 433
74 62 433
63 78 619
78 63 619
64 80 959
80 64 959
65 74 544
74 65 544
65 75 141
75 65 141
65 77 157
77 65 157
65 72 720
72 65 720
66 78 554
78 66 554
66 68 352
68 66 352
67 75 95
75 67 95
67 74 888
74 67 888
69 79 830
79 69 830
70 73 689
73 70 689
70 70 632
70 70 632
73 76 337
76 73 337
73 74 494
74 73 494
75 78 461
78 75 461
76 77 109
77 76 109
77 79 96
79 77 96
78 80 884
80 78 884
