58

0 1 452
1 0 452
0 4 862
4 0 862
0 19 91
19 0 91
0 33 48
33 0 48
0 31 832
31 0 832
0 48 432
48 0 432
0 38 648
38 0 648
0 56 421
56 0 421
1 2 777
2 1 777
1 27 951
27 1 951
1 51 916
51 1 916
1 43 357
43 1 357
1 57 590
57 1 590
2 3 586
3 2 586
2 20 963
20 2 963
2 27 299
27 2 299
2 37 746
37 2 746
2 4 668
4 2 668
2 30 60
30 2 60
2 53 661
53 2 661
2 14 682
14 2 682
3 52 197
52 3 197
3 23 276
23 3 276
3 3 13
3 3 13
3 44 129
44 3 129
4 5 702
5 4 702
4 6 13
6 4 13
4 16 714
16 4 714
4 47 733
47 4 733
4 56 517
56 4 517
4 14 685
14 4 685
5 7 383
7 5 383
5 18 185
18 5 185
5 30 556
30 5 556
5 16 180
16 5 180
5 51 705
51 5 705
5 16 638
16 5 638
5 10 156
10 5 156
5 38 191
38 5 191
6 12 30
12 6 30
6 35 467
35 6 467
6 45 695
45 6 695
6 46 603
46 6 603
6 16 959
16 6 959
6 9 786
9 6 786
6 13 111
13 6 111
6 49 233
49 6 233
6 42 282
42 6 282
6 26 987
26 6 987
6 54 266
54 6 266
6 6 773
6 6 773
6 47 993
47 6 993
7 8 762
8 7 762
7 22 817
22 7 817
7 24 69
24 7 69
7 50 207
50 7 207
7 8 492
8 7 492
7 14 312
14 7 312
7 39 845
39 7 845
7 53 153
53 7 153
7 37 976
37 7 976
7 22 139
22 7 139
7 27 502
27 7 502
7 34 347
34 7 347
7 11 758
11 7 758
8 9 46
9 8 46
8 23 715
23 8 715
8 26 986
26 8 986
8 37 967
37 8 967
8 40 707
40 8 707
8 55 601
55 8 601
8 54 418
54 8 418
8 12 826
12 8 826
8 47 115
47 8 115
9 10 959
10 9 959
9 14 990
14 9 990
9 34 889
34 9 889
9 12 927
12 9 927
9 28 685
28 9 685
9 40 622
40 9 622
9 51 592
51 9 592
9 11 258
11 9 258
9 54 561
54 9 561
9 26 283
26 9 283
9 33 322
33 9 322
9 27 408
27 9 408
9 30 461
30 9 461
9 36 513
36 9 513
9 43 156
43 9 156
10 11 193
11 10 193
10 17 926
17 10 926
10 42 786
42 10 786
10 21 209
21 10 209
10 51 443
51 10 443
10 19 355
19 10 355
11 13 458
13 11 458
11 15 593
15 11 593
11 31 309
31 11 309
11 33 799
33 11 799
11 47 660
47 11 660
11 29 717
29 11 717
11 48 502
48 11 502
11 22 355
22 11 355
11 31 407
31 11 407
11 49 952
49 11 952
11 30 571
30 11 571
12 28 90
28 12 90
12 52 472
52 12 472
12 23 205
23 12 205
12 26 859
26 12 859
12 39 862
39 12 862
12 15 909
15 12 909
12 30 511
30 12 511
12 37 375
37 12 375
12 43 46
43 12 46
13 25 358
25 13 358
13 43 258
43 13 258
13 19 777
19 13 777
13 25 103
25 13 103
13 26 200
26 13 200
13 13 22
13 13 22
13 18 11
18 13 11
14 28 780
28 14 780
14 36 550
36 14 550
14 26 425
26 14 425
14 44 321
44 14 321
14 17 864
17 14 864
14 18 235
18 14 235
15 32 685
32 15 685
15 38 530
38 15 530
15 32 398
32 15 398
15 37 3
37 15 3
15 49 781
49 15 781
15 39 322
39 15 322
15 36 809
36 15 809
15 20 199
20 15 199
15 28 857
28 15 857
15 51 244
51 15 244
15 53 999
53 15 999
16 43 763
43 16 763
16 53 408
53 16 408
16 29 791
29 16 791
16 21 899
21 16 899
16 45 170
45 16 170
16 36 241
36 16 241
16 32 768
32 16 768
17 49 154
49 17 154
17 52 402
52 17 402
17 49 808
49 17 808
17 53 339
53 17 339
18 21 831
21 18 831
18 46 607
46 18 607
18 28 434
28 18 434
18 56 587
56 18 587
19 48 374
48 19 374
19 57 919
57 19 919
19 54 130
54 19 130
19 34 117
34 19 117
19 34 27
34 19 27
19 30 499
30 19 499
20 29 311
29 20 311
20 50 943
50 20 943
20 47 37
47 20 37
20 26 994
26 20 994
20 55 123
55 20 123
20 23 656
23 20 656
20 46 678
46 20 678
20 21 441
21 20 441
21 51 964
51 21 964
21 26 108
26 21 108
22 51 984
51 22 984
22 32 615
32 22 615
22 35 728
35 22 728
22 57 107
57 22 107
22 31 727
31 22 727
23 55 262
55 23 262
23 24 844
24 23 844
24 46 96
46 24 96
24 47 557
47 24 557
24 56 525
56 24 525
24 44 705
44 24 705
24 26 514
26 24 514
25 27 283
27 25 283
25 52 858
52 25 858
25 54 380
54 25 380
26 42 51
42 26 51
26 47 184
47 26 184
26 37 788
37 26 788
26 41 151
41 26 151
26 39 595
39 26 595
26 42 705
42 26 705
26 30 460
30 26 460
26 54 977
54 26 977
27 57 351
57 27 351
27 41 149
41 27 149
27 40 281
40 27 281
27 32 189
32 27 189
27 36 164
36 27 164
27 35 755
35 27 755
27 34 884
34 27 884
27 39 826
39 27 826
28 32 653
32 28 653
28 56 576
56 28 576
28 36 726
36 28 726
28 40 178
40 28 178
28 34 190
34 28 190
28 33 275
33 28 275
28 55 675
55 28 675
29 47 131
47 29 131
29 51 769
51 29 769
30 36 355
36 30 355
30 45 553
45 30 553
30 47 912
47 30 912
30 49 517
49 30 517
30 33 90
33 30 90
30 57 675
57 30 675
31 44 918
44 31 918
31 43 595
43 31 595
31 35 342
35 31 342
32 39 827
39 32 827
32 57 600
57 32 600
32 42 297
42 32 297
32 38 565
38 32 565
32 54 860
54 32 860
32 52 244
52 32 244
33 38 35
38 33 35
33 50 963
50 33 963
34 52 938
52 34 938
34 51 184
51 34 184
34 50 442
50 34 442
35 44 18
44 35 18
35 53 794
53 35 794
35 40 840
40 35 840
35 41 13
41 35 13
36 41 100
41 36 100
36 47 329
47 36 329
37 38 118
38 37 118
38 41 826
41 38 826
38 40 714
40 38 714
39 39 340
39 39 340
39 57 206
57 39 206
40 48 606
48 40 606
40 44 819
44 40 819
40 54 146
54 40 146
40 55 926
55 40 926
40 42 853
42 40 853
41 44 368
44 41 368
41 55 275
55 41 275
41 51 658
51 41 658
41 41 941
41 41 941
42 52 251
52 42 251
42 44 17
44 42 17
43 51 99
51 43 99
43 51 510
51 43 510
43 56 470
56 43 470
44 52 456
52 44 456
44 48 241
48 44 241
46 47 961
47 46 961
47 52 892
52 47 892
48 54 835
54 48 835
48 54 82
54 48 82
49 53 610
53 49 610
49 54 743
54 49 743
49 51 946
51 49 946
50 51 435
51 50 435
52 57 596
57 52 596
52 56 143
56 52 143
52 54 407
54 52 407
