100

0 1 856
1 0 856
0 5 722
5 0 722
0 32 128
32 0 128
0 58 438
58 0 438
0 38 858
38 0 858
0 59 14
59 0 14
0 33 791
33 0 791
0 21 415
21 0 415
0 80 854
80 0 854
0 79 748
79 0 748
0 19 334
19 0 334
0 23 558
23 0 558
0 77 835
77 0 835
1 2 810
2 1 810
1 3 292
3 1 292
1 12 116
12 1 116
1 12 342
12 1 342
1 73 472
73 1 472
1 35 496
35 1 496
1 46 388
46 1 388
1 46 587
46 1 587
2 8 382
8 2 382
2 33 183
33 2 183
2 46 310
46 2 310
2 68 590
68 2 590
2 73 273
73 2 273
2 77 600
77 2 600
2 67 886
67 2 886
2 3 662
3 2 662
2 82 283
82 2 283
2 66 996
66 2 996
2 75 812
75 2 812
2 11 656
11 2 656
3 4 767
4 3 767
3 6 264
6 3 264
3 10 751
10 3 751
3 12 374
12 3 374
3 18 15
18 3 15
3 91 464
91 3 464
3 97 968
97 3 968
3 42 354
42 3 354
3 4 168
4 3 168
3 77 376
77 3 376
3 42 841
42 3 841
4 89 637
89 4 637
4 99 293
99 4 293
4 34 372
34 4 372
4 38 481
38 4 481
4 67 770
67 4 770
4 80 794
80 4 794
4 33 597
33 4 597
4 77 970
77 4 970
4 89 260
89 4 260
4 62 217
62 4 217
4 12 237
12 4 237
5 7 876
7 5 876
5 44 557
44 5 557
5 25 195
25 5 195
5 24 396
24 5 396
5 92 398
92 5 398
5 29 543
29 5 543
5 26 876
26 5 876
6 9 997
9 6 997
6 14 571
14 6 571
6 27 55
27 6 55
6 28 514
28 6 514
6 77 970
77 6 970
6 31 71
31 6 71
6 46 188
46 6 188
6 97 376
97 6 376
6 67 175
67 6 175
6 11 300
11 6 300
7 17 414
17 7 414
7 19 237
19 7 237
7 50 113
50 7 113
7 90 26
90 7 26
7 59 313
59 7 313
7 78 249
78 7 249
7 47 362
47 7 362
7 79 870
79 7 870
7 84 857
84 7 857
7 18 316
18 7 316
7 86 396
86 7 396
7 10 320
10 7 320
7 48 441
48 7 441
7 9 702
9 7 702
7 63 369
63 7 369
8 29 260
29 8 260
8 82 133
82 8 133
8 79 196
79 8 196
8 35 707
35 8 707
8 67 503
67 8 503
8 63 851
63 8 851
8 81 375
81 8 375
8 74 251
74 8 251
8 26 732
26 8 732
8 69 760
69 8 760
8 47 285
47 8 285
8 12 873
12 8 873
9 20 825
20 9 825
9 95 594
95 9 594
9 99 755
99 9 755
9 33 871
33 9 871
9 46 954
46 9 954
9 29 695
29 9 695
9 55 884
55 9 884
9 81 674
81 9 674
10 11 140
11 10 140
10 39 254
39 10 254
10 94 900
94 10 900
10 92 805
92 10 805
10 32 336
32 10 336
10 93 476
93 10 476
10 19 761
19 10 761
10 39 817
39 10 817
10 94 84
94 10 84
10 69 922
69 10 922
10 52 731
52 10 731
10 18 85
18 10 85
10 13 68
13 10 68
10 60 514
60 10 514
10 67 559
67 10 559
11 13 876
13 11 876
11 15 74
15 11 74
11 49 578
49 11 578
11 18 361
18 11 361
11 23 205
23 11 205
11 15 240
15 11 240
11 56 326
56 11 326
11 67 627
67 11 627
11 36 810
36 11 810
12 22 564
22 12 564
12 54 804
54 12 804
12 28 556
28 12 556
12 49 583
49 12 583
12 90 340
90 12 340
12 95 736
95 12 736
12 97 21
97 12 21
13 16 828
16 13 828
13 37 536
37 13 536
13 93 438
93 13 438
13 92 642
92 13 642
13 38 736
38 13 736
13 48 247
48 13 247
13 58 381
58 13 381
13 22 615
22 13 615
13 59 568
59 13 568
13 73 573
73 13 573
13 53 994
53 13 994
13 45 921
45 13 921
13 64 757
64 13 757
13 22 248
22 13 248
14 36 615
36 14 615
14 47 824
47 14 824
14 53 82
53 14 82
14 39 700
39 14 700
15 25 808
25 15 808
15 38 54
38 15 54
15 41 331
41 15 331
15 97 101
97 15 101
15 61 639
61 15 639
15 18 852
18 15 852
15 49 867
49 15 867
15 31 742
31 15 742
15 76 688
76 15 688
15 16 783
16 15 783
15 15 19
15 15 19
15 70 814
70 15 814
15 92 982
92 15 982
16 23 169
23 16 169
16 30 802
30 16 802
16 38 728
38 16 728
16 25 657
25 16 657
16 29 181
29 16 181
16 89 394
89 16 394
16 60 221
60 16 221
16 47 743
47 16 743
16 90 563
90 16 563
16 64 111
64 16 111
16 41 814
41 16 814
17 40 41
40 17 41
17 84 787
84 17 787
17 37 785
37 17 785
17 83 62
83 17 62
17 67 372
67 17 372
17 97 597
97 17 597
17 53 150
53 17 150
18 81 446
81 18 446
18 61 975
61 18 975
18 57 383
57 18 383
18 30 711
30 18 711
18 79 616
79 18 616
18 91 686
91 18 686
18 85 980
85 18 980
19 87 175
87 19 175
19 81 997
81 19 997
19 25 646
25 19 646
19 94 731
94 19 731
19 82 417
82 19 417
19 52 947
52 19 947
19 20 949
20 19 949
19 36 880
36 19 880
19 19 744
19 19 744
19 98 608
98 19 608
19 77 676
77 19 676
20 21 795
21 20 795
20 79 910
79 20 910
20 56 132
56 20 132
20 74 841
74 20 841
20 52 78
52 20 78
20 41 403
41 20 403
20 80 22
80 20 22
20 57 554
57 20 554
21 24 609
24 21 609
21 96 671
96 21 671
21 68 894
68 21 894
21 95 816
95 21 816
22 26 285
26 22 285
22 88 45
88 22 45
22 98 856
98 22 856
22 61 259
61 22 259
22 80 356
80 22 356
22 78 831
78 22 831
22 84 717
84 22 717
22 41 776
41 22 776
22 51 501
51 22 501
22 96 905
96 22 905
23 31 634
31 23 634
23 54 521
54 23 521
23 60 219
60 23 219
23 90 716
90 23 716
23 93 945
93 23 945
23 94 50
94 23 50
23 72 447
72 23 447
23 64 96
64 23 96
23 90 957
90 23 957
23 58 649
58 23 649
23 56 905
56 23 905
23 37 553
37 23 553
23 42 714
42 23 714
23 78 587
78 23 587
24 56 865
56 24 865
24 80 617
80 24 617
24 45 784
45 24 784
24 89 721
89 24 721
24 96 142
96 24 142
24 97 811
97 24 811
24 35 816
35 24 816
24 84 184
84 24 184
24 32 304
32 24 304
24 44 497
44 24 497
25 32 530
32 25 530
25 64 32
64 25 32
25 71 709
71 25 709
25 49 794
49 25 794
26 45 734
45 26 734
26 30 133
30 26 133
26 33 314
33 26 314
26 88 189
88 26 189
26 92 376
92 26 376
26 89 956
89 26 956
26 68 582
68 26 582
26 30 332
30 26 332
27 31 363
31 27 363
27 56 951
56 27 951
27 64 367
64 27 367
27 54 486
54 27 486
27 30 468
30 27 468
27 42 271
42 27 271
27 73 639
73 27 639
27 38 590
38 27 590
27 81 576
81 27 576
28 94 737
94 28 737
28 50 977
50 28 977
28 89 265
89 28 265
28 60 271
60 28 271
29 42 352
42 29 352
29 96 351
96 29 351
29 94 906
94 29 906
29 75 808
75 29 808
29 78 747
78 29 747
30 51 517
51 30 517
30 70 676
70 30 676
30 71 266
71 30 266
30 81 95
81 30 95
30 50 624
50 30 624
30 98 394
98 30 394
30 91 440
91 30 440
30 48 692
48 30 692
30 83 473
83 30 473
31 78 8
78 31 8
31 77 347
77 31 347
31 65 532
65 31 532
31 42 304
42 31 304
31 99 195
99 31 195
32 85 186
85 32 186
32 49 572
49 32 572
32 66 631
66 32 631
32 88 984
88 32 984
32 88 114
88 32 114
32 83 261
83 32 261
32 82 76
82 32 76
32 40 681
40 32 681
32 48 849
48 32 849
33 34 683
34 33 683
33 35 228
35 33 228
33 66 169
66 33 169
33 47 145
47 33 145
33 82 995
82 33 995
33 73 44
73 33 44
33 99 340
99 33 340
33 39 855
39 33 855
33 83 288
83 33 288
34 78 817
78 34 817
34 67 752
67 34 752
34 66 151
66 34 151
34 95 528
95 34 528
34 36 749
36 34 749
34 55 564
55 34 564
34 63 50
63 34 50
34 53 848
53 34 848
35 45 392
45 35 392
35 61 742
61 35 742
35 65 468
65 35 468
35 70 245
70 35 245
35 55 739
55 35 739
35 91 520
91 35 520
35 64 902
64 35 902
35 62 459
62 35 459
35 64 678
64 35 678
36 52 448
52 36 448
36 72 298
72 36 298
36 56 666
56 36 666
36 39 219
39 36 219
36 91 347
91 36 347
37 43 809
43 37 809
37 69 966
69 37 966
37 55 303
55 37 303
37 52 359
52 37 359
37 87 525
87 37 525
37 75 993
75 37 993
37 90 779
90 37 779
38 79 239
79 38 239
38 89 303
89 38 303
38 57 957
57 38 957
39 71 571
71 39 571
39 65 774
65 39 774
39 87 457
87 39 457
39 51 941
51 39 941
40 44 829
44 40 829
40 62 507
62 40 507
40 96 396
96 40 396
40 40 756
40 40 756
41 62 520
62 41 520
41 99 567
99 41 567
41 82 560
82 41 560
41 97 808
97 41 808
41 83 212
83 41 212
41 99 896
99 41 896
41 89 238
89 41 238
41 51 842
51 41 842
42 48 403
48 42 403
42 77 739
77 42 739
42 48 659
48 42 659
42 56 173
56 42 173
42 63 765
63 42 765
42 84 943
84 42 943
42 73 425
73 42 425
42 49 677
49 42 677
43 55 29
55 43 29
43 63 307
63 43 307
43 92 491
92 43 491
43 55 591
55 43 591
43 81 951
81 43 951
43 44 353
44 43 353
43 77 608
77 43 608
43 76 202
76 43 202
44 48 269
48 44 269
44 68 178
68 44 178
44 77 858
77 44 858
44 46 723
46 44 723
44 91 42
91 44 42
45 60 543
60 45 543
45 88 53
88 45 53
45 46 687
46 45 687
45 60 534
60 45 534
46 58 414
58 46 414
46 59 18
59 46 18
46 74 566
74 46 566
46 79 759
79 46 759
46 74 125
74 46 125
46 55 981
55 46 981
47 73 911
73 47 911
47 83 313
83 47 313
47 49 891
49 47 891
47 90 353
90 47 353
47 67 806
67 47 806
47 75 829
75 47 829
48 75 805
75 48 805
48 97 492
97 48 492
48 92 282
92 48 282
48 79 549
79 48 549
49 67 347
67 49 347
49 68 949
68 49 949
49 72 676
72 49 676
49 58 220
58 49 220
49 61 105
61 49 105
50 74 304
74 50 304
50 74 939
74 50 939
50 71 246
71 50 246
50 69 154
69 50 154
50 95 135
95 50 135
51 53 351
53 51 351
51 53 30
53 51 30
51 59 120
59 51 120
51 83 138
83 51 138
52 73 274
73 52 274
52 84 889
84 52 889
52 83 879
83 52 879
52 72 837
72 52 837
53 71 795
71 53 795
53 69 667
69 53 667
54 57 485
57 54 485
54 65 806
65 54 806
55 71 130
71 55 130
55 93 842
93 55 842
55 72 95
72 55 95
55 96 804
96 55 804
56 69 220
69 56 220
56 76 736
76 56 736
56 65 582
65 56 582
56 60 479
60 56 479
56 66 339
66 56 339
57 80 626
80 57 626
57 58 78
58 57 78
58 98 238
98 58 238
58 69 78
69 58 78
59 66 371
66 59 371
59 86 893
86 59 893
59 89 863
89 59 863
59 92 366
92 59 366
59 91 447
91 59 447
60 77 427
77 60 427
60 90 529
90 60 529
60 72 534
72 60 534
60 75 777
75 60 777
60 64 349
64 60 349
61 86 281
86 61 281
61 79 854
79 61 854
61 64 229
64 61 229
61 63 477
63 61 477
61 96 62
96 61 62
62 94 875
94 62 875
62 63 575
63 62 575
62 96 406
96 62 406
62 72 727
72 62 727
62 85 182
85 62 182
62 91 539
91 62 539
63 78 62
78 63 62
63 80 550
80 63 550
63 80 884
80 63 884
63 66 967
66 63 967
63 91 397
91 63 397
63 94 766
94 63 766
64 99 612
99 64 612
64 66 78
66 64 78
64 80 661
80 64 661
64 76 354
76 64 354
64 97 609
97 64 609
64 96 237
96 64 237
65 75 778
75 65 778
65 67 407
67 65 407
65 81 640
81 65 640
65 86 340
86 65 340
67 70 838
70 67 838
67 96 963
96 67 963
67 72 718
72 67 718
68 72 589
72 68 589
68 94 387
94 68 387
69 92 338
92 69 338
69 69 820
69 69 820
69 74 887
74 69 887
70 96 735
96 70 735
70 76 468
76 70 468
70 80 475
80 70 475
70 94 259
94 70 259
70 87 632
87 70 632
71 75 166
75 71 166
71 86 292
86 71 292
71 93 17
93 71 17
71 97 500
97 71 500
72 96 322
96 72 322
72 74 777
74 72 777
73 84 278
84 73 278
73 85 724
85 73 724
73 75 284
75 73 284
73 80 60
80 73 60
74 76 314
76 74 314
76 95 53
95 76 53
77 88 107
88 77 107
78 79 902
79 78 902
78 94 572
94 78 572
78 87 461
87 78 461
78 86 135
86 78 135
79 90 889
90 79 889
79 86 338
86 79 338
80 97 923
97 80 923
80 90 629
90 80 629
80 88 567
88 80 567
81 92 554
92 81 554
81 89 346
89 81 346
81 85 432
85 81 432
83 87 790
87 83 790
83 85 217
85 83 217
85 92 645
92 85 645
86 94 445
94 86 445
86 98 871
98 86 871
86 96 261
96 86 261
87 97 65
97 87 65
91 99 40
99 91 40
92 99 853
99 92 853
92 99 129
99 92 129
93 98 940
98 93 940
95 97 779
97 95 779
