97

0 1 238
1 0 238
0 2 332
2 0 332
0 5 738
5 0 738
0 12 348
12 0 348
0 22 948
22 0 948
0 26 218
26 0 218
0 9 256
9 0 256
0 20 493
20 0 493
0 74 575
74 0 575
0 58 563
58 0 563
0 39 869
39 0 869
0 43 824
43 0 824
0 74 429
74 0 429
0 72 258
72 0 258
0 49 168
49 0 168
1 3 815
3 1 815
1 36 92
36 1 92
1 71 380
71 1 380
1 42 237
42 1 237
1 33 924
33 1 924
1 49 350
49 1 350
1 33 120
33 1 120
1 55 415
55 1 415
1 14 119
14 1 119
1 79 272
79 1 272
1 40 94
40 1 94
1 6 15
6 1 15
1 81 470
81 1 470
1 50 372
50 1 372
1 44 518
44 1 518
1 71 975
71 1 975
1 78 26
78 1 26
1 77 259
77 1 259
1 70 48
70 1 48
1 31 56
31 1 56
2 4 56
4 2 56
2 11 758
11 2 758
2 81 645
81 2 645
2 78 469
78 2 469
2 35 957
35 2 957
2 38 995
38 2 995
2 27 234
27 2 234
2 20 560
20 2 560
2 39 673
39 2 673
2 29 34
29 2 34
2 69 930
69 2 930
2 6 837
6 2 837
2 23 708
23 2 708
2 34 278
34 2 278
2 90 588
90 2 588
2 56 294
56 2 294
3 6 455
6 3 455
3 44 585
44 3 585
3 79 740
79 3 740
3 87 98
87 3 98
3 30 886
30 3 886
3 41 325
41 3 325
3 13 372
13 3 372
3 89 28
89 3 28
3 64 694
64 3 694
3 95 939
95 3 939
3 43 106
43 3 106
3 71 139
71 3 139
3 17 416
17 3 416
3 43 877
43 3 877
4 8 145
8 4 145
4 10 609
10 4 609
4 24 400
24 4 400
4 27 742
27 4 742
4 44 846
44 4 846
4 53 531
53 4 531
4 25 405
25 4 405
4 41 629
41 4 629
4 75 873
75 4 873
4 80 948
80 4 948
4 14 462
14 4 462
4 57 985
57 4 985
4 59 141
59 4 141
4 87 276
87 4 276
4 52 508
52 4 508
4 13 842
13 4 842
4 76 831
76 4 831
4 43 332
43 4 332
4 65 532
65 4 532
4 71 131
71 4 131
4 11 666
11 4 666
4 10 885
10 4 885
4 96 78
96 4 78
5 7 427
7 5 427
5 16 215
16 5 215
5 61 303
61 5 303
5 26 697
26 5 697
5 11 683
11 5 683
5 28 461
28 5 461
5 69 170
69 5 170
5 33 575
33 5 575
5 81 442
81 5 442
5 94 357
94 5 357
5 41 38
41 5 38
5 56 37
56 5 37
5 91 841
91 5 841
5 60 464
60 5 464
5 68 376
68 5 376
5 85 333
85 5 333
5 21 500
21 5 500
5 90 473
90 5 473
5 33 957
33 5 957
5 10 384
10 5 384
5 32 494
32 5 494
6 61 813
61 6 813
6 79 183
79 6 183
6 90 472
90 6 472
6 68 174
68 6 174
6 89 749
89 6 749
6 64 388
64 6 388
6 71 104
71 6 104
6 21 961
21 6 961
6 44 426
44 6 426
6 57 483
57 6 483
6 45 351
45 6 351
6 39 19
39 6 19
6 68 99
68 6 99
6 17 948
17 6 948
6 59 17
59 6 17
6 24 570
24 6 570
6 38 496
38 6 496
6 52 184
52 6 184
7 21 862
21 7 862
7 30 522
30 7 522
7 56 52
56 7 52
7 9 73
9 7 73
7 72 688
72 7 688
7 42 969
42 7 969
7 52 907
52 7 907
7 64 139
64 7 139
7 34 159
34 7 159
7 75 773
75 7 773
7 12 597
12 7 597
7 63 778
63 7 778
7 77 211
77 7 211
7 10 598
10 7 598
7 79 349
79 7 349
7 69 489
69 7 489
7 64 238
64 7 238
7 77 513
77 7 513
7 66 361
66 7 361
7 65 587
65 7 587
7 88 241
88 7 241
7 22 514
22 7 514
8 9 361
9 8 361
8 30 269
30 8 269
8 9 536
9 8 536
8 28 234
28 8 234
8 81 325
81 8 325
8 52 204
52 8 204
8 74 356
74 8 356
8 79 114
79 8 114
8 45 465
45 8 465
8 71 538
71 8 538
8 89 984
89 8 984
8 29 451
29 8 451
8 95 781
95 8 781
8 26 115
26 8 115
9 19 202
19 9 202
9 39 206
39 9 206
9 77 766
77 9 766
9 63 206
63 9 206
9 40 296
40 9 296
9 45 674
45 9 674
9 44 580
44 9 580
9 73 614
73 9 614
9 72 738
72 9 738
9 68 322
68 9 322
9 15 917
15 9 917
9 34 910
34 9 910
9 18 26
18 9 26
9 50 509
50 9 509
9 25 422
25 9 422
9 21 920
21 9 920
9 61 782
61 9 782
9 96 168
96 9 168
9 14 168
14 9 168
9 64 842
64 9 842
9 53 440
53 9 440
9 52 948
52 9 948
10 14 274
14 10 274
10 47 8
47 10 8
10 93 475
93 10 475
10 52 906
52 10 906
10 58 643
58 10 643
10 76 330
76 10 330
10 64 450
64 10 450
10 32 930
32 10 930
10 67 491
67 10 491
10 67 274
67 10 274
10 93 289
93 10 289
10 55 896
55 10 896
10 29 950
29 10 950
10 69 224
69 10 224
10 33 108
33 10 108
10 83 883
83 10 883
10 28 302
28 10 302
10 95 819
95 10 819
10 86 691
86 10 691
10 62 715
62 10 715
10 72 213
72 10 213
10 30 893
30 10 893
10 82 808
82 10 808
11 13 88
13 11 88
11 17 65
17 11 65
11 48 212
48 11 212
11 30 570
30 11 570
11 79 439
79 11 439
11 31 230
31 11 230
11 34 830
34 11 830
11 43 902
43 11 902
11 12 29
12 11 29
11 65 928
65 11 928
11 74 437
74 11 437
11 13 580
13 11 580
11 50 755
50 11 755
11 39 621
39 11 621
11 88 296
88 11 296
11 12 787
12 11 787
11 42 573
42 11 573
11 57 144
57 11 144
11 40 286
40 11 286
11 95 27
95 11 27
11 38 537
38 11 537
11 94 117
94 11 117
11 57 935
57 11 935
11 63 216
63 11 216
12 26 67
26 12 67
12 60 563
60 12 563
12 70 215
70 12 215
12 62 394
62 12 394
12 29 560
29 12 560
12 19 342
19 12 342
12 21 579
21 12 579
12 46 54
46 12 54
12 36 639
36 12 639
12 29 166
29 12 166
12 80 27
80 12 27
12 64 574
64 12 574
12 58 503
58 12 503
12 76 421
76 12 421
12 54 67
54 12 67
12 96 742
96 12 742
12 70 962
70 12 962
12 14 243
14 12 243
12 49 637
49 12 637
12 63 577
63 12 577
12 24 451
24 12 451
12 23 867
23 12 867
13 20 739
20 13 739
13 42 481
42 13 481
13 65 271
65 13 271
13 27 128
27 13 128
13 60 627
60 13 627
13 16 477
16 13 477
13 67 440
67 13 440
13 81 429
81 13 429
13 64 120
64 13 120
13 95 279
95 13 279
13 44 463
44 13 463
13 91 965
91 13 965
13 96 460
96 13 460
13 78 511
78 13 511
13 92 213
92 13 213
13 52 205
52 13 205
13 87 177
87 13 177
13 28 987
28 13 987
13 39 60
39 13 60
13 78 732
78 13 732
13 48 820
48 13 820
14 15 137
15 14 137
14 18 53
18 14 53
14 31 925
31 14 925
14 82 971
82 14 971
14 76 834
76 14 834
14 50 28
50 14 28
14 74 886
74 14 886
14 59 245
59 14 245
14 39 302
39 14 302
14 61 227
61 14 227
14 61 459
61 14 459
14 63 186
63 14 186
14 39 638
39 14 638
14 91 734
91 14 734
14 45 737
45 14 737
14 27 79
27 14 79
15 29 22
29 15 22
15 52 641
52 15 641
15 27 890
27 15 890
15 23 937
23 15 937
15 17 845
17 15 845
15 60 409
60 15 409
15 41 102
41 15 102
15 33 214
33 15 214
15 53 355
53 15 355
15 94 845
94 15 845
15 19 37
19 15 37
15 57 364
57 15 364
15 43 461
43 15 461
15 23 371
23 15 371
15 92 573
92 15 573
15 43 311
43 15 311
16 33 147
33 16 147
16 49 843
49 16 843
16 55 11
55 16 11
16 78 875
78 16 875
16 57 874
57 16 874
16 75 451
75 16 451
16 25 514
25 16 514
16 61 282
61 16 282
16 85 814
85 16 814
16 52 385
52 16 385
16 73 451
73 16 451
16 94 531
94 16 531
16 44 787
44 16 787
16 60 106
60 16 106
16 44 693
44 16 693
16 90 797
90 16 797
16 93 602
93 16 602
16 54 735
54 16 735
16 60 57
60 16 57
16 21 811
21 16 811
17 34 234
34 17 234
17 54 415
54 17 415
17 71 232
71 17 232
17 96 773
96 17 773
17 96 807
96 17 807
17 82 744
82 17 744
17 46 249
46 17 249
17 76 831
76 17 831
17 63 144
63 17 144
17 31 912
31 17 912
17 95 554
95 17 554
17 31 232
31 17 232
18 28 982
28 18 982
18 41 201
41 18 201
18 32 481
32 18 481
18 33 927
33 18 927
18 37 640
37 18 640
18 67 663
67 18 663
18 34 592
34 18 592
18 80 315
80 18 315
18 39 678
39 18 678
18 37 537
37 18 537
18 54 549
54 18 549
18 19 506
19 18 506
19 65 255
65 19 255
19 96 828
96 19 828
19 31 860
31 19 860
19 95 244
95 19 244
19 77 854
77 19 854
19 39 520
39 19 520
19 30 940
30 19 940
19 21 100
21 19 100
19 49 185
49 19 185
19 78 58
78 19 58
19 95 449
95 19 449
19 79 740
79 19 740
19 82 336
82 19 336
19 43 841
43 19 841
20 59 935
59 20 935
20 22 312
22 20 312
20 90 52
90 20 52
20 84 806
84 20 806
20 83 696
83 20 696
20 95 931
95 20 931
20 96 618
96 20 618
20 61 944
61 20 944
20 95 720
95 20 720
20 81 501
81 20 501
20 75 317
75 20 317
20 74 818
74 20 818
20 27 418
27 20 418
20 37 852
37 20 852
20 47 61
47 20 61
20 22 827
22 20 827
20 34 158
34 20 158
20 52 621
52 20 621
21 30 740
30 21 740
21 41 58
41 21 58
21 28 359
28 21 359
21 96 798
96 21 798
21 63 327
63 21 327
21 31 24
31 21 24
21 93 743
93 21 743
21 94 617
94 21 617
21 37 340
37 21 340
21 57 392
57 21 392
21 70 630
70 21 630
21 38 715
38 21 715
22 23 68
23 22 68
22 84 640
84 22 640
22 38 503
38 22 503
22 55 45
55 22 45
22 60 736
60 22 736
22 73 996
73 22 996
22 65 127
65 22 127
22 44 435
44 22 435
22 74 608
74 22 608
22 23 130
23 22 130
22 40 524
40 22 524
22 50 460
50 22 460
22 93 65
93 22 65
22 55 38
55 22 38
22 84 339
84 22 339
22 86 908
86 22 908
23 69 986
69 23 986
23 51 280
51 23 280
23 61 568
61 23 568
23 80 483
80 23 483
23 63 152
63 23 152
23 37 355
37 23 355
23 42 186
42 23 186
23 50 179
50 23 179
23 50 875
50 23 875
23 71 82
71 23 82
23 50 400
50 23 400
23 56 896
56 23 896
23 64 718
64 23 718
23 64 702
64 23 702
23 33 287
33 23 287
23 26 15
26 23 15
23 46 212
46 23 212
23 42 636
42 23 636
23 96 329
96 23 329
24 25 60
25 24 60
24 59 801
59 24 801
24 63 623
63 24 623
24 59 673
59 24 673
24 33 452
33 24 452
24 95 216
95 24 216
24 25 15
25 24 15
24 79 818
79 24 818
24 78 751
78 24 751
24 50 766
50 24 766
24 76 573
76 24 573
24 92 534
92 24 534
24 58 309
58 24 309
24 73 447
73 24 447
24 43 704
43 24 704
25 40 586
40 25 586
25 43 211
43 25 211
25 64 509
64 25 509
25 72 320
72 25 320
25 80 157
80 25 157
25 53 577
53 25 577
25 57 362
57 25 362
25 31 411
31 25 411
25 82 667
82 25 667
25 44 417
44 25 417
25 63 831
63 25 831
25 77 918
77 25 918
26 58 137
58 26 137
26 66 59
66 26 59
26 86 859
86 26 859
26 64 226
64 26 226
26 84 268
84 26 268
26 45 60
45 26 60
26 76 264
76 26 264
26 73 106
73 26 106
26 78 429
78 26 429
26 80 135
80 26 135
26 89 297
89 26 297
26 34 666
34 26 666
26 59 480
59 26 480
26 59 951
59 26 951
26 77 693
77 26 693
26 85 812
85 26 812
26 52 912
52 26 912
27 31 217
31 27 217
27 68 111
68 27 111
27 86 158
86 27 158
27 40 36
40 27 36
27 31 820
31 27 820
27 72 982
72 27 982
27 72 925
72 27 925
27 56 90
56 27 90
27 54 783
54 27 783
27 86 241
86 27 241
28 33 977
33 28 977
28 68 508
68 28 508
28 49 653
49 28 653
28 68 602
68 28 602
28 62 932
62 28 932
28 50 133
50 28 133
28 46 933
46 28 933
28 38 751
38 28 751
28 80 676
80 28 676
28 96 327
96 28 327
28 69 863
69 28 863
28 91 373
91 28 373
28 41 365
41 28 365
28 29 86
29 28 86
28 38 682
38 28 682
29 32 856
32 29 856
29 35 209
35 29 209
29 72 170
72 29 170
29 81 214
81 29 214
29 82 860
82 29 860
29 52 748
52 29 748
29 92 744
92 29 744
29 85 658
85 29 658
29 75 614
75 29 614
29 55 800
55 29 800
29 39 196
39 29 196
29 37 715
37 29 715
29 62 352
62 29 352
29 93 81
93 29 81
29 79 866
79 29 866
29 47 580
47 29 580
29 55 947
55 29 947
29 83 690
83 29 690
30 46 177
46 30 177
30 68 547
68 30 547
30 45 520
45 30 520
30 45 250
45 30 250
30 89 842
89 30 842
30 48 636
48 30 636
30 34 668
34 30 668
30 72 805
72 30 805
30 60 985
60 30 985
30 50 29
50 30 29
30 54 933
54 30 933
30 71 229
71 30 229
30 92 96
92 30 96
30 60 113
60 30 113
30 56 855
56 30 855
30 46 227
46 30 227
31 49 882
49 31 882
31 51 695
51 31 695
31 44 581
44 31 581
31 82 990
82 31 990
31 84 659
84 31 659
31 37 65
37 31 65
31 89 789
89 31 789
31 51 637
51 31 637
32 51 930
51 32 930
32 88 618
88 32 618
32 82 128
82 32 128
32 46 242
46 32 242
32 66 531
66 32 531
32 81 481
81 32 481
32 78 558
78 32 558
32 33 257
33 32 257
32 67 483
67 32 483
32 33 98
33 32 98
32 71 888
71 32 888
32 64 394
64 32 394
32 33 811
33 32 811
32 84 904
84 32 904
32 37 908
37 32 908
32 33 17
33 32 17
32 81 631
81 32 631
33 37 650
37 33 650
33 67 57
67 33 57
33 80 422
80 33 422
33 86 203
86 33 203
33 66 766
66 33 766
33 66 692
66 33 692
33 55 497
55 33 497
33 87 959
87 33 959
33 94 248
94 33 248
33 48 452
48 33 452
33 93 492
93 33 492
33 34 879
34 33 879
33 48 628
48 33 628
33 79 796
79 33 796
33 68 843
68 33 843
33 89 959
89 33 959
33 96 107
96 33 107
33 48 334
48 33 334
33 72 30
72 33 30
34 78 356
78 34 356
34 46 789
46 34 789
34 72 133
72 34 133
34 91 888
91 34 888
34 47 32
47 34 32
34 49 268
49 34 268
34 42 750
42 34 750
34 82 936
82 34 936
34 54 667
54 34 667
34 71 506
71 34 506
35 46 820
46 35 820
35 56 485
56 35 485
35 74 742
74 35 742
35 35 943
35 35 943
35 81 160
81 35 160
35 91 90
91 35 90
35 58 583
58 35 583
35 37 298
37 35 298
35 55 313
55 35 313
35 44 272
44 35 272
35 93 433
93 35 433
35 59 269
59 35 269
35 76 622
76 35 622
35 59 810
59 35 810
35 71 61
71 35 61
35 73 391
73 35 391
35 39 364
39 35 364
35 52 817
52 35 817
35 56 562
56 35 562
35 91 457
91 35 457
35 44 146
44 35 146
36 89 785
89 36 785
36 49 649
49 36 649
36 65 911
65 36 911
36 70 203
70 36 203
36 46 981
46 36 981
36 51 569
51 36 569
36 73 953
73 36 953
36 48 501
48 36 501
36 67 985
67 36 985
36 55 728
55 36 728
36 45 947
45 36 947
36 94 720
94 36 720
37 38 699
38 37 699
37 85 744
85 37 744
37 49 949
49 37 949
37 59 218
59 37 218
37 63 622
63 37 622
37 48 85
48 37 85
37 85 768
85 37 768
37 55 70
55 37 70
37 81 209
81 37 209
37 72 512
72 37 512
37 92 823
92 37 823
38 47 669
47 38 669
38 94 613
94 38 613
38 92 482
92 38 482
38 63 171
63 38 171
38 58 978
58 38 978
38 81 843
81 38 843
38 61 711
61 38 711
38 74 279
74 38 279
38 74 8
74 38 8
38 73 343
73 38 343
38 65 59
65 38 59
38 61 352
61 38 352
38 43 21
43 38 21
38 50 814
50 38 814
38 40 116
40 38 116
38 82 59
82 38 59
38 56 739
56 38 739
38 65 173
65 38 173
39 50 830
50 39 830
39 73 162
73 39 162
39 81 252
81 39 252
39 91 262
91 39 262
39 84 163
84 39 163
39 47 512
47 39 512
39 69 5
69 39 5
39 81 605
81 39 605
39 43 281
43 39 281
39 87 963
87 39 963
39 61 680
61 39 680
39 58 749
58 39 749
40 70 260
70 40 260
40 72 252
72 40 252
40 82 926
82 40 926
40 44 291
44 40 291
40 49 754
49 40 754
40 76 484
76 40 484
41 84 181
84 41 181
41 67 332
67 41 332
41 77 852
77 41 852
41 83 723
83 41 723
41 53 301
53 41 301
41 47 291
47 41 291
41 87 397
87 41 397
41 62 502
62 41 502
41 76 339
76 41 339
41 73 326
73 41 326
41 91 957
91 41 957
41 56 323
56 41 323
41 74 646
74 41 646
41 62 810
62 41 810
41 94 689
94 41 689
41 70 594
70 41 594
41 66 547
66 41 547
41 45 460
45 41 460
41 51 556
51 41 556
42 45 166
45 42 166
42 84 961
84 42 961
42 89 244
89 42 244
42 88 371
88 42 371
42 64 27
64 42 27
42 83 13
83 42 13
42 73 817
73 42 817
43 62 160
62 43 160
43 58 961
58 43 961
43 63 818
63 43 818
43 78 926
78 43 926
43 86 827
86 43 827
43 90 267
90 43 267
43 50 870
50 43 870
43 58 821
58 43 821
43 87 570
87 43 570
44 79 845
79 44 845
44 80 875
80 44 875
44 55 181
55 44 181
44 95 634
95 44 634
44 83 813
83 44 813
44 58 644
58 44 644
44 84 26
84 44 26
44 78 648
78 44 648
44 70 150
70 44 150
44 67 278
67 44 278
44 60 998
60 44 998
44 46 501
46 44 501
44 72 175
72 44 175
44 62 730
62 44 730
44 58 697
58 44 697
44 90 194
90 44 194
45 63 229
63 45 229
45 86 571
86 45 571
45 67 138
67 45 138
45 46 327
46 45 327
45 69 366
69 45 366
45 66 122
66 45 122
45 72 694
72 45 694
45 61 259
61 45 259
46 49 531
49 46 531
46 93 869
93 46 869
46 74 595
74 46 595
46 79 342
79 46 342
46 58 510
58 46 510
46 70 230
70 46 230
47 68 907
68 47 907
47 82 683
82 47 683
47 68 737
68 47 737
47 95 540
95 47 540
47 72 369
72 47 369
47 56 963
56 47 963
47 85 570
85 47 570
47 48 795
48 47 795
47 89 414
89 47 414
47 71 450
71 47 450
48 96 600
96 48 600
48 50 171
50 48 171
48 82 611
82 48 611
48 90 796
90 48 796
48 51 761
51 48 761
48 95 350
95 48 350
48 67 621
67 48 621
48 96 767
96 48 767
48 86 901
86 48 901
49 57 652
57 49 652
49 87 370
87 49 370
49 60 484
60 49 484
49 95 139
95 49 139
49 63 733
63 49 733
49 49 357
49 49 357
49 55 69
55 49 69
49 91 266
91 49 266
49 78 809
78 49 809
49 55 659
55 49 659
49 88 192
88 49 192
50 87 742
87 50 742
50 52 264
52 50 264
50 67 161
67 50 161
50 70 924
70 50 924
50 69 800
69 50 800
50 95 744
95 50 744
51 74 878
74 51 878
51 81 256
81 51 256
51 69 149
69 51 149
51 91 869
91 51 869
51 65 239
65 51 239
51 79 842
79 51 842
51 59 540
59 51 540
51 66 209
66 51 209
51 91 341
91 51 341
51 52 361
52 51 361
51 89 285
89 51 285
52 54 654
54 52 654
52 67 699
67 52 699
52 64 777
64 52 777
52 83 525
83 52 525
53 77 506
77 53 506
53 94 775
94 53 775
53 71 446
71 53 446
53 66 340
66 53 340
53 89 932
89 53 932
53 55 86
55 53 86
53 77 738
77 53 738
53 59 158
59 53 158
53 81 28
81 53 28
53 57 156
57 53 156
53 79 201
79 53 201
53 82 538
82 53 538
53 67 853
67 53 853
54 65 722
65 54 722
54 90 80
90 54 80
54 74 118
74 54 118
54 55 765
55 54 765
54 60 976
60 54 976
54 65 831
65 54 831
55 68 644
68 55 644
55 93 679
93 55 679
55 80 979
80 55 979
55 89 572
89 55 572
55 85 859
85 55 859
55 60 778
60 55 778
55 79 605
79 55 605
55 62 750
62 55 750
56 91 897
91 56 897
56 75 271
75 56 271
56 88 807
88 56 807
56 87 203
87 56 203
56 79 742
79 56 742
57 75 505
75 57 505
57 65 362
65 57 362
57 81 434
81 57 434
57 61 598
61 57 598
57 80 65
80 57 65
58 87 460
87 58 460
58 92 763
92 58 763
58 88 96
88 58 96
58 94 257
94 58 257
58 75 248
75 58 248
58 85 691
85 58 691
58 74 625
74 58 625
59 59 506
59 59 506
59 71 321
71 59 321
59 80 79
80 59 79
59 67 221
67 59 221
59 89 873
89 59 873
59 70 733
70 59 733
59 70 28
70 59 28
60 77 300
77 60 300
60 93 436
93 60 436
60 60 338
60 60 338
60 79 335
79 60 335
60 83 551
83 60 551
60 63 660
63 60 660
60 82 361
82 60 361
60 75 673
75 60 673
60 65 970
65 60 970
60 79 897
79 60 897
61 90 630
90 61 630
61 92 773
92 61 773
61 91 419
91 61 419
61 88 169
88 61 169
61 81 235
81 61 235
61 89 760
89 61 760
61 81 898
81 61 898
61 87 197
87 61 197
61 85 871
85 61 871
61 74 186
74 61 186
62 76 1
76 62 1
62 84 23
84 62 23
62 78 285
78 62 285
62 86 82
86 62 82
62 72 745
72 62 745
62 85 825
85 62 825
62 68 566
68 62 566
62 68 69
68 62 69
62 63 249
63 62 249
63 70 787
70 63 787
63 91 713
91 63 713
63 82 225
82 63 225
63 80 27
80 63 27
63 92 283
92 63 283
63 64 578
64 63 578
64 89 160
89 64 160
64 96 663
96 64 663
64 94 570
94 64 570
64 75 209
75 64 209
64 65 401
65 64 401
65 95 210
95 65 210
65 88 5
88 65 5
65 88 996
88 65 996
65 95 426
95 65 426
65 82 52
82 65 52
65 67 772
67 65 772
66 90 131
90 66 131
66 88 566
88 66 566
66 83 756
83 66 756
66 80 860
80 66 860
66 77 932
77 66 932
66 74 331
74 66 331
66 87 650
87 66 650
67 75 247
75 67 247
67 87 491
87 67 491
67 94 877
94 67 877
67 81 428
81 67 428
67 91 250
91 67 250
67 76 295
76 67 295
67 72 825
72 67 825
67 85 817
85 67 817
67 89 281
89 67 281
67 69 200
69 67 200
68 81 469
81 68 469
68 90 812
90 68 812
68 91 660
91 68 660
69 74 976
74 69 976
69 73 346
73 69 346
69 80 152
80 69 152
69 80 380
80 69 380
69 82 217
82 69 217
70 73 524
73 70 524
70 86 122
86 70 122
70 72 777
72 70 777
70 95 723
95 70 723
70 83 328
83 70 328
70 92 846
92 70 846
71 80 238
80 71 238
71 88 860
88 71 860
71 91 436
91 71 436
71 91 822
91 71 822
72 81 424
81 72 424
72 80 497
80 72 497
72 87 490
87 72 490
72 84 324
84 72 324
72 79 663
79 72 663
73 74 358
74 73 358
73 86 869
86 73 869
73 79 559
79 73 559
73 73 202
73 73 202
73 76 395
76 73 395
73 94 213
94 73 213
73 84 825
84 73 825
73 75 875
75 73 875
73 74 411
74 73 411
73 84 578
84 73 578
74 78 944
78 74 944
74 82 811
82 74 811
74 90 681
90 74 681
74 81 663
81 74 663
75 89 566
89 75 566
75 87 849
87 75 849
75 76 310
76 75 310
76 88 432
88 76 432
76 89 888
89 76 888
76 84 120
84 76 120
76 83 20
83 76 20
76 86 946
86 76 946
77 93 798
93 77 798
77 78 332
78 77 332
77 83 575
83 77 575
77 90 56
90 77 56
78 90 893
90 78 893
78 79 976
79 78 976
78 96 423
96 78 423
78 84 910
84 78 910
79 96 309
96 79 309
79 87 154
87 79 154
80 86 229
86 80 229
80 88 154
88 80 154
81 91 406
91 81 406
81 88 702
88 81 702
82 83 882
83 82 882
82 95 922
95 82 922
82 89 875
89 82 875
83 94 442
94 83 442
83 96 770
96 83 770
83 85 893
85 83 893
83 85 492
85 83 492
84 86 954
86 84 954
84 96 927
96 84 927
84 96 6
96 84 6
84 96 671
96 84 671
84 93 788
93 84 788
86 90 999
90 86 999
86 90 433
90 86 433
86 90 6
90 86 6
87 88 672
88 87 672
87 89 106
89 87 106
89 95 91
95 89 91
90 92 851
92 90 851
90 94 501
94 90 501
90 90 456
90 90 456
91 92 178
92 91 178
94 96 711
96 94 711
