70

0 1 237
1 0 237
0 4 281
4 0 281
0 9 347
9 0 347
0 28 295
28 0 295
0 46 104
46 0 104
0 66 851
66 0 851
0 30 6
30 0 6
0 20 83
20 0 83
0 53 722
53 0 722
0 64 414
64 0 414
0 34 770
34 0 770
1 2 601
2 1 601
1 3 198
3 1 198
1 13 87
13 1 87
1 37 105
37 1 105
1 41 305
41 1 305
1 62 549
62 1 549
1 64 134
64 1 134
1 14 604
14 1 604
1 4 767
4 1 767
2 17 496
17 2 496
2 31 699
31 2 699
2 44 222
44 2 222
2 50 51
50 2 51
2 57 107
57 2 107
2 68 755
68 2 755
2 43 134
43 2 134
2 33 154
33 2 154
2 9 984
9 2 984
3 16 576
16 3 576
3 26 281
26 3 281
3 39 595
39 3 595
3 27 434
27 3 434
3 23 750
23 3 750
4 5 206
5 4 206
4 6 17
6 4 17
4 29 629
29 4 629
4 14 107
14 4 107
4 68 733
68 4 733
4 64 806
64 4 806
4 31 478
31 4 478
4 7 575
7 4 575
4 49 726
49 4 726
4 63 860
63 4 860
5 7 389
7 5 389
5 15 780
15 5 780
5 18 775
18 5 775
5 12 647
12 5 647
5 49 192
49 5 192
5 56 477
56 5 477
5 32 656
32 5 656
5 68 566
68 5 566
6 8 510
8 6 510
6 35 216
35 6 216
6 36 27
36 6 27
6 11 919
11 6 919
6 39 697
39 6 697
6 47 715
47 6 715
6 55 908
55 6 908
6 34 963
34 6 963
6 7 382
7 6 382
7 10 194
10 7 194
7 18 599
18 7 599
7 27 623
27 7 623
7 27 759
27 7 759
7 53 888
53 7 888
7 66 140
66 7 140
7 67 368
67 7 368
7 68 208
68 7 208
7 49 494
49 7 494
7 62 942
62 7 942
7 56 352
56 7 352
7 39 144
39 7 144
7 43 298
43 7 298
7 33 82
33 7 82
8 11 716
11 8 716
8 12 384
12 8 384
8 19 69
19 8 69
8 38 788
38 8 788
8 14 281
14 8 281
8 20 760
20 8 760
9 48 5
48 9 5
9 54 193
54 9 193
9 47 402
47 9 402
9 18 895
18 9 895
9 56 166
56 9 166
9 43 15
43 9 15
9 34 514
34 9 514
9 47 892
47 9 892
9 57 722
57 9 722
10 21 226
21 10 226
10 28 596
28 10 596
10 64 5
64 10 5
10 64 396
64 10 396
10 54 632
54 10 632
10 33 916
33 10 916
11 25 387
25 11 387
11 58 741
58 11 741
11 63 54
63 11 54
11 16 239
16 11 239
12 26 193
26 12 193
12 26 81
26 12 81
12 29 416
29 12 416
12 33 847
33 12 847
12 38 246
38 12 246
12 58 952
58 12 952
13 14 223
14 13 223
13 51 97
51 13 97
13 33 125
33 13 125
13 53 191
53 13 191
13 35 199
35 13 199
13 69 906
69 13 906
13 30 180
30 13 180
13 58 185
58 13 185
13 49 776
49 13 776
13 24 349
24 13 349
14 16 40
16 14 40
14 66 744
66 14 744
14 42 911
42 14 911
14 32 25
32 14 25
14 42 748
42 14 748
14 31 969
31 14 969
14 31 322
31 14 322
15 30 580
30 15 580
15 50 3
50 15 3
15 38 775
38 15 775
15 68 961
68 15 961
15 17 675
17 15 675
15 67 748
67 15 748
16 20 990
20 16 990
16 58 467
58 16 467
16 29 363
29 16 363
16 52 497
52 16 497
16 32 617
32 16 617
16 58 641
58 16 641
16 39 621
39 16 621
16 66 291
66 16 291
16 30 900
30 16 900
17 56 128
56 17 128
17 44 710
44 17 710
17 32 507
32 17 507
17 35 471
35 17 471
17 44 228
44 17 228
17 46 552
46 17 552
17 41 209
41 17 209
17 55 81
55 17 81
17 44 48
44 17 48
17 32 132
32 17 132
18 22 894
22 18 894
18 38 636
38 18 636
18 28 762
28 18 762
18 21 691
21 18 691
18 22 663
22 18 663
18 61 616
61 18 616
19 23 707
23 19 707
19 30 729
30 19 729
19 40 603
40 19 603
19 47 860
47 19 860
19 51 760
51 19 760
19 25 516
25 19 516
19 32 230
32 19 230
19 67 856
67 19 856
19 52 420
52 19 420
19 19 874
19 19 874
19 52 301
52 19 301
19 22 829
22 19 829
20 45 356
45 20 356
20 26 267
26 20 267
20 27 187
27 20 187
21 65 985
65 21 985
21 62 536
62 21 536
21 34 879
34 21 879
21 24 738
24 21 738
21 57 675
57 21 675
21 32 869
32 21 869
21 51 689
51 21 689
22 24 652
24 22 652
22 53 282
53 22 282
22 40 325
40 22 325
22 54 240
54 22 240
22 52 233
52 22 233
22 37 266
37 22 266
22 34 571
34 22 571
22 62 347
62 22 347
22 35 596
35 22 596
22 67 369
67 22 369
23 67 502
67 23 502
23 69 156
69 23 156
23 52 926
52 23 926
23 67 486
67 23 486
23 54 174
54 23 174
23 41 168
41 23 168
24 59 255
59 24 255
24 29 361
29 24 361
24 61 577
61 24 577
25 68 210
68 25 210
25 46 21
46 25 21
26 57 383
57 26 383
26 46 484
46 26 484
26 42 284
42 26 284
26 42 782
42 26 782
26 30 874
30 26 874
26 41 933
41 26 933
26 54 776
54 26 776
27 32 766
32 27 766
27 49 922
49 27 922
27 47 333
47 27 333
27 49 965
49 27 965
27 42 778
42 27 778
28 56 926
56 28 926
28 38 530
38 28 530
28 33 323
33 28 323
28 49 646
49 28 646
29 34 527
34 29 527
29 63 816
63 29 816
29 51 434
51 29 434
29 67 595
67 29 595
29 57 519
57 29 519
30 50 266
50 30 266
30 49 760
49 30 760
30 48 807
48 30 807
30 31 488
31 30 488
30 30 151
30 30 151
30 56 593
56 30 593
31 33 368
33 31 368
31 60 896
60 31 896
31 50 997
50 31 997
32 42 776
42 32 776
32 60 460
60 32 460
33 42 94
42 33 94
33 48 424
48 33 424
33 68 339
68 33 339
33 55 860
55 33 860
34 43 292
43 34 292
34 62 112
62 34 112
34 39 889
39 34 889
34 54 582
54 34 582
34 51 250
51 34 250
34 60 39
60 34 39
35 38 970
38 35 970
35 46 995
46 35 995
35 45 999
45 35 999
36 44 950
44 36 950
36 49 636
49 36 636
36 66 115
66 36 115
36 45 579
45 36 579
37 39 974
39 37 974
37 61 648
61 37 648
37 47 635
47 37 635
38 52 129
52 38 129
38 69 613
69 38 613
38 69 759
69 38 759
38 58 154
58 38 154
39 45 658
45 39 658
39 64 634
64 39 634
40 65 457
65 40 457
41 59 810
59 41 810
41 52 839
52 41 839
41 66 494
66 41 494
41 56 392
56 41 392
41 63 240
63 41 240
42 68 160
68 42 160
42 66 434
66 42 434
42 55 48
55 42 48
43 54 514
54 43 514
43 50 235
50 43 235
43 62 774
62 43 774
44 54 501
54 44 501
44 59 29
59 44 29
44 47 640
47 44 640
44 57 482
57 44 482
44 53 107
53 44 107
45 60 623
60 45 623
45 51 135
51 45 135
45 66 598
66 45 598
45 69 114
69 45 114
46 64 258
64 46 258
46 68 688
68 46 688
46 53 993
53 46 993
47 52 979
52 47 979
47 55 999
55 47 999
47 63 641
63 47 641
47 54 251
54 47 251
47 60 840
60 47 840
47 50 831
50 47 831
48 53 67
53 48 67
49 69 25
69 49 25
49 52 479
52 49 479
49 63 47
63 49 47
50 64 654
64 50 654
50 66 501
66 50 501
51 62 670
62 51 670
52 65 845
65 52 845
53 65 475
65 53 475
54 55 649
55 54 649
54 69 266
69 54 266
54 69 283
69 54 283
55 62 899
62 55 899
55 68 188
68 55 188
55 58 36
58 55 36
57 58 692
58 57 692
59 68 132
68 59 132
59 68 862
68 59 862
60 60 829
60 60 829
60 62 448
62 60 448
62 64 927
64 62 927
64 68 35
68 64 35
