96

0 1 62
1 0 62
0 2 496
2 0 496
0 24 36
24 0 36
0 45 414
45 0 414
0 57 412
57 0 412
0 72 648
72 0 648
0 29 894
29 0 894
0 46 715
46 0 715
0 10 180
10 0 180
0 4 4
4 0 4
0 44 449
44 0 449
1 7 713
7 1 713
1 9 88
9 1 88
1 78 95
78 1 95
1 84 858
84 1 858
1 77 190
77 1 190
1 60 444
60 1 444
1 35 214
35 1 214
1 37 650
37 1 650
2 3 580
3 2 580
2 6 712
6 2 712
2 11 791
11 2 791
2 30 165
30 2 165
2 42 638
42 2 638
2 43 93
43 2 93
2 58 476
58 2 476
2 63 554
63 2 554
2 83 837
83 2 837
2 36 492
36 2 492
2 95 92
95 2 92
2 43 868
43 2 868
2 26 292
26 2 292
2 94 444
94 2 444
2 18 890
18 2 890
2 75 286
75 2 286
2 63 699
63 2 699
2 8 646
8 2 646
3 4 327
4 3 327
3 12 975
12 3 975
3 25 322
25 3 322
3 27 68
27 3 68
3 33 588
33 3 588
3 93 307
93 3 307
3 51 927
51 3 927
4 5 891
5 4 891
4 10 992
10 4 992
4 15 815
15 4 815
4 28 959
28 4 959
4 41 220
41 4 220
4 93 867
93 4 867
4 93 105
93 4 105
5 14 723
14 5 723
5 16 741
16 5 741
5 56 784
56 5 784
5 79 596
79 5 596
5 19 692
19 5 692
5 77 822
77 5 822
5 57 872
57 5 872
5 63 205
63 5 205
5 37 371
37 5 371
5 71 869
71 5 869
5 62 68
62 5 68
5 84 993
84 5 993
5 33 109
33 5 109
5 28 224
28 5 224
5 46 592
46 5 592
6 8 447
8 6 447
6 22 704
22 6 704
6 89 475
89 6 475
6 19 129
19 6 129
6 74 706
74 6 706
6 30 959
30 6 959
6 67 92
67 6 92
7 26 633
26 7 633
7 70 847
70 7 847
7 31 324
31 7 324
7 40 634
40 7 634
7 10 894
10 7 894
7 38 342
38 7 342
7 73 241
73 7 241
7 56 528
56 7 528
7 88 532
88 7 532
8 13 653
13 8 653
8 57 545
57 8 545
8 73 695
73 8 695
8 36 761
36 8 761
8 14 930
14 8 930
8 90 917
90 8 917
9 52 81
52 9 81
9 53 399
53 9 399
9 85 723
85 9 723
9 52 997
52 9 997
9 80 127
80 9 127
9 66 423
66 9 423
9 70 512
70 9 512
9 15 62
15 9 62
9 84 495
84 9 495
9 62 651
62 9 651
9 60 757
60 9 757
9 73 970
73 9 970
9 74 602
74 9 602
10 18 70
18 10 70
10 59 314
59 10 314
10 63 82
63 10 82
10 69 247
69 10 247
10 95 409
95 10 409
10 78 820
78 10 820
10 20 330
20 10 330
10 16 350
16 10 350
10 74 392
74 10 392
10 67 192
67 10 192
10 79 770
79 10 770
10 42 655
42 10 655
11 20 858
20 11 858
11 76 824
76 11 824
11 83 565
83 11 565
11 95 949
95 11 949
11 35 897
35 11 897
11 42 899
42 11 899
11 69 562
69 11 562
11 23 227
23 11 227
11 93 214
93 11 214
12 45 841
45 12 841
12 52 80
52 12 80
12 51 367
51 12 367
12 64 274
64 12 274
12 36 523
36 12 523
12 46 311
46 12 311
12 63 907
63 12 907
13 37 877
37 13 877
13 76 702
76 13 702
13 91 947
91 13 947
13 17 303
17 13 303
13 46 442
46 13 442
13 82 128
82 13 128
13 62 505
62 13 505
13 42 476
42 13 476
14 90 616
90 14 616
14 82 313
82 14 313
14 36 223
36 14 223
14 55 731
55 14 731
14 49 244
49 14 244
15 19 888
19 15 888
15 47 927
47 15 927
15 19 628
19 15 628
15 57 439
57 15 439
15 89 303
89 15 303
15 84 755
84 15 755
15 16 486
16 15 486
15 93 999
93 15 999
15 48 42
48 15 42
15 32 296
32 15 296
15 35 801
35 15 801
15 41 717
41 15 717
16 17 387
17 16 387
16 21 684
21 16 684
16 38 353
38 16 353
16 54 571
54 16 571
16 86 532
86 16 532
16 48 66
48 16 66
16 52 922
52 16 922
16 49 430
49 16 430
16 54 262
54 16 262
16 23 982
23 16 982
17 23 351
23 17 351
17 78 836
78 17 836
17 93 771
93 17 771
17 82 498
82 17 498
17 55 462
55 17 462
18 33 449
33 18 449
18 44 940
44 18 940
18 40 651
40 18 651
18 35 228
35 18 228
18 40 996
40 18 996
18 75 247
75 18 247
18 58 199
58 18 199
18 80 324
80 18 324
18 24 866
24 18 866
18 26 293
26 18 293
18 73 456
73 18 456
19 29 919
29 19 919
19 46 997
46 19 997
19 65 70
65 19 70
19 94 790
94 19 790
19 57 194
57 19 194
19 68 643
68 19 643
19 72 635
72 19 635
19 70 531
70 19 531
20 31 397
31 20 397
20 75 819
75 20 819
20 53 791
53 20 791
20 36 539
36 20 539
20 28 202
28 20 202
20 69 474
69 20 474
20 86 663
86 20 663
21 52 556
52 21 556
21 90 413
90 21 413
21 93 866
93 21 866
21 51 18
51 21 18
21 36 840
36 21 840
21 37 439
37 21 439
21 81 459
81 21 459
22 30 490
30 22 490
22 77 221
77 22 221
22 52 45
52 22 45
22 70 483
70 22 483
23 40 352
40 23 352
23 74 430
74 23 430
23 33 659
33 23 659
23 50 561
50 23 561
23 43 127
43 23 127
23 66 587
66 23 587
23 53 241
53 23 241
24 44 774
44 24 774
24 65 679
65 24 679
25 32 710
32 25 710
25 34 871
34 25 871
25 88 256
88 25 256
25 48 921
48 25 921
25 94 697
94 25 697
25 94 420
94 25 420
25 26 700
26 25 700
25 70 940
70 25 940
25 86 64
86 25 64
25 71 654
71 25 654
25 37 275
37 25 275
25 88 49
88 25 49
25 79 308
79 25 308
25 27 568
27 25 568
26 39 711
39 26 711
26 62 920
62 26 920
26 40 900
40 26 900
26 31 550
31 26 550
27 73 755
73 27 755
27 34 101
34 27 101
27 58 888
58 27 888
27 33 557
33 27 557
27 78 317
78 27 317
27 61 606
61 27 606
28 71 935
71 28 935
28 81 740
81 28 740
28 61 502
61 28 502
28 54 442
54 28 442
28 78 516
78 28 516
28 47 557
47 28 557
28 74 837
74 28 837
28 59 779
59 28 779
28 31 75
31 28 75
28 84 880
84 28 880
28 44 543
44 28 543
29 39 502
39 29 502
29 61 413
61 29 413
29 92 103
92 29 103
29 77 872
77 29 872
29 84 619
84 29 619
29 58 656
58 29 656
29 63 892
63 29 892
30 83 244
83 30 244
30 72 415
72 30 415
30 84 595
84 30 595
30 53 325
53 30 325
31 52 316
52 31 316
31 41 696
41 31 696
31 49 484
49 31 484
31 92 93
92 31 93
32 48 741
48 32 741
32 41 709
41 32 709
33 35 654
35 33 654
33 36 107
36 33 107
33 51 600
51 33 600
33 67 403
67 33 403
33 80 24
80 33 24
33 65 536
65 33 536
33 71 936
71 33 936
33 85 190
85 33 190
34 39 607
39 34 607
34 41 424
41 34 424
34 88 215
88 34 215
34 63 621
63 34 621
34 48 919
48 34 919
34 94 452
94 34 452
34 67 74
67 34 74
34 47 545
47 34 545
35 55 838
55 35 838
35 87 647
87 35 647
35 79 274
79 35 274
35 81 256
81 35 256
35 79 762
79 35 762
35 56 175
56 35 175
36 49 156
49 36 156
36 92 333
92 36 333
36 68 45
68 36 45
36 71 957
71 36 957
37 49 156
49 37 156
37 49 298
49 37 298
37 52 897
52 37 897
37 38 995
38 37 995
38 50 543
50 38 543
38 51 658
51 38 658
38 73 694
73 38 694
38 83 404
83 38 404
39 67 371
67 39 371
39 53 322
53 39 322
39 42 487
42 39 487
39 44 859
44 39 859
39 54 286
54 39 286
40 48 219
48 40 219
40 58 511
58 40 511
40 81 895
81 40 895
41 90 729
90 41 729
41 70 698
70 41 698
41 84 310
84 41 310
41 85 704
85 41 704
42 87 110
87 42 110
42 60 59
60 42 59
43 68 122
68 43 122
43 92 792
92 43 792
43 49 318
49 43 318
43 77 788
77 43 788
44 48 842
48 44 842
44 72 90
72 44 90
44 68 802
68 44 802
45 91 322
91 45 322
45 59 500
59 45 500
45 95 805
95 45 805
45 45 349
45 45 349
45 77 312
77 45 312
46 79 772
79 46 772
46 87 211
87 46 211
46 85 808
85 46 808
48 84 586
84 48 586
48 95 835
95 48 835
48 56 465
56 48 465
49 60 88
60 49 88
49 64 982
64 49 982
49 91 125
91 49 125
49 53 871
53 49 871
49 70 895
70 49 895
49 73 996
73 49 996
50 77 679
77 50 679
50 71 957
71 50 957
50 70 870
70 50 870
50 87 866
87 50 866
51 93 755
93 51 755
52 62 496
62 52 496
52 93 504
93 52 504
52 74 632
74 52 632
52 63 39
63 52 39
52 71 218
71 52 218
52 82 754
82 52 754
52 92 292
92 52 292
53 89 663
89 53 663
53 94 404
94 53 404
53 91 511
91 53 511
54 80 456
80 54 456
55 78 352
78 55 352
55 67 88
67 55 88
55 81 339
81 55 339
55 76 982
76 55 982
55 78 743
78 55 743
56 84 231
84 56 231
56 84 350
84 56 350
56 57 937
57 56 937
56 88 752
88 56 752
56 92 963
92 56 963
56 82 674
82 56 674
56 81 134
81 56 134
57 66 177
66 57 177
57 68 397
68 57 397
57 59 144
59 57 144
57 61 266
61 57 266
57 87 706
87 57 706
58 85 653
85 58 653
58 59 516
59 58 516
58 90 32
90 58 32
59 63 528
63 59 528
59 60 94
60 59 94
59 62 986
62 59 986
59 92 484
92 59 484
59 84 154
84 59 154
60 68 398
68 60 398
61 64 522
64 61 522
62 85 474
85 62 474
62 75 890
75 62 890
63 67 769
67 63 769
63 85 909
85 63 909
63 71 268
71 63 268
64 74 450
74 64 450
64 66 905
66 64 905
65 88 49
88 65 49
65 68 340
68 65 340
66 68 744
68 66 744
66 85 111
85 66 111
66 67 691
67 66 691
67 78 675
78 67 675
67 92 68
92 67 68
67 72 832
72 67 832
69 87 319
87 69 319
70 83 962
83 70 962
71 95 889
95 71 889
72 90 799
90 72 799
73 82 346
82 73 346
73 77 902
77 73 902
73 86 884
86 73 884
73 76 114
76 73 114
73 91 336
91 73 336
74 76 737
76 74 737
74 77 289
77 74 289
75 89 762
89 75 762
75 84 381
84 75 381
75 76 484
76 75 484
77 77 925
77 77 925
77 87 834
87 77 834
78 94 584
94 78 584
78 84 611
84 78 611
79 91 901
91 79 901
79 95 239
95 79 239
79 95 926
95 79 926
80 85 746
85 80 746
80 93 350
93 80 350
80 94 570
94 80 570
81 94 367
94 81 367
84 84 123
84 84 123
87 92 384
92 87 384
87 88 318
88 87 318
89 90 777
90 89 777
91 94 375
94 91 375
92 95 814
95 92 814
92 95 729
95 92 729
92 92 226
92 92 226
