81

0 1 833
1 0 833
0 9 955
9 0 955
0 11 456
11 0 456
0 56 443
56 0 443
0 10 105
10 0 105
0 45 445
45 0 445
0 37 397
37 0 397
0 72 782
72 0 782
0 56 49
56 0 49
0 6 342
6 0 342
0 15 679
15 0 679
0 74 671
74 0 671
0 14 433
14 0 433
0 63 876
63 0 876
0 68 717
68 0 717
0 43 959
43 0 959
0 79 835
79 0 835
0 6 161
6 0 161
0 20 771
20 0 771
0 7 291
7 0 291
0 52 515
52 0 515
1 2 79
2 1 79
1 3 532
3 1 532
1 5 458
5 1 458
1 10 67
10 1 67
1 45 249
45 1 249
1 59 787
59 1 787
1 53 109
53 1 109
1 75 961
75 1 961
1 41 746
41 1 746
1 74 424
74 1 424
1 11 658
11 1 658
1 78 802
78 1 802
2 4 655
4 2 655
2 23 823
23 2 823
2 32 635
32 2 635
2 29 748
29 2 748
2 9 965
9 2 965
2 74 932
74 2 932
2 74 743
74 2 743
2 8 239
8 2 239
2 34 351
34 2 351
2 79 437
79 2 437
2 74 174
74 2 174
2 32 254
32 2 254
2 71 522
71 2 522
2 60 207
60 2 207
2 62 978
62 2 978
2 11 194
11 2 194
2 38 229
38 2 229
2 18 368
18 2 368
2 53 429
53 2 429
2 55 678
55 2 678
3 7 584
7 3 584
3 8 710
8 3 710
3 21 968
21 3 968
3 42 106
42 3 106
3 45 690
45 3 690
3 42 108
42 3 108
3 47 335
47 3 335
3 24 694
24 3 694
3 33 485
33 3 485
3 33 363
33 3 363
3 49 498
49 3 498
4 6 52
6 4 52
4 13 101
13 4 101
4 18 727
18 4 727
4 35 149
35 4 149
4 16 763
16 4 763
4 69 728
69 4 728
4 4 978
4 4 978
4 61 871
61 4 871
4 66 304
66 4 304
4 35 653
35 4 653
4 13 371
13 4 371
4 42 822
42 4 822
4 46 78
46 4 78
4 44 799
44 4 799
4 47 800
47 4 800
5 26 245
26 5 245
5 30 256
30 5 256
5 77 734
77 5 734
5 64 954
64 5 954
5 9 573
9 5 573
5 54 251
54 5 251
5 80 892
80 5 892
5 46 685
46 5 685
5 24 194
24 5 194
5 12 751
12 5 751
5 9 752
9 5 752
6 14 204
14 6 204
6 11 542
11 6 542
6 23 879
23 6 879
6 44 198
44 6 198
6 57 170
57 6 170
6 79 804
79 6 804
6 78 222
78 6 222
6 41 608
41 6 608
6 65 260
65 6 260
6 62 355
62 6 355
6 35 235
35 6 235
6 80 731
80 6 731
6 72 67
72 6 67
7 15 952
15 7 952
7 69 269
69 7 269
7 59 897
59 7 897
7 77 632
77 7 632
7 31 932
31 7 932
7 61 257
61 7 257
7 76 233
76 7 233
7 14 456
14 7 456
7 70 933
70 7 933
7 49 282
49 7 282
7 7 550
7 7 550
8 28 502
28 8 502
8 73 272
73 8 272
8 59 363
59 8 363
8 40 510
40 8 510
8 18 214
18 8 214
8 73 597
73 8 597
8 77 618
77 8 618
8 60 876
60 8 876
8 46 921
46 8 921
8 78 980
78 8 980
8 43 546
43 8 546
8 45 938
45 8 938
9 19 361
19 9 361
9 22 790
22 9 790
9 24 331
24 9 331
9 12 706
12 9 706
9 56 898
56 9 898
9 51 188
51 9 188
9 75 520
75 9 520
9 16 581
16 9 581
9 54 107
54 9 107
9 12 676
12 9 676
10 12 701
12 10 701
10 16 335
16 10 335
10 60 845
60 10 845
10 42 39
42 10 39
10 61 137
61 10 137
10 49 642
49 10 642
10 72 168
72 10 168
10 44 466
44 10 466
10 34 876
34 10 876
10 18 46
18 10 46
10 70 146
70 10 146
11 15 469
15 11 469
11 41 41
41 11 41
11 22 749
22 11 749
11 74 3
74 11 3
11 64 179
64 11 179
11 41 910
41 11 910
11 49 365
49 11 365
11 34 138
34 11 138
11 58 250
58 11 250
12 38 422
38 12 422
12 53 612
53 12 612
12 49 296
49 12 296
12 32 279
32 12 279
12 27 872
27 12 872
12 71 818
71 12 818
12 29 826
29 12 826
12 34 655
34 12 655
12 19 738
19 12 738
12 66 367
66 12 367
12 43 298
43 12 298
13 14 354
14 13 354
13 20 589
20 13 589
13 36 578
36 13 578
13 69 212
69 13 212
13 39 902
39 13 902
13 48 446
48 13 446
13 29 145
29 13 145
13 54 921
54 13 921
13 49 271
49 13 271
13 39 664
39 13 664
13 58 866
58 13 866
13 58 872
58 13 872
13 14 348
14 13 348
14 76 550
76 14 550
14 48 978
48 14 978
14 74 516
74 14 516
14 35 233
35 14 233
15 46 112
46 15 112
15 67 10
67 15 10
15 24 223
24 15 223
15 15 193
15 15 193
15 27 207
27 15 207
15 72 127
72 15 127
15 38 749
38 15 749
15 42 61
42 15 61
15 38 306
38 15 306
16 17 539
17 16 539
16 18 876
18 16 876
16 56 751
56 16 751
16 32 671
32 16 671
16 50 476
50 16 476
16 19 144
19 16 144
16 38 711
38 16 711
16 73 970
73 16 970
16 65 740
65 16 740
16 33 846
33 16 846
17 33 26
33 17 26
17 57 456
57 17 456
17 44 115
44 17 115
17 37 914
37 17 914
17 23 315
23 17 315
17 45 124
45 17 124
17 42 952
42 17 952
17 73 569
73 17 569
17 40 643
40 17 643
17 61 484
61 17 484
17 19 212
19 17 212
18 29 544
29 18 544
18 45 344
45 18 344
18 74 307
74 18 307
18 21 815
21 18 815
18 58 959
58 18 959
18 67 18
67 18 18
19 32 841
32 19 841
19 40 364
40 19 364
19 78 782
78 19 782
19 51 408
51 19 408
20 48 417
48 20 417
20 64 717
64 20 717
20 75 303
75 20 303
20 34 812
34 20 812
20 65 771
65 20 771
20 21 940
21 20 940
20 49 229
49 20 229
20 28 703
28 20 703
20 39 788
39 20 788
20 34 191
34 20 191
20 59 750
59 20 750
20 43 49
43 20 49
21 34 95
34 21 95
21 71 146
71 21 146
21 31 499
31 21 499
21 25 738
25 21 738
21 73 536
73 21 536
21 30 63
30 21 63
21 50 765
50 21 765
22 54 641
54 22 641
22 78 183
78 22 183
22 23 448
23 22 448
22 59 809
59 22 809
22 36 66
36 22 66
22 58 655
58 22 655
22 56 774
56 22 774
22 28 913
28 22 913
22 37 150
37 22 150
23 43 282
43 23 282
23 55 215
55 23 215
23 75 83
75 23 83
23 70 856
70 23 856
23 56 404
56 23 404
23 46 37
46 23 37
24 25 620
25 24 620
24 27 924
27 24 924
24 40 934
40 24 934
24 27 356
27 24 356
24 64 940
64 24 940
24 60 100
60 24 100
24 52 777
52 24 777
25 51 648
51 25 648
25 61 39
61 25 39
25 69 91
69 25 91
25 41 329
41 25 329
25 63 38
63 25 38
25 42 293
42 25 293
26 37 943
37 26 943
26 56 898
56 26 898
26 27 757
27 26 757
26 39 438
39 26 438
26 73 584
73 26 584
26 64 954
64 26 954
26 44 516
44 26 516
27 60 373
60 27 373
27 59 897
59 27 897
27 40 410
40 27 410
27 45 278
45 27 278
27 55 413
55 27 413
27 45 765
45 27 765
28 63 572
63 28 572
28 38 307
38 28 307
28 57 296
57 28 296
28 47 122
47 28 122
28 62 124
62 28 124
28 62 712
62 28 712
28 38 498
38 28 498
29 31 822
31 29 822
29 44 575
44 29 575
29 80 929
80 29 929
29 37 793
37 29 793
29 70 726
70 29 726
29 45 197
45 29 197
29 71 430
71 29 430
29 71 707
71 29 707
29 42 966
42 29 966
29 34 579
34 29 579
29 50 798
50 29 798
29 40 236
40 29 236
29 80 967
80 29 967
29 53 338
53 29 338
30 50 507
50 30 507
30 55 403
55 30 403
30 39 584
39 30 584
30 52 85
52 30 85
30 62 939
62 30 939
31 70 657
70 31 657
31 68 30
68 31 30
32 42 889
42 32 889
32 69 775
69 32 775
32 53 560
53 32 560
32 51 743
51 32 743
32 80 966
80 32 966
32 35 539
35 32 539
32 34 872
34 32 872
33 49 996
49 33 996
33 58 837
58 33 837
33 64 848
64 33 848
33 43 952
43 33 952
33 76 264
76 33 264
33 68 250
68 33 250
33 53 367
53 33 367
33 50 187
50 33 187
33 68 962
68 33 962
33 39 935
39 33 935
33 40 625
40 33 625
33 68 525
68 33 525
34 39 304
39 34 304
34 46 746
46 34 746
34 49 338
49 34 338
34 49 567
49 34 567
35 45 426
45 35 426
35 66 262
66 35 262
35 80 981
80 35 981
35 40 468
40 35 468
35 47 708
47 35 708
35 65 473
65 35 473
36 71 940
71 36 940
36 41 748
41 36 748
36 48 292
48 36 292
36 63 635
63 36 635
37 47 506
47 37 506
37 79 224
79 37 224
37 67 339
67 37 339
37 67 167
67 37 167
37 73 470
73 37 470
37 47 6
47 37 6
38 70 337
70 38 337
38 72 342
72 38 342
38 42 554
42 38 554
38 72 213
72 38 213
38 62 978
62 38 978
38 75 130
75 38 130
39 46 288
46 39 288
39 63 53
63 39 53
39 65 319
65 39 319
40 52 907
52 40 907
40 43 826
43 40 826
41 60 908
60 41 908
41 46 587
46 41 587
41 45 150
45 41 150
41 69 897
69 41 897
41 63 920
63 41 920
41 78 419
78 41 419
41 49 969
49 41 969
42 48 344
48 42 344
42 79 821
79 42 821
42 75 160
75 42 160
42 76 283
76 42 283
42 72 153
72 42 153
43 68 873
68 43 873
43 59 86
59 43 86
43 76 190
76 43 190
43 60 358
60 43 358
45 50 254
50 45 254
45 65 326
65 45 326
46 72 523
72 46 523
46 50 446
50 46 446
46 47 633
47 46 633
47 56 613
56 47 613
47 66 376
66 47 376
47 79 628
79 47 628
48 74 151
74 48 151
50 55 211
55 50 211
50 59 910
59 50 910
50 62 503
62 50 503
51 67 475
67 51 475
51 61 622
61 51 622
52 64 365
64 52 365
53 62 111
62 53 111
53 59 380
59 53 380
53 66 874
66 53 874
53 64 37
64 53 37
53 71 508
71 53 508
53 60 857
60 53 857
54 69 382
69 54 382
54 78 211
78 54 211
54 57 108
57 54 108
54 68 562
68 54 562
54 62 491
62 54 491
55 57 439
57 55 439
55 66 736
66 55 736
56 66 855
66 56 855
56 58 36
58 56 36
56 62 836
62 56 836
56 78 25
78 56 25
56 78 935
78 56 935
57 70 54
70 57 54
57 64 356
64 57 356
57 60 490
60 57 490
57 66 401
66 57 401
57 69 774
69 57 774
58 65 692
65 58 692
59 66 185
66 59 185
60 61 147
61 60 147
60 69 159
69 60 159
61 70 897
70 61 897
61 73 214
73 61 214
62 80 190
80 62 190
62 69 223
69 62 223
62 69 998
69 62 998
62 64 694
64 62 694
63 71 910
71 63 910
64 72 831
72 64 831
64 73 71
73 64 71
65 76 600
76 65 600
66 79 540
79 66 540
66 71 649
71 66 649
66 74 737
74 66 737
67 70 637
70 67 637
68 71 152
71 68 152
68 76 391
76 68 391
68 80 25
80 68 25
68 77 98
77 68 98
69 74 216
74 69 216
69 74 815
74 69 815
71 78 150
78 71 150
72 73 805
73 72 805
72 79 320
79 72 320
73 80 263
80 73 263
74 78 207
78 74 207
77 77 369
77 77 369
