96

0 1 267
1 0 267
0 2 443
2 0 443
0 9 465
9 0 465
0 25 27
25 0 27
0 34 784
34 0 784
0 41 977
41 0 977
0 54 374
54 0 374
0 62 33
62 0 33
0 12 7
12 0 7
0 81 186
81 0 186
0 29 371
29 0 371
0 9 878
9 0 878
0 9 506
9 0 506
0 79 950
79 0 950
1 4 931
4 1 931
1 58 488
58 1 488
1 79 125
79 1 125
1 21 800
21 1 800
1 67 472
67 1 472
1 75 540
75 1 540
1 40 943
40 1 943
1 63 789
63 1 789
1 78 662
78 1 662
1 60 458
60 1 458
1 15 573
15 1 573
1 20 499
20 1 499
1 37 263
37 1 263
1 29 29
29 1 29
1 32 516
32 1 516
1 28 719
28 1 719
2 3 290
3 2 290
2 5 659
5 2 659
2 13 744
13 2 744
2 30 921
30 2 921
2 84 758
84 2 758
2 93 181
93 2 181
2 21 97
21 2 97
2 25 183
25 2 183
2 5 866
5 2 866
2 46 559
46 2 559
2 73 645
73 2 645
2 83 126
83 2 126
2 42 295
42 2 295
2 2 810
2 2 810
2 78 58
78 2 58
2 82 73
82 2 73
2 75 315
75 2 315
2 8 263
8 2 263
2 65 301
65 2 301
2 9 131
9 2 131
2 67 242
67 2 242
2 18 989
18 2 989
2 59 328
59 2 328
2 5 728
5 2 728
3 6 584
6 3 584
3 7 873
7 3 873
3 16 718
16 3 718
3 50 540
50 3 540
3 40 865
40 3 865
3 45 628
45 3 628
3 71 587
71 3 587
3 47 11
47 3 11
3 87 770
87 3 770
3 7 790
7 3 790
3 44 64
44 3 64
3 67 37
67 3 37
3 18 750
18 3 750
4 8 92
8 4 92
4 37 604
37 4 604
4 57 69
57 4 69
4 91 266
91 4 266
4 63 755
63 4 755
4 29 842
29 4 842
4 25 133
25 4 133
4 61 747
61 4 747
4 60 604
60 4 604
4 73 279
73 4 279
4 54 712
54 4 712
4 72 375
72 4 375
5 15 566
15 5 566
5 24 845
24 5 845
5 59 240
59 5 240
5 62 602
62 5 602
5 57 62
57 5 62
5 34 212
34 5 212
5 5 133
5 5 133
5 62 52
62 5 52
5 81 849
81 5 849
5 13 768
13 5 768
5 77 894
77 5 894
5 36 368
36 5 368
5 82 972
82 5 972
5 88 415
88 5 415
5 60 849
60 5 849
5 44 137
44 5 137
5 74 225
74 5 225
5 36 79
36 5 79
6 36 445
36 6 445
6 51 896
51 6 896
6 83 733
83 6 733
6 35 321
35 6 321
6 11 491
11 6 491
6 83 679
83 6 679
6 88 497
88 6 497
6 13 615
13 6 615
6 47 950
47 6 950
6 16 750
16 6 750
6 62 638
62 6 638
6 76 345
76 6 345
7 14 549
14 7 549
7 47 759
47 7 759
7 60 626
60 7 626
7 83 431
83 7 431
7 9 841
9 7 841
7 42 601
42 7 601
7 24 729
24 7 729
7 67 904
67 7 904
7 81 855
81 7 855
7 82 454
82 7 454
7 93 704
93 7 704
7 76 993
76 7 993
7 91 991
91 7 991
7 17 747
17 7 747
7 72 452
72 7 452
7 49 825
49 7 825
8 10 667
10 8 667
8 38 438
38 8 438
8 48 331
48 8 331
8 63 563
63 8 563
8 11 762
11 8 762
8 83 753
83 8 753
8 76 260
76 8 260
8 64 118
64 8 118
8 27 926
27 8 926
8 79 908
79 8 908
8 11 467
11 8 467
8 26 743
26 8 743
8 88 122
88 8 122
8 80 854
80 8 854
8 19 374
19 8 374
8 14 91
14 8 91
9 11 638
11 9 638
9 19 945
19 9 945
9 69 267
69 9 267
9 70 182
70 9 182
9 31 703
31 9 703
9 19 697
19 9 697
9 52 590
52 9 590
9 94 910
94 9 910
9 30 586
30 9 586
9 49 839
49 9 839
9 51 377
51 9 377
9 29 85
29 9 85
10 12 385
12 10 385
10 81 522
81 10 522
10 32 22
32 10 22
10 76 186
76 10 186
10 87 82
87 10 82
10 12 1
12 10 1
10 85 773
85 10 773
10 81 36
81 10 36
10 19 820
19 10 820
10 22 402
22 10 402
10 28 476
28 10 476
10 35 113
35 10 113
10 68 436
68 10 436
10 40 987
40 10 987
10 39 183
39 10 183
11 21 914
21 11 914
11 50 613
50 11 613
11 40 642
40 11 642
11 72 437
72 11 437
11 92 685
92 11 685
11 29 531
29 11 531
11 16 96
16 11 96
11 87 506
87 11 506
11 58 111
58 11 111
11 40 70
40 11 70
11 93 894
93 11 894
11 35 267
35 11 267
12 87 831
87 12 831
12 52 330
52 12 330
12 60 750
60 12 750
12 33 500
33 12 500
12 66 503
66 12 503
12 29 608
29 12 608
12 32 87
32 12 87
12 82 915
82 12 915
12 19 880
19 12 880
12 65 649
65 12 649
12 88 326
88 12 326
12 43 27
43 12 27
12 51 847
51 12 847
12 49 982
49 12 982
12 44 679
44 12 679
12 14 409
14 12 409
12 60 121
60 12 121
12 53 366
53 12 366
12 66 962
66 12 962
13 22 294
22 13 294
13 23 683
23 13 683
13 53 737
53 13 737
13 61 168
61 13 168
13 46 967
46 13 967
13 77 927
77 13 927
13 44 460
44 13 460
13 21 333
21 13 333
13 57 413
57 13 413
13 82 93
82 13 93
13 31 845
31 13 845
13 20 155
20 13 155
13 46 196
46 13 196
13 25 775
25 13 775
14 20 604
20 14 604
14 33 614
33 14 614
14 70 701
70 14 701
14 88 697
88 14 697
14 77 925
77 14 925
14 57 892
57 14 892
14 83 728
83 14 728
14 75 240
75 14 240
14 56 476
56 14 476
14 43 815
43 14 815
14 80 348
80 14 348
14 18 590
18 14 590
14 29 753
29 14 753
14 85 247
85 14 247
14 76 310
76 14 310
14 21 818
21 14 818
14 58 726
58 14 726
15 40 761
40 15 761
15 49 504
49 15 504
15 56 393
56 15 393
15 73 567
73 15 567
15 86 94
86 15 94
15 36 552
36 15 552
15 51 281
51 15 281
15 52 676
52 15 676
15 81 328
81 15 328
15 67 958
67 15 958
16 17 65
17 16 65
16 18 678
18 16 678
16 41 295
41 16 295
16 46 577
46 16 577
16 59 41
59 16 41
16 95 784
95 16 784
16 35 169
35 16 169
16 33 32
33 16 32
16 52 576
52 16 576
16 63 293
63 16 293
16 48 204
48 16 204
16 79 709
79 16 709
16 71 422
71 16 422
16 46 413
46 16 413
17 43 908
43 17 908
17 59 427
59 17 427
17 72 673
72 17 673
17 53 786
53 17 786
17 70 622
70 17 622
17 26 342
26 17 342
17 44 465
44 17 465
17 68 799
68 17 799
17 45 849
45 17 849
17 81 512
81 17 512
17 23 906
23 17 906
17 91 204
91 17 204
17 29 500
29 17 500
17 82 539
82 17 539
17 83 971
83 17 971
17 66 50
66 17 50
17 89 75
89 17 75
18 39 448
39 18 448
18 74 676
74 18 676
18 75 334
75 18 334
18 34 259
34 18 259
18 82 620
82 18 620
18 64 758
64 18 758
18 64 946
64 18 946
18 54 839
54 18 839
18 80 506
80 18 506
18 41 611
41 18 611
18 84 873
84 18 873
18 40 733
40 18 733
18 72 955
72 18 955
18 80 871
80 18 871
18 76 374
76 18 374
18 92 541
92 18 541
19 26 107
26 19 107
19 28 988
28 19 988
19 76 170
76 19 170
19 36 307
36 19 307
19 82 704
82 19 704
19 90 693
90 19 693
19 60 275
60 19 275
19 48 36
48 19 36
19 46 297
46 19 297
19 89 343
89 19 343
19 55 916
55 19 916
19 74 103
74 19 103
19 93 553
93 19 553
19 19 664
19 19 664
19 25 934
25 19 934
19 58 179
58 19 179
20 89 893
89 20 893
20 54 325
54 20 325
20 73 223
73 20 223
20 79 226
79 20 226
20 45 837
45 20 837
20 42 827
42 20 827
20 92 14
92 20 14
20 21 247
21 20 247
20 43 791
43 20 791
20 42 416
42 20 416
20 83 148
83 20 148
20 92 711
92 20 711
20 24 822
24 20 822
20 21 585
21 20 585
20 64 748
64 20 748
21 31 295
31 21 295
21 76 527
76 21 527
21 67 697
67 21 697
21 65 550
65 21 550
21 32 280
32 21 280
21 85 593
85 21 593
21 70 853
70 21 853
21 70 458
70 21 458
21 30 476
30 21 476
21 91 496
91 21 496
21 37 303
37 21 303
21 63 272
63 21 272
22 32 466
32 22 466
22 62 343
62 22 343
22 34 904
34 22 904
22 82 968
82 22 968
22 45 931
45 22 931
22 41 623
41 22 623
22 62 385
62 22 385
22 40 64
40 22 64
22 64 996
64 22 996
22 88 169
88 22 169
22 55 177
55 22 177
22 40 630
40 22 630
22 24 862
24 22 862
22 85 635
85 22 635
23 30 911
30 23 911
23 92 879
92 23 879
23 69 474
69 23 474
23 36 510
36 23 510
23 91 97
91 23 97
23 30 829
30 23 829
23 48 255
48 23 255
23 37 715
37 23 715
23 35 393
35 23 393
23 67 279
67 23 279
23 89 242
89 23 242
23 81 752
81 23 752
23 68 102
68 23 102
23 28 33
28 23 33
23 95 630
95 23 630
23 78 462
78 23 462
23 32 653
32 23 653
23 43 744
43 23 744
23 24 756
24 23 756
24 68 639
68 24 639
24 32 494
32 24 494
24 45 302
45 24 302
24 30 660
30 24 660
24 75 808
75 24 808
24 51 8
51 24 8
24 49 978
49 24 978
24 47 912
47 24 912
24 34 646
34 24 646
24 70 877
70 24 877
25 27 563
27 25 563
25 45 530
45 25 530
25 54 508
54 25 508
25 45 685
45 25 685
25 52 13
52 25 13
25 82 466
82 25 466
25 42 223
42 25 223
25 71 504
71 25 504
25 43 378
43 25 378
25 64 503
64 25 503
26 69 23
69 26 23
26 32 455
32 26 455
26 45 154
45 26 154
26 35 804
35 26 804
26 84 254
84 26 254
26 45 52
45 26 52
26 58 192
58 26 192
26 75 645
75 26 645
26 88 704
88 26 704
27 29 739
29 27 739
27 55 645
55 27 645
27 93 379
93 27 379
27 54 879
54 27 879
27 56 223
56 27 223
27 93 430
93 27 430
27 55 224
55 27 224
27 54 242
54 27 242
28 84 12
84 28 12
28 29 263
29 28 263
28 89 428
89 28 428
28 79 874
79 28 874
28 86 289
86 28 289
28 48 92
48 28 92
28 84 961
84 28 961
28 75 88
75 28 88
28 83 202
83 28 202
28 65 781
65 28 781
29 44 287
44 29 287
29 29 288
29 29 288
29 60 148
60 29 148
29 51 593
51 29 593
29 74 991
74 29 991
29 35 789
35 29 789
29 64 283
64 29 283
30 71 786
71 30 786
30 93 59
93 30 59
30 31 58
31 30 58
30 50 152
50 30 152
30 68 341
68 30 341
30 43 848
43 30 848
30 71 927
71 30 927
30 68 732
68 30 732
30 60 383
60 30 383
31 79 195
79 31 195
31 91 232
91 31 232
31 48 540
48 31 540
31 82 246
82 31 246
31 33 428
33 31 428
31 52 529
52 31 529
31 52 821
52 31 821
31 79 778
79 31 778
31 58 566
58 31 566
31 58 526
58 31 526
31 82 951
82 31 951
31 61 569
61 31 569
31 39 434
39 31 434
31 84 227
84 31 227
31 36 621
36 31 621
32 35 206
35 32 206
32 92 122
92 32 122
32 40 302
40 32 302
32 78 931
78 32 931
32 35 505
35 32 505
32 42 696
42 32 696
32 54 499
54 32 499
32 80 883
80 32 883
32 32 362
32 32 362
32 89 682
89 32 682
32 34 81
34 32 81
32 42 759
42 32 759
32 65 798
65 32 798
32 94 36
94 32 36
32 87 400
87 32 400
32 57 502
57 32 502
32 35 992
35 32 992
33 79 3
79 33 3
33 61 256
61 33 256
33 75 447
75 33 447
33 72 643
72 33 643
33 44 550
44 33 550
33 91 433
91 33 433
33 73 255
73 33 255
33 90 787
90 33 787
33 39 133
39 33 133
33 61 673
61 33 673
33 55 809
55 33 809
33 34 877
34 33 877
33 86 261
86 33 261
33 65 627
65 33 627
33 64 454
64 33 454
34 64 320
64 34 320
34 78 432
78 34 432
34 52 350
52 34 350
34 68 871
68 34 871
34 68 612
68 34 612
34 54 828
54 34 828
34 82 315
82 34 315
34 84 257
84 34 257
34 37 208
37 34 208
34 51 646
51 34 646
34 58 47
58 34 47
34 39 723
39 34 723
34 78 555
78 34 555
34 86 605
86 34 605
34 78 95
78 34 95
34 56 192
56 34 192
35 72 126
72 35 126
35 81 346
81 35 346
35 62 354
62 35 354
35 47 632
47 35 632
35 81 954
81 35 954
35 38 439
38 35 439
35 74 756
74 35 756
35 43 334
43 35 334
35 52 954
52 35 954
35 59 574
59 35 574
35 88 283
88 35 283
36 52 392
52 36 392
36 73 543
73 36 543
36 56 290
56 36 290
36 85 644
85 36 644
36 77 572
77 36 572
36 60 574
60 36 574
36 74 132
74 36 132
36 52 608
52 36 608
36 55 68
55 36 68
36 80 520
80 36 520
37 46 864
46 37 864
37 71 650
71 37 650
37 71 814
71 37 814
37 93 82
93 37 82
37 43 408
43 37 408
37 74 724
74 37 724
37 63 823
63 37 823
37 40 871
40 37 871
37 44 116
44 37 116
37 55 916
55 37 916
37 47 723
47 37 723
37 82 865
82 37 865
37 45 645
45 37 645
37 59 793
59 37 793
38 94 363
94 38 363
38 61 790
61 38 790
38 61 859
61 38 859
38 56 663
56 38 663
38 74 33
74 38 33
38 92 726
92 38 726
38 59 808
59 38 808
38 39 946
39 38 946
38 45 187
45 38 187
38 54 353
54 38 353
38 85 790
85 38 790
38 93 384
93 38 384
39 92 851
92 39 851
39 49 230
49 39 230
39 83 800
83 39 800
39 85 297
85 39 297
39 49 67
49 39 67
39 78 918
78 39 918
39 69 488
69 39 488
39 56 806
56 39 806
39 46 647
46 39 647
39 62 237
62 39 237
39 52 971
52 39 971
40 90 110
90 40 110
40 44 834
44 40 834
40 52 451
52 40 451
40 65 972
65 40 972
40 90 611
90 40 611
40 69 705
69 40 705
40 76 304
76 40 304
41 42 656
42 41 656
41 50 434
50 41 434
41 82 311
82 41 311
41 49 524
49 41 524
41 62 116
62 41 116
42 66 416
66 42 416
42 69 766
69 42 766
42 75 49
75 42 49
42 69 365
69 42 365
42 72 595
72 42 595
42 95 583
95 42 583
42 58 86
58 42 86
43 80 481
80 43 481
43 63 450
63 43 450
43 91 439
91 43 439
43 54 845
54 43 845
43 71 193
71 43 193
43 62 635
62 43 635
44 52 161
52 44 161
44 82 642
82 44 642
44 80 599
80 44 599
44 69 654
69 44 654
44 87 793
87 44 793
44 67 687
67 44 687
44 67 52
67 44 52
44 70 927
70 44 927
44 83 705
83 44 705
44 46 651
46 44 651
45 77 760
77 45 760
45 82 474
82 45 474
45 45 940
45 45 940
45 83 623
83 45 623
45 88 183
88 45 183
45 56 410
56 45 410
45 56 888
56 45 888
45 64 985
64 45 985
45 82 855
82 45 855
45 45 974
45 45 974
46 65 903
65 46 903
46 63 498
63 46 498
46 59 507
59 46 507
46 73 847
73 46 847
46 93 944
93 46 944
46 91 71
91 46 71
46 85 831
85 46 831
46 64 355
64 46 355
46 59 712
59 46 712
47 86 500
86 47 500
47 51 752
51 47 752
47 63 334
63 47 334
47 78 834
78 47 834
47 74 162
74 47 162
47 66 531
66 47 531
47 47 440
47 47 440
47 48 399
48 47 399
47 71 632
71 47 632
47 87 692
87 47 692
47 58 858
58 47 858
47 69 800
69 47 800
47 95 372
95 47 372
48 90 3
90 48 3
48 93 659
93 48 659
48 85 458
85 48 458
48 79 879
79 48 879
48 69 303
69 48 303
48 51 96
51 48 96
48 64 736
64 48 736
48 91 116
91 48 116
48 86 294
86 48 294
48 86 924
86 48 924
49 52 365
52 49 365
49 50 110
50 49 110
49 55 859
55 49 859
49 91 151
91 49 151
49 74 401
74 49 401
49 79 237
79 49 237
49 62 530
62 49 530
49 63 342
63 49 342
49 57 586
57 49 586
50 76 5
76 50 5
50 68 42
68 50 42
50 57 108
57 50 108
50 89 881
89 50 881
50 95 6
95 50 6
50 85 535
85 50 535
50 56 481
56 50 481
50 95 700
95 50 700
50 78 27
78 50 27
50 62 739
62 50 739
51 54 386
54 51 386
51 91 238
91 51 238
51 93 862
93 51 862
51 70 285
70 51 285
51 51 974
51 51 974
51 74 723
74 51 723
51 53 57
53 51 57
52 82 616
82 52 616
52 77 230
77 52 230
52 87 746
87 52 746
52 53 726
53 52 726
52 78 534
78 52 534
52 61 594
61 52 594
52 95 909
95 52 909
52 61 729
61 52 729
53 76 129
76 53 129
53 79 832
79 53 832
53 80 75
80 53 75
53 62 711
62 53 711
53 72 228
72 53 228
54 80 390
80 54 390
54 65 61
65 54 61
54 71 376
71 54 376
54 88 578
88 54 578
54 90 352
90 54 352
54 83 596
83 54 596
54 57 100
57 54 100
54 61 378
61 54 378
54 65 346
65 54 346
55 58 471
58 55 471
55 63 804
63 55 804
55 86 981
86 55 981
56 67 14
67 56 14
56 70 711
70 56 711
56 78 276
78 56 276
56 90 620
90 56 620
56 76 376
76 56 376
56 66 339
66 56 339
57 93 552
93 57 552
57 84 183
84 57 183
57 83 672
83 57 672
57 58 841
58 57 841
57 72 380
72 57 380
57 93 919
93 57 919
57 84 56
84 57 56
57 69 108
69 57 108
57 84 852
84 57 852
58 61 95
61 58 95
58 72 193
72 58 193
58 72 938
72 58 938
59 79 839
79 59 839
59 76 715
76 59 715
59 91 481
91 59 481
60 62 770
62 60 770
60 93 526
93 60 526
60 95 741
95 60 741
60 63 21
63 60 21
60 92 996
92 60 996
60 82 92
82 60 92
60 68 294
68 60 294
60 78 408
78 60 408
61 93 470
93 61 470
61 92 387
92 61 387
61 66 803
66 61 803
61 81 881
81 61 881
61 70 955
70 61 955
61 92 822
92 61 822
62 68 258
68 62 258
62 77 68
77 62 68
62 77 665
77 62 665
62 82 26
82 62 26
62 75 482
75 62 482
63 77 290
77 63 290
64 77 325
77 64 325
64 79 329
79 64 329
64 88 234
88 64 234
64 71 646
71 64 646
64 92 444
92 64 444
65 76 139
76 65 139
65 67 449
67 65 449
65 75 106
75 65 106
65 73 770
73 65 770
65 95 605
95 65 605
65 68 202
68 65 202
65 73 551
73 65 551
66 68 770
68 66 770
66 85 537
85 66 537
66 78 986
78 66 986
66 71 599
71 66 599
67 94 800
94 67 800
67 84 826
84 67 826
67 89 508
89 67 508
67 83 623
83 67 623
67 89 28
89 67 28
68 82 14
82 68 14
69 93 258
93 69 258
69 71 837
71 69 837
70 78 25
78 70 25
70 72 914
72 70 914
70 85 44
85 70 44
71 82 486
82 71 486
71 85 844
85 71 844
71 78 273
78 71 273
72 85 463
85 72 463
72 90 356
90 72 356
72 87 400
87 72 400
72 78 710
78 72 710
72 80 364
80 72 364
72 81 694
81 72 694
73 74 896
74 73 896
73 90 619
90 73 619
73 83 769
83 73 769
73 85 638
85 73 638
74 87 27
87 74 27
74 76 486
76 74 486
74 79 190
79 74 190
74 81 956
81 74 956
75 84 100
84 75 100
75 79 665
79 75 665
76 87 928
87 76 928
76 83 981
83 76 981
76 80 59
80 76 59
76 94 833
94 76 833
77 94 698
94 77 698
77 87 105
87 77 105
77 84 721
84 77 721
78 95 363
95 78 363
78 84 771
84 78 771
78 87 914
87 78 914
78 84 497
84 78 497
79 88 888
88 79 888
80 94 712
94 80 712
81 87 938
87 81 938
81 88 234
88 81 234
81 93 118
93 81 118
81 92 177
92 81 177
82 83 219
83 82 219
83 95 74
95 83 74
83 90 233
90 83 233
84 94 999
94 84 999
84 91 484
91 84 484
85 95 713
95 85 713
86 87 519
87 86 519
86 89 583
89 86 583
87 93 181
93 87 181
87 88 362
88 87 362
88 89 334
89 88 334
89 89 444
89 89 444
90 92 7
92 90 7
91 93 167
93 91 167
91 93 187
93 91 187
93 93 915
93 93 915
