64

0 1 817
1 0 817
0 2 209
2 0 209
0 3 740
3 0 740
0 8 799
8 0 799
0 16 971
16 0 971
0 38 647
38 0 647
1 17 605
17 1 605
2 4 548
4 2 548
2 5 343
5 2 343
2 14 43
14 2 43
2 31 582
31 2 582
2 39 245
39 2 245
2 57 686
57 2 686
2 2 126
2 2 126
2 44 17
44 2 17
3 6 799
6 3 799
3 40 77
40 3 77
4 22 254
22 4 254
4 46 778
46 4 778
5 26 988
26 5 988
5 34 908
34 5 908
6 7 21
7 6 21
6 15 145
15 6 145
6 27 907
27 6 907
6 33 514
33 6 514
7 9 555
9 7 555
7 10 725
10 7 725
7 18 699
18 7 699
7 29 153
29 7 153
7 40 283
40 7 283
8 12 889
12 8 889
8 19 652
19 8 652
8 34 398
34 8 398
9 23 713
23 9 713
9 16 67
16 9 67
9 22 501
22 9 501
10 11 731
11 10 731
10 38 275
38 10 275
11 37 350
37 11 350
11 26 439
26 11 439
11 59 821
59 11 821
12 13 307
13 12 307
12 24 109
24 12 109
12 60 515
60 12 515
12 41 953
41 12 953
13 22 39
22 13 39
14 25 969
25 14 969
15 21 393
21 15 393
17 54 831
54 17 831
18 31 118
31 18 118
19 20 424
20 19 424
19 35 187
35 19 187
19 43 312
43 19 312
19 54 169
54 19 169
20 45 755
45 20 755
20 53 259
53 20 259
20 58 625
58 20 625
22 55 138
55 22 138
23 38 283
38 23 283
23 36 185
36 23 185
24 28 283
28 24 283
24 42 688
42 24 688
25 56 147
56 25 147
26 30 525
30 26 525
27 32 334
32 27 334
27 49 821
49 27 821
29 44 99
44 29 99
31 54 746
54 31 746
32 35 808
35 32 808
32 43 495
43 32 495
33 48 589
48 33 589
33 50 251
50 33 251
34 47 319
47 34 319
34 51 797
51 34 797
35 36 163
36 35 163
35 41 765
41 35 765
36 40 154
40 36 154
37 62 820
62 37 820
38 42 55
42 38 55
39 43 665
43 39 665
43 63 952
63 43 952
43 58 26
58 43 26
44 46 460
46 44 460
47 52 793
52 47 793
49 61 634
61 49 634
49 60 913
60 49 913
55 59 826
59 55 826
