92

0 1 683
1 0 683
0 2 929
2 0 929
0 5 901
5 0 901
0 21 614
21 0 614
0 43 968
43 0 968
0 56 555
56 0 555
0 18 754
18 0 754
0 4 334
4 0 334
0 86 44
86 0 44
0 36 306
36 0 306
1 3 487
3 1 487
1 8 413
8 1 413
1 10 577
10 1 577
1 36 521
36 1 521
1 48 357
48 1 357
1 78 640
78 1 640
1 66 408
66 1 408
1 87 471
87 1 471
1 49 155
49 1 155
1 84 161
84 1 161
1 40 459
40 1 459
1 4 267
4 1 267
1 55 384
55 1 384
1 88 24
88 1 24
2 9 836
9 2 836
2 22 779
22 2 779
2 56 811
56 2 811
2 47 224
47 2 224
2 80 316
80 2 316
2 17 101
17 2 101
2 17 379
17 2 379
2 24 205
24 2 205
2 23 95
23 2 95
3 4 318
4 3 318
3 6 912
6 3 912
3 7 971
7 3 971
3 19 163
19 3 163
3 39 424
39 3 424
3 51 65
51 3 65
3 24 171
24 3 171
3 18 176
18 3 176
3 9 220
9 3 220
3 24 427
24 3 427
4 55 11
55 4 11
4 37 912
37 4 912
4 25 991
25 4 991
5 17 27
17 5 27
5 77 722
77 5 722
5 46 742
46 5 742
5 17 760
17 5 760
5 71 865
71 5 865
5 58 182
58 5 182
5 32 955
32 5 955
5 78 810
78 5 810
5 52 697
52 5 697
5 17 583
17 5 583
5 13 852
13 5 852
5 55 16
55 5 16
6 11 606
11 6 606
6 29 843
29 6 843
6 80 566
80 6 566
6 70 177
70 6 177
6 71 796
71 6 796
6 47 974
47 6 974
6 75 400
75 6 400
6 62 728
62 6 728
6 42 455
42 6 455
6 20 880
20 6 880
7 13 789
13 7 789
7 33 967
33 7 967
7 73 701
73 7 701
7 89 901
89 7 901
7 39 879
39 7 879
8 78 970
78 8 970
8 37 370
37 8 370
8 27 380
27 8 380
8 59 187
59 8 187
8 35 860
35 8 860
8 80 79
80 8 79
9 12 604
12 9 604
9 14 20
14 9 20
9 16 853
16 9 853
9 20 252
20 9 252
9 75 85
75 9 85
9 82 512
82 9 512
9 64 708
64 9 708
9 58 998
58 9 998
9 40 504
40 9 504
9 77 212
77 9 212
10 15 455
15 10 455
10 66 809
66 10 809
10 65 331
65 10 331
10 20 403
20 10 403
11 31 553
31 11 553
11 51 18
51 11 18
11 82 19
82 11 19
11 51 271
51 11 271
11 77 816
77 11 816
11 87 708
87 11 708
12 53 559
53 12 559
12 19 650
19 12 650
12 31 770
31 12 770
12 41 328
41 12 328
13 18 46
18 13 46
13 30 344
30 13 344
13 69 852
69 13 852
13 86 555
86 13 555
13 60 829
60 13 829
13 32 522
32 13 522
13 37 560
37 13 560
13 59 753
59 13 753
13 31 859
31 13 859
13 49 251
49 13 251
13 67 399
67 13 399
14 62 570
62 14 570
14 64 622
64 14 622
14 22 453
22 14 453
14 71 984
71 14 984
14 44 117
44 14 117
14 32 44
32 14 44
14 87 919
87 14 919
14 24 200
24 14 200
15 66 352
66 15 352
15 82 840
82 15 840
15 51 552
51 15 552
15 85 216
85 15 216
15 69 81
69 15 81
15 73 216
73 15 216
15 83 372
83 15 372
15 81 561
81 15 561
15 91 583
91 15 583
16 17 195
17 16 195
16 52 597
52 16 597
16 85 42
85 16 42
16 22 834
22 16 834
16 43 718
43 16 718
16 84 234
84 16 234
16 33 776
33 16 776
17 43 286
43 17 286
17 61 956
61 17 956
17 62 461
62 17 461
17 26 391
26 17 391
17 22 19
22 17 19
17 17 490
17 17 490
17 90 20
90 17 20
17 57 907
57 17 907
17 66 37
66 17 37
18 28 723
28 18 723
18 40 414
40 18 414
18 55 635
55 18 635
18 55 808
55 18 808
18 83 148
83 18 148
18 90 828
90 18 828
18 88 549
88 18 549
18 62 21
62 18 21
18 68 655
68 18 655
18 85 288
85 18 288
19 23 86
23 19 86
19 32 482
32 19 482
19 33 518
33 19 518
19 28 531
28 19 531
19 69 949
69 19 949
20 26 612
26 20 612
20 54 661
54 20 661
20 89 561
89 20 561
21 91 450
91 21 450
21 26 27
26 21 27
21 76 266
76 21 266
21 84 689
84 21 689
21 55 685
55 21 685
21 88 188
88 21 188
21 54 77
54 21 77
21 87 192
87 21 192
21 54 852
54 21 852
21 37 644
37 21 644
22 32 116
32 22 116
22 36 666
36 22 666
22 69 377
69 22 377
22 73 131
73 22 131
22 48 486
48 22 486
22 40 661
40 22 661
23 24 12
24 23 12
23 25 96
25 23 96
23 27 985
27 23 985
23 67 819
67 23 819
23 30 278
30 23 278
23 40 500
40 23 500
23 66 15
66 23 15
23 61 942
61 23 942
23 61 215
61 23 215
24 63 831
63 24 831
24 88 695
88 24 695
24 90 138
90 24 138
24 60 402
60 24 402
24 47 596
47 24 596
24 26 385
26 24 385
24 61 931
61 24 931
24 58 666
58 24 666
24 63 730
63 24 730
24 32 944
32 24 944
25 52 966
52 25 966
25 73 663
73 25 663
25 54 61
54 25 61
25 76 264
76 25 264
25 49 537
49 25 537
26 58 896
58 26 896
26 69 799
69 26 799
26 87 701
87 26 701
26 90 375
90 26 375
26 77 477
77 26 477
27 34 377
34 27 377
27 89 634
89 27 634
27 40 674
40 27 674
27 27 784
27 27 784
27 46 658
46 27 658
27 42 875
42 27 875
28 35 558
35 28 558
28 49 681
49 28 681
28 86 48
86 28 48
28 30 566
30 28 566
29 66 965
66 29 965
29 56 626
56 29 626
30 38 595
38 30 595
30 41 691
41 30 691
30 44 911
44 30 911
30 35 358
35 30 358
31 64 648
64 31 648
31 58 929
58 31 929
32 37 292
37 32 292
32 50 301
50 32 301
33 46 423
46 33 423
33 47 459
47 33 459
33 70 628
70 33 628
33 40 152
40 33 152
33 91 607
91 33 607
33 91 589
91 33 589
33 85 794
85 33 794
33 77 112
77 33 112
33 79 716
79 33 716
33 85 334
85 33 334
33 77 959
77 33 959
34 66 31
66 34 31
34 44 463
44 34 463
34 61 28
61 34 28
34 52 721
52 34 721
34 71 918
71 34 918
34 40 23
40 34 23
34 78 309
78 34 309
34 73 85
73 34 85
35 42 711
42 35 711
35 45 570
45 35 570
35 85 848
85 35 848
35 82 960
82 35 960
36 50 560
50 36 560
36 60 652
60 36 652
36 86 332
86 36 332
36 79 955
79 36 955
36 39 649
39 36 649
36 71 241
71 36 241
36 81 218
81 36 218
36 37 566
37 36 566
37 82 941
82 37 941
37 80 267
80 37 267
37 78 161
78 37 161
37 57 913
57 37 913
38 50 718
50 38 718
38 80 847
80 38 847
38 89 970
89 38 970
38 50 316
50 38 316
38 63 869
63 38 869
38 52 553
52 38 553
39 59 865
59 39 865
39 46 415
46 39 415
39 63 377
63 39 377
39 77 57
77 39 57
39 73 927
73 39 927
39 74 963
74 39 963
40 81 37
81 40 37
40 62 476
62 40 476
40 75 913
75 40 913
41 57 285
57 41 285
41 74 666
74 41 666
41 66 730
66 41 730
41 68 502
68 41 502
42 53 397
53 42 397
42 64 796
64 42 796
42 72 587
72 42 587
43 91 665
91 43 665
43 65 832
65 43 832
43 88 673
88 43 673
43 66 355
66 43 355
43 87 509
87 43 509
44 60 444
60 44 444
44 82 863
82 44 863
44 87 506
87 44 506
44 56 377
56 44 377
44 52 878
52 44 878
44 81 983
81 44 983
44 87 840
87 44 840
44 71 176
71 44 176
45 66 61
66 45 61
45 56 519
56 45 519
45 59 50
59 45 50
46 74 305
74 46 305
47 60 654
60 47 654
47 62 335
62 47 335
47 54 886
54 47 886
47 61 384
61 47 384
47 84 512
84 47 512
48 49 867
49 48 867
48 70 661
70 48 661
49 88 366
88 49 366
49 81 444
81 49 444
49 83 411
83 49 411
49 57 46
57 49 46
49 49 197
49 49 197
49 51 721
51 49 721
49 56 982
56 49 982
49 89 176
89 49 176
49 75 997
75 49 997
50 86 692
86 50 692
50 89 947
89 50 947
50 63 771
63 50 771
50 84 762
84 50 762
50 70 988
70 50 988
51 73 78
73 51 78
51 53 245
53 51 245
51 65 366
65 51 366
51 74 648
74 51 648
51 54 137
54 51 137
52 68 406
68 52 406
52 66 202
66 52 202
52 65 400
65 52 400
52 72 800
72 52 800
53 74 781
74 53 781
53 79 278
79 53 278
53 89 417
89 53 417
53 64 414
64 53 414
53 65 515
65 53 515
54 72 851
72 54 851
54 80 119
80 54 119
54 84 291
84 54 291
54 64 919
64 54 919
55 78 445
78 55 445
56 91 510
91 56 510
56 71 919
71 56 919
56 80 362
80 56 362
57 71 606
71 57 606
57 76 852
76 57 852
57 83 418
83 57 418
57 91 843
91 57 843
57 75 310
75 57 310
58 59 650
59 58 650
58 65 387
65 58 387
58 83 585
83 58 585
58 66 458
66 58 458
58 71 767
71 58 767
60 62 508
62 60 508
60 72 880
72 60 880
60 66 208
66 60 208
60 64 738
64 60 738
61 91 607
91 61 607
61 90 340
90 61 340
63 84 76
84 63 76
63 89 20
89 63 20
63 86 710
86 63 710
63 63 489
63 63 489
63 80 607
80 63 607
63 87 745
87 63 745
64 91 553
91 64 553
65 71 897
71 65 897
66 88 612
88 66 612
66 86 658
86 66 658
66 89 605
89 66 605
67 79 191
79 67 191
67 82 472
82 67 472
67 81 605
81 67 605
68 77 875
77 68 875
68 90 9
90 68 9
68 78 405
78 68 405
68 79 668
79 68 668
69 76 341
76 69 341
69 75 974
75 69 974
69 72 50
72 69 50
69 85 965
85 69 965
70 78 531
78 70 531
73 75 730
75 73 730
73 87 991
87 73 991
74 81 760
81 74 760
75 80 73
80 75 73
76 76 184
76 76 184
77 84 464
84 77 464
78 80 892
80 78 892
78 85 890
85 78 890
80 85 998
85 80 998
81 81 274
81 81 274
82 83 519
83 82 519
86 89 616
89 86 616
86 88 841
88 86 841
