99

0 1 233
1 0 233
0 2 927
2 0 927
0 6 62
6 0 62
0 10 65
10 0 65
0 15 942
15 0 942
0 22 899
22 0 899
0 83 632
83 0 632
0 88 144
88 0 144
0 53 190
53 0 190
0 11 322
11 0 322
0 43 987
43 0 987
0 73 282
73 0 282
0 93 44
93 0 44
0 26 408
26 0 408
0 81 756
81 0 756
0 21 773
21 0 773
0 28 455
28 0 455
0 12 244
12 0 244
0 45 248
45 0 248
0 52 886
52 0 886
0 90 307
90 0 307
0 39 393
39 0 393
0 76 828
76 0 828
0 18 558
18 0 558
0 20 188
20 0 188
0 39 694
39 0 694
0 42 506
42 0 506
0 3 14
3 0 14
0 97 284
97 0 284
1 4 973
4 1 973
1 7 908
7 1 908
1 18 192
18 1 192
1 28 605
28 1 605
1 36 927
36 1 927
1 92 621
92 1 621
1 80 936
80 1 936
1 9 350
9 1 350
1 20 907
20 1 907
1 71 640
71 1 640
1 3 475
3 1 475
1 39 910
39 1 910
1 40 583
40 1 583
1 89 712
89 1 712
1 28 90
28 1 90
1 39 702
39 1 702
1 35 543
35 1 543
1 21 689
21 1 689
1 59 42
59 1 42
2 3 959
3 2 959
2 5 903
5 2 903
2 11 313
11 2 313
2 12 180
12 2 180
2 16 215
16 2 215
2 37 764
37 2 764
2 19 18
19 2 18
2 92 644
92 2 644
2 78 172
78 2 172
2 94 707
94 2 707
2 31 175
31 2 175
2 91 679
91 2 679
2 83 568
83 2 568
2 61 180
61 2 180
2 69 45
69 2 45
2 33 210
33 2 210
2 33 622
33 2 622
2 19 508
19 2 508
2 88 63
88 2 63
2 62 746
62 2 746
2 50 517
50 2 517
2 19 590
19 2 590
3 8 225
8 3 225
3 9 101
9 3 101
3 14 543
14 3 543
3 53 294
53 3 294
3 54 178
54 3 178
3 78 183
78 3 183
3 90 456
90 3 456
3 30 783
30 3 783
3 86 307
86 3 307
3 31 141
31 3 141
3 30 177
30 3 177
3 32 201
32 3 201
3 38 941
38 3 941
3 84 331
84 3 331
3 33 73
33 3 73
3 61 397
61 3 397
3 97 934
97 3 934
3 53 742
53 3 742
3 88 954
88 3 954
3 97 598
97 3 598
3 84 593
84 3 593
3 94 987
94 3 987
3 37 710
37 3 710
3 12 965
12 3 965
3 14 47
14 3 47
3 41 668
41 3 668
3 71 408
71 3 408
4 87 874
87 4 874
4 20 140
20 4 140
4 72 558
72 4 558
4 49 86
49 4 86
4 41 551
41 4 551
4 35 358
35 4 358
4 57 22
57 4 22
4 50 372
50 4 372
4 16 47
16 4 47
4 50 521
50 4 521
5 17 819
17 5 819
5 49 402
49 5 402
5 47 675
47 5 675
5 41 861
41 5 861
5 52 736
52 5 736
5 6 876
6 5 876
5 27 615
27 5 615
5 18 831
18 5 831
5 23 688
23 5 688
5 15 344
15 5 344
5 78 471
78 5 471
5 24 863
24 5 863
5 69 892
69 5 892
5 13 561
13 5 561
5 56 852
56 5 852
5 59 81
59 5 81
6 58 18
58 6 18
6 65 677
65 6 677
6 85 258
85 6 258
6 35 606
35 6 606
6 72 809
72 6 809
6 87 472
87 6 472
6 45 40
45 6 40
6 75 342
75 6 342
6 7 233
7 6 233
6 92 239
92 6 239
6 66 289
66 6 289
6 66 162
66 6 162
6 68 939
68 6 939
6 14 18
14 6 18
6 98 631
98 6 631
6 97 668
97 6 668
6 16 841
16 6 841
6 71 789
71 6 789
6 91 362
91 6 362
6 46 491
46 6 491
6 13 172
13 6 172
6 43 639
43 6 639
7 89 861
89 7 861
7 50 137
50 7 137
7 31 646
31 7 646
7 9 653
9 7 653
7 24 456
24 7 456
7 71 900
71 7 900
7 12 96
12 7 96
7 69 913
69 7 913
7 42 2
42 7 2
7 53 360
53 7 360
7 64 110
64 7 110
7 40 136
40 7 136
7 86 621
86 7 621
7 56 400
56 7 400
7 54 812
54 7 812
7 50 70
50 7 70
8 29 899
29 8 899
8 34 472
34 8 472
8 64 995
64 8 995
8 50 476
50 8 476
8 87 433
87 8 433
8 33 344
33 8 344
8 39 13
39 8 13
8 30 720
30 8 720
8 82 873
82 8 873
8 36 718
36 8 718
8 25 124
25 8 124
8 19 906
19 8 906
9 13 854
13 9 854
9 20 440
20 9 440
9 33 885
33 9 885
9 35 280
35 9 280
9 79 490
79 9 490
9 53 641
53 9 641
9 71 997
71 9 997
9 47 804
47 9 804
9 52 675
52 9 675
9 47 369
47 9 369
9 32 661
32 9 661
9 73 258
73 9 258
9 82 187
82 9 187
9 50 633
50 9 633
9 83 15
83 9 15
9 90 968
90 9 968
9 62 182
62 9 182
9 95 562
95 9 562
10 26 97
26 10 97
10 45 968
45 10 968
10 67 799
67 10 799
10 43 379
43 10 379
10 50 70
50 10 70
10 52 493
52 10 493
10 53 253
53 10 253
10 54 539
54 10 539
10 53 954
53 10 954
10 73 466
73 10 466
10 60 626
60 10 626
10 75 711
75 10 711
10 41 810
41 10 810
10 38 904
38 10 904
10 88 862
88 10 862
11 47 207
47 11 207
11 47 576
47 11 576
11 64 272
64 11 272
11 71 103
71 11 103
11 62 818
62 11 818
11 18 386
18 11 386
11 93 188
93 11 188
11 76 45
76 11 45
11 53 557
53 11 557
11 49 630
49 11 630
11 39 491
39 11 491
11 71 435
71 11 435
11 24 524
24 11 524
11 89 403
89 11 403
12 19 746
19 12 746
12 31 368
31 12 368
12 56 640
56 12 640
12 59 978
59 12 978
12 97 840
97 12 840
12 44 197
44 12 197
12 27 388
27 12 388
12 56 602
56 12 602
12 38 213
38 12 213
12 79 442
79 12 442
12 68 502
68 12 502
12 32 333
32 12 333
12 33 294
33 12 294
12 82 752
82 12 752
12 31 406
31 12 406
12 76 277
76 12 277
12 91 575
91 12 575
12 80 81
80 12 81
12 39 758
39 12 758
12 75 275
75 12 275
12 65 427
65 12 427
12 34 857
34 12 857
13 21 530
21 13 530
13 74 603
74 13 603
13 94 502
94 13 502
13 90 694
90 13 694
13 79 266
79 13 266
13 46 511
46 13 511
13 15 683
15 13 683
13 56 310
56 13 310
13 20 366
20 13 366
13 67 649
67 13 649
13 73 367
73 13 367
13 53 853
53 13 853
13 61 523
61 13 523
13 98 30
98 13 30
13 95 392
95 13 392
13 52 981
52 13 981
13 16 351
16 13 351
13 55 716
55 13 716
13 30 219
30 13 219
13 96 506
96 13 506
13 82 901
82 13 901
14 24 674
24 14 674
14 42 8
42 14 8
14 61 89
61 14 89
14 77 260
77 14 260
14 67 512
67 14 512
14 33 634
33 14 634
14 71 64
71 14 64
14 62 422
62 14 422
14 98 914
98 14 914
14 89 789
89 14 789
14 31 914
31 14 914
14 52 238
52 14 238
14 90 292
90 14 292
14 23 765
23 14 765
14 16 893
16 14 893
14 43 30
43 14 30
14 98 326
98 14 326
14 55 328
55 14 328
14 15 37
15 14 37
14 52 66
52 14 66
14 16 687
16 14 687
14 30 523
30 14 523
14 91 352
91 14 352
14 90 557
90 14 557
15 40 710
40 15 710
15 74 267
74 15 267
15 48 605
48 15 605
15 51 794
51 15 794
15 25 539
25 15 539
15 50 743
50 15 743
15 16 377
16 15 377
15 36 696
36 15 696
15 46 114
46 15 114
15 24 811
24 15 811
15 36 230
36 15 230
15 32 276
32 15 276
15 41 800
41 15 800
15 95 303
95 15 303
15 49 907
49 15 907
15 87 252
87 15 252
15 37 739
37 15 739
15 70 694
70 15 694
15 96 20
96 15 20
16 38 671
38 16 671
16 73 247
73 16 247
16 68 970
68 16 970
16 21 477
21 16 477
16 23 982
23 16 982
16 83 43
83 16 43
16 44 50
44 16 50
16 33 788
33 16 788
16 49 788
49 16 788
16 71 526
71 16 526
16 76 292
76 16 292
16 77 435
77 16 435
16 84 241
84 16 241
17 57 484
57 17 484
17 81 526
81 17 526
17 71 402
71 17 402
17 36 142
36 17 142
17 23 557
23 17 557
17 62 850
62 17 850
17 62 866
62 17 866
17 23 781
23 17 781
17 46 737
46 17 737
17 25 650
25 17 650
17 94 121
94 17 121
17 32 663
32 17 663
17 20 476
20 17 476
17 39 548
39 17 548
17 96 733
96 17 733
17 97 915
97 17 915
17 38 543
38 17 543
17 49 74
49 17 74
17 26 92
26 17 92
17 54 347
54 17 347
18 23 950
23 18 950
18 56 687
56 18 687
18 22 347
22 18 347
18 61 302
61 18 302
18 26 725
26 18 725
18 52 757
52 18 757
18 60 468
60 18 468
18 98 944
98 18 944
18 97 5
97 18 5
18 53 792
53 18 792
18 37 306
37 18 306
18 43 415
43 18 415
18 77 418
77 18 418
19 27 262
27 19 262
19 93 530
93 19 530
19 50 240
50 19 240
19 62 90
62 19 90
19 46 495
46 19 495
19 40 319
40 19 319
19 45 169
45 19 169
19 96 155
96 19 155
19 46 459
46 19 459
19 35 463
35 19 463
19 93 982
93 19 982
19 46 291
46 19 291
19 40 883
40 19 883
19 24 469
24 19 469
19 52 753
52 19 753
19 65 132
65 19 132
19 20 781
20 19 781
19 20 480
20 19 480
20 92 336
92 20 336
20 96 921
96 20 921
20 87 833
87 20 833
20 38 936
38 20 936
20 62 80
62 20 80
20 71 996
71 20 996
20 81 122
81 20 122
20 32 373
32 20 373
20 56 278
56 20 278
20 20 884
20 20 884
20 74 921
74 20 921
20 59 288
59 20 288
20 90 79
90 20 79
20 24 814
24 20 814
21 25 941
25 21 941
21 32 863
32 21 863
21 85 975
85 21 975
21 29 496
29 21 496
21 48 614
48 21 614
21 90 225
90 21 225
21 45 71
45 21 71
21 81 935
81 21 935
21 32 885
32 21 885
21 80 841
80 21 841
21 44 527
44 21 527
21 83 75
83 21 75
21 85 786
85 21 786
21 49 216
49 21 216
21 56 894
56 21 894
21 73 452
73 21 452
21 27 686
27 21 686
21 67 914
67 21 914
21 23 443
23 21 443
21 44 271
44 21 271
21 56 311
56 21 311
21 54 841
54 21 841
21 39 538
39 21 538
21 51 85
51 21 85
22 72 407
72 22 407
22 44 664
44 22 664
22 33 766
33 22 766
22 50 433
50 22 433
22 35 15
35 22 15
22 74 34
74 22 34
22 69 124
69 22 124
22 72 929
72 22 929
22 41 333
41 22 333
22 31 915
31 22 915
22 60 939
60 22 939
22 62 815
62 22 815
22 92 101
92 22 101
22 28 308
28 22 308
22 55 651
55 22 651
22 69 318
69 22 318
23 30 721
30 23 721
23 27 730
27 23 730
23 31 571
31 23 571
23 81 259
81 23 259
23 74 135
74 23 135
23 68 910
68 23 910
23 89 137
89 23 137
23 85 227
85 23 227
23 50 566
50 23 566
23 66 936
66 23 936
23 38 308
38 23 308
23 95 898
95 23 898
23 51 899
51 23 899
23 61 301
61 23 301
23 45 636
45 23 636
23 84 322
84 23 322
23 39 290
39 23 290
23 27 812
27 23 812
23 98 305
98 23 305
23 82 149
82 23 149
23 27 83
27 23 83
24 80 988
80 24 988
24 64 687
64 24 687
24 46 141
46 24 141
24 82 961
82 24 961
24 80 131
80 24 131
24 66 880
66 24 880
24 98 303
98 24 303
24 81 541
81 24 541
24 58 839
58 24 839
24 88 989
88 24 989
24 81 486
81 24 486
24 39 401
39 24 401
25 51 110
51 25 110
25 41 378
41 25 378
25 31 574
31 25 574
25 38 158
38 25 158
25 26 150
26 25 150
25 62 747
62 25 747
25 40 877
40 25 877
25 90 105
90 25 105
25 89 162
89 25 162
25 85 92
85 25 92
26 37 492
37 26 492
26 95 335
95 26 335
26 29 55
29 26 55
26 79 727
79 26 727
26 78 529
78 26 529
26 37 209
37 26 209
26 26 9
26 26 9
26 69 420
69 26 420
26 78 510
78 26 510
26 74 693
74 26 693
26 28 480
28 26 480
26 50 121
50 26 121
26 77 78
77 26 78
26 70 117
70 26 117
26 45 88
45 26 88
26 45 390
45 26 390
26 49 446
49 26 446
26 80 442
80 26 442
27 41 921
41 27 921
27 76 6
76 27 6
27 82 346
82 27 346
27 70 345
70 27 345
27 71 61
71 27 61
27 50 776
50 27 776
27 46 67
46 27 67
27 29 388
29 27 388
27 37 973
37 27 973
27 61 604
61 27 604
27 98 889
98 27 889
27 98 900
98 27 900
27 87 392
87 27 392
27 62 278
62 27 278
27 27 400
27 27 400
27 32 567
32 27 567
27 78 37
78 27 37
27 57 947
57 27 947
27 71 412
71 27 412
27 86 245
86 27 245
27 75 127
75 27 127
27 83 931
83 27 931
27 38 427
38 27 427
28 44 14
44 28 14
28 72 878
72 28 878
28 63 139
63 28 139
28 98 205
98 28 205
28 51 515
51 28 515
28 62 176
62 28 176
28 68 976
68 28 976
28 71 244
71 28 244
28 79 443
79 28 443
28 70 574
70 28 574
28 97 81
97 28 81
28 76 266
76 28 266
28 65 616
65 28 616
28 81 575
81 28 575
28 35 15
35 28 15
28 68 919
68 28 919
28 51 628
51 28 628
28 88 92
88 28 92
28 64 733
64 28 733
28 79 245
79 28 245
29 58 530
58 29 530
29 30 500
30 29 500
29 90 351
90 29 351
29 42 376
42 29 376
29 61 648
61 29 648
29 30 182
30 29 182
29 83 359
83 29 359
29 48 488
48 29 488
29 42 645
42 29 645
29 96 401
96 29 401
29 57 178
57 29 178
30 85 17
85 30 17
30 57 657
57 30 657
30 68 80
68 30 80
30 98 798
98 30 798
30 97 644
97 30 644
30 65 674
65 30 674
30 75 300
75 30 300
30 78 162
78 30 162
30 90 319
90 30 319
30 94 152
94 30 152
30 55 787
55 30 787
30 84 11
84 30 11
30 43 530
43 30 530
31 47 645
47 31 645
31 92 209
92 31 209
31 67 148
67 31 148
31 44 877
44 31 877
31 37 560
37 31 560
31 85 154
85 31 154
31 88 68
88 31 68
31 66 68
66 31 68
31 40 755
40 31 755
31 90 800
90 31 800
31 56 76
56 31 76
31 62 223
62 31 223
31 81 612
81 31 612
31 89 710
89 31 710
31 86 364
86 31 364
31 32 195
32 31 195
32 61 348
61 32 348
32 64 86
64 32 86
32 61 99
61 32 99
32 72 415
72 32 415
32 74 77
74 32 77
32 79 202
79 32 202
32 81 7
81 32 7
32 56 878
56 32 878
32 67 256
67 32 256
32 79 839
79 32 839
33 58 585
58 33 585
33 71 425
71 33 425
33 77 770
77 33 770
33 94 531
94 33 531
33 92 782
92 33 782
33 67 620
67 33 620
33 45 729
45 33 729
33 70 782
70 33 782
33 71 130
71 33 130
33 94 508
94 33 508
34 69 480
69 34 480
34 69 217
69 34 217
34 61 10
61 34 10
34 54 302
54 34 302
34 88 577
88 34 577
34 98 519
98 34 519
34 49 600
49 34 600
34 90 485
90 34 485
34 91 382
91 34 382
34 77 551
77 34 551
34 39 676
39 34 676
34 36 44
36 34 44
34 89 237
89 34 237
35 40 928
40 35 928
35 46 604
46 35 604
35 75 79
75 35 79
35 83 404
83 35 404
35 38 13
38 35 13
35 46 844
46 35 844
35 41 672
41 35 672
35 37 909
37 35 909
35 95 368
95 35 368
35 65 53
65 35 53
35 95 42
95 35 42
35 43 834
43 35 834
35 84 279
84 35 279
36 68 658
68 36 658
36 80 93
80 36 93
36 46 352
46 36 352
36 57 848
57 36 848
36 96 113
96 36 113
36 51 116
51 36 116
36 62 56
62 36 56
36 50 59
50 36 59
36 93 891
93 36 891
36 77 277
77 36 277
36 51 667
51 36 667
36 73 536
73 36 536
37 39 911
39 37 911
37 48 485
48 37 485
37 57 361
57 37 361
37 65 396
65 37 396
37 55 366
55 37 366
37 51 510
51 37 510
37 79 368
79 37 368
37 70 287
70 37 287
37 95 495
95 37 495
37 93 182
93 37 182
37 48 241
48 37 241
37 80 600
80 37 600
37 88 21
88 37 21
37 41 194
41 37 194
37 62 380
62 37 380
37 91 620
91 37 620
38 46 809
46 38 809
38 50 27
50 38 27
38 52 267
52 38 267
38 60 332
60 38 332
38 89 708
89 38 708
38 74 940
74 38 940
38 65 437
65 38 437
38 95 627
95 38 627
38 48 518
48 38 518
38 52 999
52 38 999
38 85 680
85 38 680
38 64 846
64 38 846
38 72 126
72 38 126
38 46 182
46 38 182
38 88 777
88 38 777
38 60 798
60 38 798
38 61 450
61 38 450
39 79 706
79 39 706
39 62 693
62 39 693
39 53 677
53 39 677
39 61 326
61 39 326
39 84 754
84 39 754
39 57 266
57 39 266
39 93 682
93 39 682
39 72 546
72 39 546
39 79 499
79 39 499
39 56 75
56 39 75
39 76 737
76 39 737
39 74 712
74 39 712
39 47 52
47 39 52
39 84 333
84 39 333
39 48 420
48 39 420
39 98 952
98 39 952
40 55 203
55 40 203
40 69 341
69 40 341
40 65 541
65 40 541
40 87 865
87 40 865
40 63 88
63 40 88
40 90 953
90 40 953
40 63 312
63 40 312
40 75 297
75 40 297
40 54 971
54 40 971
40 62 517
62 40 517
40 96 85
96 40 85
40 64 220
64 40 220
40 69 888
69 40 888
41 66 748
66 41 748
41 70 688
70 41 688
41 84 618
84 41 618
41 98 445
98 41 445
41 42 672
42 41 672
41 64 618
64 41 618
41 45 143
45 41 143
41 82 634
82 41 634
41 70 819
70 41 819
41 72 656
72 41 656
41 54 577
54 41 577
41 51 632
51 41 632
41 78 195
78 41 195
41 73 516
73 41 516
41 86 980
86 41 980
42 43 884
43 42 884
42 53 964
53 42 964
42 68 17
68 42 17
42 63 871
63 42 871
42 79 927
79 42 927
42 81 273
81 42 273
42 74 969
74 42 969
42 57 309
57 42 309
42 64 204
64 42 204
43 59 334
59 43 334
43 88 193
88 43 193
43 88 2
88 43 2
43 76 850
76 43 850
43 77 514
77 43 514
43 71 155
71 43 155
43 74 18
74 43 18
43 97 819
97 43 819
44 89 144
89 44 144
44 51 869
51 44 869
44 84 310
84 44 310
44 88 581
88 44 581
44 86 911
86 44 911
44 61 690
61 44 690
44 91 147
91 44 147
45 70 251
70 45 251
45 84 175
84 45 175
45 57 679
57 45 679
45 91 867
91 45 867
45 86 428
86 45 428
45 91 71
91 45 71
45 76 255
76 45 255
45 60 47
60 45 47
45 93 829
93 45 829
45 52 7
52 45 7
45 64 265
64 45 265
46 70 73
70 46 73
46 57 316
57 46 316
46 52 6
52 46 6
46 84 831
84 46 831
46 60 906
60 46 906
47 62 417
62 47 417
47 63 290
63 47 290
47 52 358
52 47 358
47 79 482
79 47 482
47 83 315
83 47 315
47 69 778
69 47 778
47 52 77
52 47 77
47 69 451
69 47 451
47 98 33
98 47 33
47 83 492
83 47 492
47 68 956
68 47 956
47 47 429
47 47 429
48 55 527
55 48 527
48 81 8
81 48 8
48 91 380
91 48 380
48 97 301
97 48 301
48 59 733
59 48 733
48 60 22
60 48 22
48 64 373
64 48 373
48 69 196
69 48 196
49 86 862
86 49 862
49 64 825
64 49 825
49 89 5
89 49 5
49 63 468
63 49 468
49 50 746
50 49 746
49 79 969
79 49 969
49 88 177
88 49 177
49 52 939
52 49 939
50 80 503
80 50 503
50 58 967
58 50 967
50 94 411
94 50 411
50 65 628
65 50 628
50 62 956
62 50 956
50 68 532
68 50 532
50 69 84
69 50 84
50 78 448
78 50 448
50 62 316
62 50 316
50 58 546
58 50 546
50 86 818
86 50 818
50 78 468
78 50 468
50 77 48
77 50 48
51 80 752
80 51 752
51 69 571
69 51 571
51 63 71
63 51 71
51 89 522
89 51 522
51 73 769
73 51 769
51 83 138
83 51 138
51 77 657
77 51 657
51 82 276
82 51 276
51 64 22
64 51 22
51 88 441
88 51 441
51 86 190
86 51 190
51 53 513
53 51 513
51 89 675
89 51 675
52 55 72
55 52 72
52 77 578
77 52 578
52 55 948
55 52 948
52 89 842
89 52 842
52 67 312
67 52 312
52 75 92
75 52 92
52 75 429
75 52 429
52 69 837
69 52 837
52 60 935
60 52 935
52 73 92
73 52 92
52 58 390
58 52 390
52 92 193
92 52 193
52 59 420
59 52 420
53 83 358
83 53 358
53 85 899
85 53 899
53 73 140
73 53 140
53 54 750
54 53 750
53 60 374
60 53 374
53 75 797
75 53 797
54 95 526
95 54 526
54 92 264
92 54 264
54 96 405
96 54 405
54 82 165
82 54 165
54 67 118
67 54 118
54 93 226
93 54 226
55 96 700
96 55 700
55 61 485
61 55 485
55 56 760
56 55 760
55 95 418
95 55 418
56 84 693
84 56 693
56 72 513
72 56 513
56 85 608
85 56 608
56 67 121
67 56 121
56 94 897
94 56 897
56 58 858
58 56 858
56 61 305
61 56 305
56 88 252
88 56 252
57 74 622
74 57 622
57 95 539
95 57 539
57 90 904
90 57 904
57 74 631
74 57 631
57 60 670
60 57 670
57 60 924
60 57 924
57 89 128
89 57 128
57 58 272
58 57 272
57 80 70
80 57 70
57 62 964
62 57 964
57 76 162
76 57 162
57 96 124
96 57 124
57 96 107
96 57 107
58 85 464
85 58 464
58 84 149
84 58 149
58 94 642
94 58 642
58 90 192
90 58 192
58 98 915
98 58 915
58 78 269
78 58 269
58 90 184
90 58 184
58 81 642
81 58 642
58 81 902
81 58 902
58 77 485
77 58 485
59 94 212
94 59 212
59 80 189
80 59 189
59 64 400
64 59 400
59 94 446
94 59 446
59 69 61
69 59 61
59 96 177
96 59 177
60 72 829
72 60 829
60 86 96
86 60 96
60 84 531
84 60 531
61 98 142
98 61 142
61 86 836
86 61 836
61 83 675
83 61 675
61 63 991
63 61 991
61 71 901
71 61 901
61 70 641
70 61 641
61 94 867
94 61 867
61 72 533
72 61 533
61 76 212
76 61 212
62 91 251
91 62 251
62 80 668
80 62 668
62 94 775
94 62 775
62 68 96
68 62 96
62 70 593
70 62 593
62 82 681
82 62 681
63 68 326
68 63 326
63 89 102
89 63 102
63 96 550
96 63 550
63 91 175
91 63 175
63 80 919
80 63 919
63 84 862
84 63 862
63 78 133
78 63 133
63 97 235
97 63 235
64 81 406
81 64 406
64 68 403
68 64 403
64 68 258
68 64 258
64 95 942
95 64 942
64 84 426
84 64 426
64 79 497
79 64 497
64 75 991
75 64 991
65 95 275
95 65 275
65 91 915
91 65 915
65 70 436
70 65 436
65 80 58
80 65 58
65 96 600
96 65 600
65 86 797
86 65 797
65 92 881
92 65 881
65 84 428
84 65 428
66 75 354
75 66 354
66 69 18
69 66 18
67 82 853
82 67 853
67 93 468
93 67 468
67 81 867
81 67 867
67 76 32
76 67 32
67 84 84
84 67 84
67 90 458
90 67 458
67 96 730
96 67 730
67 97 995
97 67 995
68 69 557
69 68 557
68 77 217
77 68 217
68 79 443
79 68 443
68 96 629
96 68 629
68 69 805
69 68 805
68 81 171
81 68 171
68 82 274
82 68 274
68 69 560
69 68 560
68 74 555
74 68 555
69 71 402
71 69 402
69 75 538
75 69 538
69 92 924
92 69 924
69 81 785
81 69 785
69 72 437
72 69 437
69 97 778
97 69 778
69 71 530
71 69 530
69 84 248
84 69 248
69 75 807
75 69 807
69 96 388
96 69 388
69 74 214
74 69 214
70 77 828
77 70 828
70 78 245
78 70 245
70 90 434
90 70 434
71 77 592
77 71 592
71 97 92
97 71 92
71 88 659
88 71 659
71 95 490
95 71 490
72 97 133
97 72 133
72 83 98
83 72 98
72 92 331
92 72 331
73 82 147
82 73 147
73 75 43
75 73 43
73 82 10
82 73 10
73 80 329
80 73 329
73 81 787
81 73 787
74 74 760
74 74 760
75 75 630
75 75 630
75 83 725
83 75 725
75 80 915
80 75 915
75 89 119
89 75 119
76 96 844
96 76 844
76 77 950
77 76 950
76 92 233
92 76 233
76 77 814
77 76 814
77 88 200
88 77 200
78 83 800
83 78 800
78 86 455
86 78 455
78 90 161
90 78 161
78 78 853
78 78 853
79 82 893
82 79 893
79 86 885
86 79 885
79 93 155
93 79 155
79 80 403
80 79 403
80 90 633
90 80 633
80 85 582
85 80 582
80 82 469
82 80 469
80 82 477
82 80 477
81 84 673
84 81 673
81 92 958
92 81 958
82 87 94
87 82 94
82 85 989
85 82 989
83 92 266
92 83 266
83 88 801
88 83 801
84 98 219
98 84 219
84 88 321
88 84 321
84 89 826
89 84 826
84 90 647
90 84 647
85 87 551
87 85 551
88 92 448
92 88 448
89 89 841
89 89 841
90 98 362
98 90 362
90 96 762
96 90 762
91 92 690
92 91 690
91 93 776
93 91 776
93 94 171
94 93 171
93 97 784
97 93 784
93 94 181
94 93 181
95 98 545
98 95 545
