70

0 1 992
1 0 992
0 3 597
3 0 597
0 5 747
5 0 747
0 13 257
13 0 257
0 15 999
15 0 999
0 21 615
21 0 615
0 59 947
59 0 947
0 39 933
39 0 933
0 2 588
2 0 588
0 33 315
33 0 315
0 57 264
57 0 264
0 37 621
37 0 621
0 16 408
16 0 408
0 43 341
43 0 341
0 8 279
8 0 279
1 2 55
2 1 55
1 4 960
4 1 960
1 24 927
24 1 927
1 31 371
31 1 371
1 49 298
49 1 298
1 40 914
40 1 914
1 47 456
47 1 456
1 65 758
65 1 758
1 40 632
40 1 632
1 56 297
56 1 297
1 27 981
27 1 981
1 20 602
20 1 602
1 43 848
43 1 848
2 11 393
11 2 393
2 19 595
19 2 595
2 61 938
61 2 938
2 60 580
60 2 580
2 68 78
68 2 78
2 35 271
35 2 271
2 40 433
40 2 433
2 24 48
24 2 48
3 8 192
8 3 192
3 18 196
18 3 196
3 28 53
28 3 53
3 38 820
38 3 820
3 53 980
53 3 980
3 7 722
7 3 722
3 64 534
64 3 534
3 40 407
40 3 407
3 6 521
6 3 521
4 6 536
6 4 536
4 10 844
10 4 844
4 60 266
60 4 266
4 37 605
37 4 605
4 36 174
36 4 174
4 45 147
45 4 147
4 56 948
56 4 948
4 14 27
14 4 27
4 32 891
32 4 891
4 65 660
65 4 660
5 41 164
41 5 164
5 18 855
18 5 855
5 38 457
38 5 457
5 62 514
62 5 514
5 62 836
62 5 836
5 13 223
13 5 223
5 50 193
50 5 193
5 39 718
39 5 718
5 6 35
6 5 35
6 7 548
7 6 548
6 12 859
12 6 859
6 50 566
50 6 566
6 65 647
65 6 647
6 38 667
38 6 667
6 37 519
37 6 519
6 51 576
51 6 576
6 8 579
8 6 579
6 8 286
8 6 286
6 23 539
23 6 539
6 15 257
15 6 257
7 22 657
22 7 657
7 48 779
48 7 779
7 33 583
33 7 583
7 64 299
64 7 299
7 45 508
45 7 508
7 36 68
36 7 68
7 61 166
61 7 166
7 28 487
28 7 487
8 9 399
9 8 399
8 50 150
50 8 150
8 42 822
42 8 822
8 34 209
34 8 209
8 67 412
67 8 412
9 23 29
23 9 29
9 31 329
31 9 329
9 56 134
56 9 134
9 48 167
48 9 167
9 57 735
57 9 735
9 27 835
27 9 835
9 57 324
57 9 324
9 21 133
21 9 133
9 15 17
15 9 17
9 32 401
32 9 401
9 34 752
34 9 752
9 38 38
38 9 38
10 35 437
35 10 437
10 23 290
23 10 290
10 36 553
36 10 553
10 36 999
36 10 999
10 45 863
45 10 863
10 13 724
13 10 724
10 44 462
44 10 462
10 27 857
27 10 857
10 47 842
47 10 842
10 52 321
52 10 321
10 37 358
37 10 358
10 68 460
68 10 460
10 43 642
43 10 642
11 16 249
16 11 249
11 44 491
44 11 491
11 62 917
62 11 917
11 60 19
60 11 19
11 35 371
35 11 371
11 29 604
29 11 604
11 55 580
55 11 580
11 68 143
68 11 143
11 43 880
43 11 880
11 30 427
30 11 427
11 24 594
24 11 594
11 32 461
32 11 461
11 11 357
11 11 357
11 13 844
13 11 844
11 12 707
12 11 707
12 14 65
14 12 65
12 17 607
17 12 607
12 19 238
19 12 238
12 20 438
20 12 438
12 38 843
38 12 843
12 16 784
16 12 784
12 63 283
63 12 283
12 13 413
13 12 413
12 31 650
31 12 650
12 27 235
27 12 235
12 48 160
48 12 160
12 28 314
28 12 314
12 21 545
21 12 545
12 20 397
20 12 397
12 58 473
58 12 473
13 65 965
65 13 965
13 26 304
26 13 304
13 56 321
56 13 321
13 46 726
46 13 726
13 44 875
44 13 875
14 32 922
32 14 922
14 33 32
33 14 32
14 68 914
68 14 914
14 40 571
40 14 571
14 51 562
51 14 562
14 66 168
66 14 168
14 45 13
45 14 13
14 62 986
62 14 986
14 22 437
22 14 437
14 36 178
36 14 178
14 23 956
23 14 956
14 16 409
16 14 409
14 36 515
36 14 515
14 58 626
58 14 626
14 62 943
62 14 943
15 29 813
29 15 813
15 59 176
59 15 176
15 23 5
23 15 5
15 45 374
45 15 374
15 60 369
60 15 369
15 46 841
46 15 841
15 61 327
61 15 327
16 27 10
27 16 10
16 40 744
40 16 744
16 61 27
61 16 27
16 67 549
67 16 549
16 33 8
33 16 8
16 66 704
66 16 704
16 66 240
66 16 240
16 56 959
56 16 959
16 60 538
60 16 538
16 66 526
66 16 526
16 28 858
28 16 858
17 21 597
21 17 597
17 30 392
30 17 392
17 48 600
48 17 600
17 39 304
39 17 304
17 48 392
48 17 392
18 25 931
25 18 931
18 57 790
57 18 790
18 52 815
52 18 815
18 66 176
66 18 176
18 49 680
49 18 680
18 23 776
23 18 776
18 20 240
20 18 240
18 40 7
40 18 7
18 34 761
34 18 761
19 58 766
58 19 766
19 65 759
65 19 759
19 20 361
20 19 361
19 45 417
45 19 417
19 29 528
29 19 528
19 32 925
32 19 925
20 30 111
30 20 111
20 66 811
66 20 811
20 61 40
61 20 40
20 39 444
39 20 444
20 22 480
22 20 480
20 40 355
40 20 355
20 61 190
61 20 190
20 62 712
62 20 712
20 22 141
22 20 141
20 59 834
59 20 834
21 52 519
52 21 519
21 32 69
32 21 69
21 31 57
31 21 57
21 68 643
68 21 643
21 32 308
32 21 308
21 59 346
59 21 346
21 42 188
42 21 188
21 62 551
62 21 551
21 53 785
53 21 785
21 28 501
28 21 501
22 54 835
54 22 835
22 65 184
65 22 184
22 49 923
49 22 923
22 43 987
43 22 987
22 24 752
24 22 752
22 35 368
35 22 368
23 34 492
34 23 492
23 26 147
26 23 147
23 69 437
69 23 437
23 52 672
52 23 672
23 57 59
57 23 59
23 58 599
58 23 599
23 57 523
57 23 523
23 58 99
58 23 99
23 28 75
28 23 75
24 45 727
45 24 727
24 46 445
46 24 445
24 52 706
52 24 706
24 51 969
51 24 969
24 51 429
51 24 429
24 68 883
68 24 883
25 26 212
26 25 212
25 39 583
39 25 583
25 59 964
59 25 964
25 68 534
68 25 534
25 62 194
62 25 194
25 47 375
47 25 375
25 63 227
63 25 227
25 60 573
60 25 573
26 59 855
59 26 855
26 40 671
40 26 671
26 34 642
34 26 642
26 50 644
50 26 644
26 48 346
48 26 346
26 65 93
65 26 93
27 55 197
55 27 197
27 64 99
64 27 99
27 54 568
54 27 568
27 49 927
49 27 927
27 53 801
53 27 801
27 35 654
35 27 654
27 47 90
47 27 90
27 47 986
47 27 986
27 34 555
34 27 555
28 42 188
42 28 188
28 64 126
64 28 126
28 45 672
45 28 672
28 45 453
45 28 453
28 42 51
42 28 51
28 46 742
46 28 742
28 31 905
31 28 905
28 62 991
62 28 991
28 59 887
59 28 887
28 54 76
54 28 76
29 51 529
51 29 529
29 58 802
58 29 802
29 61 873
61 29 873
29 44 366
44 29 366
29 58 101
58 29 101
29 34 452
34 29 452
29 54 929
54 29 929
29 39 483
39 29 483
30 37 671
37 30 671
30 65 439
65 30 439
30 59 790
59 30 790
30 64 878
64 30 878
30 60 552
60 30 552
30 41 632
41 30 632
30 47 158
47 30 158
31 53 627
53 31 627
31 42 405
42 31 405
31 61 779
61 31 779
32 36 503
36 32 503
32 51 783
51 32 783
32 65 496
65 32 496
32 42 888
42 32 888
32 40 997
40 32 997
32 68 355
68 32 355
32 61 323
61 32 323
33 36 672
36 33 672
33 66 37
66 33 37
33 57 83
57 33 83
33 51 6
51 33 6
34 37 339
37 34 339
34 56 225
56 34 225
34 65 313
65 34 313
34 37 302
37 34 302
34 64 848
64 34 848
34 45 842
45 34 842
35 43 44
43 35 44
35 53 733
53 35 733
35 43 228
43 35 228
35 59 597
59 35 597
35 69 775
69 35 775
35 52 786
52 35 786
35 63 510
63 35 510
35 49 622
49 35 622
36 58 295
58 36 295
36 51 782
51 36 782
36 61 101
61 36 101
37 57 103
57 37 103
37 61 903
61 37 903
37 44 334
44 37 334
38 53 646
53 38 646
38 54 347
54 38 347
38 50 271
50 38 271
38 48 632
48 38 632
38 56 671
56 38 671
39 41 357
41 39 357
39 66 852
66 39 852
39 68 410
68 39 410
40 63 260
63 40 260
40 50 853
50 40 853
40 51 578
51 40 578
40 51 638
51 40 638
40 56 777
56 40 777
41 63 165
63 41 165
41 62 633
62 41 633
41 51 895
51 41 895
41 51 745
51 41 745
41 60 648
60 41 648
41 54 941
54 41 941
41 51 604
51 41 604
41 53 804
53 41 804
41 68 283
68 41 283
43 68 158
68 43 158
43 43 678
43 43 678
44 45 427
45 44 427
44 66 359
66 44 359
45 47 862
47 45 862
45 54 871
54 45 871
45 48 404
48 45 404
45 67 77
67 45 77
46 61 229
61 46 229
46 55 454
55 46 454
46 50 276
50 46 276
46 59 539
59 46 539
46 50 365
50 46 365
46 60 388
60 46 388
48 52 396
52 48 396
48 51 332
51 48 332
48 48 465
48 48 465
48 62 29
62 48 29
48 56 485
56 48 485
48 61 197
61 48 197
49 59 74
59 49 74
50 57 696
57 50 696
50 61 548
61 50 548
50 57 78
57 50 78
50 69 802
69 50 802
51 56 167
56 51 167
51 54 329
54 51 329
51 67 521
67 51 521
51 54 977
54 51 977
51 62 853
62 51 853
51 53 110
53 51 110
53 58 144
58 53 144
53 68 714
68 53 714
54 65 677
65 54 677
55 59 314
59 55 314
55 64 698
64 55 698
57 68 304
68 57 304
57 63 965
63 57 965
58 63 635
63 58 635
58 64 19
64 58 19
59 65 956
65 59 956
59 66 850
66 59 850
61 65 68
65 61 68
61 69 806
69 61 806
61 63 787
63 61 787
61 66 122
66 61 122
61 68 830
68 61 830
63 69 276
69 63 276
65 67 299
67 65 299
65 69 663
69 65 663
