46

0 1 12
1 0 12
0 2 235
2 0 235
0 3 839
3 0 839
0 6 248
6 0 248
0 28 812
28 0 812
0 13 643
13 0 643
0 6 344
6 0 344
0 30 618
30 0 618
0 1 862
1 0 862
1 23 613
23 1 613
1 9 659
9 1 659
1 6 887
6 1 887
1 42 709
42 1 709
1 42 545
42 1 545
1 4 468
4 1 468
2 4 774
4 2 774
2 18 651
18 2 651
2 19 871
19 2 871
2 21 399
21 2 399
2 22 189
22 2 189
2 28 452
28 2 452
2 39 754
39 2 754
3 5 584
5 3 584
3 13 946
13 3 946
3 17 335
17 3 335
3 20 958
20 3 958
3 45 459
45 3 459
3 35 778
35 3 778
3 45 949
45 3 949
3 12 44
12 3 44
3 31 261
31 3 261
4 7 470
7 4 470
4 44 205
44 4 205
4 5 507
5 4 507
4 8 695
8 4 695
4 27 213
27 4 213
4 20 967
20 4 967
5 9 491
9 5 491
5 10 497
10 5 497
5 14 248
14 5 248
5 31 133
31 5 133
5 8 106
8 5 106
5 35 647
35 5 647
5 10 663
10 5 663
5 19 680
19 5 680
5 35 439
35 5 439
5 14 553
14 5 553
5 6 340
6 5 340
5 11 189
11 5 189
6 8 725
8 6 725
6 11 632
11 6 632
6 24 664
24 6 664
6 35 744
35 6 744
6 39 485
39 6 485
6 31 555
31 6 555
6 8 595
8 6 595
6 38 173
38 6 173
6 12 221
12 6 221
6 43 894
43 6 894
6 45 310
45 6 310
7 15 553
15 7 553
7 45 705
45 7 705
7 38 924
38 7 924
7 22 113
22 7 113
7 35 71
35 7 71
7 16 916
16 7 916
8 44 100
44 8 100
8 9 69
9 8 69
8 9 416
9 8 416
8 40 260
40 8 260
8 16 682
16 8 682
8 13 611
13 8 611
9 15 372
15 9 372
10 31 680
31 10 680
10 13 176
13 10 176
10 39 550
39 10 550
10 15 955
15 10 955
10 34 692
34 10 692
11 12 270
12 11 270
11 26 976
26 11 976
11 15 786
15 11 786
11 44 905
44 11 905
11 45 689
45 11 689
11 31 860
31 11 860
12 27 506
27 12 506
12 36 818
36 12 818
12 19 534
19 12 534
12 25 137
25 12 137
12 28 656
28 12 656
12 40 59
40 12 59
12 20 482
20 12 482
13 22 672
22 13 672
13 25 716
25 13 716
13 19 692
19 13 692
14 29 806
29 14 806
14 44 254
44 14 254
14 17 37
17 14 37
14 43 623
43 14 623
15 16 793
16 15 793
15 16 485
16 15 485
16 30 368
30 16 368
16 23 287
23 16 287
17 25 653
25 17 653
17 23 542
23 17 542
17 24 717
24 17 717
17 37 237
37 17 237
17 23 565
23 17 565
18 26 508
26 18 508
18 30 917
30 18 917
18 37 80
37 18 80
18 35 996
35 18 996
18 45 955
45 18 955
18 33 583
33 18 583
18 26 736
26 18 736
19 39 421
39 19 421
19 37 958
37 19 958
19 39 398
39 19 398
19 31 198
31 19 198
20 32 981
32 20 981
21 22 975
22 21 975
21 33 743
33 21 743
21 34 507
34 21 507
21 39 628
39 21 628
21 41 300
41 21 300
21 38 661
38 21 661
21 35 277
35 21 277
22 34 589
34 22 589
23 40 579
40 23 579
23 31 451
31 23 451
23 43 371
43 23 371
23 40 175
40 23 175
24 43 646
43 24 646
24 28 297
28 24 297
24 45 706
45 24 706
25 35 76
35 25 76
25 39 773
39 25 773
26 42 755
42 26 755
26 43 413
43 26 413
26 36 396
36 26 396
27 27 249
27 27 249
27 38 770
38 27 770
27 37 731
37 27 731
28 29 274
29 28 274
28 32 96
32 28 96
28 42 380
42 28 380
28 36 156
36 28 156
28 33 393
33 28 393
29 42 46
42 29 46
30 34 445
34 30 445
30 42 594
42 30 594
31 41 187
41 31 187
32 40 839
40 32 839
32 41 532
41 32 532
33 45 786
45 33 786
33 43 665
43 33 665
34 38 941
38 34 941
34 41 181
41 34 181
35 45 495
45 35 495
36 38 354
38 36 354
36 42 986
42 36 986
37 43 356
43 37 356
38 45 394
45 38 394
38 39 307
39 38 307
39 42 353
42 39 353
40 43 643
43 40 643
