94

0 1 687
1 0 687
0 7 784
7 0 784
0 8 288
8 0 288
0 19 350
19 0 350
0 36 341
36 0 341
0 31 64
31 0 64
0 31 749
31 0 749
0 10 893
10 0 893
0 81 972
81 0 972
0 31 389
31 0 389
0 90 480
90 0 480
0 73 632
73 0 632
1 2 843
2 1 843
1 4 220
4 1 220
1 5 575
5 1 575
1 9 484
9 1 484
1 20 201
20 1 201
1 3 515
3 1 515
1 52 651
52 1 651
2 3 302
3 2 302
2 53 683
53 2 683
2 60 490
60 2 490
2 15 122
15 2 122
2 69 801
69 2 801
2 85 171
85 2 171
2 50 223
50 2 223
2 18 946
18 2 946
3 6 186
6 3 186
3 11 40
11 3 40
3 44 319
44 3 319
3 88 635
88 3 635
3 12 326
12 3 326
4 12 923
12 4 923
4 79 475
79 4 475
4 78 974
78 4 974
4 75 892
75 4 892
5 34 426
34 5 426
5 43 975
43 5 975
5 10 971
10 5 971
5 9 427
9 5 427
5 54 756
54 5 756
5 40 399
40 5 399
5 43 326
43 5 326
6 13 860
13 6 860
6 90 622
90 6 622
6 72 310
72 6 310
6 22 751
22 6 751
6 35 503
35 6 503
6 32 985
32 6 985
6 63 385
63 6 385
7 10 826
10 7 826
7 20 805
20 7 805
7 35 188
35 7 188
7 48 703
48 7 703
7 56 41
56 7 41
7 85 690
85 7 690
7 61 107
61 7 107
7 24 500
24 7 500
7 52 675
52 7 675
7 80 983
80 7 983
7 77 785
77 7 785
7 42 344
42 7 344
8 8 359
8 8 359
8 76 280
76 8 280
9 14 333
14 9 333
9 58 813
58 9 813
9 68 587
68 9 587
9 73 507
73 9 507
9 31 439
31 9 439
9 22 342
22 9 342
9 92 535
92 9 535
10 17 697
17 10 697
10 18 520
18 10 520
10 24 153
24 10 153
10 61 544
61 10 544
10 91 685
91 10 685
10 41 468
41 10 468
10 72 272
72 10 272
10 31 452
31 10 452
10 36 980
36 10 980
10 16 170
16 10 170
11 15 159
15 11 159
11 30 636
30 11 636
11 32 51
32 11 51
11 59 529
59 11 529
11 36 694
36 11 694
11 37 436
37 11 436
11 75 600
75 11 600
11 28 114
28 11 114
12 27 466
27 12 466
12 41 487
41 12 487
12 33 953
33 12 953
12 80 540
80 12 540
12 67 69
67 12 69
12 23 423
23 12 423
13 16 291
16 13 291
13 28 198
28 13 198
13 50 37
50 13 37
13 55 966
55 13 966
13 57 904
57 13 904
13 75 226
75 13 226
13 16 328
16 13 328
13 40 879
40 13 879
13 76 545
76 13 545
13 63 905
63 13 905
13 46 910
46 13 910
13 92 444
92 13 444
13 65 912
65 13 912
14 26 231
26 14 231
14 69 350
69 14 350
14 91 306
91 14 306
14 28 80
28 14 80
14 15 301
15 14 301
14 22 999
22 14 999
14 19 31
19 14 31
14 15 13
15 14 13
14 35 360
35 14 360
14 54 713
54 14 713
15 21 364
21 15 364
15 46 485
46 15 485
15 47 869
47 15 869
15 28 965
28 15 965
15 35 213
35 15 213
15 77 487
77 15 487
16 29 624
29 16 624
18 22 854
22 18 854
18 37 107
37 18 107
18 89 802
89 18 802
18 64 440
64 18 440
18 74 697
74 18 697
18 58 231
58 18 231
18 86 414
86 18 414
19 33 64
33 19 64
19 81 467
81 19 467
19 28 785
28 19 785
19 80 921
80 19 921
19 27 282
27 19 282
20 50 635
50 20 635
20 32 24
32 20 24
21 23 178
23 21 178
21 88 802
88 21 802
21 75 723
75 21 723
21 57 109
57 21 109
22 73 143
73 22 143
22 25 312
25 22 312
22 26 126
26 22 126
22 33 54
33 22 54
22 74 84
74 22 84
22 29 756
29 22 756
23 51 675
51 23 675
23 57 398
57 23 398
23 63 931
63 23 931
23 64 314
64 23 314
23 62 631
62 23 631
24 25 374
25 24 374
24 31 432
31 24 432
24 33 153
33 24 153
24 87 867
87 24 867
24 31 939
31 24 939
24 46 506
46 24 506
24 51 419
51 24 419
24 31 392
31 24 392
25 45 372
45 25 372
25 89 318
89 25 318
25 33 3
33 25 3
25 50 417
50 25 417
25 61 345
61 25 345
26 84 742
84 26 742
26 93 117
93 26 117
27 76 384
76 27 384
27 54 1
54 27 1
27 53 286
53 27 286
27 80 219
80 27 219
27 40 676
40 27 676
29 65 433
65 29 433
29 78 481
78 29 481
29 82 10
82 29 10
29 38 996
38 29 996
29 93 530
93 29 530
29 31 42
31 29 42
30 38 694
38 30 694
30 82 300
82 30 300
30 58 835
58 30 835
30 92 494
92 30 494
30 64 161
64 30 161
30 90 498
90 30 498
30 60 563
60 30 563
30 69 340
69 30 340
31 58 408
58 31 408
31 61 540
61 31 540
31 33 144
33 31 144
31 89 396
89 31 396
31 41 280
41 31 280
32 42 396
42 32 396
32 66 329
66 32 329
32 88 839
88 32 839
32 46 475
46 32 475
32 78 252
78 32 252
33 67 237
67 33 237
33 57 20
57 33 20
33 47 796
47 33 796
33 84 897
84 33 897
34 52 163
52 34 163
34 90 895
90 34 895
34 72 76
72 34 76
34 40 666
40 34 666
35 43 440
43 35 440
35 46 394
46 35 394
35 61 329
61 35 329
35 35 964
35 35 964
35 93 743
93 35 743
35 83 964
83 35 964
36 83 516
83 36 516
36 42 792
42 36 792
36 80 265
80 36 265
36 57 219
57 36 219
37 40 968
40 37 968
37 86 503
86 37 503
37 55 435
55 37 435
37 43 325
43 37 325
37 62 252
62 37 252
37 55 969
55 37 969
38 39 109
39 38 109
38 85 319
85 38 319
38 52 846
52 38 846
38 79 589
79 38 589
38 86 169
86 38 169
39 54 329
54 39 329
39 50 203
50 39 203
39 63 457
63 39 457
39 72 303
72 39 303
39 47 236
47 39 236
40 55 850
55 40 850
41 48 100
48 41 100
41 55 976
55 41 976
41 45 375
45 41 375
41 71 986
71 41 986
42 64 390
64 42 390
42 83 564
83 42 564
42 68 5
68 42 5
43 49 201
49 43 201
44 47 524
47 44 524
44 89 779
89 44 779
44 74 659
74 44 659
44 50 847
50 44 847
45 52 68
52 45 68
45 50 709
50 45 709
46 75 307
75 46 307
46 70 810
70 46 810
47 76 645
76 47 645
47 86 982
86 47 982
47 65 205
65 47 205
47 49 191
49 47 191
47 77 652
77 47 652
47 92 908
92 47 908
48 68 77
68 48 77
48 69 522
69 48 522
48 87 964
87 48 964
49 63 238
63 49 238
50 53 806
53 50 806
50 86 105
86 50 105
50 63 252
63 50 252
51 79 434
79 51 434
51 55 984
55 51 984
51 81 93
81 51 93
51 74 661
74 51 661
52 77 661
77 52 661
52 59 266
59 52 266
53 62 205
62 53 205
53 71 685
71 53 685
53 58 656
58 53 656
53 77 95
77 53 95
54 59 910
59 54 910
54 58 309
58 54 309
54 93 430
93 54 430
55 62 260
62 55 260
56 66 55
66 56 55
56 79 774
79 56 774
56 87 514
87 56 514
56 77 368
77 56 368
58 72 26
72 58 26
59 63 360
63 59 360
59 70 877
70 59 877
60 86 936
86 60 936
61 69 947
69 61 947
61 75 290
75 61 290
62 74 152
74 62 152
62 62 248
62 62 248
63 91 878
91 63 878
63 65 581
65 63 581
63 82 537
82 63 537
64 80 242
80 64 242
64 75 210
75 64 210
64 82 365
82 64 365
64 68 338
68 64 338
64 69 1000
69 64 1000
65 83 834
83 65 834
67 92 946
92 67 946
69 80 548
80 69 548
69 78 798
78 69 798
70 82 300
82 70 300
70 75 925
75 70 925
71 73 67
73 71 67
73 81 920
81 73 920
73 89 218
89 73 218
74 93 685
93 74 685
76 82 792
82 76 792
76 83 518
83 76 518
77 78 570
78 77 570
77 92 824
92 77 824
78 83 963
83 78 963
82 91 713
91 82 713
84 88 160
88 84 160
85 88 446
88 85 446
85 85 975
85 85 975
89 93 530
93 89 530
