56

0 1 943
1 0 943
0 3 798
3 0 798
0 34 563
34 0 563
1 2 96
2 1 96
1 4 321
4 1 321
1 5 510
5 1 510
1 11 599
11 1 599
1 29 529
29 1 529
2 12 634
12 2 634
2 17 364
17 2 364
2 32 618
32 2 618
3 6 572
6 3 572
3 8 687
8 3 687
3 51 368
51 3 368
4 7 221
7 4 221
4 28 268
28 4 268
4 37 849
37 4 849
4 36 785
36 4 785
5 14 22
14 5 22
5 41 493
41 5 493
5 52 776
52 5 776
6 10 874
10 6 874
6 30 746
30 6 746
7 13 431
13 7 431
7 39 342
39 7 342
7 54 670
54 7 670
8 9 129
9 8 129
8 33 529
33 8 529
8 36 903
36 8 903
8 22 337
22 8 337
8 17 364
17 8 364
9 41 668
41 9 668
9 40 991
40 9 991
9 23 802
23 9 802
10 19 896
19 10 896
12 15 165
15 12 165
12 19 909
19 12 909
12 18 541
18 12 541
12 41 684
41 12 684
13 18 112
18 13 112
13 23 385
23 13 385
14 36 707
36 14 707
14 17 110
17 14 110
15 16 597
16 15 597
15 20 368
20 15 368
15 45 129
45 15 129
15 49 174
49 15 174
15 29 372
29 15 372
16 52 129
52 16 129
17 26 460
26 17 460
17 27 734
27 17 734
17 40 496
40 17 496
17 42 314
42 17 314
20 21 404
21 20 404
20 22 543
22 20 543
20 28 664
28 20 664
21 25 457
25 21 457
21 40 980
40 21 980
21 55 947
55 21 947
21 52 602
52 21 602
22 24 978
24 22 978
22 31 791
31 22 791
22 30 493
30 22 493
23 35 638
35 23 638
24 42 51
42 24 51
24 50 331
50 24 331
25 33 929
33 25 929
26 29 556
29 26 556
27 55 92
55 27 92
28 35 889
35 28 889
29 43 61
43 29 61
29 50 294
50 29 294
29 34 757
34 29 757
30 38 803
38 30 803
31 36 71
36 31 71
32 37 327
37 32 327
33 47 52
47 33 52
35 48 774
48 35 774
36 53 476
53 36 476
37 44 102
44 37 102
37 52 139
52 37 139
37 37 595
37 37 595
38 46 829
46 38 829
38 48 25
48 38 25
38 44 743
44 38 743
39 46 30
46 39 30
39 51 937
51 39 937
40 55 522
55 40 522
40 45 679
45 40 679
44 47 632
47 44 632
45 51 653
51 45 653
48 50 151
50 48 151
