81

0 1 731
1 0 731
0 2 110
2 0 110
0 50 614
50 0 614
0 24 377
24 0 377
0 14 837
14 0 837
0 29 236
29 0 236
1 3 978
3 1 978
1 6 354
6 1 354
1 66 50
66 1 50
1 12 297
12 1 297
1 51 617
51 1 617
1 51 889
51 1 889
1 27 604
27 1 604
1 28 541
28 1 541
1 42 749
42 1 749
1 17 595
17 1 595
2 5 865
5 2 865
2 21 825
21 2 825
2 31 496
31 2 496
2 34 444
34 2 444
2 19 763
19 2 763
2 72 729
72 2 729
2 32 298
32 2 298
2 80 880
80 2 880
2 55 144
55 2 144
3 4 971
4 3 971
3 7 13
7 3 13
3 11 807
11 3 807
3 28 143
28 3 143
3 66 175
66 3 175
3 37 226
37 3 226
3 64 363
64 3 363
3 77 100
77 3 100
4 22 114
22 4 114
4 6 265
6 4 265
4 25 470
25 4 470
4 42 33
42 4 33
5 15 855
15 5 855
5 35 838
35 5 838
5 70 577
70 5 577
5 6 544
6 5 544
5 75 915
75 5 915
5 34 92
34 5 92
5 49 272
49 5 272
5 73 787
73 5 787
6 9 233
9 6 233
6 18 751
18 6 751
6 30 265
30 6 265
6 41 354
41 6 354
6 75 723
75 6 723
6 41 177
41 6 177
7 8 274
8 7 274
7 10 687
10 7 687
7 61 201
61 7 201
7 53 469
53 7 469
7 53 89
53 7 89
8 12 263
12 8 263
8 14 696
14 8 696
8 34 397
34 8 397
8 43 455
43 8 455
8 53 669
53 8 669
8 64 814
64 8 814
8 59 119
59 8 119
9 13 429
13 9 429
9 31 25
31 9 25
9 22 707
22 9 707
10 19 524
19 10 524
10 20 827
20 10 827
10 61 250
61 10 250
10 17 502
17 10 502
10 80 833
80 10 833
10 65 580
65 10 580
11 26 974
26 11 974
11 31 839
31 11 839
11 22 869
22 11 869
11 61 566
61 11 566
11 12 859
12 11 859
11 37 940
37 11 940
11 55 966
55 11 966
12 58 65
58 12 65
12 42 199
42 12 199
12 44 459
44 12 459
12 21 100
21 12 100
13 51 181
51 13 181
13 40 543
40 13 543
13 38 935
38 13 935
13 73 158
73 13 158
13 20 7
20 13 7
13 69 509
69 13 509
13 51 85
51 13 85
14 17 82
17 14 82
14 23 659
23 14 659
14 72 42
72 14 42
15 16 572
16 15 572
15 29 493
29 15 493
15 42 256
42 15 256
15 68 569
68 15 569
15 77 775
77 15 775
15 24 777
24 15 777
15 41 718
41 15 718
15 52 808
52 15 808
16 36 57
36 16 57
16 60 614
60 16 614
16 76 741
76 16 741
16 20 763
20 16 763
16 65 511
65 16 511
16 64 108
64 16 108
16 23 113
23 16 113
16 65 841
65 16 841
16 26 858
26 16 858
16 36 957
36 16 957
17 33 607
33 17 607
17 58 693
58 17 693
17 21 152
21 17 152
17 33 375
33 17 375
17 45 553
45 17 553
17 57 456
57 17 456
17 30 383
30 17 383
18 65 112
65 18 112
18 18 697
18 18 697
18 37 42
37 18 42
18 42 743
42 18 743
18 69 45
69 18 45
18 45 188
45 18 188
19 27 454
27 19 454
19 57 559
57 19 559
19 59 524
59 19 524
19 46 366
46 19 366
19 51 308
51 19 308
20 25 352
25 20 352
20 54 774
54 20 774
20 60 141
60 20 141
20 73 746
73 20 746
20 67 164
67 20 164
22 24 112
24 22 112
22 41 510
41 22 510
22 57 366
57 22 366
23 32 567
32 23 567
23 47 631
47 23 631
23 74 270
74 23 270
23 24 558
24 23 558
23 25 251
25 23 251
24 49 504
49 24 504
25 71 918
71 25 918
25 73 418
73 25 418
25 75 386
75 25 386
25 38 497
38 25 497
25 70 428
70 25 428
25 44 153
44 25 153
26 37 762
37 26 762
26 46 64
46 26 64
26 69 724
69 26 724
26 34 606
34 26 606
26 64 42
64 26 42
26 65 526
65 26 526
26 33 961
33 26 961
27 39 540
39 27 540
27 44 903
44 27 903
27 48 66
48 27 66
27 38 949
38 27 949
27 71 757
71 27 757
27 66 427
66 27 427
27 64 739
64 27 739
27 35 946
35 27 946
28 38 118
38 28 118
28 77 950
77 28 950
28 49 34
49 28 34
28 30 551
30 28 551
28 29 826
29 28 826
28 76 764
76 28 764
28 38 430
38 28 430
29 56 107
56 29 107
29 33 614
33 29 614
30 62 338
62 30 338
30 44 480
44 30 480
30 40 754
40 30 754
31 37 337
37 31 337
32 33 231
33 32 231
32 45 183
45 32 183
32 61 665
61 32 665
33 68 153
68 33 153
33 57 493
57 33 493
33 71 913
71 33 913
33 36 366
36 33 366
34 50 817
50 34 817
34 67 856
67 34 856
35 37 333
37 35 333
35 77 934
77 35 934
35 36 183
36 35 183
36 72 661
72 36 661
36 68 538
68 36 538
37 40 169
40 37 169
37 37 195
37 37 195
37 41 564
41 37 564
38 62 74
62 38 74
38 51 785
51 38 785
39 70 262
70 39 262
39 66 445
66 39 445
40 59 346
59 40 346
40 44 983
44 40 983
40 76 261
76 40 261
40 55 784
55 40 784
40 66 624
66 40 624
40 64 918
64 40 918
41 47 279
47 41 279
41 63 99
63 41 99
41 74 973
74 41 973
42 45 847
45 42 847
42 56 12
56 42 12
42 79 675
79 42 675
42 51 860
51 42 860
43 80 784
80 43 784
43 76 856
76 43 856
44 52 502
52 44 502
44 64 130
64 44 130
44 65 808
65 44 808
45 49 726
49 45 726
45 61 28
61 45 28
46 67 371
67 46 371
46 74 247
74 46 247
46 65 641
65 46 641
46 55 649
55 46 649
46 58 84
58 46 84
47 53 474
53 47 474
47 60 81
60 47 81
47 79 865
79 47 865
49 67 959
67 49 959
50 51 541
51 50 541
50 80 322
80 50 322
50 64 901
64 50 901
51 57 154
57 51 154
51 63 885
63 51 885
51 73 877
73 51 877
52 69 939
69 52 939
52 72 883
72 52 883
52 53 402
53 52 402
52 75 691
75 52 691
53 55 956
55 53 956
53 76 36
76 53 36
53 71 786
71 53 786
55 58 301
58 55 301
56 56 185
56 56 185
56 64 969
64 56 969
59 65 570
65 59 570
60 72 313
72 60 313
60 62 115
62 60 115
62 72 88
72 62 88
63 76 939
76 63 939
64 70 699
70 64 699
65 70 755
70 65 755
66 76 33
76 66 33
71 72 390
72 71 390
73 78 292
78 73 292
73 74 658
74 73 658
73 76 417
76 73 417
74 79 926
79 74 926
76 78 439
78 76 439
78 78 498
78 78 498
