96

0 1 108
1 0 108
0 5 958
5 0 958
0 17 365
17 0 365
0 53 553
53 0 553
0 73 143
73 0 143
0 18 181
18 0 181
0 5 575
5 0 575
0 73 942
73 0 942
1 2 170
2 1 170
1 4 676
4 1 676
1 25 223
25 1 223
1 76 811
76 1 811
1 27 573
27 1 573
1 53 296
53 1 296
1 84 186
84 1 186
1 15 611
15 1 611
1 86 553
86 1 553
1 48 254
48 1 254
1 81 965
81 1 965
1 44 960
44 1 960
1 15 364
15 1 364
1 45 567
45 1 567
1 16 656
16 1 656
1 75 864
75 1 864
1 88 724
88 1 724
1 57 842
57 1 842
2 3 374
3 2 374
2 9 507
9 2 507
2 12 485
12 2 485
2 18 610
18 2 610
2 83 271
83 2 271
2 70 853
70 2 853
2 19 253
19 2 253
2 95 718
95 2 718
2 4 747
4 2 747
2 21 991
21 2 991
2 14 550
14 2 550
2 32 977
32 2 977
2 95 991
95 2 991
2 42 380
42 2 380
2 51 676
51 2 676
3 66 655
66 3 655
3 16 751
16 3 751
3 40 251
40 3 251
3 51 364
51 3 364
3 52 513
52 3 513
3 71 975
71 3 975
4 6 544
6 4 544
4 23 894
23 4 894
4 81 194
81 4 194
4 39 912
39 4 912
4 62 895
62 4 895
4 37 878
37 4 878
4 61 909
61 4 909
4 66 469
66 4 469
4 68 720
68 4 720
4 66 940
66 4 940
4 30 203
30 4 203
4 70 478
70 4 478
4 29 646
29 4 646
4 44 206
44 4 206
5 8 230
8 5 230
5 16 885
16 5 885
5 14 671
14 5 671
5 85 576
85 5 576
5 16 100
16 5 100
5 35 886
35 5 886
5 12 826
12 5 826
5 33 358
33 5 358
5 78 793
78 5 793
5 73 747
73 5 747
5 23 457
23 5 457
5 24 504
24 5 504
5 64 653
64 5 653
5 80 802
80 5 802
6 7 566
7 6 566
6 13 963
13 6 963
6 14 988
14 6 988
6 61 201
61 6 201
6 83 471
83 6 471
6 25 730
25 6 730
6 42 262
42 6 262
6 61 610
61 6 610
6 63 84
63 6 84
6 25 417
25 6 417
6 45 212
45 6 212
6 19 783
19 6 783
6 50 789
50 6 789
6 27 823
27 6 823
6 50 529
50 6 529
6 92 180
92 6 180
6 57 229
57 6 229
6 94 696
94 6 696
6 23 596
23 6 596
6 28 662
28 6 662
6 61 591
61 6 591
6 64 447
64 6 447
6 30 561
30 6 561
7 11 34
11 7 34
7 34 93
34 7 93
7 55 334
55 7 334
7 80 965
80 7 965
7 90 288
90 7 288
7 40 769
40 7 769
7 57 149
57 7 149
7 67 111
67 7 111
7 80 80
80 7 80
7 71 689
71 7 689
7 82 835
82 7 835
7 61 325
61 7 325
7 30 637
30 7 637
7 54 592
54 7 592
7 27 45
27 7 45
8 10 50
10 8 50
8 30 115
30 8 115
8 36 936
36 8 936
8 40 915
40 8 915
8 88 504
88 8 504
8 85 274
85 8 274
8 19 420
19 8 420
8 73 664
73 8 664
8 53 881
53 8 881
8 54 953
54 8 953
8 87 687
87 8 687
8 43 36
43 8 36
8 43 286
43 8 286
8 66 92
66 8 92
9 60 925
60 9 925
9 46 563
46 9 563
9 60 961
60 9 961
9 65 848
65 9 848
9 18 639
18 9 639
9 75 297
75 9 297
9 75 672
75 9 672
9 31 410
31 9 410
9 74 889
74 9 889
9 79 243
79 9 243
9 90 757
90 9 757
9 23 759
23 9 759
10 29 158
29 10 158
10 46 85
46 10 85
10 13 812
13 10 812
10 19 378
19 10 378
10 46 878
46 10 878
10 63 311
63 10 311
10 91 97
91 10 97
10 80 624
80 10 624
10 66 857
66 10 857
10 74 279
74 10 279
10 21 358
21 10 358
10 94 170
94 10 170
10 58 15
58 10 15
11 91 829
91 11 829
11 83 816
83 11 816
11 39 167
39 11 167
11 75 732
75 11 732
11 44 721
44 11 721
11 57 454
57 11 454
11 17 594
17 11 594
11 38 453
38 11 453
11 83 873
83 11 873
11 66 749
66 11 749
11 92 402
92 11 402
11 80 92
80 11 92
12 15 273
15 12 273
12 27 749
27 12 749
12 28 778
28 12 778
12 62 358
62 12 358
12 36 84
36 12 84
12 18 668
18 12 668
12 81 652
81 12 652
12 92 431
92 12 431
12 55 234
55 12 234
12 63 808
63 12 808
12 31 119
31 12 119
12 63 689
63 12 689
12 21 870
21 12 870
12 45 259
45 12 259
13 32 959
32 13 959
13 69 407
69 13 407
13 48 728
48 13 728
13 82 456
82 13 456
13 95 534
95 13 534
13 34 692
34 13 692
13 16 742
16 13 742
13 40 446
40 13 446
13 26 286
26 13 286
13 60 711
60 13 711
13 41 963
41 13 963
14 19 623
19 14 623
14 75 101
75 14 101
14 94 609
94 14 609
14 79 653
79 14 653
14 37 101
37 14 101
14 68 884
68 14 884
14 14 346
14 14 346
14 68 6
68 14 6
14 83 184
83 14 184
14 71 366
71 14 366
14 20 402
20 14 402
14 84 792
84 14 792
14 76 624
76 14 624
15 40 369
40 15 369
15 72 441
72 15 441
15 49 221
49 15 221
15 76 322
76 15 322
15 20 193
20 15 193
15 68 75
68 15 75
15 20 523
20 15 523
15 80 350
80 15 350
15 75 336
75 15 336
15 56 105
56 15 105
15 78 409
78 15 409
16 33 513
33 16 513
16 65 299
65 16 299
16 64 103
64 16 103
16 22 644
22 16 644
16 34 831
34 16 831
16 93 506
93 16 506
16 53 584
53 16 584
16 47 29
47 16 29
16 87 464
87 16 464
16 51 396
51 16 396
16 83 908
83 16 908
17 20 700
20 17 700
17 21 655
21 17 655
17 84 295
84 17 295
17 36 184
36 17 184
17 81 165
81 17 165
17 70 681
70 17 681
17 95 416
95 17 416
17 33 500
33 17 500
17 35 951
35 17 951
17 83 141
83 17 141
18 22 80
22 18 80
18 24 772
24 18 772
18 41 414
41 18 414
18 46 249
46 18 249
18 22 697
22 18 697
18 92 453
92 18 453
18 47 596
47 18 596
18 55 634
55 18 634
18 54 103
54 18 103
18 78 705
78 18 705
18 41 125
41 18 125
19 37 297
37 19 297
19 68 92
68 19 92
19 74 524
74 19 524
19 79 950
79 19 950
19 36 993
36 19 993
19 38 5
38 19 5
19 78 542
78 19 542
19 93 225
93 19 225
20 26 588
26 20 588
20 39 997
39 20 997
20 21 796
21 20 796
20 20 388
20 20 388
20 93 192
93 20 192
20 46 58
46 20 58
20 53 576
53 20 576
20 50 295
50 20 295
20 50 464
50 20 464
20 40 325
40 20 325
20 62 259
62 20 259
20 75 507
75 20 507
20 37 937
37 20 937
20 23 132
23 20 132
20 54 518
54 20 518
20 40 590
40 20 590
20 81 515
81 20 515
20 35 912
35 20 912
20 53 752
53 20 752
21 31 777
31 21 777
21 88 62
88 21 62
21 36 361
36 21 361
21 38 869
38 21 869
21 34 697
34 21 697
21 61 666
61 21 666
21 44 86
44 21 86
21 76 877
76 21 877
21 57 221
57 21 221
21 39 864
39 21 864
21 26 54
26 21 54
21 31 216
31 21 216
21 72 104
72 21 104
22 39 333
39 22 333
22 90 464
90 22 464
22 54 700
54 22 700
22 27 934
27 22 934
22 36 727
36 22 727
22 39 139
39 22 139
22 72 653
72 22 653
22 78 479
78 22 479
22 45 977
45 22 977
22 27 366
27 22 366
22 35 880
35 22 880
22 63 329
63 22 329
22 61 684
61 22 684
23 27 271
27 23 271
23 48 879
48 23 879
23 71 398
71 23 398
23 54 684
54 23 684
23 42 649
42 23 649
23 95 769
95 23 769
23 57 561
57 23 561
24 69 163
69 24 163
24 87 5
87 24 5
24 65 972
65 24 972
24 62 451
62 24 451
24 57 227
57 24 227
24 27 78
27 24 78
24 34 818
34 24 818
24 58 956
58 24 956
25 67 575
67 25 575
25 85 429
85 25 429
25 86 472
86 25 472
25 66 115
66 25 115
25 56 103
56 25 103
25 58 809
58 25 809
25 43 671
43 25 671
25 78 692
78 25 692
25 63 374
63 25 374
25 62 119
62 25 119
25 74 151
74 25 151
25 82 46
82 25 46
25 34 480
34 25 480
25 88 17
88 25 17
25 94 665
94 25 665
25 47 431
47 25 431
25 67 447
67 25 447
26 50 977
50 26 977
26 60 696
60 26 696
26 41 507
41 26 507
26 47 542
47 26 542
26 33 513
33 26 513
26 32 649
32 26 649
26 77 306
77 26 306
27 70 107
70 27 107
27 38 298
38 27 298
27 51 190
51 27 190
27 50 126
50 27 126
27 49 137
49 27 137
27 95 66
95 27 66
27 48 647
48 27 647
27 95 215
95 27 215
27 74 75
74 27 75
27 93 341
93 27 341
27 77 919
77 27 919
27 71 638
71 27 638
27 77 4
77 27 4
28 43 94
43 28 94
28 87 377
87 28 377
28 94 336
94 28 336
28 86 315
86 28 315
28 92 3
92 28 3
28 76 508
76 28 508
28 38 173
38 28 173
28 58 481
58 28 481
28 58 5
58 28 5
28 56 708
56 28 708
28 69 26
69 28 26
28 42 357
42 28 357
28 72 673
72 28 673
29 52 469
52 29 469
29 88 545
88 29 545
29 61 987
61 29 987
29 69 790
69 29 790
29 76 16
76 29 16
29 51 530
51 29 530
29 42 717
42 29 717
29 49 518
49 29 518
29 66 464
66 29 464
29 37 744
37 29 744
30 38 537
38 30 537
30 54 142
54 30 142
30 79 285
79 30 285
30 53 477
53 30 477
30 86 326
86 30 326
30 90 48
90 30 48
30 47 51
47 30 51
30 34 899
34 30 899
30 39 598
39 30 598
30 60 528
60 30 528
30 32 442
32 30 442
30 47 622
47 30 622
30 46 863
46 30 863
31 60 655
60 31 655
31 80 585
80 31 585
31 49 40
49 31 40
31 50 187
50 31 187
31 76 520
76 31 520
31 61 748
61 31 748
31 60 318
60 31 318
31 95 922
95 31 922
31 48 241
48 31 241
31 95 110
95 31 110
32 35 754
35 32 754
32 45 399
45 32 399
32 51 224
51 32 224
32 56 796
56 32 796
32 58 467
58 32 467
32 54 343
54 32 343
32 45 944
45 32 944
32 58 912
58 32 912
32 46 621
46 32 621
32 93 259
93 32 259
32 92 893
92 32 893
32 78 245
78 32 245
32 82 182
82 32 182
32 95 420
95 32 420
32 35 436
35 32 436
32 79 967
79 32 967
32 88 956
88 32 956
32 50 128
50 32 128
33 48 344
48 33 344
33 84 68
84 33 68
33 93 566
93 33 566
33 82 206
82 33 206
33 79 675
79 33 675
33 45 83
45 33 83
33 51 512
51 33 512
33 95 400
95 33 400
33 93 258
93 33 258
33 77 22
77 33 22
34 53 30
53 34 30
34 64 696
64 34 696
34 85 553
85 34 553
34 91 752
91 34 752
34 74 9
74 34 9
35 63 527
63 35 527
35 38 207
38 35 207
35 82 135
82 35 135
35 73 901
73 35 901
35 47 726
47 35 726
35 56 91
56 35 91
35 93 918
93 35 918
35 65 456
65 35 456
35 67 61
67 35 61
35 63 763
63 35 763
35 50 216
50 35 216
35 79 672
79 35 672
35 71 480
71 35 480
35 72 159
72 35 159
36 71 657
71 36 657
36 94 490
94 36 490
36 57 847
57 36 847
36 82 357
82 36 357
36 68 682
68 36 682
36 70 767
70 36 767
36 86 935
86 36 935
36 83 250
83 36 250
36 89 400
89 36 400
36 82 959
82 36 959
36 62 471
62 36 471
37 51 117
51 37 117
37 90 357
90 37 357
37 60 783
60 37 783
37 79 647
79 37 647
37 58 127
58 37 127
38 86 924
86 38 924
38 42 916
42 38 916
38 60 663
60 38 663
38 43 750
43 38 750
38 64 190
64 38 190
38 68 25
68 38 25
38 71 590
71 38 590
39 42 703
42 39 703
39 47 975
47 39 975
39 49 315
49 39 315
39 69 608
69 39 608
39 89 300
89 39 300
39 66 231
66 39 231
39 57 313
57 39 313
39 42 253
42 39 253
39 68 872
68 39 872
39 61 988
61 39 988
40 56 787
56 40 787
40 75 85
75 40 85
40 89 212
89 40 212
40 93 227
93 40 227
40 83 991
83 40 991
40 64 897
64 40 897
40 56 307
56 40 307
40 44 921
44 40 921
40 64 780
64 40 780
40 82 548
82 40 548
41 44 518
44 41 518
41 52 331
52 41 331
41 93 2
93 41 2
41 77 488
77 41 488
41 90 518
90 41 518
42 64 618
64 42 618
42 91 603
91 42 603
42 68 342
68 42 342
42 59 83
59 42 83
42 54 895
54 42 895
42 54 358
54 42 358
42 51 872
51 42 872
42 63 994
63 42 994
42 93 795
93 42 795
42 53 287
53 42 287
43 83 746
83 43 746
44 69 508
69 44 508
44 53 370
53 44 370
44 95 643
95 44 643
44 61 222
61 44 222
44 69 792
69 44 792
44 68 974
68 44 974
45 59 551
59 45 551
45 48 377
48 45 377
45 68 735
68 45 735
45 50 50
50 45 50
45 92 617
92 45 617
45 70 844
70 45 844
46 89 360
89 46 360
46 64 597
64 46 597
46 54 494
54 46 494
46 90 305
90 46 305
46 56 236
56 46 236
46 55 620
55 46 620
46 86 825
86 46 825
47 54 942
54 47 942
47 57 214
57 47 214
47 89 757
89 47 757
47 84 996
84 47 996
48 57 632
57 48 632
48 65 235
65 48 235
48 74 107
74 48 107
48 93 898
93 48 898
49 57 827
57 49 827
49 76 162
76 49 162
49 85 662
85 49 662
49 60 103
60 49 103
49 65 245
65 49 245
49 82 787
82 49 787
49 60 393
60 49 393
49 87 887
87 49 887
50 92 688
92 50 688
50 52 81
52 50 81
50 61 956
61 50 956
51 70 854
70 51 854
52 95 326
95 52 326
52 75 228
75 52 228
52 87 477
87 52 477
52 93 530
93 52 530
53 76 518
76 53 518
53 95 546
95 53 546
53 54 350
54 53 350
53 62 836
62 53 836
53 64 619
64 53 619
54 84 467
84 54 467
54 54 153
54 54 153
54 83 736
83 54 736
54 70 654
70 54 654
54 55 768
55 54 768
55 70 491
70 55 491
55 58 965
58 55 965
55 71 884
71 55 884
55 77 224
77 55 224
56 78 82
78 56 82
56 79 59
79 56 59
56 93 143
93 56 143
56 78 763
78 56 763
56 88 895
88 56 895
56 84 111
84 56 111
56 62 639
62 56 639
56 95 413
95 56 413
56 70 64
70 56 64
56 62 957
62 56 957
56 57 537
57 56 537
56 61 452
61 56 452
57 63 95
63 57 95
57 77 700
77 57 700
57 85 157
85 57 157
57 92 514
92 57 514
57 90 156
90 57 156
58 83 196
83 58 196
58 77 645
77 58 645
58 87 570
87 58 570
58 79 876
79 58 876
58 85 482
85 58 482
59 75 759
75 59 759
59 85 451
85 59 451
59 85 19
85 59 19
59 77 673
77 59 673
59 74 349
74 59 349
59 78 906
78 59 906
60 78 171
78 60 171
60 71 964
71 60 964
60 64 764
64 60 764
60 81 166
81 60 166
60 78 214
78 60 214
60 78 346
78 60 346
60 63 287
63 60 287
60 67 813
67 60 813
60 95 767
95 60 767
61 94 520
94 61 520
61 77 408
77 61 408
62 86 387
86 62 387
62 70 770
70 62 770
63 65 967
65 63 967
63 82 589
82 63 589
63 75 373
75 63 373
63 68 163
68 63 163
64 69 954
69 64 954
64 80 924
80 64 924
64 92 176
92 64 176
64 71 323
71 64 323
64 91 921
91 64 921
64 78 980
78 64 980
64 84 716
84 64 716
65 70 69
70 65 69
65 79 837
79 65 837
65 82 776
82 65 776
65 77 258
77 65 258
65 65 344
65 65 344
65 74 65
74 65 65
65 93 218
93 65 218
66 85 619
85 66 619
66 81 855
81 66 855
66 79 82
79 66 82
66 93 996
93 66 996
67 77 64
77 67 64
67 76 585
76 67 585
67 95 461
95 67 461
67 93 906
93 67 906
67 76 28
76 67 28
67 82 584
82 67 584
67 67 643
67 67 643
67 83 454
83 67 454
67 72 62
72 67 62
68 74 452
74 68 452
68 70 21
70 68 21
68 83 38
83 68 38
68 82 251
82 68 251
68 91 371
91 68 371
68 88 828
88 68 828
69 75 783
75 69 783
69 81 173
81 69 173
69 78 928
78 69 928
69 76 105
76 69 105
69 78 266
78 69 266
69 92 545
92 69 545
70 84 344
84 70 344
71 75 617
75 71 617
71 81 880
81 71 880
71 82 759
82 71 759
71 85 821
85 71 821
71 78 672
78 71 672
71 82 17
82 71 17
72 79 974
79 72 974
73 84 767
84 73 767
73 92 152
92 73 152
73 88 724
88 73 724
73 94 673
94 73 673
73 88 778
88 73 778
74 85 473
85 74 473
75 85 677
85 75 677
75 94 564
94 75 564
75 85 936
85 75 936
75 90 801
90 75 801
76 82 440
82 76 440
77 88 789
88 77 789
77 88 936
88 77 936
78 83 534
83 78 534
78 83 94
83 78 94
79 84 91
84 79 91
79 85 91
85 79 91
79 92 855
92 79 855
80 92 666
92 80 666
80 84 846
84 80 846
80 80 223
80 80 223
80 85 477
85 80 477
81 92 743
92 81 743
81 86 325
86 81 325
81 81 471
81 81 471
82 84 545
84 82 545
82 86 320
86 82 320
82 92 522
92 82 522
83 85 384
85 83 384
84 95 655
95 84 655
84 92 957
92 84 957
85 90 834
90 85 834
85 92 440
92 85 440
85 91 979
91 85 979
86 91 771
91 86 771
87 90 386
90 87 386
89 91 116
91 89 116
89 89 319
89 89 319
