55

0 1 7
1 0 7
0 3 992
3 0 992
0 8 202
8 0 202
0 12 234
12 0 234
0 32 296
32 0 296
0 34 863
34 0 863
0 4 444
4 0 444
0 30 631
30 0 631
0 19 348
19 0 348
0 49 736
49 0 736
0 44 461
44 0 461
1 2 795
2 1 795
1 4 334
4 1 334
1 7 677
7 1 677
1 2 278
2 1 278
1 9 488
9 1 488
1 42 180
42 1 180
1 49 919
49 1 919
1 8 471
8 1 471
1 48 802
48 1 802
2 13 171
13 2 171
2 14 513
14 2 513
2 27 245
27 2 245
2 28 749
28 2 749
2 36 964
36 2 964
2 10 105
10 2 105
2 41 69
41 2 69
2 16 384
16 2 384
2 48 365
48 2 365
2 22 906
22 2 906
3 11 696
11 3 696
3 16 54
16 3 54
3 53 148
53 3 148
3 23 155
23 3 155
3 50 44
50 3 44
3 48 599
48 3 599
3 39 988
39 3 988
3 8 629
8 3 629
4 5 607
5 4 607
4 6 461
6 4 461
4 28 453
28 4 453
4 29 620
29 4 620
4 21 282
21 4 282
4 53 52
53 4 52
4 19 624
19 4 624
4 8 463
8 4 463
4 32 313
32 4 313
4 6 605
6 4 605
5 20 496
20 5 496
5 29 614
29 5 614
5 39 575
39 5 575
5 26 683
26 5 683
5 18 856
18 5 856
5 36 101
36 5 101
5 9 753
9 5 753
5 38 482
38 5 482
5 28 582
28 5 582
5 27 726
27 5 726
5 14 675
14 5 675
5 45 833
45 5 833
5 27 80
27 5 80
6 22 734
22 6 734
6 14 476
14 6 476
6 40 911
40 6 911
6 47 674
47 6 674
6 17 113
17 6 113
7 35 295
35 7 295
7 18 540
18 7 540
7 45 661
45 7 661
7 14 678
14 7 678
7 52 720
52 7 720
7 44 570
44 7 570
7 43 262
43 7 262
8 9 392
9 8 392
8 25 665
25 8 665
8 36 235
36 8 235
8 54 451
54 8 451
8 24 269
24 8 269
8 41 230
41 8 230
9 10 709
10 9 709
9 15 820
15 9 820
9 16 928
16 9 928
9 49 883
49 9 883
9 53 338
53 9 338
9 39 686
39 9 686
9 42 320
42 9 320
10 51 28
51 10 28
10 34 415
34 10 415
10 32 838
32 10 838
10 30 206
30 10 206
10 26 417
26 10 417
10 20 312
20 10 312
11 17 19
17 11 19
11 31 225
31 11 225
11 40 274
40 11 274
11 27 819
27 11 819
11 40 424
40 11 424
11 36 836
36 11 836
11 20 546
20 11 546
11 48 973
48 11 973
12 22 403
22 12 403
12 54 577
54 12 577
12 29 518
29 12 518
12 38 498
38 12 498
12 12 433
12 12 433
12 25 49
25 12 49
13 18 61
18 13 61
13 42 922
42 13 922
13 14 449
14 13 449
13 54 33
54 13 33
13 49 384
49 13 384
13 47 145
47 13 145
13 14 659
14 13 659
13 21 122
21 13 122
14 26 587
26 14 587
14 20 792
20 14 792
14 44 183
44 14 183
14 25 900
25 14 900
14 33 246
33 14 246
14 31 342
31 14 342
14 27 929
27 14 929
15 23 152
23 15 152
15 48 237
48 15 237
15 34 941
34 15 941
15 37 11
37 15 11
15 38 995
38 15 995
15 33 239
33 15 239
15 35 364
35 15 364
16 21 25
21 16 25
16 53 584
53 16 584
16 17 827
17 16 827
16 53 319
53 16 319
16 48 707
48 16 707
16 39 682
39 16 682
16 38 215
38 16 215
16 20 575
20 16 575
16 49 654
49 16 654
16 16 171
16 16 171
17 43 276
43 17 276
17 53 545
53 17 545
17 36 761
36 17 761
17 23 170
23 17 170
18 19 270
19 18 270
18 28 510
28 18 510
18 27 607
27 18 607
18 43 153
43 18 153
18 48 141
48 18 141
19 51 127
51 19 127
19 54 829
54 19 829
19 50 730
50 19 730
19 31 381
31 19 381
20 23 546
23 20 546
20 27 952
27 20 952
20 35 763
35 20 763
21 24 561
24 21 561
21 35 815
35 21 815
22 24 835
24 22 835
22 41 389
41 22 389
22 28 448
28 22 448
22 35 509
35 22 509
22 52 917
52 22 917
23 50 925
50 23 925
23 26 268
26 23 268
23 32 323
32 23 323
23 44 999
44 23 999
24 46 115
46 24 115
24 46 536
46 24 536
24 29 118
29 24 118
24 44 930
44 24 930
24 27 451
27 24 451
24 30 299
30 24 299
25 30 737
30 25 737
25 52 55
52 25 55
25 43 227
43 25 227
25 54 326
54 25 326
25 41 592
41 25 592
25 32 442
32 25 442
26 42 680
42 26 680
26 48 13
48 26 13
26 45 808
45 26 808
26 40 963
40 26 963
27 29 891
29 27 891
27 54 569
54 27 569
28 30 504
30 28 504
29 30 365
30 29 365
29 33 400
33 29 400
29 42 948
42 29 948
30 33 841
33 30 841
30 30 984
30 30 984
30 49 524
49 30 524
30 39 307
39 30 307
31 44 16
44 31 16
31 32 15
32 31 15
32 38 197
38 32 197
32 39 177
39 32 177
32 49 437
49 32 437
32 54 219
54 32 219
33 47 848
47 33 848
33 40 944
40 33 944
33 36 263
36 33 263
34 35 944
35 34 944
34 43 890
43 34 890
34 38 546
38 34 546
35 37 892
37 35 892
35 41 476
41 35 476
35 53 717
53 35 717
36 46 952
46 36 952
36 37 335
37 36 335
36 38 401
38 36 401
36 44 325
44 36 325
37 51 854
51 37 854
38 53 134
53 38 134
38 45 385
45 38 385
39 53 177
53 39 177
39 39 931
39 39 931
40 41 983
41 40 983
41 46 528
46 41 528
41 52 36
52 41 36
42 46 16
46 42 16
42 45 296
45 42 296
43 45 119
45 43 119
44 49 675
49 44 675
44 48 462
48 44 462
45 48 860
48 45 860
45 49 856
49 45 856
45 51 219
51 45 219
45 50 71
50 45 71
45 54 823
54 45 823
46 47 406
47 46 406
46 48 12
48 46 12
46 53 578
53 46 578
47 48 800
48 47 800
48 53 68
53 48 68
49 50 541
50 49 541
