82

0 1 997
1 0 997
0 2 657
2 0 657
0 3 793
3 0 793
0 4 815
4 0 815
0 17 786
17 0 786
0 36 259
36 0 259
0 1 137
1 0 137
0 21 772
21 0 772
0 6 35
6 0 35
0 65 927
65 0 927
0 65 316
65 0 316
0 25 273
25 0 273
0 61 480
61 0 480
0 5 124
5 0 124
1 7 501
7 1 501
1 44 416
44 1 416
1 47 31
47 1 31
1 68 753
68 1 753
1 75 469
75 1 469
1 68 261
68 1 261
1 45 524
45 1 524
1 63 440
63 1 440
1 39 994
39 1 994
1 56 799
56 1 799
1 57 707
57 1 707
1 17 313
17 1 313
1 47 433
47 1 433
2 8 289
8 2 289
2 9 456
9 2 456
2 20 479
20 2 479
2 45 70
45 2 70
2 7 148
7 2 148
2 21 983
21 2 983
2 63 907
63 2 907
2 37 832
37 2 832
2 51 11
51 2 11
2 62 104
62 2 104
3 5 529
5 3 529
3 14 359
14 3 359
3 15 340
15 3 340
3 22 960
22 3 960
3 26 484
26 3 484
3 64 639
64 3 639
3 56 428
56 3 428
3 53 420
53 3 420
3 50 655
50 3 655
3 28 648
28 3 648
3 55 942
55 3 942
3 58 576
58 3 576
3 9 955
9 3 955
3 17 54
17 3 54
4 12 412
12 4 412
4 26 907
26 4 907
4 21 466
21 4 466
4 40 684
40 4 684
4 59 849
59 4 849
4 44 93
44 4 93
4 43 997
43 4 997
4 6 253
6 4 253
4 59 556
59 4 556
4 62 615
62 4 615
4 33 692
33 4 692
4 81 722
81 4 722
5 6 449
6 5 449
5 16 743
16 5 743
5 41 314
41 5 314
5 58 544
58 5 544
5 63 973
63 5 973
5 13 864
13 5 864
5 25 501
25 5 501
5 28 789
28 5 789
5 79 861
79 5 861
5 69 884
69 5 884
5 51 303
51 5 303
5 27 609
27 5 609
5 59 562
59 5 562
5 29 758
29 5 758
5 48 141
48 5 141
6 28 555
28 6 555
6 80 15
80 6 15
6 14 912
14 6 912
6 24 408
24 6 408
6 8 706
8 6 706
6 52 239
52 6 239
6 76 917
76 6 917
6 11 451
11 6 451
6 70 501
70 6 501
6 18 183
18 6 183
6 26 767
26 6 767
6 54 997
54 6 997
6 38 425
38 6 425
7 11 421
11 7 421
7 79 240
79 7 240
7 76 416
76 7 416
7 57 551
57 7 551
7 16 976
16 7 976
7 66 119
66 7 119
7 17 56
17 7 56
7 12 745
12 7 745
7 35 66
35 7 66
8 21 537
21 8 537
8 78 155
78 8 155
8 36 454
36 8 454
8 29 445
29 8 445
8 42 838
42 8 838
8 53 993
53 8 993
9 10 352
10 9 352
9 57 821
57 9 821
9 70 305
70 9 305
9 53 932
53 9 932
9 33 385
33 9 385
9 81 89
81 9 89
9 58 214
58 9 214
9 23 959
23 9 959
10 24 464
24 10 464
10 10 313
10 10 313
10 15 42
15 10 42
10 76 195
76 10 195
10 57 352
57 10 352
10 42 239
42 10 239
10 20 195
20 10 195
10 57 492
57 10 492
11 75 831
75 11 831
11 53 720
53 11 720
11 20 277
20 11 277
11 62 247
62 11 247
11 77 849
77 11 849
11 42 122
42 11 122
11 13 891
13 11 891
12 13 228
13 12 228
12 18 910
18 12 910
12 21 255
21 12 255
12 54 170
54 12 170
12 76 675
76 12 675
12 79 168
79 12 168
12 42 686
42 12 686
12 30 356
30 12 356
12 20 316
20 12 316
12 51 53
51 12 53
12 25 643
25 12 643
12 46 240
46 12 240
12 28 811
28 12 811
12 79 769
79 12 769
12 45 608
45 12 608
12 46 277
46 12 277
12 56 273
56 12 273
12 48 704
48 12 704
13 30 637
30 13 637
13 49 781
49 13 781
13 22 213
22 13 213
13 17 152
17 13 152
13 75 840
75 13 840
13 77 666
77 13 666
13 27 119
27 13 119
13 53 217
53 13 217
13 62 581
62 13 581
13 58 333
58 13 333
13 38 933
38 13 933
13 60 16
60 13 16
13 71 905
71 13 905
13 39 747
39 13 747
13 29 132
29 13 132
13 37 758
37 13 758
13 63 956
63 13 956
14 46 1000
46 14 1000
14 66 306
66 14 306
14 79 68
79 14 68
14 52 609
52 14 609
14 77 772
77 14 772
14 20 107
20 14 107
14 34 159
34 14 159
14 46 892
46 14 892
14 76 910
76 14 910
14 76 64
76 14 64
14 56 203
56 14 203
15 27 561
27 15 561
15 38 171
38 15 171
15 81 687
81 15 687
15 19 258
19 15 258
15 23 373
23 15 373
15 50 122
50 15 122
15 38 115
38 15 115
15 79 902
79 15 902
15 52 772
52 15 772
16 29 670
29 16 670
16 48 973
48 16 973
16 63 42
63 16 42
16 73 29
73 16 29
16 50 240
50 16 240
16 72 530
72 16 530
16 70 807
70 16 807
16 26 713
26 16 713
16 39 811
39 16 811
16 44 267
44 16 267
16 24 473
24 16 473
16 42 429
42 16 429
16 58 66
58 16 66
16 64 169
64 16 169
17 31 934
31 17 934
17 37 899
37 17 899
17 51 346
51 17 346
17 62 937
62 17 937
17 35 602
35 17 602
17 39 461
39 17 461
17 39 212
39 17 212
17 65 904
65 17 904
17 60 688
60 17 688
18 19 281
19 18 281
18 32 399
32 18 399
18 67 90
67 18 90
18 80 166
80 18 166
18 20 797
20 18 797
18 48 460
48 18 460
18 51 244
51 18 244
18 71 906
71 18 906
18 56 921
56 18 921
18 75 239
75 18 239
19 25 884
25 19 884
19 60 263
60 19 263
19 28 513
28 19 513
19 57 118
57 19 118
19 32 735
32 19 735
19 43 709
43 19 709
19 41 522
41 19 522
19 32 913
32 19 913
19 25 26
25 19 26
19 32 115
32 19 115
19 20 589
20 19 589
19 80 321
80 19 321
20 23 343
23 20 343
20 65 696
65 20 696
20 61 117
61 20 117
20 39 816
39 20 816
20 40 844
40 20 844
20 37 853
37 20 853
20 34 554
34 20 554
20 21 52
21 20 52
20 48 211
48 20 211
20 50 11
50 20 11
20 70 159
70 20 159
21 62 144
62 21 144
21 42 614
42 21 614
21 76 648
76 21 648
21 62 10
62 21 10
21 48 622
48 21 622
21 67 138
67 21 138
22 33 675
33 22 675
22 40 966
40 22 966
22 59 461
59 22 461
22 26 416
26 22 416
22 60 116
60 22 116
22 47 774
47 22 774
22 23 260
23 22 260
22 67 545
67 22 545
22 80 909
80 22 909
23 50 116
50 23 116
23 66 270
66 23 270
23 69 548
69 23 548
23 52 917
52 23 917
23 63 216
63 23 216
23 36 769
36 23 769
23 65 843
65 23 843
24 29 575
29 24 575
24 53 429
53 24 429
24 29 115
29 24 115
24 35 494
35 24 494
24 76 16
76 24 16
24 62 9
62 24 9
24 50 903
50 24 903
24 58 875
58 24 875
25 68 570
68 25 570
25 31 545
31 25 545
25 65 456
65 25 456
25 69 626
69 25 626
26 39 647
39 26 647
26 57 94
57 26 94
26 72 129
72 26 129
26 77 224
77 26 224
26 69 570
69 26 570
26 61 44
61 26 44
26 65 252
65 26 252
26 77 604
77 26 604
26 81 971
81 26 971
27 76 418
76 27 418
27 46 205
46 27 205
27 40 421
40 27 421
27 46 512
46 27 512
27 51 328
51 27 328
27 64 755
64 27 755
27 63 161
63 27 161
27 77 369
77 27 369
27 29 87
29 27 87
28 29 822
29 28 822
28 41 425
41 28 425
28 78 57
78 28 57
28 34 847
34 28 847
28 48 668
48 28 668
28 73 550
73 28 550
28 65 109
65 28 109
28 45 660
45 28 660
29 34 973
34 29 973
29 31 874
31 29 874
29 44 195
44 29 195
29 58 13
58 29 13
29 60 722
60 29 722
29 64 171
64 29 171
30 53 431
53 30 431
30 39 662
39 30 662
30 38 402
38 30 402
30 53 623
53 30 623
30 72 503
72 30 503
31 35 941
35 31 941
31 77 483
77 31 483
31 46 184
46 31 184
31 76 30
76 31 30
31 71 244
71 31 244
31 63 663
63 31 663
31 60 814
60 31 814
31 52 177
52 31 177
31 49 11
49 31 11
32 44 746
44 32 746
32 54 204
54 32 204
32 73 224
73 32 224
33 60 109
60 33 109
33 44 436
44 33 436
33 39 803
39 33 803
33 39 880
39 33 880
33 48 314
48 33 314
33 55 902
55 33 902
33 69 550
69 33 550
34 56 412
56 34 412
34 62 660
62 34 660
34 69 194
69 34 194
34 54 410
54 34 410
34 38 542
38 34 542
34 42 266
42 34 266
34 70 927
70 34 927
34 35 823
35 34 823
35 56 72
56 35 72
35 35 668
35 35 668
35 72 628
72 35 628
35 79 982
79 35 982
35 59 550
59 35 550
35 67 216
67 35 216
35 38 763
38 35 763
36 74 579
74 36 579
36 40 528
40 36 528
36 59 877
59 36 877
36 70 143
70 36 143
36 76 851
76 36 851
36 42 972
42 36 972
37 53 111
53 37 111
37 43 15
43 37 15
38 46 420
46 38 420
38 72 312
72 38 312
38 49 478
49 38 478
39 42 727
42 39 727
39 78 392
78 39 392
39 45 339
45 39 339
39 47 91
47 39 91
39 48 901
48 39 901
39 59 843
59 39 843
40 57 698
57 40 698
40 76 563
76 40 563
40 64 526
64 40 526
40 42 126
42 40 126
40 46 762
46 40 762
40 62 419
62 40 419
41 74 422
74 41 422
41 69 260
69 41 260
41 67 620
67 41 620
41 61 524
61 41 524
42 43 158
43 42 158
42 54 560
54 42 560
42 64 916
64 42 916
42 48 422
48 42 422
42 44 184
44 42 184
42 46 183
46 42 183
43 79 13
79 43 13
43 79 520
79 43 520
43 43 751
43 43 751
43 79 273
79 43 273
44 61 692
61 44 692
44 73 124
73 44 124
44 60 506
60 44 506
44 46 72
46 44 72
44 77 832
77 44 832
44 52 133
52 44 133
44 74 139
74 44 139
44 81 825
81 44 825
44 58 557
58 44 557
44 64 981
64 44 981
44 75 847
75 44 847
45 50 930
50 45 930
45 50 287
50 45 287
45 58 946
58 45 946
46 69 89
69 46 89
46 71 204
71 46 204
46 63 261
63 46 261
46 48 293
48 46 293
46 63 726
63 46 726
47 52 874
52 47 874
47 62 52
62 47 52
47 77 963
77 47 963
47 56 130
56 47 130
47 63 440
63 47 440
47 47 818
47 47 818
48 49 482
49 48 482
48 74 521
74 48 521
48 78 520
78 48 520
48 53 622
53 48 622
48 77 387
77 48 387
48 70 969
70 48 969
48 54 336
54 48 336
49 55 272
55 49 272
49 70 346
70 49 346
49 80 383
80 49 383
49 75 598
75 49 598
49 71 416
71 49 416
49 75 98
75 49 98
49 64 649
64 49 649
50 70 731
70 50 731
50 71 74
71 50 74
50 59 252
59 50 252
50 75 201
75 50 201
51 54 394
54 51 394
51 60 140
60 51 140
51 77 576
77 51 576
51 76 730
76 51 730
52 76 559
76 52 559
52 53 415
53 52 415
52 53 680
53 52 680
53 63 980
63 53 980
53 59 841
59 53 841
53 71 620
71 53 620
53 75 152
75 53 152
53 60 123
60 53 123
53 65 789
65 53 789
54 54 179
54 54 179
54 75 721
75 54 721
54 78 458
78 54 458
55 65 240
65 55 240
55 77 362
77 55 362
56 65 114
65 56 114
57 58 226
58 57 226
57 74 607
74 57 607
57 80 563
80 57 563
57 80 892
80 57 892
57 58 904
58 57 904
57 58 946
58 57 946
58 74 32
74 58 32
58 73 425
73 58 425
58 58 26
58 58 26
58 81 878
81 58 878
58 72 847
72 58 847
58 75 109
75 58 109
59 69 978
69 59 978
59 59 961
59 59 961
59 65 274
65 59 274
60 72 512
72 60 512
60 70 141
70 60 141
61 70 511
70 61 511
61 75 626
75 61 626
62 77 1
77 62 1
62 75 430
75 62 430
62 72 194
72 62 194
62 75 657
75 62 657
62 71 477
71 62 477
62 63 132
63 62 132
63 72 297
72 63 297
63 65 170
65 63 170
63 77 7
77 63 7
63 81 511
81 63 511
63 65 648
65 63 648
63 78 202
78 63 202
64 69 99
69 64 99
64 77 658
77 64 658
65 81 402
81 65 402
66 73 472
73 66 472
66 70 691
70 66 691
67 77 491
77 67 491
70 76 470
76 70 470
70 75 971
75 70 971
71 81 148
81 71 148
73 77 600
77 73 600
74 80 584
80 74 584
78 81 793
81 78 793
78 78 621
78 78 621
79 79 3
79 79 3
80 81 346
81 80 346
