98

0 1 385
1 0 385
0 3 221
3 0 221
0 4 598
4 0 598
0 10 816
10 0 816
1 2 729
2 1 729
1 6 168
6 1 168
1 8 695
8 1 695
1 11 738
11 1 738
1 25 910
25 1 910
2 18 381
18 2 381
2 58 858
58 2 858
2 24 939
24 2 939
3 15 42
15 3 42
3 20 788
20 3 788
4 5 340
5 4 340
4 17 442
17 4 442
4 26 149
26 4 149
5 7 784
7 5 784
5 9 901
9 5 901
5 14 809
14 5 809
5 76 692
76 5 692
6 27 790
27 6 790
6 28 134
28 6 134
6 48 65
48 6 65
7 22 958
22 7 958
7 52 784
52 7 784
7 58 446
58 7 446
8 13 633
13 8 633
8 46 595
46 8 595
8 49 407
49 8 407
9 12 794
12 9 794
9 19 790
19 9 790
9 38 529
38 9 529
9 40 826
40 9 826
9 45 564
45 9 564
10 21 465
21 10 465
10 24 233
24 10 233
10 49 930
49 10 930
11 23 505
23 11 505
11 93 551
93 11 551
11 83 288
83 11 288
11 42 84
42 11 84
12 55 392
55 12 392
12 54 220
54 12 220
13 50 648
50 13 648
13 61 970
61 13 970
13 53 204
53 13 204
14 16 191
16 14 191
14 74 914
74 14 914
14 77 574
77 14 574
15 53 723
53 15 723
15 63 643
63 15 643
16 29 23
29 16 23
16 44 846
44 16 846
17 41 809
41 17 809
17 94 842
94 17 842
17 89 877
89 17 877
18 30 900
30 18 900
18 95 383
95 18 383
19 31 370
31 19 370
19 23 599
23 19 599
20 33 719
33 20 719
20 35 6
35 20 6
21 60 989
60 21 989
21 72 466
72 21 466
22 54 349
54 22 349
22 33 35
33 22 35
23 66 108
66 23 108
23 73 409
73 23 409
23 93 908
93 23 908
24 63 659
63 24 659
24 32 234
32 24 234
25 37 108
37 25 108
25 56 550
56 25 550
26 68 278
68 26 278
28 36 334
36 28 334
28 77 289
77 28 289
28 91 84
91 28 84
29 32 336
32 29 336
29 59 273
59 29 273
30 34 480
34 30 480
30 88 438
88 30 438
31 78 274
78 31 274
31 83 808
83 31 808
31 54 284
54 31 284
32 42 718
42 32 718
32 69 48
69 32 48
35 64 237
64 35 237
35 55 889
55 35 889
36 58 676
58 36 676
37 43 735
43 37 735
37 81 293
81 37 293
37 42 126
42 37 126
38 39 345
39 38 345
39 60 143
60 39 143
39 81 142
81 39 142
39 41 638
41 39 638
40 67 969
67 40 969
40 79 796
79 40 796
41 47 809
47 41 809
41 75 838
75 41 838
42 97 137
97 42 137
42 85 43
85 42 43
44 57 488
57 44 488
44 53 694
53 44 694
44 64 396
64 44 396
45 57 515
57 45 515
46 62 547
62 46 547
46 87 879
87 46 879
48 83 684
83 48 684
49 51 203
51 49 203
49 91 900
91 49 900
49 82 41
82 49 41
54 65 206
65 54 206
55 70 341
70 55 341
55 91 772
91 55 772
57 76 73
76 57 73
57 77 880
77 57 880
62 77 70
77 62 70
62 85 693
85 62 693
63 71 349
71 63 349
64 80 566
80 64 566
64 84 829
84 64 829
65 97 525
97 65 525
67 85 593
85 67 593
71 73 984
73 71 984
74 78 271
78 74 271
75 86 68
86 75 68
76 90 425
90 76 425
77 83 202
83 77 202
77 92 773
92 77 773
78 89 107
89 78 107
79 82 431
82 79 431
80 97 75
97 80 75
83 85 790
85 83 790
85 94 276
94 85 276
88 90 47
90 88 47
93 96 758
96 93 758
