85

0 1 863
1 0 863
0 5 698
5 0 698
0 41 469
41 0 469
0 47 554
47 0 554
0 78 165
78 0 165
1 2 5
2 1 5
1 4 411
4 1 411
1 6 20
6 1 20
1 15 886
15 1 886
1 28 210
28 1 210
1 16 192
16 1 192
2 3 771
3 2 771
2 21 720
21 2 720
2 29 538
29 2 538
2 71 809
71 2 809
3 59 91
59 3 91
4 7 494
7 4 494
4 8 992
8 4 992
4 13 91
13 4 91
4 53 216
53 4 216
4 58 329
58 4 329
5 16 198
16 5 198
6 25 739
25 6 739
6 25 779
25 6 779
7 23 458
23 7 458
7 59 166
59 7 166
7 62 240
62 7 240
7 18 33
18 7 33
7 47 788
47 7 788
7 35 581
35 7 581
8 9 416
9 8 416
8 10 779
10 8 779
9 11 55
11 9 55
9 67 430
67 9 430
10 18 800
18 10 800
10 19 864
19 10 864
10 64 403
64 10 403
10 39 16
39 10 16
10 58 157
58 10 157
11 12 598
12 11 598
11 44 99
44 11 99
12 33 970
33 12 970
12 39 336
39 12 336
12 83 693
83 12 693
12 40 511
40 12 511
12 56 130
56 12 130
13 14 731
14 13 731
13 77 144
77 13 144
14 34 498
34 14 498
14 53 599
53 14 599
15 17 322
17 15 322
15 26 932
26 15 932
15 54 589
54 15 589
15 61 316
61 15 316
15 65 995
65 15 995
15 60 876
60 15 876
15 58 855
58 15 855
15 64 353
64 15 353
16 27 941
27 16 941
16 30 694
30 16 694
16 43 408
43 16 408
16 47 885
47 16 885
16 52 125
52 16 125
16 82 689
82 16 689
16 69 960
69 16 960
16 65 761
65 16 761
17 22 288
22 17 288
17 69 254
69 17 254
17 72 956
72 17 956
17 67 260
67 17 260
17 63 824
63 17 824
18 51 135
51 18 135
19 20 726
20 19 726
20 61 101
61 20 101
21 24 116
24 21 116
22 35 811
35 22 811
22 42 100
42 22 100
22 51 422
51 22 422
23 30 4
30 23 4
23 25 584
25 23 584
23 69 201
69 23 201
24 46 155
46 24 155
24 59 104
59 24 104
25 31 826
31 25 826
25 37 620
37 25 620
25 38 368
38 25 368
25 71 891
71 25 891
26 63 416
63 26 416
26 84 983
84 26 983
26 43 911
43 26 911
26 74 141
74 26 141
27 32 467
32 27 467
27 40 38
40 27 38
27 48 412
48 27 412
27 66 438
66 27 438
27 76 603
76 27 603
27 61 682
61 27 682
27 75 111
75 27 111
28 68 767
68 28 767
28 78 447
78 28 447
29 60 607
60 29 607
30 49 160
49 30 160
31 36 486
36 31 486
31 54 112
54 31 112
36 53 468
53 36 468
36 61 753
61 36 753
37 81 604
81 37 604
39 55 226
55 39 226
39 46 421
46 39 421
39 61 792
61 39 792
39 59 685
59 39 685
40 50 603
50 40 603
40 56 515
56 40 515
40 57 363
57 40 363
41 80 508
80 41 508
42 70 537
70 42 537
42 58 424
58 42 424
43 45 912
45 43 912
44 58 427
58 44 427
44 65 533
65 44 533
45 65 345
65 45 345
45 72 228
72 45 228
46 72 621
72 46 621
48 74 204
74 48 204
51 57 248
57 51 248
51 79 382
79 51 382
51 82 158
82 51 158
52 57 439
57 52 439
53 84 201
84 53 201
53 76 944
76 53 944
54 80 938
80 54 938
55 84 986
84 55 986
57 68 222
68 57 222
62 74 46
74 62 46
62 76 111
76 62 111
65 73 321
73 65 321
66 82 221
82 66 221
68 71 731
71 68 731
69 75 584
75 69 584
69 83 103
83 69 103
70 71 416
71 70 416
