69

0 1 183
1 0 183
0 2 419
2 0 419
0 3 166
3 0 166
0 23 233
23 0 233
0 26 853
26 0 853
0 50 955
50 0 955
0 51 556
51 0 556
0 3 727
3 0 727
0 66 631
66 0 631
0 51 564
51 0 564
0 31 479
31 0 479
0 28 145
28 0 145
0 62 770
62 0 770
0 17 252
17 0 252
1 6 787
6 1 787
1 15 962
15 1 962
1 25 985
25 1 985
1 66 139
66 1 139
1 23 880
23 1 880
1 24 488
24 1 488
1 17 375
17 1 375
1 2 291
2 1 291
1 41 269
41 1 269
1 15 388
15 1 388
1 61 159
61 1 159
1 65 176
65 1 176
1 47 413
47 1 413
1 6 180
6 1 180
1 38 883
38 1 883
1 46 509
46 1 509
2 4 982
4 2 982
2 20 821
20 2 821
2 24 503
24 2 503
2 56 593
56 2 593
2 32 806
32 2 806
2 18 900
18 2 900
2 13 563
13 2 563
2 7 361
7 2 361
2 14 42
14 2 42
2 26 22
26 2 22
2 60 105
60 2 105
2 13 199
13 2 199
2 27 446
27 2 446
2 65 392
65 2 392
2 51 462
51 2 462
2 14 423
14 2 423
3 5 153
5 3 153
3 29 916
29 3 916
3 27 201
27 3 201
3 65 370
65 3 370
3 20 610
20 3 610
3 62 363
62 3 363
3 67 913
67 3 913
3 30 59
30 3 59
3 62 300
62 3 300
3 68 308
68 3 308
3 17 13
17 3 13
3 36 724
36 3 724
4 7 285
7 4 285
4 8 522
8 4 522
4 9 916
9 4 916
4 17 65
17 4 65
4 34 212
34 4 212
4 11 23
11 4 23
4 27 21
27 4 21
4 20 560
20 4 560
4 51 191
51 4 191
4 40 342
40 4 342
4 19 761
19 4 761
4 66 743
66 4 743
4 25 814
25 4 814
4 13 189
13 4 189
4 10 690
10 4 690
4 50 84
50 4 84
4 36 314
36 4 314
4 24 188
24 4 188
5 51 556
51 5 556
5 48 793
48 5 793
5 8 429
8 5 429
5 39 461
39 5 461
5 26 413
26 5 413
5 50 382
50 5 382
5 54 9
54 5 9
5 29 840
29 5 840
5 27 450
27 5 450
5 54 380
54 5 380
5 20 581
20 5 581
5 38 662
38 5 662
5 32 495
32 5 495
6 14 362
14 6 362
6 33 363
33 6 363
6 65 3
65 6 3
6 41 492
41 6 492
6 21 168
21 6 168
6 9 631
9 6 631
6 61 165
61 6 165
6 24 766
24 6 766
6 46 668
46 6 668
7 38 619
38 7 619
7 47 216
47 7 216
7 53 785
53 7 785
7 47 510
47 7 510
7 67 494
67 7 494
7 64 106
64 7 106
7 64 13
64 7 13
8 44 563
44 8 563
8 40 86
40 8 86
8 58 61
58 8 61
8 24 625
24 8 625
8 61 493
61 8 493
8 57 186
57 8 186
8 38 530
38 8 530
8 14 168
14 8 168
8 62 61
62 8 61
8 53 571
53 8 571
8 51 282
51 8 282
9 10 55
10 9 55
9 12 118
12 9 118
9 41 825
41 9 825
9 62 804
62 9 804
9 67 817
67 9 817
9 47 270
47 9 270
9 41 566
41 9 566
9 40 490
40 9 490
9 26 77
26 9 77
9 57 490
57 9 490
9 58 816
58 9 816
9 39 262
39 9 262
9 46 968
46 9 968
9 59 314
59 9 314
9 34 954
34 9 954
9 48 65
48 9 65
10 11 742
11 10 742
10 13 530
13 10 530
10 16 266
16 10 266
10 60 660
60 10 660
10 38 555
38 10 555
10 18 963
18 10 963
10 53 835
53 10 835
10 54 878
54 10 878
10 58 988
58 10 988
10 56 164
56 10 164
10 47 115
47 10 115
10 21 409
21 10 409
10 46 452
46 10 452
10 24 779
24 10 779
11 19 676
19 11 676
11 24 324
24 11 324
11 43 960
43 11 960
11 45 702
45 11 702
11 63 622
63 11 622
11 51 268
51 11 268
11 61 241
61 11 241
11 47 267
47 11 267
11 51 530
51 11 530
11 15 635
15 11 635
11 58 499
58 11 499
11 16 501
16 11 501
11 44 457
44 11 457
11 52 997
52 11 997
11 25 342
25 11 342
12 27 804
27 12 804
12 35 408
35 12 408
12 40 260
40 12 260
12 48 820
48 12 820
12 25 241
25 12 241
12 27 275
27 12 275
12 50 210
50 12 210
12 28 863
28 12 863
12 25 645
25 12 645
12 44 18
44 12 18
12 59 715
59 12 715
12 33 445
33 12 445
12 58 459
58 12 459
13 48 592
48 13 592
13 32 196
32 13 196
13 38 952
38 13 952
13 61 367
61 13 367
13 53 80
53 13 80
13 28 731
28 13 731
14 32 68
32 14 68
14 46 110
46 14 110
14 68 148
68 14 148
14 19 508
19 14 508
14 50 399
50 14 399
14 14 624
14 14 624
14 36 546
36 14 546
14 42 774
42 14 774
14 30 171
30 14 171
14 29 14
29 14 14
14 60 141
60 14 141
15 22 235
22 15 235
15 46 884
46 15 884
15 34 60
34 15 60
15 56 190
56 15 190
15 49 39
49 15 39
15 19 162
19 15 162
15 46 457
46 15 457
15 18 309
18 15 309
16 18 955
18 16 955
16 31 765
31 16 765
16 25 412
25 16 412
16 20 631
20 16 631
16 30 228
30 16 228
16 30 521
30 16 521
16 17 597
17 16 597
16 20 485
20 16 485
16 50 452
50 16 452
16 32 457
32 16 457
16 54 305
54 16 305
17 33 164
33 17 164
17 39 280
39 17 280
17 46 604
46 17 604
17 61 730
61 17 730
17 39 711
39 17 711
17 49 679
49 17 679
17 64 633
64 17 633
17 25 938
25 17 938
18 21 869
21 18 869
18 55 103
55 18 103
18 59 882
59 18 882
18 51 694
51 18 694
18 56 49
56 18 49
18 65 317
65 18 317
18 36 34
36 18 34
18 26 270
26 18 270
18 43 519
43 18 519
18 64 758
64 18 758
18 68 273
68 18 273
18 35 130
35 18 130
18 59 886
59 18 886
18 54 222
54 18 222
19 52 749
52 19 749
19 52 983
52 19 983
19 52 597
52 19 597
19 60 89
60 19 89
19 37 478
37 19 478
19 27 104
27 19 104
19 21 480
21 19 480
19 44 329
44 19 329
19 68 4
68 19 4
19 50 934
50 19 934
19 22 752
22 19 752
20 57 585
57 20 585
20 29 207
29 20 207
20 25 883
25 20 883
20 38 902
38 20 902
20 45 636
45 20 636
20 20 903
20 20 903
20 61 143
61 20 143
20 46 302
46 20 302
20 55 622
55 20 622
21 50 74
50 21 74
21 23 48
23 21 48
21 23 509
23 21 509
21 48 870
48 21 870
21 68 218
68 21 218
22 37 157
37 22 157
22 63 487
63 22 487
22 60 609
60 22 609
22 26 157
26 22 157
22 53 273
53 22 273
22 56 996
56 22 996
22 22 921
22 22 921
22 48 580
48 22 580
23 56 92
56 23 92
23 24 135
24 23 135
23 52 297
52 23 297
23 30 649
30 23 649
24 39 156
39 24 156
24 41 191
41 24 191
24 46 880
46 24 880
24 41 669
41 24 669
24 25 927
25 24 927
24 56 875
56 24 875
25 28 511
28 25 511
25 33 734
33 25 734
25 47 60
47 25 60
25 58 16
58 25 16
26 30 638
30 26 638
26 33 909
33 26 909
26 61 384
61 26 384
26 51 978
51 26 978
26 66 96
66 26 96
27 53 991
53 27 991
27 37 867
37 27 867
27 47 413
47 27 413
27 56 929
56 27 929
27 28 598
28 27 598
28 47 803
47 28 803
28 58 639
58 28 639
28 34 799
34 28 799
28 42 901
42 28 901
28 55 271
55 28 271
28 49 925
49 28 925
28 47 511
47 28 511
29 42 470
42 29 470
29 56 652
56 29 652
29 58 314
58 29 314
29 32 618
32 29 618
29 64 515
64 29 515
30 63 443
63 30 443
30 36 522
36 30 522
30 48 710
48 30 710
30 34 183
34 30 183
30 48 971
48 30 971
31 36 206
36 31 206
31 39 813
39 31 813
31 53 493
53 31 493
31 32 818
32 31 818
31 39 911
39 31 911
31 63 734
63 31 734
31 61 95
61 31 95
31 49 593
49 31 593
31 63 521
63 31 521
32 58 379
58 32 379
32 64 150
64 32 150
32 50 160
50 32 160
32 43 690
43 32 690
32 40 432
40 32 432
32 43 474
43 32 474
33 38 231
38 33 231
33 49 818
49 33 818
33 45 914
45 33 914
33 40 747
40 33 747
33 47 194
47 33 194
33 44 589
44 33 589
33 42 516
42 33 516
33 66 229
66 33 229
33 44 689
44 33 689
34 51 858
51 34 858
34 48 44
48 34 44
34 68 533
68 34 533
34 45 503
45 34 503
34 54 192
54 34 192
34 56 651
56 34 651
35 54 248
54 35 248
35 46 664
46 35 664
35 57 151
57 35 151
35 41 200
41 35 200
35 52 86
52 35 86
36 54 393
54 36 393
36 66 131
66 36 131
36 57 733
57 36 733
36 62 930
62 36 930
36 61 597
61 36 597
36 64 526
64 36 526
37 56 310
56 37 310
37 68 92
68 37 92
37 49 366
49 37 366
37 45 53
45 37 53
37 43 910
43 37 910
37 57 72
57 37 72
37 58 736
58 37 736
37 53 472
53 37 472
37 40 246
40 37 246
37 65 222
65 37 222
37 46 774
46 37 774
38 55 354
55 38 354
38 63 803
63 38 803
38 64 443
64 38 443
38 42 147
42 38 147
38 60 978
60 38 978
38 66 340
66 38 340
39 65 908
65 39 908
39 54 772
54 39 772
39 62 471
62 39 471
39 59 755
59 39 755
39 54 795
54 39 795
40 53 155
53 40 155
40 67 461
67 40 461
40 44 340
44 40 340
40 67 710
67 40 710
40 51 782
51 40 782
40 44 694
44 40 694
40 60 14
60 40 14
40 49 11
49 40 11
41 59 965
59 41 965
41 63 47
63 41 47
42 58 409
58 42 409
42 68 476
68 42 476
42 60 443
60 42 443
42 52 584
52 42 584
42 65 135
65 42 135
42 56 734
56 42 734
43 65 200
65 43 200
43 56 418
56 43 418
43 63 630
63 43 630
43 60 361
60 43 361
44 63 825
63 44 825
45 50 801
50 45 801
45 61 847
61 45 847
45 59 827
59 45 827
46 60 439
60 46 439
46 66 178
66 46 178
46 63 500
63 46 500
46 65 969
65 46 969
47 50 685
50 47 685
48 61 321
61 48 321
48 52 948
52 48 948
48 50 871
50 48 871
48 55 661
55 48 661
49 58 709
58 49 709
49 55 235
55 49 235
50 58 776
58 50 776
50 62 645
62 50 645
50 66 120
66 50 120
52 56 931
56 52 931
53 57 571
57 53 571
53 60 588
60 53 588
54 63 239
63 54 239
55 60 849
60 55 849
55 55 774
55 55 774
55 68 562
68 55 562
55 56 302
56 55 302
55 62 867
62 55 867
55 61 988
61 55 988
55 67 843
67 55 843
56 58 659
58 56 659
56 61 718
61 56 718
56 65 153
65 56 153
57 59 873
59 57 873
57 63 876
63 57 876
58 60 525
60 58 525
58 62 35
62 58 35
60 64 925
64 60 925
60 63 359
63 60 359
60 68 241
68 60 241
60 62 759
62 60 759
60 68 778
68 60 778
61 67 904
67 61 904
62 66 446
66 62 446
64 68 34
68 64 34
65 66 621
66 65 621
66 68 40
68 66 40
67 68 930
68 67 930
