57

0 1 721
1 0 721
0 5 683
5 0 683
0 20 186
20 0 186
0 45 851
45 0 851
0 45 4
45 0 4
0 24 730
24 0 730
0 51 722
51 0 722
1 2 955
2 1 955
1 3 840
3 1 840
1 52 576
52 1 576
1 40 567
40 1 567
1 37 400
37 1 400
1 39 988
39 1 988
1 18 625
18 1 625
1 3 520
3 1 520
1 41 195
41 1 195
2 4 935
4 2 935
2 9 196
9 2 196
2 14 560
14 2 560
2 39 286
39 2 286
2 36 487
36 2 487
2 4 282
4 2 282
2 20 713
20 2 713
2 37 907
37 2 907
3 31 109
31 3 109
3 43 315
43 3 315
3 39 106
39 3 106
3 41 611
41 3 611
4 7 98
7 4 98
4 50 876
50 4 876
4 53 549
53 4 549
4 29 243
29 4 243
4 11 655
11 4 655
5 6 873
6 5 873
5 10 161
10 5 161
5 11 208
11 5 208
5 13 79
13 5 79
5 25 772
25 5 772
5 49 865
49 5 865
5 8 852
8 5 852
5 33 548
33 5 548
5 28 339
28 5 339
5 36 571
36 5 571
6 8 676
8 6 676
6 15 949
15 6 949
6 25 379
25 6 379
7 21 170
21 7 170
7 51 430
51 7 430
7 25 40
25 7 40
7 9 705
9 7 705
7 25 875
25 7 875
7 36 801
36 7 801
8 16 458
16 8 458
8 17 400
17 8 400
8 23 262
23 8 262
8 35 434
35 8 434
8 38 225
38 8 225
8 56 899
56 8 899
8 10 924
10 8 924
8 39 852
39 8 852
8 12 994
12 8 994
8 38 62
38 8 62
8 52 118
52 8 118
8 18 832
18 8 832
9 12 272
12 9 272
9 40 205
40 9 205
9 11 695
11 9 695
9 55 701
55 9 701
10 28 599
28 10 599
10 30 200
30 10 200
10 56 465
56 10 465
10 31 78
31 10 78
10 27 685
27 10 685
11 29 593
29 11 593
11 47 50
47 11 50
11 31 160
31 11 160
12 34 795
34 12 795
12 47 185
47 12 185
12 40 856
40 12 856
12 25 969
25 12 969
12 45 899
45 12 899
13 22 403
22 13 403
13 39 559
39 13 559
13 30 189
30 13 189
13 55 356
55 13 356
14 33 966
33 14 966
14 24 90
24 14 90
14 26 307
26 14 307
14 56 6
56 14 6
15 44 771
44 15 771
15 40 22
40 15 22
15 51 47
51 15 47
16 19 967
19 16 967
16 26 477
26 16 477
17 18 670
18 17 670
17 52 616
52 17 616
17 53 523
53 17 523
17 28 838
28 17 838
17 38 270
38 17 270
18 26 836
26 18 836
19 46 605
46 19 605
19 35 770
35 19 770
19 34 738
34 19 738
19 56 138
56 19 138
20 32 781
32 20 781
20 56 360
56 20 360
20 21 745
21 20 745
20 37 242
37 20 242
21 27 338
27 21 338
21 26 482
26 21 482
21 26 228
26 21 228
21 42 352
42 21 352
21 53 161
53 21 161
22 24 416
24 22 416
22 40 839
40 22 839
22 49 4
49 22 4
23 35 538
35 23 538
24 30 23
30 24 23
25 47 806
47 25 806
26 42 583
42 26 583
27 36 931
36 27 931
27 48 21
48 27 21
27 56 383
56 27 383
27 32 387
32 27 387
27 34 712
34 27 712
27 52 579
52 27 579
28 36 861
36 28 861
28 36 157
36 28 157
28 36 128
36 28 128
28 46 246
46 28 246
29 37 364
37 29 364
29 55 481
55 29 481
30 45 294
45 30 294
30 53 381
53 30 381
31 49 453
49 31 453
32 44 587
44 32 587
32 35 143
35 32 143
34 41 824
41 34 824
34 55 255
55 34 255
34 56 140
56 34 140
35 41 507
41 35 507
37 52 813
52 37 813
37 38 294
38 37 294
37 38 576
38 37 576
39 54 389
54 39 389
39 51 617
51 39 617
40 48 597
48 40 597
40 53 898
53 40 898
40 41 770
41 40 770
40 51 964
51 40 964
41 48 820
48 41 820
42 55 440
55 42 440
42 47 36
47 42 36
42 51 872
51 42 872
44 46 887
46 44 887
46 51 919
51 46 919
46 56 759
56 46 759
47 53 589
53 47 589
49 55 479
55 49 479
49 50 799
50 49 799
51 54 979
54 51 979
52 52 542
52 52 542
52 56 95
56 52 95
