51

0 1 639
1 0 639
0 2 333
2 0 333
0 19 972
19 0 972
0 30 990
30 0 990
0 38 428
38 0 428
0 47 939
47 0 939
0 42 739
42 0 739
0 23 332
23 0 332
0 34 580
34 0 580
0 22 911
22 0 911
0 15 277
15 0 277
0 37 229
37 0 229
0 26 353
26 0 353
0 11 353
11 0 353
1 4 758
4 1 758
1 7 858
7 1 858
1 18 875
18 1 875
1 21 939
21 1 939
1 34 341
34 1 341
1 15 757
15 1 757
1 24 797
24 1 797
1 3 296
3 1 296
1 47 888
47 1 888
2 3 139
3 2 139
2 5 21
5 2 21
2 6 155
6 2 155
2 23 774
23 2 774
2 26 19
26 2 19
2 47 652
47 2 652
2 17 405
17 2 405
2 8 390
8 2 390
2 50 519
50 2 519
2 38 470
38 2 470
2 16 915
16 2 915
2 34 369
34 2 369
3 8 248
8 3 248
3 11 950
11 3 950
3 12 561
12 3 561
3 14 532
14 3 532
3 17 259
17 3 259
3 30 954
30 3 954
3 19 909
19 3 909
3 13 927
13 3 927
3 8 848
8 3 848
3 36 609
36 3 609
3 20 996
20 3 996
3 16 95
16 3 95
4 22 91
22 4 91
4 24 975
24 4 975
4 8 7
8 4 7
4 26 731
26 4 731
4 43 547
43 4 547
4 26 904
26 4 904
4 42 542
42 4 542
5 10 206
10 5 206
5 46 6
46 5 6
5 8 68
8 5 68
5 24 616
24 5 616
5 13 289
13 5 289
5 26 381
26 5 381
5 24 767
24 5 767
5 31 685
31 5 685
5 17 363
17 5 363
6 13 603
13 6 603
6 43 412
43 6 412
6 34 765
34 6 765
6 32 578
32 6 578
7 25 901
25 7 901
7 39 334
39 7 334
7 30 962
30 7 962
7 18 157
18 7 157
7 18 238
18 7 238
7 36 561
36 7 561
8 9 663
9 8 663
8 15 407
15 8 407
8 50 893
50 8 893
8 47 699
47 8 699
8 27 749
27 8 749
9 16 521
16 9 521
9 40 533
40 9 533
9 28 257
28 9 257
9 50 88
50 9 88
9 15 739
15 9 739
9 45 815
45 9 815
9 44 943
44 9 943
9 45 797
45 9 797
9 38 27
38 9 27
9 38 266
38 9 266
9 35 504
35 9 504
9 26 661
26 9 661
10 25 645
25 10 645
10 26 694
26 10 694
10 29 803
29 10 803
10 21 509
21 10 509
11 32 779
32 11 779
11 15 96
15 11 96
11 29 716
29 11 716
11 39 373
39 11 373
11 11 984
11 11 984
11 20 969
20 11 969
11 20 743
20 11 743
11 26 927
26 11 927
11 22 375
22 11 375
12 33 617
33 12 617
12 12 357
12 12 357
12 35 296
35 12 296
12 47 152
47 12 152
12 13 92
13 12 92
12 21 625
21 12 625
13 38 903
38 13 903
13 25 909
25 13 909
13 27 552
27 13 552
13 45 618
45 13 618
14 23 299
23 14 299
14 22 641
22 14 641
14 29 479
29 14 479
14 20 177
20 14 177
14 37 514
37 14 514
14 40 507
40 14 507
15 22 712
22 15 712
15 25 913
25 15 913
15 49 807
49 15 807
15 40 200
40 15 200
15 37 878
37 15 878
15 45 621
45 15 621
15 29 327
29 15 327
15 38 95
38 15 95
15 24 303
24 15 303
16 20 197
20 16 197
16 29 31
29 16 31
16 36 810
36 16 810
16 45 228
45 16 228
16 38 74
38 16 74
16 25 822
25 16 822
17 42 63
42 17 63
17 42 827
42 17 827
17 36 945
36 17 945
17 49 175
49 17 175
17 26 697
26 17 697
17 21 687
21 17 687
17 19 46
19 17 46
18 41 138
41 18 138
18 21 944
21 18 944
18 23 335
23 18 335
19 44 213
44 19 213
19 25 146
25 19 146
19 41 371
41 19 371
19 23 525
23 19 525
19 32 164
32 19 164
19 37 490
37 19 490
20 31 138
31 20 138
20 38 855
38 20 855
20 36 271
36 20 271
21 27 3
27 21 3
21 47 781
47 21 781
22 36 773
36 22 773
22 46 525
46 22 525
22 26 179
26 22 179
23 49 561
49 23 561
23 29 34
29 23 34
23 26 607
26 23 607
24 29 252
29 24 252
24 37 458
37 24 458
24 34 366
34 24 366
24 25 636
25 24 636
24 48 693
48 24 693
25 28 375
28 25 375
26 44 392
44 26 392
26 44 510
44 26 510
26 30 49
30 26 49
26 42 62
42 26 62
26 34 989
34 26 989
26 33 874
33 26 874
26 34 23
34 26 23
27 35 553
35 27 553
27 50 727
50 27 727
27 39 498
39 27 498
27 41 20
41 27 20
28 30 602
30 28 602
28 43 147
43 28 147
29 37 595
37 29 595
29 44 884
44 29 884
29 50 425
50 29 425
30 46 521
46 30 521
31 33 189
33 31 189
31 39 34
39 31 34
31 47 745
47 31 745
31 49 848
49 31 848
31 33 736
33 31 736
31 39 347
39 31 347
31 40 719
40 31 719
32 40 69
40 32 69
32 42 541
42 32 541
32 43 540
43 32 540
32 46 351
46 32 351
32 50 53
50 32 53
32 39 714
39 32 714
33 37 130
37 33 130
33 41 418
41 33 418
33 39 909
39 33 909
33 37 981
37 33 981
33 46 865
46 33 865
34 50 830
50 34 830
34 48 873
48 34 873
36 43 435
43 36 435
36 41 596
41 36 596
36 50 531
50 36 531
36 44 903
44 36 903
37 45 257
45 37 257
37 48 770
48 37 770
37 45 897
45 37 897
37 38 226
38 37 226
38 47 706
47 38 706
40 46 771
46 40 771
41 45 248
45 41 248
41 42 931
42 41 931
41 46 730
46 41 730
41 50 122
50 41 122
42 44 589
44 42 589
42 49 970
49 42 970
42 47 259
47 42 259
42 49 487
49 42 487
43 44 413
44 43 413
44 45 473
45 44 473
45 45 976
45 45 976
