77

0 1 111
1 0 111
0 2 594
2 0 594
0 4 813
4 0 813
0 14 121
14 0 121
0 51 35
51 0 35
0 55 244
55 0 244
0 36 294
36 0 294
0 75 942
75 0 942
0 27 182
27 0 182
0 61 409
61 0 409
0 20 716
20 0 716
0 45 244
45 0 244
0 36 195
36 0 195
0 34 644
34 0 644
0 14 710
14 0 710
1 3 997
3 1 997
1 21 534
21 1 534
1 22 886
22 1 886
1 58 772
58 1 772
1 31 20
31 1 20
1 31 600
31 1 600
1 33 480
33 1 480
1 53 166
53 1 166
1 10 927
10 1 927
1 27 234
27 1 234
2 7 452
7 2 452
2 13 642
13 2 642
2 17 690
17 2 690
2 46 721
46 2 721
2 48 851
48 2 851
2 30 258
30 2 258
2 51 64
51 2 64
2 15 689
15 2 689
2 60 352
60 2 352
2 39 961
39 2 961
2 16 852
16 2 852
2 24 5
24 2 5
2 10 227
10 2 227
2 38 282
38 2 282
2 46 99
46 2 99
2 9 644
9 2 644
2 38 993
38 2 993
2 28 931
28 2 931
2 3 854
3 2 854
2 75 450
75 2 450
2 12 15
12 2 15
2 37 300
37 2 300
2 14 533
14 2 533
3 10 457
10 3 457
3 43 870
43 3 870
3 58 494
58 3 494
3 69 737
69 3 737
3 75 111
75 3 111
3 7 524
7 3 524
3 43 509
43 3 509
3 43 202
43 3 202
3 56 970
56 3 970
3 26 407
26 3 407
3 17 911
17 3 911
3 53 524
53 3 524
3 21 2
21 3 2
3 37 60
37 3 60
4 5 935
5 4 935
4 6 498
6 4 498
4 67 251
67 4 251
4 27 511
27 4 511
4 15 607
15 4 607
4 5 730
5 4 730
4 5 808
5 4 808
4 14 468
14 4 468
4 28 681
28 4 681
5 9 641
9 5 641
5 49 337
49 5 337
5 46 830
46 5 830
5 73 223
73 5 223
5 25 892
25 5 892
5 9 923
9 5 923
5 53 270
53 5 270
5 16 737
16 5 737
5 9 526
9 5 526
5 42 77
42 5 77
5 41 273
41 5 273
6 12 762
12 6 762
6 34 121
34 6 121
6 42 198
42 6 198
6 6 126
6 6 126
6 53 152
53 6 152
6 43 118
43 6 118
6 9 826
9 6 826
6 67 663
67 6 663
6 36 958
36 6 958
7 8 159
8 7 159
7 11 87
11 7 87
7 35 652
35 7 652
7 44 327
44 7 327
7 44 470
44 7 470
7 56 77
56 7 77
7 44 706
44 7 706
7 48 167
48 7 167
7 73 779
73 7 779
7 37 861
37 7 861
7 49 752
49 7 752
7 59 180
59 7 180
7 36 94
36 7 94
7 40 362
40 7 362
7 70 147
70 7 147
8 29 88
29 8 88
8 10 581
10 8 581
8 18 615
18 8 615
8 40 795
40 8 795
8 47 89
47 8 89
8 54 461
54 8 461
8 18 646
18 8 646
8 50 480
50 8 480
8 20 948
20 8 948
8 21 187
21 8 187
9 30 689
30 9 689
9 62 163
62 9 163
9 72 298
72 9 298
9 16 12
16 9 12
9 14 649
14 9 649
9 49 324
49 9 324
9 73 497
73 9 497
9 76 699
76 9 699
9 19 12
19 9 12
9 16 597
16 9 597
9 54 898
54 9 898
9 72 618
72 9 618
9 11 530
11 9 530
9 48 668
48 9 668
9 46 389
46 9 389
9 36 758
36 9 758
9 58 800
58 9 800
9 51 275
51 9 275
9 11 396
11 9 396
10 36 554
36 10 554
10 50 377
50 10 377
10 35 967
35 10 967
10 41 543
41 10 543
10 54 23
54 10 23
10 26 997
26 10 997
10 28 393
28 10 393
10 29 697
29 10 697
10 72 212
72 10 212
10 14 69
14 10 69
10 30 9
30 10 9
10 13 373
13 10 373
11 47 494
47 11 494
11 69 500
69 11 500
11 14 876
14 11 876
11 12 855
12 11 855
11 56 688
56 11 688
11 14 767
14 11 767
11 59 963
59 11 963
11 42 209
42 11 209
11 31 155
31 11 155
11 41 23
41 11 23
12 23 498
23 12 498
12 42 892
42 12 892
12 41 456
41 12 456
12 18 691
18 12 691
12 41 480
41 12 480
12 24 979
24 12 979
12 38 556
38 12 556
12 68 150
68 12 150
12 17 226
17 12 226
12 36 422
36 12 422
12 56 916
56 12 916
13 16 188
16 13 188
13 27 517
27 13 517
13 59 18
59 13 18
13 72 603
72 13 603
13 18 986
18 13 986
13 64 54
64 13 54
13 29 270
29 13 270
13 31 879
31 13 879
13 54 751
54 13 751
13 75 676
75 13 676
13 17 502
17 13 502
14 15 613
15 14 613
14 28 22
28 14 22
14 43 142
43 14 142
14 71 245
71 14 245
14 27 296
27 14 296
14 22 564
22 14 564
14 20 441
20 14 441
14 67 97
67 14 97
14 49 225
49 14 225
14 67 336
67 14 336
14 52 790
52 14 790
14 14 466
14 14 466
14 16 1000
16 14 1000
14 23 993
23 14 993
14 72 538
72 14 538
14 21 690
21 14 690
15 19 749
19 15 749
15 29 434
29 15 434
15 61 16
61 15 16
15 54 147
54 15 147
15 17 872
17 15 872
15 66 235
66 15 235
15 65 575
65 15 575
15 65 723
65 15 723
15 44 251
44 15 251
15 39 629
39 15 629
15 32 322
32 15 322
16 67 441
67 16 441
16 51 485
51 16 485
16 54 352
54 16 352
16 38 926
38 16 926
16 46 81
46 16 81
16 25 327
25 16 327
16 56 871
56 16 871
16 45 668
45 16 668
16 50 127
50 16 127
16 23 915
23 16 915
16 55 149
55 16 149
16 27 769
27 16 769
16 75 170
75 16 170
17 18 235
18 17 235
17 20 73
20 17 73
17 23 388
23 17 388
17 54 488
54 17 488
17 69 692
69 17 692
17 72 576
72 17 576
17 48 142
48 17 142
17 45 165
45 17 165
17 67 654
67 17 654
17 19 249
19 17 249
17 46 301
46 17 301
17 32 126
32 17 126
17 53 565
53 17 565
17 27 648
27 17 648
17 39 540
39 17 540
17 42 333
42 17 333
17 41 626
41 17 626
18 33 657
33 18 657
18 63 893
63 18 893
18 54 795
54 18 795
18 67 942
67 18 942
18 57 938
57 18 938
18 43 870
43 18 870
18 71 963
71 18 963
18 40 36
40 18 36
18 64 801
64 18 801
18 28 696
28 18 696
18 51 857
51 18 857
18 58 927
58 18 927
18 47 308
47 18 308
18 49 48
49 18 48
18 66 610
66 18 610
19 74 882
74 19 882
19 64 328
64 19 328
19 25 228
25 19 228
19 41 571
41 19 571
19 25 459
25 19 459
19 73 114
73 19 114
19 26 67
26 19 67
19 47 989
47 19 989
19 56 45
56 19 45
19 58 408
58 19 408
19 23 968
23 19 968
19 19 513
19 19 513
20 24 321
24 20 321
20 31 773
31 20 773
20 65 868
65 20 868
20 39 501
39 20 501
20 27 462
27 20 462
20 63 374
63 20 374
20 30 278
30 20 278
20 42 409
42 20 409
20 74 343
74 20 343
20 72 768
72 20 768
20 43 18
43 20 18
20 34 560
34 20 560
20 47 184
47 20 184
20 55 781
55 20 781
20 55 945
55 20 945
20 75 336
75 20 336
20 22 598
22 20 598
20 35 597
35 20 597
20 38 369
38 20 369
20 42 890
42 20 890
20 75 291
75 20 291
21 45 238
45 21 238
21 53 314
53 21 314
21 27 776
27 21 776
21 63 264
63 21 264
21 52 209
52 21 209
21 23 422
23 21 422
21 27 417
27 21 417
21 41 563
41 21 563
22 25 483
25 22 483
22 35 231
35 22 231
22 41 294
41 22 294
22 52 624
52 22 624
22 28 908
28 22 908
22 68 3
68 22 3
22 41 675
41 22 675
22 62 788
62 22 788
23 38 248
38 23 248
23 44 132
44 23 132
23 66 99
66 23 99
23 58 503
58 23 503
23 31 157
31 23 157
23 54 341
54 23 341
23 44 244
44 23 244
23 40 428
40 23 428
23 28 215
28 23 215
23 34 363
34 23 363
23 40 610
40 23 610
23 33 626
33 23 626
23 48 688
48 23 688
24 75 914
75 24 914
24 61 560
61 24 560
24 55 257
55 24 257
24 66 696
66 24 696
24 34 140
34 24 140
24 72 947
72 24 947
24 64 925
64 24 925
24 28 362
28 24 362
24 38 288
38 24 288
24 37 881
37 24 881
24 43 438
43 24 438
24 62 883
62 24 883
25 26 181
26 25 181
25 61 553
61 25 553
25 48 410
48 25 410
25 62 538
62 25 538
25 67 779
67 25 779
25 57 272
57 25 272
25 74 216
74 25 216
25 71 453
71 25 453
26 32 201
32 26 201
26 37 497
37 26 497
26 73 344
73 26 344
26 52 312
52 26 312
26 75 594
75 26 594
26 29 544
29 26 544
26 74 704
74 26 704
26 47 694
47 26 694
26 58 646
58 26 646
26 52 631
52 26 631
26 49 563
49 26 563
27 47 624
47 27 624
27 32 976
32 27 976
27 64 46
64 27 46
27 75 444
75 27 444
27 67 84
67 27 84
27 59 96
59 27 96
27 39 256
39 27 256
27 48 746
48 27 746
27 62 616
62 27 616
27 45 44
45 27 44
27 44 997
44 27 997
28 51 196
51 28 196
28 33 166
33 28 166
28 65 9
65 28 9
28 32 753
32 28 753
28 75 355
75 28 355
28 54 589
54 28 589
28 42 23
42 28 23
28 44 16
44 28 16
28 56 215
56 28 215
29 59 236
59 29 236
29 38 233
38 29 233
29 69 610
69 29 610
29 31 266
31 29 266
29 53 551
53 29 551
29 38 78
38 29 78
29 44 443
44 29 443
29 33 438
33 29 438
29 44 898
44 29 898
29 75 224
75 29 224
29 51 726
51 29 726
29 58 107
58 29 107
29 70 289
70 29 289
30 60 959
60 30 959
30 59 849
59 30 849
30 63 482
63 30 482
30 45 747
45 30 747
30 70 876
70 30 876
30 55 624
55 30 624
30 43 165
43 30 165
30 35 942
35 30 942
30 53 74
53 30 74
31 46 583
46 31 583
31 48 558
48 31 558
31 51 573
51 31 573
31 36 252
36 31 252
31 76 854
76 31 854
31 71 840
71 31 840
31 44 136
44 31 136
31 33 826
33 31 826
31 61 724
61 31 724
32 75 954
75 32 954
32 42 362
42 32 362
32 34 818
34 32 818
32 65 970
65 32 970
32 47 362
47 32 362
32 47 367
47 32 367
32 55 32
55 32 32
32 48 453
48 32 453
32 32 785
32 32 785
33 54 440
54 33 440
33 72 803
72 33 803
33 54 122
54 33 122
33 57 320
57 33 320
33 39 555
39 33 555
33 42 315
42 33 315
34 40 412
40 34 412
34 73 39
73 34 39
34 66 770
66 34 770
34 49 989
49 34 989
34 65 858
65 34 858
34 34 321
34 34 321
34 58 555
58 34 555
34 74 174
74 34 174
34 51 402
51 34 402
34 40 277
40 34 277
35 63 955
63 35 955
35 42 638
42 35 638
35 58 244
58 35 244
36 75 702
75 36 702
36 69 519
69 36 519
36 54 837
54 36 837
36 39 862
39 36 862
36 68 578
68 36 578
36 36 743
36 36 743
36 38 116
38 36 116
37 39 468
39 37 468
37 47 219
47 37 219
37 55 729
55 37 729
37 57 300
57 37 300
37 70 877
70 37 877
37 44 947
44 37 947
37 53 789
53 37 789
37 63 687
63 37 687
37 50 428
50 37 428
37 54 826
54 37 826
37 54 325
54 37 325
37 50 565
50 37 565
38 56 435
56 38 435
38 45 676
45 38 676
38 47 862
47 38 862
38 59 596
59 38 596
38 71 945
71 38 945
38 59 809
59 38 809
38 75 837
75 38 837
38 42 240
42 38 240
39 68 743
68 39 743
39 64 386
64 39 386
39 50 294
50 39 294
39 42 407
42 39 407
39 57 48
57 39 48
39 50 236
50 39 236
39 43 861
43 39 861
39 65 697
65 39 697
40 76 168
76 40 168
40 50 680
50 40 680
40 50 980
50 40 980
40 67 255
67 40 255
40 56 670
56 40 670
40 48 430
48 40 430
41 59 644
59 41 644
41 66 146
66 41 146
41 69 711
69 41 711
41 60 725
60 41 725
41 76 162
76 41 162
41 54 188
54 41 188
41 54 205
54 41 205
42 48 102
48 42 102
42 65 425
65 42 425
42 45 308
45 42 308
42 76 485
76 42 485
42 75 882
75 42 882
42 54 304
54 42 304
42 68 527
68 42 527
43 62 706
62 43 706
43 64 827
64 43 827
43 72 606
72 43 606
43 62 385
62 43 385
44 72 437
72 44 437
44 62 543
62 44 543
44 74 509
74 44 509
44 64 347
64 44 347
44 67 155
67 44 155
44 60 724
60 44 724
44 72 639
72 44 639
44 52 71
52 44 71
45 49 273
49 45 273
45 71 336
71 45 336
46 49 16
49 46 16
46 55 746
55 46 746
46 68 761
68 46 761
46 72 601
72 46 601
47 59 239
59 47 239
47 64 357
64 47 357
47 70 881
70 47 881
47 71 791
71 47 791
48 56 966
56 48 966
48 63 593
63 48 593
48 69 427
69 48 427
48 52 150
52 48 150
48 63 385
63 48 385
48 58 730
58 48 730
48 50 371
50 48 371
48 57 746
57 48 746
49 54 107
54 49 107
49 73 859
73 49 859
50 52 157
52 50 157
50 61 179
61 50 179
50 55 865
55 50 865
50 67 132
67 50 132
50 66 495
66 50 495
51 56 956
56 51 956
51 69 308
69 51 308
51 61 92
61 51 92
51 62 922
62 51 922
51 66 61
66 51 61
52 64 367
64 52 367
52 60 820
60 52 820
52 70 182
70 52 182
52 53 917
53 52 917
52 56 490
56 52 490
52 62 419
62 52 419
53 54 282
54 53 282
53 53 372
53 53 372
53 71 225
71 53 225
54 64 568
64 54 568
54 69 656
69 54 656
54 55 446
55 54 446
54 72 769
72 54 769
55 76 734
76 55 734
55 60 224
60 55 224
55 67 246
67 55 246
55 58 32
58 55 32
56 74 333
74 56 333
56 74 442
74 56 442
56 60 78
60 56 78
56 68 445
68 56 445
56 72 834
72 56 834
56 59 510
59 56 510
57 75 172
75 57 172
57 68 991
68 57 991
57 66 32
66 57 32
58 69 417
69 58 417
58 66 622
66 58 622
58 61 997
61 58 997
58 71 188
71 58 188
59 66 261
66 59 261
59 61 754
61 59 754
59 68 4
68 59 4
59 61 39
61 59 39
59 67 920
67 59 920
59 65 802
65 59 802
59 71 522
71 59 522
60 60 82
60 60 82
60 60 946
60 60 946
60 68 501
68 60 501
60 71 753
71 60 753
61 73 474
73 61 474
61 63 529
63 61 529
62 69 542
69 62 542
62 69 832
69 62 832
63 66 22
66 63 22
63 71 162
71 63 162
63 70 848
70 63 848
63 71 823
71 63 823
64 73 232
73 64 232
64 76 232
76 64 232
65 65 468
65 65 468
65 66 180
66 65 180
66 76 62
76 66 62
66 67 317
67 66 317
67 71 278
71 67 278
67 74 62
74 67 62
67 67 803
67 67 803
68 72 374
72 68 374
68 70 172
70 68 172
69 75 704
75 69 704
69 75 455
75 69 455
70 75 568
75 70 568
71 73 619
73 71 619
73 74 497
74 73 497
