52

0 1 212
1 0 212
0 3 376
3 0 376
0 4 479
4 0 479
0 16 495
16 0 495
0 15 189
15 0 189
0 36 538
36 0 538
0 5 728
5 0 728
0 21 506
21 0 506
0 0 152
0 0 152
0 34 326
34 0 326
0 4 578
4 0 578
0 44 625
44 0 625
0 5 735
5 0 735
0 10 282
10 0 282
1 2 764
2 1 764
1 28 184
28 1 184
1 43 457
43 1 457
1 30 363
30 1 363
1 29 849
29 1 849
1 29 169
29 1 169
1 26 960
26 1 960
1 15 778
15 1 778
1 46 572
46 1 572
1 12 651
12 1 651
2 44 775
44 2 775
2 48 789
48 2 789
2 16 618
16 2 618
2 7 535
7 2 535
2 4 735
4 2 735
2 29 884
29 2 884
2 37 289
37 2 289
3 5 555
5 3 555
3 6 749
6 3 749
3 8 557
8 3 557
3 33 497
33 3 497
3 33 814
33 3 814
3 16 998
16 3 998
3 7 209
7 3 209
3 13 557
13 3 557
3 34 670
34 3 670
3 20 765
20 3 765
3 43 307
43 3 307
4 17 13
17 4 13
4 24 728
24 4 728
4 5 86
5 4 86
4 36 896
36 4 896
4 36 403
36 4 403
4 11 756
11 4 756
5 7 230
7 5 230
5 27 952
27 5 952
5 28 801
28 5 801
5 12 256
12 5 256
5 47 101
47 5 101
5 43 924
43 5 924
5 10 520
10 5 520
5 22 491
22 5 491
5 45 204
45 5 204
5 29 801
29 5 801
6 14 299
14 6 299
6 30 601
30 6 601
6 8 337
8 6 337
6 17 540
17 6 540
6 27 350
27 6 350
6 40 165
40 6 165
6 37 289
37 6 289
6 41 985
41 6 985
6 9 928
9 6 928
7 9 283
9 7 283
7 12 29
12 7 29
7 14 81
14 7 81
7 23 376
23 7 376
7 25 302
25 7 302
7 50 744
50 7 744
7 44 242
44 7 242
7 29 7
29 7 7
7 22 346
22 7 346
7 46 607
46 7 607
8 10 914
10 8 914
8 15 436
15 8 436
8 38 255
38 8 255
8 37 73
37 8 73
8 29 44
29 8 44
8 50 442
50 8 442
8 45 707
45 8 707
8 21 296
21 8 296
8 37 722
37 8 722
9 11 598
11 9 598
9 25 471
25 9 471
9 29 103
29 9 103
9 45 838
45 9 838
9 31 193
31 9 193
9 16 862
16 9 862
9 25 827
25 9 827
9 18 421
18 9 421
9 37 22
37 9 22
9 20 481
20 9 481
9 47 576
47 9 576
9 39 162
39 9 162
9 46 514
46 9 514
9 15 118
15 9 118
9 17 226
17 9 226
9 11 577
11 9 577
10 13 67
13 10 67
10 20 655
20 10 655
10 36 725
36 10 725
10 39 513
39 10 513
10 47 605
47 10 605
10 51 105
51 10 105
10 45 61
45 10 61
10 14 631
14 10 631
10 51 947
51 10 947
10 35 242
35 10 242
11 22 89
22 11 89
11 31 39
31 11 39
11 40 521
40 11 521
11 30 706
30 11 706
11 15 118
15 11 118
11 19 675
19 11 675
11 26 753
26 11 753
11 23 792
23 11 792
11 18 85
18 11 85
11 44 191
44 11 191
12 30 761
30 12 761
12 40 904
40 12 904
12 47 396
47 12 396
12 23 594
23 12 594
12 48 475
48 12 475
12 14 429
14 12 429
12 50 701
50 12 701
12 26 958
26 12 958
12 27 589
27 12 589
12 14 365
14 12 365
12 36 127
36 12 127
12 17 31
17 12 31
13 19 694
19 13 694
13 33 617
33 13 617
13 51 332
51 13 332
13 45 671
45 13 671
13 51 598
51 13 598
13 34 221
34 13 221
13 39 671
39 13 671
13 37 549
37 13 549
14 41 199
41 14 199
14 47 93
47 14 93
14 48 143
48 14 143
14 22 268
22 14 268
14 31 561
31 14 561
14 27 401
27 14 401
15 18 713
18 15 713
15 47 768
47 15 768
15 43 656
43 15 656
15 33 620
33 15 620
15 45 50
45 15 50
15 32 278
32 15 278
15 25 316
25 15 316
15 27 580
27 15 580
16 34 315
34 16 315
16 24 657
24 16 657
16 47 439
47 16 439
16 47 687
47 16 687
17 38 762
38 17 762
17 50 101
50 17 101
17 32 613
32 17 613
17 48 655
48 17 655
17 48 537
48 17 537
17 31 888
31 17 888
17 27 397
27 17 397
17 29 782
29 17 782
17 36 857
36 17 857
18 21 222
21 18 222
18 38 625
38 18 625
18 33 605
33 18 605
18 50 374
50 18 374
19 40 760
40 19 760
19 38 675
38 19 675
19 26 751
26 19 751
19 40 933
40 19 933
19 27 998
27 19 998
20 24 307
24 20 307
20 36 393
36 20 393
20 39 36
39 20 36
20 30 173
30 20 173
21 42 744
42 21 744
21 48 770
48 21 770
21 35 295
35 21 295
21 37 307
37 21 307
21 47 128
47 21 128
21 43 671
43 21 671
21 50 395
50 21 395
21 48 444
48 21 444
21 33 373
33 21 373
21 47 677
47 21 677
21 48 168
48 21 168
21 44 243
44 21 243
22 24 66
24 22 66
22 45 657
45 22 657
22 48 660
48 22 660
23 48 882
48 23 882
23 34 599
34 23 599
23 28 893
28 23 893
23 42 331
42 23 331
23 46 93
46 23 93
24 29 399
29 24 399
24 29 544
29 24 544
24 50 143
50 24 143
24 41 860
41 24 860
24 40 475
40 24 475
24 38 105
38 24 105
24 43 462
43 24 462
24 48 418
48 24 418
25 26 889
26 25 889
25 32 310
32 25 310
25 26 999
26 25 999
25 43 871
43 25 871
25 30 942
30 25 942
25 40 332
40 25 332
25 28 323
28 25 323
26 35 947
35 26 947
26 50 79
50 26 79
26 51 151
51 26 151
26 28 865
28 26 865
26 50 961
50 26 961
27 46 892
46 27 892
27 42 5
42 27 5
27 49 861
49 27 861
27 47 350
47 27 350
27 48 669
48 27 669
28 36 819
36 28 819
28 32 356
32 28 356
28 46 177
46 28 177
28 40 321
40 28 321
28 34 103
34 28 103
29 50 532
50 29 532
29 33 283
33 29 283
29 31 598
31 29 598
30 50 748
50 30 748
30 41 804
41 30 804
30 35 562
35 30 562
30 49 83
49 30 83
30 42 344
42 30 344
31 47 191
47 31 191
31 47 719
47 31 719
31 36 378
36 31 378
31 35 936
35 31 936
31 32 265
32 31 265
31 46 708
46 31 708
31 45 717
45 31 717
31 38 1
38 31 1
32 51 269
51 32 269
32 32 906
32 32 906
32 41 454
41 32 454
33 33 876
33 33 876
34 41 294
41 34 294
34 46 971
46 34 971
34 36 45
36 34 45
34 44 346
44 34 346
34 45 364
45 34 364
35 39 640
39 35 640
35 50 602
50 35 602
35 42 574
42 35 574
36 37 800
37 36 800
36 46 851
46 36 851
36 48 905
48 36 905
36 40 890
40 36 890
36 37 565
37 36 565
37 39 718
39 37 718
38 42 993
42 38 993
38 39 30
39 38 30
39 49 396
49 39 396
40 43 820
43 40 820
40 50 760
50 40 760
41 43 8
43 41 8
41 44 5
44 41 5
41 48 681
48 41 681
41 41 865
41 41 865
43 48 995
48 43 995
43 48 734
48 43 734
43 46 527
46 43 527
44 47 941
47 44 941
45 51 386
51 45 386
45 48 486
48 45 486
46 48 443
48 46 443
46 46 220
46 46 220
47 48 212
48 47 212
48 49 597
49 48 597
48 50 924
50 48 924
49 51 552
51 49 552
