37

0 1 22
1 0 22
0 2 604
2 0 604
0 6 842
6 0 842
0 7 143
7 0 143
1 3 742
3 1 742
1 9 672
9 1 672
2 4 80
4 2 80
2 17 707
17 2 707
3 11 358
11 3 358
3 19 317
19 3 317
3 16 8
16 3 8
3 24 776
24 3 776
4 5 157
5 4 157
5 8 26
8 5 26
6 15 751
15 6 751
6 21 424
21 6 424
6 34 371
34 6 371
7 16 28
16 7 28
8 35 514
35 8 514
9 10 530
10 9 530
9 12 919
12 9 919
9 24 797
24 9 797
9 36 545
36 9 545
11 13 861
13 11 861
12 14 894
14 12 894
12 31 623
31 12 623
13 27 976
27 13 976
13 28 194
28 13 194
14 25 208
25 14 208
14 26 972
26 14 972
15 18 18
18 15 18
16 20 524
20 16 524
17 23 846
23 17 846
17 31 876
31 17 876
18 32 184
32 18 184
19 22 788
22 19 788
20 28 672
28 20 672
22 26 108
26 22 108
24 26 987
26 24 987
25 28 923
28 25 923
26 33 751
33 26 751
28 29 533
29 28 533
29 30 616
30 29 616
