60

0 1 495
1 0 495
0 2 286
2 0 286
0 3 707
3 0 707
0 19 347
19 0 347
0 44 485
44 0 485
0 4 796
4 0 796
0 42 909
42 0 909
0 26 867
26 0 867
0 24 7
24 0 7
0 44 278
44 0 278
0 34 16
34 0 16
0 3 660
3 0 660
0 40 577
40 0 577
0 54 385
54 0 385
0 29 362
29 0 362
0 13 262
13 0 262
1 4 279
4 1 279
1 25 624
25 1 624
1 16 70
16 1 70
1 43 715
43 1 715
1 26 222
26 1 222
1 57 170
57 1 170
1 15 970
15 1 970
1 16 924
16 1 924
1 8 145
8 1 145
1 51 508
51 1 508
1 31 815
31 1 815
1 9 618
9 1 618
2 5 498
5 2 498
2 6 429
6 2 429
2 31 261
31 2 261
2 50 121
50 2 121
2 55 948
55 2 948
2 36 881
36 2 881
2 35 712
35 2 712
2 36 760
36 2 760
2 53 167
53 2 167
2 49 896
49 2 896
2 21 124
21 2 124
2 48 498
48 2 498
2 20 953
20 2 953
2 8 259
8 2 259
2 41 172
41 2 172
3 7 751
7 3 751
3 36 766
36 3 766
3 51 433
51 3 433
3 8 394
8 3 394
3 21 222
21 3 222
3 6 612
6 3 612
3 33 615
33 3 615
3 54 119
54 3 119
3 42 119
42 3 119
3 25 868
25 3 868
3 38 924
38 3 924
4 29 262
29 4 262
4 55 201
55 4 201
4 52 427
52 4 427
4 33 672
33 4 672
4 55 102
55 4 102
4 30 334
30 4 334
4 45 407
45 4 407
4 22 353
22 4 353
4 52 57
52 4 57
4 43 394
43 4 394
5 8 309
8 5 309
5 9 850
9 5 850
5 24 541
24 5 541
5 30 342
30 5 342
5 59 235
59 5 235
5 8 380
8 5 380
5 16 231
16 5 231
5 7 813
7 5 813
5 38 315
38 5 315
5 41 853
41 5 853
5 55 913
55 5 913
6 10 713
10 6 713
6 15 97
15 6 97
6 52 880
52 6 880
6 8 445
8 6 445
7 37 680
37 7 680
7 19 337
19 7 337
7 37 901
37 7 901
7 9 92
9 7 92
8 20 429
20 8 429
8 47 291
47 8 291
8 32 800
32 8 800
8 50 412
50 8 412
8 15 445
15 8 445
8 51 625
51 8 625
8 34 466
34 8 466
9 11 949
11 9 949
9 22 918
22 9 918
9 31 776
31 9 776
9 36 726
36 9 726
9 14 647
14 9 647
9 29 50
29 9 50
9 18 425
18 9 425
9 49 883
49 9 883
9 12 440
12 9 440
9 28 125
28 9 125
9 53 641
53 9 641
10 13 650
13 10 650
10 18 163
18 10 163
10 43 615
43 10 615
10 26 463
26 10 463
10 30 852
30 10 852
10 17 341
17 10 341
10 28 230
28 10 230
10 30 666
30 10 666
10 27 312
27 10 312
10 30 173
30 10 173
11 12 514
12 11 514
11 40 271
40 11 271
11 37 89
37 11 89
11 55 617
55 11 617
11 26 930
26 11 930
11 54 563
54 11 563
11 36 189
36 11 189
11 57 732
57 11 732
12 14 806
14 12 806
12 16 140
16 12 140
12 58 695
58 12 695
12 29 284
29 12 284
12 51 88
51 12 88
13 23 133
23 13 133
13 42 216
42 13 216
13 37 582
37 13 582
13 40 773
40 13 773
14 21 367
21 14 367
14 30 655
30 14 655
14 57 551
57 14 551
14 32 947
32 14 947
14 41 924
41 14 924
14 24 303
24 14 303
14 20 976
20 14 976
14 47 771
47 14 771
15 17 138
17 15 138
15 55 876
55 15 876
15 20 485
20 15 485
15 25 827
25 15 827
15 18 245
18 15 245
16 35 550
35 16 550
16 40 35
40 16 35
16 43 385
43 16 385
16 27 862
27 16 862
16 55 327
55 16 327
16 23 850
23 16 850
16 59 390
59 16 390
16 28 581
28 16 581
16 52 398
52 16 398
17 28 576
28 17 576
17 21 529
21 17 529
17 33 1
33 17 1
17 59 611
59 17 611
18 49 487
49 18 487
18 34 379
34 18 379
18 22 439
22 18 439
18 25 901
25 18 901
18 29 565
29 18 565
18 39 49
39 18 49
18 52 537
52 18 537
18 21 593
21 18 593
18 59 544
59 18 544
18 32 62
32 18 62
19 54 835
54 19 835
19 45 916
45 19 916
19 52 493
52 19 493
19 20 623
20 19 623
19 33 226
33 19 226
20 26 734
26 20 734
20 32 340
32 20 340
20 33 117
33 20 117
20 41 373
41 20 373
20 56 588
56 20 588
20 26 780
26 20 780
20 56 689
56 20 689
21 27 376
27 21 376
21 45 581
45 21 581
21 59 675
59 21 675
21 23 256
23 21 256
21 44 290
44 21 290
22 39 223
39 22 223
22 36 263
36 22 263
22 26 377
26 22 377
22 53 411
53 22 411
22 57 41
57 22 41
22 53 471
53 22 471
22 38 435
38 22 435
22 35 444
35 22 444
22 54 334
54 22 334
22 59 986
59 22 986
23 34 809
34 23 809
23 45 555
45 23 555
23 53 978
53 23 978
23 27 236
27 23 236
23 35 705
35 23 705
23 32 15
32 23 15
23 40 302
40 23 302
24 50 267
50 24 267
24 26 504
26 24 504
25 38 701
38 25 701
25 39 738
39 25 738
25 37 326
37 25 326
25 38 223
38 25 223
26 27 970
27 26 970
26 36 276
36 26 276
27 46 205
46 27 205
27 49 286
49 27 286
27 51 22
51 27 22
27 35 241
35 27 241
27 35 238
35 27 238
28 55 716
55 28 716
28 38 834
38 28 834
28 39 805
39 28 805
28 44 79
44 28 79
28 38 285
38 28 285
28 56 404
56 28 404
29 59 839
59 29 839
29 33 374
33 29 374
29 51 696
51 29 696
29 42 924
42 29 924
29 48 20
48 29 20
29 29 646
29 29 646
29 44 799
44 29 799
30 40 780
40 30 780
30 31 450
31 30 450
30 36 167
36 30 167
30 59 317
59 30 317
31 36 225
36 31 225
31 50 697
50 31 697
32 48 973
48 32 973
32 36 871
36 32 871
32 58 430
58 32 430
32 44 881
44 32 881
32 55 925
55 32 925
32 54 926
54 32 926
32 54 730
54 32 730
32 52 24
52 32 24
32 42 127
42 32 127
32 45 487
45 32 487
33 39 737
39 33 737
33 37 276
37 33 276
33 59 768
59 33 768
34 42 618
42 34 618
34 41 145
41 34 145
34 49 286
49 34 286
34 37 343
37 34 343
34 43 254
43 34 254
35 51 548
51 35 548
35 53 45
53 35 45
35 47 406
47 35 406
35 59 383
59 35 383
35 49 173
49 35 173
36 58 733
58 36 733
36 36 917
36 36 917
36 39 580
39 36 580
36 38 71
38 36 71
37 40 781
40 37 781
37 38 152
38 37 152
37 53 821
53 37 821
37 51 609
51 37 609
37 54 332
54 37 332
38 52 123
52 38 123
38 57 148
57 38 148
38 56 610
56 38 610
39 53 744
53 39 744
39 54 771
54 39 771
39 57 157
57 39 157
40 48 989
48 40 989
40 54 817
54 40 817
40 47 798
47 40 798
41 53 544
53 41 544
42 45 481
45 42 481
42 44 403
44 42 403
42 53 389
53 42 389
43 56 89
56 43 89
44 50 395
50 44 395
44 53 958
53 44 958
44 57 319
57 44 319
44 45 728
45 44 728
44 59 698
59 44 698
44 46 38
46 44 38
44 45 531
45 44 531
45 49 320
49 45 320
46 59 875
59 46 875
46 55 323
55 46 323
47 51 491
51 47 491
47 49 996
49 47 996
48 50 77
50 48 77
48 55 240
55 48 240
48 49 271
49 48 271
49 58 950
58 49 950
50 55 260
55 50 260
51 55 914
55 51 914
52 53 372
53 52 372
52 59 228
59 52 228
55 58 587
58 55 587
56 56 2
56 56 2
