89

0 1 847
1 0 847
0 2 405
2 0 405
0 4 942
4 0 942
0 10 282
10 0 282
0 10 145
10 0 145
0 21 296
21 0 296
0 73 575
73 0 575
0 32 371
32 0 371
0 80 717
80 0 717
0 79 227
79 0 227
1 3 865
3 1 865
1 6 880
6 1 880
1 9 788
9 1 788
1 16 855
16 1 855
1 17 173
17 1 173
1 71 3
71 1 3
1 16 608
16 1 608
1 20 11
20 1 11
1 65 726
65 1 726
1 30 845
30 1 845
1 19 750
19 1 750
1 8 359
8 1 359
1 6 981
6 1 981
1 4 519
4 1 519
1 64 293
64 1 293
1 33 944
33 1 944
1 71 436
71 1 436
2 11 182
11 2 182
2 21 259
21 2 259
2 26 32
26 2 32
2 29 340
29 2 340
2 39 328
39 2 328
2 22 858
22 2 858
2 36 562
36 2 562
2 23 874
23 2 874
2 46 739
46 2 739
2 22 521
22 2 521
2 15 73
15 2 73
3 5 752
5 3 752
3 7 741
7 3 741
3 25 635
25 3 635
3 51 411
51 3 411
3 12 373
12 3 373
3 12 184
12 3 184
3 45 452
45 3 452
3 11 217
11 3 217
3 88 793
88 3 793
3 86 26
86 3 26
3 28 297
28 3 297
4 13 387
13 4 387
4 20 825
20 4 825
4 39 617
39 4 617
4 75 187
75 4 187
4 62 827
62 4 827
4 75 421
75 4 421
4 38 313
38 4 313
4 31 804
31 4 804
4 20 576
20 4 576
5 12 343
12 5 343
5 14 253
14 5 253
5 51 456
51 5 456
5 66 508
66 5 508
5 38 480
38 5 480
5 30 339
30 5 339
5 88 826
88 5 826
5 65 482
65 5 482
5 67 398
67 5 398
5 50 728
50 5 728
5 62 278
62 5 278
6 18 392
18 6 392
6 57 684
57 6 684
6 51 567
51 6 567
6 12 436
12 6 436
6 80 140
80 6 140
6 17 528
17 6 528
6 27 405
27 6 405
6 16 730
16 6 730
6 40 295
40 6 295
6 24 132
24 6 132
6 30 370
30 6 370
6 67 306
67 6 306
7 8 721
8 7 721
7 60 646
60 7 646
7 29 460
29 7 460
7 30 850
30 7 850
7 63 1
63 7 1
7 32 804
32 7 804
7 70 516
70 7 516
7 50 778
50 7 778
8 15 895
15 8 895
8 34 769
34 8 769
8 66 164
66 8 164
8 64 763
64 8 763
8 38 130
38 8 130
8 41 777
41 8 777
8 23 341
23 8 341
9 28 41
28 9 41
9 43 857
43 9 857
9 55 237
55 9 237
9 52 576
52 9 576
9 18 992
18 9 992
9 36 818
36 9 818
9 59 682
59 9 682
10 19 265
19 10 265
10 22 878
22 10 878
10 24 805
24 10 805
10 35 337
35 10 337
10 70 780
70 10 780
10 81 254
81 10 254
10 86 810
86 10 810
10 68 930
68 10 930
10 81 371
81 10 371
10 86 31
86 10 31
10 27 618
27 10 618
11 34 715
34 11 715
11 29 9
29 11 9
11 57 275
57 11 275
11 79 477
79 11 477
11 14 779
14 11 779
11 15 418
15 11 418
11 71 622
71 11 622
11 66 216
66 11 216
12 22 403
22 12 403
12 37 43
37 12 43
12 41 261
41 12 261
12 87 780
87 12 780
13 33 421
33 13 421
13 27 956
27 13 956
13 76 250
76 13 250
13 50 775
50 13 775
13 59 411
59 13 411
13 26 988
26 13 988
13 66 519
66 13 519
13 76 262
76 13 262
13 63 931
63 13 931
13 16 452
16 13 452
13 73 137
73 13 137
13 59 36
59 13 36
14 44 88
44 14 88
14 42 825
42 14 825
14 41 147
41 14 147
14 82 896
82 14 896
14 28 928
28 14 928
14 61 796
61 14 796
14 46 199
46 14 199
14 32 343
32 14 343
15 74 968
74 15 968
15 67 298
67 15 298
15 60 50
60 15 50
15 74 229
74 15 229
15 81 874
81 15 874
15 45 341
45 15 341
16 79 149
79 16 149
16 36 702
36 16 702
16 65 723
65 16 723
16 74 492
74 16 492
16 48 48
48 16 48
16 35 725
35 16 725
16 53 688
53 16 688
16 82 55
82 16 55
16 44 824
44 16 824
16 54 377
54 16 377
17 86 532
86 17 532
17 70 320
70 17 320
17 88 523
88 17 523
18 36 1
36 18 1
18 62 198
62 18 198
18 85 634
85 18 634
18 54 37
54 18 37
18 46 759
46 18 759
18 32 597
32 18 597
18 29 404
29 18 404
18 40 19
40 18 19
18 66 203
66 18 203
18 73 189
73 18 189
18 34 913
34 18 913
18 32 704
32 18 704
19 27 986
27 19 986
19 42 471
42 19 471
19 87 307
87 19 307
19 57 658
57 19 658
19 44 537
44 19 537
19 80 553
80 19 553
19 79 824
79 19 824
19 68 877
68 19 877
20 23 36
23 20 36
20 87 867
87 20 867
20 66 211
66 20 211
20 74 478
74 20 478
20 68 877
68 20 877
20 28 822
28 20 822
20 62 915
62 20 915
20 88 795
88 20 795
20 84 243
84 20 243
21 68 654
68 21 654
21 55 251
55 21 251
21 23 718
23 21 718
21 21 268
21 21 268
21 28 926
28 21 926
21 62 425
62 21 425
21 33 584
33 21 584
21 68 777
68 21 777
21 76 665
76 21 665
22 30 559
30 22 559
22 31 123
31 22 123
22 32 255
32 22 255
22 29 30
29 22 30
22 84 845
84 22 845
22 63 753
63 22 753
22 41 28
41 22 28
22 81 883
81 22 883
22 43 502
43 22 502
22 54 65
54 22 65
22 68 349
68 22 349
22 80 6
80 22 6
23 65 837
65 23 837
23 65 549
65 23 549
23 42 649
42 23 649
23 74 319
74 23 319
23 73 411
73 23 411
23 55 251
55 23 251
23 84 932
84 23 932
23 26 794
26 23 794
24 79 461
79 24 461
24 36 859
36 24 859
24 43 883
43 24 883
24 80 921
80 24 921
24 69 138
69 24 138
24 35 747
35 24 747
25 78 644
78 25 644
25 77 212
77 25 212
25 29 215
29 25 215
25 27 919
27 25 919
25 86 412
86 25 412
25 67 160
67 25 160
25 51 366
51 25 366
26 49 952
49 26 952
26 75 781
75 26 781
26 47 356
47 26 356
26 64 294
64 26 294
26 58 956
58 26 956
26 29 836
29 26 836
26 67 739
67 26 739
27 53 958
53 27 958
27 64 810
64 27 810
27 53 793
53 27 793
27 78 594
78 27 594
27 84 106
84 27 106
28 48 576
48 28 576
28 60 962
60 28 962
28 63 675
63 28 675
28 32 295
32 28 295
28 52 952
52 28 952
28 85 744
85 28 744
28 53 363
53 28 363
28 44 610
44 28 610
28 34 953
34 28 953
29 84 271
84 29 271
29 56 207
56 29 207
29 71 513
71 29 513
29 82 837
82 29 837
30 76 427
76 30 427
30 44 138
44 30 138
30 65 696
65 30 696
30 65 830
65 30 830
30 66 370
66 30 370
30 79 170
79 30 170
31 40 297
40 31 297
31 50 460
50 31 460
31 53 851
53 31 851
31 62 533
62 31 533
31 51 289
51 31 289
31 60 198
60 31 198
32 46 915
46 32 915
32 54 205
54 32 205
32 39 28
39 32 28
32 37 842
37 32 842
32 35 782
35 32 782
33 56 643
56 33 643
33 61 948
61 33 948
33 68 910
68 33 910
33 76 535
76 33 535
33 88 320
88 33 320
33 86 327
86 33 327
34 37 561
37 34 561
34 63 937
63 34 937
34 84 436
84 34 436
34 48 660
48 34 660
34 84 135
84 34 135
34 53 948
53 34 948
34 45 190
45 34 190
34 64 897
64 34 897
35 38 202
38 35 202
35 41 16
41 35 16
35 69 283
69 35 283
35 47 590
47 35 590
35 36 61
36 35 61
35 58 917
58 35 917
35 81 489
81 35 489
35 41 48
41 35 48
35 70 151
70 35 151
35 63 525
63 35 525
36 63 419
63 36 419
36 43 660
43 36 660
36 44 955
44 36 955
36 39 399
39 36 399
36 87 388
87 36 388
36 48 969
48 36 969
36 55 468
55 36 468
36 88 868
88 36 868
36 41 997
41 36 997
37 56 874
56 37 874
37 61 776
61 37 776
37 61 460
61 37 460
37 70 961
70 37 961
37 81 860
81 37 860
37 67 162
67 37 162
37 37 969
37 37 969
37 52 192
52 37 192
38 47 736
47 38 736
38 53 202
53 38 202
38 43 404
43 38 404
38 59 435
59 38 435
38 51 936
51 38 936
38 42 683
42 38 683
38 44 618
44 38 618
39 69 142
69 39 142
39 51 256
51 39 256
39 63 532
63 39 532
39 84 570
84 39 570
39 55 95
55 39 95
40 54 511
54 40 511
40 67 188
67 40 188
40 63 940
63 40 940
40 84 925
84 40 925
40 69 145
69 40 145
40 76 705
76 40 705
40 58 340
58 40 340
40 77 379
77 40 379
40 47 596
47 40 596
40 46 22
46 40 22
40 74 728
74 40 728
40 65 551
65 40 551
41 54 825
54 41 825
41 71 257
71 41 257
42 44 79
44 42 79
42 47 374
47 42 374
42 73 941
73 42 941
42 86 81
86 42 81
42 81 450
81 42 450
42 65 137
65 42 137
42 59 634
59 42 634
42 75 824
75 42 824
42 77 576
77 42 576
42 44 95
44 42 95
43 52 693
52 43 693
43 58 830
58 43 830
43 75 606
75 43 606
43 67 959
67 43 959
43 75 921
75 43 921
43 51 721
51 43 721
43 59 311
59 43 311
43 66 696
66 43 696
43 51 558
51 43 558
44 45 820
45 44 820
44 68 747
68 44 747
44 72 739
72 44 739
44 61 25
61 44 25
44 66 743
66 44 743
44 84 755
84 44 755
44 86 351
86 44 351
44 85 113
85 44 113
44 53 911
53 44 911
44 61 895
61 44 895
44 88 150
88 44 150
45 56 754
56 45 754
45 67 677
67 45 677
45 82 726
82 45 726
45 62 458
62 45 458
45 65 566
65 45 566
46 86 298
86 46 298
46 74 692
74 46 692
46 49 732
49 46 732
46 88 223
88 46 223
46 74 659
74 46 659
47 69 228
69 47 228
47 85 628
85 47 628
47 65 150
65 47 150
47 73 755
73 47 755
47 88 861
88 47 861
47 48 271
48 47 271
48 77 732
77 48 732
48 66 336
66 48 336
48 67 741
67 48 741
49 67 997
67 49 997
49 80 744
80 49 744
49 53 569
53 49 569
50 76 923
76 50 923
50 58 745
58 50 745
50 80 74
80 50 74
50 86 145
86 50 145
50 75 189
75 50 189
50 80 88
80 50 88
50 65 441
65 50 441
50 64 897
64 50 897
50 84 78
84 50 78
50 61 252
61 50 252
50 65 711
65 50 711
51 86 867
86 51 867
51 56 438
56 51 438
51 59 75
59 51 75
52 66 654
66 52 654
52 57 557
57 52 557
52 76 966
76 52 966
53 74 894
74 53 894
53 79 291
79 53 291
53 55 485
55 53 485
53 58 845
58 53 845
53 58 860
58 53 860
53 70 384
70 53 384
53 78 759
78 53 759
54 77 304
77 54 304
54 57 642
57 54 642
54 86 108
86 54 108
54 88 436
88 54 436
55 61 624
61 55 624
55 84 299
84 55 299
55 68 818
68 55 818
56 79 28
79 56 28
56 84 326
84 56 326
56 66 547
66 56 547
57 64 44
64 57 44
57 84 586
84 57 586
57 78 191
78 57 191
58 59 333
59 58 333
59 67 695
67 59 695
59 81 230
81 59 230
59 76 148
76 59 148
59 81 645
81 59 645
60 70 821
70 60 821
60 81 418
81 60 418
60 64 589
64 60 589
60 62 724
62 60 724
60 88 930
88 60 930
61 88 951
88 61 951
61 71 594
71 61 594
62 83 494
83 62 494
62 64 193
64 62 193
62 64 563
64 62 563
62 83 841
83 62 841
63 87 38
87 63 38
63 78 613
78 63 613
65 80 197
80 65 197
65 83 734
83 65 734
65 84 954
84 65 954
65 67 276
67 65 276
65 76 188
76 65 188
65 74 750
74 65 750
65 85 335
85 65 335
65 83 439
83 65 439
66 70 953
70 66 953
66 81 49
81 66 49
66 88 199
88 66 199
67 84 217
84 67 217
68 71 104
71 68 104
68 87 187
87 68 187
68 70 78
70 68 78
68 76 839
76 68 839
69 70 424
70 69 424
69 77 722
77 69 722
70 80 652
80 70 652
70 74 255
74 70 255
70 83 328
83 70 328
72 78 384
78 72 384
72 84 635
84 72 635
73 84 911
84 73 911
73 75 364
75 73 364
74 82 120
82 74 120
74 85 856
85 74 856
74 75 831
75 74 831
75 82 241
82 75 241
75 79 208
79 75 208
76 86 575
86 76 575
76 78 530
78 76 530
77 80 928
80 77 928
78 81 235
81 78 235
79 88 530
88 79 530
79 86 707
86 79 707
83 85 388
85 83 388
85 87 715
87 85 715
