84

0 1 96
1 0 96
0 2 437
2 0 437
0 10 994
10 0 994
0 44 248
44 0 248
0 40 635
40 0 635
1 6 405
6 1 405
1 9 209
9 1 209
1 17 804
17 1 804
1 57 185
57 1 185
1 49 173
49 1 173
1 20 16
20 1 16
1 23 703
23 1 703
1 52 96
52 1 96
2 3 379
3 2 379
2 4 392
4 2 392
2 5 696
5 2 696
2 8 424
8 2 424
2 23 380
23 2 380
2 63 913
63 2 913
2 71 486
71 2 486
2 64 321
64 2 321
2 18 527
18 2 527
2 33 689
33 2 689
3 7 583
7 3 583
3 22 428
22 3 428
3 26 211
26 3 211
3 35 225
35 3 225
3 42 481
42 3 481
3 5 54
5 3 54
4 36 415
36 4 415
4 69 516
69 4 516
4 78 834
78 4 834
4 60 271
60 4 271
5 53 845
53 5 845
5 46 982
46 5 982
5 48 685
48 5 685
5 78 858
78 5 858
5 51 498
51 5 498
5 49 932
49 5 932
5 20 897
20 5 897
5 68 940
68 5 940
6 11 154
11 6 154
6 12 112
12 6 112
6 18 739
18 6 739
6 44 849
44 6 849
6 65 30
65 6 30
6 38 970
38 6 970
7 30 644
30 7 644
7 33 948
33 7 948
7 34 707
34 7 707
7 49 408
49 7 408
8 15 665
15 8 665
8 48 208
48 8 208
8 34 909
34 8 909
8 43 872
43 8 872
8 21 187
21 8 187
8 77 270
77 8 270
9 25 75
25 9 75
9 28 353
28 9 353
9 37 119
37 9 119
9 66 52
66 9 52
10 52 688
52 10 688
10 12 21
12 10 21
11 56 826
56 11 826
11 62 499
62 11 499
12 13 78
13 12 78
12 14 742
14 12 742
12 32 167
32 12 167
12 57 124
57 12 124
12 22 198
22 12 198
13 16 13
16 13 13
13 41 202
41 13 202
13 65 717
65 13 717
13 71 174
71 13 174
13 56 445
56 13 445
13 66 494
66 13 494
14 47 733
47 14 733
14 26 712
26 14 712
14 34 179
34 14 179
14 74 782
74 14 782
14 71 602
71 14 602
15 20 290
20 15 290
15 27 780
27 15 780
15 45 651
45 15 651
16 21 825
21 16 825
16 75 875
75 16 875
16 27 195
27 16 195
17 19 733
19 17 733
17 50 440
50 17 440
17 55 119
55 17 119
17 62 225
62 17 225
17 74 547
74 17 547
17 70 54
70 17 54
17 52 143
52 17 143
18 73 319
73 18 319
18 66 65
66 18 65
19 24 423
24 19 423
19 31 635
31 19 635
19 58 374
58 19 374
19 71 556
71 19 556
19 72 557
72 19 557
19 49 134
49 19 134
20 54 396
54 20 396
22 65 833
65 22 833
22 67 492
67 22 492
22 75 927
75 22 927
22 73 179
73 22 179
23 44 337
44 23 337
23 51 748
51 23 748
23 68 515
68 23 515
24 36 150
36 24 150
24 28 636
28 24 636
25 77 542
77 25 542
25 44 620
44 25 620
25 60 60
60 25 60
25 77 530
77 25 530
26 29 86
29 26 86
27 38 297
38 27 297
27 83 324
83 27 324
28 53 835
53 28 835
29 40 161
40 29 161
29 75 648
75 29 648
29 51 795
51 29 795
30 65 470
65 30 470
30 66 904
66 30 904
30 62 145
62 30 145
31 57 72
57 31 72
31 80 13
80 31 13
32 37 486
37 32 486
33 51 490
51 33 490
33 63 859
63 33 859
34 43 511
43 34 511
35 39 160
39 35 160
35 77 737
77 35 737
35 80 321
80 35 321
36 69 228
69 36 228
38 51 133
51 38 133
38 73 229
73 38 229
38 52 852
52 38 852
39 54 613
54 39 613
39 80 790
80 39 790
39 39 729
39 39 729
40 46 228
46 40 228
41 73 98
73 41 98
41 66 707
66 41 707
41 54 276
54 41 276
41 76 709
76 41 709
42 75 797
75 42 797
43 60 709
60 43 709
43 69 329
69 43 329
43 79 173
79 43 173
43 82 828
82 43 828
44 49 389
49 44 389
44 56 963
56 44 963
44 61 937
61 44 937
44 80 465
80 44 465
44 67 591
67 44 591
44 53 741
53 44 741
44 57 679
57 44 679
46 76 978
76 46 978
47 70 574
70 47 574
47 74 4
74 47 4
47 62 299
62 47 299
47 50 582
50 47 582
49 62 578
62 49 578
50 73 571
73 50 571
51 74 52
74 51 52
52 59 642
59 52 642
52 79 182
79 52 182
52 72 646
72 52 646
52 68 412
68 52 412
52 69 310
69 52 310
54 55 875
55 54 875
54 83 666
83 54 666
56 68 553
68 56 553
56 77 486
77 56 486
57 72 690
72 57 690
57 78 632
78 57 632
57 67 799
67 57 799
58 78 937
78 58 937
59 78 24
78 59 24
59 83 331
83 59 331
62 64 432
64 62 432
66 75 154
75 66 154
69 78 438
78 69 438
70 76 287
76 70 287
70 82 191
82 70 191
71 81 572
81 71 572
72 81 84
81 72 84
72 83 504
83 72 504
73 79 574
79 73 574
78 83 274
83 78 274
