95

0 1 904
1 0 904
0 2 730
2 0 730
0 3 756
3 0 756
0 17 111
17 0 111
0 45 745
45 0 745
0 35 333
35 0 333
0 55 283
55 0 283
0 87 580
87 0 580
0 50 582
50 0 582
0 17 527
17 0 527
0 94 946
94 0 946
1 10 822
10 1 822
1 18 302
18 1 302
1 71 397
71 1 397
1 39 250
39 1 250
1 25 649
25 1 649
1 73 878
73 1 878
1 78 641
78 1 641
1 13 951
13 1 951
1 41 734
41 1 734
1 48 844
48 1 844
1 60 306
60 1 306
1 78 170
78 1 170
1 3 493
3 1 493
1 90 990
90 1 990
2 4 772
4 2 772
2 6 629
6 2 629
2 18 155
18 2 155
2 20 953
20 2 953
2 55 917
55 2 917
2 38 557
38 2 557
2 51 123
51 2 123
2 58 898
58 2 898
2 28 250
28 2 250
2 54 443
54 2 443
2 4 657
4 2 657
2 40 558
40 2 558
2 34 513
34 2 513
2 17 349
17 2 349
2 50 208
50 2 208
2 76 79
76 2 79
2 36 7
36 2 7
2 60 952
60 2 952
2 47 975
47 2 975
2 31 534
31 2 534
3 5 659
5 3 659
3 11 1
11 3 1
3 14 61
14 3 61
3 48 811
48 3 811
3 87 209
87 3 209
3 64 133
64 3 133
3 8 841
8 3 841
3 84 880
84 3 880
3 92 180
92 3 180
3 32 573
32 3 573
3 86 845
86 3 845
3 73 22
73 3 22
3 34 754
34 3 754
3 35 837
35 3 837
3 8 436
8 3 436
3 6 142
6 3 142
3 28 783
28 3 783
4 15 468
15 4 468
4 38 915
38 4 915
4 45 957
45 4 957
4 47 519
47 4 519
4 14 205
14 4 205
4 28 637
28 4 637
4 68 406
68 4 406
4 36 393
36 4 393
4 45 75
45 4 75
4 47 22
47 4 22
4 77 289
77 4 289
4 61 733
61 4 733
4 67 350
67 4 350
4 31 72
31 4 72
4 89 858
89 4 858
4 31 118
31 4 118
4 73 49
73 4 49
4 31 538
31 4 538
4 71 352
71 4 352
4 60 556
60 4 556
4 88 130
88 4 130
5 7 907
7 5 907
5 9 470
9 5 470
5 13 207
13 5 207
5 54 442
54 5 442
5 68 30
68 5 30
5 90 42
90 5 42
5 46 817
46 5 817
5 22 303
22 5 303
5 64 34
64 5 34
5 72 321
72 5 321
5 73 521
73 5 521
5 11 682
11 5 682
5 35 895
35 5 895
5 29 25
29 5 25
5 42 507
42 5 507
5 82 725
82 5 725
5 14 432
14 5 432
5 56 708
56 5 708
6 8 177
8 6 177
6 60 103
60 6 103
6 61 202
61 6 202
6 63 940
63 6 940
6 54 576
54 6 576
6 48 77
48 6 77
6 25 723
25 6 723
6 49 729
49 6 729
6 73 532
73 6 532
6 12 699
12 6 699
6 52 872
52 6 872
7 24 534
24 7 534
7 26 99
26 7 99
7 39 564
39 7 564
7 43 366
43 7 366
7 27 883
27 7 883
7 54 200
54 7 200
7 46 319
46 7 319
7 42 446
42 7 446
7 90 611
90 7 611
7 74 69
74 7 69
7 42 950
42 7 950
7 40 65
40 7 65
8 27 647
27 8 647
8 49 201
49 8 201
8 61 422
61 8 422
8 93 973
93 8 973
8 91 912
91 8 912
8 78 985
78 8 985
8 18 623
18 8 623
8 45 346
45 8 346
8 47 443
47 8 443
8 71 217
71 8 217
8 62 750
62 8 750
8 25 587
25 8 587
8 14 859
14 8 859
8 34 581
34 8 581
8 18 266
18 8 266
8 37 521
37 8 521
8 50 769
50 8 769
8 77 33
77 8 33
9 12 107
12 9 107
9 29 633
29 9 633
9 36 972
36 9 972
9 40 546
40 9 546
9 67 982
67 9 982
9 63 88
63 9 88
9 21 82
21 9 82
9 37 866
37 9 866
9 48 537
48 9 537
9 81 156
81 9 156
9 21 828
21 9 828
9 10 859
10 9 859
10 22 925
22 10 925
10 66 161
66 10 161
10 84 264
84 10 264
10 16 380
16 10 380
10 14 402
14 10 402
10 38 992
38 10 992
10 80 930
80 10 930
10 26 32
26 10 32
10 34 864
34 10 864
10 82 40
82 10 40
10 24 864
24 10 864
11 33 517
33 11 517
11 75 727
75 11 727
11 72 570
72 11 570
11 26 480
26 11 480
11 49 86
49 11 86
11 48 701
48 11 701
11 42 948
42 11 948
11 16 601
16 11 601
11 29 239
29 11 239
11 93 792
93 11 792
11 34 130
34 11 130
11 42 677
42 11 677
11 41 291
41 11 291
11 56 951
56 11 951
11 51 653
51 11 653
11 48 118
48 11 118
12 25 821
25 12 821
12 35 173
35 12 173
12 42 841
42 12 841
12 87 855
87 12 855
12 53 638
53 12 638
12 66 898
66 12 898
12 61 496
61 12 496
12 65 34
65 12 34
12 55 496
55 12 496
12 27 258
27 12 258
13 28 682
28 13 682
13 91 1
91 13 1
13 34 407
34 13 407
13 42 68
42 13 68
13 82 916
82 13 916
13 55 54
55 13 54
13 84 492
84 13 492
13 21 239
21 13 239
13 51 987
51 13 987
13 85 513
85 13 513
13 13 611
13 13 611
13 80 59
80 13 59
13 92 861
92 13 861
13 56 656
56 13 656
13 18 674
18 13 674
13 21 391
21 13 391
14 23 784
23 14 784
14 31 8
31 14 8
14 48 888
48 14 888
14 16 951
16 14 951
14 82 459
82 14 459
14 36 708
36 14 708
14 66 690
66 14 690
14 92 644
92 14 644
14 20 412
20 14 412
14 27 254
27 14 254
14 83 972
83 14 972
14 37 659
37 14 659
14 64 711
64 14 711
14 33 278
33 14 278
14 48 761
48 14 761
14 88 822
88 14 822
14 52 626
52 14 626
14 19 221
19 14 221
14 32 859
32 14 859
15 16 833
16 15 833
15 21 390
21 15 390
15 57 393
57 15 393
15 72 891
72 15 891
15 51 47
51 15 47
15 63 866
63 15 866
15 73 63
73 15 63
15 88 292
88 15 292
15 19 581
19 15 581
15 29 494
29 15 494
15 24 796
24 15 796
15 82 7
82 15 7
15 33 55
33 15 55
15 52 681
52 15 681
15 66 876
66 15 876
16 58 797
58 16 797
16 78 379
78 16 379
16 37 821
37 16 821
16 68 624
68 16 624
16 90 771
90 16 771
16 81 356
81 16 356
16 91 373
91 16 373
16 42 354
42 16 354
16 75 430
75 16 430
16 70 234
70 16 234
17 63 454
63 17 454
17 50 315
50 17 315
17 78 609
78 17 609
18 19 793
19 18 793
18 30 999
30 18 999
18 69 988
69 18 988
18 35 655
35 18 655
18 89 540
89 18 540
18 28 203
28 18 203
18 79 517
79 18 517
18 30 985
30 18 985
18 64 386
64 18 386
18 47 737
47 18 737
18 74 318
74 18 318
18 71 448
71 18 448
18 60 148
60 18 148
18 74 202
74 18 202
18 31 952
31 18 952
18 67 529
67 18 529
19 51 777
51 19 777
19 52 878
52 19 878
19 28 229
28 19 229
19 32 792
32 19 792
19 58 78
58 19 78
19 78 828
78 19 828
19 62 999
62 19 999
19 19 818
19 19 818
19 33 264
33 19 264
19 31 128
31 19 128
19 64 209
64 19 209
19 46 86
46 19 86
19 29 655
29 19 655
19 74 921
74 19 921
19 39 952
39 19 952
19 53 418
53 19 418
19 77 257
77 19 257
20 51 872
51 20 872
20 28 752
28 20 752
20 73 936
73 20 936
20 31 263
31 20 263
20 44 674
44 20 674
20 38 996
38 20 996
20 29 657
29 20 657
20 34 246
34 20 246
20 53 799
53 20 799
21 32 698
32 21 698
21 44 606
44 21 606
21 22 660
22 21 660
21 72 159
72 21 159
21 30 22
30 21 22
21 38 379
38 21 379
21 26 522
26 21 522
21 41 333
41 21 333
21 23 831
23 21 831
21 61 791
61 21 791
21 66 962
66 21 962
22 34 538
34 22 538
22 27 121
27 22 121
22 56 201
56 22 201
22 40 615
40 22 615
22 41 540
41 22 540
22 91 538
91 22 538
22 31 662
31 22 662
22 75 808
75 22 808
22 36 880
36 22 880
22 75 478
75 22 478
22 70 103
70 22 103
23 89 515
89 23 515
23 49 615
49 23 615
23 68 711
68 23 711
23 84 771
84 23 771
23 90 411
90 23 411
23 69 108
69 23 108
23 63 585
63 23 585
23 26 917
26 23 917
23 41 643
41 23 643
23 38 844
38 23 844
24 78 507
78 24 507
24 70 567
70 24 567
24 65 624
65 24 624
24 67 15
67 24 15
24 73 478
73 24 478
24 55 732
55 24 732
24 45 365
45 24 365
25 92 596
92 25 596
25 26 133
26 25 133
25 77 396
77 25 396
25 84 835
84 25 835
25 29 799
29 25 799
26 59 832
59 26 832
26 91 345
91 26 345
26 46 34
46 26 34
26 78 839
78 26 839
26 87 102
87 26 102
26 57 255
57 26 255
26 91 137
91 26 137
27 57 383
57 27 383
27 46 459
46 27 459
27 57 900
57 27 900
27 83 381
83 27 381
27 84 51
84 27 51
27 35 696
35 27 696
28 47 339
47 28 339
28 56 473
56 28 473
28 75 184
75 28 184
28 51 760
51 28 760
28 35 234
35 28 234
28 58 29
58 28 29
28 73 860
73 28 860
28 86 916
86 28 916
28 77 202
77 28 202
29 41 245
41 29 245
29 35 949
35 29 949
29 86 870
86 29 870
29 94 785
94 29 785
29 72 620
72 29 620
29 60 519
60 29 519
29 52 653
52 29 653
29 87 362
87 29 362
29 73 475
73 29 475
30 92 133
92 30 133
30 43 425
43 30 425
30 41 881
41 30 881
30 30 783
30 30 783
30 64 596
64 30 596
31 53 488
53 31 488
31 89 478
89 31 478
31 34 86
34 31 86
31 41 713
41 31 713
31 40 230
40 31 230
31 85 83
85 31 83
31 67 871
67 31 871
31 65 802
65 31 802
31 93 788
93 31 788
31 53 988
53 31 988
31 53 689
53 31 689
31 85 192
85 31 192
32 37 121
37 32 121
32 45 198
45 32 198
32 80 407
80 32 407
32 87 917
87 32 917
32 79 828
79 32 828
32 49 744
49 32 744
32 66 201
66 32 201
32 51 432
51 32 432
32 88 542
88 32 542
32 73 995
73 32 995
33 45 544
45 33 544
33 89 569
89 33 569
33 37 864
37 33 864
33 37 118
37 33 118
33 41 785
41 33 785
33 44 775
44 33 775
34 46 394
46 34 394
34 65 517
65 34 517
34 80 615
80 34 615
34 48 262
48 34 262
34 68 734
68 34 734
34 82 96
82 34 96
34 90 629
90 34 629
34 49 312
49 34 312
34 77 664
77 34 664
34 39 525
39 34 525
34 35 254
35 34 254
34 77 346
77 34 346
34 62 688
62 34 688
35 62 97
62 35 97
35 83 290
83 35 290
35 48 77
48 35 77
35 59 696
59 35 696
35 55 814
55 35 814
35 82 809
82 35 809
35 46 111
46 35 111
35 63 90
63 35 90
35 58 34
58 35 34
36 55 956
55 36 956
36 77 340
77 36 340
36 40 937
40 36 937
36 66 242
66 36 242
36 70 716
70 36 716
36 76 512
76 36 512
37 42 764
42 37 764
37 68 26
68 37 26
37 57 326
57 37 326
37 90 789
90 37 789
37 41 880
41 37 880
37 66 475
66 37 475
37 57 992
57 37 992
37 56 749
56 37 749
37 43 22
43 37 22
37 45 943
45 37 943
37 85 417
85 37 417
37 56 247
56 37 247
37 61 902
61 37 902
38 77 984
77 38 984
38 60 276
60 38 276
38 81 184
81 38 184
38 83 925
83 38 925
38 67 464
67 38 464
38 45 870
45 38 870
38 54 781
54 38 781
38 67 213
67 38 213
39 50 634
50 39 634
39 73 316
73 39 316
39 40 354
40 39 354
39 69 981
69 39 981
39 71 717
71 39 717
39 82 973
82 39 973
39 90 684
90 39 684
39 69 824
69 39 824
39 82 567
82 39 567
39 58 468
58 39 468
39 63 876
63 39 876
39 55 834
55 39 834
39 43 559
43 39 559
40 64 328
64 40 328
40 56 577
56 40 577
40 82 487
82 40 487
40 72 650
72 40 650
40 85 523
85 40 523
40 40 1000
40 40 1000
40 74 842
74 40 842
40 58 868
58 40 868
40 76 937
76 40 937
40 66 132
66 40 132
41 70 265
70 41 265
41 54 543
54 41 543
41 54 148
54 41 148
41 56 42
56 41 42
41 86 619
86 41 619
41 94 398
94 41 398
41 46 505
46 41 505
41 67 515
67 41 515
41 44 696
44 41 696
41 79 139
79 41 139
41 56 859
56 41 859
41 58 411
58 41 411
42 71 188
71 42 188
42 48 613
48 42 613
42 92 578
92 42 578
42 67 267
67 42 267
43 81 225
81 43 225
43 67 612
67 43 612
43 57 231
57 43 231
43 66 898
66 43 898
43 57 840
57 43 840
43 44 482
44 43 482
43 47 140
47 43 140
44 93 121
93 44 121
44 50 146
50 44 146
44 67 748
67 44 748
44 81 605
81 44 605
44 73 157
73 44 157
44 48 219
48 44 219
44 53 359
53 44 359
45 89 182
89 45 182
45 70 924
70 45 924
45 88 117
88 45 117
45 74 767
74 45 767
45 73 71
73 45 71
45 53 202
53 45 202
45 54 729
54 45 729
45 54 646
54 45 646
46 50 842
50 46 842
46 88 499
88 46 499
46 84 550
84 46 550
46 60 821
60 46 821
46 57 479
57 46 479
46 60 521
60 46 521
46 77 443
77 46 443
46 54 103
54 46 103
46 58 769
58 46 769
46 93 116
93 46 116
47 60 689
60 47 689
47 64 523
64 47 523
47 84 953
84 47 953
47 82 617
82 47 617
47 58 674
58 47 674
47 53 949
53 47 949
47 52 239
52 47 239
47 75 304
75 47 304
47 51 379
51 47 379
47 80 144
80 47 144
47 66 417
66 47 417
47 49 878
49 47 878
47 55 12
55 47 12
47 89 936
89 47 936
47 92 815
92 47 815
47 66 575
66 47 575
48 54 549
54 48 549
48 91 402
91 48 402
48 61 93
61 48 93
48 60 444
60 48 444
48 76 3
76 48 3
48 78 112
78 48 112
49 67 382
67 49 382
49 65 338
65 49 338
49 67 345
67 49 345
49 52 236
52 49 236
49 76 988
76 49 988
50 74 113
74 50 113
50 88 794
88 50 794
50 65 353
65 50 353
50 71 587
71 50 587
50 58 12
58 50 12
50 59 257
59 50 257
50 76 828
76 50 828
50 84 673
84 50 673
51 82 134
82 51 134
51 86 677
86 51 677
51 75 535
75 51 535
51 56 418
56 51 418
51 67 547
67 51 547
51 75 104
75 51 104
51 66 391
66 51 391
51 64 575
64 51 575
51 58 485
58 51 485
51 77 566
77 51 566
51 83 471
83 51 471
52 83 383
83 52 383
52 68 490
68 52 490
52 58 975
58 52 975
52 91 835
91 52 835
52 80 4
80 52 4
52 74 383
74 52 383
52 57 307
57 52 307
53 84 229
84 53 229
53 77 329
77 53 329
53 64 86
64 53 86
53 65 96
65 53 96
53 92 871
92 53 871
53 69 582
69 53 582
54 64 373
64 54 373
54 91 227
91 54 227
54 85 331
85 54 331
54 88 699
88 54 699
54 56 972
56 54 972
54 84 535
84 54 535
54 83 72
83 54 72
54 71 692
71 54 692
54 58 966
58 54 966
54 75 691
75 54 691
54 66 95
66 54 95
55 88 396
88 55 396
55 77 720
77 55 720
55 70 464
70 55 464
55 65 310
65 55 310
55 88 63
88 55 63
55 58 926
58 55 926
56 76 498
76 56 498
56 78 576
78 56 576
56 69 401
69 56 401
56 60 724
60 56 724
56 62 81
62 56 81
56 87 207
87 56 207
56 57 454
57 56 454
57 59 812
59 57 812
57 87 904
87 57 904
57 94 430
94 57 430
57 59 243
59 57 243
57 78 746
78 57 746
57 71 783
71 57 783
57 84 295
84 57 295
58 89 931
89 58 931
58 63 896
63 58 896
58 78 459
78 58 459
58 79 358
79 58 358
58 72 356
72 58 356
58 74 868
74 58 868
58 83 359
83 58 359
58 82 84
82 58 84
59 87 607
87 59 607
59 69 758
69 59 758
59 63 779
63 59 779
59 69 926
69 59 926
59 62 604
62 59 604
60 74 545
74 60 545
60 93 402
93 60 402
61 62 493
62 61 493
61 83 396
83 61 396
61 90 802
90 61 802
61 73 294
73 61 294
61 68 648
68 61 648
62 65 572
65 62 572
62 69 323
69 62 323
62 66 143
66 62 143
62 68 182
68 62 182
62 69 411
69 62 411
62 86 801
86 62 801
62 76 370
76 62 370
62 79 92
79 62 92
63 71 40
71 63 40
63 88 975
88 63 975
63 93 4
93 63 4
63 91 733
91 63 733
63 80 925
80 63 925
63 79 777
79 63 777
64 84 515
84 64 515
64 88 372
88 64 372
64 94 838
94 64 838
64 82 334
82 64 334
64 79 503
79 64 503
65 79 62
79 65 62
65 73 318
73 65 318
65 77 471
77 65 471
65 76 635
76 65 635
65 70 812
70 65 812
66 80 399
80 66 399
66 76 477
76 66 477
67 93 221
93 67 221
67 94 912
94 67 912
67 82 514
82 67 514
67 68 923
68 67 923
68 86 732
86 68 732
68 74 302
74 68 302
68 81 970
81 68 970
68 71 694
71 68 694
69 94 286
94 69 286
69 85 331
85 69 331
69 70 832
70 69 832
69 81 220
81 69 220
69 72 495
72 69 495
69 77 136
77 69 136
69 80 749
80 69 749
70 79 531
79 70 531
70 76 856
76 70 856
71 82 262
82 71 262
71 72 577
72 71 577
71 79 16
79 71 16
71 76 688
76 71 688
71 88 25
88 71 25
71 84 428
84 71 428
71 77 814
77 71 814
72 85 837
85 72 837
72 77 221
77 72 221
72 90 362
90 72 362
72 82 660
82 72 660
72 94 811
94 72 811
74 77 533
77 74 533
74 86 31
86 74 31
75 76 391
76 75 391
75 76 146
76 75 146
77 85 6
85 77 6
77 89 609
89 77 609
77 81 254
81 77 254
77 78 925
78 77 925
78 91 457
91 78 457
78 92 961
92 78 961
78 86 235
86 78 235
79 91 292
91 79 292
81 91 102
91 81 102
81 89 889
89 81 889
81 93 169
93 81 169
81 94 264
94 81 264
82 94 629
94 82 629
82 93 780
93 82 780
82 85 919
85 82 919
82 88 453
88 82 453
83 87 31
87 83 31
84 85 390
85 84 390
85 89 568
89 85 568
86 93 237
93 86 237
87 91 650
91 87 650
88 89 675
89 88 675
88 92 987
92 88 987
90 93 685
93 90 685
