27

0 1 986
1 0 986
0 3 894
3 0 894
1 2 444
2 1 444
1 5 231
5 1 231
1 11 29
11 1 29
2 12 941
12 2 941
2 21 318
21 2 318
3 4 715
4 3 715
3 6 984
6 3 984
3 7 417
7 3 417
3 13 51
13 3 51
3 16 639
16 3 639
3 24 516
24 3 516
5 10 278
10 5 278
6 15 686
15 6 686
6 19 960
19 6 960
7 8 660
8 7 660
7 9 176
9 7 176
7 26 821
26 7 821
8 22 178
22 8 178
12 14 421
14 12 421
12 20 509
20 12 509
13 17 437
17 13 437
17 18 1
18 17 1
17 23 286
23 17 286
19 25 694
25 19 694
