38

0 1 87
1 0 87
0 3 275
3 0 275
0 4 741
4 0 741
0 9 385
9 0 385
0 11 836
11 0 836
0 15 925
15 0 925
0 31 130
31 0 130
0 23 188
23 0 188
0 10 906
10 0 906
0 28 711
28 0 711
0 2 23
2 0 23
1 2 578
2 1 578
1 26 330
26 1 330
1 28 428
28 1 428
1 30 874
30 1 874
1 13 375
13 1 375
2 7 990
7 2 990
2 32 833
32 2 833
2 35 504
35 2 504
3 9 117
9 3 117
3 37 464
37 3 464
4 5 873
5 4 873
4 8 856
8 4 856
4 12 118
12 4 118
4 14 639
14 4 639
4 27 448
27 4 448
4 35 960
35 4 960
5 6 323
6 5 323
5 21 968
21 5 968
5 13 675
13 5 675
5 21 647
21 5 647
5 10 838
10 5 838
6 10 306
10 6 306
6 34 665
34 6 665
7 23 430
23 7 430
7 32 491
32 7 491
7 11 584
11 7 584
8 19 969
19 8 969
8 32 352
32 8 352
8 36 881
36 8 881
8 19 427
19 8 427
8 25 67
25 8 67
9 13 564
13 9 564
9 18 11
18 9 11
9 29 276
29 9 276
9 24 965
24 9 965
9 29 610
29 9 610
10 16 429
16 10 429
10 16 860
16 10 860
10 27 48
27 10 48
10 25 88
25 10 88
11 33 887
33 11 887
11 35 162
35 11 162
11 35 654
35 11 654
11 34 665
34 11 665
11 33 377
33 11 377
12 17 933
17 12 933
12 17 509
17 12 509
12 30 612
30 12 612
13 36 810
36 13 810
13 30 77
30 13 77
14 37 480
37 14 480
14 26 363
26 14 363
15 32 456
32 15 456
15 25 673
25 15 673
16 25 989
25 16 989
16 35 421
35 16 421
17 22 597
22 17 597
17 28 897
28 17 897
19 20 751
20 19 751
19 26 552
26 19 552
20 24 682
24 20 682
20 37 864
37 20 864
20 23 26
23 20 26
21 22 52
22 21 52
21 25 559
25 21 559
21 33 903
33 21 903
21 29 234
29 21 234
22 22 800
22 22 800
23 27 328
27 23 328
23 23 40
23 23 40
23 37 575
37 23 575
23 26 671
26 23 671
24 25 266
25 24 266
24 28 365
28 24 365
24 34 348
34 24 348
24 30 625
30 24 625
25 28 673
28 25 673
25 37 382
37 25 382
25 37 136
37 25 136
28 35 293
35 28 293
29 37 104
37 29 104
