93

0 1 864
1 0 864
0 2 888
2 0 888
0 5 130
5 0 130
0 38 864
38 0 864
0 23 641
23 0 641
0 23 515
23 0 515
0 21 329
21 0 329
0 91 840
91 0 840
0 92 66
92 0 66
0 11 431
11 0 431
0 72 193
72 0 193
0 10 131
10 0 131
0 31 188
31 0 188
0 44 847
44 0 847
1 4 56
4 1 56
1 6 799
6 1 799
1 7 161
7 1 161
1 8 515
8 1 515
1 16 138
16 1 138
1 71 156
71 1 156
1 26 341
26 1 341
1 26 492
26 1 492
1 48 961
48 1 961
1 48 135
48 1 135
1 33 531
33 1 531
1 54 632
54 1 632
1 47 202
47 1 202
1 20 231
20 1 231
2 3 972
3 2 972
2 17 944
17 2 944
2 23 250
23 2 250
2 26 951
26 2 951
2 33 666
33 2 666
2 39 527
39 2 527
2 57 737
57 2 737
2 55 9
55 2 9
2 43 612
43 2 612
2 69 824
69 2 824
2 67 547
67 2 547
2 91 255
91 2 255
2 24 713
24 2 713
2 70 354
70 2 354
2 33 534
33 2 534
2 76 910
76 2 910
2 37 923
37 2 923
3 21 570
21 3 570
3 41 701
41 3 701
3 42 739
42 3 739
3 24 122
24 3 122
3 14 219
14 3 219
3 68 994
68 3 994
3 34 146
34 3 146
3 15 718
15 3 718
3 9 435
9 3 435
3 40 85
40 3 85
3 90 10
90 3 10
3 70 633
70 3 633
3 78 295
78 3 295
3 70 754
70 3 754
3 62 317
62 3 317
4 12 456
12 4 456
4 34 116
34 4 116
4 36 629
36 4 629
4 18 900
18 4 900
4 30 572
30 4 572
4 78 128
78 4 128
4 30 412
30 4 412
4 33 570
33 4 570
4 72 808
72 4 808
4 8 903
8 4 903
4 71 734
71 4 734
4 28 827
28 4 827
4 74 166
74 4 166
4 66 747
66 4 747
4 78 853
78 4 853
4 15 531
15 4 531
5 10 86
10 5 86
5 13 971
13 5 971
5 27 721
27 5 721
5 51 982
51 5 982
5 34 614
34 5 614
5 13 610
13 5 610
5 36 440
36 5 440
5 21 561
21 5 561
5 73 526
73 5 526
5 41 713
41 5 713
5 33 295
33 5 295
6 9 101
9 6 101
6 61 806
61 6 806
6 75 367
75 6 367
6 25 26
25 6 26
6 40 863
40 6 863
6 52 756
52 6 756
6 14 363
14 6 363
6 18 892
18 6 892
7 14 928
14 7 928
7 25 974
25 7 974
7 40 636
40 7 636
7 32 142
32 7 142
7 55 604
55 7 604
7 72 359
72 7 359
7 54 799
54 7 799
7 92 648
92 7 648
7 71 390
71 7 390
7 77 893
77 7 893
7 35 311
35 7 311
7 78 985
78 7 985
7 58 695
58 7 695
7 35 255
35 7 255
7 53 723
53 7 723
8 11 671
11 8 671
8 37 388
37 8 388
8 58 692
58 8 692
8 89 566
89 8 566
8 74 161
74 8 161
8 55 619
55 8 619
8 82 13
82 8 13
8 28 137
28 8 137
8 69 578
69 8 578
8 64 553
64 8 553
8 50 331
50 8 331
9 44 426
44 9 426
9 55 320
55 9 320
9 82 841
82 9 841
9 45 785
45 9 785
9 37 904
37 9 904
9 51 181
51 9 181
9 87 401
87 9 401
9 18 939
18 9 939
9 37 801
37 9 801
9 85 456
85 9 456
9 52 21
52 9 21
9 68 110
68 9 110
9 91 950
91 9 950
9 89 171
89 9 171
9 86 798
86 9 798
9 28 109
28 9 109
9 62 806
62 9 806
10 89 393
89 10 393
10 47 320
47 10 320
10 68 616
68 10 616
10 41 864
41 10 864
10 16 900
16 10 900
10 46 774
46 10 774
10 80 325
80 10 325
10 51 104
51 10 104
10 78 478
78 10 478
10 58 380
58 10 380
10 72 330
72 10 330
11 20 473
20 11 473
11 48 238
48 11 238
11 67 887
67 11 887
11 19 668
19 11 668
11 47 929
47 11 929
11 35 684
35 11 684
11 63 858
63 11 858
11 90 776
90 11 776
11 79 258
79 11 258
11 24 114
24 11 114
11 74 849
74 11 849
11 27 652
27 11 652
11 55 333
55 11 333
11 83 82
83 11 82
12 15 547
15 12 547
12 18 843
18 12 843
12 24 680
24 12 680
12 53 410
53 12 410
12 46 918
46 12 918
12 58 805
58 12 805
12 79 797
79 12 797
12 56 147
56 12 147
12 30 314
30 12 314
12 52 363
52 12 363
12 69 525
69 12 525
13 36 186
36 13 186
13 49 337
49 13 337
13 54 413
54 13 413
13 47 910
47 13 910
13 76 617
76 13 617
13 72 251
72 13 251
13 75 250
75 13 250
13 78 871
78 13 871
14 19 313
19 14 313
14 58 591
58 14 591
14 69 609
69 14 609
14 56 502
56 14 502
14 46 106
46 14 106
14 35 144
35 14 144
14 76 853
76 14 853
14 62 530
62 14 530
14 35 762
35 14 762
14 53 215
53 14 215
14 30 206
30 14 206
15 32 636
32 15 636
15 68 725
68 15 725
15 74 241
74 15 241
15 63 535
63 15 535
15 45 290
45 15 290
15 91 160
91 15 160
15 33 348
33 15 348
15 76 795
76 15 795
15 44 482
44 15 482
15 48 701
48 15 701
15 68 154
68 15 154
15 20 478
20 15 478
15 58 532
58 15 532
16 29 504
29 16 504
16 34 737
34 16 737
16 54 157
54 16 157
16 88 959
88 16 959
16 85 331
85 16 331
16 66 456
66 16 456
16 30 689
30 16 689
16 57 402
57 16 402
16 68 852
68 16 852
16 61 341
61 16 341
16 53 678
53 16 678
16 66 466
66 16 466
16 34 73
34 16 73
16 54 680
54 16 680
16 71 242
71 16 242
16 46 319
46 16 319
17 70 672
70 17 672
17 44 807
44 17 807
17 63 327
63 17 327
17 69 913
69 17 913
17 47 12
47 17 12
17 79 826
79 17 826
17 31 390
31 17 390
17 40 319
40 17 319
17 56 166
56 17 166
17 83 645
83 17 645
17 19 489
19 17 489
17 68 541
68 17 541
17 44 516
44 17 516
18 49 956
49 18 956
18 73 43
73 18 43
18 77 607
77 18 607
18 20 530
20 18 530
18 83 886
83 18 886
18 77 360
77 18 360
18 75 52
75 18 52
18 50 199
50 18 199
19 22 894
22 19 894
19 30 22
30 19 22
19 66 345
66 19 345
19 67 799
67 19 799
19 76 177
76 19 177
19 59 478
59 19 478
19 82 376
82 19 376
19 48 783
48 19 783
19 75 169
75 19 169
19 38 297
38 19 297
19 66 594
66 19 594
19 42 49
42 19 49
19 85 432
85 19 432
19 31 905
31 19 905
20 35 341
35 20 341
20 50 174
50 20 174
20 25 788
25 20 788
20 66 174
66 20 174
20 48 142
48 20 142
20 71 42
71 20 42
20 32 271
32 20 271
20 54 321
54 20 321
20 33 805
33 20 805
21 45 412
45 21 412
21 84 801
84 21 801
21 83 206
83 21 206
21 86 640
86 21 640
21 87 354
87 21 354
21 80 935
80 21 935
21 82 835
82 21 835
21 29 942
29 21 942
22 64 177
64 22 177
22 77 128
77 22 128
22 79 345
79 22 345
22 76 552
76 22 552
22 90 131
90 22 131
22 52 740
52 22 740
23 43 974
43 23 974
23 31 570
31 23 570
23 68 547
68 23 547
23 26 351
26 23 351
23 36 107
36 23 107
23 37 872
37 23 872
23 27 122
27 23 122
23 88 21
88 23 21
23 52 282
52 23 282
23 37 291
37 23 291
23 88 83
88 23 83
23 65 53
65 23 53
24 31 443
31 24 443
24 52 742
52 24 742
24 59 451
59 24 451
24 90 79
90 24 79
24 55 84
55 24 84
24 69 173
69 24 173
24 66 44
66 24 44
24 71 120
71 24 120
24 51 112
51 24 112
24 50 124
50 24 124
24 69 334
69 24 334
24 38 425
38 24 425
24 50 658
50 24 658
25 45 614
45 25 614
25 51 935
51 25 935
25 91 419
91 25 419
25 56 95
56 25 95
25 72 584
72 25 584
25 69 676
69 25 676
25 37 753
37 25 753
25 50 401
50 25 401
25 91 919
91 25 919
25 63 214
63 25 214
25 33 891
33 25 891
25 59 441
59 25 441
25 72 615
72 25 615
25 58 305
58 25 305
26 28 605
28 26 605
26 81 399
81 26 399
26 45 867
45 26 867
26 80 779
80 26 779
26 37 886
37 26 886
26 44 223
44 26 223
26 54 99
54 26 99
27 53 306
53 27 306
27 50 472
50 27 472
27 63 984
63 27 984
27 47 117
47 27 117
27 48 13
48 27 13
27 87 1000
87 27 1000
27 33 562
33 27 562
27 41 834
41 27 834
28 79 965
79 28 965
28 56 976
56 28 976
28 55 568
55 28 568
28 72 997
72 28 997
28 67 16
67 28 16
28 39 933
39 28 933
28 47 633
47 28 633
28 82 203
82 28 203
29 49 70
49 29 70
29 45 89
45 29 89
29 51 898
51 29 898
30 43 194
43 30 194
30 58 909
58 30 909
30 66 532
66 30 532
30 90 789
90 30 789
30 48 414
48 30 414
30 89 125
89 30 125
30 36 406
36 30 406
30 64 685
64 30 685
30 68 94
68 30 94
31 57 568
57 31 568
31 80 333
80 31 333
31 35 258
35 31 258
31 91 971
91 31 971
31 77 781
77 31 781
31 68 90
68 31 90
32 40 564
40 32 564
32 34 853
34 32 853
32 84 710
84 32 710
32 87 528
87 32 528
32 49 266
49 32 266
32 91 6
91 32 6
33 71 898
71 33 898
34 69 796
69 34 796
34 81 697
81 34 697
34 51 304
51 34 304
34 56 763
56 34 763
34 80 187
80 34 187
35 46 842
46 35 842
35 55 874
55 35 874
35 87 215
87 35 215
35 77 200
77 35 200
35 70 371
70 35 371
35 48 284
48 35 284
35 76 155
76 35 155
36 47 541
47 36 541
36 77 516
77 36 516
36 66 577
66 36 577
36 43 658
43 36 658
36 86 150
86 36 150
37 70 847
70 37 847
37 87 179
87 37 179
37 84 345
84 37 345
37 83 405
83 37 405
37 55 387
55 37 387
37 79 990
79 37 990
37 92 242
92 37 242
38 87 304
87 38 304
38 80 676
80 38 676
38 89 642
89 38 642
39 84 582
84 39 582
39 83 386
83 39 386
39 78 753
78 39 753
39 61 154
61 39 154
39 60 726
60 39 726
39 80 800
80 39 800
39 73 434
73 39 434
39 86 249
86 39 249
39 72 532
72 39 532
40 91 594
91 40 594
40 79 910
79 40 910
40 80 983
80 40 983
40 69 563
69 40 563
40 60 52
60 40 52
40 78 139
78 40 139
40 89 15
89 40 15
41 50 757
50 41 757
41 44 189
44 41 189
41 48 904
48 41 904
41 42 694
42 41 694
41 52 68
52 41 68
41 45 29
45 41 29
42 51 995
51 42 995
42 76 765
76 42 765
42 77 749
77 42 749
42 81 438
81 42 438
42 55 718
55 42 718
43 75 499
75 43 499
43 68 974
68 43 974
43 46 624
46 43 624
43 91 924
91 43 924
43 91 825
91 43 825
44 45 791
45 44 791
44 88 873
88 44 873
44 57 502
57 44 502
45 60 95
60 45 95
45 82 672
82 45 672
45 56 427
56 45 427
45 64 576
64 45 576
45 82 371
82 45 371
45 68 118
68 45 118
45 89 827
89 45 827
45 84 407
84 45 407
45 66 358
66 45 358
46 60 521
60 46 521
46 78 931
78 46 931
46 53 333
53 46 333
46 70 177
70 46 177
46 83 746
83 46 746
46 59 169
59 46 169
46 80 15
80 46 15
46 71 673
71 46 673
46 78 136
78 46 136
46 75 209
75 46 209
47 56 45
56 47 45
47 81 162
81 47 162
47 79 406
79 47 406
47 66 70
66 47 70
48 62 467
62 48 467
48 65 106
65 48 106
48 65 520
65 48 520
48 80 937
80 48 937
48 49 608
49 48 608
49 67 801
67 49 801
49 90 32
90 49 32
49 80 207
80 49 207
49 89 311
89 49 311
50 57 208
57 50 208
50 78 912
78 50 912
50 80 558
80 50 558
50 68 365
68 50 365
51 65 908
65 51 908
51 75 108
75 51 108
51 91 109
91 51 109
51 76 931
76 51 931
52 61 984
61 52 984
52 69 976
69 52 976
52 64 948
64 52 948
52 61 198
61 52 198
52 56 85
56 52 85
53 92 633
92 53 633
53 71 136
71 53 136
53 57 916
57 53 916
53 71 458
71 53 458
54 63 824
63 54 824
54 58 199
58 54 199
54 74 845
74 54 845
54 56 667
56 54 667
54 86 430
86 54 430
54 72 908
72 54 908
54 65 743
65 54 743
54 86 43
86 54 43
54 67 132
67 54 132
54 54 412
54 54 412
55 59 527
59 55 527
55 62 137
62 55 137
56 77 712
77 56 712
56 90 971
90 56 971
56 87 29
87 56 29
57 60 198
60 57 198
57 69 55
69 57 55
57 79 305
79 57 305
58 82 287
82 58 287
58 74 821
74 58 821
59 60 805
60 59 805
59 89 701
89 59 701
59 89 477
89 59 477
59 69 651
69 59 651
60 73 386
73 60 386
60 92 489
92 60 489
60 86 39
86 60 39
60 81 359
81 60 359
61 89 118
89 61 118
61 61 859
61 61 859
61 86 362
86 61 362
61 91 206
91 61 206
61 64 52
64 61 52
61 80 698
80 61 698
61 76 436
76 61 436
61 62 750
62 61 750
61 83 130
83 61 130
61 86 11
86 61 11
62 77 928
77 62 928
62 73 76
73 62 76
62 75 39
75 62 39
62 70 24
70 62 24
62 82 132
82 62 132
62 90 9
90 62 9
63 86 233
86 63 233
63 90 591
90 63 591
63 68 143
68 63 143
64 72 268
72 64 268
64 77 281
77 64 281
64 77 727
77 64 727
64 74 206
74 64 206
65 81 358
81 65 358
65 82 446
82 65 446
66 70 436
70 66 436
67 82 283
82 67 283
67 72 177
72 67 177
67 88 202
88 67 202
68 84 12
84 68 12
69 85 936
85 69 936
69 79 307
79 69 307
69 88 110
88 69 110
69 82 864
82 69 864
70 71 379
71 70 379
70 73 140
73 70 140
71 85 536
85 71 536
71 79 100
79 71 100
71 82 577
82 71 577
71 87 169
87 71 169
72 79 639
79 72 639
72 81 256
81 72 256
72 84 512
84 72 512
72 82 818
82 72 818
73 75 990
75 73 990
73 92 977
92 73 977
73 84 299
84 73 299
74 77 207
77 74 207
74 90 905
90 74 905
75 83 847
83 75 847
75 90 210
90 75 210
75 83 293
83 75 293
75 76 452
76 75 452
76 82 4
82 76 4
76 82 247
82 76 247
76 76 467
76 76 467
76 82 245
82 76 245
76 77 981
77 76 981
78 91 237
91 78 237
78 86 460
86 78 460
78 84 172
84 78 172
79 91 709
91 79 709
79 92 729
92 79 729
80 88 930
88 80 930
80 84 609
84 80 609
81 84 905
84 81 905
82 90 51
90 82 51
84 85 585
85 84 585
85 89 566
89 85 566
85 88 911
88 85 911
85 92 739
92 85 739
88 91 746
91 88 746
88 91 206
91 88 206
