51

0 1 874
1 0 874
0 2 811
2 0 811
0 6 343
6 0 343
0 12 923
12 0 923
0 33 697
33 0 697
0 32 704
32 0 704
0 22 88
22 0 88
0 1 719
1 0 719
0 35 194
35 0 194
0 2 43
2 0 43
0 8 361
8 0 361
1 3 496
3 1 496
1 5 763
5 1 763
1 9 328
9 1 328
1 36 613
36 1 613
1 42 9
42 1 9
1 3 558
3 1 558
1 22 588
22 1 588
1 18 389
18 1 389
1 39 397
39 1 397
1 12 188
12 1 188
1 38 775
38 1 775
1 45 657
45 1 657
2 20 758
20 2 758
2 48 293
48 2 293
2 2 909
2 2 909
2 41 123
41 2 123
2 30 832
30 2 832
3 4 338
4 3 338
3 26 227
26 3 227
3 30 430
30 3 430
3 38 27
38 3 27
3 29 199
29 3 199
3 3 981
3 3 981
3 12 404
12 3 404
4 10 261
10 4 261
4 7 362
7 4 362
4 29 144
29 4 144
4 10 754
10 4 754
4 30 423
30 4 423
4 29 157
29 4 157
4 17 451
17 4 451
5 8 762
8 5 762
5 18 971
18 5 971
5 43 611
43 5 611
5 35 558
35 5 558
5 6 793
6 5 793
5 17 133
17 5 133
5 50 182
50 5 182
5 43 148
43 5 148
5 24 244
24 5 244
5 41 51
41 5 51
6 7 900
7 6 900
6 28 541
28 6 541
6 31 280
31 6 280
6 36 166
36 6 166
6 28 161
28 6 161
6 13 189
13 6 189
6 24 891
24 6 891
6 24 218
24 6 218
7 50 330
50 7 330
7 38 512
38 7 512
7 44 845
44 7 845
7 30 751
30 7 751
7 21 354
21 7 354
7 38 136
38 7 136
7 29 408
29 7 408
8 47 461
47 8 461
8 49 987
49 8 987
8 40 994
40 8 994
8 17 912
17 8 912
8 22 6
22 8 6
8 50 58
50 8 58
8 44 373
44 8 373
9 11 658
11 9 658
9 16 865
16 9 865
9 19 144
19 9 144
9 44 785
44 9 785
9 29 485
29 9 485
9 44 661
44 9 661
9 45 181
45 9 181
9 37 999
37 9 999
9 28 323
28 9 323
10 13 269
13 10 269
10 35 297
35 10 297
11 17 642
17 11 642
11 23 457
23 11 457
11 41 357
41 11 357
11 31 472
31 11 472
11 50 545
50 11 545
11 17 183
17 11 183
11 23 632
23 11 632
11 25 870
25 11 870
12 14 421
14 12 421
12 15 585
15 12 585
12 34 359
34 12 359
12 20 386
20 12 386
12 37 967
37 12 967
12 46 986
46 12 986
12 23 441
23 12 441
12 44 641
44 12 641
13 28 122
28 13 122
13 34 99
34 13 99
13 43 550
43 13 550
13 28 778
28 13 778
13 24 953
24 13 953
14 24 260
24 14 260
14 40 783
40 14 783
14 44 31
44 14 31
14 43 458
43 14 458
15 22 743
22 15 743
15 46 973
46 15 973
15 38 737
38 15 737
15 38 450
38 15 450
15 37 802
37 15 802
15 44 266
44 15 266
16 21 720
21 16 720
16 30 204
30 16 204
16 34 82
34 16 82
16 19 525
19 16 525
16 30 30
30 16 30
16 17 733
17 16 733
17 35 660
35 17 660
17 33 351
33 17 351
17 37 370
37 17 370
17 36 155
36 17 155
18 25 3
25 18 3
18 19 801
19 18 801
19 42 650
42 19 650
19 28 812
28 19 812
19 45 87
45 19 87
19 34 52
34 19 52
19 23 291
23 19 291
20 27 2
27 20 2
20 29 455
29 20 455
20 32 943
32 20 943
20 30 447
30 20 447
20 46 85
46 20 85
20 39 543
39 20 543
20 36 788
36 20 788
21 32 912
32 21 912
21 23 167
23 21 167
21 50 226
50 21 226
22 27 755
27 22 755
23 31 865
31 23 865
23 48 707
48 23 707
23 40 2
40 23 2
25 41 285
41 25 285
25 36 251
36 25 251
25 30 49
30 25 49
25 44 395
44 25 395
25 44 954
44 25 954
26 50 707
50 26 707
26 29 741
29 26 741
26 27 114
27 26 114
27 41 794
41 27 794
27 50 103
50 27 103
27 35 261
35 27 261
27 47 567
47 27 567
28 32 695
32 28 695
30 35 287
35 30 287
30 36 299
36 30 299
31 46 827
46 31 827
31 49 243
49 31 243
32 39 125
39 32 125
32 45 968
45 32 968
32 44 990
44 32 990
32 34 280
34 32 280
33 33 681
33 33 681
34 49 732
49 34 732
34 41 26
41 34 26
34 42 434
42 34 434
34 47 656
47 34 656
35 43 925
43 35 925
35 38 123
38 35 123
36 37 313
37 36 313
36 48 817
48 36 817
36 47 911
47 36 911
36 36 897
36 36 897
37 45 426
45 37 426
37 44 802
44 37 802
40 48 976
48 40 976
40 45 387
45 40 387
41 41 545
41 41 545
42 50 936
50 42 936
42 48 381
48 42 381
