36

0 1 768
1 0 768
0 2 124
2 0 124
0 3 171
3 0 171
0 5 845
5 0 845
0 22 271
22 0 271
0 22 737
22 0 737
0 34 859
34 0 859
0 0 717
0 0 717
0 15 951
15 0 951
1 13 762
13 1 762
1 21 786
21 1 786
1 35 298
35 1 298
1 33 716
33 1 716
1 27 574
27 1 574
1 5 576
5 1 576
2 7 619
7 2 619
2 8 805
8 2 805
2 16 213
16 2 213
2 35 926
35 2 926
3 4 143
4 3 143
3 21 874
21 3 874
3 6 867
6 3 867
3 12 224
12 3 224
3 30 501
30 3 501
4 16 345
16 4 345
4 23 187
23 4 187
5 6 380
6 5 380
5 20 249
20 5 249
5 32 47
32 5 47
5 20 356
20 5 356
5 21 210
21 5 210
5 11 571
11 5 571
5 32 257
32 5 257
5 18 700
18 5 700
5 22 370
22 5 370
6 9 398
9 6 398
6 10 663
10 6 663
6 12 495
12 6 495
6 18 116
18 6 116
6 26 847
26 6 847
6 30 770
30 6 770
7 28 783
28 7 783
7 23 789
23 7 789
8 11 419
11 8 419
8 28 119
28 8 119
8 12 898
12 8 898
8 25 234
25 8 234
9 17 846
17 9 846
9 28 688
28 9 688
9 28 561
28 9 561
10 28 8
28 10 8
10 14 571
14 10 571
10 35 117
35 10 117
10 33 830
33 10 830
10 13 830
13 10 830
10 15 943
15 10 943
10 19 831
19 10 831
11 13 924
13 11 924
11 14 644
14 11 644
11 31 16
31 11 16
12 15 706
15 12 706
12 27 458
27 12 458
12 19 232
19 12 232
12 21 283
21 12 283
12 17 130
17 12 130
13 25 422
25 13 422
13 24 271
24 13 271
13 20 333
20 13 333
13 24 164
24 13 164
14 25 391
25 14 391
14 33 23
33 14 23
15 30 286
30 15 286
15 28 417
28 15 417
16 32 440
32 16 440
16 30 82
30 16 82
16 34 563
34 16 563
16 35 52
35 16 52
17 19 264
19 17 264
17 27 354
27 17 354
17 25 493
25 17 493
17 24 173
24 17 173
18 29 376
29 18 376
18 35 357
35 18 357
19 23 974
23 19 974
19 24 454
24 19 454
19 21 363
21 19 363
20 34 404
34 20 404
21 27 908
27 21 908
21 22 14
22 21 14
22 28 966
28 22 966
22 24 997
24 22 997
22 22 266
22 22 266
24 28 534
28 24 534
24 32 121
32 24 121
25 26 31
26 25 31
26 31 669
31 26 669
29 35 117
35 29 117
31 34 337
34 31 337
