89

0 1 15
1 0 15
0 3 561
3 0 561
0 8 611
8 0 611
0 19 720
19 0 720
0 51 13
51 0 13
0 45 716
45 0 716
0 6 72
6 0 72
0 55 618
55 0 618
0 35 791
35 0 791
0 9 568
9 0 568
0 56 680
56 0 680
0 21 243
21 0 243
0 23 395
23 0 395
0 74 205
74 0 205
0 21 814
21 0 814
0 53 179
53 0 179
1 2 941
2 1 941
1 26 771
26 1 771
1 44 230
44 1 230
1 64 657
64 1 657
1 88 191
88 1 191
1 67 515
67 1 515
1 15 470
15 1 470
1 11 118
11 1 118
1 83 469
83 1 469
1 63 743
63 1 743
1 87 596
87 1 596
1 28 248
28 1 248
1 12 587
12 1 587
1 80 345
80 1 345
1 23 963
23 1 963
1 60 511
60 1 511
1 80 298
80 1 298
1 79 993
79 1 993
1 63 450
63 1 450
1 78 145
78 1 145
1 32 593
32 1 593
2 11 691
11 2 691
2 55 598
55 2 598
2 36 616
36 2 616
2 72 706
72 2 706
2 49 951
49 2 951
2 69 54
69 2 54
2 37 4
37 2 4
2 26 710
26 2 710
2 15 537
15 2 537
2 60 601
60 2 601
2 52 152
52 2 152
2 40 157
40 2 157
2 63 285
63 2 285
3 4 980
4 3 980
3 17 496
17 3 496
3 38 519
38 3 519
3 47 361
47 3 361
3 5 955
5 3 955
3 56 389
56 3 389
3 25 919
25 3 919
3 77 169
77 3 169
3 69 813
69 3 813
3 55 547
55 3 547
3 75 336
75 3 336
3 31 863
31 3 863
3 23 485
23 3 485
3 50 984
50 3 984
3 71 884
71 3 884
3 27 628
27 3 628
3 47 876
47 3 876
3 54 178
54 3 178
4 5 842
5 4 842
4 9 953
9 4 953
4 30 49
30 4 49
4 55 668
55 4 668
4 74 894
74 4 894
4 24 923
24 4 923
4 69 536
69 4 536
4 46 620
46 4 620
4 31 578
31 4 578
4 57 666
57 4 666
4 51 539
51 4 539
4 12 922
12 4 922
4 88 510
88 4 510
4 44 633
44 4 633
4 63 580
63 4 580
5 6 163
6 5 163
5 7 732
7 5 732
5 10 544
10 5 544
5 42 736
42 5 736
5 49 112
49 5 112
5 38 107
38 5 107
5 88 649
88 5 649
5 51 759
51 5 759
5 28 812
28 5 812
5 25 490
25 5 490
5 46 330
46 5 330
5 81 420
81 5 420
5 35 540
35 5 540
5 60 835
60 5 835
5 44 907
44 5 907
5 77 985
77 5 985
6 12 173
12 6 173
6 13 99
13 6 99
6 16 110
16 6 110
6 20 227
20 6 227
6 70 136
70 6 136
6 83 488
83 6 488
6 61 317
61 6 317
6 57 458
57 6 458
6 18 31
18 6 31
6 14 63
14 6 63
6 85 702
85 6 702
6 74 634
74 6 634
6 75 225
75 6 225
6 58 567
58 6 567
6 76 56
76 6 56
6 23 173
23 6 173
7 14 994
14 7 994
7 36 2
36 7 2
7 26 207
26 7 207
7 30 481
30 7 481
7 27 893
27 7 893
7 11 906
11 7 906
7 18 467
18 7 467
7 54 160
54 7 160
7 9 220
9 7 220
7 66 825
66 7 825
7 17 896
17 7 896
7 88 400
88 7 400
8 22 658
22 8 658
8 45 366
45 8 366
8 69 9
69 8 9
8 28 280
28 8 280
8 45 278
45 8 278
8 64 462
64 8 462
9 24 445
24 9 445
9 31 832
31 9 832
9 37 767
37 9 767
9 39 957
39 9 957
9 50 76
50 9 76
9 13 185
13 9 185
9 22 988
22 9 988
9 49 768
49 9 768
9 41 390
41 9 390
9 32 879
32 9 879
9 53 354
53 9 354
9 67 431
67 9 431
9 68 510
68 9 510
9 59 974
59 9 974
9 12 891
12 9 891
9 36 467
36 9 467
9 67 25
67 9 25
9 75 578
75 9 578
9 77 896
77 9 896
9 69 677
69 9 677
10 15 802
15 10 802
10 35 911
35 10 911
10 51 77
51 10 77
10 28 882
28 10 882
10 32 891
32 10 891
10 69 780
69 10 780
10 68 254
68 10 254
10 29 963
29 10 963
10 18 129
18 10 129
11 26 495
26 11 495
11 38 762
38 11 762
11 52 940
52 11 940
11 81 461
81 11 461
11 39 495
39 11 495
11 68 904
68 11 904
11 50 996
50 11 996
11 43 819
43 11 819
11 40 394
40 11 394
11 25 462
25 11 462
11 82 219
82 11 219
11 64 670
64 11 670
11 15 627
15 11 627
11 84 250
84 11 250
11 12 985
12 11 985
12 55 413
55 12 413
12 73 727
73 12 727
12 50 875
50 12 875
12 32 12
32 12 12
12 33 666
33 12 666
12 38 669
38 12 669
12 40 255
40 12 255
12 19 379
19 12 379
12 60 622
60 12 622
12 79 767
79 12 767
12 70 613
70 12 613
12 30 669
30 12 669
12 55 601
55 12 601
12 67 160
67 12 160
12 24 658
24 12 658
12 62 615
62 12 615
12 70 927
70 12 927
13 18 974
18 13 974
13 28 883
28 13 883
13 32 609
32 13 609
13 34 734
34 13 734
13 53 530
53 13 530
13 63 301
63 13 301
13 72 939
72 13 939
13 44 85
44 13 85
13 81 302
81 13 302
13 42 98
42 13 98
13 54 150
54 13 150
13 28 407
28 13 407
13 27 132
27 13 132
13 82 813
82 13 813
13 64 439
64 13 439
13 37 968
37 13 968
13 23 568
23 13 568
13 34 3
34 13 3
14 21 552
21 14 552
14 33 289
33 14 289
14 86 692
86 14 692
14 41 729
41 14 729
14 17 126
17 14 126
14 65 732
65 14 732
14 63 305
63 14 305
14 77 878
77 14 878
14 84 121
84 14 121
14 79 771
79 14 771
14 31 342
31 14 342
14 28 419
28 14 419
14 20 239
20 14 239
14 20 414
20 14 414
14 27 286
27 14 286
14 17 136
17 14 136
14 24 783
24 14 783
15 78 57
78 15 57
15 65 771
65 15 771
15 80 879
80 15 879
15 71 867
71 15 867
15 58 61
58 15 61
15 58 942
58 15 942
15 27 423
27 15 423
15 39 357
39 15 357
15 51 890
51 15 890
15 85 143
85 15 143
15 61 446
61 15 446
16 23 283
23 16 283
16 31 5
31 16 5
16 40 721
40 16 721
16 74 659
74 16 659
16 79 277
79 16 277
16 52 91
52 16 91
17 24 486
24 17 486
17 23 73
23 17 73
17 28 575
28 17 575
17 60 752
60 17 752
17 65 858
65 17 858
17 42 176
42 17 176
17 83 948
83 17 948
17 79 928
79 17 928
17 31 901
31 17 901
17 45 911
45 17 911
18 43 923
43 18 923
18 62 642
62 18 642
18 53 132
53 18 132
18 47 589
47 18 589
18 41 518
41 18 518
18 74 676
74 18 676
18 69 128
69 18 128
18 76 659
76 18 659
18 68 274
68 18 274
18 26 977
26 18 977
18 38 879
38 18 879
18 81 777
81 18 777
18 69 26
69 18 26
18 25 388
25 18 388
18 88 944
88 18 944
19 80 972
80 19 972
19 62 251
62 19 251
19 42 237
42 19 237
19 49 246
49 19 246
19 52 797
52 19 797
19 27 52
27 19 52
19 52 323
52 19 323
19 29 283
29 19 283
20 46 353
46 20 353
20 33 289
33 20 289
20 79 133
79 20 133
20 41 193
41 20 193
20 50 794
50 20 794
20 85 91
85 20 91
20 60 262
60 20 262
20 46 458
46 20 458
20 88 148
88 20 148
21 22 920
22 21 920
21 25 418
25 21 418
21 88 688
88 21 688
21 29 504
29 21 504
21 39 639
39 21 639
21 55 265
55 21 265
21 41 714
41 21 714
21 34 27
34 21 27
21 31 530
31 21 530
21 50 630
50 21 630
21 38 282
38 21 282
21 66 321
66 21 321
21 86 362
86 21 362
21 55 876
55 21 876
22 27 704
27 22 704
22 74 704
74 22 704
22 57 895
57 22 895
22 64 167
64 22 167
22 65 321
65 22 321
22 35 891
35 22 891
22 48 606
48 22 606
22 22 950
22 22 950
22 74 968
74 22 968
22 34 629
34 22 629
22 50 55
50 22 55
23 29 50
29 23 50
23 41 462
41 23 462
23 50 975
50 23 975
23 45 12
45 23 12
23 88 854
88 23 854
24 66 119
66 24 119
24 59 659
59 24 659
24 71 364
71 24 364
24 52 91
52 24 91
24 80 536
80 24 536
24 28 219
28 24 219
24 80 748
80 24 748
24 42 434
42 24 434
24 84 143
84 24 143
24 76 420
76 24 420
24 29 308
29 24 308
24 76 680
76 24 680
24 52 892
52 24 892
24 61 839
61 24 839
25 48 956
48 25 956
25 64 206
64 25 206
25 82 883
82 25 883
25 73 45
73 25 45
25 58 605
58 25 605
25 50 507
50 25 507
25 35 96
35 25 96
25 46 538
46 25 538
26 41 838
41 26 838
26 78 467
78 26 467
26 38 426
38 26 426
26 80 952
80 26 952
26 59 480
59 26 480
26 42 306
42 26 306
26 38 970
38 26 970
26 66 352
66 26 352
26 46 754
46 26 754
26 42 51
42 26 51
26 69 501
69 26 501
27 60 362
60 27 362
27 88 464
88 27 464
27 46 369
46 27 369
27 72 95
72 27 95
27 59 856
59 27 856
27 74 514
74 27 514
27 80 94
80 27 94
27 75 222
75 27 222
28 65 955
65 28 955
28 64 751
64 28 751
28 83 81
83 28 81
28 46 387
46 28 387
28 42 782
42 28 782
28 69 103
69 28 103
28 49 105
49 28 105
28 68 332
68 28 332
28 50 263
50 28 263
28 57 17
57 28 17
28 42 381
42 28 381
28 73 668
73 28 668
29 36 739
36 29 739
29 30 181
30 29 181
29 52 225
52 29 225
29 45 816
45 29 816
29 46 789
46 29 789
29 31 423
31 29 423
29 42 376
42 29 376
29 73 766
73 29 766
29 77 762
77 29 762
29 62 932
62 29 932
29 42 419
42 29 419
29 57 177
57 29 177
30 54 555
54 30 555
30 67 297
67 30 297
30 73 553
73 30 553
30 81 92
81 30 92
30 68 82
68 30 82
30 36 590
36 30 590
30 37 650
37 30 650
30 49 610
49 30 610
30 71 530
71 30 530
30 46 250
46 30 250
30 66 851
66 30 851
30 73 889
73 30 889
30 37 63
37 30 63
30 31 724
31 30 724
30 36 541
36 30 541
30 34 627
34 30 627
31 56 3
56 31 3
31 58 533
58 31 533
31 70 823
70 31 823
31 57 742
57 31 742
31 68 909
68 31 909
31 56 393
56 31 393
31 50 535
50 31 535
31 71 475
71 31 475
31 36 620
36 31 620
31 54 796
54 31 796
31 42 218
42 31 218
31 79 24
79 31 24
32 57 972
57 32 972
32 75 341
75 32 341
32 62 880
62 32 880
32 34 639
34 32 639
32 46 113
46 32 113
32 73 455
73 32 455
32 41 323
41 32 323
32 59 909
59 32 909
32 42 553
42 32 553
32 84 476
84 32 476
33 40 814
40 33 814
33 56 657
56 33 657
33 59 341
59 33 341
33 76 77
76 33 77
33 77 199
77 33 199
33 45 498
45 33 498
33 63 45
63 33 45
33 37 264
37 33 264
33 86 846
86 33 846
33 36 276
36 33 276
33 64 397
64 33 397
33 38 361
38 33 361
33 66 639
66 33 639
33 60 164
60 33 164
33 71 673
71 33 673
33 69 981
69 33 981
34 47 218
47 34 218
34 78 384
78 34 384
34 46 371
46 34 371
34 37 636
37 34 636
34 44 562
44 34 562
34 58 329
58 34 329
34 36 652
36 34 652
34 78 192
78 34 192
35 35 804
35 35 804
35 39 593
39 35 593
35 69 518
69 35 518
35 69 713
69 35 713
35 82 221
82 35 221
35 61 676
61 35 676
35 84 628
84 35 628
35 66 824
66 35 824
35 84 653
84 35 653
35 87 656
87 35 656
35 83 551
83 35 551
35 49 177
49 35 177
35 61 854
61 35 854
35 50 216
50 35 216
36 87 389
87 36 389
36 68 763
68 36 763
36 55 18
55 36 18
36 45 535
45 36 535
36 73 245
73 36 245
36 48 85
48 36 85
36 88 827
88 36 827
36 42 337
42 36 337
37 61 303
61 37 303
37 50 598
50 37 598
37 76 787
76 37 787
37 49 837
49 37 837
37 55 478
55 37 478
37 79 292
79 37 292
37 44 92
44 37 92
37 74 577
74 37 577
38 60 815
60 38 815
38 53 709
53 38 709
38 74 781
74 38 781
38 58 434
58 38 434
38 64 121
64 38 121
38 78 386
78 38 386
38 46 959
46 38 959
38 43 490
43 38 490
38 41 436
41 38 436
38 44 327
44 38 327
38 68 581
68 38 581
39 58 821
58 39 821
39 84 438
84 39 438
40 45 913
45 40 913
40 72 316
72 40 316
40 49 992
49 40 992
40 73 928
73 40 928
40 46 798
46 40 798
40 45 751
45 40 751
40 41 792
41 40 792
40 86 906
86 40 906
40 84 400
84 40 400
40 55 712
55 40 712
40 70 192
70 40 192
40 44 509
44 40 509
41 68 742
68 41 742
41 79 352
79 41 352
41 46 286
46 41 286
41 73 167
73 41 167
42 49 324
49 42 324
42 79 570
79 42 570
42 80 697
80 42 697
42 60 778
60 42 778
42 81 265
81 42 265
42 79 900
79 42 900
43 71 518
71 43 518
43 85 898
85 43 898
43 64 580
64 43 580
43 85 488
85 43 488
43 63 332
63 43 332
43 59 90
59 43 90
43 66 223
66 43 223
43 67 887
67 43 887
43 85 843
85 43 843
44 69 837
69 44 837
44 61 538
61 44 538
44 51 711
51 44 711
44 70 898
70 44 898
44 82 688
82 44 688
44 77 955
77 44 955
44 62 261
62 44 261
44 81 340
81 44 340
44 62 372
62 44 372
45 85 444
85 45 444
45 86 993
86 45 993
45 76 671
76 45 671
45 60 486
60 45 486
46 79 622
79 46 622
46 82 86
82 46 86
46 70 576
70 46 576
46 55 788
55 46 788
46 77 649
77 46 649
46 66 654
66 46 654
46 54 648
54 46 648
46 51 387
51 46 387
46 75 830
75 46 830
46 60 91
60 46 91
46 85 220
85 46 220
47 84 528
84 47 528
47 80 964
80 47 964
47 74 824
74 47 824
47 75 110
75 47 110
47 61 668
61 47 668
48 55 382
55 48 382
48 59 696
59 48 696
48 52 642
52 48 642
48 59 265
59 48 265
48 79 132
79 48 132
49 52 126
52 49 126
49 50 40
50 49 40
49 66 931
66 49 931
49 61 565
61 49 565
49 67 71
67 49 71
49 73 923
73 49 923
49 58 898
58 49 898
49 54 128
54 49 128
49 57 398
57 49 398
49 65 488
65 49 488
50 53 441
53 50 441
50 69 34
69 50 34
50 72 481
72 50 481
50 69 630
69 50 630
50 73 919
73 50 919
50 74 463
74 50 463
51 74 736
74 51 736
51 83 10
83 51 10
51 81 398
81 51 398
52 57 830
57 52 830
52 68 37
68 52 37
52 86 467
86 52 467
53 58 83
58 53 83
53 84 219
84 53 219
53 82 166
82 53 166
53 70 52
70 53 52
53 55 161
55 53 161
53 68 500
68 53 500
54 76 468
76 54 468
54 74 191
74 54 191
54 83 806
83 54 806
54 62 676
62 54 676
55 59 196
59 55 196
55 71 175
71 55 175
55 82 537
82 55 537
56 67 577
67 56 577
56 68 676
68 56 676
56 67 633
67 56 633
56 85 822
85 56 822
56 81 953
81 56 953
56 65 323
65 56 323
57 66 461
66 57 461
57 85 876
85 57 876
57 72 318
72 57 318
57 63 438
63 57 438
57 59 661
59 57 661
57 60 859
60 57 859
57 73 469
73 57 469
58 81 534
81 58 534
58 88 443
88 58 443
58 73 561
73 58 561
59 65 680
65 59 680
59 65 635
65 59 635
59 69 303
69 59 303
59 69 245
69 59 245
59 65 873
65 59 873
59 72 548
72 59 548
59 86 189
86 59 189
60 83 879
83 60 879
60 83 748
83 60 748
60 81 463
81 60 463
61 69 222
69 61 222
61 74 879
74 61 879
61 80 817
80 61 817
61 87 511
87 61 511
62 84 30
84 62 30
62 73 42
73 62 42
62 68 363
68 62 363
62 77 501
77 62 501
62 80 991
80 62 991
63 81 670
81 63 670
63 66 294
66 63 294
63 76 136
76 63 136
63 75 478
75 63 478
63 70 732
70 63 732
63 82 570
82 63 570
63 68 689
68 63 689
63 81 263
81 63 263
63 75 363
75 63 363
63 83 446
83 63 446
64 69 60
69 64 60
64 66 932
66 64 932
64 72 959
72 64 959
64 82 278
82 64 278
65 88 697
88 65 697
66 88 501
88 66 501
66 74 144
74 66 144
66 66 528
66 66 528
67 79 52
79 67 52
67 79 888
79 67 888
67 83 172
83 67 172
67 83 207
83 67 207
67 82 136
82 67 136
68 83 791
83 68 791
68 77 923
77 68 923
68 76 77
76 68 77
68 85 800
85 68 800
68 81 701
81 68 701
69 78 757
78 69 757
69 77 888
77 69 888
69 86 574
86 69 574
69 71 931
71 69 931
69 86 314
86 69 314
71 82 294
82 71 294
71 80 39
80 71 39
71 81 78
81 71 78
71 83 815
83 71 815
71 75 418
75 71 418
71 75 347
75 71 347
71 71 492
71 71 492
72 88 687
88 72 687
73 84 424
84 73 424
73 76 924
76 73 924
73 84 380
84 73 380
73 85 296
85 73 296
73 84 298
84 73 298
73 77 377
77 73 377
74 83 601
83 74 601
74 81 245
81 74 245
75 88 122
88 75 122
75 81 364
81 75 364
75 79 566
79 75 566
75 80 594
80 75 594
75 88 981
88 75 981
75 86 478
86 75 478
75 86 518
86 75 518
75 76 91
76 75 91
75 78 781
78 75 781
76 88 411
88 76 411
77 87 136
87 77 136
77 79 684
79 77 684
79 88 939
88 79 939
79 85 856
85 79 856
80 87 306
87 80 306
80 87 674
87 80 674
81 84 151
84 81 151
82 84 878
84 82 878
83 84 592
84 83 592
83 85 560
85 83 560
84 86 454
86 84 454
