55

0 1 135
1 0 135
0 50 630
50 0 630
0 37 365
37 0 365
0 2 208
2 0 208
0 37 50
37 0 50
0 34 454
34 0 454
0 1 826
1 0 826
0 29 404
29 0 404
1 2 238
2 1 238
1 19 366
19 1 366
1 21 827
21 1 827
1 11 472
11 1 472
1 19 156
19 1 156
1 7 373
7 1 373
1 31 8
31 1 8
1 21 722
21 1 722
1 3 59
3 1 59
2 3 78
3 2 78
2 6 710
6 2 710
2 7 909
7 2 909
2 13 102
13 2 102
2 18 498
18 2 498
2 23 482
23 2 482
2 37 803
37 2 803
2 46 185
46 2 185
2 7 808
7 2 808
2 2 842
2 2 842
2 19 887
19 2 887
2 9 160
9 2 160
3 4 863
4 3 863
3 5 440
5 3 440
3 8 579
8 3 579
3 15 717
15 3 717
3 23 384
23 3 384
3 46 4
46 3 4
3 32 788
32 3 788
3 25 47
25 3 47
4 49 150
49 4 150
4 45 140
45 4 140
4 10 630
10 4 630
4 25 646
25 4 646
4 17 892
17 4 892
5 11 131
11 5 131
5 37 424
37 5 424
5 13 63
13 5 63
5 16 250
16 5 250
5 47 701
47 5 701
5 39 468
39 5 468
6 12 808
12 6 808
6 48 875
48 6 875
6 9 634
9 6 634
6 30 699
30 6 699
6 51 251
51 6 251
6 39 732
39 6 732
6 52 433
52 6 433
6 53 974
53 6 974
6 13 225
13 6 225
6 28 294
28 6 294
7 9 665
9 7 665
7 17 456
17 7 456
7 37 232
37 7 232
7 36 352
36 7 352
7 13 542
13 7 542
7 30 453
30 7 453
7 40 893
40 7 893
7 41 718
41 7 718
7 51 875
51 7 875
8 10 853
10 8 853
8 51 482
51 8 482
8 32 621
32 8 621
8 22 731
22 8 731
8 25 799
25 8 799
8 44 309
44 8 309
8 34 540
34 8 540
8 24 443
24 8 443
9 32 593
32 9 593
9 36 724
36 9 724
9 20 368
20 9 368
9 53 126
53 9 126
9 28 660
28 9 660
9 39 941
39 9 941
9 19 35
19 9 35
9 34 935
34 9 935
9 45 463
45 9 463
10 13 641
13 10 641
10 32 180
32 10 180
11 14 136
14 11 136
11 34 577
34 11 577
11 41 758
41 11 758
11 41 66
41 11 66
11 27 711
27 11 711
11 48 730
48 11 730
11 13 540
13 11 540
11 42 758
42 11 758
11 22 935
22 11 935
12 33 115
33 12 115
12 37 570
37 12 570
12 39 220
39 12 220
12 36 378
36 12 378
12 27 665
27 12 665
12 40 452
40 12 452
12 13 174
13 12 174
13 24 401
24 13 401
13 30 171
30 13 171
13 42 632
42 13 632
13 49 147
49 13 147
13 31 556
31 13 556
13 21 625
21 13 625
14 16 132
16 14 132
14 26 207
26 14 207
14 31 593
31 14 593
14 35 495
35 14 495
14 41 81
41 14 81
14 39 191
39 14 191
14 40 985
40 14 985
15 44 387
44 15 387
15 15 680
15 15 680
16 25 397
25 16 397
16 39 614
39 16 614
16 28 72
28 16 72
16 26 317
26 16 317
16 43 789
43 16 789
16 52 171
52 16 171
17 22 466
22 17 466
17 49 998
49 17 998
17 53 320
53 17 320
17 29 151
29 17 151
17 21 958
21 17 958
18 27 541
27 18 541
18 39 646
39 18 646
18 36 660
36 18 660
18 49 47
49 18 47
18 35 207
35 18 207
18 38 507
38 18 507
18 49 543
49 18 543
18 23 721
23 18 721
19 20 324
20 19 324
19 43 331
43 19 331
19 29 688
29 19 688
19 49 317
49 19 317
19 45 501
45 19 501
19 48 875
48 19 875
20 53 986
53 20 986
20 25 488
25 20 488
20 24 305
24 20 305
20 53 913
53 20 913
20 21 370
21 20 370
20 22 837
22 20 837
20 32 769
32 20 769
20 35 708
35 20 708
21 35 851
35 21 851
21 22 901
22 21 901
21 27 336
27 21 336
21 45 937
45 21 937
22 36 417
36 22 417
22 25 302
25 22 302
22 44 347
44 22 347
22 39 810
39 22 810
22 32 413
32 22 413
23 54 582
54 23 582
23 32 963
32 23 963
23 52 326
52 23 326
24 31 137
31 24 137
25 28 34
28 25 34
25 29 584
29 25 584
25 46 157
46 25 157
26 35 746
35 26 746
27 38 367
38 27 367
27 38 237
38 27 237
27 50 31
50 27 31
27 49 57
49 27 57
28 50 977
50 28 977
28 44 355
44 28 355
28 44 737
44 28 737
28 42 131
42 28 131
29 40 238
40 29 238
29 32 418
32 29 418
29 37 4
37 29 4
29 43 464
43 29 464
29 36 618
36 29 618
30 44 207
44 30 207
30 45 69
45 30 69
30 47 334
47 30 334
30 37 805
37 30 805
31 33 541
33 31 541
31 48 831
48 31 831
32 54 548
54 32 548
32 52 831
52 32 831
32 53 685
53 32 685
32 47 522
47 32 522
32 32 427
32 32 427
33 34 392
34 33 392
33 41 93
41 33 93
33 41 711
41 33 711
33 43 79
43 33 79
34 38 401
38 34 401
34 39 937
39 34 937
35 42 457
42 35 457
35 46 203
46 35 203
35 53 851
53 35 851
35 48 159
48 35 159
35 49 628
49 35 628
35 46 141
46 35 141
36 45 376
45 36 376
36 38 95
38 36 95
36 36 151
36 36 151
36 40 949
40 36 949
36 36 463
36 36 463
37 48 594
48 37 594
37 53 604
53 37 604
38 47 738
47 38 738
38 40 80
40 38 80
38 39 184
39 38 184
39 44 217
44 39 217
39 42 111
42 39 111
39 48 681
48 39 681
39 41 700
41 39 700
40 44 329
44 40 329
40 51 180
51 40 180
41 46 933
46 41 933
41 46 236
46 41 236
42 47 536
47 42 536
42 50 702
50 42 702
43 43 618
43 43 618
43 54 727
54 43 727
43 54 949
54 43 949
43 53 428
53 43 428
44 51 613
51 44 613
44 49 280
49 44 280
44 50 36
50 44 36
44 54 238
54 44 238
45 45 249
45 45 249
45 51 291
51 45 291
45 54 158
54 45 158
46 54 839
54 46 839
47 51 71
51 47 71
49 52 595
52 49 595
49 51 812
51 49 812
51 54 300
54 51 300
52 54 705
54 52 705
