31

0 1 106
1 0 106
0 4 741
4 0 741
0 5 16
5 0 16
0 7 283
7 0 283
0 11 184
11 0 184
0 17 888
17 0 888
0 8 938
8 0 938
0 18 707
18 0 707
1 2 985
2 1 985
1 22 459
22 1 459
1 25 185
25 1 185
1 10 192
10 1 192
1 17 920
17 1 920
1 16 878
16 1 878
1 16 917
16 1 917
2 3 220
3 2 220
2 10 784
10 2 784
2 26 261
26 2 261
2 29 541
29 2 541
2 8 295
8 2 295
2 26 553
26 2 553
2 27 777
27 2 777
3 14 224
14 3 224
3 18 16
18 3 16
3 19 667
19 3 667
3 11 388
11 3 388
3 26 490
26 3 490
3 27 347
27 3 347
3 6 944
6 3 944
4 12 536
12 4 536
4 28 382
28 4 382
4 29 493
29 4 493
4 27 235
27 4 235
4 7 520
7 4 520
4 23 819
23 4 819
5 6 427
6 5 427
5 9 343
9 5 343
5 15 425
15 5 425
5 30 124
30 5 124
5 7 255
7 5 255
5 28 938
28 5 938
5 13 702
13 5 702
6 8 227
8 6 227
6 16 492
16 6 492
6 14 38
14 6 38
6 21 784
21 6 784
6 21 601
21 6 601
7 13 471
13 7 471
7 21 267
21 7 267
7 15 987
15 7 987
7 29 357
29 7 357
7 13 581
13 7 581
7 19 416
19 7 416
7 17 366
17 7 366
8 25 566
25 8 566
8 24 135
24 8 135
8 18 322
18 8 322
8 30 643
30 8 643
9 21 884
21 9 884
9 28 936
28 9 936
10 19 795
19 10 795
11 15 644
15 11 644
12 24 467
24 12 467
12 19 837
19 12 837
12 19 616
19 12 616
13 13 470
13 13 470
13 20 723
20 13 723
13 21 821
21 13 821
14 17 537
17 14 537
14 16 678
16 14 678
14 17 389
17 14 389
14 24 610
24 14 610
14 20 509
20 14 509
14 27 203
27 14 203
14 22 640
22 14 640
15 17 416
17 15 416
16 20 348
20 16 348
16 16 317
16 16 317
16 16 359
16 16 359
16 18 862
18 16 862
17 23 624
23 17 624
18 23 286
23 18 286
18 27 708
27 18 708
18 30 282
30 18 282
19 29 637
29 19 637
19 30 779
30 19 779
20 24 50
24 20 50
20 30 715
30 20 715
20 23 666
23 20 666
20 30 404
30 20 404
22 26 496
26 22 496
23 25 969
25 23 969
23 27 612
27 23 612
23 30 29
30 23 29
25 28 336
28 25 336
27 30 727
30 27 727
28 29 879
29 28 879
