63

0 1 431
1 0 431
0 3 161
3 0 161
0 6 610
6 0 610
0 18 714
18 0 714
0 39 538
39 0 538
0 52 789
52 0 789
0 9 364
9 0 364
0 46 392
46 0 392
1 2 600
2 1 600
1 45 29
45 1 29
1 37 954
37 1 954
1 29 329
29 1 329
1 37 420
37 1 420
2 7 219
7 2 219
2 8 318
8 2 318
2 29 665
29 2 665
2 48 229
48 2 229
2 35 968
35 2 968
2 6 802
6 2 802
3 4 781
4 3 781
3 11 41
11 3 41
3 37 570
37 3 570
3 37 52
37 3 52
3 20 583
20 3 583
3 13 521
13 3 521
4 5 529
5 4 529
4 15 591
15 4 591
4 21 423
21 4 423
4 54 162
54 4 162
4 44 356
44 4 356
5 45 350
45 5 350
5 6 837
6 5 837
5 52 339
52 5 339
5 19 923
19 5 923
6 57 795
57 6 795
6 35 622
35 6 622
7 12 969
12 7 969
7 17 208
17 7 208
7 22 285
22 7 285
7 27 982
27 7 982
7 52 687
52 7 687
7 11 305
11 7 305
8 9 865
9 8 865
8 10 150
10 8 150
8 31 297
31 8 297
8 53 661
53 8 661
8 58 181
58 8 181
8 49 113
49 8 113
8 62 670
62 8 670
9 13 12
13 9 12
9 30 815
30 9 815
9 44 615
44 9 615
9 18 412
18 9 412
9 58 383
58 9 383
9 47 679
47 9 679
10 33 45
33 10 45
10 17 35
17 10 35
10 34 262
34 10 262
10 11 654
11 10 654
11 14 325
14 11 325
11 25 666
25 11 666
11 14 962
14 11 962
11 29 131
29 11 131
11 15 978
15 11 978
11 55 755
55 11 755
11 48 750
48 11 750
12 20 310
20 12 310
12 12 372
12 12 372
12 31 952
31 12 952
13 23 128
23 13 128
13 20 437
20 13 437
13 25 839
25 13 839
14 19 385
19 14 385
14 32 286
32 14 286
15 16 917
16 15 917
15 27 410
27 15 410
16 34 708
34 16 708
16 19 15
19 16 15
16 25 629
25 16 629
17 46 29
46 17 29
17 56 305
56 17 305
18 24 40
24 18 40
18 28 379
28 18 379
18 35 499
35 18 499
18 38 536
38 18 536
18 41 8
41 18 8
18 54 723
54 18 723
18 49 578
49 18 578
19 22 16
22 19 16
19 47 481
47 19 481
20 47 514
47 20 514
23 26 436
26 23 436
23 45 242
45 23 242
23 44 345
44 23 345
24 58 657
58 24 657
25 57 183
57 25 183
27 41 784
41 27 784
27 54 871
54 27 871
27 58 531
58 27 531
27 42 787
42 27 787
27 47 421
47 27 421
28 33 942
33 28 942
28 36 38
36 28 38
28 62 959
62 28 959
28 41 40
41 28 40
29 40 850
40 29 850
29 49 799
49 29 799
30 55 77
55 30 77
31 51 757
51 31 757
31 44 87
44 31 87
31 40 690
40 31 690
31 50 624
50 31 624
34 45 920
45 34 920
34 49 34
49 34 34
34 50 21
50 34 21
36 43 607
43 36 607
36 60 356
60 36 356
36 49 563
49 36 563
37 47 95
47 37 95
37 55 264
55 37 264
38 43 90
43 38 90
39 42 179
42 39 179
39 57 526
57 39 526
41 56 671
56 41 671
41 55 624
55 41 624
41 44 668
44 41 668
42 61 36
61 42 36
42 53 761
53 42 761
42 49 485
49 42 485
43 60 407
60 43 407
44 50 494
50 44 494
45 62 81
62 45 81
46 55 126
55 46 126
46 48 148
48 46 148
47 49 353
49 47 353
47 51 143
51 47 143
47 56 688
56 47 688
50 62 225
62 50 225
51 58 127
58 51 127
54 61 120
61 54 120
57 59 231
59 57 231
60 61 490
61 60 490
