64

0 1 513
1 0 513
0 16 487
16 0 487
0 19 797
19 0 797
0 48 343
48 0 343
0 40 507
40 0 507
0 2 182
2 0 182
1 2 68
2 1 68
1 3 860
3 1 860
1 13 615
13 1 615
1 31 21
31 1 21
2 4 53
4 2 53
2 6 8
6 2 8
2 7 841
7 2 841
2 34 16
34 2 16
2 35 578
35 2 578
2 61 263
61 2 263
2 41 328
41 2 328
3 5 672
5 3 672
3 56 98
56 3 98
3 24 912
24 3 912
3 17 695
17 3 695
3 27 772
27 3 772
4 10 156
10 4 156
4 15 439
15 4 439
4 28 49
28 4 49
4 42 408
42 4 408
4 14 564
14 4 564
5 12 879
12 5 879
5 56 310
56 5 310
5 54 840
54 5 840
6 8 312
8 6 312
7 51 969
51 7 969
7 43 116
43 7 116
7 55 297
55 7 297
8 9 978
9 8 978
8 11 121
11 8 121
8 24 122
24 8 122
8 44 98
44 8 98
8 55 975
55 8 975
9 21 641
21 9 641
9 63 585
63 9 585
9 25 164
25 9 164
10 60 516
60 10 516
11 14 82
14 11 82
11 27 199
27 11 199
11 45 721
45 11 721
12 17 486
17 12 486
12 29 833
29 12 833
12 32 195
32 12 195
12 45 447
45 12 447
12 46 798
46 12 798
12 21 275
21 12 275
13 20 593
20 13 593
13 23 420
23 13 420
14 30 758
30 14 758
14 31 734
31 14 734
14 48 993
48 14 993
14 52 578
52 14 578
14 18 926
18 14 926
15 46 578
46 15 578
15 28 653
28 15 653
15 44 340
44 15 340
16 22 715
22 16 715
16 26 781
26 16 781
16 55 258
55 16 258
17 18 261
18 17 261
17 42 474
42 17 474
17 42 661
42 17 661
18 43 454
43 18 454
18 19 394
19 18 394
18 23 156
23 18 156
21 33 444
33 21 444
21 30 889
30 21 889
21 28 907
28 21 907
22 49 684
49 22 684
22 27 935
27 22 935
22 56 98
56 22 98
22 49 452
49 22 452
22 57 240
57 22 240
23 33 599
33 23 599
24 25 284
25 24 284
24 54 374
54 24 374
24 61 182
61 24 182
24 25 931
25 24 931
24 28 542
28 24 542
24 57 243
57 24 243
25 39 436
39 25 436
25 41 633
41 25 633
25 57 517
57 25 517
25 49 347
49 25 347
25 29 453
29 25 453
25 62 14
62 25 14
25 35 736
35 25 736
26 40 911
40 26 911
26 59 388
59 26 388
26 45 804
45 26 804
26 33 506
33 26 506
27 59 13
59 27 13
27 31 885
31 27 885
27 40 351
40 27 351
30 52 900
52 30 900
30 42 67
42 30 67
31 62 743
62 31 743
31 51 495
51 31 495
32 36 343
36 32 343
32 37 157
37 32 157
33 38 456
38 33 456
33 60 763
60 33 763
33 60 560
60 33 560
34 43 266
43 34 266
35 47 366
47 35 366
36 47 752
47 36 752
36 59 435
59 36 435
36 61 436
61 36 436
36 49 388
49 36 388
37 39 860
39 37 860
38 53 529
53 38 529
39 48 383
48 39 383
40 50 682
50 40 682
40 61 803
61 40 803
42 58 608
58 42 608
42 53 393
53 42 393
42 45 557
45 42 557
43 55 67
55 43 67
44 58 416
58 44 416
45 56 95
56 45 95
46 52 369
52 46 369
47 51 490
51 47 490
49 54 971
54 49 971
