30

0 1 640
1 0 640
0 2 786
2 0 786
0 7 109
7 0 109
0 9 862
9 0 862
1 3 485
3 1 485
1 6 765
6 1 765
1 18 553
18 1 553
1 21 499
21 1 499
1 29 445
29 1 445
1 18 173
18 1 173
2 4 9
4 2 9
3 11 191
11 3 191
3 15 86
15 3 86
4 5 680
5 4 680
4 13 498
13 4 498
4 24 226
24 4 226
4 27 896
27 4 896
4 28 102
28 4 102
5 14 769
14 5 769
6 8 27
8 6 27
6 19 765
19 6 765
6 22 382
22 6 382
6 25 61
25 6 61
8 10 919
10 8 919
9 12 638
12 9 638
9 23 291
23 9 291
11 17 202
17 11 202
11 26 388
26 11 388
12 16 951
16 12 951
13 26 732
26 13 732
14 17 121
17 14 121
18 20 194
20 18 194
