22

0 1 681
1 0 681
0 2 763
2 0 763
0 6 857
6 0 857
0 8 984
8 0 984
0 12 39
12 0 39
0 12 793
12 0 793
1 3 475
3 1 475
1 10 188
10 1 188
2 4 534
4 2 534
2 11 44
11 2 44
2 13 841
13 2 841
2 15 593
15 2 593
2 11 607
11 2 607
2 10 870
10 2 870
3 9 845
9 3 845
4 5 986
5 4 986
4 21 11
21 4 11
4 17 981
17 4 981
4 7 116
7 4 116
5 7 154
7 5 154
5 17 366
17 5 366
5 17 248
17 5 248
5 13 636
13 5 636
5 11 840
11 5 840
5 9 440
9 5 440
5 8 442
8 5 442
6 16 22
16 6 22
6 8 252
8 6 252
6 17 230
17 6 230
6 6 490
6 6 490
7 19 561
19 7 561
7 20 226
20 7 226
7 21 712
21 7 712
8 18 625
18 8 625
8 13 485
13 8 485
8 19 898
19 8 898
9 10 445
10 9 445
9 16 212
16 9 212
10 12 659
12 10 659
10 14 504
14 10 504
10 14 475
14 10 475
10 11 504
11 10 504
10 15 13
15 10 13
10 13 720
13 10 720
11 14 253
14 11 253
12 12 957
12 12 957
12 13 837
13 12 837
14 20 140
20 14 140
15 20 813
20 15 813
18 20 47
20 18 47
18 19 944
19 18 944
