42

0 1 932
1 0 932
0 4 565
4 0 565
0 16 576
16 0 576
0 29 280
29 0 280
0 20 483
20 0 483
0 0 170
0 0 170
0 4 774
4 0 774
1 2 76
2 1 76
1 3 809
3 1 809
1 5 706
5 1 706
1 6 706
6 1 706
1 8 683
8 1 683
1 12 860
12 1 860
1 37 702
37 1 702
1 16 781
16 1 781
1 1 299
1 1 299
1 2 497
2 1 497
1 26 828
26 1 828
2 11 920
11 2 920
2 15 168
15 2 168
2 19 444
19 2 444
2 14 98
14 2 98
2 16 813
16 2 813
3 13 177
13 3 177
3 30 198
30 3 198
3 31 841
31 3 841
3 11 493
11 3 493
3 7 677
7 3 677
3 38 795
38 3 795
3 8 772
8 3 772
3 31 390
31 3 390
4 26 789
26 4 789
4 15 247
15 4 247
4 32 338
32 4 338
4 14 307
14 4 307
4 28 168
28 4 168
5 9 201
9 5 201
5 10 244
10 5 244
5 9 578
9 5 578
5 18 435
18 5 435
5 38 318
38 5 318
6 7 350
7 6 350
6 28 977
28 6 977
6 32 878
32 6 878
7 18 438
18 7 438
7 38 354
38 7 354
7 31 165
31 7 165
7 39 792
39 7 792
8 14 557
14 8 557
8 24 66
24 8 66
8 41 50
41 8 50
8 18 544
18 8 544
9 32 369
32 9 369
10 22 775
22 10 775
10 10 79
10 10 79
10 31 417
31 10 417
11 39 793
39 11 793
11 40 502
40 11 502
11 33 572
33 11 572
12 35 627
35 12 627
13 26 836
26 13 836
13 26 856
26 13 856
14 17 5
17 14 5
14 20 682
20 14 682
14 20 418
20 14 418
14 31 315
31 14 315
14 34 694
34 14 694
14 16 613
16 14 613
14 18 428
18 14 428
15 23 176
23 15 176
15 21 111
21 15 111
15 39 722
39 15 722
15 31 187
31 15 187
15 26 883
26 15 883
15 27 79
27 15 79
16 19 921
19 16 921
16 26 126
26 16 126
17 31 920
31 17 920
17 24 140
24 17 140
18 27 35
27 18 35
18 34 388
34 18 388
18 21 409
21 18 409
19 31 244
31 19 244
20 21 331
21 20 331
20 27 570
27 20 570
21 38 884
38 21 884
21 37 160
37 21 160
21 26 462
26 21 462
22 25 9
25 22 9
23 25 148
25 23 148
23 35 907
35 23 907
23 28 24
28 23 24
24 35 200
35 24 200
24 28 716
28 24 716
25 33 869
33 25 869
25 35 591
35 25 591
26 35 819
35 26 819
27 41 905
41 27 905
28 41 838
41 28 838
29 36 785
36 29 785
29 40 138
40 29 138
29 38 612
38 29 612
30 32 33
32 30 33
30 33 833
33 30 833
30 36 459
36 30 459
30 33 969
33 30 969
31 33 973
33 31 973
31 38 661
38 31 661
33 34 121
34 33 121
