92

0 1 252
1 0 252
0 2 709
2 0 709
0 8 263
8 0 263
0 9 298
9 0 298
0 47 667
47 0 667
0 21 230
21 0 230
0 70 610
70 0 610
0 9 823
9 0 823
0 68 6
68 0 6
0 36 957
36 0 957
0 79 756
79 0 756
0 66 624
66 0 624
0 1 887
1 0 887
0 11 209
11 0 209
0 91 811
91 0 811
0 82 501
82 0 501
0 70 920
70 0 920
0 11 158
11 0 158
0 62 642
62 0 642
1 3 507
3 1 507
1 4 894
4 1 894
1 14 514
14 1 514
1 15 15
15 1 15
1 25 690
25 1 690
1 32 432
32 1 432
1 73 552
73 1 552
1 79 115
79 1 115
1 5 277
5 1 277
1 2 320
2 1 320
1 17 411
17 1 411
1 46 612
46 1 612
1 62 865
62 1 865
1 13 795
13 1 795
1 4 414
4 1 414
1 17 217
17 1 217
1 40 354
40 1 354
1 34 924
34 1 924
2 6 804
6 2 804
2 34 475
34 2 475
2 41 542
41 2 542
2 55 386
55 2 386
2 29 267
29 2 267
2 51 467
51 2 467
2 35 66
35 2 66
2 10 369
10 2 369
2 14 278
14 2 278
2 89 852
89 2 852
2 85 682
85 2 682
2 22 951
22 2 951
2 33 469
33 2 469
2 49 306
49 2 306
2 52 424
52 2 424
2 25 596
25 2 596
2 7 182
7 2 182
2 35 254
35 2 254
3 10 863
10 3 863
3 20 841
20 3 841
3 36 96
36 3 96
3 46 13
46 3 13
3 54 571
54 3 571
3 78 958
78 3 958
3 3 223
3 3 223
3 86 271
86 3 271
3 51 702
51 3 702
3 33 409
33 3 409
3 17 745
17 3 745
3 25 166
25 3 166
3 84 976
84 3 976
3 19 732
19 3 732
4 5 822
5 4 822
4 13 342
13 4 342
4 73 691
73 4 691
4 44 454
44 4 454
4 30 176
30 4 176
4 67 480
67 4 480
4 5 321
5 4 321
4 70 344
70 4 344
4 40 550
40 4 550
4 32 122
32 4 122
4 13 990
13 4 990
4 7 129
7 4 129
4 18 371
18 4 371
4 13 687
13 4 687
4 76 739
76 4 739
4 41 590
41 4 590
4 52 236
52 4 236
4 16 867
16 4 867
5 7 756
7 5 756
5 17 379
17 5 379
5 21 914
21 5 914
5 13 10
13 5 10
5 60 345
60 5 345
5 58 914
58 5 914
5 29 382
29 5 382
5 82 476
82 5 476
5 41 747
41 5 747
5 20 999
20 5 999
5 90 384
90 5 384
5 52 651
52 5 651
5 75 831
75 5 831
5 63 665
63 5 665
5 14 277
14 5 277
5 53 223
53 5 223
5 17 939
17 5 939
5 28 169
28 5 169
6 19 240
19 6 240
6 30 246
30 6 246
6 68 431
68 6 431
6 51 914
51 6 914
6 61 603
61 6 603
6 84 472
84 6 472
6 83 667
83 6 667
6 57 14
57 6 14
6 29 874
29 6 874
6 56 746
56 6 746
6 91 638
91 6 638
6 54 542
54 6 542
6 65 734
65 6 734
6 70 368
70 6 368
7 12 477
12 7 477
7 71 265
71 7 265
7 77 277
77 7 277
7 79 277
79 7 277
7 72 671
72 7 671
7 22 351
22 7 351
7 42 780
42 7 780
7 35 81
35 7 81
7 62 462
62 7 462
7 54 722
54 7 722
7 21 865
21 7 865
7 87 601
87 7 601
7 34 245
34 7 245
7 81 389
81 7 389
7 33 20
33 7 20
7 11 883
11 7 883
8 26 284
26 8 284
8 31 122
31 8 122
8 84 891
84 8 891
8 36 796
36 8 796
8 62 762
62 8 762
8 51 708
51 8 708
8 68 353
68 8 353
8 63 94
63 8 94
8 82 618
82 8 618
8 16 730
16 8 730
9 48 707
48 9 707
9 56 670
56 9 670
9 67 803
67 9 803
9 77 419
77 9 419
9 90 775
90 9 775
9 49 661
49 9 661
9 38 261
38 9 261
9 11 41
11 9 41
9 32 187
32 9 187
9 30 901
30 9 901
9 10 615
10 9 615
9 62 528
62 9 528
9 50 386
50 9 386
9 85 136
85 9 136
9 19 43
19 9 43
9 59 317
59 9 317
9 28 403
28 9 403
9 30 434
30 9 434
10 11 252
11 10 252
10 16 795
16 10 795
10 22 47
22 10 47
10 24 47
24 10 47
10 43 58
43 10 58
10 63 620
63 10 620
10 85 75
85 10 75
10 13 314
13 10 314
10 12 453
12 10 453
10 27 131
27 10 131
10 31 884
31 10 884
10 76 979
76 10 979
10 69 695
69 10 695
10 54 440
54 10 440
10 49 337
49 10 337
10 88 423
88 10 423
10 85 94
85 10 94
10 19 884
19 10 884
10 87 574
87 10 574
10 26 139
26 10 139
10 83 82
83 10 82
10 46 878
46 10 878
10 79 112
79 10 112
10 18 174
18 10 174
10 33 88
33 10 88
10 18 699
18 10 699
10 76 226
76 10 226
10 55 752
55 10 752
11 33 650
33 11 650
11 18 335
18 11 335
11 82 512
82 11 512
11 47 114
47 11 114
11 78 396
78 11 396
11 18 665
18 11 665
11 62 197
62 11 197
11 48 716
48 11 716
11 13 905
13 11 905
11 59 315
59 11 315
11 50 497
50 11 497
11 69 205
69 11 205
12 37 592
37 12 592
12 70 860
70 12 860
12 45 133
45 12 133
12 78 305
78 12 305
12 56 207
56 12 207
12 54 648
54 12 648
12 58 383
58 12 383
13 23 561
23 13 561
13 36 638
36 13 638
13 19 193
19 13 193
13 26 56
26 13 56
13 68 100
68 13 100
13 56 564
56 13 564
13 24 541
24 13 541
13 55 642
55 13 642
13 57 213
57 13 213
13 59 607
59 13 607
13 88 661
88 13 661
13 17 924
17 13 924
13 84 732
84 13 732
13 81 719
81 13 719
14 18 291
18 14 291
14 52 810
52 14 810
14 57 472
57 14 472
14 72 618
72 14 618
14 35 385
35 14 385
14 37 20
37 14 20
14 51 839
51 14 839
14 77 652
77 14 652
14 51 388
51 14 388
14 42 2
42 14 2
14 34 928
34 14 928
14 38 894
38 14 894
14 32 25
32 14 25
15 35 775
35 15 775
15 51 605
51 15 605
15 20 234
20 15 234
15 62 357
62 15 357
15 91 780
91 15 780
15 81 186
81 15 186
15 58 283
58 15 283
15 31 986
31 15 986
15 57 92
57 15 92
15 63 383
63 15 383
15 60 119
60 15 119
15 66 956
66 15 956
15 85 607
85 15 607
15 67 751
67 15 751
15 66 383
66 15 383
16 43 368
43 16 368
16 46 843
46 16 843
16 33 4
33 16 4
16 83 740
83 16 740
16 65 679
65 16 679
16 18 822
18 16 822
16 43 86
43 16 86
16 20 362
20 16 362
17 45 261
45 17 261
17 60 261
60 17 261
17 43 131
43 17 131
17 31 545
31 17 545
17 33 470
33 17 470
17 73 706
73 17 706
17 52 694
52 17 694
17 32 339
32 17 339
17 30 627
30 17 627
17 36 231
36 17 231
18 28 662
28 18 662
18 31 564
31 18 564
18 64 633
64 18 633
18 19 470
19 18 470
18 69 271
69 18 271
18 91 785
91 18 785
18 39 841
39 18 841
18 68 984
68 18 984
18 23 496
23 18 496
18 26 446
26 18 446
18 61 563
61 18 563
18 61 786
61 18 786
18 85 260
85 18 260
18 51 141
51 18 141
18 41 94
41 18 94
18 62 857
62 18 857
18 19 869
19 18 869
18 67 355
67 18 355
19 49 230
49 19 230
19 80 35
80 19 35
19 64 269
64 19 269
19 39 164
39 19 164
19 49 520
49 19 520
19 87 511
87 19 511
19 76 890
76 19 890
19 47 48
47 19 48
19 62 678
62 19 678
20 80 454
80 20 454
20 34 270
34 20 270
20 54 773
54 20 773
20 63 73
63 20 73
20 36 501
36 20 501
20 52 827
52 20 827
20 84 980
84 20 980
20 87 983
87 20 983
20 46 123
46 20 123
20 66 656
66 20 656
20 51 72
51 20 72
21 42 687
42 21 687
21 50 513
50 21 513
21 62 24
62 21 24
21 37 708
37 21 708
21 52 373
52 21 373
21 79 195
79 21 195
21 74 71
74 21 71
21 32 9
32 21 9
21 58 585
58 21 585
21 34 453
34 21 453
21 57 676
57 21 676
21 83 311
83 21 311
21 45 985
45 21 985
21 30 219
30 21 219
21 81 994
81 21 994
22 63 509
63 22 509
22 51 70
51 22 70
22 74 41
74 22 41
22 76 546
76 22 546
22 84 208
84 22 208
22 22 450
22 22 450
22 78 410
78 22 410
22 39 790
39 22 790
22 35 388
35 22 388
22 51 537
51 22 537
22 71 655
71 22 655
22 26 122
26 22 122
22 71 171
71 22 171
23 35 433
35 23 433
23 30 495
30 23 495
23 41 777
41 23 777
23 41 216
41 23 216
23 67 370
67 23 370
23 79 766
79 23 766
23 30 349
30 23 349
23 90 353
90 23 353
23 72 44
72 23 44
23 49 422
49 23 422
23 87 712
87 23 712
23 76 822
76 23 822
23 63 741
63 23 741
23 30 39
30 23 39
23 77 877
77 23 877
23 67 220
67 23 220
23 53 943
53 23 943
23 48 960
48 23 960
24 27 874
27 24 874
24 29 160
29 24 160
24 44 311
44 24 311
24 60 468
60 24 468
24 40 414
40 24 414
24 79 118
79 24 118
24 67 630
67 24 630
24 85 284
85 24 284
24 44 114
44 24 114
24 49 759
49 24 759
25 38 641
38 25 641
25 40 285
40 25 285
25 53 215
53 25 215
25 78 447
78 25 447
25 49 279
49 25 279
25 76 500
76 25 500
25 50 590
50 25 590
25 45 156
45 25 156
25 61 150
61 25 150
25 76 607
76 25 607
25 42 942
42 25 942
25 68 753
68 25 753
25 87 96
87 25 96
25 85 504
85 25 504
25 90 7
90 25 7
26 37 298
37 26 298
26 75 475
75 26 475
26 40 428
40 26 428
26 73 688
73 26 688
26 45 196
45 26 196
26 45 994
45 26 994
26 60 996
60 26 996
26 43 326
43 26 326
26 61 636
61 26 636
26 57 581
57 26 581
27 69 31
69 27 31
27 47 814
47 27 814
27 91 899
91 27 899
27 63 124
63 27 124
27 45 413
45 27 413
27 29 933
29 27 933
27 88 591
88 27 591
27 83 172
83 27 172
27 44 75
44 27 75
27 61 57
61 27 57
27 44 57
44 27 57
27 33 281
33 27 281
27 71 591
71 27 591
28 46 892
46 28 892
28 33 501
33 28 501
28 79 216
79 28 216
28 90 36
90 28 36
28 59 750
59 28 750
28 51 907
51 28 907
28 39 618
39 28 618
28 76 308
76 28 308
29 66 796
66 29 796
29 85 188
85 29 188
29 91 553
91 29 553
29 64 780
64 29 780
29 90 429
90 29 429
29 81 258
81 29 258
29 61 439
61 29 439
29 75 275
75 29 275
29 76 941
76 29 941
29 32 386
32 29 386
29 82 284
82 29 284
30 84 480
84 30 480
30 77 873
77 30 873
30 80 648
80 30 648
30 80 818
80 30 818
30 59 581
59 30 581
30 64 553
64 30 553
30 63 102
63 30 102
30 54 677
54 30 677
30 46 659
46 30 659
30 33 357
33 30 357
30 81 414
81 30 414
30 87 564
87 30 564
30 82 886
82 30 886
30 48 657
48 30 657
30 61 546
61 30 546
30 66 21
66 30 21
30 62 248
62 30 248
30 37 173
37 30 173
30 46 523
46 30 523
31 64 580
64 31 580
31 74 77
74 31 77
31 34 530
34 31 530
31 77 321
77 31 321
31 41 682
41 31 682
31 89 859
89 31 859
31 37 946
37 31 946
31 40 693
40 31 693
31 78 764
78 31 764
31 32 108
32 31 108
32 35 585
35 32 585
32 61 467
61 32 467
32 48 770
48 32 770
32 91 628
91 32 628
32 43 776
43 32 776
32 50 731
50 32 731
32 57 1000
57 32 1000
32 52 624
52 32 624
32 66 952
66 32 952
32 84 272
84 32 272
32 36 605
36 32 605
32 64 510
64 32 510
32 60 103
60 32 103
33 39 935
39 33 935
33 44 821
44 33 821
33 91 85
91 33 85
33 75 580
75 33 580
33 85 150
85 33 150
33 60 483
60 33 483
33 51 208
51 33 208
33 38 308
38 33 308
33 43 314
43 33 314
34 66 770
66 34 770
34 62 572
62 34 572
34 86 120
86 34 120
34 60 213
60 34 213
34 66 46
66 34 46
34 89 177
89 34 177
34 76 611
76 34 611
34 82 316
82 34 316
35 49 269
49 35 269
35 54 240
54 35 240
35 64 624
64 35 624
35 85 938
85 35 938
35 39 284
39 35 284
36 82 54
82 36 54
36 70 112
70 36 112
36 65 347
65 36 347
36 45 638
45 36 638
36 89 982
89 36 982
36 87 212
87 36 212
36 45 368
45 36 368
36 46 41
46 36 41
36 53 838
53 36 838
36 65 999
65 36 999
36 65 685
65 36 685
37 64 611
64 37 611
37 76 632
76 37 632
37 60 227
60 37 227
37 78 333
78 37 333
37 49 686
49 37 686
37 79 888
79 37 888
37 66 218
66 37 218
37 48 748
48 37 748
38 91 889
91 38 889
38 51 775
51 38 775
38 61 466
61 38 466
38 57 275
57 38 275
38 67 233
67 38 233
38 40 443
40 38 443
38 75 469
75 38 469
38 64 208
64 38 208
38 61 525
61 38 525
38 67 638
67 38 638
38 79 723
79 38 723
39 86 772
86 39 772
39 44 459
44 39 459
39 40 598
40 39 598
39 88 26
88 39 26
39 45 443
45 39 443
39 77 535
77 39 535
39 79 842
79 39 842
40 75 76
75 40 76
40 77 865
77 40 865
40 46 806
46 40 806
40 73 216
73 40 216
40 76 199
76 40 199
40 53 1000
53 40 1000
40 62 954
62 40 954
40 85 44
85 40 44
40 61 208
61 40 208
40 89 163
89 40 163
41 58 538
58 41 538
41 60 483
60 41 483
41 63 607
63 41 607
41 82 55
82 41 55
41 49 95
49 41 95
41 88 51
88 41 51
41 51 556
51 41 556
41 41 326
41 41 326
41 44 15
44 41 15
41 53 608
53 41 608
42 59 349
59 42 349
42 89 425
89 42 425
42 73 877
73 42 877
42 53 192
53 42 192
42 80 871
80 42 871
42 73 256
73 42 256
42 81 200
81 42 200
42 73 658
73 42 658
43 55 596
55 43 596
43 78 923
78 43 923
43 68 10
68 43 10
43 60 971
60 43 971
44 69 853
69 44 853
44 83 483
83 44 483
44 82 30
82 44 30
44 70 76
70 44 76
44 57 117
57 44 117
44 78 969
78 44 969
44 76 822
76 44 822
44 84 639
84 44 639
44 80 284
80 44 284
44 80 722
80 44 722
44 88 591
88 44 591
45 63 397
63 45 397
45 61 473
61 45 473
45 62 462
62 45 462
45 53 614
53 45 614
46 80 743
80 46 743
46 65 522
65 46 522
46 58 548
58 46 548
46 81 604
81 46 604
46 61 678
61 46 678
46 60 230
60 46 230
46 55 854
55 46 854
47 76 407
76 47 407
47 60 731
60 47 731
47 89 418
89 47 418
47 70 534
70 47 534
47 71 237
71 47 237
47 91 993
91 47 993
47 59 390
59 47 390
48 56 257
56 48 257
48 74 216
74 48 216
48 64 697
64 48 697
48 53 222
53 48 222
48 50 770
50 48 770
48 82 191
82 48 191
48 86 187
86 48 187
48 61 995
61 48 995
48 53 746
53 48 746
49 62 638
62 49 638
49 72 49
72 49 49
49 59 57
59 49 57
49 80 25
80 49 25
49 90 472
90 49 472
49 80 121
80 49 121
49 55 619
55 49 619
50 61 297
61 50 297
50 75 488
75 50 488
50 67 761
67 50 761
50 76 12
76 50 12
50 75 707
75 50 707
51 56 207
56 51 207
51 64 401
64 51 401
51 59 10
59 51 10
51 82 684
82 51 684
52 70 384
70 52 384
52 70 969
70 52 969
53 67 499
67 53 499
53 85 882
85 53 882
53 86 663
86 53 663
53 87 555
87 53 555
53 66 582
66 53 582
53 79 899
79 53 899
53 90 287
90 53 287
53 59 370
59 53 370
54 65 247
65 54 247
54 82 915
82 54 915
54 79 534
79 54 534
54 54 716
54 54 716
54 84 815
84 54 815
55 87 586
87 55 586
55 58 928
58 55 928
55 60 351
60 55 351
55 70 96
70 55 96
55 91 914
91 55 914
56 81 544
81 56 544
56 77 919
77 56 919
56 73 410
73 56 410
56 71 426
71 56 426
56 71 628
71 56 628
57 59 13
59 57 13
57 83 876
83 57 876
57 84 163
84 57 163
57 85 349
85 57 349
57 72 123
72 57 123
57 72 970
72 57 970
57 80 631
80 57 631
57 75 200
75 57 200
58 69 860
69 58 860
58 62 790
62 58 790
58 87 171
87 58 171
58 90 109
90 58 109
58 60 630
60 58 630
59 70 292
70 59 292
59 75 264
75 59 264
59 62 139
62 59 139
60 63 798
63 60 798
60 68 188
68 60 188
60 86 665
86 60 665
60 62 478
62 60 478
61 82 56
82 61 56
61 88 641
88 61 641
61 87 202
87 61 202
61 69 52
69 61 52
62 88 736
88 62 736
62 82 323
82 62 323
62 66 94
66 62 94
63 87 667
87 63 667
63 67 175
67 63 175
63 67 157
67 63 157
63 81 391
81 63 391
64 79 133
79 64 133
64 91 367
91 64 367
64 88 736
88 64 736
64 75 927
75 64 927
64 64 771
64 64 771
64 69 829
69 64 829
65 81 209
81 65 209
65 87 420
87 65 420
65 89 490
89 65 490
65 73 805
73 65 805
65 88 161
88 65 161
66 88 209
88 66 209
66 82 299
82 66 299
66 69 188
69 66 188
66 89 65
89 66 65
66 81 857
81 66 857
67 70 105
70 67 105
67 79 115
79 67 115
67 91 531
91 67 531
67 90 64
90 67 64
68 79 775
79 68 775
68 71 55
71 68 55
68 85 605
85 68 605
68 77 824
77 68 824
69 69 526
69 69 526
69 70 308
70 69 308
69 82 639
82 69 639
70 87 267
87 70 267
70 72 349
72 70 349
70 83 333
83 70 333
71 84 427
84 71 427
71 76 509
76 71 509
72 84 705
84 72 705
72 73 910
73 72 910
73 89 337
89 73 337
73 91 803
91 73 803
73 85 759
85 73 759
73 82 300
82 73 300
73 78 421
78 73 421
73 76 903
76 73 903
73 80 659
80 73 659
74 80 652
80 74 652
74 81 548
81 74 548
74 88 571
88 74 571
74 90 403
90 74 403
74 81 228
81 74 228
75 84 677
84 75 677
75 80 382
80 75 382
75 84 938
84 75 938
76 81 918
81 76 918
77 83 194
83 77 194
77 88 647
88 77 647
78 86 548
86 78 548
78 81 977
81 78 977
81 90 406
90 81 406
83 83 84
83 83 84
83 91 478
91 83 478
83 88 848
88 83 848
85 88 332
88 85 332
85 87 418
87 85 418
85 91 528
91 85 528
86 90 435
90 86 435
87 91 699
91 87 699
89 89 601
89 89 601
91 91 894
91 91 894
