53

0 1 780
1 0 780
0 5 35
5 0 35
0 7 504
7 0 504
0 17 316
17 0 316
0 38 971
38 0 971
0 7 191
7 0 191
0 14 333
14 0 333
0 3 186
3 0 186
0 34 846
34 0 846
0 5 818
5 0 818
0 40 644
40 0 644
0 38 220
38 0 220
0 40 1
40 0 1
0 35 431
35 0 431
0 26 778
26 0 778
0 31 565
31 0 565
0 13 167
13 0 167
1 2 239
2 1 239
1 3 435
3 1 435
1 6 342
6 1 342
1 8 836
8 1 836
1 12 587
12 1 587
1 19 861
19 1 861
1 23 148
23 1 148
1 6 439
6 1 439
1 37 150
37 1 150
1 19 318
19 1 318
2 31 223
31 2 223
2 13 376
13 2 376
2 5 394
5 2 394
2 44 55
44 2 55
2 10 290
10 2 290
3 4 647
4 3 647
3 20 401
20 3 401
3 18 532
18 3 532
3 38 715
38 3 715
3 41 879
41 3 879
4 9 463
9 4 463
4 11 32
11 4 32
4 50 964
50 4 964
4 21 217
21 4 217
4 17 952
17 4 952
5 46 454
46 5 454
5 49 261
49 5 261
5 16 665
16 5 665
5 21 417
21 5 417
5 26 609
26 5 609
6 37 553
37 6 553
6 41 280
41 6 280
6 7 950
7 6 950
7 14 167
14 7 167
7 25 75
25 7 75
7 26 650
26 7 650
7 39 259
39 7 259
7 38 267
38 7 267
7 16 323
16 7 323
7 9 3
9 7 3
7 43 22
43 7 22
8 10 51
10 8 51
8 48 323
48 8 323
8 47 951
47 8 951
8 27 999
27 8 999
8 20 787
20 8 787
8 18 806
18 8 806
9 13 572
13 9 572
9 37 133
37 9 133
9 42 50
42 9 50
9 51 855
51 9 855
9 38 230
38 9 230
10 32 142
32 10 142
10 25 708
25 10 708
11 18 676
18 11 676
11 21 68
21 11 68
11 30 629
30 11 629
11 32 125
32 11 125
11 43 149
43 11 149
11 16 641
16 11 641
11 51 495
51 11 495
12 29 85
29 12 85
12 41 104
41 12 104
12 43 874
43 12 874
12 46 121
46 12 121
13 15 363
15 13 363
13 19 307
19 13 307
13 49 341
49 13 341
13 43 465
43 13 465
14 16 317
16 14 317
14 40 310
40 14 310
14 20 303
20 14 303
14 52 522
52 14 522
14 33 368
33 14 368
14 25 351
25 14 351
15 34 381
34 15 381
15 52 826
52 15 826
15 32 730
32 15 730
15 44 212
44 15 212
16 30 155
30 16 155
16 50 444
50 16 444
16 17 730
17 16 730
16 26 189
26 16 189
16 37 439
37 16 439
16 51 732
51 16 732
16 32 341
32 16 341
17 22 816
22 17 816
17 41 354
41 17 354
18 24 438
24 18 438
18 20 21
20 18 21
18 49 811
49 18 811
18 27 823
27 18 823
19 28 134
28 19 134
19 25 114
25 19 114
19 20 350
20 19 350
19 32 181
32 19 181
20 22 873
22 20 873
20 45 476
45 20 476
20 50 551
50 20 551
20 37 543
37 20 543
20 29 473
29 20 473
20 34 229
34 20 229
21 35 968
35 21 968
21 27 101
27 21 101
21 39 281
39 21 281
21 35 206
35 21 206
22 22 122
22 22 122
23 47 272
47 23 272
23 30 700
30 23 700
23 44 801
44 23 801
23 43 932
43 23 932
23 34 43
34 23 43
24 27 438
27 24 438
24 40 470
40 24 470
24 31 563
31 24 563
24 48 724
48 24 724
24 31 471
31 24 471
24 38 65
38 24 65
25 33 64
33 25 64
25 36 328
36 25 328
25 41 592
41 25 592
25 40 224
40 25 224
25 36 808
36 25 808
25 36 239
36 25 239
26 40 598
40 26 598
26 45 725
45 26 725
27 51 718
51 27 718
27 48 165
48 27 165
27 39 29
39 27 29
27 29 829
29 27 829
27 37 800
37 27 800
28 39 172
39 28 172
29 40 907
40 29 907
29 30 372
30 29 372
29 38 447
38 29 447
29 44 243
44 29 243
29 34 590
34 29 590
29 46 875
46 29 875
31 45 607
45 31 607
32 34 27
34 32 27
32 35 70
35 32 70
34 38 435
38 34 435
34 50 288
50 34 288
37 42 816
42 37 816
37 45 318
45 37 318
38 45 427
45 38 427
38 42 199
42 38 199
39 48 560
48 39 560
39 52 43
52 39 43
40 44 596
44 40 596
40 41 6
41 40 6
40 51 553
51 40 553
44 48 120
48 44 120
50 51 705
51 50 705
