37

0 1 862
1 0 862
0 2 552
2 0 552
0 3 963
3 0 963
0 9 876
9 0 876
0 17 544
17 0 544
0 20 30
20 0 30
0 13 877
13 0 877
1 5 150
5 1 150
1 35 26
35 1 26
1 36 832
36 1 832
1 30 528
30 1 528
1 2 956
2 1 956
1 26 871
26 1 871
2 19 427
19 2 427
2 35 173
35 2 173
2 36 300
36 2 300
2 17 565
17 2 565
2 28 503
28 2 503
2 2 544
2 2 544
2 20 769
20 2 769
2 34 475
34 2 475
3 4 432
4 3 432
3 7 536
7 3 536
3 25 250
25 3 250
3 12 407
12 3 407
3 23 927
23 3 927
3 27 883
27 3 883
4 10 326
10 4 326
4 16 892
16 4 892
4 20 605
20 4 605
4 11 729
11 4 729
4 9 856
9 4 856
4 9 257
9 4 257
4 28 373
28 4 373
5 6 173
6 5 173
5 20 790
20 5 790
5 23 991
23 5 991
6 15 914
15 6 914
6 16 970
16 6 970
7 8 160
8 7 160
7 11 321
11 7 321
7 27 888
27 7 888
7 26 77
26 7 77
8 24 133
24 8 133
9 12 200
12 9 200
9 13 877
13 9 877
9 10 610
10 9 610
9 24 841
24 9 841
9 16 305
16 9 305
9 19 870
19 9 870
9 30 279
30 9 279
10 31 865
31 10 865
10 34 143
34 10 143
11 14 471
14 11 471
11 17 267
17 11 267
11 33 372
33 11 372
12 33 250
33 12 250
13 32 856
32 13 856
13 16 810
16 13 810
13 33 857
33 13 857
15 21 839
21 15 839
15 28 882
28 15 882
15 33 625
33 15 625
16 22 964
22 16 964
17 18 237
18 17 237
17 26 105
26 17 105
17 26 406
26 17 406
17 28 363
28 17 363
18 32 360
32 18 360
18 34 396
34 18 396
19 30 855
30 19 855
19 26 434
26 19 434
22 32 519
32 22 519
23 23 258
23 23 258
24 28 132
28 24 132
25 29 414
29 25 414
25 26 529
26 25 529
26 30 546
30 26 546
26 36 191
36 26 191
26 36 324
36 26 324
27 29 98
29 27 98
32 33 312
33 32 312
33 35 219
35 33 219
