94

0 1 651
1 0 651
0 2 908
2 0 908
0 34 461
34 0 461
0 37 906
37 0 906
0 46 304
46 0 304
0 84 944
84 0 944
0 28 366
28 0 366
0 80 881
80 0 881
0 77 376
77 0 376
0 62 837
62 0 837
0 44 88
44 0 88
0 72 544
72 0 544
0 20 278
20 0 278
0 65 854
65 0 854
0 56 883
56 0 883
0 42 501
42 0 501
0 58 471
58 0 471
0 10 942
10 0 942
0 68 631
68 0 631
0 51 294
51 0 294
0 21 702
21 0 702
1 4 941
4 1 941
1 5 580
5 1 580
1 12 351
12 1 351
1 13 503
13 1 503
1 66 599
66 1 599
1 85 947
85 1 947
1 65 628
65 1 628
1 34 946
34 1 946
1 12 763
12 1 763
1 34 618
34 1 618
1 81 750
81 1 750
1 75 347
75 1 347
1 26 392
26 1 392
1 12 515
12 1 515
1 85 78
85 1 78
1 64 219
64 1 219
1 13 640
13 1 640
1 40 352
40 1 352
1 4 750
4 1 750
1 42 396
42 1 396
1 8 262
8 1 262
1 30 708
30 1 708
1 79 560
79 1 560
1 36 434
36 1 434
1 91 297
91 1 297
2 3 433
3 2 433
2 10 866
10 2 866
2 25 240
25 2 240
2 25 145
25 2 145
2 47 519
47 2 519
2 41 98
41 2 98
2 4 355
4 2 355
2 90 359
90 2 359
2 81 926
81 2 926
2 42 612
42 2 612
2 38 532
38 2 532
2 46 238
46 2 238
2 74 560
74 2 560
3 6 440
6 3 440
3 7 208
7 3 208
3 9 166
9 3 166
3 16 888
16 3 888
3 17 52
17 3 52
3 29 225
29 3 225
3 51 952
51 3 952
3 61 783
61 3 783
3 90 494
90 3 494
3 40 635
40 3 635
3 73 287
73 3 287
3 85 818
85 3 818
3 76 828
76 3 828
3 57 233
57 3 233
3 30 875
30 3 875
4 8 804
8 4 804
4 18 481
18 4 481
4 74 874
74 4 874
4 34 378
34 4 378
4 61 817
61 4 817
4 57 343
57 4 343
4 59 535
59 4 535
4 49 390
49 4 390
4 86 623
86 4 623
4 65 960
65 4 960
4 22 215
22 4 215
5 11 264
11 5 264
5 21 344
21 5 344
5 42 426
42 5 426
5 56 698
56 5 698
5 6 870
6 5 870
5 65 560
65 5 560
5 79 819
79 5 819
5 67 563
67 5 563
5 10 828
10 5 828
5 51 302
51 5 302
5 43 551
43 5 551
5 77 917
77 5 917
6 14 813
14 6 813
6 72 293
72 6 293
6 91 297
91 6 297
6 42 255
42 6 255
6 28 666
28 6 666
6 14 19
14 6 19
6 73 288
73 6 288
6 74 75
74 6 75
6 81 550
81 6 550
6 74 831
74 6 831
6 71 592
71 6 592
6 37 217
37 6 217
6 87 355
87 6 355
6 87 414
87 6 414
6 63 221
63 6 221
6 44 691
44 6 691
7 28 215
28 7 215
7 15 112
15 7 112
7 14 80
14 7 80
7 33 552
33 7 552
7 89 176
89 7 176
7 84 549
84 7 549
7 86 308
86 7 308
7 59 317
59 7 317
7 59 870
59 7 870
7 52 275
52 7 275
7 45 983
45 7 983
7 21 319
21 7 319
8 26 258
26 8 258
8 30 309
30 8 309
8 53 275
53 8 275
8 24 623
24 8 623
8 60 103
60 8 103
8 17 536
17 8 536
8 9 376
9 8 376
8 91 774
91 8 774
8 29 130
29 8 130
8 53 50
53 8 50
9 63 801
63 9 801
9 40 548
40 9 548
9 31 871
31 9 871
9 80 645
80 9 645
9 92 567
92 9 567
9 21 555
21 9 555
9 32 675
32 9 675
9 85 114
85 9 114
9 39 274
39 9 274
9 22 282
22 9 282
9 71 426
71 9 426
9 46 846
46 9 846
10 61 263
61 10 263
10 67 887
67 10 887
10 48 131
48 10 131
10 21 578
21 10 578
10 73 405
73 10 405
10 63 514
63 10 514
10 66 256
66 10 256
10 26 126
26 10 126
10 58 705
58 10 705
10 53 229
53 10 229
10 46 840
46 10 840
10 81 567
81 10 567
10 42 992
42 10 992
10 53 836
53 10 836
11 55 1000
55 11 1000
11 38 191
38 11 191
11 81 651
81 11 651
11 77 978
77 11 978
11 46 173
46 11 173
11 71 511
71 11 511
11 45 296
45 11 296
11 74 950
74 11 950
11 68 314
68 11 314
11 77 593
77 11 593
11 87 557
87 11 557
11 30 304
30 11 304
11 13 253
13 11 253
11 93 611
93 11 611
11 26 216
26 11 216
11 50 731
50 11 731
11 69 357
69 11 357
11 70 779
70 11 779
11 72 552
72 11 552
11 20 767
20 11 767
12 69 146
69 12 146
12 71 714
71 12 714
12 36 989
36 12 989
12 46 920
46 12 920
12 55 309
55 12 309
12 86 863
86 12 863
12 21 426
21 12 426
12 72 951
72 12 951
12 57 927
57 12 927
12 76 876
76 12 876
12 48 956
48 12 956
12 43 766
43 12 766
12 82 876
82 12 876
12 51 564
51 12 564
12 46 294
46 12 294
12 38 910
38 12 910
13 20 346
20 13 346
13 25 523
25 13 523
13 61 452
61 13 452
13 36 447
36 13 447
13 56 171
56 13 171
13 17 442
17 13 442
13 69 86
69 13 86
13 49 104
49 13 104
13 53 400
53 13 400
13 57 612
57 13 612
14 15 862
15 14 862
14 54 506
54 14 506
14 57 410
57 14 410
14 85 72
85 14 72
14 35 231
35 14 231
14 36 873
36 14 873
14 46 634
46 14 634
14 82 755
82 14 755
14 65 666
65 14 666
14 61 152
61 14 152
14 90 183
90 14 183
14 19 539
19 14 539
14 31 563
31 14 563
14 30 690
30 14 690
14 24 575
24 14 575
14 68 69
68 14 69
15 33 812
33 15 812
15 50 384
50 15 384
15 86 229
86 15 229
15 69 817
69 15 817
15 35 31
35 15 31
15 24 648
24 15 648
15 75 804
75 15 804
15 59 208
59 15 208
16 27 837
27 16 837
16 31 48
31 16 48
16 47 437
47 16 437
16 62 895
62 16 895
16 87 742
87 16 742
16 63 524
63 16 524
16 60 955
60 16 955
16 19 451
19 16 451
16 42 25
42 16 25
16 74 968
74 16 968
16 34 986
34 16 986
16 57 600
57 16 600
16 67 85
67 16 85
16 56 534
56 16 534
16 56 980
56 16 980
16 41 122
41 16 122
16 35 679
35 16 679
16 47 210
47 16 210
16 73 129
73 16 129
17 48 484
48 17 484
17 59 994
59 17 994
17 88 666
88 17 666
17 89 969
89 17 969
17 26 89
26 17 89
17 91 805
91 17 805
17 50 368
50 17 368
17 44 278
44 17 278
17 77 490
77 17 490
17 71 439
71 17 439
17 31 141
31 17 141
17 42 778
42 17 778
17 52 115
52 17 115
17 31 825
31 17 825
17 85 981
85 17 981
17 24 595
24 17 595
17 55 965
55 17 965
18 19 782
19 18 782
18 70 81
70 18 81
18 73 922
73 18 922
18 29 752
29 18 752
18 60 882
60 18 882
18 36 799
36 18 799
18 20 87
20 18 87
18 34 899
34 18 899
18 54 38
54 18 38
19 22 550
22 19 550
19 82 411
82 19 411
19 60 628
60 19 628
19 72 308
72 19 308
19 25 36
25 19 36
19 69 299
69 19 299
19 36 800
36 19 800
19 90 793
90 19 793
19 35 690
35 19 690
19 44 614
44 19 614
19 84 693
84 19 693
19 23 618
23 19 618
19 63 862
63 19 862
20 23 233
23 20 233
20 24 663
24 20 663
20 39 807
39 20 807
20 75 76
75 20 76
20 35 992
35 20 992
20 43 980
43 20 980
20 68 859
68 20 859
20 69 272
69 20 272
20 32 763
32 20 763
20 25 702
25 20 702
20 24 637
24 20 637
20 60 178
60 20 178
21 67 303
67 21 303
21 27 353
27 21 353
21 69 706
69 21 706
21 26 845
26 21 845
21 53 211
53 21 211
21 68 515
68 21 515
21 92 122
92 21 122
21 66 463
66 21 463
22 32 584
32 22 584
22 40 383
40 22 383
22 43 816
43 22 816
22 52 62
52 22 62
22 75 766
75 22 766
22 93 933
93 22 933
22 86 866
86 22 866
22 88 206
88 22 206
22 57 954
57 22 954
22 39 69
39 22 69
22 81 581
81 22 581
22 79 938
79 22 938
22 79 135
79 22 135
22 56 721
56 22 721
22 72 460
72 22 460
22 57 740
57 22 740
22 36 98
36 22 98
22 27 255
27 22 255
23 90 901
90 23 901
23 31 249
31 23 249
23 70 770
70 23 770
23 78 7
78 23 7
23 85 724
85 23 724
24 35 831
35 24 831
24 36 742
36 24 742
24 74 765
74 24 765
24 64 472
64 24 472
24 55 95
55 24 95
24 27 344
27 24 344
25 65 648
65 25 648
25 27 55
27 25 55
25 63 628
63 25 628
25 78 41
78 25 41
25 30 375
30 25 375
25 66 572
66 25 572
25 65 205
65 25 205
25 69 63
69 25 63
25 87 41
87 25 41
26 92 14
92 26 14
26 26 850
26 26 850
26 82 194
82 26 194
26 85 274
85 26 274
27 30 608
30 27 608
27 44 656
44 27 656
27 66 465
66 27 465
27 64 913
64 27 913
27 46 705
46 27 705
27 64 456
64 27 456
27 56 373
56 27 373
27 31 111
31 27 111
27 59 749
59 27 749
28 54 832
54 28 832
28 37 331
37 28 331
28 84 723
84 28 723
28 67 864
67 28 864
28 68 158
68 28 158
28 63 762
63 28 762
28 64 988
64 28 988
28 32 487
32 28 487
28 45 600
45 28 600
28 64 230
64 28 230
29 53 85
53 29 85
29 79 379
79 29 379
29 81 232
81 29 232
29 82 859
82 29 859
29 77 434
77 29 434
29 50 7
50 29 7
29 66 137
66 29 137
29 55 677
55 29 677
30 38 835
38 30 835
30 41 373
41 30 373
30 44 651
44 30 651
30 50 363
50 30 363
30 38 99
38 30 99
30 88 922
88 30 922
30 38 8
38 30 8
30 40 805
40 30 805
30 65 637
65 30 637
30 68 940
68 30 940
30 91 130
91 30 130
30 57 256
57 30 256
31 48 758
48 31 758
31 75 964
75 31 964
31 69 932
69 31 932
31 73 871
73 31 871
31 71 601
71 31 601
31 73 735
73 31 735
31 87 717
87 31 717
31 73 765
73 31 765
31 81 680
81 31 680
32 76 989
76 32 989
32 90 834
90 32 834
32 32 951
32 32 951
32 47 587
47 32 587
32 61 22
61 32 22
32 44 798
44 32 798
32 57 672
57 32 672
32 34 110
34 32 110
32 55 687
55 32 687
32 76 78
76 32 78
33 53 412
53 33 412
33 66 471
66 33 471
33 41 178
41 33 178
33 79 314
79 33 314
33 85 377
85 33 377
33 58 386
58 33 386
33 42 696
42 33 696
33 86 971
86 33 971
33 49 33
49 33 33
34 70 651
70 34 651
34 65 845
65 34 845
34 38 418
38 34 418
34 91 559
91 34 559
34 69 929
69 34 929
35 55 137
55 35 137
35 92 543
92 35 543
35 70 177
70 35 177
35 55 958
55 35 958
35 77 712
77 35 712
35 86 243
86 35 243
35 45 441
45 35 441
35 41 538
41 35 538
35 37 577
37 35 577
35 60 988
60 35 988
35 93 555
93 35 555
35 92 91
92 35 91
35 72 204
72 35 204
36 83 569
83 36 569
36 83 262
83 36 262
36 58 607
58 36 607
36 91 278
91 36 278
36 59 808
59 36 808
36 88 610
88 36 610
36 49 545
49 36 545
36 69 81
69 36 81
37 45 932
45 37 932
37 82 61
82 37 61
37 74 625
74 37 625
37 60 491
60 37 491
37 80 601
80 37 601
37 60 922
60 37 922
37 64 403
64 37 403
37 37 846
37 37 846
37 56 801
56 37 801
38 92 222
92 38 222
38 78 295
78 38 295
38 90 345
90 38 345
38 82 826
82 38 826
38 78 479
78 38 479
38 51 865
51 38 865
38 63 459
63 38 459
39 68 237
68 39 237
39 63 18
63 39 18
39 42 879
42 39 879
39 68 140
68 39 140
39 88 61
88 39 61
39 45 285
45 39 285
40 58 797
58 40 797
40 93 146
93 40 146
40 43 788
43 40 788
40 59 284
59 40 284
40 70 252
70 40 252
40 42 488
42 40 488
40 82 165
82 40 165
40 57 386
57 40 386
41 41 526
41 41 526
41 93 920
93 41 920
41 56 650
56 41 650
41 65 507
65 41 507
42 93 877
93 42 877
42 62 182
62 42 182
42 85 206
85 42 206
42 78 176
78 42 176
42 69 372
69 42 372
42 55 219
55 42 219
42 57 257
57 42 257
42 84 76
84 42 76
42 87 380
87 42 380
43 54 629
54 43 629
43 91 164
91 43 164
43 88 525
88 43 525
43 51 336
51 43 336
44 49 722
49 44 722
44 73 23
73 44 23
44 64 783
64 44 783
44 82 215
82 44 215
44 56 941
56 44 941
44 77 975
77 44 975
44 60 90
60 44 90
44 60 89
60 44 89
45 87 111
87 45 111
45 74 666
74 45 666
45 60 273
60 45 273
45 69 423
69 45 423
45 89 684
89 45 684
45 76 861
76 45 861
45 57 836
57 45 836
46 62 718
62 46 718
46 83 536
83 46 536
46 77 819
77 46 819
46 69 936
69 46 936
46 47 63
47 46 63
46 72 284
72 46 284
46 55 60
55 46 60
46 92 934
92 46 934
46 91 648
91 46 648
46 61 835
61 46 835
47 88 824
88 47 824
47 65 669
65 47 669
47 70 346
70 47 346
47 80 590
80 47 590
48 77 312
77 48 312
48 91 18
91 48 18
49 53 977
53 49 977
49 74 193
74 49 193
49 73 192
73 49 192
49 90 611
90 49 611
49 86 248
86 49 248
49 64 123
64 49 123
49 57 827
57 49 827
49 67 387
67 49 387
50 81 643
81 50 643
50 79 422
79 50 422
50 91 252
91 50 252
50 67 578
67 50 578
50 80 393
80 50 393
51 79 413
79 51 413
51 78 450
78 51 450
51 78 450
78 51 450
52 88 490
88 52 490
52 60 572
60 52 572
52 76 197
76 52 197
52 92 498
92 52 498
52 78 1
78 52 1
52 57 12
57 52 12
52 64 494
64 52 494
53 71 356
71 53 356
53 69 165
69 53 165
53 88 89
88 53 89
53 64 547
64 53 547
53 88 455
88 53 455
54 60 483
60 54 483
54 59 618
59 54 618
54 70 604
70 54 604
54 77 777
77 54 777
54 88 679
88 54 679
54 88 729
88 54 729
54 82 168
82 54 168
55 80 127
80 55 127
55 59 653
59 55 653
55 72 966
72 55 966
55 76 518
76 55 518
55 85 300
85 55 300
55 73 98
73 55 98
56 63 685
63 56 685
56 77 717
77 56 717
56 63 915
63 56 915
57 58 595
58 57 595
57 81 430
81 57 430
57 84 118
84 57 118
58 75 704
75 58 704
58 85 711
85 58 711
58 65 835
65 58 835
58 81 768
81 58 768
58 86 472
86 58 472
58 79 708
79 58 708
59 73 396
73 59 396
59 67 530
67 59 530
59 82 717
82 59 717
60 64 693
64 60 693
60 88 1000
88 60 1000
60 93 254
93 60 254
60 87 624
87 60 624
61 61 90
61 61 90
61 65 849
65 61 849
61 86 419
86 61 419
61 71 656
71 61 656
61 91 716
91 61 716
61 75 644
75 61 644
62 82 493
82 62 493
62 76 762
76 62 762
62 82 835
82 62 835
63 68 377
68 63 377
63 78 855
78 63 855
63 85 659
85 63 659
63 86 437
86 63 437
64 91 836
91 64 836
65 71 211
71 65 211
65 77 180
77 65 180
66 78 904
78 66 904
66 78 388
78 66 388
66 70 664
70 66 664
66 80 571
80 66 571
66 89 1000
89 66 1000
67 78 673
78 67 673
67 69 790
69 67 790
67 69 44
69 67 44
68 70 528
70 68 528
68 82 842
82 68 842
68 86 231
86 68 231
69 85 334
85 69 334
69 80 587
80 69 587
69 88 843
88 69 843
70 87 69
87 70 69
70 89 831
89 70 831
71 92 620
92 71 620
71 80 180
80 71 180
71 77 628
77 71 628
72 88 621
88 72 621
72 77 217
77 72 217
72 75 687
75 72 687
73 82 214
82 73 214
73 93 688
93 73 688
74 84 264
84 74 264
75 85 337
85 75 337
75 92 9
92 75 9
75 93 638
93 75 638
76 81 210
81 76 210
76 90 350
90 76 350
77 86 433
86 77 433
77 79 942
79 77 942
79 88 738
88 79 738
79 90 870
90 79 870
79 82 429
82 79 429
79 85 143
85 79 143
80 93 308
93 80 308
80 85 657
85 80 657
80 87 540
87 80 540
82 92 768
92 82 768
82 92 51
92 82 51
82 91 805
91 82 805
82 87 529
87 82 529
84 88 425
88 84 425
84 88 421
88 84 421
85 87 438
87 85 438
86 88 136
88 86 136
87 90 454
90 87 454
87 90 755
90 87 755
88 90 134
90 88 134
89 91 175
91 89 175
90 91 287
91 90 287
90 92 230
92 90 230
91 93 285
93 91 285
