59

0 1 934
1 0 934
0 2 133
2 0 133
0 4 680
4 0 680
0 7 774
7 0 774
0 24 119
24 0 119
0 12 383
12 0 383
0 42 392
42 0 392
0 51 293
51 0 293
0 50 459
50 0 459
0 52 11
52 0 11
1 3 928
3 1 928
1 6 142
6 1 142
1 23 178
23 1 178
1 8 318
8 1 318
1 11 129
11 1 129
1 9 900
9 1 900
1 32 466
32 1 466
1 50 870
50 1 870
1 8 803
8 1 803
1 57 807
57 1 807
2 10 770
10 2 770
2 15 345
15 2 345
2 16 135
16 2 135
2 21 472
21 2 472
2 49 193
49 2 193
2 20 391
20 2 391
2 19 653
19 2 653
2 49 676
49 2 676
2 20 536
20 2 536
2 40 958
40 2 958
2 47 399
47 2 399
2 15 394
15 2 394
3 12 175
12 3 175
3 31 436
31 3 436
3 48 77
48 3 77
3 6 269
6 3 269
3 47 718
47 3 718
3 19 297
19 3 297
3 49 859
49 3 859
3 23 705
23 3 705
4 5 582
5 4 582
4 18 987
18 4 987
4 22 710
22 4 710
4 30 785
30 4 785
4 33 451
33 4 451
4 40 278
40 4 278
4 51 736
51 4 736
4 52 371
52 4 371
4 51 8
51 4 8
4 29 373
29 4 373
4 42 218
42 4 218
4 25 519
25 4 519
4 18 186
18 4 186
4 9 608
9 4 608
4 45 315
45 4 315
4 14 936
14 4 936
5 11 445
11 5 445
5 49 405
49 5 405
5 24 614
24 5 614
5 46 278
46 5 278
5 5 87
5 5 87
5 57 247
57 5 247
5 35 75
35 5 75
5 57 534
57 5 534
5 18 842
18 5 842
6 9 696
9 6 696
6 17 628
17 6 628
6 43 843
43 6 843
6 24 396
24 6 396
6 44 499
44 6 499
7 8 759
8 7 759
7 19 280
19 7 280
7 50 301
50 7 301
7 44 36
44 7 36
7 11 522
11 7 522
8 25 896
25 8 896
8 10 436
10 8 436
8 58 403
58 8 403
8 28 547
28 8 547
8 10 300
10 8 300
8 12 977
12 8 977
8 37 557
37 8 557
8 44 76
44 8 76
8 31 334
31 8 334
8 43 254
43 8 254
9 20 832
20 9 832
9 26 167
26 9 167
9 51 174
51 9 174
9 55 937
55 9 937
9 27 999
27 9 999
10 32 245
32 10 245
10 52 217
52 10 217
10 27 815
27 10 815
10 57 819
57 10 819
10 48 621
48 10 621
10 24 368
24 10 368
10 40 413
40 10 413
10 14 71
14 10 71
10 30 743
30 10 743
11 14 896
14 11 896
11 14 232
14 11 232
11 53 862
53 11 862
11 17 107
17 11 107
11 39 451
39 11 451
11 16 94
16 11 94
12 13 532
13 12 532
12 21 797
21 12 797
12 25 553
25 12 553
12 50 372
50 12 372
12 46 22
46 12 22
12 27 199
27 12 199
12 35 433
35 12 433
12 42 318
42 12 318
12 54 488
54 12 488
12 16 701
16 12 701
12 28 878
28 12 878
13 25 946
25 13 946
13 31 60
31 13 60
13 28 909
28 13 909
13 57 292
57 13 292
13 31 423
31 13 423
13 16 497
16 13 497
13 56 851
56 13 851
14 34 242
34 14 242
14 34 70
34 14 70
14 45 671
45 14 671
14 30 579
30 14 579
14 26 736
26 14 736
14 40 130
40 14 130
15 27 902
27 15 902
15 31 22
31 15 22
15 49 21
49 15 21
15 53 855
53 15 855
15 54 251
54 15 251
15 43 39
43 15 39
16 54 136
54 16 136
16 27 168
27 16 168
16 37 515
37 16 515
16 17 281
17 16 281
16 43 215
43 16 215
17 23 616
23 17 616
17 27 504
27 17 504
17 22 37
22 17 37
17 32 805
32 17 805
17 34 177
34 17 177
18 19 227
19 18 227
18 25 765
25 18 765
18 23 665
23 18 665
18 54 172
54 18 172
18 25 423
25 18 423
18 19 682
19 18 682
19 31 341
31 19 341
19 52 980
52 19 980
19 57 315
57 19 315
19 30 774
30 19 774
19 28 917
28 19 917
19 28 779
28 19 779
20 28 637
28 20 637
20 22 958
22 20 958
20 38 822
38 20 822
21 58 650
58 21 650
21 57 875
57 21 875
21 30 764
30 21 764
21 39 266
39 21 266
21 47 227
47 21 227
22 29 152
29 22 152
22 55 144
55 22 144
22 47 226
47 22 226
22 53 240
53 22 240
22 52 614
52 22 614
23 36 855
36 23 855
23 37 975
37 23 975
23 39 743
39 23 743
23 42 835
42 23 835
23 56 847
56 23 847
23 30 195
30 23 195
23 53 195
53 23 195
24 34 156
34 24 156
25 37 854
37 25 854
25 45 426
45 25 426
26 41 442
41 26 442
26 40 652
40 26 652
26 29 289
29 26 289
27 42 550
42 27 550
27 33 196
33 27 196
27 39 617
39 27 617
27 30 142
30 27 142
28 29 116
29 28 116
28 44 446
44 28 446
28 38 166
38 28 166
28 42 169
42 28 169
28 49 607
49 28 607
28 52 67
52 28 67
29 38 666
38 29 666
29 58 66
58 29 66
29 57 112
57 29 112
29 31 356
31 29 356
29 34 683
34 29 683
30 35 928
35 30 928
31 55 884
55 31 884
31 45 521
45 31 521
34 57 70
57 34 70
34 58 523
58 34 523
34 52 437
52 34 437
34 44 580
44 34 580
34 39 940
39 34 940
35 44 450
44 35 450
35 46 325
46 35 325
35 40 493
40 35 493
35 40 123
40 35 123
36 57 39
57 36 39
36 47 131
47 36 131
36 52 646
52 36 646
37 46 195
46 37 195
38 39 285
39 38 285
38 58 818
58 38 818
38 55 468
55 38 468
38 54 525
54 38 525
38 51 495
51 38 495
38 44 756
44 38 756
39 52 736
52 39 736
39 41 520
41 39 520
39 55 404
55 39 404
39 47 829
47 39 829
40 53 371
53 40 371
40 45 265
45 40 265
40 57 580
57 40 580
40 48 716
48 40 716
40 47 397
47 40 397
41 44 533
44 41 533
42 45 551
45 42 551
42 44 369
44 42 369
42 51 136
51 42 136
43 47 851
47 43 851
43 55 176
55 43 176
44 50 323
50 44 323
44 55 309
55 44 309
45 57 549
57 45 549
45 58 823
58 45 823
46 48 84
48 46 84
46 54 701
54 46 701
46 55 848
55 46 848
47 56 881
56 47 881
48 58 387
58 48 387
48 56 540
56 48 540
48 56 705
56 48 705
50 51 574
51 50 574
52 55 761
55 52 761
52 53 822
53 52 822
52 57 84
57 52 84
53 56 842
56 53 842
54 56 730
56 54 730
55 57 982
57 55 982
