86

0 1 910
1 0 910
0 13 113
13 0 113
0 71 229
71 0 229
0 81 102
81 0 102
0 13 616
13 0 616
0 47 988
47 0 988
0 75 575
75 0 575
0 22 757
22 0 757
0 46 591
46 0 591
0 10 661
10 0 661
0 12 587
12 0 587
0 67 89
67 0 89
0 73 643
73 0 643
0 68 738
68 0 738
0 21 982
21 0 982
0 72 482
72 0 482
0 47 490
47 0 490
0 25 687
25 0 687
0 38 721
38 0 721
0 29 336
29 0 336
0 14 313
14 0 313
0 18 652
18 0 652
0 48 626
48 0 626
0 2 704
2 0 704
0 1 424
1 0 424
1 2 61
2 1 61
1 11 124
11 1 124
1 12 508
12 1 508
1 53 378
53 1 378
1 56 835
56 1 835
1 48 109
48 1 109
1 84 16
84 1 16
1 21 764
21 1 764
1 51 437
51 1 437
1 29 250
29 1 250
1 79 64
79 1 64
2 3 329
3 2 329
2 4 95
4 2 95
2 5 964
5 2 964
2 14 197
14 2 197
2 22 751
22 2 751
2 24 11
24 2 11
2 48 684
48 2 684
2 62 893
62 2 893
2 45 60
45 2 60
2 58 699
58 2 699
2 54 173
54 2 173
2 53 407
53 2 407
2 13 198
13 2 198
2 40 354
40 2 354
2 51 784
51 2 784
2 24 18
24 2 18
2 19 114
19 2 114
2 6 119
6 2 119
2 65 850
65 2 850
2 47 491
47 2 491
2 29 828
29 2 828
2 64 615
64 2 615
3 23 994
23 3 994
3 55 287
55 3 287
3 33 931
33 3 931
3 40 891
40 3 891
3 48 3
48 3 3
3 71 290
71 3 290
3 39 918
39 3 918
3 51 325
51 3 325
3 14 494
14 3 494
3 32 10
32 3 10
3 66 613
66 3 613
3 36 543
36 3 543
4 16 565
16 4 565
4 40 990
40 4 990
4 8 977
8 4 977
4 51 187
51 4 187
4 34 799
34 4 799
4 28 910
28 4 910
4 13 481
13 4 481
4 50 910
50 4 910
4 74 793
74 4 793
4 59 46
59 4 46
4 52 454
52 4 454
4 49 970
49 4 970
4 70 856
70 4 856
4 68 931
68 4 931
4 15 55
15 4 55
4 25 846
25 4 846
4 5 439
5 4 439
5 6 23
6 5 23
5 8 887
8 5 887
5 35 636
35 5 636
5 20 235
20 5 235
5 35 43
35 5 43
5 77 644
77 5 644
5 37 726
37 5 726
5 41 678
41 5 678
5 23 847
23 5 847
5 10 919
10 5 919
5 44 350
44 5 350
5 16 410
16 5 410
5 48 330
48 5 330
5 44 894
44 5 894
5 77 838
77 5 838
5 65 238
65 5 238
5 33 926
33 5 926
5 37 234
37 5 234
5 28 147
28 5 147
5 11 970
11 5 970
5 15 791
15 5 791
5 8 37
8 5 37
5 68 657
68 5 657
5 43 223
43 5 223
5 70 499
70 5 499
5 75 786
75 5 786
6 7 341
7 6 341
6 10 116
10 6 116
6 21 450
21 6 450
6 27 971
27 6 971
6 52 119
52 6 119
6 70 37
70 6 37
6 73 958
73 6 958
6 13 657
13 6 657
6 65 651
65 6 651
6 73 799
73 6 799
6 78 175
78 6 175
6 48 445
48 6 445
6 58 874
58 6 874
6 75 399
75 6 399
6 68 463
68 6 463
6 64 167
64 6 167
6 22 104
22 6 104
6 56 798
56 6 798
6 36 648
36 6 648
6 27 626
27 6 626
6 31 583
31 6 583
6 47 648
47 6 648
7 9 851
9 7 851
7 17 301
17 7 301
7 20 409
20 7 409
7 46 826
46 7 826
7 56 602
56 7 602
7 25 656
25 7 656
7 48 185
48 7 185
7 16 884
16 7 884
7 77 299
77 7 299
7 84 66
84 7 66
7 31 904
31 7 904
7 55 537
55 7 537
7 61 27
61 7 27
7 61 691
61 7 691
7 29 16
29 7 16
8 59 685
59 8 685
8 63 424
63 8 424
8 66 610
66 8 610
8 72 504
72 8 504
8 59 358
59 8 358
8 49 162
49 8 162
8 56 970
56 8 970
8 20 557
20 8 557
8 16 271
16 8 271
8 65 708
65 8 708
8 76 630
76 8 630
8 28 346
28 8 346
8 21 672
21 8 672
8 44 63
44 8 63
8 23 116
23 8 116
8 11 384
11 8 384
8 12 352
12 8 352
8 82 616
82 8 616
8 18 994
18 8 994
8 30 969
30 8 969
9 15 604
15 9 604
9 47 388
47 9 388
9 82 432
82 9 432
9 21 878
21 9 878
9 79 262
79 9 262
9 59 831
59 9 831
9 73 826
73 9 826
9 40 134
40 9 134
9 27 230
27 9 230
9 79 1000
79 9 1000
9 82 960
82 9 960
9 41 645
41 9 645
10 62 6
62 10 6
10 21 177
21 10 177
10 18 959
18 10 959
10 12 35
12 10 35
10 56 702
56 10 702
10 26 802
26 10 802
10 73 874
73 10 874
10 83 329
83 10 329
10 73 272
73 10 272
10 35 157
35 10 157
11 76 980
76 11 980
11 47 946
47 11 946
11 68 689
68 11 689
11 21 6
21 11 6
11 38 598
38 11 598
11 71 260
71 11 260
11 24 157
24 11 157
11 19 188
19 11 188
11 67 202
67 11 202
11 37 245
37 11 245
11 62 587
62 11 587
11 44 733
44 11 733
11 76 315
76 11 315
11 32 523
32 11 523
12 25 383
25 12 383
12 37 434
37 12 434
12 21 618
21 12 618
12 34 456
34 12 456
12 71 121
71 12 121
12 67 903
67 12 903
12 25 328
25 12 328
12 15 866
15 12 866
12 83 733
83 12 733
12 33 606
33 12 606
12 65 477
65 12 477
12 20 985
20 12 985
12 58 496
58 12 496
12 16 187
16 12 187
12 42 280
42 12 280
12 74 150
74 12 150
12 28 171
28 12 171
12 73 849
73 12 849
12 66 261
66 12 261
12 33 590
33 12 590
12 49 98
49 12 98
13 29 973
29 13 973
13 78 979
78 13 979
13 35 633
35 13 633
13 26 825
26 13 825
13 33 470
33 13 470
13 38 110
38 13 110
13 53 173
53 13 173
13 71 71
71 13 71
13 58 868
58 13 868
13 39 980
39 13 980
13 68 555
68 13 555
13 69 111
69 13 111
13 38 178
38 13 178
13 84 927
84 13 927
14 18 288
18 14 288
14 38 23
38 14 23
14 45 107
45 14 107
14 31 825
31 14 825
14 63 989
63 14 989
14 21 786
21 14 786
14 26 264
26 14 264
14 44 840
44 14 840
14 40 130
40 14 130
14 50 67
50 14 67
14 58 823
58 14 823
14 14 541
14 14 541
14 83 936
83 14 936
14 30 919
30 14 919
14 29 368
29 14 368
14 79 618
79 14 618
15 19 393
19 15 393
15 27 532
27 15 532
15 47 690
47 15 690
15 31 32
31 15 32
15 43 603
43 15 603
15 63 187
63 15 187
15 44 773
44 15 773
15 19 709
19 15 709
15 42 729
42 15 729
15 58 900
58 15 900
15 45 349
45 15 349
16 33 903
33 16 903
16 62 344
62 16 344
16 64 499
64 16 499
16 62 422
62 16 422
16 85 655
85 16 655
16 69 556
69 16 556
16 31 919
31 16 919
16 32 295
32 16 295
16 70 939
70 16 939
16 36 24
36 16 24
16 70 517
70 16 517
16 31 842
31 16 842
16 58 792
58 16 792
16 49 177
49 16 177
16 46 838
46 16 838
16 57 378
57 16 378
16 16 722
16 16 722
16 52 219
52 16 219
16 52 220
52 16 220
16 17 982
17 16 982
17 36 480
36 17 480
17 83 998
83 17 998
17 44 970
44 17 970
17 79 203
79 17 203
17 38 121
38 17 121
17 42 239
42 17 239
17 34 93
34 17 93
17 43 785
43 17 785
17 50 815
50 17 815
17 50 966
50 17 966
17 51 524
51 17 524
17 62 335
62 17 335
17 21 39
21 17 39
17 34 954
34 17 954
17 41 429
41 17 429
18 69 714
69 18 714
18 22 198
22 18 198
18 62 83
62 18 83
18 56 184
56 18 184
18 50 506
50 18 506
18 67 46
67 18 46
18 30 987
30 18 987
18 80 61
80 18 61
18 50 25
50 18 25
18 34 421
34 18 421
18 72 9
72 18 9
18 38 64
38 18 64
18 76 409
76 18 409
18 24 976
24 18 976
18 43 127
43 18 127
18 42 518
42 18 518
19 23 778
23 19 778
19 28 949
28 19 949
19 74 337
74 19 337
19 37 718
37 19 718
19 73 667
73 19 667
19 63 319
63 19 319
19 31 624
31 19 624
19 27 274
27 19 274
19 26 252
26 19 252
19 34 79
34 19 79
20 34 700
34 20 700
20 57 999
57 20 999
20 85 354
85 20 354
20 51 853
51 20 853
20 80 863
80 20 863
20 45 3
45 20 3
20 63 858
63 20 858
20 41 776
41 20 776
20 74 231
74 20 231
21 39 482
39 21 482
21 83 606
83 21 606
21 76 109
76 21 109
21 79 707
79 21 707
21 61 274
61 21 274
21 53 862
53 21 862
21 83 282
83 21 282
21 76 468
76 21 468
21 28 346
28 21 346
21 50 976
50 21 976
21 54 387
54 21 387
21 68 203
68 21 203
21 75 633
75 21 633
21 31 975
31 21 975
21 59 428
59 21 428
21 34 562
34 21 562
21 60 687
60 21 687
22 32 332
32 22 332
22 42 400
42 22 400
22 51 237
51 22 237
22 80 640
80 22 640
22 34 947
34 22 947
22 58 156
58 22 156
22 78 262
78 22 262
22 36 768
36 22 768
22 71 940
71 22 940
22 33 462
33 22 462
22 65 711
65 22 711
22 44 866
44 22 866
22 23 99
23 22 99
22 70 167
70 22 167
22 85 901
85 22 901
22 46 296
46 22 296
22 40 685
40 22 685
23 23 448
23 23 448
23 23 151
23 23 151
23 34 633
34 23 633
23 74 758
74 23 758
23 51 326
51 23 326
23 41 850
41 23 850
23 51 616
51 23 616
24 41 813
41 24 813
24 26 195
26 24 195
24 85 101
85 24 101
24 82 265
82 24 265
24 71 807
71 24 807
24 68 178
68 24 178
24 49 748
49 24 748
25 26 858
26 25 858
25 31 122
31 25 122
25 69 322
69 25 322
25 29 471
29 25 471
25 36 657
36 25 657
25 32 965
32 25 965
25 83 409
83 25 409
25 73 610
73 25 610
25 66 280
66 25 280
25 82 685
82 25 685
25 75 599
75 25 599
25 56 584
56 25 584
25 54 462
54 25 462
25 41 564
41 25 564
25 58 556
58 25 556
25 81 361
81 25 361
25 40 274
40 25 274
26 28 393
28 26 393
26 30 294
30 26 294
26 40 205
40 26 205
26 56 124
56 26 124
26 81 197
81 26 197
26 31 127
31 26 127
26 32 174
32 26 174
26 28 259
28 26 259
26 69 768
69 26 768
26 72 706
72 26 706
26 31 110
31 26 110
27 31 733
31 27 733
27 50 301
50 27 301
27 53 743
53 27 743
27 57 711
57 27 711
27 61 731
61 27 731
27 38 867
38 27 867
27 53 149
53 27 149
27 79 43
79 27 43
27 40 305
40 27 305
27 69 379
69 27 379
27 29 433
29 27 433
27 83 383
83 27 383
27 33 812
33 27 812
27 74 672
74 27 672
28 47 194
47 28 194
28 45 842
45 28 842
28 68 305
68 28 305
28 81 141
81 28 141
28 67 199
67 28 199
28 62 324
62 28 324
28 40 102
40 28 102
28 79 505
79 28 505
28 32 59
32 28 59
28 73 100
73 28 100
28 37 127
37 28 127
28 68 36
68 28 36
28 36 57
36 28 57
29 57 790
57 29 790
29 42 798
42 29 798
29 39 13
39 29 13
29 32 811
32 29 811
29 35 577
35 29 577
29 57 133
57 29 133
29 84 781
84 29 781
29 48 656
48 29 656
29 47 430
47 29 430
29 31 110
31 29 110
29 68 630
68 29 630
29 41 53
41 29 53
29 59 952
59 29 952
29 50 856
50 29 856
29 81 413
81 29 413
30 74 285
74 30 285
30 80 627
80 30 627
30 40 652
40 30 652
30 70 68
70 30 68
30 69 965
69 30 965
30 79 391
79 30 391
30 76 703
76 30 703
30 67 64
67 30 64
30 74 643
74 30 643
30 65 332
65 30 332
30 76 975
76 30 975
31 45 749
45 31 749
31 56 953
56 31 953
31 39 242
39 31 242
31 85 411
85 31 411
31 43 594
43 31 594
31 68 147
68 31 147
31 65 134
65 31 134
31 56 421
56 31 421
31 66 639
66 31 639
31 57 267
57 31 267
32 38 47
38 32 47
32 46 908
46 32 908
32 51 129
51 32 129
32 73 376
73 32 376
32 47 835
47 32 835
32 39 48
39 32 48
32 56 869
56 32 869
32 78 429
78 32 429
32 82 636
82 32 636
32 68 67
68 32 67
32 41 530
41 32 530
32 78 946
78 32 946
33 59 812
59 33 812
33 58 713
58 33 713
33 72 658
72 33 658
33 52 628
52 33 628
33 82 111
82 33 111
33 42 761
42 33 761
34 65 219
65 34 219
34 54 46
54 34 46
34 64 509
64 34 509
34 65 181
65 34 181
34 72 298
72 34 298
34 38 410
38 34 410
34 58 603
58 34 603
35 80 395
80 35 395
35 52 591
52 35 591
35 84 151
84 35 151
35 80 993
80 35 993
35 39 175
39 35 175
35 51 518
51 35 518
35 79 461
79 35 461
35 66 381
66 35 381
35 43 666
43 35 666
35 49 677
49 35 677
36 43 519
43 36 519
36 49 910
49 36 910
36 49 411
49 36 411
36 67 571
67 36 571
36 61 608
61 36 608
36 46 189
46 36 189
36 70 161
70 36 161
36 62 361
62 36 361
36 48 17
48 36 17
36 83 989
83 36 989
36 72 616
72 36 616
36 82 552
82 36 552
36 46 598
46 36 598
36 76 58
76 36 58
36 64 14
64 36 14
36 81 747
81 36 747
36 47 332
47 36 332
37 58 623
58 37 623
37 53 679
53 37 679
37 74 405
74 37 405
37 80 328
80 37 328
37 62 726
62 37 726
37 62 549
62 37 549
37 52 385
52 37 385
37 44 638
44 37 638
38 40 770
40 38 770
38 79 478
79 38 478
38 51 607
51 38 607
38 40 728
40 38 728
38 53 843
53 38 843
38 75 216
75 38 216
38 50 889
50 38 889
38 80 268
80 38 268
38 83 464
83 38 464
38 79 470
79 38 470
38 69 616
69 38 616
38 67 461
67 38 461
39 67 713
67 39 713
39 63 199
63 39 199
39 82 25
82 39 25
39 59 677
59 39 677
40 61 424
61 40 424
40 84 192
84 40 192
40 45 180
45 40 180
40 63 420
63 40 420
40 69 463
69 40 463
40 83 464
83 40 464
40 66 425
66 40 425
40 55 37
55 40 37
41 70 446
70 41 446
41 43 929
43 41 929
41 50 393
50 41 393
41 48 327
48 41 327
41 80 598
80 41 598
41 75 978
75 41 978
41 60 172
60 41 172
42 44 97
44 42 97
42 51 685
51 42 685
42 50 245
50 42 245
42 85 34
85 42 34
42 79 629
79 42 629
42 58 971
58 42 971
42 50 932
50 42 932
42 64 605
64 42 605
42 47 722
47 42 722
42 64 831
64 42 831
42 56 441
56 42 441
42 48 434
48 42 434
43 60 448
60 43 448
43 70 757
70 43 757
43 46 33
46 43 33
43 81 990
81 43 990
43 75 206
75 43 206
43 77 44
77 43 44
43 62 89
62 43 89
44 56 977
56 44 977
44 69 824
69 44 824
44 62 703
62 44 703
44 80 152
80 44 152
44 50 475
50 44 475
45 52 996
52 45 996
45 57 192
57 45 192
45 49 192
49 45 192
45 62 559
62 45 559
45 76 756
76 45 756
46 54 191
54 46 191
46 67 990
67 46 990
46 79 926
79 46 926
46 54 877
54 46 877
46 62 809
62 46 809
46 58 781
58 46 781
46 83 348
83 46 348
46 85 234
85 46 234
46 64 519
64 46 519
46 78 926
78 46 926
46 78 924
78 46 924
47 75 493
75 47 493
47 76 458
76 47 458
47 83 98
83 47 98
47 76 833
76 47 833
47 51 36
51 47 36
47 52 346
52 47 346
48 61 256
61 48 256
48 76 666
76 48 666
48 62 813
62 48 813
48 83 169
83 48 169
48 64 365
64 48 365
48 64 280
64 48 280
48 64 949
64 48 949
48 72 832
72 48 832
48 65 238
65 48 238
48 67 959
67 48 959
49 51 74
51 49 74
49 78 474
78 49 474
49 53 251
53 49 251
49 59 244
59 49 244
49 68 181
68 49 181
50 68 573
68 50 573
50 77 417
77 50 417
50 80 956
80 50 956
50 71 85
71 50 85
50 54 536
54 50 536
50 79 464
79 50 464
50 72 202
72 50 202
50 75 932
75 50 932
51 56 331
56 51 331
51 57 175
57 51 175
51 85 126
85 51 126
51 61 163
61 51 163
51 74 94
74 51 94
51 64 741
64 51 741
52 54 106
54 52 106
52 84 703
84 52 703
52 84 436
84 52 436
52 78 597
78 52 597
52 84 309
84 52 309
52 70 330
70 52 330
53 76 3
76 53 3
54 74 313
74 54 313
54 77 345
77 54 345
54 83 857
83 54 857
54 71 663
71 54 663
54 60 719
60 54 719
54 78 129
78 54 129
54 77 949
77 54 949
54 85 388
85 54 388
55 65 255
65 55 255
55 79 781
79 55 781
55 68 326
68 55 326
55 65 238
65 55 238
55 63 443
63 55 443
55 67 816
67 55 816
55 62 604
62 55 604
55 82 51
82 55 51
55 73 458
73 55 458
56 82 940
82 56 940
56 85 335
85 56 335
56 85 50
85 56 50
56 72 833
72 56 833
56 60 965
60 56 965
56 77 925
77 56 925
57 80 181
80 57 181
57 58 257
58 57 257
57 59 789
59 57 789
57 68 622
68 57 622
57 76 911
76 57 911
58 81 298
81 58 298
58 63 185
63 58 185
58 74 190
74 58 190
58 62 109
62 58 109
58 83 937
83 58 937
59 76 428
76 59 428
59 72 676
72 59 676
60 74 420
74 60 420
60 64 206
64 60 206
60 79 670
79 60 670
61 80 119
80 61 119
61 66 788
66 61 788
61 65 218
65 61 218
62 73 202
73 62 202
62 72 898
72 62 898
62 77 182
77 62 182
63 80 300
80 63 300
63 66 904
66 63 904
63 65 320
65 63 320
63 84 892
84 63 892
63 81 438
81 63 438
64 72 698
72 64 698
64 81 330
81 64 330
64 71 98
71 64 98
64 83 688
83 64 688
64 68 332
68 64 332
64 76 655
76 64 655
65 70 937
70 65 937
65 85 289
85 65 289
66 84 668
84 66 668
67 83 21
83 67 21
67 70 715
70 67 715
67 85 668
85 67 668
67 76 543
76 67 543
68 80 979
80 68 979
68 83 484
83 68 484
68 75 626
75 68 626
68 74 895
74 68 895
68 85 554
85 68 554
69 77 715
77 69 715
69 81 447
81 69 447
69 85 671
85 69 671
70 72 161
72 70 161
70 77 736
77 70 736
70 77 618
77 70 618
70 82 318
82 70 318
70 84 268
84 70 268
70 82 990
82 70 990
71 77 342
77 71 342
71 71 688
71 71 688
71 73 939
73 71 939
72 80 265
80 72 265
72 78 897
78 72 897
72 74 995
74 72 995
72 85 996
85 72 996
73 82 896
82 73 896
73 78 404
78 73 404
73 74 985
74 73 985
73 78 255
78 73 255
73 79 743
79 73 743
73 78 233
78 73 233
74 79 816
79 74 816
74 76 154
76 74 154
76 83 58
83 76 58
76 85 220
85 76 220
76 76 729
76 76 729
77 82 85
82 77 85
78 82 351
82 78 351
79 84 552
84 79 552
81 84 499
84 81 499
81 82 590
82 81 590
83 85 708
85 83 708
