63

0 1 654
1 0 654
0 4 198
4 0 198
0 9 664
9 0 664
0 12 821
12 0 821
0 15 880
15 0 880
0 17 370
17 0 370
0 20 671
20 0 671
0 24 6
24 0 6
0 30 589
30 0 589
0 10 202
10 0 202
0 36 693
36 0 693
1 2 709
2 1 709
1 28 348
28 1 348
1 30 900
30 1 900
1 36 838
36 1 838
1 13 244
13 1 244
1 56 6
56 1 6
1 62 402
62 1 402
1 35 31
35 1 31
1 36 715
36 1 715
1 36 695
36 1 695
2 3 240
3 2 240
2 6 950
6 2 950
2 8 386
8 2 386
2 19 862
19 2 862
2 22 920
22 2 920
2 47 449
47 2 449
2 32 270
32 2 270
2 16 745
16 2 745
2 24 471
24 2 471
2 36 116
36 2 116
3 5 403
5 3 403
3 10 105
10 3 105
3 50 177
50 3 177
3 34 461
34 3 461
3 31 526
31 3 526
3 5 503
5 3 503
3 14 938
14 3 938
3 3 677
3 3 677
4 29 454
29 4 454
4 61 631
61 4 631
4 37 183
37 4 183
5 16 265
16 5 265
5 21 577
21 5 577
5 26 643
26 5 643
5 33 95
33 5 95
5 35 57
35 5 57
5 8 961
8 5 961
6 7 305
7 6 305
6 18 156
18 6 156
6 56 871
56 6 871
6 25 471
25 6 471
6 19 611
19 6 611
6 54 910
54 6 910
7 52 246
52 7 246
7 32 729
32 7 729
7 22 189
22 7 189
7 49 579
49 7 579
7 42 627
42 7 627
8 11 1000
11 8 1000
8 53 416
53 8 416
8 13 655
13 8 655
8 28 889
28 8 889
9 56 371
56 9 371
9 21 236
21 9 236
9 27 360
27 9 360
9 16 29
16 9 29
10 39 142
39 10 142
10 46 645
46 10 645
11 13 332
13 11 332
11 51 231
51 11 231
11 52 630
52 11 630
11 29 852
29 11 852
11 25 406
25 11 406
11 14 219
14 11 219
11 24 381
24 11 381
12 14 615
14 12 615
12 38 200
38 12 200
12 20 996
20 12 996
12 21 693
21 12 693
12 17 824
17 12 824
12 12 161
12 12 161
12 23 895
23 12 895
12 18 167
18 12 167
12 23 416
23 12 416
12 62 192
62 12 192
13 19 13
19 13 13
13 39 450
39 13 450
13 17 336
17 13 336
13 31 461
31 13 461
14 31 533
31 14 533
14 33 777
33 14 777
14 23 67
23 14 67
14 20 131
20 14 131
14 49 769
49 14 769
15 25 677
25 15 677
15 58 586
58 15 586
15 37 269
37 15 269
16 36 756
36 16 756
17 20 635
20 17 635
17 55 286
55 17 286
17 40 165
40 17 165
17 39 261
39 17 261
17 33 9
33 17 9
18 60 641
60 18 641
18 42 454
42 18 454
18 55 621
55 18 621
18 18 955
18 18 955
18 37 663
37 18 663
18 55 798
55 18 798
19 25 396
25 19 396
19 51 965
51 19 965
19 48 860
48 19 860
20 23 461
23 20 461
20 45 751
45 20 751
20 57 413
57 20 413
21 44 128
44 21 128
21 35 441
35 21 441
21 41 509
41 21 509
21 57 296
57 21 296
22 40 668
40 22 668
22 59 309
59 22 309
22 24 899
24 22 899
22 55 503
55 22 503
22 53 961
53 22 961
22 31 86
31 22 86
22 46 793
46 22 793
22 38 784
38 22 784
22 57 182
57 22 182
23 45 236
45 23 236
23 31 550
31 23 550
24 25 124
25 24 124
24 24 290
24 24 290
25 37 145
37 25 145
25 43 294
43 25 294
26 27 623
27 26 623
26 42 821
42 26 821
26 34 907
34 26 907
26 48 424
48 26 424
26 47 260
47 26 260
26 28 65
28 26 65
27 41 484
41 27 484
27 45 340
45 27 340
27 34 236
34 27 236
27 56 245
56 27 245
27 48 611
48 27 611
27 61 542
61 27 542
27 60 343
60 27 343
28 32 740
32 28 740
28 55 542
55 28 542
28 55 574
55 28 574
28 59 621
59 28 621
28 54 992
54 28 992
28 32 102
32 28 102
29 56 916
56 29 916
29 39 730
39 29 730
29 59 711
59 29 711
29 33 991
33 29 991
30 44 476
44 30 476
30 53 87
53 30 87
30 36 295
36 30 295
31 57 100
57 31 100
31 62 765
62 31 765
31 44 500
44 31 500
31 40 103
40 31 103
31 46 432
46 31 432
32 34 886
34 32 886
32 45 251
45 32 251
32 61 457
61 32 457
33 48 655
48 33 655
33 59 878
59 33 878
34 35 100
35 34 100
34 38 872
38 34 872
34 39 283
39 34 283
34 53 702
53 34 702
34 53 46
53 34 46
34 58 399
58 34 399
35 58 917
58 35 917
35 55 314
55 35 314
36 39 607
39 36 607
36 49 551
49 36 551
36 55 405
55 36 405
36 60 13
60 36 13
37 39 690
39 37 690
37 56 99
56 37 99
37 53 241
53 37 241
39 54 283
54 39 283
39 48 88
48 39 88
39 48 724
48 39 724
39 44 388
44 39 388
39 47 16
47 39 16
40 58 288
58 40 288
40 55 991
55 40 991
41 43 843
43 41 843
42 46 619
46 42 619
43 52 376
52 43 376
44 49 807
49 44 807
44 62 886
62 44 886
45 62 443
62 45 443
47 61 7
61 47 7
51 55 283
55 51 283
51 53 365
53 51 365
54 61 29
61 54 29
55 61 347
61 55 347
60 61 643
61 60 643
