86

0 1 18
1 0 18
0 4 240
4 0 240
0 21 893
21 0 893
0 28 821
28 0 821
0 36 988
36 0 988
0 27 905
27 0 905
0 58 299
58 0 299
0 14 689
14 0 689
0 71 940
71 0 940
0 12 300
12 0 300
1 2 742
2 1 742
1 34 322
34 1 322
1 54 810
54 1 810
1 57 921
57 1 921
1 12 766
12 1 766
1 48 299
48 1 299
1 30 184
30 1 184
1 12 715
12 1 715
1 36 162
36 1 162
2 3 612
3 2 612
2 8 216
8 2 216
2 75 682
75 2 682
2 45 474
45 2 474
3 5 872
5 3 872
3 6 266
6 3 266
3 45 122
45 3 122
3 15 441
15 3 441
4 44 640
44 4 640
4 68 272
68 4 272
4 13 821
13 4 821
4 45 82
45 4 82
4 11 248
11 4 248
4 38 294
38 4 294
5 7 697
7 5 697
5 22 817
22 5 817
5 26 548
26 5 548
5 70 516
70 5 516
5 18 284
18 5 284
5 63 699
63 5 699
5 79 562
79 5 562
6 10 668
10 6 668
6 11 513
11 6 513
6 49 487
49 6 487
6 45 400
45 6 400
6 84 489
84 6 489
6 75 77
75 6 77
6 17 633
17 6 633
7 48 909
48 7 909
7 78 626
78 7 626
7 53 395
53 7 395
7 37 668
37 7 668
7 55 894
55 7 894
7 58 35
58 7 35
8 9 923
9 8 923
8 20 967
20 8 967
8 22 947
22 8 947
8 44 146
44 8 146
9 17 995
17 9 995
9 38 295
38 9 295
9 18 511
18 9 511
9 49 687
49 9 687
10 17 895
17 10 895
10 40 590
40 10 590
10 42 29
42 10 29
10 84 691
84 10 691
10 76 705
76 10 705
11 12 727
12 11 727
11 13 307
13 11 307
11 14 980
14 11 980
11 16 66
16 11 66
11 37 964
37 11 964
11 80 111
80 11 111
11 74 617
74 11 617
11 17 350
17 11 350
11 78 445
78 11 445
11 22 919
22 11 919
11 45 282
45 11 282
12 19 896
19 12 896
12 25 666
25 12 666
12 32 290
32 12 290
12 52 254
52 12 254
12 54 97
54 12 97
12 38 741
38 12 741
12 52 982
52 12 982
13 15 910
15 13 910
13 39 377
39 13 377
13 31 788
31 13 788
14 59 572
59 14 572
14 63 862
63 14 862
14 72 559
72 14 559
14 27 927
27 14 927
14 77 787
77 14 787
15 27 179
27 15 179
15 41 743
41 15 743
15 73 33
73 15 33
16 18 877
18 16 877
16 24 535
24 16 535
16 43 734
43 16 734
16 76 224
76 16 224
16 66 700
66 16 700
16 24 832
24 16 832
16 69 240
69 16 240
16 66 8
66 16 8
17 53 305
53 17 305
17 58 279
58 17 279
17 84 806
84 17 806
17 69 462
69 17 462
18 74 847
74 18 847
18 32 81
32 18 81
19 23 981
23 19 981
19 46 917
46 19 917
19 85 663
85 19 663
19 21 308
21 19 308
20 29 173
29 20 173
20 56 844
56 20 844
20 26 657
26 20 657
20 42 74
42 20 74
21 31 655
31 21 655
21 25 280
25 21 280
21 47 931
47 21 931
21 73 787
73 21 787
22 31 448
31 22 448
22 56 471
56 22 471
22 49 206
49 22 206
22 73 930
73 22 930
23 47 173
47 23 173
23 35 709
35 23 709
23 76 468
76 23 468
23 37 237
37 23 237
24 45 841
45 24 841
24 77 112
77 24 112
25 38 768
38 25 768
25 80 28
80 25 28
25 46 271
46 25 271
25 40 302
40 25 302
26 30 294
30 26 294
26 62 489
62 26 489
26 71 596
71 26 596
28 33 276
33 28 276
29 84 270
84 29 270
30 64 29
64 30 29
30 58 426
58 30 426
31 60 474
60 31 474
31 66 302
66 31 302
31 60 214
60 31 214
32 50 515
50 32 515
32 66 520
66 32 520
32 82 816
82 32 816
32 55 330
55 32 330
32 61 437
61 32 437
32 33 341
33 32 341
33 35 442
35 33 442
33 65 855
65 33 855
33 71 190
71 33 190
33 57 911
57 33 911
33 51 115
51 33 115
33 64 867
64 33 867
33 58 821
58 33 821
34 36 837
36 34 837
34 60 552
60 34 552
35 44 725
44 35 725
35 83 359
83 35 359
36 83 734
83 36 734
37 85 732
85 37 732
37 58 361
58 37 361
38 82 193
82 38 193
39 47 644
47 39 644
39 74 768
74 39 768
39 75 327
75 39 327
39 44 721
44 39 721
40 42 903
42 40 903
40 54 117
54 40 117
40 69 615
69 40 615
41 61 127
61 41 127
41 70 620
70 41 620
41 59 568
59 41 568
41 58 267
58 41 267
41 59 303
59 41 303
41 46 289
46 41 289
42 74 514
74 42 514
42 78 665
78 42 665
42 59 394
59 42 394
43 51 978
51 43 978
43 72 665
72 43 665
43 66 947
66 43 947
44 65 839
65 44 839
44 56 509
56 44 509
45 56 23
56 45 23
45 64 596
64 45 596
46 55 202
55 46 202
46 69 505
69 46 505
46 74 388
74 46 388
46 73 314
73 46 314
47 67 111
67 47 111
47 75 841
75 47 841
48 62 805
62 48 805
48 67 653
67 48 653
49 77 474
77 49 474
49 71 290
71 49 290
50 57 180
57 50 180
50 72 510
72 50 510
50 69 326
69 50 326
50 79 982
79 50 982
50 53 713
53 50 713
51 81 737
81 51 737
52 81 634
81 52 634
52 65 756
65 52 756
53 77 9
77 53 9
53 56 610
56 53 610
53 58 263
58 53 263
55 68 690
68 55 690
55 70 75
70 55 75
55 82 359
82 55 359
56 73 228
73 56 228
56 78 632
78 56 632
56 66 305
66 56 305
57 81 589
81 57 589
57 74 742
74 57 742
58 84 707
84 58 707
58 69 619
69 58 619
58 58 590
58 58 590
59 63 283
63 59 283
60 62 460
62 60 460
61 69 648
69 61 648
62 69 506
69 62 506
62 73 687
73 62 687
64 67 790
67 64 790
66 68 767
68 66 767
66 77 18
77 66 18
67 67 967
67 67 967
67 68 73
68 67 73
69 76 156
76 69 156
70 79 118
79 70 118
70 75 362
75 70 362
71 77 586
77 71 586
74 85 706
85 74 706
74 85 109
85 74 109
