39

0 1 905
1 0 905
0 2 47
2 0 47
0 3 171
3 0 171
0 6 108
6 0 108
0 8 745
8 0 745
0 9 24
9 0 24
0 31 460
31 0 460
0 36 41
36 0 41
0 13 471
13 0 471
1 5 236
5 1 236
1 7 507
7 1 507
1 14 270
14 1 270
1 17 568
17 1 568
1 29 172
29 1 172
1 38 541
38 1 541
1 2 76
2 1 76
2 23 131
23 2 131
2 16 511
16 2 511
2 7 315
7 2 315
2 5 343
5 2 343
3 4 8
4 3 8
3 10 808
10 3 808
3 20 526
20 3 526
4 19 577
19 4 577
4 38 340
38 4 340
4 38 122
38 4 122
4 9 67
9 4 67
4 18 280
18 4 280
5 6 316
6 5 316
5 30 807
30 5 807
5 5 132
5 5 132
6 19 865
19 6 865
7 11 958
11 7 958
7 18 735
18 7 735
7 25 13
25 7 13
7 8 419
8 7 419
7 16 589
16 7 589
7 36 700
36 7 700
7 22 51
22 7 51
7 14 411
14 7 411
8 13 544
13 8 544
8 21 891
21 8 891
8 23 461
23 8 461
8 34 322
34 8 322
9 12 671
12 9 671
9 37 971
37 9 971
9 23 454
23 9 454
10 20 830
20 10 830
11 16 426
16 11 426
11 37 182
37 11 182
11 29 543
29 11 543
11 13 431
13 11 431
12 15 105
15 12 105
12 28 57
28 12 57
12 28 993
28 12 993
12 31 396
31 12 396
13 24 907
24 13 907
13 30 875
30 13 875
13 35 134
35 13 134
13 30 440
30 13 440
13 17 986
17 13 986
13 33 241
33 13 241
13 25 921
25 13 921
13 18 905
18 13 905
14 38 154
38 14 154
14 19 278
19 14 278
14 29 672
29 14 672
15 38 898
38 15 898
15 36 316
36 15 316
15 24 413
24 15 413
15 18 961
18 15 961
16 27 1
27 16 1
16 26 44
26 16 44
16 38 20
38 16 20
17 22 745
22 17 745
18 32 661
32 18 661
18 30 482
30 18 482
18 29 757
29 18 757
19 33 120
33 19 120
19 33 456
33 19 456
20 35 727
35 20 727
21 32 886
32 21 886
21 23 314
23 21 314
21 37 259
37 21 259
22 35 836
35 22 836
22 25 229
25 22 229
22 27 87
27 22 87
23 23 710
23 23 710
24 32 701
32 24 701
25 26 926
26 25 926
26 37 317
37 26 317
26 32 207
32 26 207
26 35 73
35 26 73
27 28 700
28 27 700
29 37 22
37 29 22
30 34 691
34 30 691
