45

0 1 438
1 0 438
0 2 738
2 0 738
0 3 42
3 0 42
0 5 106
5 0 106
0 10 432
10 0 432
0 11 248
11 0 248
0 19 723
19 0 723
0 40 506
40 0 506
0 4 76
4 0 76
0 1 849
1 0 849
1 10 856
10 1 856
1 11 328
11 1 328
1 13 990
13 1 990
1 42 701
42 1 701
1 13 52
13 1 52
1 41 767
41 1 767
1 20 410
20 1 410
1 37 122
37 1 122
1 21 371
21 1 371
1 7 263
7 1 263
2 4 222
4 2 222
2 6 659
6 2 659
2 18 138
18 2 138
2 19 618
19 2 618
2 42 446
42 2 446
2 35 392
35 2 392
2 36 876
36 2 876
2 32 993
32 2 993
2 41 632
41 2 632
2 33 218
33 2 218
2 20 311
20 2 311
3 7 710
7 3 710
3 21 380
21 3 380
3 43 60
43 3 60
3 9 825
9 3 825
3 37 368
37 3 368
3 19 492
19 3 492
4 14 697
14 4 697
4 9 696
9 4 696
4 25 982
25 4 982
4 38 934
38 4 934
5 8 45
8 5 45
5 22 197
22 5 197
5 38 740
38 5 740
5 23 870
23 5 870
5 8 962
8 5 962
5 21 800
21 5 800
5 37 466
37 5 466
5 11 768
11 5 768
5 16 259
16 5 259
6 24 749
24 6 749
6 25 604
25 6 604
6 27 594
27 6 594
6 27 285
27 6 285
6 36 311
36 6 311
6 38 919
38 6 919
6 8 125
8 6 125
7 9 802
9 7 802
7 12 301
12 7 301
7 33 993
33 7 993
7 16 176
16 7 176
7 40 748
40 7 748
7 29 387
29 7 387
7 21 116
21 7 116
7 9 372
9 7 372
7 35 19
35 7 19
8 12 464
12 8 464
8 35 977
35 8 977
8 32 507
32 8 507
8 15 647
15 8 647
8 34 432
34 8 432
9 28 92
28 9 92
9 35 745
35 9 745
9 40 656
40 9 656
9 15 68
15 9 68
9 25 976
25 9 976
9 26 335
26 9 335
9 14 894
14 9 894
10 43 20
43 10 20
10 33 451
33 10 451
11 30 395
30 11 395
11 12 399
12 11 399
11 28 251
28 11 251
12 14 532
14 12 532
12 15 865
15 12 865
12 30 953
30 12 953
12 42 254
42 12 254
12 20 597
20 12 597
12 36 433
36 12 433
12 18 706
18 12 706
12 33 840
33 12 840
12 36 503
36 12 503
12 37 408
37 12 408
12 38 363
38 12 363
13 31 47
31 13 47
13 29 866
29 13 866
13 20 236
20 13 236
13 44 712
44 13 712
13 36 298
36 13 298
13 27 321
27 13 321
14 34 918
34 14 918
14 14 812
14 14 812
14 30 815
30 14 815
14 20 896
20 14 896
14 35 215
35 14 215
15 16 493
16 15 493
15 33 512
33 15 512
15 40 323
40 15 323
15 34 694
34 15 694
16 17 356
17 16 356
16 20 669
20 16 669
16 16 454
16 16 454
16 43 13
43 16 13
16 18 836
18 16 836
16 22 252
22 16 252
16 35 303
35 16 303
17 19 926
19 17 926
17 36 436
36 17 436
17 29 80
29 17 80
18 19 572
19 18 572
18 40 845
40 18 845
18 39 343
39 18 343
18 22 988
22 18 988
18 33 116
33 18 116
18 41 97
41 18 97
18 35 610
35 18 610
18 34 668
34 18 668
19 26 265
26 19 265
19 41 344
41 19 344
20 33 586
33 20 586
20 38 22
38 20 22
20 27 703
27 20 703
20 44 774
44 20 774
20 25 980
25 20 980
21 32 910
32 21 910
21 25 965
25 21 965
21 31 638
31 21 638
22 23 855
23 22 855
22 31 925
31 22 925
23 34 599
34 23 599
23 33 875
33 23 875
23 24 699
24 23 699
23 44 743
44 23 743
23 28 365
28 23 365
24 37 242
37 24 242
24 41 31
41 24 31
24 43 39
43 24 39
24 35 458
35 24 458
24 44 693
44 24 693
24 28 858
28 24 858
24 27 511
27 24 511
25 30 117
30 25 117
25 32 404
32 25 404
25 38 730
38 25 730
25 27 258
27 25 258
25 29 651
29 25 651
27 29 293
29 27 293
28 39 383
39 28 383
28 39 909
39 28 909
29 36 161
36 29 161
29 42 930
42 29 930
30 44 272
44 30 272
31 33 78
33 31 78
32 39 520
39 32 520
32 33 157
33 32 157
33 40 534
40 33 534
33 37 173
37 33 173
33 39 123
39 33 123
33 38 765
38 33 765
34 40 26
40 34 26
35 40 615
40 35 615
35 38 771
38 35 771
35 38 633
38 35 633
37 43 892
43 37 892
37 38 851
38 37 851
41 42 592
42 41 592
42 44 833
44 42 833
43 44 221
44 43 221
