91

0 1 348
1 0 348
0 5 129
5 0 129
0 6 785
6 0 785
0 8 944
8 0 944
0 11 726
11 0 726
0 30 662
30 0 662
0 32 160
32 0 160
0 90 700
90 0 700
0 12 312
12 0 312
0 58 92
58 0 92
0 72 375
72 0 375
0 6 129
6 0 129
0 80 599
80 0 599
0 1 908
1 0 908
0 0 136
0 0 136
0 52 975
52 0 975
0 50 246
50 0 246
0 43 243
43 0 243
0 89 881
89 0 881
0 65 162
65 0 162
0 56 282
56 0 282
0 34 118
34 0 118
0 40 189
40 0 189
0 15 830
15 0 830
0 12 359
12 0 359
0 78 334
78 0 334
0 80 110
80 0 110
0 67 767
67 0 767
1 2 503
2 1 503
1 4 827
4 1 827
1 9 775
9 1 775
1 73 555
73 1 555
1 69 347
69 1 347
1 12 973
12 1 973
1 59 385
59 1 385
1 32 221
32 1 221
1 3 214
3 1 214
1 29 599
29 1 599
1 39 963
39 1 963
1 2 415
2 1 415
1 48 776
48 1 776
1 27 749
27 1 749
1 89 46
89 1 46
1 80 904
80 1 904
1 9 753
9 1 753
1 70 13
70 1 13
2 3 457
3 2 457
2 6 582
6 2 582
2 21 950
21 2 950
2 41 286
41 2 286
2 48 355
48 2 355
2 30 394
30 2 394
2 66 995
66 2 995
2 11 886
11 2 886
2 50 310
50 2 310
2 30 63
30 2 63
2 33 797
33 2 797
2 22 642
22 2 642
2 5 894
5 2 894
2 69 878
69 2 878
3 14 420
14 3 420
3 27 178
27 3 178
3 37 589
37 3 589
3 41 24
41 3 24
3 66 908
66 3 908
3 28 632
28 3 632
3 30 978
30 3 978
3 39 682
39 3 682
3 31 584
31 3 584
3 53 26
53 3 26
3 7 790
7 3 790
3 61 304
61 3 304
3 42 580
42 3 580
3 60 814
60 3 814
3 89 694
89 3 694
3 40 271
40 3 271
3 68 316
68 3 316
3 21 705
21 3 705
3 76 222
76 3 222
3 89 778
89 3 778
3 59 26
59 3 26
4 12 937
12 4 937
4 36 813
36 4 813
4 32 169
32 4 169
4 57 416
57 4 416
4 15 579
15 4 579
4 70 216
70 4 216
4 56 602
56 4 602
4 83 963
83 4 963
4 19 412
19 4 412
4 36 353
36 4 353
4 74 222
74 4 222
4 70 791
70 4 791
4 80 93
80 4 93
4 67 231
67 4 231
4 67 553
67 4 553
4 38 690
38 4 690
5 10 678
10 5 678
5 68 680
68 5 680
5 30 508
30 5 508
5 66 48
66 5 48
5 72 786
72 5 786
5 19 96
19 5 96
5 67 483
67 5 483
5 76 124
76 5 124
5 52 469
52 5 469
5 75 23
75 5 23
5 45 550
45 5 550
5 78 95
78 5 95
5 82 601
82 5 601
6 7 489
7 6 489
6 15 200
15 6 200
6 25 813
25 6 813
6 43 681
43 6 681
6 25 631
25 6 631
6 70 375
70 6 375
6 72 319
72 6 319
6 49 598
49 6 598
6 47 999
47 6 999
6 49 347
49 6 347
6 8 663
8 6 663
6 51 971
51 6 971
6 35 448
35 6 448
7 20 25
20 7 25
7 75 846
75 7 846
7 40 817
40 7 817
7 80 921
80 7 921
7 31 690
31 7 690
7 31 943
31 7 943
7 43 791
43 7 791
7 31 69
31 7 69
7 62 31
62 7 31
7 16 624
16 7 624
7 75 457
75 7 457
7 34 438
34 7 438
7 80 103
80 7 103
7 68 954
68 7 954
8 13 484
13 8 484
8 16 417
16 8 417
8 26 408
26 8 408
8 81 156
81 8 156
8 22 336
22 8 336
8 58 294
58 8 294
8 11 672
11 8 672
8 90 72
90 8 72
8 15 695
15 8 695
8 16 67
16 8 67
8 56 639
56 8 639
8 90 865
90 8 865
8 61 728
61 8 728
8 9 925
9 8 925
8 30 89
30 8 89
8 87 705
87 8 705
9 47 479
47 9 479
9 48 228
48 9 228
9 59 573
59 9 573
9 75 188
75 9 188
9 81 268
81 9 268
9 28 514
28 9 514
9 49 561
49 9 561
9 46 435
46 9 435
9 74 91
74 9 91
9 87 983
87 9 983
9 45 452
45 9 452
10 18 299
18 10 299
10 45 344
45 10 344
10 86 359
86 10 359
10 28 589
28 10 589
10 36 663
36 10 663
10 11 459
11 10 459
10 61 281
61 10 281
10 22 701
22 10 701
10 18 667
18 10 667
10 76 61
76 10 61
10 23 697
23 10 697
10 44 935
44 10 935
10 52 883
52 10 883
10 50 660
50 10 660
10 71 985
71 10 985
10 44 373
44 10 373
10 89 162
89 10 162
10 74 129
74 10 129
10 28 177
28 10 177
10 87 926
87 10 926
11 72 350
72 11 350
11 69 410
69 11 410
11 15 447
15 11 447
11 27 897
27 11 897
11 61 191
61 11 191
11 22 2
22 11 2
11 52 370
52 11 370
11 51 644
51 11 644
11 48 655
48 11 655
11 73 634
73 11 634
11 67 622
67 11 622
11 15 926
15 11 926
12 21 267
21 12 267
12 86 264
86 12 264
12 33 951
33 12 951
12 39 835
39 12 835
12 24 431
24 12 431
13 17 508
17 13 508
13 19 210
19 13 210
13 51 392
51 13 392
13 23 615
23 13 615
13 86 285
86 13 285
13 45 457
45 13 457
13 55 400
55 13 400
13 26 686
26 13 686
13 64 728
64 13 728
13 76 430
76 13 430
13 17 455
17 13 455
13 14 831
14 13 831
13 80 508
80 13 508
13 86 197
86 13 197
13 52 393
52 13 393
14 21 649
21 14 649
14 24 168
24 14 168
14 63 612
63 14 612
14 66 44
66 14 44
14 39 238
39 14 238
14 51 114
51 14 114
14 33 232
33 14 232
14 77 360
77 14 360
14 77 337
77 14 337
14 45 7
45 14 7
14 28 473
28 14 473
14 26 715
26 14 715
14 17 47
17 14 47
14 14 290
14 14 290
14 24 773
24 14 773
15 22 494
22 15 494
15 35 642
35 15 642
15 69 117
69 15 117
15 63 667
63 15 667
15 87 146
87 15 146
15 21 553
21 15 553
15 89 564
89 15 564
15 62 338
62 15 338
15 75 660
75 15 660
15 49 160
49 15 160
16 64 31
64 16 31
16 87 775
87 16 775
16 38 73
38 16 73
16 53 38
53 16 38
16 49 386
49 16 386
16 81 464
81 16 464
16 62 798
62 16 798
16 65 422
65 16 422
16 45 641
45 16 641
16 37 348
37 16 348
16 58 574
58 16 574
16 20 626
20 16 626
16 60 499
60 16 499
16 69 879
69 16 879
16 83 901
83 16 901
17 52 525
52 17 525
17 76 229
76 17 229
17 54 830
54 17 830
17 79 909
79 17 909
17 33 572
33 17 572
17 59 219
59 17 219
17 79 376
79 17 376
17 62 150
62 17 150
17 18 281
18 17 281
17 29 925
29 17 925
17 42 799
42 17 799
17 29 28
29 17 28
18 29 491
29 18 491
18 61 603
61 18 603
18 22 735
22 18 735
18 31 818
31 18 818
18 84 242
84 18 242
18 40 416
40 18 416
18 23 67
23 18 67
18 90 503
90 18 503
18 22 470
22 18 470
18 49 924
49 18 924
18 34 877
34 18 877
18 62 481
62 18 481
18 21 366
21 18 366
18 72 839
72 18 839
18 76 909
76 18 909
18 67 704
67 18 704
18 45 352
45 18 352
19 71 446
71 19 446
19 85 583
85 19 583
19 43 746
43 19 746
19 63 946
63 19 946
19 22 859
22 19 859
19 86 136
86 19 136
19 52 646
52 19 646
19 55 95
55 19 95
19 53 980
53 19 980
19 84 637
84 19 637
20 23 609
23 20 609
20 40 998
40 20 998
20 31 721
31 20 721
20 31 595
31 20 595
20 34 476
34 20 476
20 50 333
50 20 333
20 54 821
54 20 821
21 63 776
63 21 776
21 25 849
25 21 849
21 51 178
51 21 178
21 75 80
75 21 80
21 33 129
33 21 129
21 48 504
48 21 504
21 82 8
82 21 8
21 21 894
21 21 894
21 90 784
90 21 784
21 73 556
73 21 556
21 84 301
84 21 301
21 84 165
84 21 165
21 34 220
34 21 220
21 65 290
65 21 290
22 26 809
26 22 809
22 58 898
58 22 898
22 42 347
42 22 347
22 65 381
65 22 381
22 78 755
78 22 755
22 88 233
88 22 233
22 23 912
23 22 912
22 50 717
50 22 717
22 30 657
30 22 657
22 33 912
33 22 912
22 43 592
43 22 592
23 50 546
50 23 546
23 55 859
55 23 859
23 73 834
73 23 834
23 47 203
47 23 203
23 78 985
78 23 985
23 76 677
76 23 677
23 26 476
26 23 476
23 27 55
27 23 55
23 48 907
48 23 907
23 39 121
39 23 121
23 25 159
25 23 159
24 61 242
61 24 242
24 27 311
27 24 311
24 75 736
75 24 736
24 27 280
27 24 280
24 85 869
85 24 869
24 84 810
84 24 810
24 79 726
79 24 726
24 44 728
44 24 728
24 66 877
66 24 877
25 28 410
28 25 410
25 90 833
90 25 833
25 88 159
88 25 159
25 61 873
61 25 873
25 30 960
30 25 960
25 79 221
79 25 221
25 66 455
66 25 455
25 55 968
55 25 968
26 78 228
78 26 228
26 83 336
83 26 336
26 64 587
64 26 587
26 82 64
82 26 64
26 58 101
58 26 101
26 89 524
89 26 524
26 56 186
56 26 186
26 90 147
90 26 147
26 70 57
70 26 57
26 60 951
60 26 951
26 86 625
86 26 625
26 62 150
62 26 150
26 37 448
37 26 448
26 54 699
54 26 699
27 33 442
33 27 442
27 65 729
65 27 729
27 87 843
87 27 843
27 89 172
89 27 172
27 87 692
87 27 692
27 46 66
46 27 66
27 66 584
66 27 584
27 37 376
37 27 376
27 46 620
46 27 620
27 88 383
88 27 383
28 41 918
41 28 918
28 31 897
31 28 897
28 57 767
57 28 767
28 75 393
75 28 393
28 69 641
69 28 641
28 30 27
30 28 27
28 82 871
82 28 871
28 58 46
58 28 46
28 37 157
37 28 157
28 89 3
89 28 3
29 63 831
63 29 831
29 54 506
54 29 506
29 73 658
73 29 658
29 88 608
88 29 608
29 78 937
78 29 937
29 87 704
87 29 704
29 40 144
40 29 144
30 31 913
31 30 913
30 82 908
82 30 908
30 66 408
66 30 408
30 60 548
60 30 548
30 53 989
53 30 989
30 73 318
73 30 318
30 87 898
87 30 898
30 72 300
72 30 300
30 54 631
54 30 631
30 50 495
50 30 495
31 34 268
34 31 268
31 74 27
74 31 27
31 89 359
89 31 359
31 72 907
72 31 907
31 74 547
74 31 547
31 82 299
82 31 299
31 48 791
48 31 791
31 73 99
73 31 99
31 71 972
71 31 972
31 52 388
52 31 388
31 47 168
47 31 168
32 52 523
52 32 523
32 62 250
62 32 250
32 73 706
73 32 706
32 86 680
86 32 680
32 71 512
71 32 512
32 69 575
69 32 575
32 50 698
50 32 698
32 72 899
72 32 899
32 78 876
78 32 876
33 44 691
44 33 691
33 79 133
79 33 133
33 46 481
46 33 481
33 59 371
59 33 371
33 76 86
76 33 86
33 39 481
39 33 481
33 52 77
52 33 77
33 58 809
58 33 809
33 66 853
66 33 853
33 55 760
55 33 760
34 90 876
90 34 876
34 88 257
88 34 257
34 62 864
62 34 864
34 56 73
56 34 73
34 85 41
85 34 41
34 77 136
77 34 136
34 77 261
77 34 261
34 62 353
62 34 353
34 70 681
70 34 681
35 39 753
39 35 753
35 46 334
46 35 334
35 89 218
89 35 218
35 86 229
86 35 229
35 67 55
67 35 55
35 75 617
75 35 617
35 73 336
73 35 336
36 38 909
38 36 909
36 58 42
58 36 42
36 57 680
57 36 680
36 62 862
62 36 862
36 70 471
70 36 471
36 73 944
73 36 944
36 82 664
82 36 664
37 42 312
42 37 312
37 49 455
49 37 455
37 77 64
77 37 64
37 61 711
61 37 711
37 58 975
58 37 975
37 77 151
77 37 151
37 60 550
60 37 550
37 62 768
62 37 768
37 64 100
64 37 100
37 53 241
53 37 241
37 68 818
68 37 818
37 67 115
67 37 115
37 62 109
62 37 109
37 81 20
81 37 20
38 41 976
41 38 976
39 44 288
44 39 288
39 64 538
64 39 538
39 55 912
55 39 912
39 83 101
83 39 101
39 41 311
41 39 311
39 70 839
70 39 839
39 72 17
72 39 17
39 64 267
64 39 267
40 80 601
80 40 601
40 54 829
54 40 829
40 41 646
41 40 646
40 75 594
75 40 594
40 90 1
90 40 1
40 59 429
59 40 429
40 82 123
82 40 123
40 82 136
82 40 136
41 65 734
65 41 734
41 49 231
49 41 231
41 82 109
82 41 109
41 52 955
52 41 955
41 75 990
75 41 990
41 57 827
57 41 827
41 81 846
81 41 846
42 67 452
67 42 452
42 45 491
45 42 491
42 80 73
80 42 73
42 53 801
53 42 801
42 79 652
79 42 652
42 61 652
61 42 652
42 66 236
66 42 236
42 50 888
50 42 888
42 78 113
78 42 113
42 79 1000
79 42 1000
42 78 906
78 42 906
42 90 548
90 42 548
42 46 80
46 42 80
43 66 366
66 43 366
43 54 204
54 43 204
43 51 695
51 43 695
43 53 816
53 43 816
43 61 372
61 43 372
43 87 593
87 43 593
43 67 266
67 43 266
43 70 928
70 43 928
44 45 659
45 44 659
44 44 345
44 44 345
44 57 231
57 44 231
44 68 476
68 44 476
44 78 140
78 44 140
44 78 432
78 44 432
44 51 723
51 44 723
45 62 368
62 45 368
45 77 471
77 45 471
45 63 488
63 45 488
45 61 453
61 45 453
45 78 930
78 45 930
45 84 862
84 45 862
45 51 890
51 45 890
45 79 970
79 45 970
45 67 997
67 45 997
45 81 544
81 45 544
45 47 424
47 45 424
45 47 203
47 45 203
46 61 139
61 46 139
46 75 785
75 46 785
46 81 332
81 46 332
46 69 289
69 46 289
46 67 593
67 46 593
46 54 784
54 46 784
46 88 382
88 46 382
46 90 805
90 46 805
46 68 110
68 46 110
46 79 564
79 46 564
47 79 392
79 47 392
47 85 981
85 47 981
47 85 987
85 47 987
47 72 905
72 47 905
48 53 205
53 48 205
48 72 261
72 48 261
48 84 261
84 48 261
48 65 62
65 48 62
48 85 442
85 48 442
48 74 653
74 48 653
49 84 761
84 49 761
49 68 373
68 49 373
49 65 56
65 49 56
49 84 137
84 49 137
49 67 887
67 49 887
49 86 943
86 49 943
49 83 561
83 49 561
50 69 339
69 50 339
50 69 264
69 50 264
50 50 790
50 50 790
50 67 530
67 50 530
50 88 600
88 50 600
50 74 609
74 50 609
50 90 863
90 50 863
50 66 410
66 50 410
50 78 813
78 50 813
50 65 725
65 50 725
51 57 274
57 51 274
51 76 591
76 51 591
51 65 72
65 51 72
51 68 237
68 51 237
51 69 532
69 51 532
51 53 44
53 51 44
52 53 723
53 52 723
52 81 240
81 52 240
52 78 409
78 52 409
52 59 109
59 52 109
52 59 765
59 52 765
52 53 398
53 52 398
52 71 12
71 52 12
53 54 205
54 53 205
53 78 85
78 53 85
53 85 615
85 53 615
53 75 855
75 53 855
53 62 26
62 53 26
53 77 307
77 53 307
53 79 272
79 53 272
53 88 345
88 53 345
53 64 822
64 53 822
54 60 815
60 54 815
54 70 109
70 54 109
54 70 989
70 54 989
54 70 614
70 54 614
55 56 333
56 55 333
55 83 524
83 55 524
55 85 562
85 55 562
55 69 734
69 55 734
55 71 966
71 55 966
55 88 933
88 55 933
55 81 670
81 55 670
56 73 905
73 56 905
56 69 69
69 56 69
56 75 247
75 56 247
56 88 995
88 56 995
57 69 484
69 57 484
57 83 126
83 57 126
57 86 667
86 57 667
57 74 105
74 57 105
57 84 397
84 57 397
58 82 764
82 58 764
58 82 872
82 58 872
58 86 74
86 58 74
58 73 980
73 58 980
58 75 831
75 58 831
58 64 721
64 58 721
59 89 649
89 59 649
59 68 278
68 59 278
59 77 377
77 59 377
59 86 74
86 59 74
59 80 423
80 59 423
60 79 900
79 60 900
60 63 442
63 60 442
60 90 31
90 60 31
60 88 665
88 60 665
60 79 770
79 60 770
60 72 593
72 60 593
60 76 147
76 60 147
61 78 339
78 61 339
61 66 998
66 61 998
61 81 327
81 61 327
61 82 405
82 61 405
62 63 22
63 62 22
62 88 954
88 62 954
62 76 429
76 62 429
62 84 331
84 62 331
62 65 140
65 62 140
62 63 760
63 62 760
63 87 38
87 63 38
63 83 323
83 63 323
64 65 998
65 64 998
64 87 436
87 64 436
65 66 2
66 65 2
65 75 149
75 65 149
65 74 361
74 65 361
65 85 21
85 65 21
66 71 539
71 66 539
67 80 25
80 67 25
68 72 584
72 68 584
68 81 882
81 68 882
68 83 824
83 68 824
68 72 972
72 68 972
68 74 238
74 68 238
69 88 526
88 69 526
69 79 825
79 69 825
70 71 438
71 70 438
70 81 852
81 70 852
71 87 675
87 71 675
71 80 601
80 71 601
72 82 861
82 72 861
72 74 209
74 72 209
73 87 638
87 73 638
73 77 41
77 73 41
74 75 734
75 74 734
75 80 984
80 75 984
75 90 983
90 75 983
75 82 895
82 75 895
76 85 730
85 76 730
77 87 633
87 77 633
78 80 859
80 78 859
78 81 25
81 78 25
79 85 629
85 79 629
79 79 680
79 79 680
79 86 287
86 79 287
79 83 961
83 79 961
80 89 506
89 80 506
81 83 831
83 81 831
81 87 965
87 81 965
83 86 364
86 83 364
84 88 9
88 84 9
85 88 881
88 85 881
85 88 386
88 85 386
87 90 738
90 87 738
