71

0 1 477
1 0 477
0 4 837
4 0 837
0 20 769
20 0 769
0 39 989
39 0 989
0 41 999
41 0 999
0 63 550
63 0 550
0 34 549
34 0 549
0 4 874
4 0 874
0 39 4
39 0 4
0 3 53
3 0 53
0 13 773
13 0 773
0 67 440
67 0 440
0 63 575
63 0 575
0 41 129
41 0 129
1 2 424
2 1 424
1 11 730
11 1 730
1 14 808
14 1 808
1 33 131
33 1 131
1 19 588
19 1 588
1 59 831
59 1 831
1 57 789
57 1 789
1 21 948
21 1 948
1 49 593
49 1 593
1 20 559
20 1 559
2 3 473
3 2 473
2 7 757
7 2 757
2 10 932
10 2 932
2 15 522
15 2 522
2 44 365
44 2 365
2 42 256
42 2 256
2 33 272
33 2 272
2 57 123
57 2 123
2 59 430
59 2 430
2 31 145
31 2 145
2 21 519
21 2 519
2 29 357
29 2 357
2 8 467
8 2 467
2 19 449
19 2 449
3 5 217
5 3 217
3 9 838
9 3 838
3 21 668
21 3 668
3 47 59
47 3 59
3 4 165
4 3 165
4 8 962
8 4 962
4 26 455
26 4 455
4 9 750
9 4 750
4 40 916
40 4 916
4 33 315
33 4 315
4 69 498
69 4 498
4 23 732
23 4 732
4 56 207
56 4 207
5 6 962
6 5 962
5 16 52
16 5 52
5 31 344
31 5 344
5 39 309
39 5 309
5 30 52
30 5 52
5 20 20
20 5 20
5 22 702
22 5 702
5 17 218
17 5 218
5 53 541
53 5 541
5 20 159
20 5 159
6 17 457
17 6 457
6 35 532
35 6 532
6 45 877
45 6 877
6 23 264
23 6 264
6 61 328
61 6 328
6 55 690
55 6 690
6 56 40
56 6 40
6 47 360
47 6 360
6 53 685
53 6 685
7 12 586
12 7 586
7 49 13
49 7 13
7 13 868
13 7 868
7 36 519
36 7 519
7 36 450
36 7 450
7 62 741
62 7 741
7 53 228
53 7 228
8 18 443
18 8 443
8 33 439
33 8 439
8 30 592
30 8 592
8 59 330
59 8 330
9 47 356
47 9 356
9 52 158
52 9 158
9 38 213
38 9 213
9 12 322
12 9 322
9 27 83
27 9 83
9 31 552
31 9 552
9 25 229
25 9 229
9 11 839
11 9 839
9 15 282
15 9 282
9 24 664
24 9 664
9 60 40
60 9 40
10 58 218
58 10 218
10 41 56
41 10 56
10 69 72
69 10 72
11 66 448
66 11 448
11 30 920
30 11 920
11 65 934
65 11 934
11 20 484
20 11 484
11 63 703
63 11 703
11 63 356
63 11 356
11 49 847
49 11 847
11 67 411
67 11 411
12 13 974
13 12 974
12 22 109
22 12 109
12 25 149
25 12 149
12 34 176
34 12 176
12 43 777
43 12 777
12 46 163
46 12 163
12 21 812
21 12 812
12 20 563
20 12 563
12 13 393
13 12 393
12 26 122
26 12 122
12 42 913
42 12 913
12 56 250
56 12 250
12 34 909
34 12 909
12 55 168
55 12 168
13 60 459
60 13 459
13 62 855
62 13 855
13 69 621
69 13 621
13 19 288
19 13 288
13 66 162
66 13 162
14 27 702
27 14 702
14 25 855
25 14 855
14 36 349
36 14 349
14 57 204
57 14 204
14 58 600
58 14 600
14 50 920
50 14 920
14 32 778
32 14 778
14 32 829
32 14 829
15 23 157
23 15 157
15 55 289
55 15 289
15 65 69
65 15 69
15 53 376
53 15 376
15 29 771
29 15 771
15 66 802
66 15 802
15 17 830
17 15 830
15 19 847
19 15 847
15 16 379
16 15 379
15 50 363
50 15 363
15 38 569
38 15 569
16 37 384
37 16 384
16 52 133
52 16 133
16 41 488
41 16 488
16 67 57
67 16 57
16 40 14
40 16 14
16 57 504
57 16 504
16 16 958
16 16 958
16 65 416
65 16 416
17 19 1
19 17 1
17 24 152
24 17 152
17 31 969
31 17 969
17 67 479
67 17 479
17 41 548
41 17 548
17 27 1000
27 17 1000
17 47 30
47 17 30
17 49 964
49 17 964
17 36 961
36 17 961
17 65 993
65 17 993
17 36 158
36 17 158
17 31 628
31 17 628
17 57 995
57 17 995
18 30 750
30 18 750
18 36 749
36 18 749
18 20 822
20 18 822
18 68 954
68 18 954
18 46 221
46 18 221
19 54 335
54 19 335
19 29 168
29 19 168
19 31 129
31 19 129
19 63 850
63 19 850
19 51 234
51 19 234
20 51 564
51 20 564
20 40 886
40 20 886
20 56 150
56 20 150
20 37 32
37 20 32
21 47 969
47 21 969
21 39 668
39 21 668
21 67 675
67 21 675
22 48 973
48 22 973
22 61 657
61 22 657
22 44 454
44 22 454
22 31 357
31 22 357
22 58 481
58 22 481
23 70 790
70 23 790
23 41 977
41 23 977
23 64 921
64 23 921
23 61 258
61 23 258
24 29 80
29 24 80
24 67 547
67 24 547
24 33 757
33 24 757
24 40 318
40 24 318
24 25 792
25 24 792
25 28 611
28 25 611
25 46 755
46 25 755
25 52 840
52 25 840
25 62 86
62 25 86
25 37 990
37 25 990
25 43 361
43 25 361
25 28 416
28 25 416
25 34 997
34 25 997
25 51 593
51 25 593
26 29 922
29 26 922
26 36 360
36 26 360
26 48 733
48 26 733
26 51 744
51 26 744
26 34 436
34 26 436
27 50 499
50 27 499
27 61 94
61 27 94
27 38 278
38 27 278
27 51 915
51 27 915
27 66 937
66 27 937
27 31 880
31 27 880
28 59 163
59 28 163
28 41 249
41 28 249
29 40 830
40 29 830
29 43 134
43 29 134
29 61 78
61 29 78
30 32 995
32 30 995
30 55 394
55 30 394
30 62 138
62 30 138
31 39 667
39 31 667
31 66 729
66 31 729
31 60 751
60 31 751
31 64 125
64 31 125
31 51 2
51 31 2
31 60 707
60 31 707
32 66 916
66 32 916
32 33 424
33 32 424
32 66 942
66 32 942
32 44 683
44 32 683
33 38 522
38 33 522
33 61 170
61 33 170
33 39 280
39 33 280
34 48 691
48 34 691
34 48 957
48 34 957
34 57 796
57 34 796
34 48 515
48 34 515
34 41 845
41 34 845
34 38 735
38 34 735
35 37 696
37 35 696
35 53 773
53 35 773
35 52 398
52 35 398
35 65 682
65 35 682
35 52 98
52 35 98
35 47 163
47 35 163
36 54 261
54 36 261
36 62 795
62 36 795
36 44 483
44 36 483
36 52 741
52 36 741
37 48 757
48 37 757
37 37 73
37 37 73
37 51 723
51 37 723
37 57 449
57 37 449
37 37 173
37 37 173
38 48 120
48 38 120
38 68 700
68 38 700
38 41 915
41 38 915
38 42 623
42 38 623
38 43 628
43 38 628
38 58 284
58 38 284
38 50 981
50 38 981
39 42 219
42 39 219
39 57 806
57 39 806
39 45 983
45 39 983
40 54 450
54 40 450
41 50 519
50 41 519
41 63 997
63 41 997
41 53 333
53 41 333
42 51 652
51 42 652
44 55 540
55 44 540
46 47 162
47 46 162
46 47 464
47 46 464
46 47 338
47 46 338
46 61 277
61 46 277
47 64 810
64 47 810
47 60 379
60 47 379
47 48 754
48 47 754
48 56 110
56 48 110
48 70 76
70 48 76
48 62 844
62 48 844
48 53 339
53 48 339
49 68 222
68 49 222
50 55 65
55 50 65
50 58 586
58 50 586
50 56 831
56 50 831
50 65 567
65 50 567
51 68 409
68 51 409
51 60 225
60 51 225
52 67 847
67 52 847
54 57 370
57 54 370
54 69 987
69 54 987
54 61 264
61 54 264
56 61 14
61 56 14
56 70 94
70 56 94
56 60 74
60 56 74
57 60 704
60 57 704
57 69 424
69 57 424
57 68 280
68 57 280
58 63 989
63 58 989
58 61 155
61 58 155
59 65 422
65 59 422
60 69 738
69 60 738
60 70 932
70 60 932
61 68 359
68 61 359
61 66 120
66 61 120
62 63 16
63 62 16
63 65 151
65 63 151
64 68 40
68 64 40
69 70 134
70 69 134
