75

0 1 702
1 0 702
0 2 718
2 0 718
0 3 644
3 0 644
0 5 205
5 0 205
0 9 189
9 0 189
0 11 511
11 0 511
0 30 668
30 0 668
0 35 586
35 0 586
1 4 987
4 1 987
1 13 407
13 1 407
1 38 230
38 1 230
1 68 311
68 1 311
1 4 555
4 1 555
2 7 491
7 2 491
2 8 898
8 2 898
2 27 172
27 2 172
2 9 525
9 2 525
2 69 750
69 2 750
2 39 75
39 2 75
2 17 353
17 2 353
2 31 236
31 2 236
3 38 961
38 3 961
3 49 124
49 3 124
3 73 696
73 3 696
3 43 558
43 3 558
3 8 615
8 3 615
3 16 95
16 3 95
4 6 409
6 4 409
4 10 927
10 4 927
4 22 559
22 4 559
4 35 299
35 4 299
4 74 461
74 4 461
4 39 664
39 4 664
5 17 240
17 5 240
5 50 238
50 5 238
5 53 42
53 5 42
5 74 508
74 5 508
6 40 438
40 6 438
6 17 353
17 6 353
6 71 712
71 6 712
6 32 198
32 6 198
6 45 921
45 6 921
7 55 283
55 7 283
7 66 444
66 7 444
7 63 912
63 7 912
8 25 792
25 8 792
8 27 900
27 8 900
8 60 600
60 8 600
9 18 452
18 9 452
9 29 363
29 9 363
9 31 381
31 9 381
9 39 313
39 9 313
9 31 468
31 9 468
10 12 930
12 10 930
10 14 493
14 10 493
10 15 326
15 10 326
10 16 2
16 10 2
10 26 741
26 10 741
10 37 882
37 10 882
10 50 601
50 10 601
10 12 171
12 10 171
10 56 130
56 10 130
11 42 900
42 11 900
11 64 430
64 11 430
11 30 44
30 11 44
11 59 688
59 11 688
11 67 341
67 11 341
11 62 484
62 11 484
12 19 35
19 12 35
12 21 311
21 12 311
12 33 377
33 12 377
12 46 250
46 12 250
12 51 212
51 12 212
12 57 256
57 12 256
12 50 130
50 12 130
13 28 228
28 13 228
13 34 972
34 13 972
13 53 404
53 13 404
13 72 424
72 13 424
13 46 735
46 13 735
14 57 450
57 14 450
15 38 380
38 15 380
15 34 296
34 15 296
15 23 241
23 15 241
15 74 332
74 15 332
15 18 215
18 15 215
16 20 988
20 16 988
16 58 429
58 16 429
16 68 372
68 16 372
16 73 130
73 16 130
17 24 176
24 17 176
17 57 139
57 17 139
17 18 624
18 17 624
18 29 444
29 18 444
18 43 202
43 18 202
18 31 364
31 18 364
19 49 259
49 19 259
19 71 956
71 19 956
19 53 904
53 19 904
19 35 10
35 19 10
20 29 830
29 20 830
20 60 492
60 20 492
21 23 229
23 21 229
21 56 482
56 21 482
21 39 816
39 21 816
21 34 248
34 21 248
22 61 863
61 22 863
23 36 917
36 23 917
23 44 114
44 23 114
23 35 432
35 23 432
23 70 379
70 23 379
23 58 393
58 23 393
23 27 948
27 23 948
24 47 208
47 24 208
24 48 306
48 24 306
25 43 348
43 25 348
25 65 606
65 25 606
25 71 55
71 25 55
25 43 473
43 25 473
25 28 661
28 25 661
26 61 533
61 26 533
26 36 823
36 26 823
26 60 813
60 26 813
27 54 63
54 27 63
27 30 963
30 27 963
28 32 961
32 28 961
28 58 691
58 28 691
28 47 78
47 28 78
29 41 590
41 29 590
29 73 330
73 29 330
29 70 190
70 29 190
29 54 662
54 29 662
31 37 802
37 31 802
31 44 252
44 31 252
32 63 121
63 32 121
33 48 464
48 33 464
33 38 301
38 33 301
33 57 314
57 33 314
33 74 255
74 33 255
33 71 259
71 33 259
34 42 559
42 34 559
34 56 83
56 34 83
34 64 761
64 34 761
34 68 939
68 34 939
35 45 533
45 35 533
35 46 991
46 35 991
35 62 641
62 35 641
35 45 564
45 35 564
35 57 280
57 35 280
36 37 971
37 36 971
37 73 169
73 37 169
38 67 295
67 38 295
38 67 787
67 38 787
39 47 131
47 39 131
40 49 752
49 40 752
40 51 452
51 40 452
40 73 376
73 40 376
41 44 916
44 41 916
41 59 910
59 41 910
41 61 949
61 41 949
42 60 967
60 42 967
42 64 553
64 42 553
42 64 962
64 42 962
43 51 540
51 43 540
43 46 135
46 43 135
45 52 462
52 45 462
45 74 472
74 45 472
45 67 513
67 45 513
46 66 181
66 46 181
47 52 569
52 47 569
47 58 766
58 47 766
47 47 168
47 47 168
47 53 832
53 47 832
48 70 626
70 48 626
48 55 200
55 48 200
49 62 716
62 49 716
49 67 11
67 49 11
50 70 565
70 50 565
51 71 626
71 51 626
53 68 474
68 53 474
53 64 398
64 53 398
54 62 510
62 54 510
54 70 317
70 54 317
54 60 114
60 54 114
55 59 669
59 55 669
55 70 751
70 55 751
56 60 114
60 56 114
57 63 461
63 57 461
60 72 995
72 60 995
61 64 740
64 61 740
62 70 429
70 62 429
63 72 673
72 63 673
64 72 123
72 64 123
64 73 118
73 64 118
65 70 341
70 65 341
65 66 500
66 65 500
67 69 77
69 67 77
68 74 618
74 68 618
68 70 937
70 68 937
69 73 71
73 69 71
