43

0 1 622
1 0 622
0 4 700
4 0 700
0 12 898
12 0 898
0 28 640
28 0 640
0 25 200
25 0 200
0 28 732
28 0 732
0 13 968
13 0 968
1 2 898
2 1 898
1 7 753
7 1 753
1 36 939
36 1 939
2 3 575
3 2 575
2 5 363
5 2 363
2 22 99
22 2 99
2 39 698
39 2 698
2 21 551
21 2 551
2 25 881
25 2 881
3 6 546
6 3 546
3 24 994
24 3 994
4 10 409
10 4 409
4 15 682
15 4 682
4 17 335
17 4 335
4 26 166
26 4 166
4 31 665
31 4 665
4 5 991
5 4 991
5 13 683
13 5 683
5 19 973
19 5 973
5 27 715
27 5 715
5 15 91
15 5 91
5 18 42
18 5 42
5 35 217
35 5 217
6 8 323
8 6 323
6 9 351
9 6 351
6 29 387
29 6 387
6 33 619
33 6 619
6 34 707
34 6 707
6 25 586
25 6 586
6 19 341
19 6 341
9 30 312
30 9 312
9 12 948
12 9 948
9 19 407
19 9 407
10 11 321
11 10 321
10 41 142
41 10 142
10 21 625
21 10 625
11 18 208
18 11 208
11 20 323
20 11 323
11 24 784
24 11 784
12 16 800
16 12 800
12 30 99
30 12 99
13 14 386
14 13 386
13 21 92
21 13 92
13 23 903
23 13 903
13 14 955
14 13 955
15 32 97
32 15 97
16 35 575
35 16 575
16 23 15
23 16 15
17 42 223
42 17 223
17 19 561
19 17 561
18 20 170
20 18 170
19 25 46
25 19 46
20 24 762
24 20 762
22 30 8
30 22 8
23 40 412
40 23 412
24 31 364
31 24 364
24 36 311
36 24 311
24 38 629
38 24 629
26 41 77
41 26 77
28 42 367
42 28 367
28 40 917
40 28 917
33 37 701
37 33 701
35 41 657
41 35 657
36 37 695
37 36 695
37 40 82
40 37 82
38 41 143
41 38 143
