87

0 1 165
1 0 165
0 3 532
3 0 532
0 6 455
6 0 455
0 60 12
60 0 12
0 20 936
20 0 936
0 48 825
48 0 825
0 49 616
49 0 616
1 2 628
2 1 628
1 20 397
20 1 397
1 35 508
35 1 508
1 57 370
57 1 370
1 12 808
12 1 808
1 42 744
42 1 744
1 69 859
69 1 859
1 6 536
6 1 536
1 72 28
72 1 28
2 7 283
7 2 283
2 14 584
14 2 584
2 66 526
66 2 526
2 55 564
55 2 564
2 35 84
35 2 84
3 4 977
4 3 977
3 5 664
5 3 664
3 9 873
9 3 873
3 12 627
12 3 627
3 16 952
16 3 952
3 73 582
73 3 582
3 25 506
25 3 506
3 17 74
17 3 74
3 43 763
43 3 763
3 64 136
64 3 136
3 36 615
36 3 615
3 53 835
53 3 835
4 86 122
86 4 122
4 45 974
45 4 974
4 11 352
11 4 352
5 34 283
34 5 283
5 12 496
12 5 496
5 40 278
40 5 278
5 26 42
26 5 42
5 55 52
55 5 52
6 8 362
8 6 362
6 10 605
10 6 605
6 23 908
23 6 908
6 32 995
32 6 995
6 67 726
67 6 726
6 55 430
55 6 430
6 64 836
64 6 836
6 85 19
85 6 19
6 69 913
69 6 913
6 32 301
32 6 301
7 15 606
15 7 606
7 44 438
44 7 438
7 80 25
80 7 25
7 30 371
30 7 371
7 7 429
7 7 429
7 74 290
74 7 290
7 47 990
47 7 990
7 31 382
31 7 382
7 34 432
34 7 432
7 36 420
36 7 420
8 11 144
11 8 144
8 17 786
17 8 786
8 55 846
55 8 846
8 28 785
28 8 785
8 74 762
74 8 762
8 46 94
46 8 94
8 84 98
84 8 98
8 54 583
54 8 583
9 22 735
22 9 735
9 65 521
65 9 521
9 18 982
18 9 982
9 34 733
34 9 733
9 26 733
26 9 733
9 57 104
57 9 104
9 67 749
67 9 749
9 50 969
50 9 969
9 44 216
44 9 216
9 72 730
72 9 730
9 41 174
41 9 174
10 13 827
13 10 827
10 41 816
41 10 816
10 76 415
76 10 415
10 71 566
71 10 566
10 30 21
30 10 21
10 36 22
36 10 22
10 66 317
66 10 317
10 59 461
59 10 461
10 23 869
23 10 869
10 62 564
62 10 564
11 25 581
25 11 581
11 63 957
63 11 957
11 39 982
39 11 982
11 56 659
56 11 659
11 40 473
40 11 473
11 34 343
34 11 343
12 62 459
62 12 459
12 74 96
74 12 96
12 28 236
28 12 236
12 81 351
81 12 351
12 33 681
33 12 681
12 31 223
31 12 223
12 15 580
15 12 580
13 19 500
19 13 500
13 45 824
45 13 824
13 31 969
31 13 969
13 75 69
75 13 69
13 67 111
67 13 111
13 27 678
27 13 678
14 18 489
18 14 489
14 26 327
26 14 327
14 25 524
25 14 524
14 58 544
58 14 544
14 52 872
52 14 872
14 18 978
18 14 978
14 60 315
60 14 315
14 69 633
69 14 633
14 33 505
33 14 505
14 32 313
32 14 313
15 27 442
27 15 442
15 28 67
28 15 67
15 66 693
66 15 693
15 82 153
82 15 153
15 72 919
72 15 919
15 26 836
26 15 836
15 43 30
43 15 30
15 79 380
79 15 380
15 33 184
33 15 184
15 34 66
34 15 66
16 37 364
37 16 364
16 69 972
69 16 972
16 74 229
74 16 229
16 38 349
38 16 349
16 58 436
58 16 436
16 76 411
76 16 411
16 72 239
72 16 239
16 50 133
50 16 133
16 42 913
42 16 913
16 19 265
19 16 265
17 65 897
65 17 897
17 24 895
24 17 895
17 62 508
62 17 508
18 40 396
40 18 396
18 75 564
75 18 564
18 30 143
30 18 143
18 71 14
71 18 14
18 83 646
83 18 646
19 27 899
27 19 899
19 52 194
52 19 194
19 74 728
74 19 728
19 68 193
68 19 193
20 21 38
21 20 38
20 31 781
31 20 781
20 70 519
70 20 519
20 53 759
53 20 759
20 85 449
85 20 449
20 78 487
78 20 487
20 38 200
38 20 200
21 42 475
42 21 475
21 43 703
43 21 703
21 47 256
47 21 256
21 50 791
50 21 791
21 53 306
53 21 306
21 81 73
81 21 73
21 33 951
33 21 951
21 64 361
64 21 361
21 79 239
79 21 239
21 38 160
38 21 160
21 26 556
26 21 556
21 48 726
48 21 726
21 21 805
21 21 805
21 48 792
48 21 792
21 29 180
29 21 180
21 36 534
36 21 534
21 86 885
86 21 885
21 77 241
77 21 241
22 30 105
30 22 105
22 72 968
72 22 968
22 85 900
85 22 900
22 76 994
76 22 994
22 60 112
60 22 112
22 79 43
79 22 43
22 46 638
46 22 638
22 53 242
53 22 242
23 24 736
24 23 736
23 79 912
79 23 912
23 82 507
82 23 507
23 79 411
79 23 411
23 69 63
69 23 63
23 29 997
29 23 997
23 46 335
46 23 335
23 30 465
30 23 465
24 61 300
61 24 300
24 42 826
42 24 826
24 82 322
82 24 322
24 67 485
67 24 485
25 33 220
33 25 220
25 75 543
75 25 543
25 26 335
26 25 335
25 61 502
61 25 502
25 66 202
66 25 202
26 29 582
29 26 582
26 36 663
36 26 663
26 29 521
29 26 521
26 58 957
58 26 957
26 85 759
85 26 759
26 61 913
61 26 913
26 67 102
67 26 102
27 63 516
63 27 516
27 79 53
79 27 53
27 50 582
50 27 582
27 54 564
54 27 564
27 77 907
77 27 907
27 64 897
64 27 897
27 55 408
55 27 408
27 60 593
60 27 593
28 49 384
49 28 384
28 29 442
29 28 442
28 45 944
45 28 944
29 40 407
40 29 407
29 76 452
76 29 452
29 75 3
75 29 3
29 31 513
31 29 513
30 59 942
59 30 942
30 75 672
75 30 672
30 45 510
45 30 510
30 30 471
30 30 471
30 34 519
34 30 519
30 80 27
80 30 27
30 72 248
72 30 248
31 34 953
34 31 953
31 40 235
40 31 235
31 46 921
46 31 921
31 59 441
59 31 441
31 44 27
44 31 27
32 38 268
38 32 268
32 58 950
58 32 950
32 67 442
67 32 442
32 33 269
33 32 269
32 77 402
77 32 402
32 54 907
54 32 907
32 80 853
80 32 853
32 43 784
43 32 784
33 76 601
76 33 601
33 72 269
72 33 269
33 68 780
68 33 780
33 80 202
80 33 202
34 56 643
56 34 643
34 75 525
75 34 525
34 75 686
75 34 686
35 39 407
39 35 407
35 66 835
66 35 835
35 77 897
77 35 897
35 39 264
39 35 264
35 77 612
77 35 612
35 86 446
86 35 446
36 83 708
83 36 708
36 40 835
40 36 835
36 75 91
75 36 91
37 42 844
42 37 844
37 86 254
86 37 254
37 61 784
61 37 784
38 65 682
65 38 682
38 73 985
73 38 985
38 48 807
48 38 807
38 83 813
83 38 813
38 74 769
74 38 769
38 80 659
80 38 659
38 75 283
75 38 283
38 81 466
81 38 466
39 45 616
45 39 616
39 51 724
51 39 724
39 73 95
73 39 95
39 85 278
85 39 278
39 42 932
42 39 932
39 53 204
53 39 204
39 56 813
56 39 813
39 56 1
56 39 1
39 61 457
61 39 457
39 74 778
74 39 778
39 57 757
57 39 757
40 76 340
76 40 340
40 58 380
58 40 380
40 59 605
59 40 605
41 48 331
48 41 331
41 66 255
66 41 255
41 84 762
84 41 762
42 64 706
64 42 706
42 61 822
61 42 822
42 79 71
79 42 71
42 61 837
61 42 837
43 61 599
61 43 599
43 72 79
72 43 79
43 59 243
59 43 243
43 48 780
48 43 780
44 55 934
55 44 934
44 60 640
60 44 640
44 45 129
45 44 129
45 77 538
77 45 538
45 60 836
60 45 836
45 63 850
63 45 850
45 69 20
69 45 20
45 81 915
81 45 915
46 52 99
52 46 99
46 54 453
54 46 453
46 77 557
77 46 557
47 78 732
78 47 732
47 56 805
56 47 805
47 81 605
81 47 605
47 51 696
51 47 696
48 60 169
60 48 169
48 81 397
81 48 397
49 73 476
73 49 476
50 63 334
63 50 334
51 79 611
79 51 611
51 70 202
70 51 202
51 66 251
66 51 251
52 68 965
68 52 965
52 71 79
71 52 79
52 55 484
55 52 484
52 53 437
53 52 437
52 80 181
80 52 181
52 66 687
66 52 687
54 57 536
57 54 536
54 73 594
73 54 594
55 65 520
65 55 520
55 57 992
57 55 992
55 62 379
62 55 379
55 69 399
69 55 399
55 85 923
85 55 923
55 60 431
60 55 431
56 86 766
86 56 766
56 85 22
85 56 22
57 60 49
60 57 49
57 66 692
66 57 692
58 81 18
81 58 18
59 66 785
66 59 785
59 62 661
62 59 661
60 80 203
80 60 203
60 76 561
76 60 561
62 62 752
62 62 752
62 86 671
86 62 671
63 77 22
77 63 22
63 64 346
64 63 346
63 81 382
81 63 382
63 78 773
78 63 773
64 75 237
75 64 237
65 74 753
74 65 753
66 75 286
75 66 286
67 78 624
78 67 624
67 86 529
86 67 529
67 72 158
72 67 158
68 70 10
70 68 10
68 72 501
72 68 501
70 86 568
86 70 568
70 83 809
83 70 809
70 72 912
72 70 912
71 72 576
72 71 576
71 72 773
72 71 773
71 85 886
85 71 886
72 75 850
75 72 850
72 78 215
78 72 215
72 78 233
78 72 233
73 74 579
74 73 579
73 76 112
76 73 112
76 85 104
85 76 104
79 83 878
83 79 878
81 84 691
84 81 691
81 84 472
84 81 472
81 86 543
86 81 543
82 82 801
82 82 801
