72

0 1 339
1 0 339
0 2 204
2 0 204
0 6 771
6 0 771
0 10 578
10 0 578
0 11 180
11 0 180
0 13 676
13 0 676
0 25 881
25 0 881
0 33 712
33 0 712
0 36 830
36 0 830
1 3 545
3 1 545
2 4 953
4 2 953
2 8 388
8 2 388
2 9 548
9 2 548
2 14 451
14 2 451
2 21 783
21 2 783
2 53 476
53 2 476
3 5 47
5 3 47
3 7 508
7 3 508
4 55 921
55 4 921
4 57 868
57 4 868
4 53 579
53 4 579
5 15 571
15 5 571
5 17 365
17 5 365
5 20 930
20 5 930
6 29 781
29 6 781
6 34 793
34 6 793
7 51 648
51 7 648
7 54 903
54 7 903
7 57 948
57 7 948
8 65 290
65 8 290
9 16 928
16 9 928
10 12 110
12 10 110
10 35 244
35 10 244
11 19 567
19 11 567
11 32 923
32 11 923
12 24 999
24 12 999
12 47 449
47 12 449
12 52 517
52 12 517
13 26 814
26 13 814
13 37 544
37 13 544
14 22 772
22 14 772
15 18 508
18 15 508
15 46 930
46 15 930
15 66 251
66 15 251
16 38 393
38 16 393
16 69 337
69 16 337
18 23 338
23 18 338
18 62 873
62 18 873
21 27 166
27 21 166
24 28 239
28 24 239
24 30 633
30 24 633
24 42 396
42 24 396
24 61 837
61 24 837
26 45 175
45 26 175
26 67 371
67 26 371
27 31 95
31 27 95
33 44 486
44 33 486
33 64 304
64 33 304
34 40 980
40 34 980
34 56 268
56 34 268
35 58 312
58 35 312
35 64 441
64 35 441
36 41 482
41 36 482
36 49 243
49 36 243
37 39 747
39 37 747
37 60 727
60 37 727
40 43 231
43 40 231
40 48 85
48 40 85
40 63 295
63 40 295
44 50 70
50 44 70
46 71 182
71 46 182
49 59 317
59 49 317
53 57 163
57 53 163
64 68 648
68 64 648
66 70 671
70 66 671
