89

0 1 917
1 0 917
0 2 204
2 0 204
0 15 342
15 0 342
0 63 964
63 0 964
0 69 913
69 0 913
0 22 253
22 0 253
0 86 291
86 0 291
0 85 540
85 0 540
0 74 233
74 0 233
0 2 127
2 0 127
0 84 41
84 0 41
1 7 733
7 1 733
1 10 417
10 1 417
1 54 524
54 1 524
1 67 836
67 1 836
1 17 202
17 1 202
1 70 60
70 1 60
1 84 216
84 1 216
2 3 389
3 2 389
2 21 997
21 2 997
2 44 205
44 2 205
2 60 512
60 2 512
2 87 70
87 2 70
2 51 399
51 2 399
2 74 678
74 2 678
3 4 638
4 3 638
3 5 991
5 3 991
3 6 375
6 3 375
3 13 442
13 3 442
3 14 222
14 3 222
3 16 310
16 3 310
3 27 861
27 3 861
3 87 318
87 3 318
3 16 506
16 3 506
4 9 648
9 4 648
4 76 348
76 4 348
5 12 941
12 5 941
5 30 183
30 5 183
5 33 150
33 5 150
5 38 939
38 5 939
5 40 886
40 5 886
5 55 381
55 5 381
5 18 322
18 5 322
5 13 612
13 5 612
5 70 318
70 5 318
5 63 642
63 5 642
5 88 646
88 5 646
6 8 69
8 6 69
6 35 756
35 6 756
6 43 73
43 6 73
6 37 524
37 6 524
6 29 253
29 6 253
6 10 443
10 6 443
6 13 262
13 6 262
6 51 591
51 6 591
6 46 793
46 6 793
6 80 755
80 6 755
6 69 497
69 6 497
6 51 962
51 6 962
7 20 760
20 7 760
7 34 351
34 7 351
7 83 490
83 7 490
7 22 100
22 7 100
8 29 218
29 8 218
8 36 588
36 8 588
9 17 627
17 9 627
9 32 253
32 9 253
9 20 581
20 9 581
9 58 97
58 9 97
10 11 551
11 10 551
10 22 907
22 10 907
10 51 615
51 10 615
10 43 221
43 10 221
10 63 237
63 10 237
10 42 20
42 10 20
10 35 178
35 10 178
11 37 277
37 11 277
11 24 924
24 11 924
11 37 371
37 11 371
11 55 585
55 11 585
11 61 58
61 11 58
12 19 561
19 12 561
12 46 981
46 12 981
13 18 823
18 13 823
13 57 167
57 13 167
13 79 872
79 13 872
13 81 571
81 13 571
13 61 172
61 13 172
13 33 674
33 13 674
13 82 241
82 13 241
14 39 931
39 14 931
14 84 340
84 14 340
14 73 103
73 14 103
14 87 84
87 14 84
14 55 639
55 14 639
14 56 706
56 14 706
15 25 913
25 15 913
15 81 710
81 15 710
15 74 623
74 15 623
15 32 460
32 15 460
15 78 570
78 15 570
16 45 654
45 16 654
16 62 343
62 16 343
16 88 914
88 16 914
16 38 384
38 16 384
17 23 823
23 17 823
17 46 605
46 17 605
17 74 264
74 17 264
17 35 479
35 17 479
17 56 771
56 17 771
18 28 174
28 18 174
18 39 814
39 18 814
18 19 180
19 18 180
18 28 348
28 18 348
18 36 861
36 18 861
19 41 400
41 19 400
19 26 690
26 19 690
19 33 330
33 19 330
19 52 868
52 19 868
20 58 529
58 20 529
20 59 401
59 20 401
20 85 840
85 20 840
20 46 613
46 20 613
21 31 298
31 21 298
21 42 678
42 21 678
21 80 463
80 21 463
21 60 774
60 21 774
22 45 455
45 22 455
22 29 24
29 22 24
22 45 801
45 22 801
23 24 325
24 23 325
23 52 407
52 23 407
23 26 855
26 23 855
24 26 612
26 24 612
24 47 639
47 24 639
24 40 61
40 24 61
24 52 62
52 24 62
25 68 50
68 25 50
25 83 776
83 25 776
25 29 736
29 25 736
26 63 329
63 26 329
27 70 929
70 27 929
27 85 449
85 27 449
27 66 621
66 27 621
28 87 473
87 28 473
28 53 70
53 28 70
28 72 726
72 28 726
28 56 837
56 28 837
30 86 66
86 30 66
31 49 251
49 31 251
31 66 340
66 31 340
31 71 790
71 31 790
31 51 928
51 31 928
32 42 856
42 32 856
32 37 57
37 32 57
32 80 115
80 32 115
33 48 594
48 33 594
33 50 206
50 33 206
33 61 377
61 33 377
33 64 624
64 33 624
33 67 779
67 33 779
33 45 21
45 33 21
34 53 589
53 34 589
34 77 168
77 34 168
34 36 359
36 34 359
34 66 749
66 34 749
34 51 344
51 34 344
34 84 240
84 34 240
35 75 152
75 35 152
35 78 789
78 35 789
35 67 920
67 35 920
35 45 76
45 35 76
35 55 875
55 35 875
35 37 248
37 35 248
36 77 247
77 36 247
37 82 360
82 37 360
37 87 218
87 37 218
37 64 721
64 37 721
37 69 238
69 37 238
37 64 827
64 37 827
38 78 967
78 38 967
38 57 802
57 38 802
39 51 136
51 39 136
39 75 976
75 39 976
39 61 29
61 39 29
40 52 802
52 40 802
40 67 574
67 40 574
41 49 648
49 41 648
42 51 718
51 42 718
42 59 158
59 42 158
42 78 754
78 42 754
43 68 541
68 43 541
44 84 349
84 44 349
44 76 672
76 44 672
45 86 655
86 45 655
45 57 293
57 45 293
45 50 75
50 45 75
46 65 438
65 46 438
46 73 59
73 46 59
46 82 330
82 46 330
46 69 119
69 46 119
50 88 621
88 50 621
51 60 755
60 51 755
51 74 345
74 51 345
52 56 365
56 52 365
52 79 875
79 52 875
53 84 435
84 53 435
53 68 664
68 53 664
54 67 771
67 54 771
56 86 167
86 56 167
56 59 908
59 56 908
59 72 366
72 59 366
59 73 907
73 59 907
59 76 126
76 59 126
60 88 101
88 60 101
61 64 180
64 61 180
63 84 571
84 63 571
66 75 517
75 66 517
66 72 373
72 66 373
68 78 900
78 68 900
68 84 700
84 68 700
68 79 34
79 68 34
68 86 981
86 68 981
69 87 645
87 69 645
73 80 224
80 73 224
73 76 444
76 73 444
74 80 886
80 74 886
78 83 513
83 78 513
