72

0 1 855
1 0 855
0 3 210
3 0 210
0 20 266
20 0 266
0 59 699
59 0 699
0 62 434
62 0 434
0 20 467
20 0 467
0 8 186
8 0 186
0 5 257
5 0 257
0 50 152
50 0 152
0 23 104
23 0 104
0 31 31
31 0 31
0 61 735
61 0 735
0 14 805
14 0 805
0 68 571
68 0 571
1 2 49
2 1 49
1 4 784
4 1 784
1 57 433
57 1 433
1 55 356
55 1 356
1 31 614
31 1 614
1 22 376
22 1 376
1 46 728
46 1 728
1 10 697
10 1 697
2 18 808
18 2 808
2 28 286
28 2 286
2 61 725
61 2 725
2 59 576
59 2 576
2 50 148
50 2 148
2 11 202
11 2 202
2 66 98
66 2 98
2 35 212
35 2 212
2 54 185
54 2 185
2 62 690
62 2 690
2 71 408
71 2 408
2 10 909
10 2 909
2 46 147
46 2 147
3 5 11
5 3 11
3 6 182
6 3 182
3 8 872
8 3 872
3 16 834
16 3 834
3 39 577
39 3 577
3 56 511
56 3 511
3 22 192
22 3 192
3 36 871
36 3 871
3 46 541
46 3 541
3 40 672
40 3 672
4 7 761
7 4 761
4 14 888
14 4 888
4 15 751
15 4 751
4 19 625
19 4 625
4 47 26
47 4 26
4 36 370
36 4 370
4 8 496
8 4 496
4 18 105
18 4 105
4 49 921
49 4 921
4 52 668
52 4 668
4 59 302
59 4 302
4 50 250
50 4 250
4 23 47
23 4 47
5 9 461
9 5 461
5 52 708
52 5 708
5 60 198
60 5 198
5 38 974
38 5 974
5 49 179
49 5 179
5 39 445
39 5 445
5 63 220
63 5 220
5 16 942
16 5 942
5 7 198
7 5 198
5 68 554
68 5 554
5 26 186
26 5 186
5 54 187
54 5 187
5 37 799
37 5 799
5 47 956
47 5 956
5 43 837
43 5 837
5 6 925
6 5 925
6 10 964
10 6 964
6 13 443
13 6 443
6 64 760
64 6 760
6 24 45
24 6 45
6 67 861
67 6 861
6 60 117
60 6 117
6 53 101
53 6 101
7 24 520
24 7 520
7 48 627
48 7 627
7 45 371
45 7 371
7 58 515
58 7 515
7 68 671
68 7 671
7 60 121
60 7 121
7 8 489
8 7 489
7 57 37
57 7 37
7 16 292
16 7 292
7 38 468
38 7 468
7 68 95
68 7 95
8 11 545
11 8 545
8 37 481
37 8 481
8 46 86
46 8 86
8 24 996
24 8 996
8 60 212
60 8 212
8 21 272
21 8 272
8 29 839
29 8 839
8 52 636
52 8 636
8 48 373
48 8 373
8 52 111
52 8 111
8 10 939
10 8 939
8 18 647
18 8 647
9 35 813
35 9 813
9 33 691
33 9 691
9 54 54
54 9 54
9 37 398
37 9 398
9 14 124
14 9 124
9 20 839
20 9 839
9 60 485
60 9 485
9 32 871
32 9 871
9 35 149
35 9 149
9 56 954
56 9 954
9 45 738
45 9 738
10 12 206
12 10 206
10 68 837
68 10 837
10 40 129
40 10 129
10 32 114
32 10 114
10 49 638
49 10 638
10 44 404
44 10 404
10 18 31
18 10 31
10 32 265
32 10 265
10 44 513
44 10 513
10 58 21
58 10 21
10 59 539
59 10 539
10 61 219
61 10 219
10 10 480
10 10 480
10 38 100
38 10 100
10 41 549
41 10 549
10 36 805
36 10 805
11 17 957
17 11 957
11 26 165
26 11 165
11 14 989
14 11 989
11 30 684
30 11 684
11 24 652
24 11 652
11 19 875
19 11 875
11 40 979
40 11 979
11 22 400
22 11 400
11 49 481
49 11 481
11 68 358
68 11 358
11 56 37
56 11 37
11 16 844
16 11 844
11 30 664
30 11 664
12 31 317
31 12 317
12 41 125
41 12 125
12 58 11
58 12 11
12 59 743
59 12 743
12 51 748
51 12 748
12 42 660
42 12 660
12 35 891
35 12 891
12 16 655
16 12 655
12 71 543
71 12 543
12 47 523
47 12 523
12 46 540
46 12 540
13 23 26
23 13 26
13 33 736
33 13 736
13 43 183
43 13 183
13 67 580
67 13 580
13 42 223
42 13 223
13 57 295
57 13 295
14 32 885
32 14 885
14 35 471
35 14 471
14 44 828
44 14 828
14 65 64
65 14 64
14 69 622
69 14 622
14 37 411
37 14 411
14 18 119
18 14 119
14 63 469
63 14 469
14 59 741
59 14 741
14 42 439
42 14 439
14 69 354
69 14 354
14 22 808
22 14 808
15 22 504
22 15 504
15 34 391
34 15 391
15 36 727
36 15 727
15 47 298
47 15 298
15 55 524
55 15 524
15 58 292
58 15 292
15 55 244
55 15 244
15 29 315
29 15 315
15 57 15
57 15 15
15 70 530
70 15 530
15 17 676
17 15 676
15 68 696
68 15 696
15 21 658
21 15 658
16 62 707
62 16 707
16 22 960
22 16 960
16 65 201
65 16 201
16 69 128
69 16 128
16 48 207
48 16 207
16 65 811
65 16 811
16 40 377
40 16 377
17 31 945
31 17 945
17 56 106
56 17 106
17 34 280
34 17 280
17 21 423
21 17 423
17 44 282
44 17 282
17 43 963
43 17 963
17 27 577
27 17 577
17 67 440
67 17 440
17 60 535
60 17 535
17 51 987
51 17 987
17 36 858
36 17 858
17 51 849
51 17 849
17 50 55
50 17 55
18 21 508
21 18 508
18 29 687
29 18 687
18 30 464
30 18 464
18 61 140
61 18 140
18 59 483
59 18 483
18 33 858
33 18 858
18 37 953
37 18 953
18 58 887
58 18 887
18 27 178
27 18 178
19 26 813
26 19 813
19 63 901
63 19 901
19 44 492
44 19 492
19 43 149
43 19 149
19 51 980
51 19 980
19 65 322
65 19 322
19 20 957
20 19 957
19 31 635
31 19 635
20 25 133
25 20 133
20 48 48
48 20 48
20 70 381
70 20 381
20 46 492
46 20 492
20 37 599
37 20 599
20 38 368
38 20 368
20 56 523
56 20 523
20 33 636
33 20 636
20 62 61
62 20 61
21 27 740
27 21 740
21 40 256
40 21 256
21 30 404
30 21 404
21 52 371
52 21 371
21 53 513
53 21 513
21 60 142
60 21 142
21 66 778
66 21 778
21 62 824
62 21 824
21 58 804
58 21 804
22 37 530
37 22 530
23 51 369
51 23 369
23 37 809
37 23 809
23 50 591
50 23 591
23 64 418
64 23 418
23 62 981
62 23 981
23 50 829
50 23 829
24 27 709
27 24 709
24 60 808
60 24 808
24 69 626
69 24 626
24 50 791
50 24 791
24 42 36
42 24 36
24 71 152
71 24 152
24 60 794
60 24 794
24 44 939
44 24 939
24 51 716
51 24 716
25 63 806
63 25 806
25 33 994
33 25 994
25 31 480
31 25 480
25 52 891
52 25 891
25 70 845
70 25 845
25 49 201
49 25 201
25 40 850
40 25 850
25 67 236
67 25 236
25 50 229
50 25 229
25 66 542
66 25 542
26 38 104
38 26 104
26 39 325
39 26 325
26 40 465
40 26 465
26 69 275
69 26 275
26 31 340
31 26 340
26 37 433
37 26 433
26 44 231
44 26 231
26 42 199
42 26 199
26 59 596
59 26 596
26 32 240
32 26 240
26 42 77
42 26 77
27 50 670
50 27 670
27 43 162
43 27 162
27 58 691
58 27 691
27 27 574
27 27 574
27 34 768
34 27 768
27 42 189
42 27 189
28 45 388
45 28 388
28 56 986
56 28 986
28 30 560
30 28 560
28 32 625
32 28 625
28 56 321
56 28 321
28 40 479
40 28 479
28 43 72
43 28 72
28 50 180
50 28 180
28 56 656
56 28 656
28 58 231
58 28 231
29 59 669
59 29 669
29 70 410
70 29 410
29 48 447
48 29 447
29 55 803
55 29 803
29 64 124
64 29 124
29 40 744
40 29 744
29 32 257
32 29 257
29 43 866
43 29 866
30 53 882
53 30 882
30 58 576
58 30 576
30 69 678
69 30 678
30 31 945
31 30 945
30 45 655
45 30 655
31 42 536
42 31 536
31 43 406
43 31 406
31 44 812
44 31 812
31 40 675
40 31 675
31 47 579
47 31 579
32 57 762
57 32 762
33 42 113
42 33 113
33 42 454
42 33 454
33 62 666
62 33 666
33 38 184
38 33 184
33 35 411
35 33 411
33 47 427
47 33 427
33 46 261
46 33 261
33 64 595
64 33 595
33 59 578
59 33 578
34 53 310
53 34 310
34 48 649
48 34 649
34 59 176
59 34 176
34 47 119
47 34 119
34 62 991
62 34 991
34 67 443
67 34 443
34 68 385
68 34 385
35 65 147
65 35 147
35 39 248
39 35 248
35 68 411
68 35 411
35 63 772
63 35 772
35 66 283
66 35 283
35 60 773
60 35 773
35 50 575
50 35 575
36 52 807
52 36 807
36 71 65
71 36 65
36 51 140
51 36 140
36 63 418
63 36 418
36 37 434
37 36 434
36 57 576
57 36 576
36 56 112
56 36 112
36 52 740
52 36 740
37 47 763
47 37 763
37 47 101
47 37 101
37 60 42
60 37 42
37 44 881
44 37 881
37 55 715
55 37 715
38 44 531
44 38 531
38 50 437
50 38 437
38 60 34
60 38 34
38 39 612
39 38 612
38 59 496
59 38 496
38 59 153
59 38 153
38 62 40
62 38 40
38 71 130
71 38 130
38 57 247
57 38 247
39 60 472
60 39 472
39 61 439
61 39 439
40 71 518
71 40 518
40 60 857
60 40 857
40 71 826
71 40 826
41 70 832
70 41 832
41 67 943
67 41 943
41 44 462
44 41 462
41 58 580
58 41 580
41 42 287
42 41 287
41 70 712
70 41 712
42 43 248
43 42 248
42 59 269
59 42 269
42 47 769
47 42 769
42 50 407
50 42 407
43 52 173
52 43 173
43 67 417
67 43 417
43 57 55
57 43 55
43 69 934
69 43 934
44 66 214
66 44 214
44 52 440
52 44 440
44 66 88
66 44 88
44 44 495
44 44 495
44 58 340
58 44 340
45 49 620
49 45 620
45 51 405
51 45 405
45 50 526
50 45 526
46 48 110
48 46 110
46 48 852
48 46 852
46 53 427
53 46 427
46 68 78
68 46 78
46 63 201
63 46 201
47 60 858
60 47 858
47 69 712
69 47 712
47 67 200
67 47 200
47 52 507
52 47 507
47 64 325
64 47 325
48 57 83
57 48 83
48 50 756
50 48 756
49 57 186
57 49 186
49 67 520
67 49 520
49 57 904
57 49 904
49 60 705
60 49 705
50 62 95
62 50 95
50 61 420
61 50 420
50 70 570
70 50 570
51 52 955
52 51 955
51 61 243
61 51 243
51 59 645
59 51 645
51 71 388
71 51 388
52 54 53
54 52 53
52 59 38
59 52 38
52 64 499
64 52 499
52 55 14
55 52 14
53 66 55
66 53 55
53 59 801
59 53 801
54 58 382
58 54 382
54 68 580
68 54 580
54 56 164
56 54 164
55 61 313
61 55 313
55 58 420
58 55 420
56 60 5
60 56 5
57 67 679
67 57 679
57 64 307
64 57 307
58 60 267
60 58 267
59 66 84
66 59 84
59 69 61
69 59 61
60 69 927
69 60 927
60 64 528
64 60 528
62 69 392
69 62 392
62 67 447
67 62 447
63 68 815
68 63 815
64 65 954
65 64 954
64 64 656
64 64 656
64 67 342
67 64 342
65 70 796
70 65 796
65 68 664
68 65 664
65 66 272
66 65 272
65 67 509
67 65 509
67 68 419
68 67 419
67 68 630
68 67 630
67 68 147
68 67 147
69 70 904
70 69 904
