81

0 1 86
1 0 86
0 5 532
5 0 532
0 14 932
14 0 932
0 19 544
19 0 544
0 20 502
20 0 502
0 51 940
51 0 940
0 55 997
55 0 997
0 68 867
68 0 867
0 21 50
21 0 50
0 69 809
69 0 809
0 31 726
31 0 726
0 30 646
30 0 646
0 0 851
0 0 851
0 43 417
43 0 417
0 22 564
22 0 564
1 2 175
2 1 175
1 3 406
3 1 406
1 15 949
15 1 949
1 80 681
80 1 681
1 71 712
71 1 712
1 71 247
71 1 247
2 6 107
6 2 107
2 7 110
7 2 110
2 12 392
12 2 392
2 13 692
13 2 692
2 22 950
22 2 950
2 60 619
60 2 619
2 61 666
61 2 666
2 39 228
39 2 228
2 4 166
4 2 166
2 71 611
71 2 611
2 22 475
22 2 475
2 38 111
38 2 111
2 11 109
11 2 109
2 74 549
74 2 549
2 21 95
21 2 95
2 27 736
27 2 736
2 8 172
8 2 172
3 4 875
4 3 875
3 11 695
11 3 695
3 50 282
50 3 282
3 65 901
65 3 901
3 19 917
19 3 917
3 24 938
24 3 938
3 38 369
38 3 369
3 64 139
64 3 139
3 25 841
25 3 841
3 61 655
61 3 655
3 30 555
30 3 555
4 8 274
8 4 274
4 63 450
63 4 450
4 38 474
38 4 474
4 9 779
9 4 779
4 29 598
29 4 598
4 31 965
31 4 965
4 52 124
52 4 124
4 30 910
30 4 910
4 40 608
40 4 608
4 60 166
60 4 166
4 69 456
69 4 456
5 64 774
64 5 774
5 74 693
74 5 693
5 15 484
15 5 484
5 74 126
74 5 126
5 64 570
64 5 570
5 16 976
16 5 976
5 13 630
13 5 630
5 27 898
27 5 898
5 13 824
13 5 824
5 16 972
16 5 972
5 78 94
78 5 94
6 9 977
9 6 977
6 66 437
66 6 437
6 30 65
30 6 65
6 76 797
76 6 797
6 73 729
73 6 729
7 28 230
28 7 230
7 10 286
10 7 286
7 28 231
28 7 231
7 79 772
79 7 772
7 8 973
8 7 973
7 52 438
52 7 438
8 10 674
10 8 674
8 16 20
16 8 20
8 67 11
67 8 11
8 72 364
72 8 364
8 11 789
11 8 789
8 43 247
43 8 247
8 8 485
8 8 485
8 24 358
24 8 358
8 68 205
68 8 205
9 31 374
31 9 374
9 76 730
76 9 730
9 18 689
18 9 689
9 10 219
10 9 219
9 12 344
12 9 344
10 27 37
27 10 37
10 51 28
51 10 28
10 70 213
70 10 213
10 52 934
52 10 934
11 23 718
23 11 718
11 62 389
62 11 389
11 61 231
61 11 231
11 79 986
79 11 986
11 36 664
36 11 664
11 23 774
23 11 774
11 54 326
54 11 326
11 35 546
35 11 546
11 49 978
49 11 978
11 14 405
14 11 405
11 61 431
61 11 431
11 30 11
30 11 11
12 44 951
44 12 951
12 19 62
19 12 62
12 64 42
64 12 42
12 42 750
42 12 750
12 42 556
42 12 556
12 34 871
34 12 871
12 80 3
80 12 3
13 30 953
30 13 953
13 47 774
47 13 774
13 47 900
47 13 900
13 20 18
20 13 18
13 19 186
19 13 186
13 36 432
36 13 432
13 46 379
46 13 379
13 68 841
68 13 841
13 62 702
62 13 702
14 25 931
25 14 931
14 58 728
58 14 728
14 77 35
77 14 35
14 35 458
35 14 458
15 17 630
17 15 630
15 18 115
18 15 115
15 24 55
24 15 55
15 52 127
52 15 127
15 41 80
41 15 80
15 49 51
49 15 51
15 71 613
71 15 613
15 17 477
17 15 477
15 28 173
28 15 173
15 34 893
34 15 893
15 47 534
47 15 534
16 52 242
52 16 242
16 34 716
34 16 716
16 35 943
35 16 943
16 52 950
52 16 950
16 22 200
22 16 200
16 72 861
72 16 861
17 37 944
37 17 944
17 25 206
25 17 206
17 72 211
72 17 211
17 71 667
71 17 667
17 26 879
26 17 879
17 28 605
28 17 605
17 59 424
59 17 424
18 41 833
41 18 833
18 53 391
53 18 391
18 56 508
56 18 508
18 79 729
79 18 729
18 66 950
66 18 950
19 76 944
76 19 944
19 56 918
56 19 918
19 72 815
72 19 815
20 21 241
21 20 241
20 65 41
65 20 41
20 39 202
39 20 202
20 37 329
37 20 329
20 23 166
23 20 166
20 41 463
41 20 463
20 75 759
75 20 759
20 73 187
73 20 187
20 73 472
73 20 472
21 34 758
34 21 758
21 29 454
29 21 454
21 35 528
35 21 528
21 61 679
61 21 679
21 50 819
50 21 819
22 38 996
38 22 996
22 44 96
44 22 96
22 29 3
29 22 3
22 62 297
62 22 297
22 27 348
27 22 348
22 51 267
51 22 267
22 71 445
71 22 445
22 39 272
39 22 272
23 32 821
32 23 821
23 68 305
68 23 305
23 75 627
75 23 627
24 33 360
33 24 360
24 48 435
48 24 435
24 77 939
77 24 939
24 60 501
60 24 501
24 72 899
72 24 899
24 37 655
37 24 655
24 35 876
35 24 876
24 43 846
43 24 846
25 26 719
26 25 719
25 29 551
29 25 551
25 40 86
40 25 86
25 65 435
65 25 435
25 63 346
63 25 346
25 58 807
58 25 807
25 67 878
67 25 878
26 70 721
70 26 721
26 37 6
37 26 6
26 65 898
65 26 898
26 62 373
62 26 373
26 71 885
71 26 885
26 53 749
53 26 749
26 45 858
45 26 858
27 66 825
66 27 825
27 46 165
46 27 165
27 74 342
74 27 342
28 63 135
63 28 135
28 60 421
60 28 421
28 34 462
34 28 462
28 71 498
71 28 498
28 56 201
56 28 201
29 39 637
39 29 637
29 50 696
50 29 696
29 46 648
46 29 648
29 66 57
66 29 57
30 34 808
34 30 808
30 37 53
37 30 53
30 39 706
39 30 706
31 40 801
40 31 801
31 48 811
48 31 811
31 66 676
66 31 676
31 65 30
65 31 30
32 43 83
43 32 83
32 37 578
37 32 578
32 67 230
67 32 230
32 80 787
80 32 787
32 62 717
62 32 717
32 37 476
37 32 476
32 46 102
46 32 102
32 64 319
64 32 319
33 35 402
35 33 402
33 68 359
68 33 359
33 53 92
53 33 92
34 36 339
36 34 339
34 59 167
59 34 167
34 58 679
58 34 679
34 39 389
39 34 389
34 61 806
61 34 806
34 80 165
80 34 165
35 42 59
42 35 59
35 59 194
59 35 194
35 42 783
42 35 783
36 58 801
58 36 801
36 75 419
75 36 419
36 49 694
49 36 694
36 57 143
57 36 143
37 54 720
54 37 720
37 61 356
61 37 356
37 50 939
50 37 939
37 56 711
56 37 711
37 77 825
77 37 825
38 56 16
56 38 16
38 62 325
62 38 325
38 46 867
46 38 867
38 41 448
41 38 448
38 46 163
46 38 163
39 69 234
69 39 234
39 78 759
78 39 759
39 61 762
61 39 762
40 45 284
45 40 284
41 60 927
60 41 927
41 48 889
48 41 889
41 47 738
47 41 738
42 46 338
46 42 338
42 57 179
57 42 179
42 47 62
47 42 62
42 59 46
59 42 46
42 51 823
51 42 823
43 49 540
49 43 540
43 49 533
49 43 533
43 79 690
79 43 690
43 69 796
69 43 796
43 66 3
66 43 3
44 64 186
64 44 186
44 68 887
68 44 887
44 68 845
68 44 845
44 52 365
52 44 365
44 79 619
79 44 619
45 46 559
46 45 559
45 49 83
49 45 83
46 78 13
78 46 13
46 76 967
76 46 967
46 47 872
47 46 872
46 71 226
71 46 226
47 69 627
69 47 627
47 65 544
65 47 544
47 60 454
60 47 454
47 76 831
76 47 831
48 50 578
50 48 578
48 74 978
74 48 978
48 67 975
67 48 975
49 54 283
54 49 283
50 74 927
74 50 927
51 59 687
59 51 687
51 63 511
63 51 511
51 61 171
61 51 171
51 70 768
70 51 768
52 62 839
62 52 839
52 67 497
67 52 497
52 72 951
72 52 951
52 63 368
63 52 368
53 69 986
69 53 986
53 59 599
59 53 599
53 68 767
68 53 767
53 54 438
54 53 438
53 72 274
72 53 274
54 67 804
67 54 804
55 57 68
57 55 68
55 80 728
80 55 728
55 56 240
56 55 240
56 77 371
77 56 371
57 58 512
58 57 512
58 67 881
67 58 881
59 68 943
68 59 943
60 73 727
73 60 727
60 60 690
60 60 690
62 71 817
71 62 817
62 72 302
72 62 302
63 66 407
66 63 407
63 71 798
71 63 798
63 67 219
67 63 219
65 77 794
77 65 794
65 78 522
78 65 522
66 75 423
75 66 423
66 77 226
77 66 226
66 79 994
79 66 994
66 67 847
67 66 847
67 79 115
79 67 115
67 71 569
71 67 569
68 80 40
80 68 40
68 75 468
75 68 468
68 77 184
77 68 184
69 71 423
71 69 423
69 79 700
79 69 700
70 72 439
72 70 439
71 72 760
72 71 760
71 78 797
78 71 797
72 78 696
78 72 696
75 77 286
77 75 286
