96

0 1 572
1 0 572
0 2 381
2 0 381
0 13 105
13 0 105
0 63 111
63 0 111
0 46 493
46 0 493
0 6 577
6 0 577
1 3 166
3 1 166
1 4 902
4 1 902
1 5 916
5 1 916
1 8 790
8 1 790
1 30 7
30 1 7
1 64 769
64 1 769
2 35 81
35 2 81
2 83 728
83 2 728
2 92 185
92 2 185
2 56 737
56 2 737
2 29 435
29 2 435
2 64 769
64 2 769
3 6 441
6 3 441
3 9 700
9 3 700
3 14 749
14 3 749
3 75 520
75 3 520
4 7 735
7 4 735
4 12 672
12 4 672
4 20 872
20 4 872
4 24 616
24 4 616
4 46 399
46 4 399
5 26 844
26 5 844
5 54 493
54 5 493
5 61 759
61 5 759
5 73 342
73 5 342
5 12 125
12 5 125
6 11 879
11 6 879
6 44 523
44 6 523
7 10 901
10 7 901
7 45 667
45 7 667
7 67 742
67 7 742
7 17 903
17 7 903
7 43 406
43 7 406
8 15 376
15 8 376
8 79 21
79 8 21
8 64 837
64 8 837
9 17 235
17 9 235
9 19 162
19 9 162
9 25 209
25 9 209
9 27 12
27 9 12
9 48 675
48 9 675
9 60 614
60 9 614
9 48 50
48 9 50
10 65 128
65 10 128
10 14 751
14 10 751
11 55 552
55 11 552
11 63 42
63 11 42
11 50 919
50 11 919
11 55 983
55 11 983
12 22 54
22 12 54
12 31 276
31 12 276
12 40 482
40 12 482
12 47 525
47 12 525
12 84 267
84 12 267
13 16 433
16 13 433
13 32 727
32 13 727
13 71 188
71 13 188
13 73 119
73 13 119
13 40 926
40 13 926
14 21 516
21 14 516
14 46 210
46 14 210
14 33 22
33 14 22
15 18 40
18 15 40
15 42 123
42 15 123
15 34 500
34 15 500
16 64 259
64 16 259
16 82 923
82 16 923
16 43 658
43 16 658
16 65 926
65 16 926
17 34 901
34 17 901
17 19 661
19 17 661
18 57 884
57 18 884
18 32 302
32 18 302
18 22 388
22 18 388
18 68 144
68 18 144
19 23 380
23 19 380
19 28 411
28 19 411
20 37 81
37 20 81
20 50 969
50 20 969
20 78 426
78 20 426
20 69 151
69 20 151
21 81 469
81 21 469
21 77 770
77 21 770
22 59 297
59 22 297
22 80 340
80 22 340
22 90 14
90 22 14
23 29 899
29 23 899
23 63 362
63 23 362
24 43 871
43 24 871
24 51 638
51 24 638
24 53 726
53 24 726
24 76 859
76 24 859
24 41 251
41 24 251
24 69 344
69 24 344
25 33 821
33 25 821
25 36 419
36 25 419
25 39 900
39 25 900
25 70 844
70 25 844
25 75 154
75 25 154
26 95 232
95 26 232
26 48 990
48 26 990
27 93 717
93 27 717
28 93 73
93 28 73
28 52 334
52 28 334
29 41 250
41 29 250
29 52 331
52 29 331
30 72 293
72 30 293
30 74 280
74 30 280
30 69 315
69 30 315
30 74 957
74 30 957
31 59 51
59 31 51
32 71 98
71 32 98
33 44 501
44 33 501
33 85 759
85 33 759
34 38 942
38 34 942
34 76 39
76 34 39
34 60 4
60 34 4
35 89 696
89 35 696
39 74 871
74 39 871
40 47 120
47 40 120
40 45 381
45 40 381
42 52 515
52 42 515
42 87 526
87 42 526
43 50 254
50 43 254
44 56 120
56 44 120
45 90 258
90 45 258
46 69 793
69 46 793
46 57 596
57 46 596
47 49 575
49 47 575
47 68 503
68 47 503
47 94 1000
94 47 1000
48 55 925
55 48 925
48 61 609
61 48 609
49 62 932
62 49 932
50 58 487
58 50 487
50 54 477
54 50 477
50 91 229
91 50 229
51 69 471
69 51 471
52 91 115
91 52 115
53 62 547
62 53 547
53 92 117
92 53 117
54 63 561
63 54 561
54 58 743
58 54 743
55 58 630
58 55 630
56 81 744
81 56 744
57 92 932
92 57 932
58 93 128
93 58 128
58 70 911
70 58 911
59 59 648
59 59 648
60 76 126
76 60 126
61 77 12
77 61 12
62 66 271
66 62 271
64 92 297
92 64 297
65 91 936
91 65 936
66 85 526
85 66 526
68 85 287
85 68 287
69 74 173
74 69 173
69 89 120
89 69 120
70 80 176
80 70 176
71 86 284
86 71 284
73 78 608
78 73 608
73 75 587
75 73 587
74 88 909
88 74 909
76 95 172
95 76 172
82 84 423
84 82 423
86 94 728
94 86 728
87 90 753
90 87 753
90 93 332
93 90 332
90 95 237
95 90 237
