80

0 1 633
1 0 633
0 2 898
2 0 898
0 23 124
23 0 124
0 24 863
24 0 863
0 33 9
33 0 9
0 25 886
25 0 886
0 6 661
6 0 661
0 47 446
47 0 446
0 28 934
28 0 934
0 45 640
45 0 640
0 78 940
78 0 940
0 15 630
15 0 630
0 11 988
11 0 988
1 5 398
5 1 398
1 9 741
9 1 741
1 16 794
16 1 794
1 35 937
35 1 937
1 51 895
51 1 895
1 32 740
32 1 740
1 37 467
37 1 467
1 59 57
59 1 57
1 62 691
62 1 691
1 42 27
42 1 27
1 30 749
30 1 749
1 31 856
31 1 856
1 50 133
50 1 133
1 8 558
8 1 558
1 22 725
22 1 725
1 75 299
75 1 299
1 7 124
7 1 124
1 33 312
33 1 312
1 58 695
58 1 695
1 23 275
23 1 275
2 3 156
3 2 156
2 4 741
4 2 741
2 7 319
7 2 319
2 43 660
43 2 660
2 76 850
76 2 850
2 51 444
51 2 444
2 17 429
17 2 429
2 68 362
68 2 362
2 35 646
35 2 646
2 18 490
18 2 490
2 2 95
2 2 95
3 10 76
10 3 76
3 39 619
39 3 619
3 40 747
40 3 747
3 27 152
27 3 152
3 64 425
64 3 425
3 28 567
28 3 567
3 52 131
52 3 131
3 62 254
62 3 254
3 55 448
55 3 448
3 71 102
71 3 102
3 21 782
21 3 782
3 71 145
71 3 145
3 46 122
46 3 122
3 48 134
48 3 134
3 34 816
34 3 816
3 14 408
14 3 408
3 38 834
38 3 834
4 19 232
19 4 232
4 20 36
20 4 36
4 71 359
71 4 359
4 78 919
78 4 919
4 73 310
73 4 310
4 71 17
71 4 17
4 5 249
5 4 249
4 59 92
59 4 92
5 6 988
6 5 988
5 13 35
13 5 35
5 79 13
79 5 13
5 28 94
28 5 94
5 5 38
5 5 38
5 58 62
58 5 62
5 26 915
26 5 915
5 40 439
40 5 439
5 55 601
55 5 601
5 42 900
42 5 900
6 36 662
36 6 662
6 62 121
62 6 121
6 34 325
34 6 325
6 53 451
53 6 451
6 49 209
49 6 209
6 19 49
19 6 49
6 9 319
9 6 319
6 23 547
23 6 547
6 23 277
23 6 277
6 54 673
54 6 673
6 23 31
23 6 31
6 49 431
49 6 431
6 67 817
67 6 817
7 8 379
8 7 379
7 11 806
11 7 806
7 18 194
18 7 194
7 74 951
74 7 951
7 67 270
67 7 270
7 40 78
40 7 78
7 11 687
11 7 687
7 30 14
30 7 14
7 23 581
23 7 581
7 26 930
26 7 930
7 46 589
46 7 589
7 68 926
68 7 926
7 39 980
39 7 980
7 27 63
27 7 63
8 27 899
27 8 899
8 14 125
14 8 125
8 14 53
14 8 53
8 10 314
10 8 314
9 58 386
58 9 386
9 74 348
74 9 348
9 33 529
33 9 529
9 9 109
9 9 109
9 77 49
77 9 49
9 75 146
75 9 146
9 33 124
33 9 124
9 71 442
71 9 442
9 14 904
14 9 904
9 76 126
76 9 126
9 37 696
37 9 696
9 72 82
72 9 82
9 50 688
50 9 688
9 36 47
36 9 47
9 39 753
39 9 753
9 75 995
75 9 995
9 20 344
20 9 344
10 12 358
12 10 358
10 42 110
42 10 110
10 55 733
55 10 733
10 28 19
28 10 19
10 17 946
17 10 946
10 32 784
32 10 784
10 27 491
27 10 491
10 66 664
66 10 664
10 47 401
47 10 401
10 42 893
42 10 893
10 29 31
29 10 31
10 53 675
53 10 675
11 68 501
68 11 501
11 52 23
52 11 23
11 48 175
48 11 175
11 71 40
71 11 40
11 13 11
13 11 11
11 43 388
43 11 388
11 46 440
46 11 440
11 44 531
44 11 531
11 14 979
14 11 979
11 31 467
31 11 467
11 36 429
36 11 429
11 16 707
16 11 707
11 77 307
77 11 307
11 17 93
17 11 93
11 27 390
27 11 390
12 15 492
15 12 492
12 61 583
61 12 583
12 41 904
41 12 904
12 36 903
36 12 903
12 55 538
55 12 538
12 56 125
56 12 125
12 68 150
68 12 150
12 41 323
41 12 323
12 14 269
14 12 269
12 33 779
33 12 779
12 33 340
33 12 340
12 41 274
41 12 274
12 52 103
52 12 103
12 78 289
78 12 289
13 14 828
14 13 828
13 53 687
53 13 687
13 26 520
26 13 520
13 79 957
79 13 957
14 46 979
46 14 979
14 48 414
48 14 414
14 62 696
62 14 696
14 30 553
30 14 553
14 54 782
54 14 782
14 26 13
26 14 13
14 15 498
15 14 498
14 22 508
22 14 508
15 17 181
17 15 181
15 31 466
31 15 466
15 50 821
50 15 821
15 47 616
47 15 616
15 44 777
44 15 777
15 52 728
52 15 728
15 25 181
25 15 181
15 43 347
43 15 347
15 73 809
73 15 809
15 37 65
37 15 65
15 69 446
69 15 446
15 32 676
32 15 676
15 29 556
29 15 556
15 60 82
60 15 82
15 54 471
54 15 471
15 28 310
28 15 310
16 21 256
21 16 256
16 73 385
73 16 385
16 29 111
29 16 111
16 62 103
62 16 103
16 51 83
51 16 83
16 32 316
32 16 316
16 30 378
30 16 378
16 35 576
35 16 576
16 79 192
79 16 192
16 59 727
59 16 727
16 18 944
18 16 944
16 20 591
20 16 591
16 54 512
54 16 512
16 58 19
58 16 19
16 53 256
53 16 256
17 28 911
28 17 911
17 29 49
29 17 49
17 49 19
49 17 19
17 41 222
41 17 222
17 26 937
26 17 937
17 31 988
31 17 988
17 19 238
19 17 238
17 44 358
44 17 358
17 50 347
50 17 347
17 74 439
74 17 439
17 71 517
71 17 517
17 44 148
44 17 148
18 21 760
21 18 760
18 54 480
54 18 480
18 43 963
43 18 963
18 44 143
44 18 143
18 43 207
43 18 207
18 26 126
26 18 126
18 40 813
40 18 813
18 43 150
43 18 150
18 26 716
26 18 716
18 70 669
70 18 669
18 48 570
48 18 570
19 47 94
47 19 94
19 63 756
63 19 756
19 62 73
62 19 73
19 26 50
26 19 50
19 64 756
64 19 756
19 27 291
27 19 291
19 58 53
58 19 53
19 51 437
51 19 437
19 20 937
20 19 937
19 69 226
69 19 226
19 35 245
35 19 245
19 70 767
70 19 767
19 66 663
66 19 663
19 55 71
55 19 71
20 25 136
25 20 136
20 26 497
26 20 497
20 37 290
37 20 290
20 49 737
49 20 737
20 33 803
33 20 803
20 48 839
48 20 839
20 31 826
31 20 826
20 28 530
28 20 530
20 59 581
59 20 581
20 41 360
41 20 360
20 36 532
36 20 532
20 41 99
41 20 99
20 75 388
75 20 388
20 40 341
40 20 341
20 55 558
55 20 558
20 37 161
37 20 161
21 22 622
22 21 622
21 30 95
30 21 95
21 46 961
46 21 961
21 79 858
79 21 858
21 37 604
37 21 604
21 65 462
65 21 462
21 32 147
32 21 147
21 66 838
66 21 838
21 77 977
77 21 977
22 72 951
72 22 951
22 47 266
47 22 266
22 75 863
75 22 863
22 57 775
57 22 775
22 36 403
36 22 403
22 57 738
57 22 738
23 46 594
46 23 594
23 75 868
75 23 868
23 27 50
27 23 50
23 58 735
58 23 735
23 43 410
43 23 410
23 47 940
47 23 940
23 49 607
49 23 607
23 66 702
66 23 702
24 41 100
41 24 100
24 54 615
54 24 615
24 38 156
38 24 156
24 76 514
76 24 514
25 41 82
41 25 82
25 67 496
67 25 496
25 53 976
53 25 976
25 33 603
33 25 603
25 54 702
54 25 702
25 68 264
68 25 264
25 79 600
79 25 600
25 35 397
35 25 397
25 48 323
48 25 323
25 58 138
58 25 138
26 34 117
34 26 117
26 38 479
38 26 479
26 79 149
79 26 149
26 46 600
46 26 600
26 49 869
49 26 869
26 44 40
44 26 40
26 71 256
71 26 256
26 43 730
43 26 730
27 79 216
79 27 216
27 38 188
38 27 188
27 70 298
70 27 298
27 61 738
61 27 738
27 31 5
31 27 5
27 28 667
28 27 667
27 74 933
74 27 933
28 32 791
32 28 791
28 56 660
56 28 660
28 52 523
52 28 523
28 66 586
66 28 586
28 72 296
72 28 296
28 66 205
66 28 205
28 68 572
68 28 572
28 43 208
43 28 208
28 41 989
41 28 989
28 29 407
29 28 407
29 55 790
55 29 790
29 60 795
60 29 795
29 70 711
70 29 711
29 50 675
50 29 675
29 31 669
31 29 669
29 73 354
73 29 354
30 42 777
42 30 777
30 41 377
41 30 377
31 52 395
52 31 395
31 42 51
42 31 51
31 52 450
52 31 450
31 76 454
76 31 454
31 36 907
36 31 907
32 63 680
63 32 680
32 66 442
66 32 442
32 49 979
49 32 979
32 60 838
60 32 838
32 75 990
75 32 990
32 57 383
57 32 383
32 36 243
36 32 243
33 70 748
70 33 748
33 74 572
74 33 572
33 50 490
50 33 490
33 49 143
49 33 143
33 48 366
48 33 366
34 39 386
39 34 386
34 69 40
69 34 40
34 70 20
70 34 20
34 56 504
56 34 504
34 62 139
62 34 139
34 70 467
70 34 467
34 62 161
62 34 161
35 69 567
69 35 567
35 64 726
64 35 726
35 59 495
59 35 495
35 54 253
54 35 253
35 79 356
79 35 356
35 45 588
45 35 588
36 39 165
39 36 165
36 38 637
38 36 637
37 57 75
57 37 75
37 64 429
64 37 429
37 61 895
61 37 895
37 42 821
42 37 821
37 45 990
45 37 990
37 70 602
70 37 602
37 48 447
48 37 447
37 69 34
69 37 34
37 46 470
46 37 470
37 56 550
56 37 550
38 77 755
77 38 755
38 67 229
67 38 229
38 43 702
43 38 702
38 61 211
61 38 211
39 60 262
60 39 262
39 45 886
45 39 886
39 71 942
71 39 942
39 73 19
73 39 19
39 62 240
62 39 240
39 58 757
58 39 757
39 74 966
74 39 966
40 72 816
72 40 816
40 45 51
45 40 51
40 66 509
66 40 509
40 42 121
42 40 121
40 45 956
45 40 956
41 72 300
72 41 300
41 53 622
53 41 622
42 44 447
44 42 447
42 45 630
45 42 630
42 62 285
62 42 285
42 56 213
56 42 213
42 65 586
65 42 586
43 62 298
62 43 298
43 64 544
64 43 544
43 50 54
50 43 54
43 71 143
71 43 143
43 62 742
62 43 742
43 79 711
79 43 711
44 48 612
48 44 612
44 59 226
59 44 226
44 52 935
52 44 935
44 70 119
70 44 119
44 74 880
74 44 880
45 47 112
47 45 112
45 47 942
47 45 942
45 68 965
68 45 965
46 67 215
67 46 215
46 50 462
50 46 462
46 74 879
74 46 879
47 56 379
56 47 379
48 70 850
70 48 850
48 49 265
49 48 265
48 74 524
74 48 524
49 70 509
70 49 509
49 78 776
78 49 776
49 67 207
67 49 207
49 49 760
49 49 760
49 57 303
57 49 303
49 76 111
76 49 111
50 73 837
73 50 837
50 72 138
72 50 138
50 73 228
73 50 228
50 69 625
69 50 625
51 69 914
69 51 914
52 57 446
57 52 446
52 60 940
60 52 940
52 57 493
57 52 493
52 73 953
73 52 953
53 61 552
61 53 552
53 55 508
55 53 508
54 77 986
77 54 986
55 75 749
75 55 749
55 55 282
55 55 282
56 75 467
75 56 467
56 65 674
65 56 674
56 78 717
78 56 717
56 73 125
73 56 125
56 78 98
78 56 98
57 72 115
72 57 115
57 64 913
64 57 913
57 76 547
76 57 547
58 73 582
73 58 582
58 63 190
63 58 190
58 74 24
74 58 24
59 59 613
59 59 613
59 66 696
66 59 696
59 75 673
75 59 673
60 65 324
65 60 324
60 64 190
64 60 190
60 61 343
61 60 343
60 68 80
68 60 80
61 63 713
63 61 713
61 71 946
71 61 946
62 69 742
69 62 742
62 78 75
78 62 75
63 71 262
71 63 262
63 78 952
78 63 952
64 72 165
72 64 165
64 77 110
77 64 110
65 69 6
69 65 6
65 75 462
75 65 462
66 66 580
66 66 580
67 69 172
69 67 172
67 71 419
71 67 419
68 76 821
76 68 821
68 79 189
79 68 189
68 73 269
73 68 269
68 75 585
75 68 585
69 78 152
78 69 152
71 72 157
72 71 157
71 71 103
71 71 103
71 76 378
76 71 378
72 79 624
79 72 624
72 74 349
74 72 349
75 75 177
75 75 177
78 79 924
79 78 924
