92

0 1 42
1 0 42
0 2 409
2 0 409
0 15 669
15 0 669
0 24 488
24 0 488
0 55 437
55 0 437
0 74 619
74 0 619
0 2 298
2 0 298
0 71 278
71 0 278
0 9 926
9 0 926
0 50 204
50 0 204
0 4 871
4 0 871
0 26 357
26 0 357
0 67 619
67 0 619
0 19 120
19 0 120
1 3 510
3 1 510
1 4 987
4 1 987
1 8 730
8 1 730
1 23 865
23 1 865
1 58 284
58 1 284
1 62 681
62 1 681
1 44 162
44 1 162
1 76 63
76 1 63
1 52 138
52 1 138
1 57 622
57 1 622
1 12 406
12 1 406
1 53 535
53 1 535
1 51 615
51 1 615
1 49 405
49 1 405
1 18 56
18 1 56
1 56 669
56 1 669
1 64 776
64 1 776
1 43 529
43 1 529
1 77 514
77 1 514
1 69 149
69 1 149
1 88 723
88 1 723
1 21 152
21 1 152
1 24 469
24 1 469
1 86 259
86 1 259
1 69 781
69 1 781
2 13 462
13 2 462
2 39 286
39 2 286
2 74 399
74 2 399
2 79 201
79 2 201
2 26 638
26 2 638
2 4 253
4 2 253
2 47 115
47 2 115
2 64 184
64 2 184
2 53 766
53 2 766
2 55 742
55 2 742
2 61 219
61 2 219
2 14 788
14 2 788
2 80 197
80 2 197
2 12 67
12 2 67
2 12 506
12 2 506
2 85 946
85 2 946
2 23 451
23 2 451
3 9 45
9 3 45
3 51 893
51 3 893
3 33 152
33 3 152
3 22 908
22 3 908
3 59 289
59 3 289
3 25 783
25 3 783
3 63 823
63 3 823
3 74 517
74 3 517
3 45 865
45 3 865
3 40 199
40 3 199
3 72 569
72 3 569
3 56 763
56 3 763
3 35 78
35 3 78
4 5 840
5 4 840
4 6 512
6 4 512
4 7 685
7 4 685
4 15 440
15 4 440
4 27 815
27 4 815
4 44 152
44 4 152
4 49 975
49 4 975
4 16 458
16 4 458
4 33 726
33 4 726
4 17 953
17 4 953
4 57 257
57 4 257
4 72 429
72 4 429
4 26 149
26 4 149
4 11 557
11 4 557
4 66 449
66 4 449
4 84 157
84 4 157
4 77 10
77 4 10
4 5 117
5 4 117
5 16 317
16 5 317
5 23 318
23 5 318
5 62 203
62 5 203
5 26 744
26 5 744
5 31 706
31 5 706
5 7 909
7 5 909
5 61 581
61 5 581
5 14 5
14 5 5
5 16 422
16 5 422
6 11 592
11 6 592
6 25 687
25 6 687
6 30 457
30 6 457
6 31 671
31 6 671
6 61 651
61 6 651
6 59 681
59 6 681
6 73 664
73 6 664
6 52 721
52 6 721
6 25 774
25 6 774
6 82 693
82 6 693
6 6 922
6 6 922
6 43 832
43 6 832
6 85 438
85 6 438
6 67 653
67 6 653
6 87 14
87 6 14
6 62 280
62 6 280
6 49 406
49 6 406
6 12 131
12 6 131
6 79 142
79 6 142
6 86 404
86 6 404
7 12 784
12 7 784
7 14 531
14 7 531
7 43 899
43 7 899
7 50 438
50 7 438
7 53 642
53 7 642
7 42 940
42 7 940
7 79 931
79 7 931
7 25 17
25 7 17
7 41 609
41 7 609
7 88 304
88 7 304
7 20 661
20 7 661
7 70 129
70 7 129
7 73 223
73 7 223
8 10 843
10 8 843
8 33 344
33 8 344
8 48 427
48 8 427
8 15 422
15 8 422
8 54 17
54 8 17
8 58 20
58 8 20
8 84 685
84 8 685
8 78 617
78 8 617
9 17 106
17 9 106
9 40 854
40 9 854
9 37 294
37 9 294
9 34 136
34 9 136
9 64 177
64 9 177
9 39 286
39 9 286
9 52 541
52 9 541
9 80 541
80 9 541
9 44 992
44 9 992
9 56 112
56 9 112
9 31 591
31 9 591
9 49 437
49 9 437
9 53 438
53 9 438
9 75 805
75 9 805
10 66 251
66 10 251
10 46 259
46 10 259
10 32 484
32 10 484
10 27 901
27 10 901
10 25 253
25 10 253
10 22 958
22 10 958
10 89 271
89 10 271
10 78 455
78 10 455
10 39 354
39 10 354
10 33 778
33 10 778
10 29 200
29 10 200
10 73 17
73 10 17
10 55 457
55 10 457
11 36 654
36 11 654
11 60 272
60 11 272
11 50 18
50 11 18
11 36 579
36 11 579
11 78 323
78 11 323
11 15 113
15 11 113
11 78 497
78 11 497
11 50 313
50 11 313
11 57 484
57 11 484
11 61 876
61 11 876
11 75 747
75 11 747
11 45 918
45 11 918
11 49 983
49 11 983
11 91 208
91 11 208
12 19 926
19 12 926
12 22 568
22 12 568
12 37 324
37 12 324
12 41 517
41 12 517
12 88 873
88 12 873
12 41 482
41 12 482
12 35 162
35 12 162
12 55 558
55 12 558
12 15 720
15 12 720
12 18 152
18 12 152
12 37 192
37 12 192
12 53 642
53 12 642
12 55 124
55 12 124
12 51 402
51 12 402
12 29 988
29 12 988
13 24 959
24 13 959
13 65 597
65 13 597
13 69 463
69 13 463
13 14 696
14 13 696
13 68 638
68 13 638
13 63 963
63 13 963
13 35 49
35 13 49
13 50 747
50 13 747
13 85 750
85 13 750
13 71 563
71 13 563
13 69 3
69 13 3
13 45 138
45 13 138
13 24 419
24 13 419
13 68 279
68 13 279
13 51 12
51 13 12
13 52 170
52 13 170
13 28 538
28 13 538
13 84 247
84 13 247
13 23 975
23 13 975
13 27 449
27 13 449
13 17 164
17 13 164
13 37 470
37 13 470
13 30 853
30 13 853
14 73 685
73 14 685
14 76 288
76 14 288
14 86 840
86 14 840
14 22 363
22 14 363
14 49 186
49 14 186
15 18 606
18 15 606
15 20 285
20 15 285
15 45 693
45 15 693
15 46 443
46 15 443
15 63 655
63 15 655
15 82 809
82 15 809
15 88 804
88 15 804
15 37 339
37 15 339
15 58 860
58 15 860
15 24 746
24 15 746
15 15 17
15 15 17
15 75 469
75 15 469
15 45 717
45 15 717
16 28 816
28 16 816
16 64 478
64 16 478
16 73 696
73 16 696
16 68 281
68 16 281
16 88 401
88 16 401
16 67 712
67 16 712
16 55 212
55 16 212
16 79 253
79 16 253
16 50 386
50 16 386
16 88 41
88 16 41
16 39 404
39 16 404
16 66 55
66 16 55
16 41 992
41 16 992
16 61 922
61 16 922
17 21 140
21 17 140
17 61 491
61 17 491
17 90 23
90 17 23
17 18 139
18 17 139
17 44 765
44 17 765
17 73 172
73 17 172
17 52 664
52 17 664
17 87 769
87 17 769
17 63 952
63 17 952
17 48 415
48 17 415
17 72 749
72 17 749
17 49 858
49 17 858
18 27 246
27 18 246
18 26 663
26 18 663
18 56 950
56 18 950
18 25 630
25 18 630
18 39 847
39 18 847
18 76 68
76 18 68
18 87 710
87 18 710
18 41 202
41 18 202
18 89 656
89 18 656
18 57 51
57 18 51
18 28 48
28 18 48
18 88 1000
88 18 1000
18 81 74
81 18 74
18 20 855
20 18 855
19 34 2
34 19 2
19 70 727
70 19 727
19 43 30
43 19 30
19 36 606
36 19 606
19 38 502
38 19 502
19 72 387
72 19 387
19 56 907
56 19 907
19 33 553
33 19 553
20 22 692
22 20 692
20 82 678
82 20 678
20 47 324
47 20 324
20 55 861
55 20 861
20 27 661
27 20 661
20 72 533
72 20 533
20 73 904
73 20 904
20 20 700
20 20 700
20 67 975
67 20 975
20 42 723
42 20 723
20 41 352
41 20 352
20 26 571
26 20 571
20 88 710
88 20 710
20 61 845
61 20 845
20 49 373
49 20 373
20 53 116
53 20 116
21 26 360
26 21 360
21 59 868
59 21 868
21 72 384
72 21 384
21 90 388
90 21 388
21 36 859
36 21 859
21 46 775
46 21 775
21 41 943
41 21 943
21 56 639
56 21 639
21 22 399
22 21 399
21 28 939
28 21 939
21 65 822
65 21 822
21 68 814
68 21 814
21 39 291
39 21 291
21 22 902
22 21 902
21 32 159
32 21 159
22 65 684
65 22 684
22 43 881
43 22 881
22 75 345
75 22 345
22 62 137
62 22 137
22 80 522
80 22 522
22 57 639
57 22 639
22 76 882
76 22 882
23 71 954
71 23 954
23 47 673
47 23 673
23 27 939
27 23 939
23 83 881
83 23 881
23 42 646
42 23 646
23 52 140
52 23 140
23 38 409
38 23 409
23 66 421
66 23 421
23 67 795
67 23 795
23 24 535
24 23 535
23 35 847
35 23 847
23 32 925
32 23 925
23 75 281
75 23 281
23 40 61
40 23 61
23 28 285
28 23 285
23 24 255
24 23 255
23 84 12
84 23 12
23 75 438
75 23 438
23 50 981
50 23 981
24 75 545
75 24 545
24 65 590
65 24 590
24 78 801
78 24 801
24 49 395
49 24 395
24 46 508
46 24 508
24 62 731
62 24 731
24 68 813
68 24 813
24 78 414
78 24 414
25 40 699
40 25 699
25 52 847
52 25 847
25 45 181
45 25 181
25 89 912
89 25 912
25 53 712
53 25 712
25 64 841
64 25 841
25 47 145
47 25 145
25 76 982
76 25 982
25 30 432
30 25 432
25 41 310
41 25 310
25 68 692
68 25 692
26 31 85
31 26 85
26 82 704
82 26 704
26 61 172
61 26 172
26 69 112
69 26 112
26 81 823
81 26 823
26 50 957
50 26 957
26 79 341
79 26 341
26 35 623
35 26 623
26 46 873
46 26 873
26 63 266
63 26 266
26 41 727
41 26 727
26 65 664
65 26 664
27 68 730
68 27 730
27 48 171
48 27 171
27 29 884
29 27 884
27 50 625
50 27 625
27 64 416
64 27 416
27 30 882
30 27 882
27 54 38
54 27 38
27 33 358
33 27 358
27 86 151
86 27 151
27 88 561
88 27 561
27 39 466
39 27 466
27 71 772
71 27 772
27 71 367
71 27 367
27 37 518
37 27 518
28 29 427
29 28 427
28 53 389
53 28 389
28 59 5
59 28 5
28 45 870
45 28 870
28 47 675
47 28 675
28 65 32
65 28 32
28 54 451
54 28 451
28 38 763
38 28 763
28 39 352
39 28 352
29 32 390
32 29 390
29 69 210
69 29 210
29 75 138
75 29 138
29 77 695
77 29 695
29 44 457
44 29 457
29 86 822
86 29 822
29 71 877
71 29 877
29 75 496
75 29 496
30 55 86
55 30 86
30 66 948
66 30 948
30 72 134
72 30 134
30 42 607
42 30 607
30 38 263
38 30 263
30 74 729
74 30 729
30 90 536
90 30 536
30 85 756
85 30 756
30 62 974
62 30 974
30 78 413
78 30 413
30 30 994
30 30 994
30 59 830
59 30 830
30 32 918
32 30 918
30 40 277
40 30 277
31 66 589
66 31 589
31 74 94
74 31 94
31 38 273
38 31 273
31 34 242
34 31 242
31 65 294
65 31 294
31 47 498
47 31 498
31 74 140
74 31 140
31 90 441
90 31 441
31 70 376
70 31 376
31 44 416
44 31 416
32 38 188
38 32 188
32 41 227
41 32 227
32 56 599
56 32 599
32 81 671
81 32 671
32 35 338
35 32 338
32 42 412
42 32 412
32 74 858
74 32 858
32 34 412
34 32 412
32 37 604
37 32 604
32 84 392
84 32 392
33 35 17
35 33 17
33 36 979
36 33 979
33 68 357
68 33 357
33 45 654
45 33 654
33 46 85
46 33 85
33 71 441
71 33 441
33 58 803
58 33 803
33 50 880
50 33 880
33 64 452
64 33 452
33 66 441
66 33 441
34 39 866
39 34 866
34 68 363
68 34 363
34 47 948
47 34 948
34 72 989
72 34 989
34 45 832
45 34 832
34 83 208
83 34 208
34 49 601
49 34 601
34 41 778
41 34 778
35 37 587
37 35 587
35 56 793
56 35 793
35 57 172
57 35 172
35 90 132
90 35 132
35 65 148
65 35 148
35 35 847
35 35 847
35 52 398
52 35 398
35 71 943
71 35 943
35 75 864
75 35 864
36 90 391
90 36 391
36 41 326
41 36 326
36 51 957
51 36 957
36 45 216
45 36 216
36 86 8
86 36 8
36 53 546
53 36 546
36 89 977
89 36 977
36 68 266
68 36 266
37 79 857
79 37 857
37 50 508
50 37 508
37 68 155
68 37 155
37 48 423
48 37 423
37 40 417
40 37 417
37 66 632
66 37 632
37 88 616
88 37 616
37 39 977
39 37 977
37 57 387
57 37 387
37 38 490
38 37 490
38 41 43
41 38 43
38 77 641
77 38 641
38 48 656
48 38 656
38 46 538
46 38 538
38 69 480
69 38 480
38 84 477
84 38 477
38 61 512
61 38 512
38 58 774
58 38 774
38 53 110
53 38 110
38 49 132
49 38 132
38 50 717
50 38 717
38 85 865
85 38 865
38 79 704
79 38 704
39 42 623
42 39 623
39 47 127
47 39 127
39 42 581
42 39 581
39 64 962
64 39 962
39 78 354
78 39 354
39 78 122
78 39 122
39 90 697
90 39 697
39 86 970
86 39 970
39 75 460
75 39 460
39 45 421
45 39 421
40 82 393
82 40 393
40 76 712
76 40 712
40 64 616
64 40 616
40 88 423
88 40 423
40 77 163
77 40 163
40 89 126
89 40 126
40 64 94
64 40 94
40 43 265
43 40 265
40 64 413
64 40 413
41 80 840
80 41 840
41 46 989
46 41 989
41 60 971
60 41 971
41 42 37
42 41 37
41 79 498
79 41 498
41 68 591
68 41 591
41 51 233
51 41 233
42 87 679
87 42 679
42 86 126
86 42 126
42 62 351
62 42 351
42 59 407
59 42 407
42 67 570
67 42 570
42 59 692
59 42 692
42 52 548
52 42 548
42 86 70
86 42 70
42 78 926
78 42 926
43 48 379
48 43 379
43 72 591
72 43 591
43 82 590
82 43 590
43 63 399
63 43 399
43 73 202
73 43 202
43 79 670
79 43 670
44 46 710
46 44 710
44 65 365
65 44 365
44 57 540
57 44 540
44 63 325
63 44 325
44 71 424
71 44 424
44 86 552
86 44 552
44 56 699
56 44 699
44 81 180
81 44 180
44 79 804
79 44 804
45 75 163
75 45 163
45 74 911
74 45 911
45 64 626
64 45 626
45 70 792
70 45 792
45 53 957
53 45 957
45 75 672
75 45 672
45 52 477
52 45 477
45 56 657
56 45 657
46 87 41
87 46 41
46 76 684
76 46 684
46 74 179
74 46 179
46 71 634
71 46 634
46 52 878
52 46 878
47 91 817
91 47 817
47 69 567
69 47 567
47 47 650
47 47 650
47 66 926
66 47 926
47 61 42
61 47 42
47 76 918
76 47 918
47 65 400
65 47 400
48 87 812
87 48 812
48 88 667
88 48 667
49 68 324
68 49 324
49 78 661
78 49 661
49 86 141
86 49 141
49 90 8
90 49 8
49 83 796
83 49 796
49 66 570
66 49 570
49 69 523
69 49 523
49 52 746
52 49 746
49 85 742
85 49 742
49 49 76
49 49 76
49 82 694
82 49 694
50 54 660
54 50 660
50 70 761
70 50 761
50 54 874
54 50 874
50 81 944
81 50 944
50 64 920
64 50 920
50 61 3
61 50 3
50 54 748
54 50 748
50 76 574
76 50 574
50 56 530
56 50 530
50 74 130
74 50 130
51 83 995
83 51 995
51 88 64
88 51 64
51 84 710
84 51 710
51 55 792
55 51 792
52 71 795
71 52 795
52 89 51
89 52 51
52 60 627
60 52 627
52 57 460
57 52 460
52 88 104
88 52 104
52 76 350
76 52 350
52 61 422
61 52 422
53 77 221
77 53 221
53 54 459
54 53 459
53 73 721
73 53 721
53 63 872
63 53 872
53 56 453
56 53 453
53 88 830
88 53 830
53 65 620
65 53 620
54 77 42
77 54 42
54 87 256
87 54 256
54 83 336
83 54 336
54 61 398
61 54 398
55 83 5
83 55 5
55 81 79
81 55 79
55 71 278
71 55 278
55 71 897
71 55 897
55 69 717
69 55 717
55 73 538
73 55 538
55 76 183
76 55 183
55 81 882
81 55 882
55 72 405
72 55 405
55 68 474
68 55 474
55 63 452
63 55 452
56 84 809
84 56 809
56 86 242
86 56 242
56 83 465
83 56 465
56 80 173
80 56 173
56 58 274
58 56 274
56 56 872
56 56 872
56 88 231
88 56 231
56 60 205
60 56 205
56 62 746
62 56 746
56 68 57
68 56 57
56 60 387
60 56 387
56 82 326
82 56 326
56 89 251
89 56 251
56 67 347
67 56 347
57 73 40
73 57 40
57 84 500
84 57 500
57 79 767
79 57 767
57 58 426
58 57 426
57 82 967
82 57 967
58 85 549
85 58 549
58 59 38
59 58 38
58 61 797
61 58 797
58 65 530
65 58 530
58 86 95
86 58 95
58 78 464
78 58 464
58 87 140
87 58 140
59 76 142
76 59 142
59 60 583
60 59 583
59 81 847
81 59 847
59 68 186
68 59 186
59 82 376
82 59 376
59 70 376
70 59 376
59 91 962
91 59 962
59 59 40
59 59 40
59 78 957
78 59 957
60 89 630
89 60 630
60 72 73
72 60 73
60 69 289
69 60 289
60 66 480
66 60 480
60 68 694
68 60 694
60 73 35
73 60 35
60 64 193
64 60 193
60 61 810
61 60 810
61 67 974
67 61 974
61 88 842
88 61 842
61 82 624
82 61 624
61 72 218
72 61 218
61 79 285
79 61 285
61 72 522
72 61 522
62 68 235
68 62 235
62 80 674
80 62 674
62 74 485
74 62 485
62 87 213
87 62 213
62 67 60
67 62 60
62 76 518
76 62 518
63 88 86
88 63 86
64 70 869
70 64 869
64 69 244
69 64 244
64 83 539
83 64 539
64 67 17
67 64 17
64 65 893
65 64 893
64 80 945
80 64 945
64 75 860
75 64 860
65 88 117
88 65 117
65 89 509
89 65 509
65 67 683
67 65 683
65 85 668
85 65 668
66 72 24
72 66 24
67 67 562
67 67 562
68 89 14
89 68 14
68 73 65
73 68 65
68 83 584
83 68 584
68 80 779
80 68 779
69 84 83
84 69 83
69 71 911
71 69 911
69 81 967
81 69 967
69 82 680
82 69 680
69 76 205
76 69 205
70 78 375
78 70 375
70 89 640
89 70 640
70 80 53
80 70 53
71 83 601
83 71 601
71 78 562
78 71 562
71 77 131
77 71 131
72 76 322
76 72 322
72 87 294
87 72 294
72 78 740
78 72 740
73 85 534
85 73 534
73 76 545
76 73 545
73 87 701
87 73 701
73 77 525
77 73 525
73 83 650
83 73 650
73 84 215
84 73 215
74 77 534
77 74 534
75 79 235
79 75 235
75 79 546
79 75 546
76 89 75
89 76 75
76 77 947
77 76 947
76 81 939
81 76 939
77 81 640
81 77 640
77 78 836
78 77 836
77 80 371
80 77 371
77 91 504
91 77 504
77 91 614
91 77 614
77 89 962
89 77 962
78 90 458
90 78 458
78 83 301
83 78 301
78 83 814
83 78 814
81 83 451
83 81 451
81 86 155
86 81 155
81 84 259
84 81 259
82 85 182
85 82 182
83 88 564
88 83 564
83 84 684
84 83 684
84 89 366
89 84 366
85 87 231
87 85 231
85 88 734
88 85 734
87 90 956
90 87 956
87 87 362
87 87 362
88 89 876
89 88 876
