87

0 1 397
1 0 397
0 4 649
4 0 649
0 5 981
5 0 981
0 9 352
9 0 352
0 15 397
15 0 397
0 21 435
21 0 435
0 36 731
36 0 731
0 55 547
55 0 547
0 81 177
81 0 177
0 60 468
60 0 468
0 40 813
40 0 813
0 43 239
43 0 239
0 36 635
36 0 635
0 49 73
49 0 73
0 13 333
13 0 333
0 9 131
9 0 131
0 47 608
47 0 608
0 6 335
6 0 335
1 2 355
2 1 355
1 3 215
3 1 215
1 6 230
6 1 230
1 7 459
7 1 459
1 14 25
14 1 25
1 27 443
27 1 443
1 73 395
73 1 395
1 33 648
33 1 648
1 78 350
78 1 350
1 35 327
35 1 327
1 9 437
9 1 437
1 78 735
78 1 735
1 29 569
29 1 569
1 50 27
50 1 27
1 43 236
43 1 236
1 6 896
6 1 896
1 65 230
65 1 230
1 61 474
61 1 474
1 12 614
12 1 614
1 86 731
86 1 731
1 82 636
82 1 636
1 66 296
66 1 296
1 46 145
46 1 145
2 10 329
10 2 329
2 51 686
51 2 686
2 12 355
12 2 355
2 39 650
39 2 650
2 40 618
40 2 618
2 46 282
46 2 282
2 51 750
51 2 750
2 17 897
17 2 897
3 20 463
20 3 463
3 56 61
56 3 61
3 55 790
55 3 790
3 37 616
37 3 616
3 31 250
31 3 250
3 8 682
8 3 682
3 39 157
39 3 157
3 76 760
76 3 760
3 81 207
81 3 207
3 73 448
73 3 448
3 37 91
37 3 91
3 77 30
77 3 30
3 73 834
73 3 834
4 8 486
8 4 486
4 23 909
23 4 909
4 37 594
37 4 594
4 50 387
50 4 387
4 75 191
75 4 191
4 35 417
35 4 417
4 79 362
79 4 362
4 47 18
47 4 18
4 58 591
58 4 591
4 23 740
23 4 740
4 9 784
9 4 784
4 71 604
71 4 604
4 81 320
81 4 320
4 69 438
69 4 438
5 11 286
11 5 286
5 53 909
53 5 909
5 82 137
82 5 137
5 19 500
19 5 500
5 18 909
18 5 909
5 59 993
59 5 993
5 43 552
43 5 552
5 49 90
49 5 90
5 51 12
51 5 12
5 57 390
57 5 390
5 37 465
37 5 465
6 12 138
12 6 138
6 25 171
25 6 171
6 63 554
63 6 554
6 83 212
83 6 212
6 81 916
81 6 916
6 40 547
40 6 547
6 67 927
67 6 927
6 40 264
40 6 264
6 36 1
36 6 1
6 10 218
10 6 218
6 11 526
11 6 526
6 46 767
46 6 767
6 56 545
56 6 545
6 35 822
35 6 822
6 11 794
11 6 794
6 9 621
9 6 621
6 42 220
42 6 220
6 60 758
60 6 758
6 50 717
50 6 717
6 64 539
64 6 539
6 13 792
13 6 792
6 7 91
7 6 91
6 21 24
21 6 24
6 12 946
12 6 946
6 18 118
18 6 118
6 44 932
44 6 932
6 48 912
48 6 912
6 74 443
74 6 443
7 18 405
18 7 405
7 58 566
58 7 566
7 57 793
57 7 793
7 32 69
32 7 69
7 82 835
82 7 835
7 33 569
33 7 569
7 17 149
17 7 149
7 61 206
61 7 206
7 54 345
54 7 345
7 47 419
47 7 419
7 65 472
65 7 472
7 61 483
61 7 483
7 28 904
28 7 904
7 29 299
29 7 299
7 15 518
15 7 518
8 13 643
13 8 643
8 16 762
16 8 762
8 38 291
38 8 291
8 84 728
84 8 728
8 28 248
28 8 248
8 37 365
37 8 365
8 86 461
86 8 461
8 42 418
42 8 418
8 30 509
30 8 509
8 18 788
18 8 788
8 48 401
48 8 401
8 72 600
72 8 600
8 33 749
33 8 749
8 54 166
54 8 166
8 24 998
24 8 998
8 18 822
18 8 822
8 79 786
79 8 786
8 33 126
33 8 126
8 79 334
79 8 334
9 28 200
28 9 200
9 29 813
29 9 813
9 79 745
79 9 745
9 10 268
10 9 268
9 26 451
26 9 451
9 56 803
56 9 803
9 86 29
86 9 29
9 47 881
47 9 881
9 82 159
82 9 159
9 85 486
85 9 486
9 44 798
44 9 798
9 77 493
77 9 493
9 35 285
35 9 285
9 69 698
69 9 698
9 67 584
67 9 584
9 27 365
27 9 365
10 66 35
66 10 35
10 31 81
31 10 81
10 12 529
12 10 529
10 22 395
22 10 395
10 68 660
68 10 660
10 37 473
37 10 473
10 38 826
38 10 826
11 22 492
22 11 492
11 24 65
24 11 65
11 32 9
32 11 9
11 67 880
67 11 880
11 50 800
50 11 800
11 64 945
64 11 945
11 62 337
62 11 337
11 60 671
60 11 671
11 77 496
77 11 496
11 85 98
85 11 98
11 75 83
75 11 83
11 82 546
82 11 546
11 58 110
58 11 110
11 70 270
70 11 270
11 16 990
16 11 990
12 69 760
69 12 760
12 79 991
79 12 991
12 51 116
51 12 116
12 35 171
35 12 171
12 74 953
74 12 953
12 40 134
40 12 134
12 84 967
84 12 967
12 37 598
37 12 598
12 51 746
51 12 746
12 19 233
19 12 233
12 74 670
74 12 670
12 68 355
68 12 355
12 61 811
61 12 811
13 19 314
19 13 314
13 65 993
65 13 993
13 37 335
37 13 335
13 32 10
32 13 10
13 54 752
54 13 752
13 39 184
39 13 184
13 18 514
18 13 514
13 39 471
39 13 471
13 48 776
48 13 776
13 20 758
20 13 758
13 53 231
53 13 231
14 30 268
30 14 268
14 41 619
41 14 619
14 45 996
45 14 996
14 31 987
31 14 987
14 43 144
43 14 144
14 52 299
52 14 299
14 35 20
35 14 20
14 21 210
21 14 210
14 29 457
29 14 457
14 42 11
42 14 11
14 72 446
72 14 446
15 17 886
17 15 886
15 26 172
26 15 172
15 35 447
35 15 447
15 82 758
82 15 758
15 33 591
33 15 591
15 34 619
34 15 619
15 71 360
71 15 360
15 67 488
67 15 488
15 42 892
42 15 892
15 34 21
34 15 21
15 62 30
62 15 30
15 71 635
71 15 635
15 24 888
24 15 888
16 43 170
43 16 170
16 50 952
50 16 952
16 82 516
82 16 516
16 75 345
75 16 345
16 81 609
81 16 609
16 31 26
31 16 26
16 75 101
75 16 101
16 76 252
76 16 252
16 61 415
61 16 415
16 77 459
77 16 459
16 81 186
81 16 186
16 65 497
65 16 497
16 58 486
58 16 486
16 24 20
24 16 20
16 28 910
28 16 910
17 48 925
48 17 925
17 74 45
74 17 45
17 81 886
81 17 886
17 33 522
33 17 522
17 43 243
43 17 243
17 80 304
80 17 304
17 22 922
22 17 922
17 62 667
62 17 667
17 57 874
57 17 874
17 56 897
56 17 897
18 57 870
57 18 870
18 59 414
59 18 414
18 62 730
62 18 730
18 24 677
24 18 677
18 19 607
19 18 607
18 64 540
64 18 540
18 77 37
77 18 37
18 42 680
42 18 680
18 52 96
52 18 96
18 28 597
28 18 597
18 62 520
62 18 520
18 43 82
43 18 82
19 47 658
47 19 658
19 27 794
27 19 794
19 78 6
78 19 6
19 83 579
83 19 579
19 81 385
81 19 385
19 19 913
19 19 913
19 36 795
36 19 795
19 73 395
73 19 395
19 64 682
64 19 682
19 69 641
69 19 641
19 57 576
57 19 576
19 35 598
35 19 598
20 50 538
50 20 538
20 75 485
75 20 485
20 86 319
86 20 319
20 82 698
82 20 698
20 81 98
81 20 98
20 37 892
37 20 892
20 31 493
31 20 493
20 29 145
29 20 145
20 53 747
53 20 747
20 30 889
30 20 889
20 62 80
62 20 80
20 73 593
73 20 593
20 83 464
83 20 464
20 71 940
71 20 940
20 50 472
50 20 472
21 85 473
85 21 473
21 47 304
47 21 304
21 33 755
33 21 755
21 42 795
42 21 795
21 82 785
82 21 785
21 61 102
61 21 102
21 55 731
55 21 731
21 56 14
56 21 14
21 81 962
81 21 962
21 80 197
80 21 197
21 85 616
85 21 616
21 28 626
28 21 626
21 85 777
85 21 777
22 33 435
33 22 435
22 84 318
84 22 318
22 65 457
65 22 457
22 66 584
66 22 584
22 27 921
27 22 921
22 45 683
45 22 683
22 61 576
61 22 576
22 65 343
65 22 343
22 51 395
51 22 395
22 82 673
82 22 673
22 43 549
43 22 549
22 59 729
59 22 729
23 34 606
34 23 606
23 40 463
40 23 463
23 46 133
46 23 133
23 76 994
76 23 994
23 29 62
29 23 62
23 51 608
51 23 608
23 50 780
50 23 780
23 25 129
25 23 129
23 72 265
72 23 265
23 33 450
33 23 450
23 56 976
56 23 976
23 47 783
47 23 783
23 46 638
46 23 638
23 50 317
50 23 317
23 42 213
42 23 213
23 66 987
66 23 987
23 26 998
26 23 998
24 31 531
31 24 531
24 51 944
51 24 944
24 33 408
33 24 408
24 45 940
45 24 940
24 55 847
55 24 847
24 82 241
82 24 241
24 67 348
67 24 348
24 43 348
43 24 348
24 85 1000
85 24 1000
24 59 925
59 24 925
24 85 215
85 24 215
24 36 715
36 24 715
24 33 49
33 24 49
24 48 73
48 24 73
24 41 803
41 24 803
25 38 143
38 25 143
25 79 743
79 25 743
25 62 898
62 25 898
25 44 783
44 25 783
25 48 440
48 25 440
26 77 294
77 26 294
26 47 738
47 26 738
26 61 956
61 26 956
26 40 856
40 26 856
26 77 360
77 26 360
26 50 670
50 26 670
27 54 89
54 27 89
27 66 320
66 27 320
27 27 272
27 27 272
27 84 711
84 27 711
27 58 208
58 27 208
27 44 853
44 27 853
27 57 21
57 27 21
28 79 368
79 28 368
28 54 918
54 28 918
28 53 449
53 28 449
28 62 869
62 28 869
28 61 981
61 28 981
28 78 438
78 28 438
28 43 447
43 28 447
28 43 543
43 28 543
28 50 212
50 28 212
28 63 430
63 28 430
29 39 328
39 29 328
29 38 539
38 29 539
29 47 738
47 29 738
29 34 461
34 29 461
29 79 831
79 29 831
29 76 369
76 29 369
29 60 374
60 29 374
29 79 721
79 29 721
29 58 143
58 29 143
29 60 29
60 29 29
29 59 102
59 29 102
29 30 341
30 29 341
30 84 783
84 30 783
30 40 795
40 30 795
30 31 389
31 30 389
30 81 256
81 30 256
30 78 440
78 30 440
30 60 20
60 30 20
30 52 242
52 30 242
30 69 6
69 30 6
30 42 263
42 30 263
30 51 15
51 30 15
30 43 507
43 30 507
31 47 308
47 31 308
31 80 699
80 31 699
31 68 108
68 31 108
31 79 751
79 31 751
31 47 313
47 31 313
31 65 717
65 31 717
31 45 930
45 31 930
31 54 753
54 31 753
31 48 491
48 31 491
32 52 964
52 32 964
32 40 366
40 32 366
32 76 451
76 32 451
32 85 789
85 32 789
32 75 374
75 32 374
32 72 560
72 32 560
33 70 653
70 33 653
33 70 892
70 33 892
33 75 621
75 33 621
33 46 905
46 33 905
33 35 904
35 33 904
33 61 349
61 33 349
33 54 975
54 33 975
34 64 661
64 34 661
34 72 571
72 34 571
34 40 37
40 34 37
34 45 452
45 34 452
34 41 298
41 34 298
34 81 236
81 34 236
34 80 569
80 34 569
34 38 268
38 34 268
34 66 300
66 34 300
35 73 748
73 35 748
35 46 541
46 35 541
35 71 169
71 35 169
35 56 779
56 35 779
35 43 789
43 35 789
35 68 286
68 35 286
35 48 636
48 35 636
35 43 764
43 35 764
35 55 227
55 35 227
35 57 183
57 35 183
35 79 547
79 35 547
35 81 501
81 35 501
36 86 56
86 36 56
36 43 261
43 36 261
36 54 349
54 36 349
36 61 213
61 36 213
36 37 757
37 36 757
36 71 457
71 36 457
36 75 965
75 36 965
36 37 747
37 36 747
36 69 68
69 36 68
36 56 670
56 36 670
36 81 520
81 36 520
36 49 353
49 36 353
36 58 215
58 36 215
36 81 851
81 36 851
36 66 458
66 36 458
36 65 911
65 36 911
37 68 376
68 37 376
37 72 552
72 37 552
37 78 236
78 37 236
37 39 193
39 37 193
37 56 338
56 37 338
37 59 465
59 37 465
37 84 377
84 37 377
37 60 471
60 37 471
37 81 131
81 37 131
37 43 963
43 37 963
37 83 542
83 37 542
38 86 63
86 38 63
38 45 237
45 38 237
38 61 366
61 38 366
38 56 541
56 38 541
38 56 69
56 38 69
38 55 588
55 38 588
38 68 417
68 38 417
38 46 56
46 38 56
38 86 125
86 38 125
38 57 313
57 38 313
39 66 469
66 39 469
39 62 617
62 39 617
39 59 540
59 39 540
39 86 817
86 39 817
39 50 893
50 39 893
39 86 473
86 39 473
39 54 133
54 39 133
39 42 586
42 39 586
39 41 970
41 39 970
40 42 242
42 40 242
40 60 296
60 40 296
40 52 351
52 40 351
40 83 964
83 40 964
41 52 321
52 41 321
41 54 911
54 41 911
41 56 421
56 41 421
41 57 184
57 41 184
41 68 125
68 41 125
41 66 78
66 41 78
41 53 34
53 41 34
41 69 75
69 41 75
41 52 34
52 41 34
41 81 137
81 41 137
41 69 874
69 41 874
42 44 96
44 42 96
42 56 640
56 42 640
42 56 701
56 42 701
42 77 224
77 42 224
43 81 918
81 43 918
43 62 911
62 43 911
43 76 61
76 43 61
43 71 638
71 43 638
43 78 274
78 43 274
43 48 587
48 43 587
43 55 423
55 43 423
43 72 723
72 43 723
43 73 963
73 43 963
43 63 909
63 43 909
44 63 345
63 44 345
44 86 206
86 44 206
44 57 671
57 44 671
44 53 747
53 44 747
44 63 992
63 44 992
44 66 540
66 44 540
44 62 511
62 44 511
44 55 745
55 44 745
45 49 682
49 45 682
45 82 528
82 45 528
45 67 457
67 45 457
46 53 724
53 46 724
46 68 77
68 46 77
46 63 876
63 46 876
46 86 848
86 46 848
46 57 225
57 46 225
46 81 719
81 46 719
46 82 612
82 46 612
46 56 280
56 46 280
46 65 863
65 46 863
47 55 519
55 47 519
47 49 250
49 47 250
47 77 28
77 47 28
47 79 381
79 47 381
47 64 955
64 47 955
48 67 250
67 48 250
48 82 95
82 48 95
48 61 154
61 48 154
48 81 687
81 48 687
48 56 750
56 48 750
48 54 897
54 48 897
48 52 826
52 48 826
49 54 900
54 49 900
49 67 607
67 49 607
49 74 183
74 49 183
49 65 425
65 49 425
49 82 544
82 49 544
49 55 440
55 49 440
50 73 76
73 50 76
50 67 323
67 50 323
50 74 264
74 50 264
50 62 911
62 50 911
50 56 853
56 50 853
50 78 487
78 50 487
51 71 583
71 51 583
51 52 686
52 51 686
51 55 177
55 51 177
51 63 526
63 51 526
51 82 733
82 51 733
51 58 236
58 51 236
52 83 218
83 52 218
52 58 520
58 52 520
52 67 375
67 52 375
52 54 349
54 52 349
53 80 84
80 53 84
53 75 256
75 53 256
53 65 693
65 53 693
53 71 233
71 53 233
53 67 804
67 53 804
53 66 911
66 53 911
53 79 469
79 53 469
54 61 309
61 54 309
54 76 118
76 54 118
54 58 39
58 54 39
55 63 162
63 55 162
55 69 265
69 55 265
55 79 656
79 55 656
55 67 949
67 55 949
55 77 451
77 55 451
55 64 521
64 55 521
55 62 357
62 55 357
55 83 827
83 55 827
56 58 573
58 56 573
56 58 377
58 56 377
56 71 61
71 56 61
56 69 465
69 56 465
56 83 655
83 56 655
57 75 232
75 57 232
57 82 789
82 57 789
57 63 786
63 57 786
57 70 153
70 57 153
57 80 540
80 57 540
57 69 239
69 57 239
57 59 234
59 57 234
57 66 21
66 57 21
58 79 23
79 58 23
58 69 358
69 58 358
58 74 781
74 58 781
59 69 747
69 59 747
59 81 427
81 59 427
59 76 990
76 59 990
59 81 670
81 59 670
59 72 67
72 59 67
59 75 441
75 59 441
60 67 374
67 60 374
60 73 414
73 60 414
60 76 865
76 60 865
60 63 759
63 60 759
60 72 732
72 60 732
60 62 819
62 60 819
61 64 582
64 61 582
61 73 736
73 61 736
61 66 640
66 61 640
62 82 702
82 62 702
63 71 251
71 63 251
63 70 116
70 63 116
63 78 849
78 63 849
63 79 420
79 63 420
63 66 620
66 63 620
64 69 2
69 64 2
64 73 751
73 64 751
64 70 132
70 64 132
64 80 647
80 64 647
65 73 975
73 65 975
65 65 650
65 65 650
65 68 741
68 65 741
66 74 391
74 66 391
66 69 638
69 66 638
67 78 698
78 67 698
67 85 501
85 67 501
67 74 520
74 67 520
67 77 230
77 67 230
67 70 243
70 67 243
68 82 168
82 68 168
68 85 988
85 68 988
69 73 580
73 69 580
70 74 315
74 70 315
72 79 390
79 72 390
72 86 38
86 72 38
72 76 107
76 72 107
73 74 861
74 73 861
73 81 741
81 73 741
74 82 595
82 74 595
76 86 967
86 76 967
76 81 354
81 76 354
77 81 568
81 77 568
77 77 69
77 77 69
79 81 438
81 79 438
80 85 398
85 80 398
80 85 545
85 80 545
80 83 77
83 80 77
82 83 958
83 82 958
82 82 690
82 82 690
82 83 84
83 82 84
82 84 690
84 82 690
83 84 959
84 83 959
84 86 398
86 84 398
84 85 14
85 84 14
84 84 617
84 84 617
85 86 575
86 85 575
