18

0 1 119
1 0 119
0 3 154
3 0 154
0 7 608
7 0 608
0 5 691
5 0 691
0 6 459
6 0 459
0 3 366
3 0 366
1 2 396
2 1 396
1 14 443
14 1 443
3 4 576
4 3 576
3 5 140
5 3 140
3 16 618
16 3 618
4 6 670
6 4 670
4 8 228
8 4 228
4 13 612
13 4 612
5 12 910
12 5 910
5 14 764
14 5 764
5 11 819
11 5 819
6 9 208
9 6 208
7 11 809
11 7 809
7 17 556
17 7 556
7 9 76
9 7 76
9 10 322
10 9 322
10 12 486
12 10 486
11 15 844
15 11 844
11 16 834
16 11 834
12 14 789
14 12 789
