73

0 1 15
1 0 15
0 2 340
2 0 340
0 6 371
6 0 371
0 7 438
7 0 438
0 50 548
50 0 548
1 8 29
8 1 29
1 20 791
20 1 791
1 62 985
62 1 985
1 66 871
66 1 871
1 24 27
24 1 27
2 3 260
3 2 260
2 4 486
4 2 486
2 30 212
30 2 212
3 4 123
4 3 123
3 5 707
5 3 707
3 21 620
21 3 620
3 58 289
58 3 289
3 38 907
38 3 907
4 32 665
32 4 665
4 48 107
48 4 107
5 9 961
9 5 961
5 10 477
10 5 477
5 24 616
24 5 616
5 42 287
42 5 287
5 69 362
69 5 362
5 60 943
60 5 943
5 27 713
27 5 713
6 11 27
11 6 27
6 61 844
61 6 844
7 47 512
47 7 512
7 37 300
37 7 300
8 16 204
16 8 204
8 17 161
17 8 161
8 19 727
19 8 727
8 28 245
28 8 245
8 30 286
30 8 286
8 61 747
61 8 747
8 53 454
53 8 454
8 12 701
12 8 701
9 45 442
45 9 442
9 46 366
46 9 366
9 51 271
51 9 271
9 65 894
65 9 894
9 61 977
61 9 977
10 12 493
12 10 493
10 13 666
13 10 666
10 34 288
34 10 288
10 41 230
41 10 230
11 14 741
14 11 741
11 15 417
15 11 417
11 22 855
22 11 855
11 47 478
47 11 478
11 36 572
36 11 572
12 27 494
27 12 494
15 18 621
18 15 621
15 26 757
26 15 757
16 25 729
25 16 729
16 33 141
33 16 141
16 37 415
37 16 415
16 52 417
52 16 417
16 43 961
43 16 961
16 21 13
21 16 13
17 40 558
40 17 558
18 23 173
23 18 173
18 44 941
44 18 941
18 38 847
38 18 847
19 59 143
59 19 143
19 52 21
52 19 21
20 38 776
38 20 776
20 69 233
69 20 233
21 38 195
38 21 195
21 61 493
61 21 493
22 29 980
29 22 980
22 44 70
44 22 70
23 70 219
70 23 219
24 41 53
41 24 53
24 57 633
57 24 633
24 70 481
70 24 481
24 46 322
46 24 322
25 27 711
27 25 711
26 60 951
60 26 951
26 42 370
42 26 370
27 31 956
31 27 956
27 68 960
68 27 960
27 28 95
28 27 95
28 35 186
35 28 186
28 53 772
53 28 772
28 43 42
43 28 42
29 54 329
54 29 329
29 56 818
56 29 818
29 67 852
67 29 852
29 59 200
59 29 200
29 69 847
69 29 847
30 55 568
55 30 568
31 49 254
49 31 254
33 51 980
51 33 980
33 51 823
51 33 823
34 50 176
50 34 176
34 63 537
63 34 537
35 36 198
36 35 198
36 41 17
41 36 17
38 39 142
39 38 142
39 43 295
43 39 295
39 71 668
71 39 668
40 46 319
46 40 319
45 71 475
71 45 475
46 68 540
68 46 540
47 55 512
55 47 512
50 64 917
64 50 917
51 70 109
70 51 109
57 69 187
69 57 187
63 66 948
66 63 948
66 72 948
72 66 948
