92

0 1 729
1 0 729
0 3 833
3 0 833
0 4 970
4 0 970
0 5 496
5 0 496
0 9 820
9 0 820
0 45 351
45 0 351
0 46 570
46 0 570
0 14 591
14 0 591
0 57 918
57 0 918
0 2 580
2 0 580
0 74 662
74 0 662
0 19 680
19 0 680
0 20 615
20 0 615
0 39 115
39 0 115
0 19 158
19 0 158
0 77 158
77 0 158
0 28 538
28 0 538
0 22 41
22 0 41
1 2 850
2 1 850
1 11 707
11 1 707
1 43 542
43 1 542
1 71 754
71 1 754
1 24 837
24 1 837
1 87 554
87 1 554
1 51 158
51 1 158
1 33 402
33 1 402
1 85 671
85 1 671
1 76 939
76 1 939
1 13 787
13 1 787
1 10 415
10 1 415
1 65 580
65 1 580
1 48 419
48 1 419
1 51 292
51 1 292
1 67 266
67 1 266
2 33 557
33 2 557
2 36 259
36 2 259
2 76 270
76 2 270
2 84 314
84 2 314
2 25 130
25 2 130
2 44 833
44 2 833
2 75 135
75 2 135
2 42 911
42 2 911
2 2 548
2 2 548
2 42 60
42 2 60
2 37 747
37 2 747
2 68 726
68 2 726
2 53 729
53 2 729
2 5 938
5 2 938
2 41 462
41 2 462
2 81 426
81 2 426
3 37 965
37 3 965
3 38 999
38 3 999
3 48 192
48 3 192
3 31 563
31 3 563
3 42 270
42 3 270
3 68 985
68 3 985
3 75 245
75 3 245
3 69 187
69 3 187
3 40 287
40 3 287
3 26 905
26 3 905
3 4 557
4 3 557
3 70 443
70 3 443
4 6 400
6 4 400
4 8 702
8 4 702
4 16 185
16 4 185
4 17 837
17 4 837
4 89 902
89 4 902
4 79 560
79 4 560
4 13 364
13 4 364
4 80 248
80 4 248
4 51 775
51 4 775
4 18 198
18 4 198
4 43 31
43 4 31
4 75 906
75 4 906
4 67 546
67 4 546
5 53 627
53 5 627
5 71 477
71 5 477
5 80 102
80 5 102
5 76 519
76 5 519
5 53 756
53 5 756
5 55 279
55 5 279
5 34 44
34 5 44
5 39 617
39 5 617
5 26 949
26 5 949
5 58 992
58 5 992
6 7 675
7 6 675
6 12 444
12 6 444
6 13 474
13 6 474
6 20 414
20 6 414
6 10 758
10 6 758
6 75 949
75 6 949
6 56 950
56 6 950
6 44 95
44 6 95
6 21 10
21 6 10
6 90 317
90 6 317
6 18 387
18 6 387
6 90 890
90 6 890
6 36 639
36 6 639
6 14 630
14 6 630
6 64 968
64 6 968
6 45 775
45 6 775
7 74 707
74 7 707
7 36 90
36 7 90
7 38 48
38 7 48
7 32 480
32 7 480
7 13 810
13 7 810
7 58 662
58 7 662
7 31 747
31 7 747
7 86 421
86 7 421
7 40 632
40 7 632
7 80 406
80 7 406
7 82 127
82 7 127
7 26 453
26 7 453
7 72 823
72 7 823
7 35 576
35 7 576
8 15 933
15 8 933
8 22 457
22 8 457
8 21 638
21 8 638
8 76 608
76 8 608
8 43 978
43 8 978
8 26 276
26 8 276
8 38 830
38 8 830
8 89 34
89 8 34
8 57 128
57 8 128
8 37 36
37 8 36
9 10 625
10 9 625
9 28 171
28 9 171
9 40 424
40 9 424
9 45 915
45 9 915
9 67 152
67 9 152
9 20 396
20 9 396
9 45 282
45 9 282
9 18 816
18 9 816
9 64 829
64 9 829
9 40 120
40 9 120
9 39 635
39 9 635
9 72 142
72 9 142
9 13 980
13 9 980
9 12 895
12 9 895
9 62 489
62 9 489
9 85 642
85 9 642
10 18 119
18 10 119
10 25 803
25 10 803
10 44 844
44 10 844
10 26 451
26 10 451
10 18 539
18 10 539
10 54 91
54 10 91
10 25 59
25 10 59
10 49 29
49 10 29
10 82 81
82 10 81
10 76 796
76 10 796
11 23 275
23 11 275
11 75 32
75 11 32
11 83 557
83 11 557
11 87 318
87 11 318
11 65 654
65 11 654
11 80 167
80 11 167
12 14 410
14 12 410
12 19 782
19 12 782
12 51 958
51 12 958
12 42 672
42 12 672
12 61 539
61 12 539
12 30 350
30 12 350
12 66 846
66 12 846
12 25 215
25 12 215
12 75 845
75 12 845
12 35 852
35 12 852
12 70 3
70 12 3
12 17 52
17 12 52
12 88 873
88 12 873
12 13 747
13 12 747
12 70 100
70 12 100
12 50 240
50 12 240
12 74 983
74 12 983
13 89 558
89 13 558
13 56 894
56 13 894
13 47 608
47 13 608
13 90 65
90 13 65
13 87 371
87 13 371
13 58 491
58 13 491
13 22 939
22 13 939
13 16 173
16 13 173
13 75 858
75 13 858
13 66 706
66 13 706
13 32 426
32 13 426
13 24 277
24 13 277
13 78 346
78 13 346
14 40 545
40 14 545
14 87 258
87 14 258
14 36 748
36 14 748
14 84 725
84 14 725
14 54 233
54 14 233
14 24 252
24 14 252
14 29 928
29 14 928
14 57 261
57 14 261
14 58 238
58 14 238
15 39 542
39 15 542
15 41 275
41 15 275
15 86 451
86 15 451
15 54 180
54 15 180
15 63 312
63 15 312
15 40 216
40 15 216
15 29 500
29 15 500
15 57 609
57 15 609
16 26 550
26 16 550
16 27 404
27 16 404
16 29 928
29 16 928
16 89 296
89 16 296
16 81 237
81 16 237
16 56 418
56 16 418
16 38 173
38 16 173
16 38 328
38 16 328
16 51 902
51 16 902
16 22 672
22 16 672
17 24 77
24 17 77
17 59 890
59 17 890
17 45 691
45 17 691
17 21 984
21 17 984
17 53 628
53 17 628
17 89 902
89 17 902
17 84 621
84 17 621
17 66 905
66 17 905
17 66 488
66 17 488
18 31 7
31 18 7
18 39 28
39 18 28
18 86 861
86 18 861
18 23 259
23 18 259
18 68 56
68 18 56
18 82 482
82 18 482
18 76 731
76 18 731
18 49 559
49 18 559
18 41 382
41 18 382
18 23 593
23 18 593
19 41 87
41 19 87
19 61 737
61 19 737
19 38 244
38 19 244
19 41 368
41 19 368
19 40 972
40 19 972
19 55 960
55 19 960
19 65 62
65 19 62
19 89 918
89 19 918
19 86 127
86 19 127
19 71 641
71 19 641
19 31 556
31 19 556
19 50 625
50 19 625
20 21 624
21 20 624
20 65 63
65 20 63
20 44 683
44 20 683
20 86 124
86 20 124
20 33 787
33 20 787
20 52 630
52 20 630
20 32 957
32 20 957
20 36 182
36 20 182
20 70 959
70 20 959
20 32 98
32 20 98
20 44 350
44 20 350
20 56 297
56 20 297
20 51 605
51 20 605
20 44 870
44 20 870
20 37 787
37 20 787
20 34 796
34 20 796
20 84 200
84 20 200
21 50 615
50 21 615
21 84 732
84 21 732
21 80 809
80 21 809
21 40 21
40 21 21
21 49 939
49 21 939
21 48 291
48 21 291
21 86 479
86 21 479
21 35 750
35 21 750
22 83 914
83 22 914
22 47 858
47 22 858
22 79 525
79 22 525
22 40 940
40 22 940
22 50 844
50 22 844
22 57 515
57 22 515
22 45 267
45 22 267
23 66 867
66 23 867
23 53 520
53 23 520
23 52 679
52 23 679
23 34 316
34 23 316
23 76 207
76 23 207
23 43 879
43 23 879
23 85 362
85 23 362
24 68 937
68 24 937
24 43 659
43 24 659
24 34 749
34 24 749
24 40 607
40 24 607
24 31 338
31 24 338
24 25 169
25 24 169
24 25 984
25 24 984
24 36 598
36 24 598
24 62 318
62 24 318
24 24 466
24 24 466
24 35 976
35 24 976
24 64 907
64 24 907
25 46 201
46 25 201
25 60 626
60 25 626
25 88 285
88 25 285
25 68 837
68 25 837
25 36 236
36 25 236
25 37 598
37 25 598
25 25 705
25 25 705
25 86 877
86 25 877
25 63 138
63 25 138
25 57 38
57 25 38
26 34 776
34 26 776
26 53 115
53 26 115
26 66 96
66 26 96
26 75 241
75 26 241
26 75 582
75 26 582
26 73 970
73 26 970
26 53 492
53 26 492
26 82 581
82 26 581
26 60 636
60 26 636
27 30 872
30 27 872
27 38 298
38 27 298
27 82 858
82 27 858
27 64 307
64 27 307
27 38 57
38 27 57
27 70 496
70 27 496
27 36 792
36 27 792
27 64 903
64 27 903
27 51 253
51 27 253
27 64 38
64 27 38
27 50 152
50 27 152
28 32 776
32 28 776
28 75 714
75 28 714
28 82 767
82 28 767
28 73 644
73 28 644
28 47 990
47 28 990
28 88 246
88 28 246
28 78 805
78 28 805
28 71 59
71 28 59
28 65 567
65 28 567
28 51 434
51 28 434
29 49 859
49 29 859
29 65 851
65 29 851
29 63 824
63 29 824
29 48 12
48 29 12
29 71 318
71 29 318
29 33 767
33 29 767
29 71 277
71 29 277
29 39 645
39 29 645
29 90 602
90 29 602
29 67 355
67 29 355
30 88 434
88 30 434
30 91 319
91 30 319
30 85 942
85 30 942
30 51 450
51 30 450
30 66 987
66 30 987
30 72 858
72 30 858
30 60 61
60 30 61
31 69 225
69 31 225
31 81 845
81 31 845
31 33 796
33 31 796
31 53 586
53 31 586
31 37 205
37 31 205
31 81 569
81 31 569
31 34 807
34 31 807
31 74 75
74 31 75
31 31 891
31 31 891
32 48 406
48 32 406
32 70 303
70 32 303
32 42 301
42 32 301
32 51 684
51 32 684
32 82 929
82 32 929
33 70 613
70 33 613
33 88 453
88 33 453
33 59 756
59 33 756
33 44 381
44 33 381
33 84 196
84 33 196
33 34 927
34 33 927
33 61 591
61 33 591
34 35 189
35 34 189
34 87 470
87 34 470
34 87 969
87 34 969
34 79 317
79 34 317
34 36 822
36 34 822
34 76 181
76 34 181
34 70 540
70 34 540
34 69 663
69 34 663
34 40 867
40 34 867
35 85 485
85 35 485
35 38 344
38 35 344
35 80 604
80 35 604
35 82 251
82 35 251
35 79 174
79 35 174
36 75 472
75 36 472
36 43 376
43 36 376
36 90 363
90 36 363
36 79 451
79 36 451
36 88 416
88 36 416
36 88 54
88 36 54
36 69 379
69 36 379
36 85 613
85 36 613
36 63 154
63 36 154
37 56 218
56 37 218
37 72 440
72 37 440
37 82 424
82 37 424
37 49 450
49 37 450
37 73 565
73 37 565
37 80 339
80 37 339
37 82 539
82 37 539
38 42 796
42 38 796
38 54 206
54 38 206
38 77 918
77 38 918
38 41 897
41 38 897
38 40 399
40 38 399
38 75 342
75 38 342
38 58 361
58 38 361
38 40 96
40 38 96
38 53 490
53 38 490
38 71 956
71 38 956
38 60 717
60 38 717
38 84 335
84 38 335
39 63 383
63 39 383
39 40 149
40 39 149
39 49 961
49 39 961
39 88 525
88 39 525
39 70 823
70 39 823
40 48 301
48 40 301
40 62 946
62 40 946
40 63 57
63 40 57
40 48 622
48 40 622
40 52 604
52 40 604
40 63 946
63 40 946
40 61 773
61 40 773
40 62 923
62 40 923
41 47 380
47 41 380
41 63 593
63 41 593
41 75 609
75 41 609
41 74 134
74 41 134
41 44 729
44 41 729
41 66 800
66 41 800
41 77 335
77 41 335
41 87 72
87 41 72
41 72 608
72 41 608
42 80 940
80 42 940
42 89 541
89 42 541
42 46 72
46 42 72
42 88 85
88 42 85
42 91 689
91 42 689
42 79 839
79 42 839
42 73 928
73 42 928
42 90 113
90 42 113
43 54 148
54 43 148
43 73 805
73 43 805
43 78 38
78 43 38
43 73 105
73 43 105
43 83 670
83 43 670
43 52 667
52 43 667
43 56 169
56 43 169
43 44 952
44 43 952
43 44 916
44 43 916
44 55 791
55 44 791
44 81 128
81 44 128
44 60 772
60 44 772
44 78 798
78 44 798
44 46 631
46 44 631
44 91 966
91 44 966
44 60 914
60 44 914
44 54 919
54 44 919
44 72 375
72 44 375
45 64 808
64 45 808
45 75 515
75 45 515
45 77 414
77 45 414
45 65 711
65 45 711
45 50 811
50 45 811
45 77 429
77 45 429
45 91 924
91 45 924
46 52 392
52 46 392
46 68 468
68 46 468
46 57 989
57 46 989
46 50 38
50 46 38
46 64 146
64 46 146
46 74 15
74 46 15
46 73 851
73 46 851
47 66 739
66 47 739
47 55 765
55 47 765
47 84 345
84 47 345
48 59 745
59 48 745
48 53 656
53 48 656
48 78 38
78 48 38
48 68 30
68 48 30
48 59 297
59 48 297
48 88 7
88 48 7
48 75 502
75 48 502
48 51 6
51 48 6
48 84 792
84 48 792
48 75 517
75 48 517
49 84 682
84 49 682
50 69 672
69 50 672
50 56 336
56 50 336
51 52 492
52 51 492
51 67 67
67 51 67
51 53 554
53 51 554
51 89 712
89 51 712
51 53 350
53 51 350
52 69 823
69 52 823
52 76 323
76 52 323
52 78 130
78 52 130
52 73 370
73 52 370
52 57 823
57 52 823
52 59 288
59 52 288
53 77 581
77 53 581
53 78 575
78 53 575
53 77 62
77 53 62
53 78 284
78 53 284
53 79 571
79 53 571
53 71 876
71 53 876
53 75 142
75 53 142
53 70 951
70 53 951
54 57 277
57 54 277
54 58 160
58 54 160
54 65 300
65 54 300
54 73 367
73 54 367
55 81 272
81 55 272
55 61 677
61 55 677
55 69 574
69 55 574
55 70 272
70 55 272
55 78 519
78 55 519
55 55 909
55 55 909
55 66 773
66 55 773
55 87 895
87 55 895
56 57 769
57 56 769
56 56 379
56 56 379
56 86 182
86 56 182
56 58 758
58 56 758
56 58 99
58 56 99
57 73 174
73 57 174
57 65 185
65 57 185
57 89 643
89 57 643
57 91 405
91 57 405
57 66 723
66 57 723
58 73 397
73 58 397
58 91 932
91 58 932
58 81 726
81 58 726
58 90 80
90 58 80
58 84 952
84 58 952
58 59 251
59 58 251
58 64 86
64 58 86
58 84 85
84 58 85
59 77 196
77 59 196
59 77 602
77 59 602
59 60 843
60 59 843
59 84 686
84 59 686
60 64 622
64 60 622
60 69 343
69 60 343
61 71 862
71 61 862
61 91 649
91 61 649
61 88 679
88 61 679
62 67 685
67 62 685
62 65 24
65 62 24
62 73 348
73 62 348
62 74 649
74 62 649
63 89 241
89 63 241
63 76 396
76 63 396
63 76 53
76 63 53
64 79 598
79 64 598
64 82 190
82 64 190
64 83 771
83 64 771
64 67 892
67 64 892
65 80 430
80 65 430
65 83 563
83 65 563
65 67 816
67 65 816
66 69 11
69 66 11
66 71 116
71 66 116
66 90 479
90 66 479
66 72 340
72 66 340
67 83 721
83 67 721
67 89 640
89 67 640
67 73 455
73 67 455
67 83 412
83 67 412
68 81 650
81 68 650
68 73 435
73 68 435
68 78 126
78 68 126
68 71 486
71 68 486
68 78 440
78 68 440
69 81 994
81 69 994
69 89 646
89 69 646
69 84 125
84 69 125
69 80 537
80 69 537
69 80 509
80 69 509
69 76 262
76 69 262
69 90 950
90 69 950
70 74 603
74 70 603
70 78 164
78 70 164
70 87 86
87 70 86
70 76 463
76 70 463
71 81 749
81 71 749
71 86 533
86 71 533
71 85 498
85 71 498
71 86 43
86 71 43
71 78 808
78 71 808
72 86 829
86 72 829
72 91 907
91 72 907
73 83 579
83 73 579
73 74 892
74 73 892
73 86 638
86 73 638
73 76 659
76 73 659
74 77 496
77 74 496
74 85 469
85 74 469
74 77 148
77 74 148
74 89 175
89 74 175
74 87 63
87 74 63
75 87 858
87 75 858
75 91 721
91 75 721
76 87 918
87 76 918
76 89 108
89 76 108
76 87 114
87 76 114
76 91 275
91 76 275
76 83 533
83 76 533
77 88 889
88 77 889
77 90 455
90 77 455
78 87 243
87 78 243
78 86 542
86 78 542
78 88 105
88 78 105
78 86 777
86 78 777
79 86 566
86 79 566
79 86 679
86 79 679
80 82 389
82 80 389
80 83 108
83 80 108
81 86 309
86 81 309
81 81 126
81 81 126
83 90 100
90 83 100
84 90 501
90 84 501
85 91 841
91 85 841
85 90 361
90 85 361
86 88 932
88 86 932
87 88 560
88 87 560
89 89 145
89 89 145
89 91 738
91 89 738
