81

0 1 932
1 0 932
0 2 528
2 0 528
0 3 268
3 0 268
0 8 269
8 0 269
0 11 674
11 0 674
0 24 16
24 0 16
0 49 491
49 0 491
0 56 115
56 0 115
0 15 669
15 0 669
0 7 189
7 0 189
0 67 66
67 0 66
1 4 493
4 1 493
1 21 522
21 1 522
1 44 540
44 1 540
1 55 992
55 1 992
1 61 684
61 1 684
1 10 257
10 1 257
1 48 691
48 1 691
1 52 308
52 1 308
1 24 170
24 1 170
2 9 592
9 2 592
2 16 986
16 2 986
2 25 173
25 2 173
2 32 722
32 2 722
2 69 234
69 2 234
2 71 506
71 2 506
2 28 433
28 2 433
2 53 11
53 2 11
2 63 758
63 2 758
3 17 206
17 3 206
3 26 235
26 3 235
3 38 373
38 3 373
3 58 83
58 3 83
3 44 363
44 3 363
3 71 25
71 3 25
4 5 427
5 4 427
4 6 695
6 4 695
4 7 246
7 4 246
4 26 278
26 4 278
4 35 967
35 4 967
4 36 100
36 4 100
4 39 132
39 4 132
5 60 168
60 5 168
5 26 162
26 5 162
5 61 2
61 5 2
5 74 987
74 5 987
5 49 37
49 5 37
6 14 658
14 6 658
6 17 694
17 6 694
6 64 399
64 6 399
6 10 440
10 6 440
6 41 169
41 6 169
6 18 131
18 6 131
6 12 279
12 6 279
7 10 25
10 7 25
7 31 93
31 7 93
7 67 622
67 7 622
7 18 921
18 7 921
7 35 230
35 7 230
7 70 712
70 7 712
7 52 7
52 7 7
7 70 185
70 7 185
8 12 200
12 8 200
8 28 957
28 8 957
8 26 534
26 8 534
8 40 171
40 8 171
8 17 948
17 8 948
8 11 943
11 8 943
8 40 88
40 8 88
8 53 891
53 8 891
8 79 749
79 8 749
9 15 953
15 9 953
9 45 242
45 9 242
9 46 320
46 9 320
9 65 725
65 9 725
9 46 921
46 9 921
9 26 660
26 9 660
10 21 326
21 10 326
10 79 306
79 10 306
10 31 181
31 10 181
10 76 191
76 10 191
10 75 237
75 10 237
10 14 495
14 10 495
10 48 979
48 10 979
10 15 457
15 10 457
10 38 623
38 10 623
10 11 223
11 10 223
11 13 365
13 11 365
11 19 403
19 11 403
11 33 644
33 11 644
11 29 895
29 11 895
11 52 234
52 11 234
11 24 961
24 11 961
12 59 589
59 12 589
12 64 234
64 12 234
12 30 135
30 12 135
12 68 477
68 12 477
12 31 26
31 12 26
13 22 107
22 13 107
13 46 169
46 13 169
13 75 367
75 13 367
13 59 599
59 13 599
13 35 961
35 13 961
13 42 101
42 13 101
13 33 643
33 13 643
14 14 175
14 14 175
14 48 425
48 14 425
14 39 669
39 14 669
14 72 796
72 14 796
14 55 268
55 14 268
14 23 679
23 14 679
14 69 179
69 14 179
14 31 48
31 14 48
15 20 298
20 15 298
15 53 152
53 15 152
15 58 772
58 15 772
15 31 572
31 15 572
15 79 766
79 15 766
15 25 647
25 15 647
15 34 289
34 15 289
15 44 338
44 15 338
16 18 930
18 16 930
16 28 476
28 16 476
16 43 43
43 16 43
16 54 143
54 16 143
16 32 378
32 16 378
17 23 88
23 17 88
17 29 193
29 17 193
17 51 888
51 17 888
17 54 583
54 17 583
17 66 786
66 17 786
17 45 380
45 17 380
17 73 606
73 17 606
17 35 610
35 17 610
17 19 592
19 17 592
18 36 105
36 18 105
18 55 564
55 18 564
18 23 962
23 18 962
18 66 698
66 18 698
18 18 40
18 18 40
19 70 174
70 19 174
19 73 682
73 19 682
19 55 317
55 19 317
19 52 669
52 19 669
20 77 392
77 20 392
20 37 11
37 20 11
20 75 334
75 20 334
20 25 533
25 20 533
21 30 297
30 21 297
21 39 358
39 21 358
21 64 612
64 21 612
21 76 88
76 21 88
21 34 88
34 21 88
21 44 821
44 21 821
21 61 335
61 21 335
21 24 301
24 21 301
22 43 996
43 22 996
22 73 510
73 22 510
22 74 197
74 22 197
22 74 606
74 22 606
23 34 76
34 23 76
23 48 209
48 23 209
23 61 158
61 23 158
23 57 81
57 23 81
23 39 14
39 23 14
23 50 58
50 23 58
23 58 834
58 23 834
23 32 62
32 23 62
23 26 310
26 23 310
23 30 12
30 23 12
23 23 461
23 23 461
23 66 272
66 23 272
23 73 713
73 23 713
24 32 145
32 24 145
24 62 52
62 24 52
24 67 641
67 24 641
24 58 213
58 24 213
24 40 292
40 24 292
24 54 552
54 24 552
24 44 814
44 24 814
24 67 762
67 24 762
25 27 572
27 25 572
25 31 950
31 25 950
25 40 970
40 25 970
25 34 252
34 25 252
25 71 298
71 25 298
25 69 453
69 25 453
26 74 895
74 26 895
26 66 509
66 26 509
26 40 145
40 26 145
26 63 887
63 26 887
27 73 987
73 27 987
27 59 847
59 27 847
27 43 571
43 27 571
27 61 38
61 27 38
27 65 628
65 27 628
28 77 155
77 28 155
28 52 222
52 28 222
28 56 705
56 28 705
28 72 505
72 28 505
28 56 354
56 28 354
29 37 671
37 29 671
29 38 710
38 29 710
29 50 844
50 29 844
29 56 318
56 29 318
29 58 653
58 29 653
30 40 791
40 30 791
30 55 906
55 30 906
30 39 908
39 30 908
30 73 860
73 30 860
31 41 170
41 31 170
31 53 338
53 31 338
31 46 380
46 31 380
31 62 836
62 31 836
32 40 365
40 32 365
32 73 334
73 32 334
32 37 56
37 32 56
32 76 927
76 32 927
33 35 465
35 33 465
33 50 963
50 33 963
33 72 177
72 33 177
33 70 949
70 33 949
34 58 624
58 34 624
34 49 219
49 34 219
34 61 665
61 34 665
35 52 628
52 35 628
35 50 936
50 35 936
36 63 903
63 36 903
36 76 622
76 36 622
36 54 533
54 36 533
36 69 453
69 36 453
36 47 946
47 36 946
37 76 687
76 37 687
37 38 911
38 37 911
37 63 77
63 37 77
37 62 814
62 37 814
37 53 128
53 37 128
37 55 767
55 37 767
37 54 321
54 37 321
37 46 261
46 37 261
38 63 90
63 38 90
38 47 834
47 38 834
38 46 597
46 38 597
38 41 17
41 38 17
39 47 134
47 39 134
39 49 946
49 39 946
39 78 496
78 39 496
39 68 64
68 39 64
40 59 154
59 40 154
40 60 905
60 40 905
40 69 740
69 40 740
41 42 601
42 41 601
41 57 378
57 41 378
41 77 182
77 41 182
41 53 79
53 41 79
41 49 93
49 41 93
41 62 200
62 41 200
42 79 352
79 42 352
42 57 5
57 42 5
42 77 195
77 42 195
43 71 231
71 43 231
43 59 411
59 43 411
43 58 86
58 43 86
43 78 51
78 43 51
43 56 649
56 43 649
43 56 502
56 43 502
44 44 963
44 44 963
45 57 962
57 45 962
45 71 720
71 45 720
46 48 287
48 46 287
47 73 906
73 47 906
47 71 987
71 47 987
48 79 400
79 48 400
49 69 52
69 49 52
49 79 154
79 49 154
49 61 279
61 49 279
50 67 254
67 50 254
50 61 480
61 50 480
51 53 14
53 51 14
51 60 126
60 51 126
51 76 339
76 51 339
51 57 515
57 51 515
51 59 97
59 51 97
52 65 91
65 52 91
52 74 35
74 52 35
53 80 479
80 53 479
53 73 186
73 53 186
54 78 637
78 54 637
54 58 750
58 54 750
55 57 506
57 55 506
55 75 918
75 55 918
56 70 101
70 56 101
56 71 712
71 56 712
56 62 989
62 56 989
56 78 636
78 56 636
57 69 926
69 57 926
57 77 415
77 57 415
58 72 250
72 58 250
59 80 349
80 59 349
59 77 663
77 59 663
60 75 640
75 60 640
60 79 110
79 60 110
60 78 541
78 60 541
64 68 307
68 64 307
64 75 825
75 64 825
64 77 967
77 64 967
65 76 66
76 65 66
66 77 469
77 66 469
66 68 875
68 66 875
67 76 883
76 67 883
67 77 232
77 67 232
67 69 538
69 67 538
68 78 347
78 68 347
69 77 888
77 69 888
69 76 680
76 69 680
72 73 760
73 72 760
72 74 383
74 72 383
73 78 634
78 73 634
74 74 498
74 74 498
76 80 758
80 76 758
