69

0 1 387
1 0 387
0 2 944
2 0 944
0 4 695
4 0 695
0 7 23
7 0 23
0 13 342
13 0 342
0 11 861
11 0 861
0 58 983
58 0 983
1 5 357
5 1 357
1 8 356
8 1 356
1 12 141
12 1 141
1 14 284
14 1 284
1 33 838
33 1 838
1 62 439
62 1 439
1 68 385
68 1 385
2 3 172
3 2 172
2 28 40
28 2 40
2 34 419
34 2 419
2 42 187
42 2 187
2 43 610
43 2 610
2 47 307
47 2 307
2 51 228
51 2 228
3 11 850
11 3 850
3 37 751
37 3 751
3 10 112
10 3 112
3 58 471
58 3 471
3 17 707
17 3 707
4 6 30
6 4 30
4 9 971
9 4 971
4 22 718
22 4 718
4 63 605
63 4 605
4 47 9
47 4 9
4 5 527
5 4 527
4 37 114
37 4 114
5 25 534
25 5 534
5 46 687
46 5 687
5 53 920
53 5 920
5 32 196
32 5 196
5 15 895
15 5 895
5 40 497
40 5 497
6 10 509
10 6 509
6 20 214
20 6 214
6 57 413
57 6 413
6 44 10
44 6 10
6 62 305
62 6 305
7 45 484
45 7 484
7 39 775
39 7 775
8 29 980
29 8 980
8 48 655
48 8 655
9 15 174
15 9 174
9 24 169
24 9 169
9 54 274
54 9 274
9 48 638
48 9 638
10 49 578
49 10 578
10 52 632
52 10 632
10 50 102
50 10 102
10 11 92
11 10 92
11 24 732
24 11 732
11 46 155
46 11 155
12 16 525
16 12 525
12 23 964
23 12 964
13 37 852
37 13 852
14 31 472
31 14 472
14 45 885
45 14 885
14 33 909
33 14 909
14 39 216
39 14 216
14 51 445
51 14 445
15 27 432
27 15 432
15 53 456
53 15 456
15 23 712
23 15 712
15 45 635
45 15 635
16 17 650
17 16 650
16 18 419
18 16 419
16 50 672
50 16 672
16 56 643
56 16 643
16 57 476
57 16 476
16 30 638
30 16 638
17 19 980
19 17 980
17 17 971
17 17 971
17 59 162
59 17 162
17 22 121
22 17 121
18 21 219
21 18 219
18 26 502
26 18 502
18 48 660
48 18 660
18 24 707
24 18 707
19 56 297
56 19 297
20 27 864
27 20 864
20 35 827
35 20 827
20 41 433
41 20 433
20 59 71
59 20 71
20 68 547
68 20 547
20 51 658
51 20 658
22 65 927
65 22 927
22 29 88
29 22 88
22 31 431
31 22 431
23 30 51
30 23 51
23 59 364
59 23 364
24 30 65
30 24 65
24 64 30
64 24 30
24 40 648
40 24 648
24 25 2
25 24 2
25 66 836
66 25 836
25 60 344
60 25 344
26 55 944
55 26 944
26 55 515
55 26 515
27 51 492
51 27 492
27 54 992
54 27 992
27 28 386
28 27 386
28 38 666
38 28 666
28 62 843
62 28 843
29 32 794
32 29 794
29 36 346
36 29 346
29 40 204
40 29 204
29 62 938
62 29 938
30 55 94
55 30 94
30 54 580
54 30 580
30 60 754
60 30 754
30 57 39
57 30 39
31 52 303
52 31 303
31 68 575
68 31 575
31 32 564
32 31 564
32 39 515
39 32 515
32 60 838
60 32 838
33 67 787
67 33 787
36 58 424
58 36 424
36 51 380
51 36 380
36 40 528
40 36 528
36 48 128
48 36 128
38 44 359
44 38 359
38 57 906
57 38 906
38 51 373
51 38 373
39 63 859
63 39 859
39 43 469
43 39 469
40 53 693
53 40 693
40 67 962
67 40 962
40 55 221
55 40 221
41 60 50
60 41 50
42 58 562
58 42 562
42 57 519
57 42 519
43 61 879
61 43 879
44 60 365
60 44 365
44 52 26
52 44 26
45 66 461
66 45 461
46 58 719
58 46 719
46 66 906
66 46 906
48 61 973
61 48 973
53 62 995
62 53 995
55 55 431
55 55 431
55 68 1000
68 55 1000
58 66 770
66 58 770
60 61 897
61 60 897
61 62 654
62 61 654
62 68 631
68 62 631
62 67 917
67 62 917
