88

0 1 964
1 0 964
0 2 599
2 0 599
0 3 355
3 0 355
0 5 287
5 0 287
0 39 433
39 0 433
0 2 716
2 0 716
0 49 910
49 0 910
0 67 813
67 0 813
0 20 801
20 0 801
1 7 563
7 1 563
1 9 512
9 1 512
1 10 335
10 1 335
1 52 934
52 1 934
1 69 846
69 1 846
1 23 401
23 1 401
1 59 97
59 1 97
1 22 568
22 1 568
1 1 658
1 1 658
1 34 189
34 1 189
2 5 580
5 2 580
2 12 85
12 2 85
2 18 193
18 2 193
2 22 337
22 2 337
2 20 17
20 2 17
2 84 775
84 2 775
2 46 286
46 2 286
2 13 441
13 2 441
2 40 144
40 2 144
2 43 658
43 2 658
2 13 904
13 2 904
3 4 322
4 3 322
3 19 53
19 3 53
3 39 375
39 3 375
3 66 199
66 3 199
3 42 312
42 3 312
3 69 724
69 3 724
3 80 917
80 3 917
3 61 450
61 3 450
3 53 467
53 3 467
4 6 964
6 4 964
4 15 686
15 4 686
4 24 326
24 4 326
4 53 714
53 4 714
4 62 163
62 4 163
4 56 78
56 4 78
4 87 202
87 4 202
4 27 886
27 4 886
4 65 300
65 4 300
4 55 490
55 4 490
4 6 265
6 4 265
5 51 691
51 5 691
5 16 579
16 5 579
5 19 850
19 5 850
5 11 317
11 5 317
5 37 966
37 5 966
5 77 529
77 5 529
5 48 838
48 5 838
6 8 238
8 6 238
6 29 414
29 6 414
6 51 234
51 6 234
6 57 718
57 6 718
6 68 470
68 6 470
6 81 868
81 6 868
6 63 155
63 6 155
7 23 657
23 7 657
7 35 325
35 7 325
7 49 831
49 7 831
7 17 808
17 7 808
7 41 275
41 7 275
7 67 667
67 7 667
7 72 658
72 7 658
7 44 429
44 7 429
7 80 332
80 7 332
7 58 612
58 7 612
7 36 31
36 7 31
8 34 158
34 8 158
8 42 875
42 8 875
8 30 217
30 8 217
8 58 394
58 8 394
8 19 455
19 8 455
8 63 493
63 8 493
8 76 647
76 8 647
8 12 162
12 8 162
8 75 431
75 8 431
9 11 388
11 9 388
9 20 190
20 9 190
9 30 133
30 9 133
9 42 132
42 9 132
9 73 190
73 9 190
9 21 400
21 9 400
9 44 78
44 9 78
9 37 186
37 9 186
9 61 548
61 9 548
10 13 7
13 10 7
10 14 756
14 10 756
10 45 114
45 10 114
10 50 145
50 10 145
10 21 40
21 10 40
10 42 204
42 10 204
10 28 391
28 10 391
10 87 15
87 10 15
10 14 338
14 10 338
10 18 90
18 10 90
10 20 600
20 10 600
10 82 805
82 10 805
11 25 457
25 11 457
11 31 39
31 11 39
11 71 581
71 11 581
11 35 178
35 11 178
11 54 720
54 11 720
11 46 38
46 11 38
11 87 556
87 11 556
11 32 476
32 11 476
11 30 528
30 11 528
11 13 252
13 11 252
12 21 134
21 12 134
12 26 55
26 12 55
12 32 965
32 12 965
12 64 224
64 12 224
12 13 834
13 12 834
12 53 239
53 12 239
12 29 359
29 12 359
13 16 474
16 13 474
13 61 606
61 13 606
13 39 247
39 13 247
13 76 427
76 13 427
13 33 884
33 13 884
13 80 507
80 13 507
13 72 879
72 13 879
13 70 609
70 13 609
13 45 143
45 13 143
14 17 901
17 14 901
14 28 448
28 14 448
14 37 402
37 14 402
14 59 905
59 14 905
15 62 303
62 15 303
15 82 102
82 15 102
15 32 947
32 15 947
15 72 818
72 15 818
15 25 193
25 15 193
15 16 909
16 15 909
15 29 45
29 15 45
15 43 476
43 15 476
15 55 652
55 15 652
16 46 807
46 16 807
16 64 793
64 16 793
16 41 528
41 16 528
16 31 393
31 16 393
16 72 57
72 16 57
16 84 295
84 16 295
16 22 335
22 16 335
17 77 535
77 17 535
17 49 72
49 17 72
17 20 102
20 17 102
17 52 559
52 17 559
17 39 79
39 17 79
18 27 360
27 18 360
18 25 865
25 18 865
18 44 855
44 18 855
18 39 219
39 18 219
18 86 75
86 18 75
19 41 614
41 19 614
19 47 575
47 19 575
19 38 378
38 19 378
20 36 443
36 20 443
20 41 322
41 20 322
20 45 718
45 20 718
20 35 448
35 20 448
20 80 401
80 20 401
20 35 185
35 20 185
20 79 535
79 20 535
21 56 628
56 21 628
21 85 849
85 21 849
21 50 106
50 21 106
21 23 361
23 21 361
21 47 498
47 21 498
21 49 86
49 21 86
21 83 323
83 21 323
21 35 787
35 21 787
21 47 418
47 21 418
21 26 368
26 21 368
21 26 665
26 21 665
22 47 306
47 22 306
22 36 903
36 22 903
22 75 652
75 22 652
22 76 178
76 22 178
23 33 689
33 23 689
23 72 560
72 23 560
23 79 863
79 23 863
23 83 620
83 23 620
23 84 336
84 23 336
23 37 95
37 23 95
24 47 732
47 24 732
24 75 111
75 24 111
24 82 827
82 24 827
24 54 455
54 24 455
24 53 616
53 24 616
25 71 659
71 25 659
25 28 816
28 25 816
25 47 732
47 25 732
25 46 494
46 25 494
25 82 290
82 25 290
25 47 200
47 25 200
25 63 917
63 25 917
26 82 912
82 26 912
26 55 447
55 26 447
26 77 223
77 26 223
26 83 737
83 26 737
26 80 496
80 26 496
26 68 216
68 26 216
26 75 735
75 26 735
27 30 10
30 27 10
27 40 100
40 27 100
27 67 103
67 27 103
27 50 640
50 27 640
27 28 48
28 27 48
27 64 998
64 27 998
27 64 867
64 27 867
28 59 752
59 28 752
28 80 583
80 28 583
28 41 691
41 28 691
28 72 690
72 28 690
28 82 321
82 28 321
29 34 45
34 29 45
29 74 383
74 29 383
29 29 424
29 29 424
29 37 60
37 29 60
29 39 604
39 29 604
29 42 23
42 29 23
29 30 862
30 29 862
29 78 940
78 29 940
30 81 725
81 30 725
30 41 230
41 30 230
30 44 309
44 30 309
30 71 419
71 30 419
30 77 25
77 30 25
31 37 269
37 31 269
31 57 560
57 31 560
31 82 822
82 31 822
31 74 18
74 31 18
32 38 825
38 32 825
32 54 280
54 32 280
32 72 985
72 32 985
32 79 646
79 32 646
32 32 267
32 32 267
32 79 103
79 32 103
32 80 6
80 32 6
33 78 274
78 33 274
33 86 16
86 33 16
33 64 717
64 33 717
33 84 532
84 33 532
33 74 500
74 33 500
33 69 511
69 33 511
34 48 569
48 34 569
34 76 894
76 34 894
34 59 933
59 34 933
34 69 502
69 34 502
35 74 819
74 35 819
35 75 714
75 35 714
35 74 490
74 35 490
36 54 619
54 36 619
36 43 166
43 36 166
37 60 608
60 37 608
37 43 509
43 37 509
37 78 179
78 37 179
37 71 705
71 37 705
37 70 543
70 37 543
37 51 446
51 37 446
38 58 2
58 38 2
38 66 668
66 38 668
38 58 901
58 38 901
38 46 976
46 38 976
38 66 553
66 38 553
38 63 69
63 38 69
39 70 10
70 39 10
39 86 881
86 39 881
39 45 719
45 39 719
39 70 35
70 39 35
39 50 257
50 39 257
39 49 64
49 39 64
40 85 33
85 40 33
40 74 448
74 40 448
40 82 503
82 40 503
40 86 664
86 40 664
41 44 826
44 41 826
41 70 181
70 41 181
41 74 422
74 41 422
41 61 467
61 41 467
41 79 39
79 41 39
41 69 157
69 41 157
41 75 636
75 41 636
42 43 282
43 42 282
42 49 121
49 42 121
42 46 759
46 42 759
43 70 139
70 43 139
44 77 431
77 44 431
44 70 676
70 44 676
44 55 664
55 44 664
44 57 897
57 44 897
45 86 432
86 45 432
45 56 610
56 45 610
45 50 32
50 45 32
45 68 793
68 45 793
46 65 649
65 46 649
46 72 168
72 46 168
46 63 145
63 46 145
46 86 725
86 46 725
47 60 130
60 47 130
47 65 627
65 47 627
47 63 584
63 47 584
47 48 799
48 47 799
48 55 26
55 48 26
48 87 159
87 48 159
48 60 119
60 48 119
48 86 317
86 48 317
48 83 312
83 48 312
48 58 446
58 48 446
49 61 6
61 49 6
49 56 230
56 49 230
49 50 946
50 49 946
49 74 881
74 49 881
50 77 37
77 50 37
50 85 259
85 50 259
50 81 550
81 50 550
50 78 101
78 50 101
50 55 422
55 50 422
50 84 992
84 50 992
51 64 448
64 51 448
52 63 98
63 52 98
52 68 21
68 52 21
52 58 632
58 52 632
53 68 633
68 53 633
53 85 106
85 53 106
53 56 451
56 53 451
54 84 679
84 54 679
54 69 69
69 54 69
55 62 429
62 55 429
55 74 490
74 55 490
55 64 398
64 55 398
55 60 240
60 55 240
55 56 512
56 55 512
55 82 808
82 55 808
55 56 879
56 55 879
55 75 40
75 55 40
56 62 985
62 56 985
57 77 312
77 57 312
58 76 844
76 58 844
58 77 166
77 58 166
58 76 997
76 58 997
60 68 606
68 60 606
60 73 516
73 60 516
60 83 493
83 60 493
61 74 779
74 61 779
61 68 991
68 61 991
61 85 765
85 61 765
61 85 263
85 61 263
62 67 127
67 62 127
62 72 230
72 62 230
63 82 897
82 63 897
64 86 837
86 64 837
65 82 445
82 65 445
65 68 485
68 65 485
65 79 896
79 65 896
65 75 610
75 65 610
66 67 702
67 66 702
66 72 289
72 66 289
66 78 442
78 66 442
67 85 88
85 67 88
67 74 334
74 67 334
69 83 348
83 69 348
69 80 883
80 69 883
69 80 373
80 69 373
69 74 905
74 69 905
71 80 365
80 71 365
73 83 224
83 73 224
75 77 914
77 75 914
76 87 245
87 76 245
77 84 538
84 77 538
77 80 804
80 77 804
77 78 815
78 77 815
78 83 947
83 78 947
83 84 129
84 83 129
83 84 440
84 83 440
