32

0 1 998
1 0 998
0 3 331
3 0 331
0 10 571
10 0 571
0 11 189
11 0 189
0 20 263
20 0 263
0 26 31
26 0 31
0 26 188
26 0 188
0 12 566
12 0 566
1 2 614
2 1 614
1 4 186
4 1 186
1 7 926
7 1 926
1 9 230
9 1 230
1 18 527
18 1 527
1 22 170
22 1 170
1 31 893
31 1 893
1 16 630
16 1 630
2 5 923
5 2 923
2 6 609
6 2 609
2 18 315
18 2 315
3 13 124
13 3 124
3 20 396
20 3 396
4 12 80
12 4 80
4 23 414
23 4 414
4 7 935
7 4 935
4 22 438
22 4 438
5 8 848
8 5 848
5 30 883
30 5 883
6 14 475
14 6 475
6 17 33
17 6 33
6 25 750
25 6 750
6 26 469
26 6 469
6 7 411
7 6 411
7 24 357
24 7 357
8 21 660
21 8 660
8 14 253
14 8 253
9 9 182
9 9 182
9 22 266
22 9 266
10 25 803
25 10 803
10 18 820
18 10 820
11 18 144
18 11 144
12 16 59
16 12 59
12 16 595
16 12 595
12 21 246
21 12 246
13 19 839
19 13 839
13 21 556
21 13 556
13 24 854
24 13 854
13 25 110
25 13 110
14 15 875
15 14 875
14 29 832
29 14 832
16 28 151
28 16 151
16 29 445
29 16 445
17 22 775
22 17 775
18 29 229
29 18 229
19 31 688
31 19 688
19 22 972
22 19 972
19 30 802
30 19 802
19 25 591
25 19 591
20 30 63
30 20 63
25 27 517
27 25 517
27 30 147
30 27 147
29 29 773
29 29 773
