63

0 1 325
1 0 325
0 18 745
18 0 745
0 25 253
25 0 253
0 31 236
31 0 236
0 46 193
46 0 193
0 40 865
40 0 865
0 44 92
44 0 92
0 2 35
2 0 35
0 57 699
57 0 699
0 26 140
26 0 140
0 16 425
16 0 425
1 2 114
2 1 114
1 7 546
7 1 546
1 8 678
8 1 678
1 15 905
15 1 905
1 13 487
13 1 487
1 18 82
18 1 82
1 33 995
33 1 995
1 42 349
42 1 349
2 3 514
3 2 514
2 4 101
4 2 101
2 24 280
24 2 280
2 18 587
18 2 587
2 54 763
54 2 763
2 58 743
58 2 743
2 60 389
60 2 389
2 45 265
45 2 265
2 44 62
44 2 62
3 5 431
5 3 431
3 19 795
19 3 795
3 44 950
44 3 950
3 56 102
56 3 102
3 56 253
56 3 253
3 42 72
42 3 72
3 26 102
26 3 102
3 3 772
3 3 772
3 37 119
37 3 119
3 38 472
38 3 472
3 5 691
5 3 691
3 5 932
5 3 932
4 21 958
21 4 958
4 37 605
37 4 605
4 52 430
52 4 430
4 44 305
44 4 305
4 24 35
24 4 35
4 50 387
50 4 387
4 15 55
15 4 55
5 6 528
6 5 528
5 11 70
11 5 70
5 12 473
12 5 473
5 8 118
8 5 118
6 9 762
9 6 762
6 10 632
10 6 632
6 17 815
17 6 815
6 38 654
38 6 654
6 8 599
8 6 599
7 14 803
14 7 803
7 13 313
13 7 313
7 46 632
46 7 632
7 59 571
59 7 571
7 45 549
45 7 549
8 62 203
62 8 203
8 44 82
44 8 82
8 49 600
49 8 600
9 16 277
16 9 277
9 39 417
39 9 417
9 23 259
23 9 259
9 58 229
58 9 229
9 26 872
26 9 872
9 29 424
29 9 424
10 12 202
12 10 202
10 13 824
13 10 824
10 15 345
15 10 345
10 38 656
38 10 656
11 23 238
23 11 238
11 32 992
32 11 992
11 54 874
54 11 874
11 32 352
32 11 352
11 23 434
23 11 434
11 31 320
31 11 320
11 51 184
51 11 184
12 47 267
47 12 267
12 58 433
58 12 433
12 31 943
31 12 943
12 61 757
61 12 757
13 56 971
56 13 971
13 29 830
29 13 830
13 34 82
34 13 82
13 42 843
42 13 843
14 22 65
22 14 65
14 29 357
29 14 357
14 33 863
33 14 863
14 20 213
20 14 213
14 46 50
46 14 50
14 33 216
33 14 216
15 36 189
36 15 189
16 20 442
20 16 442
16 34 531
34 16 531
16 29 784
29 16 784
16 33 36
33 16 36
16 47 891
47 16 891
16 20 492
20 16 492
16 40 964
40 16 964
17 27 501
27 17 501
17 35 727
35 17 727
17 50 34
50 17 34
17 55 412
55 17 412
17 33 467
33 17 467
18 30 508
30 18 508
18 29 445
29 18 445
18 27 846
27 18 846
19 39 108
39 19 108
19 45 671
45 19 671
19 59 659
59 19 659
19 54 180
54 19 180
19 44 826
44 19 826
19 57 132
57 19 132
20 62 375
62 20 375
20 33 600
33 20 600
21 48 6
48 21 6
21 57 51
57 21 51
22 26 141
26 22 141
22 59 348
59 22 348
22 29 768
29 22 768
23 28 220
28 23 220
23 58 743
58 23 743
25 49 89
49 25 89
25 53 336
53 25 336
25 38 466
38 25 466
25 43 185
43 25 185
25 29 776
29 25 776
27 43 477
43 27 477
27 59 297
59 27 297
28 30 630
30 28 630
28 47 97
47 28 97
28 51 555
51 28 555
28 46 185
46 28 185
29 53 775
53 29 775
29 37 711
37 29 711
29 55 151
55 29 151
31 41 54
41 31 54
31 56 983
56 31 983
31 58 385
58 31 385
32 44 660
44 32 660
32 53 633
53 32 633
32 41 151
41 32 151
33 57 358
57 33 358
33 59 459
59 33 459
33 51 704
51 33 704
34 42 731
42 34 731
34 58 438
58 34 438
36 40 458
40 36 458
36 49 110
49 36 110
36 54 945
54 36 945
36 61 827
61 36 827
37 61 70
61 37 70
37 50 980
50 37 980
37 53 319
53 37 319
38 39 598
39 38 598
38 41 428
41 38 428
39 39 112
39 39 112
39 40 129
40 39 129
39 47 893
47 39 893
39 61 981
61 39 981
40 62 522
62 40 522
40 51 215
51 40 215
41 57 457
57 41 457
44 51 816
51 44 816
45 56 925
56 45 925
47 48 517
48 47 517
48 53 622
53 48 622
48 48 413
48 48 413
48 53 982
53 48 982
54 60 482
60 54 482
