94

0 1 128
1 0 128
0 3 190
3 0 190
0 4 731
4 0 731
0 7 448
7 0 448
0 8 93
8 0 93
0 14 263
14 0 263
0 21 657
21 0 657
0 36 812
36 0 812
0 49 18
49 0 18
0 67 106
67 0 106
0 68 672
68 0 672
0 16 410
16 0 410
0 76 459
76 0 459
0 54 360
54 0 360
0 77 651
77 0 651
0 91 517
91 0 517
0 92 124
92 0 124
0 53 727
53 0 727
0 46 657
46 0 657
0 40 413
40 0 413
0 59 666
59 0 666
0 15 857
15 0 857
0 91 788
91 0 788
0 53 289
53 0 289
0 4 157
4 0 157
0 65 819
65 0 819
0 20 739
20 0 739
0 80 572
80 0 572
0 83 712
83 0 712
0 39 620
39 0 620
0 86 951
86 0 951
0 57 195
57 0 195
1 2 896
2 1 896
1 13 230
13 1 230
1 48 411
48 1 411
1 63 180
63 1 180
1 91 317
91 1 317
1 26 568
26 1 568
1 37 191
37 1 191
1 50 80
50 1 80
1 42 486
42 1 486
1 49 790
49 1 790
1 30 343
30 1 343
1 49 288
49 1 288
1 85 558
85 1 558
1 2 564
2 1 564
1 20 241
20 1 241
1 8 758
8 1 758
1 90 580
90 1 580
1 60 198
60 1 198
1 80 455
80 1 455
1 29 620
29 1 620
1 68 223
68 1 223
1 65 982
65 1 982
1 36 507
36 1 507
1 13 439
13 1 439
2 9 146
9 2 146
2 41 736
41 2 736
2 7 621
7 2 621
2 85 67
85 2 67
2 85 554
85 2 554
2 87 67
87 2 67
2 87 653
87 2 653
2 19 929
19 2 929
2 54 640
54 2 640
2 38 663
38 2 663
2 56 147
56 2 147
2 37 64
37 2 64
2 75 917
75 2 917
2 33 875
33 2 875
2 26 158
26 2 158
2 51 116
51 2 116
3 5 981
5 3 981
3 15 650
15 3 650
3 23 496
23 3 496
3 55 685
55 3 685
3 91 224
91 3 224
3 35 768
35 3 768
3 23 16
23 3 16
3 54 608
54 3 608
3 14 430
14 3 430
3 26 27
26 3 27
3 26 351
26 3 351
3 19 355
19 3 355
3 81 522
81 3 522
3 21 847
21 3 847
3 14 546
14 3 546
3 31 923
31 3 923
3 43 549
43 3 549
3 63 618
63 3 618
3 24 348
24 3 348
3 8 745
8 3 745
3 76 252
76 3 252
3 77 502
77 3 502
4 31 709
31 4 709
4 87 708
87 4 708
4 65 323
65 4 323
4 13 717
13 4 717
4 69 309
69 4 309
4 67 774
67 4 774
4 32 903
32 4 903
4 78 560
78 4 560
4 61 585
61 4 585
4 80 799
80 4 799
4 75 197
75 4 197
4 44 662
44 4 662
4 45 86
45 4 86
4 30 728
30 4 728
4 58 240
58 4 240
4 51 945
51 4 945
4 7 871
7 4 871
4 37 941
37 4 941
4 63 126
63 4 126
4 52 278
52 4 278
4 69 17
69 4 17
4 43 340
43 4 340
4 84 424
84 4 424
4 84 739
84 4 739
5 6 799
6 5 799
5 27 24
27 5 24
5 26 167
26 5 167
5 30 238
30 5 238
5 11 116
11 5 116
5 60 785
60 5 785
5 30 185
30 5 185
5 33 947
33 5 947
5 34 166
34 5 166
5 44 690
44 5 690
5 59 417
59 5 417
5 17 594
17 5 594
5 13 631
13 5 631
5 57 193
57 5 193
5 35 957
35 5 957
5 6 697
6 5 697
5 64 162
64 5 162
6 10 252
10 6 252
6 12 382
12 6 382
6 24 554
24 6 554
6 28 32
28 6 32
6 45 679
45 6 679
6 84 818
84 6 818
6 51 921
51 6 921
6 62 503
62 6 503
6 27 360
27 6 360
6 65 311
65 6 311
6 8 687
8 6 687
6 50 983
50 6 983
6 21 354
21 6 354
6 17 861
17 6 861
6 16 62
16 6 62
6 81 838
81 6 838
6 81 745
81 6 745
6 82 139
82 6 139
6 53 879
53 6 879
6 90 814
90 6 814
6 80 176
80 6 176
6 82 711
82 6 711
6 31 968
31 6 968
6 41 997
41 6 997
6 67 530
67 6 530
6 80 601
80 6 601
7 11 989
11 7 989
7 85 701
85 7 701
7 68 417
68 7 417
7 39 492
39 7 492
7 42 118
42 7 118
7 51 75
51 7 75
7 22 287
22 7 287
7 23 507
23 7 507
7 42 368
42 7 368
7 18 705
18 7 705
7 88 815
88 7 815
7 59 695
59 7 695
7 60 547
60 7 547
7 92 965
92 7 965
7 48 560
48 7 560
7 11 748
11 7 748
7 53 773
53 7 773
7 93 995
93 7 995
7 48 772
48 7 772
7 72 781
72 7 781
8 34 794
34 8 794
8 44 164
44 8 164
8 59 953
59 8 953
8 61 700
61 8 700
8 40 944
40 8 944
8 45 825
45 8 825
8 24 986
24 8 986
8 68 503
68 8 503
8 24 387
24 8 387
8 25 378
25 8 378
8 89 362
89 8 362
8 19 170
19 8 170
8 80 947
80 8 947
8 10 668
10 8 668
8 43 209
43 8 209
8 48 314
48 8 314
8 67 866
67 8 866
8 18 291
18 8 291
8 84 147
84 8 147
8 34 66
34 8 66
8 34 353
34 8 353
9 70 714
70 9 714
9 52 368
52 9 368
9 54 980
54 9 980
9 68 424
68 9 424
9 46 638
46 9 638
9 67 43
67 9 43
9 50 969
50 9 969
9 16 198
16 9 198
9 60 908
60 9 908
9 9 998
9 9 998
9 87 439
87 9 439
9 52 661
52 9 661
9 49 279
49 9 279
9 31 697
31 9 697
9 84 297
84 9 297
9 64 992
64 9 992
9 38 276
38 9 276
10 20 795
20 10 795
10 25 506
25 10 506
10 88 84
88 10 84
10 58 388
58 10 388
10 46 756
46 10 756
10 79 880
79 10 880
10 15 252
15 10 252
10 76 758
76 10 758
10 91 991
91 10 991
10 55 809
55 10 809
10 83 335
83 10 335
10 48 510
48 10 510
10 87 30
87 10 30
10 68 870
68 10 870
10 25 37
25 10 37
10 70 849
70 10 849
10 79 612
79 10 612
11 16 889
16 11 889
11 22 676
22 11 676
11 79 978
79 11 978
11 26 84
26 11 84
11 38 913
38 11 913
11 34 71
34 11 71
11 81 743
81 11 743
11 45 339
45 11 339
11 59 584
59 11 584
11 77 982
77 11 982
11 24 542
24 11 542
11 62 637
62 11 637
11 84 618
84 11 618
11 66 993
66 11 993
11 37 566
37 11 566
11 77 792
77 11 792
11 49 617
49 11 617
11 52 185
52 11 185
12 17 233
17 12 233
12 19 682
19 12 682
12 33 468
33 12 468
12 36 378
36 12 378
12 65 160
65 12 160
12 28 729
28 12 729
12 89 231
89 12 231
12 61 863
61 12 863
12 30 610
30 12 610
12 59 733
59 12 733
12 62 881
62 12 881
12 66 744
66 12 744
12 52 470
52 12 470
12 56 182
56 12 182
12 16 37
16 12 37
12 87 281
87 12 281
12 88 153
88 12 153
12 25 211
25 12 211
12 55 18
55 12 18
12 89 983
89 12 983
12 86 347
86 12 347
13 18 17
18 13 17
13 80 488
80 13 488
13 15 224
15 13 224
13 46 798
46 13 798
13 35 192
35 13 192
13 37 486
37 13 486
13 56 887
56 13 887
13 13 943
13 13 943
13 47 806
47 13 806
13 76 600
76 13 600
13 74 972
74 13 972
13 42 106
42 13 106
13 37 971
37 13 971
13 73 18
73 13 18
13 18 632
18 13 632
13 78 96
78 13 96
13 42 962
42 13 962
13 73 234
73 13 234
13 35 346
35 13 346
13 92 811
92 13 811
13 32 260
32 13 260
13 15 25
15 13 25
14 38 984
38 14 984
14 91 327
91 14 327
14 35 702
35 14 702
14 87 712
87 14 712
14 65 987
65 14 987
14 71 289
71 14 289
14 21 481
21 14 481
14 19 910
19 14 910
14 17 374
17 14 374
14 43 568
43 14 568
14 23 449
23 14 449
15 51 545
51 15 545
15 57 414
57 15 414
15 65 895
65 15 895
15 58 609
58 15 609
15 61 413
61 15 413
15 86 626
86 15 626
15 58 140
58 15 140
15 83 775
83 15 775
15 40 310
40 15 310
15 74 919
74 15 919
15 17 154
17 15 154
15 34 807
34 15 807
15 18 255
18 15 255
15 64 888
64 15 888
15 35 590
35 15 590
15 57 384
57 15 384
15 77 278
77 15 278
15 42 141
42 15 141
15 58 148
58 15 148
15 19 578
19 15 578
15 70 915
70 15 915
15 20 608
20 15 608
15 78 478
78 15 478
15 27 224
27 15 224
15 23 995
23 15 995
15 88 389
88 15 389
15 16 463
16 15 463
15 71 469
71 15 469
16 78 941
78 16 941
16 90 845
90 16 845
16 86 863
86 16 863
16 83 44
83 16 44
16 39 364
39 16 364
16 26 147
26 16 147
16 62 429
62 16 429
16 79 455
79 16 455
16 23 803
23 16 803
16 43 480
43 16 480
16 58 838
58 16 838
16 51 131
51 16 131
16 60 587
60 16 587
17 29 229
29 17 229
17 86 878
86 17 878
17 75 996
75 17 996
17 32 503
32 17 503
17 25 168
25 17 168
17 31 521
31 17 521
17 82 244
82 17 244
17 85 622
85 17 622
17 47 311
47 17 311
17 89 453
89 17 453
17 51 695
51 17 695
17 85 129
85 17 129
17 52 799
52 17 799
17 56 109
56 17 109
17 54 597
54 17 597
17 24 961
24 17 961
17 87 236
87 17 236
17 91 188
91 17 188
17 46 764
46 17 764
17 39 378
39 17 378
18 32 359
32 18 359
18 68 882
68 18 882
18 35 207
35 18 207
18 80 861
80 18 861
18 27 19
27 18 19
18 61 631
61 18 631
18 82 510
82 18 510
18 27 768
27 18 768
18 27 994
27 18 994
18 19 919
19 18 919
18 53 463
53 18 463
18 29 444
29 18 444
18 43 49
43 18 49
18 39 626
39 18 626
18 65 968
65 18 968
18 32 661
32 18 661
18 47 754
47 18 754
18 88 915
88 18 915
18 54 76
54 18 76
18 51 359
51 18 359
18 66 864
66 18 864
19 57 770
57 19 770
19 92 181
92 19 181
19 29 320
29 19 320
19 48 434
48 19 434
19 77 427
77 19 427
19 22 186
22 19 186
19 62 800
62 19 800
19 23 477
23 19 477
19 53 934
53 19 934
19 45 908
45 19 908
19 40 842
40 19 842
19 54 572
54 19 572
19 34 958
34 19 958
20 26 782
26 20 782
20 65 914
65 20 914
20 26 211
26 20 211
20 80 709
80 20 709
20 34 618
34 20 618
20 93 176
93 20 176
20 75 286
75 20 286
20 68 642
68 20 642
20 31 792
31 20 792
20 83 45
83 20 45
20 61 852
61 20 852
20 90 915
90 20 915
20 78 345
78 20 345
20 41 467
41 20 467
20 39 326
39 20 326
21 40 148
40 21 148
21 50 292
50 21 292
21 59 173
59 21 173
21 56 922
56 21 922
21 69 179
69 21 179
21 25 104
25 21 104
21 60 698
60 21 698
21 81 583
81 21 583
21 86 924
86 21 924
21 45 897
45 21 897
21 86 511
86 21 511
21 30 332
30 21 332
21 47 348
47 21 348
21 26 554
26 21 554
21 85 564
85 21 564
21 65 924
65 21 924
21 62 457
62 21 457
21 35 463
35 21 463
21 39 309
39 21 309
21 43 21
43 21 21
21 39 547
39 21 547
22 53 501
53 22 501
22 27 170
27 22 170
22 33 311
33 22 311
22 36 18
36 22 18
22 85 604
85 22 604
22 91 791
91 22 791
22 41 457
41 22 457
22 76 215
76 22 215
22 91 106
91 22 106
22 92 277
92 22 277
22 62 315
62 22 315
22 48 87
48 22 87
22 38 328
38 22 328
22 55 203
55 22 203
22 67 503
67 22 503
23 44 271
44 23 271
23 62 353
62 23 353
23 74 682
74 23 682
23 48 996
48 23 996
23 32 32
32 23 32
23 80 696
80 23 696
23 45 525
45 23 525
23 30 276
30 23 276
23 88 507
88 23 507
23 33 527
33 23 527
23 47 607
47 23 607
23 50 641
50 23 641
24 30 209
30 24 209
24 52 277
52 24 277
24 73 505
73 24 505
24 65 848
65 24 848
24 45 58
45 24 58
24 39 129
39 24 129
24 51 994
51 24 994
24 28 995
28 24 995
24 80 923
80 24 923
24 63 90
63 24 90
24 35 890
35 24 890
24 68 53
68 24 53
24 36 869
36 24 869
24 39 911
39 24 911
24 38 946
38 24 946
25 71 711
71 25 711
25 68 470
68 25 470
25 70 152
70 25 152
25 51 132
51 25 132
25 43 769
43 25 769
25 88 983
88 25 983
25 54 65
54 25 65
25 48 53
48 25 53
25 54 579
54 25 579
25 40 274
40 25 274
25 56 410
56 25 410
26 85 49
85 26 49
26 31 277
31 26 277
26 47 794
47 26 794
26 61 810
61 26 810
26 45 875
45 26 875
26 64 268
64 26 268
26 81 192
81 26 192
26 29 402
29 26 402
26 93 805
93 26 805
26 53 699
53 26 699
26 89 842
89 26 842
26 57 594
57 26 594
26 58 651
58 26 651
26 26 104
26 26 104
26 30 71
30 26 71
26 56 693
56 26 693
27 40 69
40 27 69
27 78 979
78 27 979
27 46 161
46 27 161
27 80 684
80 27 684
27 61 141
61 27 141
27 86 756
86 27 756
27 71 929
71 27 929
27 30 37
30 27 37
27 35 471
35 27 471
27 74 343
74 27 343
28 71 306
71 28 306
28 75 511
75 28 511
28 78 978
78 28 978
28 66 602
66 28 602
28 85 632
85 28 632
28 33 997
33 28 997
28 81 593
81 28 593
28 50 392
50 28 392
28 54 837
54 28 837
28 76 279
76 28 279
28 57 862
57 28 862
29 37 885
37 29 885
29 42 80
42 29 80
29 65 235
65 29 235
29 72 306
72 29 306
29 56 379
56 29 379
29 64 382
64 29 382
29 75 904
75 29 904
29 55 497
55 29 497
29 49 827
49 29 827
29 53 812
53 29 812
29 36 115
36 29 115
29 67 18
67 29 18
29 87 984
87 29 984
30 89 672
89 30 672
30 33 703
33 30 703
30 90 990
90 30 990
30 43 938
43 30 938
30 58 466
58 30 466
30 69 131
69 30 131
30 48 417
48 30 417
30 38 319
38 30 319
30 63 213
63 30 213
30 48 912
48 30 912
30 63 407
63 30 407
30 32 616
32 30 616
30 45 753
45 30 753
30 74 831
74 30 831
31 35 255
35 31 255
31 46 250
46 31 250
31 91 853
91 31 853
31 93 420
93 31 420
31 59 333
59 31 333
31 41 23
41 31 23
31 44 30
44 31 30
31 75 658
75 31 658
31 78 905
78 31 905
31 41 70
41 31 70
31 44 581
44 31 581
31 75 895
75 31 895
31 33 365
33 31 365
32 54 587
54 32 587
32 63 383
63 32 383
32 70 581
70 32 581
32 76 154
76 32 154
32 81 252
81 32 252
32 49 897
49 32 897
32 81 500
81 32 500
32 91 144
91 32 144
33 63 656
63 33 656
33 85 481
85 33 481
33 73 79
73 33 79
33 93 482
93 33 482
33 57 929
57 33 929
33 53 639
53 33 639
33 66 598
66 33 598
33 78 475
78 33 475
33 56 166
56 33 166
33 50 173
50 33 173
33 50 124
50 33 124
33 82 477
82 33 477
33 46 818
46 33 818
33 85 869
85 33 869
34 48 75
48 34 75
34 43 102
43 34 102
34 48 329
48 34 329
34 45 143
45 34 143
34 73 426
73 34 426
34 83 73
83 34 73
34 63 697
63 34 697
34 39 519
39 34 519
34 49 956
49 34 956
34 41 856
41 34 856
35 61 539
61 35 539
35 66 359
66 35 359
35 44 846
44 35 846
35 44 245
44 35 245
35 93 118
93 35 118
35 80 112
80 35 112
35 65 656
65 35 656
35 61 674
61 35 674
35 89 386
89 35 386
35 88 536
88 35 536
35 35 165
35 35 165
35 76 348
76 35 348
36 64 925
64 36 925
36 87 327
87 36 327
36 51 232
51 36 232
36 72 477
72 36 477
36 46 284
46 36 284
36 71 222
71 36 222
36 82 408
82 36 408
36 90 385
90 36 385
36 44 601
44 36 601
37 39 957
39 37 957
37 65 226
65 37 226
37 65 329
65 37 329
37 91 932
91 37 932
37 53 875
53 37 875
37 60 555
60 37 555
37 63 729
63 37 729
37 66 1
66 37 1
38 56 100
56 38 100
38 52 940
52 38 940
38 91 63
91 38 63
38 50 381
50 38 381
38 76 227
76 38 227
38 80 12
80 38 12
38 93 279
93 38 279
38 89 270
89 38 270
38 68 552
68 38 552
38 48 950
48 38 950
38 56 96
56 38 96
38 59 519
59 38 519
38 51 91
51 38 91
38 63 579
63 38 579
39 43 217
43 39 217
39 76 247
76 39 247
39 86 760
86 39 760
39 47 249
47 39 249
39 83 833
83 39 833
39 50 169
50 39 169
39 90 302
90 39 302
39 46 191
46 39 191
39 40 187
40 39 187
39 68 615
68 39 615
39 47 979
47 39 979
39 92 934
92 39 934
40 46 335
46 40 335
40 79 145
79 40 145
40 68 805
68 40 805
40 56 513
56 40 513
40 76 904
76 40 904
40 50 936
50 40 936
40 62 650
62 40 650
40 43 545
43 40 545
41 47 49
47 41 49
41 77 871
77 41 871
41 87 567
87 41 567
41 66 317
66 41 317
41 65 830
65 41 830
41 76 111
76 41 111
42 72 458
72 42 458
42 80 294
80 42 294
42 46 814
46 42 814
42 61 619
61 42 619
42 58 400
58 42 400
42 77 377
77 42 377
42 50 90
50 42 90
42 75 29
75 42 29
42 81 121
81 42 121
43 67 424
67 43 424
43 50 514
50 43 514
43 92 450
92 43 450
43 56 627
56 43 627
43 53 143
53 43 143
43 48 287
48 43 287
43 71 231
71 43 231
44 82 991
82 44 991
44 75 722
75 44 722
44 55 410
55 44 410
44 44 322
44 44 322
44 65 127
65 44 127
44 76 541
76 44 541
44 69 882
69 44 882
44 68 673
68 44 673
44 70 590
70 44 590
44 45 525
45 44 525
45 64 313
64 45 313
45 56 402
56 45 402
45 66 382
66 45 382
45 48 489
48 45 489
45 63 40
63 45 40
45 49 420
49 45 420
45 79 566
79 45 566
45 79 949
79 45 949
45 57 807
57 45 807
45 67 48
67 45 48
46 87 524
87 46 524
46 64 840
64 46 840
46 53 556
53 46 556
46 90 464
90 46 464
46 71 259
71 46 259
46 72 825
72 46 825
46 62 239
62 46 239
47 70 124
70 47 124
47 59 811
59 47 811
47 89 837
89 47 837
47 84 764
84 47 764
47 85 878
85 47 878
47 48 352
48 47 352
47 91 109
91 47 109
47 60 238
60 47 238
47 54 806
54 47 806
47 70 693
70 47 693
47 50 206
50 47 206
48 60 871
60 48 871
48 61 590
61 48 590
48 71 395
71 48 395
48 49 211
49 48 211
48 61 890
61 48 890
48 55 521
55 48 521
48 86 322
86 48 322
48 91 2
91 48 2
48 49 472
49 48 472
48 89 339
89 48 339
48 77 277
77 48 277
48 54 203
54 48 203
49 86 754
86 49 754
49 87 304
87 49 304
49 67 769
67 49 769
49 68 516
68 49 516
49 62 870
62 49 870
49 57 386
57 49 386
49 91 639
91 49 639
49 91 906
91 49 906
49 71 511
71 49 511
49 68 477
68 49 477
49 66 981
66 49 981
50 82 293
82 50 293
50 53 502
53 50 502
50 50 538
50 50 538
50 57 119
57 50 119
51 65 701
65 51 701
51 70 317
70 51 317
51 64 584
64 51 584
51 72 38
72 51 38
51 58 983
58 51 983
51 63 402
63 51 402
51 54 276
54 51 276
51 83 299
83 51 299
52 58 834
58 52 834
52 88 520
88 52 520
52 91 11
91 52 11
52 54 756
54 52 756
52 57 534
57 52 534
52 74 98
74 52 98
52 55 965
55 52 965
52 77 303
77 52 303
53 62 774
62 53 774
53 89 533
89 53 533
53 69 2
69 53 2
53 64 585
64 53 585
53 70 527
70 53 527
53 60 382
60 53 382
53 55 196
55 53 196
53 87 980
87 53 980
53 62 810
62 53 810
53 77 713
77 53 713
54 75 13
75 54 13
54 84 581
84 54 581
54 74 882
74 54 882
54 62 442
62 54 442
54 61 396
61 54 396
54 68 997
68 54 997
54 83 17
83 54 17
54 82 919
82 54 919
55 70 320
70 55 320
55 73 140
73 55 140
55 59 919
59 55 919
55 73 29
73 55 29
55 80 188
80 55 188
55 75 956
75 55 956
55 63 744
63 55 744
55 64 526
64 55 526
56 76 374
76 56 374
56 74 899
74 56 899
56 59 709
59 56 709
56 56 710
56 56 710
56 57 121
57 56 121
56 57 546
57 56 546
56 59 149
59 56 149
56 67 837
67 56 837
56 59 609
59 56 609
57 62 522
62 57 522
57 82 863
82 57 863
57 93 144
93 57 144
57 72 555
72 57 555
57 89 178
89 57 178
57 89 959
89 57 959
57 85 145
85 57 145
57 80 435
80 57 435
57 83 236
83 57 236
58 65 572
65 58 572
58 74 117
74 58 117
58 64 193
64 58 193
58 83 753
83 58 753
58 83 258
83 58 258
58 89 941
89 58 941
58 65 786
65 58 786
58 76 386
76 58 386
58 81 273
81 58 273
58 91 195
91 58 195
59 73 51
73 59 51
59 77 869
77 59 869
59 65 512
65 59 512
59 77 502
77 59 502
59 66 57
66 59 57
59 93 806
93 59 806
59 68 755
68 59 755
59 81 217
81 59 217
60 73 265
73 60 265
60 83 540
83 60 540
60 89 986
89 60 986
61 81 124
81 61 124
61 77 839
77 61 839
61 65 320
65 61 320
61 78 817
78 61 817
61 91 649
91 61 649
61 79 131
79 61 131
61 83 704
83 61 704
61 79 933
79 61 933
62 74 133
74 62 133
62 74 53
74 62 53
62 93 895
93 62 895
62 89 428
89 62 428
62 73 978
73 62 978
62 93 253
93 62 253
62 87 677
87 62 677
63 74 775
74 63 775
63 69 680
69 63 680
63 91 270
91 63 270
64 84 8
84 64 8
64 66 261
66 64 261
64 80 762
80 64 762
64 75 449
75 64 449
64 93 953
93 64 953
64 66 723
66 64 723
64 89 350
89 64 350
64 76 943
76 64 943
65 66 692
66 65 692
65 77 337
77 65 337
66 69 11
69 66 11
66 92 563
92 66 563
66 93 892
93 66 892
66 70 238
70 66 238
66 89 63
89 66 63
66 82 392
82 66 392
66 82 149
82 66 149
66 74 892
74 66 892
67 75 15
75 67 15
67 92 120
92 67 120
67 73 431
73 67 431
67 93 513
93 67 513
67 75 385
75 67 385
67 85 842
85 67 842
68 82 867
82 68 867
68 80 199
80 68 199
68 81 917
81 68 917
68 90 774
90 68 774
68 74 344
74 68 344
68 81 86
81 68 86
68 73 576
73 68 576
69 78 491
78 69 491
69 77 505
77 69 505
69 87 802
87 69 802
69 91 631
91 69 631
69 85 475
85 69 475
70 79 804
79 70 804
70 87 299
87 70 299
70 71 25
71 70 25
70 70 575
70 70 575
70 70 72
70 70 72
70 89 261
89 70 261
70 83 753
83 70 753
71 91 40
91 71 40
71 93 588
93 71 588
71 73 267
73 71 267
71 80 562
80 71 562
72 88 462
88 72 462
72 72 753
72 72 753
72 91 679
91 72 679
72 74 587
74 72 587
72 82 628
82 72 628
72 75 391
75 72 391
72 80 506
80 72 506
72 92 964
92 72 964
72 76 991
76 72 991
72 73 29
73 72 29
73 80 431
80 73 431
73 78 650
78 73 650
73 75 221
75 73 221
74 83 755
83 74 755
75 85 363
85 75 363
75 87 805
87 75 805
75 89 116
89 75 116
75 84 977
84 75 977
75 79 19
79 75 19
76 92 124
92 76 124
77 80 208
80 77 208
77 91 708
91 77 708
77 93 119
93 77 119
77 85 451
85 77 451
77 92 642
92 77 642
78 82 413
82 78 413
79 83 134
83 79 134
79 86 378
86 79 378
79 87 393
87 79 393
79 91 778
91 79 778
80 85 983
85 80 983
80 86 108
86 80 108
81 83 1
83 81 1
81 87 801
87 81 801
81 86 609
86 81 609
81 84 814
84 81 814
82 84 282
84 82 282
82 83 123
83 82 123
82 86 66
86 82 66
83 92 943
92 83 943
83 92 543
92 83 543
83 88 236
88 83 236
84 93 893
93 84 893
85 87 685
87 85 685
85 93 446
93 85 446
87 88 375
88 87 375
87 93 615
93 87 615
88 89 972
89 88 972
90 92 263
92 90 263
91 93 5
93 91 5
