97

0 1 902
1 0 902
0 2 222
2 0 222
0 9 222
9 0 222
0 10 44
10 0 44
0 16 461
16 0 461
0 41 644
41 0 644
1 28 571
28 1 571
1 77 917
77 1 917
2 3 352
3 2 352
2 4 152
4 2 152
2 5 19
5 2 19
2 11 180
11 2 180
2 61 587
61 2 587
3 6 363
6 3 363
3 7 496
7 3 496
3 14 460
14 3 460
3 47 720
47 3 720
3 49 355
49 3 355
3 59 207
59 3 207
3 66 766
66 3 766
3 90 865
90 3 865
4 15 207
15 4 207
4 25 823
25 4 823
5 8 975
8 5 975
6 12 719
12 6 719
6 13 552
13 6 552
6 24 1
24 6 1
6 34 67
34 6 67
7 18 507
18 7 507
7 69 515
69 7 515
7 87 855
87 7 855
8 22 942
22 8 942
8 60 761
60 8 761
10 20 873
20 10 873
10 50 686
50 10 686
10 67 609
67 10 609
10 73 684
73 10 684
10 80 97
80 10 97
11 27 532
27 11 532
11 58 230
58 11 230
11 96 448
96 11 448
12 36 523
36 12 523
12 64 515
64 12 515
13 33 31
33 13 31
13 71 520
71 13 520
14 46 482
46 14 482
15 21 951
21 15 951
16 17 171
17 16 171
17 29 794
29 17 794
17 38 473
38 17 473
17 40 320
40 17 320
17 74 195
74 17 195
18 19 46
19 18 46
18 23 783
23 18 783
18 32 27
32 18 27
19 76 552
76 19 552
19 72 895
72 19 895
20 82 373
82 20 373
20 67 558
67 20 558
20 23 172
23 20 172
21 56 690
56 21 690
21 63 253
63 21 253
21 95 444
95 21 444
22 31 475
31 22 475
22 75 418
75 22 418
22 33 127
33 22 127
23 68 460
68 23 460
24 26 822
26 24 822
24 30 574
30 24 574
25 62 735
62 25 735
26 37 159
37 26 159
27 39 274
39 27 274
28 45 697
45 28 697
29 54 657
54 29 657
30 42 820
42 30 820
30 53 602
53 30 602
31 35 314
35 31 314
31 52 708
52 31 708
33 35 271
35 33 271
34 43 194
43 34 194
34 86 58
86 34 58
35 92 170
92 35 170
35 50 871
50 35 871
36 57 376
57 36 376
37 83 273
83 37 273
38 44 941
44 38 941
39 89 641
89 39 641
39 57 383
57 39 383
39 81 872
81 39 872
40 51 976
51 40 976
42 51 162
51 42 162
44 48 382
48 44 382
45 71 833
71 45 833
45 81 817
81 45 817
46 70 695
70 46 695
47 65 273
65 47 273
47 79 974
79 47 974
49 55 686
55 49 686
55 72 405
72 55 405
55 88 590
88 55 590
57 93 806
93 57 806
58 78 161
78 58 161
58 69 788
69 58 788
61 94 346
94 61 346
61 73 968
73 61 968
71 84 413
84 71 413
75 89 520
89 75 520
78 85 103
85 78 103
82 91 475
91 82 475
87 88 959
88 87 959
