80

0 1 77
1 0 77
0 2 473
2 0 473
0 13 17
13 0 17
0 70 989
70 0 989
0 62 132
62 0 132
0 3 821
3 0 821
1 3 260
3 1 260
1 4 46
4 1 46
1 47 204
47 1 204
1 14 777
14 1 777
1 35 447
35 1 447
1 6 989
6 1 989
1 63 525
63 1 525
1 35 532
35 1 532
2 9 499
9 2 499
2 12 787
12 2 787
2 63 84
63 2 84
2 76 794
76 2 794
2 19 28
19 2 28
2 79 300
79 2 300
2 22 78
22 2 78
2 71 428
71 2 428
2 16 553
16 2 553
3 5 300
5 3 300
3 15 542
15 3 542
3 28 672
28 3 672
3 34 190
34 3 190
3 36 906
36 3 906
3 70 948
70 3 948
3 17 982
17 3 982
3 30 16
30 3 16
3 65 283
65 3 283
3 77 710
77 3 710
3 3 380
3 3 380
3 27 157
27 3 157
3 49 219
49 3 219
4 6 138
6 4 138
4 74 700
74 4 700
4 78 69
78 4 69
4 48 446
48 4 446
4 37 480
37 4 480
4 21 574
21 4 574
5 7 110
7 5 110
5 10 737
10 5 737
5 63 511
63 5 511
5 12 999
12 5 999
5 20 574
20 5 574
5 79 609
79 5 609
5 21 840
21 5 840
5 71 630
71 5 630
6 8 734
8 6 734
6 11 443
11 6 443
6 19 758
19 6 758
6 29 433
29 6 433
6 43 977
43 6 977
6 48 522
48 6 522
6 44 108
44 6 108
6 30 235
30 6 235
7 22 661
22 7 661
7 24 636
24 7 636
7 26 13
26 7 13
7 65 680
65 7 680
7 22 533
22 7 533
7 30 268
30 7 268
7 79 528
79 7 528
8 17 210
17 8 210
8 40 854
40 8 854
8 34 779
34 8 779
8 48 341
48 8 341
8 77 585
77 8 585
8 25 503
25 8 503
8 33 59
33 8 59
8 37 907
37 8 907
9 14 337
14 9 337
9 44 474
44 9 474
9 72 354
72 9 354
9 15 41
15 9 41
10 71 176
71 10 176
10 27 876
27 10 876
10 71 35
71 10 35
10 59 37
59 10 37
11 23 412
23 11 412
11 37 795
37 11 795
11 76 373
76 11 373
11 37 358
37 11 358
11 33 999
33 11 999
11 46 997
46 11 997
11 24 845
24 11 845
12 21 332
21 12 332
12 35 48
35 12 48
12 75 204
75 12 204
12 52 416
52 12 416
12 47 640
47 12 640
12 70 16
70 12 16
12 56 328
56 12 328
13 16 940
16 13 940
13 18 189
18 13 189
13 30 127
30 13 127
13 59 438
59 13 438
13 51 121
51 13 121
13 22 360
22 13 360
14 20 829
20 14 829
14 51 614
51 14 614
14 34 795
34 14 795
15 21 202
21 15 202
15 77 856
77 15 856
16 59 632
59 16 632
16 61 667
61 16 667
16 58 695
58 16 695
16 38 531
38 16 531
16 50 520
50 16 520
16 67 301
67 16 301
17 58 274
58 17 274
17 70 987
70 17 987
17 64 40
64 17 40
17 54 665
54 17 665
17 54 207
54 17 207
17 35 72
35 17 72
17 79 379
79 17 379
17 20 1000
20 17 1000
18 27 471
27 18 471
18 57 65
57 18 65
18 60 811
60 18 811
19 32 944
32 19 944
19 60 907
60 19 907
19 51 870
51 19 870
19 77 891
77 19 891
19 22 207
22 19 207
20 77 936
77 20 936
20 61 49
61 20 49
20 68 877
68 20 877
20 70 422
70 20 422
20 47 277
47 20 277
21 54 704
54 21 704
21 62 877
62 21 877
21 48 415
48 21 415
21 57 708
57 21 708
21 55 920
55 21 920
21 75 362
75 21 362
22 50 233
50 22 233
22 34 904
34 22 904
22 39 157
39 22 157
23 62 397
62 23 397
23 79 5
79 23 5
23 39 845
39 23 845
24 25 946
25 24 946
24 33 628
33 24 628
24 60 126
60 24 126
24 55 311
55 24 311
24 26 684
26 24 684
24 48 286
48 24 286
25 31 786
31 25 786
25 51 750
51 25 750
25 67 120
67 25 120
25 55 113
55 25 113
25 53 366
53 25 366
25 48 865
48 25 865
25 73 432
73 25 432
25 78 701
78 25 701
26 38 659
38 26 659
26 49 617
49 26 617
26 52 471
52 26 471
26 60 992
60 26 992
26 47 602
47 26 602
27 35 67
35 27 67
27 79 989
79 27 989
27 54 492
54 27 492
27 69 972
69 27 972
28 64 76
64 28 76
28 31 255
31 28 255
28 67 459
67 28 459
29 44 208
44 29 208
29 64 509
64 29 509
29 44 137
44 29 137
30 41 362
41 30 362
30 45 330
45 30 330
30 61 482
61 30 482
30 66 854
66 30 854
30 48 76
48 30 76
30 56 612
56 30 612
31 46 256
46 31 256
31 77 812
77 31 812
31 46 873
46 31 873
31 57 951
57 31 951
32 60 570
60 32 570
32 76 75
76 32 75
32 62 824
62 32 824
32 38 503
38 32 503
32 76 782
76 32 782
32 60 971
60 32 971
33 42 457
42 33 457
33 71 487
71 33 487
33 63 118
63 33 118
33 62 379
62 33 379
34 69 402
69 34 402
34 79 301
79 34 301
34 70 291
70 34 291
34 36 18
36 34 18
34 48 168
48 34 168
35 39 17
39 35 17
35 46 793
46 35 793
36 48 270
48 36 270
36 75 230
75 36 230
37 46 358
46 37 358
37 78 885
78 37 885
37 37 380
37 37 380
37 49 447
49 37 447
37 70 82
70 37 82
38 76 625
76 38 625
38 46 774
46 38 774
38 70 169
70 38 169
39 55 980
55 39 980
39 76 459
76 39 459
39 59 756
59 39 756
39 58 30
58 39 30
39 55 897
55 39 897
40 48 78
48 40 78
40 45 247
45 40 247
41 77 465
77 41 465
42 75 707
75 42 707
42 62 220
62 42 220
44 65 620
65 44 620
44 65 243
65 44 243
44 77 401
77 44 401
44 49 345
49 44 345
45 58 730
58 45 730
45 45 114
45 45 114
45 71 920
71 45 920
45 78 427
78 45 427
46 56 128
56 46 128
46 72 568
72 46 568
46 52 575
52 46 575
46 75 629
75 46 629
47 64 867
64 47 867
47 64 413
64 47 413
47 51 558
51 47 558
48 51 569
51 48 569
50 74 512
74 50 512
51 53 718
53 51 718
51 78 90
78 51 90
53 68 805
68 53 805
53 61 212
61 53 212
54 62 220
62 54 220
54 57 471
57 54 471
54 74 441
74 54 441
55 64 207
64 55 207
57 64 854
64 57 854
58 73 906
73 58 906
59 71 566
71 59 566
59 72 419
72 59 419
60 72 66
72 60 66
60 64 677
64 60 677
62 79 320
79 62 320
62 77 38
77 62 38
63 66 467
66 63 467
63 70 942
70 63 942
64 76 968
76 64 968
64 72 314
72 64 314
64 69 734
69 64 734
65 67 911
67 65 911
66 73 393
73 66 393
67 72 543
72 67 543
68 72 595
72 68 595
69 72 677
72 69 677
69 77 675
77 69 675
69 76 232
76 69 232
70 78 742
78 70 742
73 75 77
75 73 77
