42

0 1 772
1 0 772
0 6 814
6 0 814
0 37 810
37 0 810
0 38 322
38 0 322
0 32 684
32 0 684
0 28 735
28 0 735
0 3 925
3 0 925
0 1 436
1 0 436
0 33 863
33 0 863
1 2 286
2 1 286
1 8 906
8 1 906
1 9 364
9 1 364
1 15 930
15 1 930
1 26 82
26 1 82
1 38 990
38 1 990
1 35 414
35 1 414
1 32 267
32 1 267
1 9 355
9 1 355
1 7 718
7 1 718
1 23 742
23 1 742
2 3 120
3 2 120
2 4 436
4 2 436
2 20 496
20 2 496
2 7 565
7 2 565
2 9 127
9 2 127
2 28 203
28 2 203
2 20 518
20 2 518
2 38 409
38 2 409
2 34 870
34 2 870
3 23 101
23 3 101
3 33 605
33 3 605
3 21 140
21 3 140
3 10 928
10 3 928
3 19 802
19 3 802
3 16 165
16 3 165
3 13 349
13 3 349
3 36 510
36 3 510
3 11 104
11 3 104
4 5 324
5 4 324
4 7 811
7 4 811
4 11 444
11 4 444
4 13 829
13 4 829
4 23 991
23 4 991
4 32 929
32 4 929
4 19 60
19 4 60
4 26 991
26 4 991
5 24 529
24 5 529
5 31 20
31 5 20
5 17 779
17 5 779
5 40 588
40 5 588
5 18 471
18 5 471
5 37 195
37 5 195
6 10 736
10 6 736
6 40 468
40 6 468
6 41 148
41 6 148
6 12 832
12 6 832
6 39 258
39 6 258
6 30 52
30 6 52
6 7 919
7 6 919
7 17 442
17 7 442
7 30 107
30 7 107
7 34 725
34 7 725
7 26 640
26 7 640
7 33 898
33 7 898
7 12 850
12 7 850
8 14 275
14 8 275
8 21 796
21 8 796
8 12 845
12 8 845
8 21 698
21 8 698
8 29 219
29 8 219
8 24 622
24 8 622
8 10 442
10 8 442
8 24 166
24 8 166
9 16 724
16 9 724
9 24 143
24 9 143
9 10 692
10 9 692
9 28 859
28 9 859
9 22 244
22 9 244
9 12 903
12 9 903
9 38 254
38 9 254
10 12 774
12 10 774
10 35 492
35 10 492
10 20 313
20 10 313
10 32 771
32 10 771
10 30 638
30 10 638
10 30 15
30 10 15
10 38 373
38 10 373
10 29 563
29 10 563
10 34 7
34 10 7
10 25 559
25 10 559
10 22 78
22 10 78
11 41 749
41 11 749
11 20 7
20 11 7
11 17 868
17 11 868
11 12 642
12 11 642
11 40 614
40 11 614
12 16 447
16 12 447
12 35 613
35 12 613
13 19 875
19 13 875
13 27 482
27 13 482
13 26 177
26 13 177
13 17 158
17 13 158
13 19 554
19 13 554
13 35 788
35 13 788
13 32 401
32 13 401
14 24 143
24 14 143
14 31 357
31 14 357
14 23 779
23 14 779
14 20 88
20 14 88
14 27 651
27 14 651
15 33 903
33 15 903
15 20 579
20 15 579
15 24 375
24 15 375
15 33 150
33 15 150
15 23 300
23 15 300
16 27 228
27 16 228
16 34 994
34 16 994
16 35 273
35 16 273
16 26 703
26 16 703
16 37 197
37 16 197
17 18 292
18 17 292
17 22 501
22 17 501
17 17 504
17 17 504
17 28 901
28 17 901
18 37 545
37 18 545
18 28 868
28 18 868
18 39 143
39 18 143
18 27 595
27 18 595
19 25 976
25 19 976
19 29 382
29 19 382
19 28 320
28 19 320
19 38 305
38 19 305
20 38 496
38 20 496
20 40 37
40 20 37
20 37 658
37 20 658
20 31 626
31 20 626
20 25 764
25 20 764
21 41 446
41 21 446
21 39 842
39 21 842
21 36 21
36 21 21
21 22 537
22 21 537
21 33 926
33 21 926
22 40 762
40 22 762
22 40 944
40 22 944
23 28 567
28 23 567
23 30 898
30 23 898
23 28 242
28 23 242
23 29 454
29 23 454
23 32 496
32 23 496
24 29 128
29 24 128
24 26 147
26 24 147
24 26 9
26 24 9
24 27 474
27 24 474
24 33 189
33 24 189
24 30 481
30 24 481
25 39 552
39 25 552
25 29 227
29 25 227
26 28 431
28 26 431
26 41 776
41 26 776
26 38 906
38 26 906
26 26 90
26 26 90
27 33 752
33 27 752
27 31 871
31 27 871
28 39 441
39 28 441
28 35 923
35 28 923
28 32 341
32 28 341
28 39 926
39 28 926
28 34 551
34 28 551
29 30 144
30 29 144
29 31 8
31 29 8
29 30 564
30 29 564
30 31 345
31 30 345
30 32 752
32 30 752
30 30 692
30 30 692
30 31 430
31 30 430
31 38 849
38 31 849
31 37 242
37 31 242
31 40 351
40 31 351
32 36 798
36 32 798
33 37 947
37 33 947
34 41 157
41 34 157
34 39 710
39 34 710
35 37 747
37 35 747
35 37 381
37 35 381
36 40 38
40 36 38
36 38 235
38 36 235
39 41 915
41 39 915
39 40 441
40 39 441
