86

0 1 293
1 0 293
0 2 124
2 0 124
0 28 451
28 0 451
0 34 436
34 0 436
0 57 383
57 0 383
0 3 404
3 0 404
0 64 744
64 0 744
0 70 822
70 0 822
0 35 937
35 0 937
0 50 497
50 0 497
0 61 976
61 0 976
0 21 462
21 0 462
0 56 270
56 0 270
0 68 540
68 0 540
0 25 448
25 0 448
0 12 11
12 0 11
0 55 447
55 0 447
0 62 935
62 0 935
0 53 58
53 0 58
1 3 735
3 1 735
1 6 934
6 1 934
1 12 623
12 1 623
1 31 134
31 1 134
1 16 489
16 1 489
1 69 836
69 1 836
1 12 675
12 1 675
1 52 631
52 1 631
1 65 58
65 1 58
1 44 644
44 1 644
1 65 523
65 1 523
1 4 79
4 1 79
1 50 784
50 1 784
1 82 72
82 1 72
1 2 827
2 1 827
1 3 557
3 1 557
2 5 730
5 2 730
2 7 404
7 2 404
2 14 945
14 2 945
2 79 512
79 2 512
2 28 245
28 2 245
2 52 874
52 2 874
2 45 620
45 2 620
2 56 12
56 2 12
2 85 253
85 2 253
2 84 304
84 2 304
2 42 144
42 2 144
2 24 153
24 2 153
3 4 443
4 3 443
3 9 266
9 3 266
3 16 517
16 3 517
3 17 464
17 3 464
3 20 48
20 3 48
3 28 135
28 3 135
3 22 904
22 3 904
3 9 526
9 3 526
3 20 307
20 3 307
3 76 385
76 3 385
3 75 851
75 3 851
3 11 38
11 3 38
3 29 834
29 3 834
3 42 407
42 3 407
3 33 566
33 3 566
3 26 775
26 3 775
3 59 775
59 3 775
3 12 280
12 3 280
3 85 264
85 3 264
3 66 211
66 3 211
4 10 768
10 4 768
4 11 838
11 4 838
4 75 219
75 4 219
4 11 373
11 4 373
4 12 238
12 4 238
4 76 766
76 4 766
4 23 57
23 4 57
4 48 577
48 4 577
4 72 787
72 4 787
4 85 149
85 4 149
4 39 504
39 4 504
4 30 604
30 4 604
4 54 372
54 4 372
4 77 925
77 4 925
4 67 602
67 4 602
4 28 676
28 4 676
4 57 738
57 4 738
4 32 773
32 4 773
4 20 81
20 4 81
4 46 704
46 4 704
5 51 346
51 5 346
5 63 251
63 5 251
5 40 175
40 5 175
5 83 716
83 5 716
5 8 72
8 5 72
5 40 804
40 5 804
5 11 418
11 5 418
5 23 767
23 5 767
5 71 8
71 5 8
5 75 711
75 5 711
5 70 392
70 5 392
5 38 275
38 5 275
5 48 388
48 5 388
5 14 993
14 5 993
5 45 658
45 5 658
6 8 486
8 6 486
6 13 686
13 6 686
6 26 420
26 6 420
6 31 98
31 6 98
6 35 157
35 6 157
6 14 321
14 6 321
6 72 774
72 6 774
6 57 637
57 6 637
6 25 955
25 6 955
6 19 893
19 6 893
6 83 7
83 6 7
6 71 643
71 6 643
6 75 18
75 6 18
6 26 627
26 6 627
6 83 551
83 6 551
6 47 275
47 6 275
6 22 578
22 6 578
7 15 753
15 7 753
7 38 580
38 7 580
7 71 803
71 7 803
7 52 44
52 7 44
7 79 972
79 7 972
7 35 342
35 7 342
7 72 865
72 7 865
7 78 960
78 7 960
7 24 796
24 7 796
7 36 800
36 7 800
7 50 238
50 7 238
7 78 124
78 7 124
7 72 135
72 7 135
7 11 225
11 7 225
7 36 65
36 7 65
7 39 912
39 7 912
7 75 659
75 7 659
7 12 196
12 7 196
7 17 740
17 7 740
7 48 942
48 7 942
8 22 526
22 8 526
8 23 279
23 8 279
8 34 821
34 8 821
8 54 423
54 8 423
8 45 801
45 8 801
8 52 719
52 8 719
8 32 366
32 8 366
8 54 546
54 8 546
8 80 44
80 8 44
8 60 622
60 8 622
8 77 681
77 8 681
8 59 957
59 8 957
8 65 654
65 8 654
9 32 541
32 9 541
9 77 125
77 9 125
9 41 757
41 9 757
9 14 795
14 9 795
9 64 348
64 9 348
9 72 8
72 9 8
9 50 232
50 9 232
9 74 414
74 9 414
9 60 128
60 9 128
9 72 71
72 9 71
9 10 358
10 9 358
9 63 380
63 9 380
9 76 169
76 9 169
10 19 931
19 10 931
10 25 479
25 10 479
10 30 481
30 10 481
10 73 441
73 10 441
10 26 521
26 10 521
10 63 715
63 10 715
10 23 797
23 10 797
10 73 851
73 10 851
10 43 274
43 10 274
10 79 388
79 10 388
10 28 163
28 10 163
10 73 327
73 10 327
10 67 798
67 10 798
10 33 300
33 10 300
10 79 126
79 10 126
10 26 956
26 10 956
10 28 652
28 10 652
10 60 514
60 10 514
10 29 708
29 10 708
10 43 721
43 10 721
11 21 605
21 11 605
11 85 487
85 11 487
11 28 991
28 11 991
11 48 347
48 11 347
11 62 537
62 11 537
11 51 420
51 11 420
11 71 862
71 11 862
11 40 300
40 11 300
11 68 445
68 11 445
11 40 894
40 11 894
11 77 364
77 11 364
11 67 667
67 11 667
11 69 309
69 11 309
11 19 589
19 11 589
11 16 486
16 11 486
11 27 581
27 11 581
12 54 101
54 12 101
12 39 71
39 12 71
12 41 91
41 12 91
12 61 266
61 12 266
12 33 807
33 12 807
12 76 433
76 12 433
12 74 312
74 12 312
12 63 204
63 12 204
12 44 488
44 12 488
12 37 881
37 12 881
12 43 243
43 12 243
12 79 952
79 12 952
13 18 695
18 13 695
13 39 501
39 13 501
13 55 708
55 13 708
13 70 744
70 13 744
13 13 952
13 13 952
13 70 668
70 13 668
13 17 18
17 13 18
13 84 83
84 13 83
13 28 993
28 13 993
13 60 932
60 13 932
13 19 734
19 13 734
13 25 561
25 13 561
13 84 946
84 13 946
13 56 699
56 13 699
13 84 179
84 13 179
13 18 115
18 13 115
13 70 316
70 13 316
14 49 158
49 14 158
14 63 899
63 14 899
14 68 972
68 14 972
14 46 887
46 14 887
14 60 457
60 14 457
14 74 47
74 14 47
14 84 189
84 14 189
14 16 407
16 14 407
14 26 28
26 14 28
14 29 210
29 14 210
14 72 133
72 14 133
14 29 207
29 14 207
14 16 994
16 14 994
14 60 97
60 14 97
15 60 973
60 15 973
15 66 697
66 15 697
15 52 403
52 15 403
15 80 910
80 15 910
15 78 533
78 15 533
15 17 675
17 15 675
15 43 84
43 15 84
15 67 970
67 15 970
15 22 766
22 15 766
15 31 843
31 15 843
15 57 564
57 15 564
15 46 351
46 15 351
16 54 822
54 16 822
16 69 984
69 16 984
16 43 257
43 16 257
16 47 353
47 16 353
16 80 62
80 16 62
16 20 909
20 16 909
16 72 177
72 16 177
16 68 956
68 16 956
16 31 246
31 16 246
16 47 171
47 16 171
17 84 4
84 17 4
17 78 139
78 17 139
17 26 747
26 17 747
17 35 69
35 17 69
17 40 216
40 17 216
17 31 154
31 17 154
17 29 254
29 17 254
17 35 733
35 17 733
17 23 840
23 17 840
17 75 424
75 17 424
17 23 928
23 17 928
18 27 456
27 18 456
18 46 162
46 18 162
18 41 2
41 18 2
18 45 192
45 18 192
18 36 329
36 18 329
18 51 995
51 18 995
18 22 438
22 18 438
18 71 62
71 18 62
19 67 498
67 19 498
19 32 192
32 19 192
19 61 278
61 19 278
19 76 395
76 19 395
19 45 902
45 19 902
20 72 736
72 20 736
20 70 509
70 20 509
20 83 430
83 20 430
20 24 627
24 20 627
20 54 694
54 20 694
20 24 837
24 20 837
20 46 235
46 20 235
21 24 863
24 21 863
21 37 324
37 21 324
21 79 779
79 21 779
21 76 340
76 21 340
21 23 29
23 21 29
21 62 278
62 21 278
21 49 563
49 21 563
21 36 664
36 21 664
21 40 419
40 21 419
21 60 242
60 21 242
21 39 162
39 21 162
22 47 245
47 22 245
22 51 3
51 22 3
22 46 713
46 22 713
22 50 608
50 22 608
22 77 220
77 22 220
22 62 665
62 22 665
22 22 530
22 22 530
22 69 927
69 22 927
22 70 74
70 22 74
22 53 652
53 22 652
22 38 203
38 22 203
22 63 631
63 22 631
23 33 939
33 23 939
23 67 234
67 23 234
23 73 476
73 23 476
23 85 475
85 23 475
23 35 795
35 23 795
23 70 37
70 23 37
23 71 208
71 23 208
23 82 372
82 23 372
23 78 298
78 23 298
23 82 1000
82 23 1000
23 68 345
68 23 345
23 47 230
47 23 230
23 59 465
59 23 465
23 35 449
35 23 449
23 71 609
71 23 609
23 65 348
65 23 348
23 26 922
26 23 922
23 64 939
64 23 939
24 50 451
50 24 451
24 81 871
81 24 871
24 80 192
80 24 192
24 74 494
74 24 494
24 29 993
29 24 993
24 59 720
59 24 720
24 55 328
55 24 328
24 40 171
40 24 171
25 37 555
37 25 555
25 64 964
64 25 964
25 49 712
49 25 712
25 76 811
76 25 811
25 81 676
81 25 676
25 71 830
71 25 830
25 68 199
68 25 199
25 81 284
81 25 284
25 60 142
60 25 142
26 85 848
85 26 848
26 39 489
39 26 489
26 81 57
81 26 57
26 68 932
68 26 932
26 53 526
53 26 526
26 60 535
60 26 535
26 44 424
44 26 424
26 57 179
57 26 179
26 79 773
79 26 773
26 32 81
32 26 81
26 50 950
50 26 950
27 29 341
29 27 341
27 35 505
35 27 505
27 50 712
50 27 712
27 64 831
64 27 831
27 44 721
44 27 721
27 34 873
34 27 873
27 84 854
84 27 854
27 68 885
68 27 885
27 38 294
38 27 294
27 68 455
68 27 455
27 49 490
49 27 490
28 44 479
44 28 479
28 76 550
76 28 550
28 78 775
78 28 775
28 73 677
73 28 677
28 71 947
71 28 947
28 64 652
64 28 652
28 53 589
53 28 589
28 51 864
51 28 864
28 66 61
66 28 61
28 60 585
60 28 585
28 78 685
78 28 685
28 55 284
55 28 284
29 43 469
43 29 469
29 37 437
37 29 437
29 68 498
68 29 498
29 60 319
60 29 319
29 72 622
72 29 622
29 38 50
38 29 50
29 48 700
48 29 700
29 63 191
63 29 191
29 63 55
63 29 55
30 36 404
36 30 404
30 61 954
61 30 954
30 85 589
85 30 589
30 64 512
64 30 512
30 41 566
41 30 566
30 44 400
44 30 400
31 80 233
80 31 233
31 54 475
54 31 475
31 45 652
45 31 652
31 54 904
54 31 904
31 68 365
68 31 365
31 75 48
75 31 48
31 72 204
72 31 204
31 54 36
54 31 36
31 84 599
84 31 599
31 55 954
55 31 954
31 73 268
73 31 268
32 47 679
47 32 679
32 59 733
59 32 733
32 45 235
45 32 235
32 56 6
56 32 6
32 75 60
75 32 60
32 60 947
60 32 947
33 48 113
48 33 113
33 47 325
47 33 325
33 62 398
62 33 398
33 85 968
85 33 968
33 72 651
72 33 651
33 41 255
41 33 255
33 48 352
48 33 352
33 80 768
80 33 768
33 78 488
78 33 488
34 41 858
41 34 858
34 56 500
56 34 500
34 60 446
60 34 446
34 41 77
41 34 77
34 57 463
57 34 463
34 69 905
69 34 905
34 44 271
44 34 271
34 82 292
82 34 292
34 54 205
54 34 205
35 40 590
40 35 590
35 42 637
42 35 637
35 53 997
53 35 997
35 59 836
59 35 836
35 41 407
41 35 407
35 78 422
78 35 422
35 42 384
42 35 384
35 64 3
64 35 3
35 37 476
37 35 476
35 73 283
73 35 283
35 57 885
57 35 885
35 36 478
36 35 478
35 45 254
45 35 254
36 82 382
82 36 382
36 64 529
64 36 529
36 54 75
54 36 75
36 37 481
37 36 481
36 54 688
54 36 688
36 59 81
59 36 81
36 80 502
80 36 502
36 82 967
82 36 967
36 57 282
57 36 282
37 59 17
59 37 17
37 66 285
66 37 285
37 73 10
73 37 10
37 38 380
38 37 380
37 64 682
64 37 682
37 76 306
76 37 306
38 67 555
67 38 555
38 52 809
52 38 809
38 67 433
67 38 433
38 74 638
74 38 638
38 71 842
71 38 842
38 79 982
79 38 982
38 55 99
55 38 99
38 53 202
53 38 202
39 58 74
58 39 74
39 68 795
68 39 795
39 67 953
67 39 953
39 70 9
70 39 9
39 76 405
76 39 405
39 57 917
57 39 917
39 84 471
84 39 471
39 66 96
66 39 96
39 59 54
59 39 54
40 47 961
47 40 961
40 50 282
50 40 282
40 45 772
45 40 772
40 56 574
56 40 574
40 44 118
44 40 118
40 68 430
68 40 430
41 45 476
45 41 476
41 47 11
47 41 11
41 74 923
74 41 923
41 58 340
58 41 340
41 73 244
73 41 244
41 64 591
64 41 591
41 57 72
57 41 72
41 52 855
52 41 855
41 45 484
45 41 484
41 85 245
85 41 245
42 60 9
60 42 9
42 72 647
72 42 647
42 71 241
71 42 241
42 44 394
44 42 394
42 64 976
64 42 976
43 85 998
85 43 998
43 73 571
73 43 571
43 61 817
61 43 817
43 64 34
64 43 34
43 64 220
64 43 220
43 44 992
44 43 992
43 65 168
65 43 168
43 82 624
82 43 624
43 70 293
70 43 293
43 84 15
84 43 15
43 78 223
78 43 223
44 69 73
69 44 73
44 80 308
80 44 308
44 58 603
58 44 603
44 59 409
59 44 409
44 51 201
51 44 201
44 73 783
73 44 783
44 77 89
77 44 89
44 75 524
75 44 524
45 50 278
50 45 278
45 60 397
60 45 397
45 46 724
46 45 724
45 65 181
65 45 181
45 80 735
80 45 735
45 49 448
49 45 448
45 82 937
82 45 937
45 53 396
53 45 396
46 59 310
59 46 310
46 66 790
66 46 790
46 54 56
54 46 56
46 71 228
71 46 228
46 52 116
52 46 116
46 57 478
57 46 478
46 51 397
51 46 397
46 83 616
83 46 616
46 66 759
66 46 759
46 79 199
79 46 199
47 48 652
48 47 652
47 52 403
52 47 403
47 69 954
69 47 954
47 79 316
79 47 316
47 79 724
79 47 724
47 82 37
82 47 37
47 55 560
55 47 560
47 52 856
52 47 856
47 54 733
54 47 733
48 65 78
65 48 78
48 80 53
80 48 53
48 51 140
51 48 140
48 65 821
65 48 821
49 57 807
57 49 807
49 85 941
85 49 941
49 59 395
59 49 395
50 73 678
73 50 678
50 75 811
75 50 811
50 58 44
58 50 44
50 53 492
53 50 492
50 70 654
70 50 654
51 62 898
62 51 898
51 79 722
79 51 722
51 80 263
80 51 263
51 78 26
78 51 26
51 77 527
77 51 527
51 84 721
84 51 721
51 66 431
66 51 431
52 83 656
83 52 656
52 76 936
76 52 936
52 69 989
69 52 989
52 55 415
55 52 415
52 73 674
73 52 674
52 67 401
67 52 401
52 72 265
72 52 265
53 79 321
79 53 321
53 66 450
66 53 450
53 56 967
56 53 967
53 61 398
61 53 398
54 84 774
84 54 774
54 76 610
76 54 610
54 70 682
70 54 682
54 57 877
57 54 877
55 61 542
61 55 542
55 73 9
73 55 9
56 81 120
81 56 120
56 65 826
65 56 826
56 67 505
67 56 505
56 63 929
63 56 929
56 59 366
59 56 366
56 82 294
82 56 294
57 82 816
82 57 816
57 72 924
72 57 924
57 67 242
67 57 242
58 74 404
74 58 404
58 82 146
82 58 146
58 69 491
69 58 491
58 75 379
75 58 379
59 66 937
66 59 937
59 68 814
68 59 814
59 67 400
67 59 400
59 64 335
64 59 335
59 65 862
65 59 862
59 79 602
79 59 602
60 70 151
70 60 151
61 79 553
79 61 553
61 65 822
65 61 822
61 62 522
62 61 522
61 82 897
82 61 897
62 79 606
79 62 606
62 72 621
72 62 621
62 65 380
65 62 380
62 64 314
64 62 314
63 73 245
73 63 245
63 68 22
68 63 22
63 82 398
82 63 398
63 82 963
82 63 963
63 64 589
64 63 589
64 76 421
76 64 421
64 78 35
78 64 35
64 85 657
85 64 657
65 81 458
81 65 458
65 66 578
66 65 578
65 73 3
73 65 3
65 75 641
75 65 641
65 82 601
82 65 601
65 85 345
85 65 345
65 68 141
68 65 141
66 70 291
70 66 291
67 85 487
85 67 487
67 83 791
83 67 791
67 79 974
79 67 974
67 71 394
71 67 394
69 72 616
72 69 616
69 83 761
83 69 761
69 71 540
71 69 540
70 79 928
79 70 928
70 79 664
79 70 664
70 76 735
76 70 735
70 79 418
79 70 418
70 80 452
80 70 452
71 84 177
84 71 177
71 74 855
74 71 855
71 82 792
82 71 792
71 73 415
73 71 415
72 76 16
76 72 16
72 76 788
76 72 788
72 85 157
85 72 157
72 84 832
84 72 832
73 74 582
74 73 582
73 82 818
82 73 818
73 83 185
83 73 185
73 75 843
75 73 843
73 78 643
78 73 643
73 80 66
80 73 66
73 79 883
79 73 883
73 80 181
80 73 181
73 75 430
75 73 430
73 83 375
83 73 375
74 75 650
75 74 650
74 82 32
82 74 32
75 82 20
82 75 20
75 76 168
76 75 168
76 81 850
81 76 850
76 78 279
78 76 279
78 85 445
85 78 445
78 83 800
83 78 800
78 83 275
83 78 275
79 80 577
80 79 577
79 82 975
82 79 975
79 81 520
81 79 520
79 85 453
85 79 453
79 81 855
81 79 855
79 81 546
81 79 546
79 80 676
80 79 676
80 81 248
81 80 248
82 83 985
83 82 985
