84

0 1 560
1 0 560
0 5 285
5 0 285
0 15 572
15 0 572
0 18 613
18 0 613
0 21 160
21 0 160
0 78 354
78 0 354
0 41 604
41 0 604
0 65 657
65 0 657
0 34 289
34 0 289
0 65 206
65 0 206
0 69 548
69 0 548
0 22 575
22 0 575
0 72 753
72 0 753
0 58 362
58 0 362
0 23 845
23 0 845
0 76 240
76 0 240
0 60 474
60 0 474
0 72 418
72 0 418
0 76 860
76 0 860
0 24 642
24 0 642
0 25 991
25 0 991
0 10 635
10 0 635
0 72 567
72 0 567
0 2 262
2 0 262
0 23 232
23 0 232
1 2 117
2 1 117
1 3 926
3 1 926
1 4 284
4 1 284
1 11 94
11 1 94
1 72 683
72 1 683
1 59 720
59 1 720
1 68 925
68 1 925
1 72 510
72 1 510
1 21 785
21 1 785
1 78 574
78 1 574
1 63 466
63 1 466
1 17 574
17 1 574
1 42 169
42 1 169
1 17 245
17 1 245
1 55 335
55 1 335
1 53 23
53 1 23
1 75 608
75 1 608
1 60 194
60 1 194
1 33 210
33 1 210
1 31 483
31 1 483
1 63 159
63 1 159
1 59 606
59 1 606
2 9 920
9 2 920
2 14 168
14 2 168
2 20 792
20 2 792
2 27 95
27 2 95
2 37 186
37 2 186
2 4 311
4 2 311
2 62 660
62 2 660
2 70 612
70 2 612
2 34 477
34 2 477
2 54 81
54 2 81
2 53 610
53 2 610
2 75 502
75 2 502
3 6 295
6 3 295
3 7 846
7 3 846
3 8 993
8 3 993
3 12 861
12 3 861
3 13 516
13 3 516
3 43 608
43 3 608
3 50 102
50 3 102
3 80 345
80 3 345
3 14 993
14 3 993
3 27 304
27 3 304
3 35 465
35 3 465
3 38 444
38 3 444
3 53 92
53 3 92
3 14 646
14 3 646
3 75 403
75 3 403
3 69 486
69 3 486
3 23 166
23 3 166
3 23 498
23 3 498
3 16 105
16 3 105
3 26 691
26 3 691
3 36 829
36 3 829
4 14 779
14 4 779
4 59 155
59 4 155
4 25 268
25 4 268
4 30 688
30 4 688
4 32 520
32 4 520
4 34 485
34 4 485
4 79 93
79 4 93
4 67 380
67 4 380
4 37 409
37 4 409
4 55 977
55 4 977
4 78 648
78 4 648
4 17 331
17 4 331
4 58 169
58 4 169
4 47 881
47 4 881
4 71 88
71 4 88
5 10 296
10 5 296
5 32 498
32 5 498
5 44 461
44 5 461
5 77 345
77 5 345
5 78 395
78 5 395
5 54 769
54 5 769
5 12 910
12 5 910
5 9 72
9 5 72
5 40 675
40 5 675
5 61 298
61 5 298
5 75 960
75 5 960
5 8 347
8 5 347
5 37 740
37 5 740
5 47 100
47 5 100
5 58 820
58 5 820
5 26 427
26 5 427
5 53 744
53 5 744
5 11 840
11 5 840
5 42 457
42 5 457
5 80 398
80 5 398
6 24 782
24 6 782
6 39 889
39 6 889
6 25 777
25 6 777
6 12 209
12 6 209
6 64 304
64 6 304
6 58 709
58 6 709
6 24 649
24 6 649
6 10 566
10 6 566
6 29 931
29 6 931
6 28 309
28 6 309
6 42 567
42 6 567
6 34 792
34 6 792
6 48 199
48 6 199
6 62 946
62 6 946
6 62 572
62 6 572
6 45 765
45 6 765
6 30 676
30 6 676
6 67 668
67 6 668
6 22 581
22 6 581
6 21 720
21 6 720
6 25 12
25 6 12
6 31 919
31 6 919
6 44 484
44 6 484
6 70 396
70 6 396
6 34 81
34 6 81
6 31 670
31 6 670
6 20 514
20 6 514
6 40 831
40 6 831
6 57 166
57 6 166
6 52 776
52 6 776
6 8 333
8 6 333
6 19 537
19 6 537
7 35 197
35 7 197
7 58 23
58 7 23
7 16 53
16 7 53
7 49 883
49 7 883
7 45 705
45 7 705
7 27 329
27 7 329
7 15 966
15 7 966
7 28 135
28 7 135
7 52 710
52 7 710
7 80 171
80 7 171
7 37 289
37 7 289
7 54 836
54 7 836
7 15 625
15 7 625
7 69 764
69 7 764
7 47 791
47 7 791
7 62 32
62 7 32
7 26 493
26 7 493
8 77 91
77 8 91
8 65 261
65 8 261
8 32 40
32 8 40
8 83 429
83 8 429
8 69 945
69 8 945
8 34 375
34 8 375
8 72 994
72 8 994
8 22 945
22 8 945
8 25 366
25 8 366
8 78 692
78 8 692
8 36 488
36 8 488
8 68 8
68 8 8
8 40 403
40 8 403
8 36 422
36 8 422
8 11 351
11 8 351
8 55 460
55 8 460
8 18 577
18 8 577
8 37 315
37 8 315
8 37 274
37 8 274
8 47 787
47 8 787
9 81 183
81 9 183
9 41 107
41 9 107
9 72 916
72 9 916
9 78 748
78 9 748
9 15 618
15 9 618
9 76 257
76 9 257
9 64 319
64 9 319
9 10 703
10 9 703
9 32 690
32 9 690
9 78 668
78 9 668
9 52 19
52 9 19
9 13 345
13 9 345
9 48 132
48 9 132
9 73 530
73 9 530
9 59 114
59 9 114
9 53 814
53 9 814
10 65 657
65 10 657
10 68 206
68 10 206
10 22 166
22 10 166
10 78 837
78 10 837
10 42 235
42 10 235
10 74 954
74 10 954
10 47 909
47 10 909
10 81 854
81 10 854
10 61 154
61 10 154
10 48 91
48 10 91
10 53 202
53 10 202
10 21 722
21 10 722
10 82 924
82 10 924
10 65 614
65 10 614
10 39 413
39 10 413
10 46 26
46 10 26
10 20 755
20 10 755
10 41 720
41 10 720
10 57 239
57 10 239
11 16 517
16 11 517
11 81 586
81 11 586
11 37 707
37 11 707
11 47 917
47 11 917
11 76 904
76 11 904
11 64 989
64 11 989
11 67 616
67 11 616
11 66 815
66 11 815
11 45 696
45 11 696
11 14 203
14 11 203
11 29 146
29 11 146
11 16 348
16 11 348
11 24 224
24 11 224
11 65 591
65 11 591
11 12 961
12 11 961
11 71 922
71 11 922
12 17 917
17 12 917
12 40 793
40 12 793
12 70 119
70 12 119
12 71 854
71 12 854
12 45 261
45 12 261
12 15 240
15 12 240
12 41 226
41 12 226
12 24 429
24 12 429
12 18 906
18 12 906
12 44 896
44 12 896
12 50 313
50 12 313
12 36 255
36 12 255
12 43 472
43 12 472
12 55 674
55 12 674
12 65 432
65 12 432
12 54 708
54 12 708
12 20 247
20 12 247
12 76 638
76 12 638
12 70 79
70 12 79
12 20 58
20 12 58
12 77 361
77 12 361
13 23 883
23 13 883
13 26 771
26 13 771
13 75 330
75 13 330
13 55 997
55 13 997
13 47 578
47 13 578
13 36 679
36 13 679
13 66 646
66 13 646
13 18 303
18 13 303
13 13 911
13 13 911
13 68 334
68 13 334
13 67 792
67 13 792
13 80 397
80 13 397
13 55 843
55 13 843
14 19 48
19 14 48
14 48 916
48 14 916
14 30 473
30 14 473
14 19 447
19 14 447
14 81 510
81 14 510
14 53 146
53 14 146
14 31 772
31 14 772
14 75 161
75 14 161
14 62 810
62 14 810
14 69 84
69 14 84
14 63 137
63 14 137
14 43 109
43 14 109
14 34 732
34 14 732
14 72 940
72 14 940
14 35 359
35 14 359
14 30 287
30 14 287
15 22 145
22 15 145
15 47 18
47 15 18
15 18 700
18 15 700
15 63 327
63 15 327
15 23 693
23 15 693
15 47 762
47 15 762
15 18 933
18 15 933
15 44 488
44 15 488
15 44 195
44 15 195
15 54 853
54 15 853
15 65 447
65 15 447
15 17 859
17 15 859
15 17 756
17 15 756
15 53 247
53 15 247
15 52 188
52 15 188
15 43 458
43 15 458
15 25 247
25 15 247
15 71 661
71 15 661
15 70 346
70 15 346
15 78 898
78 15 898
15 33 845
33 15 845
15 75 346
75 15 346
16 29 723
29 16 723
16 60 805
60 16 805
16 76 756
76 16 756
16 19 62
19 16 62
16 32 988
32 16 988
16 77 261
77 16 261
16 69 734
69 16 734
16 82 961
82 16 961
16 48 754
48 16 754
16 46 382
46 16 382
16 58 47
58 16 47
16 49 646
49 16 646
16 66 951
66 16 951
16 59 713
59 16 713
16 29 959
29 16 959
17 28 570
28 17 570
17 61 747
61 17 747
17 54 172
54 17 172
17 55 614
55 17 614
17 63 742
63 17 742
17 83 512
83 17 512
17 21 842
21 17 842
17 27 946
27 17 946
17 33 469
33 17 469
17 48 597
48 17 597
17 17 46
17 17 46
17 80 773
80 17 773
17 34 112
34 17 112
17 21 599
21 17 599
17 42 558
42 17 558
17 22 183
22 17 183
17 61 72
61 17 72
17 77 975
77 17 975
18 50 594
50 18 594
18 42 887
42 18 887
18 68 960
68 18 960
18 57 63
57 18 63
18 81 728
81 18 728
18 64 799
64 18 799
19 20 255
20 19 255
19 53 455
53 19 455
19 32 638
32 19 638
19 40 675
40 19 675
19 62 175
62 19 175
19 68 616
68 19 616
19 37 740
37 19 740
19 28 780
28 19 780
19 55 272
55 19 272
19 76 111
76 19 111
19 72 333
72 19 333
19 31 909
31 19 909
19 42 410
42 19 410
19 40 162
40 19 162
19 40 277
40 19 277
19 60 31
60 19 31
20 27 609
27 20 609
20 33 460
33 20 460
20 57 267
57 20 267
20 28 574
28 20 574
20 44 925
44 20 925
20 36 111
36 20 111
20 32 66
32 20 66
20 39 944
39 20 944
20 66 519
66 20 519
20 53 605
53 20 605
20 39 849
39 20 849
20 78 482
78 20 482
20 43 33
43 20 33
20 49 542
49 20 542
20 45 554
45 20 554
20 82 395
82 20 395
20 28 808
28 20 808
21 34 974
34 21 974
21 54 150
54 21 150
21 55 932
55 21 932
21 39 968
39 21 968
21 65 704
65 21 704
21 71 160
71 21 160
21 82 913
82 21 913
21 41 168
41 21 168
21 44 432
44 21 432
21 77 34
77 21 34
21 69 443
69 21 443
21 28 61
28 21 61
22 25 579
25 22 579
22 30 429
30 22 429
22 42 242
42 22 242
22 48 499
48 22 499
22 66 194
66 22 194
22 32 417
32 22 417
22 44 785
44 22 785
22 49 267
49 22 267
22 67 662
67 22 662
22 78 125
78 22 125
22 32 528
32 22 528
22 26 642
26 22 642
22 68 885
68 22 885
22 82 90
82 22 90
23 38 325
38 23 325
23 25 349
25 23 349
23 50 316
50 23 316
23 62 554
62 23 554
23 41 766
41 23 766
23 64 842
64 23 842
23 80 805
80 23 805
23 78 604
78 23 604
23 24 643
24 23 643
24 81 54
81 24 54
24 42 576
42 24 576
24 74 910
74 24 910
24 62 519
62 24 519
24 40 784
40 24 784
24 82 839
82 24 839
24 61 820
61 24 820
24 39 484
39 24 484
24 68 524
68 24 524
25 37 778
37 25 778
25 67 656
67 25 656
25 67 572
67 25 572
25 39 135
39 25 135
25 56 102
56 25 102
25 66 251
66 25 251
25 57 661
57 25 661
25 81 171
81 25 171
25 28 821
28 25 821
25 25 622
25 25 622
25 82 951
82 25 951
25 75 310
75 25 310
26 59 432
59 26 432
26 78 216
78 26 216
26 58 597
58 26 597
26 39 402
39 26 402
26 33 301
33 26 301
26 81 631
81 26 631
26 38 837
38 26 837
26 49 883
49 26 883
26 53 493
53 26 493
26 48 26
48 26 26
27 41 157
41 27 157
27 79 353
79 27 353
27 61 233
61 27 233
27 42 437
42 27 437
27 82 101
82 27 101
27 36 720
36 27 720
27 57 816
57 27 816
27 56 626
56 27 626
27 43 262
43 27 262
27 36 615
36 27 615
27 33 617
33 27 617
27 75 171
75 27 171
27 65 604
65 27 604
27 37 752
37 27 752
28 78 894
78 28 894
28 55 222
55 28 222
28 54 342
54 28 342
28 63 888
63 28 888
28 77 913
77 28 913
28 49 514
49 28 514
28 52 785
52 28 785
28 65 852
65 28 852
28 80 456
80 28 456
28 29 290
29 28 290
28 82 440
82 28 440
28 66 115
66 28 115
28 67 914
67 28 914
29 31 888
31 29 888
29 74 481
74 29 481
29 39 850
39 29 850
29 44 351
44 29 351
29 33 431
33 29 431
29 36 443
36 29 443
29 48 391
48 29 391
29 42 857
42 29 857
29 31 537
31 29 537
29 53 517
53 29 517
29 45 625
45 29 625
29 48 219
48 29 219
29 82 816
82 29 816
29 64 3
64 29 3
29 66 805
66 29 805
29 60 594
60 29 594
29 68 921
68 29 921
29 46 560
46 29 560
29 49 61
49 29 61
30 69 60
69 30 60
30 38 908
38 30 908
30 45 241
45 30 241
30 64 328
64 30 328
30 82 582
82 30 582
30 48 289
48 30 289
30 66 205
66 30 205
30 63 716
63 30 716
30 45 945
45 30 945
30 61 957
61 30 957
30 49 240
49 30 240
30 67 286
67 30 286
31 51 870
51 31 870
31 69 664
69 31 664
31 63 313
63 31 313
31 75 732
75 31 732
31 83 59
83 31 59
31 66 751
66 31 751
31 55 490
55 31 490
31 50 897
50 31 897
31 78 923
78 31 923
31 71 330
71 31 330
31 54 585
54 31 585
31 73 434
73 31 434
32 57 936
57 32 936
32 81 384
81 32 384
32 67 695
67 32 695
32 42 17
42 32 17
32 67 749
67 32 749
32 34 172
34 32 172
32 55 75
55 32 75
32 41 861
41 32 861
32 43 552
43 32 552
32 68 371
68 32 371
32 57 34
57 32 34
33 46 144
46 33 144
33 56 725
56 33 725
33 64 194
64 33 194
33 40 599
40 33 599
33 50 955
50 33 955
33 39 975
39 33 975
33 37 555
37 33 555
33 59 151
59 33 151
33 34 898
34 33 898
34 80 849
80 34 849
34 42 29
42 34 29
34 49 136
49 34 136
34 44 478
44 34 478
34 70 323
70 34 323
34 83 350
83 34 350
34 56 454
56 34 454
34 71 589
71 34 589
34 47 312
47 34 312
35 36 267
36 35 267
35 77 847
77 35 847
35 43 529
43 35 529
35 65 966
65 35 966
35 58 602
58 35 602
35 78 839
78 35 839
35 41 474
41 35 474
35 80 227
80 35 227
35 79 737
79 35 737
36 66 414
66 36 414
36 71 640
71 36 640
36 37 278
37 36 278
36 83 292
83 36 292
36 62 909
62 36 909
36 69 919
69 36 919
36 62 810
62 36 810
36 36 19
36 36 19
36 41 435
41 36 435
36 67 306
67 36 306
36 53 715
53 36 715
36 74 713
74 36 713
36 43 979
43 36 979
36 64 107
64 36 107
37 55 146
55 37 146
37 51 373
51 37 373
37 72 660
72 37 660
37 53 738
53 37 738
37 77 747
77 37 747
37 54 281
54 37 281
38 45 215
45 38 215
38 43 320
43 38 320
38 67 507
67 38 507
38 63 536
63 38 536
38 65 437
65 38 437
38 48 638
48 38 638
38 80 716
80 38 716
38 41 739
41 38 739
38 47 595
47 38 595
38 71 282
71 38 282
38 52 886
52 38 886
39 74 551
74 39 551
39 39 282
39 39 282
39 39 669
39 39 669
39 78 300
78 39 300
39 61 613
61 39 613
39 45 338
45 39 338
40 83 221
83 40 221
40 59 935
59 40 935
40 78 19
78 40 19
40 68 442
68 40 442
40 60 120
60 40 120
40 59 726
59 40 726
40 83 445
83 40 445
40 53 294
53 40 294
41 80 167
80 41 167
41 53 864
53 41 864
41 82 394
82 41 394
41 83 970
83 41 970
41 73 144
73 41 144
41 61 358
61 41 358
41 50 810
50 41 810
41 57 901
57 41 901
42 83 89
83 42 89
42 42 520
42 42 520
42 52 379
52 42 379
42 78 900
78 42 900
42 64 705
64 42 705
42 76 940
76 42 940
42 67 585
67 42 585
42 61 801
61 42 801
42 44 198
44 42 198
42 81 826
81 42 826
42 83 269
83 42 269
42 49 97
49 42 97
42 71 41
71 42 41
43 77 93
77 43 93
43 66 97
66 43 97
43 77 988
77 43 988
43 51 929
51 43 929
43 66 707
66 43 707
43 49 735
49 43 735
43 58 596
58 43 596
43 50 392
50 43 392
43 51 150
51 43 150
43 46 308
46 43 308
43 63 918
63 43 918
43 65 142
65 43 142
43 63 539
63 43 539
43 51 852
51 43 852
43 75 223
75 43 223
44 49 979
49 44 979
44 75 71
75 44 71
44 55 978
55 44 978
44 47 196
47 44 196
44 52 47
52 44 47
44 49 133
49 44 133
44 67 801
67 44 801
44 53 863
53 44 863
45 67 115
67 45 115
45 51 339
51 45 339
45 73 999
73 45 999
45 82 944
82 45 944
45 52 656
52 45 656
45 70 242
70 45 242
45 49 257
49 45 257
45 78 507
78 45 507
45 72 451
72 45 451
45 50 357
50 45 357
46 52 403
52 46 403
46 55 24
55 46 24
46 80 774
80 46 774
46 81 319
81 46 319
46 77 449
77 46 449
46 64 247
64 46 247
46 59 495
59 46 495
46 50 347
50 46 347
46 57 773
57 46 773
46 68 825
68 46 825
47 56 568
56 47 568
47 51 434
51 47 434
47 50 1000
50 47 1000
47 77 66
77 47 66
47 76 449
76 47 449
47 54 826
54 47 826
48 81 226
81 48 226
48 66 509
66 48 509
48 67 886
67 48 886
48 52 51
52 48 51
48 75 586
75 48 586
48 55 914
55 48 914
48 67 999
67 48 999
48 63 368
63 48 368
48 77 631
77 48 631
48 75 740
75 48 740
49 83 736
83 49 736
49 69 222
69 49 222
49 53 594
53 49 594
49 56 497
56 49 497
49 67 337
67 49 337
50 79 200
79 50 200
50 77 989
77 50 989
50 59 191
59 50 191
50 68 988
68 50 988
50 81 449
81 50 449
50 64 338
64 50 338
50 54 306
54 50 306
51 72 218
72 51 218
51 65 165
65 51 165
51 67 587
67 51 587
51 54 373
54 51 373
51 64 18
64 51 18
52 63 573
63 52 573
52 75 323
75 52 323
52 61 127
61 52 127
52 61 797
61 52 797
52 80 983
80 52 983
52 71 190
71 52 190
53 82 405
82 53 405
53 68 861
68 53 861
53 54 160
54 53 160
53 56 84
56 53 84
53 65 362
65 53 362
54 67 563
67 54 563
54 65 962
65 54 962
54 71 181
71 54 181
54 68 946
68 54 946
54 59 957
59 54 957
54 74 428
74 54 428
55 81 978
81 55 978
55 63 889
63 55 889
55 68 584
68 55 584
55 70 404
70 55 404
56 59 715
59 56 715
56 61 227
61 56 227
56 66 644
66 56 644
56 67 889
67 56 889
56 71 202
71 56 202
57 69 521
69 57 521
57 69 308
69 57 308
57 79 422
79 57 422
57 58 461
58 57 461
57 78 957
78 57 957
57 71 746
71 57 746
57 64 750
64 57 750
57 75 660
75 57 660
58 74 537
74 58 537
58 77 493
77 58 493
58 62 113
62 58 113
58 62 313
62 58 313
58 67 329
67 58 329
58 67 774
67 58 774
58 80 868
80 58 868
59 63 135
63 59 135
59 76 312
76 59 312
59 78 133
78 59 133
59 61 556
61 59 556
59 67 111
67 59 111
59 81 605
81 59 605
59 74 766
74 59 766
59 63 829
63 59 829
59 63 898
63 59 898
59 60 357
60 59 357
59 75 25
75 59 25
59 70 928
70 59 928
60 62 488
62 60 488
60 75 559
75 60 559
60 82 903
82 60 903
60 81 858
81 60 858
60 66 362
66 60 362
60 62 550
62 60 550
60 76 326
76 60 326
60 77 321
77 60 321
60 61 29
61 60 29
60 81 570
81 60 570
60 80 705
80 60 705
61 66 165
66 61 165
61 80 467
80 61 467
61 73 296
73 61 296
61 64 224
64 61 224
61 74 513
74 61 513
61 67 767
67 61 767
61 72 987
72 61 987
62 70 455
70 62 455
62 71 671
71 62 671
62 74 262
74 62 262
62 70 599
70 62 599
62 68 589
68 62 589
62 73 567
73 62 567
63 77 335
77 63 335
63 66 901
66 63 901
63 83 373
83 63 373
63 68 625
68 63 625
64 82 526
82 64 526
64 65 271
65 64 271
64 65 587
65 64 587
64 75 565
75 64 565
64 81 546
81 64 546
65 65 876
65 65 876
65 81 266
81 65 266
65 65 276
65 65 276
66 75 322
75 66 322
66 71 618
71 66 618
66 71 465
71 66 465
66 79 565
79 66 565
66 73 834
73 66 834
67 70 855
70 67 855
68 75 387
75 68 387
68 74 991
74 68 991
69 73 990
73 69 990
69 75 826
75 69 826
70 83 74
83 70 74
71 75 341
75 71 341
71 81 671
81 71 671
71 81 501
81 71 501
72 83 129
83 72 129
73 74 845
74 73 845
74 76 554
76 74 554
74 79 240
79 74 240
75 76 686
76 75 686
75 82 309
82 75 309
76 78 200
78 76 200
77 82 445
82 77 445
77 81 750
81 77 750
