98

0 1 641
1 0 641
0 88 442
88 0 442
0 17 565
17 0 565
0 32 703
32 0 703
0 83 369
83 0 369
0 87 593
87 0 593
0 62 146
62 0 146
0 67 37
67 0 37
0 83 536
83 0 536
0 43 168
43 0 168
0 22 617
22 0 617
0 40 516
40 0 516
0 81 120
81 0 120
1 2 971
2 1 971
1 17 505
17 1 505
1 87 647
87 1 647
1 34 332
34 1 332
1 62 57
62 1 57
1 71 63
71 1 63
1 6 954
6 1 954
1 14 373
14 1 373
1 88 381
88 1 381
1 91 655
91 1 655
1 26 741
26 1 741
1 62 157
62 1 157
1 21 224
21 1 224
1 44 183
44 1 183
1 75 434
75 1 434
2 3 439
3 2 439
2 5 458
5 2 458
2 7 185
7 2 185
2 9 946
9 2 946
2 12 804
12 2 804
2 16 278
16 2 278
2 26 74
26 2 74
2 33 296
33 2 296
2 34 392
34 2 392
2 37 17
37 2 17
2 83 365
83 2 365
2 34 605
34 2 605
2 8 253
8 2 253
2 83 107
83 2 107
2 19 938
19 2 938
2 88 997
88 2 997
2 93 122
93 2 122
2 91 655
91 2 655
2 91 371
91 2 371
2 68 676
68 2 676
2 18 604
18 2 604
2 37 866
37 2 866
2 25 267
25 2 267
3 4 612
4 3 612
3 31 404
31 3 404
3 92 416
92 3 416
3 31 88
31 3 88
3 7 699
7 3 699
3 77 153
77 3 153
3 7 109
7 3 109
3 33 441
33 3 441
3 67 650
67 3 650
3 25 344
25 3 344
3 17 744
17 3 744
3 85 132
85 3 132
3 61 174
61 3 174
3 88 281
88 3 281
3 30 500
30 3 500
3 24 209
24 3 209
3 17 809
17 3 809
4 10 982
10 4 982
4 15 537
15 4 537
4 29 675
29 4 675
4 62 232
62 4 232
4 55 141
55 4 141
4 45 904
45 4 904
4 15 136
15 4 136
4 83 819
83 4 819
4 36 744
36 4 744
4 40 431
40 4 431
4 70 694
70 4 694
4 88 988
88 4 988
4 65 639
65 4 639
4 31 849
31 4 849
4 39 19
39 4 19
4 24 206
24 4 206
4 7 101
7 4 101
4 24 208
24 4 208
4 77 31
77 4 31
4 69 112
69 4 112
4 92 62
92 4 62
4 9 811
9 4 811
4 67 460
67 4 460
5 6 774
6 5 774
5 19 696
19 5 696
5 24 508
24 5 508
5 42 682
42 5 682
5 59 536
59 5 536
5 81 190
81 5 190
5 95 219
95 5 219
5 38 850
38 5 850
5 40 277
40 5 277
5 63 39
63 5 39
5 88 930
88 5 930
5 30 285
30 5 285
5 29 161
29 5 161
5 84 475
84 5 475
5 20 387
20 5 387
5 33 235
33 5 235
5 77 806
77 5 806
5 95 841
95 5 841
5 97 114
97 5 114
5 44 266
44 5 266
5 26 630
26 5 630
5 30 99
30 5 99
5 25 572
25 5 572
5 42 82
42 5 82
5 76 874
76 5 874
5 87 233
87 5 233
6 28 812
28 6 812
6 51 635
51 6 635
6 31 662
31 6 662
6 79 167
79 6 167
6 61 276
61 6 276
6 51 831
51 6 831
6 66 902
66 6 902
6 73 792
73 6 792
6 67 322
67 6 322
6 65 440
65 6 440
6 91 822
91 6 822
6 56 609
56 6 609
6 74 327
74 6 327
6 92 213
92 6 213
6 33 415
33 6 415
6 78 100
78 6 100
6 75 992
75 6 992
7 8 257
8 7 257
7 80 637
80 7 637
7 30 717
30 7 717
7 9 560
9 7 560
7 48 681
48 7 681
7 97 275
97 7 275
7 27 141
27 7 141
7 52 496
52 7 496
7 12 557
12 7 557
8 11 609
11 8 609
8 46 571
46 8 571
8 35 229
35 8 229
8 69 921
69 8 921
8 38 213
38 8 213
8 67 91
67 8 91
8 74 495
74 8 495
8 66 139
66 8 139
8 21 615
21 8 615
8 65 665
65 8 665
8 13 583
13 8 583
8 80 599
80 8 599
8 92 324
92 8 324
8 46 134
46 8 134
8 67 203
67 8 203
8 30 362
30 8 362
8 72 928
72 8 928
8 64 166
64 8 166
9 91 621
91 9 621
9 50 416
50 9 416
9 39 927
39 9 927
9 86 712
86 9 712
9 91 727
91 9 727
9 65 573
65 9 573
9 52 549
52 9 549
9 66 884
66 9 884
9 86 678
86 9 678
9 89 454
89 9 454
9 55 501
55 9 501
9 69 562
69 9 562
9 31 906
31 9 906
9 16 582
16 9 582
9 27 777
27 9 777
10 18 91
18 10 91
10 28 234
28 10 234
10 95 253
95 10 253
10 12 80
12 10 80
10 65 111
65 10 111
10 15 370
15 10 370
10 28 609
28 10 609
10 24 921
24 10 921
10 85 285
85 10 285
10 25 15
25 10 15
10 70 815
70 10 815
10 48 252
48 10 252
10 94 770
94 10 770
10 13 86
13 10 86
10 55 827
55 10 827
10 97 296
97 10 296
10 48 393
48 10 393
10 36 34
36 10 34
11 38 1000
38 11 1000
11 68 239
68 11 239
11 15 817
15 11 817
11 81 72
81 11 72
11 36 224
36 11 224
11 24 493
24 11 493
11 59 603
59 11 603
11 85 889
85 11 889
11 42 403
42 11 403
12 13 111
13 12 111
12 27 897
27 12 897
12 29 795
29 12 795
12 53 896
53 12 896
12 78 963
78 12 963
12 13 647
13 12 647
12 85 549
85 12 549
12 67 298
67 12 298
12 22 246
22 12 246
12 46 596
46 12 596
12 51 909
51 12 909
12 18 998
18 12 998
12 71 625
71 12 625
12 21 221
21 12 221
12 50 473
50 12 473
12 33 578
33 12 578
12 50 177
50 12 177
12 27 398
27 12 398
12 68 702
68 12 702
13 14 146
14 13 146
13 22 254
22 13 254
13 48 670
48 13 670
13 63 263
63 13 263
13 78 639
78 13 639
13 79 660
79 13 660
13 59 929
59 13 929
13 68 994
68 13 994
13 44 768
44 13 768
13 90 107
90 13 107
13 28 375
28 13 375
13 20 518
20 13 518
13 22 104
22 13 104
13 64 650
64 13 650
13 96 917
96 13 917
13 18 243
18 13 243
13 74 532
74 13 532
13 80 647
80 13 647
14 30 615
30 14 615
14 44 748
44 14 748
14 26 528
26 14 528
14 77 648
77 14 648
14 93 700
93 14 700
14 61 770
61 14 770
14 31 77
31 14 77
14 59 481
59 14 481
14 37 643
37 14 643
14 15 200
15 14 200
14 50 864
50 14 864
14 69 814
69 14 814
14 86 432
86 14 432
14 56 941
56 14 941
14 76 419
76 14 419
14 80 285
80 14 285
14 15 605
15 14 605
15 40 32
40 15 32
15 45 396
45 15 396
15 62 892
62 15 892
15 90 564
90 15 564
15 47 705
47 15 705
15 39 251
39 15 251
15 28 598
28 15 598
15 17 227
17 15 227
15 84 624
84 15 624
15 97 64
97 15 64
15 22 214
22 15 214
15 24 250
24 15 250
15 83 137
83 15 137
15 66 99
66 15 99
15 64 154
64 15 154
15 44 791
44 15 791
15 51 741
51 15 741
16 23 489
23 16 489
16 39 118
39 16 118
16 22 228
22 16 228
16 75 228
75 16 228
16 90 904
90 16 904
16 54 345
54 16 345
16 23 567
23 16 567
16 76 723
76 16 723
16 93 288
93 16 288
16 62 547
62 16 547
16 59 202
59 16 202
16 50 960
50 16 960
16 36 626
36 16 626
16 37 755
37 16 755
16 56 297
56 16 297
16 44 782
44 16 782
16 69 732
69 16 732
16 72 464
72 16 464
16 18 682
18 16 682
17 20 119
20 17 119
17 93 330
93 17 330
17 25 737
25 17 737
17 77 597
77 17 597
17 76 17
76 17 17
17 49 227
49 17 227
17 21 19
21 17 19
17 46 89
46 17 89
17 94 372
94 17 372
17 92 965
92 17 965
17 62 947
62 17 947
17 24 517
24 17 517
17 62 879
62 17 879
18 77 312
77 18 312
18 81 53
81 18 53
18 58 809
58 18 809
18 91 196
91 18 196
18 33 982
33 18 982
18 32 277
32 18 277
18 22 936
22 18 936
19 92 653
92 19 653
19 32 919
32 19 919
19 61 562
61 19 562
19 54 354
54 19 354
19 42 793
42 19 793
19 32 846
32 19 846
19 52 157
52 19 157
19 89 234
89 19 234
19 89 412
89 19 412
19 87 405
87 19 405
19 20 840
20 19 840
19 66 820
66 19 820
19 49 282
49 19 282
19 86 154
86 19 154
19 38 736
38 19 736
20 21 47
21 20 47
20 25 360
25 20 360
20 49 298
49 20 298
20 24 118
24 20 118
20 82 121
82 20 121
20 37 992
37 20 992
20 33 613
33 20 613
20 69 974
69 20 974
20 83 398
83 20 398
20 56 807
56 20 807
20 82 56
82 20 56
20 27 402
27 20 402
20 56 203
56 20 203
20 82 757
82 20 757
21 27 502
27 21 502
21 95 648
95 21 648
21 72 43
72 21 43
21 82 478
82 21 478
21 37 429
37 21 429
21 76 257
76 21 257
21 54 447
54 21 447
21 41 10
41 21 10
22 90 254
90 22 254
22 92 135
92 22 135
22 80 22
80 22 22
22 84 608
84 22 608
22 42 435
42 22 435
22 41 688
41 22 688
22 75 799
75 22 799
22 56 372
56 22 372
22 31 302
31 22 302
22 39 365
39 22 365
22 24 352
24 22 352
22 94 341
94 22 341
23 35 145
35 23 145
23 92 776
92 23 776
23 37 665
37 23 665
23 26 573
26 23 573
23 59 112
59 23 112
23 73 143
73 23 143
23 58 648
58 23 648
23 38 900
38 23 900
23 82 908
82 23 908
23 82 421
82 23 421
23 62 525
62 23 525
23 70 846
70 23 846
23 84 372
84 23 372
23 43 29
43 23 29
24 43 923
43 24 923
24 74 989
74 24 989
24 37 800
37 24 800
24 52 690
52 24 690
24 92 836
92 24 836
24 36 100
36 24 100
24 82 624
82 24 624
24 76 944
76 24 944
24 57 160
57 24 160
25 32 787
32 25 787
25 37 34
37 25 34
25 66 332
66 25 332
25 26 645
26 25 645
25 75 531
75 25 531
25 51 990
51 25 990
25 75 335
75 25 335
25 48 461
48 25 461
25 96 978
96 25 978
25 65 277
65 25 277
25 64 996
64 25 996
25 73 754
73 25 754
25 63 533
63 25 533
25 96 802
96 25 802
25 63 998
63 25 998
25 45 368
45 25 368
25 92 639
92 25 639
25 44 559
44 25 559
26 29 236
29 26 236
26 36 252
36 26 252
26 41 605
41 26 605
26 55 801
55 26 801
26 82 481
82 26 481
26 61 193
61 26 193
26 62 298
62 26 298
26 86 848
86 26 848
26 36 508
36 26 508
26 85 874
85 26 874
26 32 872
32 26 872
26 26 455
26 26 455
27 47 476
47 27 476
27 73 499
73 27 499
27 32 388
32 27 388
27 64 968
64 27 968
27 87 631
87 27 631
27 41 851
41 27 851
27 33 382
33 27 382
27 32 373
32 27 373
27 70 715
70 27 715
27 91 288
91 27 288
27 37 203
37 27 203
27 31 948
31 27 948
28 64 4
64 28 4
28 35 557
35 28 557
28 31 485
31 28 485
28 61 869
61 28 869
28 33 114
33 28 114
28 79 660
79 28 660
28 90 775
90 28 775
28 64 67
64 28 67
28 97 94
97 28 94
28 63 601
63 28 601
28 41 828
41 28 828
29 50 669
50 29 669
29 48 928
48 29 928
29 96 763
96 29 763
29 96 600
96 29 600
29 59 17
59 29 17
29 36 888
36 29 888
29 45 448
45 29 448
29 62 481
62 29 481
29 45 107
45 29 107
29 77 38
77 29 38
29 86 567
86 29 567
29 82 390
82 29 390
29 56 217
56 29 217
29 80 527
80 29 527
29 32 809
32 29 809
29 68 543
68 29 543
29 57 663
57 29 663
30 41 710
41 30 710
30 70 81
70 30 81
30 32 730
32 30 730
30 60 875
60 30 875
30 69 176
69 30 176
30 36 65
36 30 65
30 91 198
91 30 198
30 55 840
55 30 840
30 85 429
85 30 429
30 59 572
59 30 572
30 66 375
66 30 375
30 94 387
94 30 387
30 66 722
66 30 722
30 35 232
35 30 232
31 58 146
58 31 146
31 75 466
75 31 466
31 34 257
34 31 257
31 40 212
40 31 212
31 40 366
40 31 366
32 65 107
65 32 107
32 85 480
85 32 480
32 72 339
72 32 339
32 62 24
62 32 24
32 38 107
38 32 107
32 76 988
76 32 988
32 93 823
93 32 823
32 43 692
43 32 692
32 86 851
86 32 851
32 36 308
36 32 308
33 60 302
60 33 302
33 69 235
69 33 235
33 35 322
35 33 322
33 38 863
38 33 863
33 61 465
61 33 465
33 40 856
40 33 856
33 62 4
62 33 4
33 78 888
78 33 888
34 86 671
86 34 671
34 55 978
55 34 978
34 92 150
92 34 150
34 53 88
53 34 88
34 38 973
38 34 973
34 74 411
74 34 411
34 44 837
44 34 837
34 38 956
38 34 956
34 38 599
38 34 599
35 53 400
53 35 400
35 84 114
84 35 114
35 91 828
91 35 828
35 95 116
95 35 116
35 63 347
63 35 347
35 41 245
41 35 245
35 60 250
60 35 250
35 48 849
48 35 849
35 72 871
72 35 871
35 64 580
64 35 580
35 86 354
86 35 354
35 89 280
89 35 280
35 40 268
40 35 268
35 39 789
39 35 789
35 87 683
87 35 683
35 90 245
90 35 245
36 50 298
50 36 298
36 58 466
58 36 466
36 63 283
63 36 283
36 88 570
88 36 570
36 97 893
97 36 893
36 50 163
50 36 163
36 68 355
68 36 355
37 95 221
95 37 221
37 84 619
84 37 619
38 43 947
43 38 947
38 54 805
54 38 805
38 91 543
91 38 543
38 75 739
75 38 739
38 65 438
65 38 438
38 96 473
96 38 473
38 77 753
77 38 753
38 89 635
89 38 635
38 69 380
69 38 380
39 57 939
57 39 939
39 66 927
66 39 927
39 65 309
65 39 309
39 81 311
81 39 311
39 57 399
57 39 399
39 58 476
58 39 476
39 92 706
92 39 706
39 66 559
66 39 559
39 84 360
84 39 360
39 90 447
90 39 447
40 46 466
46 40 466
40 44 199
44 40 199
40 92 650
92 40 650
40 44 665
44 40 665
40 83 675
83 40 675
40 87 934
87 40 934
41 81 409
81 41 409
41 61 597
61 41 597
41 86 683
86 41 683
41 72 565
72 41 565
41 48 415
48 41 415
41 60 928
60 41 928
41 46 406
46 41 406
41 51 848
51 41 848
42 80 986
80 42 986
42 87 562
87 42 562
42 66 144
66 42 144
42 94 215
94 42 215
42 55 831
55 42 831
42 60 405
60 42 405
42 79 650
79 42 650
42 46 6
46 42 6
42 88 295
88 42 295
42 51 138
51 42 138
42 48 969
48 42 969
43 65 633
65 43 633
43 74 337
74 43 337
43 93 875
93 43 875
43 52 156
52 43 156
43 83 85
83 43 85
43 68 541
68 43 541
43 87 278
87 43 278
43 74 679
74 43 679
43 48 973
48 43 973
43 50 793
50 43 793
43 44 260
44 43 260
43 49 461
49 43 461
44 52 744
52 44 744
44 55 797
55 44 797
44 70 817
70 44 817
44 83 829
83 44 829
44 93 446
93 44 446
44 89 229
89 44 229
44 56 546
56 44 546
44 47 666
47 44 666
44 81 371
81 44 371
44 62 700
62 44 700
44 61 105
61 44 105
44 51 996
51 44 996
45 48 900
48 45 900
45 68 518
68 45 518
45 46 405
46 45 405
45 81 159
81 45 159
45 74 683
74 45 683
46 61 347
61 46 347
46 79 59
79 46 59
46 59 160
59 46 160
46 86 369
86 46 369
46 71 966
71 46 966
47 53 57
53 47 57
47 94 674
94 47 674
47 56 55
56 47 55
48 72 102
72 48 102
48 65 851
65 48 851
48 89 203
89 48 203
48 66 783
66 48 783
48 79 476
79 48 476
48 64 199
64 48 199
48 66 59
66 48 59
48 71 132
71 48 132
48 60 757
60 48 757
48 79 4
79 48 4
48 64 215
64 48 215
48 88 897
88 48 897
49 60 700
60 49 700
49 54 778
54 49 778
49 64 907
64 49 907
49 76 857
76 49 857
49 69 553
69 49 553
50 84 839
84 50 839
50 90 860
90 50 860
50 80 148
80 50 148
50 76 681
76 50 681
50 59 43
59 50 43
50 66 375
66 50 375
50 75 757
75 50 757
50 81 574
81 50 574
50 72 595
72 50 595
51 66 574
66 51 574
51 77 674
77 51 674
51 71 500
71 51 500
51 82 345
82 51 345
51 66 357
66 51 357
51 73 148
73 51 148
52 93 490
93 52 490
52 52 76
52 52 76
52 60 66
60 52 66
52 57 597
57 52 597
52 62 633
62 52 633
52 77 99
77 52 99
52 55 458
55 52 458
52 93 401
93 52 401
53 57 845
57 53 845
53 81 63
81 53 63
53 65 604
65 53 604
53 55 110
55 53 110
53 60 102
60 53 102
53 71 399
71 53 399
53 82 496
82 53 496
53 88 395
88 53 395
53 95 853
95 53 853
54 56 514
56 54 514
54 84 512
84 54 512
54 81 235
81 54 235
54 95 634
95 54 634
54 74 408
74 54 408
54 97 888
97 54 888
54 90 847
90 54 847
55 61 537
61 55 537
55 56 792
56 55 792
55 70 378
70 55 378
55 76 562
76 55 562
55 88 220
88 55 220
55 65 956
65 55 956
55 87 865
87 55 865
55 83 391
83 55 391
55 83 671
83 55 671
56 79 960
79 56 960
56 76 550
76 56 550
57 86 887
86 57 887
57 93 554
93 57 554
57 61 789
61 57 789
57 81 530
81 57 530
57 62 891
62 57 891
57 88 821
88 57 821
58 94 118
94 58 118
58 94 471
94 58 471
58 69 693
69 58 693
58 64 709
64 58 709
58 58 972
58 58 972
59 67 595
67 59 595
59 75 340
75 59 340
59 95 130
95 59 130
59 95 971
95 59 971
59 73 213
73 59 213
59 77 430
77 59 430
60 72 872
72 60 872
60 76 245
76 60 245
60 90 720
90 60 720
60 80 295
80 60 295
60 65 560
65 60 560
60 60 552
60 60 552
60 67 401
67 60 401
60 79 90
79 60 90
60 75 2
75 60 2
60 69 272
69 60 272
60 89 735
89 60 735
61 91 897
91 61 897
61 73 986
73 61 986
61 72 540
72 61 540
61 76 607
76 61 607
62 74 671
74 62 671
62 79 172
79 62 172
62 71 136
71 62 136
62 81 678
81 62 678
62 79 389
79 62 389
62 63 125
63 62 125
62 89 99
89 62 99
62 75 979
75 62 979
63 85 844
85 63 844
63 82 723
82 63 723
63 81 993
81 63 993
63 92 378
92 63 378
63 65 512
65 63 512
63 92 895
92 63 895
63 69 538
69 63 538
63 64 54
64 63 54
64 87 550
87 64 550
64 86 465
86 64 465
64 77 364
77 64 364
64 66 991
66 64 991
64 76 598
76 64 598
65 73 525
73 65 525
65 81 612
81 65 612
65 97 838
97 65 838
65 89 228
89 65 228
66 71 500
71 66 500
66 73 327
73 66 327
66 80 706
80 66 706
66 67 270
67 66 270
66 86 875
86 66 875
66 80 267
80 66 267
67 96 193
96 67 193
67 94 757
94 67 757
67 70 225
70 67 225
67 94 93
94 67 93
68 82 154
82 68 154
68 79 805
79 68 805
68 75 758
75 68 758
68 72 665
72 68 665
68 93 263
93 68 263
69 85 628
85 69 628
69 76 70
76 69 70
69 75 128
75 69 128
69 95 799
95 69 799
69 82 548
82 69 548
69 69 63
69 69 63
69 89 524
89 69 524
70 89 852
89 70 852
70 85 846
85 70 846
70 95 247
95 70 247
71 88 66
88 71 66
71 84 676
84 71 676
71 85 584
85 71 584
71 94 756
94 71 756
71 94 784
94 71 784
72 86 918
86 72 918
72 90 279
90 72 279
72 74 353
74 72 353
72 73 469
73 72 469
73 86 991
86 73 991
73 96 726
96 73 726
73 84 586
84 73 586
73 91 474
91 73 474
73 88 95
88 73 95
74 77 96
77 74 96
74 97 619
97 74 619
75 81 584
81 75 584
75 80 569
80 75 569
75 96 842
96 75 842
75 86 535
86 75 535
77 92 790
92 77 790
78 90 175
90 78 175
78 90 991
90 78 991
78 92 801
92 78 801
78 92 770
92 78 770
79 92 309
92 79 309
79 88 220
88 79 220
80 89 453
89 80 453
80 94 351
94 80 351
80 87 680
87 80 680
81 89 590
89 81 590
81 90 941
90 81 941
81 96 241
96 81 241
82 90 389
90 82 389
82 89 617
89 82 617
82 95 41
95 82 41
83 90 100
90 83 100
84 93 821
93 84 821
84 90 461
90 84 461
84 87 588
87 84 588
85 92 69
92 85 69
85 85 425
85 85 425
85 90 908
90 85 908
86 93 711
93 86 711
86 87 788
87 86 788
86 96 140
96 86 140
87 94 52
94 87 52
87 95 801
95 87 801
87 96 377
96 87 377
88 88 846
88 88 846
88 96 669
96 88 669
88 92 700
92 88 700
89 94 397
94 89 397
89 91 126
91 89 126
90 97 289
97 90 289
90 97 564
97 90 564
90 92 921
92 90 921
91 95 121
95 91 121
91 97 212
97 91 212
92 93 507
93 92 507
92 96 75
96 92 75
92 96 463
96 92 463
92 92 76
92 92 76
94 94 295
94 94 295
