35

0 1 40
1 0 40
0 2 232
2 0 232
0 29 322
29 0 322
0 15 365
15 0 365
0 30 994
30 0 994
0 17 426
17 0 426
0 31 544
31 0 544
0 4 230
4 0 230
0 9 432
9 0 432
1 3 934
3 1 934
1 4 414
4 1 414
1 5 892
5 1 892
1 7 882
7 1 882
1 14 915
14 1 915
1 19 124
19 1 124
1 24 92
24 1 92
1 31 468
31 1 468
1 17 206
17 1 206
1 9 919
9 1 919
1 24 600
24 1 600
1 7 691
7 1 691
1 33 329
33 1 329
2 6 690
6 2 690
2 10 415
10 2 415
2 15 583
15 2 583
2 34 973
34 2 973
2 18 723
18 2 723
2 7 390
7 2 390
2 28 133
28 2 133
2 10 671
10 2 671
3 27 872
27 3 872
3 23 61
23 3 61
3 16 622
16 3 622
3 25 821
25 3 821
4 20 497
20 4 497
4 29 865
29 4 865
4 12 556
12 4 556
4 9 34
9 4 34
4 21 331
21 4 331
4 24 251
24 4 251
4 8 801
8 4 801
4 16 252
16 4 252
5 9 691
9 5 691
5 9 707
9 5 707
5 12 741
12 5 741
5 11 492
11 5 492
6 13 594
13 6 594
6 10 796
10 6 796
6 15 742
15 6 742
7 8 834
8 7 834
7 17 881
17 7 881
7 10 161
10 7 161
7 19 913
19 7 913
8 33 928
33 8 928
8 19 59
19 8 59
9 11 264
11 9 264
9 12 582
12 9 582
10 28 574
28 10 574
10 22 808
22 10 808
10 20 953
20 10 953
11 12 876
12 11 876
11 32 489
32 11 489
11 12 587
12 11 587
11 19 826
19 11 826
11 18 582
18 11 582
11 13 815
13 11 815
12 21 319
21 12 319
12 22 976
22 12 976
12 30 844
30 12 844
12 31 439
31 12 439
12 19 672
19 12 672
13 26 222
26 13 222
14 18 554
18 14 554
14 21 141
21 14 141
14 30 512
30 14 512
14 32 852
32 14 852
14 27 799
27 14 799
14 17 180
17 14 180
14 34 126
34 14 126
15 16 322
16 15 322
16 23 416
23 16 416
16 31 401
31 16 401
17 19 698
19 17 698
18 25 487
25 18 487
18 23 841
23 18 841
18 23 505
23 18 505
18 32 896
32 18 896
19 28 465
28 19 465
19 24 938
24 19 938
21 27 660
27 21 660
21 22 96
22 21 96
22 29 305
29 22 305
22 33 434
33 22 434
22 34 105
34 22 105
24 30 337
30 24 337
24 32 461
32 24 461
25 28 560
28 25 560
25 32 300
32 25 300
25 26 711
26 25 711
25 32 788
32 25 788
25 27 795
27 25 795
27 32 775
32 27 775
29 31 891
31 29 891
31 32 538
32 31 538
31 33 886
33 31 886
