59

0 1 691
1 0 691
0 2 7
2 0 7
0 4 799
4 0 799
0 28 572
28 0 572
0 47 663
47 0 663
0 36 532
36 0 532
0 4 740
4 0 740
0 50 699
50 0 699
0 7 506
7 0 506
0 43 124
43 0 124
0 49 322
49 0 322
1 6 399
6 1 399
1 8 558
8 1 558
1 37 963
37 1 963
1 22 348
22 1 348
1 37 884
37 1 884
1 4 290
4 1 290
1 41 192
41 1 192
1 25 148
25 1 148
1 16 117
16 1 117
1 30 333
30 1 333
1 2 904
2 1 904
2 3 863
3 2 863
2 12 715
12 2 715
2 19 161
19 2 161
2 27 750
27 2 750
2 58 636
58 2 636
2 9 128
9 2 128
2 14 39
14 2 39
2 41 290
41 2 290
3 5 546
5 3 546
3 10 962
10 3 962
3 21 436
21 3 436
3 28 728
28 3 728
3 38 967
38 3 967
3 11 496
11 3 496
3 33 830
33 3 830
3 50 40
50 3 40
3 19 515
19 3 515
3 14 853
14 3 853
3 12 841
12 3 841
3 17 531
17 3 531
3 16 151
16 3 151
3 34 243
34 3 243
3 52 69
52 3 69
4 7 726
7 4 726
4 13 528
13 4 528
4 45 108
45 4 108
4 44 391
44 4 391
4 31 227
31 4 227
4 57 419
57 4 419
4 58 149
58 4 149
4 19 3
19 4 3
4 22 443
22 4 443
4 10 259
10 4 259
4 55 437
55 4 437
4 15 505
15 4 505
4 42 49
42 4 49
4 14 578
14 4 578
4 13 695
13 4 695
4 14 665
14 4 665
5 9 423
9 5 423
5 11 232
11 5 232
5 22 122
22 5 122
5 19 73
19 5 73
5 45 624
45 5 624
5 37 881
37 5 881
5 48 494
48 5 494
5 44 483
44 5 483
5 38 216
38 5 216
6 29 587
29 6 587
6 41 688
41 6 688
6 29 543
29 6 543
6 41 740
41 6 740
6 16 501
16 6 501
6 57 894
57 6 894
7 14 455
14 7 455
7 39 568
39 7 568
7 27 648
27 7 648
7 40 993
40 7 993
7 24 958
24 7 958
7 44 68
44 7 68
7 39 188
39 7 188
7 33 911
33 7 911
7 23 704
23 7 704
7 8 815
8 7 815
7 58 185
58 7 185
7 18 512
18 7 512
7 46 840
46 7 840
8 24 727
24 8 727
8 31 171
31 8 171
8 50 470
50 8 470
8 9 969
9 8 969
8 16 365
16 8 365
8 49 218
49 8 218
8 51 867
51 8 867
8 18 950
18 8 950
9 47 191
47 9 191
9 58 640
58 9 640
9 55 322
55 9 322
9 22 883
22 9 883
9 41 761
41 9 761
9 58 970
58 9 970
9 17 958
17 9 958
9 14 868
14 9 868
9 29 988
29 9 988
9 36 537
36 9 537
9 31 776
31 9 776
9 46 2
46 9 2
9 41 200
41 9 200
9 50 732
50 9 732
10 16 760
16 10 760
10 41 449
41 10 449
10 27 940
27 10 940
10 53 375
53 10 375
10 39 609
39 10 609
10 49 759
49 10 759
10 55 373
55 10 373
10 23 623
23 10 623
10 27 536
27 10 536
11 15 249
15 11 249
11 17 185
17 11 185
11 18 822
18 11 822
11 23 268
23 11 268
11 34 415
34 11 415
11 28 657
28 11 657
12 24 631
24 12 631
12 56 613
56 12 613
12 33 492
33 12 492
13 39 662
39 13 662
13 51 223
51 13 223
13 18 523
18 13 523
13 42 388
42 13 388
13 46 339
46 13 339
13 37 471
37 13 471
13 29 764
29 13 764
13 56 989
56 13 989
14 29 563
29 14 563
14 55 625
55 14 625
14 42 749
42 14 749
14 17 743
17 14 743
14 56 948
56 14 948
14 47 906
47 14 906
15 52 967
52 15 967
15 17 40
17 15 40
15 37 746
37 15 746
15 24 527
24 15 527
16 25 548
25 16 548
16 47 168
47 16 168
16 18 206
18 16 206
16 53 751
53 16 751
16 20 506
20 16 506
16 26 527
26 16 527
17 24 61
24 17 61
17 56 397
56 17 397
17 29 871
29 17 871
17 34 159
34 17 159
17 58 510
58 17 510
17 35 764
35 17 764
17 39 582
39 17 582
17 39 307
39 17 307
17 49 751
49 17 751
17 18 255
18 17 255
18 20 196
20 18 196
18 49 94
49 18 94
18 32 11
32 18 11
18 18 988
18 18 988
18 31 351
31 18 351
18 22 106
22 18 106
18 31 794
31 18 794
19 41 509
41 19 509
19 55 949
55 19 949
19 19 614
19 19 614
19 40 684
40 19 684
20 31 996
31 20 996
20 33 441
33 20 441
20 46 573
46 20 573
20 40 420
40 20 420
20 38 139
38 20 139
20 55 966
55 20 966
20 52 762
52 20 762
21 37 243
37 21 243
21 37 814
37 21 814
21 53 60
53 21 60
21 34 47
34 21 47
22 40 503
40 22 503
22 50 753
50 22 753
22 55 482
55 22 482
22 57 577
57 22 577
22 41 720
41 22 720
23 30 730
30 23 730
23 30 804
30 23 804
23 36 163
36 23 163
23 57 354
57 23 354
23 37 25
37 23 25
23 43 905
43 23 905
23 56 343
56 23 343
23 37 238
37 23 238
23 26 506
26 23 506
23 41 823
41 23 823
23 39 22
39 23 22
24 26 776
26 24 776
24 38 871
38 24 871
24 28 670
28 24 670
24 28 391
28 24 391
24 52 970
52 24 970
24 48 59
48 24 59
24 31 849
31 24 849
24 25 946
25 24 946
25 40 924
40 25 924
25 49 472
49 25 472
25 25 855
25 25 855
25 55 266
55 25 266
26 56 408
56 26 408
26 48 624
48 26 624
26 38 887
38 26 887
26 56 900
56 26 900
26 33 148
33 26 148
27 35 289
35 27 289
27 56 82
56 27 82
27 46 513
46 27 513
27 50 351
50 27 351
27 50 350
50 27 350
27 47 865
47 27 865
28 45 321
45 28 321
28 31 566
31 28 566
28 55 552
55 28 552
28 39 772
39 28 772
29 32 940
32 29 940
29 43 865
43 29 865
29 45 324
45 29 324
29 42 669
42 29 669
29 48 875
48 29 875
30 49 980
49 30 980
30 50 581
50 30 581
30 56 497
56 30 497
30 48 305
48 30 305
30 42 705
42 30 705
30 30 271
30 30 271
30 53 739
53 30 739
30 53 703
53 30 703
30 49 414
49 30 414
31 37 994
37 31 994
31 49 768
49 31 768
32 45 274
45 32 274
32 47 68
47 32 68
33 49 575
49 33 575
33 54 953
54 33 953
33 49 772
49 33 772
33 46 444
46 33 444
33 44 784
44 33 784
33 49 673
49 33 673
34 36 735
36 34 735
34 44 712
44 34 712
34 54 828
54 34 828
34 52 451
52 34 451
34 51 219
51 34 219
35 42 591
42 35 591
35 48 648
48 35 648
35 55 676
55 35 676
35 36 607
36 35 607
35 36 605
36 35 605
36 55 921
55 36 921
36 37 742
37 36 742
36 43 585
43 36 585
37 37 215
37 37 215
37 48 287
48 37 287
38 45 259
45 38 259
38 38 555
38 38 555
39 43 609
43 39 609
39 54 226
54 39 226
39 56 661
56 39 661
39 57 606
57 39 606
39 55 619
55 39 619
40 49 88
49 40 88
40 46 625
46 40 625
41 54 102
54 41 102
41 41 505
41 41 505
41 48 486
48 41 486
41 49 133
49 41 133
42 44 719
44 42 719
42 45 526
45 42 526
42 57 969
57 42 969
42 44 896
44 42 896
43 55 295
55 43 295
43 52 914
52 43 914
44 48 232
48 44 232
45 53 692
53 45 692
45 45 993
45 45 993
45 54 856
54 45 856
46 52 291
52 46 291
46 47 73
47 46 73
46 53 352
53 46 352
47 55 927
55 47 927
47 51 935
51 47 935
48 49 196
49 48 196
48 54 257
54 48 257
48 55 44
55 48 44
49 52 696
52 49 696
50 53 984
53 50 984
52 53 954
53 52 954
52 53 171
53 52 171
54 56 166
56 54 166
54 54 293
54 54 293
54 57 315
57 54 315
55 57 582
57 55 582
55 58 64
58 55 64
56 57 241
57 56 241
