86

0 1 686
1 0 686
0 4 573
4 0 573
0 6 203
6 0 203
0 42 947
42 0 947
0 32 712
32 0 712
0 12 903
12 0 903
0 85 971
85 0 971
0 9 450
9 0 450
0 18 132
18 0 132
0 6 277
6 0 277
0 79 62
79 0 62
0 68 714
68 0 714
1 2 336
2 1 336
1 9 596
9 1 596
1 19 946
19 1 946
1 29 524
29 1 524
1 40 951
40 1 951
1 83 914
83 1 914
1 84 459
84 1 459
1 58 260
58 1 260
1 31 886
31 1 886
1 36 262
36 1 262
1 63 181
63 1 181
1 23 431
23 1 431
1 50 516
50 1 516
2 3 856
3 2 856
2 16 996
16 2 996
2 20 957
20 2 957
2 33 570
33 2 570
2 54 891
54 2 891
2 21 520
21 2 520
2 11 484
11 2 484
2 40 116
40 2 116
2 30 989
30 2 989
2 47 331
47 2 331
2 50 663
50 2 663
2 42 159
42 2 159
2 24 232
24 2 232
3 15 391
15 3 391
3 15 325
15 3 325
3 51 352
51 3 352
3 36 629
36 3 629
3 37 119
37 3 119
3 6 964
6 3 964
3 40 467
40 3 467
3 45 853
45 3 853
4 5 294
5 4 294
4 7 571
7 4 571
4 25 666
25 4 666
4 85 457
85 4 457
4 7 149
7 4 149
4 38 71
38 4 71
4 72 645
72 4 645
4 26 692
26 4 692
4 5 614
5 4 614
4 82 214
82 4 214
4 85 592
85 4 592
4 46 644
46 4 644
4 28 478
28 4 478
5 42 194
42 5 194
6 8 68
8 6 68
6 10 52
10 6 52
6 11 186
11 6 186
6 43 989
43 6 989
6 60 682
60 6 682
6 85 680
85 6 680
6 48 107
48 6 107
6 33 455
33 6 455
6 23 628
23 6 628
6 19 170
19 6 170
7 14 734
14 7 734
7 63 263
63 7 263
7 32 50
32 7 50
7 80 553
80 7 553
7 19 74
19 7 74
7 7 126
7 7 126
7 41 807
41 7 807
7 22 253
22 7 253
7 16 439
16 7 439
8 14 904
14 8 904
8 20 670
20 8 670
8 48 645
48 8 645
9 52 775
52 9 775
9 43 406
43 9 406
9 77 820
77 9 820
9 32 495
32 9 495
9 40 438
40 9 438
9 13 373
13 9 373
10 13 596
13 10 596
10 22 31
22 10 31
10 57 707
57 10 707
10 50 815
50 10 815
10 46 179
46 10 179
10 74 801
74 10 801
10 25 711
25 10 711
10 52 573
52 10 573
11 12 438
12 11 438
11 44 661
44 11 661
11 50 334
50 11 334
11 56 230
56 11 230
11 76 112
76 11 112
11 64 371
64 11 371
11 36 54
36 11 54
12 18 869
18 12 869
12 32 113
32 12 113
12 38 193
38 12 193
12 49 920
49 12 920
12 15 41
15 12 41
12 77 289
77 12 289
12 65 740
65 12 740
12 32 815
32 12 815
12 13 736
13 12 736
13 24 27
24 13 27
13 36 813
36 13 813
13 37 687
37 13 687
13 81 916
81 13 916
13 40 74
40 13 74
13 32 607
32 13 607
13 36 524
36 13 524
13 79 44
79 13 44
14 17 928
17 14 928
14 41 436
41 14 436
14 78 642
78 14 642
14 67 48
67 14 48
14 71 712
71 14 712
14 80 767
80 14 767
14 19 760
19 14 760
15 21 168
21 15 168
15 35 385
35 15 385
15 76 331
76 15 331
15 27 594
27 15 594
16 69 363
69 16 363
16 58 878
58 16 878
16 35 706
35 16 706
17 27 799
27 17 799
17 28 842
28 17 842
17 30 846
30 17 846
17 53 752
53 17 752
17 78 895
78 17 895
17 50 256
50 17 256
17 44 3
44 17 3
17 53 433
53 17 433
17 20 562
20 17 562
17 78 635
78 17 635
17 43 501
43 17 501
17 47 925
47 17 925
17 32 510
32 17 510
18 21 86
21 18 86
18 55 432
55 18 432
18 24 550
24 18 550
18 22 12
22 18 12
18 22 158
22 18 158
19 23 185
23 19 185
19 72 203
72 19 203
19 69 177
69 19 177
19 71 432
71 19 432
20 85 891
85 20 891
20 51 91
51 20 91
20 38 668
38 20 668
21 34 974
34 21 974
21 82 817
82 21 817
21 83 262
83 21 262
21 23 61
23 21 61
21 31 365
31 21 365
21 80 385
80 21 385
21 65 50
65 21 50
21 73 118
73 21 118
22 57 596
57 22 596
22 23 660
23 22 660
22 28 569
28 22 569
22 29 136
29 22 136
23 39 773
39 23 773
23 74 423
74 23 423
23 61 778
61 23 778
23 73 742
73 23 742
23 84 789
84 23 789
23 36 621
36 23 621
24 26 227
26 24 227
24 66 943
66 24 943
24 33 779
33 24 779
24 48 970
48 24 970
24 59 531
59 24 531
24 35 731
35 24 731
24 58 721
58 24 721
24 35 725
35 24 725
25 31 910
31 25 910
25 59 294
59 25 294
25 27 422
27 25 422
25 84 69
84 25 69
25 41 311
41 25 311
26 64 205
64 26 205
26 69 88
69 26 88
26 49 44
49 26 44
26 28 21
28 26 21
26 77 255
77 26 255
26 46 973
46 26 973
26 29 318
29 26 318
26 58 171
58 26 171
26 35 425
35 26 425
27 28 21
28 27 21
27 64 561
64 27 561
27 59 393
59 27 393
27 63 662
63 27 662
28 47 922
47 28 922
29 73 826
73 29 826
29 44 867
44 29 867
29 57 908
57 29 908
29 56 215
56 29 215
29 82 114
82 29 114
29 49 737
49 29 737
29 57 946
57 29 946
29 49 505
49 29 505
30 38 356
38 30 356
30 46 221
46 30 221
31 73 755
73 31 755
31 77 780
77 31 780
31 77 673
77 31 673
31 68 602
68 31 602
31 76 805
76 31 805
31 37 310
37 31 310
32 59 208
59 32 208
32 66 624
66 32 624
32 43 880
43 32 880
33 65 668
65 33 668
33 60 144
60 33 144
33 43 101
43 33 101
33 61 46
61 33 46
34 35 773
35 34 773
34 72 628
72 34 628
34 82 427
82 34 427
34 77 649
77 34 649
34 58 286
58 34 286
34 73 64
73 34 64
34 58 441
58 34 441
34 60 117
60 34 117
35 67 262
67 35 262
35 41 665
41 35 665
36 62 348
62 36 348
36 46 112
46 36 112
36 78 876
78 36 876
37 50 639
50 37 639
37 78 410
78 37 410
37 69 68
69 37 68
37 56 551
56 37 551
38 45 247
45 38 247
38 74 661
74 38 661
38 43 84
43 38 84
38 85 369
85 38 369
38 42 949
42 38 949
39 61 466
61 39 466
39 43 927
43 39 927
39 79 948
79 39 948
39 71 311
71 39 311
40 46 695
46 40 695
40 53 32
53 40 32
40 61 430
61 40 430
40 43 280
43 40 280
40 42 461
42 40 461
41 47 663
47 41 663
41 51 49
51 41 49
41 79 123
79 41 123
41 54 975
54 41 975
42 54 801
54 42 801
42 80 526
80 42 526
42 49 661
49 42 661
42 59 110
59 42 110
42 46 247
46 42 247
42 79 979
79 42 979
42 68 706
68 42 706
43 81 501
81 43 501
43 66 316
66 43 316
43 67 606
67 43 606
43 46 843
46 43 843
45 48 215
48 45 215
45 80 825
80 45 825
45 77 852
77 45 852
45 51 360
51 45 360
46 74 274
74 46 274
46 65 40
65 46 40
46 59 224
59 46 224
46 55 196
55 46 196
46 55 193
55 46 193
46 69 221
69 46 221
47 83 178
83 47 178
47 62 496
62 47 496
47 66 515
66 47 515
47 58 26
58 47 26
47 73 623
73 47 623
48 58 557
58 48 557
48 77 770
77 48 770
48 68 934
68 48 934
49 61 225
61 49 225
49 50 483
50 49 483
49 82 928
82 49 928
49 78 634
78 49 634
49 68 12
68 49 12
50 68 590
68 50 590
50 51 421
51 50 421
50 77 435
77 50 435
50 82 591
82 50 591
52 72 735
72 52 735
52 75 678
75 52 678
53 53 280
53 53 280
53 83 408
83 53 408
53 81 920
81 53 920
53 66 792
66 53 792
54 68 702
68 54 702
54 82 129
82 54 129
55 75 892
75 55 892
55 74 483
74 55 483
55 57 596
57 55 596
55 75 312
75 55 312
55 62 775
62 55 775
55 63 43
63 55 43
56 77 827
77 56 827
56 72 344
72 56 344
56 68 44
68 56 44
57 67 107
67 57 107
57 59 959
59 57 959
58 70 695
70 58 695
58 65 579
65 58 579
58 60 179
60 58 179
58 72 225
72 58 225
58 59 665
59 58 665
59 66 360
66 59 360
59 82 611
82 59 611
60 67 379
67 60 379
60 72 633
72 60 633
60 76 895
76 60 895
60 77 147
77 60 147
61 74 403
74 61 403
61 67 69
67 61 69
61 66 764
66 61 764
62 83 551
83 62 551
62 70 390
70 62 390
62 70 767
70 62 767
62 84 522
84 62 522
62 74 175
74 62 175
63 65 778
65 63 778
63 69 619
69 63 619
64 80 276
80 64 276
65 67 960
67 65 960
66 75 32
75 66 32
66 85 73
85 66 73
66 82 519
82 66 519
66 67 709
67 66 709
67 71 129
71 67 129
67 70 688
70 67 688
67 74 320
74 67 320
67 71 512
71 67 512
68 68 754
68 68 754
68 73 761
73 68 761
69 82 613
82 69 613
69 83 739
83 69 739
69 80 491
80 69 491
69 72 30
72 69 30
70 81 957
81 70 957
71 72 841
72 71 841
71 73 929
73 71 929
72 77 207
77 72 207
73 81 551
81 73 551
74 85 799
85 74 799
74 85 53
85 74 53
74 80 538
80 74 538
75 76 787
76 75 787
75 82 202
82 75 202
77 79 167
79 77 167
77 78 400
78 77 400
77 82 703
82 77 703
77 79 546
79 77 546
78 83 897
83 78 897
79 81 489
81 79 489
80 82 531
82 80 531
81 83 866
83 81 866
82 84 184
84 82 184
84 85 905
85 84 905
