67

0 1 871
1 0 871
0 2 162
2 0 162
0 3 864
3 0 864
0 5 423
5 0 423
0 11 833
11 0 833
0 63 586
63 0 586
0 4 635
4 0 635
0 32 158
32 0 158
0 59 835
59 0 835
1 7 592
7 1 592
1 26 109
26 1 109
1 35 19
35 1 19
1 38 524
38 1 524
1 8 767
8 1 767
1 31 984
31 1 984
2 4 296
4 2 296
2 6 522
6 2 522
2 8 18
8 2 18
2 13 68
13 2 68
2 38 154
38 2 154
2 33 940
33 2 940
2 31 907
31 2 907
3 9 723
9 3 723
3 15 848
15 3 848
3 51 655
51 3 655
3 24 311
24 3 311
3 61 73
61 3 73
4 23 217
23 4 217
4 25 887
25 4 887
4 28 76
28 4 76
4 29 375
29 4 375
4 53 613
53 4 613
4 7 39
7 4 39
4 37 460
37 4 460
4 11 639
11 4 639
4 61 612
61 4 612
4 11 790
11 4 790
5 22 734
22 5 734
5 30 657
30 5 657
5 40 674
40 5 674
5 46 865
46 5 865
5 65 53
65 5 53
5 59 119
59 5 119
5 47 274
47 5 274
5 13 125
13 5 125
5 39 551
39 5 551
5 40 120
40 5 120
6 53 125
53 6 125
6 36 634
36 6 634
6 26 971
26 6 971
6 54 967
54 6 967
7 44 945
44 7 945
7 56 25
56 7 25
7 61 869
61 7 869
7 57 598
57 7 598
7 8 285
8 7 285
7 35 374
35 7 374
7 44 26
44 7 26
7 56 293
56 7 293
7 35 730
35 7 730
8 10 957
10 8 957
8 16 831
16 8 831
8 45 94
45 8 94
8 13 475
13 8 475
8 57 104
57 8 104
8 38 173
38 8 173
8 24 72
24 8 72
9 41 959
41 9 959
9 29 319
29 9 319
9 23 388
23 9 388
9 57 733
57 9 733
9 25 977
25 9 977
10 27 629
27 10 629
10 34 216
34 10 216
10 43 236
43 10 236
10 52 259
52 10 259
10 13 832
13 10 832
10 53 198
53 10 198
11 12 592
12 11 592
11 14 268
14 11 268
11 27 643
27 11 643
11 48 760
48 11 760
12 23 84
23 12 84
12 31 653
31 12 653
12 41 943
41 12 943
13 19 85
19 13 85
13 39 492
39 13 492
13 55 568
55 13 568
13 60 939
60 13 939
13 65 69
65 13 69
13 21 74
21 13 74
13 61 644
61 13 644
13 36 610
36 13 610
13 61 270
61 13 270
13 54 467
54 13 467
13 65 656
65 13 656
14 17 89
17 14 89
14 18 762
18 14 762
14 20 630
20 14 630
14 24 874
24 14 874
14 59 926
59 14 926
14 26 812
26 14 812
14 41 381
41 14 381
15 36 89
36 15 89
15 61 967
61 15 967
16 62 212
62 16 212
16 65 432
65 16 432
16 28 326
28 16 326
16 28 396
28 16 396
17 45 753
45 17 753
17 18 621
18 17 621
17 20 174
20 17 174
17 35 897
35 17 897
17 31 19
31 17 19
17 55 785
55 17 785
18 55 882
55 18 882
18 42 737
42 18 737
18 43 846
43 18 846
18 37 934
37 18 934
19 21 238
21 19 238
19 58 339
58 19 339
19 30 994
30 19 994
19 42 782
42 19 782
19 21 863
21 19 863
19 29 774
29 19 774
20 31 954
31 20 954
20 33 223
33 20 223
20 40 684
40 20 684
20 32 225
32 20 225
21 36 729
36 21 729
21 30 603
30 21 603
21 29 614
29 21 614
21 63 596
63 21 596
21 66 10
66 21 10
21 35 898
35 21 898
21 40 434
40 21 434
22 50 412
50 22 412
22 50 333
50 22 333
22 37 633
37 22 633
22 40 717
40 22 717
22 41 980
41 22 980
22 60 39
60 22 39
23 63 971
63 23 971
23 29 57
29 23 57
23 62 419
62 23 419
23 42 23
42 23 23
24 43 11
43 24 11
24 44 741
44 24 741
25 56 150
56 25 150
26 36 94
36 26 94
26 63 340
63 26 340
26 65 563
65 26 563
26 36 698
36 26 698
26 41 21
41 26 21
26 28 32
28 26 32
26 65 579
65 26 579
27 42 619
42 27 619
27 58 190
58 27 190
27 45 413
45 27 413
28 33 141
33 28 141
28 47 194
47 28 194
28 52 158
52 28 158
28 49 628
49 28 628
28 47 853
47 28 853
28 57 883
57 28 883
29 48 638
48 29 638
29 62 498
62 29 498
29 58 98
58 29 98
29 66 959
66 29 959
29 52 339
52 29 339
30 52 257
52 30 257
30 34 726
34 30 726
31 32 822
32 31 822
31 40 705
40 31 705
31 64 452
64 31 452
32 64 682
64 32 682
32 35 13
35 32 13
32 52 285
52 32 285
33 47 485
47 33 485
33 55 848
55 33 848
33 57 856
57 33 856
33 48 500
48 33 500
33 40 649
40 33 649
33 36 559
36 33 559
33 42 522
42 33 522
33 57 123
57 33 123
34 41 592
41 34 592
34 52 70
52 34 70
35 39 873
39 35 873
36 37 102
37 36 102
36 55 662
55 36 662
36 45 39
45 36 39
36 60 132
60 36 132
36 47 216
47 36 216
36 47 480
47 36 480
37 57 273
57 37 273
37 52 435
52 37 435
38 57 644
57 38 644
38 48 251
48 38 251
38 41 743
41 38 743
39 60 370
60 39 370
39 43 345
43 39 345
39 53 532
53 39 532
39 64 677
64 39 677
39 42 693
42 39 693
40 53 432
53 40 432
40 41 605
41 40 605
41 66 31
66 41 31
41 54 773
54 41 773
42 65 784
65 42 784
42 44 654
44 42 654
42 48 273
48 42 273
44 49 723
49 44 723
44 54 921
54 44 921
45 49 604
49 45 604
45 63 247
63 45 247
46 54 269
54 46 269
46 56 35
56 46 35
47 65 824
65 47 824
48 60 638
60 48 638
48 60 810
60 48 810
48 64 958
64 48 958
49 64 404
64 49 404
50 65 580
65 50 580
50 53 180
53 50 180
50 61 403
61 50 403
51 57 212
57 51 212
54 65 878
65 54 878
60 65 372
65 60 372
61 65 800
65 61 800
62 62 288
62 62 288
64 66 414
66 64 414
64 66 550
66 64 550
