29

0 1 581
1 0 581
0 2 683
2 0 683
0 4 799
4 0 799
0 16 927
16 0 927
0 9 871
9 0 871
1 3 147
3 1 147
1 5 439
5 1 439
1 6 656
6 1 656
1 7 155
7 1 155
1 17 792
17 1 792
1 20 284
20 1 284
2 27 428
27 2 428
2 19 746
19 2 746
2 25 123
25 2 123
2 22 179
22 2 179
2 15 957
15 2 957
3 15 152
15 3 152
3 4 699
4 3 699
3 25 738
25 3 738
4 8 401
8 4 401
4 11 565
11 4 565
4 12 415
12 4 415
4 21 622
21 4 622
5 22 860
22 5 860
5 13 449
13 5 449
6 13 513
13 6 513
6 28 531
28 6 531
6 19 537
19 6 537
6 20 902
20 6 902
7 9 225
9 7 225
7 20 20
20 7 20
7 26 269
26 7 269
7 24 442
24 7 442
7 19 414
19 7 414
9 10 517
10 9 517
9 24 566
24 9 566
10 20 455
20 10 455
11 14 718
14 11 718
12 16 350
16 12 350
12 18 301
18 12 301
12 25 429
25 12 429
12 24 856
24 12 856
13 26 662
26 13 662
14 24 464
24 14 464
14 27 504
27 14 504
14 22 230
22 14 230
14 24 529
24 14 529
14 19 63
19 14 63
15 18 774
18 15 774
15 26 777
26 15 777
15 24 392
24 15 392
16 18 188
18 16 188
17 19 952
19 17 952
19 23 572
23 19 572
19 25 566
25 19 566
26 27 20
27 26 20
