80

0 1 938
1 0 938
0 2 714
2 0 714
0 3 898
3 0 898
0 10 283
10 0 283
0 64 393
64 0 393
0 39 754
39 0 754
0 14 139
14 0 139
0 78 760
78 0 760
0 60 320
60 0 320
0 38 598
38 0 598
0 39 723
39 0 723
0 72 855
72 0 855
1 4 869
4 1 869
1 25 116
25 1 116
1 28 212
28 1 212
1 52 173
52 1 173
1 27 318
27 1 318
1 45 406
45 1 406
1 7 410
7 1 410
1 10 393
10 1 393
1 3 743
3 1 743
1 35 471
35 1 471
2 52 299
52 2 299
2 37 936
37 2 936
2 35 324
35 2 324
2 5 153
5 2 153
2 6 904
6 2 904
2 38 84
38 2 84
2 10 618
10 2 618
3 59 437
59 3 437
3 21 289
21 3 289
3 27 311
27 3 311
3 55 929
55 3 929
3 32 628
32 3 628
3 16 249
16 3 249
3 35 746
35 3 746
4 5 663
5 4 663
4 6 127
6 4 127
4 10 452
10 4 452
4 15 61
15 4 61
4 14 745
14 4 745
4 40 999
40 4 999
4 29 550
29 4 550
4 38 573
38 4 573
4 53 53
53 4 53
5 12 645
12 5 645
5 13 44
13 5 44
5 41 85
41 5 85
5 43 420
43 5 420
5 28 834
28 5 834
5 70 419
70 5 419
5 15 721
15 5 721
6 7 164
7 6 164
6 9 965
9 6 965
6 19 67
19 6 67
6 53 38
53 6 38
6 63 499
63 6 499
6 37 228
37 6 228
6 22 215
22 6 215
7 8 108
8 7 108
7 14 431
14 7 431
7 21 665
21 7 665
7 49 32
49 7 32
7 21 572
21 7 572
7 25 964
25 7 964
7 78 597
78 7 597
8 27 287
27 8 287
8 33 973
33 8 973
8 53 792
53 8 792
8 21 945
21 8 945
8 60 154
60 8 154
8 29 645
29 8 645
8 78 707
78 8 707
8 56 563
56 8 563
8 23 937
23 8 937
9 34 898
34 9 898
9 37 275
37 9 275
9 42 503
42 9 503
9 49 778
49 9 778
9 45 85
45 9 85
9 74 496
74 9 496
9 62 728
62 9 728
10 11 452
11 10 452
10 73 65
73 10 65
10 42 902
42 10 902
10 54 380
54 10 380
11 16 132
16 11 132
11 17 433
17 11 433
11 18 529
18 11 529
11 13 24
13 11 24
11 65 968
65 11 968
11 47 159
47 11 159
11 12 953
12 11 953
11 71 293
71 11 293
12 32 967
32 12 967
12 46 528
46 12 528
12 26 702
26 12 702
12 72 160
72 12 160
12 61 228
61 12 228
13 15 982
15 13 982
13 50 417
50 13 417
13 56 428
56 13 428
13 21 896
21 13 896
14 30 138
30 14 138
14 76 481
76 14 481
14 58 627
58 14 627
14 47 234
47 14 234
14 46 351
46 14 351
14 69 399
69 14 399
14 22 618
22 14 618
14 21 621
21 14 621
14 63 333
63 14 333
14 17 507
17 14 507
15 20 466
20 15 466
15 39 847
39 15 847
15 53 421
53 15 421
15 35 873
35 15 873
15 43 923
43 15 923
16 35 102
35 16 102
16 38 651
38 16 651
16 78 456
78 16 456
16 40 975
40 16 975
17 22 537
22 17 537
17 54 478
54 17 478
17 76 293
76 17 293
17 35 152
35 17 152
17 56 740
56 17 740
17 30 701
30 17 701
17 52 666
52 17 666
17 37 66
37 17 66
17 66 103
66 17 103
17 68 674
68 17 674
18 24 236
24 18 236
18 31 851
31 18 851
18 62 674
62 18 674
18 28 557
28 18 557
18 78 21
78 18 21
18 20 450
20 18 450
18 45 877
45 18 877
19 26 252
26 19 252
19 63 756
63 19 756
19 69 963
69 19 963
19 69 993
69 19 993
19 71 197
71 19 197
19 37 770
37 19 770
19 34 428
34 19 428
20 29 683
29 20 683
20 34 81
34 20 81
20 30 714
30 20 714
20 75 419
75 20 419
20 53 85
53 20 85
20 40 49
40 20 49
21 64 221
64 21 221
21 35 998
35 21 998
21 33 526
33 21 526
21 23 884
23 21 884
22 23 626
23 22 626
22 44 356
44 22 356
22 43 48
43 22 48
22 70 85
70 22 85
22 31 521
31 22 521
23 46 22
46 23 22
23 58 877
58 23 877
23 63 690
63 23 690
23 56 248
56 23 248
23 75 249
75 23 249
23 31 145
31 23 145
23 29 726
29 23 726
24 56 913
56 24 913
24 79 234
79 24 234
24 36 637
36 24 637
24 67 169
67 24 169
24 76 649
76 24 649
24 48 126
48 24 126
24 51 563
51 24 563
25 58 879
58 25 879
25 72 656
72 25 656
25 27 958
27 25 958
25 63 761
63 25 761
25 45 775
45 25 775
26 36 308
36 26 308
26 57 771
57 26 771
26 69 726
69 26 726
26 46 666
46 26 666
26 27 514
27 26 514
27 47 882
47 27 882
27 55 412
55 27 412
27 78 327
78 27 327
28 79 914
79 28 914
28 47 239
47 28 239
28 65 378
65 28 378
29 53 74
53 29 74
29 37 216
37 29 216
29 30 107
30 29 107
29 50 702
50 29 702
30 39 153
39 30 153
30 48 225
48 30 225
30 54 133
54 30 133
30 46 46
46 30 46
31 33 326
33 31 326
31 76 822
76 31 822
32 78 483
78 32 483
32 42 795
42 32 795
32 79 749
79 32 749
32 38 744
38 32 744
33 47 152
47 33 152
33 66 508
66 33 508
33 64 628
64 33 628
33 39 434
39 33 434
33 34 624
34 33 624
33 56 202
56 33 202
33 56 36
56 33 36
34 40 185
40 34 185
34 57 404
57 34 404
34 69 146
69 34 146
34 67 47
67 34 47
34 73 197
73 34 197
35 46 5
46 35 5
35 77 15
77 35 15
35 48 415
48 35 415
36 76 853
76 36 853
36 65 417
65 36 417
37 72 206
72 37 206
38 48 528
48 38 528
38 51 301
51 38 301
38 59 157
59 38 157
38 74 644
74 38 644
38 58 163
58 38 163
38 43 997
43 38 997
38 39 357
39 38 357
38 52 661
52 38 661
38 46 483
46 38 483
38 53 938
53 38 938
39 71 729
71 39 729
39 61 883
61 39 883
39 57 718
57 39 718
39 48 383
48 39 383
40 78 696
78 40 696
41 69 116
69 41 116
42 45 295
45 42 295
42 74 607
74 42 607
42 62 277
62 42 277
43 64 241
64 43 241
43 52 872
52 43 872
44 61 193
61 44 193
44 71 947
71 44 947
44 49 794
49 44 794
44 48 778
48 44 778
44 61 506
61 44 506
44 68 187
68 44 187
45 79 127
79 45 127
45 52 419
52 45 419
45 70 247
70 45 247
46 50 584
50 46 584
46 70 162
70 46 162
46 73 774
73 46 774
47 75 928
75 47 928
48 77 441
77 48 441
48 77 329
77 48 329
49 72 211
72 49 211
49 50 66
50 49 66
49 54 490
54 49 490
49 53 800
53 49 800
49 53 264
53 49 264
49 73 284
73 49 284
50 55 337
55 50 337
50 79 125
79 50 125
50 53 305
53 50 305
50 64 939
64 50 939
51 51 784
51 51 784
51 59 479
59 51 479
52 71 24
71 52 24
52 65 549
65 52 549
52 58 826
58 52 826
53 60 654
60 53 654
53 58 530
58 53 530
54 64 18
64 54 18
55 76 485
76 55 485
55 72 292
72 55 292
55 56 268
56 55 268
55 71 778
71 55 778
55 61 95
61 55 95
56 67 252
67 56 252
56 77 927
77 56 927
57 66 940
66 57 940
58 71 876
71 58 876
59 65 740
65 59 740
60 68 177
68 60 177
60 70 471
70 60 471
60 72 439
72 60 439
61 67 65
67 61 65
61 69 570
69 61 570
61 77 299
77 61 299
62 64 852
64 62 852
62 74 697
74 62 697
63 70 201
70 63 201
63 75 27
75 63 27
64 78 23
78 64 23
67 68 786
68 67 786
67 70 723
70 67 723
67 76 764
76 67 764
68 70 380
70 68 380
69 72 430
72 69 430
69 78 447
78 69 447
70 76 582
76 70 582
70 76 875
76 70 875
72 74 152
74 72 152
