98

0 1 408
1 0 408
0 3 452
3 0 452
0 28 540
28 0 540
0 36 662
36 0 662
0 36 199
36 0 199
0 46 856
46 0 856
0 40 28
40 0 28
0 76 49
76 0 49
0 19 293
19 0 293
0 44 379
44 0 379
0 26 988
26 0 988
0 44 883
44 0 883
0 4 522
4 0 522
0 6 804
6 0 804
0 0 936
0 0 936
0 15 428
15 0 428
1 2 982
2 1 982
1 5 884
5 1 884
1 6 404
6 1 404
1 22 760
22 1 760
1 29 242
29 1 242
1 39 729
39 1 729
1 28 406
28 1 406
1 32 568
32 1 568
1 84 882
84 1 882
1 71 86
71 1 86
1 26 388
26 1 388
1 55 773
55 1 773
1 13 892
13 1 892
1 17 643
17 1 643
1 23 655
23 1 655
1 53 425
53 1 425
1 61 927
61 1 927
1 18 708
18 1 708
1 77 370
77 1 370
1 86 319
86 1 319
1 67 803
67 1 803
1 22 847
22 1 847
1 68 886
68 1 886
2 32 653
32 2 653
2 67 186
67 2 186
2 54 982
54 2 982
2 61 962
61 2 962
2 24 417
24 2 417
2 81 704
81 2 704
2 87 24
87 2 24
2 75 690
75 2 690
2 53 13
53 2 13
2 84 790
84 2 790
2 71 515
71 2 515
2 24 991
24 2 991
3 4 638
4 3 638
3 11 577
11 3 577
3 47 498
47 3 498
3 87 40
87 3 40
3 53 287
53 3 287
3 4 740
4 3 740
3 71 572
71 3 572
3 33 249
33 3 249
3 51 790
51 3 790
3 52 843
52 3 843
3 11 801
11 3 801
3 24 584
24 3 584
3 24 31
24 3 31
3 50 808
50 3 808
3 61 273
61 3 273
3 91 656
91 3 656
3 45 353
45 3 353
3 64 366
64 3 366
3 87 623
87 3 623
3 74 172
74 3 172
4 9 591
9 4 591
4 13 187
13 4 187
4 15 901
15 4 901
4 48 550
48 4 550
4 39 15
39 4 15
4 66 60
66 4 60
4 63 485
63 4 485
4 31 436
31 4 436
4 92 913
92 4 913
4 80 78
80 4 78
4 27 432
27 4 432
4 44 990
44 4 990
4 66 887
66 4 887
4 57 23
57 4 23
4 95 711
95 4 711
4 91 832
91 4 832
4 52 527
52 4 527
5 19 193
19 5 193
5 51 645
51 5 645
5 58 521
58 5 521
5 16 299
16 5 299
5 56 557
56 5 557
5 13 723
13 5 723
5 36 88
36 5 88
5 12 212
12 5 212
5 16 225
16 5 225
5 86 284
86 5 284
5 31 908
31 5 908
6 7 659
7 6 659
6 20 662
20 6 662
6 25 494
25 6 494
6 42 929
42 6 929
6 63 20
63 6 20
6 25 441
25 6 441
6 23 881
23 6 881
6 79 966
79 6 966
6 70 518
70 6 518
6 39 451
39 6 451
6 40 497
40 6 497
7 8 847
8 7 847
7 12 502
12 7 502
7 67 614
67 7 614
7 83 102
83 7 102
7 75 993
75 7 993
7 61 130
61 7 130
7 80 780
80 7 780
7 77 901
77 7 901
7 77 13
77 7 13
7 66 265
66 7 265
8 10 830
10 8 830
8 24 459
24 8 459
8 33 303
33 8 303
8 45 858
45 8 858
8 84 617
84 8 617
8 67 454
67 8 454
8 48 560
48 8 560
8 32 219
32 8 219
8 58 918
58 8 918
8 76 782
76 8 782
8 92 869
92 8 869
8 48 111
48 8 111
8 29 375
29 8 375
8 27 639
27 8 639
8 71 207
71 8 207
8 65 69
65 8 69
9 14 139
14 9 139
9 30 765
30 9 765
9 44 710
44 9 710
9 57 268
57 9 268
9 76 398
76 9 398
9 82 350
82 9 350
9 63 849
63 9 849
9 14 400
14 9 400
9 25 69
25 9 69
9 34 619
34 9 619
9 91 465
91 9 465
9 81 454
81 9 454
9 30 577
30 9 577
9 68 545
68 9 545
9 95 393
95 9 393
10 17 255
17 10 255
10 18 917
18 10 917
10 34 159
34 10 159
10 21 563
21 10 563
10 59 531
59 10 531
10 66 617
66 10 617
10 82 520
82 10 520
10 37 584
37 10 584
10 51 818
51 10 818
10 93 832
93 10 832
10 45 61
45 10 61
10 47 685
47 10 685
10 18 978
18 10 978
10 79 714
79 10 714
10 13 168
13 10 168
10 92 527
92 10 527
10 69 56
69 10 56
11 16 527
16 11 527
11 49 406
49 11 406
11 76 595
76 11 595
11 95 332
95 11 332
11 46 328
46 11 328
11 82 338
82 11 338
11 79 827
79 11 827
11 25 489
25 11 489
11 56 346
56 11 346
11 46 836
46 11 836
11 47 560
47 11 560
11 53 402
53 11 402
11 96 638
96 11 638
11 52 529
52 11 529
12 55 636
55 12 636
12 76 525
76 12 525
12 91 967
91 12 967
12 55 845
55 12 845
12 79 777
79 12 777
12 28 437
28 12 437
12 22 898
22 12 898
12 16 893
16 12 893
12 26 205
26 12 205
12 52 601
52 12 601
12 29 109
29 12 109
12 50 81
50 12 81
12 84 870
84 12 870
13 57 585
57 13 585
13 14 125
14 13 125
13 85 519
85 13 519
13 16 53
16 13 53
13 40 88
40 13 88
13 70 781
70 13 781
13 80 862
80 13 862
13 61 324
61 13 324
13 14 989
14 13 989
14 21 127
21 14 127
14 52 952
52 14 952
14 63 958
63 14 958
14 28 20
28 14 20
14 93 316
93 14 316
14 72 498
72 14 498
14 49 153
49 14 153
14 28 486
28 14 486
14 91 632
91 14 632
14 34 983
34 14 983
14 14 536
14 14 536
14 20 59
20 14 59
14 78 401
78 14 401
14 15 436
15 14 436
14 73 796
73 14 796
14 19 672
19 14 672
14 96 773
96 14 773
15 31 518
31 15 518
15 85 820
85 15 820
15 24 454
24 15 454
15 89 396
89 15 396
15 37 950
37 15 950
15 81 657
81 15 657
15 48 553
48 15 553
15 36 473
36 15 473
15 20 887
20 15 887
15 67 734
67 15 734
15 86 294
86 15 294
15 55 270
55 15 270
15 76 507
76 15 507
15 95 858
95 15 858
15 69 21
69 15 21
16 19 332
19 16 332
16 20 184
20 16 184
16 20 304
20 16 304
16 34 192
34 16 192
16 59 550
59 16 550
16 47 158
47 16 158
16 93 619
93 16 619
16 79 772
79 16 772
16 62 477
62 16 477
16 34 938
34 16 938
16 81 218
81 16 218
16 43 453
43 16 453
16 17 245
17 16 245
17 59 377
59 17 377
17 21 181
21 17 181
17 36 762
36 17 762
17 55 63
55 17 63
17 56 331
56 17 331
17 75 571
75 17 571
17 31 302
31 17 302
17 85 1000
85 17 1000
17 54 89
54 17 89
17 96 128
96 17 128
17 41 45
41 17 45
17 50 383
50 17 383
18 27 180
27 18 180
18 86 325
86 18 325
18 81 267
81 18 267
18 22 484
22 18 484
18 40 42
40 18 42
18 39 90
39 18 90
18 22 57
22 18 57
19 51 141
51 19 141
19 28 301
28 19 301
19 46 198
46 19 198
19 66 279
66 19 279
19 44 460
44 19 460
19 20 840
20 19 840
19 34 150
34 19 150
19 51 516
51 19 516
19 32 20
32 19 20
19 43 369
43 19 369
19 83 911
83 19 911
19 76 139
76 19 139
19 30 114
30 19 114
19 41 260
41 19 260
20 26 488
26 20 488
20 38 271
38 20 271
20 93 140
93 20 140
20 32 900
32 20 900
20 88 545
88 20 545
20 78 600
78 20 600
20 66 591
66 20 591
20 61 293
61 20 293
20 73 32
73 20 32
20 56 464
56 20 464
21 23 5
23 21 5
21 73 528
73 21 528
21 54 160
54 21 160
21 30 630
30 21 630
21 52 579
52 21 579
21 42 672
42 21 672
21 38 273
38 21 273
21 58 30
58 21 30
21 92 647
92 21 647
21 41 891
41 21 891
21 63 220
63 21 220
21 97 285
97 21 285
21 65 467
65 21 467
22 40 618
40 22 618
22 40 655
40 22 655
22 56 584
56 22 584
22 37 187
37 22 187
22 61 67
61 22 67
22 78 552
78 22 552
22 92 445
92 22 445
22 53 177
53 22 177
22 92 991
92 22 991
22 30 703
30 22 703
23 95 961
95 23 961
23 39 268
39 23 268
23 35 191
35 23 191
23 75 400
75 23 400
23 46 715
46 23 715
23 23 452
23 23 452
24 53 429
53 24 429
24 82 884
82 24 884
24 61 934
61 24 934
24 87 582
87 24 582
24 90 193
90 24 193
24 95 481
95 24 481
24 43 297
43 24 297
24 66 377
66 24 377
24 67 28
67 24 28
24 44 12
44 24 12
24 51 841
51 24 841
24 36 596
36 24 596
24 35 837
35 24 837
24 83 900
83 24 900
24 71 485
71 24 485
24 85 668
85 24 668
24 72 612
72 24 612
24 55 867
55 24 867
24 40 265
40 24 265
24 46 94
46 24 94
25 34 712
34 25 712
25 48 300
48 25 300
25 53 803
53 25 803
25 83 770
83 25 770
25 51 524
51 25 524
25 38 683
38 25 683
25 29 968
29 25 968
25 61 520
61 25 520
25 28 909
28 25 909
25 34 982
34 25 982
25 29 42
29 25 42
25 27 992
27 25 992
25 41 301
41 25 301
25 73 299
73 25 299
25 86 46
86 25 46
26 74 543
74 26 543
26 57 771
57 26 771
26 72 212
72 26 212
26 58 872
58 26 872
26 72 705
72 26 705
26 80 829
80 26 829
27 46 114
46 27 114
27 48 247
48 27 247
27 85 584
85 27 584
27 30 633
30 27 633
27 59 953
59 27 953
27 64 391
64 27 391
27 78 320
78 27 320
27 68 622
68 27 622
27 30 88
30 27 88
27 34 748
34 27 748
27 34 394
34 27 394
28 90 643
90 28 643
28 94 789
94 28 789
28 68 864
68 28 864
28 61 349
61 28 349
28 88 732
88 28 732
28 47 180
47 28 180
28 31 713
31 28 713
28 91 333
91 28 333
28 92 671
92 28 671
28 48 458
48 28 458
29 42 67
42 29 67
29 43 838
43 29 838
29 95 109
95 29 109
29 46 281
46 29 281
29 36 204
36 29 204
29 39 476
39 29 476
29 52 211
52 29 211
30 37 969
37 30 969
30 40 929
40 30 929
30 58 453
58 30 453
30 41 572
41 30 572
30 63 96
63 30 96
30 90 372
90 30 372
30 67 107
67 30 107
30 34 541
34 30 541
30 65 225
65 30 225
30 46 577
46 30 577
30 49 580
49 30 580
30 40 299
40 30 299
30 33 638
33 30 638
31 58 687
58 31 687
31 68 777
68 31 777
31 37 990
37 31 990
31 37 73
37 31 73
31 42 662
42 31 662
31 55 342
55 31 342
32 35 464
35 32 464
32 52 607
52 32 607
32 88 416
88 32 416
32 57 279
57 32 279
33 72 957
72 33 957
33 55 453
55 33 453
33 83 16
83 33 16
34 56 504
56 34 504
34 43 796
43 34 796
34 83 608
83 34 608
34 92 446
92 34 446
34 44 859
44 34 859
34 70 837
70 34 837
34 47 942
47 34 942
34 86 972
86 34 972
35 65 217
65 35 217
35 68 413
68 35 413
35 73 804
73 35 804
35 58 985
58 35 985
35 90 900
90 35 900
35 97 274
97 35 274
35 80 477
80 35 477
35 84 867
84 35 867
35 74 475
74 35 475
35 47 246
47 35 246
36 49 419
49 36 419
36 68 346
68 36 346
36 47 478
47 36 478
36 69 658
69 36 658
36 51 14
51 36 14
36 91 538
91 36 538
36 43 364
43 36 364
36 50 929
50 36 929
36 37 677
37 36 677
36 59 792
59 36 792
36 71 190
71 36 190
37 41 384
41 37 384
37 91 274
91 37 274
37 45 109
45 37 109
37 41 695
41 37 695
37 74 952
74 37 952
37 82 232
82 37 232
37 97 751
97 37 751
37 47 980
47 37 980
37 94 618
94 37 618
38 70 159
70 38 159
38 81 695
81 38 695
38 67 359
67 38 359
38 72 285
72 38 285
38 75 76
75 38 76
38 59 843
59 38 843
38 50 6
50 38 6
38 62 937
62 38 937
38 87 559
87 38 559
38 72 819
72 38 819
38 69 966
69 38 966
38 83 354
83 38 354
38 68 446
68 38 446
39 58 681
58 39 681
39 60 386
60 39 386
39 97 579
97 39 579
39 44 619
44 39 619
39 46 366
46 39 366
39 44 38
44 39 38
39 88 775
88 39 775
39 89 822
89 39 822
39 90 589
90 39 589
40 89 927
89 40 927
40 46 431
46 40 431
40 41 491
41 40 491
40 85 247
85 40 247
40 65 628
65 40 628
40 87 27
87 40 27
41 50 366
50 41 366
41 88 350
88 41 350
41 70 707
70 41 707
41 70 345
70 41 345
41 79 444
79 41 444
41 80 689
80 41 689
41 67 423
67 41 423
41 70 47
70 41 47
41 84 426
84 41 426
42 83 477
83 42 477
42 80 783
80 42 783
42 81 345
81 42 345
42 87 329
87 42 329
42 67 873
67 42 873
42 68 56
68 42 56
42 91 545
91 42 545
43 75 993
75 43 993
43 93 217
93 43 217
43 87 249
87 43 249
43 73 799
73 43 799
43 90 173
90 43 173
43 95 724
95 43 724
43 93 361
93 43 361
44 97 242
97 44 242
44 93 129
93 44 129
44 48 106
48 44 106
44 45 804
45 44 804
44 83 5
83 44 5
44 62 89
62 44 89
44 72 818
72 44 818
45 60 785
60 45 785
45 92 539
92 45 539
45 75 539
75 45 539
45 58 229
58 45 229
45 53 945
53 45 945
45 52 868
52 45 868
45 95 118
95 45 118
45 75 936
75 45 936
46 54 697
54 46 697
46 60 733
60 46 733
46 62 848
62 46 848
46 74 925
74 46 925
46 78 263
78 46 263
46 83 774
83 46 774
46 47 167
47 46 167
47 60 598
60 47 598
47 85 80
85 47 80
47 82 807
82 47 807
47 66 198
66 47 198
47 67 45
67 47 45
47 89 36
89 47 36
47 51 251
51 47 251
47 90 367
90 47 367
47 73 350
73 47 350
47 79 686
79 47 686
47 63 391
63 47 391
48 76 917
76 48 917
48 73 403
73 48 403
48 91 881
91 48 881
48 73 483
73 48 483
49 62 8
62 49 8
49 52 409
52 49 409
49 76 299
76 49 299
49 72 204
72 49 204
49 61 345
61 49 345
49 88 497
88 49 497
50 65 907
65 50 907
50 68 865
68 50 865
50 86 730
86 50 730
50 86 221
86 50 221
50 86 115
86 50 115
51 81 816
81 51 816
51 77 877
77 51 877
51 86 529
86 51 529
51 90 874
90 51 874
51 80 537
80 51 537
51 80 608
80 51 608
51 93 615
93 51 615
51 57 101
57 51 101
52 61 86
61 52 86
52 67 235
67 52 235
52 88 980
88 52 980
52 87 128
87 52 128
52 92 56
92 52 56
52 92 630
92 52 630
53 66 718
66 53 718
53 90 800
90 53 800
53 96 36
96 53 36
53 64 368
64 53 368
53 85 815
85 53 815
53 59 758
59 53 758
54 95 835
95 54 835
54 81 767
81 54 767
55 84 935
84 55 935
55 78 531
78 55 531
55 79 637
79 55 637
55 92 669
92 55 669
55 80 533
80 55 533
55 93 830
93 55 830
55 71 382
71 55 382
56 62 338
62 56 338
56 59 792
59 56 792
56 77 850
77 56 850
57 84 557
84 57 557
57 88 302
88 57 302
57 86 704
86 57 704
57 87 954
87 57 954
57 93 116
93 57 116
58 69 836
69 58 836
58 79 584
79 58 584
58 97 754
97 58 754
58 82 943
82 58 943
58 74 555
74 58 555
59 89 8
89 59 8
59 84 595
84 59 595
60 64 855
64 60 855
60 95 525
95 60 525
60 64 219
64 60 219
60 83 542
83 60 542
60 93 785
93 60 785
60 92 64
92 60 64
60 75 646
75 60 646
60 96 175
96 60 175
61 80 609
80 61 609
61 62 983
62 61 983
61 83 219
83 61 219
61 97 404
97 61 404
62 93 472
93 62 472
62 78 406
78 62 406
62 71 384
71 62 384
63 68 757
68 63 757
63 92 935
92 63 935
63 64 98
64 63 98
63 90 929
90 63 929
64 77 593
77 64 593
64 95 477
95 64 477
64 83 593
83 64 593
64 87 708
87 64 708
64 80 345
80 64 345
65 88 303
88 65 303
66 96 884
96 66 884
66 66 668
66 66 668
67 71 702
71 67 702
67 80 136
80 67 136
67 82 648
82 67 648
67 82 315
82 67 315
67 91 775
91 67 775
67 91 515
91 67 515
68 85 315
85 68 315
68 88 805
88 68 805
68 76 918
76 68 918
68 96 905
96 68 905
69 75 492
75 69 492
69 97 418
97 69 418
70 91 464
91 70 464
71 94 469
94 71 469
71 82 671
82 71 671
71 79 772
79 71 772
71 80 602
80 71 602
71 92 376
92 71 376
71 73 634
73 71 634
72 78 721
78 72 721
72 97 737
97 72 737
72 82 789
82 72 789
72 83 852
83 72 852
72 81 591
81 72 591
72 97 732
97 72 732
73 94 132
94 73 132
74 74 662
74 74 662
74 94 993
94 74 993
75 93 197
93 75 197
75 86 38
86 75 38
75 75 356
75 75 356
76 97 918
97 76 918
76 95 17
95 76 17
76 81 405
81 76 405
76 95 682
95 76 682
76 94 598
94 76 598
77 79 31
79 77 31
77 84 920
84 77 920
78 88 481
88 78 481
78 84 180
84 78 180
78 93 831
93 78 831
79 97 171
97 79 171
81 95 616
95 81 616
81 83 892
83 81 892
81 93 658
93 81 658
81 86 279
86 81 279
83 95 218
95 83 218
83 93 384
93 83 384
83 92 392
92 83 392
83 93 255
93 83 255
84 97 601
97 84 601
84 95 761
95 84 761
86 91 980
91 86 980
86 96 383
96 86 383
87 96 719
96 87 719
88 92 932
92 88 932
88 96 3
96 88 3
88 92 211
92 88 211
90 94 971
94 90 971
92 95 904
95 92 904
92 96 875
96 92 875
97 97 927
97 97 927
