72

0 1 367
1 0 367
0 2 638
2 0 638
0 7 418
7 0 418
0 51 716
51 0 716
0 21 6
21 0 6
1 3 825
3 1 825
1 6 212
6 1 212
1 23 44
23 1 44
1 50 551
50 1 551
1 71 153
71 1 153
1 20 691
20 1 691
2 5 899
5 2 899
2 28 122
28 2 122
2 36 478
36 2 478
2 8 323
8 2 323
3 4 600
4 3 600
3 20 98
20 3 98
4 19 282
19 4 282
5 8 570
8 5 570
5 27 405
27 5 405
5 53 312
53 5 312
6 10 91
10 6 91
6 11 383
11 6 383
6 37 219
37 6 219
7 18 221
18 7 221
7 38 35
38 7 35
7 62 899
62 7 899
7 57 494
57 7 494
8 9 575
9 8 575
9 12 221
12 9 221
9 13 973
13 9 973
9 44 562
44 9 562
9 65 213
65 9 213
10 25 893
25 10 893
10 29 606
29 10 606
11 45 668
45 11 668
11 68 33
68 11 33
12 15 317
15 12 317
12 30 625
30 12 625
12 57 82
57 12 82
12 24 942
24 12 942
13 14 74
14 13 74
13 16 475
16 13 475
13 21 47
21 13 47
13 31 269
31 13 269
13 56 639
56 13 639
13 49 924
49 13 924
14 23 607
23 14 607
14 49 11
49 14 11
15 22 46
22 15 46
15 18 614
18 15 614
16 17 255
17 16 255
16 60 461
60 16 461
17 64 679
64 17 679
17 49 98
49 17 98
18 59 274
59 18 274
18 21 921
21 18 921
20 34 631
34 20 631
20 45 69
45 20 69
20 71 647
71 20 647
21 31 273
31 21 273
22 35 721
35 22 721
23 24 56
24 23 56
23 42 814
42 23 814
23 57 260
57 23 260
23 67 854
67 23 854
25 26 643
26 25 643
25 35 239
35 25 239
26 47 748
47 26 748
27 33 743
33 27 743
27 40 547
40 27 547
28 39 555
39 28 555
28 41 307
41 28 307
29 43 8
43 29 8
29 31 796
31 29 796
30 32 18
32 30 18
30 58 937
58 30 937
30 58 492
58 30 492
31 49 175
49 31 175
31 61 550
61 31 550
31 37 597
37 31 597
34 35 136
35 34 136
35 48 789
48 35 789
36 46 661
46 36 661
37 55 540
55 37 540
40 46 797
46 40 797
42 54 430
54 42 430
43 52 267
52 43 267
44 66 74
66 44 74
46 68 856
68 46 856
49 59 960
59 49 960
52 69 667
69 52 667
52 57 194
57 52 194
53 67 839
67 53 839
54 71 133
71 54 133
54 58 554
58 54 554
55 63 354
63 55 354
56 63 371
63 56 371
59 70 450
70 59 450
65 66 212
66 65 212
