86

0 1 564
1 0 564
0 15 956
15 0 956
0 20 425
20 0 425
0 66 936
66 0 936
0 82 949
82 0 949
0 37 501
37 0 501
0 42 52
42 0 52
0 36 501
36 0 501
0 37 684
37 0 684
0 74 429
74 0 429
1 2 756
2 1 756
1 3 334
3 1 334
1 73 699
73 1 699
1 29 393
29 1 393
1 46 338
46 1 338
1 55 450
55 1 450
1 35 286
35 1 286
2 9 639
9 2 639
2 10 333
10 2 333
2 52 436
52 2 436
2 31 893
31 2 893
2 71 15
71 2 15
2 53 284
53 2 284
2 79 903
79 2 903
2 35 674
35 2 674
2 6 693
6 2 693
3 4 473
4 3 473
3 5 967
5 3 967
3 12 682
12 3 682
3 18 427
18 3 427
3 21 644
21 3 644
3 34 970
34 3 970
3 15 221
15 3 221
3 77 606
77 3 606
3 31 898
31 3 898
3 76 267
76 3 267
3 77 667
77 3 667
3 44 529
44 3 529
3 37 851
37 3 851
3 6 107
6 3 107
3 64 665
64 3 665
3 5 503
5 3 503
3 54 91
54 3 91
4 6 617
6 4 617
4 8 702
8 4 702
4 17 954
17 4 954
4 32 30
32 4 30
4 45 193
45 4 193
4 51 969
51 4 969
4 58 53
58 4 53
4 16 591
16 4 591
4 10 365
10 4 365
4 84 7
84 4 7
4 22 585
22 4 585
4 47 875
47 4 875
4 84 912
84 4 912
4 24 583
24 4 583
4 35 263
35 4 263
4 17 286
17 4 286
5 7 508
7 5 508
5 11 390
11 5 390
5 33 961
33 5 961
5 37 972
37 5 972
5 46 581
46 5 581
5 13 944
13 5 944
5 79 653
79 5 653
5 78 647
78 5 647
5 83 141
83 5 141
5 22 14
22 5 14
5 22 754
22 5 754
5 73 240
73 5 240
5 65 301
65 5 301
5 59 741
59 5 741
5 80 31
80 5 31
5 85 710
85 5 710
5 48 915
48 5 915
5 62 534
62 5 534
5 12 581
12 5 581
6 14 993
14 6 993
6 16 649
16 6 649
6 22 475
22 6 475
6 26 602
26 6 602
6 36 440
36 6 440
6 60 932
60 6 932
6 31 826
31 6 826
6 76 865
76 6 865
6 54 688
54 6 688
6 35 75
35 6 75
6 43 497
43 6 497
6 84 895
84 6 895
6 60 242
60 6 242
7 23 680
23 7 680
7 27 926
27 7 926
7 48 243
48 7 243
7 71 380
71 7 380
7 25 253
25 7 253
7 18 707
18 7 707
7 40 399
40 7 399
7 10 569
10 7 569
7 81 575
81 7 575
8 75 647
75 8 647
8 85 315
85 8 315
8 62 554
62 8 554
8 23 524
23 8 524
8 65 659
65 8 659
8 47 9
47 8 9
9 13 63
13 9 63
9 67 77
67 9 77
9 52 849
52 9 849
9 77 682
77 9 682
9 39 977
39 9 977
10 60 578
60 10 578
10 13 944
13 10 944
10 82 754
82 10 754
10 55 183
55 10 183
10 21 728
21 10 728
11 24 909
24 11 909
11 44 164
44 11 164
11 54 963
54 11 963
11 21 457
21 11 457
11 45 878
45 11 878
11 54 900
54 11 900
11 21 877
21 11 877
11 26 302
26 11 302
11 47 626
47 11 626
11 54 872
54 11 872
12 19 650
19 12 650
12 34 379
34 12 379
12 60 61
60 12 61
12 40 3
40 12 3
13 24 685
24 13 685
13 24 659
24 13 659
13 60 576
60 13 576
13 72 824
72 13 824
14 40 12
40 14 12
14 41 740
41 14 740
14 56 452
56 14 452
14 34 51
34 14 51
14 66 526
66 14 526
14 59 903
59 14 903
14 49 663
49 14 663
14 27 139
27 14 139
14 69 268
69 14 268
14 30 507
30 14 507
15 53 651
53 15 651
15 20 415
20 15 415
15 19 788
19 15 788
15 21 135
21 15 135
15 37 131
37 15 131
15 51 224
51 15 224
15 66 626
66 15 626
16 42 777
42 16 777
16 81 697
81 16 697
16 38 431
38 16 431
16 58 747
58 16 747
16 50 676
50 16 676
16 84 29
84 16 29
17 19 201
19 17 201
17 25 909
25 17 909
17 61 851
61 17 851
17 45 766
45 17 766
17 20 11
20 17 11
17 76 592
76 17 592
18 27 586
27 18 586
18 68 28
68 18 28
18 36 738
36 18 738
19 30 972
30 19 972
19 80 41
80 19 41
19 59 159
59 19 159
19 23 935
23 19 935
19 28 214
28 19 214
19 82 931
82 19 931
19 52 524
52 19 524
19 27 541
27 19 541
20 31 257
31 20 257
20 54 853
54 20 853
20 22 554
22 20 554
20 63 59
63 20 59
20 76 491
76 20 491
20 60 299
60 20 299
20 24 614
24 20 614
21 43 822
43 21 822
21 61 894
61 21 894
21 44 21
44 21 21
21 56 126
56 21 126
21 35 895
35 21 895
21 26 344
26 21 344
21 83 933
83 21 933
21 58 110
58 21 110
21 58 678
58 21 678
21 22 574
22 21 574
22 79 537
79 22 537
22 45 51
45 22 51
22 64 45
64 22 45
22 24 394
24 22 394
22 59 736
59 22 736
22 31 149
31 22 149
22 67 251
67 22 251
22 57 918
57 22 918
22 44 104
44 22 104
23 28 297
28 23 297
23 72 792
72 23 792
23 56 59
56 23 59
23 44 222
44 23 222
23 30 77
30 23 77
23 26 667
26 23 667
24 57 552
57 24 552
24 27 537
27 24 537
24 48 483
48 24 483
24 76 170
76 24 170
25 63 587
63 25 587
25 25 939
25 25 939
25 25 348
25 25 348
25 55 546
55 25 546
25 58 862
58 25 862
25 84 627
84 25 627
25 43 141
43 25 141
25 38 685
38 25 685
25 27 293
27 25 293
25 42 39
42 25 39
26 73 472
73 26 472
26 64 769
64 26 769
26 85 246
85 26 246
26 40 352
40 26 352
26 31 264
31 26 264
26 82 578
82 26 578
26 64 142
64 26 142
27 39 838
39 27 838
27 49 243
49 27 243
27 83 199
83 27 199
27 35 257
35 27 257
27 59 33
59 27 33
27 62 713
62 27 713
27 82 259
82 27 259
27 40 968
40 27 968
27 62 409
62 27 409
28 29 956
29 28 956
28 32 907
32 28 907
28 65 85
65 28 85
29 75 836
75 29 836
29 62 326
62 29 326
29 30 42
30 29 42
29 38 470
38 29 470
30 59 609
59 30 609
30 46 644
46 30 644
30 76 334
76 30 334
30 65 458
65 30 458
31 81 164
81 31 164
31 56 220
56 31 220
31 42 855
42 31 855
31 51 342
51 31 342
31 44 462
44 31 462
32 58 992
58 32 992
32 65 165
65 32 165
32 76 235
76 32 235
32 60 105
60 32 105
32 47 536
47 32 536
32 76 46
76 32 46
32 64 309
64 32 309
32 79 183
79 32 183
32 55 656
55 32 656
33 52 484
52 33 484
33 73 897
73 33 897
33 62 459
62 33 459
33 72 488
72 33 488
33 54 869
54 33 869
34 35 501
35 34 501
34 50 363
50 34 363
34 65 791
65 34 791
34 64 542
64 34 542
34 51 427
51 34 427
34 50 777
50 34 777
34 42 115
42 34 115
35 69 103
69 35 103
35 74 423
74 35 423
35 79 257
79 35 257
35 79 290
79 35 290
35 84 203
84 35 203
35 44 351
44 35 351
35 41 922
41 35 922
35 73 433
73 35 433
36 43 725
43 36 725
36 69 497
69 36 497
36 55 61
55 36 61
36 57 133
57 36 133
36 64 957
64 36 957
36 70 213
70 36 213
36 75 154
75 36 154
36 68 612
68 36 612
36 83 571
83 36 571
36 85 519
85 36 519
37 38 677
38 37 677
37 41 473
41 37 473
37 57 153
57 37 153
38 70 678
70 38 678
38 38 815
38 38 815
38 48 250
48 38 250
38 69 439
69 38 439
38 54 74
54 38 74
39 47 46
47 39 46
39 59 941
59 39 941
39 42 139
42 39 139
39 53 252
53 39 252
40 62 323
62 40 323
40 83 851
83 40 851
40 61 984
61 40 984
41 54 823
54 41 823
41 45 117
45 41 117
41 49 490
49 41 490
42 57 263
57 42 263
42 83 739
83 42 739
42 85 67
85 42 67
42 42 521
42 42 521
42 67 330
67 42 330
42 50 928
50 42 928
42 81 230
81 42 230
42 58 205
58 42 205
43 71 172
71 43 172
43 44 165
44 43 165
44 46 515
46 44 515
44 64 433
64 44 433
45 73 916
73 45 916
45 84 984
84 45 984
45 73 212
73 45 212
46 47 671
47 46 671
46 75 646
75 46 646
46 48 576
48 46 576
46 53 793
53 46 793
47 59 453
59 47 453
47 68 844
68 47 844
47 68 978
68 47 978
47 49 590
49 47 590
47 66 209
66 47 209
47 69 814
69 47 814
48 77 502
77 48 502
48 82 998
82 48 998
48 73 240
73 48 240
49 55 654
55 49 654
49 78 961
78 49 961
49 79 139
79 49 139
49 79 382
79 49 382
49 73 614
73 49 614
49 78 836
78 49 836
50 79 981
79 50 981
50 72 230
72 50 230
50 74 476
74 50 476
50 77 621
77 50 621
50 76 304
76 50 304
51 67 247
67 51 247
51 75 351
75 51 351
51 63 546
63 51 546
52 75 927
75 52 927
52 76 889
76 52 889
52 81 388
81 52 388
52 65 122
65 52 122
53 65 558
65 53 558
53 59 589
59 53 589
55 79 357
79 55 357
55 58 362
58 55 362
55 85 625
85 55 625
56 59 658
59 56 658
56 64 309
64 56 309
56 66 381
66 56 381
56 85 337
85 56 337
56 63 715
63 56 715
57 58 68
58 57 68
57 66 409
66 57 409
57 72 792
72 57 792
58 75 709
75 58 709
58 80 399
80 58 399
59 80 476
80 59 476
59 73 126
73 59 126
59 61 460
61 59 460
59 82 785
82 59 785
60 82 323
82 60 323
60 76 319
76 60 319
60 70 652
70 60 652
61 81 805
81 61 805
61 85 897
85 61 897
62 77 690
77 62 690
62 75 326
75 62 326
63 85 126
85 63 126
63 69 820
69 63 820
64 70 543
70 64 543
64 74 454
74 64 454
65 84 570
84 65 570
65 71 504
71 65 504
66 68 507
68 66 507
66 76 354
76 66 354
68 79 771
79 68 771
68 70 479
70 68 479
69 85 770
85 69 770
71 79 562
79 71 562
71 74 500
74 71 500
71 83 101
83 71 101
72 82 148
82 72 148
72 75 420
75 72 420
72 83 960
83 72 960
73 84 209
84 73 209
73 77 784
77 73 784
73 80 472
80 73 472
73 80 379
80 73 379
76 85 534
85 76 534
79 82 742
82 79 742
79 82 81
82 79 81
80 82 149
82 80 149
81 84 99
84 81 99
82 83 721
83 82 721
