85

0 1 400
1 0 400
0 4 879
4 0 879
0 6 949
6 0 949
0 7 199
7 0 199
0 12 537
12 0 537
0 17 953
17 0 953
0 18 148
18 0 148
0 29 606
29 0 606
0 45 895
45 0 895
0 78 368
78 0 368
0 71 882
71 0 882
0 56 481
56 0 481
0 57 404
57 0 404
0 29 857
29 0 857
1 2 901
2 1 901
1 23 310
23 1 310
1 31 330
31 1 330
1 66 122
66 1 122
1 73 205
73 1 205
1 8 612
8 1 612
1 59 209
59 1 209
2 3 528
3 2 528
2 13 541
13 2 541
2 57 312
57 2 312
2 58 173
58 2 173
2 70 914
70 2 914
2 49 197
49 2 197
2 63 775
63 2 775
2 64 662
64 2 662
2 16 651
16 2 651
2 60 206
60 2 206
2 40 577
40 2 577
3 10 311
10 3 311
3 16 938
16 3 938
3 19 450
19 3 450
3 20 608
20 3 608
3 56 419
56 3 419
3 49 15
49 3 15
3 55 846
55 3 846
3 42 116
42 3 116
4 5 864
5 4 864
4 5 999
5 4 999
4 31 71
31 4 71
4 69 296
69 4 296
4 44 226
44 4 226
5 9 822
9 5 822
5 42 809
42 5 809
5 52 333
52 5 333
5 75 163
75 5 163
5 56 179
56 5 179
5 50 687
50 5 687
5 31 773
31 5 773
5 10 520
10 5 520
5 70 154
70 5 154
5 25 856
25 5 856
5 27 122
27 5 122
5 31 931
31 5 931
6 8 580
8 6 580
6 22 717
22 6 717
6 56 830
56 6 830
6 80 333
80 6 333
6 60 387
60 6 387
6 62 237
62 6 237
7 11 419
11 7 419
7 46 154
46 7 154
7 28 930
28 7 930
7 43 948
43 7 948
7 77 88
77 7 88
7 8 841
8 7 841
8 41 994
41 8 994
8 32 108
32 8 108
8 17 112
17 8 112
8 10 580
10 8 580
8 58 955
58 8 955
8 84 89
84 8 89
8 27 881
27 8 881
9 33 190
33 9 190
9 25 389
25 9 389
9 13 364
13 9 364
9 61 544
61 9 544
9 35 576
35 9 576
9 30 873
30 9 873
9 79 269
79 9 269
9 46 220
46 9 220
9 35 828
35 9 828
10 37 89
37 10 89
10 43 844
43 10 844
10 55 15
55 10 15
10 27 748
27 10 748
10 24 652
24 10 652
10 55 492
55 10 492
10 81 730
81 10 730
11 51 952
51 11 952
11 42 680
42 11 680
11 62 572
62 11 572
11 47 897
47 11 897
11 56 599
56 11 599
11 19 483
19 11 483
11 11 430
11 11 430
11 28 163
28 11 163
11 67 708
67 11 708
12 15 793
15 12 793
12 69 405
69 12 405
12 80 91
80 12 91
12 34 808
34 12 808
12 35 576
35 12 576
12 76 474
76 12 474
13 14 551
14 13 551
13 27 387
27 13 387
13 34 414
34 13 414
13 83 661
83 13 661
13 30 967
30 13 967
13 26 491
26 13 491
13 67 373
67 13 373
13 20 635
20 13 635
14 25 992
25 14 992
14 36 695
36 14 695
14 18 460
18 14 460
14 58 181
58 14 181
14 44 534
44 14 534
14 76 54
76 14 54
15 46 886
46 15 886
15 23 202
23 15 202
15 53 748
53 15 748
15 72 258
72 15 258
15 42 637
42 15 637
16 26 558
26 16 558
16 47 646
47 16 646
16 84 120
84 16 120
16 53 24
53 16 24
16 51 422
51 16 422
16 24 338
24 16 338
16 53 219
53 16 219
17 38 805
38 17 805
17 35 138
35 17 138
17 80 746
80 17 746
17 51 106
51 17 106
17 28 876
28 17 876
18 21 742
21 18 742
18 30 427
30 18 427
18 63 54
63 18 54
18 37 53
37 18 53
18 25 696
25 18 696
18 71 602
71 18 602
18 26 450
26 18 450
18 52 135
52 18 135
18 34 476
34 18 476
18 82 461
82 18 461
18 67 325
67 18 325
19 47 551
47 19 551
19 39 161
39 19 161
19 34 965
34 19 965
20 29 98
29 20 98
20 77 76
77 20 76
20 71 931
71 20 931
20 55 193
55 20 193
20 31 266
31 20 266
21 24 918
24 21 918
21 40 45
40 21 45
21 48 208
48 21 208
22 66 551
66 22 551
22 79 818
79 22 818
22 84 753
84 22 753
23 79 677
79 23 677
23 55 235
55 23 235
23 74 371
74 23 371
23 36 434
36 23 434
24 28 874
28 24 874
24 32 760
32 24 760
24 60 95
60 24 95
24 77 676
77 24 676
24 35 584
35 24 584
24 42 256
42 24 256
24 68 919
68 24 919
24 83 262
83 24 262
24 66 12
66 24 12
24 45 302
45 24 302
24 34 235
34 24 235
24 50 892
50 24 892
25 61 391
61 25 391
25 43 730
43 25 730
25 34 930
34 25 930
25 63 372
63 25 372
26 36 450
36 26 450
26 37 412
37 26 412
26 69 130
69 26 130
26 38 737
38 26 737
26 29 511
29 26 511
26 51 257
51 26 257
26 42 534
42 26 534
26 36 988
36 26 988
26 56 721
56 26 721
27 35 622
35 27 622
27 44 144
44 27 144
27 72 647
72 27 647
27 58 690
58 27 690
28 65 826
65 28 826
28 45 552
45 28 552
28 38 919
38 28 919
28 44 63
44 28 63
30 59 447
59 30 447
30 53 635
53 30 635
30 76 863
76 30 863
31 76 179
76 31 179
31 64 463
64 31 463
31 36 285
36 31 285
31 75 849
75 31 849
31 38 516
38 31 516
31 58 37
58 31 37
31 68 950
68 31 950
31 46 647
46 31 647
32 44 321
44 32 321
32 74 159
74 32 159
32 69 763
69 32 763
33 83 21
83 33 21
34 77 849
77 34 849
34 66 521
66 34 521
34 69 350
69 34 350
34 36 702
36 34 702
35 68 889
68 35 889
35 48 603
48 35 603
35 36 861
36 35 861
36 39 632
39 36 632
36 53 559
53 36 559
36 73 766
73 36 766
36 73 521
73 36 521
36 83 442
83 36 442
36 83 414
83 36 414
36 48 196
48 36 196
38 64 385
64 38 385
38 71 609
71 38 609
39 82 59
82 39 59
39 44 709
44 39 709
40 81 683
81 40 683
40 59 817
59 40 817
40 68 752
68 40 752
41 50 426
50 41 426
41 58 144
58 41 144
41 65 808
65 41 808
42 52 802
52 42 802
42 62 54
62 42 54
42 50 800
50 42 800
42 51 89
51 42 89
42 59 262
59 42 262
43 47 842
47 43 842
43 69 240
69 43 240
43 44 158
44 43 158
43 80 164
80 43 164
44 83 710
83 44 710
44 79 214
79 44 214
44 47 195
47 44 195
45 67 54
67 45 54
45 57 940
57 45 940
45 50 595
50 45 595
45 74 535
74 45 535
46 49 887
49 46 887
46 48 728
48 46 728
46 47 118
47 46 118
46 75 574
75 46 574
46 72 667
72 46 667
47 84 571
84 47 571
48 54 797
54 48 797
48 69 956
69 48 956
48 67 611
67 48 611
48 77 537
77 48 537
48 51 856
51 48 856
49 61 880
61 49 880
49 61 465
61 49 465
49 83 48
83 49 48
50 50 942
50 50 942
50 54 94
54 50 94
50 66 653
66 50 653
51 62 517
62 51 517
51 76 799
76 51 799
51 59 189
59 51 189
51 79 886
79 51 886
52 84 638
84 52 638
53 66 151
66 53 151
53 62 691
62 53 691
54 80 184
80 54 184
54 56 60
56 54 60
54 62 203
62 54 203
54 56 582
56 54 582
55 61 796
61 55 796
55 70 31
70 55 31
56 57 967
57 56 967
56 81 480
81 56 480
56 59 983
59 56 983
56 65 573
65 56 573
57 67 586
67 57 586
57 72 923
72 57 923
58 59 723
59 58 723
58 61 22
61 58 22
58 76 975
76 58 975
59 70 837
70 59 837
60 70 855
70 60 855
60 79 929
79 60 929
60 69 705
69 60 705
61 64 250
64 61 250
61 71 616
71 61 616
62 76 71
76 62 71
62 82 162
82 62 162
63 68 228
68 63 228
63 72 667
72 63 667
63 81 64
81 63 64
64 80 644
80 64 644
65 71 213
71 65 213
65 73 442
73 65 442
66 75 383
75 66 383
66 77 885
77 66 885
66 76 592
76 66 592
67 67 322
67 67 322
68 84 764
84 68 764
69 72 514
72 69 514
70 73 72
73 70 72
71 81 701
81 71 701
72 79 562
79 72 562
73 76 279
76 73 279
75 75 376
75 75 376
75 80 586
80 75 586
75 81 741
81 75 741
76 83 309
83 76 309
77 81 431
81 77 431
81 84 164
84 81 164
