23

0 1 460
1 0 460
0 2 105
2 0 105
0 5 377
5 0 377
0 9 84
9 0 84
0 14 919
14 0 919
0 20 931
20 0 931
0 9 878
9 0 878
0 15 882
15 0 882
0 11 511
11 0 511
0 13 846
13 0 846
0 19 810
19 0 810
1 3 769
3 1 769
1 4 693
4 1 693
1 6 426
6 1 426
1 7 290
7 1 290
1 11 84
11 1 84
1 20 464
20 1 464
1 17 704
17 1 704
1 6 280
6 1 280
1 4 562
4 1 562
1 16 895
16 1 895
2 6 159
6 2 159
2 20 997
20 2 997
2 8 671
8 2 671
3 7 324
7 3 324
3 10 554
10 3 554
3 19 424
19 3 424
3 5 878
5 3 878
3 11 72
11 3 72
3 8 310
8 3 310
3 21 757
21 3 757
3 16 96
16 3 96
4 12 245
12 4 245
4 15 247
15 4 247
4 10 390
10 4 390
4 12 715
12 4 715
4 22 210
22 4 210
4 22 193
22 4 193
4 9 792
9 4 792
4 19 387
19 4 387
5 10 521
10 5 521
5 7 165
7 5 165
5 8 525
8 5 525
5 19 420
19 5 420
5 13 879
13 5 879
6 8 466
8 6 466
7 12 605
12 7 605
7 14 943
14 7 943
7 18 816
18 7 816
8 22 377
22 8 377
8 15 797
15 8 797
8 14 591
14 8 591
8 20 954
20 8 954
8 11 187
11 8 187
9 20 635
20 9 635
9 21 730
21 9 730
9 10 461
10 9 461
10 16 350
16 10 350
10 16 764
16 10 764
10 12 405
12 10 405
11 12 96
12 11 96
11 14 120
14 11 120
11 15 581
15 11 581
12 13 968
13 12 968
12 20 822
20 12 822
12 22 401
22 12 401
12 21 754
21 12 754
13 13 885
13 13 885
13 21 363
21 13 363
14 15 993
15 14 993
14 17 363
17 14 363
14 16 942
16 14 942
14 18 334
18 14 334
14 17 78
17 14 78
16 21 222
21 16 222
17 19 607
19 17 607
17 21 75
21 17 75
19 22 734
22 19 734
