57

0 1 709
1 0 709
0 3 344
3 0 344
0 17 237
17 0 237
0 34 277
34 0 277
0 29 366
29 0 366
0 52 921
52 0 921
0 9 835
9 0 835
0 14 724
14 0 724
1 2 249
2 1 249
1 5 116
5 1 116
1 6 601
6 1 601
1 13 75
13 1 75
1 5 196
5 1 196
1 36 164
36 1 164
2 4 240
4 2 240
2 15 350
15 2 350
2 32 154
32 2 154
2 53 415
53 2 415
2 21 2
21 2 2
2 47 862
47 2 862
2 31 1000
31 2 1000
3 43 995
43 3 995
3 55 245
55 3 245
3 3 989
3 3 989
3 17 128
17 3 128
3 27 545
27 3 545
3 21 729
21 3 729
3 40 360
40 3 360
3 12 911
12 3 911
3 53 839
53 3 839
3 10 906
10 3 906
3 23 576
23 3 576
3 4 419
4 3 419
4 9 862
9 4 862
4 11 455
11 4 455
4 26 679
26 4 679
4 37 266
37 4 266
4 56 902
56 4 902
4 31 796
31 4 796
4 46 505
46 4 505
5 7 958
7 5 958
5 22 686
22 5 686
5 17 726
17 5 726
5 52 914
52 5 914
6 10 271
10 6 271
6 16 517
16 6 517
6 23 175
23 6 175
6 47 187
47 6 187
6 37 892
37 6 892
7 8 727
8 7 727
7 40 396
40 7 396
7 52 127
52 7 127
7 17 125
17 7 125
7 54 452
54 7 452
7 14 488
14 7 488
7 30 803
30 7 803
7 21 848
21 7 848
7 9 775
9 7 775
7 41 253
41 7 253
8 21 909
21 8 909
8 24 611
24 8 611
8 29 138
29 8 138
8 27 562
27 8 562
8 44 573
44 8 573
8 14 758
14 8 758
9 12 594
12 9 594
9 31 134
31 9 134
9 37 787
37 9 787
10 20 594
20 10 594
10 35 282
35 10 282
10 34 477
34 10 477
10 22 497
22 10 497
10 19 655
19 10 655
11 39 187
39 11 187
11 36 296
36 11 296
11 38 940
38 11 940
11 44 426
44 11 426
11 25 612
25 11 612
11 37 121
37 11 121
11 24 558
24 11 558
12 14 123
14 12 123
12 19 915
19 12 915
12 33 571
33 12 571
12 29 707
29 12 707
12 29 716
29 12 716
13 38 413
38 13 413
13 44 320
44 13 320
13 38 746
38 13 746
13 41 194
41 13 194
13 49 675
49 13 675
13 50 574
50 13 574
14 30 361
30 14 361
14 39 816
39 14 816
14 46 428
46 14 428
15 18 701
18 15 701
15 52 586
52 15 586
15 26 325
26 15 325
15 35 676
35 15 676
16 49 682
49 16 682
16 19 920
19 16 920
17 38 548
38 17 548
18 25 81
25 18 81
18 27 338
27 18 338
18 28 46
28 18 46
18 20 925
20 18 925
18 39 1000
39 18 1000
18 44 111
44 18 111
18 49 992
49 18 992
18 24 45
24 18 45
18 35 225
35 18 225
19 50 933
50 19 933
19 25 969
25 19 969
19 20 645
20 19 645
20 46 913
46 20 913
20 36 384
36 20 384
20 23 763
23 20 763
20 41 318
41 20 318
20 45 349
45 20 349
20 44 720
44 20 720
20 50 687
50 20 687
21 48 294
48 21 294
21 54 28
54 21 28
21 23 653
23 21 653
21 49 747
49 21 747
21 40 185
40 21 185
21 52 761
52 21 761
21 49 943
49 21 943
21 41 600
41 21 600
21 55 602
55 21 602
22 36 464
36 22 464
22 49 976
49 22 976
22 28 520
28 22 520
23 50 328
50 23 328
23 46 319
46 23 319
23 34 365
34 23 365
24 56 740
56 24 740
24 49 438
49 24 438
25 49 496
49 25 496
25 45 375
45 25 375
25 47 760
47 25 760
25 48 471
48 25 471
25 30 437
30 25 437
25 41 675
41 25 675
25 44 168
44 25 168
26 53 25
53 26 25
27 35 121
35 27 121
28 29 289
29 28 289
28 39 581
39 28 581
28 30 460
30 28 460
28 40 291
40 28 291
28 29 7
29 28 7
29 42 474
42 29 474
29 32 460
32 29 460
29 53 206
53 29 206
29 50 420
50 29 420
29 38 28
38 29 28
29 30 126
30 29 126
29 44 56
44 29 56
30 51 76
51 30 76
30 37 238
37 30 238
30 42 273
42 30 273
30 52 462
52 30 462
31 37 773
37 31 773
31 36 464
36 31 464
31 39 710
39 31 710
31 52 410
52 31 410
32 52 820
52 32 820
32 37 886
37 32 886
32 47 261
47 32 261
34 55 471
55 34 471
34 50 964
50 34 964
34 51 11
51 34 11
34 49 204
49 34 204
34 56 760
56 34 760
34 44 655
44 34 655
35 41 573
41 35 573
35 35 757
35 35 757
35 37 784
37 35 784
36 45 391
45 36 391
36 50 950
50 36 950
37 44 164
44 37 164
37 49 928
49 37 928
37 41 650
41 37 650
38 44 212
44 38 212
39 47 559
47 39 559
39 50 750
50 39 750
40 41 754
41 40 754
41 50 680
50 41 680
43 49 752
49 43 752
43 54 867
54 43 867
43 54 11
54 43 11
44 45 88
45 44 88
44 46 648
46 44 648
44 56 776
56 44 776
44 46 203
46 44 203
46 56 61
56 46 61
47 51 12
51 47 12
48 54 690
54 48 690
49 50 55
50 49 55
