62

0 1 71
1 0 71
0 2 553
2 0 553
0 25 696
25 0 696
0 28 82
28 0 82
1 3 121
3 1 121
1 10 936
10 1 936
2 5 250
5 2 250
2 6 180
6 2 180
2 7 991
7 2 991
2 13 390
13 2 390
2 29 154
29 2 154
2 34 163
34 2 163
2 54 647
54 2 647
2 45 275
45 2 275
3 4 846
4 3 846
3 11 133
11 3 133
3 20 55
20 3 55
3 30 243
30 3 243
4 61 669
61 4 669
4 49 715
49 4 715
4 40 346
40 4 346
5 8 253
8 5 253
5 36 675
36 5 675
6 9 197
9 6 197
6 14 583
14 6 583
6 19 70
19 6 70
6 7 248
7 6 248
7 15 349
15 7 349
7 57 122
57 7 122
8 16 939
16 8 939
8 20 717
20 8 717
9 18 478
18 9 478
9 42 318
42 9 318
10 12 213
12 10 213
11 22 91
22 11 91
11 52 834
52 11 834
12 57 764
57 12 764
13 23 929
23 13 929
13 43 401
43 13 401
15 17 928
17 15 928
16 21 42
21 16 42
16 24 783
24 16 783
17 44 932
44 17 932
17 48 420
48 17 420
17 40 602
40 17 602
18 41 381
41 18 381
19 51 730
51 19 730
19 30 685
30 19 685
19 34 92
34 19 92
20 27 127
27 20 127
20 41 887
41 20 887
21 31 985
31 21 985
22 39 424
39 22 424
22 46 441
46 22 441
23 32 5
32 23 5
23 53 131
53 23 131
23 39 719
39 23 719
24 45 580
45 24 580
25 26 700
26 25 700
26 33 619
33 26 619
26 38 635
38 26 635
26 40 964
40 26 964
27 52 926
52 27 926
28 35 424
35 28 424
28 61 596
61 28 596
28 30 135
30 28 135
30 48 965
48 30 965
31 52 105
52 31 105
32 56 243
56 32 243
33 37 292
37 33 292
34 55 278
55 34 278
35 50 777
50 35 777
35 54 784
54 35 784
36 59 798
59 36 798
37 40 63
40 37 63
37 40 301
40 37 301
40 43 6
43 40 6
40 49 797
49 40 797
40 51 4
51 40 4
41 59 441
59 41 441
42 52 20
52 42 20
45 54 874
54 45 874
45 47 52
47 45 52
46 47 187
47 46 187
51 58 704
58 51 704
51 55 138
55 51 138
55 60 106
60 55 106
