28

0 1 62
1 0 62
0 3 630
3 0 630
0 6 167
6 0 167
0 15 880
15 0 880
0 16 412
16 0 412
0 17 578
17 0 578
1 2 30
2 1 30
1 4 530
4 1 530
1 8 288
8 1 288
1 10 635
10 1 635
2 7 448
7 2 448
2 9 471
9 2 471
3 5 588
5 3 588
4 19 201
19 4 201
5 12 82
12 5 82
6 13 801
13 6 801
7 14 189
14 7 189
8 23 341
23 8 341
8 24 474
24 8 474
8 11 646
11 8 646
9 11 869
11 9 869
9 22 227
22 9 227
10 25 110
25 10 110
10 26 926
26 10 926
13 20 346
20 13 346
14 18 183
18 14 183
14 20 677
20 14 677
18 21 36
21 18 36
18 24 950
24 18 950
19 27 912
27 19 912
22 26 263
26 22 263
