73

0 1 91
1 0 91
0 2 66
2 0 66
0 3 72
3 0 72
0 8 495
8 0 495
0 10 71
10 0 71
0 13 787
13 0 787
0 21 23
21 0 23
0 64 192
64 0 192
0 41 160
41 0 160
0 49 9
49 0 9
0 72 805
72 0 805
0 3 563
3 0 563
1 5 627
5 1 627
1 6 557
6 1 557
1 7 171
7 1 171
1 61 241
61 1 241
1 34 427
34 1 427
1 50 428
50 1 428
1 16 90
16 1 90
1 35 608
35 1 608
1 15 738
15 1 738
1 69 887
69 1 887
2 12 878
12 2 878
2 29 808
29 2 808
2 40 490
40 2 490
2 29 841
29 2 841
2 60 976
60 2 976
2 21 284
21 2 284
3 4 11
4 3 11
3 27 192
27 3 192
3 53 872
53 3 872
3 30 162
30 3 162
3 29 856
29 3 856
3 49 220
49 3 220
3 17 14
17 3 14
3 27 50
27 3 50
4 36 218
36 4 218
4 63 690
63 4 690
4 42 114
42 4 114
4 12 746
12 4 746
4 47 194
47 4 194
4 23 57
23 4 57
4 50 982
50 4 982
4 72 901
72 4 901
5 18 443
18 5 443
5 43 43
43 5 43
5 44 250
44 5 250
5 68 530
68 5 530
5 9 841
9 5 841
6 15 950
15 6 950
6 30 397
30 6 397
6 41 757
41 6 757
6 65 303
65 6 303
6 59 804
59 6 804
6 18 442
18 6 442
7 19 481
19 7 481
7 28 429
28 7 429
7 39 90
39 7 90
7 51 939
51 7 939
7 8 47
8 7 47
7 58 738
58 7 738
8 9 242
9 8 242
8 35 697
35 8 697
8 48 329
48 8 329
8 14 970
14 8 970
8 59 359
59 8 359
8 11 198
11 8 198
9 11 674
11 9 674
9 60 66
60 9 66
9 51 54
51 9 54
9 59 438
59 9 438
9 30 247
30 9 247
9 54 7
54 9 7
9 48 573
48 9 573
9 54 208
54 9 208
10 14 17
14 10 17
10 16 421
16 10 421
10 22 680
22 10 680
10 25 527
25 10 527
10 42 692
42 10 692
10 58 520
58 10 520
10 19 52
19 10 52
10 61 928
61 10 928
10 22 478
22 10 478
10 27 833
27 10 833
11 31 159
31 11 159
11 61 577
61 11 577
11 52 165
52 11 165
11 20 447
20 11 447
11 53 353
53 11 353
11 48 891
48 11 891
12 56 190
56 12 190
12 54 416
54 12 416
13 26 579
26 13 579
13 70 967
70 13 967
13 45 431
45 13 431
13 66 556
66 13 556
13 40 397
40 13 397
13 28 435
28 13 435
14 17 728
17 14 728
14 24 769
24 14 769
14 30 581
30 14 581
14 45 618
45 14 618
14 46 159
46 14 159
14 47 305
47 14 305
14 18 140
18 14 140
15 51 199
51 15 199
15 17 530
17 15 530
15 28 760
28 15 760
16 38 423
38 16 423
16 51 666
51 16 666
17 54 469
54 17 469
17 64 844
64 17 844
17 51 25
51 17 25
17 64 65
64 17 65
17 44 94
44 17 94
17 36 371
36 17 371
18 72 572
72 18 572
18 43 863
43 18 863
18 35 949
35 18 949
18 36 258
36 18 258
18 61 112
61 18 112
19 20 783
20 19 783
19 32 228
32 19 228
19 69 141
69 19 141
19 43 823
43 19 823
19 28 358
28 19 358
20 39 961
39 20 961
20 68 150
68 20 150
20 26 231
26 20 231
20 49 506
49 20 506
21 23 376
23 21 376
21 69 469
69 21 469
21 48 316
48 21 316
21 52 617
52 21 617
21 45 98
45 21 98
22 59 559
59 22 559
22 41 631
41 22 631
23 35 135
35 23 135
23 55 263
55 23 263
24 33 304
33 24 304
24 61 408
61 24 408
24 71 172
71 24 172
24 35 85
35 24 85
24 36 591
36 24 591
24 62 967
62 24 967
25 57 331
57 25 331
25 39 423
39 25 423
26 50 329
50 26 329
26 54 812
54 26 812
27 48 918
48 27 918
28 62 454
62 28 454
28 63 461
63 28 461
28 60 64
60 28 64
28 39 167
39 28 167
29 44 320
44 29 320
29 46 146
46 29 146
29 62 88
62 29 88
29 50 972
50 29 972
29 49 792
49 29 792
29 72 39
72 29 39
30 37 606
37 30 606
30 57 594
57 30 594
30 47 967
47 30 967
31 34 910
34 31 910
31 54 735
54 31 735
31 55 144
55 31 144
32 50 395
50 32 395
32 68 447
68 32 447
32 68 485
68 32 485
32 63 728
63 32 728
33 47 833
47 33 833
33 45 862
45 33 862
33 43 117
43 33 117
33 53 839
53 33 839
33 57 977
57 33 977
33 43 130
43 33 130
33 51 82
51 33 82
34 44 430
44 34 430
34 72 941
72 34 941
34 56 285
56 34 285
34 55 777
55 34 777
34 55 296
55 34 296
35 59 943
59 35 943
35 71 951
71 35 951
35 60 276
60 35 276
36 67 670
67 36 670
36 51 905
51 36 905
36 45 223
45 36 223
37 70 253
70 37 253
37 57 956
57 37 956
37 44 735
44 37 735
38 49 559
49 38 559
38 57 826
57 38 826
38 39 9
39 38 9
39 52 625
52 39 625
39 47 10
47 39 10
39 51 649
51 39 649
39 56 102
56 39 102
40 66 654
66 40 654
41 55 205
55 41 205
41 54 453
54 41 453
41 49 668
49 41 668
42 67 638
67 42 638
42 54 96
54 42 96
42 72 520
72 42 520
43 45 804
45 43 804
43 68 965
68 43 965
44 66 340
66 44 340
44 60 721
60 44 721
45 70 359
70 45 359
45 62 767
62 45 767
45 51 136
51 45 136
47 51 462
51 47 462
47 51 907
51 47 907
47 56 306
56 47 306
47 60 486
60 47 486
48 51 108
51 48 108
48 56 343
56 48 343
48 53 264
53 48 264
48 71 6
71 48 6
51 72 218
72 51 218
52 68 381
68 52 381
52 71 721
71 52 721
52 69 876
69 52 876
52 69 952
69 52 952
55 60 110
60 55 110
55 68 377
68 55 377
58 59 831
59 58 831
58 59 45
59 58 45
59 66 460
66 59 460
64 68 183
68 64 183
67 68 404
68 67 404
