89

0 1 764
1 0 764
0 3 791
3 0 791
0 17 489
17 0 489
1 2 144
2 1 144
1 7 508
7 1 508
1 11 81
11 1 81
1 13 888
13 1 888
1 25 820
25 1 820
1 47 917
47 1 917
2 19 86
19 2 86
2 38 392
38 2 392
2 41 276
41 2 276
2 48 178
48 2 178
2 69 923
69 2 923
3 4 154
4 3 154
3 5 861
5 3 861
3 6 511
6 3 511
3 8 304
8 3 304
3 9 195
9 3 195
4 26 921
26 4 921
4 50 666
50 4 666
5 42 30
42 5 30
6 14 909
14 6 909
6 23 560
23 6 560
6 85 587
85 6 587
6 88 175
88 6 175
7 12 16
12 7 16
7 24 337
24 7 337
7 71 731
71 7 731
8 21 196
21 8 196
8 22 140
22 8 140
8 37 964
37 8 964
9 10 160
10 9 160
9 16 666
16 9 666
9 68 688
68 9 688
10 29 902
29 10 902
10 70 965
70 10 965
10 76 17
76 10 17
11 18 579
18 11 579
11 20 386
20 11 386
12 15 338
15 12 338
12 40 395
40 12 395
12 73 789
73 12 789
13 65 397
65 13 397
14 31 379
31 14 379
14 32 84
32 14 84
14 34 145
34 14 145
14 58 368
58 14 368
15 54 742
54 15 742
15 56 181
56 15 181
16 36 206
36 16 206
17 27 529
27 17 529
17 35 255
35 17 255
18 45 268
45 18 268
18 37 381
37 18 381
19 30 646
30 19 646
19 39 337
39 19 337
20 33 384
33 20 384
20 54 211
54 20 211
20 83 64
83 20 64
24 69 899
69 24 899
24 50 63
50 24 63
25 28 446
28 25 446
25 55 767
55 25 767
25 62 248
62 25 248
25 61 920
61 25 920
28 75 925
75 28 925
29 53 797
53 29 797
30 67 631
67 30 631
32 46 831
46 32 831
32 47 194
47 32 194
32 87 786
87 32 786
33 49 418
49 33 418
33 60 443
60 33 443
34 52 124
52 34 124
38 57 945
57 38 945
38 82 268
82 38 268
39 88 439
88 39 439
42 43 716
43 42 716
42 86 412
86 42 412
43 44 472
44 43 472
45 51 534
51 45 534
45 72 455
72 45 455
47 74 483
74 47 483
49 64 496
64 49 496
53 80 417
80 53 417
53 59 93
59 53 93
55 66 820
66 55 820
56 63 838
63 56 838
57 59 639
59 57 639
58 84 496
84 58 496
60 61 22
61 60 22
61 72 473
72 61 473
63 77 453
77 63 453
63 74 187
74 63 187
68 79 805
79 68 805
68 86 873
86 68 873
71 77 270
77 71 270
72 81 64
81 72 64
73 82 135
82 73 135
75 78 146
78 75 146
75 83 627
83 75 627
