80

0 1 731
1 0 731
0 39 232
39 0 232
0 48 543
48 0 543
0 76 618
76 0 618
1 2 881
2 1 881
1 4 836
4 1 836
1 10 563
10 1 563
1 18 780
18 1 780
1 69 562
69 1 562
1 41 407
41 1 407
1 10 518
10 1 518
1 29 909
29 1 909
2 3 816
3 2 816
2 6 858
6 2 858
2 7 899
7 2 899
2 17 127
17 2 127
2 27 25
27 2 25
3 5 838
5 3 838
3 15 953
15 3 953
3 29 859
29 3 859
3 30 434
30 3 434
3 55 554
55 3 554
3 44 629
44 3 629
4 8 550
8 4 550
4 20 996
20 4 996
4 33 666
33 4 666
4 47 821
47 4 821
4 72 390
72 4 390
4 23 431
23 4 431
4 71 25
71 4 25
5 11 991
11 5 991
5 26 335
26 5 335
5 54 995
54 5 995
5 58 472
58 5 472
5 12 585
12 5 585
5 23 294
23 5 294
5 12 424
12 5 424
6 16 333
16 6 333
6 54 529
54 6 529
6 22 118
22 6 118
6 68 476
68 6 476
7 13 440
13 7 440
7 45 731
45 7 731
7 70 542
70 7 542
7 44 110
44 7 110
8 9 360
9 8 360
8 59 18
59 8 18
8 13 881
13 8 881
8 48 672
48 8 672
9 31 972
31 9 972
9 14 171
14 9 171
9 31 652
31 9 652
9 18 392
18 9 392
10 75 428
75 10 428
10 37 130
37 10 130
11 12 571
12 11 571
11 14 258
14 11 258
11 24 691
24 11 691
11 31 904
31 11 904
11 33 343
33 11 343
11 16 657
16 11 657
11 15 103
15 11 103
11 42 275
42 11 275
11 23 719
23 11 719
12 19 743
19 12 743
12 35 496
35 12 496
12 37 268
37 12 268
12 22 862
22 12 862
12 72 550
72 12 550
12 12 992
12 12 992
13 79 921
79 13 921
14 22 551
22 14 551
14 53 81
53 14 81
14 56 18
56 14 18
14 68 615
68 14 615
14 39 662
39 14 662
15 36 939
36 15 939
15 38 368
38 15 368
15 41 541
41 15 541
15 64 726
64 15 726
15 65 969
65 15 969
16 21 211
21 16 211
16 25 175
25 16 175
16 32 49
32 16 49
16 72 166
72 16 166
16 79 487
79 16 487
16 77 25
77 16 25
16 24 957
24 16 957
16 33 214
33 16 214
16 22 953
22 16 953
17 68 570
68 17 570
17 64 771
64 17 771
17 44 843
44 17 843
17 20 857
20 17 857
18 28 882
28 18 882
18 62 867
62 18 867
18 43 616
43 18 616
18 64 612
64 18 612
19 23 100
23 19 100
19 47 893
47 19 893
19 31 42
31 19 42
19 75 258
75 19 258
20 55 914
55 20 914
20 57 825
57 20 825
20 73 812
73 20 812
20 42 734
42 20 734
21 33 743
33 21 743
21 76 626
76 21 626
23 40 888
40 23 888
23 62 684
62 23 684
24 77 129
77 24 129
24 54 221
54 24 221
24 65 886
65 24 886
25 45 254
45 25 254
25 30 322
30 25 322
26 64 206
64 26 206
26 40 398
40 26 398
28 72 23
72 28 23
28 77 95
77 28 95
28 79 580
79 28 580
29 61 208
61 29 208
29 69 907
69 29 907
29 62 484
62 29 484
29 73 25
73 29 25
30 34 182
34 30 182
30 43 441
43 30 441
30 49 213
49 30 213
30 41 138
41 30 138
30 54 667
54 30 667
30 60 7
60 30 7
32 45 807
45 32 807
33 44 371
44 33 371
33 46 529
46 33 529
33 60 924
60 33 924
33 49 698
49 33 698
33 46 958
46 33 958
33 49 107
49 33 107
34 71 985
71 34 985
34 36 677
36 34 677
34 41 866
41 34 866
34 56 586
56 34 586
34 74 502
74 34 502
35 37 728
37 35 728
35 37 870
37 35 870
35 62 622
62 35 622
35 70 89
70 35 89
36 51 95
51 36 95
36 66 307
66 36 307
36 45 1000
45 36 1000
36 42 349
42 36 349
37 63 973
63 37 973
37 69 585
69 37 585
37 65 834
65 37 834
38 42 695
42 38 695
38 40 247
40 38 247
39 50 41
50 39 41
39 52 224
52 39 224
39 74 562
74 39 562
40 77 633
77 40 633
41 42 366
42 41 366
42 44 965
44 42 965
43 78 642
78 43 642
44 69 235
69 44 235
44 60 520
60 44 520
46 77 552
77 46 552
46 73 96
73 46 96
49 60 645
60 49 645
50 70 327
70 50 327
51 60 565
60 51 565
52 59 599
59 52 599
53 71 648
71 53 648
53 58 51
58 53 51
54 63 623
63 54 623
54 75 991
75 54 991
54 66 705
66 54 705
55 69 81
69 55 81
55 72 212
72 55 212
56 58 937
58 56 937
57 67 370
67 57 370
58 71 803
71 58 803
59 72 913
72 59 913
60 74 404
74 60 404
63 75 135
75 63 135
64 67 677
67 64 677
65 66 616
66 65 616
65 77 608
77 65 608
68 75 913
75 68 913
72 76 494
76 72 494
74 78 562
78 74 562
76 78 796
78 76 796
78 79 182
79 78 182
