28

0 1 476
1 0 476
0 16 314
16 0 314
0 12 403
12 0 403
0 13 137
13 0 137
0 0 108
0 0 108
0 11 650
11 0 650
0 22 475
22 0 475
0 1 354
1 0 354
0 3 683
3 0 683
1 2 912
2 1 912
1 3 633
3 1 633
1 12 151
12 1 151
1 16 167
16 1 167
1 9 743
9 1 743
1 17 15
17 1 15
1 16 986
16 1 986
1 19 521
19 1 521
1 5 785
5 1 785
1 23 909
23 1 909
2 27 256
27 2 256
2 2 961
2 2 961
2 11 304
11 2 304
2 15 989
15 2 989
2 11 592
11 2 592
2 27 194
27 2 194
2 22 86
22 2 86
2 11 424
11 2 424
2 13 730
13 2 730
2 12 503
12 2 503
2 8 304
8 2 304
2 24 538
24 2 538
2 21 922
21 2 922
2 10 449
10 2 449
3 4 584
4 3 584
3 5 504
5 3 504
3 7 312
7 3 312
3 8 571
8 3 571
3 10 520
10 3 520
3 19 565
19 3 565
3 15 973
15 3 973
3 24 430
24 3 430
3 6 910
6 3 910
3 7 521
7 3 521
3 4 165
4 3 165
3 9 131
9 3 131
3 17 395
17 3 395
3 23 650
23 3 650
4 4 954
4 4 954
4 26 131
26 4 131
4 5 533
5 4 533
4 27 861
27 4 861
5 6 416
6 5 416
5 9 96
9 5 96
5 14 611
14 5 611
5 19 726
19 5 726
5 8 859
8 5 859
5 7 402
7 5 402
5 12 231
12 5 231
6 11 724
11 6 724
6 15 306
15 6 306
6 21 868
21 6 868
6 10 569
10 6 569
6 8 535
8 6 535
6 7 951
7 6 951
6 24 615
24 6 615
6 14 642
14 6 642
7 25 443
25 7 443
7 17 862
17 7 862
7 12 33
12 7 33
7 10 83
10 7 83
7 11 188
11 7 188
8 18 604
18 8 604
8 24 704
24 8 704
8 16 672
16 8 672
9 16 699
16 9 699
9 22 710
22 9 710
9 18 336
18 9 336
9 15 135
15 9 135
9 19 199
19 9 199
10 13 49
13 10 49
10 18 903
18 10 903
10 23 590
23 10 590
10 15 753
15 10 753
10 11 669
11 10 669
10 17 488
17 10 488
10 20 404
20 10 404
10 24 987
24 10 987
11 13 569
13 11 569
11 19 187
19 11 187
11 12 684
12 11 684
11 26 449
26 11 449
12 26 533
26 12 533
12 13 721
13 12 721
12 25 62
25 12 62
12 19 53
19 12 53
12 19 255
19 12 255
12 24 177
24 12 177
13 24 950
24 13 950
13 21 821
21 13 821
13 27 173
27 13 173
13 14 222
14 13 222
13 23 332
23 13 332
14 20 66
20 14 66
14 15 240
15 14 240
14 24 640
24 14 640
14 22 905
22 14 905
14 19 360
19 14 360
15 17 733
17 15 733
15 18 538
18 15 538
15 15 883
15 15 883
15 18 68
18 15 68
15 20 430
20 15 430
16 25 227
25 16 227
16 19 82
19 16 82
16 23 627
23 16 627
17 22 134
22 17 134
17 24 249
24 17 249
17 27 871
27 17 871
19 25 407
25 19 407
20 23 659
23 20 659
21 23 201
23 21 201
21 25 189
25 21 189
21 26 852
26 21 852
21 26 486
26 21 486
22 27 757
27 22 757
22 26 408
26 22 408
23 26 574
26 23 574
24 26 675
26 24 675
25 26 145
26 25 145
25 27 38
27 25 38
25 26 661
26 25 661
