63

0 1 179
1 0 179
0 18 899
18 0 899
0 19 411
19 0 411
0 49 534
49 0 534
0 15 964
15 0 964
0 35 622
35 0 622
0 48 810
48 0 810
0 39 738
39 0 738
0 29 78
29 0 78
0 54 614
54 0 614
0 9 186
9 0 186
1 2 450
2 1 450
1 7 829
7 1 829
1 35 432
35 1 432
1 46 499
46 1 499
1 39 158
39 1 158
1 39 887
39 1 887
1 55 717
55 1 717
1 55 6
55 1 6
1 37 525
37 1 525
1 5 182
5 1 182
1 24 636
24 1 636
1 60 349
60 1 349
1 19 634
19 1 634
1 30 332
30 1 332
1 60 174
60 1 174
2 3 819
3 2 819
2 8 183
8 2 183
2 9 411
9 2 411
2 10 333
10 2 333
2 11 482
11 2 482
2 14 853
14 2 853
2 41 570
41 2 570
2 44 412
44 2 412
2 36 438
36 2 438
2 54 596
54 2 596
2 29 536
29 2 536
2 3 483
3 2 483
2 23 332
23 2 332
2 11 823
11 2 823
2 40 713
40 2 713
2 53 551
53 2 551
3 4 689
4 3 689
3 5 1
5 3 1
3 13 412
13 3 412
3 23 257
23 3 257
3 36 260
36 3 260
3 20 940
20 3 940
3 44 677
44 3 677
3 43 942
43 3 942
3 46 366
46 3 366
3 56 259
56 3 259
4 6 551
6 4 551
4 37 459
37 4 459
4 31 716
31 4 716
4 33 788
33 4 788
4 8 643
8 4 643
4 56 300
56 4 300
4 25 666
25 4 666
4 5 950
5 4 950
4 25 686
25 4 686
5 28 838
28 5 838
5 46 114
46 5 114
5 60 229
60 5 229
5 6 910
6 5 910
5 59 914
59 5 914
5 23 398
23 5 398
5 8 906
8 5 906
5 59 9
59 5 9
6 40 239
40 6 239
6 56 176
56 6 176
6 26 532
26 6 532
6 11 955
11 6 955
6 62 788
62 6 788
6 62 405
62 6 405
6 57 868
57 6 868
6 52 975
52 6 975
6 61 958
61 6 958
7 12 88
12 7 88
7 42 807
42 7 807
7 51 204
51 7 204
7 53 963
53 7 963
7 62 514
62 7 514
7 29 660
29 7 660
7 46 914
46 7 914
7 44 159
44 7 159
7 35 916
35 7 916
7 16 358
16 7 358
7 48 343
48 7 343
7 24 724
24 7 724
7 13 67
13 7 67
7 59 570
59 7 570
8 32 146
32 8 146
8 48 313
48 8 313
8 53 526
53 8 526
8 54 879
54 8 879
8 12 770
12 8 770
8 13 549
13 8 549
9 17 341
17 9 341
9 15 317
15 9 317
9 46 954
46 9 954
9 54 879
54 9 879
9 46 277
46 9 277
9 45 67
45 9 67
9 34 10
34 9 10
9 16 932
16 9 932
9 22 140
22 9 140
9 43 14
43 9 14
9 22 191
22 9 191
9 37 834
37 9 834
10 21 665
21 10 665
10 34 92
34 10 92
10 61 935
61 10 935
10 19 126
19 10 126
11 15 246
15 11 246
11 22 341
22 11 341
11 21 243
21 11 243
11 58 742
58 11 742
11 40 894
40 11 894
11 37 764
37 11 764
11 62 550
62 11 550
12 39 406
39 12 406
12 43 262
43 12 262
12 52 927
52 12 927
12 42 103
42 12 103
12 28 155
28 12 155
12 44 675
44 12 675
12 30 599
30 12 599
12 24 143
24 12 143
12 13 358
13 12 358
12 19 1000
19 12 1000
12 12 920
12 12 920
12 30 278
30 12 278
13 16 811
16 13 811
13 49 277
49 13 277
13 38 282
38 13 282
13 36 150
36 13 150
13 62 987
62 13 987
13 51 780
51 13 780
13 45 860
45 13 860
13 40 10
40 13 10
13 19 752
19 13 752
13 56 268
56 13 268
14 46 552
46 14 552
14 60 480
60 14 480
14 21 936
21 14 936
14 28 873
28 14 873
15 62 739
62 15 739
15 19 239
19 15 239
15 55 676
55 15 676
15 56 56
56 15 56
15 17 629
17 15 629
15 41 718
41 15 718
16 59 752
59 16 752
16 52 268
52 16 268
16 31 533
31 16 533
17 24 879
24 17 879
17 50 358
50 17 358
17 45 250
45 17 250
17 62 206
62 17 206
17 31 984
31 17 984
17 58 372
58 17 372
17 18 503
18 17 503
18 20 714
20 18 714
18 52 869
52 18 869
18 36 153
36 18 153
18 20 655
20 18 655
18 22 79
22 18 79
18 51 226
51 18 226
18 40 647
40 18 647
19 32 730
32 19 730
19 52 831
52 19 831
19 59 667
59 19 667
19 27 123
27 19 123
19 25 17
25 19 17
19 19 190
19 19 190
20 29 997
29 20 997
20 44 147
44 20 147
20 30 945
30 20 945
20 60 340
60 20 340
20 25 484
25 20 484
20 24 770
24 20 770
20 31 120
31 20 120
21 33 671
33 21 671
21 33 801
33 21 801
21 27 502
27 21 502
21 37 440
37 21 440
21 58 879
58 21 879
21 61 364
61 21 364
21 58 551
58 21 551
21 26 973
26 21 973
21 36 304
36 21 304
22 39 952
39 22 952
22 38 727
38 22 727
22 56 600
56 22 600
22 33 995
33 22 995
22 58 261
58 22 261
23 25 489
25 23 489
23 62 879
62 23 879
23 49 803
49 23 803
23 34 692
34 23 692
23 26 976
26 23 976
23 50 549
50 23 549
23 49 297
49 23 297
23 27 234
27 23 234
24 27 444
27 24 444
24 32 363
32 24 363
24 60 176
60 24 176
24 40 359
40 24 359
24 46 892
46 24 892
24 58 182
58 24 182
24 32 289
32 24 289
25 26 281
26 25 281
25 38 389
38 25 389
25 34 297
34 25 297
25 46 424
46 25 424
25 33 375
33 25 375
25 50 431
50 25 431
25 47 119
47 25 119
25 41 578
41 25 578
25 34 300
34 25 300
26 42 471
42 26 471
26 32 866
32 26 866
27 30 578
30 27 578
27 31 705
31 27 705
27 45 615
45 27 615
27 40 340
40 27 340
27 28 895
28 27 895
27 47 465
47 27 465
27 35 214
35 27 214
27 37 574
37 27 574
28 58 957
58 28 957
28 47 846
47 28 846
28 56 487
56 28 487
28 50 132
50 28 132
29 47 962
47 29 962
29 55 253
55 29 253
29 57 767
57 29 767
29 34 103
34 29 103
29 41 389
41 29 389
29 39 307
39 29 307
29 39 759
39 29 759
29 42 353
42 29 353
30 30 552
30 30 552
30 34 476
34 30 476
30 37 655
37 30 655
30 34 246
34 30 246
30 60 918
60 30 918
31 33 742
33 31 742
31 56 917
56 31 917
31 56 682
56 31 682
31 38 784
38 31 784
31 51 963
51 31 963
31 39 888
39 31 888
32 39 602
39 32 602
32 55 899
55 32 899
32 44 471
44 32 471
33 58 366
58 33 366
33 55 709
55 33 709
34 61 644
61 34 644
34 49 885
49 34 885
34 49 728
49 34 728
34 60 560
60 34 560
34 43 545
43 34 545
35 52 322
52 35 322
35 35 421
35 35 421
35 43 7
43 35 7
35 62 360
62 35 360
36 36 489
36 36 489
36 54 172
54 36 172
37 48 116
48 37 116
38 39 52
39 38 52
38 60 609
60 38 609
38 54 714
54 38 714
38 51 988
51 38 988
38 41 722
41 38 722
38 52 513
52 38 513
40 60 533
60 40 533
40 45 896
45 40 896
40 47 117
47 40 117
40 43 602
43 40 602
40 44 539
44 40 539
41 62 473
62 41 473
41 50 465
50 41 465
42 50 912
50 42 912
42 60 250
60 42 250
44 53 841
53 44 841
44 54 963
54 44 963
44 45 295
45 44 295
44 47 347
47 44 347
45 54 536
54 45 536
45 62 765
62 45 765
45 49 352
49 45 352
45 56 594
56 45 594
45 54 629
54 45 629
46 61 57
61 46 57
46 55 352
55 46 352
46 51 450
51 46 450
46 60 312
60 46 312
48 52 259
52 48 259
49 55 892
55 49 892
49 55 535
55 49 535
50 56 362
56 50 362
50 50 616
50 50 616
51 53 977
53 51 977
51 61 491
61 51 491
51 57 757
57 51 757
51 57 12
57 51 12
51 56 420
56 51 420
52 60 700
60 52 700
52 60 944
60 52 944
52 61 201
61 52 201
52 56 938
56 52 938
53 57 242
57 53 242
53 55 999
55 53 999
55 58 651
58 55 651
56 59 794
59 56 794
56 56 265
56 56 265
58 61 124
61 58 124
59 62 502
62 59 502
