70

0 1 118
1 0 118
0 3 170
3 0 170
0 33 596
33 0 596
0 42 285
42 0 285
0 39 28
39 0 28
0 39 146
39 0 146
0 26 710
26 0 710
1 2 346
2 1 346
1 4 947
4 1 947
1 5 637
5 1 637
1 9 582
9 1 582
1 38 157
38 1 157
1 42 765
42 1 765
1 65 620
65 1 620
1 15 966
15 1 966
1 22 389
22 1 389
1 2 61
2 1 61
1 48 387
48 1 387
1 46 696
46 1 696
2 6 310
6 2 310
2 54 363
54 2 363
2 33 539
33 2 539
2 39 58
39 2 58
2 56 575
56 2 575
2 27 775
27 2 775
2 60 677
60 2 677
2 64 538
64 2 538
3 8 788
8 3 788
3 23 635
23 3 635
3 9 5
9 3 5
3 11 499
11 3 499
3 37 854
37 3 854
4 10 246
10 4 246
4 16 787
16 4 787
4 27 374
27 4 374
4 53 843
53 4 843
4 40 347
40 4 347
4 13 511
13 4 511
5 14 779
14 5 779
5 34 840
34 5 840
5 21 486
21 5 486
5 15 392
15 5 392
5 36 625
36 5 625
5 34 474
34 5 474
6 7 676
7 6 676
6 17 147
17 6 147
6 20 685
20 6 685
6 68 503
68 6 503
6 7 51
7 6 51
7 68 740
68 7 740
7 53 999
53 7 999
7 62 84
62 7 84
7 24 764
24 7 764
7 24 593
24 7 593
8 39 695
39 8 695
8 40 490
40 8 490
9 11 435
11 9 435
9 12 363
12 9 363
9 54 73
54 9 73
9 60 739
60 9 739
10 19 606
19 10 606
10 63 188
63 10 188
10 29 952
29 10 952
10 47 456
47 10 456
11 24 864
24 11 864
11 25 117
25 11 117
11 46 734
46 11 734
11 68 494
68 11 494
12 13 585
13 12 585
12 26 766
26 12 766
12 35 805
35 12 805
12 51 920
51 12 920
12 57 630
57 12 630
12 26 835
26 12 835
12 37 296
37 12 296
13 15 531
15 13 531
13 53 762
53 13 762
13 68 159
68 13 159
13 49 922
49 13 922
14 29 607
29 14 607
14 30 247
30 14 247
14 40 137
40 14 137
14 47 375
47 14 375
14 48 422
48 14 422
14 18 553
18 14 553
14 14 358
14 14 358
14 53 555
53 14 555
14 35 729
35 14 729
14 64 443
64 14 443
15 21 948
21 15 948
15 22 976
22 15 976
15 33 133
33 15 133
15 47 413
47 15 413
16 18 525
18 16 525
16 65 923
65 16 923
16 69 658
69 16 658
16 50 98
50 16 98
16 46 894
46 16 894
16 59 498
59 16 498
16 53 455
53 16 455
16 48 15
48 16 15
17 28 113
28 17 113
17 45 489
45 17 489
17 58 846
58 17 846
17 30 827
30 17 827
17 63 359
63 17 359
17 56 386
56 17 386
17 68 247
68 17 247
17 24 508
24 17 508
18 41 697
41 18 697
18 52 46
52 18 46
18 64 241
64 18 241
18 67 731
67 18 731
18 57 220
57 18 220
18 61 980
61 18 980
18 33 116
33 18 116
19 23 216
23 19 216
19 61 977
61 19 977
19 46 912
46 19 912
20 32 374
32 20 374
20 36 750
36 20 750
20 57 159
57 20 159
20 41 781
41 20 781
20 62 418
62 20 418
21 27 255
27 21 255
21 51 298
51 21 298
21 44 517
44 21 517
21 44 767
44 21 767
22 49 875
49 22 875
22 33 985
33 22 985
22 48 533
48 22 533
22 37 450
37 22 450
22 41 521
41 22 521
23 36 129
36 23 129
23 44 206
44 23 206
23 43 836
43 23 836
23 37 325
37 23 325
23 68 316
68 23 316
24 62 19
62 24 19
25 34 245
34 25 245
25 60 555
60 25 555
25 51 819
51 25 819
25 30 480
30 25 480
26 50 807
50 26 807
26 65 899
65 26 899
26 37 268
37 26 268
26 50 844
50 26 844
28 60 158
60 28 158
28 53 681
53 28 681
28 67 420
67 28 420
28 40 674
40 28 674
29 43 23
43 29 23
29 62 533
62 29 533
29 40 982
40 29 982
30 31 281
31 30 281
30 50 226
50 30 226
30 51 670
51 30 670
31 69 131
69 31 131
32 37 618
37 32 618
32 35 836
35 32 836
32 33 374
33 32 374
32 66 7
66 32 7
32 34 692
34 32 692
33 44 485
44 33 485
33 37 661
37 33 661
33 57 896
57 33 896
34 37 61
37 34 61
34 36 326
36 34 326
34 53 660
53 34 660
34 57 435
57 34 435
34 59 697
59 34 697
34 43 885
43 34 885
35 60 529
60 35 529
35 64 969
64 35 969
35 60 71
60 35 71
35 44 492
44 35 492
35 65 354
65 35 354
35 65 771
65 35 771
36 63 226
63 36 226
37 56 93
56 37 93
37 54 65
54 37 65
37 53 12
53 37 12
38 43 370
43 38 370
38 65 542
65 38 542
38 57 333
57 38 333
39 63 542
63 39 542
39 46 534
46 39 534
39 68 181
68 39 181
39 51 625
51 39 625
40 46 567
46 40 567
40 66 910
66 40 910
41 52 503
52 41 503
42 64 777
64 42 777
42 44 697
44 42 697
43 59 339
59 43 339
43 55 614
55 43 614
43 68 300
68 43 300
47 57 867
57 47 867
47 53 489
53 47 489
47 56 617
56 47 617
47 49 767
49 47 767
47 67 8
67 47 8
48 51 708
51 48 708
49 55 410
55 49 410
49 66 239
66 49 239
49 62 633
62 49 633
52 61 683
61 52 683
53 56 765
56 53 765
53 61 937
61 53 937
54 58 384
58 54 384
54 62 101
62 54 101
55 62 423
62 55 423
56 59 467
59 56 467
56 59 13
59 56 13
56 69 951
69 56 951
56 68 476
68 56 476
56 65 888
65 56 888
58 58 107
58 58 107
58 69 476
69 58 476
60 67 47
67 60 47
60 69 550
69 60 550
60 63 650
63 60 650
61 65 724
65 61 724
67 69 290
69 67 290
