85

0 1 478
1 0 478
0 2 122
2 0 122
0 8 719
8 0 719
0 14 360
14 0 360
0 28 725
28 0 725
0 29 129
29 0 129
0 49 86
49 0 86
0 68 120
68 0 120
0 46 888
46 0 888
0 39 184
39 0 184
0 46 517
46 0 517
0 2 990
2 0 990
0 17 533
17 0 533
0 63 84
63 0 84
0 7 327
7 0 327
0 56 834
56 0 834
0 60 862
60 0 862
0 18 953
18 0 953
0 2 226
2 0 226
0 13 459
13 0 459
0 19 861
19 0 861
0 75 438
75 0 438
0 28 5
28 0 5
0 66 776
66 0 776
1 10 298
10 1 298
1 52 986
52 1 986
1 26 794
26 1 794
1 25 426
25 1 426
1 57 819
57 1 819
1 68 681
68 1 681
1 27 198
27 1 198
1 2 263
2 1 263
1 23 985
23 1 985
1 18 229
18 1 229
1 29 116
29 1 116
1 9 681
9 1 681
2 3 33
3 2 33
2 4 441
4 2 441
2 5 720
5 2 720
2 6 156
6 2 156
2 61 238
61 2 238
2 5 46
5 2 46
2 39 122
39 2 122
2 72 306
72 2 306
2 83 498
83 2 498
2 15 246
15 2 246
2 16 897
16 2 897
2 58 808
58 2 808
2 53 250
53 2 250
2 15 590
15 2 590
2 45 105
45 2 105
2 48 555
48 2 555
2 52 906
52 2 906
2 17 430
17 2 430
2 40 390
40 2 390
2 9 671
9 2 671
2 75 194
75 2 194
2 55 241
55 2 241
2 5 987
5 2 987
2 35 516
35 2 516
2 38 150
38 2 150
3 9 687
9 3 687
3 21 718
21 3 718
3 33 513
33 3 513
3 75 257
75 3 257
3 35 69
35 3 69
3 32 788
32 3 788
3 15 991
15 3 991
3 62 412
62 3 412
3 54 238
54 3 238
3 22 857
22 3 857
3 42 657
42 3 657
3 43 307
43 3 307
4 20 157
20 4 157
4 81 219
81 4 219
4 72 402
72 4 402
4 81 273
81 4 273
4 23 654
23 4 654
4 54 51
54 4 51
4 12 880
12 4 880
4 61 626
61 4 626
4 63 175
63 4 175
4 54 197
54 4 197
4 31 40
31 4 40
4 75 113
75 4 113
4 56 407
56 4 407
4 13 98
13 4 98
4 79 817
79 4 817
4 13 531
13 4 531
4 7 62
7 4 62
4 17 777
17 4 777
5 7 415
7 5 415
5 64 553
64 5 553
5 19 885
19 5 885
5 11 448
11 5 448
5 58 976
58 5 976
5 65 718
65 5 718
5 60 781
60 5 781
5 61 755
61 5 755
5 17 477
17 5 477
5 50 635
50 5 635
5 61 159
61 5 159
6 13 370
13 6 370
6 16 789
16 6 789
6 19 629
19 6 629
6 27 629
27 6 629
6 46 722
46 6 722
6 69 173
69 6 173
6 54 613
54 6 613
6 81 843
81 6 843
6 47 389
47 6 389
6 70 496
70 6 496
6 70 837
70 6 837
6 76 26
76 6 26
6 19 849
19 6 849
6 49 162
49 6 162
6 21 856
21 6 856
6 80 536
80 6 536
6 37 580
37 6 580
6 23 551
23 6 551
6 62 926
62 6 926
6 30 946
30 6 946
7 44 24
44 7 24
7 51 385
51 7 385
7 52 691
52 7 691
7 73 493
73 7 493
7 18 521
18 7 521
7 9 797
9 7 797
7 77 419
77 7 419
7 26 726
26 7 726
7 30 625
30 7 625
7 28 618
28 7 618
7 18 437
18 7 437
7 16 885
16 7 885
7 71 906
71 7 906
7 57 716
57 7 716
8 11 155
11 8 155
8 12 991
12 8 991
8 36 937
36 8 937
8 37 42
37 8 42
8 56 280
56 8 280
8 21 694
21 8 694
8 13 504
13 8 504
8 34 644
34 8 644
8 20 231
20 8 231
8 83 849
83 8 849
8 77 103
77 8 103
8 36 124
36 8 124
8 79 330
79 8 330
8 45 744
45 8 744
8 74 183
74 8 183
8 16 367
16 8 367
8 26 654
26 8 654
8 20 310
20 8 310
8 28 345
28 8 345
8 84 754
84 8 754
8 19 693
19 8 693
9 30 350
30 9 350
9 70 527
70 9 527
9 57 489
57 9 489
9 60 366
60 9 366
9 59 120
59 9 120
9 53 245
53 9 245
9 17 327
17 9 327
9 64 690
64 9 690
9 81 605
81 9 605
9 72 413
72 9 413
9 62 707
62 9 707
9 78 169
78 9 169
9 33 860
33 9 860
9 30 745
30 9 745
9 35 646
35 9 646
10 15 55
15 10 55
10 18 923
18 10 923
10 14 283
14 10 283
10 54 99
54 10 99
10 80 682
80 10 682
10 79 28
79 10 28
10 39 483
39 10 483
10 24 431
24 10 431
10 40 248
40 10 248
10 74 888
74 10 888
10 80 612
80 10 612
10 14 120
14 10 120
10 83 54
83 10 54
10 40 280
40 10 280
10 47 592
47 10 592
10 80 499
80 10 499
10 79 420
79 10 420
11 17 587
17 11 587
11 59 581
59 11 581
11 56 33
56 11 33
11 77 556
77 11 556
11 65 869
65 11 869
11 53 647
53 11 647
11 43 356
43 11 356
11 28 545
28 11 545
11 79 597
79 11 597
11 51 27
51 11 27
11 50 136
50 11 136
11 23 368
23 11 368
11 19 885
19 11 885
12 47 670
47 12 670
12 18 806
18 12 806
12 45 377
45 12 377
12 52 825
52 12 825
12 51 854
51 12 854
12 25 921
25 12 921
12 46 350
46 12 350
12 58 101
58 12 101
12 84 232
84 12 232
12 68 570
68 12 570
12 39 460
39 12 460
12 18 159
18 12 159
12 78 1000
78 12 1000
13 52 856
52 13 856
13 53 972
53 13 972
13 17 361
17 13 361
13 65 383
65 13 383
13 19 289
19 13 289
13 33 746
33 13 746
13 59 339
59 13 339
13 24 642
24 13 642
13 61 487
61 13 487
13 64 698
64 13 698
13 52 458
52 13 458
13 41 624
41 13 624
13 22 85
22 13 85
13 84 424
84 13 424
14 24 249
24 14 249
14 32 258
32 14 258
14 48 755
48 14 755
14 47 199
47 14 199
14 56 124
56 14 124
14 51 720
51 14 720
14 15 873
15 14 873
14 54 737
54 14 737
14 41 833
41 14 833
14 35 913
35 14 913
14 78 128
78 14 128
14 52 105
52 14 105
14 19 622
19 14 622
15 39 779
39 15 779
15 80 941
80 15 941
15 82 806
82 15 806
15 52 742
52 15 742
15 57 541
57 15 541
15 40 61
40 15 61
15 32 223
32 15 223
15 56 913
56 15 913
15 82 952
82 15 952
15 24 877
24 15 877
15 35 131
35 15 131
15 55 480
55 15 480
16 26 540
26 16 540
16 63 95
63 16 95
16 40 329
40 16 329
16 20 627
20 16 627
16 72 820
72 16 820
16 80 349
80 16 349
16 69 99
69 16 99
16 34 432
34 16 432
16 33 778
33 16 778
16 30 616
30 16 616
16 21 444
21 16 444
16 82 747
82 16 747
16 27 136
27 16 136
16 33 476
33 16 476
16 17 668
17 16 668
16 61 815
61 16 815
16 78 542
78 16 542
16 40 364
40 16 364
17 22 285
22 17 285
17 39 850
39 17 850
17 29 621
29 17 621
17 63 113
63 17 113
17 42 803
42 17 803
17 84 949
84 17 949
17 19 498
19 17 498
17 48 674
48 17 674
17 53 380
53 17 380
17 17 707
17 17 707
17 77 358
77 17 358
17 36 373
36 17 373
17 72 921
72 17 921
17 41 47
41 17 47
18 25 999
25 18 999
18 34 73
34 18 73
18 60 386
60 18 386
18 34 173
34 18 173
18 75 48
75 18 48
18 62 896
62 18 896
18 75 344
75 18 344
18 34 670
34 18 670
18 70 729
70 18 729
18 45 273
45 18 273
18 47 396
47 18 396
18 67 710
67 18 710
18 55 609
55 18 609
18 59 658
59 18 658
18 30 380
30 18 380
19 42 994
42 19 994
19 78 983
78 19 983
19 75 951
75 19 951
19 42 435
42 19 435
19 47 220
47 19 220
19 60 598
60 19 598
19 43 256
43 19 256
19 40 92
40 19 92
19 67 605
67 19 605
19 27 141
27 19 141
19 36 521
36 19 521
19 43 407
43 19 407
19 23 162
23 19 162
20 38 394
38 20 394
20 50 283
50 20 283
20 73 854
73 20 854
20 35 705
35 20 705
20 56 190
56 20 190
20 30 142
30 20 142
20 21 195
21 20 195
20 58 965
58 20 965
20 58 658
58 20 658
20 51 671
51 20 671
20 25 716
25 20 716
20 27 226
27 20 226
20 70 544
70 20 544
20 83 671
83 20 671
20 72 926
72 20 926
20 84 704
84 20 704
20 55 233
55 20 233
20 38 206
38 20 206
20 78 732
78 20 732
20 76 596
76 20 596
20 44 808
44 20 808
21 35 164
35 21 164
21 60 781
60 21 781
21 43 98
43 21 98
21 29 658
29 21 658
21 43 580
43 21 580
21 84 650
84 21 650
21 75 525
75 21 525
21 74 87
74 21 87
21 35 567
35 21 567
21 73 954
73 21 954
21 74 56
74 21 56
21 40 380
40 21 380
21 50 349
50 21 349
21 25 985
25 21 985
21 53 301
53 21 301
22 23 992
23 22 992
22 24 293
24 22 293
22 61 86
61 22 86
22 67 455
67 22 455
22 53 951
53 22 951
22 42 509
42 22 509
22 42 656
42 22 656
22 79 222
79 22 222
22 64 163
64 22 163
22 74 318
74 22 318
22 82 997
82 22 997
22 47 116
47 22 116
22 82 236
82 22 236
22 68 147
68 22 147
22 48 618
48 22 618
22 59 398
59 22 398
23 40 531
40 23 531
23 77 55
77 23 55
23 43 101
43 23 101
23 80 48
80 23 48
23 64 961
64 23 961
23 77 206
77 23 206
23 32 874
32 23 874
23 44 570
44 23 570
23 68 269
68 23 269
23 69 921
69 23 921
23 59 851
59 23 851
23 60 264
60 23 264
23 66 349
66 23 349
23 33 120
33 23 120
23 79 254
79 23 254
23 73 128
73 23 128
23 59 369
59 23 369
23 25 214
25 23 214
23 31 573
31 23 573
24 60 634
60 24 634
24 50 536
50 24 536
24 68 94
68 24 94
24 54 697
54 24 697
24 61 610
61 24 610
24 38 709
38 24 709
24 38 118
38 24 118
24 56 87
56 24 87
24 78 893
78 24 893
24 82 501
82 24 501
24 36 255
36 24 255
24 43 582
43 24 582
24 64 977
64 24 977
24 71 645
71 24 645
25 83 980
83 25 980
25 49 925
49 25 925
25 36 953
36 25 953
25 75 464
75 25 464
25 70 219
70 25 219
25 35 501
35 25 501
25 57 61
57 25 61
25 38 624
38 25 624
25 30 224
30 25 224
25 67 822
67 25 822
25 55 209
55 25 209
26 31 951
31 26 951
26 58 227
58 26 227
26 79 9
79 26 9
26 60 596
60 26 596
26 82 585
82 26 585
26 46 515
46 26 515
26 75 617
75 26 617
26 33 193
33 26 193
26 68 536
68 26 536
26 50 84
50 26 84
26 50 370
50 26 370
26 29 846
29 26 846
26 61 793
61 26 793
26 69 740
69 26 740
26 80 198
80 26 198
27 71 379
71 27 379
27 64 962
64 27 962
27 80 824
80 27 824
27 29 528
29 27 528
27 50 282
50 27 282
27 51 406
51 27 406
27 77 176
77 27 176
27 77 464
77 27 464
28 45 714
45 28 714
28 82 992
82 28 992
28 64 25
64 28 25
28 80 640
80 28 640
28 63 611
63 28 611
28 78 466
78 28 466
28 58 654
58 28 654
28 53 798
53 28 798
28 47 795
47 28 795
28 38 559
38 28 559
28 58 802
58 28 802
28 50 292
50 28 292
28 40 194
40 28 194
28 52 690
52 28 690
28 80 111
80 28 111
29 49 399
49 29 399
29 80 587
80 29 587
29 72 406
72 29 406
29 62 189
62 29 189
29 39 811
39 29 811
29 50 354
50 29 354
29 67 327
67 29 327
29 32 32
32 29 32
29 70 424
70 29 424
29 30 226
30 29 226
29 53 546
53 29 546
29 63 753
63 29 753
30 55 771
55 30 771
30 35 714
35 30 714
30 63 729
63 30 729
30 54 932
54 30 932
30 65 962
65 30 962
30 35 397
35 30 397
30 78 900
78 30 900
30 66 359
66 30 359
30 58 264
58 30 264
30 61 39
61 30 39
31 80 791
80 31 791
31 47 178
47 31 178
31 52 920
52 31 920
31 45 187
45 31 187
31 32 904
32 31 904
31 37 61
37 31 61
31 64 801
64 31 801
31 49 865
49 31 865
31 44 227
44 31 227
32 62 454
62 32 454
32 83 278
83 32 278
32 76 341
76 32 341
32 74 381
74 32 381
32 56 803
56 32 803
32 69 854
69 32 854
32 58 501
58 32 501
32 52 393
52 32 393
32 49 301
49 32 301
32 79 584
79 32 584
32 73 894
73 32 894
32 39 491
39 32 491
32 63 986
63 32 986
32 53 209
53 32 209
33 66 242
66 33 242
33 35 28
35 33 28
33 71 495
71 33 495
33 57 597
57 33 597
33 82 429
82 33 429
33 50 385
50 33 385
33 75 330
75 33 330
33 52 485
52 33 485
33 49 265
49 33 265
34 41 799
41 34 799
34 74 949
74 34 949
34 64 902
64 34 902
34 73 680
73 34 680
34 76 231
76 34 231
34 63 625
63 34 625
34 47 453
47 34 453
34 37 18
37 34 18
34 83 323
83 34 323
34 48 426
48 34 426
34 61 667
61 34 667
35 52 606
52 35 606
35 37 909
37 35 909
35 38 587
38 35 587
35 82 80
82 35 80
35 47 125
47 35 125
35 61 111
61 35 111
35 73 595
73 35 595
35 44 63
44 35 63
35 41 171
41 35 171
35 49 784
49 35 784
36 43 486
43 36 486
36 46 365
46 36 365
36 80 586
80 36 586
36 84 754
84 36 754
36 59 187
59 36 187
36 57 981
57 36 981
36 76 665
76 36 665
36 47 361
47 36 361
36 62 47
62 36 47
37 48 413
48 37 413
37 73 990
73 37 990
37 84 276
84 37 276
37 61 772
61 37 772
37 62 925
62 37 925
37 83 967
83 37 967
37 76 52
76 37 52
37 47 903
47 37 903
38 74 250
74 38 250
38 67 942
67 38 942
38 43 14
43 38 14
38 56 141
56 38 141
38 67 303
67 38 303
38 50 468
50 38 468
38 52 542
52 38 542
38 53 729
53 38 729
39 65 616
65 39 616
39 79 581
79 39 581
39 62 220
62 39 220
39 70 174
70 39 174
39 40 930
40 39 930
39 77 509
77 39 509
39 67 8
67 39 8
40 57 627
57 40 627
40 64 639
64 40 639
40 53 845
53 40 845
40 59 4
59 40 4
40 68 813
68 40 813
41 61 367
61 41 367
41 59 300
59 41 300
41 65 44
65 41 44
41 80 407
80 41 407
41 72 188
72 41 188
41 66 959
66 41 959
41 59 187
59 41 187
42 66 853
66 42 853
42 60 52
60 42 52
42 79 887
79 42 887
42 73 642
73 42 642
42 47 782
47 42 782
42 47 655
47 42 655
42 47 32
47 42 32
42 45 696
45 42 696
42 56 574
56 42 574
42 78 492
78 42 492
43 62 573
62 43 573
43 60 864
60 43 864
43 84 248
84 43 248
43 59 825
59 43 825
43 44 397
44 43 397
44 69 837
69 44 837
44 56 314
56 44 314
44 63 941
63 44 941
44 69 105
69 44 105
44 49 205
49 44 205
44 70 587
70 44 587
44 74 921
74 44 921
44 50 64
50 44 64
44 49 630
49 44 630
45 57 237
57 45 237
45 66 509
66 45 509
45 78 340
78 45 340
45 69 994
69 45 994
45 63 527
63 45 527
45 84 596
84 45 596
45 62 994
62 45 994
45 77 496
77 45 496
45 67 17
67 45 17
45 66 560
66 45 560
45 52 619
52 45 619
45 52 978
52 45 978
45 55 194
55 45 194
45 78 590
78 45 590
45 81 540
81 45 540
46 53 89
53 46 89
46 64 81
64 46 81
46 57 390
57 46 390
46 69 901
69 46 901
46 68 854
68 46 854
46 49 58
49 46 58
47 72 21
72 47 21
47 66 628
66 47 628
47 74 281
74 47 281
47 55 694
55 47 694
47 58 435
58 47 435
48 67 749
67 48 749
48 70 599
70 48 599
48 56 249
56 48 249
48 65 612
65 48 612
48 50 841
50 48 841
48 81 529
81 48 529
48 58 468
58 48 468
48 67 237
67 48 237
48 67 195
67 48 195
49 84 192
84 49 192
49 57 411
57 49 411
49 64 811
64 49 811
49 77 581
77 49 581
49 62 197
62 49 197
49 55 818
55 49 818
49 82 208
82 49 208
50 82 847
82 50 847
50 57 408
57 50 408
50 59 140
59 50 140
50 79 968
79 50 968
50 73 265
73 50 265
50 75 464
75 50 464
50 72 476
72 50 476
50 61 706
61 50 706
51 75 339
75 51 339
51 76 493
76 51 493
51 53 388
53 51 388
51 78 50
78 51 50
51 54 362
54 51 362
51 72 668
72 51 668
51 70 641
70 51 641
51 70 518
70 51 518
51 79 423
79 51 423
51 82 644
82 51 644
52 71 965
71 52 965
52 76 736
76 52 736
52 57 903
57 52 903
53 54 12
54 53 12
53 77 280
77 53 280
53 71 483
71 53 483
53 66 807
66 53 807
53 84 757
84 53 757
54 55 355
55 54 355
54 70 681
70 54 681
54 77 133
77 54 133
54 60 752
60 54 752
54 77 975
77 54 975
55 61 144
61 55 144
55 72 734
72 55 734
55 75 324
75 55 324
55 66 558
66 55 558
55 77 552
77 55 552
55 60 351
60 55 351
56 76 151
76 56 151
56 62 71
62 56 71
56 82 833
82 56 833
56 64 251
64 56 251
56 76 712
76 56 712
56 65 763
65 56 763
56 81 282
81 56 282
56 68 66
68 56 66
56 69 912
69 56 912
57 64 537
64 57 537
57 77 918
77 57 918
57 59 595
59 57 595
58 59 244
59 58 244
58 62 497
62 58 497
58 60 506
60 58 506
59 74 707
74 59 707
59 76 131
76 59 131
59 78 281
78 59 281
59 73 335
73 59 335
59 67 717
67 59 717
60 84 613
84 60 613
60 69 894
69 60 894
60 78 848
78 60 848
60 77 598
77 60 598
60 64 519
64 60 519
60 75 472
75 60 472
61 76 526
76 61 526
61 81 457
81 61 457
61 68 355
68 61 355
61 84 237
84 61 237
62 73 230
73 62 230
63 72 19
72 63 19
63 65 113
65 63 113
63 79 537
79 63 537
63 70 230
70 63 230
63 63 543
63 63 543
63 65 325
65 63 325
64 65 596
65 64 596
64 76 717
76 64 717
65 65 889
65 65 889
66 68 487
68 66 487
66 80 296
80 66 296
66 72 915
72 66 915
66 71 344
71 66 344
66 78 183
78 66 183
66 83 955
83 66 955
67 79 943
79 67 943
67 78 971
78 67 971
67 73 618
73 67 618
67 72 419
72 67 419
68 70 724
70 68 724
68 82 445
82 68 445
68 77 586
77 68 586
69 81 861
81 69 861
69 82 757
82 69 757
69 78 516
78 69 516
70 73 739
73 70 739
70 71 756
71 70 756
70 73 794
73 70 794
71 72 639
72 71 639
72 75 198
75 72 198
72 75 154
75 72 154
72 72 207
72 72 207
72 78 296
78 72 296
73 78 288
78 73 288
73 76 851
76 73 851
73 80 41
80 73 41
73 83 276
83 73 276
73 81 120
81 73 120
73 80 333
80 73 333
74 78 934
78 74 934
74 78 54
78 74 54
78 83 667
83 78 667
78 82 421
82 78 421
78 84 477
84 78 477
81 83 546
83 81 546
83 84 917
84 83 917
