100

0 1 183
1 0 183
0 2 553
2 0 553
0 3 83
3 0 83
0 5 51
5 0 51
0 6 962
6 0 962
0 30 53
30 0 53
0 49 179
49 0 179
0 86 640
86 0 640
0 37 817
37 0 817
0 38 234
38 0 234
0 45 452
45 0 452
1 4 26
4 1 26
1 9 464
9 1 464
1 10 282
10 1 282
1 14 208
14 1 208
1 15 506
15 1 506
1 20 223
20 1 223
1 27 650
27 1 650
1 39 163
39 1 163
1 53 118
53 1 118
2 93 673
93 2 673
2 14 77
14 2 77
2 33 785
33 2 785
2 46 134
46 2 134
3 11 828
11 3 828
3 33 981
33 3 981
4 13 291
13 4 291
4 22 838
22 4 838
4 47 44
47 4 44
4 81 847
81 4 847
4 10 63
10 4 63
4 59 967
59 4 967
4 93 549
93 4 549
5 7 820
7 5 820
5 16 331
16 5 331
5 32 663
32 5 663
5 96 155
96 5 155
5 38 199
38 5 199
5 96 672
96 5 672
6 8 363
8 6 363
6 61 873
61 6 873
6 49 642
49 6 642
6 68 244
68 6 244
7 25 626
25 7 626
7 91 822
91 7 822
7 74 624
74 7 624
7 53 771
53 7 771
7 77 181
77 7 181
7 87 341
87 7 341
7 41 500
41 7 500
8 23 744
23 8 744
8 50 85
50 8 85
8 65 453
65 8 453
8 91 424
91 8 424
9 17 711
17 9 711
9 42 970
42 9 970
9 46 520
46 9 520
9 68 304
68 9 304
9 70 559
70 9 559
9 71 211
71 9 211
9 78 862
78 9 862
9 89 813
89 9 813
10 24 150
24 10 150
10 51 395
51 10 395
11 12 764
12 11 764
11 98 996
98 11 996
12 28 159
28 12 159
12 34 523
34 12 523
12 48 255
48 12 255
12 36 775
36 12 775
12 87 16
87 12 16
13 18 278
18 13 278
13 34 465
34 13 465
13 91 855
91 13 855
14 31 202
31 14 202
14 53 436
53 14 436
15 94 645
94 15 645
15 88 77
88 15 77
16 21 921
21 16 921
16 79 16
79 16 16
16 53 474
53 16 474
17 92 471
92 17 471
17 19 15
19 17 15
18 19 237
19 18 237
18 26 348
26 18 348
18 52 455
52 18 455
18 59 945
59 18 945
19 24 670
24 19 670
19 26 231
26 19 231
20 32 278
32 20 278
20 74 833
74 20 833
20 64 524
64 20 524
20 61 860
61 20 860
20 43 107
43 20 107
20 44 702
44 20 702
21 35 754
35 21 754
21 80 492
80 21 492
21 69 9
69 21 9
21 21 650
21 21 650
22 24 457
24 22 457
22 39 587
39 22 587
23 43 747
43 23 747
23 27 211
27 23 211
23 80 44
80 23 44
24 29 857
29 24 857
24 41 41
41 24 41
24 77 840
77 24 840
24 96 374
96 24 374
24 25 802
25 24 802
24 59 131
59 24 131
25 87 396
87 25 396
26 40 772
40 26 772
26 45 800
45 26 800
26 44 201
44 26 201
27 60 234
60 27 234
28 56 961
56 28 961
28 87 875
87 28 875
28 58 515
58 28 515
29 47 806
47 29 806
30 38 458
38 30 458
30 55 13
55 30 13
31 58 337
58 31 337
31 94 273
94 31 273
31 46 751
46 31 751
32 88 53
88 32 53
33 55 931
55 33 931
34 44 392
44 34 392
34 51 496
51 34 496
34 38 835
38 34 835
34 70 441
70 34 441
35 36 645
36 35 645
35 58 975
58 35 975
36 37 68
37 36 68
36 57 503
57 36 503
37 86 808
86 37 808
39 84 547
84 39 547
39 67 720
67 39 720
39 69 295
69 39 295
40 78 666
78 40 666
40 51 431
51 40 431
40 89 511
89 40 511
40 63 209
63 40 209
40 77 891
77 40 891
41 51 385
51 41 385
42 58 671
58 42 671
42 52 308
52 42 308
42 52 510
52 42 510
42 58 741
58 42 741
43 62 812
62 43 812
43 51 789
51 43 789
44 83 488
83 44 488
44 90 360
90 44 360
45 97 349
97 45 349
45 96 501
96 45 501
45 85 354
85 45 354
46 57 745
57 46 745
47 64 303
64 47 303
47 82 55
82 47 55
47 82 959
82 47 959
48 63 768
63 48 768
49 54 86
54 49 86
49 80 966
80 49 966
49 77 604
77 49 604
50 69 685
69 50 685
50 81 185
81 50 185
51 92 232
92 51 232
52 79 298
79 52 298
54 63 281
63 54 281
55 73 360
73 55 360
55 71 262
71 55 262
56 65 57
65 56 57
56 66 273
66 56 273
56 95 343
95 56 343
56 97 717
97 56 717
57 92 650
92 57 650
58 68 134
68 58 134
58 64 900
64 58 900
59 86 796
86 59 796
60 95 989
95 60 989
60 76 379
76 60 379
60 68 829
68 60 829
62 74 74
74 62 74
62 95 83
95 62 83
62 97 862
97 62 862
63 67 477
67 63 477
63 97 478
97 63 478
64 72 878
72 64 878
64 64 743
64 64 743
65 91 506
91 65 506
67 95 593
95 67 593
68 75 663
75 68 663
68 97 955
97 68 955
69 85 664
85 69 664
70 76 375
76 70 375
70 96 1
96 70 1
71 78 42
78 71 42
72 73 267
73 72 267
73 84 453
84 73 453
74 83 311
83 74 311
75 95 168
95 75 168
77 89 503
89 77 503
77 87 812
87 77 812
77 93 530
93 77 530
77 81 728
81 77 728
77 78 91
78 77 91
79 90 361
90 79 361
80 93 218
93 80 218
83 85 945
85 83 945
88 99 595
99 88 595
89 94 225
94 89 225
94 97 711
97 94 711
94 96 732
96 94 732
