87

0 1 854
1 0 854
0 2 161
2 0 161
0 4 2
4 0 2
0 11 298
11 0 298
0 15 703
15 0 703
0 23 660
23 0 660
0 57 454
57 0 454
0 66 260
66 0 260
0 68 761
68 0 761
0 34 759
34 0 759
0 4 653
4 0 653
0 84 296
84 0 296
0 45 749
45 0 749
0 79 513
79 0 513
0 43 27
43 0 27
0 52 867
52 0 867
1 3 956
3 1 956
1 5 575
5 1 575
1 9 473
9 1 473
1 41 115
41 1 115
1 82 136
82 1 136
1 34 495
34 1 495
1 37 506
37 1 506
1 30 540
30 1 540
1 27 938
27 1 938
1 63 880
63 1 880
1 31 875
31 1 875
2 8 934
8 2 934
2 14 178
14 2 178
2 49 225
49 2 225
2 76 818
76 2 818
2 43 467
43 2 467
2 62 793
62 2 793
2 56 687
56 2 687
2 69 242
69 2 242
2 24 492
24 2 492
2 67 57
67 2 57
3 6 486
6 3 486
3 12 145
12 3 145
3 16 957
16 3 957
3 18 211
18 3 211
3 36 924
36 3 924
3 40 354
40 3 354
3 27 7
27 3 7
3 50 863
50 3 863
3 17 396
17 3 396
3 59 234
59 3 234
3 4 796
4 3 796
3 11 301
11 3 301
3 17 155
17 3 155
3 41 498
41 3 498
4 7 196
7 4 196
4 42 241
42 4 241
4 60 781
60 4 781
4 82 520
82 4 520
4 6 453
6 4 453
4 29 445
29 4 445
4 82 949
82 4 949
4 69 14
69 4 14
4 49 355
49 4 355
4 58 686
58 4 686
4 77 291
77 4 291
4 49 207
49 4 207
4 17 604
17 4 604
5 13 526
13 5 526
5 46 182
46 5 182
5 74 445
74 5 445
5 50 826
50 5 826
5 10 567
10 5 567
5 55 106
55 5 106
5 57 982
57 5 982
5 80 245
80 5 245
5 20 160
20 5 160
5 37 630
37 5 630
5 55 107
55 5 107
6 10 917
10 6 917
6 50 863
50 6 863
6 16 642
16 6 642
6 19 314
19 6 314
7 19 366
19 7 366
7 24 692
24 7 692
7 65 511
65 7 511
7 86 57
86 7 57
7 26 65
26 7 65
7 29 452
29 7 452
7 44 238
44 7 238
7 25 13
25 7 13
7 55 29
55 7 29
7 76 383
76 7 383
8 28 860
28 8 860
8 80 698
80 8 698
8 66 591
66 8 591
8 25 74
25 8 74
8 43 213
43 8 213
8 44 140
44 8 140
8 56 410
56 8 410
8 33 798
33 8 798
9 52 635
52 9 635
9 12 320
12 9 320
9 43 135
43 9 135
9 40 760
40 9 760
9 73 601
73 9 601
9 21 269
21 9 269
9 67 745
67 9 745
9 53 888
53 9 888
9 83 992
83 9 992
10 20 41
20 10 41
10 39 460
39 10 460
10 61 685
61 10 685
10 34 676
34 10 676
10 58 693
58 10 693
10 30 249
30 10 249
10 14 5
14 10 5
10 17 732
17 10 732
10 17 816
17 10 816
10 26 450
26 10 450
11 17 626
17 11 626
11 33 649
33 11 649
11 49 549
49 11 549
11 48 983
48 11 983
12 73 754
73 12 754
12 32 13
32 12 13
12 33 450
33 12 450
12 47 750
47 12 750
12 75 174
75 12 174
12 24 498
24 12 498
12 52 521
52 12 521
13 29 549
29 13 549
13 28 75
28 13 75
13 14 59
14 13 59
13 55 766
55 13 766
13 25 353
25 13 353
13 52 935
52 13 935
13 61 317
61 13 317
13 55 848
55 13 848
13 28 227
28 13 227
14 51 1
51 14 1
14 66 160
66 14 160
14 53 130
53 14 130
14 84 698
84 14 698
14 70 848
70 14 848
14 22 549
22 14 549
14 46 958
46 14 958
14 49 283
49 14 283
14 51 33
51 14 33
14 54 217
54 14 217
14 15 732
15 14 732
15 22 20
22 15 20
15 27 538
27 15 538
15 31 28
31 15 28
15 19 220
19 15 220
15 46 162
46 15 162
15 54 597
54 15 597
15 25 564
25 15 564
15 59 626
59 15 626
16 21 218
21 16 218
16 46 80
46 16 80
16 86 105
86 16 105
16 84 775
84 16 775
16 29 98
29 16 98
16 55 117
55 16 117
16 75 464
75 16 464
17 30 935
30 17 935
17 38 488
38 17 488
17 50 585
50 17 585
17 30 602
30 17 602
17 18 210
18 17 210
17 64 471
64 17 471
17 49 270
49 17 270
18 39 616
39 18 616
18 28 924
28 18 924
18 49 147
49 18 147
18 39 699
39 18 699
18 20 739
20 18 739
18 83 419
83 18 419
18 58 73
58 18 73
18 50 844
50 18 844
19 32 408
32 19 408
19 33 657
33 19 657
19 64 371
64 19 371
19 45 367
45 19 367
19 49 320
49 19 320
19 65 573
65 19 573
19 59 824
59 19 824
19 83 956
83 19 956
19 76 818
76 19 818
20 34 404
34 20 404
20 37 908
37 20 908
20 42 989
42 20 989
20 64 213
64 20 213
20 50 258
50 20 258
20 86 144
86 20 144
20 52 647
52 20 647
21 59 253
59 21 253
21 81 124
81 21 124
21 55 465
55 21 465
21 58 497
58 21 497
21 47 361
47 21 361
21 61 921
61 21 921
21 85 233
85 21 233
21 70 84
70 21 84
22 62 552
62 22 552
22 68 709
68 22 709
22 24 482
24 22 482
22 45 198
45 22 198
22 85 128
85 22 128
23 26 735
26 23 735
23 70 922
70 23 922
23 53 568
53 23 568
23 72 978
72 23 978
23 79 601
79 23 601
24 25 32
25 24 32
24 35 582
35 24 582
24 85 438
85 24 438
24 50 328
50 24 328
24 66 960
66 24 960
24 53 98
53 24 98
25 60 71
60 25 71
25 32 285
32 25 285
25 84 826
84 25 826
25 46 421
46 25 421
25 52 137
52 25 137
26 44 506
44 26 506
26 54 421
54 26 421
26 64 68
64 26 68
26 28 464
28 26 464
26 35 747
35 26 747
26 62 370
62 26 370
26 78 671
78 26 671
27 70 405
70 27 405
27 78 701
78 27 701
27 76 768
76 27 768
27 57 817
57 27 817
28 80 369
80 28 369
29 68 600
68 29 600
29 70 814
70 29 814
29 67 685
67 29 685
29 56 255
56 29 255
30 45 122
45 30 122
30 56 760
56 30 760
30 63 714
63 30 714
30 60 785
60 30 785
30 82 108
82 30 108
30 35 538
35 30 538
30 84 98
84 30 98
30 54 845
54 30 845
30 58 237
58 30 237
30 55 470
55 30 470
31 82 960
82 31 960
31 52 139
52 31 139
31 37 974
37 31 974
31 48 562
48 31 562
31 68 333
68 31 333
31 72 922
72 31 922
31 81 149
81 31 149
32 35 682
35 32 682
32 69 769
69 32 769
32 38 790
38 32 790
33 47 16
47 33 16
33 81 453
81 33 453
33 85 53
85 33 53
33 62 93
62 33 93
33 61 825
61 33 825
33 83 735
83 33 735
34 83 394
83 34 394
34 35 243
35 34 243
34 80 300
80 34 300
34 43 806
43 34 806
34 83 330
83 34 330
35 78 950
78 35 950
35 40 919
40 35 919
36 42 728
42 36 728
36 44 63
44 36 63
36 62 458
62 36 458
36 43 795
43 36 795
37 53 38
53 37 38
37 70 408
70 37 408
37 84 779
84 37 779
37 62 876
62 37 876
37 78 688
78 37 688
37 38 820
38 37 820
37 38 352
38 37 352
37 68 206
68 37 206
38 55 519
55 38 519
38 72 592
72 38 592
38 62 707
62 38 707
39 82 918
82 39 918
39 45 676
45 39 676
39 51 879
51 39 879
39 83 47
83 39 47
39 41 135
41 39 135
40 69 843
69 40 843
40 82 644
82 40 644
40 54 493
54 40 493
40 52 18
52 40 18
40 56 888
56 40 888
40 59 679
59 40 679
40 59 891
59 40 891
40 54 843
54 40 843
41 43 817
43 41 817
41 55 446
55 41 446
41 50 514
50 41 514
41 86 611
86 41 611
41 81 760
81 41 760
41 43 207
43 41 207
41 47 482
47 41 482
42 43 385
43 42 385
42 58 598
58 42 598
42 76 633
76 42 633
42 66 434
66 42 434
42 48 580
48 42 580
42 63 620
63 42 620
42 84 810
84 42 810
42 76 979
76 42 979
42 82 746
82 42 746
42 45 163
45 42 163
43 48 557
48 43 557
43 61 946
61 43 946
43 84 639
84 43 639
43 59 569
59 43 569
44 75 213
75 44 213
44 80 19
80 44 19
45 75 810
75 45 810
45 68 2
68 45 2
46 64 963
64 46 963
46 58 795
58 46 795
46 82 221
82 46 221
47 75 167
75 47 167
47 75 635
75 47 635
47 82 352
82 47 352
47 53 103
53 47 103
48 78 732
78 48 732
48 74 125
74 48 125
49 78 59
78 49 59
49 71 951
71 49 951
49 55 605
55 49 605
49 76 640
76 49 640
50 75 199
75 50 199
50 83 884
83 50 884
50 70 257
70 50 257
50 67 1000
67 50 1000
50 54 37
54 50 37
50 65 973
65 50 973
50 75 276
75 50 276
51 68 350
68 51 350
51 62 716
62 51 716
51 78 443
78 51 443
51 58 962
58 51 962
51 51 961
51 51 961
52 62 887
62 52 887
53 71 658
71 53 658
53 79 543
79 53 543
54 77 859
77 54 859
54 65 768
65 54 768
54 57 997
57 54 997
55 68 819
68 55 819
55 67 91
67 55 91
55 62 974
62 55 974
56 67 642
67 56 642
56 85 986
85 56 986
56 74 765
74 56 765
57 86 587
86 57 587
57 60 51
60 57 51
57 74 714
74 57 714
58 85 457
85 58 457
58 82 2
82 58 2
58 60 107
60 58 107
58 61 516
61 58 516
58 63 1000
63 58 1000
59 67 367
67 59 367
59 84 378
84 59 378
60 63 255
63 60 255
60 69 6
69 60 6
62 79 850
79 62 850
62 70 254
70 62 254
62 62 758
62 62 758
62 83 408
83 62 408
62 68 442
68 62 442
63 71 992
71 63 992
63 73 30
73 63 30
63 80 24
80 63 24
63 63 798
63 63 798
64 66 885
66 64 885
66 70 908
70 66 908
66 71 35
71 66 35
66 66 104
66 66 104
66 84 120
84 66 120
67 75 599
75 67 599
67 81 1000
81 67 1000
70 78 997
78 70 997
71 76 987
76 71 987
73 86 50
86 73 50
75 80 612
80 75 612
75 80 491
80 75 491
75 85 579
85 75 579
76 86 491
86 76 491
76 79 405
79 76 405
76 86 873
86 76 873
77 86 858
86 77 858
78 79 639
79 78 639
78 84 653
84 78 653
79 82 921
82 79 921
79 80 965
80 79 965
79 80 314
80 79 314
80 80 411
80 80 411
82 84 494
84 82 494
82 86 120
86 82 120
