69

0 1 518
1 0 518
0 16 451
16 0 451
0 37 316
37 0 316
0 66 722
66 0 722
0 18 509
18 0 509
0 50 464
50 0 464
0 34 45
34 0 45
0 41 755
41 0 755
0 15 937
15 0 937
0 65 403
65 0 403
0 54 721
54 0 721
0 46 654
46 0 654
0 49 169
49 0 169
0 31 227
31 0 227
0 48 564
48 0 564
0 2 191
2 0 191
1 2 227
2 1 227
1 3 532
3 1 532
1 4 841
4 1 841
1 5 972
5 1 972
1 45 824
45 1 824
1 24 509
24 1 509
1 18 409
18 1 409
1 8 731
8 1 731
1 16 291
16 1 291
1 54 272
54 1 272
1 28 898
28 1 898
1 3 451
3 1 451
1 28 583
28 1 583
1 51 46
51 1 46
1 37 88
37 1 88
1 53 936
53 1 936
1 29 109
29 1 109
2 8 81
8 2 81
2 19 263
19 2 263
2 64 277
64 2 277
2 13 504
13 2 504
2 12 110
12 2 110
2 7 818
7 2 818
2 29 976
29 2 976
2 47 101
47 2 101
2 6 921
6 2 921
2 2 923
2 2 923
2 38 741
38 2 741
2 26 676
26 2 676
2 34 678
34 2 678
2 46 222
46 2 222
2 21 55
21 2 55
3 6 739
6 3 739
3 9 89
9 3 89
3 62 826
62 3 826
3 68 366
68 3 366
3 27 381
27 3 381
3 11 234
11 3 234
3 47 331
47 3 331
3 36 5
36 3 5
3 63 259
63 3 259
3 58 250
58 3 250
3 11 813
11 3 813
4 15 894
15 4 894
4 59 282
59 4 282
4 66 893
66 4 893
4 63 886
63 4 886
4 53 765
53 4 765
4 40 127
40 4 127
4 17 527
17 4 527
4 26 840
26 4 840
4 6 131
6 4 131
5 12 797
12 5 797
5 25 999
25 5 999
5 35 660
35 5 660
5 44 993
44 5 993
5 35 114
35 5 114
5 58 112
58 5 112
5 48 938
48 5 938
5 54 375
54 5 375
5 16 619
16 5 619
5 67 980
67 5 980
5 34 955
34 5 955
5 65 750
65 5 750
5 68 501
68 5 501
5 55 251
55 5 251
5 16 288
16 5 288
5 51 935
51 5 935
6 7 226
7 6 226
6 24 138
24 6 138
6 53 268
53 6 268
6 62 221
62 6 221
6 62 687
62 6 687
6 38 207
38 6 207
6 42 543
42 6 543
6 15 163
15 6 163
6 10 623
10 6 623
6 34 295
34 6 295
6 19 935
19 6 935
7 10 473
10 7 473
7 18 258
18 7 258
7 40 177
40 7 177
7 23 875
23 7 875
7 28 188
28 7 188
7 45 922
45 7 922
7 21 741
21 7 741
7 24 434
24 7 434
7 66 376
66 7 376
7 24 737
24 7 737
7 56 11
56 7 11
8 13 818
13 8 818
8 14 145
14 8 145
8 51 715
51 8 715
8 57 504
57 8 504
8 26 604
26 8 604
8 22 66
22 8 66
8 54 814
54 8 814
8 55 990
55 8 990
9 20 648
20 9 648
9 31 672
31 9 672
9 61 407
61 9 407
9 28 483
28 9 483
9 14 736
14 9 736
9 34 265
34 9 265
9 25 717
25 9 717
9 49 376
49 9 376
10 11 228
11 10 228
10 23 581
23 10 581
10 38 137
38 10 137
10 43 279
43 10 279
10 31 628
31 10 628
10 47 927
47 10 927
10 35 90
35 10 90
10 11 65
11 10 65
10 63 391
63 10 391
11 36 240
36 11 240
11 40 16
40 11 16
11 36 611
36 11 611
11 19 254
19 11 254
11 61 146
61 11 146
11 39 894
39 11 894
11 61 910
61 11 910
11 17 286
17 11 286
12 21 560
21 12 560
12 27 129
27 12 129
12 28 971
28 12 971
12 48 260
48 12 260
12 37 672
37 12 672
12 39 196
39 12 196
12 37 11
37 12 11
12 50 272
50 12 272
12 18 60
18 12 60
12 32 834
32 12 834
12 14 452
14 12 452
12 50 399
50 12 399
13 22 868
22 13 868
13 47 994
47 13 994
13 30 201
30 13 201
13 67 288
67 13 288
13 13 601
13 13 601
13 53 646
53 13 646
13 51 170
51 13 170
13 23 337
23 13 337
13 34 169
34 13 169
13 31 872
31 13 872
13 46 331
46 13 331
13 30 337
30 13 337
13 50 142
50 13 142
14 30 347
30 14 347
14 61 745
61 14 745
14 65 394
65 14 394
14 15 219
15 14 219
14 31 565
31 14 565
14 36 771
36 14 771
14 30 514
30 14 514
14 24 770
24 14 770
14 33 932
33 14 932
14 43 796
43 14 796
15 17 595
17 15 595
15 42 818
42 15 818
15 48 888
48 15 888
15 47 523
47 15 523
15 51 930
51 15 930
15 64 175
64 15 175
15 59 652
59 15 652
15 27 260
27 15 260
15 17 601
17 15 601
15 31 115
31 15 115
15 34 989
34 15 989
15 26 391
26 15 391
16 31 161
31 16 161
16 62 369
62 16 369
16 17 294
17 16 294
16 21 610
21 16 610
16 45 263
45 16 263
16 47 590
47 16 590
17 60 660
60 17 660
17 29 553
29 17 553
17 50 136
50 17 136
17 21 114
21 17 114
17 23 794
23 17 794
17 18 905
18 17 905
17 23 883
23 17 883
17 29 775
29 17 775
17 46 63
46 17 63
17 61 843
61 17 843
18 51 525
51 18 525
18 41 516
41 18 516
18 30 311
30 18 311
18 24 445
24 18 445
18 65 909
65 18 909
18 53 784
53 18 784
19 55 187
55 19 187
19 56 697
56 19 697
19 23 399
23 19 399
19 51 992
51 19 992
19 58 972
58 19 972
19 52 502
52 19 502
19 54 480
54 19 480
19 32 684
32 19 684
19 29 223
29 19 223
19 53 1000
53 19 1000
19 66 838
66 19 838
20 55 797
55 20 797
20 25 407
25 20 407
21 26 681
26 21 681
21 52 304
52 21 304
21 50 3
50 21 3
21 25 402
25 21 402
21 48 778
48 21 778
21 30 380
30 21 380
22 34 222
34 22 222
22 43 547
43 22 547
22 40 12
40 22 12
22 53 226
53 22 226
23 41 533
41 23 533
23 37 224
37 23 224
23 28 278
28 23 278
23 31 583
31 23 583
23 40 310
40 23 310
23 55 771
55 23 771
23 34 870
34 23 870
23 56 198
56 23 198
23 43 708
43 23 708
23 38 717
38 23 717
23 44 594
44 23 594
23 62 344
62 23 344
24 26 43
26 24 43
24 62 613
62 24 613
25 53 455
53 25 455
25 64 366
64 25 366
25 34 852
34 25 852
26 33 435
33 26 435
26 50 685
50 26 685
26 60 404
60 26 404
26 67 478
67 26 478
26 54 456
54 26 456
26 60 483
60 26 483
26 29 114
29 26 114
26 29 581
29 26 581
27 46 598
46 27 598
27 27 509
27 27 509
27 66 133
66 27 133
27 60 646
60 27 646
28 29 838
29 28 838
28 32 920
32 28 920
28 45 151
45 28 151
28 42 357
42 28 357
28 30 75
30 28 75
28 46 921
46 28 921
28 34 711
34 28 711
28 61 384
61 28 384
29 67 971
67 29 971
29 48 962
48 29 962
29 61 40
61 29 40
29 33 729
33 29 729
30 46 227
46 30 227
30 54 273
54 30 273
30 37 440
37 30 440
30 35 901
35 30 901
30 53 368
53 30 368
30 48 618
48 30 618
30 37 690
37 30 690
30 59 105
59 30 105
30 41 931
41 30 931
31 39 692
39 31 692
31 41 372
41 31 372
31 31 831
31 31 831
31 49 977
49 31 977
31 65 2
65 31 2
31 54 119
54 31 119
31 57 262
57 31 262
32 52 89
52 32 89
32 45 15
45 32 15
32 37 421
37 32 421
32 60 673
60 32 673
32 64 426
64 32 426
32 53 267
53 32 267
32 52 308
52 32 308
33 42 594
42 33 594
33 62 353
62 33 353
33 50 464
50 33 464
33 52 673
52 33 673
33 46 428
46 33 428
34 51 740
51 34 740
34 68 495
68 34 495
35 41 959
41 35 959
35 51 367
51 35 367
35 44 700
44 35 700
35 62 395
62 35 395
35 47 700
47 35 700
36 63 195
63 36 195
36 57 425
57 36 425
36 42 396
42 36 396
36 47 75
47 36 75
37 49 547
49 37 547
37 56 292
56 37 292
37 68 422
68 37 422
37 55 411
55 37 411
37 51 843
51 37 843
38 50 297
50 38 297
38 47 481
47 38 481
38 59 410
59 38 410
38 41 554
41 38 554
39 50 284
50 39 284
39 50 166
50 39 166
40 62 968
62 40 968
40 49 518
49 40 518
40 58 120
58 40 120
41 54 253
54 41 253
41 61 805
61 41 805
42 63 413
63 42 413
42 48 880
48 42 880
43 56 758
56 43 758
43 48 738
48 43 738
43 58 360
58 43 360
43 49 992
49 43 992
43 46 90
46 43 90
43 63 880
63 43 880
44 67 851
67 44 851
44 54 886
54 44 886
44 52 44
52 44 44
45 48 371
48 45 371
45 66 758
66 45 758
45 48 845
48 45 845
45 60 766
60 45 766
45 60 435
60 45 435
45 66 468
66 45 468
46 54 746
54 46 746
46 61 596
61 46 596
46 65 822
65 46 822
47 52 599
52 47 599
47 56 188
56 47 188
47 66 118
66 47 118
47 58 966
58 47 966
47 62 625
62 47 625
48 54 266
54 48 266
48 48 709
48 48 709
48 53 199
53 48 199
48 50 919
50 48 919
49 63 951
63 49 951
49 53 95
53 49 95
50 57 188
57 50 188
50 51 898
51 50 898
50 59 376
59 50 376
50 66 532
66 50 532
50 54 207
54 50 207
51 66 87
66 51 87
51 59 728
59 51 728
52 58 336
58 52 336
53 55 169
55 53 169
53 61 844
61 53 844
53 66 996
66 53 996
54 56 554
56 54 554
55 57 196
57 55 196
56 58 76
58 56 76
56 66 932
66 56 932
57 68 577
68 57 577
58 60 864
60 58 864
58 62 436
62 58 436
58 66 807
66 58 807
59 64 377
64 59 377
60 66 821
66 60 821
60 67 709
67 60 709
60 62 59
62 60 59
60 65 61
65 60 61
62 63 441
63 62 441
67 67 335
67 67 335
