77

0 1 735
1 0 735
0 6 224
6 0 224
0 49 709
49 0 709
0 38 785
38 0 785
0 21 4
21 0 4
0 13 77
13 0 77
0 35 506
35 0 506
0 4 78
4 0 78
0 17 220
17 0 220
0 43 744
43 0 744
0 56 180
56 0 180
0 18 236
18 0 236
1 2 711
2 1 711
1 3 63
3 1 63
1 4 444
4 1 444
1 5 855
5 1 855
1 11 64
11 1 64
1 18 169
18 1 169
1 45 599
45 1 599
1 51 111
51 1 111
1 41 395
41 1 395
1 42 93
42 1 93
1 47 395
47 1 395
1 28 409
28 1 409
1 31 761
31 1 761
1 66 954
66 1 954
1 69 843
69 1 843
2 8 996
8 2 996
2 9 725
9 2 725
2 12 661
12 2 661
2 17 65
17 2 65
2 52 890
52 2 890
2 56 645
56 2 645
2 41 313
41 2 313
2 28 834
28 2 834
2 27 681
27 2 681
2 16 661
16 2 661
2 43 943
43 2 943
2 57 119
57 2 119
2 41 435
41 2 435
3 22 395
22 3 395
3 34 207
34 3 207
3 50 226
50 3 226
3 29 94
29 3 94
3 20 986
20 3 986
3 36 132
36 3 132
3 19 357
19 3 357
3 64 385
64 3 385
3 32 565
32 3 565
3 39 142
39 3 142
3 6 674
6 3 674
3 69 680
69 3 680
4 19 734
19 4 734
4 27 457
27 4 457
4 50 639
50 4 639
4 35 384
35 4 384
4 31 692
31 4 692
4 12 348
12 4 348
4 69 712
69 4 712
4 25 795
25 4 795
4 19 696
19 4 696
4 54 644
54 4 644
4 55 348
55 4 348
4 17 231
17 4 231
4 6 966
6 4 966
4 48 721
48 4 721
4 41 883
41 4 883
5 10 581
10 5 581
5 37 328
37 5 328
5 38 588
38 5 588
5 8 750
8 5 750
5 63 281
63 5 281
5 58 188
58 5 188
5 7 999
7 5 999
6 7 4
7 6 4
6 54 250
54 6 250
6 52 666
52 6 666
6 10 367
10 6 367
6 35 137
35 6 137
6 11 325
11 6 325
6 35 379
35 6 379
6 13 406
13 6 406
6 67 787
67 6 787
6 74 417
74 6 417
6 29 499
29 6 499
6 45 919
45 6 919
6 39 606
39 6 606
7 13 850
13 7 850
7 14 259
14 7 259
7 32 562
32 7 562
7 35 6
35 7 6
7 40 756
40 7 756
7 26 209
26 7 209
7 27 720
27 7 720
7 15 669
15 7 669
7 42 232
42 7 232
7 66 855
66 7 855
7 28 14
28 7 14
7 20 855
20 7 855
7 23 603
23 7 603
7 8 974
8 7 974
7 52 997
52 7 997
7 74 782
74 7 782
7 64 598
64 7 598
7 22 960
22 7 960
8 16 323
16 8 323
8 70 326
70 8 326
8 50 769
50 8 769
8 33 876
33 8 876
8 74 879
74 8 879
8 22 259
22 8 259
8 58 720
58 8 720
8 49 315
49 8 315
8 42 362
42 8 362
8 41 621
41 8 621
8 34 188
34 8 188
8 25 543
25 8 543
8 16 820
16 8 820
8 63 644
63 8 644
8 31 170
31 8 170
8 47 165
47 8 165
8 70 75
70 8 75
9 74 728
74 9 728
9 75 166
75 9 166
9 14 911
14 9 911
9 11 822
11 9 822
9 24 276
24 9 276
9 76 918
76 9 918
9 46 623
46 9 623
9 38 694
38 9 694
10 44 69
44 10 69
10 63 961
63 10 961
10 17 388
17 10 388
10 60 301
60 10 301
10 39 376
39 10 376
10 47 258
47 10 258
10 50 560
50 10 560
10 17 287
17 10 287
10 21 428
21 10 428
10 55 552
55 10 552
10 38 162
38 10 162
11 15 937
15 11 937
11 31 227
31 11 227
11 53 849
53 11 849
11 60 803
60 11 803
11 48 327
48 11 327
11 47 578
47 11 578
11 59 15
59 11 15
11 40 877
40 11 877
11 31 739
31 11 739
11 76 276
76 11 276
12 21 881
21 12 881
12 47 131
47 12 131
12 44 869
44 12 869
12 51 37
51 12 37
12 53 333
53 12 333
12 22 277
22 12 277
13 65 58
65 13 58
13 29 830
29 13 830
13 47 889
47 13 889
13 39 106
39 13 106
13 39 7
39 13 7
13 68 130
68 13 130
13 23 561
23 13 561
13 19 767
19 13 767
13 62 236
62 13 236
13 28 673
28 13 673
13 23 780
23 13 780
13 18 983
18 13 983
14 41 789
41 14 789
14 25 33
25 14 33
14 29 301
29 14 301
14 44 163
44 14 163
14 31 554
31 14 554
14 72 789
72 14 789
14 55 866
55 14 866
14 68 451
68 14 451
14 47 770
47 14 770
14 17 922
17 14 922
14 48 862
48 14 862
14 22 128
22 14 128
15 25 574
25 15 574
15 58 184
58 15 184
15 18 539
18 15 539
15 49 801
49 15 801
15 16 924
16 15 924
15 43 590
43 15 590
16 23 73
23 16 73
16 72 936
72 16 936
16 30 623
30 16 623
16 16 558
16 16 558
16 44 617
44 16 617
16 68 887
68 16 887
17 30 582
30 17 582
17 40 186
40 17 186
17 24 18
24 17 18
17 54 51
54 17 51
17 28 556
28 17 556
17 47 937
47 17 937
17 49 758
49 17 758
17 71 791
71 17 791
17 61 104
61 17 104
17 56 849
56 17 849
18 20 709
20 18 709
18 42 189
42 18 189
18 38 641
38 18 641
18 50 628
50 18 628
18 52 388
52 18 388
18 37 603
37 18 603
18 67 338
67 18 338
18 66 690
66 18 690
18 34 834
34 18 834
18 68 262
68 18 262
18 26 431
26 18 431
18 45 44
45 18 44
19 29 558
29 19 558
19 24 49
24 19 49
19 26 4
26 19 4
19 22 708
22 19 708
19 49 58
49 19 58
19 25 564
25 19 564
19 45 348
45 19 348
19 48 370
48 19 370
19 27 80
27 19 80
19 67 789
67 19 789
19 61 505
61 19 505
19 32 938
32 19 938
20 39 500
39 20 500
20 33 849
33 20 849
20 73 624
73 20 624
20 36 202
36 20 202
20 32 835
32 20 835
20 36 828
36 20 828
20 34 51
34 20 51
20 25 859
25 20 859
20 70 101
70 20 101
20 51 103
51 20 103
20 35 147
35 20 147
21 24 7
24 21 7
21 28 599
28 21 599
21 69 838
69 21 838
21 35 781
35 21 781
21 52 909
52 21 909
21 56 943
56 21 943
21 23 909
23 21 909
21 76 711
76 21 711
21 36 378
36 21 378
21 50 975
50 21 975
21 31 143
31 21 143
21 68 271
68 21 271
21 48 193
48 21 193
22 46 18
46 22 18
22 73 282
73 22 282
22 61 29
61 22 29
22 24 3
24 22 3
22 50 664
50 22 664
22 72 171
72 22 171
22 35 176
35 22 176
22 76 836
76 22 836
22 22 642
22 22 642
22 74 112
74 22 112
23 28 149
28 23 149
23 51 194
51 23 194
23 37 830
37 23 830
23 64 836
64 23 836
23 71 308
71 23 308
24 62 706
62 24 706
24 72 604
72 24 604
24 76 894
76 24 894
24 53 411
53 24 411
24 55 542
55 24 542
24 47 417
47 24 417
24 45 624
45 24 624
24 74 718
74 24 718
24 34 467
34 24 467
24 32 319
32 24 319
25 26 517
26 25 517
25 63 682
63 25 682
25 27 438
27 25 438
25 69 860
69 25 860
25 66 34
66 25 34
25 62 320
62 25 320
25 32 949
32 25 949
25 38 728
38 25 728
25 28 122
28 25 122
25 39 575
39 25 575
25 45 16
45 25 16
25 64 339
64 25 339
26 30 357
30 26 357
26 30 863
30 26 863
26 36 749
36 26 749
26 48 169
48 26 169
26 39 507
39 26 507
26 30 862
30 26 862
26 73 926
73 26 926
26 53 500
53 26 500
26 62 830
62 26 830
26 26 419
26 26 419
26 36 653
36 26 653
26 64 204
64 26 204
26 75 1000
75 26 1000
26 38 600
38 26 600
26 60 411
60 26 411
26 50 23
50 26 23
26 56 787
56 26 787
27 36 544
36 27 544
27 42 323
42 27 323
27 51 191
51 27 191
27 75 429
75 27 429
27 40 93
40 27 93
27 40 389
40 27 389
27 30 208
30 27 208
27 38 698
38 27 698
27 30 795
30 27 795
27 72 1
72 27 1
27 61 800
61 27 800
28 74 549
74 28 549
28 33 144
33 28 144
28 34 387
34 28 387
28 45 583
45 28 583
28 70 536
70 28 536
28 53 830
53 28 830
29 33 696
33 29 696
29 34 547
34 29 547
29 31 9
31 29 9
29 37 76
37 29 76
29 51 290
51 29 290
29 65 292
65 29 292
29 34 335
34 29 335
29 31 271
31 29 271
29 65 900
65 29 900
30 73 515
73 30 515
30 36 894
36 30 894
30 39 127
39 30 127
30 58 387
58 30 387
30 63 710
63 30 710
30 37 876
37 30 876
30 62 739
62 30 739
30 35 453
35 30 453
31 56 347
56 31 347
31 53 21
53 31 21
31 69 624
69 31 624
31 67 656
67 31 656
31 58 819
58 31 819
32 57 20
57 32 20
32 69 344
69 32 344
32 36 863
36 32 863
32 59 241
59 32 241
32 63 131
63 32 131
32 34 584
34 32 584
32 70 12
70 32 12
33 45 207
45 33 207
33 62 2
62 33 2
33 59 630
59 33 630
33 67 730
67 33 730
33 66 873
66 33 873
33 73 292
73 33 292
34 45 283
45 34 283
34 55 641
55 34 641
34 67 142
67 34 142
34 52 251
52 34 251
34 60 965
60 34 965
34 43 796
43 34 796
34 35 42
35 34 42
34 54 812
54 34 812
34 37 842
37 34 842
34 42 776
42 34 776
34 73 881
73 34 881
35 75 629
75 35 629
35 46 18
46 35 18
35 40 66
40 35 66
35 57 848
57 35 848
35 66 439
66 35 439
36 65 249
65 36 249
36 65 698
65 36 698
37 61 25
61 37 25
37 75 272
75 37 272
37 37 486
37 37 486
37 73 352
73 37 352
37 61 694
61 37 694
37 45 595
45 37 595
37 38 304
38 37 304
37 38 192
38 37 192
38 44 962
44 38 962
38 57 499
57 38 499
38 65 385
65 38 385
38 41 608
41 38 608
38 71 412
71 38 412
38 57 907
57 38 907
39 60 265
60 39 265
39 52 456
52 39 456
39 55 908
55 39 908
39 53 758
53 39 758
39 63 903
63 39 903
39 51 696
51 39 696
39 45 440
45 39 440
39 68 369
68 39 369
39 40 185
40 39 185
39 47 705
47 39 705
40 43 743
43 40 743
40 50 376
50 40 376
40 74 283
74 40 283
40 57 809
57 40 809
40 63 492
63 40 492
40 47 949
47 40 949
40 67 641
67 40 641
40 57 618
57 40 618
40 51 256
51 40 256
41 58 291
58 41 291
41 59 125
59 41 125
41 43 253
43 41 253
42 63 576
63 42 576
42 70 858
70 42 858
42 50 603
50 42 603
43 48 97
48 43 97
43 70 349
70 43 349
43 65 495
65 43 495
43 63 778
63 43 778
43 53 3
53 43 3
43 54 98
54 43 98
44 70 608
70 44 608
44 69 831
69 44 831
45 51 929
51 45 929
45 68 472
68 45 472
45 46 424
46 45 424
45 58 89
58 45 89
46 56 47
56 46 47
46 73 307
73 46 307
47 70 461
70 47 461
48 68 328
68 48 328
48 48 50
48 48 50
48 68 537
68 48 537
48 64 733
64 48 733
48 54 825
54 48 825
49 67 811
67 49 811
49 51 884
51 49 884
49 60 181
60 49 181
49 52 419
52 49 419
50 76 337
76 50 337
50 59 420
59 50 420
50 76 600
76 50 600
50 71 485
71 50 485
51 59 395
59 51 395
51 52 341
52 51 341
51 73 451
73 51 451
51 72 34
72 51 34
51 53 961
53 51 961
51 64 998
64 51 998
51 64 859
64 51 859
52 68 697
68 52 697
52 62 699
62 52 699
52 73 426
73 52 426
52 70 555
70 52 555
52 67 97
67 52 97
53 53 385
53 53 385
53 54 742
54 53 742
53 56 488
56 53 488
53 57 142
57 53 142
54 66 905
66 54 905
54 66 581
66 54 581
55 61 277
61 55 277
55 60 639
60 55 639
55 74 980
74 55 980
55 76 712
76 55 712
55 73 866
73 55 866
56 66 881
66 56 881
56 69 669
69 56 669
57 67 964
67 57 964
57 72 796
72 57 796
57 61 310
61 57 310
57 58 846
58 57 846
57 66 948
66 57 948
57 59 995
59 57 995
58 64 999
64 58 999
58 67 365
67 58 365
58 62 244
62 58 244
58 75 663
75 58 663
58 59 389
59 58 389
59 76 724
76 59 724
59 76 307
76 59 307
59 66 561
66 59 561
60 76 560
76 60 560
60 60 297
60 60 297
60 61 752
61 60 752
60 76 405
76 60 405
60 68 417
68 60 417
61 64 51
64 61 51
61 63 114
63 61 114
62 70 38
70 62 38
62 63 132
63 62 132
62 69 465
69 62 465
63 63 501
63 63 501
64 72 367
72 64 367
69 71 763
71 69 763
69 71 26
71 69 26
71 75 561
75 71 561
73 74 179
74 73 179
74 75 243
75 74 243
