92

0 1 626
1 0 626
0 2 799
2 0 799
0 6 813
6 0 813
0 10 348
10 0 348
0 12 264
12 0 264
0 58 456
58 0 456
0 72 668
72 0 668
0 55 223
55 0 223
1 5 272
5 1 272
1 8 376
8 1 376
1 24 321
24 1 321
1 7 274
7 1 274
1 48 590
48 1 590
1 50 509
50 1 509
2 3 589
3 2 589
2 4 513
4 2 513
2 33 345
33 2 345
2 39 809
39 2 809
2 37 891
37 2 891
3 7 790
7 3 790
3 52 266
52 3 266
3 19 484
19 3 484
4 27 865
27 4 865
4 35 556
35 4 556
4 24 121
24 4 121
5 9 727
9 5 727
6 11 263
11 6 263
6 18 120
18 6 120
6 31 329
31 6 329
7 16 810
16 7 810
8 13 364
13 8 364
8 15 405
15 8 405
8 17 786
17 8 786
8 77 695
77 8 695
9 39 527
39 9 527
9 85 677
85 9 677
10 19 294
19 10 294
10 20 414
20 10 414
10 21 758
21 10 758
10 22 791
22 10 791
11 14 913
14 11 913
11 59 689
59 11 689
11 65 535
65 11 535
11 13 936
13 11 936
12 53 929
53 12 929
12 73 694
73 12 694
12 74 807
74 12 807
12 69 773
69 12 773
13 62 847
62 13 847
15 65 645
65 15 645
15 77 106
77 15 106
16 79 764
79 16 764
16 38 298
38 16 298
17 29 880
29 17 880
18 23 867
23 18 867
19 44 641
44 19 641
19 45 735
45 19 735
19 54 945
54 19 945
19 87 629
87 19 629
19 82 212
82 19 212
19 81 46
81 19 46
20 25 54
25 20 54
20 32 94
32 20 94
20 43 479
43 20 479
20 61 713
61 20 713
21 30 668
30 21 668
21 42 167
42 21 167
21 69 358
69 21 358
21 89 169
89 21 169
21 69 11
69 21 11
22 26 687
26 22 687
22 50 52
50 22 52
23 37 197
37 23 197
24 47 618
47 24 618
24 68 353
68 24 353
24 60 756
60 24 756
24 50 470
50 24 470
25 28 284
28 25 284
25 63 710
63 25 710
25 90 568
90 25 568
25 55 678
55 25 678
26 34 554
34 26 554
26 46 50
46 26 50
26 29 461
29 26 461
27 77 248
77 27 248
28 90 882
90 28 882
28 37 168
37 28 168
29 51 942
51 29 942
29 33 481
33 29 481
30 87 982
87 30 982
31 36 643
36 31 643
32 49 338
49 32 338
32 67 1000
67 32 1000
32 35 229
35 32 229
34 38 888
38 34 888
34 40 196
40 34 196
35 66 532
66 35 532
36 82 670
82 36 670
37 51 634
51 37 634
38 41 344
41 38 344
38 48 656
48 38 656
38 48 696
48 38 696
39 50 172
50 39 172
41 74 461
74 41 461
42 71 100
71 42 100
42 90 789
90 42 789
42 62 914
62 42 914
43 76 127
76 43 127
44 56 52
56 44 52
45 72 871
72 45 871
47 70 39
70 47 39
47 81 60
81 47 60
47 52 30
52 47 30
47 59 963
59 47 963
48 55 235
55 48 235
51 78 580
78 51 580
52 57 648
57 52 648
52 88 168
88 52 168
53 80 770
80 53 770
54 60 591
60 54 591
54 76 195
76 54 195
54 90 988
90 54 988
55 78 646
78 55 646
55 78 545
78 55 545
56 84 603
84 56 603
61 75 708
75 61 708
62 64 922
64 62 922
62 82 487
82 62 487
62 84 17
84 62 17
63 89 156
89 63 156
64 90 21
90 64 21
66 68 183
68 66 183
66 67 38
67 66 38
66 87 82
87 66 82
69 86 465
86 69 465
71 83 162
83 71 162
72 89 930
89 72 930
72 77 641
77 72 641
77 86 525
86 77 525
81 90 787
90 81 787
82 91 821
91 82 821
84 90 430
90 84 430
84 87 340
87 84 340
