57

0 1 602
1 0 602
0 4 881
4 0 881
0 13 320
13 0 320
0 16 389
16 0 389
0 18 367
18 0 367
0 34 950
34 0 950
1 2 381
2 1 381
1 9 481
9 1 481
1 28 730
28 1 730
1 31 923
31 1 923
1 1 77
1 1 77
1 37 36
37 1 36
1 34 927
34 1 927
1 20 749
20 1 749
1 47 453
47 1 453
2 3 458
3 2 458
2 32 291
32 2 291
2 43 976
43 2 976
2 15 578
15 2 578
3 7 470
7 3 470
3 8 683
8 3 683
3 21 953
21 3 953
3 28 370
28 3 370
3 33 254
33 3 254
3 16 248
16 3 248
4 5 897
5 4 897
4 42 75
42 4 75
4 55 564
55 4 564
4 47 77
47 4 77
4 18 18
18 4 18
4 31 492
31 4 492
4 7 43
7 4 43
4 23 989
23 4 989
4 49 285
49 4 285
5 6 210
6 5 210
5 53 522
53 5 522
5 19 707
19 5 707
5 51 818
51 5 818
5 49 182
49 5 182
6 17 912
17 6 912
6 27 727
27 6 727
6 41 572
41 6 572
7 10 225
10 7 225
7 11 561
11 7 561
7 20 661
20 7 661
7 25 719
25 7 719
7 55 175
55 7 175
7 33 531
33 7 531
7 24 909
24 7 909
7 17 386
17 7 386
8 14 144
14 8 144
8 15 24
15 8 24
8 23 965
23 8 965
8 24 340
24 8 340
8 38 188
38 8 188
8 46 433
46 8 433
9 12 855
12 9 855
9 33 637
33 9 637
9 19 125
19 9 125
10 35 986
35 10 986
10 46 78
46 10 78
10 54 840
54 10 840
10 21 983
21 10 983
10 12 137
12 10 137
11 34 287
34 11 287
11 36 788
36 11 788
11 37 988
37 11 988
11 45 602
45 11 602
11 21 56
21 11 56
11 19 246
19 11 246
13 14 650
14 13 650
13 31 319
31 13 319
14 30 227
30 14 227
14 35 304
35 14 304
15 22 730
22 15 730
15 32 168
32 15 168
15 26 834
26 15 834
15 28 775
28 15 775
16 49 365
49 16 365
17 19 573
19 17 573
17 39 964
39 17 964
17 40 515
40 17 515
17 30 339
30 17 339
17 29 822
29 17 822
18 48 39
48 18 39
18 52 335
52 18 335
19 29 997
29 19 997
19 54 767
54 19 767
20 26 155
26 20 155
20 40 55
40 20 55
20 50 271
50 20 271
20 21 368
21 20 368
20 30 87
30 20 87
21 44 182
44 21 182
21 32 376
32 21 376
23 49 240
49 23 240
25 47 741
47 25 741
25 35 911
35 25 911
26 51 824
51 26 824
26 53 983
53 26 983
28 55 168
55 28 168
29 33 101
33 29 101
29 54 28
54 29 28
29 41 225
41 29 225
30 34 463
34 30 463
30 35 694
35 30 694
30 53 388
53 30 388
32 43 366
43 32 366
32 44 52
44 32 52
33 43 907
43 33 907
34 38 227
38 34 227
34 40 634
40 34 634
35 51 838
51 35 838
37 49 667
49 37 667
37 45 819
45 37 819
38 56 773
56 38 773
38 39 130
39 38 130
40 50 142
50 40 142
41 47 693
47 41 693
42 45 60
45 42 60
44 53 420
53 44 420
46 54 976
54 46 976
47 56 232
56 47 232
47 55 650
55 47 650
52 53 732
53 52 732
