76

0 1 316
1 0 316
0 2 822
2 0 822
0 4 646
4 0 646
0 11 572
11 0 572
0 27 741
27 0 741
0 44 283
44 0 283
0 61 869
61 0 869
0 72 343
72 0 343
0 38 462
38 0 462
0 61 799
61 0 799
0 40 564
40 0 564
0 30 261
30 0 261
0 49 594
49 0 594
0 67 312
67 0 312
0 59 520
59 0 520
0 14 172
14 0 172
0 38 811
38 0 811
1 3 89
3 1 89
1 44 695
44 1 695
1 63 655
63 1 655
1 67 879
67 1 879
1 72 6
72 1 6
1 64 895
64 1 895
1 4 641
4 1 641
1 22 926
22 1 926
1 32 86
32 1 86
1 49 573
49 1 573
1 6 425
6 1 425
1 71 501
71 1 501
1 12 222
12 1 222
1 46 397
46 1 397
1 41 349
41 1 349
1 12 347
12 1 347
1 58 79
58 1 79
2 5 377
5 2 377
2 55 673
55 2 673
2 11 972
11 2 972
2 33 533
33 2 533
2 53 29
53 2 29
2 43 744
43 2 744
2 25 172
25 2 172
2 41 738
41 2 738
2 50 669
50 2 669
2 26 873
26 2 873
2 46 883
46 2 883
2 55 831
55 2 831
2 38 186
38 2 186
2 4 672
4 2 672
2 16 657
16 2 657
3 8 811
8 3 811
3 9 381
9 3 381
3 22 700
22 3 700
3 49 728
49 3 728
3 50 97
50 3 97
3 35 52
35 3 52
3 65 976
65 3 976
3 60 394
60 3 394
3 51 870
51 3 870
3 27 685
27 3 685
3 10 146
10 3 146
3 17 934
17 3 934
3 18 998
18 3 998
3 42 550
42 3 550
3 63 807
63 3 807
3 40 305
40 3 305
3 58 602
58 3 602
3 67 977
67 3 977
3 18 467
18 3 467
3 49 479
49 3 479
4 6 158
6 4 158
4 17 218
17 4 218
4 21 879
21 4 879
4 69 627
69 4 627
4 45 80
45 4 80
4 16 189
16 4 189
4 39 286
39 4 286
4 32 964
32 4 964
4 57 199
57 4 199
4 30 97
30 4 97
4 47 59
47 4 59
4 58 738
58 4 738
4 16 451
16 4 451
4 30 240
30 4 240
4 68 317
68 4 317
4 61 880
61 4 880
4 10 441
10 4 441
4 34 853
34 4 853
4 37 397
37 4 397
4 10 504
10 4 504
4 48 963
48 4 963
4 43 579
43 4 579
4 18 500
18 4 500
4 65 451
65 4 451
5 16 124
16 5 124
5 30 470
30 5 470
5 50 125
50 5 125
5 26 91
26 5 91
5 70 410
70 5 410
5 46 63
46 5 63
5 43 351
43 5 351
5 38 283
38 5 283
5 31 372
31 5 372
5 14 782
14 5 782
5 13 945
13 5 945
5 24 491
24 5 491
5 65 272
65 5 272
5 35 718
35 5 718
5 69 465
69 5 465
5 22 290
22 5 290
5 33 992
33 5 992
5 56 350
56 5 350
5 45 724
45 5 724
5 47 965
47 5 965
6 7 529
7 6 529
6 14 709
14 6 709
6 19 269
19 6 269
6 55 164
55 6 164
6 8 9
8 6 9
6 13 496
13 6 496
6 72 806
72 6 806
6 9 821
9 6 821
6 59 858
59 6 858
6 30 235
30 6 235
6 7 9
7 6 9
6 30 786
30 6 786
6 26 906
26 6 906
6 23 486
23 6 486
6 19 60
19 6 60
6 50 568
50 6 568
6 57 765
57 6 765
6 33 691
33 6 691
6 50 699
50 6 699
7 13 239
13 7 239
7 61 318
61 7 318
7 34 269
34 7 269
7 39 571
39 7 571
7 64 612
64 7 612
7 16 881
16 7 881
7 13 720
13 7 720
7 74 525
74 7 525
7 50 177
50 7 177
7 19 113
19 7 113
7 27 997
27 7 997
7 40 790
40 7 790
7 29 531
29 7 531
8 10 959
10 8 959
8 15 578
15 8 578
8 29 399
29 8 399
8 58 723
58 8 723
8 72 849
72 8 849
8 60 864
60 8 864
8 71 672
71 8 672
8 34 112
34 8 112
8 18 730
18 8 730
8 33 715
33 8 715
8 53 747
53 8 747
8 65 117
65 8 117
8 23 452
23 8 452
8 75 176
75 8 176
9 43 789
43 9 789
9 54 735
54 9 735
9 56 41
56 9 41
9 59 809
59 9 809
9 55 830
55 9 830
9 47 6
47 9 6
9 12 519
12 9 519
9 45 67
45 9 67
9 68 352
68 9 352
9 54 79
54 9 79
9 63 724
63 9 724
9 26 622
26 9 622
9 15 552
15 9 552
9 39 231
39 9 231
9 68 543
68 9 543
9 51 559
51 9 559
10 12 77
12 10 77
10 31 187
31 10 187
10 75 353
75 10 353
10 56 485
56 10 485
10 73 563
73 10 563
10 65 1
65 10 1
10 50 380
50 10 380
10 56 270
56 10 270
10 70 592
70 10 592
10 12 46
12 10 46
10 53 627
53 10 627
10 53 424
53 10 424
10 42 413
42 10 413
11 36 51
36 11 51
11 48 86
48 11 86
11 15 274
15 11 274
11 57 316
57 11 316
11 72 431
72 11 431
11 35 110
35 11 110
11 53 534
53 11 534
11 60 33
60 11 33
11 47 341
47 11 341
11 15 881
15 11 881
11 17 74
17 11 74
12 20 278
20 12 278
12 33 653
33 12 653
12 39 825
39 12 825
12 14 134
14 12 134
12 15 148
15 12 148
12 67 229
67 12 229
12 27 992
27 12 992
12 21 467
21 12 467
12 41 61
41 12 61
12 31 446
31 12 446
12 34 845
34 12 845
12 30 855
30 12 855
12 40 841
40 12 841
12 17 700
17 12 700
12 50 574
50 12 574
12 31 647
31 12 647
12 46 11
46 12 11
13 26 122
26 13 122
13 51 553
51 13 553
13 59 803
59 13 803
13 60 393
60 13 393
13 75 783
75 13 783
13 65 198
65 13 198
13 16 201
16 13 201
13 69 292
69 13 292
13 72 152
72 13 152
13 47 781
47 13 781
13 64 142
64 13 142
13 15 607
15 13 607
13 20 660
20 13 660
13 50 663
50 13 663
13 51 789
51 13 789
13 52 919
52 13 919
13 55 851
55 13 851
13 21 616
21 13 616
13 39 355
39 13 355
14 24 649
24 14 649
14 37 698
37 14 698
14 66 909
66 14 909
14 67 504
67 14 504
14 29 151
29 14 151
14 45 529
45 14 529
14 72 638
72 14 638
14 47 736
47 14 736
14 33 951
33 14 951
14 19 693
19 14 693
14 70 243
70 14 243
14 65 163
65 14 163
14 53 585
53 14 585
14 57 574
57 14 574
15 23 702
23 15 702
15 26 817
26 15 817
15 17 664
17 15 664
15 51 575
51 15 575
15 42 863
42 15 863
15 66 562
66 15 562
15 16 66
16 15 66
15 66 729
66 15 729
15 18 155
18 15 155
15 70 940
70 15 940
16 18 280
18 16 280
16 57 119
57 16 119
16 67 1000
67 16 1000
16 71 440
71 16 440
16 58 296
58 16 296
16 60 45
60 16 45
16 36 384
36 16 384
16 23 602
23 16 602
16 75 925
75 16 925
16 30 35
30 16 35
16 41 244
41 16 244
16 48 149
48 16 149
16 57 646
57 16 646
16 42 683
42 16 683
16 64 899
64 16 899
16 28 847
28 16 847
17 64 583
64 17 583
17 62 567
62 17 567
17 33 194
33 17 194
17 51 565
51 17 565
17 51 615
51 17 615
17 50 214
50 17 214
17 63 163
63 17 163
17 61 127
61 17 127
17 45 144
45 17 144
18 68 596
68 18 596
18 45 703
45 18 703
18 38 769
38 18 769
18 38 662
38 18 662
18 63 293
63 18 293
18 44 672
44 18 672
18 66 156
66 18 156
18 61 46
61 18 46
18 62 940
62 18 940
18 34 857
34 18 857
18 56 721
56 18 721
18 66 335
66 18 335
18 18 823
18 18 823
19 45 859
45 19 859
19 54 337
54 19 337
19 64 966
64 19 966
19 65 195
65 19 195
19 41 129
41 19 129
19 23 688
23 19 688
19 53 7
53 19 7
19 75 160
75 19 160
19 41 134
41 19 134
19 53 99
53 19 99
19 56 301
56 19 301
19 60 469
60 19 469
20 27 527
27 20 527
20 34 580
34 20 580
20 32 231
32 20 231
20 25 969
25 20 969
20 52 609
52 20 609
20 66 65
66 20 65
20 53 805
53 20 805
20 54 131
54 20 131
20 29 61
29 20 61
20 75 235
75 20 235
21 25 631
25 21 631
21 30 997
30 21 997
21 21 197
21 21 197
21 73 373
73 21 373
21 37 168
37 21 168
21 43 952
43 21 952
21 56 87
56 21 87
21 33 848
33 21 848
21 44 322
44 21 322
21 38 837
38 21 837
21 59 387
59 21 387
21 22 147
22 21 147
21 30 252
30 21 252
21 75 138
75 21 138
21 40 818
40 21 818
21 75 584
75 21 584
21 66 923
66 21 923
21 28 684
28 21 684
22 34 16
34 22 16
22 35 936
35 22 936
22 42 746
42 22 746
22 25 920
25 22 920
22 70 76
70 22 76
22 65 721
65 22 721
22 59 529
59 22 529
22 74 148
74 22 148
22 34 759
34 22 759
22 36 323
36 22 323
22 60 681
60 22 681
22 69 830
69 22 830
23 46 169
46 23 169
23 47 624
47 23 624
23 74 523
74 23 523
23 51 976
51 23 976
23 41 322
41 23 322
23 38 180
38 23 180
23 70 743
70 23 743
23 48 304
48 23 304
23 71 337
71 23 337
23 31 199
31 23 199
23 53 134
53 23 134
23 32 490
32 23 490
23 54 426
54 23 426
23 30 876
30 23 876
24 28 481
28 24 481
24 40 754
40 24 754
24 62 465
62 24 465
24 27 612
27 24 612
24 42 288
42 24 288
24 29 548
29 24 548
24 45 872
45 24 872
24 57 979
57 24 979
24 71 787
71 24 787
24 58 884
58 24 884
25 65 592
65 25 592
25 68 665
68 25 665
25 44 328
44 25 328
25 50 709
50 25 709
25 63 710
63 25 710
25 69 401
69 25 401
25 48 516
48 25 516
25 42 231
42 25 231
25 40 706
40 25 706
25 55 859
55 25 859
26 39 224
39 26 224
26 39 750
39 26 750
26 32 369
32 26 369
26 65 891
65 26 891
26 65 338
65 26 338
26 55 756
55 26 756
26 74 702
74 26 702
26 74 402
74 26 402
26 35 686
35 26 686
26 60 520
60 26 520
27 28 498
28 27 498
27 41 856
41 27 856
27 51 20
51 27 20
27 59 196
59 27 196
27 72 437
72 27 437
27 50 775
50 27 775
27 62 848
62 27 848
27 73 258
73 27 258
27 58 685
58 27 685
27 27 983
27 27 983
28 32 100
32 28 100
28 38 967
38 28 967
28 75 676
75 28 676
28 47 114
47 28 114
28 39 640
39 28 640
28 63 528
63 28 528
29 53 713
53 29 713
29 63 493
63 29 493
29 47 26
47 29 26
29 45 260
45 29 260
29 45 533
45 29 533
29 36 82
36 29 82
30 68 283
68 30 283
30 58 452
58 30 452
30 49 349
49 30 349
30 54 685
54 30 685
30 41 893
41 30 893
30 63 700
63 30 700
31 41 490
41 31 490
31 43 932
43 31 932
31 37 259
37 31 259
31 65 561
65 31 561
31 48 247
48 31 247
31 75 425
75 31 425
31 35 649
35 31 649
31 73 502
73 31 502
31 49 653
49 31 653
31 35 792
35 31 792
31 59 548
59 31 548
32 43 397
43 32 397
32 61 583
61 32 583
32 58 786
58 32 786
32 67 339
67 32 339
32 59 714
59 32 714
32 34 751
34 32 751
32 32 752
32 32 752
32 53 800
53 32 800
32 75 90
75 32 90
32 39 334
39 32 334
33 45 323
45 33 323
33 62 163
62 33 163
33 73 931
73 33 931
33 39 447
39 33 447
33 37 41
37 33 41
33 54 925
54 33 925
33 59 347
59 33 347
33 52 424
52 33 424
34 41 104
41 34 104
34 45 54
45 34 54
34 66 188
66 34 188
34 54 400
54 34 400
34 45 702
45 34 702
34 57 713
57 34 713
34 36 644
36 34 644
34 40 843
40 34 843
35 45 957
45 35 957
35 40 216
40 35 216
35 57 158
57 35 158
35 45 597
45 35 597
35 63 588
63 35 588
35 54 974
54 35 974
35 52 246
52 35 246
35 68 527
68 35 527
35 38 638
38 35 638
35 71 667
71 35 667
35 67 421
67 35 421
35 72 953
72 35 953
36 50 838
50 36 838
36 55 479
55 36 479
36 52 578
52 36 578
36 42 931
42 36 931
36 53 489
53 36 489
37 45 380
45 37 380
37 71 738
71 37 738
37 39 60
39 37 60
37 41 519
41 37 519
37 39 935
39 37 935
37 48 979
48 37 979
37 66 59
66 37 59
37 45 999
45 37 999
37 55 342
55 37 342
37 62 952
62 37 952
37 49 683
49 37 683
37 51 268
51 37 268
37 51 641
51 37 641
37 46 493
46 37 493
37 50 624
50 37 624
38 46 428
46 38 428
38 69 691
69 38 691
38 44 218
44 38 218
38 42 992
42 38 992
38 40 906
40 38 906
38 48 486
48 38 486
38 60 742
60 38 742
38 63 496
63 38 496
38 48 641
48 38 641
38 62 777
62 38 777
38 40 723
40 38 723
39 47 978
47 39 978
39 45 973
45 39 973
39 65 636
65 39 636
39 57 392
57 39 392
39 42 709
42 39 709
39 42 260
42 39 260
40 52 676
52 40 676
40 71 589
71 40 589
40 49 91
49 40 91
40 49 685
49 40 685
40 54 541
54 40 541
40 54 837
54 40 837
40 48 796
48 40 796
40 72 442
72 40 442
40 66 752
66 40 752
41 54 11
54 41 11
41 66 968
66 41 968
41 68 706
68 41 706
41 64 540
64 41 540
41 68 55
68 41 55
41 75 90
75 41 90
41 46 986
46 41 986
42 60 470
60 42 470
42 63 957
63 42 957
42 71 50
71 42 50
42 67 771
67 42 771
42 70 947
70 42 947
42 60 99
60 42 99
42 62 38
62 42 38
42 75 648
75 42 648
43 44 307
44 43 307
43 63 349
63 43 349
43 58 929
58 43 929
43 47 841
47 43 841
43 74 417
74 43 417
43 49 678
49 43 678
43 74 827
74 43 827
43 52 637
52 43 637
43 70 592
70 43 592
43 45 984
45 43 984
43 63 974
63 43 974
43 60 418
60 43 418
44 68 924
68 44 924
44 51 998
51 44 998
44 61 744
61 44 744
44 54 922
54 44 922
44 58 992
58 44 992
44 61 82
61 44 82
44 72 731
72 44 731
44 71 180
71 44 180
45 49 902
49 45 902
45 58 847
58 45 847
45 56 482
56 45 482
45 58 593
58 45 593
45 63 811
63 45 811
45 51 970
51 45 970
45 72 18
72 45 18
45 57 524
57 45 524
45 65 987
65 45 987
46 74 867
74 46 867
46 63 335
63 46 335
46 72 109
72 46 109
46 49 588
49 46 588
46 57 344
57 46 344
46 57 406
57 46 406
46 74 765
74 46 765
47 51 528
51 47 528
47 65 481
65 47 481
47 49 748
49 47 748
47 47 280
47 47 280
47 57 855
57 47 855
47 53 772
53 47 772
48 70 35
70 48 35
48 61 82
61 48 82
48 72 562
72 48 562
48 62 202
62 48 202
48 70 717
70 48 717
48 70 578
70 48 578
48 56 232
56 48 232
48 64 307
64 48 307
48 52 647
52 48 647
49 62 711
62 49 711
49 55 175
55 49 175
49 50 553
50 49 553
49 68 643
68 49 643
49 72 894
72 49 894
49 62 346
62 49 346
50 69 438
69 50 438
50 64 444
64 50 444
50 72 948
72 50 948
50 63 781
63 50 781
51 73 537
73 51 537
51 52 750
52 51 750
51 63 15
63 51 15
51 59 949
59 51 949
51 58 868
58 51 868
51 59 482
59 51 482
51 73 558
73 51 558
51 72 138
72 51 138
52 54 252
54 52 252
52 56 607
56 52 607
52 57 638
57 52 638
52 69 40
69 52 40
52 72 832
72 52 832
53 59 46
59 53 46
53 73 413
73 53 413
53 68 702
68 53 702
54 67 781
67 54 781
54 68 961
68 54 961
54 56 152
56 54 152
54 54 752
54 54 752
54 56 303
56 54 303
54 65 797
65 54 797
55 62 402
62 55 402
55 60 565
60 55 565
55 61 779
61 55 779
56 72 831
72 56 831
56 73 350
73 56 350
56 66 486
66 56 486
56 75 181
75 56 181
56 69 795
69 56 795
56 68 861
68 56 861
58 66 95
66 58 95
58 69 548
69 58 548
59 71 100
71 59 100
59 60 171
60 59 171
60 70 259
70 60 259
60 68 297
68 60 297
60 74 3
74 60 3
60 61 202
61 60 202
60 73 61
73 60 61
61 67 290
67 61 290
61 73 486
73 61 486
61 68 104
68 61 104
62 74 591
74 62 591
62 70 65
70 62 65
63 64 609
64 63 609
63 72 146
72 63 146
64 65 325
65 64 325
64 69 671
69 64 671
65 67 863
67 65 863
66 69 661
69 66 661
66 69 604
69 66 604
66 68 261
68 66 261
67 71 48
71 67 48
67 74 554
74 67 554
68 71 357
71 68 357
68 69 236
69 68 236
69 74 152
74 69 152
70 72 329
72 70 329
