99

0 1 159
1 0 159
0 14 635
14 0 635
0 20 384
20 0 384
0 68 53
68 0 53
0 74 730
74 0 730
0 44 44
44 0 44
0 96 429
96 0 429
0 49 250
49 0 250
0 31 331
31 0 331
0 74 537
74 0 537
0 71 444
71 0 444
0 34 698
34 0 698
0 6 691
6 0 691
0 67 318
67 0 318
0 29 28
29 0 28
0 97 712
97 0 712
0 19 448
19 0 448
0 49 640
49 0 640
0 49 57
49 0 57
1 2 451
2 1 451
1 3 615
3 1 615
1 46 280
46 1 280
1 55 940
55 1 940
1 85 565
85 1 565
1 55 670
55 1 670
1 40 255
40 1 255
1 49 85
49 1 85
1 69 695
69 1 695
1 51 759
51 1 759
1 57 497
57 1 497
1 44 417
44 1 417
1 80 658
80 1 658
1 90 998
90 1 998
1 59 784
59 1 784
1 93 393
93 1 393
2 4 117
4 2 117
2 5 724
5 2 724
2 7 523
7 2 523
2 12 655
12 2 655
2 22 149
22 2 149
2 94 39
94 2 39
2 78 865
78 2 865
2 66 392
66 2 392
2 3 987
3 2 987
2 46 158
46 2 158
2 91 459
91 2 459
2 50 244
50 2 244
2 94 838
94 2 838
2 70 112
70 2 112
2 60 880
60 2 880
2 50 222
50 2 222
2 89 374
89 2 374
2 46 844
46 2 844
2 26 497
26 2 497
2 45 798
45 2 798
3 8 68
8 3 68
3 9 385
9 3 385
3 25 296
25 3 296
3 32 533
32 3 533
3 38 32
38 3 32
3 41 459
41 3 459
3 59 696
59 3 696
3 66 534
66 3 534
3 96 32
96 3 32
3 73 877
73 3 877
3 48 182
48 3 182
3 90 37
90 3 37
3 13 656
13 3 656
3 35 513
35 3 513
3 81 568
81 3 568
3 79 895
79 3 895
3 94 358
94 3 358
3 76 146
76 3 146
3 54 803
54 3 803
3 34 676
34 3 676
3 43 23
43 3 23
3 70 833
70 3 833
4 24 819
24 4 819
4 34 505
34 4 505
4 82 301
82 4 301
4 68 13
68 4 13
4 65 941
65 4 941
4 25 181
25 4 181
4 27 103
27 4 103
4 86 427
86 4 427
4 45 353
45 4 353
4 26 166
26 4 166
4 44 898
44 4 898
4 53 47
53 4 47
4 10 583
10 4 583
4 74 408
74 4 408
5 6 701
6 5 701
5 52 885
52 5 885
5 24 508
24 5 508
5 94 632
94 5 632
5 17 221
17 5 221
5 92 489
92 5 489
5 73 972
73 5 972
5 6 208
6 5 208
5 74 668
74 5 668
5 68 278
68 5 278
6 13 434
13 6 434
6 16 316
16 6 316
6 17 262
17 6 262
6 39 24
39 6 24
6 18 928
18 6 928
6 48 653
48 6 653
6 34 343
34 6 343
6 35 198
35 6 198
6 84 832
84 6 832
6 19 880
19 6 880
6 87 527
87 6 527
6 18 187
18 6 187
6 40 19
40 6 19
7 10 759
10 7 759
7 11 131
11 7 131
7 19 912
19 7 912
7 53 230
53 7 230
7 19 164
19 7 164
7 44 761
44 7 761
7 61 405
61 7 405
7 95 222
95 7 222
7 12 513
12 7 513
7 14 563
14 7 563
7 63 427
63 7 427
7 95 898
95 7 898
7 21 177
21 7 177
7 69 93
69 7 93
7 21 557
21 7 557
7 15 193
15 7 193
8 52 184
52 8 184
8 74 212
74 8 212
8 66 703
66 8 703
8 44 835
44 8 835
8 80 913
80 8 913
8 21 443
21 8 443
8 24 35
24 8 35
8 88 672
88 8 672
8 29 57
29 8 57
8 29 845
29 8 845
8 42 318
42 8 318
8 49 559
49 8 559
8 48 350
48 8 350
8 56 922
56 8 922
9 40 180
40 9 180
9 42 949
42 9 949
9 45 138
45 9 138
9 66 753
66 9 753
9 80 706
80 9 706
9 26 998
26 9 998
9 92 664
92 9 664
9 88 907
88 9 907
9 52 807
52 9 807
10 29 533
29 10 533
10 32 504
32 10 504
10 73 787
73 10 787
10 44 997
44 10 997
10 80 836
80 10 836
10 88 742
88 10 742
10 20 316
20 10 316
10 28 370
28 10 370
10 61 396
61 10 396
10 30 473
30 10 473
10 55 953
55 10 953
10 80 380
80 10 380
11 31 990
31 11 990
11 48 217
48 11 217
11 62 531
62 11 531
11 29 948
29 11 948
11 98 610
98 11 610
11 51 815
51 11 815
11 55 119
55 11 119
11 36 881
36 11 881
12 15 252
15 12 252
12 54 551
54 12 551
12 87 27
87 12 27
12 96 284
96 12 284
12 35 826
35 12 826
12 27 627
27 12 627
12 56 602
56 12 602
12 53 629
53 12 629
12 46 309
46 12 309
12 53 406
53 12 406
12 73 865
73 12 865
13 23 583
23 13 583
13 28 538
28 13 538
13 71 627
71 13 627
13 50 615
50 13 615
13 22 486
22 13 486
13 95 31
95 13 31
13 74 83
74 13 83
13 60 85
60 13 85
13 85 663
85 13 663
13 80 45
80 13 45
13 97 463
97 13 463
13 33 27
33 13 27
13 15 831
15 13 831
13 19 406
19 13 406
14 26 253
26 14 253
14 60 985
60 14 985
14 80 78
80 14 78
14 92 856
92 14 856
14 77 794
77 14 794
14 39 705
39 14 705
14 47 289
47 14 289
14 64 228
64 14 228
14 49 168
49 14 168
14 66 606
66 14 606
14 27 864
27 14 864
14 34 420
34 14 420
14 89 600
89 14 600
14 30 748
30 14 748
14 87 948
87 14 948
14 49 825
49 14 825
14 94 656
94 14 656
14 36 167
36 14 167
14 37 726
37 14 726
14 81 559
81 14 559
14 77 164
77 14 164
15 90 583
90 15 583
15 75 561
75 15 561
15 18 210
18 15 210
15 83 26
83 15 26
15 63 299
63 15 299
15 17 726
17 15 726
15 57 721
57 15 721
15 63 831
63 15 831
15 40 661
40 15 661
15 63 30
63 15 30
15 74 581
74 15 581
15 33 158
33 15 158
15 28 368
28 15 368
15 81 486
81 15 486
15 97 610
97 15 610
15 18 155
18 15 155
15 79 132
79 15 132
16 27 303
27 16 303
16 30 948
30 16 948
16 47 671
47 16 671
16 96 818
96 16 818
16 67 468
67 16 468
16 82 268
82 16 268
16 96 867
96 16 867
16 63 718
63 16 718
16 19 716
19 16 716
16 87 755
87 16 755
16 29 838
29 16 838
17 18 963
18 17 963
17 28 147
28 17 147
17 98 713
98 17 713
17 24 81
24 17 81
17 53 111
53 17 111
17 46 413
46 17 413
17 62 113
62 17 113
17 29 506
29 17 506
17 26 723
26 17 723
18 21 66
21 18 66
18 50 236
50 18 236
18 61 82
61 18 82
18 76 791
76 18 791
18 76 242
76 18 242
18 86 238
86 18 238
18 31 418
31 18 418
18 74 228
74 18 228
18 63 93
63 18 93
18 76 265
76 18 265
18 87 875
87 18 875
18 50 202
50 18 202
18 76 125
76 18 125
19 35 114
35 19 114
19 51 244
51 19 244
19 77 115
77 19 115
19 87 123
87 19 123
19 62 913
62 19 913
19 51 809
51 19 809
19 64 860
64 19 860
19 73 716
73 19 716
19 66 607
66 19 607
19 91 679
91 19 679
19 61 632
61 19 632
19 22 411
22 19 411
19 75 694
75 19 694
19 51 846
51 19 846
19 85 577
85 19 577
19 78 4
78 19 4
20 33 134
33 20 134
20 43 141
43 20 141
20 60 47
60 20 47
20 43 507
43 20 507
20 88 448
88 20 448
20 21 373
21 20 373
20 67 213
67 20 213
20 47 533
47 20 533
20 43 925
43 20 925
20 42 568
42 20 568
20 33 66
33 20 66
20 75 411
75 20 411
21 43 990
43 21 990
21 77 587
77 21 587
21 42 651
42 21 651
21 34 837
34 21 837
21 38 813
38 21 813
21 29 73
29 21 73
21 63 828
63 21 828
21 89 685
89 21 685
21 63 856
63 21 856
21 64 82
64 21 82
21 60 998
60 21 998
21 27 131
27 21 131
21 80 210
80 21 210
22 58 933
58 22 933
22 92 575
92 22 575
22 46 210
46 22 210
22 62 699
62 22 699
22 49 553
49 22 553
22 47 774
47 22 774
22 81 843
81 22 843
22 77 339
77 22 339
22 74 192
74 22 192
22 83 889
83 22 889
22 36 689
36 22 689
22 45 101
45 22 101
22 47 793
47 22 793
22 94 838
94 22 838
22 24 482
24 22 482
22 42 953
42 22 953
22 33 782
33 22 782
23 92 483
92 23 483
23 82 508
82 23 508
23 86 887
86 23 887
23 81 850
81 23 850
23 98 791
98 23 791
23 34 166
34 23 166
23 26 850
26 23 850
23 66 563
66 23 563
23 63 565
63 23 565
23 84 86
84 23 86
24 70 875
70 24 875
24 47 733
47 24 733
24 98 866
98 24 866
24 42 53
42 24 53
24 52 845
52 24 845
24 50 960
50 24 960
24 31 326
31 24 326
24 25 822
25 24 822
24 83 611
83 24 611
24 53 316
53 24 316
25 80 365
80 25 365
25 77 511
77 25 511
25 91 474
91 25 474
25 76 283
76 25 283
25 64 754
64 25 754
25 86 331
86 25 331
25 29 484
29 25 484
25 33 373
33 25 373
26 93 307
93 26 307
26 98 765
98 26 765
26 91 36
91 26 36
26 44 220
44 26 220
26 61 681
61 26 681
26 66 859
66 26 859
26 40 503
40 26 503
27 36 26
36 27 26
27 82 124
82 27 124
27 40 726
40 27 726
27 68 815
68 27 815
27 76 688
76 27 688
27 48 915
48 27 915
27 75 68
75 27 68
27 87 338
87 27 338
27 35 577
35 27 577
27 36 103
36 27 103
27 63 316
63 27 316
27 90 5
90 27 5
27 73 742
73 27 742
28 71 969
71 28 969
28 97 521
97 28 521
28 51 488
51 28 488
28 88 570
88 28 570
28 47 465
47 28 465
28 75 140
75 28 140
28 57 969
57 28 969
28 85 983
85 28 983
28 35 299
35 28 299
28 41 265
41 28 265
28 34 486
34 28 486
29 79 646
79 29 646
29 92 823
92 29 823
29 51 634
51 29 634
29 45 471
45 29 471
29 93 851
93 29 851
29 73 989
73 29 989
29 94 605
94 29 605
29 98 798
98 29 798
29 68 451
68 29 451
29 54 736
54 29 736
29 91 967
91 29 967
29 88 892
88 29 892
29 77 791
77 29 791
29 93 937
93 29 937
29 35 66
35 29 66
30 56 330
56 30 330
30 45 799
45 30 799
30 75 680
75 30 680
30 51 522
51 30 522
30 70 744
70 30 744
30 75 274
75 30 274
30 86 63
86 30 63
30 48 714
48 30 714
30 79 452
79 30 452
31 89 958
89 31 958
31 70 48
70 31 48
31 77 557
77 31 557
31 70 513
70 31 513
31 56 219
56 31 219
31 88 903
88 31 903
31 75 702
75 31 702
31 44 603
44 31 603
31 94 239
94 31 239
31 70 148
70 31 148
31 35 728
35 31 728
32 57 15
57 32 15
32 68 650
68 32 650
32 72 210
72 32 210
32 98 104
98 32 104
32 91 573
91 32 573
32 96 201
96 32 201
32 47 995
47 32 995
32 74 237
74 32 237
32 94 855
94 32 855
33 49 267
49 33 267
33 49 785
49 33 785
33 80 216
80 33 216
33 80 389
80 33 389
33 67 583
67 33 583
33 87 747
87 33 747
33 39 178
39 33 178
33 74 999
74 33 999
33 46 817
46 33 817
33 44 938
44 33 938
33 53 768
53 33 768
33 72 87
72 33 87
33 66 833
66 33 833
33 80 960
80 33 960
33 69 254
69 33 254
34 90 232
90 34 232
34 80 417
80 34 417
34 69 461
69 34 461
34 50 86
50 34 86
34 39 49
39 34 49
34 85 61
85 34 61
34 43 325
43 34 325
34 86 597
86 34 597
34 84 122
84 34 122
35 37 201
37 35 201
35 65 997
65 35 997
35 46 900
46 35 900
35 41 62
41 35 62
36 80 159
80 36 159
36 39 434
39 36 434
36 91 57
91 36 57
36 76 430
76 36 430
36 46 782
46 36 782
36 48 983
48 36 983
36 63 456
63 36 456
37 83 385
83 37 385
37 45 245
45 37 245
37 78 144
78 37 144
37 61 823
61 37 823
37 98 192
98 37 192
37 60 680
60 37 680
37 71 244
71 37 244
38 57 815
57 38 815
38 79 645
79 38 645
38 52 601
52 38 601
38 54 169
54 38 169
39 44 615
44 39 615
39 73 617
73 39 617
39 72 184
72 39 184
39 72 124
72 39 124
39 68 840
68 39 840
39 80 178
80 39 178
40 67 571
67 40 571
40 79 503
79 40 503
40 70 579
70 40 579
40 62 298
62 40 298
40 92 703
92 40 703
40 44 820
44 40 820
40 72 284
72 40 284
40 62 185
62 40 185
41 57 176
57 41 176
41 62 72
62 41 72
41 80 118
80 41 118
41 85 339
85 41 339
41 81 483
81 41 483
41 86 300
86 41 300
42 50 443
50 42 443
42 48 295
48 42 295
43 49 553
49 43 553
43 72 732
72 43 732
43 96 37
96 43 37
43 60 878
60 43 878
43 87 36
87 43 36
43 56 960
56 43 960
43 53 275
53 43 275
43 93 966
93 43 966
43 80 829
80 43 829
43 89 401
89 43 401
43 68 746
68 43 746
43 65 776
65 43 776
43 66 317
66 43 317
43 66 631
66 43 631
44 53 458
53 44 458
44 83 407
83 44 407
44 71 922
71 44 922
44 73 497
73 44 497
44 98 107
98 44 107
44 62 430
62 44 430
44 70 200
70 44 200
44 70 694
70 44 694
44 69 225
69 44 225
45 68 101
68 45 101
45 88 511
88 45 511
45 70 73
70 45 73
45 91 494
91 45 494
45 68 497
68 45 497
45 95 378
95 45 378
45 46 269
46 45 269
45 52 281
52 45 281
45 77 131
77 45 131
45 70 411
70 45 411
45 53 602
53 45 602
45 58 116
58 45 116
45 92 44
92 45 44
45 86 472
86 45 472
46 88 248
88 46 248
46 71 754
71 46 754
46 91 945
91 46 945
46 47 155
47 46 155
46 82 386
82 46 386
46 95 740
95 46 740
46 81 43
81 46 43
46 93 458
93 46 458
46 47 45
47 46 45
46 69 383
69 46 383
46 52 858
52 46 858
46 66 551
66 46 551
46 76 189
76 46 189
46 89 852
89 46 852
46 48 361
48 46 361
47 53 69
53 47 69
47 63 461
63 47 461
47 91 695
91 47 695
47 81 136
81 47 136
48 64 845
64 48 845
48 53 180
53 48 180
48 98 314
98 48 314
48 92 543
92 48 543
48 72 178
72 48 178
48 60 2
60 48 2
48 49 162
49 48 162
48 76 734
76 48 734
49 54 20
54 49 20
49 50 760
50 49 760
49 66 107
66 49 107
49 88 164
88 49 164
49 75 70
75 49 70
49 67 266
67 49 266
49 90 683
90 49 683
49 93 547
93 49 547
50 81 374
81 50 374
50 72 138
72 50 138
50 67 326
67 50 326
51 82 248
82 51 248
51 54 322
54 51 322
51 89 173
89 51 173
51 66 123
66 51 123
51 95 496
95 51 496
51 52 969
52 51 969
51 68 230
68 51 230
51 84 738
84 51 738
51 58 883
58 51 883
51 57 513
57 51 513
51 56 451
56 51 451
51 57 946
57 51 946
52 95 774
95 52 774
52 88 522
88 52 522
52 97 385
97 52 385
52 93 792
93 52 792
52 72 671
72 52 671
52 94 574
94 52 574
53 56 149
56 53 149
53 55 676
55 53 676
53 88 894
88 53 894
53 95 109
95 53 109
53 80 293
80 53 293
53 58 981
58 53 981
53 58 226
58 53 226
53 67 3
67 53 3
54 93 243
93 54 243
54 70 795
70 54 795
54 89 772
89 54 772
54 64 890
64 54 890
54 59 768
59 54 768
54 60 35
60 54 35
54 56 252
56 54 252
54 96 367
96 54 367
55 74 816
74 55 816
55 61 573
61 55 573
56 78 400
78 56 400
56 66 539
66 56 539
56 66 689
66 56 689
56 66 551
66 56 551
56 89 617
89 56 617
56 66 681
66 56 681
57 83 856
83 57 856
57 61 531
61 57 531
57 79 938
79 57 938
58 90 351
90 58 351
58 81 372
81 58 372
58 72 681
72 58 681
58 64 635
64 58 635
58 91 586
91 58 586
58 92 631
92 58 631
59 66 529
66 59 529
59 86 7
86 59 7
59 71 321
71 59 321
60 80 587
80 60 587
60 76 561
76 60 561
60 86 238
86 60 238
60 88 650
88 60 650
60 80 58
80 60 58
60 75 610
75 60 610
60 82 424
82 60 424
60 69 871
69 60 871
60 89 218
89 60 218
61 63 708
63 61 708
61 87 761
87 61 761
61 95 530
95 61 530
61 83 69
83 61 69
61 91 543
91 61 543
61 97 155
97 61 155
61 95 544
95 61 544
62 90 651
90 62 651
62 85 841
85 62 841
62 88 153
88 62 153
62 86 538
86 62 538
63 81 432
81 63 432
63 64 333
64 63 333
63 74 438
74 63 438
63 78 421
78 63 421
63 77 501
77 63 501
63 73 457
73 63 457
63 68 727
68 63 727
64 78 817
78 64 817
64 93 801
93 64 801
64 89 576
89 64 576
64 68 558
68 64 558
64 83 370
83 64 370
64 68 653
68 64 653
64 77 464
77 64 464
64 65 46
65 64 46
64 81 662
81 64 662
64 69 924
69 64 924
65 79 153
79 65 153
65 86 441
86 65 441
65 68 714
68 65 714
65 97 533
97 65 533
66 79 329
79 66 329
66 88 27
88 66 27
66 71 134
71 66 134
66 71 451
71 66 451
67 75 917
75 67 917
67 75 418
75 67 418
68 69 839
69 68 839
68 90 876
90 68 876
68 76 222
76 68 222
68 70 103
70 68 103
69 75 996
75 69 996
69 95 530
95 69 530
69 74 356
74 69 356
69 93 469
93 69 469
70 89 642
89 70 642
70 98 173
98 70 173
70 82 191
82 70 191
71 84 820
84 71 820
71 81 832
81 71 832
71 78 578
78 71 578
72 86 984
86 72 984
72 97 645
97 72 645
72 91 267
91 72 267
72 85 374
85 72 374
72 75 391
75 72 391
73 79 160
79 73 160
74 90 216
90 74 216
74 96 112
96 74 112
74 91 845
91 74 845
74 83 999
83 74 999
75 79 78
79 75 78
75 94 532
94 75 532
75 76 170
76 75 170
75 95 725
95 75 725
75 87 267
87 75 267
78 80 526
80 78 526
78 97 720
97 78 720
78 96 804
96 78 804
78 86 369
86 78 369
78 87 973
87 78 973
78 97 610
97 78 610
79 86 373
86 79 373
80 96 426
96 80 426
80 83 687
83 80 687
80 84 708
84 80 708
81 90 621
90 81 621
81 81 616
81 81 616
81 85 462
85 81 462
82 83 118
83 82 118
82 85 788
85 82 788
82 92 157
92 82 157
83 88 386
88 83 386
83 96 267
96 83 267
84 91 37
91 84 37
84 86 992
86 84 992
85 95 143
95 85 143
86 94 692
94 86 692
86 96 931
96 86 931
88 90 289
90 88 289
88 91 263
91 88 263
89 94 40
94 89 40
90 91 382
91 90 382
91 92 675
92 91 675
91 92 983
92 91 983
92 95 78
95 92 78
93 98 257
98 93 257
95 97 97
97 95 97
