34

0 1 789
1 0 789
0 3 709
3 0 709
0 18 73
18 0 73
0 4 931
4 0 931
0 28 787
28 0 787
0 9 41
9 0 41
0 6 405
6 0 405
0 1 24
1 0 24
0 26 735
26 0 735
1 2 524
2 1 524
1 4 515
4 1 515
1 16 709
16 1 709
1 32 121
32 1 121
1 22 50
22 1 50
1 21 552
21 1 552
1 17 505
17 1 505
1 31 812
31 1 812
1 1 842
1 1 842
1 19 659
19 1 659
1 6 921
6 1 921
1 18 948
18 1 948
1 5 587
5 1 587
1 30 743
30 1 743
1 31 377
31 1 377
2 7 645
7 2 645
2 24 416
24 2 416
2 7 850
7 2 850
2 30 362
30 2 362
2 20 963
20 2 963
2 17 839
17 2 839
2 23 178
23 2 178
2 26 652
26 2 652
2 21 775
21 2 775
2 33 314
33 2 314
2 4 980
4 2 980
2 31 116
31 2 116
2 10 5
10 2 5
3 6 554
6 3 554
3 12 285
12 3 285
3 14 531
14 3 531
3 25 84
25 3 84
3 30 544
30 3 544
3 20 153
20 3 153
3 27 494
27 3 494
3 22 103
22 3 103
3 26 303
26 3 303
4 5 659
5 4 659
4 9 759
9 4 759
4 13 752
13 4 752
4 15 302
15 4 302
4 31 982
31 4 982
4 9 611
9 4 611
4 32 421
32 4 421
4 27 859
27 4 859
4 18 698
18 4 698
4 27 700
27 4 700
4 10 866
10 4 866
5 8 862
8 5 862
5 19 102
19 5 102
5 18 57
18 5 57
5 16 497
16 5 497
5 15 910
15 5 910
5 9 432
9 5 432
5 14 124
14 5 124
5 29 483
29 5 483
5 21 733
21 5 733
5 17 630
17 5 630
5 28 727
28 5 727
6 27 777
27 6 777
6 33 38
33 6 38
6 14 72
14 6 72
6 18 115
18 6 115
6 11 271
11 6 271
6 15 697
15 6 697
6 19 573
19 6 573
7 33 242
33 7 242
7 23 201
23 7 201
7 28 709
28 7 709
7 27 997
27 7 997
7 18 155
18 7 155
7 17 782
17 7 782
7 29 456
29 7 456
7 15 486
15 7 486
7 12 93
12 7 93
8 10 896
10 8 896
8 22 961
22 8 961
8 26 613
26 8 613
8 18 672
18 8 672
8 27 635
27 8 635
8 15 984
15 8 984
8 29 366
29 8 366
8 31 926
31 8 926
8 31 92
31 8 92
8 10 510
10 8 510
8 9 772
9 8 772
9 29 263
29 9 263
9 12 420
12 9 420
9 17 242
17 9 242
9 19 526
19 9 526
9 12 236
12 9 236
10 11 460
11 10 460
10 23 396
23 10 396
10 16 86
16 10 86
10 28 21
28 10 21
10 29 72
29 10 72
10 16 238
16 10 238
10 18 726
18 10 726
11 15 926
15 11 926
11 33 376
33 11 376
11 26 785
26 11 785
11 13 857
13 11 857
11 19 837
19 11 837
11 17 792
17 11 792
11 23 237
23 11 237
11 15 77
15 11 77
11 12 558
12 11 558
11 33 938
33 11 938
11 26 774
26 11 774
11 14 766
14 11 766
11 25 758
25 11 758
12 17 264
17 12 264
12 18 676
18 12 676
12 26 60
26 12 60
12 13 761
13 12 761
12 22 222
22 12 222
12 18 187
18 12 187
12 31 440
31 12 440
13 22 615
22 13 615
13 27 283
27 13 283
13 14 536
14 13 536
13 26 353
26 13 353
13 31 741
31 13 741
13 26 477
26 13 477
14 27 261
27 14 261
14 16 777
16 14 777
14 33 272
33 14 272
15 20 283
20 15 283
15 16 985
16 15 985
15 24 714
24 15 714
15 33 484
33 15 484
15 20 121
20 15 121
16 21 261
21 16 261
16 30 659
30 16 659
16 20 763
20 16 763
16 25 647
25 16 647
16 33 464
33 16 464
16 32 779
32 16 779
16 26 618
26 16 618
17 33 204
33 17 204
17 20 5
20 17 5
17 26 255
26 17 255
18 23 841
23 18 841
18 22 287
22 18 287
18 22 400
22 18 400
19 28 595
28 19 595
19 29 838
29 19 838
20 23 698
23 20 698
20 33 705
33 20 705
20 26 128
26 20 128
20 24 636
24 20 636
22 24 187
24 22 187
22 23 880
23 22 880
22 25 59
25 22 59
22 27 504
27 22 504
23 28 300
28 23 300
23 32 801
32 23 801
23 30 952
30 23 952
24 27 543
27 24 543
25 30 783
30 25 783
26 29 563
29 26 563
26 28 2
28 26 2
27 31 763
31 27 763
27 32 702
32 27 702
28 33 401
33 28 401
29 31 72
31 29 72
30 33 589
33 30 589
31 33 736
33 31 736
32 32 173
32 32 173
33 33 567
33 33 567
