89

0 1 238
1 0 238
0 2 622
2 0 622
0 4 787
4 0 787
0 5 333
5 0 333
0 8 547
8 0 547
0 17 397
17 0 397
0 65 293
65 0 293
0 66 667
66 0 667
0 50 553
50 0 553
0 34 235
34 0 235
0 58 974
58 0 974
0 38 946
38 0 946
0 80 185
80 0 185
0 15 152
15 0 152
0 49 274
49 0 274
1 7 296
7 1 296
1 10 634
10 1 634
1 76 260
76 1 260
1 83 537
83 1 537
1 50 336
50 1 336
1 52 64
52 1 64
2 3 322
3 2 322
2 46 132
46 2 132
2 47 260
47 2 260
2 53 681
53 2 681
2 50 174
50 2 174
2 70 339
70 2 339
2 80 803
80 2 803
2 69 690
69 2 690
2 9 983
9 2 983
3 6 910
6 3 910
3 9 50
9 3 50
3 11 776
11 3 776
3 15 330
15 3 330
3 37 755
37 3 755
3 58 37
58 3 37
3 21 793
21 3 793
3 86 944
86 3 944
3 35 105
35 3 105
3 38 447
38 3 447
3 76 321
76 3 321
3 10 892
10 3 892
3 70 761
70 3 761
3 32 135
32 3 135
4 40 512
40 4 512
4 32 873
32 4 873
4 66 762
66 4 762
4 54 555
54 4 555
4 18 312
18 4 312
4 47 434
47 4 434
4 51 450
51 4 450
4 6 920
6 4 920
4 59 787
59 4 787
4 77 94
77 4 94
5 13 142
13 5 142
5 26 35
26 5 35
5 9 166
9 5 166
5 32 396
32 5 396
5 78 900
78 5 900
5 29 788
29 5 788
6 20 419
20 6 419
6 78 640
78 6 640
6 47 374
47 6 374
6 82 484
82 6 484
6 22 324
22 6 324
6 42 142
42 6 142
6 13 494
13 6 494
6 9 86
9 6 86
6 44 820
44 6 820
6 64 690
64 6 690
7 16 114
16 7 114
7 23 187
23 7 187
7 64 43
64 7 43
7 38 803
38 7 803
7 69 309
69 7 309
7 72 182
72 7 182
7 17 703
17 7 703
7 74 739
74 7 739
7 33 567
33 7 567
7 64 121
64 7 121
8 12 616
12 8 616
8 54 799
54 8 799
8 70 18
70 8 18
8 36 307
36 8 307
8 21 697
21 8 697
8 43 937
43 8 937
9 25 338
25 9 338
9 59 277
59 9 277
9 40 392
40 9 392
9 36 589
36 9 589
9 50 580
50 9 580
9 15 868
15 9 868
9 66 835
66 9 835
9 67 726
67 9 726
9 43 414
43 9 414
9 20 640
20 9 640
9 49 846
49 9 846
10 14 727
14 10 727
10 24 279
24 10 279
10 34 411
34 10 411
10 26 204
26 10 204
10 18 167
18 10 167
10 45 147
45 10 147
10 70 198
70 10 198
10 43 733
43 10 733
10 50 135
50 10 135
10 19 697
19 10 697
10 72 703
72 10 703
11 49 152
49 11 152
11 34 888
34 11 888
11 42 36
42 11 36
11 35 386
35 11 386
11 33 477
33 11 477
11 45 485
45 11 485
11 49 413
49 11 413
11 71 579
71 11 579
11 49 20
49 11 20
12 19 316
19 12 316
12 28 243
28 12 243
12 50 736
50 12 736
12 39 697
39 12 697
12 60 846
60 12 846
12 29 426
29 12 426
12 73 911
73 12 911
12 60 304
60 12 304
12 15 441
15 12 441
12 15 199
15 12 199
12 72 459
72 12 459
12 29 704
29 12 704
12 47 705
47 12 705
12 49 161
49 12 161
13 29 824
29 13 824
13 42 777
42 13 777
13 62 170
62 13 170
13 34 969
34 13 969
13 42 89
42 13 89
13 83 627
83 13 627
13 20 15
20 13 15
13 25 895
25 13 895
13 29 704
29 13 704
13 65 686
65 13 686
13 37 571
37 13 571
13 34 681
34 13 681
13 31 373
31 13 373
14 22 139
22 14 139
14 25 963
25 14 963
14 52 770
52 14 770
14 47 959
47 14 959
14 43 608
43 14 608
14 71 551
71 14 551
14 54 583
54 14 583
14 67 980
67 14 980
14 44 208
44 14 208
15 82 603
82 15 603
15 84 316
84 15 316
15 47 86
47 15 86
15 66 340
66 15 340
15 23 41
23 15 41
15 22 540
22 15 540
15 47 3
47 15 3
15 40 355
40 15 355
15 35 131
35 15 131
15 23 880
23 15 880
15 67 129
67 15 129
16 18 171
18 16 171
16 33 785
33 16 785
17 44 862
44 17 862
17 61 831
61 17 831
17 63 872
63 17 872
17 85 783
85 17 783
17 80 87
80 17 87
17 77 827
77 17 827
17 22 854
22 17 854
17 21 108
21 17 108
17 29 480
29 17 480
17 65 735
65 17 735
18 31 102
31 18 102
18 56 789
56 18 789
18 35 241
35 18 241
18 71 523
71 18 523
18 26 632
26 18 632
18 39 511
39 18 511
18 49 246
49 18 246
18 65 279
65 18 279
19 21 329
21 19 329
19 78 910
78 19 910
19 24 638
24 19 638
19 26 798
26 19 798
19 76 449
76 19 449
19 27 326
27 19 326
19 33 930
33 19 930
19 27 867
27 19 867
20 39 324
39 20 324
20 67 859
67 20 859
20 69 908
69 20 908
20 86 166
86 20 166
20 25 462
25 20 462
20 25 106
25 20 106
20 41 992
41 20 992
20 87 885
87 20 885
20 44 208
44 20 208
20 74 336
74 20 336
20 45 822
45 20 822
21 56 236
56 21 236
21 58 286
58 21 286
21 79 111
79 21 111
21 81 656
81 21 656
21 78 766
78 21 766
21 54 3
54 21 3
21 26 619
26 21 619
22 30 225
30 22 225
22 36 671
36 22 671
22 68 725
68 22 725
22 48 37
48 22 37
22 86 123
86 22 123
22 59 354
59 22 354
22 65 142
65 22 142
22 74 573
74 22 573
22 88 111
88 22 111
22 76 288
76 22 288
22 60 479
60 22 479
22 54 530
54 22 530
23 66 293
66 23 293
23 59 747
59 23 747
23 59 154
59 23 154
23 65 964
65 23 964
23 43 243
43 23 243
24 27 563
27 24 563
24 51 21
51 24 21
24 38 677
38 24 677
24 36 711
36 24 711
24 71 329
71 24 329
24 44 631
44 24 631
24 84 866
84 24 866
24 86 53
86 24 53
24 80 551
80 24 551
24 25 611
25 24 611
24 48 344
48 24 344
24 73 921
73 24 921
24 56 107
56 24 107
24 71 879
71 24 879
25 32 832
32 25 832
25 35 14
35 25 14
25 45 708
45 25 708
25 31 995
31 25 995
25 66 292
66 25 292
25 32 509
32 25 509
25 62 874
62 25 874
25 76 398
76 25 398
25 43 388
43 25 388
25 53 299
53 25 299
25 45 597
45 25 597
25 54 890
54 25 890
26 54 401
54 26 401
26 81 309
81 26 309
26 31 594
31 26 594
26 62 192
62 26 192
26 28 211
28 26 211
26 32 689
32 26 689
26 33 892
33 26 892
27 78 612
78 27 612
27 50 469
50 27 469
27 38 477
38 27 477
28 70 475
70 28 475
28 84 863
84 28 863
28 78 537
78 28 537
28 53 231
53 28 231
28 80 883
80 28 883
28 87 752
87 28 752
29 43 308
43 29 308
29 81 799
81 29 799
29 63 537
63 29 537
29 31 537
31 29 537
29 83 479
83 29 479
29 80 976
80 29 976
29 88 260
88 29 260
29 75 950
75 29 950
29 40 385
40 29 385
30 52 33
52 30 33
30 54 90
54 30 90
30 57 144
57 30 144
30 61 458
61 30 458
30 40 841
40 30 841
30 59 767
59 30 767
30 45 925
45 30 925
30 87 295
87 30 295
31 63 282
63 31 282
31 68 198
68 31 198
32 38 669
38 32 669
32 71 498
71 32 498
32 32 791
32 32 791
32 63 26
63 32 26
32 32 549
32 32 549
32 32 33
32 32 33
32 80 869
80 32 869
32 87 394
87 32 394
32 83 762
83 32 762
33 48 678
48 33 678
33 64 724
64 33 724
33 77 340
77 33 340
33 49 632
49 33 632
33 35 369
35 33 369
33 52 15
52 33 15
33 53 495
53 33 495
33 87 414
87 33 414
33 66 904
66 33 904
33 81 576
81 33 576
34 57 406
57 34 406
34 62 564
62 34 564
34 71 743
71 34 743
34 75 625
75 34 625
34 55 495
55 34 495
34 61 210
61 34 210
34 77 849
77 34 849
34 82 102
82 34 102
35 80 111
80 35 111
35 35 503
35 35 503
35 40 280
40 35 280
35 45 469
45 35 469
35 69 648
69 35 648
35 40 525
40 35 525
36 75 706
75 36 706
36 69 13
69 36 13
36 82 450
82 36 450
36 59 860
59 36 860
36 79 388
79 36 388
36 50 28
50 36 28
37 39 516
39 37 516
37 43 941
43 37 941
38 41 509
41 38 509
38 54 963
54 38 963
38 88 487
88 38 487
38 80 12
80 38 12
38 60 512
60 38 512
38 43 920
43 38 920
39 63 394
63 39 394
39 48 151
48 39 151
39 75 495
75 39 495
39 79 93
79 39 93
39 44 937
44 39 937
39 71 122
71 39 122
39 53 711
53 39 711
39 68 699
68 39 699
39 58 823
58 39 823
39 81 626
81 39 626
39 75 467
75 39 467
39 47 240
47 39 240
40 72 906
72 40 906
40 65 823
65 40 823
40 57 475
57 40 475
40 47 132
47 40 132
40 42 146
42 40 146
41 57 862
57 41 862
41 86 477
86 41 477
41 44 75
44 41 75
41 42 282
42 41 282
42 54 203
54 42 203
42 52 597
52 42 597
42 49 707
49 42 707
42 73 831
73 42 831
42 72 795
72 42 795
43 64 545
64 43 545
43 79 833
79 43 833
43 68 795
68 43 795
43 88 101
88 43 101
43 46 606
46 43 606
43 76 566
76 43 566
44 52 606
52 44 606
44 86 876
86 44 876
44 58 97
58 44 97
44 58 299
58 44 299
44 82 844
82 44 844
44 68 575
68 44 575
44 66 156
66 44 156
44 66 539
66 44 539
44 53 638
53 44 638
45 63 133
63 45 133
45 63 553
63 45 553
45 79 688
79 45 688
46 78 832
78 46 832
46 66 67
66 46 67
46 54 557
54 46 557
46 52 42
52 46 42
47 48 964
48 47 964
47 86 199
86 47 199
47 76 151
76 47 151
47 85 432
85 47 432
47 58 339
58 47 339
48 55 84
55 48 84
48 60 564
60 48 564
48 75 349
75 48 349
48 74 294
74 48 294
48 57 511
57 48 511
48 84 155
84 48 155
49 54 301
54 49 301
49 73 920
73 49 920
49 70 354
70 49 354
49 52 87
52 49 87
49 71 660
71 49 660
49 75 521
75 49 521
49 75 868
75 49 868
49 81 927
81 49 927
49 68 112
68 49 112
49 83 649
83 49 649
50 87 45
87 50 45
50 68 67
68 50 67
51 56 277
56 51 277
51 54 568
54 51 568
51 71 485
71 51 485
52 59 401
59 52 401
52 56 272
56 52 272
53 88 794
88 53 794
53 66 218
66 53 218
53 60 809
60 53 809
53 64 454
64 53 454
54 62 345
62 54 345
54 74 849
74 54 849
54 67 776
67 54 776
54 76 678
76 54 678
54 78 733
78 54 733
54 79 903
79 54 903
55 79 891
79 55 891
55 71 216
71 55 216
55 77 262
77 55 262
55 67 991
67 55 991
55 88 495
88 55 495
56 88 710
88 56 710
56 81 223
81 56 223
56 68 254
68 56 254
56 63 299
63 56 299
56 86 573
86 56 573
56 57 873
57 56 873
57 84 58
84 57 58
57 68 435
68 57 435
57 71 316
71 57 316
58 82 653
82 58 653
59 82 698
82 59 698
59 62 324
62 59 324
59 80 152
80 59 152
59 60 485
60 59 485
60 70 357
70 60 357
60 61 410
61 60 410
60 80 162
80 60 162
61 86 608
86 61 608
62 67 792
67 62 792
62 74 182
74 62 182
62 64 489
64 62 489
62 64 486
64 62 486
62 68 210
68 62 210
63 82 784
82 63 784
63 75 197
75 63 197
63 68 413
68 63 413
64 82 533
82 64 533
65 87 347
87 65 347
65 65 46
65 65 46
65 81 782
81 65 782
66 79 137
79 66 137
66 67 802
67 66 802
66 68 967
68 66 967
66 88 891
88 66 891
67 80 469
80 67 469
68 88 549
88 68 549
69 77 386
77 69 386
70 81 401
81 70 401
70 87 375
87 70 375
71 74 681
74 71 681
71 75 478
75 71 478
71 74 933
74 71 933
71 84 474
84 71 474
72 75 708
75 72 708
72 85 187
85 72 187
74 74 718
74 74 718
74 83 105
83 74 105
75 88 279
88 75 279
76 87 263
87 76 263
76 83 572
83 76 572
77 86 46
86 77 46
77 81 277
81 77 277
77 81 338
81 77 338
78 83 982
83 78 982
80 87 308
87 80 308
80 86 503
86 80 503
82 83 460
83 82 460
82 85 825
85 82 825
