96

0 1 121
1 0 121
0 2 460
2 0 460
0 7 411
7 0 411
0 18 94
18 0 94
0 60 381
60 0 381
0 88 641
88 0 641
0 79 19
79 0 19
0 62 487
62 0 487
0 80 92
80 0 92
0 89 29
89 0 29
0 7 112
7 0 112
0 1 876
1 0 876
0 43 198
43 0 198
0 75 112
75 0 112
0 50 819
50 0 819
0 1 119
1 0 119
0 43 462
43 0 462
0 73 557
73 0 557
0 54 339
54 0 339
1 5 78
5 1 78
1 8 51
8 1 51
1 13 724
13 1 724
1 31 8
31 1 8
1 39 198
39 1 198
1 65 840
65 1 840
1 47 668
47 1 668
1 63 111
63 1 111
1 84 419
84 1 419
1 83 240
83 1 240
1 70 581
70 1 581
1 78 339
78 1 339
1 26 306
26 1 306
1 45 29
45 1 29
1 80 401
80 1 401
2 3 950
3 2 950
2 6 758
6 2 758
2 48 127
48 2 127
2 57 187
57 2 187
2 30 438
30 2 438
2 33 879
33 2 879
2 82 955
82 2 955
2 37 254
37 2 254
2 94 393
94 2 393
2 92 888
92 2 888
2 8 185
8 2 185
2 34 502
34 2 502
2 66 477
66 2 477
2 13 568
13 2 568
2 18 491
18 2 491
2 34 248
34 2 248
2 55 574
55 2 574
2 36 221
36 2 221
2 54 682
54 2 682
2 79 366
79 2 366
2 70 234
70 2 234
2 50 42
50 2 42
3 4 530
4 3 530
3 9 760
9 3 760
3 95 684
95 3 684
3 51 952
51 3 952
3 60 627
60 3 627
3 22 629
22 3 629
3 72 928
72 3 928
3 24 523
24 3 523
3 33 944
33 3 944
3 66 37
66 3 37
3 17 334
17 3 334
3 86 629
86 3 629
3 9 466
9 3 466
3 80 486
80 3 486
3 14 942
14 3 942
3 16 231
16 3 231
3 81 15
81 3 15
3 32 822
32 3 822
4 10 888
10 4 888
4 15 297
15 4 297
4 16 987
16 4 987
4 26 979
26 4 979
4 82 156
82 4 156
4 30 90
30 4 90
4 17 481
17 4 481
4 27 250
27 4 250
4 22 222
22 4 222
4 25 88
25 4 88
4 65 765
65 4 765
4 83 532
83 4 532
4 10 143
10 4 143
4 74 182
74 4 182
4 21 690
21 4 690
5 34 567
34 5 567
5 47 966
47 5 966
5 94 709
94 5 709
5 45 44
45 5 44
5 51 339
51 5 339
5 69 537
69 5 537
5 75 144
75 5 144
5 82 203
82 5 203
5 49 176
49 5 176
5 20 442
20 5 442
5 49 563
49 5 563
5 24 733
24 5 733
5 39 946
39 5 946
5 82 874
82 5 874
5 26 94
26 5 94
5 71 713
71 5 713
5 89 20
89 5 20
5 89 858
89 5 858
5 28 199
28 5 199
6 12 842
12 6 842
6 14 386
14 6 386
6 22 686
22 6 686
6 29 527
29 6 527
6 21 616
21 6 616
6 10 99
10 6 99
6 76 90
76 6 90
6 48 333
48 6 333
6 27 360
27 6 360
6 76 814
76 6 814
6 35 956
35 6 956
6 64 56
64 6 56
6 14 962
14 6 962
6 15 114
15 6 114
6 6 107
6 6 107
6 77 816
77 6 816
6 60 553
60 6 553
6 93 955
93 6 955
6 51 339
51 6 339
6 37 936
37 6 936
6 62 761
62 6 761
6 58 369
58 6 369
6 40 140
40 6 140
6 26 27
26 6 27
6 92 278
92 6 278
6 87 863
87 6 863
7 27 269
27 7 269
7 68 522
68 7 522
7 21 979
21 7 979
7 40 433
40 7 433
7 65 80
65 7 80
7 18 789
18 7 789
7 34 909
34 7 909
7 27 991
27 7 991
7 31 743
31 7 743
7 41 79
41 7 79
7 47 175
47 7 175
7 82 338
82 7 338
7 9 425
9 7 425
7 47 482
47 7 482
7 26 446
26 7 446
7 35 353
35 7 353
8 21 745
21 8 745
8 62 332
62 8 332
8 25 581
25 8 581
8 19 712
19 8 712
8 75 167
75 8 167
8 38 107
38 8 107
8 23 605
23 8 605
8 21 916
21 8 916
8 56 606
56 8 606
8 46 812
46 8 812
8 54 39
54 8 39
8 33 463
33 8 463
8 18 211
18 8 211
8 15 50
15 8 50
8 55 75
55 8 75
9 52 800
52 9 800
9 93 81
93 9 81
9 90 115
90 9 115
9 80 525
80 9 525
9 34 98
34 9 98
9 57 289
57 9 289
9 71 529
71 9 529
9 33 538
33 9 538
9 10 335
10 9 335
9 77 197
77 9 197
9 59 111
59 9 111
9 89 790
89 9 790
9 38 851
38 9 851
9 27 87
27 9 87
9 76 97
76 9 97
9 24 49
24 9 49
9 43 858
43 9 858
9 58 461
58 9 461
10 11 997
11 10 997
10 17 347
17 10 347
10 37 197
37 10 197
10 54 394
54 10 394
10 60 541
60 10 541
10 83 374
83 10 374
10 39 755
39 10 755
10 18 714
18 10 714
10 19 895
19 10 895
10 21 28
21 10 28
10 49 372
49 10 372
10 45 426
45 10 426
10 16 27
16 10 27
10 30 848
30 10 848
10 65 256
65 10 256
10 38 754
38 10 754
10 88 662
88 10 662
11 19 734
19 11 734
11 24 940
24 11 940
11 57 133
57 11 133
11 31 27
31 11 27
11 86 467
86 11 467
11 64 954
64 11 954
11 60 9
60 11 9
11 85 299
85 11 299
11 52 554
52 11 554
11 35 377
35 11 377
11 78 832
78 11 832
11 12 917
12 11 917
11 68 300
68 11 300
11 90 630
90 11 630
11 30 177
30 11 177
11 72 6
72 11 6
11 36 804
36 11 804
11 30 719
30 11 719
11 82 697
82 11 697
11 58 574
58 11 574
11 83 327
83 11 327
11 69 844
69 11 844
11 21 623
21 11 623
12 79 887
79 12 887
12 44 866
44 12 866
12 21 674
21 12 674
12 80 41
80 12 41
12 71 137
71 12 137
12 44 345
44 12 345
12 53 967
53 12 967
12 95 743
95 12 743
12 78 608
78 12 608
12 40 607
40 12 607
12 69 691
69 12 691
12 32 895
32 12 895
12 48 866
48 12 866
12 29 671
29 12 671
12 54 597
54 12 597
12 48 575
48 12 575
12 81 184
81 12 184
13 61 794
61 13 794
13 80 898
80 13 898
13 14 430
14 13 430
13 54 223
54 13 223
13 14 281
14 13 281
13 95 769
95 13 769
13 91 384
91 13 384
13 32 921
32 13 921
13 76 735
76 13 735
13 89 714
89 13 714
13 28 760
28 13 760
13 62 860
62 13 860
13 70 239
70 13 239
13 30 470
30 13 470
13 63 556
63 13 556
13 27 921
27 13 921
13 53 548
53 13 548
13 49 196
49 13 196
14 41 839
41 14 839
14 50 155
50 14 155
14 73 818
73 14 818
14 54 989
54 14 989
14 66 38
66 14 38
14 38 760
38 14 760
14 67 59
67 14 59
14 88 333
88 14 333
14 35 4
35 14 4
14 41 935
41 14 935
14 93 648
93 14 648
14 53 408
53 14 408
14 64 319
64 14 319
15 35 222
35 15 222
15 22 196
22 15 196
15 86 54
86 15 54
15 77 329
77 15 329
15 54 3
54 15 3
15 63 610
63 15 610
15 56 766
56 15 766
15 71 581
71 15 581
15 31 900
31 15 900
15 74 196
74 15 196
15 81 860
81 15 860
15 53 523
53 15 523
16 20 824
20 16 824
16 25 558
25 16 558
16 28 311
28 16 311
16 49 117
49 16 117
16 89 438
89 16 438
16 84 53
84 16 53
16 61 811
61 16 811
16 24 209
24 16 209
16 69 750
69 16 750
16 49 360
49 16 360
16 39 555
39 16 555
16 29 646
29 16 646
16 59 890
59 16 890
16 42 794
42 16 794
16 76 627
76 16 627
16 95 975
95 16 975
16 83 102
83 16 102
16 68 190
68 16 190
16 23 41
23 16 41
16 18 855
18 16 855
16 47 308
47 16 308
17 94 692
94 17 692
17 42 761
42 17 761
17 60 774
60 17 774
17 77 580
77 17 580
17 23 126
23 17 126
17 44 609
44 17 609
17 17 9
17 17 9
17 64 444
64 17 444
17 80 89
80 17 89
18 39 473
39 18 473
18 82 799
82 18 799
18 82 985
82 18 985
18 28 131
28 18 131
18 35 852
35 18 852
18 27 232
27 18 232
18 37 212
37 18 212
18 71 609
71 18 609
18 82 362
82 18 362
18 60 273
60 18 273
18 42 249
42 18 249
18 62 821
62 18 821
18 68 63
68 18 63
18 57 504
57 18 504
18 27 723
27 18 723
18 22 173
22 18 173
18 24 637
24 18 637
18 93 33
93 18 33
18 81 286
81 18 286
18 94 124
94 18 124
19 23 78
23 19 78
19 39 742
39 19 742
19 38 718
38 19 718
19 45 566
45 19 566
19 26 194
26 19 194
19 94 472
94 19 472
19 80 187
80 19 187
19 34 978
34 19 978
19 55 902
55 19 902
20 85 51
85 20 51
20 55 851
55 20 851
20 37 883
37 20 883
20 84 893
84 20 893
20 73 383
73 20 383
20 95 212
95 20 212
20 66 386
66 20 386
20 87 308
87 20 308
20 35 91
35 20 91
20 91 378
91 20 378
20 74 674
74 20 674
20 22 781
22 20 781
20 92 697
92 20 697
20 57 400
57 20 400
20 38 165
38 20 165
21 30 44
30 21 44
21 32 563
32 21 563
21 27 409
27 21 409
21 60 296
60 21 296
21 56 114
56 21 114
21 68 490
68 21 490
21 38 350
38 21 350
21 78 686
78 21 686
21 43 495
43 21 495
21 69 401
69 21 401
21 44 510
44 21 510
22 26 550
26 22 550
22 31 584
31 22 584
22 68 177
68 22 177
22 57 616
57 22 616
22 94 735
94 22 735
22 28 641
28 22 641
22 71 994
71 22 994
22 69 91
69 22 91
22 81 256
81 22 256
22 40 369
40 22 369
22 82 932
82 22 932
22 61 535
61 22 535
22 45 766
45 22 766
22 87 794
87 22 794
23 49 407
49 23 407
23 38 427
38 23 427
23 25 800
25 23 800
23 95 834
95 23 834
23 89 936
89 23 936
23 41 643
41 23 643
23 74 227
74 23 227
23 46 848
46 23 848
23 62 942
62 23 942
23 32 74
32 23 74
23 53 501
53 23 501
23 54 810
54 23 810
23 82 341
82 23 341
23 31 563
31 23 563
23 64 374
64 23 374
23 80 100
80 23 100
23 48 481
48 23 481
24 58 681
58 24 681
24 44 701
44 24 701
24 94 819
94 24 819
24 52 95
52 24 95
24 64 383
64 24 383
24 89 620
89 24 620
24 94 514
94 24 514
24 84 380
84 24 380
24 73 271
73 24 271
24 91 793
91 24 793
24 69 368
69 24 368
24 70 626
70 24 626
24 41 836
41 24 836
25 33 265
33 25 265
25 45 315
45 25 315
25 70 349
70 25 349
25 51 837
51 25 837
25 58 33
58 25 33
25 62 946
62 25 946
25 45 540
45 25 540
25 37 905
37 25 905
25 59 930
59 25 930
25 59 460
59 25 460
25 50 370
50 25 370
25 58 256
58 25 256
25 82 689
82 25 689
25 83 88
83 25 88
25 54 621
54 25 621
25 82 343
82 25 343
26 55 506
55 26 506
26 78 145
78 26 145
26 91 320
91 26 320
26 68 267
68 26 267
26 64 408
64 26 408
26 35 625
35 26 625
26 70 513
70 26 513
26 80 704
80 26 704
26 72 126
72 26 126
26 92 225
92 26 225
26 72 274
72 26 274
26 36 874
36 26 874
26 90 75
90 26 75
27 59 607
59 27 607
27 65 910
65 27 910
27 69 216
69 27 216
27 63 221
63 27 221
27 76 474
76 27 474
27 37 646
37 27 646
27 35 34
35 27 34
27 73 319
73 27 319
27 92 129
92 27 129
27 77 434
77 27 434
27 90 431
90 27 431
27 44 27
44 27 27
27 67 831
67 27 831
27 59 424
59 27 424
27 34 643
34 27 643
27 68 266
68 27 266
27 33 711
33 27 711
27 57 941
57 27 941
27 38 321
38 27 321
27 61 676
61 27 676
28 40 79
40 28 79
28 48 780
48 28 780
28 42 79
42 28 79
28 52 257
52 28 257
28 78 979
78 28 979
28 41 263
41 28 263
28 60 175
60 28 175
28 68 885
68 28 885
28 71 62
71 28 62
28 38 543
38 28 543
29 49 474
49 29 474
29 76 591
76 29 591
29 49 137
49 29 137
29 94 301
94 29 301
29 34 300
34 29 300
29 52 837
52 29 837
29 38 686
38 29 686
29 41 755
41 29 755
29 46 682
46 29 682
29 81 531
81 29 531
29 75 674
75 29 674
29 44 666
44 29 666
29 67 52
67 29 52
29 50 662
50 29 662
29 36 70
36 29 70
29 32 212
32 29 212
30 45 212
45 30 212
30 66 250
66 30 250
30 76 793
76 30 793
30 45 276
45 30 276
30 55 430
55 30 430
30 57 390
57 30 390
30 75 615
75 30 615
31 54 750
54 31 750
31 51 653
51 31 653
31 72 955
72 31 955
31 43 464
43 31 464
31 84 530
84 31 530
31 84 252
84 31 252
31 92 737
92 31 737
31 59 544
59 31 544
31 90 477
90 31 477
31 37 260
37 31 260
31 41 89
41 31 89
31 74 833
74 31 833
31 59 94
59 31 94
31 52 386
52 31 386
32 51 932
51 32 932
32 73 80
73 32 80
32 53 776
53 32 776
32 88 520
88 32 520
32 32 867
32 32 867
32 37 228
37 32 228
32 63 425
63 32 425
32 50 991
50 32 991
32 66 483
66 32 483
32 39 336
39 32 336
32 84 614
84 32 614
32 95 590
95 32 590
32 70 245
70 32 245
32 67 206
67 32 206
33 46 432
46 33 432
33 59 330
59 33 330
33 38 291
38 33 291
33 88 383
88 33 383
33 87 197
87 33 197
33 78 356
78 33 356
33 81 867
81 33 867
34 36 418
36 34 418
34 75 633
75 34 633
34 77 21
77 34 21
34 88 566
88 34 566
34 91 246
91 34 246
34 65 442
65 34 442
34 70 854
70 34 854
34 57 208
57 34 208
34 82 557
82 34 557
34 68 24
68 34 24
34 85 480
85 34 480
35 46 397
46 35 397
35 42 924
42 35 924
35 68 14
68 35 14
35 61 551
61 35 551
35 60 589
60 35 589
35 62 612
62 35 612
35 89 737
89 35 737
35 61 875
61 35 875
35 50 648
50 35 648
35 88 737
88 35 737
35 49 496
49 35 496
35 92 896
92 35 896
35 79 605
79 35 605
35 51 873
51 35 873
36 93 454
93 36 454
36 94 418
94 36 418
36 79 251
79 36 251
36 49 173
49 36 173
36 86 257
86 36 257
37 38 830
38 37 830
37 53 49
53 37 49
37 67 946
67 37 946
37 92 999
92 37 999
37 80 812
80 37 812
37 92 657
92 37 657
37 81 741
81 37 741
37 48 490
48 37 490
37 55 302
55 37 302
37 84 504
84 37 504
37 74 76
74 37 76
37 69 843
69 37 843
38 92 955
92 38 955
38 44 50
44 38 50
38 56 134
56 38 134
38 57 941
57 38 941
38 56 422
56 38 422
38 62 225
62 38 225
38 85 682
85 38 682
38 65 649
65 38 649
38 61 969
61 38 969
39 57 917
57 39 917
39 71 45
71 39 45
39 94 269
94 39 269
39 69 440
69 39 440
39 86 395
86 39 395
39 41 105
41 39 105
39 65 596
65 39 596
39 44 767
44 39 767
40 42 469
42 40 469
40 43 1
43 40 1
40 76 409
76 40 409
40 85 997
85 40 997
40 51 975
51 40 975
41 44 481
44 41 481
41 87 953
87 41 953
41 85 762
85 41 762
41 70 936
70 41 936
41 42 679
42 41 679
41 71 788
71 41 788
41 71 17
71 41 17
41 76 937
76 41 937
41 49 187
49 41 187
41 46 355
46 41 355
41 42 133
42 41 133
42 52 760
52 42 760
42 63 11
63 42 11
42 51 229
51 42 229
42 43 610
43 42 610
42 64 131
64 42 131
42 86 986
86 42 986
42 67 3
67 42 3
42 79 880
79 42 880
42 92 240
92 42 240
43 72 864
72 43 864
43 89 649
89 43 649
43 85 878
85 43 878
43 85 250
85 43 250
43 67 526
67 43 526
43 49 426
49 43 426
43 61 49
61 43 49
43 63 669
63 43 669
43 64 549
64 43 549
43 87 936
87 43 936
43 57 348
57 43 348
44 87 947
87 44 947
44 48 939
48 44 939
44 72 435
72 44 435
44 88 974
88 44 974
44 70 958
70 44 958
45 94 94
94 45 94
45 81 583
81 45 583
45 79 967
79 45 967
45 66 959
66 45 959
45 72 780
72 45 780
45 84 114
84 45 114
45 53 162
53 45 162
46 56 762
56 46 762
46 88 741
88 46 741
46 92 195
92 46 195
46 91 565
91 46 565
46 50 58
50 46 58
46 52 423
52 46 423
46 47 660
47 46 660
46 94 134
94 46 134
47 62 278
62 47 278
47 68 83
68 47 83
47 81 912
81 47 912
47 58 681
58 47 681
47 88 45
88 47 45
47 83 31
83 47 31
47 53 729
53 47 729
47 81 528
81 47 528
47 64 178
64 47 178
47 60 207
60 47 207
47 80 6
80 47 6
47 88 113
88 47 113
47 55 208
55 47 208
48 89 268
89 48 268
48 87 581
87 48 581
48 90 619
90 48 619
48 79 54
79 48 54
48 67 719
67 48 719
48 68 289
68 48 289
48 82 79
82 48 79
48 64 912
64 48 912
48 75 782
75 48 782
48 70 158
70 48 158
48 62 709
62 48 709
48 70 252
70 48 252
48 76 500
76 48 500
49 60 671
60 49 671
49 71 494
71 49 494
49 66 929
66 49 929
49 59 293
59 49 293
49 89 100
89 49 100
50 80 887
80 50 887
50 94 357
94 50 357
50 54 227
54 50 227
50 94 445
94 50 445
50 79 889
79 50 889
51 61 138
61 51 138
51 68 458
68 51 458
51 52 307
52 51 307
51 69 131
69 51 131
51 52 545
52 51 545
51 53 357
53 51 357
51 71 593
71 51 593
51 63 475
63 51 475
52 58 699
58 52 699
52 85 635
85 52 635
52 86 305
86 52 305
52 90 288
90 52 288
52 77 412
77 52 412
52 77 430
77 52 430
52 65 91
65 52 91
52 82 597
82 52 597
52 71 750
71 52 750
52 91 973
91 52 973
52 66 320
66 52 320
52 66 970
66 52 970
52 71 38
71 52 38
53 61 99
61 53 99
53 58 814
58 53 814
53 64 506
64 53 506
53 85 660
85 53 660
53 91 407
91 53 407
53 81 583
81 53 583
53 71 242
71 53 242
53 71 369
71 53 369
54 81 391
81 54 391
54 54 353
54 54 353
54 84 187
84 54 187
54 74 755
74 54 755
54 70 445
70 54 445
54 73 137
73 54 137
54 81 160
81 54 160
54 64 711
64 54 711
54 77 509
77 54 509
54 68 492
68 54 492
55 66 644
66 55 644
55 77 881
77 55 881
55 84 262
84 55 262
55 58 794
58 55 794
55 57 170
57 55 170
55 69 471
69 55 471
55 80 121
80 55 121
56 64 491
64 56 491
56 87 57
87 56 57
56 89 965
89 56 965
56 78 959
78 56 959
56 84 961
84 56 961
56 67 618
67 56 618
56 61 692
61 56 692
56 78 362
78 56 362
56 86 718
86 56 718
57 84 295
84 57 295
57 94 111
94 57 111
57 63 665
63 57 665
58 88 111
88 58 111
58 75 94
75 58 94
58 88 422
88 58 422
58 66 369
66 58 369
58 64 644
64 58 644
58 61 468
61 58 468
58 92 453
92 58 453
58 90 507
90 58 507
59 63 181
63 59 181
59 82 139
82 59 139
59 73 415
73 59 415
59 76 251
76 59 251
59 65 507
65 59 507
60 74 327
74 60 327
60 91 472
91 60 472
60 76 846
76 60 846
60 86 21
86 60 21
60 79 699
79 60 699
60 84 290
84 60 290
61 74 438
74 61 438
61 84 572
84 61 572
61 64 660
64 61 660
61 89 873
89 61 873
61 86 356
86 61 356
61 61 232
61 61 232
61 95 996
95 61 996
61 76 517
76 61 517
61 83 123
83 61 123
62 92 631
92 62 631
62 63 108
63 62 108
62 78 839
78 62 839
62 80 531
80 62 531
62 65 547
65 62 547
62 85 729
85 62 729
62 66 190
66 62 190
62 74 674
74 62 674
63 92 165
92 63 165
63 74 526
74 63 526
63 74 335
74 63 335
64 65 834
65 64 834
64 87 906
87 64 906
64 95 391
95 64 391
64 92 660
92 64 660
64 77 301
77 64 301
65 65 640
65 65 640
65 67 657
67 65 657
65 94 359
94 65 359
65 74 797
74 65 797
65 95 31
95 65 31
65 90 356
90 65 356
65 94 204
94 65 204
66 68 804
68 66 804
66 79 534
79 66 534
67 95 907
95 67 907
67 67 693
67 67 693
67 85 447
85 67 447
67 74 338
74 67 338
67 78 321
78 67 321
68 92 676
92 68 676
68 87 288
87 68 288
68 70 112
70 68 112
68 82 402
82 68 402
69 71 132
71 69 132
69 73 918
73 69 918
69 72 47
72 69 47
69 69 440
69 69 440
69 78 201
78 69 201
70 78 37
78 70 37
70 88 454
88 70 454
70 92 926
92 70 926
70 94 827
94 70 827
71 91 891
91 71 891
71 83 563
83 71 563
71 92 516
92 71 516
72 92 571
92 72 571
73 79 657
79 73 657
73 87 557
87 73 557
74 76 752
76 74 752
74 91 816
91 74 816
74 79 568
79 74 568
74 92 356
92 74 356
74 75 658
75 74 658
74 91 896
91 74 896
75 81 943
81 75 943
75 82 266
82 75 266
75 82 488
82 75 488
75 82 100
82 75 100
75 93 432
93 75 432
76 77 137
77 76 137
76 83 139
83 76 139
76 83 653
83 76 653
76 77 873
77 76 873
77 84 142
84 77 142
77 88 318
88 77 318
77 89 899
89 77 899
77 86 560
86 77 560
77 94 38
94 77 38
77 83 853
83 77 853
78 87 743
87 78 743
78 80 300
80 78 300
78 87 141
87 78 141
79 84 86
84 79 86
79 81 695
81 79 695
79 91 288
91 79 288
79 83 304
83 79 304
80 93 338
93 80 338
81 95 349
95 81 349
81 91 22
91 81 22
82 95 463
95 82 463
82 87 734
87 82 734
83 88 776
88 83 776
83 92 103
92 83 103
83 92 394
92 83 394
83 89 693
89 83 693
84 94 551
94 84 551
86 95 799
95 86 799
86 88 828
88 86 828
87 88 861
88 87 861
87 95 755
95 87 755
87 94 504
94 87 504
89 91 26
91 89 26
91 92 834
92 91 834
93 94 431
94 93 431
94 94 658
94 94 658
