89

0 1 686
1 0 686
0 5 719
5 0 719
0 15 567
15 0 567
0 49 39
49 0 39
0 71 380
71 0 380
0 3 864
3 0 864
0 18 77
18 0 77
0 33 580
33 0 580
0 87 781
87 0 781
0 29 784
29 0 784
0 87 957
87 0 957
0 22 950
22 0 950
0 42 85
42 0 85
0 52 226
52 0 226
0 56 680
56 0 680
0 27 383
27 0 383
0 30 745
30 0 745
0 10 207
10 0 207
0 51 230
51 0 230
1 2 77
2 1 77
1 41 352
41 1 352
1 15 595
15 1 595
1 39 893
39 1 893
1 26 12
26 1 12
1 22 991
22 1 991
1 85 315
85 1 315
1 64 839
64 1 839
1 31 203
31 1 203
1 30 882
30 1 882
1 49 424
49 1 424
1 78 992
78 1 992
1 29 755
29 1 755
1 85 602
85 1 602
2 3 636
3 2 636
2 16 423
16 2 423
2 29 985
29 2 985
2 44 181
44 2 181
2 67 415
67 2 415
2 39 777
39 2 777
2 49 16
49 2 16
2 4 228
4 2 228
2 85 355
85 2 355
2 47 313
47 2 313
2 41 544
41 2 544
2 60 106
60 2 106
2 12 349
12 2 349
3 4 504
4 3 504
3 32 516
32 3 516
3 36 978
36 3 978
3 76 609
76 3 609
3 40 271
40 3 271
3 23 120
23 3 120
3 42 665
42 3 665
3 57 393
57 3 393
3 70 523
70 3 523
3 14 310
14 3 310
3 25 475
25 3 475
3 72 154
72 3 154
3 61 327
61 3 327
3 87 633
87 3 633
3 31 588
31 3 588
4 6 554
6 4 554
4 7 42
7 4 42
4 11 292
11 4 292
4 13 958
13 4 958
4 74 668
74 4 668
4 61 608
61 4 608
4 40 480
40 4 480
4 75 237
75 4 237
4 57 856
57 4 856
4 54 193
54 4 193
4 32 200
32 4 200
4 35 406
35 4 406
4 64 666
64 4 666
4 46 995
46 4 995
4 18 857
18 4 857
5 9 946
9 5 946
5 19 104
19 5 104
5 21 659
21 5 659
5 42 317
42 5 317
5 10 332
10 5 332
5 60 596
60 5 596
5 64 416
64 5 416
5 82 733
82 5 733
5 51 602
51 5 602
5 60 170
60 5 170
5 66 43
66 5 43
5 63 322
63 5 322
5 63 483
63 5 483
5 61 56
61 5 56
5 62 502
62 5 502
5 31 483
31 5 483
5 25 475
25 5 475
6 12 96
12 6 96
6 31 898
31 6 898
6 35 702
35 6 702
6 77 419
77 6 419
6 14 969
14 6 969
6 12 824
12 6 824
6 82 405
82 6 405
6 44 572
44 6 572
6 61 793
61 6 793
6 13 199
13 6 199
6 13 629
13 6 629
6 59 339
59 6 339
6 9 62
9 6 62
6 9 912
9 6 912
6 24 260
24 6 260
6 77 471
77 6 471
6 48 267
48 6 267
6 30 878
30 6 878
6 84 337
84 6 337
6 51 746
51 6 746
7 8 713
8 7 713
7 14 620
14 7 620
7 39 52
39 7 52
7 74 965
74 7 965
7 62 415
62 7 415
7 53 880
53 7 880
7 47 696
47 7 696
7 46 632
46 7 632
7 9 318
9 7 318
7 24 482
24 7 482
7 23 494
23 7 494
7 51 942
51 7 942
7 65 607
65 7 607
7 72 102
72 7 102
7 80 92
80 7 92
7 53 968
53 7 968
7 53 132
53 7 132
7 30 591
30 7 591
7 32 322
32 7 322
7 55 747
55 7 747
8 20 643
20 8 643
8 37 719
37 8 719
8 40 297
40 8 297
8 73 385
73 8 385
8 50 74
50 8 74
8 48 852
48 8 852
8 45 242
45 8 242
8 17 91
17 8 91
8 53 553
53 8 553
8 24 48
24 8 48
8 57 52
57 8 52
8 9 436
9 8 436
8 87 724
87 8 724
8 49 638
49 8 638
8 59 354
59 8 354
8 69 968
69 8 968
8 28 431
28 8 431
8 42 853
42 8 853
8 8 33
8 8 33
9 10 77
10 9 77
9 44 573
44 9 573
9 9 375
9 9 375
9 27 329
27 9 329
9 82 258
82 9 258
9 43 593
43 9 593
9 31 284
31 9 284
9 50 708
50 9 708
9 73 525
73 9 525
10 22 712
22 10 712
10 52 114
52 10 114
10 58 481
58 10 481
10 48 831
48 10 831
10 54 431
54 10 431
10 64 206
64 10 206
10 75 819
75 10 819
10 65 429
65 10 429
10 40 778
40 10 778
10 53 95
53 10 95
10 88 655
88 10 655
10 78 895
78 10 895
10 53 9
53 10 9
11 18 95
18 11 95
11 23 362
23 11 362
11 57 636
57 11 636
11 25 28
25 11 28
11 25 227
25 11 227
11 79 245
79 11 245
11 26 323
26 11 323
11 67 559
67 11 559
11 19 677
19 11 677
11 78 119
78 11 119
12 25 909
25 12 909
12 82 85
82 12 85
12 19 987
19 12 987
12 47 114
47 12 114
12 36 820
36 12 820
12 40 833
40 12 833
12 13 10
13 12 10
12 39 558
39 12 558
12 72 618
72 12 618
12 27 770
27 12 770
12 19 847
19 12 847
12 63 176
63 12 176
13 17 517
17 13 517
13 42 746
42 13 746
13 48 115
48 13 115
13 68 462
68 13 462
13 26 749
26 13 749
13 45 96
45 13 96
13 36 295
36 13 295
13 24 652
24 13 652
13 15 426
15 13 426
13 71 399
71 13 399
13 61 655
61 13 655
13 57 276
57 13 276
13 36 634
36 13 634
13 82 946
82 13 946
13 27 83
27 13 83
13 71 161
71 13 161
13 55 407
55 13 407
13 82 980
82 13 980
13 62 298
62 13 298
14 27 259
27 14 259
14 28 103
28 14 103
14 53 244
53 14 244
14 18 247
18 14 247
14 69 108
69 14 108
14 24 299
24 14 299
14 86 534
86 14 534
14 69 659
69 14 659
14 35 759
35 14 759
14 55 906
55 14 906
14 27 272
27 14 272
14 72 975
72 14 975
15 85 752
85 15 752
15 75 865
75 15 865
15 50 648
50 15 648
15 73 470
73 15 470
15 43 719
43 15 719
15 36 293
36 15 293
15 39 264
39 15 264
15 76 487
76 15 487
15 74 845
74 15 845
15 88 436
88 15 436
16 24 258
24 16 258
16 26 691
26 16 691
16 88 78
88 16 78
16 54 482
54 16 482
16 26 49
26 16 49
16 42 596
42 16 596
16 22 298
22 16 298
16 74 384
74 16 384
16 35 58
35 16 58
17 71 417
71 17 417
17 88 837
88 17 837
17 28 353
28 17 353
17 68 702
68 17 702
17 42 177
42 17 177
17 77 257
77 17 257
17 49 496
49 17 496
17 45 694
45 17 694
17 72 125
72 17 125
17 29 594
29 17 594
17 71 665
71 17 665
18 50 824
50 18 824
18 24 986
24 18 986
18 33 127
33 18 127
18 51 163
51 18 163
18 41 398
41 18 398
18 62 362
62 18 362
18 40 301
40 18 301
19 53 814
53 19 814
19 56 558
56 19 558
19 87 702
87 19 702
19 24 581
24 19 581
19 29 214
29 19 214
19 50 226
50 19 226
19 79 98
79 19 98
19 36 704
36 19 704
19 27 695
27 19 695
19 72 923
72 19 923
19 31 699
31 19 699
19 70 781
70 19 781
19 75 290
75 19 290
19 64 496
64 19 496
20 30 738
30 20 738
20 66 832
66 20 832
20 87 445
87 20 445
20 21 972
21 20 972
20 65 985
65 20 985
20 78 216
78 20 216
20 28 78
28 20 78
20 65 444
65 20 444
20 39 757
39 20 757
20 82 470
82 20 470
20 78 428
78 20 428
20 79 454
79 20 454
20 66 288
66 20 288
20 67 607
67 20 607
21 29 520
29 21 520
21 83 836
83 21 836
21 36 358
36 21 358
21 54 310
54 21 310
21 40 543
40 21 543
21 55 617
55 21 617
21 81 895
81 21 895
21 54 624
54 21 624
22 34 935
34 22 935
22 26 72
26 22 72
22 40 783
40 22 783
22 82 368
82 22 368
22 57 671
57 22 671
22 52 198
52 22 198
22 64 361
64 22 361
22 24 272
24 22 272
22 34 772
34 22 772
22 71 192
71 22 192
22 59 746
59 22 746
22 71 49
71 22 49
22 60 160
60 22 160
22 31 798
31 22 798
22 79 860
79 22 860
23 64 677
64 23 677
23 45 289
45 23 289
23 51 948
51 23 948
23 67 809
67 23 809
23 55 491
55 23 491
23 87 832
87 23 832
23 40 65
40 23 65
23 41 64
41 23 64
23 50 330
50 23 330
23 80 418
80 23 418
23 64 247
64 23 247
23 36 69
36 23 69
24 33 830
33 24 830
24 73 383
73 24 383
24 35 706
35 24 706
24 59 627
59 24 627
24 55 391
55 24 391
24 68 691
68 24 691
24 57 465
57 24 465
24 78 59
78 24 59
24 46 529
46 24 529
25 62 726
62 25 726
25 67 571
67 25 571
25 52 128
52 25 128
25 63 593
63 25 593
25 59 805
59 25 805
25 80 152
80 25 152
25 49 898
49 25 898
25 50 501
50 25 501
25 66 712
66 25 712
26 39 829
39 26 829
26 48 67
48 26 67
26 80 471
80 26 471
26 49 276
49 26 276
26 63 851
63 26 851
26 85 927
85 26 927
27 70 437
70 27 437
27 35 355
35 27 355
27 74 22
74 27 22
27 30 714
30 27 714
27 36 959
36 27 959
27 72 59
72 27 59
27 79 995
79 27 995
28 69 969
69 28 969
28 76 693
76 28 693
28 55 177
55 28 177
28 70 390
70 28 390
28 54 811
54 28 811
28 83 813
83 28 813
28 70 825
70 28 825
28 76 841
76 28 841
28 40 822
40 28 822
28 76 645
76 28 645
28 63 886
63 28 886
28 81 529
81 28 529
28 34 126
34 28 126
29 81 55
81 29 55
29 84 938
84 29 938
29 36 330
36 29 330
29 55 337
55 29 337
29 64 569
64 29 569
29 56 229
56 29 229
29 81 550
81 29 550
29 86 418
86 29 418
29 58 396
58 29 396
29 53 133
53 29 133
29 35 158
35 29 158
30 44 983
44 30 983
30 50 912
50 30 912
30 32 800
32 30 800
30 54 670
54 30 670
30 72 24
72 30 24
30 36 643
36 30 643
30 39 516
39 30 516
30 30 463
30 30 463
30 80 840
80 30 840
30 43 980
43 30 980
30 52 933
52 30 933
31 79 58
79 31 58
31 72 920
72 31 920
31 63 425
63 31 425
31 45 830
45 31 830
31 58 27
58 31 27
31 49 656
49 31 656
31 41 764
41 31 764
31 53 100
53 31 100
32 64 639
64 32 639
32 65 688
65 32 688
32 85 397
85 32 397
32 47 751
47 32 751
32 73 775
73 32 775
32 52 36
52 32 36
32 34 375
34 32 375
32 69 103
69 32 103
32 47 386
47 32 386
32 88 97
88 32 97
33 53 852
53 33 852
33 45 186
45 33 186
33 66 434
66 33 434
33 78 731
78 33 731
33 58 849
58 33 849
33 42 484
42 33 484
33 72 865
72 33 865
33 64 842
64 33 842
33 59 166
59 33 166
33 79 743
79 33 743
33 42 553
42 33 553
34 59 922
59 34 922
34 61 488
61 34 488
34 71 270
71 34 270
34 53 874
53 34 874
34 86 736
86 34 736
34 69 56
69 34 56
34 66 63
66 34 63
34 40 815
40 34 815
34 61 963
61 34 963
34 73 552
73 34 552
34 77 242
77 34 242
35 38 507
38 35 507
35 38 298
38 35 298
35 63 951
63 35 951
35 50 890
50 35 890
35 62 270
62 35 270
35 84 277
84 35 277
35 85 125
85 35 125
35 50 991
50 35 991
35 52 808
52 35 808
35 64 387
64 35 387
35 46 58
46 35 58
35 77 180
77 35 180
35 44 40
44 35 40
35 55 231
55 35 231
35 56 828
56 35 828
36 46 925
46 36 925
36 65 55
65 36 55
36 39 666
39 36 666
36 54 553
54 36 553
36 46 377
46 36 377
36 55 303
55 36 303
36 85 760
85 36 760
37 40 512
40 37 512
37 46 545
46 37 545
37 56 287
56 37 287
37 44 124
44 37 124
37 53 859
53 37 859
37 54 553
54 37 553
37 82 616
82 37 616
38 76 668
76 38 668
38 80 405
80 38 405
38 80 775
80 38 775
38 79 770
79 38 770
38 76 982
76 38 982
38 53 804
53 38 804
38 64 719
64 38 719
38 58 966
58 38 966
39 45 243
45 39 243
39 82 977
82 39 977
39 45 525
45 39 525
39 76 490
76 39 490
39 43 785
43 39 785
39 79 747
79 39 747
39 80 933
80 39 933
39 79 140
79 39 140
40 54 622
54 40 622
40 44 802
44 40 802
40 80 412
80 40 412
40 58 856
58 40 856
40 65 948
65 40 948
40 67 775
67 40 775
40 75 369
75 40 369
40 87 194
87 40 194
41 88 317
88 41 317
41 78 640
78 41 640
41 88 644
88 41 644
41 49 876
49 41 876
41 71 904
71 41 904
41 59 763
59 41 763
41 66 766
66 41 766
41 62 609
62 41 609
42 43 41
43 42 41
42 51 514
51 42 514
42 50 33
50 42 33
42 84 665
84 42 665
42 77 321
77 42 321
42 80 769
80 42 769
42 58 200
58 42 200
42 55 748
55 42 748
42 71 518
71 42 518
42 44 990
44 42 990
42 46 798
46 42 798
43 72 234
72 43 234
43 63 887
63 43 887
43 74 871
74 43 871
43 48 532
48 43 532
43 78 99
78 43 99
43 47 553
47 43 553
44 49 42
49 44 42
44 58 580
58 44 580
44 56 863
56 44 863
44 84 450
84 44 450
44 68 461
68 44 461
44 51 368
51 44 368
44 77 464
77 44 464
44 79 132
79 44 132
44 49 778
49 44 778
44 70 473
70 44 473
45 47 880
47 45 880
45 64 752
64 45 752
45 88 174
88 45 174
46 52 890
52 46 890
46 55 217
55 46 217
46 55 599
55 46 599
46 61 235
61 46 235
46 85 965
85 46 965
46 72 157
72 46 157
46 62 704
62 46 704
46 75 101
75 46 101
46 52 543
52 46 543
47 75 201
75 47 201
47 58 790
58 47 790
47 58 808
58 47 808
47 55 65
55 47 65
47 78 313
78 47 313
47 76 883
76 47 883
47 47 802
47 47 802
47 66 104
66 47 104
48 67 28
67 48 28
48 67 283
67 48 283
48 85 250
85 48 250
48 53 531
53 48 531
48 80 658
80 48 658
48 53 766
53 48 766
49 58 179
58 49 179
49 61 37
61 49 37
49 57 801
57 49 801
49 74 567
74 49 567
49 50 753
50 49 753
49 83 521
83 49 521
50 63 794
63 50 794
50 63 272
63 50 272
50 64 814
64 50 814
50 80 352
80 50 352
50 74 149
74 50 149
50 74 148
74 50 148
51 55 591
55 51 591
51 83 275
83 51 275
51 64 127
64 51 127
51 82 772
82 51 772
51 68 729
68 51 729
52 55 286
55 52 286
52 66 819
66 52 819
52 72 504
72 52 504
52 59 933
59 52 933
52 88 428
88 52 428
52 85 218
85 52 218
52 67 950
67 52 950
53 60 210
60 53 210
53 57 47
57 53 47
53 76 660
76 53 660
53 88 781
88 53 781
53 64 83
64 53 83
54 61 564
61 54 564
54 63 904
63 54 904
54 59 699
59 54 699
54 65 571
65 54 571
54 74 29
74 54 29
54 77 669
77 54 669
54 63 790
63 54 790
55 61 796
61 55 796
55 65 70
65 55 70
55 71 975
71 55 975
56 76 688
76 56 688
56 64 24
64 56 24
56 66 684
66 56 684
58 62 91
62 58 91
58 70 49
70 58 49
58 87 336
87 58 336
58 72 797
72 58 797
58 71 27
71 58 27
58 81 102
81 58 102
58 60 296
60 58 296
58 87 474
87 58 474
59 63 450
63 59 450
59 71 13
71 59 13
59 68 756
68 59 756
59 59 624
59 59 624
59 66 1
66 59 1
59 88 743
88 59 743
59 60 839
60 59 839
59 68 86
68 59 86
60 69 21
69 60 21
60 82 672
82 60 672
60 62 129
62 60 129
60 88 200
88 60 200
60 88 654
88 60 654
60 75 895
75 60 895
60 61 9
61 60 9
61 82 390
82 61 390
61 67 699
67 61 699
61 77 13
77 61 13
61 63 237
63 61 237
62 70 448
70 62 448
62 74 527
74 62 527
62 80 176
80 62 176
63 65 723
65 63 723
63 79 425
79 63 425
64 79 696
79 64 696
64 83 574
83 64 574
65 71 537
71 65 537
65 68 474
68 65 474
65 84 262
84 65 262
65 74 708
74 65 708
65 85 107
85 65 107
65 74 222
74 65 222
65 86 70
86 65 70
66 73 594
73 66 594
66 78 313
78 66 313
66 87 731
87 66 731
66 85 204
85 66 204
66 76 573
76 66 573
67 78 139
78 67 139
67 81 353
81 67 353
67 84 387
84 67 387
67 88 989
88 67 989
68 76 372
76 68 372
68 80 594
80 68 594
69 73 691
73 69 691
69 71 694
71 69 694
69 71 576
71 69 576
69 82 143
82 69 143
70 80 282
80 70 282
70 78 78
78 70 78
70 77 463
77 70 463
70 87 261
87 70 261
71 82 554
82 71 554
71 87 646
87 71 646
71 87 359
87 71 359
72 74 616
74 72 616
74 75 988
75 74 988
74 82 736
82 74 736
74 79 106
79 74 106
75 80 180
80 75 180
78 83 621
83 78 621
79 80 281
80 79 281
79 83 203
83 79 203
80 86 520
86 80 520
80 83 799
83 80 799
81 83 88
83 81 88
82 83 997
83 82 997
82 83 729
83 82 729
83 87 865
87 83 865
84 86 815
86 84 815
84 88 220
88 84 220
87 88 391
88 87 391
