85

0 1 610
1 0 610
0 2 608
2 0 608
0 4 523
4 0 523
0 7 115
7 0 115
0 38 658
38 0 658
0 43 394
43 0 394
0 83 955
83 0 955
0 6 507
6 0 507
0 71 142
71 0 142
1 5 174
5 1 174
1 12 634
12 1 634
1 16 712
16 1 712
1 36 59
36 1 59
2 3 5
3 2 5
2 11 628
11 2 628
2 40 170
40 2 170
2 32 944
32 2 944
2 62 537
62 2 537
2 14 892
14 2 892
2 55 410
55 2 410
2 6 200
6 2 200
3 21 975
21 3 975
3 30 548
30 3 548
3 81 771
81 3 771
3 12 347
12 3 347
3 76 52
76 3 52
3 11 619
11 3 619
4 6 926
6 4 926
4 10 347
10 4 347
4 42 419
42 4 419
4 49 523
49 4 523
4 12 80
12 4 80
4 43 994
43 4 994
4 69 83
69 4 83
5 18 228
18 5 228
5 24 121
24 5 121
5 52 238
52 5 238
5 51 665
51 5 665
5 7 994
7 5 994
5 22 408
22 5 408
5 51 759
51 5 759
5 32 340
32 5 340
6 15 305
15 6 305
6 64 278
64 6 278
6 55 946
55 6 946
6 48 569
48 6 569
6 76 14
76 6 14
6 21 853
21 6 853
7 8 391
8 7 391
7 9 743
9 7 743
7 27 164
27 7 164
7 41 916
41 7 916
7 44 576
44 7 576
7 68 707
68 7 707
7 63 490
63 7 490
7 66 860
66 7 860
7 48 106
48 7 106
7 68 159
68 7 159
8 14 158
14 8 158
8 22 629
22 8 629
8 76 350
76 8 350
8 44 533
44 8 533
8 61 440
61 8 440
8 70 767
70 8 767
8 18 465
18 8 465
9 36 545
36 9 545
9 39 995
39 9 995
9 51 414
51 9 414
9 56 350
56 9 350
9 40 60
40 9 60
9 17 62
17 9 62
9 51 868
51 9 868
9 54 726
54 9 726
9 12 393
12 9 393
10 29 425
29 10 425
10 45 901
45 10 901
10 67 534
67 10 534
10 75 107
75 10 107
10 12 371
12 10 371
10 49 457
49 10 457
11 13 759
13 11 759
11 34 767
34 11 767
11 77 744
77 11 744
11 36 555
36 11 555
11 43 807
43 11 807
11 79 80
79 11 80
12 17 699
17 12 699
12 82 761
82 12 761
12 57 525
57 12 525
13 76 863
76 13 863
13 15 680
15 13 680
14 19 328
19 14 328
14 84 240
84 14 240
14 56 48
56 14 48
15 24 923
24 15 923
15 53 151
53 15 151
15 54 401
54 15 401
15 62 744
62 15 744
16 19 688
19 16 688
16 30 682
30 16 682
16 80 711
80 16 711
16 58 88
58 16 88
16 68 684
68 16 684
17 21 766
21 17 766
18 20 659
20 18 659
18 28 787
28 18 787
18 35 490
35 18 490
18 38 198
38 18 198
18 50 142
50 18 142
18 59 892
59 18 892
18 38 115
38 18 115
19 23 95
23 19 95
19 25 105
25 19 105
19 74 409
74 19 409
19 34 239
34 19 239
19 43 762
43 19 762
20 32 426
32 20 426
20 37 387
37 20 387
20 49 627
49 20 627
21 82 643
82 21 643
21 24 966
24 21 966
21 22 675
22 21 675
21 66 751
66 21 751
22 34 605
34 22 605
22 76 665
76 22 665
22 60 664
60 22 664
22 41 755
41 22 755
22 76 222
76 22 222
23 26 212
26 23 212
23 37 70
37 23 70
24 35 429
35 24 429
24 46 429
46 24 429
24 25 751
25 24 751
24 77 730
77 24 730
24 71 627
71 24 627
25 31 595
31 25 595
25 64 357
64 25 357
25 65 735
65 25 735
25 79 927
79 25 927
25 35 132
35 25 132
25 75 483
75 25 483
26 50 260
50 26 260
26 71 787
71 26 787
26 70 2
70 26 2
26 74 421
74 26 421
26 58 42
58 26 42
26 68 900
68 26 900
26 51 380
51 26 380
27 49 789
49 27 789
27 66 658
66 27 658
27 77 123
77 27 123
27 29 899
29 27 899
28 64 594
64 28 594
29 33 762
33 29 762
29 48 369
48 29 369
29 54 480
54 29 480
29 57 588
57 29 588
29 79 874
79 29 874
29 68 869
68 29 869
29 70 611
70 29 611
29 81 872
81 29 872
29 66 247
66 29 247
29 66 2
66 29 2
30 59 477
59 30 477
30 59 883
59 30 883
30 67 667
67 30 667
30 79 474
79 30 474
30 80 62
80 30 62
31 57 242
57 31 242
31 48 584
48 31 584
32 53 928
53 32 928
32 58 672
58 32 672
32 70 164
70 32 164
34 76 941
76 34 941
34 59 832
59 34 832
36 62 27
62 36 27
36 52 48
52 36 48
36 66 95
66 36 95
37 78 420
78 37 420
37 44 508
44 37 508
37 80 767
80 37 767
37 39 617
39 37 617
37 68 916
68 37 916
38 62 829
62 38 829
38 58 142
58 38 142
38 40 100
40 38 100
40 47 593
47 40 593
41 73 104
73 41 104
42 61 644
61 42 644
42 44 838
44 42 838
43 73 177
73 43 177
43 50 454
50 43 454
43 77 485
77 43 485
43 74 151
74 43 151
44 79 671
79 44 671
45 50 460
50 45 460
45 61 991
61 45 991
45 47 856
47 45 856
45 54 256
54 45 256
46 59 472
59 46 472
48 52 216
52 48 216
49 53 415
53 49 415
49 54 981
54 49 981
50 55 202
55 50 202
51 69 43
69 51 43
51 68 92
68 51 92
51 59 612
59 51 612
51 73 484
73 51 484
51 76 217
76 51 217
52 70 22
70 52 22
52 59 221
59 52 221
52 81 823
81 52 823
52 83 341
83 52 341
53 65 8
65 53 8
53 82 279
82 53 279
53 66 134
66 53 134
53 68 134
68 53 134
54 83 309
83 54 309
54 65 647
65 54 647
54 66 318
66 54 318
57 60 654
60 57 654
57 72 209
72 57 209
57 65 929
65 57 929
57 78 534
78 57 534
57 63 190
63 57 190
58 80 577
80 58 577
59 76 178
76 59 178
60 63 374
63 60 374
60 72 102
72 60 102
61 66 163
66 61 163
61 69 137
69 61 137
62 77 559
77 62 559
63 79 215
79 63 215
63 79 362
79 63 362
66 74 900
74 66 900
66 69 845
69 66 845
67 75 108
75 67 108
68 76 519
76 68 519
69 83 568
83 69 568
70 80 508
80 70 508
71 83 408
83 71 408
71 79 541
79 71 541
73 82 632
82 73 632
74 75 547
75 74 547
75 83 812
83 75 812
76 79 703
79 76 703
77 82 646
82 77 646
80 84 386
84 80 386
