92

0 1 321
1 0 321
0 9 1
9 0 1
0 58 279
58 0 279
0 89 495
89 0 495
0 81 414
81 0 414
0 50 648
50 0 648
0 81 727
81 0 727
0 41 901
41 0 901
0 12 304
12 0 304
0 35 556
35 0 556
1 2 997
2 1 997
1 3 365
3 1 365
1 4 790
4 1 790
1 87 147
87 1 147
1 68 503
68 1 503
1 69 623
69 1 623
1 76 87
76 1 87
2 5 564
5 2 564
2 7 522
7 2 522
2 10 155
10 2 155
2 29 838
29 2 838
2 9 540
9 2 540
2 57 107
57 2 107
3 14 408
14 3 408
3 75 5
75 3 5
3 41 818
41 3 818
3 72 60
72 3 60
3 23 94
23 3 94
3 76 156
76 3 156
3 87 126
87 3 126
4 17 206
17 4 206
4 21 8
21 4 8
4 15 100
15 4 100
4 75 972
75 4 972
4 19 546
19 4 546
4 39 322
39 4 322
4 12 639
12 4 639
5 6 363
6 5 363
5 12 463
12 5 463
5 53 62
53 5 62
5 18 441
18 5 441
5 57 374
57 5 374
5 32 211
32 5 211
5 55 840
55 5 840
5 36 862
36 5 862
6 16 281
16 6 281
6 27 151
27 6 151
6 45 468
45 6 468
6 32 250
32 6 250
6 60 560
60 6 560
6 34 571
34 6 571
7 8 844
8 7 844
7 18 98
18 7 98
7 35 87
35 7 87
7 84 474
84 7 474
7 88 254
88 7 254
7 57 256
57 7 256
7 51 971
51 7 971
8 31 204
31 8 204
8 19 473
19 8 473
8 31 61
31 8 61
8 34 242
34 8 242
8 73 918
73 8 918
8 47 750
47 8 750
9 13 193
13 9 193
9 20 617
20 9 617
9 22 196
22 9 196
9 72 656
72 9 656
9 77 664
77 9 664
9 54 746
54 9 746
9 71 564
71 9 564
9 18 422
18 9 422
9 40 944
40 9 944
9 30 932
30 9 932
10 11 94
11 10 94
10 65 873
65 10 873
10 76 67
76 10 67
10 76 74
76 10 74
10 17 185
17 10 185
10 28 410
28 10 410
11 34 784
34 11 784
11 44 838
44 11 838
11 78 821
78 11 821
11 80 407
80 11 407
11 62 471
62 11 471
11 68 844
68 11 844
11 34 2
34 11 2
11 81 611
81 11 611
11 76 414
76 11 414
11 40 264
40 11 264
12 25 345
25 12 345
12 69 605
69 12 605
12 81 981
81 12 981
12 22 310
22 12 310
12 70 952
70 12 952
12 44 636
44 12 636
12 25 909
25 12 909
13 19 727
19 13 727
13 48 741
48 13 741
13 67 323
67 13 323
13 48 280
48 13 280
13 22 542
22 13 542
13 56 391
56 13 391
13 29 904
29 13 904
14 15 707
15 14 707
14 53 666
53 14 666
14 76 950
76 14 950
15 28 924
28 15 924
15 42 663
42 15 663
15 49 156
49 15 156
15 85 147
85 15 147
15 39 867
39 15 867
15 33 353
33 15 353
15 55 84
55 15 84
15 45 58
45 15 58
15 59 793
59 15 793
15 79 773
79 15 773
16 70 559
70 16 559
16 85 193
85 16 193
16 84 798
84 16 798
16 56 77
56 16 77
16 50 11
50 16 11
16 57 794
57 16 794
17 26 909
26 17 909
17 38 621
38 17 621
17 21 504
21 17 504
17 57 605
57 17 605
17 41 553
41 17 553
17 28 734
28 17 734
18 30 943
30 18 943
18 46 537
46 18 537
18 75 242
75 18 242
18 20 799
20 18 799
18 48 965
48 18 965
18 33 446
33 18 446
18 82 487
82 18 487
18 56 892
56 18 892
18 51 840
51 18 840
18 79 156
79 18 156
18 70 504
70 18 504
19 40 525
40 19 525
19 71 653
71 19 653
19 79 217
79 19 217
19 91 329
91 19 329
19 64 337
64 19 337
19 41 127
41 19 127
19 43 940
43 19 940
19 40 807
40 19 807
20 23 618
23 20 618
20 24 532
24 20 532
20 63 251
63 20 251
20 44 897
44 20 897
20 45 801
45 20 801
21 68 208
68 21 208
21 83 441
83 21 441
21 83 802
83 21 802
21 52 656
52 21 656
21 77 3
77 21 3
21 33 229
33 21 229
21 90 443
90 21 443
22 52 391
52 22 391
22 56 194
56 22 194
22 60 15
60 22 15
22 70 607
70 22 607
22 52 55
52 22 55
23 37 40
37 23 40
23 82 134
82 23 134
23 66 912
66 23 912
23 74 989
74 23 989
23 65 196
65 23 196
24 38 224
38 24 224
24 46 941
46 24 941
25 36 236
36 25 236
25 46 327
46 25 327
25 25 28
25 25 28
27 33 574
33 27 574
27 35 626
35 27 626
27 64 923
64 27 923
27 69 303
69 27 303
27 52 93
52 27 93
28 43 33
43 28 33
28 68 541
68 28 541
28 88 129
88 28 129
28 49 811
49 28 811
28 48 949
48 28 949
28 57 701
57 28 701
29 50 525
50 29 525
29 54 940
54 29 940
29 40 499
40 29 499
29 69 198
69 29 198
29 85 971
85 29 971
29 67 311
67 29 311
30 70 829
70 30 829
31 32 330
32 31 330
31 41 770
41 31 770
31 54 726
54 31 726
31 60 995
60 31 995
31 33 499
33 31 499
32 90 222
90 32 222
32 35 106
35 32 106
32 82 804
82 32 804
33 54 231
54 33 231
33 57 803
57 33 803
33 89 800
89 33 800
33 82 515
82 33 515
33 78 263
78 33 263
33 89 663
89 33 663
33 81 623
81 33 623
35 77 331
77 35 331
35 90 800
90 35 800
35 45 790
45 35 790
35 54 289
54 35 289
36 47 404
47 36 404
36 65 394
65 36 394
36 73 53
73 36 53
36 66 758
66 36 758
36 38 810
38 36 810
36 53 825
53 36 825
36 70 90
70 36 90
37 41 141
41 37 141
37 53 933
53 37 933
37 78 435
78 37 435
38 39 705
39 38 705
38 88 347
88 38 347
38 64 169
64 38 169
38 40 5
40 38 5
38 38 865
38 38 865
38 65 98
65 38 98
38 80 987
80 38 987
38 81 276
81 38 276
38 50 180
50 38 180
39 79 341
79 39 341
39 43 452
43 39 452
39 88 815
88 39 815
39 43 956
43 39 956
39 77 805
77 39 805
39 79 494
79 39 494
40 53 586
53 40 586
40 59 84
59 40 84
40 85 704
85 40 704
40 61 773
61 40 773
40 48 53
48 40 53
40 79 158
79 40 158
40 73 866
73 40 866
40 51 368
51 40 368
41 80 106
80 41 106
41 82 755
82 41 755
41 66 110
66 41 110
41 86 627
86 41 627
42 51 723
51 42 723
42 76 322
76 42 322
42 83 494
83 42 494
43 59 266
59 43 266
43 66 512
66 43 512
43 80 730
80 43 730
43 57 180
57 43 180
44 47 126
47 44 126
44 87 598
87 44 598
44 58 4
58 44 4
44 86 606
86 44 606
45 91 729
91 45 729
45 52 547
52 45 547
45 58 948
58 45 948
46 85 224
85 46 224
46 55 476
55 46 476
46 51 666
51 46 666
46 48 636
48 46 636
47 62 629
62 47 629
47 75 401
75 47 401
47 58 25
58 47 25
48 54 98
54 48 98
49 50 49
50 49 49
49 64 652
64 49 652
50 55 645
55 50 645
50 57 577
57 50 577
50 75 609
75 50 609
50 89 149
89 50 149
50 70 425
70 50 425
51 72 408
72 51 408
51 60 600
60 51 600
52 74 856
74 52 856
52 70 362
70 52 362
52 65 874
65 52 874
52 76 692
76 52 692
52 82 585
82 52 585
53 54 838
54 53 838
53 80 271
80 53 271
53 89 545
89 53 545
54 61 430
61 54 430
54 86 554
86 54 554
54 83 78
83 54 78
54 55 1000
55 54 1000
55 57 41
57 55 41
56 66 105
66 56 105
56 69 450
69 56 450
58 67 298
67 58 298
58 84 250
84 58 250
59 89 860
89 59 860
59 86 209
86 59 209
59 89 153
89 59 153
59 61 692
61 59 692
59 70 960
70 59 960
60 64 346
64 60 346
60 61 584
61 60 584
60 74 457
74 60 457
61 83 907
83 61 907
61 90 170
90 61 170
63 73 689
73 63 689
66 86 455
86 66 455
67 74 292
74 67 292
67 73 835
73 67 835
68 84 151
84 68 151
68 69 508
69 68 508
69 71 104
71 69 104
69 91 432
91 69 432
69 72 141
72 69 141
70 89 190
89 70 190
71 79 768
79 71 768
71 75 879
75 71 879
71 74 931
74 71 931
72 75 820
75 72 820
72 80 792
80 72 792
72 86 677
86 72 677
72 79 463
79 72 463
72 75 153
75 72 153
72 74 669
74 72 669
72 86 146
86 72 146
74 76 692
76 74 692
76 78 947
78 76 947
80 90 657
90 80 657
80 89 40
89 80 40
81 85 483
85 81 483
82 87 668
87 82 668
82 91 451
91 82 451
85 87 704
87 85 704
86 87 342
87 86 342
