98

0 1 914
1 0 914
0 3 648
3 0 648
0 5 466
5 0 466
0 6 175
6 0 175
0 7 20
7 0 20
0 8 547
8 0 547
0 16 904
16 0 904
0 91 235
91 0 235
0 95 286
95 0 286
0 27 305
27 0 305
0 39 561
39 0 561
0 43 476
43 0 476
0 46 20
46 0 20
0 38 790
38 0 790
0 79 830
79 0 830
0 70 158
70 0 158
0 22 107
22 0 107
1 2 953
2 1 953
1 4 11
4 1 11
1 10 68
10 1 68
1 19 693
19 1 693
1 22 955
22 1 955
1 35 246
35 1 246
1 51 214
51 1 214
1 67 980
67 1 980
1 15 714
15 1 714
1 65 319
65 1 319
1 94 237
94 1 237
1 54 696
54 1 696
1 89 386
89 1 386
1 54 500
54 1 500
1 38 549
38 1 549
1 73 566
73 1 566
1 59 372
59 1 372
1 13 940
13 1 940
1 48 155
48 1 155
1 29 17
29 1 17
2 12 346
12 2 346
2 31 450
31 2 450
2 6 729
6 2 729
2 79 530
79 2 530
2 51 390
51 2 390
2 86 924
86 2 924
2 22 239
22 2 239
2 16 406
16 2 406
2 44 41
44 2 41
2 73 114
73 2 114
2 91 611
91 2 611
2 40 169
40 2 169
2 80 13
80 2 13
2 69 596
69 2 596
2 21 226
21 2 226
2 92 43
92 2 43
2 77 542
77 2 542
2 75 121
75 2 121
2 91 345
91 2 345
2 22 864
22 2 864
3 29 478
29 3 478
3 73 782
73 3 782
3 85 425
85 3 425
3 39 348
39 3 348
3 43 828
43 3 828
3 47 437
47 3 437
3 39 155
39 3 155
3 54 605
54 3 605
3 59 405
59 3 405
3 76 767
76 3 767
3 75 623
75 3 623
3 63 154
63 3 154
3 79 489
79 3 489
3 39 857
39 3 857
3 37 498
37 3 498
3 70 210
70 3 210
3 52 286
52 3 286
4 15 436
15 4 436
4 42 489
42 4 489
4 91 655
91 4 655
4 70 69
70 4 69
4 78 807
78 4 807
4 34 511
34 4 511
4 35 42
35 4 42
4 19 32
19 4 32
4 53 140
53 4 140
4 44 770
44 4 770
4 17 461
17 4 461
4 34 413
34 4 413
4 16 231
16 4 231
4 36 176
36 4 176
4 94 442
94 4 442
4 23 245
23 4 245
4 71 64
71 4 64
4 37 975
37 4 975
4 65 384
65 4 384
4 84 531
84 4 531
5 48 857
48 5 857
5 80 396
80 5 396
5 74 812
74 5 812
5 73 387
73 5 387
5 10 254
10 5 254
5 94 103
94 5 103
5 64 998
64 5 998
5 42 219
42 5 219
5 29 767
29 5 767
5 76 956
76 5 956
5 47 295
47 5 295
5 71 234
71 5 234
5 63 580
63 5 580
5 64 96
64 5 96
5 81 589
81 5 589
5 25 193
25 5 193
5 17 113
17 5 113
6 23 541
23 6 541
6 47 617
47 6 617
6 81 883
81 6 883
6 69 327
69 6 327
6 86 74
86 6 74
6 62 292
62 6 292
6 50 671
50 6 671
6 29 624
29 6 624
6 36 55
36 6 55
6 30 85
30 6 85
6 25 128
25 6 128
6 31 448
31 6 448
6 91 118
91 6 118
6 44 913
44 6 913
6 63 890
63 6 890
7 9 948
9 7 948
7 21 797
21 7 797
7 31 581
31 7 581
7 15 113
15 7 113
7 13 295
13 7 295
7 14 479
14 7 479
7 27 754
27 7 754
7 95 425
95 7 425
7 13 836
13 7 836
7 54 785
54 7 785
7 35 424
35 7 424
7 72 935
72 7 935
7 42 390
42 7 390
7 93 622
93 7 622
7 84 161
84 7 161
7 82 378
82 7 378
7 78 788
78 7 788
7 85 562
85 7 562
7 96 81
96 7 81
8 11 610
11 8 610
8 38 988
38 8 988
8 47 129
47 8 129
8 12 939
12 8 939
8 44 694
44 8 694
8 65 127
65 8 127
8 75 305
75 8 305
8 83 85
83 8 85
8 48 410
48 8 410
8 51 800
51 8 800
8 75 548
75 8 548
8 88 299
88 8 299
8 51 254
51 8 254
8 18 259
18 8 259
8 71 386
71 8 386
9 17 901
17 9 901
9 53 604
53 9 604
9 96 869
96 9 869
9 54 658
54 9 658
9 90 794
90 9 794
9 70 338
70 9 338
9 28 491
28 9 491
9 37 43
37 9 43
9 71 120
71 9 120
9 31 210
31 9 210
9 90 978
90 9 978
9 14 380
14 9 380
9 14 606
14 9 606
9 76 452
76 9 452
9 23 745
23 9 745
9 43 246
43 9 246
9 70 740
70 9 740
9 16 991
16 9 991
9 54 428
54 9 428
9 67 320
67 9 320
9 94 195
94 9 195
10 13 8
13 10 8
10 23 755
23 10 755
10 25 427
25 10 427
10 49 975
49 10 975
10 24 217
24 10 217
10 89 161
89 10 161
10 20 40
20 10 40
10 95 629
95 10 629
10 47 290
47 10 290
10 91 675
91 10 675
10 53 29
53 10 29
10 23 493
23 10 493
10 39 335
39 10 335
10 41 214
41 10 214
10 48 967
48 10 967
10 36 708
36 10 708
10 45 870
45 10 870
10 67 701
67 10 701
10 28 761
28 10 761
10 23 438
23 10 438
11 62 675
62 11 675
11 56 603
56 11 603
11 38 49
38 11 49
11 45 585
45 11 585
11 41 97
41 11 97
11 76 991
76 11 991
12 14 155
14 12 155
12 24 565
24 12 565
12 56 817
56 12 817
12 64 564
64 12 564
12 84 343
84 12 343
12 87 234
87 12 234
12 33 929
33 12 929
12 13 837
13 12 837
12 66 54
66 12 54
12 35 352
35 12 352
12 50 149
50 12 149
12 22 542
22 12 542
12 84 396
84 12 396
12 70 498
70 12 498
12 79 666
79 12 666
12 64 392
64 12 392
12 89 396
89 12 396
12 89 295
89 12 295
12 85 738
85 12 738
12 76 724
76 12 724
12 62 503
62 12 503
13 18 687
18 13 687
13 33 825
33 13 825
13 97 125
97 13 125
13 17 594
17 13 594
13 53 326
53 13 326
13 58 935
58 13 935
13 77 960
77 13 960
13 76 110
76 13 110
13 59 461
59 13 461
13 92 19
92 13 19
13 36 100
36 13 100
13 64 308
64 13 308
13 37 769
37 13 769
13 17 186
17 13 186
13 90 907
90 13 907
13 60 210
60 13 210
13 63 548
63 13 548
13 90 209
90 13 209
13 37 571
37 13 571
13 88 837
88 13 837
13 68 824
68 13 824
14 27 546
27 14 546
14 60 273
60 14 273
14 90 656
90 14 656
14 65 708
65 14 708
14 34 943
34 14 943
14 17 926
17 14 926
14 51 287
51 14 287
14 38 160
38 14 160
14 46 677
46 14 677
14 85 140
85 14 140
14 32 852
32 14 852
14 62 168
62 14 168
14 68 651
68 14 651
14 50 247
50 14 247
15 72 214
72 15 214
15 78 718
78 15 718
15 69 360
69 15 360
15 59 195
59 15 195
15 42 525
42 15 525
15 95 181
95 15 181
15 78 679
78 15 679
15 67 189
67 15 189
15 60 91
60 15 91
15 28 777
28 15 777
15 24 586
24 15 586
15 87 668
87 15 668
15 30 738
30 15 738
15 58 439
58 15 439
15 33 319
33 15 319
15 59 109
59 15 109
15 82 903
82 15 903
15 18 605
18 15 605
15 84 380
84 15 380
15 53 375
53 15 375
15 40 999
40 15 999
15 28 373
28 15 373
15 16 391
16 15 391
15 97 519
97 15 519
16 30 264
30 16 264
16 43 314
43 16 314
16 50 734
50 16 734
16 77 843
77 16 843
16 20 326
20 16 326
16 95 183
95 16 183
16 76 35
76 16 35
16 80 622
80 16 622
16 24 373
24 16 373
16 76 106
76 16 106
16 91 419
91 16 419
16 56 775
56 16 775
16 77 570
77 16 570
16 96 476
96 16 476
16 78 794
78 16 794
16 50 863
50 16 863
17 20 15
20 17 15
17 59 412
59 17 412
17 61 178
61 17 178
17 50 177
50 17 177
17 47 528
47 17 528
17 84 820
84 17 820
17 82 149
82 17 149
17 91 733
91 17 733
17 32 123
32 17 123
17 50 810
50 17 810
17 64 156
64 17 156
17 45 612
45 17 612
17 54 987
54 17 987
17 93 291
93 17 291
17 19 459
19 17 459
17 86 455
86 17 455
17 92 652
92 17 652
17 47 630
47 17 630
17 91 694
91 17 694
17 41 225
41 17 225
17 52 445
52 17 445
17 62 180
62 17 180
18 54 374
54 18 374
18 87 972
87 18 972
18 48 50
48 18 50
18 50 948
50 18 948
18 59 427
59 18 427
18 78 69
78 18 69
18 95 37
95 18 37
18 92 786
92 18 786
18 87 583
87 18 583
18 65 988
65 18 988
18 83 727
83 18 727
18 45 952
45 18 952
18 27 432
27 18 432
18 92 308
92 18 308
18 59 351
59 18 351
18 59 930
59 18 930
18 33 992
33 18 992
18 78 845
78 18 845
18 82 914
82 18 914
18 74 46
74 18 46
18 40 498
40 18 498
19 39 444
39 19 444
19 80 875
80 19 875
19 61 503
61 19 503
19 55 985
55 19 985
19 22 603
22 19 603
19 92 836
92 19 836
19 62 955
62 19 955
19 49 401
49 19 401
19 25 198
25 19 198
19 56 256
56 19 256
19 35 249
35 19 249
19 32 743
32 19 743
19 52 490
52 19 490
19 92 557
92 19 557
19 80 541
80 19 541
19 55 872
55 19 872
20 70 264
70 20 264
20 48 670
48 20 670
20 42 509
42 20 509
20 81 691
81 20 691
20 94 392
94 20 392
20 88 249
88 20 249
20 54 861
54 20 861
20 82 519
82 20 519
20 26 578
26 20 578
20 43 394
43 20 394
20 97 842
97 20 842
20 29 239
29 20 239
20 97 180
97 20 180
20 36 189
36 20 189
20 42 331
42 20 331
20 74 55
74 20 55
20 34 222
34 20 222
21 26 558
26 21 558
21 81 951
81 21 951
21 27 934
27 21 934
21 76 435
76 21 435
21 49 491
49 21 491
21 82 298
82 21 298
21 89 403
89 21 403
21 60 805
60 21 805
21 25 361
25 21 361
21 71 165
71 21 165
21 81 74
81 21 74
21 96 512
96 21 512
21 78 795
78 21 795
21 32 466
32 21 466
21 49 126
49 21 126
21 30 480
30 21 480
22 37 843
37 22 843
22 63 278
63 22 278
22 58 913
58 22 913
22 87 336
87 22 336
22 30 226
30 22 226
22 29 569
29 22 569
22 52 599
52 22 599
22 73 715
73 22 715
22 69 505
69 22 505
22 33 164
33 22 164
22 77 263
77 22 263
23 28 80
28 23 80
23 32 232
32 23 232
23 34 415
34 23 415
23 34 322
34 23 322
23 78 547
78 23 547
23 92 498
92 23 498
23 64 579
64 23 579
23 49 321
49 23 321
23 90 678
90 23 678
23 79 488
79 23 488
23 61 755
61 23 755
23 48 107
48 23 107
23 39 68
39 23 68
23 83 464
83 23 464
23 43 941
43 23 941
23 26 795
26 23 795
23 51 831
51 23 831
23 77 559
77 23 559
23 77 959
77 23 959
24 28 817
28 24 817
24 40 31
40 24 31
24 92 352
92 24 352
24 95 449
95 24 449
24 63 629
63 24 629
24 60 556
60 24 556
24 80 897
80 24 897
24 92 521
92 24 521
24 43 971
43 24 971
24 55 567
55 24 567
24 39 42
39 24 42
24 76 144
76 24 144
24 55 695
55 24 695
24 44 43
44 24 43
25 44 936
44 25 936
25 71 606
71 25 606
25 79 543
79 25 543
25 94 273
94 25 273
25 56 462
56 25 462
25 37 496
37 25 496
25 83 509
83 25 509
25 57 796
57 25 796
25 60 121
60 25 121
25 91 697
91 25 697
25 37 56
37 25 56
25 90 358
90 25 358
25 77 254
77 25 254
25 47 310
47 25 310
25 97 204
97 25 204
25 68 716
68 25 716
25 28 608
28 25 608
25 87 402
87 25 402
25 60 276
60 25 276
25 37 915
37 25 915
25 36 962
36 25 962
25 52 854
52 25 854
26 70 70
70 26 70
26 49 726
49 26 726
26 84 496
84 26 496
26 66 577
66 26 577
26 60 672
60 26 672
26 34 731
34 26 731
26 57 538
57 26 538
26 62 484
62 26 484
26 86 460
86 26 460
26 96 174
96 26 174
26 31 305
31 26 305
26 63 53
63 26 53
26 33 179
33 26 179
27 45 628
45 27 628
27 50 882
50 27 882
27 87 727
87 27 727
27 63 149
63 27 149
27 82 379
82 27 379
27 92 992
92 27 992
27 77 164
77 27 164
27 95 586
95 27 586
27 32 348
32 27 348
27 89 305
89 27 305
27 83 628
83 27 628
27 65 364
65 27 364
27 84 623
84 27 623
28 83 908
83 28 908
28 29 440
29 28 440
28 47 252
47 28 252
28 92 647
92 28 647
28 45 913
45 28 913
28 93 937
93 28 937
28 77 683
77 28 683
28 48 184
48 28 184
29 36 386
36 29 386
29 86 87
86 29 87
29 57 240
57 29 240
29 86 596
86 29 596
29 39 696
39 29 696
29 97 866
97 29 866
29 87 763
87 29 763
29 94 31
94 29 31
30 43 721
43 30 721
30 80 819
80 30 819
30 67 769
67 30 769
30 97 815
97 30 815
30 73 487
73 30 487
30 31 416
31 30 416
30 86 243
86 30 243
30 77 310
77 30 310
30 63 331
63 30 331
30 72 410
72 30 410
30 54 139
54 30 139
30 45 134
45 30 134
30 81 771
81 30 771
30 37 453
37 30 453
31 69 766
69 31 766
31 64 974
64 31 974
31 75 736
75 31 736
31 76 691
76 31 691
31 50 745
50 31 745
31 96 641
96 31 641
31 75 594
75 31 594
31 38 379
38 31 379
31 78 931
78 31 931
31 54 742
54 31 742
31 60 639
60 31 639
31 58 715
58 31 715
31 48 987
48 31 987
31 82 501
82 31 501
32 52 730
52 32 730
32 90 416
90 32 416
32 81 329
81 32 329
32 47 732
47 32 732
32 37 908
37 32 908
32 35 927
35 32 927
32 58 319
58 32 319
32 73 882
73 32 882
32 35 607
35 32 607
32 94 494
94 32 494
32 36 644
36 32 644
32 84 687
84 32 687
32 36 175
36 32 175
32 64 56
64 32 56
32 83 451
83 32 451
33 53 536
53 33 536
33 48 41
48 33 41
33 88 124
88 33 124
33 41 827
41 33 827
33 97 938
97 33 938
33 61 555
61 33 555
34 65 208
65 34 208
34 76 333
76 34 333
34 86 812
86 34 812
34 64 221
64 34 221
34 54 929
54 34 929
34 85 348
85 34 348
34 74 104
74 34 104
34 62 494
62 34 494
34 88 640
88 34 640
34 71 886
71 34 886
34 88 485
88 34 485
34 46 545
46 34 545
35 41 636
41 35 636
35 57 359
57 35 359
35 81 59
81 35 59
35 70 26
70 35 26
35 91 309
91 35 309
35 40 497
40 35 497
35 82 744
82 35 744
35 70 330
70 35 330
35 68 736
68 35 736
35 60 222
60 35 222
35 62 879
62 35 879
35 40 196
40 35 196
35 46 109
46 35 109
35 72 886
72 35 886
35 82 218
82 35 218
35 94 405
94 35 405
35 71 868
71 35 868
35 52 970
52 35 970
35 65 474
65 35 474
36 46 154
46 36 154
36 55 35
55 36 35
36 72 532
72 36 532
36 65 714
65 36 714
36 56 224
56 36 224
36 45 502
45 36 502
36 90 874
90 36 874
36 43 764
43 36 764
36 59 422
59 36 422
36 59 598
59 36 598
36 86 609
86 36 609
37 40 431
40 37 431
37 95 95
95 37 95
37 83 585
83 37 585
37 82 256
82 37 256
37 97 97
97 37 97
37 58 269
58 37 269
37 73 305
73 37 305
37 45 47
45 37 47
37 87 192
87 37 192
37 50 687
50 37 687
38 44 260
44 38 260
38 87 569
87 38 569
38 67 394
67 38 394
38 81 906
81 38 906
38 88 167
88 38 167
38 46 743
46 38 743
38 92 871
92 38 871
38 70 15
70 38 15
38 73 474
73 38 474
38 40 316
40 38 316
38 68 453
68 38 453
39 79 612
79 39 612
39 76 962
76 39 962
39 48 850
48 39 850
39 49 771
49 39 771
39 62 986
62 39 986
39 58 452
58 39 452
39 88 383
88 39 383
39 49 930
49 39 930
39 92 937
92 39 937
39 60 310
60 39 310
39 45 664
45 39 664
39 94 37
94 39 37
39 55 49
55 39 49
40 93 601
93 40 601
40 83 198
83 40 198
40 72 814
72 40 814
40 81 406
81 40 406
40 41 348
41 40 348
40 73 2
73 40 2
40 45 153
45 40 153
40 63 835
63 40 835
40 59 451
59 40 451
40 75 219
75 40 219
40 42 411
42 40 411
41 92 155
92 41 155
41 84 643
84 41 643
41 45 355
45 41 355
41 78 7
78 41 7
41 86 17
86 41 17
41 89 393
89 41 393
41 70 838
70 41 838
41 89 612
89 41 612
41 44 656
44 41 656
41 91 616
91 41 616
41 83 660
83 41 660
42 71 882
71 42 882
42 58 771
58 42 771
42 90 223
90 42 223
42 56 126
56 42 126
42 96 497
96 42 497
42 54 242
54 42 242
42 71 742
71 42 742
42 49 978
49 42 978
42 92 68
92 42 68
42 43 669
43 42 669
42 73 785
73 42 785
42 87 533
87 42 533
42 53 86
53 42 86
42 48 395
48 42 395
42 43 352
43 42 352
42 52 330
52 42 330
42 90 167
90 42 167
42 57 283
57 42 283
43 44 24
44 43 24
43 76 425
76 43 425
43 69 448
69 43 448
43 95 102
95 43 102
43 50 332
50 43 332
43 64 468
64 43 468
43 75 322
75 43 322
44 45 808
45 44 808
44 79 963
79 44 963
44 45 291
45 44 291
44 45 395
45 44 395
44 85 20
85 44 20
44 62 378
62 44 378
44 96 9
96 44 9
44 66 951
66 44 951
44 91 784
91 44 784
44 97 90
97 44 90
44 68 723
68 44 723
44 81 120
81 44 120
45 66 437
66 45 437
45 60 490
60 45 490
45 74 173
74 45 173
45 76 328
76 45 328
45 90 716
90 45 716
45 66 440
66 45 440
45 50 620
50 45 620
45 87 224
87 45 224
45 94 143
94 45 143
45 86 289
86 45 289
45 49 317
49 45 317
45 81 840
81 45 840
46 76 609
76 46 609
46 92 191
92 46 191
46 65 849
65 46 849
46 80 16
80 46 16
46 87 357
87 46 357
46 49 385
49 46 385
46 84 997
84 46 997
46 61 754
61 46 754
47 88 670
88 47 670
47 67 970
67 47 970
47 69 361
69 47 361
47 82 482
82 47 482
47 51 395
51 47 395
47 66 305
66 47 305
47 95 793
95 47 793
47 75 283
75 47 283
48 82 800
82 48 800
48 57 719
57 48 719
48 87 60
87 48 60
48 97 909
97 48 909
48 49 71
49 48 71
48 76 960
76 48 960
48 59 383
59 48 383
48 52 132
52 48 132
48 72 696
72 48 696
48 57 642
57 48 642
48 60 631
60 48 631
49 92 587
92 49 587
49 79 660
79 49 660
49 70 298
70 49 298
49 59 89
59 49 89
49 71 376
71 49 376
49 71 112
71 49 112
49 94 161
94 49 161
50 77 818
77 50 818
50 52 706
52 50 706
50 82 219
82 50 219
50 91 668
91 50 668
50 94 36
94 50 36
50 96 562
96 50 562
50 50 645
50 50 645
50 77 310
77 50 310
50 79 314
79 50 314
50 64 631
64 50 631
50 81 151
81 50 151
50 92 674
92 50 674
50 72 523
72 50 523
51 58 903
58 51 903
51 73 690
73 51 690
51 97 939
97 51 939
51 89 415
89 51 415
51 74 621
74 51 621
51 54 601
54 51 601
51 82 521
82 51 521
51 76 207
76 51 207
52 55 821
55 52 821
52 88 98
88 52 98
52 72 973
72 52 973
52 54 185
54 52 185
52 72 629
72 52 629
52 74 571
74 52 571
52 94 640
94 52 640
53 74 625
74 53 625
53 73 510
73 53 510
53 83 203
83 53 203
53 85 21
85 53 21
53 78 133
78 53 133
53 93 190
93 53 190
53 82 779
82 53 779
53 93 641
93 53 641
53 86 646
86 53 646
54 56 81
56 54 81
54 78 140
78 54 140
54 93 629
93 54 629
54 97 880
97 54 880
54 68 116
68 54 116
54 84 522
84 54 522
54 86 502
86 54 502
55 95 71
95 55 71
55 93 566
93 55 566
55 71 180
71 55 180
55 74 558
74 55 558
55 89 883
89 55 883
56 78 630
78 56 630
56 64 473
64 56 473
56 88 118
88 56 118
56 77 184
77 56 184
56 64 634
64 56 634
56 72 397
72 56 397
56 73 238
73 56 238
56 62 790
62 56 790
56 86 72
86 56 72
56 78 703
78 56 703
56 62 966
62 56 966
56 84 70
84 56 70
57 61 144
61 57 144
57 82 358
82 57 358
57 88 226
88 57 226
57 57 827
57 57 827
57 78 11
78 57 11
57 93 108
93 57 108
57 61 210
61 57 210
57 80 534
80 57 534
57 93 984
93 57 984
57 93 601
93 57 601
58 68 167
68 58 167
58 72 86
72 58 86
58 72 448
72 58 448
58 71 533
71 58 533
58 94 710
94 58 710
58 82 683
82 58 683
58 97 41
97 58 41
58 64 450
64 58 450
58 80 203
80 58 203
58 65 560
65 58 560
59 83 694
83 59 694
59 61 844
61 59 844
59 67 485
67 59 485
59 73 897
73 59 897
59 69 331
69 59 331
59 91 578
91 59 578
59 76 912
76 59 912
59 95 786
95 59 786
60 62 889
62 60 889
60 94 806
94 60 806
60 69 247
69 60 247
60 75 993
75 60 993
60 61 5
61 60 5
60 70 84
70 60 84
61 89 857
89 61 857
61 68 302
68 61 302
61 69 149
69 61 149
61 69 658
69 61 658
61 64 991
64 61 991
61 91 666
91 61 666
61 92 267
92 61 267
61 79 262
79 61 262
61 69 798
69 61 798
61 97 571
97 61 571
62 97 890
97 62 890
62 72 334
72 62 334
62 65 666
65 62 666
62 89 914
89 62 914
63 74 672
74 63 672
63 70 586
70 63 586
63 66 314
66 63 314
63 74 849
74 63 849
63 64 161
64 63 161
63 82 831
82 63 831
63 79 537
79 63 537
64 71 886
71 64 886
64 80 426
80 64 426
64 82 896
82 64 896
64 70 737
70 64 737
64 70 660
70 64 660
64 81 33
81 64 33
65 74 755
74 65 755
65 68 642
68 65 642
65 95 534
95 65 534
65 85 365
85 65 365
65 90 229
90 65 229
65 76 517
76 65 517
65 73 820
73 65 820
65 71 652
71 65 652
65 96 789
96 65 789
66 75 649
75 66 649
66 97 606
97 66 606
66 83 553
83 66 553
66 74 915
74 66 915
66 77 853
77 66 853
67 76 840
76 67 840
67 69 683
69 67 683
67 78 636
78 67 636
67 91 366
91 67 366
67 71 252
71 67 252
68 74 59
74 68 59
68 86 822
86 68 822
68 86 980
86 68 980
68 76 598
76 68 598
68 77 579
77 68 579
69 82 1
82 69 1
69 78 948
78 69 948
69 75 87
75 69 87
69 93 893
93 69 893
70 90 973
90 70 973
70 70 575
70 70 575
70 88 48
88 70 48
70 89 114
89 70 114
71 90 201
90 71 201
71 81 926
81 71 926
71 78 953
78 71 953
71 74 306
74 71 306
71 93 204
93 71 204
71 81 458
81 71 458
71 81 165
81 71 165
71 73 836
73 71 836
71 94 365
94 71 365
72 75 901
75 72 901
72 79 977
79 72 977
72 86 292
86 72 292
73 94 939
94 73 939
73 94 955
94 73 955
73 92 72
92 73 72
73 90 824
90 73 824
73 81 441
81 73 441
73 79 720
79 73 720
73 97 147
97 73 147
73 95 503
95 73 503
73 77 786
77 73 786
74 75 972
75 74 972
74 92 9
92 74 9
74 78 946
78 74 946
74 82 590
82 74 590
74 90 769
90 74 769
75 96 770
96 75 770
75 85 703
85 75 703
75 80 148
80 75 148
76 83 888
83 76 888
76 96 506
96 76 506
76 96 433
96 76 433
76 79 607
79 76 607
76 85 497
85 76 497
77 88 676
88 77 676
77 89 487
89 77 487
77 86 715
86 77 715
77 81 123
81 77 123
78 79 876
79 78 876
78 88 252
88 78 252
78 90 341
90 78 341
78 80 714
80 78 714
80 93 909
93 80 909
80 89 616
89 80 616
80 97 928
97 80 928
80 82 740
82 80 740
81 85 555
85 81 555
81 95 860
95 81 860
81 83 298
83 81 298
81 82 104
82 81 104
82 88 888
88 82 888
82 85 122
85 82 122
82 97 910
97 82 910
83 93 859
93 83 859
83 89 327
89 83 327
84 97 98
97 84 98
84 95 701
95 84 701
84 86 427
86 84 427
85 91 455
91 85 455
85 90 818
90 85 818
85 95 287
95 85 287
85 95 314
95 85 314
86 88 676
88 86 676
86 91 121
91 86 121
86 95 974
95 86 974
86 87 956
87 86 956
86 91 924
91 86 924
87 91 263
91 87 263
88 94 739
94 88 739
89 96 943
96 89 943
90 97 132
97 90 132
90 95 834
95 90 834
91 97 495
97 91 495
91 92 969
92 91 969
91 95 151
95 91 151
91 95 455
95 91 455
94 96 970
96 94 970
96 97 240
97 96 240
96 97 403
97 96 403
