50

0 1 904
1 0 904
0 4 147
4 0 147
0 8 248
8 0 248
0 13 85
13 0 85
0 49 216
49 0 216
0 17 364
17 0 364
0 31 245
31 0 245
0 35 435
35 0 435
1 2 48
2 1 48
1 3 473
3 1 473
1 5 336
5 1 336
1 24 90
24 1 90
1 7 916
7 1 916
1 41 58
41 1 58
1 9 812
9 1 812
1 46 940
46 1 940
2 18 473
18 2 473
2 31 849
31 2 849
2 21 944
21 2 944
2 14 989
14 2 989
3 31 197
31 3 197
3 28 726
28 3 726
3 37 590
37 3 590
3 47 979
47 3 979
4 9 898
9 4 898
4 12 950
12 4 950
4 45 192
45 4 192
4 42 59
42 4 59
4 48 836
48 4 836
4 30 1
30 4 1
4 43 110
43 4 110
4 33 82
33 4 82
4 8 212
8 4 212
5 6 893
6 5 893
5 7 285
7 5 285
5 11 210
11 5 210
5 23 253
23 5 253
5 25 233
25 5 233
5 36 196
36 5 196
5 32 490
32 5 490
5 36 832
36 5 832
5 38 58
38 5 58
5 7 158
7 5 158
5 30 539
30 5 539
5 46 524
46 5 524
5 14 235
14 5 235
6 14 383
14 6 383
6 27 450
27 6 450
6 31 507
31 6 507
6 45 680
45 6 680
6 10 249
10 6 249
6 21 857
21 6 857
6 11 483
11 6 483
6 8 751
8 6 751
6 28 851
28 6 851
6 41 289
41 6 289
7 49 753
49 7 753
7 28 448
28 7 448
7 48 191
48 7 191
7 41 118
41 7 118
8 10 821
10 8 821
8 15 676
15 8 676
8 37 955
37 8 955
8 39 368
39 8 368
8 28 573
28 8 573
8 48 66
48 8 66
8 17 526
17 8 526
8 38 622
38 8 622
9 21 642
21 9 642
9 34 789
34 9 789
9 15 712
15 9 712
9 46 712
46 9 712
9 48 528
48 9 528
9 32 399
32 9 399
9 9 186
9 9 186
9 39 55
39 9 55
10 38 997
38 10 997
10 34 547
34 10 547
10 29 859
29 10 859
10 39 948
39 10 948
10 29 741
29 10 741
11 18 885
18 11 885
11 37 705
37 11 705
11 25 847
25 11 847
12 19 481
19 12 481
12 20 95
20 12 95
12 21 936
21 12 936
12 20 858
20 12 858
12 14 322
14 12 322
12 24 661
24 12 661
12 21 258
21 12 258
12 40 304
40 12 304
13 26 55
26 13 55
13 27 888
27 13 888
13 32 694
32 13 694
13 33 34
33 13 34
13 45 700
45 13 700
13 27 165
27 13 165
13 24 143
24 13 143
13 35 777
35 13 777
14 17 557
17 14 557
14 22 185
22 14 185
14 34 903
34 14 903
14 42 370
42 14 370
14 43 144
43 14 144
14 24 750
24 14 750
14 14 299
14 14 299
14 17 102
17 14 102
15 16 317
16 15 317
15 33 783
33 15 783
15 37 487
37 15 487
16 41 852
41 16 852
16 40 654
40 16 654
16 34 899
34 16 899
16 44 19
44 16 19
17 33 517
33 17 517
17 28 99
28 17 99
17 38 688
38 17 688
18 35 608
35 18 608
18 19 580
19 18 580
19 43 871
43 19 871
19 32 491
32 19 491
20 29 965
29 20 965
20 47 486
47 20 486
21 43 655
43 21 655
21 47 798
47 21 798
21 25 401
25 21 401
21 36 573
36 21 573
21 22 598
22 21 598
21 36 385
36 21 385
21 28 98
28 21 98
22 49 366
49 22 366
22 42 738
42 22 738
22 37 254
37 22 254
23 28 244
28 23 244
23 37 344
37 23 344
23 46 284
46 23 284
23 49 95
49 23 95
23 38 507
38 23 507
23 34 388
34 23 388
24 30 657
30 24 657
24 40 136
40 24 136
24 42 391
42 24 391
24 35 652
35 24 652
24 27 592
27 24 592
25 46 335
46 25 335
25 36 886
36 25 886
26 32 124
32 26 124
27 33 807
33 27 807
27 32 501
32 27 501
28 30 220
30 28 220
28 48 751
48 28 751
29 39 505
39 29 505
29 36 154
36 29 154
29 34 503
34 29 503
29 43 807
43 29 807
29 35 49
35 29 49
29 43 935
43 29 935
30 45 632
45 30 632
30 30 920
30 30 920
30 31 353
31 30 353
30 32 791
32 30 791
31 35 610
35 31 610
31 41 112
41 31 112
31 45 18
45 31 18
32 37 263
37 32 263
33 49 21
49 33 21
33 47 232
47 33 232
33 47 892
47 33 892
34 48 425
48 34 425
34 39 483
39 34 483
34 36 669
36 34 669
34 48 446
48 34 446
34 36 369
36 34 369
35 37 127
37 35 127
37 45 783
45 37 783
37 46 209
46 37 209
39 48 990
48 39 990
41 44 557
44 41 557
41 49 233
49 41 233
42 44 860
44 42 860
42 47 358
47 42 358
42 47 821
47 42 821
43 48 424
48 43 424
44 44 197
44 44 197
45 49 361
49 45 361
