93

0 1 110
1 0 110
0 35 35
35 0 35
0 57 512
57 0 512
0 49 587
49 0 587
0 65 204
65 0 204
0 88 201
88 0 201
0 46 19
46 0 19
0 24 586
24 0 586
0 7 475
7 0 475
0 28 793
28 0 793
0 68 707
68 0 707
0 8 148
8 0 148
0 58 776
58 0 776
0 54 346
54 0 346
1 2 392
2 1 392
1 3 426
3 1 426
1 4 283
4 1 283
1 5 289
5 1 289
1 78 591
78 1 591
1 67 970
67 1 970
1 8 583
8 1 583
1 24 229
24 1 229
1 86 948
86 1 948
2 31 642
31 2 642
2 76 25
76 2 25
2 28 251
28 2 251
2 41 848
41 2 848
2 27 865
27 2 865
2 30 608
30 2 608
2 58 868
58 2 868
2 24 890
24 2 890
2 22 579
22 2 579
2 90 47
90 2 47
2 46 528
46 2 528
2 68 163
68 2 163
2 69 162
69 2 162
2 17 567
17 2 567
2 37 596
37 2 596
3 80 57
80 3 57
3 41 416
41 3 416
3 10 713
10 3 713
3 86 865
86 3 865
3 89 639
89 3 639
3 38 407
38 3 407
3 57 493
57 3 493
3 64 624
64 3 624
3 82 343
82 3 343
3 66 698
66 3 698
3 37 920
37 3 920
3 74 827
74 3 827
3 52 754
52 3 754
3 64 180
64 3 180
4 10 860
10 4 860
4 63 325
63 4 325
4 11 226
11 4 226
4 43 145
43 4 145
4 86 821
86 4 821
4 6 172
6 4 172
4 48 735
48 4 735
4 22 201
22 4 201
4 45 752
45 4 752
4 44 578
44 4 578
4 9 376
9 4 376
4 52 935
52 4 935
4 42 561
42 4 561
4 17 803
17 4 803
5 6 333
6 5 333
5 11 149
11 5 149
5 12 916
12 5 916
5 15 331
15 5 331
5 19 187
19 5 187
5 48 974
48 5 974
5 59 896
59 5 896
5 26 71
26 5 71
5 12 365
12 5 365
5 89 309
89 5 309
5 86 37
86 5 37
5 39 975
39 5 975
5 46 654
46 5 654
5 87 787
87 5 787
5 61 972
61 5 972
5 38 934
38 5 934
5 71 588
71 5 588
5 7 668
7 5 668
5 65 179
65 5 179
5 68 898
68 5 898
6 7 998
7 6 998
6 8 966
8 6 966
6 13 273
13 6 273
6 16 437
16 6 437
6 72 440
72 6 440
6 64 240
64 6 240
6 10 767
10 6 767
6 90 402
90 6 402
6 60 402
60 6 402
6 55 821
55 6 821
6 31 332
31 6 332
6 57 526
57 6 526
6 81 81
81 6 81
6 53 153
53 6 153
6 86 22
86 6 22
6 75 651
75 6 651
6 79 206
79 6 206
6 72 92
72 6 92
7 9 109
9 7 109
7 22 422
22 7 422
7 78 141
78 7 141
7 77 441
77 7 441
7 13 170
13 7 170
7 83 95
83 7 95
7 23 439
23 7 439
7 72 629
72 7 629
7 86 423
86 7 423
7 56 76
56 7 76
7 16 225
16 7 225
7 59 247
59 7 247
7 70 116
70 7 116
7 41 457
41 7 457
7 90 60
90 7 60
7 20 918
20 7 918
7 39 340
39 7 340
7 54 165
54 7 165
7 55 561
55 7 561
7 8 709
8 7 709
7 58 145
58 7 145
8 12 54
12 8 54
8 41 921
41 8 921
8 62 390
62 8 390
8 24 323
24 8 323
8 10 757
10 8 757
8 71 915
71 8 915
8 12 806
12 8 806
8 88 617
88 8 617
8 59 19
59 8 19
8 68 363
68 8 363
8 74 355
74 8 355
8 48 808
48 8 808
8 84 809
84 8 809
8 60 294
60 8 294
9 20 309
20 9 309
9 21 140
21 9 140
9 30 109
30 9 109
9 44 956
44 9 956
9 77 381
77 9 381
9 21 906
21 9 906
9 41 852
41 9 852
9 80 197
80 9 197
9 44 51
44 9 51
9 33 760
33 9 760
9 77 582
77 9 582
9 15 484
15 9 484
9 41 562
41 9 562
9 27 419
27 9 419
9 73 951
73 9 951
9 25 396
25 9 396
9 89 356
89 9 356
9 76 490
76 9 490
9 48 176
48 9 176
9 35 398
35 9 398
10 18 516
18 10 516
10 25 475
25 10 475
10 35 782
35 10 782
10 60 586
60 10 586
10 25 992
25 10 992
10 28 382
28 10 382
10 34 280
34 10 280
10 54 195
54 10 195
10 78 585
78 10 585
10 86 453
86 10 453
11 23 316
23 11 316
11 26 141
26 11 141
11 88 481
88 11 481
11 63 945
63 11 945
11 69 787
69 11 787
11 69 138
69 11 138
11 19 985
19 11 985
11 18 507
18 11 507
11 90 336
90 11 336
11 76 19
76 11 19
11 26 949
26 11 949
11 88 192
88 11 192
11 55 553
55 11 553
11 86 565
86 11 565
11 48 70
48 11 70
11 92 847
92 11 847
11 25 112
25 11 112
11 24 951
24 11 951
12 14 954
14 12 954
12 19 965
19 12 965
12 16 308
16 12 308
12 47 271
47 12 271
12 62 29
62 12 29
12 67 40
67 12 40
12 87 634
87 12 634
12 18 997
18 12 997
12 39 478
39 12 478
12 57 442
57 12 442
12 70 121
70 12 121
12 28 17
28 12 17
12 68 317
68 12 317
12 69 324
69 12 324
13 17 603
17 13 603
13 83 771
83 13 771
13 68 219
68 13 219
13 80 905
80 13 905
13 30 134
30 13 134
13 39 806
39 13 806
13 68 657
68 13 657
13 58 302
58 13 302
13 88 445
88 13 445
13 50 259
50 13 259
14 24 722
24 14 722
14 37 914
37 14 914
14 27 487
27 14 487
14 73 45
73 14 45
14 75 957
75 14 957
14 58 597
58 14 597
14 28 989
28 14 989
14 17 856
17 14 856
14 54 431
54 14 431
14 23 602
23 14 602
14 69 214
69 14 214
14 31 965
31 14 965
15 33 482
33 15 482
15 63 336
63 15 336
15 25 730
25 15 730
15 54 801
54 15 801
15 82 437
82 15 437
15 56 2
56 15 2
15 90 418
90 15 418
15 59 650
59 15 650
15 26 509
26 15 509
15 40 921
40 15 921
15 70 291
70 15 291
15 48 867
48 15 867
15 40 633
40 15 633
16 34 232
34 16 232
16 42 549
42 16 549
16 51 333
51 16 333
16 80 159
80 16 159
16 25 12
25 16 12
16 38 231
38 16 231
16 35 604
35 16 604
16 40 143
40 16 143
16 56 263
56 16 263
16 67 910
67 16 910
16 50 67
50 16 67
16 84 213
84 16 213
17 24 436
24 17 436
17 65 812
65 17 812
17 73 481
73 17 481
17 46 886
46 17 886
17 71 838
71 17 838
17 23 830
23 17 830
17 37 898
37 17 898
17 92 668
92 17 668
17 33 110
33 17 110
17 85 153
85 17 153
17 90 704
90 17 704
17 53 657
53 17 657
17 34 227
34 17 227
17 52 489
52 17 489
18 64 927
64 18 927
18 42 186
42 18 186
18 84 911
84 18 911
18 39 944
39 18 944
18 30 379
30 18 379
18 75 226
75 18 226
18 49 582
49 18 582
18 71 851
71 18 851
18 38 58
38 18 58
18 83 1
83 18 1
18 85 84
85 18 84
18 84 107
84 18 107
18 77 257
77 18 257
18 51 958
51 18 958
19 55 362
55 19 362
19 92 368
92 19 368
19 29 266
29 19 266
19 22 870
22 19 870
19 75 518
75 19 518
19 34 646
34 19 646
19 82 481
82 19 481
19 72 613
72 19 613
19 43 160
43 19 160
20 50 144
50 20 144
20 91 99
91 20 99
20 80 221
80 20 221
20 72 830
72 20 830
20 69 206
69 20 206
20 75 393
75 20 393
20 52 736
52 20 736
20 90 411
90 20 411
20 33 807
33 20 807
21 29 651
29 21 651
21 33 946
33 21 946
21 53 746
53 21 746
21 30 346
30 21 346
21 66 642
66 21 642
21 83 649
83 21 649
21 54 705
54 21 705
21 56 617
56 21 617
21 21 906
21 21 906
21 89 858
89 21 858
22 27 218
27 22 218
22 61 347
61 22 347
22 79 778
79 22 778
22 92 657
92 22 657
22 68 812
68 22 812
22 86 335
86 22 335
22 76 749
76 22 749
22 82 451
82 22 451
22 40 57
40 22 57
22 86 16
86 22 16
22 80 127
80 22 127
22 83 307
83 22 307
22 45 321
45 22 321
22 83 39
83 22 39
22 29 814
29 22 814
23 28 235
28 23 235
23 46 856
46 23 856
23 52 40
52 23 40
23 73 642
73 23 642
23 55 726
55 23 726
23 53 902
53 23 902
23 57 990
57 23 990
23 26 128
26 23 128
23 77 196
77 23 196
23 76 637
76 23 637
23 29 172
29 23 172
24 36 77
36 24 77
24 74 888
74 24 888
24 75 421
75 24 421
24 88 902
88 24 902
24 68 866
68 24 866
24 88 342
88 24 342
24 45 585
45 24 585
24 55 247
55 24 247
24 34 628
34 24 628
24 52 333
52 24 333
24 35 781
35 24 781
25 57 418
57 25 418
25 76 415
76 25 415
25 73 585
73 25 585
25 29 364
29 25 364
25 76 172
76 25 172
25 92 528
92 25 528
25 89 778
89 25 778
25 79 548
79 25 548
25 65 331
65 25 331
25 57 116
57 25 116
25 75 616
75 25 616
26 32 291
32 26 291
26 41 554
41 26 554
26 74 402
74 26 402
26 37 464
37 26 464
26 55 904
55 26 904
26 81 715
81 26 715
26 67 132
67 26 132
26 33 632
33 26 632
26 73 426
73 26 426
27 67 390
67 27 390
27 76 622
76 27 622
27 55 480
55 27 480
27 92 38
92 27 38
27 75 377
75 27 377
27 33 920
33 27 920
28 38 964
38 28 964
28 91 420
91 28 420
28 89 680
89 28 680
28 38 1000
38 28 1000
28 37 686
37 28 686
28 30 364
30 28 364
28 83 766
83 28 766
28 37 405
37 28 405
28 59 311
59 28 311
28 49 150
49 28 150
29 41 49
41 29 49
29 56 651
56 29 651
29 60 787
60 29 787
29 50 297
50 29 297
29 52 215
52 29 215
29 80 647
80 29 647
29 52 789
52 29 789
29 63 497
63 29 497
30 33 654
33 30 654
30 73 762
73 30 762
30 86 642
86 30 642
30 50 512
50 30 512
30 42 527
42 30 527
30 78 111
78 30 111
30 51 334
51 30 334
30 52 780
52 30 780
30 70 821
70 30 821
31 47 532
47 31 532
31 83 933
83 31 933
31 45 822
45 31 822
31 57 553
57 31 553
31 64 189
64 31 189
31 46 684
46 31 684
31 62 66
62 31 66
31 60 451
60 31 451
31 81 787
81 31 787
32 53 942
53 32 942
32 85 873
85 32 873
32 45 338
45 32 338
32 61 225
61 32 225
32 71 515
71 32 515
32 33 383
33 32 383
32 53 612
53 32 612
32 67 652
67 32 652
32 90 879
90 32 879
32 71 497
71 32 497
32 83 198
83 32 198
33 43 992
43 33 992
33 66 876
66 33 876
33 67 277
67 33 277
33 58 321
58 33 321
33 61 120
61 33 120
33 82 539
82 33 539
33 71 713
71 33 713
33 42 618
42 33 618
33 49 39
49 33 39
33 63 892
63 33 892
33 74 780
74 33 780
33 46 80
46 33 80
34 40 226
40 34 226
34 83 209
83 34 209
34 49 284
49 34 284
34 92 637
92 34 637
34 82 270
82 34 270
34 86 660
86 34 660
34 70 53
70 34 53
34 62 570
62 34 570
35 45 218
45 35 218
35 49 206
49 35 206
35 86 639
86 35 639
35 68 500
68 35 500
35 80 936
80 35 936
35 87 991
87 35 991
35 43 444
43 35 444
35 80 416
80 35 416
35 82 596
82 35 596
35 58 209
58 35 209
36 39 326
39 36 326
36 62 385
62 36 385
36 60 731
60 36 731
36 86 345
86 36 345
36 57 355
57 36 355
36 37 864
37 36 864
36 55 147
55 36 147
36 65 209
65 36 209
36 66 267
66 36 267
36 69 227
69 36 227
36 68 871
68 36 871
36 57 473
57 36 473
37 39 574
39 37 574
37 47 371
47 37 371
37 59 936
59 37 936
37 48 749
48 37 749
37 38 262
38 37 262
37 69 623
69 37 623
37 38 511
38 37 511
37 63 250
63 37 250
37 62 388
62 37 388
38 58 635
58 38 635
38 84 426
84 38 426
38 72 469
72 38 469
38 42 674
42 38 674
38 82 891
82 38 891
38 90 399
90 38 399
38 53 493
53 38 493
38 82 969
82 38 969
38 54 558
54 38 558
38 84 299
84 38 299
38 72 546
72 38 546
38 71 817
71 38 817
38 76 887
76 38 887
38 55 527
55 38 527
39 83 31
83 39 31
39 55 334
55 39 334
39 65 854
65 39 854
39 51 4
51 39 4
40 80 191
80 40 191
40 80 959
80 40 959
40 67 779
67 40 779
41 65 604
65 41 604
41 70 43
70 41 43
41 92 87
92 41 87
41 84 825
84 41 825
41 63 398
63 41 398
41 80 665
80 41 665
41 64 667
64 41 667
41 73 554
73 41 554
41 61 425
61 41 425
41 56 398
56 41 398
41 90 155
90 41 155
42 80 469
80 42 469
42 80 1000
80 42 1000
42 75 373
75 42 373
42 65 515
65 42 515
42 79 179
79 42 179
42 74 264
74 42 264
42 49 416
49 42 416
42 79 880
79 42 880
42 87 10
87 42 10
42 61 922
61 42 922
42 90 183
90 42 183
42 88 786
88 42 786
42 71 4
71 42 4
43 71 840
71 43 840
43 61 609
61 43 609
43 73 257
73 43 257
43 84 378
84 43 378
43 87 763
87 43 763
43 60 934
60 43 934
43 91 516
91 43 516
44 74 621
74 44 621
44 55 451
55 44 451
44 75 201
75 44 201
44 81 723
81 44 723
44 59 851
59 44 851
44 82 102
82 44 102
45 50 768
50 45 768
45 56 971
56 45 971
45 89 682
89 45 682
45 56 285
56 45 285
45 57 364
57 45 364
45 72 393
72 45 393
45 50 694
50 45 694
46 79 193
79 46 193
46 48 734
48 46 734
46 87 545
87 46 545
46 76 783
76 46 783
46 55 857
55 46 857
46 68 978
68 46 978
47 54 236
54 47 236
47 69 57
69 47 57
47 82 659
82 47 659
47 84 171
84 47 171
47 61 491
61 47 491
47 52 988
52 47 988
47 55 973
55 47 973
47 88 960
88 47 960
48 71 801
71 48 801
48 60 1000
60 48 1000
48 87 413
87 48 413
48 51 296
51 48 296
48 68 856
68 48 856
48 68 584
68 48 584
48 82 405
82 48 405
49 84 430
84 49 430
49 79 101
79 49 101
49 68 25
68 49 25
49 84 591
84 49 591
49 77 605
77 49 605
49 92 19
92 49 19
49 58 2
58 49 2
49 60 433
60 49 433
49 69 665
69 49 665
49 68 683
68 49 683
49 68 349
68 49 349
50 60 914
60 50 914
50 53 286
53 50 286
50 62 824
62 50 824
50 70 294
70 50 294
50 72 337
72 50 337
50 67 138
67 50 138
50 60 693
60 50 693
51 84 799
84 51 799
51 88 730
88 51 730
51 60 739
60 51 739
51 80 998
80 51 998
51 69 194
69 51 194
51 53 40
53 51 40
52 92 827
92 52 827
52 59 400
59 52 400
52 89 465
89 52 465
52 64 421
64 52 421
52 56 351
56 52 351
52 64 884
64 52 884
52 91 934
91 52 934
52 57 325
57 52 325
52 78 218
78 52 218
53 61 923
61 53 923
53 62 745
62 53 745
53 87 44
87 53 44
53 78 864
78 53 864
53 77 516
77 53 516
53 80 256
80 53 256
53 55 778
55 53 778
54 83 183
83 54 183
54 61 374
61 54 374
54 60 744
60 54 744
54 60 613
60 54 613
54 67 688
67 54 688
54 76 923
76 54 923
55 72 473
72 55 473
55 87 343
87 55 343
56 73 440
73 56 440
56 60 61
60 56 61
56 84 631
84 56 631
57 67 607
67 57 607
57 60 802
60 57 802
57 63 766
63 57 766
58 60 256
60 58 256
58 79 505
79 58 505
58 68 949
68 58 949
58 88 117
88 58 117
58 81 833
81 58 833
59 81 18
81 59 18
59 64 914
64 59 914
59 86 910
86 59 910
59 70 872
70 59 872
59 82 566
82 59 566
59 63 56
63 59 56
59 60 442
60 59 442
60 87 458
87 60 458
60 72 157
72 60 157
60 79 452
79 60 452
60 81 936
81 60 936
60 81 270
81 60 270
61 73 558
73 61 558
61 66 640
66 61 640
61 69 719
69 61 719
61 85 418
85 61 418
61 78 595
78 61 595
61 72 219
72 61 219
61 79 461
79 61 461
61 85 674
85 61 674
62 72 329
72 62 329
63 68 351
68 63 351
63 92 588
92 63 588
63 75 419
75 63 419
63 83 883
83 63 883
63 92 903
92 63 903
64 91 857
91 64 857
64 77 775
77 64 775
65 84 130
84 65 130
65 75 980
75 65 980
65 69 766
69 65 766
65 75 703
75 65 703
65 87 883
87 65 883
65 77 445
77 65 445
65 87 341
87 65 341
66 68 277
68 66 277
66 66 306
66 66 306
66 76 530
76 66 530
66 70 171
70 66 171
67 80 190
80 67 190
67 76 397
76 67 397
67 77 219
77 67 219
68 72 129
72 68 129
68 86 670
86 68 670
68 77 566
77 68 566
68 72 953
72 68 953
68 84 967
84 68 967
68 72 734
72 68 734
68 77 289
77 68 289
68 77 759
77 68 759
69 81 785
81 69 785
69 75 119
75 69 119
69 78 334
78 69 334
69 84 797
84 69 797
69 76 497
76 69 497
69 79 492
79 69 492
70 80 320
80 70 320
71 92 832
92 71 832
71 72 234
72 71 234
71 89 945
89 71 945
71 81 554
81 71 554
72 86 697
86 72 697
72 79 15
79 72 15
72 86 64
86 72 64
72 79 903
79 72 903
73 85 735
85 73 735
73 86 457
86 73 457
73 80 950
80 73 950
74 82 691
82 74 691
74 80 169
80 74 169
74 88 967
88 74 967
76 89 253
89 76 253
76 86 864
86 76 864
76 89 87
89 76 87
77 82 580
82 77 580
77 88 972
88 77 972
77 91 718
91 77 718
78 91 388
91 78 388
78 81 803
81 78 803
79 80 956
80 79 956
79 91 435
91 79 435
80 91 557
91 80 557
80 88 605
88 80 605
83 89 654
89 83 654
84 87 519
87 84 519
84 87 67
87 84 67
84 91 183
91 84 183
85 85 870
85 85 870
85 89 745
89 85 745
86 89 503
89 86 503
87 90 140
90 87 140
89 89 526
89 89 526
