95

0 1 393
1 0 393
0 2 75
2 0 75
0 5 924
5 0 924
0 10 471
10 0 471
0 13 185
13 0 185
0 70 49
70 0 49
0 69 389
69 0 389
0 87 583
87 0 583
0 11 872
11 0 872
0 29 178
29 0 178
0 12 199
12 0 199
1 3 467
3 1 467
1 4 511
4 1 511
1 8 835
8 1 835
1 21 727
21 1 727
1 2 613
2 1 613
1 65 480
65 1 480
2 6 695
6 2 695
2 87 952
87 2 952
2 3 526
3 2 526
2 50 179
50 2 179
2 7 26
7 2 26
2 89 44
89 2 44
2 28 526
28 2 526
3 7 43
7 3 43
3 9 536
9 3 536
3 23 684
23 3 684
3 33 591
33 3 591
3 18 210
18 3 210
3 50 691
50 3 691
3 28 911
28 3 911
3 50 563
50 3 563
3 55 492
55 3 492
3 49 579
49 3 579
4 16 398
16 4 398
4 19 704
19 4 704
4 21 580
21 4 580
4 24 767
24 4 767
4 76 540
76 4 540
4 56 49
56 4 49
4 55 179
55 4 179
4 19 731
19 4 731
4 53 531
53 4 531
4 63 982
63 4 982
4 92 636
92 4 636
5 30 427
30 5 427
5 64 408
64 5 408
5 71 18
71 5 18
5 40 281
40 5 281
5 52 3
52 5 3
5 23 645
23 5 645
5 37 409
37 5 409
5 50 776
50 5 776
5 10 635
10 5 635
5 56 786
56 5 786
6 26 835
26 6 835
6 88 224
88 6 224
6 48 572
48 6 572
6 76 6
76 6 6
6 61 466
61 6 466
6 13 786
13 6 786
6 76 378
76 6 378
7 17 164
17 7 164
7 31 101
31 7 101
7 36 284
36 7 284
7 62 445
62 7 445
7 26 93
26 7 93
7 92 484
92 7 484
8 11 857
11 8 857
8 27 323
27 8 323
8 29 367
29 8 367
8 48 11
48 8 11
8 13 314
13 8 314
8 55 563
55 8 563
8 63 527
63 8 527
8 25 93
25 8 93
8 30 274
30 8 274
8 80 299
80 8 299
8 68 696
68 8 696
9 14 4
14 9 4
9 35 135
35 9 135
9 73 926
73 9 926
9 54 699
54 9 699
9 45 155
45 9 155
9 44 739
44 9 739
9 94 576
94 9 576
9 56 299
56 9 299
10 28 753
28 10 753
10 52 500
52 10 500
10 57 853
57 10 853
10 59 466
59 10 466
10 60 992
60 10 992
10 28 543
28 10 543
10 12 508
12 10 508
10 14 351
14 10 351
10 77 253
77 10 253
10 19 723
19 10 723
10 45 759
45 10 759
10 43 454
43 10 454
10 36 572
36 10 572
11 12 706
12 11 706
11 17 432
17 11 432
11 64 201
64 11 201
11 24 403
24 11 403
11 13 592
13 11 592
11 27 928
27 11 928
12 20 992
20 12 992
12 82 42
82 12 42
12 24 742
24 12 742
12 18 424
18 12 424
13 71 50
71 13 50
13 76 348
76 13 348
13 28 110
28 13 110
13 89 67
89 13 67
13 70 737
70 13 737
13 62 62
62 13 62
13 79 310
79 13 310
13 91 178
91 13 178
13 91 281
91 13 281
14 15 224
15 14 224
14 22 183
22 14 183
14 29 807
29 14 807
14 29 586
29 14 586
15 84 716
84 15 716
15 90 52
90 15 52
15 89 541
89 15 541
15 39 693
39 15 693
15 17 59
17 15 59
15 91 430
91 15 430
15 44 967
44 15 967
15 66 942
66 15 942
16 25 795
25 16 795
16 41 319
41 16 319
16 58 716
58 16 716
16 91 671
91 16 671
16 20 116
20 16 116
16 47 816
47 16 816
16 57 260
57 16 260
16 36 298
36 16 298
17 18 745
18 17 745
17 22 808
22 17 808
17 43 522
43 17 522
17 31 331
31 17 331
17 75 280
75 17 280
17 77 255
77 17 255
18 53 746
53 18 746
18 47 105
47 18 105
18 64 471
64 18 471
18 35 909
35 18 909
18 25 756
25 18 756
19 46 427
46 19 427
19 69 126
69 19 126
19 26 462
26 19 462
19 26 107
26 19 107
19 59 280
59 19 280
19 77 69
77 19 69
19 76 9
76 19 9
19 94 836
94 19 836
19 23 812
23 19 812
19 39 677
39 19 677
19 92 537
92 19 537
19 47 851
47 19 851
20 37 910
37 20 910
20 49 562
49 20 562
20 58 121
58 20 121
20 31 609
31 20 609
20 60 506
60 20 506
21 53 570
53 21 570
21 69 497
69 21 497
21 68 803
68 21 803
21 39 867
39 21 867
21 75 166
75 21 166
22 28 62
28 22 62
22 77 948
77 22 948
22 39 70
39 22 70
22 49 900
49 22 900
22 49 601
49 22 601
22 65 66
65 22 66
23 73 325
73 23 325
23 29 560
29 23 560
23 27 137
27 23 137
23 31 172
31 23 172
23 86 518
86 23 518
24 32 549
32 24 549
24 59 55
59 24 55
24 83 387
83 24 387
24 76 816
76 24 816
24 78 303
78 24 303
24 89 494
89 24 494
24 72 770
72 24 770
24 91 687
91 24 687
24 87 373
87 24 373
24 52 537
52 24 537
25 40 844
40 25 844
25 70 520
70 25 520
25 37 718
37 25 718
25 30 999
30 25 999
25 46 4
46 25 4
25 69 57
69 25 57
26 83 266
83 26 266
26 70 703
70 26 703
26 57 460
57 26 460
26 73 934
73 26 934
26 77 618
77 26 618
26 62 551
62 26 551
27 34 858
34 27 858
27 38 349
38 27 349
27 66 682
66 27 682
27 93 99
93 27 99
27 51 894
51 27 894
27 66 921
66 27 921
27 92 306
92 27 306
27 81 33
81 27 33
27 33 49
33 27 49
27 48 173
48 27 173
27 62 408
62 27 408
28 76 614
76 28 614
28 49 948
49 28 948
29 45 123
45 29 123
29 47 837
47 29 837
29 50 194
50 29 194
29 66 705
66 29 705
29 67 320
67 29 320
29 39 975
39 29 975
29 43 272
43 29 272
29 77 639
77 29 639
29 64 581
64 29 581
29 92 151
92 29 151
30 68 389
68 30 389
30 39 966
39 30 966
30 68 699
68 30 699
30 77 60
77 30 60
30 47 465
47 30 465
30 39 75
39 30 75
31 44 597
44 31 597
31 65 367
65 31 367
31 42 724
42 31 724
31 51 162
51 31 162
31 44 707
44 31 707
31 53 5
53 31 5
32 74 727
74 32 727
32 86 641
86 32 641
32 68 683
68 32 683
32 67 710
67 32 710
33 60 576
60 33 576
33 45 504
45 33 504
33 45 230
45 33 230
33 81 938
81 33 938
34 51 344
51 34 344
34 75 564
75 34 564
34 77 64
77 34 64
34 91 882
91 34 882
34 62 143
62 34 143
34 44 71
44 34 71
34 49 757
49 34 757
34 56 298
56 34 298
34 87 908
87 34 908
34 69 893
69 34 893
35 42 867
42 35 867
35 41 853
41 35 853
35 76 357
76 35 357
35 59 674
59 35 674
36 39 790
39 36 790
36 88 743
88 36 743
36 54 885
54 36 885
36 59 27
59 36 27
36 45 462
45 36 462
36 63 100
63 36 100
36 83 332
83 36 332
36 40 822
40 36 822
37 88 436
88 37 436
37 61 461
61 37 461
37 51 27
51 37 27
38 70 268
70 38 268
38 60 906
60 38 906
38 65 118
65 38 118
38 40 70
40 38 70
39 52 367
52 39 367
39 92 511
92 39 511
40 54 910
54 40 910
40 52 524
52 40 524
40 50 199
50 40 199
40 77 469
77 40 469
41 80 210
80 41 210
41 79 518
79 41 518
41 80 232
80 41 232
41 61 564
61 41 564
41 84 284
84 41 284
41 75 702
75 41 702
42 65 44
65 42 44
42 84 238
84 42 238
43 76 413
76 43 413
43 65 513
65 43 513
43 64 774
64 43 774
44 67 877
67 44 877
44 63 888
63 44 888
44 60 975
60 44 975
44 50 458
50 44 458
44 73 326
73 44 326
44 79 814
79 44 814
45 68 486
68 45 486
45 83 869
83 45 869
45 94 544
94 45 544
46 87 941
87 46 941
46 54 105
54 46 105
46 61 766
61 46 766
46 53 969
53 46 969
47 89 945
89 47 945
47 76 626
76 47 626
48 83 570
83 48 570
48 85 817
85 48 817
48 50 633
50 48 633
48 69 414
69 48 414
49 64 936
64 49 936
49 83 192
83 49 192
50 81 62
81 50 62
50 64 693
64 50 693
50 72 773
72 50 773
50 92 293
92 50 293
50 51 747
51 50 747
50 81 399
81 50 399
50 83 460
83 50 460
50 82 14
82 50 14
51 53 104
53 51 104
51 85 793
85 51 793
51 52 481
52 51 481
51 52 546
52 51 546
51 92 826
92 51 826
52 55 610
55 52 610
52 56 789
56 52 789
52 61 69
61 52 69
52 89 660
89 52 660
52 76 61
76 52 61
52 72 738
72 52 738
52 89 612
89 52 612
53 58 713
58 53 713
54 89 429
89 54 429
54 87 664
87 54 664
54 76 716
76 54 716
54 77 588
77 54 588
55 94 720
94 55 720
55 71 702
71 55 702
56 72 85
72 56 85
56 82 700
82 56 700
56 85 987
85 56 987
57 72 582
72 57 582
57 76 232
76 57 232
58 63 794
63 58 794
58 66 852
66 58 852
59 91 354
91 59 354
59 64 815
64 59 815
59 60 323
60 59 323
59 91 559
91 59 559
60 64 757
64 60 757
60 78 783
78 60 783
60 77 973
77 60 973
61 70 613
70 61 613
61 89 231
89 61 231
61 68 301
68 61 301
61 65 714
65 61 714
62 69 265
69 62 265
63 89 980
89 63 980
64 66 211
66 64 211
64 78 225
78 64 225
64 72 322
72 64 322
64 85 21
85 64 21
65 79 741
79 65 741
65 93 208
93 65 208
66 73 225
73 66 225
66 69 194
69 66 194
66 67 204
67 66 204
66 78 823
78 66 823
66 74 806
74 66 806
66 71 259
71 66 259
67 71 923
71 67 923
69 69 204
69 69 204
69 91 76
91 69 76
69 94 966
94 69 966
71 85 210
85 71 210
72 80 250
80 72 250
72 91 398
91 72 398
72 77 679
77 72 679
72 79 722
79 72 722
73 78 268
78 73 268
74 85 781
85 74 781
74 92 66
92 74 66
74 86 622
86 74 622
74 94 412
94 74 412
74 87 953
87 74 953
74 75 382
75 74 382
74 76 198
76 74 198
75 89 71
89 75 71
75 84 954
84 75 954
75 77 267
77 75 267
77 79 661
79 77 661
78 86 868
86 78 868
78 79 590
79 78 590
79 81 166
81 79 166
79 81 996
81 79 996
82 93 464
93 82 464
85 90 61
90 85 61
86 92 269
92 86 269
91 92 244
92 91 244
92 94 624
94 92 624
