89

0 1 4
1 0 4
0 11 876
11 0 876
0 12 293
12 0 293
0 13 206
13 0 206
0 45 81
45 0 81
0 56 519
56 0 519
0 85 584
85 0 584
0 38 76
38 0 76
0 74 236
74 0 236
0 49 23
49 0 23
0 87 960
87 0 960
1 2 417
2 1 417
1 6 50
6 1 50
1 39 68
39 1 68
1 35 649
35 1 649
1 80 897
80 1 897
1 61 236
61 1 236
1 9 1
9 1 1
1 15 225
15 1 225
1 3 848
3 1 848
1 6 978
6 1 978
2 3 976
3 2 976
2 4 177
4 2 177
2 5 5
5 2 5
2 7 301
7 2 301
2 14 924
14 2 924
2 21 676
21 2 676
2 23 58
23 2 58
2 36 292
36 2 292
2 47 239
47 2 239
2 6 522
6 2 522
2 35 510
35 2 510
2 32 106
32 2 106
3 15 901
15 3 901
3 36 313
36 3 313
3 68 41
68 3 41
3 35 420
35 3 420
3 36 232
36 3 232
3 9 846
9 3 846
3 73 237
73 3 237
4 9 708
9 4 708
4 87 462
87 4 462
4 22 966
22 4 966
5 39 621
39 5 621
5 14 860
14 5 860
6 19 39
19 6 39
6 30 997
30 6 997
6 37 968
37 6 968
6 38 316
38 6 316
6 83 335
83 6 335
6 55 567
55 6 567
7 8 822
8 7 822
7 10 4
10 7 4
7 62 887
62 7 887
7 51 672
51 7 672
7 84 764
84 7 764
7 82 311
82 7 311
7 71 425
71 7 425
7 30 568
30 7 568
8 63 939
63 8 939
8 10 104
10 8 104
8 46 968
46 8 968
8 34 945
34 8 945
8 65 397
65 8 397
9 77 931
77 9 931
9 20 333
20 9 333
9 39 406
39 9 406
9 59 194
59 9 194
9 31 162
31 9 162
9 16 801
16 9 801
9 44 841
44 9 841
9 46 105
46 9 105
9 11 628
11 9 628
10 18 979
18 10 979
10 63 193
63 10 193
10 66 999
66 10 999
10 68 509
68 10 509
10 41 332
41 10 332
11 33 891
33 11 891
11 35 650
35 11 650
11 51 72
51 11 72
11 72 760
72 11 760
11 75 31
75 11 31
11 86 941
86 11 941
11 13 313
13 11 313
11 69 670
69 11 670
11 70 134
70 11 134
11 44 52
44 11 52
11 24 411
24 11 411
12 17 879
17 12 879
12 12 532
12 12 532
12 76 71
76 12 71
12 63 981
63 12 981
12 16 893
16 12 893
13 26 805
26 13 805
13 55 788
55 13 788
13 43 475
43 13 475
13 40 478
40 13 478
13 28 523
28 13 523
13 31 538
31 13 538
14 69 200
69 14 200
14 43 602
43 14 602
15 16 922
16 15 922
15 22 353
22 15 353
15 24 682
24 15 682
15 77 791
77 15 791
15 37 378
37 15 378
15 75 524
75 15 524
16 25 882
25 16 882
16 54 609
54 16 609
16 57 498
57 16 498
16 81 350
81 16 350
16 81 935
81 16 935
17 49 113
49 17 113
17 82 297
82 17 297
17 71 979
71 17 979
17 25 233
25 17 233
18 20 399
20 18 399
19 57 301
57 19 301
19 28 816
28 19 816
19 74 541
74 19 541
19 61 328
61 19 328
20 83 362
83 20 362
20 41 253
41 20 253
21 28 764
28 21 764
21 31 568
31 21 568
21 34 958
34 21 958
21 42 17
42 21 17
21 83 564
83 21 564
21 34 703
34 21 703
21 59 934
59 21 934
21 32 748
32 21 748
21 37 851
37 21 851
21 47 393
47 21 393
21 29 705
29 21 705
22 29 665
29 22 665
22 59 183
59 22 183
22 80 370
80 22 370
22 50 634
50 22 634
22 41 208
41 22 208
23 56 618
56 23 618
23 86 653
86 23 653
23 76 174
76 23 174
24 57 626
57 24 626
24 63 134
63 24 134
24 61 476
61 24 476
24 76 332
76 24 332
25 32 397
32 25 397
25 40 792
40 25 792
25 50 902
50 25 902
25 65 278
65 25 278
25 35 709
35 25 709
26 27 63
27 26 63
26 41 818
41 26 818
26 60 212
60 26 212
26 76 334
76 26 334
26 85 135
85 26 135
26 76 373
76 26 373
26 85 782
85 26 782
26 67 666
67 26 666
26 46 238
46 26 238
26 34 735
34 26 735
27 49 909
49 27 909
27 52 206
52 27 206
27 78 191
78 27 191
27 35 635
35 27 635
27 87 262
87 27 262
27 61 270
61 27 270
27 85 411
85 27 411
28 73 884
73 28 884
28 32 327
32 28 327
28 64 140
64 28 140
28 39 608
39 28 608
28 42 507
42 28 507
29 44 413
44 29 413
29 77 329
77 29 329
29 30 162
30 29 162
29 46 423
46 29 423
29 49 275
49 29 275
29 86 443
86 29 443
30 65 917
65 30 917
30 75 701
75 30 701
30 72 435
72 30 435
30 85 858
85 30 858
31 63 501
63 31 501
31 50 337
50 31 337
31 55 216
55 31 216
32 43 399
43 32 399
32 36 644
36 32 644
32 36 834
36 32 834
33 53 666
53 33 666
33 88 64
88 33 64
34 58 743
58 34 743
34 50 641
50 34 641
34 36 874
36 34 874
35 64 437
64 35 437
35 77 394
77 35 394
36 39 819
39 36 819
36 46 647
46 36 647
36 62 706
62 36 706
36 79 254
79 36 254
36 62 152
62 36 152
36 45 981
45 36 981
36 38 125
38 36 125
37 48 301
48 37 301
37 77 759
77 37 759
37 53 488
53 37 488
37 77 714
77 37 714
37 52 807
52 37 807
38 71 803
71 38 803
39 83 700
83 39 700
39 63 476
63 39 476
41 74 358
74 41 358
41 86 209
86 41 209
41 60 849
60 41 849
41 45 659
45 41 659
42 79 888
79 42 888
43 67 269
67 43 269
44 48 984
48 44 984
44 77 707
77 44 707
45 46 620
46 45 620
46 52 190
52 46 190
48 71 114
71 48 114
49 55 180
55 49 180
49 56 283
56 49 283
50 65 246
65 50 246
50 62 963
62 50 963
50 81 492
81 50 492
51 60 409
60 51 409
51 67 445
67 51 445
52 63 806
63 52 806
53 83 697
83 53 697
53 78 571
78 53 571
53 59 371
59 53 371
54 73 777
73 54 777
55 61 68
61 55 68
55 73 23
73 55 23
56 67 344
67 56 344
57 74 761
74 57 761
58 84 54
84 58 54
58 76 473
76 58 473
58 88 916
88 58 916
58 83 15
83 58 15
59 86 62
86 59 62
61 82 244
82 61 244
63 72 687
72 63 687
63 79 636
79 63 636
64 88 399
88 64 399
66 68 475
68 66 475
68 70 59
70 68 59
68 77 616
77 68 616
68 79 857
79 68 857
69 78 689
78 69 689
69 85 277
85 69 277
70 80 640
80 70 640
70 79 998
79 70 998
75 75 190
75 75 190
78 81 720
81 78 720
78 81 495
81 78 495
82 88 1
88 82 1
