27

0 1 77
1 0 77
0 7 701
7 0 701
0 14 651
14 0 651
0 18 171
18 0 171
0 10 703
10 0 703
0 2 387
2 0 387
0 4 391
4 0 391
0 3 329
3 0 329
0 1 847
1 0 847
0 5 516
5 0 516
0 7 244
7 0 244
1 2 820
2 1 820
1 3 293
3 1 293
1 20 322
20 1 322
1 24 132
24 1 132
1 3 365
3 1 365
1 24 838
24 1 838
2 8 348
8 2 348
2 17 811
17 2 811
2 19 256
19 2 256
2 21 583
21 2 583
2 22 911
22 2 911
2 11 905
11 2 905
2 2 962
2 2 962
2 12 582
12 2 582
2 24 909
24 2 909
3 4 691
4 3 691
3 10 798
10 3 798
3 12 328
12 3 328
3 26 822
26 3 822
3 13 656
13 3 656
4 5 966
5 4 966
4 6 368
6 4 368
4 9 612
9 4 612
4 24 478
24 4 478
5 11 492
11 5 492
5 15 155
15 5 155
5 24 191
24 5 191
5 24 266
24 5 266
5 20 168
20 5 168
5 23 727
23 5 727
6 19 909
19 6 909
6 18 254
18 6 254
6 7 750
7 6 750
6 13 548
13 6 548
6 22 93
22 6 93
6 21 914
21 6 914
6 14 257
14 6 257
6 25 917
25 6 917
7 13 464
13 7 464
7 15 771
15 7 771
7 17 285
17 7 285
7 14 846
14 7 846
7 16 840
16 7 840
7 18 767
18 7 767
7 9 693
9 7 693
8 12 753
12 8 753
8 16 308
16 8 308
8 24 144
24 8 144
8 15 118
15 8 118
8 17 732
17 8 732
9 22 404
22 9 404
9 12 131
12 9 131
9 23 380
23 9 380
9 14 982
14 9 982
9 20 388
20 9 388
9 23 529
23 9 529
9 26 378
26 9 378
10 11 101
11 10 101
11 12 788
12 11 788
11 19 464
19 11 464
11 17 678
17 11 678
11 24 540
24 11 540
11 13 675
13 11 675
11 22 279
22 11 279
12 16 372
16 12 372
12 18 818
18 12 818
13 25 39
25 13 39
13 21 714
21 13 714
13 20 65
20 13 65
13 24 136
24 13 136
14 21 867
21 14 867
14 16 837
16 14 837
14 17 378
17 14 378
14 24 183
24 14 183
14 18 736
18 14 736
14 25 737
25 14 737
15 25 504
25 15 504
15 26 110
26 15 110
15 17 976
17 15 976
15 26 672
26 15 672
15 16 576
16 15 576
16 18 80
18 16 80
16 21 822
21 16 822
17 23 944
23 17 944
17 22 130
22 17 130
17 19 523
19 17 523
17 24 401
24 17 401
17 26 462
26 17 462
18 26 867
26 18 867
18 24 34
24 18 34
18 18 775
18 18 775
19 26 485
26 19 485
22 25 446
25 22 446
23 24 635
24 23 635
