89

0 1 258
1 0 258
0 7 766
7 0 766
0 34 130
34 0 130
0 44 484
44 0 484
0 72 658
72 0 658
0 77 239
77 0 239
0 20 183
20 0 183
0 68 54
68 0 54
0 6 770
6 0 770
1 2 171
2 1 171
1 6 631
6 1 631
1 69 116
69 1 116
1 71 698
71 1 698
2 3 194
3 2 194
2 4 37
4 2 37
2 12 847
12 2 847
2 18 654
18 2 654
2 68 701
68 2 701
2 32 379
32 2 379
2 86 101
86 2 101
2 16 950
16 2 950
3 8 727
8 3 727
3 76 118
76 3 118
3 61 355
61 3 355
3 37 712
37 3 712
3 55 571
55 3 571
3 42 93
42 3 93
3 6 210
6 3 210
3 24 13
24 3 13
4 5 911
5 4 911
4 11 420
11 4 420
4 17 655
17 4 655
4 19 906
19 4 906
4 54 276
54 4 276
4 60 609
60 4 609
4 43 48
43 4 48
4 25 765
25 4 765
4 52 920
52 4 920
5 13 99
13 5 99
5 16 161
16 5 161
5 25 428
25 5 428
5 48 212
48 5 212
5 46 310
46 5 310
5 75 507
75 5 507
5 18 745
18 5 745
5 54 454
54 5 454
5 55 55
55 5 55
5 17 397
17 5 397
5 11 439
11 5 439
5 14 600
14 5 600
5 27 342
27 5 342
6 9 978
9 6 978
6 10 231
10 6 231
6 14 512
14 6 512
6 59 376
59 6 376
6 62 83
62 6 83
6 88 822
88 6 822
6 49 317
49 6 317
6 46 579
46 6 579
6 61 715
61 6 715
7 47 376
47 7 376
7 69 229
69 7 229
7 78 417
78 7 417
7 58 702
58 7 702
7 49 604
49 7 604
7 49 605
49 7 605
7 75 452
75 7 452
8 36 605
36 8 605
8 56 215
56 8 215
8 61 93
61 8 93
8 70 917
70 8 917
8 69 595
69 8 595
8 20 771
20 8 771
8 59 621
59 8 621
8 28 315
28 8 315
8 36 317
36 8 317
8 51 387
51 8 387
9 20 498
20 9 498
9 31 846
31 9 846
9 88 637
88 9 637
9 54 142
54 9 142
9 62 628
62 9 628
9 65 760
65 9 760
9 34 533
34 9 533
9 76 675
76 9 675
9 17 749
17 9 749
9 42 315
42 9 315
9 60 571
60 9 571
10 15 35
15 10 35
10 54 666
54 10 666
11 19 571
19 11 571
11 28 144
28 11 144
11 32 8
32 11 8
11 46 986
46 11 986
11 50 27
50 11 27
11 62 22
62 11 22
11 85 265
85 11 265
11 79 235
79 11 235
12 21 496
21 12 496
12 53 417
53 12 417
12 77 906
77 12 906
12 87 270
87 12 270
12 88 240
88 12 240
12 69 48
69 12 48
12 32 2
32 12 2
12 19 820
19 12 820
13 23 465
23 13 465
13 40 592
40 13 592
13 63 384
63 13 384
14 39 543
39 14 543
14 48 957
48 14 957
14 31 1
31 14 1
14 53 521
53 14 521
14 81 528
81 14 528
14 70 173
70 14 173
15 22 131
22 15 131
15 78 597
78 15 597
15 41 493
41 15 493
15 73 917
73 15 917
15 17 169
17 15 169
15 19 311
19 15 311
15 45 408
45 15 408
16 83 88
83 16 88
16 49 345
49 16 345
16 74 453
74 16 453
17 24 256
24 17 256
17 26 968
26 17 968
17 41 879
41 17 879
17 31 415
31 17 415
17 59 681
59 17 681
17 60 685
60 17 685
17 48 119
48 17 119
18 43 16
43 18 16
18 81 810
81 18 810
18 58 478
58 18 478
18 75 426
75 18 426
18 46 992
46 18 992
18 45 518
45 18 518
19 63 765
63 19 765
19 82 471
82 19 471
20 42 799
42 20 799
20 27 360
27 20 360
20 55 917
55 20 917
20 83 216
83 20 216
20 37 746
37 20 746
20 67 394
67 20 394
20 53 912
53 20 912
21 27 328
27 21 328
21 58 819
58 21 819
21 38 634
38 21 634
21 34 778
34 21 778
22 68 220
68 22 220
22 34 314
34 22 314
22 44 140
44 22 140
22 38 288
38 22 288
22 25 636
25 22 636
22 68 97
68 22 97
23 35 92
35 23 92
23 51 765
51 23 765
23 44 838
44 23 838
23 84 85
84 23 85
23 79 909
79 23 909
23 61 234
61 23 234
23 74 395
74 23 395
23 59 784
59 23 784
24 56 659
56 24 659
24 88 228
88 24 228
24 86 819
86 24 819
24 44 679
44 24 679
24 48 959
48 24 959
25 74 955
74 25 955
25 82 216
82 25 216
25 63 136
63 25 136
25 59 379
59 25 379
25 68 87
68 25 87
25 42 470
42 25 470
25 40 567
40 25 567
25 69 103
69 25 103
25 65 356
65 25 356
25 71 29
71 25 29
26 54 822
54 26 822
26 87 501
87 26 501
26 54 240
54 26 240
26 66 5
66 26 5
27 29 981
29 27 981
27 57 680
57 27 680
27 84 747
84 27 747
27 72 850
72 27 850
27 53 479
53 27 479
27 45 558
45 27 558
27 88 150
88 27 150
28 30 526
30 28 526
28 33 847
33 28 847
28 81 710
81 28 710
28 85 776
85 28 776
28 37 46
37 28 46
29 71 985
71 29 985
30 38 363
38 30 363
30 60 321
60 30 321
30 39 54
39 30 54
30 62 130
62 30 130
30 54 104
54 30 104
30 63 142
63 30 142
30 32 732
32 30 732
31 49 545
49 31 545
31 80 720
80 31 720
32 37 457
37 32 457
32 64 240
64 32 240
32 70 231
70 32 231
32 42 357
42 32 357
32 51 862
51 32 862
33 47 123
47 33 123
33 67 466
67 33 466
33 63 169
63 33 169
34 45 806
45 34 806
34 80 453
80 34 453
34 48 328
48 34 328
34 57 873
57 34 873
34 49 365
49 34 365
34 76 830
76 34 830
35 88 527
88 35 527
35 65 169
65 35 169
35 77 20
77 35 20
35 68 407
68 35 407
35 75 362
75 35 362
36 62 247
62 36 247
36 51 184
51 36 184
36 72 792
72 36 792
36 86 485
86 36 485
36 52 808
52 36 808
37 68 49
68 37 49
37 57 160
57 37 160
37 65 224
65 37 224
38 66 950
66 38 950
38 75 517
75 38 517
39 59 322
59 39 322
40 64 30
64 40 30
40 83 896
83 40 896
41 66 782
66 41 782
41 65 485
65 41 485
41 55 766
55 41 766
41 87 189
87 41 189
42 62 700
62 42 700
42 55 673
55 42 673
42 86 971
86 42 971
43 51 504
51 43 504
43 55 395
55 43 395
43 72 454
72 43 454
43 50 737
50 43 737
43 59 188
59 43 188
43 73 100
73 43 100
44 69 700
69 44 700
44 83 964
83 44 964
44 48 460
48 44 460
44 80 809
80 44 809
44 64 83
64 44 83
46 78 52
78 46 52
46 66 891
66 46 891
46 83 908
83 46 908
46 86 535
86 46 535
47 75 548
75 47 548
47 69 445
69 47 445
47 72 100
72 47 100
48 66 74
66 48 74
48 85 27
85 48 27
49 52 144
52 49 144
49 65 47
65 49 47
49 78 342
78 49 342
50 86 537
86 50 537
50 54 4
54 50 4
50 81 435
81 50 435
50 62 145
62 50 145
50 60 753
60 50 753
51 52 728
52 51 728
51 64 129
64 51 129
52 69 14
69 52 14
52 62 767
62 52 767
53 55 66
55 53 66
54 63 342
63 54 342
54 72 927
72 54 927
54 80 379
80 54 379
55 73 155
73 55 155
55 86 851
86 55 851
55 75 669
75 55 669
55 73 427
73 55 427
56 58 321
58 56 321
57 60 65
60 57 65
57 79 562
79 57 562
58 65 898
65 58 898
58 67 408
67 58 408
58 88 714
88 58 714
58 60 848
60 58 848
58 67 447
67 58 447
59 80 748
80 59 748
61 70 278
70 61 278
61 68 786
68 61 786
62 73 107
73 62 107
62 63 801
63 62 801
64 72 363
72 64 363
64 76 774
76 64 774
65 88 929
88 65 929
66 78 170
78 66 170
66 71 507
71 66 507
66 71 383
71 66 383
66 77 786
77 66 786
67 80 495
80 67 495
67 71 85
71 67 85
69 86 966
86 69 966
70 79 14
79 70 14
70 83 947
83 70 947
71 74 552
74 71 552
72 73 468
73 72 468
72 82 820
82 72 820
73 84 749
84 73 749
73 82 277
82 73 277
74 84 386
84 74 386
74 88 702
88 74 702
76 76 372
76 76 372
77 85 381
85 77 381
80 82 537
82 80 537
82 84 225
84 82 225
82 83 885
83 82 885
