17

0 1 108
1 0 108
0 3 302
3 0 302
0 7 379
7 0 379
0 9 451
9 0 451
1 2 523
2 1 523
1 11 721
11 1 721
1 4 703
4 1 703
2 4 267
4 2 267
2 8 845
8 2 845
2 7 326
7 2 326
3 5 169
5 3 169
3 14 598
14 3 598
4 6 802
6 4 802
4 12 716
12 4 716
8 10 541
10 8 541
8 16 846
16 8 846
12 13 200
13 12 200
13 15 473
15 13 473
15 16 254
16 15 254
