49

0 1 384
1 0 384
0 2 986
2 0 986
0 4 226
4 0 226
0 8 702
8 0 702
0 38 625
38 0 625
0 3 669
3 0 669
0 9 226
9 0 226
0 25 272
25 0 272
1 3 270
3 1 270
1 13 205
13 1 205
1 23 510
23 1 510
1 2 909
2 1 909
1 36 248
36 1 248
1 22 296
22 1 296
1 26 841
26 1 841
1 2 896
2 1 896
1 20 195
20 1 195
1 29 654
29 1 654
1 47 402
47 1 402
1 10 875
10 1 875
2 6 330
6 2 330
2 35 377
35 2 377
2 42 667
42 2 667
2 32 69
32 2 69
3 5 806
5 3 806
3 12 955
12 3 955
3 18 107
18 3 107
3 22 948
22 3 948
3 4 833
4 3 833
3 41 676
41 3 676
3 21 436
21 3 436
3 21 310
21 3 310
4 32 80
32 4 80
4 14 321
14 4 321
4 28 797
28 4 797
4 20 879
20 4 879
4 40 576
40 4 576
5 7 612
7 5 612
5 16 454
16 5 454
5 25 614
25 5 614
5 30 935
30 5 935
5 10 160
10 5 160
5 29 33
29 5 33
5 46 467
46 5 467
5 13 540
13 5 540
5 24 772
24 5 772
5 36 213
36 5 213
5 23 592
23 5 592
5 37 311
37 5 311
6 14 384
14 6 384
6 22 207
22 6 207
6 47 963
47 6 963
6 47 308
47 6 308
6 43 373
43 6 373
6 27 216
27 6 216
6 32 481
32 6 481
6 27 90
27 6 90
7 9 820
9 7 820
7 43 9
43 7 9
8 10 37
10 8 37
8 28 355
28 8 355
8 16 812
16 8 812
8 28 851
28 8 851
8 16 818
16 8 818
8 19 578
19 8 578
8 42 478
42 8 478
8 25 932
25 8 932
8 43 916
43 8 916
9 35 356
35 9 356
9 31 395
31 9 395
9 42 736
42 9 736
10 11 283
11 10 283
10 34 690
34 10 690
10 42 237
42 10 237
10 14 427
14 10 427
10 38 780
38 10 780
10 26 324
26 10 324
10 45 754
45 10 754
10 17 741
17 10 741
10 14 306
14 10 306
10 33 391
33 10 391
10 30 555
30 10 555
11 25 845
25 11 845
11 21 889
21 11 889
11 39 897
39 11 897
11 36 916
36 11 916
11 35 769
35 11 769
11 25 221
25 11 221
12 20 908
20 12 908
12 24 343
24 12 343
12 13 687
13 12 687
12 32 391
32 12 391
12 46 451
46 12 451
13 18 472
18 13 472
13 21 279
21 13 279
13 31 649
31 13 649
13 16 994
16 13 994
13 29 166
29 13 166
13 32 906
32 13 906
13 25 398
25 13 398
13 30 379
30 13 379
13 32 265
32 13 265
13 43 362
43 13 362
14 15 657
15 14 657
14 41 212
41 14 212
14 15 474
15 14 474
14 21 247
21 14 247
14 39 93
39 14 93
14 30 969
30 14 969
14 34 922
34 14 922
14 20 393
20 14 393
15 17 291
17 15 291
15 33 449
33 15 449
15 20 667
20 15 667
15 15 891
15 15 891
15 38 180
38 15 180
15 44 335
44 15 335
15 18 369
18 15 369
15 36 189
36 15 189
15 39 100
39 15 100
15 29 576
29 15 576
16 43 119
43 16 119
16 48 347
48 16 347
16 47 28
47 16 28
16 32 19
32 16 19
16 39 392
39 16 392
16 43 136
43 16 136
17 36 464
36 17 464
17 41 423
41 17 423
17 22 172
22 17 172
17 47 897
47 17 897
17 29 75
29 17 75
17 38 769
38 17 769
17 19 885
19 17 885
18 19 827
19 18 827
18 20 596
20 18 596
18 27 10
27 18 10
18 25 862
25 18 862
18 48 152
48 18 152
18 25 12
25 18 12
19 25 31
25 19 31
19 36 632
36 19 632
19 42 439
42 19 439
20 37 175
37 20 175
20 33 625
33 20 625
20 30 860
30 20 860
20 38 781
38 20 781
20 21 911
21 20 911
20 24 896
24 20 896
20 32 76
32 20 76
21 27 399
27 21 399
21 26 841
26 21 841
21 27 607
27 21 607
21 47 16
47 21 16
21 28 119
28 21 119
22 47 555
47 22 555
22 37 844
37 22 844
22 37 454
37 22 454
22 34 362
34 22 362
22 30 271
30 22 271
22 37 546
37 22 546
23 26 292
26 23 292
23 29 32
29 23 32
23 45 454
45 23 454
23 47 93
47 23 93
23 23 897
23 23 897
23 47 459
47 23 459
24 30 623
30 24 623
24 38 984
38 24 984
25 28 965
28 25 965
25 40 451
40 25 451
25 36 531
36 25 531
25 33 570
33 25 570
25 35 924
35 25 924
25 41 140
41 25 140
26 27 147
27 26 147
26 36 916
36 26 916
26 32 152
32 26 152
26 32 411
32 26 411
26 38 511
38 26 511
27 43 959
43 27 959
27 29 403
29 27 403
29 35 296
35 29 296
29 44 408
44 29 408
29 46 167
46 29 167
29 32 724
32 29 724
30 34 579
34 30 579
30 34 187
34 30 187
30 35 419
35 30 419
30 46 454
46 30 454
30 41 652
41 30 652
32 44 578
44 32 578
32 39 643
39 32 643
32 47 927
47 32 927
32 46 441
46 32 441
33 39 345
39 33 345
33 43 302
43 33 302
33 38 780
38 33 780
34 48 972
48 34 972
34 37 546
37 34 546
34 40 715
40 34 715
35 45 150
45 35 150
35 47 558
47 35 558
36 43 391
43 36 391
37 40 718
40 37 718
37 46 670
46 37 670
38 40 797
40 38 797
39 43 190
43 39 190
40 46 611
46 40 611
40 48 251
48 40 251
41 47 186
47 41 186
42 45 552
45 42 552
42 43 828
43 42 828
43 45 224
45 43 224
45 48 580
48 45 580
45 47 571
47 45 571
45 47 726
47 45 726
46 47 185
47 46 185
