100

0 1 432
1 0 432
0 31 608
31 0 608
0 40 342
40 0 342
0 42 523
42 0 523
0 97 888
97 0 888
0 88 669
88 0 669
0 17 128
17 0 128
0 17 100
17 0 100
0 41 841
41 0 841
0 53 117
53 0 117
0 78 89
78 0 89
0 70 389
70 0 389
0 78 396
78 0 396
0 64 955
64 0 955
0 25 695
25 0 695
0 46 981
46 0 981
0 65 349
65 0 349
0 16 333
16 0 333
0 98 482
98 0 482
0 5 302
5 0 302
0 98 982
98 0 982
0 24 882
24 0 882
0 69 809
69 0 809
0 24 778
24 0 778
0 65 361
65 0 361
0 37 920
37 0 920
1 2 847
2 1 847
1 8 537
8 1 537
1 25 434
25 1 434
1 29 360
29 1 360
1 58 535
58 1 535
1 99 179
99 1 179
1 5 342
5 1 342
1 62 266
62 1 266
1 21 734
21 1 734
1 16 257
16 1 257
1 28 169
28 1 169
1 11 452
11 1 452
1 78 656
78 1 656
1 46 237
46 1 237
1 94 401
94 1 401
1 26 500
26 1 500
1 99 940
99 1 940
2 3 401
3 2 401
2 4 154
4 2 154
2 5 24
5 2 24
2 15 174
15 2 174
2 19 448
19 2 448
2 21 882
21 2 882
2 23 976
23 2 976
2 96 196
96 2 196
2 60 798
60 2 798
2 92 493
92 2 493
2 64 771
64 2 771
2 21 182
21 2 182
2 68 126
68 2 126
2 73 543
73 2 543
2 43 392
43 2 392
2 43 677
43 2 677
2 39 163
39 2 163
2 60 143
60 2 143
2 20 310
20 2 310
2 48 41
48 2 41
2 69 699
69 2 699
2 72 212
72 2 212
2 92 22
92 2 22
3 12 119
12 3 119
3 18 540
18 3 540
3 44 608
44 3 608
3 76 689
76 3 689
3 60 971
60 3 971
3 7 441
7 3 441
3 42 981
42 3 981
3 86 19
86 3 19
3 75 491
75 3 491
3 35 438
35 3 438
3 21 583
21 3 583
3 25 35
25 3 35
3 24 237
24 3 237
3 98 448
98 3 448
3 70 532
70 3 532
3 57 873
57 3 873
3 37 424
37 3 424
3 29 701
29 3 701
3 95 391
95 3 391
3 89 79
89 3 79
3 73 541
73 3 541
4 26 341
26 4 341
4 28 875
28 4 875
4 79 354
79 4 354
4 6 441
6 4 441
4 59 503
59 4 503
4 9 969
9 4 969
4 42 154
42 4 154
4 53 848
53 4 848
4 68 830
68 4 830
4 98 363
98 4 363
4 76 783
76 4 783
4 5 451
5 4 451
4 78 437
78 4 437
4 12 455
12 4 455
4 82 237
82 4 237
4 31 159
31 4 159
4 79 384
79 4 384
4 6 356
6 4 356
4 68 902
68 4 902
5 6 101
6 5 101
5 10 630
10 5 630
5 50 732
50 5 732
5 95 958
95 5 958
5 24 590
24 5 590
5 29 743
29 5 743
5 45 402
45 5 402
5 96 311
96 5 311
5 11 178
11 5 178
5 54 130
54 5 130
5 24 165
24 5 165
5 31 603
31 5 603
5 60 756
60 5 756
5 38 506
38 5 506
5 60 187
60 5 187
5 58 205
58 5 205
5 44 331
44 5 331
5 89 709
89 5 709
5 71 417
71 5 417
5 14 162
14 5 162
5 15 545
15 5 545
6 7 161
7 6 161
6 11 147
11 6 147
6 51 720
51 6 720
6 14 687
14 6 687
6 72 356
72 6 356
6 61 912
61 6 912
6 22 816
22 6 816
6 39 496
39 6 496
6 76 971
76 6 971
6 75 38
75 6 38
6 45 117
45 6 117
6 39 890
39 6 890
6 11 765
11 6 765
6 51 908
51 6 908
6 71 486
71 6 486
6 97 364
97 6 364
6 44 899
44 6 899
6 64 485
64 6 485
6 84 567
84 6 567
6 30 597
30 6 597
6 68 90
68 6 90
6 33 165
33 6 165
7 77 627
77 7 627
7 99 60
99 7 60
7 47 16
47 7 16
7 44 703
44 7 703
7 51 370
51 7 370
7 57 848
57 7 848
7 16 329
16 7 329
7 41 413
41 7 413
7 46 753
46 7 753
7 47 210
47 7 210
7 72 402
72 7 402
7 9 711
9 7 711
8 9 766
9 8 766
8 30 890
30 8 890
8 60 565
60 8 565
8 95 690
95 8 690
8 69 673
69 8 673
8 13 781
13 8 781
8 88 798
88 8 798
8 12 397
12 8 397
8 29 767
29 8 767
8 12 123
12 8 123
8 48 970
48 8 970
8 38 924
38 8 924
8 64 140
64 8 140
8 29 939
29 8 939
8 23 274
23 8 274
8 19 335
19 8 335
9 14 143
14 9 143
9 70 113
70 9 113
9 93 990
93 9 990
9 15 685
15 9 685
9 42 705
42 9 705
9 12 779
12 9 779
9 66 659
66 9 659
9 73 763
73 9 763
9 21 829
21 9 829
9 19 839
19 9 839
9 81 951
81 9 951
9 50 335
50 9 335
9 13 64
13 9 64
9 26 553
26 9 553
9 35 68
35 9 68
10 17 609
17 10 609
10 24 199
24 10 199
10 74 631
74 10 631
10 65 862
65 10 862
10 21 493
21 10 493
10 55 134
55 10 134
10 98 396
98 10 396
10 71 123
71 10 123
10 35 96
35 10 96
10 36 719
36 10 719
10 20 345
20 10 345
10 64 256
64 10 256
11 13 632
13 11 632
11 35 369
35 11 369
11 68 907
68 11 907
11 60 16
60 11 16
11 57 769
57 11 769
11 45 80
45 11 80
11 34 435
34 11 435
11 65 212
65 11 212
11 31 117
31 11 117
11 93 127
93 11 127
11 26 15
26 11 15
12 16 884
16 12 884
12 57 495
57 12 495
12 65 974
65 12 974
12 52 903
52 12 903
12 19 161
19 12 161
12 19 163
19 12 163
12 88 78
88 12 78
12 99 399
99 12 399
12 90 84
90 12 84
12 38 629
38 12 629
12 79 440
79 12 440
12 37 727
37 12 727
12 97 335
97 12 335
12 74 837
74 12 837
12 30 610
30 12 610
12 25 467
25 12 467
12 85 69
85 12 69
12 81 775
81 12 775
12 59 123
59 12 123
13 45 834
45 13 834
13 29 478
29 13 478
13 31 524
31 13 524
13 62 799
62 13 799
13 31 847
31 13 847
13 56 363
56 13 363
13 14 929
14 13 929
13 24 229
24 13 229
13 64 595
64 13 595
13 65 628
65 13 628
13 91 88
91 13 88
13 61 83
61 13 83
13 83 369
83 13 369
13 62 143
62 13 143
13 91 254
91 13 254
13 89 343
89 13 343
13 98 358
98 13 358
13 43 549
43 13 549
13 65 327
65 13 327
13 24 135
24 13 135
14 20 615
20 14 615
14 55 71
55 14 71
14 57 699
57 14 699
14 73 732
73 14 732
14 63 260
63 14 260
14 92 741
92 14 741
14 50 285
50 14 285
14 28 479
28 14 479
14 24 74
24 14 74
14 58 391
58 14 391
14 29 544
29 14 544
14 53 523
53 14 523
14 46 396
46 14 396
14 41 427
41 14 427
14 74 415
74 14 415
14 78 405
78 14 405
14 22 473
22 14 473
14 97 504
97 14 504
15 23 573
23 15 573
15 71 964
71 15 964
15 78 565
78 15 565
15 53 835
53 15 835
15 69 684
69 15 684
15 55 949
55 15 949
15 19 50
19 15 50
15 16 453
16 15 453
15 83 967
83 15 967
15 29 664
29 15 664
15 82 279
82 15 279
15 18 486
18 15 486
15 24 361
24 15 361
15 82 725
82 15 725
15 69 786
69 15 786
15 30 722
30 15 722
16 52 101
52 16 101
16 51 103
51 16 103
16 70 351
70 16 351
16 77 828
77 16 828
16 22 885
22 16 885
16 31 246
31 16 246
16 37 699
37 16 699
17 22 881
22 17 881
17 33 168
33 17 168
17 99 123
99 17 123
17 31 845
31 17 845
17 82 448
82 17 448
17 87 277
87 17 277
17 47 742
47 17 742
17 33 989
33 17 989
17 33 342
33 17 342
17 75 645
75 17 645
17 30 285
30 17 285
17 71 72
71 17 72
17 92 494
92 17 494
17 55 476
55 17 476
17 75 267
75 17 267
17 73 293
73 17 293
17 44 475
44 17 475
18 53 652
53 18 652
18 72 612
72 18 612
18 29 490
29 18 490
18 94 597
94 18 597
18 51 74
51 18 74
18 94 657
94 18 657
18 93 944
93 18 944
18 88 67
88 18 67
18 65 275
65 18 275
18 25 271
25 18 271
18 79 592
79 18 592
18 62 916
62 18 916
18 36 235
36 18 235
18 71 595
71 18 595
18 56 285
56 18 285
18 78 879
78 18 879
18 55 109
55 18 109
18 36 165
36 18 165
18 94 505
94 18 505
19 90 950
90 19 950
19 97 402
97 19 402
19 48 253
48 19 253
19 24 847
24 19 847
19 59 770
59 19 770
19 76 883
76 19 883
19 98 856
98 19 856
19 43 961
43 19 961
19 33 605
33 19 605
19 47 678
47 19 678
19 45 275
45 19 275
19 44 29
44 19 29
19 41 8
41 19 8
19 22 113
22 19 113
19 68 120
68 19 120
19 48 907
48 19 907
20 29 942
29 20 942
20 49 415
49 20 415
20 73 571
73 20 571
20 52 540
52 20 540
20 96 865
96 20 865
20 46 872
46 20 872
20 84 245
84 20 245
20 37 316
37 20 316
20 64 307
64 20 307
20 25 621
25 20 621
20 83 97
83 20 97
20 99 579
99 20 579
20 48 497
48 20 497
20 74 103
74 20 103
21 73 926
73 21 926
21 94 769
94 21 769
21 70 494
70 21 494
21 89 278
89 21 278
21 59 358
59 21 358
21 37 546
37 21 546
21 31 678
31 21 678
21 43 969
43 21 969
21 62 492
62 21 492
21 35 245
35 21 245
21 94 250
94 21 250
22 61 356
61 22 356
22 63 206
63 22 206
22 74 173
74 22 173
22 58 492
58 22 492
22 82 261
82 22 261
22 94 247
94 22 247
22 90 162
90 22 162
22 28 716
28 22 716
22 75 817
75 22 817
22 72 383
72 22 383
22 29 731
29 22 731
22 39 371
39 22 371
22 81 931
81 22 931
22 46 952
46 22 952
22 55 903
55 22 903
22 80 577
80 22 577
22 87 63
87 22 63
23 27 915
27 23 915
23 46 644
46 23 644
23 28 482
28 23 482
23 28 724
28 23 724
23 45 327
45 23 327
23 78 469
78 23 469
23 34 180
34 23 180
23 38 387
38 23 387
23 66 442
66 23 442
23 83 610
83 23 610
23 69 164
69 23 164
23 82 593
82 23 593
23 77 802
77 23 802
23 36 332
36 23 332
23 48 501
48 23 501
24 32 414
32 24 414
24 66 135
66 24 135
24 47 68
47 24 68
24 85 85
85 24 85
24 45 865
45 24 865
24 27 728
27 24 728
24 30 583
30 24 583
24 94 409
94 24 409
24 35 554
35 24 554
24 73 597
73 24 597
24 59 110
59 24 110
24 68 455
68 24 455
24 85 833
85 24 833
24 79 44
79 24 44
24 45 442
45 24 442
24 96 604
96 24 604
24 97 360
97 24 360
24 42 742
42 24 742
24 61 662
61 24 662
24 71 851
71 24 851
25 34 366
34 25 366
25 39 770
39 25 770
25 93 80
93 25 80
25 41 819
41 25 819
25 65 834
65 25 834
25 52 794
52 25 794
25 67 306
67 25 306
25 63 733
63 25 733
25 44 539
44 25 539
25 53 230
53 25 230
25 73 192
73 25 192
25 49 802
49 25 802
25 72 227
72 25 227
25 65 500
65 25 500
25 79 981
79 25 981
25 58 12
58 25 12
25 63 367
63 25 367
25 28 230
28 25 230
25 64 314
64 25 314
26 36 626
36 26 626
26 50 882
50 26 882
26 62 487
62 26 487
26 65 586
65 26 586
26 84 337
84 26 337
26 59 835
59 26 835
26 49 602
49 26 602
26 42 89
42 26 89
26 97 327
97 26 327
26 77 293
77 26 293
26 38 540
38 26 540
26 80 499
80 26 499
26 82 541
82 26 541
26 83 214
83 26 214
26 64 270
64 26 270
26 88 221
88 26 221
27 43 947
43 27 947
27 85 558
85 27 558
27 82 369
82 27 369
27 42 232
42 27 232
27 64 256
64 27 256
27 28 218
28 27 218
27 41 365
41 27 365
27 94 492
94 27 492
27 43 172
43 27 172
27 92 425
92 27 425
28 91 400
91 28 400
28 35 724
35 28 724
28 88 653
88 28 653
28 31 298
31 28 298
28 52 244
52 28 244
28 37 159
37 28 159
28 66 989
66 28 989
28 48 386
48 28 386
29 49 642
49 29 642
29 65 889
65 29 889
29 32 859
32 29 859
29 54 201
54 29 201
29 34 542
34 29 542
29 94 935
94 29 935
29 79 125
79 29 125
29 30 468
30 29 468
29 77 240
77 29 240
29 65 795
65 29 795
29 88 994
88 29 994
29 72 788
72 29 788
29 78 916
78 29 916
29 65 342
65 29 342
29 72 173
72 29 173
29 48 68
48 29 68
29 36 504
36 29 504
29 47 79
47 29 79
29 87 937
87 29 937
29 89 526
89 29 526
29 89 878
89 29 878
29 97 484
97 29 484
30 41 63
41 30 63
30 59 893
59 30 893
30 86 518
86 30 518
30 44 376
44 30 376
30 86 437
86 30 437
30 95 290
95 30 290
30 76 874
76 30 874
30 78 331
78 30 331
30 34 238
34 30 238
30 56 283
56 30 283
30 33 274
33 30 274
30 47 703
47 30 703
31 38 442
38 31 442
31 55 998
55 31 998
31 49 834
49 31 834
31 85 205
85 31 205
31 36 369
36 31 369
32 52 854
52 32 854
32 98 258
98 32 258
32 84 725
84 32 725
32 95 371
95 32 371
32 53 65
53 32 65
32 65 164
65 32 164
32 49 567
49 32 567
32 57 674
57 32 674
32 40 472
40 32 472
32 45 764
45 32 764
32 42 531
42 32 531
32 62 709
62 32 709
32 62 502
62 32 502
32 90 260
90 32 260
32 87 661
87 32 661
33 37 321
37 33 321
33 64 861
64 33 861
33 39 946
39 33 946
33 52 263
52 33 263
33 95 147
95 33 147
33 50 531
50 33 531
33 70 869
70 33 869
33 95 474
95 33 474
33 42 721
42 33 721
33 90 952
90 33 952
33 51 785
51 33 785
33 69 282
69 33 282
33 50 42
50 33 42
34 44 358
44 34 358
34 58 642
58 34 642
34 38 399
38 34 399
34 40 367
40 34 367
34 53 559
53 34 559
34 77 658
77 34 658
34 65 104
65 34 104
34 35 378
35 34 378
34 79 322
79 34 322
34 70 10
70 34 10
34 36 994
36 34 994
34 86 382
86 34 382
34 57 40
57 34 40
34 97 512
97 34 512
34 62 524
62 34 524
34 59 29
59 34 29
34 47 684
47 34 684
34 64 99
64 34 99
35 73 842
73 35 842
35 56 900
56 35 900
35 61 683
61 35 683
35 91 914
91 35 914
35 46 818
46 35 818
35 60 756
60 35 756
35 56 758
56 35 758
35 79 820
79 35 820
35 74 756
74 35 756
35 57 108
57 35 108
35 36 365
36 35 365
35 71 229
71 35 229
35 43 555
43 35 555
35 62 797
62 35 797
35 74 345
74 35 345
36 83 737
83 36 737
36 90 682
90 36 682
36 73 758
73 36 758
36 47 255
47 36 255
36 98 759
98 36 759
36 64 692
64 36 692
36 44 716
44 36 716
36 72 785
72 36 785
37 73 365
73 37 365
37 86 103
86 37 103
37 99 801
99 37 801
37 40 11
40 37 11
37 70 232
70 37 232
37 96 97
96 37 97
37 47 780
47 37 780
38 50 409
50 38 409
38 73 418
73 38 418
38 70 421
70 38 421
38 38 702
38 38 702
38 95 102
95 38 102
38 61 697
61 38 697
39 48 823
48 39 823
39 52 164
52 39 164
39 94 787
94 39 787
39 85 803
85 39 803
39 89 704
89 39 704
39 98 348
98 39 348
39 62 71
62 39 71
39 56 181
56 39 181
39 75 858
75 39 858
39 69 819
69 39 819
39 80 250
80 39 250
39 62 122
62 39 122
39 53 963
53 39 963
40 49 832
49 40 832
40 62 77
62 40 77
40 50 264
50 40 264
40 93 383
93 40 383
41 46 779
46 41 779
41 63 688
63 41 688
41 90 905
90 41 905
41 49 119
49 41 119
41 96 153
96 41 153
41 86 378
86 41 378
41 45 322
45 41 322
41 79 533
79 41 533
41 92 541
92 41 541
41 99 5
99 41 5
41 49 554
49 41 554
41 67 546
67 41 546
41 48 238
48 41 238
41 43 668
43 41 668
41 51 593
51 41 593
41 48 108
48 41 108
41 43 941
43 41 941
41 47 771
47 41 771
41 55 830
55 41 830
41 88 756
88 41 756
42 89 918
89 42 918
42 94 477
94 42 477
42 91 876
91 42 876
42 53 773
53 42 773
42 58 162
58 42 162
42 83 886
83 42 886
42 70 24
70 42 24
42 47 913
47 42 913
42 45 191
45 42 191
42 94 128
94 42 128
42 84 117
84 42 117
43 56 6
56 43 6
43 59 753
59 43 753
43 52 969
52 43 969
43 98 122
98 43 122
43 74 424
74 43 424
43 77 635
77 43 635
43 58 833
58 43 833
43 90 544
90 43 544
43 53 884
53 43 884
43 96 811
96 43 811
43 86 667
86 43 667
43 87 144
87 43 144
43 65 600
65 43 600
43 98 720
98 43 720
44 75 567
75 44 567
44 56 895
56 44 895
44 46 876
46 44 876
44 71 645
71 44 645
44 64 158
64 44 158
44 59 400
59 44 400
44 46 456
46 44 456
44 46 901
46 44 901
44 47 706
47 44 706
44 79 661
79 44 661
44 73 760
73 44 760
45 78 924
78 45 924
45 48 485
48 45 485
45 82 448
82 45 448
45 63 317
63 45 317
45 92 748
92 45 748
45 50 120
50 45 120
45 59 299
59 45 299
45 75 306
75 45 306
45 50 694
50 45 694
45 90 287
90 45 287
46 47 705
47 46 705
46 54 115
54 46 115
46 69 481
69 46 481
46 84 569
84 46 569
46 92 646
92 46 646
46 65 869
65 46 869
46 87 580
87 46 580
46 53 300
53 46 300
46 46 12
46 46 12
46 83 621
83 46 621
46 64 270
64 46 270
46 53 571
53 46 571
46 96 679
96 46 679
47 73 587
73 47 587
47 68 734
68 47 734
47 81 396
81 47 396
47 69 658
69 47 658
47 94 779
94 47 779
47 64 428
64 47 428
47 53 228
53 47 228
47 97 564
97 47 564
47 82 156
82 47 156
47 76 949
76 47 949
47 70 44
70 47 44
47 67 876
67 47 876
47 99 903
99 47 903
48 88 926
88 48 926
48 59 110
59 48 110
48 76 967
76 48 967
48 71 936
71 48 936
48 79 30
79 48 30
48 58 643
58 48 643
48 76 722
76 48 722
48 62 902
62 48 902
48 76 475
76 48 475
49 56 901
56 49 901
49 80 149
80 49 149
49 80 160
80 49 160
49 88 474
88 49 474
49 84 369
84 49 369
49 68 471
68 49 471
49 63 791
63 49 791
50 61 511
61 50 511
50 75 943
75 50 943
50 83 456
83 50 456
50 59 815
59 50 815
50 63 628
63 50 628
50 91 115
91 50 115
51 60 162
60 51 162
51 95 982
95 51 982
51 71 263
71 51 263
51 71 692
71 51 692
51 95 113
95 51 113
51 81 986
81 51 986
51 54 844
54 51 844
52 75 175
75 52 175
52 97 33
97 52 33
52 64 223
64 52 223
52 98 706
98 52 706
52 69 282
69 52 282
52 84 510
84 52 510
53 67 176
67 53 176
53 54 615
54 53 615
53 83 448
83 53 448
53 94 925
94 53 925
53 87 604
87 53 604
53 57 8
57 53 8
54 81 589
81 54 589
54 96 890
96 54 890
54 93 896
93 54 896
54 86 584
86 54 584
54 59 482
59 54 482
54 69 81
69 54 81
54 64 46
64 54 46
54 76 564
76 54 564
54 67 381
67 54 381
54 81 599
81 54 599
54 91 382
91 54 382
54 87 710
87 54 710
55 98 909
98 55 909
55 81 582
81 55 582
55 67 8
67 55 8
55 67 156
67 55 156
55 64 865
64 55 865
55 60 593
60 55 593
55 85 737
85 55 737
55 69 675
69 55 675
55 87 539
87 55 539
56 67 919
67 56 919
56 85 212
85 56 212
56 94 352
94 56 352
56 60 467
60 56 467
56 93 976
93 56 976
56 77 896
77 56 896
56 95 411
95 56 411
56 64 197
64 56 197
56 70 227
70 56 227
57 71 686
71 57 686
57 58 725
58 57 725
57 65 611
65 57 611
57 78 495
78 57 495
57 63 603
63 57 603
57 73 89
73 57 89
58 97 790
97 58 790
58 61 323
61 58 323
58 64 896
64 58 896
58 75 448
75 58 448
58 82 747
82 58 747
58 95 195
95 58 195
58 78 798
78 58 798
58 97 391
97 58 391
59 70 289
70 59 289
59 71 281
71 59 281
59 97 933
97 59 933
59 74 852
74 59 852
59 99 782
99 59 782
59 67 45
67 59 45
59 66 12
66 59 12
59 83 983
83 59 983
59 90 14
90 59 14
59 85 226
85 59 226
60 94 837
94 60 837
60 83 437
83 60 437
60 68 813
68 60 813
60 61 830
61 60 830
60 99 611
99 60 611
60 85 730
85 60 730
60 89 787
89 60 787
60 78 413
78 60 413
60 71 35
71 60 35
60 70 478
70 60 478
60 78 756
78 60 756
61 65 266
65 61 266
61 62 955
62 61 955
61 95 682
95 61 682
61 88 240
88 61 240
61 85 491
85 61 491
61 97 806
97 61 806
61 82 569
82 61 569
61 77 591
77 61 591
61 84 512
84 61 512
62 80 897
80 62 897
62 92 751
92 62 751
62 98 726
98 62 726
62 90 141
90 62 141
62 89 509
89 62 509
62 78 66
78 62 66
62 92 97
92 62 97
63 75 900
75 63 900
63 74 752
74 63 752
63 78 314
78 63 314
63 88 990
88 63 990
63 82 638
82 63 638
63 94 136
94 63 136
63 84 972
84 63 972
63 92 441
92 63 441
65 71 6
71 65 6
65 69 203
69 65 203
65 74 656
74 65 656
66 91 854
91 66 854
66 96 353
96 66 353
66 83 733
83 66 733
66 84 993
84 66 993
66 67 720
67 66 720
67 78 136
78 67 136
67 97 221
97 67 221
67 98 137
98 67 137
67 92 718
92 67 718
67 99 885
99 67 885
67 94 759
94 67 759
67 98 146
98 67 146
67 69 749
69 67 749
68 74 942
74 68 942
68 89 542
89 68 542
68 94 914
94 68 914
68 82 332
82 68 332
68 85 310
85 68 310
68 93 823
93 68 823
69 82 144
82 69 144
69 85 927
85 69 927
69 74 276
74 69 276
69 71 979
71 69 979
69 83 380
83 69 380
69 74 279
74 69 279
70 82 106
82 70 106
70 82 694
82 70 694
70 92 70
92 70 70
70 92 203
92 70 203
70 97 422
97 70 422
70 93 774
93 70 774
71 87 325
87 71 325
71 89 473
89 71 473
71 73 310
73 71 310
71 84 885
84 71 885
71 81 797
81 71 797
71 99 98
99 71 98
71 94 182
94 71 182
71 76 895
76 71 895
71 83 451
83 71 451
71 87 959
87 71 959
71 76 122
76 71 122
72 80 792
80 72 792
72 98 853
98 72 853
72 77 209
77 72 209
72 96 701
96 72 701
73 82 894
82 73 894
73 84 84
84 73 84
73 92 238
92 73 238
74 96 858
96 74 858
74 94 831
94 74 831
74 81 329
81 74 329
74 95 194
95 74 194
74 94 532
94 74 532
76 97 868
97 76 868
76 77 493
77 76 493
76 95 144
95 76 144
76 78 795
78 76 795
77 93 837
93 77 837
77 84 749
84 77 749
77 82 566
82 77 566
78 99 902
99 78 902
78 89 68
89 78 68
79 95 948
95 79 948
79 94 58
94 79 58
80 94 764
94 80 764
80 80 620
80 80 620
80 97 845
97 80 845
80 93 275
93 80 275
80 97 863
97 80 863
81 91 576
91 81 576
81 85 769
85 81 769
81 82 820
82 81 820
81 99 934
99 81 934
81 87 299
87 81 299
82 96 255
96 82 255
82 97 638
97 82 638
82 91 990
91 82 990
83 98 745
98 83 745
83 92 991
92 83 991
83 91 553
91 83 553
85 93 548
93 85 548
85 93 910
93 85 910
85 86 70
86 85 70
85 90 756
90 85 756
86 97 797
97 86 797
87 96 11
96 87 11
87 96 299
96 87 299
90 98 40
98 90 40
91 96 877
96 91 877
91 95 131
95 91 131
91 91 426
91 91 426
92 97 309
97 92 309
92 93 72
93 92 72
93 97 965
97 93 965
93 94 785
94 93 785
94 97 387
97 94 387
95 98 311
98 95 311
95 98 986
98 95 986
96 97 784
97 96 784
96 96 512
96 96 512
