49

0 1 398
1 0 398
0 11 752
11 0 752
0 12 570
12 0 570
0 17 372
17 0 372
0 37 686
37 0 686
1 2 859
2 1 859
1 3 805
3 1 805
1 14 322
14 1 322
1 19 581
19 1 581
2 4 220
4 2 220
2 5 524
5 2 524
2 10 471
10 2 471
2 24 224
24 2 224
3 6 470
6 3 470
3 13 599
13 3 599
3 41 602
41 3 602
3 43 532
43 3 532
4 7 929
7 4 929
4 8 220
8 4 220
4 9 354
9 4 354
4 22 738
22 4 738
4 23 71
23 4 71
4 24 312
24 4 312
5 39 357
39 5 357
5 24 994
24 5 994
5 9 791
9 5 791
5 20 945
20 5 945
5 47 993
47 5 993
6 33 284
33 6 284
7 32 636
32 7 636
7 22 740
22 7 740
8 18 611
18 8 611
8 10 604
10 8 604
9 20 531
20 9 531
9 41 750
41 9 750
9 45 183
45 9 183
11 15 688
15 11 688
11 16 47
16 11 47
11 25 248
25 11 248
11 27 888
27 11 888
11 30 770
30 11 770
11 26 371
26 11 371
12 21 617
21 12 617
12 41 345
41 12 345
14 19 933
19 14 933
15 26 585
26 15 585
15 44 831
44 15 831
16 34 595
34 16 595
16 47 426
47 16 426
16 19 765
19 16 765
18 33 61
33 18 61
19 34 880
34 19 880
22 35 291
35 22 291
22 46 642
46 22 642
22 26 210
26 22 210
24 28 839
28 24 839
25 29 402
29 25 402
26 48 667
48 26 667
27 31 565
31 27 565
28 39 813
39 28 813
28 48 706
48 28 706
29 39 41
39 29 41
30 38 846
38 30 846
30 45 540
45 30 540
31 36 111
36 31 111
31 39 474
39 31 474
31 42 290
42 31 290
33 39 54
39 33 54
34 40 890
40 34 890
35 48 11
48 35 11
38 43 423
43 38 423
46 47 735
47 46 735
