100

0 1 368
1 0 368
0 2 421
2 0 421
0 7 575
7 0 575
0 10 612
10 0 612
0 16 661
16 0 661
0 43 481
43 0 481
0 99 95
99 0 95
0 33 26
33 0 26
0 60 542
60 0 542
0 7 806
7 0 806
0 70 385
70 0 385
1 4 873
4 1 873
1 24 632
24 1 632
1 26 281
26 1 281
1 47 149
47 1 149
1 60 703
60 1 703
1 58 415
58 1 415
1 54 629
54 1 629
1 86 629
86 1 629
2 3 969
3 2 969
2 18 329
18 2 329
2 27 425
27 2 425
2 47 622
47 2 622
2 18 313
18 2 313
2 63 912
63 2 912
3 5 528
5 3 528
3 9 136
9 3 136
3 11 990
11 3 990
3 36 563
36 3 563
4 6 88
6 4 88
4 31 400
31 4 400
4 52 354
52 4 354
4 63 910
63 4 910
4 41 989
41 4 989
4 42 618
42 4 618
4 50 886
50 4 886
4 77 640
77 4 640
5 8 294
8 5 294
5 38 542
38 5 542
5 56 620
56 5 620
5 71 399
71 5 399
5 96 593
96 5 593
5 86 438
86 5 438
5 52 320
52 5 320
5 31 21
31 5 21
5 43 442
43 5 442
5 55 384
55 5 384
5 42 44
42 5 44
6 19 576
19 6 576
6 32 986
32 6 986
6 62 879
62 6 879
6 66 953
66 6 953
6 78 630
78 6 630
7 14 182
14 7 182
7 39 729
39 7 729
7 65 588
65 7 588
7 44 703
44 7 703
7 27 41
27 7 41
7 51 276
51 7 276
7 56 790
56 7 790
8 12 482
12 8 482
8 20 282
20 8 282
8 25 271
25 8 271
8 40 690
40 8 690
8 69 496
69 8 496
8 87 570
87 8 570
8 53 351
53 8 351
8 81 706
81 8 706
8 40 719
40 8 719
8 45 208
45 8 208
9 15 941
15 9 941
9 30 734
30 9 734
9 60 105
60 9 105
9 58 429
58 9 429
9 59 870
59 9 870
10 23 681
23 10 681
10 45 435
45 10 435
10 32 656
32 10 656
10 34 739
34 10 739
10 77 147
77 10 147
11 13 1000
13 11 1000
11 46 493
46 11 493
11 52 716
52 11 716
12 17 766
17 12 766
12 28 725
28 12 725
12 62 167
62 12 167
12 74 462
74 12 462
13 21 731
21 13 731
13 74 235
74 13 235
13 85 969
85 13 969
13 56 535
56 13 535
14 21 384
21 14 384
14 22 579
22 14 579
14 56 204
56 14 204
14 67 467
67 14 467
14 48 99
48 14 99
14 18 658
18 14 658
15 65 859
65 15 859
15 91 349
91 15 349
15 64 878
64 15 878
16 36 305
36 16 305
17 67 629
67 17 629
17 80 11
80 17 11
17 98 171
98 17 171
17 45 4
45 17 4
18 74 194
74 18 194
18 88 361
88 18 361
18 37 83
37 18 83
18 48 672
48 18 672
18 42 570
42 18 570
18 39 252
39 18 252
19 51 989
51 19 989
19 58 857
58 19 857
19 97 303
97 19 303
19 61 149
61 19 149
19 57 289
57 19 289
19 95 731
95 19 731
20 29 478
29 20 478
20 64 904
64 20 904
20 46 602
46 20 602
21 35 545
35 21 545
21 83 406
83 21 406
21 29 673
29 21 673
22 50 893
50 22 893
22 31 414
31 22 414
23 61 951
61 23 951
23 26 869
26 23 869
24 54 368
54 24 368
24 66 955
66 24 955
24 35 54
35 24 54
25 33 407
33 25 407
26 67 533
67 26 533
27 57 313
57 27 313
27 66 97
66 27 97
27 41 560
41 27 560
28 59 876
59 28 876
28 95 436
95 28 436
28 42 314
42 28 314
28 86 359
86 28 359
28 88 523
88 28 523
28 69 485
69 28 485
29 41 779
41 29 779
29 77 502
77 29 502
29 80 947
80 29 947
30 34 656
34 30 656
30 85 262
85 30 262
30 82 567
82 30 567
30 64 40
64 30 40
31 78 182
78 31 182
31 53 327
53 31 327
31 36 449
36 31 449
31 35 897
35 31 897
32 68 250
68 32 250
32 70 88
70 32 88
33 37 794
37 33 794
33 63 386
63 33 386
33 90 273
90 33 273
33 97 231
97 33 231
34 90 216
90 34 216
35 97 166
97 35 166
35 79 847
79 35 847
36 84 294
84 36 294
36 95 263
95 36 263
36 57 793
57 36 793
36 72 535
72 36 535
36 73 189
73 36 189
37 49 758
49 37 758
37 58 789
58 37 789
39 44 53
44 39 53
39 73 381
73 39 381
39 89 825
89 39 825
39 78 382
78 39 382
39 78 775
78 39 775
39 51 678
51 39 678
40 98 10
98 40 10
40 77 929
77 40 929
40 75 789
75 40 789
41 42 743
42 41 743
42 48 239
48 42 239
42 81 701
81 42 701
42 93 394
93 42 394
43 53 848
53 43 848
43 59 795
59 43 795
44 71 437
71 44 437
45 77 391
77 45 391
45 95 907
95 45 907
45 76 146
76 45 146
46 66 702
66 46 702
46 79 490
79 46 490
46 64 690
64 46 690
47 76 652
76 47 652
47 98 380
98 47 380
48 75 765
75 48 765
48 80 361
80 48 361
49 72 181
72 49 181
50 72 920
72 50 920
51 55 548
55 51 548
51 56 736
56 51 736
52 82 888
82 52 888
52 81 444
81 52 444
52 72 602
72 52 602
53 57 845
57 53 845
54 94 492
94 54 492
54 90 151
90 54 151
55 70 943
70 55 943
55 78 874
78 55 874
55 62 827
62 55 827
55 92 477
92 55 477
55 96 782
96 55 782
56 85 758
85 56 758
56 71 679
71 56 679
58 91 309
91 58 309
58 58 24
58 58 24
60 75 270
75 60 270
61 99 282
99 61 282
61 92 457
92 61 457
63 92 242
92 63 242
64 68 560
68 64 560
65 90 441
90 65 441
65 98 141
98 65 141
65 98 616
98 65 616
68 75 51
75 68 51
70 70 880
70 70 880
70 90 46
90 70 46
71 86 964
86 71 964
71 83 53
83 71 53
71 79 753
79 71 753
72 78 208
78 72 208
74 78 318
78 74 318
76 85 680
85 76 680
81 98 99
98 81 99
82 94 866
94 82 866
85 93 840
93 85 840
85 90 147
90 85 147
86 92 629
92 86 629
86 97 105
97 86 105
88 90 691
90 88 691
90 91 71
91 90 71
96 98 58
98 96 58
96 96 277
96 96 277
