70

0 1 613
1 0 613
0 2 940
2 0 940
0 23 670
23 0 670
0 65 491
65 0 491
0 27 190
27 0 190
0 48 925
48 0 925
0 53 268
53 0 268
0 53 559
53 0 559
0 30 818
30 0 818
0 27 260
27 0 260
0 9 313
9 0 313
0 38 751
38 0 751
1 3 375
3 1 375
1 4 744
4 1 744
1 8 1
8 1 1
1 17 105
17 1 105
1 18 722
18 1 722
1 20 928
20 1 928
1 14 794
14 1 794
1 43 244
43 1 244
1 20 552
20 1 552
1 43 864
43 1 864
1 44 776
44 1 776
1 24 971
24 1 971
1 24 851
24 1 851
1 26 443
26 1 443
1 7 428
7 1 428
1 30 869
30 1 869
1 44 626
44 1 626
2 9 956
9 2 956
2 11 652
11 2 652
2 12 599
12 2 599
2 19 201
19 2 201
2 21 465
21 2 465
2 27 138
27 2 138
2 19 914
19 2 914
2 3 259
3 2 259
2 40 782
40 2 782
2 55 351
55 2 351
3 5 162
5 3 162
3 26 671
26 3 671
3 34 919
34 3 919
3 57 445
57 3 445
3 14 177
14 3 177
3 37 128
37 3 128
3 67 622
67 3 622
3 41 693
41 3 693
3 54 435
54 3 435
3 64 581
64 3 581
3 13 349
13 3 349
3 5 550
5 3 550
3 11 845
11 3 845
3 37 916
37 3 916
4 21 987
21 4 987
4 42 939
42 4 939
4 9 992
9 4 992
4 4 652
4 4 652
4 9 211
9 4 211
4 16 558
16 4 558
4 13 92
13 4 92
4 55 224
55 4 224
4 34 241
34 4 241
4 23 944
23 4 944
4 45 197
45 4 197
4 11 181
11 4 181
5 6 271
6 5 271
5 7 796
7 5 796
5 13 275
13 5 275
5 48 532
48 5 532
5 45 86
45 5 86
5 14 874
14 5 874
5 37 921
37 5 921
5 18 935
18 5 935
5 44 567
44 5 567
5 57 519
57 5 519
5 56 228
56 5 228
5 45 362
45 5 362
5 29 769
29 5 769
5 23 80
23 5 80
5 55 891
55 5 891
5 65 575
65 5 575
5 42 586
42 5 586
6 22 310
22 6 310
6 17 155
17 6 155
6 49 520
49 6 520
6 29 212
29 6 212
6 46 605
46 6 605
6 34 64
34 6 64
6 56 351
56 6 351
6 69 917
69 6 917
6 43 360
43 6 360
7 14 582
14 7 582
7 51 310
51 7 310
7 22 341
22 7 341
7 60 404
60 7 404
7 45 537
45 7 537
7 21 262
21 7 262
7 35 930
35 7 930
7 53 741
53 7 741
7 62 520
62 7 520
7 8 273
8 7 273
7 34 542
34 7 542
8 10 863
10 8 863
8 15 689
15 8 689
8 35 24
35 8 24
8 57 750
57 8 750
8 27 180
27 8 180
8 23 842
23 8 842
8 25 655
25 8 655
8 55 60
55 8 60
8 39 718
39 8 718
8 46 844
46 8 844
8 14 152
14 8 152
8 40 379
40 8 379
9 29 438
29 9 438
9 17 648
17 9 648
9 42 616
42 9 616
9 54 557
54 9 557
9 31 34
31 9 34
9 58 984
58 9 984
9 30 49
30 9 49
9 19 102
19 9 102
9 52 392
52 9 392
9 34 815
34 9 815
9 17 272
17 9 272
9 18 178
18 9 178
9 28 96
28 9 96
9 58 574
58 9 574
9 27 811
27 9 811
9 68 902
68 9 902
9 59 46
59 9 46
9 37 421
37 9 421
10 32 807
32 10 807
10 41 552
41 10 552
10 47 556
47 10 556
10 17 623
17 10 623
10 49 515
49 10 515
10 33 713
33 10 713
10 50 764
50 10 764
10 31 78
31 10 78
10 41 254
41 10 254
10 34 66
34 10 66
10 36 790
36 10 790
10 16 82
16 10 82
11 60 706
60 11 706
11 30 440
30 11 440
11 30 504
30 11 504
11 31 273
31 11 273
11 17 344
17 11 344
11 44 982
44 11 982
11 63 977
63 11 977
11 57 236
57 11 236
12 16 346
16 12 346
12 25 332
25 12 332
12 33 394
33 12 394
12 38 885
38 12 885
12 42 170
42 12 170
12 35 451
35 12 451
12 18 265
18 12 265
12 65 78
65 12 78
12 14 38
14 12 38
12 30 783
30 12 783
12 62 650
62 12 650
13 30 681
30 13 681
13 57 30
57 13 30
13 55 13
55 13 13
13 43 165
43 13 165
13 38 965
38 13 965
13 43 837
43 13 837
13 24 948
24 13 948
13 56 395
56 13 395
14 55 190
55 14 190
14 58 450
58 14 450
14 26 359
26 14 359
14 21 865
21 14 865
14 33 219
33 14 219
14 31 9
31 14 9
14 25 25
25 14 25
15 47 155
47 15 155
15 45 975
45 15 975
15 30 96
30 15 96
15 63 43
63 15 43
15 46 189
46 15 189
15 59 607
59 15 607
15 45 825
45 15 825
15 42 70
42 15 70
15 21 654
21 15 654
16 28 55
28 16 55
16 62 757
62 16 757
16 57 456
57 16 456
16 68 290
68 16 290
16 36 639
36 16 639
16 40 291
40 16 291
16 22 964
22 16 964
16 57 171
57 16 171
17 66 361
66 17 361
17 66 914
66 17 914
17 41 395
41 17 395
17 47 122
47 17 122
17 45 43
45 17 43
17 51 601
51 17 601
17 54 346
54 17 346
17 66 789
66 17 789
17 22 879
22 17 879
17 31 124
31 17 124
17 42 450
42 17 450
17 57 865
57 17 865
18 26 668
26 18 668
18 57 314
57 18 314
18 49 206
49 18 206
18 53 192
53 18 192
18 33 868
33 18 868
18 27 864
27 18 864
18 27 802
27 18 802
18 57 412
57 18 412
18 62 654
62 18 654
18 31 566
31 18 566
18 63 197
63 18 197
19 24 895
24 19 895
19 31 439
31 19 439
19 36 198
36 19 198
19 39 617
39 19 617
19 55 188
55 19 188
19 52 396
52 19 396
19 29 972
29 19 972
19 19 520
19 19 520
19 30 26
30 19 26
19 68 233
68 19 233
19 46 826
46 19 826
19 19 43
19 19 43
19 37 918
37 19 918
20 35 921
35 20 921
20 49 507
49 20 507
20 69 549
69 20 549
20 27 563
27 20 563
20 69 925
69 20 925
21 37 565
37 21 565
21 68 24
68 21 24
21 46 702
46 21 702
21 60 798
60 21 798
21 45 287
45 21 287
21 32 997
32 21 997
21 66 15
66 21 15
21 48 834
48 21 834
21 64 584
64 21 584
22 43 861
43 22 861
22 69 747
69 22 747
22 64 235
64 22 235
22 49 670
49 22 670
22 22 313
22 22 313
22 66 505
66 22 505
23 67 343
67 23 343
23 50 656
50 23 656
23 45 949
45 23 949
23 52 112
52 23 112
23 46 388
46 23 388
23 31 262
31 23 262
23 45 779
45 23 779
23 54 624
54 23 624
23 67 468
67 23 468
24 44 131
44 24 131
24 65 932
65 24 932
24 26 421
26 24 421
24 29 691
29 24 691
24 54 752
54 24 752
24 26 899
26 24 899
25 61 256
61 25 256
25 58 242
58 25 242
25 54 1000
54 25 1000
25 66 744
66 25 744
26 27 849
27 26 849
26 48 970
48 26 970
26 34 168
34 26 168
26 68 321
68 26 321
26 44 308
44 26 308
26 45 171
45 26 171
26 38 951
38 26 951
27 67 525
67 27 525
27 61 543
61 27 543
27 68 485
68 27 485
27 31 767
31 27 767
27 41 442
41 27 442
28 40 950
40 28 950
28 56 941
56 28 941
28 42 342
42 28 342
28 63 443
63 28 443
28 55 607
55 28 607
28 36 662
36 28 662
29 45 697
45 29 697
29 59 421
59 29 421
29 46 561
46 29 561
30 50 14
50 30 14
30 37 536
37 30 536
30 39 746
39 30 746
31 53 949
53 31 949
31 58 819
58 31 819
31 50 294
50 31 294
31 33 120
33 31 120
31 43 804
43 31 804
31 48 948
48 31 948
32 43 390
43 32 390
32 45 820
45 32 820
32 35 278
35 32 278
32 43 323
43 32 323
32 52 386
52 32 386
32 40 11
40 32 11
33 66 459
66 33 459
33 48 944
48 33 944
33 36 876
36 33 876
33 48 115
48 33 115
33 43 247
43 33 247
34 53 433
53 34 433
34 63 301
63 34 301
34 59 333
59 34 333
34 46 817
46 34 817
34 65 662
65 34 662
34 56 540
56 34 540
35 50 471
50 35 471
35 66 525
66 35 525
35 42 10
42 35 10
35 68 353
68 35 353
35 61 498
61 35 498
35 60 657
60 35 657
35 44 148
44 35 148
36 52 892
52 36 892
36 69 563
69 36 563
36 64 695
64 36 695
36 40 268
40 36 268
36 43 312
43 36 312
36 66 467
66 36 467
37 49 673
49 37 673
37 48 788
48 37 788
37 54 60
54 37 60
38 69 31
69 38 31
38 66 303
66 38 303
38 54 523
54 38 523
38 66 547
66 38 547
38 58 115
58 38 115
39 60 439
60 39 439
39 58 234
58 39 234
40 54 485
54 40 485
40 66 852
66 40 852
40 46 515
46 40 515
40 66 198
66 40 198
40 47 230
47 40 230
40 51 670
51 40 670
40 60 525
60 40 525
41 56 128
56 41 128
41 50 831
50 41 831
41 62 545
62 41 545
42 50 335
50 42 335
42 48 382
48 42 382
42 44 985
44 42 985
43 66 991
66 43 991
43 65 13
65 43 13
43 48 92
48 43 92
44 67 895
67 44 895
44 48 918
48 44 918
44 65 466
65 44 466
44 56 59
56 44 59
44 48 756
48 44 756
44 54 168
54 44 168
44 55 120
55 44 120
44 51 399
51 44 399
44 67 841
67 44 841
45 46 197
46 45 197
45 65 109
65 45 109
45 64 422
64 45 422
45 58 120
58 45 120
45 69 453
69 45 453
46 59 450
59 46 450
46 48 78
48 46 78
46 46 870
46 46 870
46 48 522
48 46 522
46 60 722
60 46 722
47 56 75
56 47 75
47 62 19
62 47 19
47 69 377
69 47 377
47 56 141
56 47 141
47 65 665
65 47 665
47 60 700
60 47 700
48 61 377
61 48 377
48 56 441
56 48 441
48 68 670
68 48 670
50 61 195
61 50 195
50 62 547
62 50 547
51 52 833
52 51 833
51 54 266
54 51 266
52 63 239
63 52 239
52 64 877
64 52 877
52 65 402
65 52 402
54 66 390
66 54 390
55 66 705
66 55 705
55 67 17
67 55 17
58 64 466
64 58 466
59 63 819
63 59 819
59 67 188
67 59 188
63 66 529
66 63 529
63 69 840
69 63 840
64 66 114
66 64 114
69 69 654
69 69 654
69 69 790
69 69 790
