69

0 1 899
1 0 899
0 3 902
3 0 902
0 5 846
5 0 846
0 8 208
8 0 208
0 11 627
11 0 627
0 27 654
27 0 654
0 59 501
59 0 501
0 0 469
0 0 469
0 6 305
6 0 305
0 52 766
52 0 766
0 38 222
38 0 222
0 27 635
27 0 635
1 2 874
2 1 874
1 16 397
16 1 397
1 31 579
31 1 579
1 36 841
36 1 841
1 20 961
20 1 961
1 4 144
4 1 144
1 56 408
56 1 408
1 41 334
41 1 334
1 51 687
51 1 687
1 57 620
57 1 620
1 54 733
54 1 733
1 28 307
28 1 307
1 28 300
28 1 300
1 48 712
48 1 712
1 14 666
14 1 666
1 13 408
13 1 408
1 23 57
23 1 57
1 24 143
24 1 143
2 4 932
4 2 932
2 10 624
10 2 624
2 14 180
14 2 180
2 32 77
32 2 77
2 19 330
19 2 330
2 28 923
28 2 923
2 5 102
5 2 102
2 16 587
16 2 587
2 58 196
58 2 196
2 4 180
4 2 180
2 22 439
22 2 439
2 24 459
24 2 459
2 61 526
61 2 526
2 32 77
32 2 77
2 35 761
35 2 761
3 7 622
7 3 622
3 9 940
9 3 940
3 52 525
52 3 525
3 45 471
45 3 471
3 16 318
16 3 318
3 40 917
40 3 917
3 62 780
62 3 780
3 46 792
46 3 792
3 29 954
29 3 954
3 62 752
62 3 752
3 52 221
52 3 221
3 46 837
46 3 837
3 7 430
7 3 430
3 17 23
17 3 23
3 61 748
61 3 748
4 13 741
13 4 741
4 43 98
43 4 98
4 66 487
66 4 487
4 23 51
23 4 51
4 26 436
26 4 436
4 8 2
8 4 2
4 63 670
63 4 670
4 68 399
68 4 399
4 16 180
16 4 180
4 26 287
26 4 287
4 53 908
53 4 908
5 6 297
6 5 297
5 20 832
20 5 832
5 56 991
56 5 991
5 18 94
18 5 94
5 14 268
14 5 268
5 33 265
33 5 265
5 63 329
63 5 329
5 47 273
47 5 273
6 66 177
66 6 177
6 36 665
36 6 665
6 26 22
26 6 22
6 38 433
38 6 433
6 19 961
19 6 961
6 48 176
48 6 176
6 35 801
35 6 801
6 18 149
18 6 149
6 36 94
36 6 94
6 55 410
55 6 410
6 58 637
58 6 637
6 18 207
18 6 207
7 38 616
38 7 616
7 48 178
48 7 178
7 13 704
13 7 704
7 35 328
35 7 328
7 15 544
15 7 544
7 8 314
8 7 314
7 50 540
50 7 540
7 21 411
21 7 411
7 44 296
44 7 296
7 49 156
49 7 156
7 19 999
19 7 999
8 40 440
40 8 440
8 24 719
24 8 719
8 29 790
29 8 790
8 45 247
45 8 247
8 34 359
34 8 359
8 67 56
67 8 56
8 26 661
26 8 661
8 51 628
51 8 628
8 53 767
53 8 767
8 32 794
32 8 794
9 28 88
28 9 88
9 34 175
34 9 175
9 49 726
49 9 726
9 56 118
56 9 118
9 52 518
52 9 518
9 45 732
45 9 732
9 54 349
54 9 349
9 17 915
17 9 915
10 38 754
38 10 754
10 65 466
65 10 466
10 25 444
25 10 444
10 41 249
41 10 249
10 60 243
60 10 243
10 21 162
21 10 162
10 23 470
23 10 470
10 48 55
48 10 55
10 62 24
62 10 24
11 12 245
12 11 245
11 15 317
15 11 317
11 41 618
41 11 618
11 22 404
22 11 404
11 12 304
12 11 304
11 31 878
31 11 878
11 61 4
61 11 4
11 28 243
28 11 243
11 58 155
58 11 155
11 62 434
62 11 434
11 17 251
17 11 251
12 17 667
17 12 667
12 42 755
42 12 755
12 46 833
46 12 833
12 53 161
53 12 161
12 59 842
59 12 842
12 60 178
60 12 178
12 26 390
26 12 390
12 13 523
13 12 523
12 50 713
50 12 713
12 31 368
31 12 368
12 33 411
33 12 411
12 22 555
22 12 555
13 29 304
29 13 304
13 45 207
45 13 207
13 41 98
41 13 98
13 63 413
63 13 413
13 66 601
66 13 601
13 41 74
41 13 74
13 27 887
27 13 887
13 26 827
26 13 827
13 16 518
16 13 518
14 24 475
24 14 475
14 48 341
48 14 341
14 15 303
15 14 303
14 39 226
39 14 226
14 47 482
47 14 482
14 23 470
23 14 470
14 55 212
55 14 212
15 37 113
37 15 113
15 47 334
47 15 334
15 17 643
17 15 643
15 55 547
55 15 547
15 19 292
19 15 292
15 31 950
31 15 950
15 28 780
28 15 780
15 44 451
44 15 451
15 15 759
15 15 759
16 22 269
22 16 269
16 36 361
36 16 361
16 23 825
23 16 825
16 27 585
27 16 585
16 55 251
55 16 251
16 59 676
59 16 676
16 45 169
45 16 169
16 59 801
59 16 801
16 39 349
39 16 349
17 18 541
18 17 541
17 19 636
19 17 636
17 21 229
21 17 229
17 19 906
19 17 906
17 41 493
41 17 493
17 43 447
43 17 447
17 29 525
29 17 525
17 45 968
45 17 968
17 24 135
24 17 135
17 61 54
61 17 54
17 35 495
35 17 495
17 64 636
64 17 636
17 42 770
42 17 770
17 55 136
55 17 136
18 34 814
34 18 814
18 37 49
37 18 49
18 28 569
28 18 569
18 61 967
61 18 967
18 20 928
20 18 928
18 34 331
34 18 331
18 67 419
67 18 419
18 38 87
38 18 87
18 41 711
41 18 711
18 37 262
37 18 262
18 68 188
68 18 188
18 20 762
20 18 762
18 65 92
65 18 92
18 38 996
38 18 996
18 27 580
27 18 580
19 30 879
30 19 879
19 52 755
52 19 755
19 33 78
33 19 78
19 27 500
27 19 500
20 62 110
62 20 110
20 33 156
33 20 156
20 36 641
36 20 641
20 55 236
55 20 236
20 25 327
25 20 327
21 26 789
26 21 789
21 37 656
37 21 656
21 55 96
55 21 96
21 46 560
46 21 560
21 33 510
33 21 510
21 62 325
62 21 325
21 45 830
45 21 830
22 23 916
23 22 916
22 33 99
33 22 99
22 58 509
58 22 509
22 55 784
55 22 784
22 43 8
43 22 8
22 24 467
24 22 467
23 57 780
57 23 780
23 51 977
51 23 977
23 56 863
56 23 863
23 24 172
24 23 172
23 50 612
50 23 612
23 56 535
56 23 535
23 41 792
41 23 792
23 60 144
60 23 144
23 25 916
25 23 916
23 31 963
31 23 963
24 25 947
25 24 947
24 39 729
39 24 729
24 35 961
35 24 961
24 57 131
57 24 131
24 42 187
42 24 187
24 28 786
28 24 786
24 48 474
48 24 474
24 47 932
47 24 932
24 39 165
39 24 165
24 62 188
62 24 188
24 67 174
67 24 174
24 66 713
66 24 713
24 54 155
54 24 155
24 38 407
38 24 407
24 52 791
52 24 791
24 28 643
28 24 643
25 51 503
51 25 503
25 40 78
40 25 78
25 48 849
48 25 849
25 28 124
28 25 124
25 42 56
42 25 56
26 53 590
53 26 590
26 66 973
66 26 973
26 34 371
34 26 371
27 35 869
35 27 869
27 65 834
65 27 834
27 47 416
47 27 416
27 35 769
35 27 769
27 55 88
55 27 88
27 59 702
59 27 702
28 58 615
58 28 615
28 28 586
28 28 586
28 68 762
68 28 762
28 31 534
31 28 534
28 64 978
64 28 978
28 54 496
54 28 496
28 66 869
66 28 869
29 44 347
44 29 347
29 47 938
47 29 938
29 36 93
36 29 93
30 64 727
64 30 727
30 33 610
33 30 610
30 44 843
44 30 843
30 63 724
63 30 724
30 56 734
56 30 734
30 46 606
46 30 606
30 65 33
65 30 33
30 55 107
55 30 107
30 36 748
36 30 748
30 68 164
68 30 164
30 44 757
44 30 757
31 56 387
56 31 387
31 64 343
64 31 343
31 39 774
39 31 774
31 65 988
65 31 988
32 54 418
54 32 418
32 61 860
61 32 860
32 42 330
42 32 330
32 55 123
55 32 123
32 64 179
64 32 179
33 56 718
56 33 718
33 64 156
64 33 156
33 62 921
62 33 921
33 58 136
58 33 136
33 43 470
43 33 470
33 36 693
36 33 693
33 67 448
67 33 448
33 47 881
47 33 881
34 51 523
51 34 523
34 45 924
45 34 924
34 68 696
68 34 696
35 42 728
42 35 728
35 42 824
42 35 824
35 44 292
44 35 292
35 47 211
47 35 211
35 40 533
40 35 533
36 49 148
49 36 148
36 40 105
40 36 105
36 53 548
53 36 548
36 68 808
68 36 808
36 53 807
53 36 807
37 60 903
60 37 903
37 58 158
58 37 158
37 44 303
44 37 303
38 55 910
55 38 910
38 51 204
51 38 204
38 42 364
42 38 364
38 56 387
56 38 387
39 51 858
51 39 858
39 41 493
41 39 493
39 61 727
61 39 727
39 42 744
42 39 744
40 44 52
44 40 52
40 40 369
40 40 369
40 65 686
65 40 686
41 60 445
60 41 445
41 67 615
67 41 615
41 51 671
51 41 671
41 67 740
67 41 740
41 48 411
48 41 411
41 66 594
66 41 594
41 54 826
54 41 826
42 50 187
50 42 187
42 67 867
67 42 867
42 65 317
65 42 317
42 67 478
67 42 478
42 42 365
42 42 365
42 56 939
56 42 939
42 63 826
63 42 826
43 60 431
60 43 431
43 57 189
57 43 189
44 56 169
56 44 169
44 57 317
57 44 317
44 66 403
66 44 403
45 52 582
52 45 582
45 63 173
63 45 173
45 55 466
55 45 466
46 66 377
66 46 377
46 66 385
66 46 385
46 53 124
53 46 124
46 67 68
67 46 68
47 52 369
52 47 369
47 56 779
56 47 779
47 50 359
50 47 359
48 63 962
63 48 962
49 55 810
55 49 810
49 64 633
64 49 633
49 64 656
64 49 656
50 66 506
66 50 506
50 54 97
54 50 97
50 58 132
58 50 132
50 52 736
52 50 736
50 55 607
55 50 607
50 51 253
51 50 253
51 52 360
52 51 360
51 68 979
68 51 979
53 64 651
64 53 651
53 65 258
65 53 258
53 68 876
68 53 876
53 57 243
57 53 243
53 55 27
55 53 27
53 60 736
60 53 736
54 59 775
59 54 775
55 64 436
64 55 436
55 59 52
59 55 52
55 68 477
68 55 477
55 59 50
59 55 50
55 62 12
62 55 12
56 61 771
61 56 771
56 58 18
58 56 18
57 63 126
63 57 126
58 62 620
62 58 620
59 66 165
66 59 165
59 67 519
67 59 519
60 65 996
65 60 996
60 63 618
63 60 618
62 65 200
65 62 200
64 65 484
65 64 484
65 68 320
68 65 320
66 68 82
68 66 82
67 68 452
68 67 452
