26

0 1 213
1 0 213
0 3 678
3 0 678
0 14 939
14 0 939
0 24 648
24 0 648
0 9 859
9 0 859
0 18 567
18 0 567
0 16 458
16 0 458
1 2 172
2 1 172
1 9 927
9 1 927
1 14 209
14 1 209
1 15 512
15 1 512
1 10 3
10 1 3
2 4 136
4 2 136
2 11 240
11 2 240
2 21 955
21 2 955
2 3 324
3 2 324
3 6 180
6 3 180
3 7 112
7 3 112
3 17 43
17 3 43
3 3 358
3 3 358
4 5 980
5 4 980
4 24 176
24 4 176
4 13 369
13 4 369
5 18 684
18 5 684
5 11 215
11 5 215
5 18 985
18 5 985
6 8 20
8 6 20
6 10 510
10 6 510
6 15 966
15 6 966
6 13 420
13 6 420
6 20 444
20 6 444
6 23 382
23 6 382
6 15 593
15 6 593
6 17 328
17 6 328
7 17 107
17 7 107
7 22 28
22 7 28
7 23 768
23 7 768
8 24 505
24 8 505
9 13 823
13 9 823
9 25 102
25 9 102
11 12 44
12 11 44
11 20 69
20 11 69
11 16 666
16 11 666
12 24 13
24 12 13
13 16 135
16 13 135
13 25 115
25 13 115
14 18 737
18 14 737
16 23 963
23 16 963
16 20 873
20 16 873
17 17 726
17 17 726
17 18 202
18 17 202
18 19 206
19 18 206
18 21 902
21 18 902
19 21 430
21 19 430
19 21 812
21 19 812
19 24 997
24 19 997
20 22 602
22 20 602
