80

0 1 740
1 0 740
0 2 837
2 0 837
0 10 272
10 0 272
0 57 142
57 0 142
0 25 998
25 0 998
1 3 359
3 1 359
1 6 316
6 1 316
1 19 250
19 1 250
1 51 434
51 1 434
1 72 796
72 1 796
1 10 965
10 1 965
2 4 652
4 2 652
2 5 309
5 2 309
2 22 287
22 2 287
2 68 898
68 2 898
2 33 512
33 2 512
3 7 109
7 3 109
3 13 532
13 3 532
3 27 640
27 3 640
3 30 866
30 3 866
3 74 635
74 3 635
3 33 72
33 3 72
3 40 840
40 3 840
3 16 494
16 3 494
4 25 284
25 4 284
5 9 288
9 5 288
5 12 89
12 5 89
5 23 416
23 5 416
5 37 699
37 5 699
5 10 493
10 5 493
5 37 661
37 5 661
6 8 184
8 6 184
6 14 78
14 6 78
6 14 655
14 6 655
6 15 487
15 6 487
7 11 655
11 7 655
8 59 252
59 8 252
8 76 314
76 8 314
8 77 601
77 8 601
9 63 327
63 9 327
9 54 586
54 9 586
10 18 657
18 10 657
10 42 787
42 10 787
10 76 366
76 10 366
10 43 487
43 10 487
11 14 36
14 11 36
11 28 689
28 11 689
12 29 412
29 12 412
12 37 984
37 12 984
12 54 730
54 12 730
13 16 35
16 13 35
13 17 113
17 13 113
13 44 538
44 13 538
13 37 479
37 13 479
13 52 205
52 13 205
14 15 265
15 14 265
15 76 366
76 15 366
16 21 905
21 16 905
16 33 777
33 16 777
16 46 843
46 16 843
16 71 670
71 16 670
18 26 184
26 18 184
18 36 177
36 18 177
18 48 648
48 18 648
18 60 857
60 18 857
18 65 228
65 18 228
19 20 991
20 19 991
19 31 645
31 19 645
19 38 942
38 19 942
20 34 747
34 20 747
20 56 18
56 20 18
20 57 550
57 20 550
21 24 991
24 21 991
23 39 86
39 23 86
23 41 710
41 23 710
23 62 599
62 23 599
23 65 305
65 23 305
24 32 19
32 24 19
24 47 371
47 24 371
25 44 530
44 25 530
26 35 227
35 26 227
27 66 225
66 27 225
27 52 433
52 27 433
29 55 517
55 29 517
29 64 119
64 29 119
29 59 323
59 29 323
29 46 746
46 29 746
30 40 12
40 30 12
30 52 390
52 30 390
31 43 59
43 31 59
31 71 221
71 31 221
33 49 175
49 33 175
33 56 765
56 33 765
34 45 252
45 34 252
34 70 452
70 34 452
35 61 6
61 35 6
38 60 394
60 38 394
41 50 11
50 41 11
41 61 327
61 41 327
41 76 320
76 41 320
42 72 183
72 42 183
43 55 238
55 43 238
44 52 598
52 44 598
45 78 91
78 45 91
48 72 775
72 48 775
50 69 180
69 50 180
50 70 759
70 50 759
51 53 609
53 51 609
52 53 306
53 52 306
53 61 823
61 53 823
54 79 842
79 54 842
54 61 144
61 54 144
57 58 899
58 57 899
58 78 411
78 58 411
59 67 488
67 59 488
61 75 164
75 61 164
61 68 688
68 61 688
62 67 380
67 62 380
63 71 817
71 63 817
67 71 543
71 67 543
68 77 749
77 68 749
69 73 776
73 69 776
71 73 983
73 71 983
