15

0 1 628
1 0 628
0 2 88
2 0 88
0 7 423
7 0 423
0 12 604
12 0 604
1 4 639
4 1 639
1 8 411
8 1 411
1 10 475
10 1 475
1 9 980
9 1 980
2 3 152
3 2 152
3 6 371
6 3 371
4 5 797
5 4 797
4 9 347
9 4 347
4 11 481
11 4 481
5 14 535
14 5 535
7 8 831
8 7 831
10 12 692
12 10 692
11 14 899
14 11 899
12 13 105
13 12 105
