66

0 1 604
1 0 604
0 3 816
3 0 816
0 59 970
59 0 970
0 41 307
41 0 307
0 61 168
61 0 168
0 35 828
35 0 828
0 12 949
12 0 949
0 56 240
56 0 240
0 47 77
47 0 77
0 6 594
6 0 594
0 64 111
64 0 111
0 12 76
12 0 76
0 46 775
46 0 775
0 38 549
38 0 549
1 2 641
2 1 641
1 10 249
10 1 249
1 65 849
65 1 849
1 3 982
3 1 982
1 59 265
59 1 265
1 19 82
19 1 82
1 59 143
59 1 143
1 41 246
41 1 246
1 60 530
60 1 530
1 35 121
35 1 121
1 3 276
3 1 276
1 34 8
34 1 8
1 20 59
20 1 59
1 53 264
53 1 264
2 4 543
4 2 543
2 17 467
17 2 467
2 25 980
25 2 980
2 36 674
36 2 674
2 19 203
19 2 203
2 50 518
50 2 518
2 57 166
57 2 166
2 61 950
61 2 950
2 47 95
47 2 95
2 45 738
45 2 738
2 65 499
65 2 499
2 53 600
53 2 600
2 3 894
3 2 894
2 62 629
62 2 629
2 46 701
46 2 701
2 2 848
2 2 848
3 5 585
5 3 585
3 8 544
8 3 544
3 13 69
13 3 69
3 33 199
33 3 199
3 24 370
24 3 370
3 57 49
57 3 49
3 51 660
51 3 660
3 22 942
22 3 942
3 17 598
17 3 598
3 11 710
11 3 710
3 44 669
44 3 669
3 60 356
60 3 356
3 60 718
60 3 718
3 25 834
25 3 834
3 8 544
8 3 544
3 27 524
27 3 524
3 42 163
42 3 163
4 6 276
6 4 276
4 9 163
9 4 163
4 32 523
32 4 523
4 31 564
31 4 564
4 17 771
17 4 771
4 22 198
22 4 198
4 37 158
37 4 158
4 5 642
5 4 642
4 9 663
9 4 663
4 31 968
31 4 968
4 19 401
19 4 401
4 54 180
54 4 180
4 16 51
16 4 51
4 59 27
59 4 27
4 8 734
8 4 734
4 61 52
61 4 52
5 28 630
28 5 630
5 53 909
53 5 909
5 57 476
57 5 476
5 44 695
44 5 695
5 47 799
47 5 799
5 48 752
48 5 752
5 20 294
20 5 294
5 16 85
16 5 85
5 37 906
37 5 906
5 13 865
13 5 865
5 20 918
20 5 918
5 57 330
57 5 330
5 18 271
18 5 271
5 26 298
26 5 298
6 7 415
7 6 415
6 12 666
12 6 666
6 12 191
12 6 191
6 49 519
49 6 519
6 15 275
15 6 275
6 14 43
14 6 43
6 45 894
45 6 894
6 30 851
30 6 851
6 12 726
12 6 726
6 40 410
40 6 410
6 45 663
45 6 663
6 37 401
37 6 401
6 47 299
47 6 299
6 52 431
52 6 431
6 56 547
56 6 547
6 9 571
9 6 571
6 29 660
29 6 660
7 14 773
14 7 773
7 51 973
51 7 973
7 32 140
32 7 140
7 8 627
8 7 627
7 20 8
20 7 8
7 55 527
55 7 527
7 8 597
8 7 597
7 15 82
15 7 82
7 51 855
51 7 855
7 23 189
23 7 189
7 40 742
40 7 742
7 53 200
53 7 200
7 37 354
37 7 354
7 41 613
41 7 613
7 25 859
25 7 859
7 10 182
10 7 182
7 11 475
11 7 475
8 11 327
11 8 327
8 23 859
23 8 859
8 28 22
28 8 22
8 57 100
57 8 100
8 61 547
61 8 547
8 59 339
59 8 339
8 20 850
20 8 850
8 37 162
37 8 162
8 50 721
50 8 721
8 13 825
13 8 825
9 51 444
51 9 444
9 17 808
17 9 808
9 31 474
31 9 474
9 15 767
15 9 767
9 61 170
61 9 170
9 62 761
62 9 761
9 40 6
40 9 6
9 30 628
30 9 628
9 16 687
16 9 687
10 40 527
40 10 527
10 11 7
11 10 7
10 43 372
43 10 372
10 61 585
61 10 585
10 28 678
28 10 678
10 57 889
57 10 889
10 40 971
40 10 971
10 29 925
29 10 925
10 53 233
53 10 233
11 15 305
15 11 305
11 18 137
18 11 137
11 20 415
20 11 415
11 49 338
49 11 338
11 50 806
50 11 806
11 63 149
63 11 149
11 59 568
59 11 568
11 53 499
53 11 499
11 50 997
50 11 997
11 37 444
37 11 444
11 26 431
26 11 431
11 22 452
22 11 452
11 38 775
38 11 775
11 16 349
16 11 349
11 22 360
22 11 360
11 38 938
38 11 938
11 16 247
16 11 247
11 41 168
41 11 168
11 35 400
35 11 400
12 24 165
24 12 165
12 29 430
29 12 430
12 37 710
37 12 710
12 52 602
52 12 602
12 26 764
26 12 764
12 19 51
19 12 51
12 45 103
45 12 103
12 47 240
47 12 240
12 50 624
50 12 624
12 50 978
50 12 978
12 34 149
34 12 149
12 16 934
16 12 934
13 14 395
14 13 395
13 28 602
28 13 602
13 27 839
27 13 839
13 33 569
33 13 569
13 49 51
49 13 51
13 46 977
46 13 977
13 23 427
23 13 427
13 47 510
47 13 510
13 57 795
57 13 795
14 22 130
22 14 130
14 46 874
46 14 874
14 29 175
29 14 175
14 33 999
33 14 999
14 19 12
19 14 12
14 29 627
29 14 627
14 46 862
46 14 862
14 31 247
31 14 247
14 65 508
65 14 508
14 17 292
17 14 292
15 16 552
16 15 552
15 19 553
19 15 553
15 27 190
27 15 190
15 51 631
51 15 631
15 47 865
47 15 865
15 61 851
61 15 851
15 28 723
28 15 723
15 51 617
51 15 617
15 51 314
51 15 314
15 39 404
39 15 404
15 54 932
54 15 932
16 34 935
34 16 935
16 41 96
41 16 96
16 59 715
59 16 715
16 41 277
41 16 277
16 61 785
61 16 785
16 39 45
39 16 45
16 55 966
55 16 966
16 53 342
53 16 342
16 29 977
29 16 977
16 63 839
63 16 839
16 30 110
30 16 110
16 46 100
46 16 100
17 21 508
21 17 508
17 60 151
60 17 151
17 20 869
20 17 869
17 27 540
27 17 540
17 43 522
43 17 522
18 59 799
59 18 799
18 45 565
45 18 565
18 43 690
43 18 690
18 59 563
59 18 563
18 39 347
39 18 347
18 41 721
41 18 721
18 50 777
50 18 777
19 39 20
39 19 20
19 22 469
22 19 469
19 47 533
47 19 533
19 24 611
24 19 611
19 35 553
35 19 553
19 20 142
20 19 142
19 59 646
59 19 646
19 30 880
30 19 880
19 37 966
37 19 966
20 52 507
52 20 507
20 27 342
27 20 342
20 39 224
39 20 224
20 44 399
44 20 399
20 49 978
49 20 978
20 49 337
49 20 337
20 43 352
43 20 352
20 54 63
54 20 63
20 31 284
31 20 284
20 41 734
41 20 734
20 22 373
22 20 373
20 55 885
55 20 885
20 29 317
29 20 317
20 50 28
50 20 28
21 42 851
42 21 851
21 27 816
27 21 816
21 54 366
54 21 366
21 46 310
46 21 310
21 65 535
65 21 535
21 39 859
39 21 859
21 24 121
24 21 121
22 60 477
60 22 477
22 36 759
36 22 759
22 32 536
32 22 536
22 45 657
45 22 657
22 61 443
61 22 443
22 57 425
57 22 425
22 47 119
47 22 119
22 26 748
26 22 748
23 61 491
61 23 491
23 65 714
65 23 714
23 64 193
64 23 193
23 53 718
53 23 718
23 26 62
26 23 62
23 52 612
52 23 612
23 61 799
61 23 799
23 32 785
32 23 785
23 54 731
54 23 731
23 41 406
41 23 406
23 25 816
25 23 816
24 26 560
26 24 560
24 30 598
30 24 598
24 49 443
49 24 443
24 61 213
61 24 213
24 42 58
42 24 58
24 56 634
56 24 634
25 64 943
64 25 943
25 32 361
32 25 361
25 56 717
56 25 717
25 41 59
41 25 59
25 45 974
45 25 974
25 53 786
53 25 786
25 31 143
31 25 143
25 44 778
44 25 778
25 54 699
54 25 699
25 41 780
41 25 780
25 31 173
31 25 173
26 31 561
31 26 561
26 42 301
42 26 301
26 54 831
54 26 831
26 35 929
35 26 929
27 46 812
46 27 812
27 37 770
37 27 770
27 32 629
32 27 629
27 34 277
34 27 277
27 64 911
64 27 911
27 54 254
54 27 254
27 49 877
49 27 877
27 65 41
65 27 41
27 37 454
37 27 454
27 51 513
51 27 513
28 54 12
54 28 12
28 30 41
30 28 41
28 53 202
53 28 202
28 41 135
41 28 135
28 38 490
38 28 490
29 36 647
36 29 647
29 39 955
39 29 955
29 46 991
46 29 991
29 51 588
51 29 588
30 58 94
58 30 94
30 43 390
43 30 390
30 39 687
39 30 687
30 33 796
33 30 796
31 44 953
44 31 953
31 64 32
64 31 32
31 39 987
39 31 987
31 41 457
41 31 457
32 33 437
33 32 437
32 36 431
36 32 431
32 41 833
41 32 833
32 63 390
63 32 390
32 62 152
62 32 152
32 63 870
63 32 870
33 38 303
38 33 303
33 53 417
53 33 417
33 38 340
38 33 340
33 47 296
47 33 296
33 37 485
37 33 485
33 49 386
49 33 386
33 49 217
49 33 217
33 63 380
63 33 380
34 35 480
35 34 480
34 39 490
39 34 490
34 42 939
42 34 939
34 63 765
63 34 765
34 59 589
59 34 589
34 50 972
50 34 972
34 46 282
46 34 282
34 58 22
58 34 22
34 54 876
54 34 876
35 45 499
45 35 499
35 38 108
38 35 108
35 63 812
63 35 812
35 64 462
64 35 462
36 58 804
58 36 804
36 50 246
50 36 246
36 53 965
53 36 965
36 53 397
53 36 397
36 45 177
45 36 177
36 37 60
37 36 60
37 39 984
39 37 984
37 63 3
63 37 3
38 55 134
55 38 134
38 60 836
60 38 836
38 64 428
64 38 428
38 47 977
47 38 977
39 43 82
43 39 82
39 50 380
50 39 380
39 39 520
39 39 520
39 62 976
62 39 976
39 53 960
53 39 960
40 41 603
41 40 603
40 51 243
51 40 243
40 57 524
57 40 524
40 44 255
44 40 255
41 62 560
62 41 560
41 59 498
59 41 498
41 46 620
46 41 620
41 52 841
52 41 841
42 55 109
55 42 109
42 61 868
61 42 868
42 59 538
59 42 538
42 42 198
42 42 198
42 51 931
51 42 931
42 55 825
55 42 825
42 43 2
43 42 2
43 44 711
44 43 711
43 46 361
46 43 361
43 47 648
47 43 648
43 59 13
59 43 13
43 44 579
44 43 579
43 55 122
55 43 122
43 49 939
49 43 939
44 48 900
48 44 900
44 46 62
46 44 62
44 58 169
58 44 169
44 65 66
65 44 66
45 47 859
47 45 859
45 65 760
65 45 760
45 65 919
65 45 919
45 65 60
65 45 60
45 51 487
51 45 487
45 63 486
63 45 486
46 56 618
56 46 618
46 51 450
51 46 450
47 57 883
57 47 883
47 61 304
61 47 304
47 62 959
62 47 959
47 65 621
65 47 621
48 50 609
50 48 609
48 50 55
50 48 55
48 64 139
64 48 139
48 56 571
56 48 571
48 65 111
65 48 111
48 58 857
58 48 857
49 58 435
58 49 435
49 51 560
51 49 560
49 65 315
65 49 315
49 64 679
64 49 679
50 60 40
60 50 40
50 51 796
51 50 796
51 51 955
51 51 955
51 57 437
57 51 437
51 54 405
54 51 405
52 54 73
54 52 73
52 59 7
59 52 7
53 64 422
64 53 422
53 54 32
54 53 32
53 60 310
60 53 310
53 62 745
62 53 745
53 57 887
57 53 887
54 57 783
57 54 783
54 56 592
56 54 592
55 59 935
59 55 935
55 65 555
65 55 555
56 65 266
65 56 266
57 64 421
64 57 421
57 58 447
58 57 447
57 64 157
64 57 157
57 65 749
65 57 749
59 62 99
62 59 99
