64

0 1 150
1 0 150
0 4 400
4 0 400
0 52 42
52 0 42
0 38 28
38 0 28
0 38 63
38 0 63
0 7 401
7 0 401
1 2 275
2 1 275
1 19 615
19 1 615
1 41 650
41 1 650
1 63 467
63 1 467
1 6 593
6 1 593
1 39 473
39 1 473
1 34 505
34 1 505
1 26 498
26 1 498
1 41 254
41 1 254
1 60 783
60 1 783
1 36 810
36 1 810
2 3 170
3 2 170
2 5 64
5 2 64
2 11 457
11 2 457
2 21 549
21 2 549
2 29 35
29 2 35
2 11 556
11 2 556
2 38 384
38 2 384
2 11 946
11 2 946
2 47 914
47 2 914
2 44 155
44 2 155
2 6 477
6 2 477
3 8 274
8 3 274
3 10 8
10 3 8
3 12 121
12 3 121
3 14 473
14 3 473
3 57 742
57 3 742
3 39 266
39 3 266
3 43 13
43 3 13
3 13 522
13 3 522
3 6 328
6 3 328
3 42 2
42 3 2
3 7 438
7 3 438
3 52 187
52 3 187
4 6 652
6 4 652
4 7 888
7 4 888
4 28 991
28 4 991
4 31 835
31 4 835
4 36 570
36 4 570
4 32 665
32 4 665
4 20 252
20 4 252
4 34 919
34 4 919
4 13 141
13 4 141
5 9 243
9 5 243
5 14 861
14 5 861
5 8 816
8 5 816
5 37 781
37 5 781
5 51 207
51 5 207
5 17 198
17 5 198
5 46 149
46 5 149
5 32 574
32 5 574
5 37 317
37 5 317
5 54 671
54 5 671
6 20 101
20 6 101
6 19 343
19 6 343
6 20 492
20 6 492
6 59 813
59 6 813
6 41 588
41 6 588
6 27 868
27 6 868
6 46 322
46 6 322
7 33 992
33 7 992
7 42 152
42 7 152
7 27 523
27 7 523
7 56 645
56 7 645
7 17 114
17 7 114
8 17 937
17 8 937
8 45 164
45 8 164
8 41 748
41 8 748
8 13 17
13 8 17
8 23 74
23 8 74
8 61 953
61 8 953
9 14 689
14 9 689
9 41 732
41 9 732
9 19 168
19 9 168
9 63 620
63 9 620
9 43 40
43 9 40
9 62 345
62 9 345
10 15 188
15 10 188
10 16 695
16 10 695
10 38 513
38 10 513
10 15 867
15 10 867
10 40 643
40 10 643
10 60 402
60 10 402
10 55 977
55 10 977
10 49 701
49 10 701
11 27 79
27 11 79
11 37 839
37 11 839
11 46 466
46 11 466
11 63 949
63 11 949
11 58 582
58 11 582
11 40 358
40 11 358
12 13 362
13 12 362
12 23 372
23 12 372
12 58 917
58 12 917
12 52 918
52 12 918
12 35 758
35 12 758
12 58 945
58 12 945
12 22 811
22 12 811
12 39 267
39 12 267
14 36 959
36 14 959
14 61 688
61 14 688
14 36 758
36 14 758
14 49 191
49 14 191
14 15 644
15 14 644
15 18 950
18 15 950
15 63 974
63 15 974
15 51 275
51 15 275
15 15 670
15 15 670
15 27 240
27 15 240
15 51 381
51 15 381
16 35 711
35 16 711
16 23 223
23 16 223
16 45 216
45 16 216
16 60 414
60 16 414
16 24 970
24 16 970
16 32 323
32 16 323
16 37 692
37 16 692
17 21 338
21 17 338
17 51 231
51 17 231
17 47 546
47 17 546
17 39 223
39 17 223
17 35 15
35 17 15
18 29 590
29 18 590
18 60 856
60 18 856
18 59 937
59 18 937
18 51 838
51 18 838
18 29 941
29 18 941
18 48 144
48 18 144
18 27 677
27 18 677
18 23 462
23 18 462
18 46 703
46 18 703
19 22 527
22 19 527
19 26 878
26 19 878
19 53 699
53 19 699
19 37 819
37 19 819
20 54 356
54 20 356
20 47 263
47 20 263
20 28 637
28 20 637
20 47 355
47 20 355
20 35 615
35 20 615
20 50 157
50 20 157
20 60 338
60 20 338
20 45 244
45 20 244
20 39 741
39 20 741
21 48 514
48 21 514
21 31 516
31 21 516
21 62 530
62 21 530
21 25 821
25 21 821
22 34 804
34 22 804
22 49 860
49 22 860
22 57 435
57 22 435
22 42 812
42 22 812
22 44 589
44 22 589
22 48 253
48 22 253
22 62 245
62 22 245
22 45 692
45 22 692
23 24 957
24 23 957
23 44 623
44 23 623
23 50 107
50 23 107
23 63 204
63 23 204
23 37 996
37 23 996
23 44 644
44 23 644
24 25 526
25 24 526
24 43 119
43 24 119
24 63 143
63 24 143
24 25 489
25 24 489
24 28 50
28 24 50
24 29 912
29 24 912
25 30 636
30 25 636
25 26 321
26 25 321
25 60 469
60 25 469
26 33 595
33 26 595
26 62 75
62 26 75
26 41 513
41 26 513
27 30 83
30 27 83
27 40 572
40 27 572
27 28 928
28 27 928
27 37 933
37 27 933
28 30 414
30 28 414
28 56 567
56 28 567
28 41 243
41 28 243
28 48 76
48 28 76
28 58 269
58 28 269
28 58 827
58 28 827
28 58 117
58 28 117
28 38 552
38 28 552
28 46 292
46 28 292
29 32 990
32 29 990
29 39 340
39 29 340
29 62 835
62 29 835
29 34 448
34 29 448
29 51 143
51 29 143
29 57 772
57 29 772
29 58 693
58 29 693
30 59 256
59 30 256
30 61 65
61 30 65
31 58 692
58 31 692
31 42 690
42 31 690
31 34 625
34 31 625
31 47 322
47 31 322
31 33 802
33 31 802
32 55 162
55 32 162
32 61 388
61 32 388
32 40 806
40 32 806
33 59 146
59 33 146
33 59 687
59 33 687
33 61 2
61 33 2
34 43 340
43 34 340
35 36 257
36 35 257
35 45 624
45 35 624
36 43 468
43 36 468
36 56 569
56 36 569
36 58 968
58 36 968
36 39 964
39 36 964
36 40 635
40 36 635
37 47 939
47 37 939
37 45 658
45 37 658
37 39 288
39 37 288
37 58 777
58 37 777
37 44 348
44 37 348
38 54 199
54 38 199
38 50 440
50 38 440
38 62 254
62 38 254
38 40 92
40 38 92
38 59 770
59 38 770
39 40 399
40 39 399
39 55 692
55 39 692
39 41 504
41 39 504
39 53 931
53 39 931
40 58 528
58 40 528
40 49 425
49 40 425
41 52 585
52 41 585
41 57 425
57 41 425
41 58 469
58 41 469
42 48 136
48 42 136
42 51 518
51 42 518
42 54 28
54 42 28
43 47 564
47 43 564
43 62 106
62 43 106
44 59 696
59 44 696
44 55 178
55 44 178
44 52 462
52 44 462
45 60 329
60 45 329
45 49 949
49 45 949
46 47 662
47 46 662
46 50 891
50 46 891
46 57 512
57 46 512
46 56 223
56 46 223
47 58 37
58 47 37
48 62 738
62 48 738
48 55 26
55 48 26
48 62 96
62 48 96
48 53 998
53 48 998
49 55 365
55 49 365
49 52 239
52 49 239
49 63 708
63 49 708
50 55 761
55 50 761
52 52 551
52 52 551
55 56 853
56 55 853
55 61 756
61 55 756
