95

0 1 934
1 0 934
0 5 583
5 0 583
0 8 346
8 0 346
0 51 757
51 0 757
0 61 572
61 0 572
0 92 352
92 0 352
0 33 88
33 0 88
0 85 976
85 0 976
0 8 108
8 0 108
0 30 206
30 0 206
0 92 932
92 0 932
0 7 898
7 0 898
0 76 564
76 0 564
1 2 629
2 1 629
1 4 355
4 1 355
1 13 665
13 1 665
1 10 38
10 1 38
1 79 434
79 1 434
1 35 818
35 1 818
1 92 34
92 1 34
1 81 879
81 1 879
1 2 156
2 1 156
1 67 341
67 1 341
1 60 124
60 1 124
1 24 311
24 1 311
1 39 249
39 1 249
1 20 290
20 1 290
2 3 371
3 2 371
2 20 914
20 2 914
2 36 659
36 2 659
2 78 138
78 2 138
2 91 320
91 2 320
2 34 132
34 2 132
2 35 735
35 2 735
2 24 120
24 2 120
2 35 375
35 2 375
2 7 164
7 2 164
2 94 859
94 2 859
2 71 834
71 2 834
2 25 39
25 2 39
2 18 16
18 2 16
3 6 756
6 3 756
3 7 685
7 3 685
3 14 385
14 3 385
3 58 451
58 3 451
3 34 873
34 3 873
3 11 963
11 3 963
3 11 229
11 3 229
3 30 47
30 3 47
3 40 23
40 3 23
3 34 288
34 3 288
3 83 328
83 3 328
3 7 64
7 3 64
4 9 692
9 4 692
4 10 134
10 4 134
4 29 975
29 4 975
4 35 414
35 4 414
4 20 97
20 4 97
4 69 401
69 4 401
4 23 823
23 4 823
4 16 845
16 4 845
4 10 87
10 4 87
4 38 565
38 4 565
4 6 353
6 4 353
5 21 810
21 5 810
5 52 371
52 5 371
5 6 275
6 5 275
5 69 514
69 5 514
5 35 968
35 5 968
5 41 145
41 5 145
5 73 365
73 5 365
5 49 679
49 5 679
5 6 38
6 5 38
5 15 105
15 5 105
6 11 895
11 6 895
6 27 934
27 6 934
6 36 678
36 6 678
6 78 311
78 6 311
6 12 112
12 6 112
6 62 886
62 6 886
6 58 570
58 6 570
6 71 157
71 6 157
6 80 373
80 6 373
7 65 798
65 7 798
7 89 212
89 7 212
7 36 588
36 7 588
7 81 50
81 7 50
7 93 423
93 7 423
7 20 176
20 7 176
7 66 894
66 7 894
7 78 322
78 7 322
7 90 546
90 7 546
7 84 373
84 7 373
7 82 232
82 7 232
7 54 122
54 7 122
7 31 432
31 7 432
7 53 509
53 7 509
7 93 519
93 7 519
7 28 954
28 7 954
8 22 883
22 8 883
8 29 150
29 8 150
8 63 490
63 8 490
8 24 309
24 8 309
8 51 650
51 8 650
8 69 477
69 8 477
8 15 901
15 8 901
8 42 997
42 8 997
9 12 8
12 9 8
9 34 764
34 9 764
9 81 207
81 9 207
9 33 106
33 9 106
9 37 697
37 9 697
9 93 567
93 9 567
9 15 585
15 9 585
9 35 682
35 9 682
9 51 825
51 9 825
9 89 341
89 9 341
9 18 246
18 9 246
9 71 726
71 9 726
9 37 20
37 9 20
9 45 581
45 9 581
9 50 646
50 9 646
10 46 997
46 10 997
10 64 715
64 10 715
10 62 745
62 10 745
10 21 559
21 10 559
10 23 323
23 10 323
10 71 705
71 10 705
10 74 448
74 10 448
11 22 358
22 11 358
11 63 768
63 11 768
12 68 64
68 12 64
12 79 120
79 12 120
12 76 949
76 12 949
12 40 898
40 12 898
12 51 901
51 12 901
12 85 230
85 12 230
12 16 176
16 12 176
12 52 10
52 12 10
12 66 473
66 12 473
12 60 737
60 12 737
12 79 282
79 12 282
12 73 550
73 12 550
12 16 378
16 12 378
12 94 803
94 12 803
13 17 271
17 13 271
13 18 683
18 13 683
13 23 334
23 13 334
13 50 560
50 13 560
13 19 925
19 13 925
13 58 420
58 13 420
13 74 991
74 13 991
13 91 742
91 13 742
13 15 140
15 13 140
13 52 179
52 13 179
13 65 1
65 13 1
13 30 665
30 13 665
14 15 304
15 14 304
14 16 453
16 14 453
14 43 512
43 14 512
14 49 540
49 14 540
14 76 617
76 14 617
14 73 91
73 14 91
14 26 931
26 14 931
14 51 219
51 14 219
14 66 680
66 14 680
14 88 481
88 14 481
14 80 47
80 14 47
15 56 185
56 15 185
15 17 826
17 15 826
15 24 452
24 15 452
15 47 465
47 15 465
15 48 323
48 15 323
15 35 843
35 15 843
15 30 136
30 15 136
15 73 352
73 15 352
15 68 260
68 15 260
16 25 69
25 16 69
16 26 679
26 16 679
16 58 906
58 16 906
16 70 924
70 16 924
16 69 679
69 16 679
16 77 202
77 16 202
16 22 484
22 16 484
16 90 445
90 16 445
16 71 151
71 16 151
16 86 877
86 16 877
16 91 406
91 16 406
16 49 584
49 16 584
16 88 891
88 16 891
17 24 273
24 17 273
17 32 158
32 17 158
17 61 963
61 17 963
17 19 703
19 17 703
17 31 94
31 17 94
17 19 947
19 17 947
17 87 506
87 17 506
17 24 90
24 17 90
17 50 377
50 17 377
17 70 215
70 17 215
17 51 790
51 17 790
17 94 224
94 17 224
17 86 492
86 17 492
17 33 742
33 17 742
18 19 962
19 18 962
18 28 419
28 18 419
18 37 353
37 18 353
18 57 735
57 18 735
18 63 867
63 18 867
18 66 492
66 18 492
18 84 149
84 18 149
18 63 522
63 18 522
18 34 633
34 18 633
18 29 242
29 18 242
18 45 165
45 18 165
18 81 224
81 18 224
18 66 425
66 18 425
19 38 619
38 19 619
19 89 235
89 19 235
19 91 79
91 19 79
19 79 449
79 19 449
19 51 706
51 19 706
19 83 593
83 19 593
19 34 865
34 19 865
19 78 277
78 19 277
19 87 927
87 19 927
19 39 435
39 19 435
19 24 724
24 19 724
20 45 507
45 20 507
20 27 500
27 20 500
20 91 981
91 20 981
20 65 917
65 20 917
20 31 635
31 20 635
20 72 532
72 20 532
20 73 949
73 20 949
20 61 88
61 20 88
20 44 646
44 20 646
20 88 637
88 20 637
20 56 969
56 20 969
21 31 382
31 21 382
21 71 84
71 21 84
21 67 13
67 21 13
21 89 651
89 21 651
21 30 374
30 21 374
21 72 324
72 21 324
21 87 672
87 21 672
21 69 146
69 21 146
21 52 566
52 21 566
21 61 213
61 21 213
21 83 413
83 21 413
22 56 18
56 22 18
22 23 303
23 22 303
22 92 703
92 22 703
22 26 359
26 22 359
22 55 675
55 22 675
23 43 225
43 23 225
23 62 862
62 23 862
23 83 717
83 23 717
23 61 537
61 23 537
23 65 347
65 23 347
23 49 531
49 23 531
24 30 11
30 24 11
24 79 766
79 24 766
24 37 202
37 24 202
24 57 734
57 24 734
24 39 567
39 24 567
24 59 389
59 24 389
24 77 749
77 24 749
24 90 458
90 24 458
24 43 720
43 24 720
25 33 258
33 25 258
25 77 293
77 25 293
25 75 98
75 25 98
25 57 112
57 25 112
25 79 585
79 25 585
25 74 322
74 25 322
25 79 206
79 25 206
25 61 645
61 25 645
25 45 841
45 25 841
26 44 473
44 26 473
26 60 970
60 26 970
26 87 500
87 26 500
26 44 718
44 26 718
26 90 243
90 26 243
26 43 430
43 26 430
27 32 404
32 27 404
27 86 863
86 27 863
27 91 68
91 27 68
27 48 325
48 27 325
27 44 97
44 27 97
27 80 472
80 27 472
27 88 1000
88 27 1000
27 33 242
33 27 242
27 27 531
27 27 531
28 72 347
72 28 347
28 68 485
68 28 485
28 52 591
52 28 591
28 61 508
61 28 508
28 63 375
63 28 375
28 70 975
70 28 975
28 37 943
37 28 943
28 71 299
71 28 299
28 31 915
31 28 915
28 47 478
47 28 478
29 39 410
39 29 410
29 47 175
47 29 175
29 66 764
66 29 764
29 60 279
60 29 279
29 50 822
50 29 822
29 88 112
88 29 112
29 62 850
62 29 850
29 85 829
85 29 829
30 73 409
73 30 409
30 69 603
69 30 603
30 57 230
57 30 230
30 88 106
88 30 106
30 47 427
47 30 427
30 81 328
81 30 328
30 77 99
77 30 99
30 78 685
78 30 685
31 37 759
37 31 759
31 67 615
67 31 615
31 56 651
56 31 651
31 83 593
83 31 593
31 85 507
85 31 507
31 60 41
60 31 41
31 70 655
70 31 655
32 62 461
62 32 461
32 45 367
45 32 367
32 36 57
36 32 57
32 37 855
37 32 855
32 71 495
71 32 495
32 93 443
93 32 443
32 78 246
78 32 246
32 46 379
46 32 379
32 33 449
33 32 449
33 41 929
41 33 929
33 59 18
59 33 18
33 39 441
39 33 441
33 80 726
80 33 726
33 68 667
68 33 667
33 70 956
70 33 956
33 45 716
45 33 716
33 83 3
83 33 3
33 94 37
94 33 37
34 82 681
82 34 681
34 70 289
70 34 289
34 72 409
72 34 409
34 72 762
72 34 762
34 86 400
86 34 400
34 47 335
47 34 335
34 47 152
47 34 152
34 86 903
86 34 903
34 43 594
43 34 594
35 40 455
40 35 455
35 46 377
46 35 377
35 54 18
54 35 18
35 85 807
85 35 807
35 76 50
76 35 50
35 40 204
40 35 204
35 37 823
37 35 823
35 69 480
69 35 480
36 80 793
80 36 793
36 82 234
82 36 234
36 67 914
67 36 914
36 65 165
65 36 165
36 88 627
88 36 627
36 71 884
71 36 884
36 59 654
59 36 654
36 55 943
55 36 943
37 48 652
48 37 652
37 52 505
52 37 505
37 71 899
71 37 899
37 44 464
44 37 464
37 79 185
79 37 185
37 65 887
65 37 887
37 46 386
46 37 386
37 42 809
42 37 809
38 78 14
78 38 14
38 93 591
93 38 591
38 71 637
71 38 637
38 41 847
41 38 847
38 56 259
56 38 259
39 42 17
42 39 17
39 61 485
61 39 485
39 86 157
86 39 157
39 92 670
92 39 670
39 83 69
83 39 69
39 78 470
78 39 470
39 40 52
40 39 52
39 68 692
68 39 692
39 71 528
71 39 528
39 76 340
76 39 340
40 49 677
49 40 677
40 54 870
54 40 870
40 66 970
66 40 970
41 65 246
65 41 246
42 84 303
84 42 303
42 57 617
57 42 617
42 76 728
76 42 728
42 55 862
55 42 862
42 48 664
48 42 664
43 94 493
94 43 493
43 77 147
77 43 147
43 92 159
92 43 159
43 80 470
80 43 470
43 75 672
75 43 672
43 87 200
87 43 200
43 60 361
60 43 361
43 67 314
67 43 314
44 48 266
48 44 266
44 83 188
83 44 188
44 86 94
86 44 94
44 65 417
65 44 417
44 73 630
73 44 630
45 55 624
55 45 624
45 60 127
60 45 127
45 93 118
93 45 118
45 58 137
58 45 137
45 77 523
77 45 523
45 57 264
57 45 264
46 80 367
80 46 367
46 46 247
46 46 247
46 53 248
53 46 248
46 63 631
63 46 631
46 85 610
85 46 610
47 71 927
71 47 927
47 68 894
68 47 894
47 49 357
49 47 357
47 78 224
78 47 224
48 92 453
92 48 453
48 86 52
86 48 52
48 70 823
70 48 823
48 64 961
64 48 961
48 71 644
71 48 644
48 72 126
72 48 126
49 91 622
91 49 622
49 86 851
86 49 851
49 68 790
68 49 790
50 74 193
74 50 193
50 74 477
74 50 477
50 67 716
67 50 716
50 73 888
73 50 888
50 85 831
85 50 831
50 77 535
77 50 535
50 55 838
55 50 838
51 67 29
67 51 29
51 54 860
54 51 860
51 59 141
59 51 141
51 71 969
71 51 969
51 83 733
83 51 733
51 75 210
75 51 210
51 85 49
85 51 49
51 78 508
78 51 508
52 53 675
53 52 675
52 84 301
84 52 301
52 80 987
80 52 987
52 74 728
74 52 728
52 68 743
68 52 743
52 86 424
86 52 424
52 63 633
63 52 633
53 91 728
91 53 728
53 53 226
53 53 226
53 75 958
75 53 958
53 94 732
94 53 732
53 85 258
85 53 258
53 68 973
68 53 973
54 59 11
59 54 11
54 88 891
88 54 891
54 56 690
56 54 690
54 62 54
62 54 54
54 88 542
88 54 542
55 69 28
69 55 28
55 69 780
69 55 780
55 63 650
63 55 650
55 87 762
87 55 762
55 59 581
59 55 581
55 89 682
89 55 682
55 91 595
91 55 595
56 68 302
68 56 302
56 71 970
71 56 970
56 90 57
90 56 57
56 58 137
58 56 137
56 75 116
75 56 116
57 92 865
92 57 865
57 63 106
63 57 106
57 91 181
91 57 181
58 94 755
94 58 755
58 81 948
81 58 948
58 74 981
74 58 981
58 60 259
60 58 259
58 82 426
82 58 426
58 62 874
62 58 874
58 75 472
75 58 472
59 64 251
64 59 251
59 80 393
80 59 393
59 76 171
76 59 171
59 72 41
72 59 41
60 69 984
69 60 984
60 63 559
63 60 559
60 63 632
63 60 632
60 76 357
76 60 357
61 93 534
93 61 534
61 62 677
62 61 677
61 92 584
92 61 584
61 94 832
94 61 832
62 85 680
85 62 680
62 89 58
89 62 58
62 69 791
69 62 791
62 67 20
67 62 20
62 85 132
85 62 132
62 70 286
70 62 286
62 78 57
78 62 57
63 90 214
90 63 214
63 66 9
66 63 9
63 69 391
69 63 391
63 77 115
77 63 115
64 72 702
72 64 702
64 65 245
65 64 245
64 69 874
69 64 874
64 87 211
87 64 211
65 78 285
78 65 285
65 67 438
67 65 438
65 86 630
86 65 630
65 93 994
93 65 994
66 86 783
86 66 783
66 79 93
79 66 93
66 73 647
73 66 647
67 78 558
78 67 558
67 71 596
71 67 596
67 93 699
93 67 699
67 91 437
91 67 437
67 85 150
85 67 150
68 88 758
88 68 758
68 71 326
71 68 326
68 79 562
79 68 562
69 90 801
90 69 801
69 78 988
78 69 988
70 75 72
75 70 72
70 75 9
75 70 9
70 87 930
87 70 930
70 87 335
87 70 335
70 70 237
70 70 237
70 85 345
85 70 345
71 86 98
86 71 98
72 75 963
75 72 963
72 76 547
76 72 547
72 87 770
87 72 770
72 93 388
93 72 388
72 75 667
75 72 667
73 86 630
86 73 630
74 79 107
79 74 107
74 94 155
94 74 155
75 90 561
90 75 561
75 92 38
92 75 38
75 83 684
83 75 684
76 93 646
93 76 646
77 87 23
87 77 23
77 84 660
84 77 660
77 90 248
90 77 248
77 82 667
82 77 667
77 86 813
86 77 813
78 83 726
83 78 726
79 80 79
80 79 79
79 84 541
84 79 541
80 88 810
88 80 810
80 92 843
92 80 843
81 82 905
82 81 905
82 84 823
84 82 823
82 91 751
91 82 751
84 90 485
90 84 485
84 85 540
85 84 540
85 85 835
85 85 835
86 90 316
90 86 316
86 90 352
90 86 352
88 93 41
93 88 41
88 93 141
93 88 141
89 90 516
90 89 516
90 91 1
91 90 1
90 94 482
94 90 482
