70

0 1 676
1 0 676
0 2 293
2 0 293
0 5 197
5 0 197
0 13 975
13 0 975
0 15 549
15 0 549
0 21 301
21 0 301
0 51 551
51 0 551
0 59 776
59 0 776
0 33 98
33 0 98
0 47 139
47 0 139
0 61 41
61 0 41
0 36 192
36 0 192
1 3 404
3 1 404
1 20 88
20 1 88
1 60 464
60 1 464
1 3 102
3 1 102
1 31 221
31 1 221
1 3 386
3 1 386
1 39 272
39 1 272
1 26 465
26 1 465
2 52 929
52 2 929
2 22 452
22 2 452
2 8 258
8 2 258
2 46 774
46 2 774
2 24 893
24 2 893
2 52 816
52 2 816
2 40 406
40 2 406
2 60 697
60 2 697
2 66 836
66 2 836
2 35 327
35 2 327
3 4 253
4 3 253
3 6 116
6 3 116
3 7 818
7 3 818
3 10 283
10 3 283
3 29 97
29 3 97
3 42 78
42 3 78
3 43 192
43 3 192
3 52 989
52 3 989
3 11 55
11 3 55
3 6 645
6 3 645
3 40 294
40 3 294
3 50 631
50 3 631
4 9 885
9 4 885
4 14 823
14 4 823
4 52 302
52 4 302
4 11 217
11 4 217
4 17 64
17 4 64
4 45 255
45 4 255
5 16 617
16 5 617
5 27 388
27 5 388
5 23 62
23 5 62
5 55 686
55 5 686
5 54 481
54 5 481
5 18 999
18 5 999
5 7 609
7 5 609
6 22 425
22 6 425
6 23 930
23 6 930
6 26 6
26 6 6
6 41 598
41 6 598
6 19 269
19 6 269
6 22 289
22 6 289
6 41 311
41 6 311
6 26 356
26 6 356
7 8 711
8 7 711
7 31 451
31 7 451
7 55 254
55 7 254
7 55 515
55 7 515
7 35 422
35 7 422
8 25 166
25 8 166
8 38 941
38 8 941
8 27 286
27 8 286
8 69 402
69 8 402
8 39 239
39 8 239
9 9 626
9 9 626
9 67 507
67 9 507
9 63 412
63 9 412
10 11 645
11 10 645
10 12 673
12 10 673
10 17 172
17 10 172
10 24 100
24 10 100
10 54 618
54 10 618
10 51 929
51 10 929
10 61 232
61 10 232
11 62 966
62 11 966
11 27 641
27 11 641
11 32 206
32 11 206
11 68 606
68 11 606
11 24 41
24 11 41
11 37 119
37 11 119
11 65 611
65 11 611
13 53 655
53 13 655
13 64 459
64 13 459
13 24 412
24 13 412
13 61 955
61 13 955
13 49 337
49 13 337
14 19 739
19 14 739
14 58 164
58 14 164
14 17 744
17 14 744
14 39 800
39 14 800
15 18 500
18 15 500
15 56 534
56 15 534
15 16 250
16 15 250
15 36 304
36 15 304
15 58 167
58 15 167
15 67 391
67 15 391
15 54 124
54 15 124
15 49 573
49 15 573
16 50 860
50 16 860
16 68 811
68 16 811
17 34 75
34 17 75
17 39 387
39 17 387
17 59 989
59 17 989
17 63 89
63 17 89
17 33 229
33 17 229
17 49 80
49 17 80
18 38 321
38 18 321
18 18 718
18 18 718
18 56 662
56 18 662
18 63 288
63 18 288
19 36 772
36 19 772
19 57 490
57 19 490
19 41 123
41 19 123
19 27 222
27 19 222
20 28 728
28 20 728
20 43 730
43 20 730
21 30 250
30 21 250
21 53 691
53 21 691
22 33 739
33 22 739
22 50 64
50 22 64
22 41 509
41 22 509
23 58 646
58 23 646
24 52 226
52 24 226
25 32 300
32 25 300
25 45 968
45 25 968
25 45 103
45 25 103
25 63 5
63 25 5
25 54 66
54 25 66
25 69 787
69 25 787
25 28 798
28 25 798
26 64 461
64 26 461
26 63 690
63 26 690
26 50 40
50 26 40
26 53 702
53 26 702
27 40 273
40 27 273
27 44 441
44 27 441
27 62 133
62 27 133
27 38 867
38 27 867
27 60 157
60 27 157
27 62 817
62 27 817
27 48 184
48 27 184
29 35 237
35 29 237
29 60 796
60 29 796
29 50 338
50 29 338
29 38 564
38 29 564
30 69 657
69 30 657
30 39 943
39 30 943
31 64 123
64 31 123
31 32 515
32 31 515
31 58 499
58 31 499
31 32 85
32 31 85
33 42 241
42 33 241
34 55 978
55 34 978
34 34 25
34 34 25
34 49 432
49 34 432
35 43 314
43 35 314
36 37 645
37 36 645
36 59 891
59 36 891
36 39 758
39 36 758
37 58 736
58 37 736
37 42 850
42 37 850
37 61 68
61 37 68
38 52 818
52 38 818
38 48 840
48 38 840
39 68 986
68 39 986
39 52 690
52 39 690
39 50 94
50 39 94
39 57 954
57 39 954
39 68 635
68 39 635
39 45 952
45 39 952
39 46 790
46 39 790
40 68 941
68 40 941
40 61 340
61 40 340
40 43 728
43 40 728
41 47 183
47 41 183
41 43 218
43 41 218
41 48 375
48 41 375
41 63 884
63 41 884
41 41 528
41 41 528
43 52 630
52 43 630
44 49 908
49 44 908
45 46 46
46 45 46
45 48 864
48 45 864
45 47 678
47 45 678
46 52 271
52 46 271
46 50 468
50 46 468
48 62 610
62 48 610
48 56 87
56 48 87
49 67 792
67 49 792
49 63 807
63 49 807
49 54 352
54 49 352
49 67 594
67 49 594
50 69 346
69 50 346
50 69 138
69 50 138
51 66 421
66 51 421
51 55 132
55 51 132
52 61 855
61 52 855
52 65 873
65 52 873
52 68 426
68 52 426
52 60 369
60 52 369
56 63 276
63 56 276
59 69 236
69 59 236
59 62 523
62 59 523
60 61 16
61 60 16
61 69 326
69 61 326
63 65 819
65 63 819
63 63 40
63 63 40
64 65 88
65 64 88
65 65 179
65 65 179
69 69 144
69 69 144
