99

0 1 752
1 0 752
0 2 507
2 0 507
0 3 272
3 0 272
0 8 809
8 0 809
0 15 951
15 0 951
0 28 952
28 0 952
0 98 777
98 0 777
0 66 153
66 0 153
0 83 508
83 0 508
1 4 835
4 1 835
1 5 360
5 1 360
1 14 742
14 1 742
1 35 854
35 1 854
1 62 489
62 1 489
1 79 140
79 1 140
1 93 69
93 1 69
2 21 685
21 2 685
2 32 157
32 2 157
2 36 964
36 2 964
2 57 938
57 2 938
2 40 791
40 2 791
2 66 187
66 2 187
3 7 239
7 3 239
3 18 579
18 3 579
3 27 756
27 3 756
3 73 729
73 3 729
3 51 819
51 3 819
3 40 373
40 3 373
4 6 104
6 4 104
4 9 390
9 4 390
4 31 406
31 4 406
4 83 983
83 4 983
4 40 487
40 4 487
5 13 197
13 5 197
5 64 602
64 5 602
5 97 621
97 5 621
5 10 858
10 5 858
5 87 695
87 5 695
5 19 646
19 5 646
5 88 738
88 5 738
5 32 432
32 5 432
6 44 276
44 6 276
6 40 846
40 6 846
6 96 941
96 6 941
6 86 846
86 6 846
7 10 76
10 7 76
7 25 761
25 7 761
7 33 804
33 7 804
7 59 184
59 7 184
7 90 536
90 7 536
7 63 11
63 7 11
7 43 965
43 7 965
8 12 947
12 8 947
8 93 728
93 8 728
8 92 227
92 8 227
8 98 984
98 8 984
8 87 511
87 8 511
8 68 324
68 8 324
9 17 700
17 9 700
9 20 229
20 9 229
9 51 804
51 9 804
9 54 233
54 9 233
10 11 364
11 10 364
10 19 767
19 10 767
10 69 501
69 10 501
10 43 419
43 10 419
11 34 464
34 11 464
11 50 833
50 11 833
11 76 972
76 11 972
11 95 676
95 11 676
11 95 535
95 11 535
11 81 357
81 11 357
11 93 473
93 11 473
12 54 112
54 12 112
12 59 342
59 12 342
12 59 167
59 12 167
12 39 990
39 12 990
12 55 130
55 12 130
13 23 761
23 13 761
13 26 542
26 13 542
13 42 848
42 13 848
13 92 538
92 13 538
13 65 671
65 13 671
13 94 473
94 13 473
13 28 201
28 13 201
13 97 75
97 13 75
13 79 498
79 13 498
14 22 219
22 14 219
14 21 868
21 14 868
14 50 513
50 14 513
14 34 660
34 14 660
14 25 216
25 14 216
14 19 937
19 14 937
15 16 955
16 15 955
15 24 198
24 15 198
15 29 23
29 15 23
15 79 348
79 15 348
15 81 516
81 15 516
16 30 497
30 16 497
16 78 715
78 16 715
16 44 120
44 16 120
16 79 880
79 16 880
16 56 238
56 16 238
17 39 300
39 17 300
17 84 94
84 17 94
17 50 315
50 17 315
17 35 399
35 17 399
17 88 333
88 17 333
18 38 920
38 18 920
18 77 106
77 18 106
18 77 861
77 18 861
18 37 332
37 18 332
18 67 182
67 18 182
19 47 357
47 19 357
19 65 492
65 19 492
19 26 157
26 19 157
20 45 180
45 20 180
20 65 735
65 20 735
20 97 353
97 20 353
20 42 515
42 20 515
20 96 165
96 20 165
20 87 13
87 20 13
21 52 197
52 21 197
21 47 18
47 21 18
21 21 318
21 21 318
22 37 898
37 22 898
22 68 689
68 22 689
23 60 178
60 23 178
23 83 218
83 23 218
23 94 98
94 23 98
23 76 113
76 23 113
24 41 161
41 24 161
24 46 110
46 24 110
24 79 752
79 24 752
24 74 571
74 24 571
25 52 790
52 25 790
25 71 886
71 25 886
25 52 276
52 25 276
25 51 466
51 25 466
25 98 630
98 25 630
26 54 714
54 26 714
26 91 756
91 26 756
26 47 166
47 26 166
27 30 885
30 27 885
27 85 82
85 27 82
27 61 992
61 27 992
28 72 49
72 28 49
28 84 612
84 28 612
28 72 183
72 28 183
28 37 135
37 28 135
29 78 171
78 29 171
29 74 515
74 29 515
29 87 979
87 29 979
29 67 341
67 29 341
30 45 690
45 30 690
32 53 649
53 32 649
33 58 689
58 33 689
33 60 545
60 33 545
33 70 577
70 33 577
33 60 827
60 33 827
34 47 501
47 34 501
34 63 307
63 34 307
34 43 273
43 34 273
34 57 373
57 34 373
34 90 508
90 34 508
34 57 100
57 34 100
34 51 180
51 34 180
35 40 364
40 35 364
35 75 776
75 35 776
35 74 841
74 35 841
36 69 486
69 36 486
36 70 38
70 36 38
36 47 746
47 36 746
36 67 924
67 36 924
37 83 42
83 37 42
37 85 252
85 37 252
37 71 700
71 37 700
37 67 4
67 37 4
38 88 109
88 38 109
38 76 763
76 38 763
38 98 817
98 38 817
38 62 555
62 38 555
39 49 536
49 39 536
39 81 871
81 39 871
39 45 907
45 39 907
40 82 370
82 40 370
40 42 680
42 40 680
41 43 692
43 41 692
41 42 888
42 41 888
41 76 811
76 41 811
41 83 746
83 41 746
41 42 531
42 41 531
41 90 486
90 41 486
42 55 878
55 42 878
44 66 431
66 44 431
45 92 395
92 45 395
46 56 688
56 46 688
46 66 675
66 46 675
46 71 477
71 46 477
46 66 39
66 46 39
46 66 701
66 46 701
47 48 63
48 47 63
47 68 971
68 47 971
47 96 126
96 47 126
49 70 927
70 49 927
50 85 319
85 50 319
51 85 640
85 51 640
51 64 117
64 51 117
52 96 394
96 52 394
52 67 863
67 52 863
53 66 430
66 53 430
53 68 59
68 53 59
54 85 323
85 54 323
55 67 600
67 55 600
55 70 546
70 55 546
55 91 999
91 55 999
55 70 616
70 55 616
55 89 683
89 55 683
56 67 633
67 56 633
56 80 975
80 56 975
57 61 103
61 57 103
57 66 462
66 57 462
57 78 140
78 57 140
58 74 527
74 58 527
59 95 442
95 59 442
60 83 467
83 60 467
60 75 48
75 60 48
61 65 333
65 61 333
61 61 79
61 61 79
62 78 919
78 62 919
64 71 592
71 64 592
65 91 535
91 65 535
65 95 263
95 65 263
66 74 777
74 66 777
67 89 444
89 67 444
67 85 310
85 67 310
68 98 920
98 68 920
70 84 500
84 70 500
71 80 680
80 71 680
72 86 783
86 72 783
73 95 63
95 73 63
75 81 204
81 75 204
76 80 828
80 76 828
77 97 315
97 77 315
78 87 992
87 78 992
79 89 203
89 79 203
79 81 527
81 79 527
82 83 335
83 82 335
84 94 847
94 84 847
84 87 813
87 84 813
86 96 998
96 86 998
90 96 389
96 90 389
