21

0 1 639
1 0 639
0 2 312
2 0 312
0 5 972
5 0 972
0 14 940
14 0 940
0 16 397
16 0 397
1 3 519
3 1 519
1 10 144
10 1 144
1 11 137
11 1 137
1 17 92
17 1 92
2 6 700
6 2 700
2 8 700
8 2 700
2 5 391
5 2 391
2 8 611
8 2 611
3 4 879
4 3 879
3 9 897
9 3 897
3 17 181
17 3 181
4 7 299
7 4 299
4 9 599
9 4 599
4 19 78
19 4 78
4 12 993
12 4 993
4 18 194
18 4 194
5 19 180
19 5 180
6 12 543
12 6 543
7 14 754
14 7 754
7 17 564
17 7 564
7 11 152
11 7 152
8 9 234
9 8 234
8 11 559
11 8 559
9 19 432
19 9 432
9 20 540
20 9 540
10 13 122
13 10 122
10 15 95
15 10 95
10 17 122
17 10 122
10 11 115
11 10 115
11 19 760
19 11 760
12 18 381
18 12 381
12 13 239
13 12 239
13 20 564
20 13 564
13 15 720
15 13 720
14 16 8
16 14 8
15 16 208
16 15 208
15 15 319
15 15 319
18 18 552
18 18 552
