88

0 1 677
1 0 677
0 2 810
2 0 810
0 6 216
6 0 216
0 20 91
20 0 91
0 27 954
27 0 954
0 52 968
52 0 968
0 72 849
72 0 849
0 1 793
1 0 793
0 44 446
44 0 446
0 87 884
87 0 884
0 36 347
36 0 347
0 26 195
26 0 195
0 34 17
34 0 17
1 3 1
3 1 1
1 7 220
7 1 220
1 12 985
12 1 985
1 14 178
14 1 178
1 38 32
38 1 32
1 27 225
27 1 225
1 3 303
3 1 303
2 8 361
8 2 361
2 16 793
16 2 793
2 55 751
55 2 751
2 37 320
37 2 320
2 21 847
21 2 847
2 19 902
19 2 902
2 63 448
63 2 448
2 24 840
24 2 840
3 4 168
4 3 168
3 5 424
5 3 424
3 19 128
19 3 128
3 43 855
43 3 855
3 69 960
69 3 960
3 83 856
83 3 856
3 10 679
10 3 679
3 5 861
5 3 861
3 16 376
16 3 376
3 63 942
63 3 942
3 13 673
13 3 673
3 36 437
36 3 437
3 11 886
11 3 886
4 17 437
17 4 437
4 19 592
19 4 592
4 24 319
24 4 319
4 37 215
37 4 215
4 13 550
13 4 550
4 69 376
69 4 376
4 84 496
84 4 496
4 9 622
9 4 622
5 32 744
32 5 744
5 31 100
31 5 100
5 13 784
13 5 784
5 19 664
19 5 664
5 65 762
65 5 762
5 11 681
11 5 681
6 13 929
13 6 929
6 15 741
15 6 741
6 25 226
25 6 226
6 42 519
42 6 519
6 44 452
44 6 452
6 10 107
10 6 107
6 13 347
13 6 347
6 86 225
86 6 225
6 79 447
79 6 447
7 9 65
9 7 65
7 10 598
10 7 598
7 44 678
44 7 678
7 45 977
45 7 977
7 47 492
47 7 492
7 67 875
67 7 875
7 33 361
33 7 361
8 21 431
21 8 431
8 67 853
67 8 853
8 29 171
29 8 171
8 15 738
15 8 738
8 84 262
84 8 262
8 47 971
47 8 971
8 10 454
10 8 454
9 30 875
30 9 875
9 45 402
45 9 402
9 75 431
75 9 431
9 73 886
73 9 886
9 31 735
31 9 735
9 40 371
40 9 371
9 60 551
60 9 551
9 74 807
74 9 807
10 11 292
11 10 292
10 22 587
22 10 587
10 40 893
40 10 893
10 51 339
51 10 339
10 61 45
61 10 45
11 22 912
22 11 912
11 78 371
78 11 371
11 27 90
27 11 90
12 51 754
51 12 754
12 24 333
24 12 333
12 39 966
39 12 966
12 69 476
69 12 476
13 26 873
26 13 873
13 36 742
36 13 742
13 64 47
64 13 47
13 82 548
82 13 548
13 47 453
47 13 453
13 46 399
46 13 399
14 34 108
34 14 108
14 72 495
72 14 495
14 43 793
43 14 793
15 18 334
18 15 334
15 55 401
55 15 401
15 79 745
79 15 745
15 79 517
79 15 517
15 21 472
21 15 472
16 23 847
23 16 847
16 28 427
28 16 427
16 77 594
77 16 594
16 84 129
84 16 129
16 60 197
60 16 197
16 22 528
22 16 528
17 29 542
29 17 542
17 73 396
73 17 396
17 60 12
60 17 12
17 30 927
30 17 927
17 60 214
60 17 214
17 35 749
35 17 749
17 21 536
21 17 536
18 35 857
35 18 857
18 72 195
72 18 195
18 32 315
32 18 315
18 62 371
62 18 371
18 37 660
37 18 660
18 26 188
26 18 188
19 39 122
39 19 122
19 86 634
86 19 634
19 59 648
59 19 648
19 87 763
87 19 763
20 56 473
56 20 473
20 75 470
75 20 470
20 80 751
80 20 751
20 21 114
21 20 114
20 66 657
66 20 657
20 40 491
40 20 491
20 59 583
59 20 583
21 33 382
33 21 382
21 66 472
66 21 472
21 28 150
28 21 150
21 67 268
67 21 268
21 23 859
23 21 859
21 79 326
79 21 326
22 24 376
24 22 376
22 62 245
62 22 245
22 68 560
68 22 560
22 86 928
86 22 928
22 23 763
23 22 763
22 24 416
24 22 416
22 37 246
37 22 246
22 66 823
66 22 823
22 47 256
47 22 256
22 60 326
60 22 326
23 23 614
23 23 614
23 28 543
28 23 543
23 38 688
38 23 688
24 78 952
78 24 952
24 63 658
63 24 658
24 41 347
41 24 347
24 59 17
59 24 17
24 82 432
82 24 432
25 25 331
25 25 331
25 82 7
82 25 7
25 57 722
57 25 722
25 68 423
68 25 423
25 73 18
73 25 18
26 51 13
51 26 13
26 32 25
32 26 25
26 71 532
71 26 532
27 37 922
37 27 922
27 38 766
38 27 766
27 72 823
72 27 823
28 79 954
79 28 954
28 86 838
86 28 838
28 72 708
72 28 708
28 83 932
83 28 932
28 42 155
42 28 155
28 75 847
75 28 847
28 85 588
85 28 588
28 71 812
71 28 812
28 67 186
67 28 186
29 31 690
31 29 690
29 40 620
40 29 620
30 44 197
44 30 197
30 49 466
49 30 466
30 44 564
44 30 564
30 53 578
53 30 578
31 41 709
41 31 709
31 72 197
72 31 197
31 65 857
65 31 857
31 39 658
39 31 658
32 45 66
45 32 66
32 53 683
53 32 683
32 41 194
41 32 194
32 71 784
71 32 784
32 80 285
80 32 285
33 48 496
48 33 496
33 71 311
71 33 311
33 74 239
74 33 239
33 66 44
66 33 44
33 77 985
77 33 985
34 68 104
68 34 104
34 83 222
83 34 222
34 79 838
79 34 838
34 68 92
68 34 92
35 54 508
54 35 508
35 84 889
84 35 889
35 76 715
76 35 715
36 63 349
63 36 349
36 71 236
71 36 236
36 56 997
56 36 997
36 43 942
43 36 942
36 49 565
49 36 565
36 59 246
59 36 246
36 84 315
84 36 315
36 49 232
49 36 232
36 38 130
38 36 130
37 38 721
38 37 721
37 71 208
71 37 208
37 71 80
71 37 80
37 77 726
77 37 726
38 67 684
67 38 684
38 81 668
81 38 668
38 55 699
55 38 699
38 75 140
75 38 140
38 71 10
71 38 10
39 57 527
57 39 527
39 40 739
40 39 739
39 52 639
52 39 639
39 64 73
64 39 73
39 40 189
40 39 189
40 46 456
46 40 456
40 49 492
49 40 492
40 69 786
69 40 786
40 42 832
42 40 832
40 55 267
55 40 267
40 74 459
74 40 459
41 45 352
45 41 352
41 83 283
83 41 283
41 83 855
83 41 855
42 50 395
50 42 395
42 58 44
58 42 44
42 87 502
87 42 502
43 61 44
61 43 44
43 72 623
72 43 623
43 61 729
61 43 729
43 50 499
50 43 499
43 45 305
45 43 305
44 47 319
47 44 319
44 46 664
46 44 664
44 66 67
66 44 67
44 80 657
80 44 657
44 73 826
73 44 826
45 73 64
73 45 64
45 59 718
59 45 718
45 65 658
65 45 658
46 53 965
53 46 965
46 87 272
87 46 272
47 69 101
69 47 101
48 57 317
57 48 317
48 82 190
82 48 190
48 87 176
87 48 176
48 83 765
83 48 765
49 68 860
68 49 860
49 57 378
57 49 378
49 87 957
87 49 957
49 80 765
80 49 765
49 85 821
85 49 821
50 86 259
86 50 259
51 57 969
57 51 969
52 76 782
76 52 782
53 65 515
65 53 515
53 55 960
55 53 960
54 55 576
55 54 576
54 85 96
85 54 96
55 59 996
59 55 996
55 67 5
67 55 5
55 87 928
87 55 928
55 58 140
58 55 140
55 76 489
76 55 489
55 84 497
84 55 497
55 75 597
75 55 597
56 63 844
63 56 844
57 58 453
58 57 453
57 60 386
60 57 386
57 87 781
87 57 781
57 72 555
72 57 555
58 73 719
73 58 719
58 87 744
87 58 744
59 85 137
85 59 137
59 80 417
80 59 417
59 67 368
67 59 368
61 77 327
77 61 327
61 74 679
74 61 679
61 65 379
65 61 379
62 68 991
68 62 991
62 70 603
70 62 603
63 84 386
84 63 386
63 73 105
73 63 105
65 74 762
74 65 762
65 75 717
75 65 717
67 68 806
68 67 806
68 70 601
70 68 601
68 76 694
76 68 694
69 79 423
79 69 423
69 80 269
80 69 269
71 82 169
82 71 169
72 74 875
74 72 875
74 76 504
76 74 504
80 81 692
81 80 692
84 86 332
86 84 332
