74

0 1 598
1 0 598
0 2 950
2 0 950
0 3 553
3 0 553
0 8 297
8 0 297
0 13 129
13 0 129
1 4 19
4 1 19
1 17 812
17 1 812
1 18 732
18 1 732
1 52 775
52 1 775
1 63 49
63 1 49
1 41 251
41 1 251
2 26 330
26 2 330
2 67 774
67 2 774
3 7 842
7 3 842
3 11 583
11 3 583
3 40 504
40 3 504
3 37 91
37 3 91
3 42 317
42 3 317
3 21 310
21 3 310
3 48 493
48 3 493
4 5 83
5 4 83
4 6 149
6 4 149
4 31 213
31 4 213
4 44 552
44 4 552
4 45 534
45 4 534
4 23 478
23 4 478
5 9 593
9 5 593
5 56 344
56 5 344
6 12 841
12 6 841
6 14 202
14 6 202
6 20 661
20 6 661
6 43 803
43 6 803
6 57 822
57 6 822
6 62 225
62 6 225
6 66 974
66 6 974
6 45 882
45 6 882
7 24 253
24 7 253
7 44 671
44 7 671
7 56 531
56 7 531
7 37 568
37 7 568
8 61 15
61 8 15
8 54 566
54 8 566
8 73 122
73 8 122
8 69 70
69 8 70
9 10 479
10 9 479
9 58 897
58 9 897
9 20 698
20 9 698
9 17 464
17 9 464
9 67 51
67 9 51
10 23 289
23 10 289
10 17 727
17 10 727
10 22 513
22 10 513
11 16 500
16 11 500
11 25 654
25 11 654
11 36 20
36 11 20
11 50 571
50 11 571
12 15 110
15 12 110
12 47 305
47 12 305
12 44 357
44 12 357
13 21 856
21 13 856
13 37 113
37 13 113
13 72 834
72 13 834
14 30 488
30 14 488
15 22 743
22 15 743
15 32 928
32 15 928
15 31 24
31 15 24
16 70 525
70 16 525
17 19 381
19 17 381
17 56 725
56 17 725
17 41 973
41 17 973
17 38 563
38 17 563
18 50 313
50 18 313
18 21 755
21 18 755
18 37 60
37 18 60
18 69 14
69 18 14
18 40 905
40 18 905
19 27 931
27 19 931
19 38 26
38 19 26
19 44 874
44 19 874
20 33 7
33 20 7
20 34 565
34 20 565
20 35 397
35 20 397
20 31 182
31 20 182
20 38 603
38 20 603
21 28 33
28 21 33
21 29 361
29 21 361
21 39 574
39 21 574
21 48 781
48 21 781
21 58 406
58 21 406
23 60 707
60 23 707
23 56 690
56 23 690
23 36 546
36 23 546
24 41 724
41 24 724
24 53 258
53 24 258
24 54 958
54 24 958
25 47 662
47 25 662
25 61 894
61 25 894
26 56 575
56 26 575
27 64 941
64 27 941
27 64 286
64 27 286
27 34 418
34 27 418
27 57 945
57 27 945
28 37 647
37 28 647
28 52 282
52 28 282
28 46 333
46 28 333
29 59 348
59 29 348
29 38 713
38 29 713
30 64 965
64 30 965
30 67 400
67 30 400
30 53 802
53 30 802
31 46 951
46 31 951
31 68 639
68 31 639
31 70 171
70 31 171
32 71 994
71 32 994
32 41 135
41 32 135
32 70 47
70 32 47
32 56 624
56 32 624
32 61 868
61 32 868
33 55 314
55 33 314
33 46 538
46 33 538
34 56 276
56 34 276
34 67 711
67 34 711
35 59 921
59 35 921
36 42 787
42 36 787
36 65 858
65 36 858
36 72 956
72 36 956
37 60 948
60 37 948
37 40 512
40 37 512
38 70 384
70 38 384
38 67 891
67 38 891
38 48 189
48 38 189
38 65 903
65 38 903
40 49 461
49 40 461
40 72 834
72 40 834
41 41 672
41 41 672
42 71 827
71 42 827
42 47 638
47 42 638
42 60 294
60 42 294
42 45 978
45 42 978
43 48 203
48 43 203
44 68 850
68 44 850
45 51 867
51 45 867
46 57 741
57 46 741
48 67 603
67 48 603
48 60 223
60 48 223
48 67 581
67 48 581
50 70 678
70 50 678
51 69 669
69 51 669
53 73 617
73 53 617
53 68 495
68 53 495
53 65 882
65 53 882
54 58 141
58 54 141
55 72 575
72 55 575
57 60 381
60 57 381
59 69 982
69 59 982
60 66 436
66 60 436
63 69 478
69 63 478
65 66 551
66 65 551
66 68 898
68 66 898
68 72 498
72 68 498
