57

0 1 616
1 0 616
0 2 393
2 0 393
0 9 144
9 0 144
0 11 709
11 0 709
0 28 29
28 0 29
0 5 698
5 0 698
0 25 126
25 0 126
0 6 758
6 0 758
0 1 197
1 0 197
0 2 460
2 0 460
0 29 1
29 0 1
0 54 480
54 0 480
0 55 172
55 0 172
0 34 136
34 0 136
0 8 518
8 0 518
0 45 869
45 0 869
1 4 722
4 1 722
1 13 865
13 1 865
1 41 939
41 1 939
1 21 958
21 1 958
1 21 62
21 1 62
1 33 742
33 1 742
1 13 618
13 1 618
1 13 916
13 1 916
1 40 405
40 1 405
1 49 988
49 1 988
1 12 846
12 1 846
1 19 945
19 1 945
1 9 459
9 1 459
1 35 878
35 1 878
1 12 120
12 1 120
1 17 884
17 1 884
1 53 630
53 1 630
1 45 20
45 1 20
2 3 270
3 2 270
2 6 430
6 2 430
2 12 901
12 2 901
2 32 346
32 2 346
2 36 568
36 2 568
2 4 825
4 2 825
2 29 800
29 2 800
2 40 380
40 2 380
2 17 516
17 2 516
2 38 234
38 2 234
2 41 674
41 2 674
2 28 871
28 2 871
2 25 61
25 2 61
3 5 606
5 3 606
3 24 198
24 3 198
3 34 892
34 3 892
3 44 633
44 3 633
3 5 770
5 3 770
3 56 235
56 3 235
3 31 631
31 3 631
3 30 72
30 3 72
3 34 706
34 3 706
4 7 107
7 4 107
4 10 816
10 4 816
4 14 934
14 4 934
4 15 937
15 4 937
4 45 699
45 4 699
4 22 458
22 4 458
4 37 219
37 4 219
4 26 673
26 4 673
4 37 120
37 4 120
4 17 56
17 4 56
4 44 398
44 4 398
5 8 139
8 5 139
5 23 122
23 5 122
5 30 862
30 5 862
5 8 403
8 5 403
5 23 376
23 5 376
5 14 820
14 5 820
5 31 632
31 5 632
5 47 563
47 5 563
5 34 57
34 5 57
5 15 330
15 5 330
5 18 524
18 5 524
5 20 664
20 5 664
5 46 911
46 5 911
6 45 808
45 6 808
6 34 249
34 6 249
6 32 368
32 6 368
6 41 638
41 6 638
6 39 410
39 6 410
6 40 746
40 6 746
6 26 852
26 6 852
7 21 185
21 7 185
7 36 792
36 7 792
7 22 635
22 7 635
7 30 399
30 7 399
7 29 972
29 7 972
7 49 969
49 7 969
7 40 802
40 7 802
7 41 919
41 7 919
7 41 583
41 7 583
7 50 672
50 7 672
8 18 169
18 8 169
8 20 668
20 8 668
8 29 954
29 8 954
8 36 706
36 8 706
8 22 397
22 8 397
8 43 665
43 8 665
8 33 110
33 8 110
8 17 940
17 8 940
8 54 821
54 8 821
8 49 417
49 8 417
8 35 607
35 8 607
8 18 149
18 8 149
8 50 671
50 8 671
8 43 679
43 8 679
9 16 153
16 9 153
9 33 106
33 9 106
9 39 678
39 9 678
9 40 504
40 9 504
9 52 941
52 9 941
9 51 300
51 9 300
9 26 416
26 9 416
9 34 929
34 9 929
9 56 398
56 9 398
9 16 190
16 9 190
9 14 139
14 9 139
9 41 943
41 9 943
9 54 183
54 9 183
9 36 519
36 9 519
9 29 934
29 9 934
9 26 355
26 9 355
10 54 165
54 10 165
10 18 746
18 10 746
10 49 565
49 10 565
10 55 306
55 10 306
10 39 221
39 10 221
10 25 788
25 10 788
11 20 146
20 11 146
11 54 751
54 11 751
11 29 223
29 11 223
12 33 915
33 12 915
12 55 671
55 12 671
12 34 881
34 12 881
12 45 164
45 12 164
12 42 748
42 12 748
12 50 459
50 12 459
12 36 216
36 12 216
12 53 943
53 12 943
12 49 556
49 12 556
12 22 730
22 12 730
13 15 16
15 13 16
13 20 58
20 13 58
13 43 154
43 13 154
13 56 61
56 13 61
13 31 257
31 13 257
13 15 3
15 13 3
13 50 702
50 13 702
13 44 716
44 13 716
14 17 497
17 14 497
14 37 731
37 14 731
14 48 44
48 14 44
14 48 199
48 14 199
14 54 552
54 14 552
14 35 129
35 14 129
14 34 953
34 14 953
15 19 269
19 15 269
15 35 654
35 15 654
15 36 360
36 15 360
15 44 907
44 15 907
15 15 912
15 15 912
15 22 506
22 15 506
16 26 445
26 16 445
16 50 998
50 16 998
16 23 60
23 16 60
16 51 497
51 16 497
17 22 738
22 17 738
17 26 825
26 17 825
17 38 864
38 17 864
17 19 437
19 17 437
17 53 774
53 17 774
17 29 608
29 17 608
17 26 948
26 17 948
17 39 734
39 17 734
17 23 46
23 17 46
17 35 54
35 17 54
18 25 456
25 18 456
18 28 436
28 18 436
18 23 569
23 18 569
18 31 877
31 18 877
18 29 152
29 18 152
18 53 207
53 18 207
18 29 970
29 18 970
18 30 182
30 18 182
18 37 861
37 18 861
18 52 106
52 18 106
18 32 740
32 18 740
18 25 358
25 18 358
18 22 205
22 18 205
19 53 782
53 19 782
19 54 883
54 19 883
19 52 952
52 19 952
20 55 808
55 20 808
20 34 935
34 20 935
20 26 965
26 20 965
20 51 266
51 20 266
20 39 324
39 20 324
20 53 339
53 20 339
20 27 661
27 20 661
20 46 214
46 20 214
20 41 785
41 20 785
20 25 226
25 20 226
21 45 851
45 21 851
21 38 184
38 21 184
21 24 426
24 21 426
21 34 655
34 21 655
21 32 569
32 21 569
22 27 130
27 22 130
22 43 856
43 22 856
22 49 49
49 22 49
22 50 848
50 22 848
22 23 656
23 22 656
22 49 787
49 22 787
22 50 689
50 22 689
23 39 641
39 23 641
23 46 99
46 23 99
23 44 821
44 23 821
23 50 120
50 23 120
24 48 524
48 24 524
24 33 659
33 24 659
24 56 393
56 24 393
24 45 423
45 24 423
24 42 414
42 24 414
25 31 220
31 25 220
25 50 77
50 25 77
25 56 720
56 25 720
25 35 884
35 25 884
25 49 32
49 25 32
25 33 104
33 25 104
26 38 601
38 26 601
26 48 164
48 26 164
26 49 247
49 26 247
26 43 999
43 26 999
26 42 31
42 26 31
26 55 777
55 26 777
26 36 742
36 26 742
27 45 834
45 27 834
27 50 813
50 27 813
27 34 468
34 27 468
27 31 356
31 27 356
27 33 909
33 27 909
28 33 853
33 28 853
28 55 641
55 28 641
28 48 129
48 28 129
28 50 566
50 28 566
28 32 535
32 28 535
28 54 266
54 28 266
29 37 224
37 29 224
29 31 964
31 29 964
29 39 682
39 29 682
29 35 123
35 29 123
29 52 25
52 29 25
29 40 283
40 29 283
29 37 176
37 29 176
30 55 710
55 30 710
30 51 193
51 30 193
30 42 756
42 30 756
30 51 233
51 30 233
30 33 95
33 30 95
31 48 904
48 31 904
31 40 743
40 31 743
31 41 776
41 31 776
32 42 813
42 32 813
32 38 553
38 32 553
33 53 953
53 33 953
33 42 445
42 33 445
33 50 817
50 33 817
33 45 573
45 33 573
34 48 326
48 34 326
34 40 978
40 34 978
34 36 675
36 34 675
35 40 817
40 35 817
35 54 2
54 35 2
35 51 78
51 35 78
35 56 705
56 35 705
36 38 992
38 36 992
36 42 959
42 36 959
36 52 829
52 36 829
36 38 441
38 36 441
36 48 526
48 36 526
37 46 209
46 37 209
37 52 155
52 37 155
37 41 876
41 37 876
37 47 395
47 37 395
37 42 401
42 37 401
37 49 720
49 37 720
37 54 463
54 37 463
37 40 442
40 37 442
37 51 646
51 37 646
38 39 727
39 38 727
38 51 782
51 38 782
38 39 725
39 38 725
39 47 551
47 39 551
39 51 634
51 39 634
39 56 412
56 39 412
40 42 516
42 40 516
41 56 817
56 41 817
41 51 375
51 41 375
41 53 110
53 41 110
42 55 798
55 42 798
42 56 714
56 42 714
42 44 43
44 42 43
42 43 29
43 42 29
43 54 245
54 43 245
43 46 685
46 43 685
44 55 796
55 44 796
44 45 614
45 44 614
44 46 266
46 44 266
44 51 363
51 44 363
45 53 847
53 45 847
45 50 767
50 45 767
46 56 700
56 46 700
46 53 632
53 46 632
47 48 1000
48 47 1000
48 50 288
50 48 288
48 52 27
52 48 27
49 52 420
52 49 420
49 51 472
51 49 472
52 56 686
56 52 686
52 54 631
54 52 631
