50

0 1 208
1 0 208
0 2 136
2 0 136
0 3 569
3 0 569
0 33 200
33 0 200
0 8 865
8 0 865
0 20 780
20 0 780
0 38 189
38 0 189
0 28 965
28 0 965
0 17 853
17 0 853
1 7 502
7 1 502
1 8 480
8 1 480
1 12 544
12 1 544
1 13 90
13 1 90
1 14 661
14 1 661
1 23 25
23 1 25
1 35 930
35 1 930
1 3 310
3 1 310
1 45 344
45 1 344
1 48 333
48 1 333
1 16 69
16 1 69
1 15 747
15 1 747
1 24 521
24 1 521
1 39 632
39 1 632
1 9 357
9 1 357
2 6 321
6 2 321
2 15 17
15 2 17
2 20 544
20 2 544
2 49 540
49 2 540
2 5 782
5 2 782
2 4 623
4 2 623
2 26 420
26 2 420
2 27 875
27 2 875
2 5 778
5 2 778
2 12 150
12 2 150
2 3 532
3 2 532
2 18 165
18 2 165
2 25 374
25 2 374
2 17 206
17 2 206
2 42 451
42 2 451
2 41 351
41 2 351
2 17 948
17 2 948
3 4 915
4 3 915
3 5 466
5 3 466
3 22 953
22 3 953
3 14 544
14 3 544
3 25 518
25 3 518
3 10 831
10 3 831
3 47 813
47 3 813
3 42 370
42 3 370
4 9 763
9 4 763
4 24 33
24 4 33
4 16 67
16 4 67
4 32 932
32 4 932
4 11 813
11 4 813
4 37 241
37 4 241
4 8 969
8 4 969
4 13 953
13 4 953
5 11 672
11 5 672
5 37 927
37 5 927
5 7 113
7 5 113
5 37 371
37 5 371
5 45 115
45 5 115
5 24 477
24 5 477
5 12 951
12 5 951
5 38 40
38 5 40
5 31 325
31 5 325
5 22 755
22 5 755
5 41 574
41 5 574
5 31 359
31 5 359
5 45 537
45 5 537
5 23 42
23 5 42
5 17 919
17 5 919
5 17 12
17 5 12
5 45 49
45 5 49
5 26 757
26 5 757
6 17 667
17 6 667
6 49 740
49 6 740
6 40 197
40 6 197
6 31 120
31 6 120
6 36 501
36 6 501
6 8 572
8 6 572
6 29 289
29 6 289
6 17 989
17 6 989
6 34 209
34 6 209
7 28 397
28 7 397
7 13 601
13 7 601
7 49 784
49 7 784
7 8 142
8 7 142
7 17 89
17 7 89
7 18 43
18 7 43
7 19 114
19 7 114
7 46 191
46 7 191
7 48 72
48 7 72
7 16 968
16 7 968
7 23 154
23 7 154
8 10 144
10 8 144
8 38 59
38 8 59
8 48 559
48 8 559
8 49 435
49 8 435
8 14 19
14 8 19
8 25 648
25 8 648
8 10 306
10 8 306
8 21 354
21 8 354
8 47 741
47 8 741
8 30 718
30 8 718
8 24 526
24 8 526
8 16 398
16 8 398
8 19 620
19 8 620
9 11 916
11 9 916
9 16 42
16 9 42
9 21 344
21 9 344
9 27 422
27 9 422
9 38 566
38 9 566
9 15 216
15 9 216
9 22 85
22 9 85
9 35 534
35 9 534
9 36 351
36 9 351
9 39 103
39 9 103
9 25 974
25 9 974
10 30 295
30 10 295
10 41 46
41 10 46
10 23 467
23 10 467
10 27 960
27 10 960
10 42 585
42 10 585
10 35 517
35 10 517
10 42 147
42 10 147
10 39 697
39 10 697
10 26 937
26 10 937
10 37 529
37 10 529
10 37 826
37 10 826
11 18 680
18 11 680
11 32 98
32 11 98
11 30 460
30 11 460
11 26 56
26 11 56
11 25 437
25 11 437
11 28 828
28 11 828
11 19 956
19 11 956
11 41 471
41 11 471
11 35 517
35 11 517
11 38 336
38 11 336
12 48 170
48 12 170
12 47 370
47 12 370
12 20 500
20 12 500
12 27 700
27 12 700
12 13 969
13 12 969
13 45 934
45 13 934
13 46 632
46 13 632
13 15 725
15 13 725
13 20 588
20 13 588
13 40 870
40 13 870
13 47 721
47 13 721
13 25 994
25 13 994
14 26 857
26 14 857
14 36 589
36 14 589
14 31 296
31 14 296
14 42 774
42 14 774
14 27 558
27 14 558
14 33 924
33 14 924
14 34 174
34 14 174
14 43 921
43 14 921
15 25 390
25 15 390
15 40 547
40 15 547
15 34 734
34 15 734
15 44 665
44 15 665
15 30 485
30 15 485
15 36 561
36 15 561
15 49 92
49 15 92
15 35 644
35 15 644
16 20 190
20 16 190
16 35 237
35 16 237
16 49 542
49 16 542
16 17 68
17 16 68
16 43 679
43 16 679
16 48 726
48 16 726
16 20 265
20 16 265
16 19 19
19 16 19
17 22 668
22 17 668
17 34 219
34 17 219
17 20 583
20 17 583
17 24 928
24 17 928
17 26 200
26 17 200
17 21 729
21 17 729
17 48 687
48 17 687
17 19 962
19 17 962
17 34 405
34 17 405
18 19 273
19 18 273
18 36 328
36 18 328
18 43 936
43 18 936
18 45 603
45 18 603
18 22 298
22 18 298
18 26 163
26 18 163
18 45 783
45 18 783
18 33 480
33 18 480
18 49 85
49 18 85
18 22 63
22 18 63
18 25 57
25 18 57
18 45 510
45 18 510
19 26 831
26 19 831
19 41 530
41 19 530
19 39 490
39 19 490
19 33 948
33 19 948
19 45 469
45 19 469
20 44 961
44 20 961
20 49 498
49 20 498
20 27 731
27 20 731
20 24 69
24 20 69
20 31 75
31 20 75
20 27 334
27 20 334
21 31 982
31 21 982
21 47 978
47 21 978
21 43 741
43 21 741
21 36 204
36 21 204
21 42 84
42 21 84
21 47 647
47 21 647
21 29 81
29 21 81
21 40 108
40 21 108
21 42 845
42 21 845
21 27 647
27 21 647
21 34 692
34 21 692
22 48 151
48 22 151
22 31 10
31 22 10
22 48 915
48 22 915
22 27 747
27 22 747
22 28 44
28 22 44
23 43 746
43 23 746
23 30 780
30 23 780
24 29 469
29 24 469
24 36 957
36 24 957
24 34 621
34 24 621
24 26 486
26 24 486
24 30 374
30 24 374
24 46 175
46 24 175
24 25 814
25 24 814
25 33 431
33 25 431
25 26 686
26 25 686
25 29 232
29 25 232
25 25 892
25 25 892
25 45 857
45 25 857
26 32 2
32 26 2
26 30 21
30 26 21
26 33 668
33 26 668
26 31 232
31 26 232
26 43 510
43 26 510
26 38 896
38 26 896
27 31 964
31 27 964
27 37 527
37 27 527
27 45 297
45 27 297
27 27 823
27 27 823
27 34 53
34 27 53
28 39 73
39 28 73
28 41 501
41 28 501
28 38 969
38 28 969
28 38 572
38 28 572
28 30 164
30 28 164
28 32 151
32 28 151
28 44 104
44 28 104
28 37 732
37 28 732
29 44 287
44 29 287
29 32 959
32 29 959
29 31 573
31 29 573
29 38 150
38 29 150
29 38 294
38 29 294
29 42 897
42 29 897
29 48 632
48 29 632
30 42 637
42 30 637
30 48 622
48 30 622
30 33 213
33 30 213
30 35 306
35 30 306
30 49 592
49 30 592
30 40 757
40 30 757
31 32 198
32 31 198
31 37 313
37 31 313
31 31 265
31 31 265
31 39 449
39 31 449
31 43 399
43 31 399
31 41 427
41 31 427
32 42 487
42 32 487
32 48 12
48 32 12
32 32 338
32 32 338
32 36 484
36 32 484
32 32 703
32 32 703
32 46 705
46 32 705
33 49 12
49 33 12
33 37 521
37 33 521
33 33 667
33 33 667
33 46 465
46 33 465
33 41 56
41 33 56
33 43 698
43 33 698
34 36 924
36 34 924
35 40 932
40 35 932
35 35 142
35 35 142
35 42 653
42 35 653
36 42 530
42 36 530
36 44 340
44 36 340
36 49 652
49 36 652
36 41 399
41 36 399
37 48 825
48 37 825
37 48 508
48 37 508
38 48 261
48 38 261
38 49 113
49 38 113
38 39 713
39 38 713
39 41 583
41 39 583
40 44 817
44 40 817
40 43 574
43 40 574
42 44 735
44 42 735
42 47 636
47 42 636
43 48 538
48 43 538
44 48 364
48 44 364
44 49 822
49 44 822
45 46 807
46 45 807
45 47 261
47 45 261
46 48 562
48 46 562
46 46 207
46 46 207
47 48 269
48 47 269
