95

0 1 431
1 0 431
0 4 368
4 0 368
0 16 70
16 0 70
0 18 128
18 0 128
0 7 557
7 0 557
0 33 306
33 0 306
1 2 412
2 1 412
1 3 125
3 1 125
1 6 950
6 1 950
1 41 917
41 1 917
1 37 365
37 1 365
1 13 594
13 1 594
1 36 956
36 1 956
1 34 977
34 1 977
2 5 94
5 2 94
2 8 101
8 2 101
2 9 855
9 2 855
2 89 261
89 2 261
2 10 353
10 2 353
2 73 231
73 2 231
2 80 383
80 2 383
2 24 37
24 2 37
2 51 255
51 2 255
3 7 409
7 3 409
3 22 520
22 3 520
3 27 29
27 3 29
3 80 377
80 3 377
3 31 291
31 3 291
4 20 531
20 4 531
4 24 471
24 4 471
4 28 450
28 4 450
4 32 983
32 4 983
4 9 858
9 4 858
4 59 138
59 4 138
4 50 244
50 4 244
4 22 950
22 4 950
4 22 995
22 4 995
5 29 663
29 5 663
5 16 808
16 5 808
5 55 119
55 5 119
5 91 856
91 5 856
6 10 136
10 6 136
6 15 237
15 6 237
6 54 978
54 6 978
6 57 169
57 6 169
6 73 420
73 6 420
7 11 45
11 7 45
7 13 572
13 7 572
7 17 495
17 7 495
7 52 473
52 7 473
7 57 610
57 7 610
8 12 152
12 8 152
8 31 877
31 8 877
8 29 352
29 8 352
8 30 300
30 8 300
9 43 575
43 9 575
9 23 305
23 9 305
9 19 273
19 9 273
10 51 209
51 10 209
10 58 464
58 10 464
10 27 13
27 10 13
10 32 668
32 10 668
10 56 412
56 10 412
11 33 383
33 11 383
11 59 975
59 11 975
11 75 160
75 11 160
12 29 622
29 12 622
12 45 115
45 12 115
12 81 256
81 12 256
12 19 206
19 12 206
12 45 618
45 12 618
12 82 180
82 12 180
12 27 219
27 12 219
12 92 545
92 12 545
12 79 633
79 12 633
12 48 708
48 12 708
13 14 132
14 13 132
13 65 157
65 13 157
13 93 416
93 13 416
13 65 68
65 13 68
13 93 941
93 13 941
14 67 477
67 14 477
14 25 946
25 14 946
15 30 867
30 15 867
15 70 539
70 15 539
16 37 58
37 16 58
16 90 482
90 16 482
17 48 815
48 17 815
18 19 738
19 18 738
18 34 635
34 18 635
18 21 726
21 18 726
19 42 906
42 19 906
19 33 628
33 19 628
20 21 270
21 20 270
20 23 48
23 20 48
20 26 572
26 20 572
21 25 205
25 21 205
21 39 936
39 21 936
21 46 690
46 21 690
21 50 183
50 21 183
21 94 200
94 21 200
21 29 354
29 21 354
21 68 689
68 21 689
21 85 676
85 21 676
22 40 209
40 22 209
22 30 624
30 22 624
22 44 481
44 22 481
23 43 539
43 23 539
23 68 783
68 23 783
23 68 43
68 23 43
24 37 354
37 24 354
24 55 8
55 24 8
24 63 523
63 24 523
25 36 652
36 25 652
25 70 963
70 25 963
25 91 821
91 25 821
25 49 83
49 25 83
25 72 677
72 25 677
26 79 442
79 26 442
26 90 141
90 26 141
26 73 819
73 26 819
27 30 65
30 27 65
27 90 118
90 27 118
27 40 606
40 27 606
27 69 529
69 27 529
27 84 320
84 27 320
28 35 373
35 28 373
28 63 132
63 28 132
29 52 538
52 29 538
29 67 337
67 29 337
29 93 501
93 29 501
30 44 61
44 30 61
30 86 202
86 30 202
30 53 888
53 30 888
30 35 654
35 30 654
31 62 113
62 31 113
31 73 568
73 31 568
31 34 761
34 31 761
32 53 679
53 32 679
32 91 635
91 32 635
32 68 789
68 32 789
32 45 220
45 32 220
32 75 792
75 32 792
32 54 871
54 32 871
33 38 691
38 33 691
33 67 52
67 33 52
33 92 525
92 33 525
33 54 904
54 33 904
34 73 175
73 34 175
34 73 559
73 34 559
35 88 871
88 35 871
36 49 253
49 36 253
37 56 665
56 37 665
37 60 467
60 37 467
37 84 514
84 37 514
37 55 587
55 37 587
38 41 597
41 38 597
38 51 849
51 38 849
39 49 759
49 39 759
39 62 887
62 39 887
39 69 596
69 39 596
39 83 527
83 39 527
39 54 992
54 39 992
40 46 966
46 40 966
42 84 239
84 42 239
42 93 933
93 42 933
43 54 393
54 43 393
43 56 945
56 43 945
44 72 436
72 44 436
44 92 173
92 44 173
45 47 112
47 45 112
45 71 499
71 45 499
45 77 622
77 45 622
46 61 727
61 46 727
47 75 487
75 47 487
48 76 172
76 48 172
49 92 386
92 49 386
49 53 17
53 49 17
49 85 587
85 49 587
49 82 32
82 49 32
50 55 242
55 50 242
50 78 243
78 50 243
51 61 859
61 51 859
51 66 371
66 51 371
52 91 885
91 52 885
53 74 796
74 53 796
53 92 629
92 53 629
55 65 322
65 55 322
55 85 305
85 55 305
55 88 798
88 55 798
55 66 775
66 55 775
55 89 710
89 55 710
56 72 213
72 56 213
56 88 8
88 56 8
56 58 496
58 56 496
59 64 548
64 59 548
59 73 89
73 59 89
61 65 437
65 61 437
61 73 225
73 61 225
63 71 913
71 63 913
63 71 413
71 63 413
63 92 526
92 63 526
64 84 257
84 64 257
64 78 666
78 64 666
65 93 188
93 65 188
66 88 766
88 66 766
69 82 710
82 69 710
69 79 566
79 69 566
70 76 587
76 70 587
70 87 222
87 70 222
70 76 416
76 70 416
71 85 891
85 71 891
71 84 889
84 71 889
72 82 762
82 72 762
73 89 611
89 73 611
74 84 280
84 74 280
74 81 801
81 74 801
74 92 697
92 74 697
75 89 909
89 75 909
77 85 815
85 77 815
78 79 275
79 78 275
80 81 549
81 80 549
85 85 229
85 85 229
87 93 975
93 87 975
