76

0 1 370
1 0 370
0 2 254
2 0 254
0 7 643
7 0 643
0 8 547
8 0 547
0 10 231
10 0 231
0 9 843
9 0 843
0 70 79
70 0 79
0 55 430
55 0 430
0 70 964
70 0 964
0 3 384
3 0 384
0 56 734
56 0 734
0 11 995
11 0 995
1 3 219
3 1 219
1 11 773
11 1 773
1 35 448
35 1 448
1 62 117
62 1 117
1 21 182
21 1 182
1 11 99
11 1 99
1 64 351
64 1 351
1 52 544
52 1 544
1 13 817
13 1 817
1 2 557
2 1 557
1 51 111
51 1 111
1 15 961
15 1 961
1 38 693
38 1 693
2 4 742
4 2 742
2 18 256
18 2 256
2 40 649
40 2 649
2 20 98
20 2 98
2 5 719
5 2 719
2 62 815
62 2 815
2 17 181
17 2 181
2 19 710
19 2 710
2 3 944
3 2 944
2 14 522
14 2 522
2 61 680
61 2 680
2 9 526
9 2 526
2 47 45
47 2 45
2 52 737
52 2 737
2 68 308
68 2 308
2 17 450
17 2 450
2 2 632
2 2 632
3 14 438
14 3 438
3 27 101
27 3 101
3 37 690
37 3 690
3 18 211
18 3 211
3 59 623
59 3 623
3 66 416
66 3 416
3 21 277
21 3 277
3 40 292
40 3 292
3 50 473
50 3 473
3 50 65
50 3 65
3 74 199
74 3 199
3 47 122
47 3 122
3 7 93
7 3 93
3 26 270
26 3 270
4 5 739
5 4 739
4 25 911
25 4 911
4 32 351
32 4 351
4 51 585
51 4 585
4 7 701
7 4 701
4 33 686
33 4 686
4 44 774
44 4 774
4 17 286
17 4 286
4 6 567
6 4 567
4 35 551
35 4 551
4 47 356
47 4 356
4 27 432
27 4 432
4 7 317
7 4 317
4 35 13
35 4 13
4 9 749
9 4 749
4 8 892
8 4 892
4 28 217
28 4 217
5 6 460
6 5 460
5 39 301
39 5 301
5 62 654
62 5 654
5 16 719
16 5 719
5 15 703
15 5 703
5 56 500
56 5 500
5 59 402
59 5 402
5 60 252
60 5 252
5 74 193
74 5 193
5 5 815
5 5 815
5 28 476
28 5 476
5 15 590
15 5 590
5 51 96
51 5 96
5 62 148
62 5 148
5 51 466
51 5 466
6 16 906
16 6 906
6 24 892
24 6 892
6 44 207
44 6 207
6 66 551
66 6 551
6 67 359
67 6 359
6 43 146
43 6 146
6 26 963
26 6 963
6 25 880
25 6 880
6 17 684
17 6 684
6 23 462
23 6 462
6 59 972
59 6 972
6 28 449
28 6 449
7 9 909
9 7 909
7 21 816
21 7 816
7 22 702
22 7 702
7 64 791
64 7 791
7 62 19
62 7 19
7 46 68
46 7 68
7 12 680
12 7 680
7 59 518
59 7 518
7 26 230
26 7 230
7 74 958
74 7 958
7 46 851
46 7 851
7 67 350
67 7 350
7 36 572
36 7 572
7 11 66
11 7 66
8 10 250
10 8 250
8 20 892
20 8 892
8 34 541
34 8 541
8 72 6
72 8 6
8 14 693
14 8 693
8 10 820
10 8 820
8 63 420
63 8 420
8 59 736
59 8 736
8 21 231
21 8 231
8 55 681
55 8 681
8 39 826
39 8 826
8 74 585
74 8 585
8 24 385
24 8 385
8 35 880
35 8 880
9 13 156
13 9 156
9 63 348
63 9 348
9 74 251
74 9 251
9 57 659
57 9 659
9 75 415
75 9 415
9 21 892
21 9 892
9 57 636
57 9 636
9 67 515
67 9 515
9 40 108
40 9 108
9 22 673
22 9 673
9 27 710
27 9 710
9 38 894
38 9 894
9 33 804
33 9 804
9 13 745
13 9 745
9 51 481
51 9 481
9 19 435
19 9 435
10 12 423
12 10 423
10 17 914
17 10 914
10 72 674
72 10 674
10 75 287
75 10 287
10 49 687
49 10 687
10 25 853
25 10 853
10 43 756
43 10 756
10 21 817
21 10 817
10 55 727
55 10 727
10 51 149
51 10 149
10 74 964
74 10 964
10 18 825
18 10 825
11 29 236
29 11 236
11 33 942
33 11 942
11 73 936
73 11 936
11 59 40
59 11 40
11 20 1000
20 11 1000
11 57 160
57 11 160
11 15 599
15 11 599
11 48 301
48 11 301
11 71 552
71 11 552
11 31 573
31 11 573
11 35 56
35 11 56
11 30 411
30 11 411
11 40 405
40 11 405
12 55 111
55 12 111
12 45 368
45 12 368
12 17 973
17 12 973
12 51 311
51 12 311
12 24 382
24 12 382
12 44 19
44 12 19
12 64 102
64 12 102
12 18 520
18 12 520
12 36 705
36 12 705
12 61 102
61 12 102
12 19 357
19 12 357
12 23 458
23 12 458
12 27 710
27 12 710
12 31 30
31 12 30
13 15 574
15 13 574
13 69 703
69 13 703
13 36 857
36 13 857
13 26 455
26 13 455
13 38 648
38 13 648
13 47 735
47 13 735
13 75 223
75 13 223
13 20 492
20 13 492
13 31 488
31 13 488
13 39 680
39 13 680
13 38 810
38 13 810
13 71 156
71 13 156
14 30 323
30 14 323
14 34 568
34 14 568
14 28 961
28 14 961
14 25 481
25 14 481
14 50 245
50 14 245
14 67 16
67 14 16
14 54 799
54 14 799
14 33 884
33 14 884
14 71 645
71 14 645
15 23 900
23 15 900
15 47 319
47 15 319
15 56 994
56 15 994
15 40 346
40 15 346
15 23 138
23 15 138
15 50 498
50 15 498
15 31 665
31 15 665
15 39 947
39 15 947
15 28 568
28 15 568
16 19 286
19 16 286
16 31 196
31 16 196
16 63 676
63 16 676
16 64 923
64 16 923
16 62 273
62 16 273
16 22 104
22 16 104
16 61 478
61 16 478
16 29 642
29 16 642
16 16 282
16 16 282
16 39 152
39 16 152
16 42 69
42 16 69
16 53 887
53 16 887
16 42 251
42 16 251
16 67 394
67 16 394
16 54 240
54 16 240
17 55 171
55 17 171
17 53 205
53 17 205
17 35 721
35 17 721
17 52 776
52 17 776
17 69 620
69 17 620
17 40 814
40 17 814
17 64 785
64 17 785
17 72 601
72 17 601
17 27 816
27 17 816
17 56 875
56 17 875
17 24 326
24 17 326
17 28 609
28 17 609
17 75 55
75 17 55
18 52 301
52 18 301
18 74 914
74 18 914
18 41 594
41 18 594
18 56 365
56 18 365
18 62 539
62 18 539
18 63 16
63 18 16
18 53 220
53 18 220
19 48 547
48 19 547
19 65 208
65 19 208
19 67 750
67 19 750
19 53 431
53 19 431
19 45 682
45 19 682
20 26 857
26 20 857
20 31 490
31 20 490
20 35 969
35 20 969
20 42 161
42 20 161
20 53 610
53 20 610
20 50 458
50 20 458
20 22 233
22 20 233
20 26 354
26 20 354
20 36 226
36 20 226
20 42 197
42 20 197
20 60 23
60 20 23
20 43 275
43 20 275
20 50 568
50 20 568
20 50 992
50 20 992
20 73 184
73 20 184
20 67 534
67 20 534
21 28 311
28 21 311
21 68 289
68 21 289
21 66 883
66 21 883
21 40 510
40 21 510
21 34 307
34 21 307
21 53 1000
53 21 1000
21 40 805
40 21 805
21 49 199
49 21 199
21 36 264
36 21 264
21 33 483
33 21 483
21 67 387
67 21 387
22 28 618
28 22 618
22 25 647
25 22 647
22 41 373
41 22 373
22 54 753
54 22 753
22 35 263
35 22 263
22 45 735
45 22 735
22 57 110
57 22 110
23 27 464
27 23 464
23 55 624
55 23 624
23 62 678
62 23 678
23 29 759
29 23 759
23 32 197
32 23 197
23 32 918
32 23 918
23 55 212
55 23 212
23 31 914
31 23 914
23 69 78
69 23 78
23 37 780
37 23 780
24 55 715
55 24 715
24 71 213
71 24 213
24 35 57
35 24 57
24 24 20
24 24 20
24 58 806
58 24 806
24 27 995
27 24 995
24 35 168
35 24 168
24 66 766
66 24 766
25 49 579
49 25 579
25 36 492
36 25 492
25 55 19
55 25 19
25 39 839
39 25 839
25 48 355
48 25 355
25 62 481
62 25 481
25 69 400
69 25 400
25 46 761
46 25 761
25 44 441
44 25 441
25 39 835
39 25 835
25 62 564
62 25 564
25 58 364
58 25 364
25 55 712
55 25 712
26 62 616
62 26 616
26 32 884
32 26 884
26 58 472
58 26 472
26 70 312
70 26 312
26 66 373
66 26 373
26 37 649
37 26 649
26 75 612
75 26 612
26 58 318
58 26 318
26 41 540
41 26 540
26 44 21
44 26 21
26 51 398
51 26 398
27 30 211
30 27 211
27 68 313
68 27 313
27 73 427
73 27 427
27 46 888
46 27 888
27 62 887
62 27 887
27 65 931
65 27 931
27 51 184
51 27 184
27 48 88
48 27 88
27 39 118
39 27 118
27 69 587
69 27 587
28 46 938
46 28 938
28 35 30
35 28 30
28 59 941
59 28 941
28 70 165
70 28 165
28 31 181
31 28 181
28 60 592
60 28 592
28 55 327
55 28 327
28 50 813
50 28 813
28 73 714
73 28 714
28 42 522
42 28 522
28 41 377
41 28 377
29 36 811
36 29 811
29 62 5
62 29 5
29 44 958
44 29 958
29 54 778
54 29 778
29 71 324
71 29 324
29 58 566
58 29 566
29 74 652
74 29 652
30 51 142
51 30 142
30 56 591
56 30 591
30 66 547
66 30 547
30 49 860
49 30 860
30 49 966
49 30 966
30 42 596
42 30 596
31 38 585
38 31 585
31 45 468
45 31 468
31 49 916
49 31 916
31 50 877
50 31 877
31 58 755
58 31 755
31 59 88
59 31 88
31 65 640
65 31 640
31 60 586
60 31 586
31 65 102
65 31 102
31 73 633
73 31 633
31 54 255
54 31 255
31 48 953
48 31 953
31 62 939
62 31 939
31 40 516
40 31 516
31 59 544
59 31 544
32 61 335
61 32 335
32 42 369
42 32 369
32 38 573
38 32 573
32 74 573
74 32 573
32 62 592
62 32 592
32 41 61
41 32 61
32 41 876
41 32 876
33 43 349
43 33 349
33 34 64
34 33 64
33 34 230
34 33 230
33 34 897
34 33 897
33 43 478
43 33 478
33 71 198
71 33 198
33 50 865
50 33 865
34 37 540
37 34 540
34 50 558
50 34 558
34 38 305
38 34 305
34 61 987
61 34 987
35 57 289
57 35 289
35 71 880
71 35 880
35 52 756
52 35 756
35 72 159
72 35 159
36 41 519
41 36 519
36 53 26
53 36 26
36 67 471
67 36 471
36 58 16
58 36 16
36 74 258
74 36 258
36 37 726
37 36 726
36 40 257
40 36 257
36 69 454
69 36 454
36 72 508
72 36 508
37 69 3
69 37 3
37 60 225
60 37 225
37 57 95
57 37 95
37 73 90
73 37 90
37 59 111
59 37 111
37 60 394
60 37 394
37 51 625
51 37 625
37 38 976
38 37 976
38 70 645
70 38 645
38 43 110
43 38 110
38 69 755
69 38 755
38 47 671
47 38 671
38 67 537
67 38 537
38 65 141
65 38 141
39 42 237
42 39 237
39 66 414
66 39 414
39 52 936
52 39 936
39 45 430
45 39 430
39 42 666
42 39 666
39 56 625
56 39 625
39 51 685
51 39 685
40 45 436
45 40 436
40 42 367
42 40 367
40 60 912
60 40 912
40 50 29
50 40 29
40 47 909
47 40 909
40 71 748
71 40 748
41 53 153
53 41 153
41 68 917
68 41 917
41 47 880
47 41 880
41 52 831
52 41 831
41 58 440
58 41 440
41 60 223
60 41 223
42 73 521
73 42 521
42 75 887
75 42 887
42 74 908
74 42 908
42 44 777
44 42 777
42 66 150
66 42 150
42 70 285
70 42 285
42 47 111
47 42 111
42 45 103
45 42 103
42 73 146
73 42 146
42 63 538
63 42 538
42 56 896
56 42 896
43 51 283
51 43 283
43 61 1
61 43 1
43 72 415
72 43 415
43 73 158
73 43 158
43 56 946
56 43 946
43 62 288
62 43 288
44 53 281
53 44 281
44 58 932
58 44 932
44 45 583
45 44 583
44 68 388
68 44 388
44 51 345
51 44 345
44 51 685
51 44 685
44 74 209
74 44 209
45 53 959
53 45 959
45 57 906
57 45 906
45 57 698
57 45 698
45 67 352
67 45 352
45 74 962
74 45 962
45 52 53
52 45 53
45 62 992
62 45 992
45 60 108
60 45 108
45 60 237
60 45 237
46 60 808
60 46 808
46 68 885
68 46 885
46 65 907
65 46 907
46 52 930
52 46 930
46 58 950
58 46 950
46 68 980
68 46 980
47 68 373
68 47 373
47 60 510
60 47 510
48 64 262
64 48 262
48 69 636
69 48 636
48 69 139
69 48 139
49 65 628
65 49 628
49 75 566
75 49 566
49 62 753
62 49 753
50 64 580
64 50 580
50 50 24
50 50 24
50 73 660
73 50 660
50 55 471
55 50 471
51 63 750
63 51 750
51 53 794
53 51 794
51 53 16
53 51 16
51 69 481
69 51 481
52 54 831
54 52 831
52 60 153
60 52 153
52 60 90
60 52 90
52 54 332
54 52 332
52 60 646
60 52 646
53 69 818
69 53 818
53 59 356
59 53 356
53 62 327
62 53 327
54 64 680
64 54 680
54 55 524
55 54 524
54 66 754
66 54 754
54 75 346
75 54 346
55 75 851
75 55 851
55 69 74
69 55 74
56 72 422
72 56 422
57 60 703
60 57 703
57 57 112
57 57 112
57 59 563
59 57 563
57 67 81
67 57 81
57 64 326
64 57 326
58 65 231
65 58 231
58 66 621
66 58 621
59 68 220
68 59 220
59 72 641
72 59 641
60 62 608
62 60 608
60 71 3
71 60 3
61 65 779
65 61 779
62 69 596
69 62 596
62 71 744
71 62 744
63 65 4
65 63 4
63 71 711
71 63 711
64 68 754
68 64 754
64 72 335
72 64 335
64 72 154
72 64 154
64 73 340
73 64 340
65 66 839
66 65 839
65 70 985
70 65 985
65 65 19
65 65 19
66 68 482
68 66 482
67 69 963
69 67 963
73 74 116
74 73 116
73 75 625
75 73 625
