97

0 1 393
1 0 393
0 3 823
3 0 823
0 5 557
5 0 557
0 30 917
30 0 917
0 46 810
46 0 810
0 21 647
21 0 647
0 47 657
47 0 657
0 85 989
85 0 989
0 76 378
76 0 378
0 51 67
51 0 67
1 2 373
2 1 373
1 6 374
6 1 374
1 10 293
10 1 293
1 33 43
33 1 43
1 15 17
15 1 17
1 77 497
77 1 497
1 63 771
63 1 771
1 82 109
82 1 109
1 90 209
90 1 209
1 64 116
64 1 116
1 44 231
44 1 231
2 4 196
4 2 196
2 7 76
7 2 76
2 12 968
12 2 968
2 14 196
14 2 196
2 38 820
38 2 820
2 39 356
39 2 356
2 53 800
53 2 800
2 57 681
57 2 681
2 17 311
17 2 311
2 12 569
12 2 569
2 10 508
10 2 508
2 63 912
63 2 912
2 83 668
83 2 668
2 75 997
75 2 997
2 96 632
96 2 632
2 96 628
96 2 628
2 45 316
45 2 316
2 21 239
21 2 239
3 44 150
44 3 150
3 6 561
6 3 561
3 68 75
68 3 75
3 6 952
6 3 952
3 88 402
88 3 402
3 53 262
53 3 262
3 47 954
47 3 954
3 71 572
71 3 572
4 15 326
15 4 326
4 18 129
18 4 129
4 24 771
24 4 771
4 54 627
54 4 627
4 92 225
92 4 225
4 38 245
38 4 245
4 54 767
54 4 767
4 40 354
40 4 354
4 7 596
7 4 596
4 12 452
12 4 452
5 11 303
11 5 303
5 20 402
20 5 402
5 37 305
37 5 305
5 43 819
43 5 819
5 88 471
88 5 471
5 71 328
71 5 328
5 89 853
89 5 853
5 8 692
8 5 692
5 12 725
12 5 725
6 17 529
17 6 529
6 67 319
67 6 319
6 25 118
25 6 118
6 11 44
11 6 44
6 23 935
23 6 935
7 8 795
8 7 795
7 13 919
13 7 919
7 32 279
32 7 279
7 55 954
55 7 954
7 68 298
68 7 298
7 82 104
82 7 104
7 89 350
89 7 350
7 35 688
35 7 688
7 95 404
95 7 404
7 69 75
69 7 75
7 45 268
45 7 268
7 44 353
44 7 353
8 9 224
9 8 224
8 70 791
70 8 791
8 43 390
43 8 390
9 58 734
58 9 734
9 62 221
62 9 221
10 23 693
23 10 693
10 96 961
96 10 961
10 66 119
66 10 119
10 62 43
62 10 43
10 71 761
71 10 761
11 19 684
19 11 684
11 48 243
48 11 243
11 64 755
64 11 755
11 16 168
16 11 168
11 82 250
82 11 250
11 39 919
39 11 919
11 79 780
79 11 780
11 25 784
25 11 784
12 16 779
16 12 779
12 36 641
36 12 641
12 45 334
45 12 334
12 61 858
61 12 858
12 51 900
51 12 900
12 76 796
76 12 796
12 95 560
95 12 560
12 31 536
31 12 536
12 24 58
24 12 58
12 24 664
24 12 664
12 93 525
93 12 525
13 31 342
31 13 342
13 80 361
80 13 361
13 69 854
69 13 854
13 65 471
65 13 471
13 25 575
25 13 575
13 29 631
29 13 631
13 75 644
75 13 644
13 26 223
26 13 223
13 58 554
58 13 554
14 70 905
70 14 905
14 46 731
46 14 731
14 95 272
95 14 272
14 35 803
35 14 803
14 66 276
66 14 276
14 29 615
29 14 615
14 20 395
20 14 395
14 86 806
86 14 806
14 85 545
85 14 545
15 68 864
68 15 864
15 93 440
93 15 440
15 33 905
33 15 905
15 61 590
61 15 590
16 26 959
26 16 959
16 60 101
60 16 101
16 77 812
77 16 812
16 27 898
27 16 898
17 66 632
66 17 632
17 79 417
79 17 417
17 81 609
81 17 609
17 25 4
25 17 4
17 39 423
39 17 423
17 91 813
91 17 813
17 60 400
60 17 400
17 94 90
94 17 90
17 91 385
91 17 385
17 75 187
75 17 187
18 21 773
21 18 773
18 82 6
82 18 6
18 87 430
87 18 430
18 69 563
69 18 563
18 39 127
39 18 127
18 80 655
80 18 655
19 25 455
25 19 455
19 73 280
73 19 280
19 94 839
94 19 839
19 83 471
83 19 471
19 35 296
35 19 296
19 29 47
29 19 47
19 47 186
47 19 186
19 95 992
95 19 992
20 28 247
28 20 247
20 35 631
35 20 631
20 58 552
58 20 552
20 70 780
70 20 780
20 71 930
71 20 930
20 46 527
46 20 527
20 48 612
48 20 612
21 22 415
22 21 415
21 29 996
29 21 996
21 78 721
78 21 721
21 60 473
60 21 473
21 39 553
39 21 553
21 42 352
42 21 352
22 41 965
41 22 965
22 69 278
69 22 278
22 90 158
90 22 158
22 23 976
23 22 976
22 28 455
28 22 455
22 44 132
44 22 132
22 61 483
61 22 483
22 91 375
91 22 375
22 81 959
81 22 959
23 68 337
68 23 337
23 76 967
76 23 967
23 29 800
29 23 800
23 94 250
94 23 250
23 44 369
44 23 369
23 81 429
81 23 429
24 47 731
47 24 731
24 85 60
85 24 60
24 43 392
43 24 392
24 34 294
34 24 294
24 87 681
87 24 681
24 39 373
39 24 373
24 86 693
86 24 693
25 42 41
42 25 41
25 83 103
83 25 103
25 87 952
87 25 952
25 38 119
38 25 119
26 27 967
27 26 967
26 74 627
74 26 627
26 75 919
75 26 919
26 89 393
89 26 393
26 38 638
38 26 638
26 29 289
29 26 289
27 52 587
52 27 587
27 61 889
61 27 889
28 63 788
63 28 788
28 76 773
76 28 773
28 74 436
74 28 436
28 45 487
45 28 487
28 77 483
77 28 483
28 64 44
64 28 44
28 55 95
55 28 95
29 37 692
37 29 692
29 91 258
91 29 258
29 55 838
55 29 838
29 45 81
45 29 81
29 43 250
43 29 250
30 58 403
58 30 403
30 86 975
86 30 975
30 75 976
75 30 976
30 84 88
84 30 88
30 76 579
76 30 579
30 45 857
45 30 857
30 57 602
57 30 602
31 39 234
39 31 234
31 43 545
43 31 545
31 60 187
60 31 187
31 42 235
42 31 235
32 34 106
34 32 106
32 40 276
40 32 276
32 89 546
89 32 546
32 66 500
66 32 500
32 60 400
60 32 400
33 76 197
76 33 197
33 67 766
67 33 766
33 53 235
53 33 235
33 69 258
69 33 258
34 59 118
59 34 118
34 71 925
71 34 925
34 94 68
94 34 68
35 86 861
86 35 861
36 51 635
51 36 635
36 85 622
85 36 622
36 50 744
50 36 744
36 56 20
56 36 20
36 96 190
96 36 190
37 42 945
42 37 945
37 57 750
57 37 750
37 55 735
55 37 735
37 94 188
94 37 188
38 92 598
92 38 598
38 83 440
83 38 440
38 52 323
52 38 323
38 66 914
66 38 914
38 66 872
66 38 872
38 85 321
85 38 321
39 50 792
50 39 792
39 72 951
72 39 951
39 61 707
61 39 707
39 84 538
84 39 538
39 77 35
77 39 35
40 95 880
95 40 880
40 61 95
61 40 95
40 82 565
82 40 565
41 65 213
65 41 213
41 43 459
43 41 459
41 45 300
45 41 300
41 80 957
80 41 957
41 96 48
96 41 48
42 86 892
86 42 892
42 52 478
52 42 478
42 92 939
92 42 939
42 46 126
46 42 126
42 56 38
56 42 38
43 49 985
49 43 985
43 89 280
89 43 280
43 87 56
87 43 56
43 95 87
95 43 87
44 77 184
77 44 184
45 89 972
89 45 972
45 91 459
91 45 459
45 54 954
54 45 954
45 93 975
93 45 975
45 85 87
85 45 87
46 62 71
62 46 71
46 69 865
69 46 865
46 58 773
58 46 773
47 94 930
94 47 930
47 91 800
91 47 800
47 59 886
59 47 886
48 94 363
94 48 363
48 65 370
65 48 370
49 95 427
95 49 427
50 69 515
69 50 515
50 50 387
50 50 387
50 95 79
95 50 79
51 61 892
61 51 892
51 86 721
86 51 721
52 56 300
56 52 300
52 58 953
58 52 953
52 74 525
74 52 525
52 94 729
94 52 729
52 57 71
57 52 71
52 71 884
71 52 884
52 94 639
94 52 639
53 55 403
55 53 403
53 55 775
55 53 775
54 87 14
87 54 14
55 75 243
75 55 243
55 93 188
93 55 188
55 63 30
63 55 30
55 70 953
70 55 953
56 62 111
62 56 111
56 57 68
57 56 68
57 62 479
62 57 479
57 73 219
73 57 219
57 81 459
81 57 459
57 96 618
96 57 618
58 91 791
91 58 791
59 71 70
71 59 70
60 63 930
63 60 930
60 66 555
66 60 555
61 87 924
87 61 924
61 62 689
62 61 689
61 87 233
87 61 233
62 84 242
84 62 242
62 64 8
64 62 8
62 92 306
92 62 306
63 76 727
76 63 727
63 83 201
83 63 201
64 66 852
66 64 852
64 67 577
67 64 577
65 85 102
85 65 102
65 80 619
80 65 619
66 91 793
91 66 793
67 77 245
77 67 245
67 72 340
72 67 340
67 71 900
71 67 900
68 85 566
85 68 566
68 94 404
94 68 404
69 88 655
88 69 655
69 73 279
73 69 279
70 91 678
91 70 678
70 96 234
96 70 234
71 84 632
84 71 632
71 89 808
89 71 808
71 94 730
94 71 730
71 87 199
87 71 199
72 84 740
84 72 740
72 85 970
85 72 970
72 75 818
75 72 818
74 91 245
91 74 245
74 87 625
87 74 625
74 75 354
75 74 354
75 76 544
76 75 544
76 82 195
82 76 195
77 93 939
93 77 939
79 92 138
92 79 138
79 83 247
83 79 247
80 96 65
96 80 65
80 93 936
93 80 936
81 92 771
92 81 771
81 87 592
87 81 592
82 89 379
89 82 379
82 89 270
89 82 270
85 94 942
94 85 942
85 91 419
91 85 419
87 95 258
95 87 258
89 90 183
90 89 183
89 95 996
95 89 996
94 94 291
94 94 291
