98

0 1 116
1 0 116
0 4 950
4 0 950
0 6 42
6 0 42
0 11 809
11 0 809
0 20 522
20 0 522
0 21 119
21 0 119
0 29 631
29 0 631
0 10 837
10 0 837
0 93 775
93 0 775
0 2 740
2 0 740
0 90 929
90 0 929
0 66 212
66 0 212
0 31 33
31 0 33
0 55 706
55 0 706
1 2 934
2 1 934
1 5 733
5 1 733
1 8 692
8 1 692
1 33 612
33 1 612
1 76 615
76 1 615
1 94 636
94 1 636
1 8 371
8 1 371
1 27 537
27 1 537
1 31 5
31 1 5
1 84 182
84 1 182
1 53 255
53 1 255
1 85 951
85 1 951
2 3 792
3 2 792
2 30 235
30 2 235
2 39 656
39 2 656
2 70 181
70 2 181
2 8 353
8 2 353
2 56 922
56 2 922
2 2 475
2 2 475
2 23 743
23 2 743
2 83 817
83 2 817
2 81 925
81 2 925
2 15 998
15 2 998
2 12 970
12 2 970
3 9 459
9 3 459
3 36 544
36 3 544
3 77 694
77 3 694
3 83 947
83 3 947
3 73 991
73 3 991
3 57 157
57 3 157
3 69 39
69 3 39
3 31 185
31 3 185
3 15 914
15 3 914
3 89 561
89 3 561
4 7 818
7 4 818
4 18 829
18 4 829
4 94 47
94 4 47
4 58 535
58 4 535
4 8 606
8 4 606
4 33 35
33 4 35
5 32 923
32 5 923
5 41 619
41 5 619
5 61 795
61 5 795
5 84 373
84 5 373
5 62 828
62 5 828
5 43 675
43 5 675
5 38 590
38 5 590
5 31 630
31 5 630
5 90 802
90 5 802
5 21 303
21 5 303
6 84 200
84 6 200
6 77 684
77 6 684
6 48 32
48 6 32
6 49 884
49 6 884
6 63 438
63 6 438
6 10 727
10 6 727
6 46 968
46 6 968
7 58 959
58 7 959
7 90 957
90 7 957
7 53 64
53 7 64
7 41 521
41 7 521
7 56 959
56 7 959
8 10 739
10 8 739
8 13 185
13 8 185
8 28 935
28 8 935
8 16 7
16 8 7
8 57 630
57 8 630
8 25 605
25 8 605
8 97 185
97 8 185
8 94 815
94 8 815
8 61 215
61 8 215
8 60 300
60 8 300
8 30 594
30 8 594
8 58 271
58 8 271
8 38 635
38 8 635
9 16 528
16 9 528
9 17 299
17 9 299
9 19 325
19 9 325
9 49 660
49 9 660
9 75 641
75 9 641
9 81 127
81 9 127
9 95 862
95 9 862
9 64 741
64 9 741
9 70 546
70 9 546
9 75 655
75 9 655
10 25 280
25 10 280
10 44 463
44 10 463
10 30 916
30 10 916
10 95 155
95 10 155
10 84 396
84 10 396
10 15 736
15 10 736
10 67 793
67 10 793
10 87 672
87 10 672
10 32 655
32 10 655
10 21 158
21 10 158
10 57 567
57 10 567
10 11 764
11 10 764
10 89 785
89 10 785
10 46 736
46 10 736
11 12 759
12 11 759
11 42 876
42 11 876
11 83 366
83 11 366
11 96 71
96 11 71
11 51 36
51 11 36
11 85 367
85 11 367
11 89 457
89 11 457
11 15 694
15 11 694
11 94 953
94 11 953
11 64 278
64 11 278
11 78 375
78 11 375
11 46 972
46 11 972
11 88 10
88 11 10
11 21 428
21 11 428
12 14 838
14 12 838
12 79 985
79 12 985
12 35 796
35 12 796
12 52 786
52 12 786
12 57 982
57 12 982
12 78 28
78 12 28
12 80 31
80 12 31
12 32 777
32 12 777
12 21 696
21 12 696
12 67 739
67 12 739
12 42 900
42 12 900
12 37 231
37 12 231
12 19 122
19 12 122
13 15 196
15 13 196
13 63 157
63 13 157
13 83 770
83 13 770
13 37 896
37 13 896
13 79 92
79 13 92
13 14 58
14 13 58
13 93 79
93 13 79
14 58 161
58 14 161
14 97 862
97 14 862
14 32 791
32 14 791
14 83 147
83 14 147
15 23 702
23 15 702
15 34 544
34 15 544
15 44 577
44 15 577
15 51 166
51 15 166
15 86 948
86 15 948
15 54 226
54 15 226
16 18 434
18 16 434
16 21 865
21 16 865
16 22 590
22 16 590
16 24 423
24 16 423
16 26 472
26 16 472
16 86 101
86 16 101
16 63 338
63 16 338
16 56 960
56 16 960
16 66 770
66 16 770
16 26 340
26 16 340
16 58 2
58 16 2
16 86 581
86 16 581
16 41 944
41 16 944
17 31 331
31 17 331
17 79 678
79 17 678
17 40 765
40 17 765
17 59 663
59 17 663
17 93 431
93 17 431
17 77 329
77 17 329
17 72 338
72 17 338
17 74 620
74 17 620
18 51 936
51 18 936
18 49 780
49 18 780
18 95 989
95 18 989
18 41 964
41 18 964
18 65 873
65 18 873
18 96 947
96 18 947
18 44 323
44 18 323
19 27 656
27 19 656
19 45 556
45 19 556
19 34 627
34 19 627
19 27 627
27 19 627
19 72 369
72 19 369
19 95 829
95 19 829
19 74 955
74 19 955
19 27 793
27 19 793
20 52 77
52 20 77
20 37 158
37 20 158
20 27 166
27 20 166
20 22 149
22 20 149
20 22 487
22 20 487
20 39 525
39 20 525
20 55 888
55 20 888
20 54 399
54 20 399
20 90 883
90 20 883
20 75 167
75 20 167
21 35 622
35 21 622
21 57 467
57 21 467
21 60 916
60 21 916
21 81 807
81 21 807
21 84 422
84 21 422
21 85 362
85 21 362
21 23 617
23 21 617
21 67 41
67 21 41
21 26 774
26 21 774
21 66 760
66 21 760
21 84 674
84 21 674
21 97 742
97 21 742
21 21 426
21 21 426
21 87 952
87 21 952
22 65 250
65 22 250
22 37 237
37 22 237
22 34 581
34 22 581
22 72 708
72 22 708
22 86 556
86 22 556
22 37 473
37 22 473
22 46 223
46 22 223
23 68 551
68 23 551
23 90 508
90 23 508
23 80 295
80 23 295
23 51 855
51 23 855
23 75 53
75 23 53
23 35 740
35 23 740
23 38 357
38 23 357
23 59 41
59 23 41
23 41 866
41 23 866
23 35 152
35 23 152
23 77 648
77 23 648
24 77 43
77 24 43
24 93 60
93 24 60
24 84 144
84 24 144
24 58 835
58 24 835
24 90 712
90 24 712
24 42 413
42 24 413
24 62 776
62 24 776
25 28 538
28 25 538
25 29 959
29 25 959
25 40 876
40 25 876
25 50 936
50 25 936
25 53 693
53 25 693
25 66 289
66 25 289
25 63 379
63 25 379
25 65 18
65 25 18
25 39 948
39 25 948
25 64 736
64 25 736
25 34 727
34 25 727
25 88 15
88 25 15
25 91 977
91 25 977
25 66 970
66 25 970
25 41 876
41 25 876
26 38 502
38 26 502
26 78 50
78 26 50
26 72 933
72 26 933
26 72 714
72 26 714
26 35 462
35 26 462
26 38 940
38 26 940
26 54 893
54 26 893
27 92 887
92 27 887
27 35 387
35 27 387
27 76 175
76 27 175
27 55 740
55 27 740
27 58 410
58 27 410
28 45 198
45 28 198
28 45 913
45 28 913
28 37 542
37 28 542
28 69 74
69 28 74
29 92 451
92 29 451
29 68 889
68 29 889
30 40 916
40 30 916
30 65 246
65 30 246
30 51 176
51 30 176
30 55 362
55 30 362
30 30 78
30 30 78
30 86 819
86 30 819
30 77 490
77 30 490
31 55 64
55 31 64
31 69 968
69 31 968
31 76 81
76 31 81
31 89 184
89 31 184
31 73 787
73 31 787
31 47 189
47 31 189
31 81 504
81 31 504
31 72 747
72 31 747
31 62 781
62 31 781
31 79 320
79 31 320
31 47 164
47 31 164
31 63 602
63 31 602
32 94 511
94 32 511
32 56 476
56 32 476
32 50 721
50 32 721
32 66 557
66 32 557
32 37 291
37 32 291
32 79 4
79 32 4
33 74 311
74 33 311
33 61 357
61 33 357
33 79 916
79 33 916
33 53 85
53 33 85
33 63 432
63 33 432
33 41 504
41 33 504
33 94 828
94 33 828
33 95 107
95 33 107
34 48 102
48 34 102
34 60 98
60 34 98
34 69 573
69 34 573
34 48 191
48 34 191
34 47 217
47 34 217
34 41 30
41 34 30
35 64 62
64 35 62
35 90 973
90 35 973
35 46 794
46 35 794
35 65 45
65 35 45
35 43 622
43 35 622
35 84 411
84 35 411
36 37 756
37 36 756
36 84 703
84 36 703
36 73 425
73 36 425
36 70 166
70 36 166
36 48 746
48 36 746
36 70 1000
70 36 1000
36 59 903
59 36 903
36 87 763
87 36 763
36 58 180
58 36 180
36 63 679
63 36 679
37 80 776
80 37 776
37 56 543
56 37 543
37 58 742
58 37 742
37 64 819
64 37 819
37 75 968
75 37 968
37 59 456
59 37 456
37 48 41
48 37 41
38 69 31
69 38 31
38 70 752
70 38 752
38 86 570
86 38 570
39 69 300
69 39 300
39 42 188
42 39 188
39 84 105
84 39 105
39 48 590
48 39 590
39 73 226
73 39 226
40 43 905
43 40 905
40 40 381
40 40 381
40 92 617
92 40 617
41 47 579
47 41 579
41 71 133
71 41 133
41 73 666
73 41 666
41 49 881
49 41 881
41 48 845
48 41 845
41 83 77
83 41 77
41 92 786
92 41 786
42 74 851
74 42 851
42 97 852
97 42 852
42 50 813
50 42 813
42 95 774
95 42 774
42 77 603
77 42 603
42 72 653
72 42 653
43 79 965
79 43 965
43 58 554
58 43 554
43 93 607
93 43 607
43 96 10
96 43 10
43 71 576
71 43 576
43 72 506
72 43 506
44 59 310
59 44 310
44 46 137
46 44 137
44 61 663
61 44 663
44 58 246
58 44 246
44 72 26
72 44 26
45 46 936
46 45 936
45 48 648
48 45 648
45 56 534
56 45 534
45 61 4
61 45 4
45 86 48
86 45 48
45 90 853
90 45 853
45 87 120
87 45 120
46 81 139
81 46 139
46 54 19
54 46 19
46 88 948
88 46 948
46 72 559
72 46 559
46 60 550
60 46 550
46 96 208
96 46 208
46 69 729
69 46 729
46 47 851
47 46 851
46 68 486
68 46 486
47 62 626
62 47 626
47 66 989
66 47 989
47 91 110
91 47 110
47 55 927
55 47 927
47 48 789
48 47 789
47 70 626
70 47 626
48 94 460
94 48 460
48 79 218
79 48 218
48 77 683
77 48 683
48 89 949
89 48 949
48 81 492
81 48 492
48 95 122
95 48 122
49 85 1
85 49 1
49 62 792
62 49 792
50 95 52
95 50 52
51 65 975
65 51 975
51 68 619
68 51 619
51 90 129
90 51 129
51 60 915
60 51 915
52 85 363
85 52 363
52 61 886
61 52 886
52 81 120
81 52 120
52 73 831
73 52 831
52 92 548
92 52 548
52 65 220
65 52 220
52 54 96
54 52 96
53 54 609
54 53 609
53 67 871
67 53 871
53 85 267
85 53 267
53 53 444
53 53 444
53 65 302
65 53 302
54 78 236
78 54 236
54 56 118
56 54 118
55 73 666
73 55 666
55 70 23
70 55 23
55 95 234
95 55 234
55 74 348
74 55 348
55 59 814
59 55 814
55 64 64
64 55 64
55 96 760
96 55 760
56 77 286
77 56 286
56 65 433
65 56 433
57 66 476
66 57 476
57 96 659
96 57 659
57 63 82
63 57 82
57 69 301
69 57 301
58 87 782
87 58 782
58 79 966
79 58 966
58 81 82
81 58 82
58 69 852
69 58 852
59 77 751
77 59 751
59 74 634
74 59 634
60 88 704
88 60 704
60 88 439
88 60 439
60 95 648
95 60 648
60 81 245
81 60 245
61 92 145
92 61 145
63 86 859
86 63 859
63 95 641
95 63 641
63 75 409
75 63 409
63 75 184
75 63 184
63 97 346
97 63 346
63 90 328
90 63 328
64 77 650
77 64 650
65 91 804
91 65 804
65 80 1
80 65 1
65 93 252
93 65 252
65 90 613
90 65 613
65 95 307
95 65 307
66 89 14
89 66 14
66 75 84
75 66 84
66 80 663
80 66 663
67 96 346
96 67 346
67 80 937
80 67 937
68 95 194
95 68 194
69 96 120
96 69 120
69 71 17
71 69 17
70 75 513
75 70 513
70 74 468
74 70 468
70 80 975
80 70 975
71 72 915
72 71 915
71 92 499
92 71 499
71 90 862
90 71 862
71 83 814
83 71 814
71 75 824
75 71 824
72 88 698
88 72 698
72 96 323
96 72 323
72 97 544
97 72 544
72 95 263
95 72 263
72 73 232
73 72 232
72 88 494
88 72 494
73 77 155
77 73 155
73 79 757
79 73 757
73 91 422
91 73 422
74 77 274
77 74 274
74 78 394
78 74 394
75 95 68
95 75 68
75 85 279
85 75 279
76 93 636
93 76 636
76 94 700
94 76 700
78 97 218
97 78 218
78 93 576
93 78 576
79 82 187
82 79 187
80 82 252
82 80 252
80 89 804
89 80 804
80 91 754
91 80 754
81 93 235
93 81 235
81 83 633
83 81 633
81 85 457
85 81 457
81 82 711
82 81 711
82 92 961
92 82 961
82 83 698
83 82 698
82 86 272
86 82 272
82 89 870
89 82 870
83 94 42
94 83 42
83 87 16
87 83 16
84 88 936
88 84 936
85 93 745
93 85 745
85 85 842
85 85 842
86 94 673
94 86 673
87 88 779
88 87 779
87 97 832
97 87 832
88 95 762
95 88 762
88 92 735
92 88 735
92 97 750
97 92 750
92 92 680
92 92 680
