42

0 1 69
1 0 69
0 4 129
4 0 129
0 19 903
19 0 903
0 34 953
34 0 953
0 23 182
23 0 182
0 26 537
26 0 537
0 16 760
16 0 760
0 34 636
34 0 636
0 8 22
8 0 22
0 19 159
19 0 159
0 30 760
30 0 760
0 15 698
15 0 698
1 2 616
2 1 616
1 3 224
3 1 224
1 17 522
17 1 522
1 32 160
32 1 160
1 3 658
3 1 658
1 17 623
17 1 623
1 27 657
27 1 657
1 3 436
3 1 436
1 14 629
14 1 629
1 9 352
9 1 352
2 15 259
15 2 259
2 16 875
16 2 875
2 25 719
25 2 719
2 20 63
20 2 63
2 38 726
38 2 726
2 24 562
24 2 562
2 25 240
25 2 240
2 13 851
13 2 851
2 27 230
27 2 230
3 5 9
5 3 9
3 7 281
7 3 281
3 14 378
14 3 378
3 18 697
18 3 697
3 16 48
16 3 48
3 11 770
11 3 770
3 20 46
20 3 46
3 30 609
30 3 609
3 4 62
4 3 62
3 10 675
10 3 675
3 36 785
36 3 785
3 20 33
20 3 33
4 6 486
6 4 486
4 12 167
12 4 167
4 27 900
27 4 900
4 31 51
31 4 51
4 33 312
33 4 312
4 28 57
28 4 57
4 14 890
14 4 890
4 4 537
4 4 537
4 34 609
34 4 609
4 27 184
27 4 184
5 28 812
28 5 812
5 35 217
35 5 217
5 24 174
24 5 174
5 7 789
7 5 789
5 24 79
24 5 79
5 27 662
27 5 662
6 8 131
8 6 131
6 9 900
9 6 900
6 27 628
27 6 628
6 11 461
11 6 461
6 10 375
10 6 375
6 29 429
29 6 429
6 18 399
18 6 399
6 22 409
22 6 409
6 37 993
37 6 993
6 8 191
8 6 191
6 16 402
16 6 402
6 35 660
35 6 660
7 10 838
10 7 838
7 22 46
22 7 46
7 37 4
37 7 4
7 40 331
40 7 331
7 38 601
38 7 601
7 22 740
22 7 740
7 35 198
35 7 198
7 41 335
41 7 335
7 24 714
24 7 714
7 28 808
28 7 808
7 41 506
41 7 506
7 31 692
31 7 692
7 19 772
19 7 772
8 20 940
20 8 940
8 40 92
40 8 92
8 25 631
25 8 631
8 23 514
23 8 514
8 13 212
13 8 212
8 28 421
28 8 421
8 31 708
31 8 708
8 8 893
8 8 893
8 10 964
10 8 964
8 41 251
41 8 251
8 36 939
36 8 939
8 34 2
34 8 2
8 15 558
15 8 558
8 27 452
27 8 452
9 11 172
11 9 172
9 13 136
13 9 136
9 39 432
39 9 432
9 29 988
29 9 988
9 17 30
17 9 30
9 31 861
31 9 861
9 9 986
9 9 986
9 16 691
16 9 691
9 32 669
32 9 669
9 41 996
41 9 996
9 23 599
23 9 599
9 20 664
20 9 664
9 27 539
27 9 539
9 40 782
40 9 782
10 17 107
17 10 107
10 25 631
25 10 631
10 31 442
31 10 442
10 21 896
21 10 896
10 30 735
30 10 735
10 41 397
41 10 397
11 23 255
23 11 255
11 36 668
36 11 668
11 40 658
40 11 658
11 37 379
37 11 379
11 18 990
18 11 990
11 30 350
30 11 350
11 16 691
16 11 691
11 37 731
37 11 731
12 29 424
29 12 424
12 20 931
20 12 931
12 21 191
21 12 191
12 12 439
12 12 439
13 27 28
27 13 28
13 37 847
37 13 847
13 24 351
24 13 351
13 29 105
29 13 105
14 22 196
22 14 196
14 20 712
20 14 712
14 39 124
39 14 124
14 34 754
34 14 754
14 34 585
34 14 585
15 21 553
21 15 553
15 22 153
22 15 153
15 38 234
38 15 234
15 32 18
32 15 18
15 39 643
39 15 643
15 17 962
17 15 962
16 40 979
40 16 979
16 31 758
31 16 758
16 21 538
21 16 538
16 26 315
26 16 315
16 23 358
23 16 358
17 24 931
24 17 931
17 38 548
38 17 548
17 30 93
30 17 93
17 41 576
41 17 576
17 22 376
22 17 376
17 26 352
26 17 352
17 33 812
33 17 812
18 21 261
21 18 261
18 29 64
29 18 64
18 31 553
31 18 553
18 23 982
23 18 982
18 36 783
36 18 783
18 37 320
37 18 320
18 23 919
23 18 919
18 37 265
37 18 265
19 27 56
27 19 56
19 39 654
39 19 654
19 40 865
40 19 865
19 23 58
23 19 58
20 25 585
25 20 585
20 41 215
41 20 215
20 23 873
23 20 873
20 36 120
36 20 120
20 37 812
37 20 812
20 25 383
25 20 383
20 21 667
21 20 667
21 26 598
26 21 598
21 41 209
41 21 209
21 39 403
39 21 403
21 24 10
24 21 10
21 35 409
35 21 409
22 24 537
24 22 537
22 22 847
22 22 847
22 36 324
36 22 324
22 37 152
37 22 152
22 27 527
27 22 527
23 29 135
29 23 135
23 24 984
24 23 984
24 34 244
34 24 244
24 32 324
32 24 324
24 29 829
29 24 829
25 34 708
34 25 708
25 40 475
40 25 475
26 34 410
34 26 410
26 37 78
37 26 78
26 36 833
36 26 833
26 33 89
33 26 89
26 35 934
35 26 934
26 32 175
32 26 175
26 39 64
39 26 64
27 30 667
30 27 667
27 32 418
32 27 418
27 28 958
28 27 958
28 40 808
40 28 808
28 33 824
33 28 824
28 38 635
38 28 635
29 40 831
40 29 831
29 41 693
41 29 693
29 36 645
36 29 645
30 38 267
38 30 267
30 32 741
32 30 741
30 34 55
34 30 55
31 33 355
33 31 355
31 37 163
37 31 163
31 32 382
32 31 382
31 40 830
40 31 830
32 34 706
34 32 706
33 39 73
39 33 73
33 36 687
36 33 687
34 41 277
41 34 277
34 37 95
37 34 95
35 38 681
38 35 681
35 38 483
38 35 483
36 40 675
40 36 675
36 36 704
36 36 704
37 40 876
40 37 876
38 38 543
38 38 543
41 41 980
41 41 980
