74

0 1 868
1 0 868
0 20 83
20 0 83
0 62 713
62 0 713
0 35 3
35 0 3
1 2 939
2 1 939
1 6 556
6 1 556
1 8 398
8 1 398
1 40 169
40 1 169
1 47 153
47 1 153
1 15 664
15 1 664
1 35 53
35 1 53
1 19 902
19 1 902
2 3 679
3 2 679
2 5 311
5 2 311
2 7 571
7 2 571
2 39 586
39 2 586
2 8 45
8 2 45
3 4 724
4 3 724
3 9 245
9 3 245
3 41 678
41 3 678
3 14 627
14 3 627
3 32 533
32 3 533
4 57 591
57 4 591
4 38 689
38 4 689
4 38 668
38 4 668
4 30 269
30 4 269
4 65 267
65 4 267
5 12 923
12 5 923
5 48 265
48 5 265
5 48 326
48 5 326
5 62 229
62 5 229
5 21 150
21 5 150
5 45 10
45 5 10
5 52 950
52 5 950
6 16 661
16 6 661
6 60 801
60 6 801
6 42 223
42 6 223
6 65 145
65 6 145
6 73 818
73 6 818
7 59 822
59 7 822
7 11 240
11 7 240
7 55 50
55 7 50
7 29 223
29 7 223
8 10 579
10 8 579
8 11 123
11 8 123
8 14 385
14 8 385
8 25 121
25 8 121
8 38 249
38 8 249
8 35 553
35 8 553
9 18 846
18 9 846
9 23 629
23 9 629
9 16 178
16 9 178
9 23 725
23 9 725
9 30 995
30 9 995
9 12 144
12 9 144
9 47 318
47 9 318
10 21 607
21 10 607
10 35 146
35 10 146
10 53 387
53 10 387
10 53 847
53 10 847
11 13 664
13 11 664
11 15 811
15 11 811
11 41 733
41 11 733
11 68 1000
68 11 1000
11 62 384
62 11 384
11 13 238
13 11 238
11 56 266
56 11 266
12 19 700
19 12 700
12 46 539
46 12 539
13 38 155
38 13 155
13 55 360
55 13 360
13 63 719
63 13 719
13 32 890
32 13 890
14 24 802
24 14 802
14 58 274
58 14 274
14 67 464
67 14 464
14 59 834
59 14 834
14 27 198
27 14 198
14 59 776
59 14 776
15 17 41
17 15 41
15 34 862
34 15 862
15 37 980
37 15 980
15 39 411
39 15 411
16 27 261
27 16 261
16 65 415
65 16 415
16 64 936
64 16 936
17 36 171
36 17 171
17 33 746
33 17 746
17 35 406
35 17 406
17 73 778
73 17 778
18 22 925
22 18 925
18 62 207
62 18 207
19 28 861
28 19 861
19 69 990
69 19 990
19 48 224
48 19 224
19 43 242
43 19 242
19 73 264
73 19 264
20 59 584
59 20 584
21 31 805
31 21 805
21 72 171
72 21 171
21 25 989
25 21 989
22 23 269
23 22 269
22 70 646
70 22 646
22 28 159
28 22 159
22 56 381
56 22 381
23 29 249
29 23 249
23 64 132
64 23 132
23 36 486
36 23 486
24 43 394
43 24 394
24 64 493
64 24 493
24 58 773
58 24 773
24 34 402
34 24 402
25 26 452
26 25 452
25 39 249
39 25 249
25 52 318
52 25 318
25 67 174
67 25 174
25 29 396
29 25 396
25 72 725
72 25 725
26 51 393
51 26 393
26 30 911
30 26 911
26 40 144
40 26 144
27 30 715
30 27 715
27 33 740
33 27 740
27 44 187
44 27 187
27 58 957
58 27 957
28 67 384
67 28 384
28 58 777
58 28 777
28 48 762
48 28 762
29 32 759
32 29 759
29 42 821
42 29 821
29 59 248
59 29 248
29 46 384
46 29 384
29 48 983
48 29 983
30 66 378
66 30 378
30 44 14
44 30 14
30 48 830
48 30 830
30 33 297
33 30 297
30 35 665
35 30 665
32 58 208
58 32 208
32 56 602
56 32 602
33 45 856
45 33 856
33 48 652
48 33 652
33 69 564
69 33 564
33 43 793
43 33 793
33 58 916
58 33 916
34 40 333
40 34 333
34 64 711
64 34 711
34 67 105
67 34 105
35 56 522
56 35 522
37 55 429
55 37 429
38 53 947
53 38 947
39 41 13
41 39 13
39 63 531
63 39 531
40 73 828
73 40 828
40 41 834
41 40 834
40 72 884
72 40 884
40 47 613
47 40 613
41 44 132
44 41 132
41 49 277
49 41 277
41 54 296
54 41 296
42 59 492
59 42 492
42 67 753
67 42 753
42 53 528
53 42 528
42 61 96
61 42 96
43 50 933
50 43 933
44 44 728
44 44 728
44 51 65
51 44 65
45 46 732
46 45 732
45 48 136
48 45 136
45 68 284
68 45 284
45 59 894
59 45 894
45 57 22
57 45 22
46 50 360
50 46 360
46 56 710
56 46 710
46 71 699
71 46 699
46 54 267
54 46 267
48 56 369
56 48 369
49 67 477
67 49 477
50 63 781
63 50 781
50 65 192
65 50 192
50 61 126
61 50 126
50 71 346
71 50 346
51 64 781
64 51 781
52 61 792
61 52 792
52 73 289
73 52 289
52 57 897
57 52 897
53 60 7
60 53 7
53 65 670
65 53 670
54 70 239
70 54 239
55 66 122
66 55 122
55 69 544
69 55 544
56 63 618
63 56 618
57 62 395
62 57 395
57 62 337
62 57 337
59 63 565
63 59 565
60 65 494
65 60 494
61 69 763
69 61 763
61 68 630
68 61 630
62 66 299
66 62 299
63 66 405
66 63 405
67 71 746
71 67 746
70 71 9
71 70 9
