17

0 1 903
1 0 903
0 3 441
3 0 441
0 4 347
4 0 347
0 10 401
10 0 401
0 12 803
12 0 803
1 2 443
2 1 443
1 5 157
5 1 157
1 15 53
15 1 53
3 6 306
6 3 306
3 11 564
11 3 564
3 12 80
12 3 80
3 13 360
13 3 360
4 7 928
7 4 928
4 8 108
8 4 108
5 11 719
11 5 719
6 9 967
9 6 967
9 15 472
15 9 472
9 10 398
10 9 398
11 13 954
13 11 954
13 14 559
14 13 559
14 15 318
15 14 318
15 16 305
16 15 305
15 15 793
15 15 793
