44

0 1 217
1 0 217
0 3 540
3 0 540
0 4 158
4 0 158
0 5 712
5 0 712
0 7 871
7 0 871
0 24 245
24 0 245
0 27 594
27 0 594
0 2 606
2 0 606
1 2 441
2 1 441
1 31 643
31 1 643
1 13 116
13 1 116
1 17 326
17 1 326
1 14 494
14 1 494
2 6 573
6 2 573
2 8 807
8 2 807
2 34 342
34 2 342
2 13 129
13 2 129
2 12 668
12 2 668
3 13 971
13 3 971
3 26 91
26 3 91
3 29 897
29 3 897
3 29 218
29 3 218
4 9 142
9 4 142
4 22 149
22 4 149
5 10 623
10 5 623
6 11 505
11 6 505
7 12 26
12 7 26
7 23 608
23 7 608
7 41 411
41 7 411
9 25 452
25 9 452
9 43 371
43 9 371
10 15 379
15 10 379
10 33 871
33 10 871
11 16 59
16 11 59
11 30 832
30 11 832
11 11 960
11 11 960
11 28 668
28 11 668
12 17 910
17 12 910
12 40 415
40 12 415
13 14 653
14 13 653
13 31 934
31 13 934
14 19 899
19 14 899
14 36 339
36 14 339
14 33 620
33 14 620
15 18 775
18 15 775
15 20 164
20 15 164
15 28 447
28 15 447
16 35 201
35 16 201
17 32 612
32 17 612
17 32 811
32 17 811
18 21 60
21 18 60
18 32 918
32 18 918
19 34 883
34 19 883
21 26 173
26 21 173
24 26 302
26 24 302
27 41 334
41 27 334
28 43 415
43 28 415
30 42 435
42 30 435
32 38 671
38 32 671
32 41 531
41 32 531
34 39 434
39 34 434
36 37 555
37 36 555
40 43 62
43 40 62
