93

0 1 243
1 0 243
0 36 406
36 0 406
0 78 611
78 0 611
0 56 498
56 0 498
0 56 489
56 0 489
0 23 668
23 0 668
0 80 315
80 0 315
0 15 773
15 0 773
0 70 823
70 0 823
0 22 672
22 0 672
0 64 138
64 0 138
0 36 788
36 0 788
1 2 403
2 1 403
1 3 217
3 1 217
1 4 453
4 1 453
1 80 764
80 1 764
1 35 287
35 1 287
1 41 881
41 1 881
1 33 56
33 1 56
1 5 721
5 1 721
1 21 656
21 1 656
2 6 387
6 2 387
2 10 23
10 2 23
2 11 251
11 2 251
2 14 213
14 2 213
2 30 940
30 2 940
2 40 298
40 2 298
2 49 458
49 2 458
2 15 150
15 2 150
2 75 219
75 2 219
2 24 34
24 2 34
2 75 729
75 2 729
3 12 647
12 3 647
3 29 393
29 3 393
3 59 617
59 3 617
3 7 841
7 3 841
3 30 61
30 3 61
3 13 495
13 3 495
3 18 436
18 3 436
3 73 990
73 3 990
3 25 565
25 3 565
4 5 880
5 4 880
4 91 457
91 4 457
4 65 548
65 4 548
4 43 424
43 4 424
5 7 519
7 5 519
5 31 646
31 5 646
5 10 169
10 5 169
5 28 94
28 5 94
5 63 725
63 5 725
5 50 102
50 5 102
5 14 559
14 5 559
5 15 764
15 5 764
5 38 506
38 5 506
5 76 72
76 5 72
5 91 882
91 5 882
5 43 620
43 5 620
5 54 360
54 5 360
5 41 883
41 5 883
5 19 55
19 5 55
6 8 855
8 6 855
6 13 748
13 6 748
6 76 599
76 6 599
6 86 191
86 6 191
6 67 910
67 6 910
6 70 167
70 6 167
6 15 669
15 6 669
6 89 437
89 6 437
6 57 463
57 6 463
7 9 942
9 7 942
7 16 597
16 7 597
7 20 419
20 7 419
7 25 964
25 7 964
7 54 799
54 7 799
7 70 580
70 7 580
7 60 844
60 7 844
7 9 375
9 7 375
7 78 705
78 7 705
7 80 475
80 7 475
7 17 401
17 7 401
7 79 532
79 7 532
8 21 837
21 8 837
8 33 33
33 8 33
8 34 958
34 8 958
8 67 207
67 8 207
8 34 517
34 8 517
8 68 732
68 8 732
8 18 883
18 8 883
8 58 956
58 8 956
8 14 268
14 8 268
8 79 554
79 8 554
8 72 923
72 8 923
8 56 305
56 8 305
8 64 121
64 8 121
8 13 999
13 8 999
9 27 253
27 9 253
9 70 219
70 9 219
9 38 663
38 9 663
9 85 936
85 9 936
9 73 727
73 9 727
9 91 676
91 9 676
9 84 805
84 9 805
9 62 504
62 9 504
9 70 664
70 9 664
9 35 333
35 9 333
9 78 762
78 9 762
10 17 365
17 10 365
10 47 913
47 10 913
10 51 259
51 10 259
10 56 190
56 10 190
10 11 22
11 10 22
11 92 875
92 11 875
11 32 324
32 11 324
11 26 498
26 11 498
11 85 799
85 11 799
11 85 777
85 11 777
11 36 814
36 11 814
11 12 424
12 11 424
11 59 639
59 11 639
11 76 720
76 11 720
11 26 565
26 11 565
12 15 298
15 12 298
12 18 530
18 12 530
12 77 274
77 12 274
12 44 60
44 12 60
12 85 760
85 12 760
12 26 615
26 12 615
13 51 412
51 13 412
13 53 225
53 13 225
13 69 135
69 13 135
13 32 217
32 13 217
13 75 213
75 13 213
13 55 256
55 13 256
13 19 869
19 13 869
13 82 837
82 13 837
13 31 100
31 13 100
13 66 594
66 13 594
13 58 629
58 13 629
13 20 115
20 13 115
14 43 962
43 14 962
14 87 223
87 14 223
14 15 503
15 14 503
14 48 634
48 14 634
14 37 969
37 14 969
15 24 167
24 15 167
15 76 957
76 15 957
15 41 125
41 15 125
15 77 616
77 15 616
15 72 615
72 15 615
15 88 673
88 15 673
15 49 570
49 15 570
15 33 5
33 15 5
15 77 794
77 15 794
16 75 235
75 16 235
16 58 131
58 16 131
16 47 364
47 16 364
16 64 635
64 16 635
16 86 988
86 16 988
16 22 615
22 16 615
16 60 545
60 16 545
16 18 960
18 16 960
17 23 663
23 17 663
17 50 222
50 17 222
17 82 682
82 17 682
17 64 977
64 17 977
17 17 658
17 17 658
17 47 54
47 17 54
17 76 180
76 17 180
17 88 474
88 17 474
17 43 544
43 17 544
17 61 216
61 17 216
18 19 737
19 18 737
18 69 882
69 18 882
18 36 505
36 18 505
18 21 253
21 18 253
18 57 484
57 18 484
19 21 939
21 19 939
19 69 54
69 19 54
19 77 458
77 19 458
19 85 389
85 19 389
19 91 379
91 19 379
19 78 439
78 19 439
19 85 326
85 19 326
20 64 762
64 20 762
20 84 758
84 20 758
20 70 229
70 20 229
20 57 866
57 20 866
20 56 95
56 20 95
21 22 177
22 21 177
21 35 398
35 21 398
21 53 303
53 21 303
21 39 780
39 21 780
21 34 18
34 21 18
21 59 942
59 21 942
21 51 374
51 21 374
21 76 857
76 21 857
21 70 525
70 21 525
21 36 859
36 21 859
22 38 630
38 22 630
22 46 24
46 22 24
22 38 331
38 22 331
22 82 685
82 22 685
22 71 64
71 22 64
22 52 798
52 22 798
23 26 629
26 23 629
23 72 711
72 23 711
23 88 957
88 23 957
23 37 581
37 23 581
23 67 939
67 23 939
23 24 902
24 23 902
24 42 23
42 24 23
24 58 294
58 24 294
24 61 312
61 24 312
24 46 521
46 24 521
25 32 666
32 25 666
25 63 182
63 25 182
25 73 112
73 25 112
25 86 877
86 25 877
25 65 779
65 25 779
25 73 199
73 25 199
25 33 697
33 25 697
26 75 221
75 26 221
26 40 744
40 26 744
26 79 595
79 26 595
26 91 14
91 26 14
27 28 634
28 27 634
27 68 769
68 27 769
27 68 247
68 27 247
27 87 799
87 27 799
27 53 791
53 27 791
28 37 148
37 28 148
28 48 847
48 28 847
28 56 618
56 28 618
28 82 323
82 28 323
28 44 236
44 28 236
28 76 769
76 28 769
28 70 39
70 28 39
28 92 89
92 28 89
29 88 617
88 29 617
29 89 450
89 29 450
29 30 46
30 29 46
29 78 181
78 29 181
30 45 379
45 30 379
30 79 578
79 30 578
30 34 541
34 30 541
30 31 42
31 30 42
30 90 620
90 30 620
30 47 873
47 30 873
31 59 163
59 31 163
31 77 484
77 31 484
31 40 355
40 31 355
31 58 895
58 31 895
31 32 89
32 31 89
31 46 49
46 31 49
31 53 31
53 31 31
31 72 757
72 31 757
31 89 280
89 31 280
32 75 899
75 32 899
33 83 331
83 33 331
33 78 30
78 33 30
33 50 677
50 33 677
33 43 903
43 33 903
33 50 31
50 33 31
33 44 19
44 33 19
33 81 801
81 33 801
33 80 3
80 33 3
34 65 521
65 34 521
34 76 833
76 34 833
34 55 742
55 34 742
34 77 908
77 34 908
34 79 392
79 34 392
35 41 541
41 35 541
35 66 557
66 35 557
35 81 164
81 35 164
36 52 800
52 36 800
36 57 719
57 36 719
36 75 823
75 36 823
36 82 201
82 36 201
37 39 153
39 37 153
37 51 961
51 37 961
37 51 376
51 37 376
37 45 742
45 37 742
37 64 148
64 37 148
37 59 743
59 37 743
37 80 599
80 37 599
37 71 337
71 37 337
37 51 538
51 37 538
38 44 889
44 38 889
38 50 209
50 38 209
38 47 807
47 38 807
38 72 190
72 38 190
38 75 52
75 38 52
39 58 408
58 39 408
39 41 626
41 39 626
39 52 9
52 39 9
39 45 346
45 39 346
39 68 829
68 39 829
39 89 176
89 39 176
40 75 800
75 40 800
40 40 198
40 40 198
40 75 162
75 40 162
40 74 777
74 40 777
40 64 66
64 40 66
41 91 599
91 41 599
41 61 551
61 41 551
41 60 811
60 41 811
42 82 414
82 42 414
42 58 580
58 42 580
42 61 442
61 42 442
43 81 192
81 43 192
43 88 149
88 43 149
43 65 281
65 43 281
43 62 582
62 43 582
43 51 391
51 43 391
43 73 457
73 43 457
44 53 455
53 44 455
45 62 777
62 45 777
45 72 307
72 45 307
45 56 586
56 45 586
45 47 933
47 45 933
45 50 829
50 45 829
45 62 225
62 45 225
46 91 171
91 46 171
46 61 25
61 46 25
47 68 175
68 47 175
47 57 617
57 47 617
48 62 762
62 48 762
48 78 626
78 48 626
48 87 149
87 48 149
48 57 835
57 48 835
48 91 556
91 48 556
48 56 341
56 48 341
49 50 926
50 49 926
49 60 248
60 49 248
49 75 630
75 49 630
49 66 678
66 49 678
49 51 5
51 49 5
49 88 144
88 49 144
49 66 455
66 49 455
49 49 792
49 49 792
50 71 982
71 50 982
50 82 901
82 50 901
50 90 374
90 50 374
50 71 369
71 50 369
51 60 1
60 51 1
51 55 891
55 51 891
52 92 554
92 52 554
52 61 742
61 52 742
53 55 658
55 53 658
53 85 601
85 53 601
53 76 407
76 53 407
54 56 528
56 54 528
54 61 187
61 54 187
54 79 280
79 54 280
54 92 180
92 54 180
54 84 669
84 54 669
55 87 306
87 55 306
55 74 883
74 55 883
55 67 971
67 55 971
55 60 278
60 55 278
55 76 947
76 55 947
56 88 173
88 56 173
56 57 788
57 56 788
56 73 209
73 56 209
56 75 645
75 56 645
56 63 526
63 56 526
58 82 45
82 58 45
58 86 326
86 58 326
59 90 891
90 59 891
59 89 197
89 59 197
59 82 329
82 59 329
60 77 685
77 60 685
60 66 254
66 60 254
61 74 543
74 61 543
61 64 603
64 61 603
62 73 676
73 62 676
62 89 770
89 62 770
62 63 61
63 62 61
62 71 944
71 62 944
64 89 94
89 64 94
64 85 770
85 64 770
64 77 272
77 64 272
65 78 214
78 65 214
65 86 982
86 65 982
65 72 626
72 65 626
66 80 401
80 66 401
67 92 552
92 67 552
67 80 45
80 67 45
69 80 843
80 69 843
69 84 417
84 69 417
69 84 729
84 69 729
69 86 515
86 69 515
70 92 904
92 70 904
71 86 58
86 71 58
72 73 242
73 72 242
74 80 492
80 74 492
74 82 53
82 74 53
75 83 833
83 75 833
76 90 550
90 76 550
76 88 390
88 76 390
76 85 482
85 76 482
77 90 844
90 77 844
78 83 18
83 78 18
79 89 381
89 79 381
79 83 39
83 79 39
80 90 46
90 80 46
81 91 975
91 81 975
81 89 103
89 81 103
81 87 592
87 81 592
82 87 237
87 82 237
84 86 566
86 84 566
84 88 302
88 84 302
87 91 588
91 87 588
87 87 915
87 87 915
90 92 144
92 90 144
