94

0 1 464
1 0 464
0 77 776
77 0 776
0 86 485
86 0 485
0 52 962
52 0 962
0 22 424
22 0 424
0 75 755
75 0 755
0 1 578
1 0 578
0 67 657
67 0 657
0 89 465
89 0 465
0 33 787
33 0 787
0 84 311
84 0 311
0 71 811
71 0 811
0 24 92
24 0 92
0 7 501
7 0 501
0 50 166
50 0 166
0 71 189
71 0 189
0 16 233
16 0 233
0 7 38
7 0 38
0 83 1
83 0 1
0 73 676
73 0 676
1 2 536
2 1 536
1 3 605
3 1 605
1 16 73
16 1 73
1 76 715
76 1 715
1 76 568
76 1 568
1 48 588
48 1 588
1 82 89
82 1 89
1 4 985
4 1 985
1 71 663
71 1 663
1 23 814
23 1 814
1 20 661
20 1 661
1 56 492
56 1 492
1 34 519
34 1 519
1 84 805
84 1 805
1 23 525
23 1 525
1 21 717
21 1 717
2 4 773
4 2 773
2 5 641
5 2 641
2 13 285
13 2 285
2 14 776
14 2 776
2 17 326
17 2 326
2 88 417
88 2 417
2 85 592
85 2 592
2 86 578
86 2 578
2 56 358
56 2 358
2 79 476
79 2 476
2 49 646
49 2 646
2 17 681
17 2 681
2 3 558
3 2 558
2 28 770
28 2 770
2 55 371
55 2 371
2 77 511
77 2 511
2 24 533
24 2 533
2 35 920
35 2 920
2 35 948
35 2 948
3 43 444
43 3 444
3 54 178
54 3 178
3 46 81
46 3 81
3 74 508
74 3 508
3 27 393
27 3 393
3 74 899
74 3 899
3 44 366
44 3 366
3 24 237
24 3 237
3 12 183
12 3 183
3 86 772
86 3 772
4 6 974
6 4 974
4 38 899
38 4 899
4 82 337
82 4 337
4 50 937
50 4 937
4 52 688
52 4 688
4 27 485
27 4 485
4 66 518
66 4 518
4 28 377
28 4 377
4 35 744
35 4 744
4 63 682
63 4 682
4 16 791
16 4 791
4 20 188
20 4 188
4 33 889
33 4 889
4 53 851
53 4 851
4 51 247
51 4 247
4 31 229
31 4 229
4 75 595
75 4 595
4 18 729
18 4 729
4 58 452
58 4 452
4 30 68
30 4 68
5 7 575
7 5 575
5 12 856
12 5 856
5 24 795
24 5 795
5 67 409
67 5 409
5 8 275
8 5 275
5 28 402
28 5 402
5 63 663
63 5 663
5 50 182
50 5 182
5 43 449
43 5 449
5 93 423
93 5 423
5 54 973
54 5 973
5 51 443
51 5 443
5 39 664
39 5 664
5 6 925
6 5 925
5 62 476
62 5 476
6 8 624
8 6 624
6 67 450
67 6 450
6 43 983
43 6 983
6 48 756
48 6 756
6 32 680
32 6 680
6 38 83
38 6 83
6 39 71
39 6 71
6 16 320
16 6 320
6 22 816
22 6 816
6 87 269
87 6 269
6 32 19
32 6 19
6 92 14
92 6 14
6 18 742
18 6 742
6 39 822
39 6 822
6 72 331
72 6 331
7 9 286
9 7 286
7 10 821
10 7 821
7 21 968
21 7 968
7 60 415
60 7 415
7 73 153
73 7 153
7 47 773
47 7 773
7 80 654
80 7 654
7 29 918
29 7 918
7 85 469
85 7 469
7 86 466
86 7 466
7 65 415
65 7 415
7 86 407
86 7 407
7 73 67
73 7 67
7 38 845
38 7 845
7 53 949
53 7 949
7 51 622
51 7 622
7 38 202
38 7 202
8 11 781
11 8 781
8 66 356
66 8 356
8 60 442
60 8 442
8 38 278
38 8 278
8 43 842
43 8 842
8 38 674
38 8 674
8 11 754
11 8 754
8 87 49
87 8 49
8 84 241
84 8 241
9 25 464
25 9 464
9 36 42
36 9 42
9 55 30
55 9 30
9 83 960
83 9 960
9 36 756
36 9 756
9 83 233
83 9 233
9 69 19
69 9 19
9 31 67
31 9 67
9 45 538
45 9 538
9 35 845
35 9 845
9 82 158
82 9 158
9 53 323
53 9 323
9 44 561
44 9 561
9 46 937
46 9 937
9 34 799
34 9 799
9 44 846
44 9 846
9 72 129
72 9 129
9 76 342
76 9 342
9 88 90
88 9 90
9 64 821
64 9 821
9 45 642
45 9 642
9 58 872
58 9 872
10 18 329
18 10 329
10 26 239
26 10 239
10 82 47
82 10 47
10 24 273
24 10 273
10 77 219
77 10 219
10 14 908
14 10 908
10 31 456
31 10 456
10 86 270
86 10 270
10 19 999
19 10 999
10 44 193
44 10 193
10 43 416
43 10 416
10 80 976
80 10 976
11 65 699
65 11 699
11 46 963
46 11 963
11 38 197
38 11 197
11 17 713
17 11 713
11 57 308
57 11 308
11 12 717
12 11 717
11 67 721
67 11 721
11 64 760
64 11 760
11 11 714
11 11 714
11 47 216
47 11 216
11 89 61
89 11 61
11 69 136
69 11 136
11 22 262
22 11 262
11 68 441
68 11 441
11 17 871
17 11 871
12 20 551
20 12 551
12 34 932
34 12 932
12 39 908
39 12 908
12 86 757
86 12 757
12 21 280
21 12 280
12 86 676
86 12 676
12 87 243
87 12 243
12 77 50
77 12 50
12 22 757
22 12 757
12 55 73
55 12 73
12 27 762
27 12 762
12 81 217
81 12 217
12 31 930
31 12 930
12 14 264
14 12 264
12 28 275
28 12 275
12 90 304
90 12 304
12 48 112
48 12 112
12 68 339
68 12 339
12 46 97
46 12 97
12 40 132
40 12 132
12 22 855
22 12 855
12 41 13
41 12 13
12 58 174
58 12 174
12 64 555
64 12 555
12 15 535
15 12 535
13 30 362
30 13 362
13 22 475
22 13 475
13 24 252
24 13 252
13 14 789
14 13 789
13 64 373
64 13 373
14 15 967
15 14 967
14 73 350
73 14 350
14 87 546
87 14 546
14 90 821
90 14 821
14 75 416
75 14 416
14 19 101
19 14 101
14 70 1000
70 14 1000
14 29 686
29 14 686
14 60 418
60 14 418
14 20 177
20 14 177
14 66 950
66 14 950
14 51 189
51 14 189
14 57 774
57 14 774
14 87 108
87 14 108
15 17 990
17 15 990
15 69 184
69 15 184
15 85 164
85 15 164
15 23 646
23 15 646
15 79 633
79 15 633
15 43 130
43 15 130
15 33 46
33 15 46
15 17 321
17 15 321
15 33 745
33 15 745
16 48 197
48 16 197
16 52 990
52 16 990
16 71 219
71 16 219
16 78 618
78 16 618
16 19 680
19 16 680
16 28 928
28 16 928
16 68 588
68 16 588
16 47 484
47 16 484
16 30 348
30 16 348
16 70 267
70 16 267
16 39 277
39 16 277
16 60 798
60 16 798
16 40 350
40 16 350
16 78 341
78 16 341
16 76 760
76 16 760
16 61 517
61 16 517
16 75 978
75 16 978
16 59 409
59 16 409
17 85 670
85 17 670
17 58 73
58 17 73
17 74 704
74 17 704
17 54 567
54 17 567
17 30 808
30 17 808
17 40 637
40 17 637
17 20 696
20 17 696
17 60 95
60 17 95
17 22 761
22 17 761
17 28 380
28 17 380
17 58 692
58 17 692
18 19 455
19 18 455
18 22 290
22 18 290
18 27 878
27 18 878
18 81 421
81 18 421
18 31 542
31 18 542
18 57 155
57 18 155
18 45 829
45 18 829
18 89 154
89 18 154
18 78 19
78 18 19
18 38 481
38 18 481
18 21 688
21 18 688
18 66 333
66 18 333
18 48 245
48 18 245
18 88 264
88 18 264
18 71 118
71 18 118
19 45 934
45 19 934
19 70 758
70 19 758
19 19 800
19 19 800
19 83 688
83 19 688
19 52 173
52 19 173
19 71 921
71 19 921
19 38 517
38 19 517
19 92 750
92 19 750
19 57 367
57 19 367
19 30 797
30 19 797
19 43 896
43 19 896
19 74 347
74 19 347
19 39 97
39 19 97
19 71 134
71 19 134
19 23 475
23 19 475
19 51 877
51 19 877
19 30 419
30 19 419
20 28 845
28 20 845
20 56 557
56 20 557
20 58 562
58 20 562
20 67 950
67 20 950
20 32 531
32 20 531
20 54 935
54 20 935
20 52 299
52 20 299
20 33 809
33 20 809
20 79 30
79 20 30
20 75 4
75 20 4
20 64 714
64 20 714
20 60 984
60 20 984
20 25 614
25 20 614
20 69 28
69 20 28
20 49 872
49 20 872
20 68 740
68 20 740
20 71 846
71 20 846
20 67 558
67 20 558
20 89 420
89 20 420
21 30 983
30 21 983
21 87 110
87 21 110
21 64 924
64 21 924
21 53 663
53 21 663
21 58 945
58 21 945
21 68 899
68 21 899
21 48 542
48 21 542
21 86 605
86 21 605
21 28 314
28 21 314
21 37 359
37 21 359
21 68 261
68 21 261
21 75 445
75 21 445
21 88 678
88 21 678
22 23 543
23 22 543
22 40 638
40 22 638
22 63 642
63 22 642
22 90 461
90 22 461
22 54 728
54 22 728
22 93 227
93 22 227
22 83 504
83 22 504
22 39 549
39 22 549
22 78 650
78 22 650
22 63 201
63 22 201
22 59 219
59 22 219
22 91 42
91 22 42
22 83 744
83 22 744
22 53 694
53 22 694
22 71 738
71 22 738
22 49 369
49 22 369
22 55 20
55 22 20
23 49 444
49 23 444
23 88 43
88 23 43
23 37 187
37 23 187
23 68 171
68 23 171
23 70 700
70 23 700
23 72 102
72 23 102
23 78 692
78 23 692
23 38 639
38 23 639
23 60 423
60 23 423
23 61 969
61 23 969
23 49 317
49 23 317
23 33 860
33 23 860
23 53 301
53 23 301
23 23 968
23 23 968
23 64 447
64 23 447
23 68 346
68 23 346
23 53 368
53 23 368
24 37 168
37 24 168
24 49 936
49 24 936
24 48 782
48 24 782
24 46 231
46 24 231
24 25 393
25 24 393
24 57 410
57 24 410
24 68 767
68 24 767
24 74 584
74 24 584
24 65 867
65 24 867
24 44 565
44 24 565
24 56 571
56 24 571
25 35 779
35 25 779
25 71 607
71 25 607
25 92 48
92 25 48
25 91 30
91 25 30
25 33 657
33 25 657
25 35 93
35 25 93
25 36 273
36 25 273
25 51 115
51 25 115
25 51 663
51 25 663
25 72 705
72 25 705
25 93 491
93 25 491
25 76 913
76 25 913
25 49 191
49 25 191
26 79 952
79 26 952
26 66 984
66 26 984
26 58 20
58 26 20
26 85 509
85 26 509
26 87 277
87 26 277
26 43 987
43 26 987
26 53 288
53 26 288
26 35 723
35 26 723
27 29 904
29 27 904
27 42 307
42 27 307
27 35 804
35 27 804
27 51 518
51 27 518
27 45 426
45 27 426
27 82 904
82 27 904
27 27 247
27 27 247
27 62 827
62 27 827
27 41 761
41 27 761
27 62 897
62 27 897
27 65 68
65 27 68
27 67 701
67 27 701
27 51 280
51 27 280
28 31 862
31 28 862
28 32 274
32 28 274
28 67 738
67 28 738
28 34 317
34 28 317
28 49 753
49 28 753
28 53 111
53 28 111
28 63 379
63 28 379
28 31 310
31 28 310
28 83 455
83 28 455
28 56 147
56 28 147
28 64 949
64 28 949
28 50 938
50 28 938
28 59 769
59 28 769
28 74 795
74 28 795
28 85 677
85 28 677
28 47 901
47 28 901
28 33 897
33 28 897
29 53 425
53 29 425
29 61 586
61 29 586
29 49 812
49 29 812
29 86 782
86 29 782
29 67 566
67 29 566
29 54 487
54 29 487
29 57 579
57 29 579
29 51 963
51 29 963
29 53 297
53 29 297
29 32 387
32 29 387
29 76 76
76 29 76
29 79 989
79 29 989
29 49 183
49 29 183
29 32 919
32 29 919
30 46 525
46 30 525
30 40 811
40 30 811
30 81 718
81 30 718
30 65 924
65 30 924
30 51 419
51 30 419
30 50 782
50 30 782
30 31 790
31 30 790
30 34 380
34 30 380
30 85 396
85 30 396
30 63 697
63 30 697
30 32 952
32 30 952
30 69 928
69 30 928
30 38 486
38 30 486
31 33 41
33 31 41
31 55 297
55 31 297
31 71 899
71 31 899
31 75 130
75 31 130
31 91 553
91 31 553
31 93 541
93 31 541
31 66 625
66 31 625
31 70 326
70 31 326
31 89 650
89 31 650
31 77 326
77 31 326
31 42 445
42 31 445
31 46 121
46 31 121
31 80 88
80 31 88
32 41 157
41 32 157
32 57 873
57 32 873
32 64 333
64 32 333
32 40 416
40 32 416
32 77 461
77 32 461
32 79 863
79 32 863
32 57 44
57 32 44
32 86 627
86 32 627
32 57 793
57 32 793
32 57 859
57 32 859
33 51 989
51 33 989
33 82 764
82 33 764
33 85 525
85 33 525
33 91 537
91 33 537
33 47 238
47 33 238
33 72 257
72 33 257
33 87 258
87 33 258
33 73 466
73 33 466
33 75 8
75 33 8
33 38 772
38 33 772
33 88 885
88 33 885
33 65 648
65 33 648
33 67 426
67 33 426
33 80 204
80 33 204
33 40 471
40 33 471
33 93 670
93 33 670
34 46 145
46 34 145
34 47 597
47 34 597
34 83 35
83 34 35
34 43 779
43 34 779
34 54 327
54 34 327
34 57 533
57 34 533
34 52 773
52 34 773
34 58 318
58 34 318
34 38 700
38 34 700
35 89 961
89 35 961
35 39 308
39 35 308
35 59 18
59 35 18
35 49 750
49 35 750
35 85 841
85 35 841
35 67 272
67 35 272
35 50 913
50 35 913
36 69 476
69 36 476
36 38 624
38 36 624
36 77 817
77 36 817
36 37 459
37 36 459
36 68 88
68 36 88
36 65 292
65 36 292
36 87 496
87 36 496
36 45 342
45 36 342
36 81 307
81 36 307
36 55 960
55 36 960
36 87 811
87 36 811
36 68 128
68 36 128
37 50 667
50 37 667
37 53 189
53 37 189
37 74 491
74 37 491
37 83 198
83 37 198
38 61 577
61 38 577
38 92 73
92 38 73
38 87 640
87 38 640
38 68 143
68 38 143
38 88 189
88 38 189
38 54 930
54 38 930
38 59 373
59 38 373
38 44 328
44 38 328
38 62 506
62 38 506
38 61 125
61 38 125
38 49 667
49 38 667
39 62 561
62 39 561
39 41 388
41 39 388
39 67 413
67 39 413
39 57 487
57 39 487
39 46 694
46 39 694
39 93 465
93 39 465
39 55 449
55 39 449
39 49 80
49 39 80
39 57 561
57 39 561
39 58 687
58 39 687
39 62 182
62 39 182
40 47 399
47 40 399
40 51 256
51 40 256
41 44 216
44 41 216
41 53 342
53 41 342
41 68 79
68 41 79
41 79 358
79 41 358
41 69 860
69 41 860
41 64 608
64 41 608
41 87 570
87 41 570
41 52 908
52 41 908
42 57 444
57 42 444
42 69 774
69 42 774
42 90 171
90 42 171
42 92 832
92 42 832
42 79 98
79 42 98
42 47 457
47 42 457
42 88 199
88 42 199
42 65 881
65 42 881
42 58 977
58 42 977
42 74 513
74 42 513
42 69 981
69 42 981
42 70 513
70 42 513
43 76 602
76 43 602
43 86 437
86 43 437
43 47 881
47 43 881
43 80 993
80 43 993
43 87 348
87 43 348
43 88 948
88 43 948
43 52 710
52 43 710
43 77 260
77 43 260
44 82 252
82 44 252
44 53 341
53 44 341
45 47 937
47 45 937
45 58 669
58 45 669
45 50 821
50 45 821
45 49 951
49 45 951
45 90 497
90 45 497
45 76 108
76 45 108
45 54 866
54 45 866
45 66 247
66 45 247
45 52 319
52 45 319
46 59 749
59 46 749
46 47 816
47 46 816
46 80 585
80 46 585
46 92 4
92 46 4
46 80 657
80 46 657
46 65 405
65 46 405
46 78 671
78 46 671
46 47 1
47 46 1
46 72 251
72 46 251
46 81 295
81 46 295
47 63 997
63 47 997
47 63 870
63 47 870
47 57 52
57 47 52
47 60 330
60 47 330
47 91 258
91 47 258
47 68 901
68 47 901
47 56 263
56 47 263
47 62 521
62 47 521
47 90 262
90 47 262
47 69 425
69 47 425
48 62 98
62 48 98
48 52 535
52 48 535
48 59 961
59 48 961
48 66 469
66 48 469
48 78 247
78 48 247
49 53 866
53 49 866
49 52 191
52 49 191
49 69 509
69 49 509
49 70 199
70 49 199
49 79 705
79 49 705
49 50 292
50 49 292
49 61 507
61 49 507
49 52 176
52 49 176
49 61 909
61 49 909
49 73 515
73 49 515
49 93 875
93 49 875
50 71 77
71 50 77
50 73 877
73 50 877
50 91 917
91 50 917
50 86 797
86 50 797
50 53 1
53 50 1
50 57 818
57 50 818
50 93 394
93 50 394
51 90 689
90 51 689
51 59 564
59 51 564
51 78 466
78 51 466
51 53 906
53 51 906
51 69 178
69 51 178
51 82 779
82 51 779
51 85 770
85 51 770
51 64 430
64 51 430
52 68 929
68 52 929
52 58 550
58 52 550
52 83 112
83 52 112
52 86 608
86 52 608
52 81 233
81 52 233
52 65 508
65 52 508
52 79 330
79 52 330
52 87 715
87 52 715
53 61 962
61 53 962
53 74 985
74 53 985
53 56 18
56 53 18
53 74 382
74 53 382
53 76 474
76 53 474
53 74 345
74 53 345
53 60 414
60 53 414
53 87 67
87 53 67
53 53 941
53 53 941
53 81 289
81 53 289
53 70 880
70 53 880
53 75 893
75 53 893
54 72 799
72 54 799
54 80 323
80 54 323
54 70 442
70 54 442
54 54 355
54 54 355
54 62 315
62 54 315
54 74 757
74 54 757
54 60 369
60 54 369
55 64 326
64 55 326
55 93 731
93 55 731
55 87 817
87 55 817
55 85 467
85 55 467
55 79 464
79 55 464
55 57 749
57 55 749
55 87 977
87 55 977
55 70 724
70 55 724
55 89 833
89 55 833
55 79 903
79 55 903
56 84 452
84 56 452
56 82 253
82 56 253
56 91 774
91 56 774
56 81 447
81 56 447
56 59 619
59 56 619
56 83 909
83 56 909
56 86 463
86 56 463
56 66 992
66 56 992
57 71 794
71 57 794
57 90 852
90 57 852
57 68 486
68 57 486
57 57 383
57 57 383
57 79 313
79 57 313
57 81 934
81 57 934
58 64 290
64 58 290
58 71 478
71 58 478
58 79 868
79 58 868
58 81 729
81 58 729
58 84 870
84 58 870
58 63 805
63 58 805
58 90 195
90 58 195
59 64 186
64 59 186
59 86 292
86 59 292
59 91 828
91 59 828
59 84 250
84 59 250
59 73 411
73 59 411
59 71 712
71 59 712
59 90 258
90 59 258
60 88 807
88 60 807
60 89 410
89 60 410
61 72 335
72 61 335
61 77 500
77 61 500
61 85 10
85 61 10
61 62 448
62 61 448
61 77 177
77 61 177
62 73 833
73 62 833
62 72 184
72 62 184
62 73 22
73 62 22
62 89 452
89 62 452
62 67 230
67 62 230
62 87 81
87 62 81
62 81 884
81 62 884
62 84 362
84 62 362
63 80 495
80 63 495
63 76 762
76 63 762
63 66 324
66 63 324
63 76 932
76 63 932
64 87 183
87 64 183
64 91 139
91 64 139
64 79 362
79 64 362
64 71 571
71 64 571
64 65 34
65 64 34
64 78 89
78 64 89
64 71 554
71 64 554
65 89 879
89 65 879
66 75 10
75 66 10
66 84 513
84 66 513
66 83 352
83 66 352
66 88 856
88 66 856
66 76 251
76 66 251
66 77 304
77 66 304
67 80 726
80 67 726
67 76 855
76 67 855
67 67 46
67 67 46
67 71 873
71 67 873
67 77 381
77 67 381
68 69 233
69 68 233
68 77 58
77 68 58
68 91 642
91 68 642
68 71 955
71 68 955
68 80 55
80 68 55
68 83 470
83 68 470
68 92 947
92 68 947
69 91 746
91 69 746
69 70 397
70 69 397
69 83 57
83 69 57
69 82 122
82 69 122
70 84 201
84 70 201
70 90 96
90 70 96
70 91 449
91 70 449
70 93 951
93 70 951
71 71 848
71 71 848
71 76 784
76 71 784
71 87 787
87 71 787
72 78 421
78 72 421
72 76 141
76 72 141
72 86 449
86 72 449
73 88 596
88 73 596
73 83 16
83 73 16
73 92 686
92 73 686
73 91 787
91 73 787
73 92 747
92 73 747
73 77 427
77 73 427
75 87 727
87 75 727
75 87 37
87 75 37
75 88 404
88 75 404
75 91 594
91 75 594
75 87 270
87 75 270
76 87 102
87 76 102
76 85 103
85 76 103
77 90 319
90 77 319
77 79 362
79 77 362
77 93 258
93 77 258
77 81 818
81 77 818
78 79 540
79 78 540
78 84 542
84 78 542
78 89 854
89 78 854
78 93 584
93 78 584
78 90 66
90 78 66
79 80 987
80 79 987
80 82 597
82 80 597
80 82 364
82 80 364
82 86 196
86 82 196
82 91 415
91 82 415
83 91 873
91 83 873
84 88 684
88 84 684
85 92 62
92 85 62
85 88 536
88 85 536
88 90 431
90 88 431
89 93 110
93 89 110
