63

0 1 225
1 0 225
0 2 120
2 0 120
0 3 783
3 0 783
0 24 358
24 0 358
0 17 383
17 0 383
0 8 963
8 0 963
0 37 549
37 0 549
0 18 638
18 0 638
0 41 900
41 0 900
0 46 549
46 0 549
0 56 107
56 0 107
0 56 786
56 0 786
1 23 181
23 1 181
1 28 354
28 1 354
1 29 888
29 1 888
1 42 812
42 1 812
1 55 73
55 1 73
1 34 149
34 1 149
1 31 256
31 1 256
1 58 908
58 1 908
1 18 751
18 1 751
1 22 254
22 1 254
1 53 917
53 1 917
1 16 148
16 1 148
1 51 507
51 1 507
1 36 538
36 1 538
1 22 987
22 1 987
2 4 908
4 2 908
2 5 61
5 2 61
2 6 876
6 2 876
2 19 244
19 2 244
2 7 653
7 2 653
2 15 501
15 2 501
2 17 232
17 2 232
2 6 55
6 2 55
2 24 944
24 2 944
2 26 123
26 2 123
3 16 381
16 3 381
3 9 44
9 3 44
3 45 6
45 3 6
3 6 94
6 3 94
3 28 799
28 3 799
4 13 907
13 4 907
4 58 648
58 4 648
4 44 679
44 4 679
4 10 214
10 4 214
4 9 284
9 4 284
4 15 206
15 4 206
5 7 871
7 5 871
5 13 47
13 5 47
5 35 651
35 5 651
5 43 266
43 5 266
5 55 48
55 5 48
6 17 474
17 6 474
6 31 217
31 6 217
6 61 590
61 6 590
6 24 493
24 6 493
6 22 377
22 6 377
6 11 256
11 6 256
6 54 197
54 6 197
6 16 85
16 6 85
6 9 316
9 6 316
7 8 721
8 7 721
7 9 892
9 7 892
7 11 541
11 7 541
7 49 826
49 7 826
7 42 152
42 7 152
7 41 788
41 7 788
7 35 177
35 7 177
7 12 728
12 7 728
7 25 83
25 7 83
7 38 932
38 7 932
7 33 776
33 7 776
7 8 735
8 7 735
7 18 745
18 7 745
7 14 485
14 7 485
7 52 553
52 7 553
8 14 882
14 8 882
8 15 837
15 8 837
8 59 672
59 8 672
8 62 384
62 8 384
8 16 707
16 8 707
8 24 573
24 8 573
8 30 336
30 8 336
8 11 812
11 8 812
8 41 916
41 8 916
8 28 1
28 8 1
8 47 362
47 8 362
8 45 781
45 8 781
9 10 390
10 9 390
9 20 528
20 9 528
9 25 413
25 9 413
9 34 558
34 9 558
9 51 834
51 9 834
9 15 322
15 9 322
10 12 720
12 10 720
10 19 275
19 10 275
10 21 937
21 10 937
10 48 252
48 10 252
10 48 985
48 10 985
10 16 119
16 10 119
10 21 366
21 10 366
10 23 500
23 10 500
10 41 224
41 10 224
11 18 799
18 11 799
11 42 606
42 11 606
11 28 864
28 11 864
11 43 703
43 11 703
11 34 106
34 11 106
11 60 800
60 11 800
12 59 701
59 12 701
12 20 815
20 12 815
12 13 966
13 12 966
12 55 93
55 12 93
12 58 140
58 12 140
13 36 139
36 13 139
13 45 924
45 13 924
13 55 810
55 13 810
13 48 609
48 13 609
13 58 5
58 13 5
13 51 92
51 13 92
13 32 778
32 13 778
14 33 643
33 14 643
14 30 178
30 14 178
14 16 289
16 14 289
15 51 728
51 15 728
15 44 729
44 15 729
15 39 526
39 15 526
15 50 420
50 15 420
15 26 353
26 15 353
15 39 120
39 15 120
15 42 629
42 15 629
16 26 211
26 16 211
16 16 348
16 16 348
16 62 60
62 16 60
16 31 84
31 16 84
17 27 729
27 17 729
17 48 216
48 17 216
17 44 926
44 17 926
17 42 814
42 17 814
18 22 154
22 18 154
18 38 304
38 18 304
18 22 764
22 18 764
18 32 851
32 18 851
18 28 682
28 18 682
19 37 961
37 19 961
19 21 584
21 19 584
19 23 996
23 19 996
19 32 49
32 19 49
19 23 817
23 19 817
19 52 265
52 19 265
19 41 490
41 19 490
20 39 173
39 20 173
20 37 517
37 20 517
20 31 366
31 20 366
20 23 525
23 20 525
20 45 613
45 20 613
20 47 147
47 20 147
20 25 354
25 20 354
21 47 548
47 21 548
21 60 510
60 21 510
21 35 3
35 21 3
21 44 221
44 21 221
21 31 659
31 21 659
21 29 596
29 21 596
22 44 194
44 22 194
22 42 279
42 22 279
22 24 921
24 22 921
23 62 169
62 23 169
23 57 732
57 23 732
23 39 933
39 23 933
23 43 177
43 23 177
23 58 774
58 23 774
23 33 455
33 23 455
23 24 982
24 23 982
24 30 212
30 24 212
24 50 737
50 24 737
24 43 126
43 24 126
24 42 935
42 24 935
24 60 831
60 24 831
24 43 858
43 24 858
25 52 413
52 25 413
25 53 34
53 25 34
25 36 17
36 25 17
26 34 46
34 26 46
26 48 837
48 26 837
26 52 784
52 26 784
27 30 810
30 27 810
27 35 791
35 27 791
27 47 526
47 27 526
27 46 327
46 27 327
28 40 295
40 28 295
28 56 970
56 28 970
28 61 97
61 28 97
28 43 328
43 28 328
28 46 598
46 28 598
28 44 588
44 28 588
28 57 435
57 28 435
29 31 929
31 29 929
29 44 489
44 29 489
29 56 999
56 29 999
29 58 743
58 29 743
30 32 748
32 30 748
30 38 158
38 30 158
30 60 423
60 30 423
30 47 349
47 30 349
30 54 483
54 30 483
31 43 886
43 31 886
31 54 297
54 31 297
33 46 997
46 33 997
33 49 875
49 33 875
33 45 682
45 33 682
33 44 659
44 33 659
33 58 1
58 33 1
33 37 654
37 33 654
33 38 334
38 33 334
33 34 199
34 33 199
34 35 272
35 34 272
34 55 900
55 34 900
34 50 740
50 34 740
34 38 95
38 34 95
34 41 506
41 34 506
34 44 984
44 34 984
35 36 598
36 35 598
35 38 163
38 35 163
36 47 285
47 36 285
36 49 673
49 36 673
37 41 221
41 37 221
37 45 460
45 37 460
38 45 153
45 38 153
38 54 620
54 38 620
38 57 580
57 38 580
39 43 273
43 39 273
39 49 570
49 39 570
40 46 646
46 40 646
40 54 420
54 40 420
40 62 477
62 40 477
40 52 586
52 40 586
42 59 957
59 42 957
42 54 282
54 42 282
44 44 108
44 44 108
45 60 693
60 45 693
45 50 255
50 45 255
46 49 913
49 46 913
46 58 760
58 46 760
46 58 671
58 46 671
47 56 298
56 47 298
47 54 300
54 47 300
48 53 244
53 48 244
48 55 158
55 48 158
48 51 861
51 48 861
52 57 13
57 52 13
53 62 764
62 53 764
54 57 521
57 54 521
55 58 809
58 55 809
56 61 397
61 56 397
58 62 545
62 58 545
58 59 283
59 58 283
