14

0 1 506
1 0 506
0 2 370
2 0 370
0 4 361
4 0 361
0 7 450
7 0 450
0 10 232
10 0 232
1 5 160
5 1 160
2 3 100
3 2 100
2 4 656
4 2 656
2 7 596
7 2 596
3 6 224
6 3 224
4 9 661
9 4 661
4 12 301
12 4 301
5 11 672
11 5 672
5 13 209
13 5 209
7 8 44
8 7 44
7 8 46
8 7 46
8 13 882
13 8 882
8 11 810
11 8 810
10 13 517
13 10 517
