92

0 1 533
1 0 533
0 2 348
2 0 348
0 3 603
3 0 603
0 21 380
21 0 380
0 72 692
72 0 692
0 37 340
37 0 340
0 38 36
38 0 36
0 26 283
26 0 283
0 45 173
45 0 173
0 24 738
24 0 738
0 10 283
10 0 283
0 70 209
70 0 209
0 20 876
20 0 876
1 5 844
5 1 844
1 11 948
11 1 948
1 12 37
12 1 37
1 24 917
24 1 917
1 34 394
34 1 394
1 49 395
49 1 395
1 66 732
66 1 732
1 26 420
26 1 420
1 63 522
63 1 522
1 21 885
21 1 885
1 49 626
49 1 626
1 33 677
33 1 677
2 13 139
13 2 139
2 62 695
62 2 695
2 69 208
69 2 208
2 11 483
11 2 483
2 44 862
44 2 862
2 88 663
88 2 663
3 4 917
4 3 917
3 6 80
6 3 80
3 43 800
43 3 800
3 61 746
61 3 746
3 85 644
85 3 644
3 14 790
14 3 790
3 24 827
24 3 827
3 62 846
62 3 846
3 86 758
86 3 758
4 14 426
14 4 426
4 20 368
20 4 368
4 33 818
33 4 818
4 53 129
53 4 129
4 81 666
81 4 666
4 73 917
73 4 917
4 46 682
46 4 682
4 62 923
62 4 923
4 16 277
16 4 277
4 26 810
26 4 810
4 76 701
76 4 701
4 76 544
76 4 544
4 14 481
14 4 481
4 48 406
48 4 406
4 79 882
79 4 882
4 87 160
87 4 160
4 43 885
43 4 885
4 87 174
87 4 174
5 7 288
7 5 288
5 10 560
10 5 560
5 27 471
27 5 471
5 50 681
50 5 681
5 91 139
91 5 139
5 31 688
31 5 688
5 54 598
54 5 598
5 81 734
81 5 734
5 25 236
25 5 236
5 68 262
68 5 262
5 36 608
36 5 608
5 80 732
80 5 732
5 39 994
39 5 994
6 8 367
8 6 367
6 9 330
9 6 330
6 15 788
15 6 788
6 48 680
48 6 680
6 76 723
76 6 723
6 22 616
22 6 616
6 58 840
58 6 840
6 90 851
90 6 851
6 79 926
79 6 926
6 34 931
34 6 931
6 27 426
27 6 426
6 65 46
65 6 46
7 76 285
76 7 285
7 11 548
11 7 548
7 23 227
23 7 227
7 10 956
10 7 956
7 21 294
21 7 294
7 54 509
54 7 509
8 17 85
17 8 85
8 46 462
46 8 462
8 85 804
85 8 804
8 20 291
20 8 291
8 76 223
76 8 223
8 45 214
45 8 214
8 26 837
26 8 837
8 88 968
88 8 968
8 24 508
24 8 508
8 55 677
55 8 677
8 28 38
28 8 38
8 67 874
67 8 874
8 52 802
52 8 802
8 79 123
79 8 123
8 46 614
46 8 614
9 76 711
76 9 711
9 17 532
17 9 532
9 78 254
78 9 254
9 77 701
77 9 701
9 58 44
58 9 44
9 89 967
89 9 967
9 25 328
25 9 328
9 84 763
84 9 763
9 58 820
58 9 820
9 41 330
41 9 330
9 58 44
58 9 44
10 18 778
18 10 778
10 35 444
35 10 444
10 21 85
21 10 85
10 21 314
21 10 314
10 16 595
16 10 595
10 38 991
38 10 991
10 72 981
72 10 981
10 13 475
13 10 475
10 30 100
30 10 100
10 33 202
33 10 202
10 52 594
52 10 594
10 67 952
67 10 952
10 69 262
69 10 262
10 81 810
81 10 810
10 31 744
31 10 744
11 16 568
16 11 568
11 22 512
22 11 512
11 59 690
59 11 690
11 82 800
82 11 800
11 90 179
90 11 179
11 34 569
34 11 569
11 44 578
44 11 578
11 38 643
38 11 643
11 91 955
91 11 955
11 59 5
59 11 5
11 87 572
87 11 572
11 15 604
15 11 604
12 25 177
25 12 177
12 30 80
30 12 80
12 55 313
55 12 313
12 69 297
69 12 297
12 60 948
60 12 948
12 42 288
42 12 288
12 31 805
31 12 805
12 13 305
13 12 305
12 79 192
79 12 192
12 85 813
85 12 813
13 29 506
29 13 506
13 67 432
67 13 432
13 89 259
89 13 259
13 59 70
59 13 70
13 35 797
35 13 797
13 15 309
15 13 309
13 47 993
47 13 993
13 57 62
57 13 62
14 44 319
44 14 319
14 35 624
35 14 624
14 45 983
45 14 983
14 60 769
60 14 769
14 27 73
27 14 73
14 17 867
17 14 867
15 55 773
55 15 773
15 24 206
24 15 206
15 16 120
16 15 120
15 19 823
19 15 823
15 69 448
69 15 448
15 76 546
76 15 546
15 16 752
16 15 752
15 80 186
80 15 186
15 75 813
75 15 813
15 39 228
39 15 228
15 88 116
88 15 116
15 35 2
35 15 2
15 17 554
17 15 554
16 45 143
45 16 143
16 79 239
79 16 239
16 47 766
47 16 766
16 76 946
76 16 946
16 86 418
86 16 418
16 82 592
82 16 592
16 43 43
43 16 43
17 78 142
78 17 142
17 70 730
70 17 730
17 83 350
83 17 350
17 87 822
87 17 822
17 62 186
62 17 186
18 19 657
19 18 657
18 31 98
31 18 98
18 56 727
56 18 727
18 67 250
67 18 250
18 53 80
53 18 80
18 45 90
45 18 90
18 54 332
54 18 332
18 30 139
30 18 139
18 68 29
68 18 29
18 67 193
67 18 193
18 77 260
77 18 260
19 26 96
26 19 96
19 36 274
36 19 274
19 40 144
40 19 144
19 65 989
65 19 989
19 74 326
74 19 326
19 54 608
54 19 608
19 30 706
30 19 706
19 34 194
34 19 194
19 55 972
55 19 972
19 88 283
88 19 283
20 41 881
41 20 881
20 47 90
47 20 90
20 68 940
68 20 940
20 62 689
62 20 689
20 37 843
37 20 843
20 42 380
42 20 380
21 28 820
28 21 820
21 37 324
37 21 324
21 87 863
87 21 863
21 50 441
50 21 441
21 31 460
31 21 460
21 38 339
38 21 339
21 57 927
57 21 927
21 76 532
76 21 532
21 70 138
70 21 138
21 32 78
32 21 78
21 72 331
72 21 331
22 23 740
23 22 740
22 65 821
65 22 821
22 25 844
25 22 844
22 37 316
37 22 316
22 45 526
45 22 526
22 43 132
43 22 132
23 39 747
39 23 747
23 70 842
70 23 842
23 55 714
55 23 714
23 89 888
89 23 888
23 86 185
86 23 185
23 47 493
47 23 493
23 29 927
29 23 927
24 30 430
30 24 430
24 68 213
68 24 213
24 65 198
65 24 198
24 28 193
28 24 193
24 68 885
68 24 885
24 84 749
84 24 749
24 66 408
66 24 408
25 49 191
49 25 191
25 84 412
84 25 412
25 74 764
74 25 764
25 38 560
38 25 560
26 45 946
45 26 946
26 58 70
58 26 70
26 37 799
37 26 799
26 38 197
38 26 197
26 69 677
69 26 677
26 38 419
38 26 419
26 49 824
49 26 824
26 81 571
81 26 571
26 42 287
42 26 287
26 42 344
42 26 344
27 32 531
32 27 531
27 75 86
75 27 86
27 62 918
62 27 918
27 88 247
88 27 247
27 84 880
84 27 880
27 87 863
87 27 863
28 34 242
34 28 242
28 86 608
86 28 608
28 45 427
45 28 427
28 89 213
89 28 213
28 47 627
47 28 627
28 61 559
61 28 559
29 73 125
73 29 125
29 83 625
83 29 625
29 31 139
31 29 139
29 67 862
67 29 862
30 46 135
46 30 135
30 72 919
72 30 919
30 30 104
30 30 104
31 42 41
42 31 41
31 60 887
60 31 887
31 32 800
32 31 800
31 38 929
38 31 929
31 58 296
58 31 296
31 76 797
76 31 797
31 91 971
91 31 971
31 85 359
85 31 359
31 51 198
51 31 198
32 44 104
44 32 104
32 51 97
51 32 97
32 80 208
80 32 208
32 91 892
91 32 892
32 86 713
86 32 713
33 64 971
64 33 971
33 50 943
50 33 943
33 82 263
82 33 263
33 82 705
82 33 705
34 38 208
38 34 208
34 78 483
78 34 483
34 85 15
85 34 15
34 70 321
70 34 321
34 65 713
65 34 713
34 35 395
35 34 395
34 44 76
44 34 76
35 54 52
54 35 52
35 90 868
90 35 868
35 76 88
76 35 88
35 77 776
77 35 776
35 78 292
78 35 292
35 91 841
91 35 841
35 37 903
37 35 903
36 56 12
56 36 12
36 91 155
91 36 155
36 39 805
39 36 805
36 61 188
61 36 188
36 54 676
54 36 676
36 82 236
82 36 236
36 91 836
91 36 836
36 53 190
53 36 190
36 53 996
53 36 996
37 66 647
66 37 647
37 77 989
77 37 989
37 89 442
89 37 442
37 39 607
39 37 607
37 62 203
62 37 203
37 44 56
44 37 56
38 69 453
69 38 453
38 81 158
81 38 158
38 51 367
51 38 367
39 91 523
91 39 523
39 52 348
52 39 348
39 64 286
64 39 286
39 88 686
88 39 686
39 89 875
89 39 875
40 82 958
82 40 958
40 81 877
81 40 877
40 70 43
70 40 43
40 78 451
78 40 451
40 67 949
67 40 949
40 42 755
42 40 755
40 72 837
72 40 837
40 74 381
74 40 381
41 57 272
57 41 272
41 89 442
89 41 442
41 85 214
85 41 214
41 82 395
82 41 395
42 76 58
76 42 58
42 80 882
80 42 882
42 74 530
74 42 530
42 80 360
80 42 360
43 89 710
89 43 710
43 76 649
76 43 649
43 45 837
45 43 837
44 51 456
51 44 456
44 63 777
63 44 777
44 80 450
80 44 450
44 58 85
58 44 85
44 89 687
89 44 687
44 70 954
70 44 954
45 52 288
52 45 288
45 62 468
62 45 468
45 71 674
71 45 674
45 86 139
86 45 139
45 49 821
49 45 821
45 88 510
88 45 510
45 47 634
47 45 634
45 51 407
51 45 407
45 59 287
59 45 287
45 86 281
86 45 281
46 74 413
74 46 413
46 51 810
51 46 810
46 79 865
79 46 865
46 52 52
52 46 52
46 67 379
67 46 379
46 46 613
46 46 613
46 73 239
73 46 239
47 57 806
57 47 806
47 50 349
50 47 349
47 75 439
75 47 439
47 61 450
61 47 450
48 72 758
72 48 758
48 50 188
50 48 188
48 87 781
87 48 781
48 49 737
49 48 737
48 71 671
71 48 671
49 71 826
71 49 826
49 73 27
73 49 27
49 73 111
73 49 111
49 80 853
80 49 853
49 49 102
49 49 102
49 62 539
62 49 539
50 73 129
73 50 129
50 72 548
72 50 548
50 82 958
82 50 958
51 69 414
69 51 414
51 61 100
61 51 100
51 65 4
65 51 4
51 89 68
89 51 68
51 60 536
60 51 536
51 89 879
89 51 879
51 82 278
82 51 278
51 67 162
67 51 162
51 86 929
86 51 929
52 59 273
59 52 273
52 83 944
83 52 944
52 57 303
57 52 303
52 53 204
53 52 204
53 90 657
90 53 657
53 65 340
65 53 340
53 84 833
84 53 833
54 86 641
86 54 641
54 56 740
56 54 740
54 64 47
64 54 47
55 58 867
58 55 867
55 79 155
79 55 155
56 71 594
71 56 594
56 56 472
56 56 472
57 88 38
88 57 38
57 62 58
62 57 58
57 77 833
77 57 833
57 76 757
76 57 757
57 82 545
82 57 545
57 57 958
57 57 958
57 75 848
75 57 848
57 67 122
67 57 122
58 85 775
85 58 775
58 73 234
73 58 234
58 80 281
80 58 281
58 70 426
70 58 426
58 81 364
81 58 364
58 61 872
61 58 872
59 63 378
63 59 378
59 71 659
71 59 659
59 77 702
77 59 702
60 86 889
86 60 889
61 72 298
72 61 298
61 85 138
85 61 138
62 75 630
75 62 630
63 84 356
84 63 356
63 66 782
66 63 782
63 89 900
89 63 900
63 88 202
88 63 202
63 91 991
91 63 991
64 79 422
79 64 422
64 84 799
84 64 799
64 77 700
77 64 700
64 73 536
73 64 536
64 76 356
76 64 356
64 87 125
87 64 125
64 70 474
70 64 474
64 73 790
73 64 790
65 82 674
82 65 674
65 65 174
65 65 174
65 73 879
73 65 879
66 86 925
86 66 925
66 82 818
82 66 818
66 78 443
78 66 443
66 85 134
85 66 134
66 83 243
83 66 243
66 76 128
76 66 128
66 82 35
82 66 35
66 88 826
88 66 826
67 89 918
89 67 918
67 70 881
70 67 881
67 71 320
71 67 320
67 83 146
83 67 146
68 89 246
89 68 246
68 89 328
89 68 328
69 78 889
78 69 889
69 83 253
83 69 253
69 85 865
85 69 865
70 80 500
80 70 500
71 85 229
85 71 229
71 90 162
90 71 162
71 81 655
81 71 655
71 81 626
81 71 626
72 90 448
90 72 448
72 88 469
88 72 469
72 76 420
76 72 420
73 81 297
81 73 297
73 76 582
76 73 582
73 79 579
79 73 579
74 82 683
82 74 683
75 83 66
83 75 66
76 88 925
88 76 925
77 85 667
85 77 667
77 80 691
80 77 691
78 91 695
91 78 695
78 87 628
87 78 628
78 83 637
83 78 637
79 80 362
80 79 362
79 86 910
86 79 910
79 84 56
84 79 56
80 86 160
86 80 160
82 89 976
89 82 976
83 91 851
91 83 851
83 89 100
89 83 100
