79

0 1 447
1 0 447
0 23 685
23 0 685
0 54 652
54 0 652
0 5 89
5 0 89
0 16 309
16 0 309
1 2 511
2 1 511
1 3 135
3 1 135
1 4 33
4 1 33
1 26 326
26 1 326
1 47 422
47 1 422
1 48 719
48 1 719
1 2 861
2 1 861
1 28 547
28 1 547
1 45 271
45 1 271
1 8 317
8 1 317
2 23 597
23 2 597
2 27 800
27 2 800
2 73 554
73 2 554
3 9 82
9 3 82
3 10 955
10 3 955
3 37 213
37 3 213
3 55 864
55 3 864
3 31 874
31 3 874
3 66 665
66 3 665
3 55 532
55 3 532
3 57 821
57 3 821
3 44 612
44 3 612
4 5 906
5 4 906
4 6 605
6 4 605
4 19 279
19 4 279
4 18 462
18 4 462
4 52 179
52 4 179
5 8 144
8 5 144
5 17 624
17 5 624
5 21 86
21 5 86
5 52 895
52 5 895
5 35 151
35 5 151
5 56 473
56 5 473
6 7 925
7 6 925
6 13 156
13 6 156
6 58 872
58 6 872
6 69 891
69 6 891
6 38 799
38 6 799
6 22 65
22 6 65
6 26 726
26 6 726
6 20 18
20 6 18
6 36 244
36 6 244
6 18 641
18 6 641
7 11 614
11 7 614
7 15 528
15 7 528
7 32 286
32 7 286
7 36 743
36 7 743
7 64 679
64 7 679
7 9 18
9 7 18
7 50 827
50 7 827
8 12 49
12 8 49
8 14 670
14 8 670
8 25 37
25 8 37
8 27 488
27 8 488
8 28 228
28 8 228
8 35 721
35 8 721
8 67 276
67 8 276
8 19 176
19 8 176
8 59 726
59 8 726
8 73 268
73 8 268
8 30 32
30 8 32
8 26 424
26 8 424
8 58 340
58 8 340
8 35 749
35 8 749
8 73 5
73 8 5
8 9 756
9 8 756
9 72 552
72 9 552
9 58 226
58 9 226
9 66 61
66 9 61
9 20 710
20 9 710
9 66 565
66 9 565
10 20 788
20 10 788
10 30 319
30 10 319
10 31 444
31 10 444
10 63 95
63 10 95
10 45 609
45 10 609
10 56 261
56 10 261
10 75 173
75 10 173
11 26 808
26 11 808
12 16 999
16 12 999
12 64 972
64 12 972
12 35 693
35 12 693
13 24 329
24 13 329
13 22 192
22 13 192
14 40 824
40 14 824
14 54 96
54 14 96
14 54 6
54 14 6
14 50 860
50 14 860
14 43 433
43 14 433
14 65 721
65 14 721
15 41 188
41 15 188
15 44 755
44 15 755
15 75 445
75 15 445
15 46 963
46 15 963
15 55 556
55 15 556
15 73 246
73 15 246
16 18 926
18 16 926
16 70 171
70 16 171
16 51 458
51 16 458
16 65 140
65 16 140
16 48 412
48 16 412
16 49 112
49 16 112
17 32 753
32 17 753
17 57 520
57 17 520
17 35 188
35 17 188
18 56 868
56 18 868
18 62 817
62 18 817
18 24 398
24 18 398
18 25 690
25 18 690
19 22 311
22 19 311
19 39 123
39 19 123
19 43 568
43 19 568
19 46 896
46 19 896
19 71 622
71 19 622
19 49 796
49 19 796
19 58 500
58 19 500
20 78 444
78 20 444
20 43 623
43 20 623
20 31 655
31 20 655
21 75 45
75 21 45
21 56 670
56 21 670
22 26 511
26 22 511
23 33 969
33 23 969
23 51 25
51 23 25
23 37 77
37 23 77
23 30 903
30 23 903
23 73 983
73 23 983
24 61 894
61 24 894
24 43 643
43 24 643
24 43 983
43 24 983
24 30 582
30 24 582
24 54 76
54 24 76
24 32 197
32 24 197
24 25 914
25 24 914
25 29 360
29 25 360
25 71 295
71 25 295
25 48 911
48 25 911
25 29 545
29 25 545
26 47 654
47 26 654
26 32 940
32 26 940
27 45 378
45 27 378
27 62 685
62 27 685
27 32 794
32 27 794
27 55 387
55 27 387
28 75 850
75 28 850
28 35 400
35 28 400
28 31 756
31 28 756
28 33 594
33 28 594
29 46 461
46 29 461
29 49 339
49 29 339
29 55 451
55 29 451
30 43 77
43 30 77
30 60 346
60 30 346
30 43 203
43 30 203
30 75 455
75 30 455
31 67 734
67 31 734
32 34 387
34 32 387
32 68 435
68 32 435
32 33 101
33 32 101
32 61 745
61 32 745
32 56 265
56 32 265
33 70 803
70 33 803
33 76 294
76 33 294
34 66 611
66 34 611
34 70 748
70 34 748
35 50 483
50 35 483
35 48 19
48 35 19
35 39 291
39 35 291
35 72 45
72 35 45
35 47 460
47 35 460
36 50 919
50 36 919
37 38 706
38 37 706
37 47 635
47 37 635
38 39 279
39 38 279
38 42 808
42 38 808
38 72 71
72 38 71
38 66 546
66 38 546
39 75 648
75 39 648
39 43 988
43 39 988
40 76 344
76 40 344
41 57 107
57 41 107
41 54 315
54 41 315
41 70 276
70 41 276
41 75 426
75 41 426
43 66 737
66 43 737
43 59 578
59 43 578
44 75 885
75 44 885
44 56 54
56 44 54
45 57 451
57 45 451
45 62 709
62 45 709
45 66 804
66 45 804
46 53 278
53 46 278
46 69 55
69 46 55
46 64 970
64 46 970
46 57 392
57 46 392
48 51 169
51 48 169
48 68 466
68 48 466
48 74 362
74 48 362
49 75 952
75 49 952
49 63 784
63 49 784
49 74 671
74 49 671
49 77 666
77 49 666
49 54 287
54 49 287
50 77 974
77 50 974
51 63 337
63 51 337
51 60 587
60 51 587
51 69 778
69 51 778
52 67 841
67 52 841
52 56 598
56 52 598
53 67 25
67 53 25
53 54 972
54 53 972
54 62 103
62 54 103
55 69 525
69 55 525
55 61 823
61 55 823
56 65 825
65 56 825
57 59 583
59 57 583
57 57 429
57 57 429
58 60 732
60 58 732
58 64 61
64 58 61
58 77 887
77 58 887
58 63 451
63 58 451
58 78 693
78 58 693
58 63 446
63 58 446
60 63 624
63 60 624
60 69 175
69 60 175
60 63 487
63 60 487
62 66 351
66 62 351
63 73 350
73 63 350
63 75 534
75 63 534
63 78 110
78 63 110
66 78 856
78 66 856
67 73 887
73 67 887
68 70 719
70 68 719
69 71 201
71 69 201
70 74 452
74 70 452
71 75 654
75 71 654
72 72 825
72 72 825
