80

0 1 672
1 0 672
0 2 37
2 0 37
0 3 458
3 0 458
0 19 964
19 0 964
0 34 334
34 0 334
0 78 950
78 0 950
0 44 738
44 0 738
0 18 341
18 0 341
0 26 385
26 0 385
0 22 518
22 0 518
0 72 636
72 0 636
0 61 824
61 0 824
0 48 798
48 0 798
0 41 563
41 0 563
0 58 956
58 0 956
0 17 165
17 0 165
0 21 635
21 0 635
0 47 195
47 0 195
0 52 361
52 0 361
1 4 239
4 1 239
1 9 135
9 1 135
1 10 701
10 1 701
1 17 602
17 1 602
1 44 417
44 1 417
1 27 814
27 1 814
1 64 976
64 1 976
1 48 652
48 1 652
1 58 238
58 1 238
1 32 432
32 1 432
1 4 56
4 1 56
1 22 451
22 1 451
1 33 362
33 1 362
1 19 243
19 1 243
1 18 78
18 1 78
2 5 827
5 2 827
2 7 189
7 2 189
2 18 358
18 2 358
2 56 480
56 2 480
2 62 702
62 2 702
2 21 617
21 2 617
2 34 600
34 2 600
2 29 996
29 2 996
2 3 556
3 2 556
2 19 196
19 2 196
3 27 123
27 3 123
3 58 560
58 3 560
3 16 155
16 3 155
3 9 985
9 3 985
3 8 862
8 3 862
3 74 404
74 3 404
3 63 926
63 3 926
3 21 644
21 3 644
3 40 835
40 3 835
3 20 981
20 3 981
3 72 798
72 3 798
3 29 927
29 3 927
3 7 738
7 3 738
3 59 684
59 3 684
3 55 821
55 3 821
3 50 64
50 3 64
4 54 27
54 4 27
4 47 102
47 4 102
4 42 658
42 4 658
4 54 236
54 4 236
4 19 855
19 4 855
4 6 389
6 4 389
4 73 53
73 4 53
4 77 221
77 4 221
4 44 88
44 4 88
4 57 768
57 4 768
4 18 951
18 4 951
5 6 152
6 5 152
5 59 577
59 5 577
5 57 936
57 5 936
5 56 841
56 5 841
5 11 482
11 5 482
5 15 789
15 5 789
5 14 485
14 5 485
5 36 298
36 5 298
5 23 713
23 5 713
5 63 418
63 5 418
5 59 503
59 5 503
5 8 391
8 5 391
5 70 844
70 5 844
5 42 560
42 5 560
5 7 560
7 5 560
6 33 496
33 6 496
6 43 803
43 6 803
6 46 842
46 6 842
6 47 784
47 6 784
6 47 18
47 6 18
6 20 758
20 6 758
6 73 126
73 6 126
6 30 467
30 6 467
6 37 483
37 6 483
6 17 549
17 6 549
6 38 966
38 6 966
7 8 550
8 7 550
7 11 619
11 7 619
7 14 909
14 7 909
7 74 639
74 7 639
7 58 916
58 7 916
7 51 341
51 7 341
7 78 800
78 7 800
7 41 384
41 7 384
7 65 287
65 7 287
7 11 568
11 7 568
7 24 691
24 7 691
7 27 20
27 7 20
8 15 525
15 8 525
8 68 328
68 8 328
8 79 186
79 8 186
8 55 867
55 8 867
8 56 809
56 8 809
8 57 825
57 8 825
8 53 524
53 8 524
8 43 632
43 8 632
9 12 969
12 9 969
9 20 312
20 9 312
9 22 432
22 9 432
9 35 174
35 9 174
9 50 251
50 9 251
9 63 835
63 9 835
9 27 44
27 9 44
9 36 457
36 9 457
9 55 843
55 9 843
9 41 146
41 9 146
9 79 660
79 9 660
10 13 773
13 10 773
10 21 96
21 10 96
10 49 254
49 10 254
10 53 766
53 10 766
10 18 510
18 10 510
10 18 63
18 10 63
10 11 45
11 10 45
10 24 689
24 10 689
11 31 236
31 11 236
11 45 922
45 11 922
11 23 483
23 11 483
11 51 165
51 11 165
11 45 362
45 11 362
11 74 827
74 11 827
11 15 883
15 11 883
11 79 818
79 11 818
11 18 562
18 11 562
11 12 510
12 11 510
11 58 936
58 11 936
11 75 277
75 11 277
11 40 703
40 11 703
11 65 749
65 11 749
11 68 837
68 11 837
11 54 581
54 11 581
11 47 343
47 11 343
12 16 800
16 12 800
12 71 818
71 12 818
12 69 778
69 12 778
12 76 248
76 12 248
12 57 288
57 12 288
12 59 965
59 12 965
12 73 656
73 12 656
12 49 243
49 12 243
12 36 277
36 12 277
12 53 384
53 12 384
12 49 133
49 12 133
13 23 345
23 13 345
13 66 731
66 13 731
13 74 917
74 13 917
13 41 977
41 13 977
13 39 649
39 13 649
13 74 563
74 13 563
13 53 476
53 13 476
13 61 697
61 13 697
13 37 808
37 13 808
14 28 142
28 14 142
14 56 615
56 14 615
14 31 526
31 14 526
14 60 287
60 14 287
14 60 257
60 14 257
14 15 94
15 14 94
14 48 576
48 14 576
14 66 173
66 14 173
14 49 827
49 14 827
14 77 78
77 14 78
15 36 168
36 15 168
15 72 384
72 15 384
15 28 728
28 15 728
15 45 277
45 15 277
15 57 263
57 15 263
15 28 201
28 15 201
15 26 820
26 15 820
15 34 617
34 15 617
15 49 518
49 15 518
15 22 321
22 15 321
16 23 866
23 16 866
16 45 947
45 16 947
16 74 355
74 16 355
16 24 548
24 16 548
16 34 848
34 16 848
16 63 495
63 16 495
16 41 178
41 16 178
16 71 826
71 16 826
16 41 885
41 16 885
16 35 931
35 16 931
17 25 846
25 17 846
17 55 191
55 17 191
17 72 413
72 17 413
17 77 515
77 17 515
17 50 785
50 17 785
17 41 573
41 17 573
17 38 57
38 17 57
17 37 207
37 17 207
17 34 791
34 17 791
17 40 880
40 17 880
17 28 300
28 17 300
17 44 339
44 17 339
17 24 375
24 17 375
17 45 959
45 17 959
18 38 611
38 18 611
18 56 999
56 18 999
18 60 909
60 18 909
18 78 715
78 18 715
18 73 92
73 18 92
18 64 164
64 18 164
18 19 526
19 18 526
18 27 397
27 18 397
19 26 667
26 19 667
19 35 819
35 19 819
19 45 916
45 19 916
19 61 895
61 19 895
19 21 933
21 19 933
19 49 107
49 19 107
20 75 600
75 20 600
20 32 506
32 20 506
20 76 396
76 20 396
21 51 219
51 21 219
21 43 697
43 21 697
21 65 811
65 21 811
21 37 284
37 21 284
21 47 701
47 21 701
21 26 582
26 21 582
22 24 186
24 22 186
22 29 943
29 22 943
22 30 720
30 22 720
22 71 134
71 22 134
22 25 797
25 22 797
22 50 430
50 22 430
22 77 999
77 22 999
23 48 1000
48 23 1000
23 61 919
61 23 919
23 62 825
62 23 825
23 53 954
53 23 954
23 29 86
29 23 86
23 78 85
78 23 85
23 23 983
23 23 983
23 68 477
68 23 477
23 77 906
77 23 906
23 46 902
46 23 902
23 47 901
47 23 901
23 46 466
46 23 466
24 71 998
71 24 998
24 39 20
39 24 20
24 75 905
75 24 905
25 75 367
75 25 367
25 53 452
53 25 452
25 59 151
59 25 151
25 30 903
30 25 903
25 36 852
36 25 852
25 26 224
26 25 224
25 31 91
31 25 91
25 28 312
28 25 312
25 75 16
75 25 16
25 47 970
47 25 970
25 61 721
61 25 721
25 51 981
51 25 981
25 55 77
55 25 77
25 36 506
36 25 506
26 53 822
53 26 822
26 55 282
55 26 282
26 34 151
34 26 151
26 68 736
68 26 736
26 49 480
49 26 480
26 72 309
72 26 309
26 50 809
50 26 809
26 53 538
53 26 538
26 37 643
37 26 643
26 33 872
33 26 872
26 53 630
53 26 630
26 50 769
50 26 769
26 76 887
76 26 887
26 58 154
58 26 154
27 28 936
28 27 936
27 30 793
30 27 793
27 32 614
32 27 614
27 50 677
50 27 677
27 64 176
64 27 176
27 52 505
52 27 505
27 72 65
72 27 65
27 28 741
28 27 741
27 38 372
38 27 372
28 37 25
37 28 25
28 46 860
46 28 860
28 54 463
54 28 463
28 74 177
74 28 177
28 36 649
36 28 649
28 50 1
50 28 1
28 45 781
45 28 781
28 54 195
54 28 195
29 36 296
36 29 296
29 49 823
49 29 823
29 57 87
57 29 87
29 53 571
53 29 571
29 53 802
53 29 802
30 62 501
62 30 501
30 64 538
64 30 538
30 71 87
71 30 87
30 38 747
38 30 747
31 39 932
39 31 932
31 72 512
72 31 512
31 38 406
38 31 406
31 75 125
75 31 125
31 49 419
49 31 419
31 54 288
54 31 288
31 44 243
44 31 243
31 67 123
67 31 123
31 34 305
34 31 305
32 64 214
64 32 214
32 74 136
74 32 136
32 47 511
47 32 511
32 59 283
59 32 283
32 56 522
56 32 522
32 48 818
48 32 818
32 32 771
32 32 771
32 73 924
73 32 924
33 40 978
40 33 978
33 59 49
59 33 49
33 65 975
65 33 975
33 52 175
52 33 175
33 52 760
52 33 760
33 64 280
64 33 280
33 76 435
76 33 435
33 79 127
79 33 127
33 75 353
75 33 353
33 57 105
57 33 105
34 67 913
67 34 913
34 42 650
42 34 650
34 72 492
72 34 492
34 62 552
62 34 552
34 72 948
72 34 948
34 49 754
49 34 754
34 64 532
64 34 532
34 78 221
78 34 221
35 37 677
37 35 677
35 78 664
78 35 664
35 42 138
42 35 138
35 47 841
47 35 841
35 62 781
62 35 781
35 55 445
55 35 445
35 76 700
76 35 700
36 76 6
76 36 6
36 38 513
38 36 513
36 58 35
58 36 35
37 42 776
42 37 776
37 70 402
70 37 402
37 48 842
48 37 842
37 65 435
65 37 435
37 52 992
52 37 992
37 68 657
68 37 657
37 42 111
42 37 111
37 56 258
56 37 258
38 78 569
78 38 569
38 47 767
47 38 767
38 59 909
59 38 909
38 71 601
71 38 601
38 75 464
75 38 464
38 78 228
78 38 228
38 65 162
65 38 162
38 77 154
77 38 154
38 59 395
59 38 395
39 41 567
41 39 567
39 76 259
76 39 259
39 75 44
75 39 44
39 56 666
56 39 666
39 63 173
63 39 173
39 73 53
73 39 53
39 44 189
44 39 189
39 79 554
79 39 554
39 73 217
73 39 217
40 62 583
62 40 583
41 65 814
65 41 814
41 79 434
79 41 434
41 49 402
49 41 402
41 56 631
56 41 631
41 75 279
75 41 279
41 48 431
48 41 431
42 60 742
60 42 742
42 55 362
55 42 362
42 72 627
72 42 627
42 50 509
50 42 509
42 55 819
55 42 819
42 74 533
74 42 533
42 64 468
64 42 468
43 45 349
45 43 349
43 48 44
48 43 44
43 59 748
59 43 748
43 72 718
72 43 718
43 46 496
46 43 496
44 74 330
74 44 330
44 47 922
47 44 922
44 58 814
58 44 814
44 47 697
47 44 697
44 58 538
58 44 538
44 69 123
69 44 123
44 48 298
48 44 298
45 62 980
62 45 980
45 79 97
79 45 97
45 74 796
74 45 796
45 72 307
72 45 307
46 79 642
79 46 642
46 50 702
50 46 702
46 69 741
69 46 741
46 71 394
71 46 394
47 72 256
72 47 256
47 71 422
71 47 422
48 57 773
57 48 773
48 67 358
67 48 358
48 56 928
56 48 928
49 52 782
52 49 782
49 67 764
67 49 764
49 61 977
61 49 977
49 53 656
53 49 656
49 74 271
74 49 271
49 79 719
79 49 719
49 75 700
75 49 700
49 74 287
74 49 287
49 60 684
60 49 684
49 78 308
78 49 308
49 54 472
54 49 472
49 73 425
73 49 425
50 72 627
72 50 627
50 58 123
58 50 123
51 65 780
65 51 780
51 65 476
65 51 476
51 75 216
75 51 216
52 65 576
65 52 576
52 64 277
64 52 277
52 68 837
68 52 837
52 74 484
74 52 484
52 76 120
76 52 120
53 79 716
79 53 716
53 56 772
56 53 772
53 74 928
74 53 928
53 67 466
67 53 466
54 71 202
71 54 202
54 78 640
78 54 640
54 64 552
64 54 552
55 63 920
63 55 920
55 58 985
58 55 985
55 59 369
59 55 369
55 58 713
58 55 713
56 63 255
63 56 255
56 73 233
73 56 233
56 79 44
79 56 44
56 74 979
74 56 979
56 72 440
72 56 440
57 76 532
76 57 532
57 59 266
59 57 266
57 67 774
67 57 774
57 67 392
67 57 392
57 57 831
57 57 831
58 67 422
67 58 422
58 62 564
62 58 564
59 66 356
66 59 356
59 78 438
78 59 438
60 74 751
74 60 751
60 63 242
63 60 242
60 70 760
70 60 760
60 76 392
76 60 392
60 63 887
63 60 887
61 74 992
74 61 992
61 78 506
78 61 506
61 71 428
71 61 428
61 76 781
76 61 781
61 75 431
75 61 431
62 79 37
79 62 37
63 69 321
69 63 321
63 71 177
71 63 177
64 78 753
78 64 753
64 70 357
70 64 357
64 71 574
71 64 574
65 71 575
71 65 575
65 71 175
71 65 175
66 67 610
67 66 610
66 72 988
72 66 988
67 67 566
67 67 566
68 69 685
69 68 685
68 72 142
72 68 142
69 73 981
73 69 981
70 72 644
72 70 644
70 78 287
78 70 287
73 77 363
77 73 363
73 75 336
75 73 336
73 78 381
78 73 381
76 78 175
78 76 175
