68

0 1 284
1 0 284
0 2 705
2 0 705
0 4 638
4 0 638
0 6 385
6 0 385
0 11 484
11 0 484
0 13 12
13 0 12
0 34 199
34 0 199
0 67 725
67 0 725
0 33 846
33 0 846
0 67 453
67 0 453
0 49 649
49 0 649
0 26 910
26 0 910
0 28 309
28 0 309
0 55 291
55 0 291
0 66 64
66 0 64
0 50 387
50 0 387
1 3 321
3 1 321
1 28 816
28 1 816
1 41 891
41 1 891
1 9 30
9 1 30
1 11 578
11 1 578
1 43 103
43 1 103
1 5 340
5 1 340
1 3 551
3 1 551
1 32 304
32 1 304
1 6 120
6 1 120
1 13 328
13 1 328
2 63 251
63 2 251
2 35 21
35 2 21
2 18 934
18 2 934
2 25 611
25 2 611
2 54 469
54 2 469
2 18 222
18 2 222
2 61 706
61 2 706
3 5 495
5 3 495
3 7 263
7 3 263
3 12 9
12 3 9
3 29 727
29 3 727
3 57 533
57 3 533
3 58 185
58 3 185
3 23 744
23 3 744
3 38 178
38 3 178
3 46 441
46 3 441
3 20 331
20 3 331
3 41 961
41 3 961
4 15 628
15 4 628
4 33 424
33 4 424
4 9 125
9 4 125
4 28 441
28 4 441
4 12 561
12 4 561
4 40 667
40 4 667
4 42 502
42 4 502
4 41 329
41 4 329
4 38 925
38 4 925
4 45 567
45 4 567
4 6 884
6 4 884
5 8 932
8 5 932
5 20 693
20 5 693
5 61 110
61 5 110
5 35 134
35 5 134
5 56 316
56 5 316
5 46 795
46 5 795
5 34 475
34 5 475
5 49 570
49 5 570
5 18 220
18 5 220
6 10 348
10 6 348
6 16 4
16 6 4
6 17 251
17 6 251
6 32 104
32 6 104
6 51 404
51 6 404
6 14 552
14 6 552
6 54 423
54 6 423
6 43 763
43 6 763
6 32 779
32 6 779
6 61 342
61 6 342
6 37 210
37 6 210
6 6 976
6 6 976
6 32 402
32 6 402
6 10 682
10 6 682
7 9 97
9 7 97
7 30 681
30 7 681
7 13 324
13 7 324
7 37 24
37 7 24
7 57 856
57 7 856
7 21 628
21 7 628
7 18 769
18 7 769
7 29 369
29 7 369
7 14 346
14 7 346
7 36 622
36 7 622
7 62 973
62 7 973
8 26 972
26 8 972
8 52 206
52 8 206
8 25 497
25 8 497
8 51 744
51 8 744
8 8 442
8 8 442
8 23 267
23 8 267
8 34 681
34 8 681
8 21 212
21 8 212
8 11 330
11 8 330
9 21 963
21 9 963
9 22 520
22 9 520
9 49 140
49 9 140
9 30 224
30 9 224
9 47 299
47 9 299
9 52 726
52 9 726
9 16 10
16 9 10
9 55 452
55 9 452
9 24 462
24 9 462
9 58 669
58 9 669
10 31 674
31 10 674
10 36 793
36 10 793
10 54 32
54 10 32
10 56 983
56 10 983
10 26 491
26 10 491
10 46 55
46 10 55
10 47 418
47 10 418
10 45 338
45 10 338
10 57 500
57 10 500
10 65 290
65 10 290
10 61 231
61 10 231
10 40 463
40 10 463
10 21 248
21 10 248
10 21 864
21 10 864
10 62 397
62 10 397
10 47 54
47 10 54
11 18 326
18 11 326
11 37 658
37 11 658
11 12 530
12 11 530
11 57 746
57 11 746
11 25 934
25 11 934
11 22 155
22 11 155
11 17 33
17 11 33
11 12 394
12 11 394
11 23 372
23 11 372
11 13 335
13 11 335
11 32 727
32 11 727
11 60 999
60 11 999
11 18 736
18 11 736
11 61 740
61 11 740
11 38 95
38 11 95
12 23 66
23 12 66
12 60 136
60 12 136
12 64 101
64 12 101
12 48 98
48 12 98
12 26 773
26 12 773
12 46 661
46 12 661
12 52 333
52 12 333
12 50 701
50 12 701
12 41 823
41 12 823
12 51 288
51 12 288
12 37 485
37 12 485
12 24 616
24 12 616
13 14 737
14 13 737
13 29 88
29 13 88
13 58 986
58 13 986
13 26 949
26 13 949
13 21 402
21 13 402
13 24 459
24 13 459
13 51 286
51 13 286
13 39 552
39 13 552
13 23 388
23 13 388
14 25 976
25 14 976
14 33 51
33 14 51
14 64 390
64 14 390
14 57 1000
57 14 1000
14 49 792
49 14 792
14 62 532
62 14 532
14 21 877
21 14 877
15 65 501
65 15 501
15 24 357
24 15 357
15 25 249
25 15 249
15 44 817
44 15 817
15 28 285
28 15 285
15 46 573
46 15 573
15 40 839
40 15 839
15 18 596
18 15 596
15 40 939
40 15 939
15 31 238
31 15 238
15 61 661
61 15 661
15 19 252
19 15 252
16 19 765
19 16 765
16 63 221
63 16 221
16 24 61
24 16 61
16 61 363
61 16 363
16 67 364
67 16 364
16 45 608
45 16 608
16 39 128
39 16 128
16 22 371
22 16 371
16 67 763
67 16 763
16 35 698
35 16 698
16 46 792
46 16 792
17 24 951
24 17 951
17 47 313
47 17 313
17 35 803
35 17 803
17 29 635
29 17 635
17 18 650
18 17 650
17 55 540
55 17 540
17 48 254
48 17 254
18 24 388
24 18 388
18 35 101
35 18 101
18 52 666
52 18 666
18 54 349
54 18 349
18 36 259
36 18 259
18 50 880
50 18 880
18 38 263
38 18 263
18 54 363
54 18 363
18 65 532
65 18 532
18 37 452
37 18 452
18 54 889
54 18 889
19 32 810
32 19 810
19 62 701
62 19 701
19 34 909
34 19 909
19 41 284
41 19 284
19 49 512
49 19 512
19 32 704
32 19 704
19 31 131
31 19 131
19 54 231
54 19 231
20 49 716
49 20 716
20 59 716
59 20 716
20 43 912
43 20 912
20 41 692
41 20 692
20 30 236
30 20 236
20 55 159
55 20 159
20 41 859
41 20 859
20 54 98
54 20 98
21 43 396
43 21 396
21 22 472
22 21 472
21 52 729
52 21 729
21 55 694
55 21 694
21 62 670
62 21 670
21 45 704
45 21 704
21 66 914
66 21 914
21 40 82
40 21 82
21 29 625
29 21 625
22 43 578
43 22 578
22 28 89
28 22 89
22 62 565
62 22 565
22 45 64
45 22 64
22 25 800
25 22 800
22 34 428
34 22 428
22 30 484
30 22 484
23 55 712
55 23 712
23 58 215
58 23 215
23 24 818
24 23 818
23 25 771
25 23 771
23 56 256
56 23 256
23 63 6
63 23 6
23 47 58
47 23 58
24 39 126
39 24 126
24 43 121
43 24 121
24 48 938
48 24 938
24 59 173
59 24 173
24 37 887
37 24 887
24 51 445
51 24 445
24 25 12
25 24 12
24 61 274
61 24 274
25 54 601
54 25 601
25 64 76
64 25 76
25 26 650
26 25 650
25 30 655
30 25 655
25 32 768
32 25 768
25 56 142
56 25 142
25 42 276
42 25 276
25 32 627
32 25 627
25 62 446
62 25 446
25 67 852
67 25 852
26 27 377
27 26 377
26 43 883
43 26 883
26 53 494
53 26 494
26 49 449
49 26 449
26 34 163
34 26 163
26 36 733
36 26 733
26 44 72
44 26 72
27 42 137
42 27 137
27 65 968
65 27 968
27 38 120
38 27 120
27 51 477
51 27 477
27 48 806
48 27 806
27 31 71
31 27 71
27 28 450
28 27 450
28 34 498
34 28 498
28 66 255
66 28 255
28 48 766
48 28 766
28 36 240
36 28 240
28 29 441
29 28 441
28 67 672
67 28 672
28 41 946
41 28 946
29 50 649
50 29 649
29 66 670
66 29 670
29 59 109
59 29 109
29 64 28
64 29 28
29 41 74
41 29 74
29 32 643
32 29 643
29 66 689
66 29 689
29 56 907
56 29 907
30 53 675
53 30 675
30 30 473
30 30 473
30 30 477
30 30 477
30 34 832
34 30 832
30 37 43
37 30 43
30 62 290
62 30 290
31 42 367
42 31 367
31 34 250
34 31 250
31 60 464
60 31 464
31 43 193
43 31 193
31 65 59
65 31 59
31 46 636
46 31 636
31 56 678
56 31 678
31 59 478
59 31 478
32 35 391
35 32 391
32 40 135
40 32 135
32 49 325
49 32 325
32 58 571
58 32 571
32 44 161
44 32 161
33 45 721
45 33 721
33 56 3
56 33 3
33 57 598
57 33 598
33 33 13
33 33 13
33 41 318
41 33 318
33 42 288
42 33 288
33 58 288
58 33 288
34 38 451
38 34 451
34 49 879
49 34 879
34 55 405
55 34 405
34 52 584
52 34 584
34 37 490
37 34 490
34 55 816
55 34 816
34 63 408
63 34 408
35 44 362
44 35 362
35 42 84
42 35 84
35 53 733
53 35 733
35 40 395
40 35 395
35 56 907
56 35 907
35 47 949
47 35 949
35 59 893
59 35 893
36 40 902
40 36 902
36 37 796
37 36 796
36 64 175
64 36 175
36 61 937
61 36 937
36 55 366
55 36 366
36 48 704
48 36 704
36 55 412
55 36 412
36 47 225
47 36 225
36 38 564
38 36 564
37 58 907
58 37 907
37 40 763
40 37 763
37 53 499
53 37 499
37 41 875
41 37 875
37 50 888
50 37 888
38 57 71
57 38 71
38 55 654
55 38 654
38 43 310
43 38 310
39 41 426
41 39 426
39 53 555
53 39 555
39 50 960
50 39 960
39 54 185
54 39 185
39 41 327
41 39 327
40 46 287
46 40 287
40 67 29
67 40 29
40 49 147
49 40 147
40 41 219
41 40 219
40 56 238
56 40 238
40 52 894
52 40 894
40 55 301
55 40 301
40 53 990
53 40 990
41 63 514
63 41 514
41 67 352
67 41 352
41 44 348
44 41 348
41 44 299
44 41 299
42 62 176
62 42 176
42 54 91
54 42 91
42 65 18
65 42 18
42 63 157
63 42 157
42 50 257
50 42 257
43 48 281
48 43 281
43 53 530
53 43 530
43 64 347
64 43 347
43 53 655
53 43 655
43 60 77
60 43 77
43 48 474
48 43 474
44 62 295
62 44 295
44 58 957
58 44 957
44 49 812
49 44 812
44 47 921
47 44 921
45 61 584
61 45 584
45 62 310
62 45 310
45 56 795
56 45 795
45 51 977
51 45 977
45 50 746
50 45 746
45 61 912
61 45 912
46 58 964
58 46 964
46 56 262
56 46 262
46 63 77
63 46 77
46 61 824
61 46 824
46 46 737
46 46 737
47 67 958
67 47 958
48 52 822
52 48 822
48 50 828
50 48 828
48 67 910
67 48 910
48 56 148
56 48 148
48 51 596
51 48 596
50 51 681
51 50 681
50 65 61
65 50 61
51 63 110
63 51 110
51 58 491
58 51 491
51 56 570
56 51 570
51 64 87
64 51 87
53 56 864
56 53 864
54 64 358
64 54 358
56 66 846
66 56 846
56 58 305
58 56 305
56 62 736
62 56 736
56 59 225
59 56 225
57 63 485
63 57 485
57 64 353
64 57 353
57 61 112
61 57 112
58 63 445
63 58 445
59 61 497
61 59 497
59 60 377
60 59 377
59 65 979
65 59 979
59 61 424
61 59 424
60 66 47
66 60 47
60 64 88
64 60 88
61 65 671
65 61 671
61 67 109
67 61 109
62 66 727
66 62 727
65 67 190
67 65 190
66 66 368
66 66 368
66 67 976
67 66 976
