44

0 1 267
1 0 267
0 4 851
4 0 851
0 12 886
12 0 886
0 25 629
25 0 629
0 42 915
42 0 915
0 7 417
7 0 417
0 3 434
3 0 434
0 31 613
31 0 613
0 22 545
22 0 545
0 17 462
17 0 462
0 6 484
6 0 484
0 39 347
39 0 347
1 2 492
2 1 492
1 9 238
9 1 238
1 14 466
14 1 466
1 19 771
19 1 771
1 15 800
15 1 800
1 43 326
43 1 326
1 42 636
42 1 636
1 31 987
31 1 987
1 9 523
9 1 523
1 5 183
5 1 183
1 41 733
41 1 733
1 6 736
6 1 736
1 42 640
42 1 640
2 3 520
3 2 520
2 17 916
17 2 916
2 21 298
21 2 298
2 5 839
5 2 839
2 23 369
23 2 369
2 17 115
17 2 115
2 19 402
19 2 402
2 35 317
35 2 317
2 37 677
37 2 677
2 18 581
18 2 581
3 6 943
6 3 943
3 11 890
11 3 890
3 22 422
22 3 422
3 40 200
40 3 200
3 38 670
38 3 670
3 32 823
32 3 823
3 5 225
5 3 225
3 17 918
17 3 918
3 9 360
9 3 360
3 34 611
34 3 611
3 9 642
9 3 642
4 5 784
5 4 784
4 7 865
7 4 865
4 16 372
16 4 372
4 23 992
23 4 992
4 19 195
19 4 195
4 5 710
5 4 710
4 40 961
40 4 961
4 13 938
13 4 938
4 12 675
12 4 675
4 33 330
33 4 330
4 43 649
43 4 649
5 18 929
18 5 929
5 28 485
28 5 485
5 30 98
30 5 98
5 21 419
21 5 419
5 22 205
22 5 205
5 19 409
19 5 409
5 24 121
24 5 121
5 23 87
23 5 87
6 10 539
10 6 539
6 24 731
24 6 731
6 11 371
11 6 371
6 12 889
12 6 889
6 17 974
17 6 974
6 10 333
10 6 333
6 41 994
41 6 994
6 17 933
17 6 933
6 11 208
11 6 208
6 39 358
39 6 358
7 8 607
8 7 607
7 37 964
37 7 964
7 11 782
11 7 782
7 27 847
27 7 847
7 35 893
35 7 893
7 43 543
43 7 543
7 41 697
41 7 697
8 11 752
11 8 752
8 27 946
27 8 946
8 23 237
23 8 237
8 34 365
34 8 365
9 43 291
43 9 291
9 16 953
16 9 953
10 18 210
18 10 210
10 27 206
27 10 206
10 40 803
40 10 803
10 38 662
38 10 662
10 37 700
37 10 700
11 15 932
15 11 932
11 20 769
20 11 769
11 39 992
39 11 992
11 18 877
18 11 877
11 35 973
35 11 973
11 22 544
22 11 544
12 13 446
13 12 446
12 26 553
26 12 553
12 35 890
35 12 890
12 15 744
15 12 744
12 17 147
17 12 147
13 38 78
38 13 78
13 15 937
15 13 937
13 18 294
18 13 294
13 16 648
16 13 648
13 21 91
21 13 91
13 31 997
31 13 997
14 39 972
39 14 972
14 33 363
33 14 363
14 43 922
43 14 922
15 34 736
34 15 736
15 29 122
29 15 122
15 21 216
21 15 216
15 27 950
27 15 950
15 23 990
23 15 990
15 23 55
23 15 55
15 16 472
16 15 472
15 30 440
30 15 440
15 28 458
28 15 458
16 29 314
29 16 314
16 35 996
35 16 996
16 32 482
32 16 482
16 34 116
34 16 116
16 38 21
38 16 21
16 32 461
32 16 461
17 31 145
31 17 145
17 22 373
22 17 373
17 20 497
20 17 497
17 34 332
34 17 332
18 31 561
31 18 561
18 27 469
27 18 469
18 39 610
39 18 610
18 19 441
19 18 441
18 37 162
37 18 162
19 24 266
24 19 266
19 31 536
31 19 536
20 27 938
27 20 938
20 26 133
26 20 133
20 20 816
20 20 816
21 36 663
36 21 663
21 35 479
35 21 479
21 43 795
43 21 795
22 30 344
30 22 344
22 31 374
31 22 374
22 30 297
30 22 297
22 42 301
42 22 301
22 32 434
32 22 434
22 37 280
37 22 280
23 24 141
24 23 141
23 35 608
35 23 608
23 30 693
30 23 693
23 37 774
37 23 774
23 35 773
35 23 773
24 32 579
32 24 579
24 38 991
38 24 991
24 33 641
33 24 641
25 32 896
32 25 896
25 40 21
40 25 21
25 26 257
26 25 257
26 30 859
30 26 859
26 28 844
28 26 844
26 30 153
30 26 153
27 36 791
36 27 791
27 41 301
41 27 301
27 37 491
37 27 491
28 33 141
33 28 141
28 37 431
37 28 431
28 31 988
31 28 988
28 36 331
36 28 331
28 38 367
38 28 367
29 38 185
38 29 185
29 35 524
35 29 524
29 34 460
34 29 460
29 41 431
41 29 431
30 37 440
37 30 440
30 32 23
32 30 23
30 36 862
36 30 862
31 36 334
36 31 334
32 40 198
40 32 198
32 36 690
36 32 690
32 37 112
37 32 112
32 36 112
36 32 112
33 35 464
35 33 464
33 42 677
42 33 677
34 43 878
43 34 878
34 42 455
42 34 455
35 43 988
43 35 988
36 38 976
38 36 976
36 43 913
43 36 913
36 38 214
38 36 214
39 40 262
40 39 262
40 41 525
41 40 525
40 42 583
42 40 583
40 43 728
43 40 728
