85

0 1 906
1 0 906
0 3 598
3 0 598
0 17 755
17 0 755
0 31 1
31 0 1
0 51 100
51 0 100
0 71 985
71 0 985
0 42 998
42 0 998
0 52 206
52 0 206
0 82 152
82 0 152
0 37 747
37 0 747
0 14 494
14 0 494
0 56 776
56 0 776
0 16 745
16 0 745
0 34 882
34 0 882
0 58 863
58 0 863
0 53 351
53 0 351
0 76 797
76 0 797
0 84 221
84 0 221
0 23 236
23 0 236
1 2 906
2 1 906
1 4 347
4 1 347
1 9 674
9 1 674
1 40 265
40 1 265
1 82 856
82 1 856
1 75 979
75 1 979
1 23 266
23 1 266
1 29 48
29 1 48
1 29 227
29 1 227
1 51 105
51 1 105
1 2 642
2 1 642
1 22 416
22 1 416
1 57 170
57 1 170
1 62 648
62 1 648
1 34 624
34 1 624
1 34 751
34 1 751
1 20 629
20 1 629
2 6 681
6 2 681
2 8 95
8 2 95
2 12 541
12 2 541
2 23 155
23 2 155
2 40 125
40 2 125
2 69 585
69 2 585
2 31 883
31 2 883
2 50 35
50 2 35
2 16 589
16 2 589
2 2 949
2 2 949
3 5 835
5 3 835
3 33 868
33 3 868
3 34 340
34 3 340
3 37 816
37 3 816
3 57 131
57 3 131
3 78 163
78 3 163
3 38 57
38 3 57
3 16 218
16 3 218
3 31 397
31 3 397
3 36 893
36 3 893
3 49 742
49 3 742
3 8 980
8 3 980
3 28 332
28 3 332
3 32 307
32 3 307
3 50 413
50 3 413
4 10 425
10 4 425
4 77 646
77 4 646
4 83 897
83 4 897
4 28 419
28 4 419
4 59 981
59 4 981
4 50 598
50 4 598
4 69 605
69 4 605
4 51 233
51 4 233
4 14 501
14 4 501
4 24 518
24 4 518
4 26 57
26 4 57
4 38 979
38 4 979
4 19 544
19 4 544
4 9 737
9 4 737
4 81 355
81 4 355
4 15 131
15 4 131
4 71 896
71 4 896
5 11 181
11 5 181
5 19 877
19 5 877
5 48 961
48 5 961
5 54 697
54 5 697
5 14 500
14 5 500
5 61 136
61 5 136
5 33 126
33 5 126
5 13 261
13 5 261
5 48 636
48 5 636
5 7 640
7 5 640
5 66 975
66 5 975
5 11 546
11 5 546
5 69 848
69 5 848
6 7 902
7 6 902
6 15 656
15 6 656
6 25 118
25 6 118
6 18 918
18 6 918
6 16 671
16 6 671
6 49 74
49 6 74
6 38 505
38 6 505
6 38 904
38 6 904
6 52 804
52 6 804
6 65 562
65 6 562
6 37 810
37 6 810
7 13 500
13 7 500
7 18 837
18 7 837
7 83 33
83 7 33
7 17 641
17 7 641
7 15 811
15 7 811
7 26 791
26 7 791
7 44 354
44 7 354
7 22 44
22 7 44
7 46 510
46 7 510
8 21 61
21 8 61
8 28 775
28 8 775
8 46 27
46 8 27
8 55 9
55 8 9
8 75 63
75 8 63
8 43 453
43 8 453
8 22 237
22 8 237
8 66 30
66 8 30
8 28 747
28 8 747
8 56 318
56 8 318
8 44 988
44 8 988
8 12 897
12 8 897
8 12 411
12 8 411
8 27 488
27 8 488
9 59 384
59 9 384
9 68 828
68 9 828
9 59 605
59 9 605
9 82 450
82 9 450
9 75 225
75 9 225
9 55 98
55 9 98
9 70 319
70 9 319
9 54 575
54 9 575
9 14 739
14 9 739
9 50 825
50 9 825
9 43 620
43 9 620
9 63 261
63 9 261
9 82 205
82 9 205
9 53 332
53 9 332
9 10 166
10 9 166
10 16 877
16 10 877
10 72 892
72 10 892
10 15 566
15 10 566
10 57 206
57 10 206
10 17 362
17 10 362
10 11 116
11 10 116
10 40 638
40 10 638
10 27 962
27 10 962
10 62 209
62 10 209
10 12 434
12 10 434
10 43 346
43 10 346
10 82 359
82 10 359
10 44 7
44 10 7
11 54 19
54 11 19
11 44 84
44 11 84
11 48 185
48 11 185
11 68 787
68 11 787
11 76 6
76 11 6
11 60 370
60 11 370
11 80 110
80 11 110
11 37 826
37 11 826
11 79 145
79 11 145
11 55 880
55 11 880
11 83 326
83 11 326
11 44 930
44 11 930
12 14 811
14 12 811
12 55 926
55 12 926
12 75 581
75 12 581
12 77 218
77 12 218
12 74 766
74 12 766
12 46 446
46 12 446
12 17 565
17 12 565
12 78 371
78 12 371
12 84 707
84 12 707
12 50 706
50 12 706
12 70 28
70 12 28
12 66 416
66 12 416
12 81 446
81 12 446
12 23 519
23 12 519
13 30 540
30 13 540
13 22 897
22 13 897
13 74 560
74 13 560
13 39 622
39 13 622
13 23 401
23 13 401
13 22 586
22 13 586
13 23 386
23 13 386
13 23 349
23 13 349
13 80 310
80 13 310
13 40 844
40 13 844
13 58 536
58 13 536
14 20 266
20 14 266
14 45 141
45 14 141
14 48 630
48 14 630
14 65 427
65 14 427
14 30 948
30 14 948
14 14 454
14 14 454
14 43 731
43 14 731
14 21 297
21 14 297
14 40 957
40 14 957
14 60 925
60 14 925
15 53 601
53 15 601
15 64 906
64 15 906
15 81 209
81 15 209
15 49 215
49 15 215
15 21 240
21 15 240
15 41 953
41 15 953
15 52 265
52 15 265
15 19 523
19 15 523
15 68 157
68 15 157
15 63 942
63 15 942
15 83 410
83 15 410
15 49 503
49 15 503
15 68 650
68 15 650
16 24 50
24 16 50
16 70 313
70 16 313
16 76 980
76 16 980
16 30 207
30 16 207
16 34 161
34 16 161
17 43 694
43 17 694
17 47 832
47 17 832
17 51 974
51 17 974
17 33 141
33 17 141
17 40 948
40 17 948
17 68 859
68 17 859
17 41 404
41 17 404
17 82 112
82 17 112
17 23 56
23 17 56
17 61 582
61 17 582
17 82 120
82 17 120
17 59 682
59 17 682
18 22 48
22 18 48
18 41 963
41 18 963
18 61 382
61 18 382
18 62 594
62 18 594
18 32 396
32 18 396
18 84 1
84 18 1
18 55 595
55 18 595
18 29 876
29 18 876
19 81 459
81 19 459
19 70 816
70 19 816
19 78 606
78 19 606
19 25 152
25 19 152
19 23 697
23 19 697
19 82 551
82 19 551
19 40 584
40 19 584
19 38 338
38 19 338
20 26 639
26 20 639
20 38 867
38 20 867
20 74 889
74 20 889
20 71 978
71 20 978
20 36 277
36 20 277
20 47 340
47 20 340
20 57 864
57 20 864
20 41 983
41 20 983
20 43 218
43 20 218
20 28 460
28 20 460
20 36 419
36 20 419
20 80 526
80 20 526
20 20 718
20 20 718
21 69 351
69 21 351
21 81 649
81 21 649
21 24 779
24 21 779
21 61 991
61 21 991
21 65 600
65 21 600
21 26 938
26 21 938
21 49 219
49 21 219
21 66 62
66 21 62
21 24 320
24 21 320
21 33 286
33 21 286
21 34 688
34 21 688
21 76 471
76 21 471
21 48 359
48 21 359
21 30 15
30 21 15
22 51 690
51 22 690
22 51 955
51 22 955
22 46 396
46 22 396
22 74 323
74 22 323
22 55 566
55 22 566
22 59 366
59 22 366
22 27 46
27 22 46
22 73 956
73 22 956
22 37 195
37 22 195
22 58 145
58 22 145
23 74 180
74 23 180
23 69 414
69 23 414
23 69 806
69 23 806
23 76 467
76 23 467
23 31 685
31 23 685
23 64 657
64 23 657
23 48 462
48 23 462
23 56 702
56 23 702
23 84 953
84 23 953
23 35 380
35 23 380
23 45 762
45 23 762
24 54 593
54 24 593
24 56 51
56 24 51
24 79 600
79 24 600
24 65 114
65 24 114
24 67 360
67 24 360
24 65 424
65 24 424
24 80 421
80 24 421
24 79 468
79 24 468
25 29 355
29 25 355
25 37 98
37 25 98
25 63 11
63 25 11
25 39 429
39 25 429
25 43 480
43 25 480
25 82 774
82 25 774
25 52 109
52 25 109
25 60 788
60 25 788
25 73 697
73 25 697
26 27 92
27 26 92
26 30 974
30 26 974
26 80 90
80 26 90
26 76 535
76 26 535
26 69 746
69 26 746
26 38 568
38 26 568
26 36 629
36 26 629
26 57 250
57 26 250
26 70 540
70 26 540
26 60 652
60 26 652
26 54 554
54 26 554
27 32 31
32 27 31
27 46 645
46 27 645
27 66 694
66 27 694
27 39 919
39 27 919
27 75 134
75 27 134
27 52 636
52 27 636
27 74 1000
74 27 1000
27 56 272
56 27 272
28 64 752
64 28 752
28 80 148
80 28 148
28 71 155
71 28 155
28 58 551
58 28 551
28 78 430
78 28 430
28 30 530
30 28 530
28 50 111
50 28 111
28 71 359
71 28 359
29 37 233
37 29 233
29 54 245
54 29 245
29 51 862
51 29 862
29 77 879
77 29 879
29 31 550
31 29 550
29 39 388
39 29 388
30 59 929
59 30 929
30 37 1000
37 30 1000
30 66 365
66 30 365
30 75 773
75 30 773
30 68 91
68 30 91
30 52 95
52 30 95
30 80 881
80 30 881
30 55 977
55 30 977
30 49 473
49 30 473
30 77 327
77 30 327
31 38 132
38 31 132
31 42 898
42 31 898
31 67 805
67 31 805
31 64 376
64 31 376
31 66 813
66 31 813
31 67 759
67 31 759
31 79 375
79 31 375
31 47 97
47 31 97
32 46 25
46 32 25
32 36 558
36 32 558
32 73 874
73 32 874
32 40 344
40 32 344
32 43 733
43 32 733
32 82 47
82 32 47
32 58 105
58 32 105
32 40 331
40 32 331
33 36 648
36 33 648
33 39 347
39 33 347
33 42 988
42 33 988
33 49 565
49 33 565
33 60 139
60 33 139
33 68 351
68 33 351
34 35 146
35 34 146
34 57 595
57 34 595
34 47 138
47 34 138
34 56 728
56 34 728
34 58 563
58 34 563
35 66 519
66 35 519
35 71 886
71 35 886
35 66 549
66 35 549
35 83 171
83 35 171
35 50 104
50 35 104
35 40 90
40 35 90
35 72 700
72 35 700
35 44 572
44 35 572
35 39 417
39 35 417
36 79 301
79 36 301
36 41 945
41 36 945
36 37 106
37 36 106
36 52 141
52 36 141
36 58 895
58 36 895
36 84 308
84 36 308
36 80 395
80 36 395
36 64 534
64 36 534
36 60 1000
60 36 1000
36 56 655
56 36 655
36 76 38
76 36 38
36 57 611
57 36 611
36 77 157
77 36 157
37 44 117
44 37 117
37 80 215
80 37 215
37 54 413
54 37 413
37 51 265
51 37 265
37 45 877
45 37 877
37 38 497
38 37 497
37 37 495
37 37 495
37 38 291
38 37 291
37 72 159
72 37 159
38 52 769
52 38 769
38 78 577
78 38 577
38 66 625
66 38 625
39 50 884
50 39 884
39 58 281
58 39 281
39 60 450
60 39 450
39 58 222
58 39 222
39 71 170
71 39 170
39 81 570
81 39 570
40 44 353
44 40 353
40 81 651
81 40 651
40 63 595
63 40 595
40 52 204
52 40 204
41 52 963
52 41 963
41 53 457
53 41 457
41 53 945
53 41 945
41 82 26
82 41 26
41 42 841
42 41 841
41 42 26
42 41 26
41 81 113
81 41 113
41 68 954
68 41 954
41 69 367
69 41 367
41 77 183
77 41 183
41 47 850
47 41 850
42 60 566
60 42 566
42 74 735
74 42 735
42 80 18
80 42 18
42 58 47
58 42 47
42 70 497
70 42 497
42 56 178
56 42 178
42 45 216
45 42 216
43 44 808
44 43 808
44 49 760
49 44 760
44 82 226
82 44 226
44 63 210
63 44 210
44 74 197
74 44 197
45 80 896
80 45 896
45 84 940
84 45 940
45 77 830
77 45 830
45 76 545
76 45 545
45 60 54
60 45 54
45 60 634
60 45 634
46 70 458
70 46 458
46 80 218
80 46 218
46 73 584
73 46 584
46 54 25
54 46 25
47 71 936
71 47 936
47 72 668
72 47 668
47 62 621
62 47 621
48 57 407
57 48 407
48 81 334
81 48 334
48 82 442
82 48 442
48 60 563
60 48 563
48 52 576
52 48 576
48 50 200
50 48 200
48 72 119
72 48 119
48 75 284
75 48 284
48 54 431
54 48 431
49 70 316
70 49 316
49 72 40
72 49 40
49 53 90
53 49 90
49 82 735
82 49 735
49 83 780
83 49 780
50 82 830
82 50 830
50 69 663
69 50 663
50 76 374
76 50 374
50 80 284
80 50 284
50 76 425
76 50 425
50 65 75
65 50 75
51 71 123
71 51 123
51 70 549
70 51 549
51 68 639
68 51 639
51 66 226
66 51 226
51 68 322
68 51 322
51 72 333
72 51 333
52 62 123
62 52 123
52 80 369
80 52 369
52 77 78
77 52 78
53 66 774
66 53 774
53 62 847
62 53 847
53 61 791
61 53 791
53 69 557
69 53 557
53 73 781
73 53 781
53 70 275
70 53 275
54 84 93
84 54 93
54 64 652
64 54 652
55 65 711
65 55 711
55 73 252
73 55 252
55 78 722
78 55 722
55 55 934
55 55 934
56 68 423
68 56 423
56 56 340
56 56 340
57 63 928
63 57 928
57 67 640
67 57 640
57 64 330
64 57 330
58 75 473
75 58 473
58 76 684
76 58 684
58 62 621
62 58 621
58 65 61
65 58 61
58 68 666
68 58 666
58 80 207
80 58 207
59 74 252
74 59 252
59 67 986
67 59 986
59 81 404
81 59 404
60 67 554
67 60 554
61 73 17
73 61 17
62 63 619
63 62 619
62 74 72
74 62 72
62 71 483
71 62 483
62 67 938
67 62 938
63 72 366
72 63 366
63 81 828
81 63 828
63 80 814
80 63 814
63 76 116
76 63 116
64 83 473
83 64 473
64 75 522
75 64 522
65 76 57
76 65 57
65 84 270
84 65 270
67 78 757
78 67 757
68 72 233
72 68 233
68 77 873
77 68 873
69 70 435
70 69 435
69 76 583
76 69 583
70 70 931
70 70 931
70 77 643
77 70 643
70 74 758
74 70 758
71 76 919
76 71 919
72 75 142
75 72 142
73 81 397
81 73 397
73 74 720
74 73 720
73 77 230
77 73 230
73 83 183
83 73 183
74 78 876
78 74 876
74 74 125
74 74 125
74 76 753
76 74 753
75 77 762
77 75 762
75 80 410
80 75 410
76 84 736
84 76 736
76 78 490
78 76 490
78 84 707
84 78 707
79 81 807
81 79 807
80 84 431
84 80 431
80 84 223
84 80 223
81 83 615
83 81 615
