92

0 1 468
1 0 468
0 17 945
17 0 945
0 18 304
18 0 304
0 23 254
23 0 254
0 52 181
52 0 181
0 73 548
73 0 548
0 29 413
29 0 413
1 2 541
2 1 541
1 4 231
4 1 231
1 24 77
24 1 77
1 32 892
32 1 892
1 47 542
47 1 542
1 51 299
51 1 299
2 3 269
3 2 269
2 5 723
5 2 723
2 89 542
89 2 542
2 80 641
80 2 641
2 11 224
11 2 224
3 20 381
20 3 381
3 38 296
38 3 296
3 40 662
40 3 662
3 43 56
43 3 56
5 6 80
6 5 80
5 10 218
10 5 218
5 15 436
15 5 436
5 26 81
26 5 81
6 7 840
7 6 840
6 8 475
8 6 475
6 9 509
9 6 509
6 14 366
14 6 366
6 31 711
31 6 711
6 49 836
49 6 836
6 69 961
69 6 961
6 85 880
85 6 880
7 55 726
55 7 726
8 11 304
11 8 304
8 19 62
19 8 62
9 12 14
12 9 14
10 36 515
36 10 515
10 50 17
50 10 17
11 76 750
76 11 750
11 17 191
17 11 191
12 13 907
13 12 907
13 25 729
25 13 729
13 35 815
35 13 815
13 37 969
37 13 969
13 83 292
83 13 292
13 49 360
49 13 360
13 74 943
74 13 943
15 16 612
16 15 612
15 46 848
46 15 848
16 48 870
48 16 870
16 86 588
86 16 588
17 21 508
21 17 508
17 27 967
27 17 967
19 22 957
22 19 957
19 33 919
33 19 919
19 56 430
56 19 430
21 39 718
39 21 718
21 71 18
71 21 18
22 87 529
87 22 529
24 28 52
28 24 52
24 42 691
42 24 691
26 29 947
29 26 947
26 30 506
30 26 506
26 67 94
67 26 94
27 61 732
61 27 732
27 31 433
31 27 433
29 63 72
63 29 72
30 34 388
34 30 388
30 65 266
65 30 266
30 78 998
78 30 998
31 54 182
54 31 182
31 59 892
59 31 892
31 79 898
79 31 898
35 80 32
80 35 32
36 85 468
85 36 468
37 62 724
62 37 724
38 41 788
41 38 788
38 44 270
44 38 270
38 77 143
77 38 143
38 84 581
84 38 581
38 82 590
82 38 590
41 60 5
60 41 5
41 90 182
90 41 182
42 45 537
45 42 537
42 87 2
87 42 2
42 57 284
57 42 284
43 64 354
64 43 354
43 75 310
75 43 310
44 63 929
63 44 929
45 70 774
70 45 774
46 56 325
56 46 325
47 57 820
57 47 820
47 66 965
66 47 965
47 81 848
81 47 848
48 82 715
82 48 715
51 53 590
53 51 590
51 91 852
91 51 852
53 58 144
58 53 144
53 88 33
88 53 33
53 58 40
58 53 40
54 72 387
72 54 387
56 89 784
89 56 784
58 68 928
68 58 928
59 90 622
90 59 622
64 77 458
77 64 458
69 72 233
72 69 233
73 74 584
74 73 584
