95

0 1 727
1 0 727
0 2 217
2 0 217
0 3 793
3 0 793
0 4 672
4 0 672
0 11 874
11 0 874
0 72 759
72 0 759
0 77 403
77 0 403
0 3 703
3 0 703
0 41 366
41 0 366
0 34 172
34 0 172
0 33 999
33 0 999
0 1 816
1 0 816
0 11 152
11 0 152
0 20 205
20 0 205
0 25 675
25 0 675
0 17 839
17 0 839
0 8 212
8 0 212
0 52 953
52 0 953
0 45 666
45 0 666
0 15 301
15 0 301
1 46 524
46 1 524
1 14 566
14 1 566
1 20 14
20 1 14
1 59 843
59 1 843
1 90 425
90 1 425
1 74 482
74 1 482
2 6 118
6 2 118
2 27 731
27 2 731
2 26 777
26 2 777
2 44 69
44 2 69
2 51 35
51 2 35
2 7 705
7 2 705
2 71 168
71 2 168
2 30 187
30 2 187
2 59 563
59 2 563
2 19 76
19 2 76
2 81 813
81 2 813
2 3 724
3 2 724
2 37 97
37 2 97
2 89 949
89 2 949
2 84 328
84 2 328
2 14 420
14 2 420
3 5 477
5 3 477
3 8 299
8 3 299
3 12 865
12 3 865
3 36 8
36 3 8
3 59 7
59 3 7
3 79 260
79 3 260
3 21 932
21 3 932
3 40 234
40 3 234
3 68 640
68 3 640
3 21 532
21 3 532
3 52 328
52 3 328
3 17 564
17 3 564
3 26 369
26 3 369
4 7 701
7 4 701
4 9 240
9 4 240
4 31 219
31 4 219
4 48 246
48 4 246
4 82 469
82 4 469
4 67 228
67 4 228
4 45 501
45 4 501
4 59 170
59 4 170
5 20 330
20 5 330
5 21 747
21 5 747
5 55 483
55 5 483
5 40 736
40 5 736
5 56 772
56 5 772
5 79 447
79 5 447
5 48 413
48 5 413
5 72 352
72 5 352
5 8 662
8 5 662
5 38 935
38 5 935
5 8 371
8 5 371
5 14 465
14 5 465
5 51 538
51 5 538
6 26 953
26 6 953
6 18 460
18 6 460
6 30 535
30 6 535
6 44 497
44 6 497
6 74 284
74 6 284
6 52 395
52 6 395
6 64 60
64 6 60
6 84 839
84 6 839
6 24 624
24 6 624
6 49 537
49 6 537
6 82 757
82 6 757
7 13 57
13 7 57
7 44 730
44 7 730
7 37 824
37 7 824
7 15 260
15 7 260
7 84 468
84 7 468
7 21 37
21 7 37
7 48 484
48 7 484
7 69 652
69 7 652
7 61 652
61 7 652
7 13 168
13 7 168
7 9 935
9 7 935
7 18 477
18 7 477
7 86 72
86 7 72
8 10 863
10 8 863
8 49 821
49 8 821
8 59 73
59 8 73
8 33 755
33 8 755
8 91 846
91 8 846
8 71 508
71 8 508
8 16 221
16 8 221
8 83 912
83 8 912
8 60 558
60 8 558
8 36 215
36 8 215
9 69 222
69 9 222
9 85 838
85 9 838
9 12 509
12 9 509
9 93 830
93 9 830
9 51 71
51 9 71
9 17 89
17 9 89
9 60 749
60 9 749
10 61 114
61 10 114
10 48 228
48 10 228
10 60 725
60 10 725
10 58 933
58 10 933
10 20 149
20 10 149
10 68 870
68 10 870
10 61 288
61 10 288
10 63 172
63 10 172
10 29 901
29 10 901
10 54 795
54 10 795
10 25 689
25 10 689
10 29 84
29 10 84
10 85 186
85 10 186
10 44 53
44 10 53
10 69 616
69 10 616
11 53 302
53 11 302
11 58 237
58 11 237
11 42 570
42 11 570
11 75 671
75 11 671
11 61 715
61 11 715
11 62 506
62 11 506
11 87 317
87 11 317
11 62 431
62 11 431
11 68 192
68 11 192
11 55 937
55 11 937
11 19 554
19 11 554
12 46 918
46 12 918
12 56 5
56 12 5
12 70 563
70 12 563
12 32 799
32 12 799
12 85 249
85 12 249
12 75 277
75 12 277
12 85 766
85 12 766
12 94 944
94 12 944
13 14 809
14 13 809
13 51 384
51 13 384
13 50 923
50 13 923
13 40 35
40 13 35
13 53 592
53 13 592
13 75 971
75 13 971
13 81 628
81 13 628
13 25 800
25 13 800
13 75 264
75 13 264
13 34 268
34 13 268
13 43 922
43 13 922
13 32 161
32 13 161
13 91 191
91 13 191
13 86 730
86 13 730
13 30 233
30 13 233
13 82 569
82 13 569
13 82 766
82 13 766
13 14 291
14 13 291
14 15 835
15 14 835
14 18 78
18 14 78
14 38 978
38 14 978
14 83 67
83 14 67
14 58 22
58 14 22
14 20 438
20 14 438
14 55 115
55 14 115
14 76 874
76 14 874
14 55 998
55 14 998
14 76 202
76 14 202
15 16 864
16 15 864
15 17 815
17 15 815
15 22 749
22 15 749
15 66 280
66 15 280
15 89 854
89 15 854
15 74 98
74 15 98
15 29 547
29 15 547
15 32 348
32 15 348
15 80 694
80 15 694
16 37 639
37 16 639
16 42 277
42 16 277
16 64 910
64 16 910
16 65 167
65 16 167
16 37 557
37 16 557
16 72 220
72 16 220
16 43 894
43 16 894
16 55 820
55 16 820
16 75 712
75 16 712
16 78 172
78 16 172
16 66 758
66 16 758
16 59 334
59 16 334
16 63 457
63 16 457
16 87 332
87 16 332
17 19 300
19 17 300
17 74 259
74 17 259
17 37 789
37 17 789
17 31 724
31 17 724
17 29 916
29 17 916
17 53 854
53 17 854
17 30 937
30 17 937
17 33 220
33 17 220
17 93 970
93 17 970
17 64 11
64 17 11
17 47 357
47 17 357
17 72 160
72 17 160
17 57 551
57 17 551
17 30 991
30 17 991
17 26 709
26 17 709
18 22 317
22 18 317
18 34 984
34 18 984
18 43 992
43 18 992
18 80 505
80 18 505
18 74 914
74 18 914
18 59 897
59 18 897
18 75 887
75 18 887
18 45 472
45 18 472
18 69 825
69 18 825
18 93 138
93 18 138
18 36 756
36 18 756
18 91 427
91 18 427
18 72 955
72 18 955
18 70 912
70 18 912
18 89 676
89 18 676
18 29 977
29 18 977
18 60 311
60 18 311
19 25 326
25 19 326
19 37 713
37 19 713
19 59 503
59 19 503
19 45 398
45 19 398
19 23 930
23 19 930
20 32 773
32 20 773
20 55 583
55 20 583
20 92 729
92 20 729
20 50 200
50 20 200
20 86 997
86 20 997
20 48 926
48 20 926
21 23 557
23 21 557
21 41 612
41 21 612
21 54 831
54 21 831
21 46 475
46 21 475
21 22 78
22 21 78
21 73 550
73 21 550
21 57 235
57 21 235
21 52 527
52 21 527
21 71 196
71 21 196
21 27 722
27 21 722
21 88 16
88 21 16
21 37 872
37 21 872
21 58 776
58 21 776
21 38 258
38 21 258
22 24 258
24 22 258
22 30 788
30 22 788
22 57 171
57 22 171
22 62 137
62 22 137
22 59 489
59 22 489
22 80 705
80 22 705
22 88 510
88 22 510
22 32 647
32 22 647
22 43 831
43 22 831
22 43 346
43 22 346
22 88 56
88 22 56
22 94 202
94 22 202
22 84 924
84 22 924
23 39 302
39 23 302
23 93 788
93 23 788
23 76 87
76 23 87
23 85 23
85 23 23
23 56 465
56 23 465
23 89 323
89 23 323
23 34 546
34 23 546
23 59 739
59 23 739
23 36 272
36 23 272
23 27 120
27 23 120
23 93 447
93 23 447
23 89 296
89 23 296
24 28 651
28 24 651
24 33 659
33 24 659
24 85 957
85 24 957
24 67 890
67 24 890
24 70 261
70 24 261
24 43 118
43 24 118
24 27 980
27 24 980
25 29 666
29 25 666
25 40 614
40 25 614
25 44 552
44 25 552
25 78 160
78 25 160
25 81 292
81 25 292
25 38 749
38 25 749
26 35 294
35 26 294
26 46 114
46 26 114
26 34 352
34 26 352
26 84 423
84 26 423
26 69 893
69 26 893
26 51 869
51 26 869
26 62 156
62 26 156
26 39 881
39 26 881
26 40 202
40 26 202
26 57 628
57 26 628
26 59 162
59 26 162
26 42 319
42 26 319
26 30 58
30 26 58
26 75 895
75 26 895
27 37 223
37 27 223
27 75 555
75 27 555
27 64 417
64 27 417
27 72 246
72 27 246
27 71 204
71 27 204
27 27 135
27 27 135
27 57 435
57 27 435
27 80 726
80 27 726
27 81 285
81 27 285
27 57 35
57 27 35
28 91 312
91 28 312
28 91 183
91 28 183
28 82 910
82 28 910
28 65 35
65 28 35
28 38 861
38 28 861
28 44 973
44 28 973
29 93 98
93 29 98
29 30 281
30 29 281
29 41 532
41 29 532
29 63 785
63 29 785
29 69 931
69 29 931
29 44 668
44 29 668
29 83 258
83 29 258
29 29 28
29 29 28
29 49 823
49 29 823
30 50 969
50 30 969
30 84 55
84 30 55
30 41 305
41 30 305
30 61 257
61 30 257
30 39 181
39 30 181
30 45 578
45 30 578
30 72 353
72 30 353
30 45 942
45 30 942
30 61 348
61 30 348
31 44 595
44 31 595
31 38 297
38 31 297
31 41 682
41 31 682
31 88 670
88 31 670
31 56 837
56 31 837
31 92 177
92 31 177
31 36 473
36 31 473
31 85 976
85 31 976
31 84 755
84 31 755
31 35 266
35 31 266
31 65 856
65 31 856
31 61 249
61 31 249
32 83 320
83 32 320
32 67 888
67 32 888
32 37 125
37 32 125
32 81 372
81 32 372
32 55 32
55 32 32
32 40 388
40 32 388
32 55 419
55 32 419
32 44 690
44 32 690
33 58 470
58 33 470
33 61 916
61 33 916
33 86 260
86 33 260
33 86 678
86 33 678
33 76 630
76 33 630
33 49 394
49 33 394
33 42 91
42 33 91
33 55 277
55 33 277
33 55 361
55 33 361
34 65 975
65 34 975
34 73 577
73 34 577
34 62 51
62 34 51
34 46 613
46 34 613
35 76 645
76 35 645
35 94 64
94 35 64
35 40 103
40 35 103
35 67 812
67 35 812
35 56 864
56 35 864
35 38 177
38 35 177
36 71 959
71 36 959
36 70 602
70 36 602
36 68 64
68 36 64
36 51 206
51 36 206
37 55 6
55 37 6
37 51 305
51 37 305
37 50 928
50 37 928
37 70 108
70 37 108
37 69 646
69 37 646
37 76 745
76 37 745
37 79 522
79 37 522
38 71 997
71 38 997
38 73 211
73 38 211
38 85 140
85 38 140
38 44 13
44 38 13
38 93 599
93 38 599
38 52 199
52 38 199
38 71 64
71 38 64
38 90 835
90 38 835
38 93 17
93 38 17
38 79 767
79 38 767
39 45 694
45 39 694
39 80 335
80 39 335
39 84 755
84 39 755
39 49 618
49 39 618
39 66 860
66 39 860
39 49 423
49 39 423
39 45 41
45 39 41
39 89 958
89 39 958
39 46 673
46 39 673
39 87 458
87 39 458
40 49 803
49 40 803
40 91 464
91 40 464
40 91 163
91 40 163
40 47 407
47 40 407
40 87 878
87 40 878
40 94 520
94 40 520
40 46 803
46 40 803
40 48 4
48 40 4
41 89 598
89 41 598
41 79 817
79 41 817
41 86 484
86 41 484
41 93 586
93 41 586
41 94 24
94 41 24
42 50 177
50 42 177
42 57 563
57 42 563
42 62 209
62 42 209
42 72 836
72 42 836
42 65 580
65 42 580
43 88 700
88 43 700
43 65 913
65 43 913
43 43 348
43 43 348
43 75 400
75 43 400
44 90 431
90 44 431
44 62 200
62 44 200
45 52 683
52 45 683
45 48 150
48 45 150
45 51 930
51 45 930
45 52 24
52 45 24
45 92 650
92 45 650
45 62 129
62 45 129
46 47 419
47 46 419
46 58 787
58 46 787
46 83 840
83 46 840
47 53 723
53 47 723
47 60 715
60 47 715
47 55 190
55 47 190
47 86 897
86 47 897
48 89 929
89 48 929
48 78 348
78 48 348
48 88 221
88 48 221
48 70 897
70 48 897
48 64 461
64 48 461
49 78 302
78 49 302
49 50 485
50 49 485
49 85 75
85 49 75
49 94 799
94 49 799
50 68 727
68 50 727
50 72 573
72 50 573
50 90 270
90 50 270
50 74 434
74 50 434
50 58 547
58 50 547
50 64 551
64 50 551
50 58 656
58 50 656
51 56 281
56 51 281
51 70 642
70 51 642
51 81 532
81 51 532
51 89 487
89 51 487
51 85 597
85 51 597
51 74 812
74 51 812
51 66 666
66 51 666
52 67 151
67 52 151
52 82 381
82 52 381
52 74 170
74 52 170
52 90 14
90 52 14
52 66 909
66 52 909
52 60 202
60 52 202
53 63 447
63 53 447
53 94 660
94 53 660
53 54 798
54 53 798
53 65 224
65 53 224
53 55 975
55 53 975
53 75 967
75 53 967
53 57 43
57 53 43
53 63 612
63 53 612
54 93 271
93 54 271
55 87 999
87 55 999
55 68 856
68 55 856
55 55 41
55 55 41
55 56 803
56 55 803
55 56 43
56 55 43
55 94 384
94 55 384
55 90 10
90 55 10
56 65 419
65 56 419
56 73 69
73 56 69
56 94 975
94 56 975
57 91 788
91 57 788
57 82 848
82 57 848
57 82 531
82 57 531
58 88 439
88 58 439
58 84 261
84 58 261
59 60 437
60 59 437
59 82 290
82 59 290
59 66 9
66 59 9
59 90 674
90 59 674
59 85 302
85 59 302
59 62 798
62 59 798
59 85 479
85 59 479
59 60 378
60 59 378
60 78 107
78 60 107
60 65 362
65 60 362
60 87 321
87 60 321
60 86 47
86 60 47
61 75 26
75 61 26
61 66 89
66 61 89
62 81 335
81 62 335
62 67 291
67 62 291
62 73 731
73 62 731
63 66 782
66 63 782
63 81 324
81 63 324
63 83 449
83 63 449
63 64 404
64 63 404
63 66 357
66 63 357
63 90 80
90 63 80
64 78 989
78 64 989
64 79 457
79 64 457
64 85 852
85 64 852
64 94 122
94 64 122
64 79 715
79 64 715
64 77 271
77 64 271
65 66 625
66 65 625
65 86 155
86 65 155
65 76 751
76 65 751
65 83 159
83 65 159
65 76 452
76 65 452
65 80 322
80 65 322
66 77 987
77 66 987
66 75 133
75 66 133
66 82 522
82 66 522
66 70 155
70 66 155
66 69 628
69 66 628
67 86 712
86 67 712
67 92 399
92 67 399
67 83 34
83 67 34
68 86 941
86 68 941
68 77 221
77 68 221
68 79 219
79 68 219
68 91 909
91 68 909
69 80 970
80 69 970
69 78 463
78 69 463
69 80 701
80 69 701
69 75 281
75 69 281
70 77 587
77 70 587
70 85 625
85 70 625
70 93 747
93 70 747
70 78 978
78 70 978
71 75 319
75 71 319
71 78 283
78 71 283
71 94 80
94 71 80
72 72 671
72 72 671
72 89 809
89 72 809
73 92 734
92 73 734
73 90 806
90 73 806
73 92 1000
92 73 1000
73 76 66
76 73 66
73 85 811
85 73 811
73 74 127
74 73 127
73 80 806
80 73 806
74 93 774
93 74 774
75 90 812
90 75 812
75 79 536
79 75 536
75 82 529
82 75 529
75 84 483
84 75 483
76 92 450
92 76 450
76 91 735
91 76 735
77 83 665
83 77 665
79 83 362
83 79 362
79 92 644
92 79 644
80 91 682
91 80 682
80 83 546
83 80 546
80 85 917
85 80 917
81 90 663
90 81 663
82 87 894
87 82 894
83 89 570
89 83 570
83 91 291
91 83 291
84 93 119
93 84 119
86 91 726
91 86 726
88 90 528
90 88 528
88 93 86
93 88 86
90 91 843
91 90 843
