91

0 1 763
1 0 763
0 2 205
2 0 205
0 3 676
3 0 676
0 4 795
4 0 795
0 5 742
5 0 742
0 6 833
6 0 833
0 8 827
8 0 827
0 10 103
10 0 103
0 12 312
12 0 312
0 22 409
22 0 409
0 31 214
31 0 214
0 79 883
79 0 883
0 38 200
38 0 200
0 41 223
41 0 223
0 30 918
30 0 918
0 65 213
65 0 213
0 81 784
81 0 784
1 33 901
33 1 901
1 8 588
8 1 588
1 79 474
79 1 474
1 46 345
46 1 345
1 29 869
29 1 869
1 51 955
51 1 955
1 7 551
7 1 551
1 15 948
15 1 948
1 32 54
32 1 54
2 26 719
26 2 719
2 30 65
30 2 65
2 20 96
20 2 96
2 79 150
79 2 150
2 31 479
31 2 479
2 21 384
21 2 384
3 9 949
9 3 949
3 23 151
23 3 151
3 25 967
25 3 967
3 36 133
36 3 133
3 21 935
21 3 935
3 29 80
29 3 80
3 76 227
76 3 227
3 44 479
44 3 479
3 42 845
42 3 845
3 63 978
63 3 978
3 78 284
78 3 284
3 58 654
58 3 654
4 41 887
41 4 887
4 49 208
49 4 208
4 53 872
53 4 872
4 85 613
85 4 613
4 87 947
87 4 947
4 8 103
8 4 103
4 10 155
10 4 155
4 89 807
89 4 807
4 25 357
25 4 357
4 73 901
73 4 901
4 47 529
47 4 529
4 53 366
53 4 366
4 31 424
31 4 424
4 80 552
80 4 552
5 13 743
13 5 743
5 21 144
21 5 144
5 60 17
60 5 17
5 56 162
56 5 162
5 34 328
34 5 328
5 13 583
13 5 583
5 72 384
72 5 384
6 7 236
7 6 236
6 16 194
16 6 194
6 47 147
47 6 147
6 20 242
20 6 242
6 57 975
57 6 975
6 19 117
19 6 117
7 81 479
81 7 479
7 40 361
40 7 361
7 51 805
51 7 805
7 52 445
52 7 445
7 49 281
49 7 281
8 19 534
19 8 534
8 48 511
48 8 511
8 70 172
70 8 172
8 79 400
79 8 400
8 87 856
87 8 856
8 34 923
34 8 923
8 67 211
67 8 211
8 84 640
84 8 640
8 42 412
42 8 412
8 38 800
38 8 800
8 65 924
65 8 924
9 17 983
17 9 983
9 18 504
18 9 504
9 64 83
64 9 83
9 65 60
65 9 60
9 16 165
16 9 165
9 36 719
36 9 719
9 61 572
61 9 572
10 11 380
11 10 380
10 15 540
15 10 540
10 35 688
35 10 688
10 50 598
50 10 598
10 55 62
55 10 62
10 12 330
12 10 330
10 32 231
32 10 231
10 17 327
17 10 327
10 61 108
61 10 108
10 46 159
46 10 159
10 72 160
72 10 160
10 53 714
53 10 714
10 19 925
19 10 925
11 14 517
14 11 517
11 20 67
20 11 67
11 24 666
24 11 666
11 40 284
40 11 284
11 29 466
29 11 466
11 19 898
19 11 898
11 31 787
31 11 787
11 66 687
66 11 687
11 50 349
50 11 349
11 58 39
58 11 39
11 16 226
16 11 226
11 53 522
53 11 522
11 80 874
80 11 874
11 70 924
70 11 924
11 24 780
24 11 780
12 22 508
22 12 508
12 20 630
20 12 630
12 75 40
75 12 40
12 72 688
72 12 688
12 65 808
65 12 808
13 30 107
30 13 107
13 39 197
39 13 197
13 64 232
64 13 232
13 40 392
40 13 392
13 66 600
66 13 600
13 19 126
19 13 126
13 27 431
27 13 431
14 78 190
78 14 190
14 85 778
85 14 778
14 36 543
36 14 543
14 39 699
39 14 699
14 71 529
71 14 529
15 27 906
27 15 906
15 34 371
34 15 371
15 86 886
86 15 886
15 23 955
23 15 955
15 43 749
43 15 749
15 87 896
87 15 896
15 85 651
85 15 651
15 75 805
75 15 805
15 45 604
45 15 604
15 33 895
33 15 895
15 53 403
53 15 403
15 62 933
62 15 933
15 20 564
20 15 564
16 54 433
54 16 433
16 72 876
72 16 876
16 72 235
72 16 235
16 61 512
61 16 512
16 81 112
81 16 112
16 45 681
45 16 681
16 72 375
72 16 375
16 40 78
40 16 78
17 78 991
78 17 991
17 67 180
67 17 180
17 79 166
79 17 166
18 52 839
52 18 839
18 61 151
61 18 151
18 62 540
62 18 540
18 67 335
67 18 335
18 19 523
19 18 523
18 40 239
40 18 239
18 61 622
61 18 622
19 65 358
65 19 358
19 43 527
43 19 527
19 64 725
64 19 725
19 42 571
42 19 571
20 32 628
32 20 628
20 43 111
43 20 111
20 58 933
58 20 933
20 32 565
32 20 565
21 80 349
80 21 349
21 77 92
77 21 92
21 34 590
34 21 590
21 45 637
45 21 637
21 36 501
36 21 501
21 66 301
66 21 301
22 56 901
56 22 901
22 57 664
57 22 664
22 32 362
32 22 362
22 59 899
59 22 899
22 47 581
47 22 581
22 64 180
64 22 180
22 82 656
82 22 656
22 23 561
23 22 561
23 76 224
76 23 224
23 44 853
44 23 853
23 32 940
32 23 940
23 31 394
31 23 394
24 28 875
28 24 875
24 29 126
29 24 126
24 64 124
64 24 124
24 31 341
31 24 341
24 82 26
82 24 26
24 83 1000
83 24 1000
24 85 681
85 24 681
24 44 463
44 24 463
25 42 48
42 25 48
25 43 745
43 25 745
25 41 332
41 25 332
25 32 794
32 25 794
25 56 197
56 25 197
25 47 187
47 25 187
25 73 788
73 25 788
25 33 182
33 25 182
25 35 808
35 25 808
25 86 441
86 25 441
26 67 43
67 26 43
26 53 880
53 26 880
26 78 653
78 26 653
26 81 94
81 26 94
26 89 697
89 26 697
26 47 584
47 26 584
26 38 834
38 26 834
26 58 427
58 26 427
26 29 190
29 26 190
27 44 184
44 27 184
27 81 567
81 27 567
27 46 523
46 27 523
27 70 560
70 27 560
27 46 999
46 27 999
27 73 307
73 27 307
27 39 699
39 27 699
28 82 378
82 28 378
28 57 802
57 28 802
28 30 924
30 28 924
28 35 196
35 28 196
28 69 369
69 28 369
28 72 290
72 28 290
29 55 235
55 29 235
29 31 989
31 29 989
29 55 644
55 29 644
29 61 389
61 29 389
29 82 603
82 29 603
29 60 582
60 29 582
30 83 615
83 30 615
30 88 744
88 30 744
30 32 931
32 30 931
31 73 753
73 31 753
31 90 654
90 31 654
31 34 347
34 31 347
32 45 992
45 32 992
32 46 167
46 32 167
32 65 171
65 32 171
32 83 731
83 32 731
33 79 95
79 33 95
33 82 480
82 33 480
33 61 232
61 33 232
33 42 73
42 33 73
34 38 858
38 34 858
34 73 44
73 34 44
34 44 468
44 34 468
34 44 630
44 34 630
35 89 416
89 35 416
35 41 311
41 35 311
35 82 746
82 35 746
35 70 85
70 35 85
35 44 803
44 35 803
35 71 968
71 35 968
36 37 159
37 36 159
36 58 153
58 36 153
36 69 113
69 36 113
36 76 353
76 36 353
36 61 913
61 36 913
36 65 611
65 36 611
37 71 553
71 37 553
37 39 239
39 37 239
37 37 528
37 37 528
37 89 409
89 37 409
37 40 589
40 37 589
37 62 163
62 37 163
37 56 580
56 37 580
37 76 726
76 37 726
38 51 469
51 38 469
38 68 877
68 38 877
38 88 413
88 38 413
38 68 196
68 38 196
38 82 317
82 38 317
38 75 618
75 38 618
38 80 80
80 38 80
38 49 917
49 38 917
39 61 779
61 39 779
40 72 51
72 40 51
40 65 183
65 40 183
40 42 616
42 40 616
40 88 973
88 40 973
41 90 495
90 41 495
41 71 350
71 41 350
42 77 290
77 42 290
42 74 471
74 42 471
42 83 183
83 42 183
42 87 534
87 42 534
43 74 570
74 43 570
43 66 249
66 43 249
43 73 811
73 43 811
43 68 756
68 43 756
43 51 392
51 43 392
44 66 240
66 44 240
44 77 398
77 44 398
44 51 980
51 44 980
45 75 790
75 45 790
45 84 861
84 45 861
45 71 22
71 45 22
45 60 794
60 45 794
45 52 805
52 45 805
45 49 667
49 45 667
45 47 940
47 45 940
45 74 916
74 45 916
45 83 749
83 45 749
45 49 693
49 45 693
46 63 349
63 46 349
46 49 704
49 46 704
47 89 94
89 47 94
47 56 629
56 47 629
47 79 568
79 47 568
47 77 664
77 47 664
48 74 83
74 48 83
48 77 515
77 48 515
49 63 301
63 49 301
49 76 518
76 49 518
50 66 415
66 50 415
51 90 550
90 51 550
51 64 247
64 51 247
51 52 528
52 51 528
52 68 439
68 52 439
53 88 714
88 53 714
53 57 338
57 53 338
53 80 101
80 53 101
53 76 207
76 53 207
54 80 10
80 54 10
54 72 803
72 54 803
54 90 548
90 54 548
54 69 788
69 54 788
54 62 299
62 54 299
55 79 297
79 55 297
55 64 97
64 55 97
55 76 280
76 55 280
55 64 587
64 55 587
55 63 535
63 55 535
55 78 973
78 55 973
56 89 728
89 56 728
57 59 947
59 57 947
58 86 233
86 58 233
58 76 884
76 58 884
58 67 1
67 58 1
59 76 263
76 59 263
59 82 865
82 59 865
59 71 804
71 59 804
59 70 550
70 59 550
59 74 235
74 59 235
60 83 190
83 60 190
60 81 768
81 60 768
60 75 286
75 60 286
61 85 590
85 61 590
61 76 154
76 61 154
61 82 525
82 61 525
62 65 130
65 62 130
63 77 780
77 63 780
63 89 583
89 63 583
63 73 517
73 63 517
64 69 704
69 64 704
64 70 786
70 64 786
64 76 765
76 64 765
64 79 865
79 64 865
64 73 963
73 64 963
64 80 21
80 64 21
65 74 761
74 65 761
65 68 380
68 65 380
66 87 424
87 66 424
70 87 268
87 70 268
70 79 523
79 70 523
71 83 186
83 71 186
71 79 583
79 71 583
73 82 144
82 73 144
73 89 959
89 73 959
73 85 670
85 73 670
74 83 944
83 74 944
74 88 43
88 74 43
74 79 944
79 74 944
76 76 27
76 76 27
77 87 924
87 77 924
77 82 773
82 77 773
79 88 423
88 79 423
79 90 945
90 79 945
79 80 600
80 79 600
79 81 193
81 79 193
80 90 125
90 80 125
81 84 387
84 81 387
84 90 262
90 84 262
88 90 652
90 88 652
