85

0 1 918
1 0 918
0 3 390
3 0 390
0 4 900
4 0 900
0 8 309
8 0 309
0 84 659
84 0 659
0 38 21
38 0 21
0 57 485
57 0 485
0 34 327
34 0 327
0 77 778
77 0 778
0 78 19
78 0 19
1 2 121
2 1 121
1 7 890
7 1 890
1 18 322
18 1 322
1 22 994
22 1 994
1 42 794
42 1 794
1 35 10
35 1 10
1 82 139
82 1 139
1 27 931
27 1 931
1 32 481
32 1 481
1 41 683
41 1 683
1 48 793
48 1 793
1 31 777
31 1 777
2 10 148
10 2 148
2 38 62
38 2 62
2 69 296
69 2 296
2 60 926
60 2 926
2 16 328
16 2 328
2 61 431
61 2 431
2 28 478
28 2 478
2 12 387
12 2 387
2 35 565
35 2 565
2 64 308
64 2 308
2 66 549
66 2 549
2 71 785
71 2 785
2 80 138
80 2 138
3 24 178
24 3 178
3 76 964
76 3 964
3 13 779
13 3 779
3 44 25
44 3 25
3 78 110
78 3 110
3 20 130
20 3 130
3 33 215
33 3 215
3 52 562
52 3 562
3 3 402
3 3 402
3 13 578
13 3 578
3 67 459
67 3 459
3 45 166
45 3 166
3 31 801
31 3 801
3 39 829
39 3 829
4 5 118
5 4 118
4 17 548
17 4 548
4 23 543
23 4 543
4 30 948
30 4 948
4 76 887
76 4 887
4 81 496
81 4 496
4 20 399
20 4 399
4 23 81
23 4 81
4 44 944
44 4 944
4 43 148
43 4 148
4 81 163
81 4 163
4 35 318
35 4 318
4 13 351
13 4 351
4 38 74
38 4 74
4 65 237
65 4 237
4 36 620
36 4 620
5 6 685
6 5 685
5 12 669
12 5 669
5 39 127
39 5 127
5 49 646
49 5 646
5 59 227
59 5 227
5 78 194
78 5 194
5 18 306
18 5 306
5 79 250
79 5 250
5 27 473
27 5 473
5 35 399
35 5 399
5 81 551
81 5 551
5 36 750
36 5 750
5 60 637
60 5 637
6 9 18
9 6 18
6 11 574
11 6 574
6 14 812
14 6 812
6 26 581
26 6 581
6 40 370
40 6 370
6 39 31
39 6 31
6 43 749
43 6 749
6 51 319
51 6 319
6 42 985
42 6 985
6 68 528
68 6 528
6 84 974
84 6 974
6 78 657
78 6 657
7 31 632
31 7 632
7 61 368
61 7 368
7 66 908
66 7 908
7 19 82
19 7 82
7 35 656
35 7 656
7 44 924
44 7 924
7 77 94
77 7 94
7 42 399
42 7 399
7 12 265
12 7 265
7 25 101
25 7 101
7 48 904
48 7 904
7 75 819
75 7 819
7 23 179
23 7 179
8 20 784
20 8 784
8 27 427
27 8 427
8 28 942
28 8 942
8 34 553
34 8 553
8 64 823
64 8 823
8 55 801
55 8 801
8 48 882
48 8 882
8 19 134
19 8 134
8 59 933
59 8 933
8 64 864
64 8 864
8 82 219
82 8 219
8 76 347
76 8 347
9 16 478
16 9 478
9 33 334
33 9 334
9 36 569
36 9 569
9 84 366
84 9 366
9 63 8
63 9 8
9 10 318
10 9 318
9 19 777
19 9 777
9 14 947
14 9 947
9 30 667
30 9 667
9 58 279
58 9 279
9 40 967
40 9 967
9 75 688
75 9 688
9 60 420
60 9 420
9 83 21
83 9 21
10 29 724
29 10 724
10 48 421
48 10 421
10 60 189
60 10 189
10 27 171
27 10 171
10 28 143
28 10 143
10 28 490
28 10 490
10 25 20
25 10 20
10 81 5
81 10 5
10 45 87
45 10 87
10 77 363
77 10 363
10 14 75
14 10 75
10 39 118
39 10 118
10 15 25
15 10 25
10 13 988
13 10 988
11 41 327
41 11 327
11 24 413
24 11 413
11 55 188
55 11 188
11 29 975
29 11 975
11 46 986
46 11 986
11 35 810
35 11 810
12 13 616
13 12 616
12 63 50
63 12 50
12 14 66
14 12 66
12 63 951
63 12 951
12 72 985
72 12 985
12 68 49
68 12 49
12 18 501
18 12 501
12 74 543
74 12 543
12 30 978
30 12 978
12 45 692
45 12 692
13 15 139
15 13 139
13 45 842
45 13 842
13 51 115
51 13 115
13 80 861
80 13 861
13 30 762
30 13 762
13 27 181
27 13 181
13 62 20
62 13 20
13 28 606
28 13 606
14 62 530
62 14 530
14 83 854
83 14 854
14 56 238
56 14 238
14 27 191
27 14 191
14 29 732
29 14 732
14 84 731
84 14 731
14 75 94
75 14 94
14 29 363
29 14 363
14 43 960
43 14 960
14 45 34
45 14 34
15 37 313
37 15 313
15 35 380
35 15 380
15 46 732
46 15 732
15 56 548
56 15 548
15 31 369
31 15 369
15 37 15
37 15 15
15 69 748
69 15 748
16 21 356
21 16 356
16 58 903
58 16 903
16 52 732
52 16 732
16 75 548
75 16 548
16 84 808
84 16 808
16 16 1000
16 16 1000
16 57 437
57 16 437
17 19 561
19 17 561
17 42 452
42 17 452
17 43 784
43 17 784
17 75 241
75 17 241
17 25 996
25 17 996
17 72 465
72 17 465
17 72 495
72 17 495
17 65 565
65 17 565
17 53 619
53 17 619
17 66 628
66 17 628
17 49 467
49 17 467
18 25 700
25 18 700
18 53 966
53 18 966
18 21 77
21 18 77
18 48 843
48 18 843
18 48 91
48 18 91
18 44 906
44 18 906
18 55 93
55 18 93
18 58 610
58 18 610
19 35 887
35 19 887
19 44 573
44 19 573
19 81 616
81 19 616
19 55 89
55 19 89
19 70 716
70 19 716
19 42 466
42 19 466
19 32 225
32 19 225
19 56 524
56 19 524
19 56 3
56 19 3
20 52 364
52 20 364
20 69 602
69 20 602
20 26 784
26 20 784
21 41 70
41 21 70
21 70 595
70 21 595
21 55 402
55 21 402
22 40 410
40 22 410
22 62 750
62 22 750
22 84 897
84 22 897
22 66 424
66 22 424
22 46 7
46 22 7
22 73 281
73 22 281
23 56 661
56 23 661
23 72 699
72 23 699
23 83 9
83 23 9
23 25 491
25 23 491
23 46 386
46 23 386
23 24 817
24 23 817
23 35 132
35 23 132
23 74 892
74 23 892
23 38 787
38 23 787
23 72 457
72 23 457
23 32 805
32 23 805
23 58 120
58 23 120
24 77 36
77 24 36
24 33 807
33 24 807
24 58 603
58 24 603
24 68 394
68 24 394
24 55 508
55 24 508
24 78 131
78 24 131
25 63 46
63 25 46
25 29 31
29 25 31
25 41 393
41 25 393
25 43 290
43 25 290
25 64 360
64 25 360
25 62 367
62 25 367
25 63 171
63 25 171
25 35 294
35 25 294
25 32 951
32 25 951
25 76 490
76 25 490
25 52 240
52 25 240
26 50 79
50 26 79
26 62 907
62 26 907
26 51 90
51 26 90
26 28 941
28 26 941
26 41 531
41 26 531
27 73 289
73 27 289
27 48 91
48 27 91
28 32 17
32 28 17
28 54 920
54 28 920
28 81 197
81 28 197
28 47 393
47 28 393
28 74 819
74 28 819
28 28 669
28 28 669
28 78 583
78 28 583
28 43 699
43 28 699
28 60 168
60 28 168
28 68 903
68 28 903
28 84 642
84 28 642
28 41 263
41 28 263
29 75 667
75 29 667
29 43 788
43 29 788
29 35 123
35 29 123
29 60 524
60 29 524
29 44 592
44 29 592
29 36 462
36 29 462
29 57 911
57 29 911
29 53 726
53 29 726
30 51 756
51 30 756
30 62 661
62 30 661
30 60 57
60 30 57
30 74 765
74 30 765
31 82 261
82 31 261
31 74 116
74 31 116
31 56 285
56 31 285
31 66 125
66 31 125
31 48 122
48 31 122
31 71 547
71 31 547
32 41 200
41 32 200
32 66 33
66 32 33
32 80 647
80 32 647
32 36 261
36 32 261
32 45 402
45 32 402
32 64 196
64 32 196
32 67 287
67 32 287
33 65 928
65 33 928
33 57 593
57 33 593
33 61 334
61 33 334
34 59 998
59 34 998
34 77 834
77 34 834
34 78 3
78 34 3
34 50 252
50 34 252
35 60 405
60 35 405
35 64 133
64 35 133
35 62 589
62 35 589
35 52 711
52 35 711
36 77 518
77 36 518
36 77 426
77 36 426
36 47 898
47 36 898
36 63 571
63 36 571
36 66 862
66 36 862
37 59 245
59 37 245
37 68 487
68 37 487
37 77 972
77 37 972
37 84 456
84 37 456
37 69 902
69 37 902
37 55 605
55 37 605
37 56 401
56 37 401
37 39 879
39 37 879
38 49 913
49 38 913
38 55 769
55 38 769
38 41 984
41 38 984
38 79 838
79 38 838
38 56 777
56 38 777
38 64 307
64 38 307
39 55 507
55 39 507
39 47 709
47 39 709
39 82 783
82 39 783
39 63 450
63 39 450
40 76 435
76 40 435
40 59 822
59 40 822
41 46 602
46 41 602
41 76 52
76 41 52
41 55 710
55 41 710
41 74 144
74 41 144
42 76 602
76 42 602
42 42 193
42 42 193
42 73 339
73 42 339
42 43 592
43 42 592
43 84 392
84 43 392
43 76 976
76 43 976
43 79 414
79 43 414
43 47 729
47 43 729
43 74 956
74 43 956
44 46 847
46 44 847
44 72 159
72 44 159
44 45 355
45 44 355
44 73 773
73 44 773
44 54 500
54 44 500
44 54 543
54 44 543
45 47 432
47 45 432
45 76 826
76 45 826
45 75 477
75 45 477
45 54 170
54 45 170
45 81 367
81 45 367
45 48 248
48 45 248
46 69 989
69 46 989
46 71 558
71 46 558
46 52 912
52 46 912
46 81 660
81 46 660
46 61 460
61 46 460
47 73 215
73 47 215
47 72 628
72 47 628
47 51 54
51 47 54
48 57 908
57 48 908
48 83 409
83 48 409
48 54 411
54 48 411
48 59 633
59 48 633
48 51 783
51 48 783
48 54 849
54 48 849
49 65 830
65 49 830
49 80 822
80 49 822
49 56 833
56 49 833
49 59 479
59 49 479
49 83 988
83 49 988
50 66 599
66 50 599
50 65 296
65 50 296
50 82 725
82 50 725
50 71 666
71 50 666
51 77 805
77 51 805
51 52 424
52 51 424
51 61 982
61 51 982
51 80 588
80 51 588
51 72 695
72 51 695
51 68 335
68 51 335
51 76 231
76 51 231
52 65 531
65 52 531
52 62 486
62 52 486
52 71 903
71 52 903
53 80 350
80 53 350
53 62 845
62 53 845
53 73 676
73 53 676
53 65 644
65 53 644
53 69 11
69 53 11
54 70 298
70 54 298
54 69 74
69 54 74
54 73 305
73 54 305
55 73 365
73 55 365
55 82 192
82 55 192
55 76 90
76 55 90
56 57 490
57 56 490
56 64 491
64 56 491
57 70 391
70 57 391
57 74 26
74 57 26
57 68 411
68 57 411
57 74 415
74 57 415
57 74 687
74 57 687
57 82 42
82 57 42
58 71 835
71 58 835
58 73 847
73 58 847
58 69 859
69 58 859
58 76 568
76 58 568
58 63 415
63 58 415
59 67 141
67 59 141
59 77 346
77 59 346
59 65 793
65 59 793
59 80 764
80 59 764
60 64 550
64 60 550
60 63 958
63 60 958
60 66 136
66 60 136
60 61 513
61 60 513
61 76 508
76 61 508
61 75 900
75 61 900
61 64 518
64 61 518
61 64 503
64 61 503
62 64 762
64 62 762
62 84 605
84 62 605
62 80 142
80 62 142
63 63 129
63 63 129
64 82 402
82 64 402
64 84 205
84 64 205
64 66 399
66 64 399
65 68 853
68 65 853
65 69 403
69 65 403
65 67 472
67 65 472
67 69 357
69 67 357
68 78 389
78 68 389
68 83 558
83 68 558
69 77 655
77 69 655
70 77 17
77 70 17
71 75 312
75 71 312
72 78 324
78 72 324
73 84 199
84 73 199
74 77 385
77 74 385
74 79 740
79 74 740
74 78 245
78 74 245
77 79 673
79 77 673
78 81 152
81 78 152
78 81 857
81 78 857
79 80 903
80 79 903
