90

0 1 74
1 0 74
0 3 708
3 0 708
0 12 155
12 0 155
0 19 889
19 0 889
0 27 924
27 0 924
0 48 637
48 0 637
0 44 407
44 0 407
0 39 455
39 0 455
0 17 693
17 0 693
0 42 264
42 0 264
0 87 276
87 0 276
0 88 634
88 0 634
0 62 567
62 0 567
0 9 518
9 0 518
0 28 971
28 0 971
0 69 461
69 0 461
0 84 634
84 0 634
1 2 240
2 1 240
1 4 166
4 1 166
1 7 108
7 1 108
1 44 421
44 1 421
1 57 871
57 1 871
1 65 727
65 1 727
1 20 118
20 1 118
1 66 467
66 1 467
1 11 537
11 1 537
1 33 911
33 1 911
1 8 888
8 1 888
1 55 517
55 1 517
1 12 37
12 1 37
1 46 389
46 1 389
1 70 952
70 1 952
1 35 914
35 1 914
1 16 572
16 1 572
1 14 915
14 1 915
1 33 928
33 1 928
1 10 726
10 1 726
2 5 645
5 2 645
2 45 554
45 2 554
2 3 804
3 2 804
2 35 495
35 2 495
2 34 668
34 2 668
2 15 363
15 2 363
2 22 729
22 2 729
2 37 807
37 2 807
2 59 961
59 2 961
2 48 489
48 2 489
2 73 783
73 2 783
3 84 965
84 3 965
3 56 458
56 3 458
3 55 946
55 3 946
3 25 789
25 3 789
3 61 110
61 3 110
3 5 29
5 3 29
3 73 264
73 3 264
3 71 379
71 3 379
3 72 861
72 3 861
3 14 395
14 3 395
3 35 460
35 3 460
3 62 774
62 3 774
3 32 350
32 3 350
3 43 993
43 3 993
4 6 804
6 4 804
4 20 151
20 4 151
4 35 351
35 4 351
4 40 842
40 4 842
4 63 232
63 4 232
4 47 834
47 4 834
4 39 645
39 4 645
4 30 808
30 4 808
5 8 159
8 5 159
5 22 809
22 5 809
5 42 192
42 5 192
5 33 460
33 5 460
5 24 135
24 5 135
5 33 272
33 5 272
5 80 466
80 5 466
5 21 759
21 5 759
5 70 937
70 5 937
5 41 410
41 5 410
5 87 329
87 5 329
6 13 344
13 6 344
6 30 28
30 6 28
6 32 405
32 6 405
6 43 802
43 6 802
6 58 545
58 6 545
6 57 435
57 6 435
6 51 471
51 6 471
6 45 333
45 6 333
6 20 32
20 6 32
6 47 132
47 6 132
6 71 220
71 6 220
6 48 864
48 6 864
6 87 780
87 6 780
6 87 367
87 6 367
6 50 48
50 6 48
6 31 328
31 6 328
6 47 345
47 6 345
6 63 517
63 6 517
6 75 134
75 6 134
6 37 585
37 6 585
6 8 221
8 6 221
7 9 713
9 7 713
7 11 717
11 7 717
7 14 548
14 7 548
7 60 232
60 7 232
7 51 874
51 7 874
7 17 249
17 7 249
7 87 195
87 7 195
7 39 235
39 7 235
7 84 317
84 7 317
7 49 209
49 7 209
7 19 631
19 7 631
7 78 414
78 7 414
7 69 452
69 7 452
7 89 162
89 7 162
7 70 200
70 7 200
7 26 974
26 7 974
7 40 233
40 7 233
8 89 962
89 8 962
8 66 810
66 8 810
8 54 881
54 8 881
8 13 906
13 8 906
8 25 510
25 8 510
8 44 67
44 8 67
8 69 327
69 8 327
8 49 520
49 8 520
8 32 828
32 8 828
8 68 892
68 8 892
8 12 928
12 8 928
8 26 141
26 8 141
9 10 878
10 9 878
9 66 705
66 9 705
9 84 96
84 9 96
9 83 638
83 9 638
9 70 873
70 9 873
9 86 264
86 9 264
9 11 149
11 9 149
9 12 361
12 9 361
9 13 372
13 9 372
9 40 284
40 9 284
9 73 756
73 9 756
9 33 391
33 9 391
10 64 82
64 10 82
10 43 72
43 10 72
10 49 314
49 10 314
10 55 829
55 10 829
10 57 778
57 10 778
10 30 250
30 10 250
10 75 736
75 10 736
10 14 534
14 10 534
10 82 30
82 10 30
11 20 354
20 11 354
11 79 536
79 11 536
11 55 846
55 11 846
11 18 295
18 11 295
11 53 65
53 11 65
11 60 645
60 11 645
11 50 197
50 11 197
11 81 392
81 11 392
11 85 442
85 11 442
11 83 462
83 11 462
11 78 142
78 11 142
11 17 299
17 11 299
11 30 758
30 11 758
11 89 494
89 11 494
11 36 435
36 11 435
11 64 861
64 11 861
12 16 506
16 12 506
12 26 219
26 12 219
12 86 406
86 12 406
12 15 557
15 12 557
12 24 557
24 12 557
12 86 617
86 12 617
12 22 504
22 12 504
12 53 242
53 12 242
12 54 483
54 12 483
13 18 73
18 13 73
13 21 883
21 13 883
13 88 109
88 13 109
13 78 23
78 13 23
13 57 198
57 13 198
13 45 162
45 13 162
13 32 120
32 13 120
13 83 347
83 13 347
13 57 399
57 13 399
13 88 275
88 13 275
13 62 170
62 13 170
13 61 115
61 13 115
13 15 448
15 13 448
13 36 663
36 13 663
13 64 642
64 13 642
13 16 696
16 13 696
13 55 927
55 13 927
13 56 559
56 13 559
14 15 344
15 14 344
14 46 472
46 14 472
14 18 286
18 14 286
14 54 233
54 14 233
14 45 285
45 14 285
14 58 364
58 14 364
14 40 646
40 14 646
14 43 143
43 14 143
14 18 608
18 14 608
14 50 948
50 14 948
14 43 149
43 14 149
14 77 269
77 14 269
14 69 601
69 14 601
14 64 822
64 14 822
14 76 283
76 14 283
15 17 970
17 15 970
15 53 960
53 15 960
15 59 569
59 15 569
15 43 216
43 15 216
15 19 452
19 15 452
15 47 71
47 15 71
16 23 710
23 16 710
16 28 628
28 16 628
16 75 61
75 16 61
16 39 262
39 16 262
16 25 157
25 16 157
16 54 121
54 16 121
16 38 788
38 16 788
16 77 311
77 16 311
16 30 638
30 16 638
17 24 89
24 17 89
17 31 659
31 17 659
17 38 933
38 17 933
17 41 260
41 17 260
17 84 35
84 17 35
17 67 121
67 17 121
17 17 325
17 17 325
17 45 468
45 17 468
17 20 643
20 17 643
17 62 584
62 17 584
17 63 942
63 17 942
17 86 395
86 17 395
18 29 363
29 18 363
18 76 811
76 18 811
18 67 564
67 18 564
18 56 301
56 18 301
18 58 873
58 18 873
18 88 841
88 18 841
18 58 728
58 18 728
18 39 13
39 18 13
18 35 759
35 18 759
18 54 978
54 18 978
18 25 281
25 18 281
18 57 410
57 18 410
18 85 841
85 18 841
18 83 582
83 18 582
18 32 183
32 18 183
19 71 847
71 19 847
19 40 421
40 19 421
19 35 67
35 19 67
19 59 665
59 19 665
19 57 235
57 19 235
19 48 762
48 19 762
19 59 235
59 19 235
19 74 69
74 19 69
20 80 335
80 20 335
20 87 889
87 20 889
20 29 384
29 20 384
20 85 358
85 20 358
20 67 166
67 20 166
21 25 409
25 21 409
21 39 728
39 21 728
21 31 48
31 21 48
21 43 463
43 21 463
21 58 513
58 21 513
21 29 245
29 21 245
21 70 325
70 21 325
21 86 146
86 21 146
21 78 967
78 21 967
21 55 865
55 21 865
21 41 44
41 21 44
21 79 100
79 21 100
21 62 545
62 21 545
21 53 826
53 21 826
22 24 746
24 22 746
22 82 614
82 22 614
22 73 652
73 22 652
22 69 804
69 22 804
22 49 636
49 22 636
22 52 782
52 22 782
22 65 389
65 22 389
22 24 308
24 22 308
22 40 380
40 22 380
22 89 103
89 22 103
22 63 676
63 22 676
22 84 333
84 22 333
22 62 644
62 22 644
23 63 784
63 23 784
23 85 289
85 23 289
23 54 743
54 23 743
23 68 97
68 23 97
23 35 545
35 23 545
23 59 813
59 23 813
23 44 964
44 23 964
23 25 413
25 23 413
23 53 343
53 23 343
23 80 946
80 23 946
23 31 246
31 23 246
23 40 909
40 23 909
23 25 963
25 23 963
23 75 425
75 23 425
23 89 928
89 23 928
24 68 969
68 24 969
24 70 607
70 24 607
24 56 720
56 24 720
24 71 762
71 24 762
24 28 359
28 24 359
24 37 246
37 24 246
24 72 719
72 24 719
24 32 468
32 24 468
24 83 613
83 24 613
24 61 771
61 24 771
25 34 934
34 25 934
25 27 305
27 25 305
25 39 252
39 25 252
25 48 436
48 25 436
25 43 429
43 25 429
25 37 591
37 25 591
25 46 178
46 25 178
25 70 582
70 25 582
25 71 288
71 25 288
25 84 811
84 25 811
25 32 820
32 25 820
25 79 864
79 25 864
25 79 421
79 25 421
26 47 146
47 26 146
26 70 72
70 26 72
26 68 165
68 26 165
26 87 541
87 26 541
26 63 175
63 26 175
26 59 869
59 26 869
26 70 692
70 26 692
26 26 185
26 26 185
26 75 48
75 26 48
26 68 798
68 26 798
26 32 569
32 26 569
27 33 804
33 27 804
27 69 99
69 27 99
27 79 501
79 27 501
27 32 304
32 27 304
27 82 161
82 27 161
27 78 950
78 27 950
27 51 751
51 27 751
27 43 305
43 27 305
27 84 373
84 27 373
27 71 68
71 27 68
28 81 145
81 28 145
28 36 709
36 28 709
28 86 566
86 28 566
28 49 781
49 28 781
28 78 522
78 28 522
28 49 879
49 28 879
28 46 160
46 28 160
28 82 135
82 28 135
28 46 371
46 28 371
28 50 270
50 28 270
28 80 711
80 28 711
29 51 778
51 29 778
29 61 297
61 29 297
29 41 530
41 29 530
29 33 101
33 29 101
29 68 598
68 29 598
29 59 368
59 29 368
29 50 851
50 29 851
29 42 87
42 29 87
29 36 666
36 29 666
29 62 597
62 29 597
29 65 600
65 29 600
29 70 610
70 29 610
29 79 706
79 29 706
30 49 470
49 30 470
30 67 526
67 30 526
30 87 888
87 30 888
30 45 37
45 30 37
30 66 285
66 30 285
30 50 906
50 30 906
30 72 553
72 30 553
30 44 164
44 30 164
30 76 600
76 30 600
30 52 802
52 30 802
31 50 824
50 31 824
31 63 157
63 31 157
31 65 501
65 31 501
31 55 247
55 31 247
31 62 976
62 31 976
31 61 459
61 31 459
32 40 233
40 32 233
32 89 209
89 32 209
32 72 450
72 32 450
32 33 985
33 32 985
32 87 529
87 32 529
32 40 177
40 32 177
32 56 288
56 32 288
32 58 290
58 32 290
32 46 184
46 32 184
33 54 391
54 33 391
33 34 236
34 33 236
33 66 512
66 33 512
33 67 119
67 33 119
33 42 579
42 33 579
33 77 35
77 33 35
33 64 490
64 33 490
33 55 451
55 33 451
33 34 484
34 33 484
33 77 51
77 33 51
33 75 928
75 33 928
33 57 163
57 33 163
34 46 916
46 34 916
34 72 330
72 34 330
34 45 412
45 34 412
34 56 723
56 34 723
35 36 497
36 35 497
35 77 46
77 35 46
35 47 904
47 35 904
35 42 821
42 35 821
35 51 618
51 35 618
35 60 534
60 35 534
35 51 700
51 35 700
35 56 608
56 35 608
35 63 349
63 35 349
35 63 634
63 35 634
35 62 602
62 35 602
35 36 741
36 35 741
35 61 539
61 35 539
35 83 418
83 35 418
36 37 106
37 36 106
36 58 783
58 36 783
36 79 302
79 36 302
36 55 958
55 36 958
36 81 819
81 36 819
36 71 955
71 36 955
36 84 751
84 36 751
36 60 596
60 36 596
36 47 290
47 36 290
36 47 655
47 36 655
37 40 403
40 37 403
37 70 160
70 37 160
37 85 500
85 37 500
37 58 683
58 37 683
37 62 251
62 37 251
37 53 174
53 37 174
37 67 181
67 37 181
37 82 953
82 37 953
38 54 391
54 38 391
38 66 410
66 38 410
38 83 180
83 38 180
38 71 387
71 38 387
38 53 638
53 38 638
38 59 97
59 38 97
38 85 316
85 38 316
38 63 252
63 38 252
39 46 106
46 39 106
39 63 461
63 39 461
39 80 763
80 39 763
39 86 856
86 39 856
39 83 93
83 39 93
39 80 469
80 39 469
39 43 720
43 39 720
40 73 505
73 40 505
40 80 285
80 40 285
40 62 506
62 40 506
40 56 56
56 40 56
40 87 701
87 40 701
40 64 53
64 40 53
40 47 984
47 40 984
40 69 959
69 40 959
40 85 414
85 40 414
40 64 94
64 40 94
41 69 810
69 41 810
41 50 520
50 41 520
41 58 943
58 41 943
41 85 487
85 41 487
41 85 987
85 41 987
41 78 209
78 41 209
41 54 523
54 41 523
41 44 989
44 41 989
42 62 948
62 42 948
42 61 140
61 42 140
42 54 664
54 42 664
42 63 159
63 42 159
42 66 448
66 42 448
42 58 960
58 42 960
42 55 441
55 42 441
43 61 505
61 43 505
43 47 483
47 43 483
43 69 299
69 43 299
44 47 404
47 44 404
45 52 83
52 45 83
45 50 16
50 45 16
45 48 232
48 45 232
45 45 446
45 45 446
45 57 735
57 45 735
45 69 473
69 45 473
45 66 598
66 45 598
45 45 4
45 45 4
45 81 84
81 45 84
46 49 898
49 46 898
46 52 429
52 46 429
46 52 815
52 46 815
47 66 627
66 47 627
48 74 164
74 48 164
48 66 653
66 48 653
48 87 665
87 48 665
48 48 733
48 48 733
48 82 70
82 48 70
48 49 431
49 48 431
48 50 967
50 48 967
48 85 495
85 48 495
49 80 365
80 49 365
49 64 346
64 49 346
49 81 386
81 49 386
49 63 913
63 49 913
50 62 841
62 50 841
50 75 211
75 50 211
50 76 772
76 50 772
50 64 648
64 50 648
50 64 411
64 50 411
50 72 485
72 50 485
50 84 986
84 50 986
50 77 805
77 50 805
50 61 149
61 50 149
50 82 679
82 50 679
50 73 601
73 50 601
50 79 263
79 50 263
50 69 989
69 50 989
51 73 67
73 51 67
51 80 570
80 51 570
51 57 20
57 51 20
52 55 491
55 52 491
52 56 289
56 52 289
53 57 310
57 53 310
53 60 42
60 53 42
53 59 129
59 53 129
53 77 806
77 53 806
53 82 454
82 53 454
53 80 289
80 53 289
54 59 388
59 54 388
54 86 639
86 54 639
54 62 586
62 54 586
54 74 111
74 54 111
54 69 453
69 54 453
54 61 432
61 54 432
54 63 425
63 54 425
54 76 282
76 54 282
55 56 414
56 55 414
55 83 790
83 55 790
55 89 345
89 55 345
55 68 617
68 55 617
55 86 222
86 55 222
55 82 250
82 55 250
56 80 614
80 56 614
56 73 707
73 56 707
56 57 388
57 56 388
56 64 121
64 56 121
56 76 118
76 56 118
57 77 850
77 57 850
57 83 850
83 57 850
57 79 533
79 57 533
57 62 223
62 57 223
57 66 715
66 57 715
57 72 547
72 57 547
58 83 859
83 58 859
58 81 758
81 58 758
58 77 213
77 58 213
58 80 962
80 58 962
59 59 655
59 59 655
59 78 147
78 59 147
59 72 331
72 59 331
59 81 336
81 59 336
60 61 560
61 60 560
60 76 22
76 60 22
60 75 617
75 60 617
61 81 167
81 61 167
61 73 536
73 61 536
61 65 457
65 61 457
61 79 760
79 61 760
61 82 135
82 61 135
61 73 969
73 61 969
62 78 612
78 62 612
62 64 586
64 62 586
62 89 538
89 62 538
62 77 775
77 62 775
62 80 793
80 62 793
62 65 167
65 62 167
63 64 59
64 63 59
63 72 76
72 63 76
63 68 433
68 63 433
63 77 731
77 63 731
63 75 312
75 63 312
63 74 84
74 63 84
63 73 671
73 63 671
64 73 487
73 64 487
64 84 771
84 64 771
64 77 654
77 64 654
65 88 676
88 65 676
65 74 967
74 65 967
65 72 6
72 65 6
65 65 982
65 65 982
65 69 214
69 65 214
65 72 582
72 65 582
65 89 423
89 65 423
65 76 546
76 65 546
66 67 411
67 66 411
66 68 703
68 66 703
66 81 997
81 66 997
67 83 320
83 67 320
67 81 571
81 67 571
67 77 858
77 67 858
67 79 73
79 67 73
67 74 924
74 67 924
68 89 664
89 68 664
68 80 714
80 68 714
68 81 934
81 68 934
68 69 904
69 68 904
68 89 762
89 68 762
68 70 791
70 68 791
69 75 900
75 69 900
69 71 935
71 69 935
69 80 969
80 69 969
69 89 72
89 69 72
69 74 411
74 69 411
69 74 930
74 69 930
69 83 930
83 69 930
70 83 346
83 70 346
70 83 577
83 70 577
70 73 6
73 70 6
70 85 220
85 70 220
70 80 184
80 70 184
71 72 612
72 71 612
71 75 475
75 71 475
72 76 245
76 72 245
72 77 375
77 72 375
73 88 586
88 73 586
73 76 883
76 73 883
73 80 919
80 73 919
73 79 657
79 73 657
74 78 627
78 74 627
74 79 877
79 74 877
74 78 104
78 74 104
74 75 450
75 74 450
75 82 10
82 75 10
75 80 210
80 75 210
75 78 314
78 75 314
75 83 852
83 75 852
75 88 426
88 75 426
76 81 715
81 76 715
77 80 254
80 77 254
77 84 334
84 77 334
77 82 920
82 77 920
77 86 970
86 77 970
78 82 418
82 78 418
79 85 510
85 79 510
79 84 752
84 79 752
79 89 985
89 79 985
79 89 688
89 79 688
81 87 800
87 81 800
82 82 195
82 82 195
82 84 503
84 82 503
83 88 285
88 83 285
84 85 6
85 84 6
