50

0 1 890
1 0 890
0 3 684
3 0 684
0 8 734
8 0 734
0 19 359
19 0 359
0 27 502
27 0 502
0 4 160
4 0 160
0 49 929
49 0 929
0 1 478
1 0 478
0 27 229
27 0 229
0 44 616
44 0 616
1 2 140
2 1 140
1 5 939
5 1 939
1 5 81
5 1 81
1 24 932
24 1 932
1 22 519
22 1 519
1 29 597
29 1 597
1 8 939
8 1 939
2 4 336
4 2 336
2 7 432
7 2 432
2 10 311
10 2 311
2 12 534
12 2 534
2 13 872
13 2 872
2 18 640
18 2 640
2 39 429
39 2 429
2 38 162
38 2 162
3 6 97
6 3 97
3 46 822
46 3 822
3 22 297
22 3 297
3 22 152
22 3 152
3 23 349
23 3 349
3 4 304
4 3 304
5 15 232
15 5 232
5 20 221
20 5 221
5 24 111
24 5 111
5 42 72
42 5 72
5 19 692
19 5 692
6 27 454
27 6 454
7 9 723
9 7 723
7 16 717
16 7 717
7 29 847
29 7 847
7 16 484
16 7 484
8 17 383
17 8 383
8 40 270
40 8 270
8 29 969
29 8 969
8 47 402
47 8 402
8 34 891
34 8 891
9 46 379
46 9 379
9 36 215
36 9 215
9 40 997
40 9 997
10 11 491
11 10 491
10 28 804
28 10 804
10 23 448
23 10 448
11 21 63
21 11 63
11 18 622
18 11 622
11 22 53
22 11 53
11 43 105
43 11 105
11 46 54
46 11 54
12 14 545
14 12 545
12 26 142
26 12 142
12 22 71
22 12 71
12 49 634
49 12 634
12 23 2
23 12 2
12 19 647
19 12 647
13 48 446
48 13 446
13 27 251
27 13 251
13 33 209
33 13 209
14 43 521
43 14 521
14 29 142
29 14 142
14 29 942
29 14 942
14 27 412
27 14 412
14 22 758
22 14 758
14 48 599
48 14 599
15 31 657
31 15 657
15 41 154
41 15 154
15 48 834
48 15 834
15 39 288
39 15 288
16 24 753
24 16 753
16 25 675
25 16 675
16 18 548
18 16 548
16 18 424
18 16 424
16 37 9
37 16 9
16 38 207
38 16 207
16 16 650
16 16 650
16 37 518
37 16 518
17 38 680
38 17 680
17 39 916
39 17 916
17 23 955
23 17 955
18 44 240
44 18 240
18 43 275
43 18 275
18 23 831
23 18 831
19 35 928
35 19 928
19 41 458
41 19 458
19 46 624
46 19 624
19 29 836
29 19 836
20 45 574
45 20 574
20 28 510
28 20 510
21 22 153
22 21 153
21 30 612
30 21 612
22 23 719
23 22 719
22 36 290
36 22 290
22 23 168
23 22 168
22 23 187
23 22 187
22 42 75
42 22 75
22 36 502
36 22 502
22 30 928
30 22 928
23 26 331
26 23 331
23 32 722
32 23 722
23 46 427
46 23 427
24 48 631
48 24 631
24 25 624
25 24 624
24 47 19
47 24 19
25 46 242
46 25 242
25 30 289
30 25 289
25 25 92
25 25 92
25 39 480
39 25 480
26 34 775
34 26 775
26 30 265
30 26 265
27 39 386
39 27 386
28 35 657
35 28 657
28 41 879
41 28 879
28 43 438
43 28 438
29 42 476
42 29 476
30 34 533
34 30 533
30 45 263
45 30 263
30 31 695
31 30 695
31 43 783
43 31 783
31 45 37
45 31 37
31 44 833
44 31 833
32 33 957
33 32 957
32 37 222
37 32 222
32 46 59
46 32 59
33 40 426
40 33 426
33 48 753
48 33 753
33 40 696
40 33 696
34 48 776
48 34 776
35 42 721
42 35 721
36 47 307
47 36 307
38 42 622
42 38 622
38 41 10
41 38 10
39 41 78
41 39 78
42 49 770
49 42 770
42 44 316
44 42 316
43 44 800
44 43 800
43 49 514
49 43 514
44 49 448
49 44 448
46 49 864
49 46 864
46 46 486
46 46 486
