75

0 1 460
1 0 460
0 2 664
2 0 664
0 36 845
36 0 845
0 34 911
34 0 911
1 3 679
3 1 679
1 10 666
10 1 666
1 16 357
16 1 357
1 60 975
60 1 975
1 61 120
61 1 120
1 66 545
66 1 545
1 72 939
72 1 939
2 4 169
4 2 169
2 32 194
32 2 194
2 57 600
57 2 600
2 11 983
11 2 983
2 8 519
8 2 519
2 32 425
32 2 425
3 6 187
6 3 187
3 8 592
8 3 592
3 51 229
51 3 229
3 14 921
14 3 921
3 19 747
19 3 747
3 24 870
24 3 870
3 24 335
24 3 335
4 5 63
5 4 63
4 7 916
7 4 916
4 12 633
12 4 633
4 18 326
18 4 326
4 21 928
21 4 928
4 31 444
31 4 444
4 9 950
9 4 950
5 47 182
47 5 182
5 59 473
59 5 473
5 69 545
69 5 545
5 22 744
22 5 744
5 45 643
45 5 643
5 15 537
15 5 537
6 19 820
19 6 820
6 28 735
28 6 735
6 72 354
72 6 354
6 69 578
69 6 578
7 24 27
24 7 27
7 43 974
43 7 974
8 9 261
9 8 261
8 11 970
11 8 970
8 14 817
14 8 817
8 26 681
26 8 681
8 35 495
35 8 495
8 42 4
42 8 4
8 46 234
46 8 234
9 15 543
15 9 543
9 29 224
29 9 224
9 74 998
74 9 998
9 18 375
18 9 375
9 58 303
58 9 303
10 13 68
13 10 68
10 22 831
22 10 831
10 38 472
38 10 472
10 13 777
13 10 777
10 40 674
40 10 674
11 41 840
41 11 840
12 27 978
27 12 978
12 69 550
69 12 550
12 68 373
68 12 373
13 25 46
25 13 46
13 37 264
37 13 264
13 40 413
40 13 413
13 48 902
48 13 902
13 53 611
53 13 611
14 17 162
17 14 162
14 37 367
37 14 367
14 37 452
37 14 452
15 30 288
30 15 288
15 33 740
33 15 740
15 46 930
46 15 930
15 61 827
61 15 827
15 23 773
23 15 773
16 20 531
20 16 531
16 52 523
52 16 523
16 54 750
54 16 750
16 31 688
31 16 688
16 21 758
21 16 758
17 31 684
31 17 684
18 54 554
54 18 554
20 53 737
53 20 737
20 56 751
56 20 751
20 40 997
40 20 997
20 53 168
53 20 168
21 71 82
71 21 82
22 23 499
23 22 499
22 44 81
44 22 81
22 32 95
32 22 95
22 27 473
27 22 473
23 34 563
34 23 563
23 51 473
51 23 473
24 39 501
39 24 501
24 72 649
72 24 649
24 37 610
37 24 610
24 65 915
65 24 915
25 58 463
58 25 463
25 26 727
26 25 727
26 65 881
65 26 881
26 50 632
50 26 632
27 68 138
68 27 138
27 71 793
71 27 793
27 74 900
74 27 900
27 54 331
54 27 331
27 35 815
35 27 815
28 55 20
55 28 20
28 35 358
35 28 358
29 49 512
49 29 512
30 41 736
41 30 736
30 56 939
56 30 939
31 60 993
60 31 993
31 31 537
31 31 537
32 59 336
59 32 336
33 59 489
59 33 489
33 67 490
67 33 490
33 73 247
73 33 247
34 45 644
45 34 644
34 50 92
50 34 92
34 66 398
66 34 398
34 41 612
41 34 612
34 66 868
66 34 868
34 39 612
39 34 612
35 49 849
49 35 849
35 63 807
63 35 807
35 63 618
63 35 618
35 67 860
67 35 860
36 57 48
57 36 48
37 51 107
51 37 107
37 61 309
61 37 309
37 65 926
65 37 926
37 63 671
63 37 671
40 73 603
73 40 603
40 63 915
63 40 915
40 42 550
42 40 550
40 59 593
59 40 593
40 68 29
68 40 29
41 64 815
64 41 815
41 51 141
51 41 141
41 70 348
70 41 348
42 56 808
56 42 808
43 68 976
68 43 976
44 55 217
55 44 217
48 70 365
70 48 365
48 57 589
57 48 589
49 55 447
55 49 447
50 57 502
57 50 502
50 57 844
57 50 844
52 66 592
66 52 592
53 67 516
67 53 516
54 54 645
54 54 645
54 64 495
64 54 495
57 67 462
67 57 462
58 70 560
70 58 560
61 62 276
62 61 276
61 68 975
68 61 975
62 65 715
65 62 715
63 69 480
69 63 480
66 73 374
73 66 374
