82

0 1 77
1 0 77
0 2 817
2 0 817
0 11 298
11 0 298
0 38 513
38 0 513
0 55 32
55 0 32
0 38 280
38 0 280
0 19 631
19 0 631
0 80 941
80 0 941
0 9 130
9 0 130
0 6 486
6 0 486
0 18 504
18 0 504
0 52 976
52 0 976
0 30 399
30 0 399
1 9 373
9 1 373
1 14 49
14 1 49
1 65 820
65 1 820
1 32 711
32 1 711
1 7 613
7 1 613
1 10 388
10 1 388
1 51 943
51 1 943
1 77 568
77 1 568
1 5 741
5 1 741
1 79 456
79 1 456
2 3 102
3 2 102
2 19 982
19 2 982
2 76 546
76 2 546
2 34 265
34 2 265
2 72 707
72 2 707
2 11 183
11 2 183
2 3 768
3 2 768
2 48 725
48 2 725
2 10 357
10 2 357
2 47 165
47 2 165
3 4 829
4 3 829
3 5 957
5 3 957
3 6 179
6 3 179
3 13 283
13 3 283
3 20 273
20 3 273
3 25 196
25 3 196
3 73 195
73 3 195
3 47 745
47 3 745
3 37 809
37 3 809
3 74 817
74 3 817
3 75 969
75 3 969
3 37 889
37 3 889
3 52 212
52 3 212
3 32 218
32 3 218
3 31 952
31 3 952
4 8 964
8 4 964
4 10 62
10 4 62
4 33 425
33 4 425
4 57 164
57 4 164
4 62 659
62 4 659
4 62 422
62 4 422
4 59 477
59 4 477
4 74 106
74 4 106
4 40 273
40 4 273
4 56 456
56 4 456
4 46 31
46 4 31
4 52 954
52 4 954
4 71 761
71 4 761
4 6 303
6 4 303
4 15 279
15 4 279
4 74 215
74 4 215
5 7 159
7 5 159
5 21 415
21 5 415
5 26 707
26 5 707
5 77 65
77 5 65
5 78 474
78 5 474
5 13 550
13 5 550
5 67 361
67 5 361
5 40 44
40 5 44
5 76 239
76 5 239
5 59 670
59 5 670
5 57 235
57 5 235
5 50 95
50 5 95
5 12 44
12 5 44
5 69 480
69 5 480
5 60 501
60 5 501
5 45 891
45 5 891
5 68 851
68 5 851
5 79 813
79 5 813
6 23 584
23 6 584
6 7 414
7 6 414
6 18 244
18 6 244
6 64 933
64 6 933
6 67 603
67 6 603
6 26 307
26 6 307
6 51 3
51 6 3
6 33 524
33 6 524
6 62 224
62 6 224
6 65 770
65 6 770
6 78 110
78 6 110
6 66 553
66 6 553
6 12 818
12 6 818
6 10 942
10 6 942
6 62 902
62 6 902
7 15 283
15 7 283
7 17 813
17 7 813
7 22 945
22 7 945
7 53 22
53 7 22
7 22 997
22 7 997
7 52 927
52 7 927
7 26 30
26 7 30
7 42 831
42 7 831
7 19 101
19 7 101
7 10 816
10 7 816
7 13 36
13 7 36
7 43 252
43 7 252
7 13 937
13 7 937
7 61 95
61 7 95
7 16 578
16 7 578
7 77 826
77 7 826
7 25 110
25 7 110
8 18 387
18 8 387
8 30 741
30 8 741
8 72 575
72 8 575
8 65 63
65 8 63
8 25 575
25 8 575
8 18 169
18 8 169
8 36 631
36 8 631
8 38 163
38 8 163
8 66 277
66 8 277
8 33 799
33 8 799
8 65 555
65 8 555
8 16 580
16 8 580
8 46 150
46 8 150
8 58 532
58 8 532
8 46 737
46 8 737
9 24 372
24 9 372
9 15 822
15 9 822
9 13 234
13 9 234
9 65 849
65 9 849
9 66 907
66 9 907
9 13 716
13 9 716
9 60 321
60 9 321
9 46 43
46 9 43
9 49 617
49 9 617
9 44 582
44 9 582
9 73 556
73 9 556
10 12 765
12 10 765
10 16 21
16 10 21
10 54 339
54 10 339
10 44 822
44 10 822
10 56 468
56 10 468
10 55 603
55 10 603
10 39 446
39 10 446
10 31 838
31 10 838
10 23 976
23 10 976
10 36 602
36 10 602
10 25 223
25 10 223
10 43 784
43 10 784
10 23 589
23 10 589
10 55 356
55 10 356
10 55 140
55 10 140
11 57 675
57 11 675
11 71 430
71 11 430
11 20 899
20 11 899
11 57 964
57 11 964
11 30 987
30 11 987
11 46 717
46 11 717
11 42 339
42 11 339
11 58 776
58 11 776
11 17 78
17 11 78
12 32 136
32 12 136
12 53 200
53 12 200
12 16 433
16 12 433
12 19 145
19 12 145
12 75 936
75 12 936
12 63 256
63 12 256
12 75 809
75 12 809
12 67 224
67 12 224
12 28 190
28 12 190
12 45 568
45 12 568
12 72 34
72 12 34
12 70 371
70 12 371
12 38 290
38 12 290
12 79 985
79 12 985
13 66 20
66 13 20
13 56 298
56 13 298
13 21 727
21 13 727
13 43 426
43 13 426
13 41 463
41 13 463
13 63 681
63 13 681
13 19 152
19 13 152
13 60 844
60 13 844
13 34 470
34 13 470
13 61 959
61 13 959
13 79 994
79 13 994
14 47 10
47 14 10
14 51 632
51 14 632
14 58 481
58 14 481
14 78 120
78 14 120
14 39 460
39 14 460
14 44 212
44 14 212
14 81 371
81 14 371
14 47 91
47 14 91
14 32 157
32 14 157
14 38 388
38 14 388
14 63 729
63 14 729
14 28 565
28 14 565
14 79 960
79 14 960
14 58 317
58 14 317
14 67 217
67 14 217
14 55 1000
55 14 1000
14 34 974
34 14 974
15 41 648
41 15 648
15 27 387
27 15 387
15 40 449
40 15 449
15 23 607
23 15 607
15 65 278
65 15 278
15 17 650
17 15 650
15 67 396
67 15 396
15 47 165
47 15 165
15 22 514
22 15 514
15 73 130
73 15 130
15 21 533
21 15 533
15 25 665
25 15 665
15 72 655
72 15 655
15 73 557
73 15 557
15 39 629
39 15 629
15 19 489
19 15 489
15 70 677
70 15 677
16 35 395
35 16 395
16 65 962
65 16 962
16 61 433
61 16 433
16 52 490
52 16 490
16 50 244
50 16 244
16 27 64
27 16 64
16 72 893
72 16 893
16 39 338
39 16 338
16 51 372
51 16 372
16 75 374
75 16 374
16 29 98
29 16 98
16 27 692
27 16 692
16 54 511
54 16 511
17 27 699
27 17 699
17 72 802
72 17 802
17 67 407
67 17 407
17 71 851
71 17 851
17 37 494
37 17 494
17 41 304
41 17 304
17 19 924
19 17 924
17 49 613
49 17 613
17 45 322
45 17 322
18 27 725
27 18 725
18 30 671
30 18 671
18 26 760
26 18 760
18 66 162
66 18 162
18 30 275
30 18 275
18 62 240
62 18 240
18 46 697
46 18 697
18 28 765
28 18 765
18 18 663
18 18 663
18 66 347
66 18 347
19 28 879
28 19 879
19 75 978
75 19 978
19 32 262
32 19 262
19 71 261
71 19 261
19 31 719
31 19 719
19 33 45
33 19 45
19 53 765
53 19 765
19 56 269
56 19 269
19 39 307
39 19 307
19 26 895
26 19 895
19 23 80
23 19 80
20 39 472
39 20 472
20 79 130
79 20 130
20 33 670
33 20 670
20 35 894
35 20 894
20 48 97
48 20 97
20 50 143
50 20 143
20 43 465
43 20 465
20 21 131
21 20 131
21 54 630
54 21 630
21 45 312
45 21 312
21 25 279
25 21 279
21 51 287
51 21 287
21 64 424
64 21 424
21 25 395
25 21 395
21 34 776
34 21 776
21 39 71
39 21 71
21 44 221
44 21 221
21 58 759
58 21 759
22 29 170
29 22 170
22 34 432
34 22 432
22 61 40
61 22 40
22 79 369
79 22 369
22 56 266
56 22 266
22 32 130
32 22 130
22 27 404
27 22 404
22 60 358
60 22 358
22 23 26
23 22 26
22 42 58
42 22 58
23 42 678
42 23 678
23 47 103
47 23 103
23 78 783
78 23 783
23 73 53
73 23 53
23 79 847
79 23 847
23 54 877
54 23 877
23 28 719
28 23 719
23 35 65
35 23 65
23 73 134
73 23 134
23 79 941
79 23 941
23 34 51
34 23 51
23 77 339
77 23 339
24 53 49
53 24 49
24 33 529
33 24 529
24 49 443
49 24 443
24 26 163
26 24 163
24 40 47
40 24 47
24 74 913
74 24 913
24 29 795
29 24 795
24 80 694
80 24 694
24 79 942
79 24 942
24 37 53
37 24 53
24 31 411
31 24 411
24 60 630
60 24 630
24 41 820
41 24 820
24 44 485
44 24 485
24 58 707
58 24 707
25 33 828
33 25 828
25 59 692
59 25 692
25 78 16
78 25 16
25 41 738
41 25 738
25 27 328
27 25 328
25 29 569
29 25 569
25 78 886
78 25 886
25 44 828
44 25 828
25 64 240
64 25 240
25 60 606
60 25 606
25 59 585
59 25 585
25 77 658
77 25 658
25 39 561
39 25 561
26 66 401
66 26 401
26 40 447
40 26 447
26 61 758
61 26 758
26 48 382
48 26 382
26 50 637
50 26 637
26 72 937
72 26 937
26 70 978
70 26 978
26 65 854
65 26 854
26 36 998
36 26 998
26 73 27
73 26 27
26 58 332
58 26 332
26 27 581
27 26 581
26 78 679
78 26 679
27 63 426
63 27 426
27 72 726
72 27 726
27 73 594
73 27 594
27 57 691
57 27 691
27 47 469
47 27 469
27 41 423
41 27 423
27 69 601
69 27 601
27 50 927
50 27 927
27 34 684
34 27 684
28 67 784
67 28 784
28 67 1
67 28 1
28 49 244
49 28 244
28 77 499
77 28 499
28 51 524
51 28 524
28 64 521
64 28 521
28 79 721
79 28 721
28 34 290
34 28 290
29 31 266
31 29 266
29 49 224
49 29 224
29 39 672
39 29 672
29 48 933
48 29 933
29 53 494
53 29 494
29 42 229
42 29 229
29 32 212
32 29 212
29 66 485
66 29 485
29 75 902
75 29 902
29 36 138
36 29 138
30 37 540
37 30 540
30 46 675
46 30 675
30 68 98
68 30 98
30 31 418
31 30 418
30 67 793
67 30 793
31 43 818
43 31 818
31 43 89
43 31 89
31 43 692
43 31 692
31 52 104
52 31 104
31 65 168
65 31 168
31 43 993
43 31 993
31 32 900
32 31 900
31 74 987
74 31 987
31 36 998
36 31 998
31 63 3
63 31 3
32 60 876
60 32 876
32 44 720
44 32 720
32 63 955
63 32 955
32 71 127
71 32 127
32 42 228
42 32 228
32 67 435
67 32 435
32 42 984
42 32 984
32 68 598
68 32 598
32 56 713
56 32 713
32 75 912
75 32 912
32 65 363
65 32 363
33 81 718
81 33 718
33 75 611
75 33 611
33 51 785
51 33 785
33 38 402
38 33 402
33 81 593
81 33 593
33 47 681
47 33 681
33 55 139
55 33 139
33 46 214
46 33 214
33 67 5
67 33 5
34 36 327
36 34 327
34 76 904
76 34 904
34 54 378
54 34 378
34 35 872
35 34 872
34 74 917
74 34 917
34 78 261
78 34 261
34 78 305
78 34 305
34 76 239
76 34 239
34 35 189
35 34 189
34 36 473
36 34 473
35 45 458
45 35 458
35 66 188
66 35 188
35 74 473
74 35 473
35 73 550
73 35 550
35 79 559
79 35 559
35 36 145
36 35 145
35 37 984
37 35 984
36 44 778
44 36 778
36 46 169
46 36 169
36 52 578
52 36 578
36 55 661
55 36 661
36 47 854
47 36 854
36 43 995
43 36 995
36 59 980
59 36 980
36 42 412
42 36 412
37 75 542
75 37 542
37 66 244
66 37 244
37 46 229
46 37 229
37 74 486
74 37 486
37 42 529
42 37 529
37 42 755
42 37 755
37 73 458
73 37 458
37 54 318
54 37 318
37 66 651
66 37 651
37 38 956
38 37 956
38 40 713
40 38 713
38 53 170
53 38 170
38 59 804
59 38 804
38 49 666
49 38 666
38 81 511
81 38 511
38 47 158
47 38 158
38 76 100
76 38 100
38 73 931
73 38 931
38 55 57
55 38 57
38 56 864
56 38 864
39 69 743
69 39 743
39 49 635
49 39 635
39 45 954
45 39 954
40 60 385
60 40 385
40 59 955
59 40 955
40 45 130
45 40 130
40 73 235
73 40 235
40 60 619
60 40 619
40 71 588
71 40 588
40 48 625
48 40 625
40 67 588
67 40 588
40 74 156
74 40 156
41 49 62
49 41 62
41 63 292
63 41 292
41 78 48
78 41 48
41 43 30
43 41 30
41 41 73
41 41 73
41 54 469
54 41 469
41 72 124
72 41 124
42 58 76
58 42 76
42 74 593
74 42 593
42 78 464
78 42 464
42 67 829
67 42 829
42 76 916
76 42 916
42 51 283
51 42 283
42 76 216
76 42 216
42 56 591
56 42 591
43 54 994
54 43 994
43 78 643
78 43 643
44 48 576
48 44 576
44 73 447
73 44 447
44 51 842
51 44 842
44 53 578
53 44 578
44 77 458
77 44 458
44 54 431
54 44 431
44 57 126
57 44 126
44 66 477
66 44 477
44 80 377
80 44 377
44 73 619
73 44 619
44 71 480
71 44 480
44 78 682
78 44 682
44 80 416
80 44 416
45 66 548
66 45 548
45 69 263
69 45 263
45 62 668
62 45 668
45 57 691
57 45 691
45 78 371
78 45 371
45 70 544
70 45 544
45 76 415
76 45 415
45 59 325
59 45 325
46 65 648
65 46 648
46 69 201
69 46 201
46 50 415
50 46 415
46 69 966
69 46 966
46 47 576
47 46 576
47 74 211
74 47 211
47 53 575
53 47 575
47 81 389
81 47 389
47 60 859
60 47 859
47 63 341
63 47 341
47 61 586
61 47 586
47 66 623
66 47 623
47 75 607
75 47 607
47 70 97
70 47 97
48 50 5
50 48 5
48 76 177
76 48 177
48 60 466
60 48 466
48 78 647
78 48 647
48 59 851
59 48 851
48 64 369
64 48 369
48 58 13
58 48 13
48 49 312
49 48 312
49 58 710
58 49 710
49 49 37
49 49 37
49 60 39
60 49 39
49 66 936
66 49 936
49 74 883
74 49 883
49 77 212
77 49 212
50 76 793
76 50 793
50 80 170
80 50 170
51 56 781
56 51 781
51 74 75
74 51 75
51 53 687
53 51 687
51 56 281
56 51 281
51 80 54
80 51 54
52 68 315
68 52 315
52 70 406
70 52 406
52 76 921
76 52 921
52 70 497
70 52 497
52 73 293
73 52 293
52 58 808
58 52 808
52 80 839
80 52 839
52 79 202
79 52 202
52 68 337
68 52 337
53 80 917
80 53 917
53 68 63
68 53 63
53 81 246
81 53 246
53 77 259
77 53 259
53 65 853
65 53 853
53 60 634
60 53 634
54 64 24
64 54 24
54 61 446
61 54 446
54 76 742
76 54 742
54 74 204
74 54 204
54 68 572
68 54 572
54 65 704
65 54 704
55 64 944
64 55 944
55 56 611
56 55 611
55 65 647
65 55 647
55 72 659
72 55 659
55 56 322
56 55 322
55 57 937
57 55 937
55 64 803
64 55 803
55 70 298
70 55 298
56 58 160
58 56 160
56 72 594
72 56 594
56 63 266
63 56 266
56 58 733
58 56 733
56 72 66
72 56 66
57 78 284
78 57 284
57 79 419
79 57 419
57 63 823
63 57 823
57 63 87
63 57 87
57 63 430
63 57 430
57 65 964
65 57 964
57 61 125
61 57 125
58 71 434
71 58 434
58 77 930
77 58 930
58 72 977
72 58 977
58 62 465
62 58 465
59 62 313
62 59 313
59 64 465
64 59 465
59 65 897
65 59 897
60 74 400
74 60 400
60 81 846
81 60 846
60 71 688
71 60 688
60 67 626
67 60 626
62 74 619
74 62 619
62 81 532
81 62 532
63 78 287
78 63 287
64 77 721
77 64 721
64 68 696
68 64 696
65 72 760
72 65 760
65 67 898
67 65 898
65 69 911
69 65 911
65 69 141
69 65 141
66 74 930
74 66 930
66 77 664
77 66 664
66 79 856
79 66 856
66 70 195
70 66 195
66 73 923
73 66 923
66 77 266
77 66 266
66 80 171
80 66 171
67 75 773
75 67 773
67 70 392
70 67 392
68 77 778
77 68 778
68 79 570
79 68 570
69 80 611
80 69 611
69 74 286
74 69 286
69 76 635
76 69 635
69 70 365
70 69 365
70 80 822
80 70 822
71 80 961
80 71 961
71 81 195
81 71 195
71 78 374
78 71 374
72 80 987
80 72 987
73 78 684
78 73 684
73 74 549
74 73 549
73 77 158
77 73 158
74 77 173
77 74 173
75 79 724
79 75 724
76 80 670
80 76 670
77 77 757
77 77 757
