87

0 1 996
1 0 996
0 2 424
2 0 424
0 24 382
24 0 382
0 3 492
3 0 492
0 27 118
27 0 118
0 6 964
6 0 964
1 4 143
4 1 143
1 6 473
6 1 473
1 7 878
7 1 878
1 10 791
10 1 791
1 31 708
31 1 708
1 33 559
33 1 559
1 70 161
70 1 161
1 43 329
43 1 329
1 12 881
12 1 881
1 84 751
84 1 751
1 10 22
10 1 22
1 50 839
50 1 839
1 26 37
26 1 37
1 3 198
3 1 198
1 55 1000
55 1 1000
2 3 15
3 2 15
2 25 66
25 2 66
2 52 129
52 2 129
2 75 834
75 2 834
2 81 840
81 2 840
3 5 566
5 3 566
3 38 115
38 3 115
3 75 616
75 3 616
3 76 550
76 3 550
4 11 506
11 4 506
4 14 831
14 4 831
4 15 483
15 4 483
4 27 383
27 4 383
5 9 32
9 5 32
5 13 56
13 5 56
5 45 348
45 5 348
5 76 238
76 5 238
5 24 572
24 5 572
5 44 842
44 5 842
5 58 316
58 5 316
5 65 481
65 5 481
5 74 719
74 5 719
6 16 507
16 6 507
6 26 993
26 6 993
6 66 225
66 6 225
6 10 384
10 6 384
7 8 228
8 7 228
7 40 75
40 7 75
7 41 573
41 7 573
7 49 698
49 7 698
7 82 19
82 7 19
7 78 588
78 7 588
7 70 210
70 7 210
8 57 739
57 8 739
8 48 485
48 8 485
8 32 149
32 8 149
8 24 786
24 8 786
8 14 649
14 8 649
9 12 444
12 9 444
9 57 788
57 9 788
9 14 698
14 9 698
9 29 318
29 9 318
10 32 772
32 10 772
10 73 441
73 10 441
10 44 843
44 10 843
10 17 109
17 10 109
10 66 366
66 10 366
10 12 766
12 10 766
10 58 516
58 10 516
10 19 194
19 10 194
11 18 430
18 11 430
11 22 462
22 11 462
11 58 209
58 11 209
11 21 637
21 11 637
11 43 626
43 11 626
12 17 973
17 12 973
12 20 942
20 12 942
12 64 892
64 12 892
12 86 421
86 12 421
13 19 849
19 13 849
13 42 982
42 13 982
13 46 645
46 13 645
13 66 994
66 13 994
13 72 363
72 13 363
13 67 752
67 13 752
13 37 196
37 13 196
13 76 503
76 13 503
13 54 922
54 13 922
14 30 730
30 14 730
14 84 690
84 14 690
14 70 953
70 14 953
14 55 910
55 14 910
14 28 133
28 14 133
14 25 16
25 14 16
15 37 699
37 15 699
15 47 405
47 15 405
15 57 573
57 15 573
15 40 55
40 15 55
16 23 559
23 16 559
16 28 934
28 16 934
16 36 382
36 16 382
16 73 365
73 16 365
16 86 94
86 16 94
16 45 844
45 16 844
16 24 941
24 16 941
17 62 104
62 17 104
17 71 43
71 17 43
17 21 154
21 17 154
17 22 606
22 17 606
18 50 298
50 18 298
18 63 612
63 18 612
18 62 980
62 18 980
19 30 227
30 19 227
19 26 328
26 19 328
19 31 481
31 19 481
19 80 220
80 19 220
19 51 329
51 19 329
19 20 29
20 19 29
20 21 457
21 20 457
20 48 276
48 20 276
20 28 491
28 20 491
20 82 181
82 20 181
20 25 975
25 20 975
20 32 747
32 20 747
20 38 527
38 20 527
21 34 779
34 21 779
21 85 120
85 21 120
21 33 158
33 21 158
21 69 234
69 21 234
22 81 363
81 22 363
23 24 191
24 23 191
23 68 26
68 23 26
23 39 483
39 23 483
23 37 187
37 23 187
23 53 555
53 23 555
23 68 436
68 23 436
23 36 946
36 23 946
24 29 948
29 24 948
24 77 769
77 24 769
24 48 372
48 24 372
24 60 876
60 24 876
25 75 916
75 25 916
25 79 168
79 25 168
25 65 240
65 25 240
25 28 264
28 25 264
25 26 232
26 25 232
26 29 941
29 26 941
26 72 507
72 26 507
26 78 961
78 26 961
26 78 200
78 26 200
26 79 214
79 26 214
27 43 415
43 27 415
27 44 293
44 27 293
27 62 533
62 27 533
27 65 561
65 27 561
27 41 382
41 27 382
27 61 383
61 27 383
27 38 905
38 27 905
28 56 307
56 28 307
28 80 654
80 28 654
28 83 447
83 28 447
28 43 920
43 28 920
28 36 82
36 28 82
28 46 894
46 28 894
28 32 134
32 28 134
29 35 630
35 29 630
29 58 773
58 29 773
29 83 968
83 29 968
29 55 394
55 29 394
29 36 1000
36 29 1000
30 43 397
43 30 397
30 38 464
38 30 464
30 46 255
46 30 255
31 60 107
60 31 107
31 33 386
33 31 386
32 54 129
54 32 129
32 37 109
37 32 109
32 82 706
82 32 706
33 56 299
56 33 299
33 74 430
74 33 430
34 74 318
74 34 318
34 53 47
53 34 47
34 65 408
65 34 408
34 84 25
84 34 25
34 76 681
76 34 681
35 62 682
62 35 682
36 39 388
39 36 388
36 59 771
59 36 771
37 57 832
57 37 832
37 46 369
46 37 369
38 60 650
60 38 650
38 83 254
83 38 254
39 60 610
60 39 610
39 74 225
74 39 225
39 85 868
85 39 868
39 77 314
77 39 314
41 51 913
51 41 913
41 46 433
46 41 433
41 78 966
78 41 966
41 77 554
77 41 554
41 72 620
72 41 620
41 71 403
71 41 403
42 42 179
42 42 179
42 43 217
43 42 217
42 56 206
56 42 206
43 65 412
65 43 412
43 44 413
44 43 413
43 76 309
76 43 309
44 69 481
69 44 481
44 86 269
86 44 269
44 57 699
57 44 699
44 54 511
54 44 511
45 49 1000
49 45 1000
45 69 80
69 45 80
45 84 793
84 45 793
46 82 445
82 46 445
47 66 315
66 47 315
49 53 898
53 49 898
49 68 638
68 49 638
49 73 348
73 49 348
50 68 750
68 50 750
50 76 788
76 50 788
50 67 588
67 50 588
50 54 381
54 50 381
50 60 257
60 50 257
51 55 199
55 51 199
51 81 322
81 51 322
51 68 978
68 51 978
51 69 63
69 51 63
51 66 44
66 51 44
52 82 308
82 52 308
53 54 324
54 53 324
53 73 547
73 53 547
53 73 877
73 53 877
53 73 891
73 53 891
53 76 390
76 53 390
54 82 100
82 54 100
54 84 642
84 54 642
54 76 80
76 54 80
55 71 374
71 55 374
55 67 674
67 55 674
55 57 773
57 55 773
55 83 446
83 55 446
57 62 562
62 57 562
57 67 853
67 57 853
57 86 729
86 57 729
57 66 919
66 57 919
58 61 51
61 58 51
58 85 69
85 58 69
58 66 460
66 58 460
59 75 809
75 59 809
61 69 21
69 61 21
62 77 728
77 62 728
62 63 77
63 62 77
63 68 877
68 63 877
64 76 119
76 64 119
67 67 698
67 67 698
67 68 71
68 67 71
70 77 40
77 70 40
71 81 921
81 71 921
72 78 305
78 72 305
72 84 976
84 72 976
72 78 593
78 72 593
72 82 841
82 72 841
73 78 842
78 73 842
73 74 162
74 73 162
76 84 415
84 76 415
81 83 526
83 81 526
