60

0 1 721
1 0 721
0 8 346
8 0 346
0 11 96
11 0 96
0 14 295
14 0 295
0 21 610
21 0 610
0 36 639
36 0 639
1 2 471
2 1 471
1 3 751
3 1 751
1 5 769
5 1 769
1 36 708
36 1 708
2 4 33
4 2 33
2 29 530
29 2 530
2 33 170
33 2 170
2 34 524
34 2 524
3 15 457
15 3 457
3 17 668
17 3 668
3 23 594
23 3 594
4 7 553
7 4 553
4 9 261
9 4 261
5 6 271
6 5 271
5 13 412
13 5 412
5 18 931
18 5 931
7 12 738
12 7 738
7 25 144
25 7 144
8 10 911
10 8 911
8 57 561
57 8 561
8 13 309
13 8 309
9 19 757
19 9 757
9 54 748
54 9 748
10 20 644
20 10 644
10 31 12
31 10 12
10 41 578
41 10 578
11 16 909
16 11 909
11 24 580
24 11 580
11 27 820
27 11 820
11 30 353
30 11 353
12 35 263
35 12 263
12 40 726
40 12 726
12 26 782
26 12 782
13 22 406
22 13 406
15 32 641
32 15 641
15 34 897
34 15 897
15 46 169
46 15 169
15 59 382
59 15 382
16 26 130
26 16 130
17 18 373
18 17 373
17 45 929
45 17 929
17 53 267
53 17 267
17 58 540
58 17 540
17 30 446
30 17 446
19 42 423
42 19 423
20 56 787
56 20 787
23 52 269
52 23 269
23 30 775
30 23 775
24 28 183
28 24 183
24 39 421
39 24 421
28 43 118
43 28 118
30 49 707
49 30 707
31 40 862
40 31 862
33 37 343
37 33 343
34 48 245
48 34 245
35 38 163
38 35 163
35 50 782
50 35 782
37 47 113
47 37 113
38 44 982
44 38 982
43 51 261
51 43 261
45 55 36
55 45 36
45 59 232
59 45 232
52 58 443
58 52 443
