96

0 1 93
1 0 93
0 4 773
4 0 773
0 5 398
5 0 398
0 23 325
23 0 325
0 60 644
60 0 644
0 38 522
38 0 522
0 6 896
6 0 896
1 2 645
2 1 645
1 11 805
11 1 805
1 36 715
36 1 715
1 39 67
39 1 67
1 64 699
64 1 699
1 77 937
77 1 937
1 25 852
25 1 852
1 70 859
70 1 859
1 9 568
9 1 568
1 17 901
17 1 901
1 54 162
54 1 162
1 36 179
36 1 179
1 58 455
58 1 455
1 63 73
63 1 73
2 3 865
3 2 865
2 12 618
12 2 618
2 20 250
20 2 250
2 72 506
72 2 506
2 59 861
59 2 861
2 93 180
93 2 180
2 66 453
66 2 453
2 77 106
77 2 106
2 39 892
39 2 892
2 51 256
51 2 256
3 6 744
6 3 744
3 7 481
7 3 481
3 8 691
8 3 691
3 22 69
22 3 69
3 40 139
40 3 139
3 52 114
52 3 114
3 63 302
63 3 302
3 61 167
61 3 167
3 7 958
7 3 958
3 29 758
29 3 758
4 16 418
16 4 418
4 21 88
21 4 88
4 28 53
28 4 53
4 79 53
79 4 53
4 58 799
58 4 799
4 71 290
71 4 290
4 46 262
46 4 262
4 72 524
72 4 524
5 31 531
31 5 531
5 49 638
49 5 638
5 33 805
33 5 805
5 8 983
8 5 983
5 35 304
35 5 304
5 22 251
22 5 251
6 9 516
9 6 516
6 13 787
13 6 787
6 14 804
14 6 804
6 45 708
45 6 708
6 17 137
17 6 137
6 19 630
19 6 630
6 80 578
80 6 578
6 8 470
8 6 470
6 43 256
43 6 256
6 34 860
34 6 860
6 49 236
49 6 236
7 10 895
10 7 895
7 41 747
41 7 747
7 71 285
71 7 285
7 46 893
46 7 893
7 13 713
13 7 713
7 36 29
36 7 29
7 44 521
44 7 521
7 22 53
22 7 53
7 62 2
62 7 2
8 62 159
62 8 159
8 73 113
73 8 113
8 52 791
52 8 791
8 36 268
36 8 268
8 36 366
36 8 366
8 19 460
19 8 460
8 42 469
42 8 469
8 10 263
10 8 263
8 44 408
44 8 408
9 19 902
19 9 902
9 32 235
32 9 235
9 54 113
54 9 113
9 88 547
88 9 547
9 34 81
34 9 81
9 19 901
19 9 901
9 77 170
77 9 170
9 92 556
92 9 556
9 52 617
52 9 617
9 10 136
10 9 136
9 43 23
43 9 23
9 45 751
45 9 751
10 89 244
89 10 244
10 13 678
13 10 678
11 15 589
15 11 589
11 42 796
42 11 796
11 76 92
76 11 92
11 54 437
54 11 437
11 94 283
94 11 283
11 21 812
21 11 812
11 55 955
55 11 955
11 76 161
76 11 161
11 35 361
35 11 361
11 50 724
50 11 724
11 75 69
75 11 69
12 29 904
29 12 904
12 44 159
44 12 159
12 74 88
74 12 88
12 79 190
79 12 190
12 48 774
48 12 774
12 58 903
58 12 903
12 83 228
83 12 228
12 49 148
49 12 148
12 19 826
19 12 826
12 48 214
48 12 214
12 48 58
48 12 58
12 33 979
33 12 979
13 67 377
67 13 377
13 64 391
64 13 391
13 69 783
69 13 783
13 80 812
80 13 812
13 91 717
91 13 717
13 23 920
23 13 920
13 53 752
53 13 752
13 57 445
57 13 445
13 62 213
62 13 213
13 48 873
48 13 873
14 25 63
25 14 63
14 42 977
42 14 977
14 78 312
78 14 312
14 57 429
57 14 429
14 32 864
32 14 864
14 35 976
35 14 976
14 71 134
71 14 134
15 47 386
47 15 386
15 66 208
66 15 208
15 83 409
83 15 409
15 66 790
66 15 790
15 59 301
59 15 301
15 19 575
19 15 575
15 28 226
28 15 226
16 17 99
17 16 99
16 24 438
24 16 438
16 26 53
26 16 53
16 93 870
93 16 870
16 28 727
28 16 727
16 64 111
64 16 111
16 75 714
75 16 714
16 93 165
93 16 165
16 60 53
60 16 53
16 59 48
59 16 48
16 22 632
22 16 632
16 43 823
43 16 823
16 71 169
71 16 169
17 18 704
18 17 704
17 46 707
46 17 707
17 30 661
30 17 661
17 23 450
23 17 450
17 88 658
88 17 658
17 66 344
66 17 344
17 46 644
46 17 644
17 89 167
89 17 167
18 48 965
48 18 965
18 57 993
57 18 993
18 73 243
73 18 243
18 88 13
88 18 13
18 28 346
28 18 346
19 75 828
75 19 828
19 55 759
55 19 759
19 41 660
41 19 660
19 73 308
73 19 308
19 31 998
31 19 998
19 89 473
89 19 473
19 59 557
59 19 557
19 76 687
76 19 687
19 68 927
68 19 927
19 49 785
49 19 785
19 47 879
47 19 879
19 22 940
22 19 940
20 82 598
82 20 598
20 69 396
69 20 396
20 88 967
88 20 967
20 93 750
93 20 750
20 62 859
62 20 859
20 85 907
85 20 907
21 21 63
21 21 63
21 76 685
76 21 685
21 87 143
87 21 143
21 39 107
39 21 107
21 75 543
75 21 543
21 28 887
28 21 887
21 84 740
84 21 740
21 27 52
27 21 52
21 33 550
33 21 550
21 22 345
22 21 345
21 56 802
56 21 802
22 53 168
53 22 168
22 55 898
55 22 898
22 63 177
63 22 177
22 93 278
93 22 278
22 91 68
91 22 68
22 48 76
48 22 76
22 79 855
79 22 855
23 27 881
27 23 881
23 30 524
30 23 524
23 76 378
76 23 378
24 38 866
38 24 866
24 61 478
61 24 478
24 73 496
73 24 496
24 37 687
37 24 687
24 49 178
49 24 178
25 43 889
43 25 889
25 60 771
60 25 771
25 37 939
37 25 939
25 85 834
85 25 834
25 48 817
48 25 817
25 84 886
84 25 886
25 58 587
58 25 587
25 33 332
33 25 332
25 70 96
70 25 96
26 34 312
34 26 312
26 62 924
62 26 924
26 40 800
40 26 800
26 68 187
68 26 187
26 44 933
44 26 933
27 37 881
37 27 881
27 90 556
90 27 556
27 30 141
30 27 141
27 85 708
85 27 708
27 93 747
93 27 747
27 74 178
74 27 178
27 90 674
90 27 674
27 52 197
52 27 197
27 48 709
48 27 709
27 55 602
55 27 602
28 33 276
33 28 276
28 34 547
34 28 547
28 88 653
88 28 653
28 61 631
61 28 631
28 37 642
37 28 642
28 69 873
69 28 873
29 51 649
51 29 649
29 70 310
70 29 310
29 68 203
68 29 203
30 52 21
52 30 21
30 92 114
92 30 114
30 60 752
60 30 752
30 73 480
73 30 480
30 50 380
50 30 380
30 78 246
78 30 246
31 77 201
77 31 201
31 61 383
61 31 383
31 43 705
43 31 705
31 78 679
78 31 679
31 43 328
43 31 328
31 76 112
76 31 112
31 88 196
88 31 196
32 35 985
35 32 985
32 59 408
59 32 408
32 35 529
35 32 529
32 38 631
38 32 631
32 71 805
71 32 805
32 73 218
73 32 218
33 92 933
92 33 933
33 63 401
63 33 401
33 65 27
65 33 27
33 68 955
68 33 955
33 56 730
56 33 730
33 53 907
53 33 907
33 65 778
65 33 778
33 62 199
62 33 199
34 94 918
94 34 918
34 58 758
58 34 758
34 69 866
69 34 866
34 85 704
85 34 704
34 83 793
83 34 793
34 82 854
82 34 854
35 41 587
41 35 587
35 36 811
36 35 811
35 81 617
81 35 617
36 71 834
71 36 834
36 74 825
74 36 825
36 53 175
53 36 175
36 38 953
38 36 953
36 50 614
50 36 614
36 92 890
92 36 890
37 57 215
57 37 215
37 67 56
67 37 56
38 54 168
54 38 168
38 89 397
89 38 397
38 46 721
46 38 721
38 44 192
44 38 192
38 41 281
41 38 281
38 77 112
77 38 112
38 60 571
60 38 571
38 78 4
78 38 4
39 75 50
75 39 50
39 51 447
51 39 447
39 79 37
79 39 37
39 72 367
72 39 367
40 65 722
65 40 722
40 44 828
44 40 828
40 49 129
49 40 129
40 90 471
90 40 471
40 76 404
76 40 404
41 46 786
46 41 786
41 66 751
66 41 751
41 51 625
51 41 625
41 71 215
71 41 215
41 86 306
86 41 306
42 92 619
92 42 619
42 73 245
73 42 245
42 60 925
60 42 925
42 91 948
91 42 948
43 45 235
45 43 235
43 69 841
69 43 841
43 82 716
82 43 716
43 84 248
84 43 248
44 59 706
59 44 706
45 81 676
81 45 676
45 69 528
69 45 528
45 89 9
89 45 9
45 80 446
80 45 446
45 65 505
65 45 505
45 92 28
92 45 28
46 58 885
58 46 885
46 68 728
68 46 728
46 46 640
46 46 640
46 54 788
54 46 788
46 58 675
58 46 675
46 64 312
64 46 312
46 52 430
52 46 430
47 50 77
50 47 77
47 95 583
95 47 583
47 79 356
79 47 356
47 90 863
90 47 863
47 50 273
50 47 273
47 93 252
93 47 252
48 55 495
55 48 495
48 73 826
73 48 826
48 71 32
71 48 32
48 55 170
55 48 170
48 84 256
84 48 256
48 70 439
70 48 439
49 51 902
51 49 902
49 86 806
86 49 806
49 56 715
56 49 715
49 90 305
90 49 305
49 80 896
80 49 896
49 49 287
49 49 287
49 78 276
78 49 276
49 74 370
74 49 370
50 56 263
56 50 263
50 50 243
50 50 243
50 64 265
64 50 265
51 76 46
76 51 46
51 93 936
93 51 936
51 94 209
94 51 209
51 58 592
58 51 592
51 83 540
83 51 540
52 84 645
84 52 645
52 95 245
95 52 245
52 59 704
59 52 704
52 90 161
90 52 161
53 72 176
72 53 176
53 82 324
82 53 324
53 79 442
79 53 442
53 54 239
54 53 239
53 67 247
67 53 247
54 70 113
70 54 113
54 92 151
92 54 151
55 86 901
86 55 901
55 82 960
82 55 960
55 65 818
65 55 818
55 85 439
85 55 439
55 71 772
71 55 772
55 84 489
84 55 489
56 87 782
87 56 782
56 62 161
62 56 161
56 75 635
75 56 635
56 58 869
58 56 869
56 56 931
56 56 931
57 90 939
90 57 939
57 94 940
94 57 940
57 65 23
65 57 23
57 76 228
76 57 228
58 89 695
89 58 695
58 92 373
92 58 373
58 63 425
63 58 425
58 87 817
87 58 817
59 61 787
61 59 787
59 85 16
85 59 16
59 81 34
81 59 34
60 62 176
62 60 176
60 67 748
67 60 748
61 69 852
69 61 852
61 65 912
65 61 912
62 77 725
77 62 725
62 74 721
74 62 721
62 74 570
74 62 570
62 80 649
80 62 649
64 84 957
84 64 957
65 91 906
91 65 906
66 93 848
93 66 848
66 87 755
87 66 755
66 90 343
90 66 343
67 78 381
78 67 381
68 84 837
84 68 837
68 83 45
83 68 45
68 92 223
92 68 223
68 95 946
95 68 946
68 83 810
83 68 810
68 94 347
94 68 347
68 68 572
68 68 572
68 95 81
95 68 81
69 71 968
71 69 968
69 70 284
70 69 284
70 94 366
94 70 366
70 73 185
73 70 185
71 75 679
75 71 679
71 86 231
86 71 231
71 81 305
81 71 305
71 86 848
86 71 848
72 81 804
81 72 804
72 82 976
82 72 976
73 86 68
86 73 68
75 79 940
79 75 940
75 85 760
85 75 760
75 81 4
81 75 4
75 84 186
84 75 186
75 87 840
87 75 840
75 86 40
86 75 40
75 84 211
84 75 211
75 77 673
77 75 673
76 88 417
88 76 417
76 91 638
91 76 638
76 83 18
83 76 18
76 95 124
95 76 124
77 88 786
88 77 786
78 94 414
94 78 414
79 80 604
80 79 604
80 88 139
88 80 139
81 93 226
93 81 226
81 85 658
85 81 658
81 93 831
93 81 831
82 89 1000
89 82 1000
82 87 562
87 82 562
82 83 446
83 82 446
