76

0 1 743
1 0 743
0 2 126
2 0 126
0 9 77
9 0 77
0 10 781
10 0 781
0 14 705
14 0 705
0 18 163
18 0 163
0 40 576
40 0 576
0 29 710
29 0 710
0 14 969
14 0 969
1 3 631
3 1 631
1 15 562
15 1 562
1 66 290
66 1 290
1 34 77
34 1 77
1 41 212
41 1 212
1 27 681
27 1 681
2 4 44
4 2 44
2 5 804
5 2 804
2 13 153
13 2 153
2 27 47
27 2 47
2 31 527
31 2 527
2 50 154
50 2 154
2 44 448
44 2 448
2 18 340
18 2 340
2 12 473
12 2 473
3 8 942
8 3 942
3 17 221
17 3 221
3 75 865
75 3 865
3 14 943
14 3 943
4 6 236
6 4 236
4 22 665
22 4 665
4 16 314
16 4 314
4 12 620
12 4 620
5 7 340
7 5 340
5 42 72
42 5 72
6 34 489
34 6 489
6 38 515
38 6 515
6 26 778
26 6 778
7 11 854
11 7 854
7 20 46
20 7 46
7 28 335
28 7 335
7 40 200
40 7 200
7 67 391
67 7 391
7 10 283
10 7 283
7 14 870
14 7 870
8 12 853
12 8 853
8 24 664
24 8 664
8 70 381
70 8 381
8 67 150
67 8 150
8 57 259
57 8 259
8 16 935
16 8 935
8 17 166
17 8 166
9 56 777
56 9 777
9 61 820
61 9 820
9 63 29
63 9 29
9 61 947
61 9 947
9 43 498
43 9 498
9 18 879
18 9 879
9 23 902
23 9 902
9 71 395
71 9 395
9 19 936
19 9 936
10 33 405
33 10 405
10 53 35
53 10 35
11 21 74
21 11 74
11 29 116
29 11 116
11 42 660
42 11 660
11 65 97
65 11 97
11 26 227
26 11 227
11 35 408
35 11 408
12 72 984
72 12 984
12 13 356
13 12 356
12 56 453
56 12 453
12 35 101
35 12 101
13 30 50
30 13 50
13 43 925
43 13 925
13 33 474
33 13 474
13 29 566
29 13 566
13 57 777
57 13 777
13 63 853
63 13 853
13 28 613
28 13 613
14 16 789
16 14 789
14 27 181
27 14 181
14 17 537
17 14 537
14 49 731
49 14 731
14 14 248
14 14 248
14 17 937
17 14 937
15 69 736
69 15 736
15 73 312
73 15 312
15 68 276
68 15 276
15 63 260
63 15 260
16 19 754
19 16 754
16 52 591
52 16 591
16 18 220
18 16 220
16 70 593
70 16 593
16 41 382
41 16 382
16 24 33
24 16 33
16 65 165
65 16 165
16 54 214
54 16 214
17 73 891
73 17 891
17 73 588
73 17 588
17 21 198
21 17 198
18 40 704
40 18 704
18 40 602
40 18 602
18 18 168
18 18 168
19 24 689
24 19 689
19 49 336
49 19 336
20 63 746
63 20 746
20 61 225
61 20 225
21 36 309
36 21 309
21 25 79
25 21 79
22 23 408
23 22 408
22 25 604
25 22 604
22 37 977
37 22 977
22 45 963
45 22 963
22 25 869
25 22 869
22 47 519
47 22 519
23 57 805
57 23 805
23 48 39
48 23 39
23 40 712
40 23 712
23 47 646
47 23 646
24 26 753
26 24 753
24 54 884
54 24 884
24 55 720
55 24 720
24 48 167
48 24 167
24 58 897
58 24 897
25 47 645
47 25 645
25 40 242
40 25 242
26 36 418
36 26 418
27 52 896
52 27 896
27 53 599
53 27 599
27 55 143
55 27 143
29 32 516
32 29 516
29 35 422
35 29 422
29 63 893
63 29 893
29 55 911
55 29 911
29 73 410
73 29 410
29 40 374
40 29 374
29 75 619
75 29 619
30 47 216
47 30 216
30 60 912
60 30 912
30 43 893
43 30 893
31 34 399
34 31 399
31 31 909
31 31 909
31 59 787
59 31 787
32 48 776
48 32 776
32 64 182
64 32 182
32 37 201
37 32 201
32 45 530
45 32 530
33 55 490
55 33 490
34 62 636
62 34 636
34 38 471
38 34 471
34 47 335
47 34 335
34 39 652
39 34 652
35 74 610
74 35 610
35 44 220
44 35 220
35 58 345
58 35 345
36 39 286
39 36 286
36 59 283
59 36 283
36 70 702
70 36 702
36 67 203
67 36 203
36 46 646
46 36 646
37 49 723
49 37 723
37 53 335
53 37 335
37 64 894
64 37 894
38 57 309
57 38 309
38 61 477
61 38 477
39 75 286
75 39 286
39 40 710
40 39 710
40 41 525
41 40 525
40 53 749
53 40 749
40 68 53
68 40 53
40 42 298
42 40 298
40 52 463
52 40 463
40 42 751
42 40 751
40 54 266
54 40 266
41 69 977
69 41 977
41 46 904
46 41 904
41 61 752
61 41 752
41 44 716
44 41 716
42 44 234
44 42 234
42 58 326
58 42 326
42 57 122
57 42 122
43 46 868
46 43 868
44 46 8
46 44 8
45 67 658
67 45 658
45 64 91
64 45 91
45 61 229
61 45 229
46 51 358
51 46 358
46 66 513
66 46 513
46 55 235
55 46 235
47 56 230
56 47 230
48 64 731
64 48 731
48 55 687
55 48 687
50 63 643
63 50 643
50 55 867
55 50 867
50 58 713
58 50 713
51 52 480
52 51 480
51 64 86
64 51 86
52 66 631
66 52 631
53 64 243
64 53 243
54 68 656
68 54 656
55 65 9
65 55 9
55 69 226
69 55 226
55 58 22
58 55 22
55 63 745
63 55 745
56 56 609
56 56 609
58 69 199
69 58 199
60 71 775
71 60 775
60 68 900
68 60 900
60 62 241
62 60 241
61 64 497
64 61 497
61 73 369
73 61 369
63 69 360
69 63 360
63 66 375
66 63 375
65 71 537
71 65 537
66 75 175
75 66 175
68 71 246
71 68 246
69 72 182
72 69 182
