100

0 1 459
1 0 459
0 3 106
3 0 106
0 8 34
8 0 34
0 16 829
16 0 829
0 21 325
21 0 325
0 27 618
27 0 618
0 31 585
31 0 585
0 68 484
68 0 484
1 2 92
2 1 92
1 4 733
4 1 733
1 7 367
7 1 367
1 14 775
14 1 775
1 17 73
17 1 73
1 23 716
23 1 716
1 87 688
87 1 688
2 11 381
11 2 381
2 26 736
26 2 736
3 5 542
5 3 542
3 93 899
93 3 899
4 39 299
39 4 299
5 6 32
6 5 32
5 18 111
18 5 111
6 37 392
37 6 392
6 70 885
70 6 885
6 74 738
74 6 738
7 9 516
9 7 516
7 10 204
10 7 204
7 19 237
19 7 237
7 36 139
36 7 139
8 12 278
12 8 278
8 13 849
13 8 849
8 49 255
49 8 255
8 52 634
52 8 634
8 54 129
54 8 129
8 55 839
55 8 839
8 89 280
89 8 280
8 95 251
95 8 251
9 32 132
32 9 132
10 53 156
53 10 156
11 20 919
20 11 919
12 15 499
15 12 499
12 25 700
25 12 700
12 30 723
30 12 723
12 61 211
61 12 211
12 76 814
76 12 814
13 38 140
38 13 140
13 43 876
43 13 876
13 96 990
96 13 990
15 29 32
29 15 32
16 50 527
50 16 527
16 59 624
59 16 624
17 97 682
97 17 682
18 35 29
35 18 29
20 22 559
22 20 559
20 24 101
24 20 101
21 33 288
33 21 288
22 34 303
34 22 303
24 57 368
57 24 368
24 66 707
66 24 707
25 67 995
67 25 995
26 28 510
28 26 510
26 41 873
41 26 873
29 45 830
45 29 830
29 46 532
46 29 532
31 48 811
48 31 811
32 44 110
44 32 110
33 40 788
40 33 788
34 56 500
56 34 500
36 42 620
42 36 620
37 64 325
64 37 325
37 84 640
84 37 640
39 88 282
88 39 282
40 82 557
82 40 557
40 75 867
75 40 867
41 60 484
60 41 484
41 71 486
71 41 486
42 83 188
83 42 188
43 85 941
85 43 941
43 90 638
90 43 638
45 51 360
51 45 360
46 47 380
47 46 380
47 94 579
94 47 579
48 78 51
78 48 51
49 58 554
58 49 554
50 93 362
93 50 362
51 63 528
63 51 528
52 69 893
69 52 893
53 62 726
62 53 726
54 68 999
68 54 999
55 65 47
65 55 47
57 72 935
72 57 935
59 77 298
77 59 298
63 73 241
73 63 241
63 85 756
85 63 756
64 86 899
86 64 899
65 75 855
75 65 855
65 83 984
83 65 984
66 79 387
79 66 387
67 98 543
98 67 543
73 91 615
91 73 615
74 81 539
81 74 539
77 80 111
80 77 111
82 92 380
92 82 380
83 99 162
99 83 162
