91

0 1 4
1 0 4
0 4 764
4 0 764
0 11 174
11 0 174
0 15 430
15 0 430
0 26 387
26 0 387
1 2 509
2 1 509
1 3 514
3 1 514
1 5 696
5 1 696
1 13 7
13 1 7
1 55 43
55 1 43
1 85 463
85 1 463
1 67 583
67 1 583
2 18 464
18 2 464
2 19 106
19 2 106
2 23 903
23 2 903
2 25 52
25 2 52
2 29 969
29 2 969
2 50 775
50 2 775
2 10 75
10 2 75
3 7 120
7 3 120
3 14 640
14 3 640
3 21 946
21 3 946
3 27 323
27 3 323
3 42 919
42 3 919
3 49 263
49 3 263
3 46 144
46 3 144
3 60 277
60 3 277
4 6 656
6 4 656
4 10 396
10 4 396
4 16 405
16 4 405
4 28 317
28 4 317
4 62 424
62 4 424
4 34 427
34 4 427
4 52 439
52 4 439
5 30 722
30 5 722
5 43 279
43 5 279
5 52 362
52 5 362
5 84 783
84 5 783
6 86 400
86 6 400
6 88 171
88 6 171
6 83 575
83 6 575
7 8 977
8 7 977
7 9 779
9 7 779
7 89 957
89 7 957
8 12 14
12 8 14
8 24 860
24 8 860
8 31 81
31 8 81
8 57 480
57 8 480
8 75 552
75 8 552
8 79 718
79 8 718
8 81 141
81 8 141
9 17 470
17 9 470
9 54 20
54 9 20
9 70 996
70 9 996
9 36 547
36 9 547
10 38 183
38 10 183
10 66 189
66 10 189
10 71 754
71 10 754
10 12 765
12 10 765
11 52 704
52 11 704
11 53 188
53 11 188
12 75 41
75 12 41
12 46 736
46 12 736
13 36 272
36 13 272
13 39 445
39 13 445
13 40 569
40 13 569
13 41 122
41 13 122
13 45 208
45 13 208
14 20 453
20 14 453
14 53 434
53 14 434
14 23 630
23 14 630
15 30 907
30 15 907
17 82 357
82 17 357
18 22 984
22 18 984
18 47 310
47 18 310
18 41 248
41 18 248
19 48 724
48 19 724
19 43 773
43 19 773
20 41 928
41 20 928
20 60 98
60 20 98
20 20 197
20 20 197
21 46 998
46 21 998
21 51 413
51 21 413
21 63 133
63 21 133
21 78 663
78 21 663
21 77 178
77 21 178
21 59 405
59 21 405
21 65 472
65 21 472
23 55 740
55 23 740
24 35 159
35 24 159
24 53 468
53 24 468
24 59 69
59 24 69
24 72 183
72 24 183
26 34 68
34 26 68
26 64 601
64 26 601
26 74 207
74 26 207
26 80 936
80 26 936
26 84 158
84 26 158
27 70 453
70 27 453
27 56 979
56 27 979
28 32 62
32 28 62
28 77 361
77 28 361
29 84 3
84 29 3
29 44 141
44 29 141
29 68 585
68 29 585
30 33 703
33 30 703
30 61 335
61 30 335
31 37 650
37 31 650
31 73 160
73 31 160
31 60 350
60 31 350
31 73 24
73 31 24
32 49 490
49 32 490
32 39 202
39 32 202
37 45 121
45 37 121
38 41 120
41 38 120
38 44 197
44 38 197
38 76 37
76 38 37
39 61 271
61 39 271
39 78 613
78 39 613
40 87 42
87 40 42
40 58 846
58 40 846
42 83 676
83 42 676
43 58 268
58 43 268
43 69 902
69 43 902
43 66 263
66 43 263
44 53 276
53 44 276
51 60 811
60 51 811
51 87 508
87 51 508
52 68 835
68 52 835
53 73 645
73 53 645
54 65 980
65 54 980
55 56 417
56 55 417
55 88 925
88 55 925
55 64 306
64 55 306
55 61 279
61 55 279
55 59 20
59 55 20
57 84 238
84 57 238
58 89 417
89 58 417
60 74 924
74 60 924
61 83 771
83 61 771
63 67 944
67 63 944
63 74 660
74 63 660
63 80 313
80 63 313
64 80 28
80 64 28
67 78 601
78 67 601
70 82 998
82 70 998
79 81 774
81 79 774
80 83 807
83 80 807
88 90 542
90 88 542
