81

0 1 151
1 0 151
0 2 302
2 0 302
0 5 401
5 0 401
0 15 303
15 0 303
0 21 545
21 0 545
0 58 360
58 0 360
0 72 974
72 0 974
2 3 142
3 2 142
3 4 244
4 3 244
3 11 837
11 3 837
3 20 299
20 3 299
3 22 697
22 3 697
4 6 699
6 4 699
4 7 538
7 4 538
4 9 883
9 4 883
4 33 157
33 4 157
4 8 713
8 4 713
5 8 126
8 5 126
5 17 800
17 5 800
5 19 922
19 5 922
6 16 326
16 6 326
6 52 480
52 6 480
7 10 271
10 7 271
7 71 466
71 7 466
8 12 770
12 8 770
8 26 21
26 8 21
8 18 149
18 8 149
9 18 615
18 9 615
9 24 171
24 9 171
9 34 139
34 9 139
9 39 9
39 9 9
9 40 249
40 9 249
10 13 902
13 10 902
10 46 859
46 10 859
12 25 643
25 12 643
12 53 467
53 12 467
12 67 937
67 12 937
12 40 585
40 12 585
13 14 174
14 13 174
13 32 594
32 13 594
13 36 813
36 13 813
13 57 746
57 13 746
13 60 942
60 13 942
13 22 836
22 13 836
14 37 793
37 14 793
14 58 947
58 14 947
14 21 79
21 14 79
15 42 649
42 15 649
16 28 585
28 16 585
16 38 949
38 16 949
16 63 336
63 16 336
17 29 558
29 17 558
19 31 510
31 19 510
20 41 483
41 20 483
20 48 692
48 20 692
21 47 732
47 21 732
22 23 765
23 22 765
22 30 972
30 22 972
22 70 173
70 22 173
23 46 961
46 23 961
23 49 365
49 23 365
24 38 962
38 24 962
25 45 329
45 25 329
25 69 911
69 25 911
25 32 975
32 25 975
26 27 273
27 26 273
26 68 466
68 26 466
27 44 893
44 27 893
28 66 690
66 28 690
28 49 109
49 28 109
33 51 568
51 33 568
34 35 632
35 34 632
34 49 261
49 34 261
34 51 789
51 34 789
34 42 196
42 34 196
35 50 123
50 35 123
35 55 322
55 35 322
36 67 402
67 36 402
36 58 930
58 36 930
38 43 744
43 38 744
39 69 548
69 39 548
39 44 542
44 39 542
42 74 372
74 42 372
43 64 397
64 43 397
43 76 764
76 43 764
43 74 891
74 43 891
45 54 235
54 45 235
46 68 566
68 46 566
47 56 669
56 47 669
48 59 910
59 48 910
48 72 924
72 48 924
50 65 5
65 50 5
50 72 775
72 50 775
51 76 457
76 51 457
52 77 675
77 52 675
53 78 969
78 53 969
54 61 915
61 54 915
55 61 270
61 55 270
57 62 505
62 57 505
57 57 934
57 57 934
57 77 976
77 57 976
58 73 340
73 58 340
58 80 682
80 58 682
60 75 53
75 60 53
61 71 527
71 61 527
61 69 884
69 61 884
63 75 281
75 63 281
65 78 75
78 65 75
70 75 481
75 70 481
70 73 184
73 70 184
73 79 230
79 73 230
