76

0 1 746
1 0 746
0 69 693
69 0 693
0 25 131
25 0 131
0 34 991
34 0 991
0 44 194
44 0 194
0 36 60
36 0 60
0 51 629
51 0 629
0 68 506
68 0 506
1 2 740
2 1 740
1 3 281
3 1 281
1 4 28
4 1 28
1 9 250
9 1 250
1 19 5
19 1 5
1 31 821
31 1 821
1 42 664
42 1 664
1 61 62
61 1 62
1 63 529
63 1 529
1 58 320
58 1 320
1 21 350
21 1 350
1 68 925
68 1 925
1 5 404
5 1 404
1 10 298
10 1 298
1 24 929
24 1 929
1 26 125
26 1 125
2 5 812
5 2 812
2 17 744
17 2 744
2 52 671
52 2 671
2 32 419
32 2 419
2 63 673
63 2 673
2 7 756
7 2 756
2 59 730
59 2 730
3 7 80
7 3 80
3 26 698
26 3 698
3 70 368
70 3 368
3 35 703
35 3 703
3 67 490
67 3 490
3 23 957
23 3 957
3 60 216
60 3 216
3 35 48
35 3 48
3 42 139
42 3 139
3 8 135
8 3 135
4 58 922
58 4 922
4 62 443
62 4 443
4 43 505
43 4 505
4 68 93
68 4 93
4 21 641
21 4 641
5 6 922
6 5 922
5 24 819
24 5 819
5 25 650
25 5 650
5 63 19
63 5 19
5 16 909
16 5 909
5 61 863
61 5 863
5 41 838
41 5 838
5 48 50
48 5 50
6 12 198
12 6 198
6 23 181
23 6 181
6 9 149
9 6 149
6 23 825
23 6 825
6 52 2
52 6 2
6 7 176
7 6 176
6 22 113
22 6 113
6 33 874
33 6 874
7 8 324
8 7 324
7 10 438
10 7 438
7 18 743
18 7 743
7 27 229
27 7 229
7 35 97
35 7 97
7 50 734
50 7 734
7 40 651
40 7 651
7 58 927
58 7 927
7 20 318
20 7 318
7 35 808
35 7 808
7 47 343
47 7 343
8 41 237
41 8 237
8 55 58
55 8 58
8 67 355
67 8 355
8 37 279
37 8 279
8 72 897
72 8 897
9 11 372
11 9 372
9 20 641
20 9 641
9 74 886
74 9 886
9 14 796
14 9 796
9 26 207
26 9 207
9 36 141
36 9 141
9 15 311
15 9 311
10 28 443
28 10 443
10 30 534
30 10 534
10 68 203
68 10 203
10 53 320
53 10 320
10 40 218
40 10 218
10 63 672
63 10 672
10 23 892
23 10 892
11 75 347
75 11 347
11 22 669
22 11 669
11 74 754
74 11 754
11 49 205
49 11 205
11 72 854
72 11 854
11 74 350
74 11 350
12 13 234
13 12 234
12 15 865
15 12 865
12 21 881
21 12 881
12 34 643
34 12 643
12 45 879
45 12 879
12 66 564
66 12 564
12 29 96
29 12 96
12 75 149
75 12 149
12 27 688
27 12 688
12 64 297
64 12 297
12 46 66
46 12 66
12 35 924
35 12 924
12 25 88
25 12 88
13 14 581
14 13 581
13 63 635
63 13 635
13 15 270
15 13 270
13 70 958
70 13 958
13 45 237
45 13 237
14 22 10
22 14 10
14 25 745
25 14 745
14 49 49
49 14 49
14 45 381
45 14 381
14 23 437
23 14 437
14 66 322
66 14 322
14 53 634
53 14 634
14 25 254
25 14 254
14 33 542
33 14 542
15 16 395
16 15 395
15 54 223
54 15 223
15 49 905
49 15 905
15 23 554
23 15 554
15 61 944
61 15 944
15 19 397
19 15 397
15 16 253
16 15 253
15 30 85
30 15 85
15 48 810
48 15 810
15 35 394
35 15 394
16 44 202
44 16 202
16 25 674
25 16 674
16 29 343
29 16 343
17 61 448
61 17 448
17 40 912
40 17 912
17 32 261
32 17 261
17 47 921
47 17 921
17 30 483
30 17 483
17 40 675
40 17 675
17 32 617
32 17 617
17 46 310
46 17 310
17 52 863
52 17 863
17 41 20
41 17 20
17 72 802
72 17 802
18 29 548
29 18 548
18 32 164
32 18 164
18 51 735
51 18 735
18 41 155
41 18 155
18 19 838
19 18 838
18 21 133
21 18 133
18 56 270
56 18 270
18 67 537
67 18 537
18 34 503
34 18 503
19 72 189
72 19 189
19 32 289
32 19 289
19 72 709
72 19 709
19 46 831
46 19 831
19 68 574
68 19 574
19 71 668
71 19 668
19 38 438
38 19 438
19 43 818
43 19 818
19 20 766
20 19 766
20 72 38
72 20 38
20 60 279
60 20 279
20 58 592
58 20 592
20 30 570
30 20 570
20 64 527
64 20 527
20 60 701
60 20 701
20 28 966
28 20 966
21 74 837
74 21 837
21 61 611
61 21 611
21 34 441
34 21 441
22 48 4
48 22 4
22 45 45
45 22 45
22 53 441
53 22 441
22 46 896
46 22 896
22 56 814
56 22 814
22 46 925
46 22 925
23 46 761
46 23 761
23 65 497
65 23 497
23 71 332
71 23 332
23 25 165
25 23 165
23 63 182
63 23 182
24 38 100
38 24 100
24 28 854
28 24 854
24 52 293
52 24 293
25 73 249
73 25 249
25 57 587
57 25 587
26 47 67
47 26 67
26 74 611
74 26 611
26 40 917
40 26 917
26 66 760
66 26 760
27 33 764
33 27 764
27 48 331
48 27 331
27 69 794
69 27 794
27 42 668
42 27 668
27 28 612
28 27 612
28 45 678
45 28 678
28 38 333
38 28 333
28 56 231
56 28 231
28 42 945
42 28 945
28 73 981
73 28 981
29 37 994
37 29 994
29 58 351
58 29 351
29 34 495
34 29 495
29 38 410
38 29 410
29 64 700
64 29 700
30 65 763
65 30 763
30 30 785
30 30 785
30 52 950
52 30 950
30 56 340
56 30 340
30 33 752
33 30 752
30 69 97
69 30 97
30 41 768
41 30 768
31 59 390
59 31 390
31 60 876
60 31 876
32 39 559
39 32 559
32 65 971
65 32 971
32 72 253
72 32 253
32 56 940
56 32 940
32 48 485
48 32 485
32 52 186
52 32 186
32 70 222
70 32 222
32 73 590
73 32 590
32 46 72
46 32 72
32 62 139
62 32 139
33 48 869
48 33 869
33 35 782
35 33 782
34 36 224
36 34 224
34 74 120
74 34 120
35 54 641
54 35 641
36 47 67
47 36 67
36 69 4
69 36 4
37 40 561
40 37 561
37 64 61
64 37 61
37 58 451
58 37 451
37 71 642
71 37 642
37 45 867
45 37 867
37 71 753
71 37 753
38 65 26
65 38 26
38 58 871
58 38 871
38 58 898
58 38 898
39 69 942
69 39 942
39 65 398
65 39 398
39 71 972
71 39 972
39 46 529
46 39 529
40 59 77
59 40 77
40 49 588
49 40 588
41 43 633
43 41 633
41 42 220
42 41 220
41 64 519
64 41 519
41 45 684
45 41 684
41 70 797
70 41 797
41 50 112
50 41 112
42 56 390
56 42 390
42 58 250
58 42 250
42 48 894
48 42 894
42 44 325
44 42 325
42 49 273
49 42 273
42 45 887
45 42 887
43 62 479
62 43 479
43 70 233
70 43 233
43 57 543
57 43 543
43 71 965
71 43 965
43 65 806
65 43 806
43 44 944
44 43 944
44 53 849
53 44 849
44 75 949
75 44 949
44 69 110
69 44 110
45 67 832
67 45 832
45 47 606
47 45 606
45 69 628
69 45 628
46 56 242
56 46 242
46 50 205
50 46 205
46 63 378
63 46 378
47 50 296
50 47 296
47 71 360
71 47 360
47 47 851
47 47 851
47 53 51
53 47 51
48 69 463
69 48 463
49 66 29
66 49 29
49 55 547
55 49 547
49 57 255
57 49 255
49 50 658
50 49 658
49 54 472
54 49 472
49 62 657
62 49 657
49 62 366
62 49 366
49 58 312
58 49 312
50 73 114
73 50 114
50 60 814
60 50 814
50 69 82
69 50 82
50 68 870
68 50 870
50 69 5
69 50 5
51 57 420
57 51 420
51 59 747
59 51 747
51 53 400
53 51 400
51 61 119
61 51 119
52 53 738
53 52 738
52 58 769
58 52 769
53 54 420
54 53 420
54 60 373
60 54 373
55 56 99
56 55 99
55 71 64
71 55 64
56 66 384
66 56 384
57 60 968
60 57 968
57 65 599
65 57 599
58 73 270
73 58 270
58 64 779
64 58 779
59 71 49
71 59 49
60 75 85
75 60 85
60 64 304
64 60 304
61 66 43
66 61 43
62 62 777
62 62 777
63 71 212
71 63 212
64 66 924
66 64 924
65 74 681
74 65 681
66 67 883
67 66 883
67 69 288
69 67 288
68 70 740
70 68 740
68 70 75
70 68 75
71 73 116
73 71 116
74 75 474
75 74 474
74 75 341
75 74 341
