77

0 1 573
1 0 573
0 2 794
2 0 794
0 4 318
4 0 318
0 12 544
12 0 544
0 23 700
23 0 700
0 70 821
70 0 821
0 70 134
70 0 134
0 75 718
75 0 718
0 41 929
41 0 929
0 57 970
57 0 970
0 48 683
48 0 683
0 58 816
58 0 816
0 66 577
66 0 577
0 60 83
60 0 83
0 62 340
62 0 340
0 40 270
40 0 270
0 31 105
31 0 105
0 73 549
73 0 549
1 3 511
3 1 511
1 5 460
5 1 460
1 22 359
22 1 359
1 51 911
51 1 911
1 11 525
11 1 525
1 28 857
28 1 857
1 31 767
31 1 767
1 52 808
52 1 808
1 4 416
4 1 416
1 8 760
8 1 760
1 67 599
67 1 599
1 30 594
30 1 594
1 76 315
76 1 315
2 6 110
6 2 110
2 10 900
10 2 900
2 9 785
9 2 785
2 24 932
24 2 932
2 70 252
70 2 252
2 9 798
9 2 798
2 67 378
67 2 378
2 21 891
21 2 891
2 52 988
52 2 988
2 22 77
22 2 77
2 36 921
36 2 921
2 31 390
31 2 390
3 7 618
7 3 618
3 27 600
27 3 600
3 64 140
64 3 140
3 47 52
47 3 52
3 75 952
75 3 952
3 20 748
20 3 748
3 48 639
48 3 639
3 28 366
28 3 366
3 42 735
42 3 735
3 13 918
13 3 918
3 40 931
40 3 931
3 51 765
51 3 765
3 13 769
13 3 769
3 72 587
72 3 587
3 20 403
20 3 403
3 41 97
41 3 97
3 72 970
72 3 970
3 26 372
26 3 372
3 44 984
44 3 984
4 8 728
8 4 728
4 16 859
16 4 859
4 21 22
21 4 22
4 22 930
22 4 930
4 46 625
46 4 625
4 36 409
36 4 409
4 31 263
31 4 263
4 32 980
32 4 980
4 51 313
51 4 313
4 25 305
25 4 305
4 42 442
42 4 442
4 51 532
51 4 532
4 59 744
59 4 744
4 11 727
11 4 727
4 11 768
11 4 768
5 36 659
36 5 659
5 52 895
52 5 895
5 56 474
56 5 474
5 61 584
61 5 584
5 62 473
62 5 473
5 54 70
54 5 70
5 33 876
33 5 876
5 53 915
53 5 915
5 45 570
45 5 570
5 54 711
54 5 711
5 6 121
6 5 121
5 36 44
36 5 44
5 29 491
29 5 491
5 27 383
27 5 383
5 13 996
13 5 996
5 5 631
5 5 631
5 21 280
21 5 280
5 7 82
7 5 82
5 6 335
6 5 335
5 74 42
74 5 42
5 56 23
56 5 23
5 17 218
17 5 218
5 48 615
48 5 615
6 11 683
11 6 683
6 51 686
51 6 686
6 41 988
41 6 988
6 19 563
19 6 563
6 41 417
41 6 417
6 13 152
13 6 152
6 7 198
7 6 198
6 67 872
67 6 872
6 62 265
62 6 265
7 20 498
20 7 498
7 51 985
51 7 985
7 18 250
18 7 250
7 51 755
51 7 755
7 70 547
70 7 547
7 55 791
55 7 791
7 43 285
43 7 285
7 37 918
37 7 918
7 14 74
14 7 74
7 45 875
45 7 875
7 64 679
64 7 679
7 66 404
66 7 404
7 17 932
17 7 932
8 9 267
9 8 267
8 15 620
15 8 620
8 44 806
44 8 806
8 54 772
54 8 772
8 37 11
37 8 11
8 29 839
29 8 839
8 62 588
62 8 588
8 56 59
56 8 59
8 49 398
49 8 398
8 43 139
43 8 139
8 58 354
58 8 354
8 32 275
32 8 275
8 71 187
71 8 187
8 71 582
71 8 582
8 48 220
48 8 220
8 35 687
35 8 687
8 58 142
58 8 142
9 31 723
31 9 723
9 62 705
62 9 705
9 51 183
51 9 183
9 17 389
17 9 389
9 38 149
38 9 149
9 67 384
67 9 384
9 29 594
29 9 594
9 33 362
33 9 362
9 49 126
49 9 126
9 55 567
55 9 567
9 46 687
46 9 687
9 53 356
53 9 356
9 63 648
63 9 648
9 37 315
37 9 315
10 58 247
58 10 247
10 74 569
74 10 569
10 18 331
18 10 331
10 25 895
25 10 895
10 69 165
69 10 165
10 19 833
19 10 833
10 64 274
64 10 274
10 14 242
14 10 242
10 43 11
43 10 11
10 51 515
51 10 515
10 18 594
18 10 594
11 26 706
26 11 706
11 50 283
50 11 283
11 51 230
51 11 230
11 12 775
12 11 775
11 34 705
34 11 705
11 76 452
76 11 452
11 74 701
74 11 701
11 43 772
43 11 772
12 13 435
13 12 435
12 19 82
19 12 82
12 30 595
30 12 595
12 33 453
33 12 453
12 31 212
31 12 212
12 43 555
43 12 555
12 75 274
75 12 274
12 36 291
36 12 291
12 36 777
36 12 777
12 37 61
37 12 61
12 58 910
58 12 910
12 23 857
23 12 857
12 30 855
30 12 855
12 74 528
74 12 528
12 63 213
63 12 213
12 58 341
58 12 341
12 66 216
66 12 216
13 14 559
14 13 559
13 65 153
65 13 153
13 27 998
27 13 998
13 24 278
24 13 278
13 44 647
44 13 647
13 37 856
37 13 856
13 76 359
76 13 359
13 54 18
54 13 18
13 47 316
47 13 316
13 52 731
52 13 731
13 68 924
68 13 924
13 47 804
47 13 804
13 73 417
73 13 417
13 35 602
35 13 602
14 21 269
21 14 269
14 25 691
25 14 691
14 20 162
20 14 162
14 37 338
37 14 338
14 18 80
18 14 80
14 49 978
49 14 978
14 26 390
26 14 390
14 62 189
62 14 189
14 30 206
30 14 206
14 32 338
32 14 338
14 47 868
47 14 868
14 70 699
70 14 699
15 48 247
48 15 247
15 49 41
49 15 41
15 45 585
45 15 585
15 36 193
36 15 193
15 71 57
71 15 57
15 75 300
75 15 300
15 15 254
15 15 254
15 18 877
18 15 877
15 32 536
32 15 536
15 17 533
17 15 533
15 19 472
19 15 472
15 25 863
25 15 863
15 62 771
62 15 771
15 65 24
65 15 24
15 41 757
41 15 757
15 62 936
62 15 936
15 37 697
37 15 697
15 40 860
40 15 860
16 17 34
17 16 34
16 29 63
29 16 63
16 42 954
42 16 954
16 57 247
57 16 247
16 29 106
29 16 106
16 28 649
28 16 649
16 18 529
18 16 529
16 18 228
18 16 228
16 17 660
17 16 660
16 30 130
30 16 130
16 30 139
30 16 139
16 66 765
66 16 765
16 28 294
28 16 294
17 18 166
18 17 166
17 37 932
37 17 932
17 40 759
40 17 759
17 65 332
65 17 332
17 52 7
52 17 7
17 39 936
39 17 936
17 51 397
51 17 397
17 56 430
56 17 430
17 53 544
53 17 544
17 20 601
20 17 601
17 42 577
42 17 577
17 17 90
17 17 90
17 75 921
75 17 921
17 50 329
50 17 329
17 42 775
42 17 775
17 24 318
24 17 318
17 17 499
17 17 499
18 73 945
73 18 945
18 75 990
75 18 990
18 72 799
72 18 799
18 43 247
43 18 247
18 28 716
28 18 716
18 69 542
69 18 542
18 26 829
26 18 829
18 71 248
71 18 248
18 23 313
23 18 313
18 70 434
70 18 434
18 34 216
34 18 216
18 76 610
76 18 610
18 25 121
25 18 121
18 30 197
30 18 197
18 20 953
20 18 953
19 24 142
24 19 142
19 70 776
70 19 776
19 48 376
48 19 376
19 71 769
71 19 769
19 59 995
59 19 995
19 50 124
50 19 124
19 21 830
21 19 830
19 48 866
48 19 866
20 28 297
28 20 297
20 30 140
30 20 140
20 23 570
23 20 570
20 50 544
50 20 544
20 69 122
69 20 122
20 68 922
68 20 922
20 51 272
51 20 272
20 31 459
31 20 459
20 33 150
33 20 150
20 23 760
23 20 760
20 65 310
65 20 310
20 33 577
33 20 577
20 43 367
43 20 367
21 25 12
25 21 12
21 43 923
43 21 923
21 27 399
27 21 399
21 48 394
48 21 394
21 66 36
66 21 36
21 24 144
24 21 144
21 71 30
71 21 30
21 69 605
69 21 605
21 55 357
55 21 357
21 30 840
30 21 840
21 61 834
61 21 834
21 41 558
41 21 558
21 52 242
52 21 242
21 31 243
31 21 243
21 51 590
51 21 590
21 47 636
47 21 636
22 39 889
39 22 889
22 60 752
60 22 752
22 38 912
38 22 912
22 36 614
36 22 614
22 61 367
61 22 367
22 69 605
69 22 605
22 51 99
51 22 99
22 45 294
45 22 294
22 33 42
33 22 42
22 74 160
74 22 160
23 45 962
45 23 962
23 58 158
58 23 158
23 73 169
73 23 169
23 28 294
28 23 294
23 48 120
48 23 120
23 57 699
57 23 699
23 42 821
42 23 821
23 37 624
37 23 624
23 69 116
69 23 116
23 27 470
27 23 470
24 71 588
71 24 588
24 38 695
38 24 695
24 76 658
76 24 658
24 63 923
63 24 923
24 36 21
36 24 21
24 68 107
68 24 107
24 42 544
42 24 544
24 41 824
41 24 824
24 27 780
27 24 780
24 29 103
29 24 103
24 46 831
46 24 831
24 27 356
27 24 356
24 63 550
63 24 550
24 57 674
57 24 674
25 28 58
28 25 58
25 35 470
35 25 470
25 75 123
75 25 123
25 32 967
32 25 967
25 60 787
60 25 787
25 58 456
58 25 456
25 64 228
64 25 228
25 43 35
43 25 35
25 26 723
26 25 723
25 44 618
44 25 618
26 38 168
38 26 168
26 47 23
47 26 23
26 31 485
31 26 485
26 42 873
42 26 873
26 76 789
76 26 789
26 72 801
72 26 801
26 74 40
74 26 40
26 73 469
73 26 469
26 48 518
48 26 518
26 52 612
52 26 612
26 55 548
55 26 548
26 54 802
54 26 802
26 53 376
53 26 376
26 72 78
72 26 78
26 59 405
59 26 405
27 42 133
42 27 133
27 36 874
36 27 874
27 50 713
50 27 713
27 30 473
30 27 473
27 32 916
32 27 916
27 33 319
33 27 319
28 35 441
35 28 441
28 37 176
37 28 176
28 56 846
56 28 846
28 39 768
39 28 768
28 67 387
67 28 387
28 34 57
34 28 57
28 32 171
32 28 171
29 34 687
34 29 687
29 74 985
74 29 985
29 64 712
64 29 712
29 76 756
76 29 756
29 38 309
38 29 309
29 63 774
63 29 774
29 39 400
39 29 400
29 43 43
43 29 43
29 50 600
50 29 600
29 38 970
38 29 970
29 75 245
75 29 245
29 39 875
39 29 875
29 57 782
57 29 782
30 42 198
42 30 198
30 34 688
34 30 688
30 37 655
37 30 655
30 74 921
74 30 921
30 67 88
67 30 88
30 57 791
57 30 791
30 32 29
32 30 29
31 32 459
32 31 459
31 50 126
50 31 126
31 34 891
34 31 891
31 46 435
46 31 435
31 66 934
66 31 934
31 75 543
75 31 543
31 57 232
57 31 232
31 42 793
42 31 793
31 56 859
56 31 859
32 70 498
70 32 498
32 72 368
72 32 368
32 44 732
44 32 732
32 58 807
58 32 807
32 41 179
41 32 179
32 61 255
61 32 255
32 49 959
49 32 959
32 51 666
51 32 666
32 33 98
33 32 98
32 57 867
57 32 867
32 35 713
35 32 713
32 48 699
48 32 699
32 62 715
62 32 715
33 69 883
69 33 883
33 42 472
42 33 472
33 59 735
59 33 735
33 57 223
57 33 223
33 40 791
40 33 791
33 43 763
43 33 763
33 36 161
36 33 161
33 43 301
43 33 301
33 34 442
34 33 442
33 70 947
70 33 947
33 76 876
76 33 876
33 66 84
66 33 84
34 41 558
41 34 558
34 70 630
70 34 630
34 42 622
42 34 622
34 39 725
39 34 725
34 56 724
56 34 724
34 72 822
72 34 822
34 43 25
43 34 25
34 58 422
58 34 422
35 56 725
56 35 725
35 39 730
39 35 730
35 51 275
51 35 275
35 45 997
45 35 997
35 59 240
59 35 240
36 63 218
63 36 218
36 66 143
66 36 143
36 63 282
63 36 282
36 47 688
47 36 688
36 68 3
68 36 3
37 39 27
39 37 27
37 76 743
76 37 743
37 46 331
46 37 331
37 44 616
44 37 616
37 51 996
51 37 996
37 65 790
65 37 790
37 45 324
45 37 324
37 59 779
59 37 779
37 51 773
51 37 773
38 50 418
50 38 418
38 69 402
69 38 402
38 51 762
51 38 762
38 74 948
74 38 948
38 67 495
67 38 495
38 69 975
69 38 975
38 66 238
66 38 238
38 58 636
58 38 636
38 56 763
56 38 763
38 62 148
62 38 148
39 40 641
40 39 641
39 43 645
43 39 645
39 49 141
49 39 141
39 61 296
61 39 296
39 68 773
68 39 773
39 67 17
67 39 17
39 52 826
52 39 826
39 46 956
46 39 956
40 43 582
43 40 582
40 43 333
43 40 333
40 63 79
63 40 79
40 58 653
58 40 653
41 69 535
69 41 535
41 59 369
59 41 369
42 70 793
70 42 793
42 50 326
50 42 326
42 67 962
67 42 962
42 43 313
43 42 313
42 59 724
59 42 724
42 53 609
53 42 609
42 74 817
74 42 817
43 48 48
48 43 48
43 68 932
68 43 932
43 69 314
69 43 314
43 71 82
71 43 82
43 59 764
59 43 764
44 73 427
73 44 427
44 47 896
47 44 896
44 54 474
54 44 474
45 53 666
53 45 666
45 74 972
74 45 972
45 70 824
70 45 824
45 62 368
62 45 368
45 56 601
56 45 601
45 57 145
57 45 145
45 69 500
69 45 500
45 58 621
58 45 621
45 49 85
49 45 85
45 46 517
46 45 517
46 57 663
57 46 663
46 60 33
60 46 33
46 55 410
55 46 410
46 52 226
52 46 226
47 55 487
55 47 487
48 57 805
57 48 805
48 58 329
58 48 329
48 76 253
76 48 253
49 64 808
64 49 808
49 57 100
57 49 100
50 68 950
68 50 950
50 58 297
58 50 297
50 56 865
56 50 865
50 69 109
69 50 109
50 76 754
76 50 754
50 74 487
74 50 487
50 66 498
66 50 498
51 59 77
59 51 77
51 59 815
59 51 815
51 72 877
72 51 877
51 62 662
62 51 662
51 71 800
71 51 800
51 66 901
66 51 901
52 64 386
64 52 386
52 67 242
67 52 242
52 54 852
54 52 852
52 75 337
75 52 337
52 56 362
56 52 362
52 72 976
72 52 976
52 71 643
71 52 643
52 58 765
58 52 765
52 61 207
61 52 207
53 55 117
55 53 117
53 61 233
61 53 233
53 62 377
62 53 377
53 56 515
56 53 515
53 54 235
54 53 235
54 72 689
72 54 689
54 64 141
64 54 141
54 71 523
71 54 523
54 63 831
63 54 831
54 63 389
63 54 389
54 65 907
65 54 907
55 66 618
66 55 618
55 76 559
76 55 559
55 62 602
62 55 602
55 61 688
61 55 688
55 57 259
57 55 259
55 75 889
75 55 889
55 72 254
72 55 254
55 64 482
64 55 482
55 70 519
70 55 519
56 63 260
63 56 260
56 61 184
61 56 184
56 69 904
69 56 904
57 60 892
60 57 892
57 69 4
69 57 4
59 63 178
63 59 178
59 75 202
75 59 202
59 72 235
72 59 235
60 66 641
66 60 641
60 72 680
72 60 680
60 66 893
66 60 893
60 66 693
66 60 693
60 74 158
74 60 158
60 69 220
69 60 220
61 67 525
67 61 525
61 74 358
74 61 358
62 74 708
74 62 708
62 72 815
72 62 815
62 67 115
67 62 115
63 66 677
66 63 677
63 69 52
69 63 52
64 70 537
70 64 537
64 73 908
73 64 908
65 71 385
71 65 385
65 74 122
74 65 122
65 74 221
74 65 221
66 74 591
74 66 591
66 71 232
71 66 232
66 68 275
68 66 275
67 73 541
73 67 541
68 73 248
73 68 248
69 75 203
75 69 203
72 75 82
75 72 82
75 76 668
76 75 668
