88

0 1 260
1 0 260
0 3 677
3 0 677
0 10 573
10 0 573
0 58 204
58 0 204
0 25 937
25 0 937
0 50 706
50 0 706
0 19 145
19 0 145
1 2 879
2 1 879
1 15 644
15 1 644
1 52 2
52 1 2
1 87 240
87 1 240
1 10 246
10 1 246
1 77 558
77 1 558
1 33 231
33 1 231
2 4 915
4 2 915
2 32 847
32 2 847
2 36 998
36 2 998
2 38 403
38 2 403
2 66 60
66 2 60
2 41 876
41 2 876
2 3 80
3 2 80
2 37 753
37 2 753
2 25 762
25 2 762
2 86 22
86 2 22
2 32 574
32 2 574
3 5 3
5 3 3
3 7 177
7 3 177
3 8 606
8 3 606
3 13 744
13 3 744
3 29 415
29 3 415
3 78 319
78 3 319
3 79 717
79 3 717
3 15 106
15 3 106
4 11 751
11 4 751
4 23 379
23 4 379
4 85 947
85 4 947
4 56 502
56 4 502
4 67 136
67 4 136
4 74 381
74 4 381
4 22 27
22 4 27
4 21 965
21 4 965
4 68 628
68 4 628
4 60 649
60 4 649
5 6 447
6 5 447
5 79 640
79 5 640
5 17 380
17 5 380
5 8 89
8 5 89
5 42 765
42 5 765
6 30 494
30 6 494
6 40 764
40 6 764
6 43 463
43 6 463
6 61 264
61 6 264
6 65 710
65 6 710
6 29 380
29 6 380
6 31 781
31 6 781
6 64 191
64 6 191
6 27 266
27 6 266
7 9 710
9 7 710
7 14 485
14 7 485
7 21 132
21 7 132
7 75 319
75 7 319
7 70 107
70 7 107
7 19 275
19 7 275
7 84 807
84 7 807
7 86 395
86 7 395
7 24 443
24 7 443
7 30 972
30 7 972
7 62 617
62 7 617
7 74 745
74 7 745
8 12 77
12 8 77
8 35 197
35 8 197
8 77 829
77 8 829
8 25 804
25 8 804
8 58 303
58 8 303
9 16 145
16 9 145
9 28 983
28 9 983
9 44 259
44 9 259
9 58 586
58 9 586
9 74 695
74 9 695
10 77 182
77 10 182
10 80 162
80 10 162
10 64 232
64 10 232
10 26 1000
26 10 1000
11 18 86
18 11 86
11 66 432
66 11 432
11 53 995
53 11 995
11 79 678
79 11 678
11 18 246
18 11 246
12 22 647
22 12 647
12 24 724
24 12 724
12 68 795
68 12 795
12 31 26
31 12 26
13 41 499
41 13 499
13 73 325
73 13 325
13 84 370
84 13 370
13 27 99
27 13 99
13 53 495
53 13 495
14 31 784
31 14 784
14 45 462
45 14 462
14 62 476
62 14 476
14 47 860
47 14 860
15 76 156
76 15 156
15 78 237
78 15 237
15 59 481
59 15 481
15 28 343
28 15 343
15 34 459
34 15 459
16 17 330
17 16 330
16 20 903
20 16 903
16 57 231
57 16 231
16 87 398
87 16 398
16 40 498
40 16 498
16 47 717
47 16 717
17 19 646
19 17 646
17 27 542
27 17 542
17 56 114
56 17 114
17 65 150
65 17 150
17 72 422
72 17 422
17 64 415
64 17 415
17 71 708
71 17 708
17 28 368
28 17 368
17 69 758
69 17 758
17 41 767
41 17 767
17 49 410
49 17 410
17 18 140
18 17 140
17 65 823
65 17 823
18 50 943
50 18 943
18 74 500
74 18 500
18 33 189
33 18 189
18 47 209
47 18 209
18 27 403
27 18 403
19 37 288
37 19 288
19 58 596
58 19 596
19 24 621
24 19 621
19 76 848
76 19 848
19 38 874
38 19 874
20 33 907
33 20 907
20 47 611
47 20 611
20 49 407
49 20 407
20 31 642
31 20 642
20 83 781
83 20 781
20 84 979
84 20 979
21 42 420
42 21 420
21 21 797
21 21 797
21 69 284
69 21 284
21 83 375
83 21 375
21 39 374
39 21 374
21 75 705
75 21 705
21 48 78
48 21 78
21 76 312
76 21 312
21 62 973
62 21 973
22 55 914
55 22 914
22 77 530
77 22 530
22 42 585
42 22 585
22 86 108
86 22 108
22 79 912
79 22 912
23 25 312
25 23 312
23 62 461
62 23 461
23 64 854
64 23 854
23 41 894
41 23 894
23 57 226
57 23 226
23 72 820
72 23 820
24 26 894
26 24 894
24 51 927
51 24 927
24 63 979
63 24 979
24 46 584
46 24 584
24 47 973
47 24 973
24 56 218
56 24 218
25 63 521
63 25 521
25 49 836
49 25 836
25 44 599
44 25 599
25 29 693
29 25 693
25 33 161
33 25 161
25 54 550
54 25 550
26 48 371
48 26 371
26 83 826
83 26 826
27 34 249
34 27 249
27 46 332
46 27 332
27 37 476
37 27 476
27 35 256
35 27 256
28 87 646
87 28 646
28 47 515
47 28 515
28 66 171
66 28 171
28 82 428
82 28 428
28 80 913
80 28 913
28 73 401
73 28 401
28 77 785
77 28 785
29 54 472
54 29 472
29 62 459
62 29 459
29 46 254
46 29 254
29 43 601
43 29 601
29 68 127
68 29 127
29 41 895
41 29 895
29 54 525
54 29 525
30 78 238
78 30 238
31 72 750
72 31 750
31 73 206
73 31 206
32 44 909
44 32 909
32 64 795
64 32 795
32 79 922
79 32 922
32 84 96
84 32 96
32 74 103
74 32 103
32 59 242
59 32 242
32 52 61
52 32 61
32 58 216
58 32 216
33 41 301
41 33 301
33 56 471
56 33 471
33 34 281
34 33 281
33 72 383
72 33 383
34 38 914
38 34 914
34 39 838
39 34 838
34 47 106
47 34 106
35 36 189
36 35 189
36 69 641
69 36 641
36 47 585
47 36 585
36 63 259
63 36 259
37 59 883
59 37 883
37 51 615
51 37 615
37 79 835
79 37 835
37 37 667
37 37 667
37 66 160
66 37 160
38 71 745
71 38 745
38 71 733
71 38 733
38 72 777
72 38 777
39 85 855
85 39 855
40 41 635
41 40 635
40 76 128
76 40 128
40 75 562
75 40 562
40 76 743
76 40 743
41 61 403
61 41 403
41 54 335
54 41 335
41 64 732
64 41 732
41 54 165
54 41 165
41 43 416
43 41 416
41 71 928
71 41 928
42 70 506
70 42 506
42 65 697
65 42 697
42 51 744
51 42 744
42 72 106
72 42 106
43 66 232
66 43 232
43 76 825
76 43 825
43 44 288
44 43 288
44 84 599
84 44 599
45 55 234
55 45 234
45 85 427
85 45 427
45 80 857
80 45 857
45 69 99
69 45 99
47 57 229
57 47 229
48 73 202
73 48 202
48 67 465
67 48 465
50 60 418
60 50 418
50 74 957
74 50 957
50 82 266
82 50 266
51 53 968
53 51 968
51 87 350
87 51 350
52 85 275
85 52 275
52 54 420
54 52 420
53 58 593
58 53 593
54 67 136
67 54 136
54 74 235
74 54 235
54 66 582
66 54 582
55 86 525
86 55 525
56 68 562
68 56 562
56 76 459
76 56 459
56 57 62
57 56 62
57 71 809
71 57 809
57 86 392
86 57 392
58 74 442
74 58 442
59 85 18
85 59 18
59 75 241
75 59 241
59 85 984
85 59 984
60 76 177
76 60 177
61 63 495
63 61 495
61 85 705
85 61 705
61 70 154
70 61 154
62 75 616
75 62 616
62 74 856
74 62 856
63 67 494
67 63 494
63 76 247
76 63 247
63 74 131
74 63 131
64 86 34
86 64 34
65 76 204
76 65 204
65 78 9
78 65 9
65 81 669
81 65 669
66 74 22
74 66 22
66 73 192
73 66 192
66 87 433
87 66 433
67 71 119
71 67 119
67 78 641
78 67 641
67 78 38
78 67 38
68 87 639
87 68 639
69 82 952
82 69 952
69 71 812
71 69 812
70 84 388
84 70 388
70 77 843
77 70 843
70 85 654
85 70 654
71 71 988
71 71 988
72 83 793
83 72 793
74 74 155
74 74 155
76 84 752
84 76 752
76 82 228
82 76 228
78 81 77
81 78 77
79 86 749
86 79 749
79 83 654
83 79 654
80 86 279
86 80 279
82 86 829
86 82 829
85 87 128
87 85 128
