82

0 1 548
1 0 548
0 3 114
3 0 114
0 4 924
4 0 924
0 6 805
6 0 805
0 8 331
8 0 331
0 14 367
14 0 367
0 60 909
60 0 909
1 2 392
2 1 392
1 10 661
10 1 661
1 52 597
52 1 597
1 65 528
65 1 528
1 27 983
27 1 983
1 51 674
51 1 674
1 3 270
3 1 270
2 5 483
5 2 483
2 63 749
63 2 749
3 11 485
11 3 485
3 16 58
16 3 58
4 9 90
9 4 90
4 19 542
19 4 542
5 7 406
7 5 406
5 12 882
12 5 882
5 29 612
29 5 612
5 49 953
49 5 953
6 23 475
23 6 475
6 36 873
36 6 873
6 38 795
38 6 795
6 57 985
57 6 985
6 60 888
60 6 888
6 68 357
68 6 357
6 56 391
56 6 391
7 44 40
44 7 40
7 70 570
70 7 570
8 13 804
13 8 804
8 26 165
26 8 165
8 31 478
31 8 478
8 32 142
32 8 142
8 48 200
48 8 200
8 21 863
21 8 863
8 68 764
68 8 764
8 43 69
43 8 69
9 17 620
17 9 620
9 27 876
27 9 876
9 52 304
52 9 304
9 55 163
55 9 163
10 24 797
24 10 797
11 47 559
47 11 559
11 65 306
65 11 306
11 46 506
46 11 506
11 53 223
53 11 223
11 29 633
29 11 633
12 15 928
15 12 928
12 25 351
25 12 351
12 21 186
21 12 186
13 18 965
18 13 965
13 28 519
28 13 519
13 61 903
61 13 903
13 66 829
66 13 829
13 76 887
76 13 887
13 70 383
70 13 383
13 59 95
59 13 95
13 69 298
69 13 298
14 16 762
16 14 762
15 58 975
58 15 975
15 78 802
78 15 802
16 21 566
21 16 566
16 47 982
47 16 982
17 20 459
20 17 459
17 44 398
44 17 398
17 40 341
40 17 341
17 22 719
22 17 719
18 43 717
43 18 717
18 24 898
24 18 898
19 33 670
33 19 670
19 67 132
67 19 132
19 24 636
24 19 636
20 22 161
22 20 161
20 24 264
24 20 264
20 76 254
76 20 254
20 29 68
29 20 68
20 70 976
70 20 976
21 46 466
46 21 466
22 25 452
25 22 452
22 34 702
34 22 702
24 30 396
30 24 396
24 69 380
69 24 380
26 55 99
55 26 99
26 75 224
75 26 224
27 39 571
39 27 571
27 28 924
28 27 924
27 30 535
30 27 535
28 39 553
39 28 553
28 40 532
40 28 532
28 41 279
41 28 279
28 47 925
47 28 925
28 79 706
79 28 706
29 63 541
63 29 541
29 35 425
35 29 425
29 78 69
78 29 69
30 42 124
42 30 124
31 38 719
38 31 719
32 35 453
35 32 453
32 56 114
56 32 114
33 37 987
37 33 987
33 56 79
56 33 79
33 66 394
66 33 394
33 57 756
57 33 756
34 59 998
59 34 998
35 41 658
41 35 658
35 38 379
38 35 379
35 74 797
74 35 797
35 75 994
75 35 994
36 64 775
64 36 775
36 38 907
38 36 907
37 45 675
45 37 675
39 41 981
41 39 981
41 77 524
77 41 524
42 62 634
62 42 634
42 80 444
80 42 444
43 49 962
49 43 962
44 46 971
46 44 971
44 53 435
53 44 435
44 60 959
60 44 959
45 50 599
50 45 599
45 52 861
52 45 861
46 51 201
51 46 201
46 78 323
78 46 323
46 74 841
74 46 841
46 50 145
50 46 145
47 54 573
54 47 573
47 72 25
72 47 25
48 71 925
71 48 925
49 61 535
61 49 535
49 79 159
79 49 159
51 70 337
70 51 337
53 73 550
73 53 550
53 74 85
74 53 85
54 58 89
58 54 89
55 60 206
60 55 206
56 66 208
66 56 208
59 70 448
70 59 448
62 71 207
71 62 207
62 70 205
70 62 205
64 65 465
65 64 465
66 72 837
72 66 837
67 79 197
79 67 197
68 71 859
71 68 859
71 73 77
73 71 77
73 81 719
81 73 719
76 81 537
81 76 537
