65

0 1 64
1 0 64
0 2 832
2 0 832
0 4 392
4 0 392
0 6 955
6 0 955
0 10 988
10 0 988
0 26 55
26 0 55
0 33 841
33 0 841
0 20 105
20 0 105
0 26 328
26 0 328
0 26 368
26 0 368
0 39 626
39 0 626
1 3 527
3 1 527
1 28 918
28 1 918
1 42 588
42 1 588
1 49 996
49 1 996
1 17 438
17 1 438
1 41 827
41 1 827
1 44 569
44 1 569
2 47 805
47 2 805
3 16 665
16 3 665
3 47 560
47 3 560
3 39 495
39 3 495
4 5 853
5 4 853
4 8 965
8 4 965
4 9 132
9 4 132
4 12 825
12 4 825
4 19 34
19 4 34
4 36 985
36 4 985
4 39 369
39 4 369
4 55 184
55 4 184
4 58 567
58 4 567
4 25 843
25 4 843
4 23 674
23 4 674
4 36 633
36 4 633
5 7 76
7 5 76
5 58 786
58 5 786
5 17 701
17 5 701
5 38 19
38 5 19
5 29 152
29 5 152
6 50 418
50 6 418
6 61 435
61 6 435
6 37 697
37 6 697
6 47 872
47 6 872
6 55 83
55 6 83
7 28 490
28 7 490
7 51 219
51 7 219
7 24 942
24 7 942
8 11 779
11 8 779
8 15 177
15 8 177
8 20 437
20 8 437
8 36 139
36 8 139
8 11 366
11 8 366
8 8 26
8 8 26
9 22 426
22 9 426
9 25 172
25 9 172
9 61 238
61 9 238
9 58 55
58 9 55
9 50 555
50 9 555
9 31 833
31 9 833
10 43 513
43 10 513
10 12 79
12 10 79
10 64 642
64 10 642
10 49 279
49 10 279
10 40 340
40 10 340
10 17 480
17 10 480
11 13 299
13 11 299
11 57 184
57 11 184
11 26 320
26 11 320
11 26 830
26 11 830
11 51 508
51 11 508
11 62 471
62 11 471
12 47 684
47 12 684
12 28 35
28 12 35
12 64 953
64 12 953
13 14 534
14 13 534
13 17 305
17 13 305
13 18 736
18 13 736
13 51 985
51 13 985
13 62 920
62 13 920
13 24 366
24 13 366
13 38 727
38 13 727
13 44 739
44 13 739
13 63 687
63 13 687
13 31 478
31 13 478
13 21 349
21 13 349
13 40 577
40 13 577
14 24 523
24 14 523
14 19 130
19 14 130
14 36 909
36 14 909
14 50 913
50 14 913
15 48 55
48 15 55
15 59 755
59 15 755
15 36 615
36 15 615
16 44 917
44 16 917
16 35 413
35 16 413
16 25 362
25 16 362
16 45 894
45 16 894
17 23 631
23 17 631
17 29 906
29 17 906
17 35 260
35 17 260
17 28 953
28 17 953
18 21 183
21 18 183
18 32 811
32 18 811
18 38 565
38 18 565
18 43 125
43 18 125
18 38 86
38 18 86
18 31 663
31 18 663
18 59 573
59 18 573
19 37 729
37 19 729
19 40 150
40 19 150
19 41 900
41 19 900
19 47 852
47 19 852
19 57 119
57 19 119
19 48 303
48 19 303
19 39 386
39 19 386
19 61 357
61 19 357
19 50 128
50 19 128
19 61 543
61 19 543
20 62 130
62 20 130
20 36 786
36 20 786
20 46 580
46 20 580
21 64 139
64 21 139
22 35 516
35 22 516
22 61 232
61 22 232
22 27 514
27 22 514
22 23 656
23 22 656
22 62 784
62 22 784
23 43 373
43 23 373
24 27 417
27 24 417
24 38 127
38 24 127
24 50 136
50 24 136
25 61 679
61 25 679
25 29 962
29 25 962
25 59 910
59 25 910
26 31 24
31 26 24
26 56 934
56 26 934
26 28 981
28 26 981
26 50 348
50 26 348
27 39 571
39 27 571
27 57 235
57 27 235
27 53 649
53 27 649
28 30 52
30 28 52
28 34 131
34 28 131
28 51 979
51 28 979
28 35 904
35 28 904
28 51 480
51 28 480
29 38 421
38 29 421
29 42 592
42 29 592
29 55 198
55 29 198
29 55 582
55 29 582
29 34 662
34 29 662
30 45 87
45 30 87
30 44 36
44 30 36
30 58 485
58 30 485
30 54 615
54 30 615
30 48 955
48 30 955
30 30 87
30 30 87
31 46 655
46 31 655
31 38 944
38 31 944
31 40 960
40 31 960
31 52 472
52 31 472
31 53 523
53 31 523
32 51 624
51 32 624
32 60 708
60 32 708
32 39 597
39 32 597
33 62 937
62 33 937
34 54 648
54 34 648
34 51 714
51 34 714
34 56 22
56 34 22
34 57 710
57 34 710
34 50 183
50 34 183
35 35 440
35 35 440
36 44 335
44 36 335
36 53 512
53 36 512
36 59 504
59 36 504
36 47 395
47 36 395
36 51 667
51 36 667
36 54 464
54 36 464
36 44 284
44 36 284
37 61 19
61 37 19
38 50 436
50 38 436
39 64 309
64 39 309
39 61 250
61 39 250
40 54 692
54 40 692
40 59 482
59 40 482
40 50 941
50 40 941
41 54 887
54 41 887
42 55 118
55 42 118
42 43 907
43 42 907
42 56 13
56 42 13
42 60 72
60 42 72
43 52 340
52 43 340
43 49 680
49 43 680
43 44 500
44 43 500
44 45 849
45 44 849
45 55 487
55 45 487
45 46 710
46 45 710
48 60 214
60 48 214
48 48 111
48 48 111
49 60 707
60 49 707
49 63 19
63 49 19
49 51 119
51 49 119
49 50 624
50 49 624
49 58 967
58 49 967
52 63 979
63 52 979
52 61 807
61 52 807
55 63 864
63 55 864
55 62 687
62 55 687
57 64 304
64 57 304
57 59 843
59 57 843
58 60 724
60 58 724
60 64 615
64 60 615
60 62 198
62 60 198
61 64 336
64 61 336
