59

0 1 331
1 0 331
0 2 590
2 0 590
0 3 829
3 0 829
0 6 521
6 0 521
0 58 658
58 0 658
0 21 106
21 0 106
0 47 802
47 0 802
1 55 466
55 1 466
2 4 870
4 2 870
2 9 128
9 2 128
2 30 845
30 2 845
2 23 944
23 2 944
3 5 551
5 3 551
3 11 18
11 3 18
3 16 90
16 3 90
3 18 772
18 3 772
3 22 942
22 3 942
3 39 765
39 3 765
3 24 226
24 3 226
4 19 357
19 4 357
4 31 99
31 4 99
4 25 356
25 4 356
4 52 956
52 4 956
5 13 411
13 5 411
5 17 387
17 5 387
5 40 581
40 5 581
5 45 953
45 5 953
6 7 178
7 6 178
6 12 584
12 6 584
6 34 430
34 6 430
6 30 886
30 6 886
6 31 463
31 6 463
7 8 750
8 7 750
8 21 969
21 8 969
8 27 193
27 8 193
8 50 429
50 8 429
9 10 616
10 9 616
9 20 527
20 9 527
10 17 474
17 10 474
10 34 206
34 10 206
10 48 242
48 10 242
10 38 540
38 10 540
11 23 856
23 11 856
11 38 328
38 11 328
11 30 38
30 11 38
11 33 647
33 11 647
11 19 918
19 11 918
12 14 415
14 12 415
12 49 973
49 12 973
12 44 798
44 12 798
13 15 197
15 13 197
13 44 874
44 13 874
13 50 259
50 13 259
14 25 642
25 14 642
14 33 823
33 14 823
14 37 227
37 14 227
14 41 140
41 14 140
15 27 325
27 15 325
15 40 665
40 15 665
15 43 383
43 15 383
16 21 284
21 16 284
16 36 55
36 16 55
16 29 849
29 16 849
16 33 634
33 16 634
16 33 632
33 16 632
16 19 794
19 16 794
17 26 490
26 17 490
17 29 429
29 17 429
17 41 939
41 17 939
18 42 54
42 18 54
18 49 209
49 18 209
19 46 779
46 19 779
19 23 619
23 19 619
19 44 416
44 19 416
20 35 86
35 20 86
20 45 341
45 20 341
20 30 648
30 20 648
20 30 729
30 20 729
21 24 682
24 21 682
21 33 900
33 21 900
22 28 104
28 22 104
22 54 972
54 22 972
22 28 764
28 22 764
23 41 899
41 23 899
23 51 481
51 23 481
24 52 448
52 24 448
24 24 489
24 24 489
24 41 83
41 24 83
25 42 18
42 25 18
25 49 245
49 25 245
26 43 995
43 26 995
27 51 923
51 27 923
28 32 126
32 28 126
28 38 257
38 28 257
28 53 153
53 28 153
29 51 773
51 29 773
30 38 981
38 30 981
30 44 334
44 30 334
30 48 370
48 30 370
31 36 358
36 31 358
31 56 389
56 31 389
31 53 567
53 31 567
32 53 586
53 32 586
34 54 168
54 34 168
34 38 245
38 34 245
35 47 679
47 35 679
35 46 131
46 35 131
37 45 856
45 37 856
38 56 287
56 38 287
41 48 231
48 41 231
41 47 143
47 41 143
42 52 402
52 42 402
44 58 496
58 44 496
46 48 259
48 46 259
49 50 467
50 49 467
51 52 338
52 51 338
55 57 206
57 55 206
