46

0 1 84
1 0 84
0 2 461
2 0 461
0 8 202
8 0 202
0 19 66
19 0 66
0 27 399
27 0 399
1 3 509
3 1 509
1 4 827
4 1 827
2 7 393
7 2 393
2 21 462
21 2 462
2 24 177
24 2 177
2 33 260
33 2 260
2 44 150
44 2 150
4 5 199
5 4 199
4 16 668
16 4 668
4 20 783
20 4 783
4 38 825
38 4 825
4 42 521
42 4 521
5 6 616
6 5 616
5 36 596
36 5 596
6 11 528
11 6 528
6 13 125
13 6 125
6 23 896
23 6 896
6 35 93
35 6 93
7 9 346
9 7 346
7 45 948
45 7 948
8 10 698
10 8 698
8 12 957
12 8 957
8 14 654
14 8 654
8 17 78
17 8 78
10 22 345
22 10 345
10 26 973
26 10 973
10 28 125
28 10 125
12 15 30
15 12 30
12 29 68
29 12 68
12 32 865
32 12 865
12 43 189
43 12 189
14 39 941
39 14 941
15 18 356
18 15 356
18 37 265
37 18 265
19 25 707
25 19 707
19 30 260
30 19 260
19 34 93
34 19 93
21 31 790
31 21 790
24 31 237
31 24 237
25 40 979
40 25 979
39 41 530
41 39 530
