97

0 1 191
1 0 191
0 4 538
4 0 538
0 7 535
7 0 535
0 15 569
15 0 569
0 17 6
17 0 6
0 20 426
20 0 426
0 39 80
39 0 80
0 54 289
54 0 289
0 76 957
76 0 957
0 41 332
41 0 332
0 16 602
16 0 602
0 74 14
74 0 14
0 1 997
1 0 997
0 88 978
88 0 978
1 2 147
2 1 147
1 5 22
5 1 22
1 22 534
22 1 534
1 36 617
36 1 617
1 42 148
42 1 148
1 12 667
12 1 667
1 35 447
35 1 447
1 84 379
84 1 379
1 34 557
34 1 557
2 3 303
3 2 303
2 8 580
8 2 580
2 25 530
25 2 530
2 77 336
77 2 336
2 83 786
83 2 786
2 53 87
53 2 87
2 9 950
9 2 950
2 2 925
2 2 925
2 33 927
33 2 927
2 16 423
16 2 423
2 56 169
56 2 169
3 6 939
6 3 939
3 9 535
9 3 535
3 48 536
48 3 536
3 80 644
80 3 644
3 61 868
61 3 868
3 92 999
92 3 999
3 96 977
96 3 977
3 73 7
73 3 7
3 42 317
42 3 317
4 41 978
41 4 978
4 42 233
42 4 233
4 67 58
67 4 58
4 5 124
5 4 124
4 79 727
79 4 727
4 80 470
80 4 470
4 64 935
64 4 935
4 50 204
50 4 204
5 44 464
44 5 464
5 7 254
7 5 254
5 42 239
42 5 239
5 30 359
30 5 359
5 41 943
41 5 943
5 63 253
63 5 253
5 70 519
70 5 519
5 59 115
59 5 115
5 54 624
54 5 624
5 63 339
63 5 339
5 52 980
52 5 980
6 10 15
10 6 15
6 13 959
13 6 959
6 19 924
19 6 924
6 21 311
21 6 311
6 26 832
26 6 832
6 33 350
33 6 350
6 46 188
46 6 188
6 86 271
86 6 271
6 56 591
56 6 591
6 79 830
79 6 830
6 19 481
19 6 481
6 7 199
7 6 199
6 20 782
20 6 782
6 86 416
86 6 416
6 14 59
14 6 59
6 34 686
34 6 686
6 82 728
82 6 728
6 19 221
19 6 221
7 12 354
12 7 354
7 52 728
52 7 728
7 53 82
53 7 82
7 26 161
26 7 161
7 92 204
92 7 204
7 55 110
55 7 110
7 92 364
92 7 364
7 27 997
27 7 997
7 23 71
23 7 71
7 93 602
93 7 602
8 24 530
24 8 530
8 39 205
39 8 205
8 26 949
26 8 949
8 75 370
75 8 370
8 63 726
63 8 726
8 54 77
54 8 77
8 72 743
72 8 743
8 18 940
18 8 940
8 51 140
51 8 140
8 53 769
53 8 769
8 15 229
15 8 229
9 11 983
11 9 983
9 77 344
77 9 344
9 58 501
58 9 501
9 75 933
75 9 933
9 77 670
77 9 670
9 71 987
71 9 987
9 35 159
35 9 159
9 71 56
71 9 56
9 9 294
9 9 294
9 34 141
34 9 141
10 94 806
94 10 806
10 86 282
86 10 282
10 80 923
80 10 923
11 31 941
31 11 941
11 45 741
45 11 741
11 68 985
68 11 985
11 19 239
19 11 239
11 66 918
66 11 918
11 94 865
94 11 865
11 34 395
34 11 395
12 27 369
27 12 369
12 50 720
50 12 720
12 71 502
71 12 502
12 46 77
46 12 77
12 49 705
49 12 705
12 13 341
13 12 341
12 86 628
86 12 628
13 14 318
14 13 318
13 23 193
23 13 193
13 35 498
35 13 498
13 72 724
72 13 724
13 44 129
44 13 129
13 13 198
13 13 198
13 54 872
54 13 872
13 72 440
72 13 440
13 35 166
35 13 166
13 83 541
83 13 541
13 14 834
14 13 834
13 54 293
54 13 293
14 16 509
16 14 509
14 18 132
18 14 132
14 43 980
43 14 980
14 76 910
76 14 910
14 78 548
78 14 548
14 30 346
30 14 346
14 94 270
94 14 270
14 49 787
49 14 787
14 91 335
91 14 335
14 33 746
33 14 746
14 55 211
55 14 211
14 40 16
40 14 16
15 38 598
38 15 598
15 94 466
94 15 466
15 36 154
36 15 154
15 43 57
43 15 57
15 45 109
45 15 109
15 91 853
91 15 853
15 78 817
78 15 817
15 44 688
44 15 688
16 39 726
39 16 726
16 70 661
70 16 661
16 61 151
61 16 151
16 72 290
72 16 290
16 93 554
93 16 554
16 80 11
80 16 11
16 58 747
58 16 747
16 91 730
91 16 730
16 52 360
52 16 360
16 70 832
70 16 832
16 18 679
18 16 679
17 32 471
32 17 471
17 24 283
24 17 283
17 41 268
41 17 268
17 25 344
25 17 344
18 40 437
40 18 437
18 47 896
47 18 896
18 22 834
22 18 834
18 49 859
49 18 859
18 85 104
85 18 104
18 48 126
48 18 126
18 65 766
65 18 766
18 94 798
94 18 798
18 96 189
96 18 189
18 40 79
40 18 79
18 60 845
60 18 845
19 37 824
37 19 824
19 64 140
64 19 140
19 34 328
34 19 328
19 77 594
77 19 594
19 64 736
64 19 736
19 82 534
82 19 534
19 90 841
90 19 841
19 43 629
43 19 629
19 84 470
84 19 470
19 46 297
46 19 297
20 30 337
30 20 337
20 94 716
94 20 716
20 53 236
53 20 236
20 67 897
67 20 897
20 56 531
56 20 531
21 54 152
54 21 152
21 57 820
57 21 820
21 82 558
82 21 558
21 88 167
88 21 167
21 26 991
26 21 991
22 73 848
73 22 848
22 82 302
82 22 302
22 77 250
77 22 250
22 42 332
42 22 332
22 92 106
92 22 106
22 49 319
49 22 319
22 76 812
76 22 812
22 75 804
75 22 804
22 33 831
33 22 831
22 34 723
34 22 723
23 28 388
28 23 388
23 49 812
49 23 812
23 53 674
53 23 674
23 65 312
65 23 312
23 84 659
84 23 659
23 86 283
86 23 283
23 84 987
84 23 987
23 82 761
82 23 761
23 65 214
65 23 214
23 85 119
85 23 119
24 89 844
89 24 844
24 53 19
53 24 19
24 34 808
34 24 808
24 71 327
71 24 327
24 43 142
43 24 142
24 61 36
61 24 36
25 59 561
59 25 561
25 75 924
75 25 924
25 61 351
61 25 351
25 96 527
96 25 527
25 43 360
43 25 360
25 80 260
80 25 260
26 89 33
89 26 33
26 57 600
57 26 600
26 89 457
89 26 457
26 82 719
82 26 719
26 80 384
80 26 384
26 57 401
57 26 401
26 92 203
92 26 203
27 29 838
29 27 838
27 34 1000
34 27 1000
27 66 389
66 27 389
27 68 593
68 27 593
27 95 372
95 27 372
27 73 580
73 27 580
27 91 892
91 27 892
27 55 142
55 27 142
27 45 811
45 27 811
27 77 164
77 27 164
27 92 595
92 27 595
27 76 295
76 27 295
28 36 703
36 28 703
28 53 277
53 28 277
28 52 226
52 28 226
28 94 858
94 28 858
28 38 754
38 28 754
28 65 159
65 28 159
28 62 357
62 28 357
29 47 545
47 29 545
29 92 105
92 29 105
29 88 838
88 29 838
30 69 699
69 30 699
30 56 87
56 30 87
30 77 551
77 30 551
30 51 640
51 30 640
30 82 672
82 30 672
31 38 703
38 31 703
31 91 19
91 31 19
31 93 412
93 31 412
31 58 961
58 31 961
31 46 155
46 31 155
31 94 725
94 31 725
31 95 7
95 31 7
31 42 829
42 31 829
31 37 910
37 31 910
31 86 429
86 31 429
32 81 387
81 32 387
32 59 353
59 32 353
32 92 139
92 32 139
33 92 768
92 33 768
33 35 822
35 33 822
33 47 492
47 33 492
33 44 853
44 33 853
34 45 539
45 34 539
34 49 650
49 34 650
34 85 518
85 34 518
34 63 834
63 34 834
34 85 171
85 34 171
34 63 579
63 34 579
35 53 565
53 35 565
35 55 258
55 35 258
35 60 49
60 35 49
35 83 814
83 35 814
35 95 129
95 35 129
36 82 736
82 36 736
36 63 703
63 36 703
36 51 18
51 36 18
36 47 463
47 36 463
36 79 76
79 36 76
36 37 519
37 36 519
36 93 829
93 36 829
37 38 429
38 37 429
37 81 889
81 37 889
37 85 698
85 37 698
37 77 988
77 37 988
37 55 136
55 37 136
38 58 34
58 38 34
38 87 585
87 38 585
38 70 301
70 38 301
38 41 707
41 38 707
38 57 440
57 38 440
38 45 579
45 38 579
39 55 730
55 39 730
39 56 920
56 39 920
39 77 641
77 39 641
39 69 100
69 39 100
39 83 790
83 39 790
40 62 722
62 40 722
40 63 316
63 40 316
40 74 554
74 40 554
40 75 949
75 40 949
40 76 395
76 40 395
40 81 267
81 40 267
40 64 336
64 40 336
40 43 275
43 40 275
40 52 836
52 40 836
41 91 86
91 41 86
41 88 434
88 41 434
41 91 149
91 41 149
41 77 783
77 41 783
41 54 685
54 41 685
41 57 852
57 41 852
42 86 1
86 42 1
42 74 454
74 42 454
42 47 496
47 42 496
42 64 75
64 42 75
43 68 17
68 43 17
43 83 412
83 43 412
43 75 723
75 43 723
43 58 713
58 43 713
43 81 4
81 43 4
43 73 128
73 43 128
43 46 50
46 43 50
43 59 649
59 43 649
43 78 207
78 43 207
44 51 515
51 44 515
44 58 985
58 44 985
44 47 415
47 44 415
44 91 295
91 44 295
44 82 451
82 44 451
44 95 737
95 44 737
44 72 44
72 44 44
45 75 997
75 45 997
45 82 198
82 45 198
45 57 685
57 45 685
45 63 998
63 45 998
45 46 232
46 45 232
45 62 178
62 45 178
45 48 789
48 45 789
45 96 65
96 45 65
46 76 57
76 46 57
46 90 821
90 46 821
46 50 982
50 46 982
46 78 806
78 46 806
47 80 969
80 47 969
47 93 146
93 47 146
47 82 368
82 47 368
47 61 844
61 47 844
48 84 409
84 48 409
48 73 563
73 48 563
49 90 582
90 49 582
49 73 781
73 49 781
49 64 594
64 49 594
49 59 316
59 49 316
50 61 803
61 50 803
50 69 92
69 50 92
50 65 535
65 50 535
50 54 731
54 50 731
50 89 321
89 50 321
51 59 69
59 51 69
51 95 809
95 51 809
51 65 809
65 51 809
51 96 587
96 51 587
51 89 908
89 51 908
51 76 476
76 51 476
51 73 376
73 51 376
51 80 338
80 51 338
52 78 986
78 52 986
52 86 641
86 52 641
52 78 86
78 52 86
53 57 205
57 53 205
53 96 568
96 53 568
53 76 403
76 53 403
53 72 477
72 53 477
54 65 489
65 54 489
55 64 381
64 55 381
55 56 664
56 55 664
55 89 566
89 55 566
55 84 55
84 55 55
56 60 424
60 56 424
56 72 81
72 56 81
56 84 597
84 56 597
57 90 521
90 57 521
58 95 628
95 58 628
59 80 343
80 59 343
59 93 376
93 59 376
59 75 490
75 59 490
59 65 352
65 59 352
59 86 182
86 59 182
59 96 352
96 59 352
59 92 615
92 59 615
59 69 277
69 59 277
60 76 646
76 60 646
60 96 675
96 60 675
60 77 618
77 60 618
60 86 266
86 60 266
60 90 91
90 60 91
60 83 471
83 60 471
61 76 682
76 61 682
62 96 138
96 62 138
62 92 507
92 62 507
63 67 822
67 63 822
64 79 590
79 64 590
65 93 623
93 65 623
65 86 730
86 65 730
67 86 219
86 67 219
67 79 309
79 67 309
67 74 74
74 67 74
68 91 828
91 68 828
68 80 932
80 68 932
68 74 71
74 68 71
68 94 417
94 68 417
69 83 856
83 69 856
70 81 68
81 70 68
71 93 101
93 71 101
71 79 729
79 71 729
72 78 782
78 72 782
72 82 686
82 72 686
72 80 359
80 72 359
73 85 855
85 73 855
74 80 224
80 74 224
75 88 826
88 75 826
75 93 957
93 75 957
76 93 111
93 76 111
77 88 255
88 77 255
78 83 895
83 78 895
79 82 553
82 79 553
79 87 951
87 79 951
80 96 175
96 80 175
81 93 151
93 81 151
81 88 20
88 81 20
82 92 222
92 82 222
82 84 522
84 82 522
83 95 746
95 83 746
83 92 893
92 83 893
83 93 665
93 83 665
83 89 978
89 83 978
85 90 707
90 85 707
86 93 864
93 86 864
88 92 12
92 88 12
88 90 942
90 88 942
90 92 265
92 90 265
92 92 881
92 92 881
92 96 871
96 92 871
