64

0 1 665
1 0 665
0 53 762
53 0 762
0 33 721
33 0 721
0 41 765
41 0 765
0 39 597
39 0 597
0 7 430
7 0 430
0 46 450
46 0 450
1 2 72
2 1 72
1 4 393
4 1 393
1 7 746
7 1 746
1 10 831
10 1 831
1 25 751
25 1 751
1 52 86
52 1 86
1 48 996
48 1 996
1 51 791
51 1 791
1 39 103
39 1 103
1 20 995
20 1 995
1 58 760
58 1 760
1 38 778
38 1 778
1 52 670
52 1 670
1 49 498
49 1 498
1 34 941
34 1 941
1 7 622
7 1 622
2 3 763
3 2 763
2 6 786
6 2 786
2 8 195
8 2 195
2 12 65
12 2 65
2 14 135
14 2 135
2 41 870
41 2 870
2 18 604
18 2 604
2 45 104
45 2 104
2 46 386
46 2 386
2 6 299
6 2 299
3 22 557
22 3 557
3 34 688
34 3 688
3 46 936
46 3 936
3 47 220
47 3 220
3 49 56
49 3 56
3 12 39
12 3 39
3 38 968
38 3 968
3 28 381
28 3 381
3 52 335
52 3 335
4 5 928
5 4 928
4 9 469
9 4 469
4 11 671
11 4 671
4 23 24
23 4 24
4 49 559
49 4 559
4 36 846
36 4 846
4 46 616
46 4 616
4 62 295
62 4 295
4 18 964
18 4 964
5 13 318
13 5 318
5 18 524
18 5 524
5 29 604
29 5 604
5 44 157
44 5 157
5 38 978
38 5 978
5 53 652
53 5 652
5 23 747
23 5 747
5 63 844
63 5 844
6 37 678
37 6 678
6 38 102
38 6 102
6 60 337
60 6 337
6 7 109
7 6 109
6 29 217
29 6 217
6 58 938
58 6 938
7 15 582
15 7 582
7 39 645
39 7 645
7 27 680
27 7 680
7 48 284
48 7 284
7 19 847
19 7 847
7 48 246
48 7 246
7 56 870
56 7 870
8 47 744
47 8 744
8 38 941
38 8 941
8 25 999
25 8 999
9 42 845
42 9 845
9 55 701
55 9 701
9 15 332
15 9 332
9 39 581
39 9 581
9 32 260
32 9 260
10 17 725
17 10 725
10 14 716
14 10 716
10 22 399
22 10 399
10 62 509
62 10 509
11 20 693
20 11 693
11 26 799
26 11 799
11 56 529
56 11 529
11 28 324
28 11 324
11 39 954
39 11 954
11 26 708
26 11 708
11 30 741
30 11 741
11 23 491
23 11 491
11 26 980
26 11 980
12 16 371
16 12 371
12 19 130
19 12 130
12 53 196
53 12 196
12 13 887
13 12 887
12 54 871
54 12 871
12 23 588
23 12 588
12 21 465
21 12 465
12 52 787
52 12 787
12 45 37
45 12 37
12 48 928
48 12 928
13 32 465
32 13 465
13 43 290
43 13 290
13 58 558
58 13 558
13 18 784
18 13 784
13 17 883
17 13 883
13 57 641
57 13 641
13 41 687
41 13 687
13 46 617
46 13 617
13 22 465
22 13 465
13 61 630
61 13 630
14 40 855
40 14 855
14 37 731
37 14 731
15 25 291
25 15 291
15 53 296
53 15 296
15 15 425
15 15 425
15 25 163
25 15 163
15 44 940
44 15 940
15 29 812
29 15 812
15 30 796
30 15 796
16 28 390
28 16 390
16 31 72
31 16 72
16 54 706
54 16 706
16 38 473
38 16 473
16 53 15
53 16 15
16 54 277
54 16 277
16 50 875
50 16 875
16 22 418
22 16 418
16 41 205
41 16 205
16 50 429
50 16 429
17 27 630
27 17 630
17 36 825
36 17 825
17 56 322
56 17 322
17 57 300
57 17 300
17 61 843
61 17 843
17 33 129
33 17 129
18 21 525
21 18 525
18 30 758
30 18 758
18 47 240
47 18 240
18 26 628
26 18 628
18 22 684
22 18 684
18 46 920
46 18 920
19 55 773
55 19 773
19 63 752
63 19 752
19 49 643
49 19 643
19 48 975
48 19 975
19 29 187
29 19 187
19 55 999
55 19 999
19 46 882
46 19 882
19 27 102
27 19 102
20 57 350
57 20 350
20 59 109
59 20 109
20 60 452
60 20 452
21 57 868
57 21 868
21 26 337
26 21 337
21 62 677
62 21 677
21 26 566
26 21 566
21 21 961
21 21 961
22 52 375
52 22 375
22 23 373
23 22 373
22 33 64
33 22 64
22 48 974
48 22 974
22 46 187
46 22 187
23 24 589
24 23 589
23 38 232
38 23 232
23 48 664
48 23 664
23 35 501
35 23 501
23 48 105
48 23 105
23 43 375
43 23 375
24 45 166
45 24 166
24 34 323
34 24 323
24 43 960
43 24 960
24 56 972
56 24 972
25 35 228
35 25 228
25 50 426
50 25 426
25 63 285
63 25 285
25 62 506
62 25 506
26 45 531
45 26 531
26 50 59
50 26 59
26 27 850
27 26 850
26 45 950
45 26 950
26 39 239
39 26 239
26 54 424
54 26 424
26 59 276
59 26 276
27 62 57
62 27 57
27 52 84
52 27 84
28 54 610
54 28 610
28 60 69
60 28 69
28 34 342
34 28 342
28 33 66
33 28 66
29 34 6
34 29 6
29 31 331
31 29 331
29 54 426
54 29 426
29 30 524
30 29 524
29 61 466
61 29 466
29 29 602
29 29 602
29 45 734
45 29 734
29 46 154
46 29 154
29 43 158
43 29 158
29 41 286
41 29 286
29 62 118
62 29 118
30 33 182
33 30 182
30 44 864
44 30 864
30 34 8
34 30 8
30 33 764
33 30 764
30 47 648
47 30 648
31 48 138
48 31 138
32 50 471
50 32 471
32 44 327
44 32 327
32 52 559
52 32 559
32 55 84
55 32 84
33 36 344
36 33 344
34 61 896
61 34 896
34 63 847
63 34 847
34 55 685
55 34 685
34 42 382
42 34 382
34 35 404
35 34 404
34 46 930
46 34 930
34 48 76
48 34 76
34 55 215
55 34 215
35 48 805
48 35 805
35 53 157
53 35 157
35 55 19
55 35 19
36 60 526
60 36 526
36 52 541
52 36 541
36 42 504
42 36 504
37 49 839
49 37 839
38 39 137
39 38 137
38 60 654
60 38 654
38 42 900
42 38 900
39 48 445
48 39 445
39 42 773
42 39 773
39 61 968
61 39 968
39 63 664
63 39 664
40 53 239
53 40 239
40 62 400
62 40 400
40 55 67
55 40 67
40 49 303
49 40 303
40 47 355
47 40 355
40 40 18
40 40 18
40 47 192
47 40 192
41 62 94
62 41 94
41 50 771
50 41 771
41 53 318
53 41 318
41 56 113
56 41 113
41 53 999
53 41 999
41 52 461
52 41 461
41 61 649
61 41 649
42 53 977
53 42 977
42 57 517
57 42 517
42 52 620
52 42 620
42 57 615
57 42 615
42 45 367
45 42 367
42 59 987
59 42 987
43 45 614
45 43 614
43 49 817
49 43 817
44 54 264
54 44 264
45 48 13
48 45 13
45 51 467
51 45 467
46 57 822
57 46 822
46 47 904
47 46 904
46 60 23
60 46 23
46 57 431
57 46 431
48 51 146
51 48 146
48 51 939
51 48 939
48 53 116
53 48 116
48 58 245
58 48 245
48 52 571
52 48 571
49 60 717
60 49 717
51 54 27
54 51 27
51 60 418
60 51 418
53 53 656
53 53 656
54 59 472
59 54 472
55 60 802
60 55 802
58 63 884
63 58 884
61 61 277
61 61 277
