36

0 1 484
1 0 484
0 3 157
3 0 157
0 4 448
4 0 448
0 7 228
7 0 228
0 10 22
10 0 22
0 15 216
15 0 216
0 22 427
22 0 427
0 12 745
12 0 745
0 15 690
15 0 690
1 2 981
2 1 981
1 13 977
13 1 977
1 16 563
16 1 563
1 16 715
16 1 715
1 30 377
30 1 377
1 8 716
8 1 716
1 32 889
32 1 889
2 31 494
31 2 494
2 15 646
15 2 646
2 34 662
34 2 662
3 5 548
5 3 548
3 6 430
6 3 430
3 19 901
19 3 901
3 27 754
27 3 754
4 9 359
9 4 359
4 22 831
22 4 831
4 12 367
12 4 367
4 16 932
16 4 932
5 25 993
25 5 993
5 27 683
27 5 683
5 25 24
25 5 24
6 8 426
8 6 426
6 18 544
18 6 544
6 28 391
28 6 391
6 30 992
30 6 992
6 34 814
34 6 814
6 29 381
29 6 381
7 11 107
11 7 107
7 15 80
15 7 80
7 22 51
22 7 51
7 22 592
22 7 592
8 29 382
29 8 382
8 24 613
24 8 613
8 34 943
34 8 943
8 11 567
11 8 567
9 21 957
21 9 957
9 27 3
27 9 3
10 12 730
12 10 730
10 28 908
28 10 908
10 13 380
13 10 380
10 10 948
10 10 948
10 12 763
12 10 763
11 14 137
14 11 137
11 26 809
26 11 809
11 16 682
16 11 682
11 32 439
32 11 439
12 15 945
15 12 945
12 24 676
24 12 676
12 22 373
22 12 373
12 19 60
19 12 60
13 20 661
20 13 661
15 17 996
17 15 996
16 34 302
34 16 302
17 23 521
23 17 521
18 20 485
20 18 485
18 32 76
32 18 76
19 35 631
35 19 631
19 20 148
20 19 148
20 33 165
33 20 165
20 32 270
32 20 270
21 24 958
24 21 958
22 23 998
23 22 998
22 25 511
25 22 511
24 30 757
30 24 757
26 30 148
30 26 148
27 28 464
28 27 464
28 28 628
28 28 628
31 33 907
33 31 907
31 35 304
35 31 304
