90

0 1 757
1 0 757
0 2 646
2 0 646
0 3 38
3 0 38
0 5 282
5 0 282
0 6 178
6 0 178
0 11 437
11 0 437
0 12 615
12 0 615
0 32 407
32 0 407
0 53 442
53 0 442
0 57 147
57 0 147
0 38 639
38 0 639
0 16 854
16 0 854
1 9 198
9 1 198
1 82 754
82 1 754
1 85 183
85 1 183
2 7 241
7 2 241
2 17 441
17 2 441
2 20 53
20 2 53
2 61 301
61 2 301
3 4 45
4 3 45
3 65 999
65 3 999
3 27 180
27 3 180
3 28 825
28 3 825
4 8 861
8 4 861
4 19 760
19 4 760
4 28 333
28 4 333
4 19 840
19 4 840
4 45 480
45 4 480
4 74 12
74 4 12
4 39 401
39 4 401
5 24 715
24 5 715
5 64 463
64 5 463
5 37 193
37 5 193
5 37 768
37 5 768
5 6 482
6 5 482
6 55 288
55 6 288
6 67 179
67 6 179
6 39 212
39 6 212
6 68 640
68 6 640
6 27 325
27 6 325
6 7 878
7 6 878
7 26 896
26 7 896
7 80 991
80 7 991
7 45 994
45 7 994
7 70 57
70 7 57
7 76 423
76 7 423
8 37 648
37 8 648
8 39 633
39 8 633
8 74 647
74 8 647
8 36 540
36 8 540
8 61 955
61 8 955
8 64 145
64 8 145
8 38 811
38 8 811
9 10 78
10 9 78
9 61 729
61 9 729
9 83 150
83 9 150
9 46 10
46 9 10
9 22 268
22 9 268
9 12 426
12 9 426
10 13 491
13 10 491
10 44 152
44 10 152
10 84 183
84 10 183
11 77 5
77 11 5
11 18 183
18 11 183
11 71 407
71 11 407
12 15 904
15 12 904
12 50 503
50 12 503
12 20 223
20 12 223
12 73 204
73 12 204
12 40 784
40 12 784
12 79 628
79 12 628
13 14 617
14 13 617
13 31 775
31 13 775
13 35 24
35 13 24
13 88 480
88 13 480
13 75 624
75 13 624
13 74 227
74 13 227
14 23 429
23 14 429
14 42 502
42 14 502
14 50 964
50 14 964
14 23 138
23 14 138
14 26 824
26 14 824
14 79 106
79 14 106
14 54 982
54 14 982
15 16 152
16 15 152
15 18 408
18 15 408
15 18 155
18 15 155
15 44 770
44 15 770
16 29 688
29 16 688
16 34 758
34 16 758
16 65 871
65 16 871
16 41 23
41 16 23
16 78 216
78 16 216
16 34 10
34 16 10
17 43 746
43 17 746
17 87 203
87 17 203
18 25 995
25 18 995
18 33 609
33 18 609
18 54 560
54 18 560
19 30 727
30 19 727
19 72 539
72 19 539
19 48 984
48 19 984
19 81 896
81 19 896
20 21 603
21 20 603
20 22 140
22 20 140
21 46 810
46 21 810
21 51 375
51 21 375
21 24 673
24 21 673
21 70 366
70 21 366
21 63 612
63 21 612
23 86 107
86 23 107
23 75 718
75 23 718
24 27 755
27 24 755
24 74 61
74 24 61
24 48 788
48 24 788
24 43 503
43 24 503
25 39 132
39 25 132
25 59 713
59 25 713
25 88 913
88 25 913
26 28 818
28 26 818
26 78 43
78 26 43
27 58 984
58 27 984
27 73 961
73 27 961
27 51 937
51 27 937
27 28 388
28 27 388
27 63 636
63 27 636
28 66 64
66 28 64
29 36 208
36 29 208
29 57 497
57 29 497
30 81 251
81 30 251
30 85 503
85 30 503
30 81 529
81 30 529
30 47 968
47 30 968
30 49 863
49 30 863
31 75 694
75 31 694
32 44 114
44 32 114
32 83 121
83 32 121
32 49 45
49 32 45
32 53 541
53 32 541
32 46 211
46 32 211
33 82 250
82 33 250
34 63 781
63 34 781
34 83 469
83 34 469
34 84 742
84 34 742
34 69 842
69 34 842
35 64 199
64 35 199
35 64 702
64 35 702
35 84 123
84 35 123
36 38 265
38 36 265
36 68 772
68 36 772
36 50 609
50 36 609
36 53 562
53 36 562
37 81 448
81 37 448
38 64 506
64 38 506
39 40 866
40 39 866
39 41 414
41 39 414
39 52 687
52 39 687
39 74 785
74 39 785
39 69 425
69 39 425
40 45 844
45 40 844
40 49 460
49 40 460
40 60 865
60 40 865
41 79 919
79 41 919
42 59 834
59 42 834
42 86 562
86 42 562
42 67 308
67 42 308
43 55 539
55 43 539
43 59 729
59 43 729
44 48 819
48 44 819
44 81 729
81 44 729
45 63 891
63 45 891
46 47 520
47 46 520
46 70 152
70 46 152
46 84 356
84 46 356
46 86 996
86 46 996
47 59 820
59 47 820
47 83 270
83 47 270
48 75 719
75 48 719
48 76 699
76 48 699
49 62 918
62 49 918
49 71 667
71 49 667
49 70 944
70 49 944
49 80 565
80 49 565
49 66 64
66 49 64
49 63 61
63 49 61
49 80 528
80 49 528
49 79 637
79 49 637
50 56 226
56 50 226
50 71 433
71 50 433
50 52 858
52 50 858
51 87 227
87 51 227
52 86 628
86 52 628
53 89 592
89 53 592
54 55 273
55 54 273
54 62 400
62 54 400
54 78 734
78 54 734
55 58 700
58 55 700
55 72 89
72 55 89
56 65 353
65 56 353
57 61 953
61 57 953
57 87 64
87 57 64
58 66 978
66 58 978
60 76 497
76 60 497
61 80 315
80 61 315
61 66 832
66 61 832
62 69 66
69 62 66
65 82 752
82 65 752
66 71 565
71 66 565
68 69 671
69 68 671
69 74 780
74 69 780
72 86 969
86 72 969
72 80 13
80 72 13
73 74 96
74 73 96
74 88 184
88 74 184
75 78 603
78 75 603
76 86 753
86 76 753
78 86 376
86 78 376
80 88 259
88 80 259
81 88 306
88 81 306
84 85 14
85 84 14
88 89 113
89 88 113
