27

0 1 818
1 0 818
0 5 114
5 0 114
0 6 413
6 0 413
0 11 514
11 0 514
0 14 739
14 0 739
0 22 656
22 0 656
0 0 366
0 0 366
0 21 84
21 0 84
0 8 512
8 0 512
0 6 816
6 0 816
1 2 788
2 1 788
1 8 976
8 1 976
1 17 596
17 1 596
1 23 335
23 1 335
1 19 913
19 1 913
2 3 915
3 2 915
2 4 196
4 2 196
2 7 785
7 2 785
2 21 895
21 2 895
2 9 177
9 2 177
3 20 335
20 3 335
3 25 515
25 3 515
3 4 348
4 3 348
3 15 406
15 3 406
3 21 373
21 3 373
4 12 28
12 4 28
4 13 411
13 4 411
4 24 829
24 4 829
4 23 370
23 4 370
4 13 948
13 4 948
5 9 916
9 5 916
6 25 402
25 6 402
6 8 990
8 6 990
6 9 382
9 6 382
6 7 20
7 6 20
6 15 586
15 6 586
7 19 249
19 7 249
7 26 31
26 7 31
7 18 370
18 7 370
7 18 303
18 7 303
8 10 308
10 8 308
8 13 719
13 8 719
8 22 26
22 8 26
8 12 395
12 8 395
8 20 832
20 8 832
8 22 366
22 8 366
9 17 452
17 9 452
10 15 101
15 10 101
10 19 692
19 10 692
10 13 113
13 10 113
11 16 839
16 11 839
11 18 443
18 11 443
12 25 53
25 12 53
12 19 323
19 12 323
12 20 497
20 12 497
12 16 903
16 12 903
13 26 592
26 13 592
13 21 108
21 13 108
13 25 344
25 13 344
14 17 128
17 14 128
14 16 777
16 14 777
14 15 127
15 14 127
15 18 947
18 15 947
15 16 54
16 15 54
16 26 677
26 16 677
17 20 215
20 17 215
17 24 811
24 17 811
19 21 487
21 19 487
19 25 290
25 19 290
19 20 732
20 19 732
20 20 973
20 20 973
24 26 997
26 24 997
