78

0 1 150
1 0 150
0 3 288
3 0 288
0 5 714
5 0 714
0 60 44
60 0 44
0 19 926
19 0 926
0 66 926
66 0 926
0 47 420
47 0 420
0 36 24
36 0 24
0 61 413
61 0 413
1 2 503
2 1 503
1 4 17
4 1 17
1 8 950
8 1 950
1 13 432
13 1 432
1 50 380
50 1 380
1 76 22
76 1 22
1 27 947
27 1 947
1 14 347
14 1 347
1 52 668
52 1 668
1 49 700
49 1 700
1 61 790
61 1 790
1 15 710
15 1 710
1 65 748
65 1 748
1 15 872
15 1 872
2 6 569
6 2 569
2 7 478
7 2 478
2 12 725
12 2 725
2 17 946
17 2 946
2 18 651
18 2 651
2 26 145
26 2 145
2 55 471
55 2 471
2 29 257
29 2 257
3 26 274
26 3 274
3 57 175
57 3 175
3 4 938
4 3 938
3 61 44
61 3 44
4 45 349
45 4 349
4 56 315
56 4 315
4 48 288
48 4 288
4 46 207
46 4 207
4 45 559
45 4 559
4 57 636
57 4 636
5 9 833
9 5 833
5 21 400
21 5 400
5 29 665
29 5 665
5 37 559
37 5 559
5 63 697
63 5 697
5 29 634
29 5 634
5 12 704
12 5 704
5 76 800
76 5 800
5 70 452
70 5 452
6 16 329
16 6 329
6 20 745
20 6 745
6 67 477
67 6 477
6 42 776
42 6 776
7 10 637
10 7 637
7 24 823
24 7 823
7 54 163
54 7 163
7 33 552
33 7 552
7 9 366
9 7 366
7 15 885
15 7 885
8 25 103
25 8 103
8 71 371
71 8 371
8 74 69
74 8 69
8 36 936
36 8 936
8 23 269
23 8 269
9 11 816
11 9 816
9 14 894
14 9 894
9 54 564
54 9 564
9 71 338
71 9 338
9 32 492
32 9 492
9 19 12
19 9 12
9 44 799
44 9 799
9 54 438
54 9 438
9 18 773
18 9 773
9 46 636
46 9 636
10 15 673
15 10 673
10 19 70
19 10 70
10 61 786
61 10 786
10 34 39
34 10 39
10 74 712
74 10 712
11 34 615
34 11 615
11 21 454
21 11 454
11 72 825
72 11 825
11 30 756
30 11 756
11 28 566
28 11 566
11 49 585
49 11 585
11 38 838
38 11 838
12 48 730
48 12 730
12 28 396
28 12 396
12 65 376
65 12 376
12 63 975
63 12 975
12 51 975
51 12 975
12 73 893
73 12 893
13 55 33
55 13 33
13 64 681
64 13 681
13 55 999
55 13 999
13 63 891
63 13 891
14 27 207
27 14 207
14 75 146
75 14 146
14 28 252
28 14 252
14 58 195
58 14 195
15 46 443
46 15 443
15 53 316
53 15 316
15 27 357
27 15 357
15 70 961
70 15 961
16 68 426
68 16 426
16 73 118
73 16 118
16 39 722
39 16 722
17 23 181
23 17 181
17 42 236
42 17 236
17 51 870
51 17 870
17 72 222
72 17 222
17 47 924
47 17 924
17 27 821
27 17 821
18 30 606
30 18 606
18 38 884
38 18 884
18 77 337
77 18 337
18 44 920
44 18 920
18 64 194
64 18 194
19 33 810
33 19 810
19 58 970
58 19 970
19 29 660
29 19 660
19 69 459
69 19 459
19 76 768
76 19 768
19 76 886
76 19 886
19 33 212
33 19 212
20 22 958
22 20 958
20 31 127
31 20 127
20 76 386
76 20 386
20 24 106
24 20 106
20 63 268
63 20 268
21 52 838
52 21 838
21 67 310
67 21 310
22 32 899
32 22 899
22 35 616
35 22 616
22 65 900
65 22 900
22 31 780
31 22 780
22 73 581
73 22 581
23 28 13
28 23 13
23 49 357
49 23 357
23 50 97
50 23 97
23 51 764
51 23 764
23 25 795
25 23 795
23 70 493
70 23 493
23 54 191
54 23 191
23 24 780
24 23 780
23 62 286
62 23 286
24 31 371
31 24 371
24 61 749
61 24 749
25 47 849
47 25 849
25 52 346
52 25 346
25 77 494
77 25 494
25 49 690
49 25 690
26 36 35
36 26 35
26 43 30
43 26 30
26 44 993
44 26 993
26 58 648
58 26 648
26 74 214
74 26 214
26 27 105
27 26 105
26 29 568
29 26 568
26 28 371
28 26 371
27 58 188
58 27 188
27 29 528
29 27 528
28 28 588
28 28 588
28 44 690
44 28 690
29 61 716
61 29 716
29 57 356
57 29 356
30 46 633
46 30 633
30 34 639
34 30 639
30 58 441
58 30 441
30 38 399
38 30 399
30 68 207
68 30 207
31 39 497
39 31 497
31 70 798
70 31 798
32 53 654
53 32 654
32 70 706
70 32 706
32 76 70
76 32 70
32 44 112
44 32 112
33 68 157
68 33 157
33 69 508
69 33 508
33 47 258
47 33 258
33 75 113
75 33 113
34 77 24
77 34 24
35 62 12
62 35 12
35 40 144
40 35 144
35 71 499
71 35 499
35 41 54
41 35 54
35 54 976
54 35 976
35 40 379
40 35 379
36 72 303
72 36 303
37 64 442
64 37 442
37 66 641
66 37 641
37 39 263
39 37 263
38 40 405
40 38 405
38 41 436
41 38 436
38 75 41
75 38 41
38 73 965
73 38 965
38 70 764
70 38 764
38 44 462
44 38 462
38 53 106
53 38 106
39 57 184
57 39 184
39 61 21
61 39 21
40 56 688
56 40 688
41 48 995
48 41 995
41 54 264
54 41 264
41 59 452
59 41 452
41 43 827
43 41 827
41 74 216
74 41 216
42 72 571
72 42 571
42 47 345
47 42 345
42 76 766
76 42 766
43 71 48
71 43 48
43 43 872
43 43 872
43 57 189
57 43 189
43 63 86
63 43 86
43 56 870
56 43 870
44 62 407
62 44 407
46 61 602
61 46 602
47 70 180
70 47 180
47 52 836
52 47 836
47 70 943
70 47 943
48 73 926
73 48 926
48 50 972
50 48 972
48 60 581
60 48 581
48 64 713
64 48 713
48 71 368
71 48 368
48 71 264
71 48 264
49 60 452
60 49 452
49 77 622
77 49 622
50 68 363
68 50 363
50 68 525
68 50 525
50 60 337
60 50 337
50 77 855
77 50 855
51 59 976
59 51 976
52 56 248
56 52 248
54 61 611
61 54 611
54 56 33
56 54 33
55 75 688
75 55 688
55 61 747
61 55 747
56 68 267
68 56 267
57 57 693
57 57 693
60 69 102
69 60 102
62 66 189
66 62 189
62 74 545
74 62 545
63 65 20
65 63 20
63 65 391
65 63 391
64 72 650
72 64 650
68 72 176
72 68 176
69 71 291
71 69 291
72 74 665
74 72 665
