83

0 1 578
1 0 578
0 6 588
6 0 588
0 64 31
64 0 31
0 43 109
43 0 109
0 52 903
52 0 903
0 47 849
47 0 849
0 9 300
9 0 300
0 10 678
10 0 678
0 60 830
60 0 830
0 71 295
71 0 295
0 30 837
30 0 837
0 55 173
55 0 173
0 49 657
49 0 657
0 12 20
12 0 20
1 2 801
2 1 801
1 4 594
4 1 594
1 27 248
27 1 248
1 12 872
12 1 872
1 79 237
79 1 237
1 22 886
22 1 886
1 37 188
37 1 188
1 79 962
79 1 962
1 26 112
26 1 112
1 41 704
41 1 704
1 4 8
4 1 8
1 56 965
56 1 965
1 20 902
20 1 902
1 8 462
8 1 462
1 10 58
10 1 58
1 51 37
51 1 37
1 48 72
48 1 72
2 3 559
3 2 559
2 61 484
61 2 484
2 78 211
78 2 211
2 21 896
21 2 896
2 28 447
28 2 447
2 33 415
33 2 415
2 18 758
18 2 758
2 43 228
43 2 228
2 6 746
6 2 746
2 21 724
21 2 724
2 55 126
55 2 126
2 67 105
67 2 105
2 34 232
34 2 232
2 76 797
76 2 797
3 5 195
5 3 195
3 12 612
12 3 612
3 20 488
20 3 488
3 48 471
48 3 471
3 69 917
69 3 917
3 28 402
28 3 402
3 53 968
53 3 968
3 29 105
29 3 105
3 49 357
49 3 357
3 82 580
82 3 580
3 58 760
58 3 760
3 73 312
73 3 312
3 19 671
19 3 671
4 11 661
11 4 661
4 15 440
15 4 440
4 49 27
49 4 27
4 57 846
57 4 846
4 33 649
33 4 649
4 75 637
75 4 637
4 70 267
70 4 267
4 77 957
77 4 957
4 78 201
78 4 201
4 8 176
8 4 176
5 7 415
7 5 415
5 9 923
9 5 923
5 10 212
10 5 212
5 13 17
13 5 17
5 21 707
21 5 707
5 65 959
65 5 959
5 38 975
38 5 975
5 16 289
16 5 289
5 62 356
62 5 356
5 80 647
80 5 647
5 69 847
69 5 847
5 67 201
67 5 201
5 33 306
33 5 306
5 53 741
53 5 741
5 53 226
53 5 226
5 60 573
60 5 573
5 80 473
80 5 473
6 29 562
29 6 562
6 45 992
45 6 992
6 9 542
9 6 542
6 14 650
14 6 650
6 72 880
72 6 880
6 29 4
29 6 4
6 17 134
17 6 134
6 43 345
43 6 345
6 79 152
79 6 152
6 11 149
11 6 149
6 25 895
25 6 895
6 49 392
49 6 392
6 19 705
19 6 705
6 19 362
19 6 362
7 8 228
8 7 228
7 22 284
22 7 284
7 23 953
23 7 953
7 24 550
24 7 550
7 42 11
42 7 11
7 41 627
41 7 627
7 46 63
46 7 63
7 10 42
10 7 42
7 48 947
48 7 947
7 60 386
60 7 386
7 15 676
15 7 676
7 23 536
23 7 536
7 37 476
37 7 476
7 72 409
72 7 409
7 39 209
39 7 209
8 25 408
25 8 408
8 39 225
39 8 225
8 32 144
32 8 144
8 45 494
45 8 494
8 37 371
37 8 371
8 74 147
74 8 147
8 37 351
37 8 351
8 15 473
15 8 473
9 16 914
16 9 914
9 38 377
38 9 377
9 19 149
19 9 149
9 38 486
38 9 486
9 74 439
74 9 439
9 57 29
57 9 29
9 47 740
47 9 740
9 17 198
17 9 198
10 52 402
52 10 402
10 70 55
70 10 55
10 57 233
57 10 233
10 30 801
30 10 801
10 68 526
68 10 526
10 71 45
71 10 45
10 69 977
69 10 977
10 19 599
19 10 599
11 26 660
26 11 660
11 46 647
46 11 647
11 40 149
40 11 149
11 32 853
32 11 853
11 17 756
17 11 756
11 63 305
63 11 305
11 58 300
58 11 300
12 58 253
58 12 253
12 32 305
32 12 305
12 62 135
62 12 135
12 27 162
27 12 162
12 27 217
27 12 217
13 14 402
14 13 402
13 16 303
16 13 303
13 17 236
17 13 236
13 34 452
34 13 452
13 28 645
28 13 645
13 18 884
18 13 884
13 69 263
69 13 263
13 16 196
16 13 196
13 20 190
20 13 190
13 65 33
65 13 33
13 39 763
39 13 763
13 63 419
63 13 419
13 28 927
28 13 927
13 44 162
44 13 162
13 65 889
65 13 889
13 62 783
62 13 783
14 35 728
35 14 728
14 37 359
37 14 359
14 56 715
56 14 715
14 63 311
63 14 311
14 32 873
32 14 873
14 32 351
32 14 351
14 69 562
69 14 562
15 19 929
19 15 929
15 76 730
76 15 730
15 50 338
50 15 338
15 20 332
20 15 332
15 34 813
34 15 813
15 23 46
23 15 46
15 81 676
81 15 676
15 34 586
34 15 586
15 31 774
31 15 774
15 33 278
33 15 278
16 28 628
28 16 628
16 38 457
38 16 457
16 56 427
56 16 427
16 44 710
44 16 710
16 19 437
19 16 437
16 36 976
36 16 976
16 40 855
40 16 855
16 79 657
79 16 657
17 18 915
18 17 915
17 31 584
31 17 584
17 60 290
60 17 290
17 36 83
36 17 83
17 25 362
25 17 362
17 72 64
72 17 64
17 62 987
62 17 987
17 47 140
47 17 140
17 23 914
23 17 914
17 70 706
70 17 706
17 51 452
51 17 452
18 75 945
75 18 945
18 64 727
64 18 727
18 59 236
59 18 236
18 70 888
70 18 888
18 82 888
82 18 888
18 43 518
43 18 518
18 19 899
19 18 899
18 70 916
70 18 916
18 77 106
77 18 106
18 27 265
27 18 265
18 19 725
19 18 725
18 27 689
27 18 689
18 30 547
30 18 547
19 30 761
30 19 761
19 32 942
32 19 942
19 21 942
21 19 942
19 28 826
28 19 826
19 20 844
20 19 844
19 31 671
31 19 671
19 49 889
49 19 889
19 48 136
48 19 136
19 21 999
21 19 999
20 50 997
50 20 997
20 53 43
53 20 43
20 66 690
66 20 690
20 68 89
68 20 89
20 32 895
32 20 895
20 66 601
66 20 601
20 64 572
64 20 572
20 68 239
68 20 239
20 45 516
45 20 516
20 68 866
68 20 866
21 43 916
43 21 916
21 57 858
57 21 858
21 47 199
47 21 199
21 76 935
76 21 935
21 42 795
42 21 795
21 44 78
44 21 78
21 75 39
75 21 39
21 44 846
44 21 846
21 70 516
70 21 516
21 70 836
70 21 836
21 28 8
28 21 8
22 39 85
39 22 85
22 51 441
51 22 441
22 67 253
67 22 253
22 70 851
70 22 851
22 59 445
59 22 445
22 45 238
45 22 238
22 69 946
69 22 946
22 52 594
52 22 594
22 23 358
23 22 358
23 33 92
33 23 92
23 62 216
62 23 216
23 55 161
55 23 161
23 35 959
35 23 959
23 53 864
53 23 864
23 32 454
32 23 454
23 59 551
59 23 551
23 65 259
65 23 259
23 42 122
42 23 122
23 74 687
74 23 687
23 75 775
75 23 775
24 25 467
25 24 467
24 57 397
57 24 397
24 70 521
70 24 521
24 71 629
71 24 629
24 73 814
73 24 814
24 72 56
72 24 56
24 81 120
81 24 120
24 68 179
68 24 179
25 40 546
40 25 546
25 51 707
51 25 707
25 42 456
42 25 456
25 41 40
41 25 40
25 56 752
56 25 752
25 43 582
43 25 582
25 31 616
31 25 616
25 39 762
39 25 762
26 57 952
57 26 952
26 29 346
29 26 346
26 48 404
48 26 404
26 38 95
38 26 95
26 33 661
33 26 661
26 81 694
81 26 694
26 49 276
49 26 276
26 54 115
54 26 115
26 35 313
35 26 313
26 33 639
33 26 639
26 42 134
42 26 134
26 61 636
61 26 636
27 65 558
65 27 558
27 66 402
66 27 402
27 61 369
61 27 369
27 38 811
38 27 811
27 46 323
46 27 323
27 51 250
51 27 250
27 59 117
59 27 117
27 48 754
48 27 754
27 38 347
38 27 347
27 49 327
49 27 327
27 35 109
35 27 109
27 45 675
45 27 675
27 76 333
76 27 333
27 68 882
68 27 882
28 44 332
44 28 332
28 47 802
47 28 802
28 50 483
50 28 483
28 58 335
58 28 335
28 56 677
56 28 677
28 50 285
50 28 285
28 55 754
55 28 754
28 58 408
58 28 408
28 62 306
62 28 306
28 66 694
66 28 694
28 44 593
44 28 593
28 76 590
76 28 590
28 78 2
78 28 2
28 39 220
39 28 220
28 57 442
57 28 442
28 41 499
41 28 499
28 50 435
50 28 435
28 50 200
50 28 200
29 32 504
32 29 504
29 33 983
33 29 983
29 67 106
67 29 106
29 41 439
41 29 439
29 64 10
64 29 10
29 33 113
33 29 113
29 74 947
74 29 947
29 49 667
49 29 667
29 64 122
64 29 122
30 41 218
41 30 218
30 58 901
58 30 901
30 77 953
77 30 953
30 44 11
44 30 11
30 81 368
81 30 368
30 44 491
44 30 491
30 32 232
32 30 232
30 57 957
57 30 957
30 65 566
65 30 566
31 72 835
72 31 835
31 82 580
82 31 580
31 53 250
53 31 250
31 62 785
62 31 785
31 66 16
66 31 16
31 43 240
43 31 240
31 63 160
63 31 160
31 70 661
70 31 661
32 36 819
36 32 819
32 79 480
79 32 480
32 65 162
65 32 162
32 33 856
33 32 856
32 81 29
81 32 29
32 68 111
68 32 111
32 43 891
43 32 891
32 74 877
74 32 877
32 51 550
51 32 550
33 34 266
34 33 266
33 40 115
40 33 115
33 78 390
78 33 390
33 51 534
51 33 534
33 60 5
60 33 5
33 45 613
45 33 613
33 70 927
70 33 927
33 40 222
40 33 222
34 72 436
72 34 436
34 60 451
60 34 451
34 71 8
71 34 8
34 46 165
46 34 165
34 74 22
74 34 22
34 49 580
49 34 580
34 38 156
38 34 156
34 36 919
36 34 919
34 43 978
43 34 978
35 78 888
78 35 888
35 74 491
74 35 491
35 81 769
81 35 769
35 67 906
67 35 906
35 42 604
42 35 604
35 51 944
51 35 944
35 39 816
39 35 816
35 57 879
57 35 879
35 76 226
76 35 226
35 71 863
71 35 863
35 71 313
71 35 313
35 62 860
62 35 860
35 76 411
76 35 411
36 49 109
49 36 109
36 66 854
66 36 854
36 50 469
50 36 469
36 67 193
67 36 193
36 55 491
55 36 491
36 69 672
69 36 672
36 68 560
68 36 560
36 65 130
65 36 130
36 82 43
82 36 43
37 71 875
71 37 875
37 77 772
77 37 772
37 72 232
72 37 232
37 81 774
81 37 774
37 82 834
82 37 834
37 79 34
79 37 34
37 45 403
45 37 403
37 76 157
76 37 157
37 60 421
60 37 421
38 41 965
41 38 965
38 47 153
47 38 153
38 53 953
53 38 953
38 79 3
79 38 3
38 47 961
47 38 961
38 39 295
39 38 295
39 65 506
65 39 506
39 77 955
77 39 955
39 76 513
76 39 513
39 63 235
63 39 235
39 42 763
42 39 763
39 43 301
43 39 301
40 63 478
63 40 478
40 60 48
60 40 48
40 60 124
60 40 124
41 72 65
72 41 65
41 66 985
66 41 985
41 78 433
78 41 433
41 52 336
52 41 336
42 60 423
60 42 423
42 72 534
72 42 534
42 74 827
74 42 827
42 68 706
68 42 706
42 82 841
82 42 841
42 55 655
55 42 655
42 80 467
80 42 467
43 52 720
52 43 720
43 64 362
64 43 362
43 51 284
51 43 284
43 63 584
63 43 584
43 77 974
77 43 974
44 76 887
76 44 887
44 65 926
65 44 926
44 55 255
55 44 255
44 47 406
47 44 406
44 54 524
54 44 524
44 51 423
51 44 423
45 54 923
54 45 923
45 76 815
76 45 815
45 81 991
81 45 991
45 71 951
71 45 951
45 50 877
50 45 877
45 74 254
74 45 254
45 58 246
58 45 246
45 81 218
81 45 218
45 55 54
55 45 54
46 55 750
55 46 750
46 74 72
74 46 72
46 71 838
71 46 838
46 73 292
73 46 292
46 53 310
53 46 310
46 73 46
73 46 46
46 72 216
72 46 216
47 57 301
57 47 301
47 60 594
60 47 594
47 57 745
57 47 745
47 65 835
65 47 835
47 66 873
66 47 873
47 52 643
52 47 643
47 53 394
53 47 394
47 68 431
68 47 431
47 52 557
52 47 557
48 53 45
53 48 45
48 65 243
65 48 243
48 81 305
81 48 305
48 76 601
76 48 601
49 61 336
61 49 336
49 71 490
71 49 490
49 75 742
75 49 742
49 76 209
76 49 209
49 67 46
67 49 46
50 69 272
69 50 272
50 79 692
79 50 692
50 64 42
64 50 42
50 76 358
76 50 358
50 78 302
78 50 302
51 62 149
62 51 149
51 63 92
63 51 92
51 55 968
55 51 968
51 68 481
68 51 481
51 60 822
60 51 822
51 76 593
76 51 593
51 81 596
81 51 596
51 80 791
80 51 791
51 81 827
81 51 827
52 76 411
76 52 411
53 73 642
73 53 642
53 65 184
65 53 184
53 57 622
57 53 622
54 73 916
73 54 916
54 61 855
61 54 855
54 58 71
58 54 71
54 80 200
80 54 200
55 68 682
68 55 682
55 66 635
66 55 635
55 57 326
57 55 326
55 82 426
82 55 426
55 81 587
81 55 587
55 82 203
82 55 203
55 67 147
67 55 147
56 71 284
71 56 284
56 67 234
67 56 234
56 81 399
81 56 399
57 82 774
82 57 774
57 74 498
74 57 498
57 70 990
70 57 990
58 59 854
59 58 854
58 67 139
67 58 139
59 72 153
72 59 153
59 76 257
76 59 257
60 80 412
80 60 412
60 77 624
77 60 624
60 67 95
67 60 95
60 74 162
74 60 162
60 73 583
73 60 583
61 68 267
68 61 267
62 63 188
63 62 188
62 80 168
80 62 168
62 71 670
71 62 670
62 74 260
74 62 260
62 80 728
80 62 728
63 78 466
78 63 466
63 68 870
68 63 870
63 76 571
76 63 571
63 70 807
70 63 807
64 71 515
71 64 515
64 76 922
76 64 922
64 80 672
80 64 672
64 70 468
70 64 468
65 74 725
74 65 725
65 69 272
69 65 272
66 72 69
72 66 69
66 79 121
79 66 121
67 79 253
79 67 253
67 82 162
82 67 162
68 71 96
71 68 96
68 76 203
76 68 203
68 81 650
81 68 650
69 81 510
81 69 510
69 69 931
69 69 931
70 74 473
74 70 473
71 79 322
79 71 322
71 75 934
75 71 934
72 80 411
80 72 411
73 79 8
79 73 8
73 79 602
79 73 602
73 77 601
77 73 601
73 75 18
75 73 18
