87

0 1 603
1 0 603
0 2 500
2 0 500
0 8 262
8 0 262
0 25 525
25 0 525
0 41 376
41 0 376
0 42 437
42 0 437
0 71 959
71 0 959
0 33 13
33 0 13
0 68 86
68 0 86
0 60 336
60 0 336
0 27 990
27 0 990
0 14 228
14 0 228
0 70 174
70 0 174
0 53 579
53 0 579
0 54 4
54 0 4
0 19 410
19 0 410
0 42 35
42 0 35
0 27 62
27 0 62
1 6 121
6 1 121
1 27 564
27 1 564
1 68 252
68 1 252
1 5 120
5 1 120
1 45 66
45 1 66
1 53 533
53 1 533
1 65 703
65 1 703
1 69 121
69 1 121
1 58 465
58 1 465
1 36 268
36 1 268
1 28 104
28 1 104
2 3 450
3 2 450
2 9 525
9 2 525
2 30 736
30 2 736
2 16 312
16 2 312
2 48 195
48 2 195
2 62 875
62 2 875
2 48 911
48 2 911
2 4 105
4 2 105
2 16 323
16 2 323
2 13 304
13 2 304
2 45 156
45 2 156
2 4 548
4 2 548
3 4 22
4 3 22
3 24 179
24 3 179
3 36 729
36 3 729
3 60 429
60 3 429
3 8 119
8 3 119
3 62 639
62 3 639
3 55 484
55 3 484
3 32 558
32 3 558
3 84 359
84 3 359
3 80 31
80 3 31
3 82 434
82 3 434
3 72 6
72 3 6
3 35 316
35 3 316
3 22 66
22 3 66
4 5 900
5 4 900
4 10 415
10 4 415
4 12 875
12 4 875
4 14 333
14 4 333
4 18 489
18 4 489
4 22 98
22 4 98
4 39 605
39 4 605
4 39 970
39 4 970
4 5 569
5 4 569
4 16 525
16 4 525
4 50 165
50 4 165
4 17 447
17 4 447
5 7 864
7 5 864
5 73 752
73 5 752
5 17 677
17 5 677
5 38 410
38 5 410
5 72 505
72 5 505
5 23 626
23 5 626
5 41 804
41 5 804
5 62 893
62 5 893
5 17 527
17 5 527
6 13 229
13 6 229
6 45 831
45 6 831
6 75 18
75 6 18
6 12 250
12 6 250
6 83 584
83 6 584
6 46 675
46 6 675
6 76 726
76 6 726
6 56 35
56 6 35
6 75 956
75 6 956
7 15 887
15 7 887
7 16 169
16 7 169
7 20 498
20 7 498
7 29 7
29 7 7
7 57 395
57 7 395
7 27 634
27 7 634
7 34 555
34 7 555
7 73 829
73 7 829
7 83 2
83 7 2
7 15 534
15 7 534
7 86 464
86 7 464
7 48 164
48 7 164
7 50 367
50 7 367
8 17 814
17 8 814
8 32 187
32 8 187
8 43 414
43 8 414
8 15 681
15 8 681
8 34 82
34 8 82
8 31 595
31 8 595
8 53 628
53 8 628
8 57 302
57 8 302
8 61 680
61 8 680
9 43 14
43 9 14
9 45 273
45 9 273
9 58 121
58 9 121
9 84 524
84 9 524
9 68 658
68 9 658
9 40 426
40 9 426
10 11 124
11 10 124
10 26 190
26 10 190
10 48 38
48 10 38
10 57 571
57 10 571
11 72 721
72 11 721
11 53 959
53 11 959
11 27 828
27 11 828
11 16 241
16 11 241
11 55 93
55 11 93
11 56 342
56 11 342
11 73 272
73 11 272
11 69 201
69 11 201
12 38 252
38 12 252
12 84 961
84 12 961
12 68 639
68 12 639
12 22 441
22 12 441
12 19 266
19 12 266
12 29 435
29 12 435
12 34 294
34 12 294
12 41 266
41 12 266
12 18 327
18 12 327
12 23 930
23 12 930
13 79 706
79 13 706
13 47 574
47 13 574
13 61 551
61 13 551
14 48 234
48 14 234
14 64 268
64 14 268
14 32 129
32 14 129
15 23 437
23 15 437
15 28 456
28 15 456
15 45 760
45 15 760
15 31 609
31 15 609
15 17 537
17 15 537
15 85 389
85 15 389
15 43 389
43 15 389
15 60 239
60 15 239
15 16 618
16 15 618
15 86 890
86 15 890
16 19 596
19 16 596
16 52 242
52 16 242
16 59 272
59 16 272
16 84 619
84 16 619
16 55 533
55 16 533
16 27 167
27 16 167
16 62 436
62 16 436
16 19 89
19 16 89
17 40 671
40 17 671
17 67 269
67 17 269
17 59 336
59 17 336
17 32 227
32 17 227
17 85 147
85 17 147
18 48 578
48 18 578
18 58 756
58 18 756
18 26 252
26 18 252
19 86 220
86 19 220
19 30 986
30 19 986
19 38 273
38 19 273
19 40 76
40 19 76
19 75 437
75 19 437
20 21 867
21 20 867
20 44 486
44 20 486
20 55 507
55 20 507
20 82 79
82 20 79
20 46 786
46 20 786
20 38 736
38 20 736
20 79 247
79 20 247
20 52 563
52 20 563
20 37 940
37 20 940
20 59 495
59 20 495
20 78 408
78 20 408
20 55 546
55 20 546
21 31 419
31 21 419
21 80 164
80 21 164
21 36 857
36 21 857
21 21 228
21 21 228
21 69 426
69 21 426
21 33 15
33 21 15
21 59 26
59 21 26
22 33 810
33 22 810
22 34 176
34 22 176
22 64 90
64 22 90
22 68 522
68 22 522
22 41 216
41 22 216
22 74 382
74 22 382
22 66 277
66 22 277
23 61 985
61 23 985
23 85 225
85 23 225
23 74 624
74 23 624
23 26 581
26 23 581
23 45 556
45 23 556
24 36 901
36 24 901
24 70 260
70 24 260
24 36 516
36 24 516
24 40 64
40 24 64
24 26 565
26 24 565
25 37 433
37 25 433
25 56 843
56 25 843
25 56 766
56 25 766
25 36 192
36 25 192
25 31 895
31 25 895
25 47 223
47 25 223
25 44 457
44 25 457
26 35 106
35 26 106
26 47 864
47 26 864
26 49 896
49 26 896
26 55 591
55 26 591
26 71 217
71 26 217
26 64 764
64 26 764
26 40 907
40 26 907
27 64 675
64 27 675
27 45 568
45 27 568
27 86 750
86 27 750
27 34 854
34 27 854
28 56 784
56 28 784
28 58 448
58 28 448
28 76 53
76 28 53
29 55 746
55 29 746
29 81 206
81 29 206
29 57 275
57 29 275
30 53 340
53 30 340
30 44 829
44 30 829
30 86 999
86 30 999
30 65 793
65 30 793
31 54 292
54 31 292
31 58 832
58 31 832
31 43 271
43 31 271
31 42 630
42 31 630
31 45 813
45 31 813
31 59 750
59 31 750
31 83 246
83 31 246
32 61 588
61 32 588
32 60 964
60 32 964
32 65 545
65 32 545
32 79 475
79 32 475
33 78 369
78 33 369
33 43 981
43 33 981
33 68 45
68 33 45
33 86 976
86 33 976
33 77 318
77 33 318
34 75 591
75 34 591
34 53 550
53 34 550
34 56 532
56 34 532
35 66 719
66 35 719
35 52 212
52 35 212
35 82 793
82 35 793
35 82 366
82 35 366
36 46 862
46 36 862
36 50 625
50 36 625
36 66 633
66 36 633
36 74 39
74 36 39
36 56 209
56 36 209
36 62 578
62 36 578
36 52 55
52 36 55
37 57 818
57 37 818
37 82 161
82 37 161
37 42 353
42 37 353
38 81 29
81 38 29
38 42 353
42 38 353
38 66 151
66 38 151
38 69 312
69 38 312
38 71 648
71 38 648
39 76 250
76 39 250
39 59 978
59 39 978
39 69 499
69 39 499
39 57 259
57 39 259
40 62 261
62 40 261
40 50 205
50 40 205
40 70 624
70 40 624
40 79 729
79 40 729
41 51 986
51 41 986
41 50 186
50 41 186
42 57 747
57 42 747
42 49 221
49 42 221
42 52 924
52 42 924
42 81 868
81 42 868
42 61 374
61 42 374
43 65 166
65 43 166
43 77 297
77 43 297
43 44 961
44 43 961
43 58 567
58 43 567
43 73 208
73 43 208
43 51 236
51 43 236
43 58 21
58 43 21
44 49 844
49 44 844
45 57 483
57 45 483
47 82 188
82 47 188
47 53 377
53 47 377
49 51 746
51 49 746
49 64 163
64 49 163
49 78 194
78 49 194
49 79 894
79 49 894
49 58 49
58 49 49
49 55 115
55 49 115
49 64 540
64 49 540
50 83 887
83 50 887
50 65 752
65 50 752
50 70 704
70 50 704
51 53 395
53 51 395
51 68 944
68 51 944
52 65 122
65 52 122
52 61 462
61 52 462
52 77 136
77 52 136
53 68 114
68 53 114
53 75 799
75 53 799
53 61 230
61 53 230
53 72 875
72 53 875
53 85 798
85 53 798
54 78 837
78 54 837
55 61 846
61 55 846
56 61 525
61 56 525
57 83 69
83 57 69
57 78 115
78 57 115
57 74 226
74 57 226
57 71 325
71 57 325
58 80 310
80 58 310
58 80 60
80 58 60
59 69 77
69 59 77
59 75 723
75 59 723
59 64 785
64 59 785
59 64 242
64 59 242
59 66 482
66 59 482
60 70 448
70 60 448
60 74 661
74 60 661
60 85 381
85 60 381
61 63 393
63 61 393
61 65 767
65 61 767
63 72 185
72 63 185
64 78 917
78 64 917
64 84 296
84 64 296
65 68 123
68 65 123
65 78 90
78 65 90
67 86 836
86 67 836
68 77 195
77 68 195
69 85 724
85 69 724
69 77 561
77 69 561
69 85 565
85 69 565
71 72 658
72 71 658
71 74 128
74 71 128
72 75 285
75 72 285
72 76 347
76 72 347
72 74 721
74 72 721
73 82 309
82 73 309
74 84 780
84 74 780
75 81 669
81 75 669
77 86 814
86 77 814
79 81 267
81 79 267
80 84 693
84 80 693
82 85 684
85 82 684
82 83 450
83 82 450
84 85 147
85 84 147
