35

0 1 53
1 0 53
0 2 648
2 0 648
0 8 809
8 0 809
0 9 652
9 0 652
0 30 848
30 0 848
0 20 895
20 0 895
0 13 826
13 0 826
1 3 521
3 1 521
1 4 666
4 1 666
1 5 396
5 1 396
1 28 128
28 1 128
1 13 548
13 1 548
1 11 147
11 1 147
1 11 803
11 1 803
1 29 754
29 1 754
2 12 49
12 2 49
2 15 212
15 2 212
2 21 529
21 2 529
3 6 800
6 3 800
3 10 564
10 3 564
3 12 659
12 3 659
4 17 52
17 4 52
4 18 783
18 4 783
4 19 685
19 4 685
4 5 804
5 4 804
4 6 125
6 4 125
4 22 323
22 4 323
4 12 343
12 4 343
5 7 653
7 5 653
5 14 596
14 5 596
6 13 735
13 6 735
7 11 791
11 7 791
7 22 437
22 7 437
7 17 30
17 7 30
8 12 127
12 8 127
9 16 846
16 9 846
10 29 27
29 10 27
10 28 688
28 10 688
10 12 155
12 10 155
10 19 985
19 10 985
11 33 640
33 11 640
11 16 798
16 11 798
11 29 784
29 11 784
11 33 209
33 11 209
12 27 524
27 12 524
12 14 196
14 12 196
12 20 642
20 12 642
12 19 448
19 12 448
13 31 250
31 13 250
13 19 405
19 13 405
14 15 35
15 14 35
14 31 805
31 14 805
15 24 851
24 15 851
15 22 633
22 15 633
16 23 230
23 16 230
16 26 921
26 16 921
17 20 512
20 17 512
17 21 649
21 17 649
17 23 559
23 17 559
17 31 348
31 17 348
17 29 418
29 17 418
18 30 155
30 18 155
19 34 484
34 19 484
20 20 45
20 20 45
21 25 972
25 21 972
21 32 927
32 21 927
21 25 829
25 21 829
21 23 526
23 21 526
22 30 389
30 22 389
23 26 281
26 23 281
23 33 92
33 23 92
23 34 148
34 23 148
24 34 880
34 24 880
24 29 476
29 24 476
28 29 729
29 28 729
29 34 176
34 29 176
30 33 952
33 30 952
30 33 21
33 30 21
32 34 322
34 32 322
