56

0 1 74
1 0 74
0 2 602
2 0 602
0 6 410
6 0 410
0 22 790
22 0 790
0 20 762
20 0 762
0 12 977
12 0 977
0 34 254
34 0 254
0 6 275
6 0 275
1 27 211
27 1 211
1 5 90
5 1 90
1 54 836
54 1 836
1 15 767
15 1 767
1 40 352
40 1 352
1 40 702
40 1 702
1 21 271
21 1 271
1 30 384
30 1 384
1 40 599
40 1 599
2 3 1000
3 2 1000
2 11 912
11 2 912
2 52 965
52 2 965
2 40 168
40 2 168
2 45 516
45 2 516
3 4 921
4 3 921
3 7 981
7 3 981
3 9 232
9 3 232
3 19 933
19 3 933
3 28 732
28 3 732
3 37 913
37 3 913
3 5 211
5 3 211
3 5 838
5 3 838
3 18 504
18 3 504
3 30 976
30 3 976
3 39 882
39 3 882
4 5 526
5 4 526
4 8 89
8 4 89
4 16 18
16 4 18
4 33 248
33 4 248
4 36 700
36 4 700
4 35 747
35 4 747
4 30 54
30 4 54
4 7 798
7 4 798
4 41 855
41 4 855
4 8 748
8 4 748
4 23 892
23 4 892
5 14 732
14 5 732
5 26 513
26 5 513
5 31 621
31 5 621
5 46 738
46 5 738
5 48 682
48 5 682
5 21 893
21 5 893
5 51 771
51 5 771
5 31 353
31 5 353
5 18 220
18 5 220
6 10 795
10 6 795
6 13 581
13 6 581
6 21 860
21 6 860
6 24 222
24 6 222
6 7 716
7 6 716
6 45 440
45 6 440
6 15 649
15 6 649
6 21 625
21 6 625
6 29 297
29 6 297
7 12 381
12 7 381
7 29 316
29 7 316
7 39 835
39 7 835
8 17 264
17 8 264
8 32 290
32 8 290
8 18 503
18 8 503
8 44 817
44 8 817
8 33 645
33 8 645
8 12 260
12 8 260
9 18 931
18 9 931
9 14 347
14 9 347
9 13 996
13 9 996
9 27 966
27 9 966
9 17 567
17 9 567
10 25 362
25 10 362
10 40 407
40 10 407
10 38 985
38 10 985
11 55 447
55 11 447
11 28 155
28 11 155
11 46 323
46 11 323
11 28 286
28 11 286
12 15 82
15 12 82
12 20 957
20 12 957
12 39 154
39 12 154
12 53 535
53 12 535
13 35 959
35 13 959
13 20 912
20 13 912
13 35 930
35 13 930
14 29 42
29 14 42
14 41 552
41 14 552
14 26 202
26 14 202
14 50 858
50 14 858
14 52 176
52 14 176
15 30 208
30 15 208
15 29 62
29 15 62
16 18 817
18 16 817
16 52 416
52 16 416
16 29 41
29 16 41
16 43 746
43 16 746
17 44 836
44 17 836
17 50 210
50 17 210
17 21 244
21 17 244
17 23 276
23 17 276
17 46 738
46 17 738
17 32 106
32 17 106
17 31 39
31 17 39
17 52 247
52 17 247
17 23 574
23 17 574
18 55 351
55 18 351
18 35 951
35 18 951
18 35 370
35 18 370
18 54 804
54 18 804
18 25 811
25 18 811
18 33 209
33 18 209
19 23 413
23 19 413
19 29 118
29 19 118
20 44 509
44 20 509
20 43 595
43 20 595
20 24 409
24 20 409
20 43 496
43 20 496
20 29 308
29 20 308
20 42 818
42 20 818
21 51 286
51 21 286
21 25 995
25 21 995
21 41 107
41 21 107
21 26 170
26 21 170
22 32 880
32 22 880
22 36 764
36 22 764
22 30 82
30 22 82
22 41 924
41 22 924
23 45 231
45 23 231
23 48 196
48 23 196
23 26 150
26 23 150
24 54 68
54 24 68
24 37 338
37 24 338
25 42 491
42 25 491
25 34 497
34 25 497
26 43 336
43 26 336
27 49 591
49 27 591
27 27 668
27 27 668
27 42 926
42 27 926
28 37 705
37 28 705
28 35 59
35 28 59
28 29 84
29 28 84
31 34 457
34 31 457
31 34 883
34 31 883
32 34 376
34 32 376
32 32 849
32 32 849
32 44 432
44 32 432
33 55 687
55 33 687
34 43 71
43 34 71
34 49 809
49 34 809
34 35 789
35 34 789
36 38 349
38 36 349
36 37 972
37 36 972
36 52 252
52 36 252
38 42 695
42 38 695
38 38 769
38 38 769
38 50 11
50 38 11
39 41 407
41 39 407
40 44 345
44 40 345
41 49 54
49 41 54
42 43 557
43 42 557
42 46 448
46 42 448
42 45 459
45 42 459
43 47 747
47 43 747
43 53 983
53 43 983
43 45 756
45 43 756
44 53 259
53 44 259
45 51 426
51 45 426
47 51 251
51 47 251
47 51 745
51 47 745
48 55 577
55 48 577
48 52 691
52 48 691
49 52 298
52 49 298
49 50 324
50 49 324
50 52 691
52 50 691
51 53 411
53 51 411
52 54 707
54 52 707
53 54 654
54 53 654
