75

0 1 935
1 0 935
0 2 954
2 0 954
0 3 675
3 0 675
0 7 411
7 0 411
0 14 917
14 0 917
0 17 958
17 0 958
0 33 308
33 0 308
1 6 168
6 1 168
1 13 956
13 1 956
1 53 847
53 1 847
2 4 324
4 2 324
2 31 820
31 2 820
2 10 725
10 2 725
3 8 201
8 3 201
3 12 410
12 3 410
4 5 796
5 4 796
4 20 186
20 4 186
4 44 119
44 4 119
5 10 439
10 5 439
5 11 618
11 5 618
5 15 508
15 5 508
6 16 483
16 6 483
6 45 980
45 6 980
7 61 759
61 7 759
7 24 419
24 7 419
8 9 926
9 8 926
8 18 989
18 8 989
8 28 82
28 8 82
8 39 965
39 8 965
9 30 381
30 9 381
9 40 96
40 9 96
9 44 850
44 9 850
9 54 709
54 9 709
10 26 880
26 10 880
10 65 43
65 10 43
11 28 972
28 11 972
11 17 586
17 11 586
12 21 155
21 12 155
12 57 182
57 12 182
13 70 516
70 13 516
13 72 953
72 13 953
14 42 750
42 14 750
14 52 75
52 14 75
14 73 334
73 14 334
15 67 176
67 15 176
15 60 512
60 15 512
16 56 949
56 16 949
16 63 897
63 16 897
17 22 54
22 17 54
18 19 792
19 18 792
18 27 880
27 18 880
19 35 413
35 19 413
20 24 327
24 20 327
20 48 931
48 20 931
21 25 58
25 21 58
21 27 996
27 21 996
22 23 957
23 22 957
22 29 900
29 22 900
22 41 528
41 22 528
22 46 707
46 22 707
23 34 690
34 23 690
25 32 517
32 25 517
25 74 743
74 25 743
26 51 828
51 26 828
27 39 468
39 27 468
28 59 493
59 28 493
29 38 741
38 29 741
29 35 713
35 29 713
31 61 561
61 31 561
35 36 442
36 35 442
35 37 618
37 35 618
35 62 653
62 35 653
36 69 162
69 36 162
36 59 78
59 36 78
36 73 314
73 36 314
39 48 872
48 39 872
39 49 627
49 39 627
39 66 126
66 39 126
40 61 684
61 40 684
40 49 372
49 40 372
41 43 735
43 41 735
43 60 861
60 43 861
43 70 586
70 43 586
43 52 621
52 43 621
46 47 58
47 46 58
46 59 639
59 46 639
48 50 712
50 48 712
51 58 954
58 51 954
53 67 397
67 53 397
54 55 120
55 54 120
60 71 978
71 60 978
63 64 678
64 63 678
63 72 992
72 63 992
66 68 306
68 66 306
