91

0 1 751
1 0 751
0 10 377
10 0 377
0 13 795
13 0 795
0 29 561
29 0 561
0 40 728
40 0 728
0 21 71
21 0 71
0 81 803
81 0 803
0 46 459
46 0 459
0 67 939
67 0 939
0 60 181
60 0 181
0 38 551
38 0 551
0 7 106
7 0 106
0 12 429
12 0 429
1 2 41
2 1 41
1 4 887
4 1 887
1 5 661
5 1 661
1 6 612
6 1 612
1 12 281
12 1 281
1 23 740
23 1 740
1 37 376
37 1 376
1 37 121
37 1 121
1 11 73
11 1 73
1 38 236
38 1 236
1 81 19
81 1 19
1 70 196
70 1 196
1 9 659
9 1 659
1 81 796
81 1 796
1 40 19
40 1 19
1 71 410
71 1 410
2 3 961
3 2 961
2 7 901
7 2 901
2 8 758
8 2 758
2 20 388
20 2 388
2 36 63
36 2 63
2 56 146
56 2 146
2 64 363
64 2 363
2 57 271
57 2 271
2 50 63
50 2 63
2 4 450
4 2 450
2 40 148
40 2 148
2 73 278
73 2 278
2 50 863
50 2 863
2 89 233
89 2 233
2 45 578
45 2 578
3 18 870
18 3 870
3 27 242
27 3 242
3 31 788
31 3 788
3 76 419
76 3 419
3 63 570
63 3 570
3 75 165
75 3 165
3 60 93
60 3 93
3 27 450
27 3 450
3 42 920
42 3 920
3 40 90
40 3 90
3 36 222
36 3 222
3 30 100
30 3 100
4 14 324
14 4 324
4 15 292
15 4 292
4 28 940
28 4 940
4 20 252
20 4 252
4 50 168
50 4 168
4 30 215
30 4 215
4 71 431
71 4 431
4 69 154
69 4 154
4 54 72
54 4 72
4 47 837
47 4 837
5 11 881
11 5 881
5 21 122
21 5 122
5 24 272
24 5 272
5 68 405
68 5 405
5 78 747
78 5 747
5 51 286
51 5 286
5 89 951
89 5 951
5 14 552
14 5 552
5 67 811
67 5 811
5 28 783
28 5 783
5 10 414
10 5 414
5 19 200
19 5 200
6 9 141
9 6 141
6 19 713
19 6 713
6 65 788
65 6 788
6 77 641
77 6 641
6 90 420
90 6 420
6 43 584
43 6 584
6 41 428
41 6 428
6 82 596
82 6 596
7 84 334
84 7 334
7 70 849
70 7 849
7 35 461
35 7 461
7 30 582
30 7 582
7 23 119
23 7 119
7 69 84
69 7 84
7 69 558
69 7 558
7 58 438
58 7 438
7 8 167
8 7 167
7 41 878
41 7 878
8 38 426
38 8 426
8 47 415
47 8 415
8 53 66
53 8 66
8 77 562
77 8 562
8 29 206
29 8 206
8 65 161
65 8 161
8 37 546
37 8 546
8 14 885
14 8 885
8 77 844
77 8 844
8 51 954
51 8 954
9 16 949
16 9 949
9 67 264
67 9 264
9 75 911
75 9 911
9 24 45
24 9 45
9 27 113
27 9 113
9 21 478
21 9 478
9 76 56
76 9 56
9 44 548
44 9 548
9 32 181
32 9 181
9 50 115
50 9 115
9 72 646
72 9 646
10 17 44
17 10 44
10 35 183
35 10 183
10 85 435
85 10 435
10 57 897
57 10 897
10 58 597
58 10 597
10 36 548
36 10 548
10 26 157
26 10 157
10 79 14
79 10 14
11 22 400
22 11 400
11 73 601
73 11 601
11 88 892
88 11 892
11 23 374
23 11 374
11 58 240
58 11 240
11 73 433
73 11 433
11 33 209
33 11 209
11 35 730
35 11 730
11 82 367
82 11 367
11 90 134
90 11 134
11 89 401
89 11 401
11 39 704
39 11 704
11 34 491
34 11 491
12 25 68
25 12 68
12 81 263
81 12 263
12 43 523
43 12 523
12 65 122
65 12 122
12 37 389
37 12 389
12 66 849
66 12 849
12 23 860
23 12 860
12 22 838
22 12 838
13 87 684
87 13 684
13 31 26
31 13 26
13 63 300
63 13 300
13 43 914
43 13 914
13 58 94
58 13 94
13 39 156
39 13 156
13 47 536
47 13 536
13 50 689
50 13 689
13 20 445
20 13 445
13 74 831
74 13 831
13 81 971
81 13 971
14 67 630
67 14 630
14 18 111
18 14 111
14 37 184
37 14 184
14 80 982
80 14 982
15 39 487
39 15 487
15 72 501
72 15 501
15 35 94
35 15 94
15 58 919
58 15 919
15 87 467
87 15 467
15 81 275
81 15 275
15 45 714
45 15 714
15 88 600
88 15 600
15 30 104
30 15 104
15 83 481
83 15 481
15 73 613
73 15 613
16 76 335
76 16 335
16 46 194
46 16 194
16 30 738
30 16 738
16 82 894
82 16 894
16 26 293
26 16 293
16 43 392
43 16 392
17 30 586
30 17 586
17 34 478
34 17 478
17 30 235
30 17 235
17 48 389
48 17 389
17 50 540
50 17 540
17 33 208
33 17 208
17 31 121
31 17 121
17 34 985
34 17 985
17 52 497
52 17 497
18 31 266
31 18 266
18 64 299
64 18 299
18 74 253
74 18 253
18 38 96
38 18 96
18 23 95
23 18 95
18 80 151
80 18 151
18 62 497
62 18 497
19 66 344
66 19 344
19 35 740
35 19 740
19 40 832
40 19 832
19 70 19
70 19 19
19 44 797
44 19 797
19 45 796
45 19 796
19 47 398
47 19 398
19 46 917
46 19 917
20 26 294
26 20 294
20 84 44
84 20 44
20 90 818
90 20 818
20 24 254
24 20 254
20 26 796
26 20 796
20 68 129
68 20 129
20 25 507
25 20 507
20 43 394
43 20 394
20 43 737
43 20 737
20 36 896
36 20 896
21 48 935
48 21 935
21 50 426
50 21 426
21 54 146
54 21 146
21 32 311
32 21 311
21 63 236
63 21 236
21 27 667
27 21 667
21 66 457
66 21 457
21 43 92
43 21 92
21 68 921
68 21 921
21 49 650
49 21 650
21 60 764
60 21 764
21 61 464
61 21 464
21 29 47
29 21 47
21 82 48
82 21 48
21 46 473
46 21 473
22 33 590
33 22 590
22 41 413
41 22 413
22 76 367
76 22 367
22 50 33
50 22 33
22 56 505
56 22 505
22 68 388
68 22 388
22 66 49
66 22 49
23 60 596
60 23 596
23 75 126
75 23 126
23 76 595
76 23 595
23 70 589
70 23 589
23 25 997
25 23 997
23 79 314
79 23 314
23 31 69
31 23 69
23 45 713
45 23 713
24 62 396
62 24 396
24 82 849
82 24 849
24 60 788
60 24 788
24 76 25
76 24 25
24 38 363
38 24 363
24 82 266
82 24 266
24 28 797
28 24 797
24 52 629
52 24 629
24 61 241
61 24 241
24 61 587
61 24 587
24 53 249
53 24 249
25 64 503
64 25 503
25 40 81
40 25 81
25 40 881
40 25 881
25 42 335
42 25 335
25 86 597
86 25 597
25 50 56
50 25 56
25 53 741
53 25 741
25 76 462
76 25 462
25 88 918
88 25 918
25 48 276
48 25 276
26 32 941
32 26 941
26 87 262
87 26 262
26 43 730
43 26 730
26 40 605
40 26 605
26 56 862
56 26 862
26 77 484
77 26 484
26 69 120
69 26 120
26 63 768
63 26 768
27 42 97
42 27 97
27 61 459
61 27 459
27 45 3
45 27 3
27 67 406
67 27 406
27 48 520
48 27 520
27 33 447
33 27 447
27 29 936
29 27 936
27 39 140
39 27 140
27 81 29
81 27 29
27 77 625
77 27 625
27 60 790
60 27 790
27 46 631
46 27 631
28 55 704
55 28 704
28 82 241
82 28 241
28 43 366
43 28 366
28 29 198
29 28 198
28 55 236
55 28 236
28 50 762
50 28 762
28 70 359
70 28 359
28 56 178
56 28 178
28 29 134
29 28 134
28 72 119
72 28 119
29 44 364
44 29 364
29 51 49
51 29 49
29 54 984
54 29 984
29 81 439
81 29 439
29 69 322
69 29 322
29 44 242
44 29 242
29 53 922
53 29 922
29 90 118
90 29 118
30 71 578
71 30 578
30 57 710
57 30 710
30 66 527
66 30 527
30 90 198
90 30 198
30 40 692
40 30 692
30 60 789
60 30 789
30 54 937
54 30 937
30 74 712
74 30 712
30 60 171
60 30 171
30 46 119
46 30 119
31 46 840
46 31 840
31 84 221
84 31 221
31 86 700
86 31 700
32 53 689
53 32 689
32 34 859
34 32 859
32 48 735
48 32 735
32 63 837
63 32 837
32 33 20
33 32 20
32 72 154
72 32 154
32 69 757
69 32 757
32 56 650
56 32 650
32 60 787
60 32 787
32 39 894
39 32 894
33 63 689
63 33 689
33 57 793
57 33 793
33 42 856
42 33 856
33 65 486
65 33 486
33 89 143
89 33 143
33 54 939
54 33 939
33 61 546
61 33 546
34 56 134
56 34 134
34 59 409
59 34 409
34 82 873
82 34 873
34 51 878
51 34 878
35 45 69
45 35 69
35 53 526
53 35 526
35 84 393
84 35 393
35 83 723
83 35 723
35 38 906
38 35 906
35 87 360
87 35 360
36 69 614
69 36 614
36 67 42
67 36 42
36 80 727
80 36 727
36 64 721
64 36 721
36 78 800
78 36 800
36 65 157
65 36 157
36 41 431
41 36 431
37 47 820
47 37 820
37 77 936
77 37 936
37 76 77
76 37 77
37 40 37
40 37 37
37 41 746
41 37 746
37 44 77
44 37 77
37 38 775
38 37 775
37 87 492
87 37 492
37 49 971
49 37 971
37 89 36
89 37 36
37 67 402
67 37 402
37 57 339
57 37 339
37 54 84
54 37 84
37 72 489
72 37 489
38 89 437
89 38 437
38 50 947
50 38 947
38 62 196
62 38 196
38 87 113
87 38 113
38 50 608
50 38 608
39 85 46
85 39 46
39 39 941
39 39 941
40 87 390
87 40 390
40 79 299
79 40 299
40 67 626
67 40 626
40 74 548
74 40 548
40 86 906
86 40 906
40 77 148
77 40 148
40 44 472
44 40 472
40 56 362
56 40 362
41 43 34
43 41 34
41 46 858
46 41 858
41 57 589
57 41 589
41 62 929
62 41 929
41 90 105
90 41 105
41 79 765
79 41 765
41 87 472
87 41 472
41 57 196
57 41 196
41 73 349
73 41 349
42 61 301
61 42 301
42 62 832
62 42 832
42 79 302
79 42 302
42 46 136
46 42 136
42 89 639
89 42 639
43 61 986
61 43 986
43 76 647
76 43 647
43 46 127
46 43 127
43 80 123
80 43 123
43 87 397
87 43 397
43 90 170
90 43 170
43 90 452
90 43 452
43 76 769
76 43 769
43 61 166
61 43 166
44 63 634
63 44 634
44 76 613
76 44 613
44 67 892
67 44 892
45 52 516
52 45 516
45 83 519
83 45 519
45 50 173
50 45 173
45 85 166
85 45 166
45 48 202
48 45 202
46 84 93
84 46 93
46 53 429
53 46 429
46 50 548
50 46 548
46 86 572
86 46 572
46 53 240
53 46 240
46 85 769
85 46 769
46 83 148
83 46 148
46 83 51
83 46 51
47 49 540
49 47 540
47 80 189
80 47 189
47 64 612
64 47 612
47 62 567
62 47 567
47 83 302
83 47 302
47 49 930
49 47 930
48 71 639
71 48 639
48 66 510
66 48 510
49 86 986
86 49 986
49 88 223
88 49 223
49 56 936
56 49 936
49 54 217
54 49 217
49 75 175
75 49 175
49 90 923
90 49 923
49 55 908
55 49 908
49 90 290
90 49 290
50 63 320
63 50 320
50 79 488
79 50 488
50 81 803
81 50 803
50 76 20
76 50 20
50 69 536
69 50 536
50 69 168
69 50 168
51 58 589
58 51 589
51 69 570
69 51 570
51 61 81
61 51 81
51 70 389
70 51 389
51 61 659
61 51 659
51 63 684
63 51 684
51 74 457
74 51 457
52 72 618
72 52 618
52 79 207
79 52 207
52 53 466
53 52 466
53 78 689
78 53 689
53 64 523
64 53 523
53 57 589
57 53 589
53 73 902
73 53 902
53 74 466
74 53 466
53 70 343
70 53 343
53 67 668
67 53 668
53 78 187
78 53 187
54 81 338
81 54 338
54 75 601
75 54 601
54 81 773
81 54 773
54 58 36
58 54 36
54 77 39
77 54 39
54 60 262
60 54 262
55 89 868
89 55 868
55 88 61
88 55 61
55 70 634
70 55 634
55 66 942
66 55 942
55 84 458
84 55 458
55 87 419
87 55 419
55 72 981
72 55 981
55 63 441
63 55 441
56 63 858
63 56 858
56 73 646
73 56 646
56 65 617
65 56 617
56 86 804
86 56 804
56 82 825
82 56 825
56 60 629
60 56 629
57 80 333
80 57 333
57 82 232
82 57 232
57 90 47
90 57 47
57 85 49
85 57 49
58 66 950
66 58 950
58 69 460
69 58 460
58 80 926
80 58 926
59 61 188
61 59 188
59 87 235
87 59 235
60 67 200
67 60 200
60 62 525
62 60 525
60 74 726
74 60 726
60 81 281
81 60 281
61 68 431
68 61 431
61 75 778
75 61 778
61 75 929
75 61 929
62 73 465
73 62 465
62 72 759
72 62 759
63 74 598
74 63 598
63 78 95
78 63 95
63 78 54
78 63 54
63 80 28
80 63 28
63 86 353
86 63 353
64 78 179
78 64 179
64 84 956
84 64 956
64 69 829
69 64 829
65 74 707
74 65 707
65 89 59
89 65 59
66 70 973
70 66 973
66 82 533
82 66 533
66 73 766
73 66 766
67 67 751
67 67 751
67 89 457
89 67 457
67 70 829
70 67 829
68 79 737
79 68 737
68 73 198
73 68 198
68 70 927
70 68 927
68 80 533
80 68 533
69 70 808
70 69 808
69 81 424
81 69 424
69 80 760
80 69 760
69 79 204
79 69 204
70 81 682
81 70 682
70 85 345
85 70 345
70 76 213
76 70 213
70 84 484
84 70 484
70 72 180
72 70 180
71 87 38
87 71 38
72 78 475
78 72 475
72 86 30
86 72 30
73 83 513
83 73 513
73 78 122
78 73 122
74 82 400
82 74 400
75 85 865
85 75 865
75 76 481
76 75 481
75 77 524
77 75 524
76 89 211
89 76 211
77 88 277
88 77 277
77 84 809
84 77 809
78 84 392
84 78 392
78 89 800
89 78 800
79 90 872
90 79 872
81 85 239
85 81 239
82 82 144
82 82 144
84 88 138
88 84 138
88 90 138
90 88 138
