62

0 1 66
1 0 66
0 3 16
3 0 16
0 4 213
4 0 213
0 14 55
14 0 55
0 16 890
16 0 890
0 52 157
52 0 157
0 40 598
40 0 598
1 2 61
2 1 61
1 6 741
6 1 741
1 7 633
7 1 633
1 50 350
50 1 350
1 50 250
50 1 250
1 39 128
39 1 128
2 8 838
8 2 838
2 11 377
11 2 377
2 12 878
12 2 878
2 36 427
36 2 427
2 60 5
60 2 5
2 35 271
35 2 271
2 39 156
39 2 156
2 52 485
52 2 485
3 25 368
25 3 368
3 41 875
41 3 875
3 24 31
24 3 31
4 5 412
5 4 412
4 23 323
23 4 323
5 22 230
22 5 230
5 27 499
27 5 499
5 56 169
56 5 169
5 31 756
31 5 756
5 27 28
27 5 28
6 21 384
21 6 384
6 37 63
37 6 63
6 19 213
19 6 213
7 13 471
13 7 471
7 24 475
24 7 475
7 32 40
32 7 40
8 9 498
9 8 498
8 20 393
20 8 393
8 22 308
22 8 308
9 10 193
10 9 193
9 28 842
28 9 842
9 38 829
38 9 829
9 43 990
43 9 990
9 45 566
45 9 566
9 12 877
12 9 877
9 13 408
13 9 408
11 17 174
17 11 174
11 46 58
46 11 58
11 58 847
58 11 847
12 15 672
15 12 672
12 18 562
18 12 562
15 33 191
33 15 191
15 35 167
35 15 167
15 49 167
49 15 167
15 52 378
52 15 378
16 19 199
19 16 199
16 41 175
41 16 175
17 47 904
47 17 904
17 29 675
29 17 675
18 30 495
30 18 495
18 42 364
42 18 364
18 39 868
39 18 868
18 41 751
41 18 751
19 54 530
54 19 530
19 56 775
56 19 775
20 26 545
26 20 545
20 39 99
39 20 99
20 52 625
52 20 625
22 56 901
56 22 901
22 53 865
53 22 865
22 53 93
53 22 93
22 34 591
34 22 591
23 58 666
58 23 666
23 44 746
44 23 746
23 32 447
32 23 447
24 48 615
48 24 615
25 31 963
31 25 963
26 29 934
29 26 934
26 53 662
53 26 662
26 39 47
39 26 47
27 40 228
40 27 228
28 56 225
56 28 225
29 51 591
51 29 591
30 38 114
38 30 114
31 46 781
46 31 781
31 43 891
43 31 891
32 44 161
44 32 161
33 34 482
34 33 482
38 40 35
40 38 35
39 48 245
48 39 245
40 57 440
57 40 440
40 54 386
54 40 386
43 53 93
53 43 93
43 46 858
46 43 858
45 46 197
46 45 197
47 55 383
55 47 383
47 54 963
54 47 963
48 61 328
61 48 328
56 59 512
59 56 512
56 61 897
61 56 897
