70

0 1 104
1 0 104
0 4 934
4 0 934
0 11 233
11 0 233
0 39 746
39 0 746
0 59 661
59 0 661
0 1 251
1 0 251
0 69 53
69 0 53
0 4 399
4 0 399
0 29 468
29 0 468
0 15 114
15 0 114
1 2 729
2 1 729
1 3 715
3 1 715
1 8 734
8 1 734
1 13 531
13 1 531
1 21 165
21 1 165
1 32 10
32 1 10
1 54 599
54 1 599
1 39 321
39 1 321
1 56 95
56 1 95
1 50 289
50 1 289
1 59 878
59 1 878
1 25 212
25 1 212
1 38 652
38 1 652
1 49 750
49 1 750
1 12 497
12 1 497
1 61 543
61 1 543
1 67 152
67 1 152
2 6 634
6 2 634
2 17 948
17 2 948
2 22 372
22 2 372
2 69 973
69 2 973
2 41 476
41 2 476
2 67 245
67 2 245
2 23 312
23 2 312
2 60 240
60 2 240
2 24 458
24 2 458
2 61 442
61 2 442
2 50 356
50 2 356
2 24 475
24 2 475
3 29 453
29 3 453
3 30 797
30 3 797
3 43 918
43 3 918
3 67 935
67 3 935
3 4 429
4 3 429
3 9 567
9 3 567
3 37 699
37 3 699
3 22 682
22 3 682
3 21 621
21 3 621
3 60 941
60 3 941
3 46 507
46 3 507
4 5 207
5 4 207
4 7 335
7 4 335
4 9 517
9 4 517
4 12 140
12 4 140
4 25 298
25 4 298
4 36 616
36 4 616
4 34 557
34 4 557
4 39 454
39 4 454
4 55 1
55 4 1
4 55 829
55 4 829
4 19 772
19 4 772
4 9 360
9 4 360
4 47 970
47 4 970
4 6 749
6 4 749
5 10 579
10 5 579
5 64 569
64 5 569
5 66 998
66 5 998
5 46 990
46 5 990
5 68 452
68 5 452
5 10 721
10 5 721
5 28 623
28 5 623
5 56 57
56 5 57
5 52 186
52 5 186
6 20 149
20 6 149
6 25 216
25 6 216
6 52 509
52 6 509
6 60 269
60 6 269
6 7 195
7 6 195
6 21 18
21 6 18
6 47 929
47 6 929
6 44 367
44 6 367
7 18 550
18 7 550
7 28 761
28 7 761
7 49 835
49 7 835
7 58 166
58 7 166
7 8 885
8 7 885
7 54 617
54 7 617
7 47 1000
47 7 1000
7 44 276
44 7 276
7 19 194
19 7 194
7 20 676
20 7 676
7 44 245
44 7 245
7 20 112
20 7 112
7 55 999
55 7 999
7 52 970
52 7 970
7 48 615
48 7 615
7 51 441
51 7 441
7 39 775
39 7 775
8 15 91
15 8 91
8 31 218
31 8 218
8 33 353
33 8 353
8 10 499
10 8 499
8 60 571
60 8 571
8 12 96
12 8 96
8 44 430
44 8 430
8 26 583
26 8 583
8 35 19
35 8 19
8 59 127
59 8 127
9 69 134
69 9 134
9 45 642
45 9 642
9 44 139
44 9 139
9 62 776
62 9 776
9 40 94
40 9 94
9 17 80
17 9 80
9 48 861
48 9 861
9 34 755
34 9 755
9 60 127
60 9 127
9 52 789
52 9 789
9 52 202
52 9 202
10 16 711
16 10 711
10 68 111
68 10 111
10 65 650
65 10 650
10 24 340
24 10 340
10 44 478
44 10 478
10 33 6
33 10 6
10 34 13
34 10 13
10 65 35
65 10 35
10 23 984
23 10 984
11 23 94
23 11 94
11 49 936
49 11 936
11 33 823
33 11 823
11 36 195
36 11 195
11 15 155
15 11 155
11 66 572
66 11 572
11 39 685
39 11 685
11 37 251
37 11 251
11 38 369
38 11 369
11 56 112
56 11 112
12 14 371
14 12 371
12 37 481
37 12 481
12 46 961
46 12 961
12 54 228
54 12 228
12 57 160
57 12 160
12 21 902
21 12 902
12 39 713
39 12 713
13 27 428
27 13 428
13 58 23
58 13 23
13 47 723
47 13 723
13 59 521
59 13 521
13 28 149
28 13 149
13 35 525
35 13 525
13 14 368
14 13 368
13 20 720
20 13 720
13 51 256
51 13 256
13 36 281
36 13 281
14 60 645
60 14 645
14 17 300
17 14 300
14 45 247
45 14 247
14 21 872
21 14 872
14 60 40
60 14 40
14 22 544
22 14 544
15 34 224
34 15 224
15 40 450
40 15 450
15 45 365
45 15 365
15 68 139
68 15 139
15 43 812
43 15 812
15 67 304
67 15 304
15 21 493
21 15 493
16 19 724
19 16 724
16 26 655
26 16 655
16 42 940
42 16 940
16 68 401
68 16 401
16 28 636
28 16 636
16 28 625
28 16 625
16 31 330
31 16 330
16 39 404
39 16 404
16 39 240
39 16 240
16 44 83
44 16 83
16 47 248
47 16 248
17 53 681
53 17 681
17 47 672
47 17 672
17 37 318
37 17 318
17 47 469
47 17 469
17 55 860
55 17 860
17 26 116
26 17 116
17 40 906
40 17 906
17 57 905
57 17 905
17 45 918
45 17 918
17 27 161
27 17 161
17 22 206
22 17 206
17 29 127
29 17 127
18 24 420
24 18 420
18 68 517
68 18 517
18 61 861
61 18 861
18 53 450
53 18 450
18 35 1
35 18 1
18 35 802
35 18 802
19 50 41
50 19 41
19 55 408
55 19 408
19 57 399
57 19 399
19 61 427
61 19 427
19 38 11
38 19 11
19 56 712
56 19 712
19 21 152
21 19 152
19 46 20
46 19 20
19 47 618
47 19 618
19 60 561
60 19 561
19 49 529
49 19 529
19 31 103
31 19 103
20 23 762
23 20 762
20 36 676
36 20 676
20 53 556
53 20 556
20 61 385
61 20 385
20 36 401
36 20 401
20 20 957
20 20 957
20 27 813
27 20 813
20 30 68
30 20 68
20 58 936
58 20 936
20 31 154
31 20 154
20 27 28
27 20 28
20 62 358
62 20 358
21 52 731
52 21 731
21 62 719
62 21 719
21 44 896
44 21 896
21 56 660
56 21 660
21 66 283
66 21 283
21 24 563
24 21 563
21 30 255
30 21 255
21 26 881
26 21 881
21 62 412
62 21 412
21 48 18
48 21 18
21 69 491
69 21 491
21 55 257
55 21 257
21 57 140
57 21 140
21 44 965
44 21 965
21 37 698
37 21 698
22 55 421
55 22 421
22 42 913
42 22 913
22 41 94
41 22 94
22 49 133
49 22 133
22 68 610
68 22 610
22 29 395
29 22 395
23 40 93
40 23 93
23 40 260
40 23 260
23 68 109
68 23 109
23 48 727
48 23 727
23 37 869
37 23 869
23 52 84
52 23 84
23 53 175
53 23 175
24 38 194
38 24 194
24 49 289
49 24 289
24 28 334
28 24 334
24 64 968
64 24 968
24 58 181
58 24 181
24 38 327
38 24 327
24 36 723
36 24 723
24 53 390
53 24 390
25 67 428
67 25 428
25 60 50
60 25 50
25 61 255
61 25 255
25 45 440
45 25 440
25 57 626
57 25 626
25 45 480
45 25 480
25 45 164
45 25 164
26 41 79
41 26 79
26 52 571
52 26 571
26 62 228
62 26 228
26 65 660
65 26 660
26 43 976
43 26 976
26 45 769
45 26 769
26 32 492
32 26 492
26 53 904
53 26 904
26 28 912
28 26 912
27 35 114
35 27 114
27 57 108
57 27 108
27 55 526
55 27 526
27 63 187
63 27 187
27 51 496
51 27 496
28 39 521
39 28 521
28 44 437
44 28 437
28 56 695
56 28 695
28 57 921
57 28 921
28 69 36
69 28 36
28 55 147
55 28 147
28 37 698
37 28 698
28 38 336
38 28 336
28 46 452
46 28 452
28 35 750
35 28 750
28 48 148
48 28 148
29 44 848
44 29 848
29 67 185
67 29 185
30 32 375
32 30 375
30 49 618
49 30 618
30 53 93
53 30 93
30 54 367
54 30 367
30 42 730
42 30 730
30 67 109
67 30 109
31 48 67
48 31 67
31 64 169
64 31 169
31 42 799
42 31 799
31 36 97
36 31 97
31 56 619
56 31 619
32 54 495
54 32 495
32 57 262
57 32 262
32 59 131
59 32 131
32 33 399
33 32 399
33 47 314
47 33 314
33 62 804
62 33 804
33 67 310
67 33 310
33 51 821
51 33 821
34 66 265
66 34 265
34 55 920
55 34 920
34 59 722
59 34 722
34 59 967
59 34 967
34 67 442
67 34 442
35 49 927
49 35 927
35 65 166
65 35 166
36 63 984
63 36 984
36 63 753
63 36 753
36 60 872
60 36 872
36 59 789
59 36 789
37 49 35
49 37 35
37 62 220
62 37 220
37 58 407
58 37 407
38 61 328
61 38 328
38 68 590
68 38 590
38 48 669
48 38 669
39 44 54
44 39 54
39 65 125
65 39 125
39 41 125
41 39 125
39 62 392
62 39 392
40 48 24
48 40 24
40 64 926
64 40 926
40 58 307
58 40 307
40 46 467
46 40 467
40 53 47
53 40 47
40 48 93
48 40 93
41 44 198
44 41 198
41 56 247
56 41 247
41 64 495
64 41 495
41 65 532
65 41 532
41 63 16
63 41 16
42 64 959
64 42 959
43 51 282
51 43 282
43 59 665
59 43 665
43 65 121
65 43 121
43 55 392
55 43 392
43 50 16
50 43 16
43 62 848
62 43 848
44 45 883
45 44 883
44 67 567
67 44 567
45 50 914
50 45 914
45 47 84
47 45 84
45 51 283
51 45 283
46 48 904
48 46 904
46 47 301
47 46 301
46 53 701
53 46 701
47 56 236
56 47 236
47 57 785
57 47 785
48 62 685
62 48 685
48 57 805
57 48 805
49 52 601
52 49 601
49 65 523
65 49 523
50 57 840
57 50 840
50 58 679
58 50 679
50 62 728
62 50 728
50 66 243
66 50 243
50 53 595
53 50 595
50 58 191
58 50 191
50 51 949
51 50 949
50 51 861
51 50 861
50 56 505
56 50 505
51 67 868
67 51 868
51 66 681
66 51 681
51 66 825
66 51 825
51 52 637
52 51 637
51 60 742
60 51 742
52 53 298
53 52 298
52 66 728
66 52 728
52 56 367
56 52 367
53 62 803
62 53 803
54 65 625
65 54 625
54 61 312
61 54 312
55 56 704
56 55 704
55 62 635
62 55 635
55 67 767
67 55 767
55 59 513
59 55 513
56 63 728
63 56 728
58 62 796
62 58 796
58 62 268
62 58 268
59 60 993
60 59 993
59 65 422
65 59 422
59 63 302
63 59 302
60 62 777
62 60 777
60 66 185
66 60 185
61 66 152
66 61 152
62 62 436
62 62 436
64 65 908
65 64 908
65 68 835
68 65 835
66 68 923
68 66 923
67 68 559
68 67 559
