100

0 1 481
1 0 481
0 2 11
2 0 11
0 20 60
20 0 60
0 46 595
46 0 595
0 57 778
57 0 778
0 66 883
66 0 883
0 53 997
53 0 997
0 52 637
52 0 637
0 75 462
75 0 462
0 82 343
82 0 343
0 47 131
47 0 131
0 33 870
33 0 870
0 34 221
34 0 221
0 27 91
27 0 91
0 33 746
33 0 746
0 16 146
16 0 146
0 40 817
40 0 817
0 98 774
98 0 774
0 39 805
39 0 805
0 87 621
87 0 621
0 42 43
42 0 43
0 23 932
23 0 932
0 82 539
82 0 539
0 5 351
5 0 351
1 3 659
3 1 659
1 4 503
4 1 503
1 7 410
7 1 410
1 8 845
8 1 845
1 11 33
11 1 33
1 85 828
85 1 828
1 91 228
91 1 228
1 91 544
91 1 544
1 7 802
7 1 802
1 40 420
40 1 420
1 77 758
77 1 758
1 15 709
15 1 709
1 44 707
44 1 707
1 82 875
82 1 875
1 21 295
21 1 295
1 56 18
56 1 18
1 54 37
54 1 37
1 91 358
91 1 358
1 26 84
26 1 84
1 30 322
30 1 322
1 82 605
82 1 605
1 74 102
74 1 102
1 45 693
45 1 693
1 22 474
22 1 474
2 9 366
9 2 366
2 15 541
15 2 541
2 45 455
45 2 455
2 64 699
64 2 699
2 58 292
58 2 292
2 39 643
39 2 643
2 84 477
84 2 477
2 70 898
70 2 898
2 71 313
71 2 313
2 18 943
18 2 943
2 17 461
17 2 461
2 61 836
61 2 836
2 82 501
82 2 501
2 94 727
94 2 727
2 38 888
38 2 888
2 42 129
42 2 129
2 3 726
3 2 726
2 97 149
97 2 149
2 61 448
61 2 448
3 6 739
6 3 739
3 10 860
10 3 860
3 27 570
27 3 570
3 44 531
44 3 531
3 96 120
96 3 120
3 80 641
80 3 641
3 20 888
20 3 888
3 12 353
12 3 353
3 77 59
77 3 59
3 53 803
53 3 803
3 55 504
55 3 504
3 81 660
81 3 660
3 81 456
81 3 456
3 9 611
9 3 611
3 35 160
35 3 160
3 57 203
57 3 203
3 57 552
57 3 552
3 17 297
17 3 297
3 66 21
66 3 21
3 82 894
82 3 894
3 6 924
6 3 924
3 46 10
46 3 10
3 27 392
27 3 392
3 91 78
91 3 78
3 85 981
85 3 981
3 30 339
30 3 339
4 5 21
5 4 21
4 26 548
26 4 548
4 58 944
58 4 944
4 41 519
41 4 519
4 24 796
24 4 796
4 85 966
85 4 966
4 88 766
88 4 766
4 45 474
45 4 474
4 27 16
27 4 16
4 23 911
23 4 911
4 63 332
63 4 332
4 61 751
61 4 751
4 54 468
54 4 468
4 9 78
9 4 78
4 55 972
55 4 972
4 62 52
62 4 52
4 21 795
21 4 795
4 48 267
48 4 267
4 91 899
91 4 899
4 31 307
31 4 307
4 39 128
39 4 128
5 12 733
12 5 733
5 14 905
14 5 905
5 48 377
48 5 377
5 26 662
26 5 662
5 45 444
45 5 444
5 42 217
42 5 217
5 10 42
10 5 42
5 18 745
18 5 745
5 45 695
45 5 695
5 61 49
61 5 49
5 94 466
94 5 466
5 68 1
68 5 1
6 18 297
18 6 297
6 98 664
98 6 664
6 27 192
27 6 192
6 59 390
59 6 390
6 39 13
39 6 13
6 77 445
77 6 445
6 65 560
65 6 560
6 29 547
29 6 547
6 59 726
59 6 726
6 62 776
62 6 776
6 80 724
80 6 724
6 36 32
36 6 32
6 71 870
71 6 870
6 15 411
15 6 411
7 25 976
25 7 976
7 66 566
66 7 566
7 76 790
76 7 790
7 10 240
10 7 240
7 30 397
30 7 397
7 22 694
22 7 694
7 12 273
12 7 273
7 19 678
19 7 678
7 61 984
61 7 984
7 15 609
15 7 609
7 11 54
11 7 54
7 26 577
26 7 577
7 29 386
29 7 386
7 57 166
57 7 166
7 71 421
71 7 421
8 16 127
16 8 127
8 17 358
17 8 358
8 49 747
49 8 747
8 47 366
47 8 366
8 9 847
9 8 847
8 14 249
14 8 249
8 13 936
13 8 936
8 23 65
23 8 65
8 20 699
20 8 699
8 75 617
75 8 617
8 78 320
78 8 320
8 92 888
92 8 888
8 46 707
46 8 707
8 10 723
10 8 723
8 66 626
66 8 626
8 59 125
59 8 125
9 57 413
57 9 413
9 33 940
33 9 940
9 16 138
16 9 138
9 60 393
60 9 393
9 86 530
86 9 530
9 62 257
62 9 257
9 17 216
17 9 216
9 92 770
92 9 770
9 92 611
92 9 611
9 50 677
50 9 677
10 23 372
23 10 372
10 41 669
41 10 669
10 18 216
18 10 216
10 25 992
25 10 992
10 47 715
47 10 715
10 30 909
30 10 909
10 87 360
87 10 360
10 11 945
11 10 945
10 91 474
91 10 474
10 24 366
24 10 366
10 69 32
69 10 32
10 75 744
75 10 744
10 37 942
37 10 942
10 71 908
71 10 908
10 66 833
66 10 833
11 63 996
63 11 996
11 88 976
88 11 976
11 64 791
64 11 791
11 46 147
46 11 147
11 91 934
91 11 934
11 91 141
91 11 141
11 47 500
47 11 500
11 77 535
77 11 535
11 79 398
79 11 398
11 81 405
81 11 405
11 19 351
19 11 351
11 65 718
65 11 718
12 13 531
13 12 531
12 42 786
42 12 786
12 39 543
39 12 543
12 55 104
55 12 104
12 39 938
39 12 938
12 19 219
19 12 219
12 31 399
31 12 399
12 77 900
77 12 900
12 55 678
55 12 678
12 56 192
56 12 192
12 59 747
59 12 747
12 57 376
57 12 376
12 81 391
81 12 391
13 22 183
22 13 183
13 78 281
78 13 281
13 80 312
80 13 312
13 41 594
41 13 594
13 64 440
64 13 440
13 59 827
59 13 827
13 72 426
72 13 426
13 43 196
43 13 196
13 20 658
20 13 658
13 67 961
67 13 961
13 33 925
33 13 925
13 44 777
44 13 777
13 16 459
16 13 459
13 16 997
16 13 997
13 19 900
19 13 900
13 33 510
33 13 510
13 71 563
71 13 563
13 66 221
66 13 221
13 82 188
82 13 188
13 47 15
47 13 15
14 19 672
19 14 672
14 32 300
32 14 300
14 75 541
75 14 541
14 15 605
15 14 605
14 70 406
70 14 406
14 81 932
81 14 932
14 41 834
41 14 834
14 31 74
31 14 74
15 21 327
21 15 327
15 28 451
28 15 451
15 97 578
97 15 578
15 69 308
69 15 308
15 37 430
37 15 430
15 60 807
60 15 807
15 27 588
27 15 588
15 66 645
66 15 645
15 75 621
75 15 621
15 66 419
66 15 419
15 59 648
59 15 648
15 62 47
62 15 47
15 67 903
67 15 903
16 35 548
35 16 548
16 55 358
55 16 358
16 38 63
38 16 63
16 53 807
53 16 807
16 54 837
54 16 837
16 54 484
54 16 484
16 98 653
98 16 653
16 16 749
16 16 749
16 21 497
21 16 497
16 56 626
56 16 626
16 68 995
68 16 995
16 61 416
61 16 416
16 38 284
38 16 284
16 87 398
87 16 398
16 51 505
51 16 505
16 67 803
67 16 803
16 27 746
27 16 746
16 17 60
17 16 60
16 94 232
94 16 232
16 72 753
72 16 753
17 19 763
19 17 763
17 24 106
24 17 106
17 33 756
33 17 756
17 52 79
52 17 79
17 54 776
54 17 776
17 93 456
93 17 456
17 60 830
60 17 830
17 44 318
44 17 318
17 81 819
81 17 819
17 20 460
20 17 460
17 65 258
65 17 258
17 35 93
35 17 93
17 54 139
54 17 139
17 42 377
42 17 377
17 53 671
53 17 671
17 60 118
60 17 118
17 78 105
78 17 105
18 33 614
33 18 614
18 71 460
71 18 460
18 91 97
91 18 97
18 23 686
23 18 686
18 98 672
98 18 672
18 90 217
90 18 217
18 32 154
32 18 154
18 91 213
91 18 213
18 75 308
75 18 308
18 95 934
95 18 934
18 66 310
66 18 310
19 36 372
36 19 372
19 39 507
39 19 507
19 25 619
25 19 619
19 50 81
50 19 81
19 46 929
46 19 929
19 70 504
70 19 504
19 76 69
76 19 69
19 85 220
85 19 220
19 49 461
49 19 461
19 92 530
92 19 530
19 62 851
62 19 851
19 32 900
32 19 900
19 40 687
40 19 687
20 29 206
29 20 206
20 53 471
53 20 471
20 84 507
84 20 507
20 62 271
62 20 271
20 73 666
73 20 666
20 47 683
47 20 683
20 21 214
21 20 214
20 83 732
83 20 732
20 91 100
91 20 100
20 46 813
46 20 813
20 62 465
62 20 465
20 42 368
42 20 368
20 74 719
74 20 719
20 55 713
55 20 713
20 20 638
20 20 638
20 58 267
58 20 267
20 40 915
40 20 915
20 51 723
51 20 723
20 63 185
63 20 185
20 49 539
49 20 539
20 24 216
24 20 216
21 37 272
37 21 272
21 40 954
40 21 954
21 32 179
32 21 179
21 42 715
42 21 715
21 76 960
76 21 960
21 41 840
41 21 840
21 60 268
60 21 268
21 49 275
49 21 275
21 31 267
31 21 267
21 68 237
68 21 237
21 81 271
81 21 271
21 41 971
41 21 971
22 28 756
28 22 756
22 32 239
32 22 239
22 41 217
41 22 217
22 95 242
95 22 242
22 30 681
30 22 681
22 33 998
33 22 998
22 88 122
88 22 122
22 49 588
49 22 588
22 43 415
43 22 415
22 28 992
28 22 992
22 64 536
64 22 536
22 72 428
72 22 428
22 38 140
38 22 140
22 90 71
90 22 71
22 45 109
45 22 109
23 75 29
75 23 29
23 58 620
58 23 620
23 65 774
65 23 774
23 90 865
90 23 865
23 67 100
67 23 100
23 35 587
35 23 587
23 83 170
83 23 170
23 40 687
40 23 687
23 95 433
95 23 433
23 69 262
69 23 262
23 92 297
92 23 297
24 31 893
31 24 893
24 87 176
87 24 176
24 52 349
52 24 349
24 82 889
82 24 889
24 98 638
98 24 638
24 58 897
58 24 897
24 87 389
87 24 389
24 68 750
68 24 750
24 69 560
69 24 560
25 92 232
92 25 232
25 83 981
83 25 981
25 79 37
79 25 37
25 62 814
62 25 814
25 66 966
66 25 966
25 35 571
35 25 571
25 55 581
55 25 581
25 79 95
79 25 95
25 31 964
31 25 964
25 30 792
30 25 792
26 34 748
34 26 748
26 94 927
94 26 927
26 78 489
78 26 489
26 58 987
58 26 987
26 29 406
29 26 406
26 30 862
30 26 862
26 98 167
98 26 167
26 42 295
42 26 295
26 63 568
63 26 568
26 72 380
72 26 380
26 93 918
93 26 918
26 88 106
88 26 106
27 99 170
99 27 170
27 30 814
30 27 814
27 69 427
69 27 427
27 48 187
48 27 187
27 46 564
46 27 564
27 59 465
59 27 465
27 46 933
46 27 933
27 97 61
97 27 61
28 39 810
39 28 810
28 57 145
57 28 145
28 60 549
60 28 549
28 88 967
88 28 967
28 52 825
52 28 825
28 54 903
54 28 903
28 43 512
43 28 512
28 32 774
32 28 774
28 77 51
77 28 51
28 79 867
79 28 867
28 54 668
54 28 668
28 95 445
95 28 445
29 30 59
30 29 59
29 72 235
72 29 235
29 94 267
94 29 267
29 54 372
54 29 372
29 60 856
60 29 856
29 89 944
89 29 944
29 66 570
66 29 570
29 62 577
62 29 577
29 60 184
60 29 184
29 90 252
90 29 252
29 77 252
77 29 252
29 77 744
77 29 744
30 50 14
50 30 14
30 90 926
90 30 926
30 87 210
87 30 210
30 89 689
89 30 689
30 77 639
77 30 639
30 95 161
95 30 161
30 68 522
68 30 522
30 47 99
47 30 99
30 94 246
94 30 246
30 96 538
96 30 538
30 85 342
85 30 342
30 84 491
84 30 491
31 56 892
56 31 892
31 77 782
77 31 782
31 56 689
56 31 689
31 99 506
99 31 506
31 69 997
69 31 997
31 69 91
69 31 91
31 71 656
71 31 656
31 38 763
38 31 763
31 59 859
59 31 859
31 75 123
75 31 123
31 84 796
84 31 796
31 39 503
39 31 503
31 75 335
75 31 335
31 72 725
72 31 725
31 74 703
74 31 703
31 75 640
75 31 640
31 61 974
61 31 974
32 76 811
76 32 811
32 86 477
86 32 477
32 77 602
77 32 602
32 47 479
47 32 479
32 71 691
71 32 691
32 67 674
67 32 674
32 71 760
71 32 760
33 87 63
87 33 63
33 58 645
58 33 645
33 57 652
57 33 652
33 61 816
61 33 816
33 81 772
81 33 772
33 63 929
63 33 929
33 61 453
61 33 453
33 35 371
35 33 371
33 42 597
42 33 597
33 77 795
77 33 795
33 95 690
95 33 690
33 57 630
57 33 630
34 61 390
61 34 390
34 75 919
75 34 919
34 60 584
60 34 584
34 44 761
44 34 761
34 89 974
89 34 974
35 90 773
90 35 773
35 35 289
35 35 289
35 64 338
64 35 338
35 60 369
60 35 369
35 65 554
65 35 554
36 47 102
47 36 102
36 71 484
71 36 484
36 59 290
59 36 290
36 68 690
68 36 690
36 71 301
71 36 301
36 45 564
45 36 564
36 42 80
42 36 80
36 47 805
47 36 805
37 38 15
38 37 15
37 41 84
41 37 84
37 56 930
56 37 930
37 80 236
80 37 236
37 64 466
64 37 466
37 84 716
84 37 716
37 89 953
89 37 953
37 93 95
93 37 95
37 45 274
45 37 274
37 68 427
68 37 427
37 86 707
86 37 707
37 94 177
94 37 177
37 90 628
90 37 628
37 85 71
85 37 71
38 43 576
43 38 576
38 67 296
67 38 296
38 95 982
95 38 982
38 63 857
63 38 857
38 84 751
84 38 751
38 68 320
68 38 320
38 67 524
67 38 524
38 78 374
78 38 374
38 97 461
97 38 461
38 49 199
49 38 199
38 92 954
92 38 954
38 98 111
98 38 111
39 49 719
49 39 719
39 61 980
61 39 980
39 86 790
86 39 790
39 77 734
77 39 734
39 80 129
80 39 129
39 74 86
74 39 86
39 84 153
84 39 153
39 73 617
73 39 617
39 66 3
66 39 3
39 47 660
47 39 660
39 79 88
79 39 88
39 53 419
53 39 419
40 66 452
66 40 452
40 56 213
56 40 213
40 80 81
80 40 81
40 98 51
98 40 51
40 52 192
52 40 192
40 47 38
47 40 38
40 82 858
82 40 858
40 74 875
74 40 875
40 86 375
86 40 375
41 74 979
74 41 979
41 61 654
61 41 654
41 76 865
76 41 865
41 76 998
76 41 998
42 82 245
82 42 245
42 51 128
51 42 128
42 52 513
52 42 513
42 72 174
72 42 174
42 55 256
55 42 256
42 58 312
58 42 312
42 91 567
91 42 567
43 83 424
83 43 424
43 99 162
99 43 162
43 48 911
48 43 911
43 83 880
83 43 880
43 97 492
97 43 492
43 79 344
79 43 344
44 49 109
49 44 109
44 80 466
80 44 466
44 67 506
67 44 506
44 83 50
83 44 50
44 84 915
84 44 915
44 60 861
60 44 861
44 63 902
63 44 902
44 55 167
55 44 167
44 47 689
47 44 689
44 57 691
57 44 691
44 95 365
95 44 365
44 69 242
69 44 242
44 63 932
63 44 932
44 69 699
69 44 699
45 62 722
62 45 722
45 99 547
99 45 547
45 99 279
99 45 279
45 78 934
78 45 934
45 70 841
70 45 841
45 49 435
49 45 435
45 67 754
67 45 754
46 59 551
59 46 551
46 75 230
75 46 230
46 63 13
63 46 13
46 64 666
64 46 666
46 92 300
92 46 300
46 76 879
76 46 879
46 64 965
64 46 965
46 55 608
55 46 608
46 81 452
81 46 452
46 85 886
85 46 886
46 52 884
52 46 884
46 78 191
78 46 191
46 94 956
94 46 956
46 71 348
71 46 348
46 83 269
83 46 269
47 93 414
93 47 414
47 82 691
82 47 691
47 74 963
74 47 963
47 52 141
52 47 141
47 60 553
60 47 553
47 78 76
78 47 76
47 53 749
53 47 749
48 66 286
66 48 286
48 69 196
69 48 196
48 56 843
56 48 843
48 55 899
55 48 899
48 67 831
67 48 831
49 90 437
90 49 437
49 61 298
61 49 298
49 91 792
91 49 792
49 89 313
89 49 313
49 50 968
50 49 968
49 52 830
52 49 830
49 82 182
82 49 182
50 51 501
51 50 501
50 83 509
83 50 509
50 86 330
86 50 330
50 68 71
68 50 71
50 79 113
79 50 113
50 74 958
74 50 958
51 66 891
66 51 891
51 79 14
79 51 14
51 64 294
64 51 294
51 68 87
68 51 87
51 60 760
60 51 760
51 98 136
98 51 136
51 73 52
73 51 52
51 91 949
91 51 949
51 53 815
53 51 815
51 74 28
74 51 28
52 94 271
94 52 271
52 67 866
67 52 866
52 62 727
62 52 727
52 67 674
67 52 674
52 87 913
87 52 913
52 57 522
57 52 522
53 81 520
81 53 520
53 59 767
59 53 767
53 73 765
73 53 765
54 64 423
64 54 423
54 68 438
68 54 438
54 69 554
69 54 554
54 72 134
72 54 134
54 79 661
79 54 661
54 72 165
72 54 165
54 93 233
93 54 233
55 58 320
58 55 320
55 82 289
82 55 289
55 99 825
99 55 825
55 73 918
73 55 918
55 81 492
81 55 492
55 99 624
99 55 624
55 59 416
59 55 416
55 97 954
97 55 954
55 89 254
89 55 254
55 61 249
61 55 249
56 69 796
69 56 796
56 88 544
88 56 544
56 89 891
89 56 891
56 96 160
96 56 160
56 70 235
70 56 235
56 99 434
99 56 434
56 69 435
69 56 435
57 82 75
82 57 75
58 96 802
96 58 802
58 86 447
86 58 447
58 72 176
72 58 176
58 68 439
68 58 439
58 89 715
89 58 715
58 77 899
77 58 899
58 78 714
78 58 714
58 76 650
76 58 650
58 75 688
75 58 688
58 94 691
94 58 691
58 75 984
75 58 984
59 60 867
60 59 867
59 62 857
62 59 857
59 65 798
65 59 798
59 74 165
74 59 165
59 63 761
63 59 761
59 70 109
70 59 109
59 90 639
90 59 639
59 96 125
96 59 125
59 66 481
66 59 481
59 69 556
69 59 556
60 75 359
75 60 359
60 74 747
74 60 747
60 72 716
72 60 716
60 74 603
74 60 603
61 64 381
64 61 381
61 73 598
73 61 598
61 84 734
84 61 734
61 64 499
64 61 499
61 76 342
76 61 342
61 94 167
94 61 167
61 69 574
69 61 574
61 81 831
81 61 831
61 96 679
96 61 679
61 67 355
67 61 355
62 97 273
97 62 273
62 97 928
97 62 928
62 93 121
93 62 121
63 73 674
73 63 674
63 79 495
79 63 495
63 86 108
86 63 108
64 70 962
70 64 962
64 93 977
93 64 977
64 87 838
87 64 838
64 93 783
93 64 783
64 84 545
84 64 545
64 90 412
90 64 412
64 70 989
70 64 989
64 67 776
67 64 776
65 94 633
94 65 633
65 67 923
67 65 923
65 84 870
84 65 870
65 71 285
71 65 285
66 73 12
73 66 12
66 68 997
68 66 997
66 66 494
66 66 494
66 79 684
79 66 684
67 82 60
82 67 60
67 84 491
84 67 491
67 78 403
78 67 403
68 91 222
91 68 222
68 99 75
99 68 75
68 98 621
98 68 621
68 74 591
74 68 591
68 97 109
97 68 109
68 92 80
92 68 80
68 70 684
70 68 684
68 75 747
75 68 747
69 75 794
75 69 794
69 95 907
95 69 907
69 76 227
76 69 227
69 98 397
98 69 397
69 77 702
77 69 702
69 72 99
72 69 99
69 79 813
79 69 813
70 70 310
70 70 310
70 75 339
75 70 339
71 97 249
97 71 249
71 87 741
87 71 741
71 85 426
85 71 426
72 83 739
83 72 739
72 98 389
98 72 389
72 99 22
99 72 22
72 90 169
90 72 169
73 94 326
94 73 326
74 83 766
83 74 766
74 80 838
80 74 838
74 87 466
87 74 466
74 78 308
78 74 308
75 91 221
91 75 221
75 97 900
97 75 900
75 99 814
99 75 814
77 97 695
97 77 695
77 77 963
77 77 963
77 91 40
91 77 40
78 91 800
91 78 800
79 89 873
89 79 873
79 79 753
79 79 753
79 90 476
90 79 476
80 92 8
92 80 8
80 85 95
85 80 95
80 85 927
85 80 927
81 91 280
91 81 280
81 98 829
98 81 829
81 98 434
98 81 434
82 94 18
94 82 18
82 84 879
84 82 879
82 83 391
83 82 391
83 84 27
84 83 27
84 94 537
94 84 537
84 93 889
93 84 889
85 89 213
89 85 213
85 88 258
88 85 258
85 92 739
92 85 739
88 95 755
95 88 755
88 94 629
94 88 629
88 92 900
92 88 900
89 89 356
89 89 356
90 98 375
98 90 375
90 96 926
96 90 926
94 98 720
98 94 720
