88

0 1 440
1 0 440
0 2 516
2 0 516
0 12 561
12 0 561
0 15 856
15 0 856
0 19 529
19 0 529
0 27 276
27 0 276
0 32 813
32 0 813
0 49 916
49 0 916
0 82 285
82 0 285
1 3 911
3 1 911
1 4 77
4 1 77
1 5 792
5 1 792
1 8 172
8 1 172
1 40 16
40 1 16
1 64 77
64 1 77
1 69 823
69 1 823
1 52 805
52 1 805
1 65 989
65 1 989
2 38 687
38 2 687
2 63 8
63 2 8
2 75 379
75 2 379
2 69 26
69 2 26
2 14 166
14 2 166
3 7 80
7 3 80
3 14 837
14 3 837
3 31 40
31 3 40
3 7 804
7 3 804
3 55 606
55 3 606
4 6 460
6 4 460
4 11 327
11 4 327
4 73 29
73 4 29
4 64 310
64 4 310
5 20 811
20 5 811
5 21 648
21 5 648
5 24 394
24 5 394
5 82 214
82 5 214
6 9 521
9 6 521
6 13 630
13 6 630
6 59 795
59 6 795
7 10 995
10 7 995
7 18 101
18 7 101
7 22 875
22 7 875
7 26 581
26 7 581
7 75 163
75 7 163
7 22 522
22 7 522
7 17 192
17 7 192
7 14 112
14 7 112
7 43 207
43 7 207
8 16 716
16 8 716
8 64 781
64 8 781
8 19 798
19 8 798
8 34 721
34 8 721
9 43 347
43 9 347
9 50 577
50 9 577
9 79 818
79 9 818
10 25 81
25 10 81
10 36 497
36 10 497
11 66 977
66 11 977
11 80 868
80 11 868
11 76 727
76 11 727
11 38 699
38 11 699
12 17 934
17 12 934
12 20 246
20 12 246
12 39 962
39 12 962
13 30 589
30 13 589
13 41 113
41 13 113
14 65 997
65 14 997
15 29 794
29 15 794
15 42 777
42 15 777
15 32 666
32 15 666
15 87 830
87 15 830
15 27 346
27 15 346
16 34 560
34 16 560
16 17 263
17 16 263
16 42 81
42 16 81
17 62 841
62 17 841
17 69 740
69 17 740
17 43 912
43 17 912
18 27 389
27 18 389
18 60 33
60 18 33
18 77 136
77 18 136
18 56 925
56 18 925
18 82 374
82 18 374
19 66 188
66 19 188
20 23 477
23 20 477
20 35 714
35 20 714
20 86 552
86 20 552
21 39 82
39 21 82
21 57 819
57 21 819
21 74 721
74 21 721
21 48 286
48 21 286
22 28 336
28 22 336
22 51 642
51 22 642
22 26 112
26 22 112
23 33 656
33 23 656
23 44 922
44 23 922
23 49 187
49 23 187
23 76 165
76 23 165
23 60 830
60 23 830
24 65 550
65 24 550
24 26 793
26 24 793
24 49 195
49 24 195
25 38 111
38 25 111
25 81 436
81 25 436
25 45 849
45 25 849
26 29 318
29 26 318
26 48 16
48 26 16
27 51 430
51 27 430
27 47 632
47 27 632
27 58 865
58 27 865
28 43 109
43 28 109
28 40 539
40 28 539
28 71 25
71 28 25
29 56 140
56 29 140
31 46 514
46 31 514
32 48 795
48 32 795
32 35 217
35 32 217
33 74 449
74 33 449
33 86 393
86 33 393
33 55 522
55 33 522
34 52 419
52 34 419
34 84 305
84 34 305
34 37 469
37 34 469
34 51 620
51 34 620
34 71 223
71 34 223
35 37 648
37 35 648
35 54 483
54 35 483
36 60 427
60 36 427
36 54 230
54 36 230
36 79 267
79 36 267
37 45 346
45 37 346
37 82 950
82 37 950
37 63 193
63 37 193
37 81 974
81 37 974
38 46 246
46 38 246
38 77 639
77 38 639
39 71 175
71 39 175
40 47 114
47 40 114
41 85 69
85 41 69
42 75 539
75 42 539
42 71 866
71 42 866
42 87 644
87 42 644
43 54 733
54 43 733
43 61 718
61 43 718
43 80 324
80 43 324
44 57 188
57 44 188
44 86 530
86 44 530
44 53 273
53 44 273
45 47 500
47 45 500
45 54 131
54 45 131
47 70 170
70 47 170
48 54 597
54 48 597
49 87 969
87 49 969
50 53 497
53 50 497
50 58 663
58 50 663
50 63 491
63 50 491
50 70 634
70 50 634
50 78 25
78 50 25
50 85 893
85 50 893
51 55 372
55 51 372
51 72 911
72 51 911
51 78 836
78 51 836
51 76 134
76 51 134
51 67 513
67 51 513
52 57 303
57 52 303
53 83 933
83 53 933
56 78 810
78 56 810
57 61 240
61 57 240
58 72 958
72 58 958
58 66 936
66 58 936
58 70 334
70 58 334
59 77 185
77 59 185
60 67 745
67 60 745
60 86 327
86 60 327
60 78 560
78 60 560
61 82 35
82 61 35
61 63 28
63 61 28
61 71 501
71 61 501
62 85 834
85 62 834
64 71 445
71 64 445
65 79 7
79 65 7
66 76 465
76 66 465
66 83 496
83 66 496
67 68 328
68 67 328
69 76 673
76 69 673
70 78 247
78 70 247
71 85 325
85 71 325
71 84 938
84 71 938
72 79 642
79 72 642
76 79 283
79 76 283
78 85 357
85 78 357
