13

0 1 822
1 0 822
0 2 768
2 0 768
0 5 797
5 0 797
0 1 297
1 0 297
0 8 21
8 0 21
1 3 250
3 1 250
1 4 970
4 1 970
1 10 671
10 1 671
1 6 50
6 1 50
1 5 381
5 1 381
1 8 197
8 1 197
2 7 936
7 2 936
2 3 215
3 2 215
3 9 324
9 3 324
3 10 853
10 3 853
3 4 50
4 3 50
3 12 916
12 3 916
3 10 222
10 3 222
3 7 897
7 3 897
3 8 239
8 3 239
4 12 212
12 4 212
4 8 310
8 4 310
4 12 767
12 4 767
4 9 504
9 4 504
5 6 142
6 5 142
5 7 256
7 5 256
5 8 912
8 5 912
5 10 403
10 5 403
8 9 224
9 8 224
9 10 602
10 9 602
10 11 362
11 10 362
10 12 157
12 10 157
11 12 11
12 11 11
