94

0 1 426
1 0 426
0 18 502
18 0 502
0 69 225
69 0 225
0 47 336
47 0 336
0 49 435
49 0 435
0 11 965
11 0 965
0 48 766
48 0 766
0 51 936
51 0 936
1 2 292
2 1 292
1 3 666
3 1 666
1 8 817
8 1 817
1 25 414
25 1 414
1 78 878
78 1 878
1 47 519
47 1 519
1 83 7
83 1 7
1 85 154
85 1 154
1 14 646
14 1 646
1 24 495
24 1 495
1 23 892
23 1 892
1 79 700
79 1 700
2 43 922
43 2 922
2 35 925
35 2 925
2 71 321
71 2 321
2 20 613
20 2 613
2 68 163
68 2 163
2 72 932
72 2 932
2 41 422
41 2 422
2 50 729
50 2 729
2 73 801
73 2 801
3 4 162
4 3 162
3 7 837
7 3 837
3 28 112
28 3 112
3 53 318
53 3 318
3 43 810
43 3 810
3 71 662
71 3 662
3 77 96
77 3 96
3 42 477
42 3 477
3 10 463
10 3 463
3 68 932
68 3 932
4 5 817
5 4 817
4 6 672
6 4 672
4 9 748
9 4 748
4 16 386
16 4 386
4 47 770
47 4 770
4 56 921
56 4 921
4 45 491
45 4 491
4 66 299
66 4 299
4 45 940
45 4 940
4 62 548
62 4 548
4 72 786
72 4 786
4 9 65
9 4 65
4 81 677
81 4 677
4 89 537
89 4 537
5 13 459
13 5 459
5 34 103
34 5 103
5 73 293
73 5 293
5 82 843
82 5 843
5 76 118
76 5 118
5 81 944
81 5 944
6 15 479
15 6 479
6 42 510
42 6 510
6 17 4
17 6 4
6 70 16
70 6 16
6 38 693
38 6 693
6 81 339
81 6 339
6 90 651
90 6 651
7 24 175
24 7 175
7 91 889
91 7 889
7 26 7
26 7 7
7 73 912
73 7 912
7 58 519
58 7 519
7 87 746
87 7 746
7 38 305
38 7 305
8 10 795
10 8 795
8 12 737
12 8 737
8 17 890
17 8 890
8 26 49
26 8 49
8 34 16
34 8 16
8 48 979
48 8 979
8 50 244
50 8 244
8 91 447
91 8 447
8 18 583
18 8 583
8 89 368
89 8 368
8 86 113
86 8 113
8 83 295
83 8 295
9 11 108
11 9 108
9 20 420
20 9 420
9 55 99
55 9 99
9 80 474
80 9 474
9 65 239
65 9 239
9 35 259
35 9 259
9 13 868
13 9 868
9 76 326
76 9 326
9 70 848
70 9 848
9 27 151
27 9 151
9 29 139
29 9 139
9 15 296
15 9 296
9 38 508
38 9 508
9 40 422
40 9 422
9 81 410
81 9 410
10 83 421
83 10 421
10 22 660
22 10 660
10 41 570
41 10 570
10 80 902
80 10 902
10 58 732
58 10 732
10 13 687
13 10 687
10 38 439
38 10 439
10 86 859
86 10 859
10 11 904
11 10 904
11 65 859
65 11 859
11 70 814
70 11 814
11 64 309
64 11 309
11 57 819
57 11 819
11 14 489
14 11 489
11 19 696
19 11 696
11 34 16
34 11 16
12 14 275
14 12 275
12 69 551
69 12 551
12 56 464
56 12 464
12 66 507
66 12 507
12 63 752
63 12 752
12 48 720
48 12 720
13 23 381
23 13 381
13 36 103
36 13 103
13 92 912
92 13 912
13 44 139
44 13 139
13 71 54
71 13 54
13 64 599
64 13 599
13 21 55
21 13 55
13 53 982
53 13 982
13 13 835
13 13 835
13 31 601
31 13 601
14 30 388
30 14 388
14 41 871
41 14 871
14 76 650
76 14 650
14 49 150
49 14 150
14 60 399
60 14 399
14 81 422
81 14 422
14 28 251
28 14 251
14 59 338
59 14 338
14 33 396
33 14 396
14 39 250
39 14 250
14 66 22
66 14 22
14 37 94
37 14 94
14 25 465
25 14 465
14 30 667
30 14 667
15 21 516
21 15 516
15 27 185
27 15 185
15 32 766
32 15 766
15 57 948
57 15 948
15 86 245
86 15 245
15 72 816
72 15 816
16 22 754
22 16 754
16 29 800
29 16 800
16 45 865
45 16 865
16 74 857
74 16 857
16 25 958
25 16 958
16 39 77
39 16 77
16 53 311
53 16 311
16 51 544
51 16 544
16 45 508
45 16 508
16 57 732
57 16 732
16 26 902
26 16 902
16 31 107
31 16 107
16 42 844
42 16 844
16 67 400
67 16 400
16 58 504
58 16 504
17 37 168
37 17 168
17 40 54
40 17 54
17 31 145
31 17 145
17 70 282
70 17 282
17 62 761
62 17 761
17 85 358
85 17 358
17 88 84
88 17 84
17 61 105
61 17 105
17 79 709
79 17 709
18 19 300
19 18 300
18 51 346
51 18 346
18 60 591
60 18 591
18 79 679
79 18 679
18 88 93
88 18 93
18 93 777
93 18 777
18 22 127
22 18 127
18 93 604
93 18 604
18 24 141
24 18 141
18 65 52
65 18 52
19 53 831
53 19 831
19 69 757
69 19 757
19 21 151
21 19 151
19 40 666
40 19 666
20 72 919
72 20 919
20 66 279
66 20 279
20 87 970
87 20 970
20 30 117
30 20 117
20 70 423
70 20 423
20 58 669
58 20 669
20 26 34
26 20 34
20 29 371
29 20 371
20 62 818
62 20 818
20 86 699
86 20 699
20 28 218
28 20 218
20 76 745
76 20 745
21 68 339
68 21 339
21 31 820
31 21 820
21 48 983
48 21 983
21 74 883
74 21 883
21 83 392
83 21 392
21 32 338
32 21 338
21 73 601
73 21 601
22 54 341
54 22 341
22 91 172
91 22 172
22 46 664
46 22 664
22 93 631
93 22 631
22 46 710
46 22 710
22 47 157
47 22 157
22 30 265
30 22 265
22 55 361
55 22 361
22 75 843
75 22 843
23 59 148
59 23 148
23 81 616
81 23 616
23 90 321
90 23 321
23 75 508
75 23 508
23 47 776
47 23 776
23 84 843
84 23 843
23 48 158
48 23 158
23 62 784
62 23 784
23 88 893
88 23 893
23 68 529
68 23 529
23 54 345
54 23 345
24 82 297
82 24 297
24 38 962
38 24 962
24 25 956
25 24 956
24 59 720
59 24 720
25 62 638
62 25 638
25 43 4
43 25 4
25 44 351
44 25 351
25 60 973
60 25 973
25 33 690
33 25 690
26 58 946
58 26 946
26 35 373
35 26 373
26 51 772
51 26 772
26 60 199
60 26 199
26 29 631
29 26 631
26 27 267
27 26 267
26 53 746
53 26 746
26 30 156
30 26 156
26 39 388
39 26 388
27 31 864
31 27 864
27 31 202
31 27 202
27 86 595
86 27 595
27 46 731
46 27 731
27 72 174
72 27 174
27 65 307
65 27 307
27 84 331
84 27 331
28 33 137
33 28 137
28 40 463
40 28 463
28 74 616
74 28 616
28 34 185
34 28 185
28 84 208
84 28 208
29 39 889
39 29 889
29 61 631
61 29 631
29 93 346
93 29 346
29 93 935
93 29 935
29 31 676
31 29 676
29 43 224
43 29 224
29 93 757
93 29 757
30 67 993
67 30 993
30 52 181
52 30 181
30 33 187
33 30 187
31 35 186
35 31 186
31 69 24
69 31 24
31 50 58
50 31 58
32 38 768
38 32 768
32 46 221
46 32 221
32 83 694
83 32 694
32 67 502
67 32 502
32 49 198
49 32 198
32 40 120
40 32 120
33 65 933
65 33 933
33 60 70
60 33 70
33 91 285
91 33 285
33 59 555
59 33 555
33 43 916
43 33 916
33 60 809
60 33 809
33 35 577
35 33 577
34 44 330
44 34 330
34 70 116
70 34 116
34 61 682
61 34 682
34 73 365
73 34 365
34 81 535
81 34 535
34 61 322
61 34 322
34 62 519
62 34 519
34 63 746
63 34 746
34 91 772
91 34 772
34 41 855
41 34 855
35 71 514
71 35 514
36 92 786
92 36 786
36 80 677
80 36 677
36 89 439
89 36 439
36 59 792
59 36 792
36 77 634
77 36 634
36 46 125
46 36 125
37 41 922
41 37 922
37 70 785
70 37 785
37 65 633
65 37 633
37 57 627
57 37 627
37 87 13
87 37 13
38 87 442
87 38 442
38 48 594
48 38 594
38 69 261
69 38 261
39 51 155
51 39 155
39 66 813
66 39 813
39 50 186
50 39 186
39 69 748
69 39 748
39 47 33
47 39 33
39 49 548
49 39 548
39 64 382
64 39 382
39 73 106
73 39 106
40 80 107
80 40 107
40 68 157
68 40 157
40 41 9
41 40 9
41 63 384
63 41 384
41 88 108
88 41 108
41 93 228
93 41 228
41 82 935
82 41 935
41 54 706
54 41 706
41 44 404
44 41 404
41 63 288
63 41 288
41 67 488
67 41 488
41 59 690
59 41 690
42 85 679
85 42 679
42 49 197
49 42 197
42 62 929
62 42 929
42 87 352
87 42 352
42 89 133
89 42 133
42 44 85
44 42 85
42 55 679
55 42 679
42 91 404
91 42 404
43 69 39
69 43 39
43 84 875
84 43 875
43 90 430
90 43 430
43 82 302
82 43 302
43 76 992
76 43 992
44 67 2
67 44 2
44 72 85
72 44 85
44 85 71
85 44 71
44 82 880
82 44 880
44 52 411
52 44 411
44 55 784
55 44 784
45 83 719
83 45 719
45 62 234
62 45 234
45 54 415
54 45 415
45 58 935
58 45 935
46 49 353
49 46 353
46 66 898
66 46 898
46 78 169
78 46 169
46 87 994
87 46 994
46 55 829
55 46 829
47 52 780
52 47 780
47 66 678
66 47 678
47 54 940
54 47 940
47 78 328
78 47 328
48 59 967
59 48 967
48 53 667
53 48 667
49 78 654
78 49 654
49 74 149
74 49 149
49 91 857
91 49 857
49 67 540
67 49 540
50 58 31
58 50 31
50 70 12
70 50 12
50 70 452
70 50 452
50 78 179
78 50 179
50 66 538
66 50 538
50 72 799
72 50 799
51 73 796
73 51 796
51 73 198
73 51 198
52 66 678
66 52 678
52 66 813
66 52 813
53 61 349
61 53 349
53 79 51
79 53 51
53 64 222
64 53 222
53 60 170
60 53 170
53 55 272
55 53 272
53 89 122
89 53 122
54 77 948
77 54 948
54 57 109
57 54 109
54 84 612
84 54 612
55 89 434
89 55 434
55 87 601
87 55 601
55 70 486
70 55 486
55 80 215
80 55 215
56 64 800
64 56 800
56 83 305
83 56 305
56 72 287
72 56 287
56 88 857
88 56 857
56 73 427
73 56 427
57 60 654
60 57 654
57 75 704
75 57 704
57 68 990
68 57 990
57 66 598
66 57 598
57 78 851
78 57 851
57 82 571
82 57 571
57 69 590
69 57 590
57 69 184
69 57 184
58 86 95
86 58 95
58 62 794
62 58 794
58 88 981
88 58 981
59 88 381
88 59 381
59 65 467
65 59 467
59 72 310
72 59 310
59 92 404
92 59 404
59 90 572
90 59 572
59 74 413
74 59 413
60 64 792
64 60 792
60 71 902
71 60 902
60 71 990
71 60 990
60 79 896
79 60 896
60 79 922
79 60 922
61 74 138
74 61 138
61 81 773
81 61 773
62 63 475
63 62 475
62 90 986
90 62 986
62 83 981
83 62 981
62 68 962
68 62 962
63 76 820
76 63 820
64 77 542
77 64 542
64 89 217
89 64 217
64 84 176
84 64 176
64 76 260
76 64 260
65 93 43
93 65 43
68 85 977
85 68 977
68 74 570
74 68 570
69 81 663
81 69 663
69 87 268
87 69 268
69 74 710
74 69 710
70 78 713
78 70 713
70 79 259
79 70 259
71 79 433
79 71 433
71 87 468
87 71 468
71 75 329
75 71 329
72 73 708
73 72 708
72 73 308
73 72 308
72 89 759
89 72 759
73 82 437
82 73 437
74 77 346
77 74 346
74 86 101
86 74 101
74 79 549
79 74 549
75 93 596
93 75 596
75 86 473
86 75 473
76 91 659
91 76 659
77 86 649
86 77 649
77 78 578
78 77 578
77 80 445
80 77 445
78 85 935
85 78 935
81 85 587
85 81 587
81 88 792
88 81 792
81 91 78
91 81 78
81 93 292
93 81 292
83 93 892
93 83 892
85 93 305
93 85 305
85 88 470
88 85 470
86 90 384
90 86 384
87 93 23
93 87 23
88 93 304
93 88 304
90 93 950
93 90 950
91 93 539
93 91 539
91 91 440
91 91 440
