76

0 1 710
1 0 710
0 2 777
2 0 777
0 3 371
3 0 371
0 14 820
14 0 820
0 17 937
17 0 937
0 38 456
38 0 456
0 53 525
53 0 525
0 47 626
47 0 626
1 4 965
4 1 965
1 6 311
6 1 311
1 8 321
8 1 321
1 18 58
18 1 58
1 25 614
25 1 614
1 26 563
26 1 563
1 71 116
71 1 116
2 7 114
7 2 114
2 9 979
9 2 979
2 10 74
10 2 74
2 12 365
12 2 365
2 56 447
56 2 447
2 66 710
66 2 710
2 35 791
35 2 791
3 5 244
5 3 244
3 71 145
71 3 145
4 19 445
19 4 445
4 31 156
31 4 156
4 28 887
28 4 887
4 47 170
47 4 170
5 52 842
52 5 842
5 57 220
57 5 220
7 16 452
16 7 452
7 40 42
40 7 42
7 41 467
41 7 467
7 19 57
19 7 57
8 11 589
11 8 589
8 47 487
47 8 487
8 30 676
30 8 676
9 59 304
59 9 304
10 20 80
20 10 80
10 43 788
43 10 788
10 51 100
51 10 100
10 70 857
70 10 857
10 32 843
32 10 843
11 13 230
13 11 230
11 44 688
44 11 688
11 49 342
49 11 342
11 64 891
64 11 891
12 37 286
37 12 286
13 15 668
15 13 668
13 19 602
19 13 602
14 21 277
21 14 277
14 45 278
45 14 278
14 68 668
68 14 668
15 28 276
28 15 276
16 24 920
24 16 920
17 35 258
35 17 258
20 22 409
22 20 409
20 23 527
23 20 527
20 61 95
61 20 95
20 22 264
22 20 264
21 27 817
27 21 817
21 39 507
39 21 507
21 42 103
42 21 103
22 29 109
29 22 109
22 75 74
75 22 74
22 58 416
58 22 416
23 55 198
55 23 198
23 61 870
61 23 870
24 46 238
46 24 238
24 60 373
60 24 373
24 61 147
61 24 147
25 32 60
32 25 60
25 34 334
34 25 334
25 65 966
65 25 966
26 70 178
70 26 178
26 55 140
55 26 140
28 30 305
30 28 305
29 33 358
33 29 358
29 32 749
32 29 749
30 36 739
36 30 739
30 48 591
48 30 591
30 52 557
52 30 557
31 32 511
32 31 511
36 41 209
41 36 209
37 74 784
74 37 784
41 54 7
54 41 7
43 62 478
62 43 478
43 73 91
73 43 91
44 50 289
50 44 289
44 64 432
64 44 432
44 67 483
67 44 483
45 72 42
72 45 42
45 46 85
46 45 85
46 63 917
63 46 917
46 60 698
60 46 698
48 71 433
71 48 433
50 58 310
58 50 310
55 60 675
60 55 675
56 65 299
65 56 299
57 63 588
63 57 588
60 69 173
69 60 173
60 61 830
61 60 830
