90

0 1 923
1 0 923
0 5 310
5 0 310
0 13 389
13 0 389
0 16 93
16 0 93
0 17 612
17 0 612
0 28 127
28 0 127
0 16 492
16 0 492
0 43 909
43 0 909
0 12 520
12 0 520
0 51 153
51 0 153
0 39 13
39 0 13
0 48 467
48 0 467
0 40 974
40 0 974
0 24 584
24 0 584
0 73 806
73 0 806
0 45 924
45 0 924
0 78 658
78 0 658
0 19 334
19 0 334
0 1 925
1 0 925
0 1 477
1 0 477
0 84 414
84 0 414
1 2 928
2 1 928
1 3 320
3 1 320
1 22 624
22 1 624
1 39 239
39 1 239
1 54 607
54 1 607
1 58 626
58 1 626
1 59 504
59 1 504
1 29 323
29 1 323
1 12 687
12 1 687
1 20 692
20 1 692
1 61 942
61 1 942
1 46 608
46 1 608
1 59 462
59 1 462
1 36 153
36 1 153
1 43 312
43 1 312
1 83 789
83 1 789
1 51 239
51 1 239
1 32 500
32 1 500
1 71 590
71 1 590
1 51 2
51 1 2
1 36 148
36 1 148
1 20 247
20 1 247
1 79 171
79 1 171
1 25 342
25 1 342
2 7 627
7 2 627
2 12 463
12 2 463
2 18 693
18 2 693
2 23 335
23 2 335
2 32 699
32 2 699
2 47 168
47 2 168
2 39 571
39 2 571
2 24 821
24 2 821
2 17 907
17 2 907
2 18 982
18 2 982
2 80 724
80 2 724
2 74 350
74 2 350
2 69 45
69 2 45
2 27 298
27 2 298
2 70 693
70 2 693
2 36 767
36 2 767
2 64 291
64 2 291
2 50 766
50 2 766
2 42 54
42 2 54
3 4 492
4 3 492
3 8 539
8 3 539
3 9 270
9 3 270
3 25 892
25 3 892
3 62 552
62 3 552
3 34 780
34 3 780
3 9 655
9 3 655
3 60 581
60 3 581
3 32 91
32 3 91
3 56 743
56 3 743
3 36 723
36 3 723
3 79 648
79 3 648
3 7 261
7 3 261
3 86 952
86 3 952
3 51 410
51 3 410
3 16 456
16 3 456
3 7 302
7 3 302
3 80 531
80 3 531
3 13 344
13 3 344
3 58 396
58 3 396
3 29 717
29 3 717
4 6 872
6 4 872
4 26 639
26 4 639
4 29 206
29 4 206
4 52 482
52 4 482
4 84 943
84 4 943
4 76 318
76 4 318
4 52 627
52 4 627
4 82 427
82 4 427
4 43 84
43 4 84
4 84 864
84 4 864
4 69 916
69 4 916
4 59 984
59 4 984
4 55 173
55 4 173
4 56 996
56 4 996
4 75 12
75 4 12
4 23 420
23 4 420
4 37 524
37 4 524
4 35 411
35 4 411
4 77 129
77 4 129
4 25 865
25 4 865
5 14 245
14 5 245
5 45 98
45 5 98
5 48 668
48 5 668
5 32 567
32 5 567
5 34 441
34 5 441
5 33 562
33 5 562
5 65 291
65 5 291
5 13 531
13 5 531
5 32 856
32 5 856
5 76 546
76 5 546
5 77 30
77 5 30
5 75 779
75 5 779
5 31 88
31 5 88
5 34 38
34 5 38
5 32 802
32 5 802
5 89 561
89 5 561
5 40 263
40 5 263
5 56 53
56 5 53
5 79 930
79 5 930
6 15 116
15 6 116
6 31 651
31 6 651
6 82 664
82 6 664
6 77 190
77 6 190
6 51 163
51 6 163
6 87 685
87 6 685
6 74 173
74 6 173
6 37 640
37 6 640
6 24 204
24 6 204
6 61 647
61 6 647
6 26 661
26 6 661
6 89 551
89 6 551
6 25 722
25 6 722
6 43 483
43 6 483
6 9 293
9 6 293
6 41 779
41 6 779
6 24 508
24 6 508
6 57 799
57 6 799
6 68 587
68 6 587
6 6 583
6 6 583
6 67 187
67 6 187
7 40 126
40 7 126
7 57 601
57 7 601
7 19 575
19 7 575
7 7 835
7 7 835
7 44 210
44 7 210
7 21 116
21 7 116
7 15 475
15 7 475
7 33 754
33 7 754
7 46 506
46 7 506
7 79 184
79 7 184
7 42 48
42 7 48
7 9 530
9 7 530
7 78 531
78 7 531
7 25 482
25 7 482
7 51 417
51 7 417
7 89 483
89 7 483
7 82 993
82 7 993
7 80 170
80 7 170
7 36 871
36 7 871
7 36 33
36 7 33
7 70 275
70 7 275
7 77 946
77 7 946
8 10 870
10 8 870
8 25 220
25 8 220
8 71 824
71 8 824
8 31 603
31 8 603
8 28 883
28 8 883
8 45 12
45 8 12
8 25 984
25 8 984
8 15 853
15 8 853
8 53 843
53 8 843
8 27 176
27 8 176
8 87 508
87 8 508
8 29 777
29 8 777
8 27 22
27 8 22
9 50 864
50 9 864
9 19 220
19 9 220
9 29 350
29 9 350
9 80 339
80 9 339
9 35 918
35 9 918
9 32 6
32 9 6
9 75 980
75 9 980
9 83 624
83 9 624
9 14 531
14 9 531
9 14 804
14 9 804
9 19 939
19 9 939
9 13 3
13 9 3
9 85 581
85 9 581
9 82 653
82 9 653
9 19 309
19 9 309
10 11 758
11 10 758
10 19 104
19 10 104
10 24 868
24 10 868
10 72 467
72 10 467
10 83 794
83 10 794
10 51 320
51 10 320
10 73 831
73 10 831
10 51 634
51 10 634
10 71 845
71 10 845
10 25 778
25 10 778
10 84 968
84 10 968
10 43 311
43 10 311
10 72 811
72 10 811
10 57 446
57 10 446
10 81 825
81 10 825
10 58 461
58 10 461
10 17 896
17 10 896
11 21 93
21 11 93
11 46 101
46 11 101
11 48 158
48 11 158
11 82 975
82 11 975
11 57 42
57 11 42
11 68 298
68 11 298
11 24 496
24 11 496
11 52 173
52 11 173
11 22 254
22 11 254
11 21 240
21 11 240
11 73 828
73 11 828
11 30 248
30 11 248
11 56 419
56 11 419
12 40 787
40 12 787
12 36 763
36 12 763
12 68 668
68 12 668
12 45 826
45 12 826
12 89 515
89 12 515
12 37 349
37 12 349
12 51 584
51 12 584
12 79 944
79 12 944
12 44 722
44 12 722
12 20 855
20 12 855
12 22 690
22 12 690
13 27 12
27 13 12
13 81 642
81 13 642
13 43 499
43 13 499
13 18 695
18 13 695
13 34 598
34 13 598
13 73 633
73 13 633
13 24 27
24 13 27
13 56 778
56 13 778
13 49 85
49 13 85
13 68 374
68 13 374
13 50 625
50 13 625
13 37 326
37 13 326
13 86 358
86 13 358
14 51 869
51 14 869
14 39 15
39 14 15
14 85 982
85 14 982
14 43 475
43 14 475
14 48 750
48 14 750
14 41 566
41 14 566
14 42 474
42 14 474
14 30 839
30 14 839
14 28 957
28 14 957
14 39 526
39 14 526
14 51 387
51 14 387
14 50 959
50 14 959
15 20 925
20 15 925
15 37 271
37 15 271
15 37 952
37 15 952
15 53 815
53 15 815
15 76 851
76 15 851
15 42 322
42 15 322
15 43 38
43 15 38
15 66 791
66 15 791
15 48 359
48 15 359
15 50 496
50 15 496
15 24 345
24 15 345
15 70 145
70 15 145
15 85 648
85 15 648
15 52 918
52 15 918
15 62 873
62 15 873
15 89 402
89 15 402
15 35 480
35 15 480
15 20 353
20 15 353
16 36 821
36 16 821
16 70 718
70 16 718
16 25 303
25 16 303
16 47 684
47 16 684
16 44 679
44 16 679
16 61 62
61 16 62
16 68 854
68 16 854
16 19 599
19 16 599
17 44 297
44 17 297
17 88 18
88 17 18
17 22 257
22 17 257
17 26 112
26 17 112
17 84 999
84 17 999
17 73 166
73 17 166
17 50 204
50 17 204
17 25 671
25 17 671
17 87 945
87 17 945
17 29 174
29 17 174
17 60 616
60 17 616
17 28 897
28 17 897
18 78 771
78 18 771
18 88 791
88 18 791
18 46 469
46 18 469
18 79 808
79 18 808
18 49 711
49 18 711
18 67 912
67 18 912
18 77 326
77 18 326
18 36 770
36 18 770
18 29 665
29 18 665
18 45 124
45 18 124
18 33 873
33 18 873
19 49 107
49 19 107
19 68 115
68 19 115
19 67 825
67 19 825
19 24 129
24 19 129
19 30 824
30 19 824
19 61 503
61 19 503
19 25 2
25 19 2
19 68 208
68 19 208
19 34 953
34 19 953
19 32 56
32 19 56
19 67 109
67 19 109
19 20 236
20 19 236
20 63 614
63 20 614
20 81 837
81 20 837
20 60 229
60 20 229
20 37 158
37 20 158
20 33 413
33 20 413
20 28 612
28 20 612
20 23 277
23 20 277
20 64 720
64 20 720
20 39 193
39 20 193
20 21 425
21 20 425
20 68 194
68 20 194
20 46 266
46 20 266
20 28 965
28 20 965
20 45 249
45 20 249
21 89 428
89 21 428
21 49 316
49 21 316
21 88 963
88 21 963
21 61 20
61 21 20
21 39 335
39 21 335
21 75 832
75 21 832
21 56 825
56 21 825
21 74 511
74 21 511
21 81 427
81 21 427
21 78 687
78 21 687
21 55 995
55 21 995
22 70 848
70 22 848
22 74 146
74 22 146
22 87 319
87 22 319
22 30 594
30 22 594
22 87 836
87 22 836
22 73 672
73 22 672
22 64 808
64 22 808
22 86 420
86 22 420
22 30 990
30 22 990
22 77 357
77 22 357
22 38 105
38 22 105
22 44 635
44 22 635
23 61 284
61 23 284
23 25 528
25 23 528
23 89 686
89 23 686
23 68 675
68 23 675
23 89 861
89 23 861
23 42 156
42 23 156
23 55 365
55 23 365
23 67 632
67 23 632
23 25 81
25 23 81
23 51 871
51 23 871
24 30 101
30 24 101
24 33 313
33 24 313
24 89 993
89 24 993
24 29 652
29 24 652
24 65 708
65 24 708
24 30 257
30 24 257
24 77 876
77 24 876
24 54 861
54 24 861
24 37 984
37 24 984
24 29 250
29 24 250
24 60 445
60 24 445
24 33 352
33 24 352
24 48 887
48 24 887
24 41 305
41 24 305
24 26 971
26 24 971
25 34 714
34 25 714
25 35 394
35 25 394
25 55 748
55 25 748
25 41 530
41 25 530
25 76 805
76 25 805
25 75 766
75 25 766
25 82 190
82 25 190
25 80 784
80 25 784
25 45 905
45 25 905
25 85 998
85 25 998
26 53 293
53 26 293
26 75 652
75 26 652
26 54 369
54 26 369
26 88 661
88 26 661
26 36 566
36 26 566
26 40 317
40 26 317
26 85 886
85 26 886
26 31 204
31 26 204
26 49 854
49 26 854
26 88 158
88 26 158
26 76 697
76 26 697
27 73 4
73 27 4
27 72 804
72 27 804
27 82 449
82 27 449
27 65 43
65 27 43
27 58 196
58 27 196
27 41 284
41 27 284
27 66 545
66 27 545
28 67 620
67 28 620
28 70 120
70 28 120
28 80 457
80 28 457
28 43 346
43 28 346
28 53 372
53 28 372
28 72 468
72 28 468
28 60 162
60 28 162
28 69 231
69 28 231
28 86 602
86 28 602
28 60 247
60 28 247
28 34 601
34 28 601
28 73 160
73 28 160
28 67 945
67 28 945
28 28 456
28 28 456
29 77 929
77 29 929
29 75 131
75 29 131
29 55 794
55 29 794
29 43 269
43 29 269
29 59 535
59 29 535
29 86 710
86 29 710
29 40 559
40 29 559
29 69 555
69 29 555
29 51 538
51 29 538
29 53 937
53 29 937
29 29 767
29 29 767
29 84 343
84 29 343
29 46 276
46 29 276
29 41 480
41 29 480
29 70 469
70 29 469
30 44 380
44 30 380
30 74 707
74 30 707
30 75 202
75 30 202
30 32 755
32 30 755
30 59 505
59 30 505
30 82 461
82 30 461
30 37 594
37 30 594
30 69 29
69 30 29
30 61 979
61 30 979
30 86 580
86 30 580
30 56 923
56 30 923
30 66 394
66 30 394
30 31 21
31 30 21
31 38 865
38 31 865
31 35 903
35 31 903
31 40 640
40 31 640
31 35 313
35 31 313
31 57 346
57 31 346
31 50 758
50 31 758
31 46 232
46 31 232
31 70 524
70 31 524
31 35 305
35 31 305
31 77 340
77 31 340
31 88 342
88 31 342
32 41 755
41 32 755
32 33 308
33 32 308
32 80 499
80 32 499
32 62 617
62 32 617
32 37 360
37 32 360
32 59 666
59 32 666
32 65 613
65 32 613
32 48 16
48 32 16
32 32 58
32 32 58
32 65 354
65 32 354
32 67 342
67 32 342
32 38 374
38 32 374
33 42 886
42 33 886
33 58 297
58 33 297
33 48 372
48 33 372
33 69 804
69 33 804
33 54 199
54 33 199
33 85 891
85 33 891
33 63 856
63 33 856
33 41 397
41 33 397
33 88 515
88 33 515
33 60 418
60 33 418
33 64 980
64 33 980
33 78 21
78 33 21
33 75 83
75 33 83
34 51 223
51 34 223
34 61 987
61 34 987
34 82 209
82 34 209
34 84 724
84 34 724
34 76 841
76 34 841
34 51 138
51 34 138
34 45 946
45 34 946
34 70 253
70 34 253
34 43 963
43 34 963
34 52 619
52 34 619
34 52 696
52 34 696
34 70 887
70 34 887
34 72 9
72 34 9
34 49 741
49 34 741
34 72 727
72 34 727
34 80 186
80 34 186
34 40 724
40 34 724
35 43 45
43 35 45
35 76 931
76 35 931
35 70 335
70 35 335
35 75 867
75 35 867
35 46 625
46 35 625
35 89 108
89 35 108
35 80 636
80 35 636
36 60 205
60 36 205
36 58 875
58 36 875
36 81 177
81 36 177
36 66 170
66 36 170
36 45 324
45 36 324
36 54 97
54 36 97
36 42 222
42 36 222
36 77 437
77 36 437
37 62 486
62 37 486
37 83 310
83 37 310
37 43 85
43 37 85
37 40 267
40 37 267
37 46 641
46 37 641
38 41 476
41 38 476
38 67 751
67 38 751
38 83 60
83 38 60
38 57 301
57 38 301
38 43 213
43 38 213
38 74 677
74 38 677
38 43 484
43 38 484
38 68 271
68 38 271
38 62 287
62 38 287
38 69 814
69 38 814
38 60 588
60 38 588
38 58 389
58 38 389
38 71 193
71 38 193
38 41 719
41 38 719
38 86 976
86 38 976
38 42 18
42 38 18
38 64 906
64 38 906
39 75 456
75 39 456
39 85 483
85 39 483
39 72 131
72 39 131
39 73 928
73 39 928
39 44 927
44 39 927
39 64 277
64 39 277
39 80 837
80 39 837
39 61 574
61 39 574
39 62 881
62 39 881
39 49 679
49 39 679
39 45 830
45 39 830
39 55 739
55 39 739
39 89 870
89 39 870
39 51 928
51 39 928
39 41 780
41 39 780
39 79 833
79 39 833
39 74 271
74 39 271
39 58 270
58 39 270
40 45 458
45 40 458
40 72 379
72 40 379
40 51 835
51 40 835
40 61 970
61 40 970
40 82 124
82 40 124
40 53 965
53 40 965
40 55 502
55 40 502
40 79 11
79 40 11
40 50 702
50 40 702
40 41 21
41 40 21
40 55 674
55 40 674
40 40 730
40 40 730
40 68 186
68 40 186
40 66 963
66 40 963
40 51 586
51 40 586
40 73 431
73 40 431
40 66 221
66 40 221
41 60 722
60 41 722
41 80 595
80 41 595
41 87 301
87 41 301
41 42 166
42 41 166
41 52 60
52 41 60
41 46 843
46 41 843
41 86 230
86 41 230
41 46 212
46 41 212
41 43 692
43 41 692
41 79 670
79 41 670
41 47 349
47 41 349
41 74 99
74 41 99
41 61 856
61 41 856
41 84 621
84 41 621
42 75 144
75 42 144
42 78 520
78 42 520
42 57 266
57 42 266
42 79 208
79 42 208
42 63 602
63 42 602
42 52 51
52 42 51
42 86 473
86 42 473
42 85 404
85 42 404
42 63 546
63 42 546
42 87 80
87 42 80
43 44 3
44 43 3
43 51 417
51 43 417
43 76 598
76 43 598
43 87 768
87 43 768
43 64 194
64 43 194
43 51 612
51 43 612
43 83 697
83 43 697
43 78 765
78 43 765
43 81 186
81 43 186
43 62 485
62 43 485
43 52 144
52 43 144
43 56 790
56 43 790
44 46 16
46 44 16
44 58 643
58 44 643
44 69 553
69 44 553
44 63 573
63 44 573
44 59 186
59 44 186
44 75 458
75 44 458
44 45 511
45 44 511
44 55 719
55 44 719
44 63 535
63 44 535
44 68 592
68 44 592
44 53 992
53 44 992
45 65 812
65 45 812
45 79 49
79 45 49
45 55 234
55 45 234
45 50 554
50 45 554
45 89 778
89 45 778
45 84 253
84 45 253
45 47 688
47 45 688
46 84 648
84 46 648
46 86 774
86 46 774
46 58 176
58 46 176
46 48 933
48 46 933
46 56 259
56 46 259
46 73 331
73 46 331
46 88 757
88 46 757
46 83 755
83 46 755
47 77 168
77 47 168
47 89 359
89 47 359
47 50 834
50 47 834
47 73 436
73 47 436
47 53 950
53 47 950
47 73 210
73 47 210
47 69 869
69 47 869
47 59 516
59 47 516
47 51 609
51 47 609
48 64 723
64 48 723
48 73 335
73 48 335
48 69 840
69 48 840
48 49 436
49 48 436
48 58 272
58 48 272
48 60 954
60 48 954
48 71 175
71 48 175
48 85 933
85 48 933
48 49 964
49 48 964
48 72 144
72 48 144
48 56 223
56 48 223
49 55 410
55 49 410
49 57 812
57 49 812
49 88 597
88 49 597
49 53 381
53 49 381
49 64 555
64 49 555
49 77 613
77 49 613
49 51 689
51 49 689
49 83 62
83 49 62
50 82 645
82 50 645
50 67 343
67 50 343
50 87 446
87 50 446
50 81 882
81 50 882
50 72 169
72 50 169
50 68 192
68 50 192
51 59 279
59 51 279
51 83 867
83 51 867
51 54 683
54 51 683
51 69 261
69 51 261
51 54 500
54 51 500
52 74 971
74 52 971
52 79 448
79 52 448
52 59 137
59 52 137
52 55 287
55 52 287
52 76 20
76 52 20
52 59 330
59 52 330
52 80 560
80 52 560
52 54 170
54 52 170
52 60 307
60 52 307
53 54 613
54 53 613
53 61 660
61 53 660
53 88 389
88 53 389
53 57 910
57 53 910
53 75 483
75 53 483
54 56 988
56 54 988
54 63 223
63 54 223
54 75 49
75 54 49
54 79 966
79 54 966
55 69 480
69 55 480
55 84 665
84 55 665
55 83 383
83 55 383
55 75 608
75 55 608
56 66 553
66 56 553
56 70 251
70 56 251
56 88 480
88 56 480
56 72 339
72 56 339
56 72 8
72 56 8
56 73 710
73 56 710
57 66 511
66 57 511
57 63 324
63 57 324
57 86 255
86 57 255
57 85 42
85 57 42
57 89 478
89 57 478
57 67 241
67 57 241
57 79 966
79 57 966
58 76 169
76 58 169
58 69 986
69 58 986
58 85 349
85 58 349
58 80 211
80 58 211
58 87 707
87 58 707
58 69 467
69 58 467
58 70 534
70 58 534
59 87 206
87 59 206
59 74 751
74 59 751
59 86 440
86 59 440
59 75 749
75 59 749
59 66 779
66 59 779
59 80 457
80 59 457
59 82 848
82 59 848
59 89 745
89 59 745
59 61 920
61 59 920
60 84 274
84 60 274
60 79 410
79 60 410
60 74 267
74 60 267
60 79 588
79 60 588
61 78 704
78 61 704
61 66 14
66 61 14
61 66 618
66 61 618
61 66 871
66 61 871
61 85 160
85 61 160
62 82 575
82 62 575
62 67 744
67 62 744
62 65 967
65 62 967
62 78 528
78 62 528
62 85 330
85 62 330
62 80 360
80 62 360
62 84 840
84 62 840
62 88 634
88 62 634
63 65 366
65 63 366
63 74 290
74 63 290
63 80 109
80 63 109
63 65 604
65 63 604
63 80 242
80 63 242
63 70 782
70 63 782
64 68 351
68 64 351
64 68 504
68 64 504
64 83 680
83 64 680
64 72 956
72 64 956
64 66 901
66 64 901
65 89 237
89 65 237
65 75 814
75 65 814
65 85 222
85 65 222
65 72 859
72 65 859
66 83 457
83 66 457
66 68 31
68 66 31
67 70 796
70 67 796
67 75 84
75 67 84
67 74 371
74 67 371
67 82 571
82 67 571
67 82 105
82 67 105
67 76 510
76 67 510
68 69 208
69 68 208
68 85 942
85 68 942
68 87 385
87 68 385
69 71 593
71 69 593
70 86 598
86 70 598
70 74 423
74 70 423
70 74 737
74 70 737
71 81 947
81 71 947
72 81 986
81 72 986
72 78 30
78 72 30
73 81 671
81 73 671
73 80 410
80 73 410
73 82 545
82 73 545
74 84 876
84 74 876
74 84 391
84 74 391
74 88 12
88 74 12
75 85 804
85 75 804
75 89 38
89 75 38
75 77 207
77 75 207
75 80 631
80 75 631
76 85 489
85 76 489
76 89 983
89 76 983
76 84 932
84 76 932
76 87 309
87 76 309
76 80 96
80 76 96
77 88 233
88 77 233
77 84 559
84 77 559
78 80 768
80 78 768
78 84 406
84 78 406
78 86 333
86 78 333
79 86 128
86 79 128
80 84 457
84 80 457
80 85 737
85 80 737
80 85 505
85 80 505
81 84 219
84 81 219
82 87 221
87 82 221
82 89 553
89 82 553
83 83 65
83 83 65
83 84 482
84 83 482
84 84 914
84 84 914
