89

0 1 988
1 0 988
0 2 861
2 0 861
0 3 73
3 0 73
0 8 521
8 0 521
0 16 197
16 0 197
0 23 992
23 0 992
0 29 97
29 0 97
0 34 49
34 0 49
0 51 700
51 0 700
0 57 947
57 0 947
0 53 649
53 0 649
1 5 240
5 1 240
1 12 519
12 1 519
2 4 947
4 2 947
2 39 859
39 2 859
3 9 771
9 3 771
3 10 277
10 3 277
3 62 414
62 3 414
4 7 223
7 4 223
4 11 168
11 4 168
4 18 415
18 4 415
4 6 842
6 4 842
4 11 164
11 4 164
4 34 733
34 4 733
5 6 714
6 5 714
5 15 420
15 5 420
5 25 628
25 5 628
6 13 232
13 6 232
6 19 504
19 6 504
6 20 164
20 6 164
7 27 185
27 7 185
7 31 912
31 7 912
7 46 13
46 7 13
8 43 820
43 8 820
9 44 76
44 9 76
9 82 302
82 9 302
10 14 960
14 10 960
10 66 93
66 10 93
11 68 751
68 11 751
12 43 518
43 12 518
12 77 845
77 12 845
13 33 137
33 13 137
13 37 985
37 13 985
14 21 650
21 14 650
14 30 46
30 14 46
14 85 646
85 14 646
14 20 681
20 14 681
15 17 341
17 15 341
15 22 288
22 15 288
15 55 844
55 15 844
15 61 74
61 15 74
17 26 532
26 17 532
17 28 621
28 17 621
17 32 114
32 17 114
17 35 415
35 17 415
17 72 416
72 17 416
18 71 639
71 18 639
18 76 799
76 18 799
18 87 573
87 18 573
18 50 880
50 18 880
19 38 715
38 19 715
20 24 900
24 20 900
20 54 749
54 20 749
20 78 879
78 20 879
20 32 168
32 20 168
22 63 190
63 22 190
22 39 43
39 22 43
23 48 514
48 23 514
25 50 435
50 25 435
27 59 428
59 27 428
27 83 783
83 27 783
29 36 1000
36 29 1000
29 41 973
41 29 973
30 40 91
40 30 91
30 45 75
45 30 75
30 47 7
47 30 7
31 46 581
46 31 581
32 60 430
60 32 430
33 49 462
49 33 462
35 38 567
38 35 567
36 67 314
67 36 314
36 84 315
84 36 315
39 42 317
42 39 317
39 65 793
65 39 793
39 69 110
69 39 110
40 62 457
62 40 457
43 52 809
52 43 809
49 53 321
53 49 321
49 56 245
56 49 245
49 79 974
79 49 974
49 81 319
81 49 319
50 71 621
71 50 621
51 58 501
58 51 501
59 61 220
61 59 220
60 69 628
69 60 628
61 75 354
75 61 354
62 64 901
64 62 901
62 70 493
70 62 493
63 80 202
80 63 202
63 88 574
88 63 574
69 80 256
80 69 256
72 73 318
73 72 318
72 74 496
74 72 496
75 86 280
86 75 280
