86

0 1 562
1 0 562
0 2 358
2 0 358
0 5 576
5 0 576
0 7 824
7 0 824
0 13 313
13 0 313
0 16 240
16 0 240
0 47 436
47 0 436
0 56 461
56 0 461
0 67 955
67 0 955
0 5 432
5 0 432
0 27 699
27 0 699
0 25 209
25 0 209
0 74 292
74 0 292
0 66 593
66 0 593
0 33 638
33 0 638
0 20 282
20 0 282
0 21 871
21 0 871
0 39 127
39 0 127
0 36 574
36 0 574
0 3 156
3 0 156
0 2 349
2 0 349
0 56 285
56 0 285
0 38 625
38 0 625
0 66 487
66 0 487
1 4 198
4 1 198
1 37 940
37 1 940
1 31 673
31 1 673
1 82 130
82 1 130
1 69 348
69 1 348
1 25 932
25 1 932
1 41 625
41 1 625
1 47 204
47 1 204
1 53 706
53 1 706
1 18 435
18 1 435
1 2 727
2 1 727
1 56 234
56 1 234
1 52 815
52 1 815
1 57 390
57 1 390
1 5 238
5 1 238
1 58 220
58 1 220
1 51 829
51 1 829
1 60 213
60 1 213
1 33 926
33 1 926
2 3 438
3 2 438
2 9 965
9 2 965
2 22 578
22 2 578
2 53 601
53 2 601
2 20 210
20 2 210
2 58 962
58 2 962
2 31 543
31 2 543
2 25 488
25 2 488
2 40 15
40 2 15
2 52 459
52 2 459
2 50 471
50 2 471
2 54 755
54 2 755
2 70 233
70 2 233
2 17 283
17 2 283
2 31 323
31 2 323
2 57 212
57 2 212
2 11 845
11 2 845
2 62 729
62 2 729
2 6 861
6 2 861
2 14 132
14 2 132
2 14 747
14 2 747
2 18 941
18 2 941
3 10 820
10 3 820
3 20 275
20 3 275
3 74 932
74 3 932
3 79 248
79 3 248
3 69 881
69 3 881
3 13 587
13 3 587
3 64 650
64 3 650
3 47 843
47 3 843
3 50 66
50 3 66
3 74 739
74 3 739
3 5 975
5 3 975
3 7 570
7 3 570
3 39 740
39 3 740
3 19 122
19 3 122
3 13 44
13 3 44
3 17 587
17 3 587
3 18 213
18 3 213
3 66 413
66 3 413
3 78 660
78 3 660
3 54 552
54 3 552
3 71 410
71 3 410
3 19 780
19 3 780
3 79 576
79 3 576
3 64 235
64 3 235
4 6 233
6 4 233
4 8 726
8 4 726
4 76 898
76 4 898
4 24 389
24 4 389
4 4 523
4 4 523
4 75 921
75 4 921
4 48 797
48 4 797
4 52 928
52 4 928
4 22 527
22 4 527
4 54 949
54 4 949
4 65 977
65 4 977
4 39 610
39 4 610
4 62 793
62 4 793
4 40 22
40 4 22
4 37 602
37 4 602
5 11 62
11 5 62
5 12 102
12 5 102
5 15 903
15 5 903
5 38 80
38 5 80
5 48 17
48 5 17
5 29 459
29 5 459
5 38 231
38 5 231
5 35 606
35 5 606
5 17 701
17 5 701
5 76 769
76 5 769
5 23 802
23 5 802
5 49 944
49 5 944
5 47 478
47 5 478
5 26 26
26 5 26
5 34 469
34 5 469
5 79 29
79 5 29
5 26 500
26 5 500
6 29 475
29 6 475
6 71 371
71 6 371
6 11 951
11 6 951
6 29 629
29 6 629
6 60 931
60 6 931
6 35 670
35 6 670
6 78 710
78 6 710
6 23 936
23 6 936
6 58 460
58 6 460
6 62 535
62 6 535
6 12 473
12 6 473
6 59 314
59 6 314
6 38 13
38 6 13
6 61 476
61 6 476
6 26 625
26 6 625
6 28 932
28 6 932
7 18 177
18 7 177
7 26 962
26 7 962
7 44 604
44 7 604
7 76 996
76 7 996
7 32 582
32 7 582
7 13 181
13 7 181
7 47 704
47 7 704
7 78 604
78 7 604
7 55 636
55 7 636
7 45 273
45 7 273
7 71 170
71 7 170
7 49 468
49 7 468
7 46 653
46 7 653
7 13 957
13 7 957
7 52 181
52 7 181
7 13 66
13 7 66
7 47 62
47 7 62
7 42 918
42 7 918
7 42 390
42 7 390
8 28 52
28 8 52
8 32 667
32 8 667
8 74 198
74 8 198
8 32 738
32 8 738
8 77 49
77 8 49
8 51 2
51 8 2
8 64 71
64 8 71
8 73 883
73 8 883
8 59 452
59 8 452
8 80 376
80 8 376
8 20 788
20 8 788
8 46 109
46 8 109
8 55 884
55 8 884
8 63 820
63 8 820
8 33 491
33 8 491
8 76 682
76 8 682
9 29 274
29 9 274
9 63 895
63 9 895
9 33 19
33 9 19
9 49 64
49 9 64
9 82 972
82 9 972
9 26 919
26 9 919
9 51 852
51 9 852
9 39 10
39 9 10
9 67 618
67 9 618
9 75 464
75 9 464
9 31 724
31 9 724
9 32 178
32 9 178
9 75 168
75 9 168
9 31 970
31 9 970
9 34 668
34 9 668
9 79 925
79 9 925
9 57 860
57 9 860
9 78 711
78 9 711
9 38 464
38 9 464
9 16 390
16 9 390
9 29 368
29 9 368
9 38 195
38 9 195
10 27 466
27 10 466
10 78 783
78 10 783
10 42 735
42 10 735
10 85 751
85 10 751
10 47 828
47 10 828
10 73 107
73 10 107
10 12 691
12 10 691
10 49 720
49 10 720
10 45 999
45 10 999
10 65 666
65 10 666
10 28 386
28 10 386
10 40 331
40 10 331
10 47 371
47 10 371
10 79 475
79 10 475
10 60 954
60 10 954
11 17 546
17 11 546
11 19 811
19 11 811
11 39 281
39 11 281
11 27 483
27 11 483
11 36 823
36 11 823
11 42 54
42 11 54
11 74 381
74 11 381
11 18 549
18 11 549
12 21 981
21 12 981
12 63 874
63 12 874
12 79 300
79 12 300
12 71 921
71 12 921
12 44 734
44 12 734
12 20 462
20 12 462
12 24 402
24 12 402
12 19 519
19 12 519
12 78 1000
78 12 1000
12 82 351
82 12 351
12 43 200
43 12 200
12 28 669
28 12 669
12 67 260
67 12 260
12 55 582
55 12 582
12 15 943
15 12 943
12 85 479
85 12 479
12 57 627
57 12 627
12 74 707
74 12 707
12 56 293
56 12 293
12 49 547
49 12 547
12 52 419
52 12 419
12 51 491
51 12 491
13 14 490
14 13 490
13 24 662
24 13 662
13 54 231
54 13 231
13 75 799
75 13 799
13 61 974
61 13 974
13 77 90
77 13 90
13 72 443
72 13 443
13 62 422
62 13 422
13 82 110
82 13 110
13 62 332
62 13 332
13 43 736
43 13 736
13 66 118
66 13 118
13 41 753
41 13 753
13 73 890
73 13 890
13 40 710
40 13 710
13 58 707
58 13 707
13 40 69
40 13 69
14 40 761
40 14 761
14 76 751
76 14 751
14 51 652
51 14 652
14 39 9
39 14 9
14 37 594
37 14 594
14 66 273
66 14 273
14 83 421
83 14 421
14 40 744
40 14 744
14 74 317
74 14 317
14 61 269
61 14 269
14 24 685
24 14 685
14 48 316
48 14 316
14 67 119
67 14 119
14 37 268
37 14 268
14 81 58
81 14 58
14 71 39
71 14 39
15 46 167
46 15 167
15 47 83
47 15 83
15 70 346
70 15 346
15 80 454
80 15 454
15 81 84
81 15 84
15 24 570
24 15 570
15 69 651
69 15 651
15 55 962
55 15 962
15 42 249
42 15 249
15 73 393
73 15 393
15 21 179
21 15 179
15 30 100
30 15 100
15 33 667
33 15 667
16 23 122
23 16 122
16 33 779
33 16 779
16 38 362
38 16 362
16 43 575
43 16 575
16 71 742
71 16 742
16 64 784
64 16 784
16 66 148
66 16 148
16 55 458
55 16 458
16 73 868
73 16 868
16 33 111
33 16 111
16 31 454
31 16 454
16 80 5
80 16 5
16 78 732
78 16 732
16 36 488
36 16 488
16 65 771
65 16 771
16 62 415
62 16 415
16 77 57
77 16 57
16 85 136
85 16 136
16 43 228
43 16 228
16 18 526
18 16 526
17 40 5
40 17 5
17 25 519
25 17 519
17 77 4
77 17 4
17 66 240
66 17 240
17 36 454
36 17 454
17 43 44
43 17 44
17 57 255
57 17 255
17 72 112
72 17 112
17 78 341
78 17 341
17 27 380
27 17 380
17 51 836
51 17 836
17 85 36
85 17 36
17 61 571
61 17 571
17 55 631
55 17 631
18 25 872
25 18 872
18 51 822
51 18 822
18 76 376
76 18 376
18 24 761
24 18 761
18 64 925
64 18 925
18 79 359
79 18 359
18 26 638
26 18 638
18 30 305
30 18 305
18 45 180
45 18 180
18 36 866
36 18 866
19 70 776
70 19 776
19 60 54
60 19 54
19 42 423
42 19 423
19 83 442
83 19 442
19 36 209
36 19 209
19 71 515
71 19 515
19 76 930
76 19 930
19 54 977
54 19 977
19 69 929
69 19 929
19 56 432
56 19 432
20 48 70
48 20 70
20 85 510
85 20 510
20 83 753
83 20 753
20 32 639
32 20 639
20 57 279
57 20 279
20 24 414
24 20 414
20 74 142
74 20 142
20 71 621
71 20 621
20 67 45
67 20 45
20 83 406
83 20 406
20 55 672
55 20 672
20 57 645
57 20 645
20 72 721
72 20 721
20 33 788
33 20 788
20 40 579
40 20 579
20 31 407
31 20 407
20 73 306
73 20 306
20 82 715
82 20 715
21 42 797
42 21 797
21 49 214
49 21 214
21 81 341
81 21 341
21 38 312
38 21 312
21 84 805
84 21 805
21 58 328
58 21 328
21 83 664
83 21 664
21 40 671
40 21 671
21 47 686
47 21 686
21 82 677
82 21 677
21 84 103
84 21 103
21 32 473
32 21 473
22 45 484
45 22 484
22 65 627
65 22 627
22 63 715
63 22 715
22 32 786
32 22 786
22 64 912
64 22 912
22 64 340
64 22 340
22 24 88
24 22 88
22 81 117
81 22 117
22 29 152
29 22 152
22 77 838
77 22 838
22 71 876
71 22 876
22 65 840
65 22 840
23 43 534
43 23 534
23 72 870
72 23 870
23 51 999
51 23 999
23 82 949
82 23 949
23 34 227
34 23 227
23 34 296
34 23 296
23 47 762
47 23 762
23 81 586
81 23 586
23 36 732
36 23 732
24 69 121
69 24 121
24 28 243
28 24 243
24 48 341
48 24 341
24 67 235
67 24 235
24 81 483
81 24 483
24 51 233
51 24 233
24 58 628
58 24 628
24 59 260
59 24 260
24 54 601
54 24 601
24 66 559
66 24 559
24 42 304
42 24 304
24 36 14
36 24 14
24 79 604
79 24 604
24 81 465
81 24 465
24 78 596
78 24 596
24 71 827
71 24 827
25 73 368
73 25 368
25 40 875
40 25 875
25 29 459
29 25 459
25 34 415
34 25 415
25 41 1
41 25 1
26 54 964
54 26 964
26 43 872
43 26 872
26 69 692
69 26 692
26 66 603
66 26 603
26 53 811
53 26 811
26 53 395
53 26 395
26 62 535
62 26 535
26 68 752
68 26 752
26 29 421
29 26 421
26 26 98
26 26 98
26 33 321
33 26 321
26 82 797
82 26 797
26 37 303
37 26 303
26 81 256
81 26 256
27 30 626
30 27 626
27 29 345
29 27 345
27 70 162
70 27 162
27 42 621
42 27 621
27 76 652
76 27 652
27 49 903
49 27 903
27 69 686
69 27 686
27 30 264
30 27 264
27 80 89
80 27 89
28 31 419
31 28 419
28 48 888
48 28 888
28 58 12
58 28 12
28 61 96
61 28 96
28 40 198
40 28 198
28 43 982
43 28 982
28 29 573
29 28 573
28 39 269
39 28 269
28 65 957
65 28 957
29 65 288
65 29 288
29 67 233
67 29 233
29 58 273
58 29 273
29 67 620
67 29 620
29 71 786
71 29 786
29 72 967
72 29 967
29 83 359
83 29 359
29 75 387
75 29 387
29 57 479
57 29 479
30 34 408
34 30 408
30 35 43
35 30 43
30 66 898
66 30 898
30 36 611
36 30 611
30 70 717
70 30 717
30 68 231
68 30 231
30 34 721
34 30 721
30 81 143
81 30 143
30 84 173
84 30 173
30 83 268
83 30 268
30 44 632
44 30 632
30 49 699
49 30 699
30 46 160
46 30 160
30 53 200
53 30 200
30 44 587
44 30 587
30 37 203
37 30 203
31 39 378
39 31 378
31 57 807
57 31 807
31 75 723
75 31 723
31 68 705
68 31 705
31 83 51
83 31 51
31 40 924
40 31 924
31 57 897
57 31 897
31 72 470
72 31 470
32 59 875
59 32 875
32 44 834
44 32 834
32 55 252
55 32 252
32 80 404
80 32 404
32 71 787
71 32 787
32 36 767
36 32 767
32 58 998
58 32 998
32 54 880
54 32 880
32 62 469
62 32 469
32 66 152
66 32 152
32 60 924
60 32 924
33 36 504
36 33 504
33 55 950
55 33 950
33 35 285
35 33 285
33 66 42
66 33 42
33 84 510
84 33 510
33 74 396
74 33 396
33 68 465
68 33 465
33 36 886
36 33 886
33 39 405
39 33 405
33 59 151
59 33 151
33 72 631
72 33 631
33 71 879
71 33 879
34 45 289
45 34 289
34 76 847
76 34 847
34 46 666
46 34 666
34 47 941
47 34 941
34 67 15
67 34 15
34 53 625
53 34 625
34 56 920
56 34 920
34 68 936
68 34 936
34 79 348
79 34 348
35 52 222
52 35 222
35 64 721
64 35 721
35 76 884
76 35 884
35 76 146
76 35 146
35 40 765
40 35 765
35 80 979
80 35 979
35 81 789
81 35 789
35 80 781
80 35 781
35 60 117
60 35 117
35 59 47
59 35 47
36 59 657
59 36 657
36 71 420
71 36 420
36 83 858
83 36 858
36 62 46
62 36 46
36 75 324
75 36 324
36 85 246
85 36 246
37 65 472
65 37 472
37 63 98
63 37 98
37 69 299
69 37 299
37 80 648
80 37 648
37 47 553
47 37 553
37 65 146
65 37 146
37 75 764
75 37 764
37 56 558
56 37 558
37 42 905
42 37 905
37 59 590
59 37 590
37 64 949
64 37 949
37 38 871
38 37 871
37 52 756
52 37 756
38 53 983
53 38 983
38 56 509
56 38 509
38 80 176
80 38 176
38 63 206
63 38 206
38 66 927
66 38 927
38 60 221
60 38 221
38 77 959
77 38 959
38 47 596
47 38 596
38 62 503
62 38 503
38 67 377
67 38 377
39 73 735
73 39 735
39 60 599
60 39 599
39 56 47
56 39 47
39 67 633
67 39 633
39 77 596
77 39 596
39 45 468
45 39 468
40 41 954
41 40 954
40 75 584
75 40 584
40 53 885
53 40 885
40 49 801
49 40 801
40 83 65
83 40 65
40 71 507
71 40 507
40 60 26
60 40 26
40 61 975
61 40 975
40 56 627
56 40 627
41 79 613
79 41 613
41 58 78
58 41 78
41 76 686
76 41 686
41 76 766
76 41 766
41 66 927
66 41 927
41 55 339
55 41 339
42 63 751
63 42 751
42 67 73
67 42 73
42 73 656
73 42 656
42 52 349
52 42 349
42 44 991
44 42 991
42 68 928
68 42 928
42 65 795
65 42 795
42 58 998
58 42 998
43 67 925
67 43 925
43 72 810
72 43 810
43 53 22
53 43 22
43 56 12
56 43 12
43 57 630
57 43 630
44 50 103
50 44 103
44 59 670
59 44 670
44 77 47
77 44 47
44 59 343
59 44 343
44 62 855
62 44 855
44 59 580
59 44 580
44 69 901
69 44 901
44 79 992
79 44 992
44 71 154
71 44 154
45 51 842
51 45 842
45 60 759
60 45 759
45 61 513
61 45 513
45 82 538
82 45 538
45 50 54
50 45 54
45 80 899
80 45 899
45 85 733
85 45 733
45 61 80
61 45 80
45 59 906
59 45 906
45 81 198
81 45 198
45 72 469
72 45 469
45 53 513
53 45 513
45 73 420
73 45 420
46 47 470
47 46 470
46 75 877
75 46 877
46 71 638
71 46 638
46 64 182
64 46 182
46 71 351
71 46 351
46 51 30
51 46 30
46 50 622
50 46 622
46 76 608
76 46 608
46 70 23
70 46 23
46 70 287
70 46 287
46 76 564
76 46 564
46 83 799
83 46 799
46 55 894
55 46 894
47 82 48
82 47 48
47 56 810
56 47 810
47 80 132
80 47 132
47 54 368
54 47 368
47 68 604
68 47 604
47 73 286
73 47 286
47 64 831
64 47 831
48 57 532
57 48 532
48 60 821
60 48 821
48 76 228
76 48 228
48 62 512
62 48 512
48 62 545
62 48 545
48 70 790
70 48 790
49 83 596
83 49 596
49 80 378
80 49 378
49 84 136
84 49 136
49 64 118
64 49 118
49 63 460
63 49 460
49 69 15
69 49 15
49 59 895
59 49 895
49 82 660
82 49 660
49 53 133
53 49 133
49 57 126
57 49 126
50 58 287
58 50 287
50 68 823
68 50 823
50 84 543
84 50 543
50 55 671
55 50 671
50 65 319
65 50 319
50 66 968
66 50 968
50 58 397
58 50 397
50 57 852
57 50 852
50 78 890
78 50 890
50 67 341
67 50 341
50 75 16
75 50 16
50 64 792
64 50 792
51 76 575
76 51 575
51 71 256
71 51 256
51 83 648
83 51 648
52 56 975
56 52 975
52 79 138
79 52 138
52 81 555
81 52 555
52 75 252
75 52 252
52 57 948
57 52 948
52 63 616
63 52 616
52 77 609
77 52 609
52 72 779
72 52 779
53 62 752
62 53 752
53 74 115
74 53 115
53 84 449
84 53 449
53 71 556
71 53 556
53 55 322
55 53 322
53 64 225
64 53 225
53 75 557
75 53 557
54 65 928
65 54 928
54 58 982
58 54 982
54 81 925
81 54 925
54 66 637
66 54 637
54 78 330
78 54 330
55 71 250
71 55 250
55 74 588
74 55 588
56 57 765
57 56 765
56 72 3
72 56 3
56 56 172
56 56 172
56 61 200
61 56 200
56 71 370
71 56 370
57 79 963
79 57 963
58 74 372
74 58 372
58 74 422
74 58 422
58 78 134
78 58 134
58 84 187
84 58 187
58 70 7
70 58 7
58 75 802
75 58 802
58 85 216
85 58 216
59 60 288
60 59 288
59 73 993
73 59 993
59 65 167
65 59 167
59 83 805
83 59 805
59 73 478
73 59 478
60 78 890
78 60 890
60 69 628
69 60 628
60 73 228
73 60 228
60 65 254
65 60 254
60 68 869
68 60 869
61 64 751
64 61 751
61 81 234
81 61 234
61 72 700
72 61 700
61 66 655
66 61 655
62 69 1000
69 62 1000
62 69 445
69 62 445
62 65 113
65 62 113
62 70 647
70 62 647
62 82 221
82 62 221
62 84 759
84 62 759
63 81 979
81 63 979
63 77 520
77 63 520
63 74 43
74 63 43
63 76 500
76 63 500
63 70 370
70 63 370
64 67 985
67 64 985
64 70 683
70 64 683
64 66 383
66 64 383
65 69 196
69 65 196
65 72 920
72 65 920
65 69 377
69 65 377
65 75 500
75 65 500
66 71 387
71 66 387
66 81 373
81 66 373
66 84 16
84 66 16
67 75 372
75 67 372
67 81 897
81 67 897
67 73 763
73 67 763
67 69 120
69 67 120
67 79 575
79 67 575
67 70 128
70 67 128
68 68 383
68 68 383
68 76 180
76 68 180
69 75 189
75 69 189
69 85 397
85 69 397
69 77 528
77 69 528
69 76 252
76 69 252
69 84 654
84 69 654
70 82 134
82 70 134
70 76 678
76 70 678
71 84 958
84 71 958
71 82 154
82 71 154
71 74 965
74 71 965
71 82 749
82 71 749
72 81 599
81 72 599
72 80 220
80 72 220
72 73 734
73 72 734
72 72 759
72 72 759
73 77 44
77 73 44
73 77 966
77 73 966
74 83 212
83 74 212
75 80 382
80 75 382
75 77 642
77 75 642
76 77 562
77 76 562
76 81 350
81 76 350
76 80 413
80 76 413
77 82 730
82 77 730
77 81 402
81 77 402
77 80 233
80 77 233
77 83 871
83 77 871
77 82 330
82 77 330
78 82 440
82 78 440
78 83 131
83 78 131
78 84 631
84 78 631
79 81 327
81 79 327
79 80 706
80 79 706
79 82 625
82 79 625
80 84 864
84 80 864
