67

0 1 767
1 0 767
0 2 235
2 0 235
0 25 539
25 0 539
0 58 593
58 0 593
0 38 752
38 0 752
0 64 892
64 0 892
0 33 91
33 0 91
1 3 538
3 1 538
1 4 641
4 1 641
1 5 925
5 1 925
1 23 649
23 1 649
1 51 416
51 1 416
1 7 387
7 1 387
2 7 113
7 2 113
2 31 976
31 2 976
2 32 310
32 2 310
2 42 214
42 2 214
2 37 61
37 2 61
3 6 733
6 3 733
3 13 385
13 3 385
3 15 456
15 3 456
3 17 87
17 3 87
3 41 720
41 3 720
3 51 978
51 3 978
3 3 604
3 3 604
3 33 476
33 3 476
3 59 362
59 3 362
3 65 802
65 3 802
4 37 802
37 4 802
4 54 791
54 4 791
4 66 847
66 4 847
4 65 211
65 4 211
4 40 690
40 4 690
5 8 161
8 5 161
5 10 761
10 5 761
5 11 281
11 5 281
5 14 507
14 5 507
5 5 182
5 5 182
5 47 411
47 5 411
5 19 632
19 5 632
6 12 388
12 6 388
6 65 474
65 6 474
6 46 555
46 6 555
6 38 311
38 6 311
6 8 255
8 6 255
7 12 536
12 7 536
7 28 391
28 7 391
7 65 172
65 7 172
7 49 212
49 7 212
8 9 907
9 8 907
8 34 599
34 8 599
8 60 79
60 8 79
8 66 41
66 8 41
8 38 81
38 8 81
8 41 231
41 8 231
8 50 821
50 8 821
9 47 797
47 9 797
9 14 174
14 9 174
10 19 673
19 10 673
10 35 581
35 10 581
10 56 332
56 10 332
10 57 311
57 10 311
11 40 419
40 11 419
12 62 422
62 12 422
12 60 348
60 12 348
12 60 694
60 12 694
13 18 346
18 13 346
13 55 139
55 13 139
13 13 310
13 13 310
13 18 51
18 13 51
13 15 837
15 13 837
13 18 434
18 13 434
13 53 936
53 13 936
14 21 355
21 14 355
14 30 519
30 14 519
14 33 826
33 14 826
14 39 21
39 14 21
14 44 369
44 14 369
15 16 734
16 15 734
15 66 479
66 15 479
15 42 853
42 15 853
16 48 38
48 16 38
16 17 724
17 16 724
16 63 568
63 16 568
16 24 62
24 16 62
16 19 304
19 16 304
16 64 78
64 16 78
16 58 542
58 16 542
16 27 711
27 16 711
17 17 565
17 17 565
17 58 82
58 17 82
17 47 834
47 17 834
18 20 549
20 18 549
18 22 938
22 18 938
18 18 121
18 18 121
18 63 245
63 18 245
18 27 71
27 18 71
18 27 521
27 18 521
18 21 708
21 18 708
20 29 584
29 20 584
20 46 699
46 20 699
20 47 306
47 20 306
20 38 326
38 20 326
20 41 954
41 20 954
21 44 401
44 21 401
21 43 878
43 21 878
21 63 602
63 21 602
22 24 60
24 22 60
22 48 97
48 22 97
22 58 253
58 22 253
22 54 538
54 22 538
22 27 766
27 22 766
22 36 118
36 22 118
23 43 488
43 23 488
23 30 94
30 23 94
23 28 522
28 23 522
24 26 6
26 24 6
24 27 213
27 24 213
24 36 514
36 24 514
24 45 837
45 24 837
24 57 762
57 24 762
24 34 729
34 24 729
25 35 516
35 25 516
25 40 223
40 25 223
25 48 100
48 25 100
25 34 473
34 25 473
26 49 173
49 26 173
26 46 551
46 26 551
26 43 941
43 26 941
27 40 287
40 27 287
27 46 367
46 27 367
27 52 65
52 27 65
27 53 189
53 27 189
27 42 446
42 27 446
28 38 734
38 28 734
28 61 99
61 28 99
28 64 542
64 28 542
28 65 192
65 28 192
28 57 982
57 28 982
28 35 795
35 28 795
28 64 164
64 28 164
29 50 962
50 29 962
29 55 690
55 29 690
29 66 450
66 29 450
29 51 207
51 29 207
30 39 862
39 30 862
30 59 351
59 30 351
30 30 888
30 30 888
31 48 406
48 31 406
31 59 870
59 31 870
31 37 640
37 31 640
31 52 31
52 31 31
32 56 156
56 32 156
32 58 998
58 32 998
32 50 216
50 32 216
33 65 897
65 33 897
33 39 549
39 33 549
34 59 17
59 34 17
34 56 529
56 34 529
34 44 989
44 34 989
35 41 96
41 35 96
35 47 837
47 35 837
36 55 152
55 36 152
36 60 799
60 36 799
37 65 96
65 37 96
38 57 720
57 38 720
38 40 587
40 38 587
39 57 871
57 39 871
39 47 996
47 39 996
39 64 401
64 39 401
40 55 20
55 40 20
41 56 627
56 41 627
41 62 506
62 41 506
41 66 593
66 41 593
42 49 729
49 42 729
42 42 766
42 42 766
43 44 251
44 43 251
43 46 18
46 43 18
44 49 832
49 44 832
45 51 244
51 45 244
46 51 876
51 46 876
46 53 464
53 46 464
47 63 51
63 47 51
48 53 303
53 48 303
50 52 156
52 50 156
50 59 653
59 50 653
51 65 622
65 51 622
52 55 238
55 52 238
54 60 164
60 54 164
55 65 490
65 55 490
56 66 160
66 56 160
58 66 691
66 58 691
59 65 819
65 59 819
59 60 882
60 59 882
62 66 550
66 62 550
62 66 165
66 62 165
63 65 552
65 63 552
