50

0 1 303
1 0 303
0 2 309
2 0 309
0 6 534
6 0 534
0 7 918
7 0 918
0 13 223
13 0 223
0 18 303
18 0 303
0 48 301
48 0 301
0 20 725
20 0 725
0 31 983
31 0 983
0 28 711
28 0 711
0 35 363
35 0 363
1 3 287
3 1 287
1 5 716
5 1 716
1 8 608
8 1 608
1 26 366
26 1 366
1 31 749
31 1 749
1 44 423
44 1 423
1 46 785
46 1 785
1 42 535
42 1 535
1 34 766
34 1 766
1 39 620
39 1 620
1 44 5
44 1 5
1 4 458
4 1 458
2 4 229
4 2 229
2 15 165
15 2 165
2 24 946
24 2 946
2 37 171
37 2 171
2 17 10
17 2 10
2 45 466
45 2 466
2 31 585
31 2 585
2 37 602
37 2 602
2 27 678
27 2 678
2 4 857
4 2 857
3 17 489
17 3 489
3 23 689
23 3 689
3 32 238
32 3 238
4 12 663
12 4 663
4 20 643
20 4 643
4 36 588
36 4 588
4 43 16
43 4 16
4 12 356
12 4 356
4 41 330
41 4 330
4 48 104
48 4 104
4 44 712
44 4 712
4 7 494
7 4 494
4 31 553
31 4 553
5 18 504
18 5 504
5 41 91
41 5 91
5 9 69
9 5 69
5 42 455
42 5 455
5 33 230
33 5 230
5 10 458
10 5 458
5 46 455
46 5 455
5 39 189
39 5 189
6 21 850
21 6 850
6 34 613
34 6 613
6 41 74
41 6 74
6 24 255
24 6 255
6 15 992
15 6 992
6 17 188
17 6 188
7 9 460
9 7 460
7 11 456
11 7 456
7 20 496
20 7 496
7 28 658
28 7 658
7 12 129
12 7 129
7 49 623
49 7 623
7 42 825
42 7 825
7 18 696
18 7 696
7 38 390
38 7 390
7 16 391
16 7 391
7 35 209
35 7 209
7 38 979
38 7 979
7 42 948
42 7 948
8 42 516
42 8 516
8 20 126
20 8 126
8 18 796
18 8 796
8 13 234
13 8 234
8 28 521
28 8 521
8 41 192
41 8 192
9 10 811
10 9 811
9 26 987
26 9 987
9 47 826
47 9 826
9 32 55
32 9 55
9 34 26
34 9 26
9 25 915
25 9 915
9 31 349
31 9 349
9 47 647
47 9 647
9 18 902
18 9 902
10 33 443
33 10 443
10 37 971
37 10 971
11 23 578
23 11 578
11 32 624
32 11 624
11 14 743
14 11 743
11 49 18
49 11 18
11 24 589
24 11 589
11 20 394
20 11 394
11 14 190
14 11 190
11 38 259
38 11 259
12 33 97
33 12 97
12 43 513
43 12 513
12 39 250
39 12 250
12 46 774
46 12 774
12 45 700
45 12 700
12 28 252
28 12 252
12 42 404
42 12 404
13 14 336
14 13 336
13 38 714
38 13 714
13 40 422
40 13 422
13 36 117
36 13 117
13 47 763
47 13 763
13 23 15
23 13 15
13 43 887
43 13 887
13 36 473
36 13 473
14 47 931
47 14 931
14 42 986
42 14 986
15 16 744
16 15 744
15 25 887
25 15 887
15 48 250
48 15 250
15 45 668
45 15 668
15 17 97
17 15 97
15 48 813
48 15 813
15 30 864
30 15 864
15 25 545
25 15 545
15 35 275
35 15 275
16 24 923
24 16 923
16 33 496
33 16 496
16 45 609
45 16 609
17 22 396
22 17 396
17 28 3
28 17 3
17 27 684
27 17 684
17 32 408
32 17 408
17 39 735
39 17 735
17 24 331
24 17 331
17 28 300
28 17 300
17 28 29
28 17 29
18 19 484
19 18 484
18 29 871
29 18 871
18 47 237
47 18 237
18 40 356
40 18 356
19 21 186
21 19 186
19 40 983
40 19 983
19 33 233
33 19 233
19 47 295
47 19 295
19 48 924
48 19 924
20 30 396
30 20 396
20 40 882
40 20 882
20 24 803
24 20 803
21 45 332
45 21 332
21 30 33
30 21 33
21 28 674
28 21 674
21 45 572
45 21 572
21 33 407
33 21 407
21 24 130
24 21 130
22 47 469
47 22 469
22 34 439
34 22 439
22 44 338
44 22 338
22 28 648
28 22 648
22 44 638
44 22 638
22 46 683
46 22 683
23 34 409
34 23 409
23 35 829
35 23 829
23 40 162
40 23 162
24 27 357
27 24 357
24 38 797
38 24 797
24 29 645
29 24 645
24 42 683
42 24 683
24 47 222
47 24 222
24 43 207
43 24 207
24 38 577
38 24 577
25 34 192
34 25 192
25 37 412
37 25 412
25 32 469
32 25 469
26 27 4
27 26 4
26 49 743
49 26 743
26 35 540
35 26 540
27 35 921
35 27 921
28 42 95
42 28 95
28 42 261
42 28 261
28 47 75
47 28 75
28 30 639
30 28 639
28 45 22
45 28 22
28 38 207
38 28 207
29 35 91
35 29 91
29 38 542
38 29 542
29 41 586
41 29 586
29 33 466
33 29 466
30 37 146
37 30 146
30 39 958
39 30 958
30 36 523
36 30 523
30 47 155
47 30 155
30 49 580
49 30 580
30 42 714
42 30 714
31 49 486
49 31 486
31 41 887
41 31 887
31 32 875
32 31 875
31 49 664
49 31 664
32 41 824
41 32 824
32 46 998
46 32 998
32 43 515
43 32 515
32 38 422
38 32 422
34 36 159
36 34 159
34 39 446
39 34 446
34 49 286
49 34 286
36 40 864
40 36 864
36 36 436
36 36 436
36 48 952
48 36 952
36 48 975
48 36 975
37 42 21
42 37 21
37 37 724
37 37 724
38 39 189
39 38 189
39 48 853
48 39 853
39 41 568
41 39 568
40 49 257
49 40 257
40 47 861
47 40 861
41 48 107
48 41 107
41 48 107
48 41 107
42 45 710
45 42 710
42 45 432
45 42 432
44 49 521
49 44 521
44 46 365
46 44 365
44 47 445
47 44 445
