90

0 1 813
1 0 813
0 4 772
4 0 772
0 9 316
9 0 316
0 10 43
10 0 43
0 79 5
79 0 5
0 40 281
40 0 281
1 2 28
2 1 28
1 3 575
3 1 575
1 5 883
5 1 883
1 8 565
8 1 565
1 20 11
20 1 11
1 21 481
21 1 481
1 66 252
66 1 252
1 26 50
26 1 50
1 63 781
63 1 781
2 31 674
31 2 674
2 18 829
18 2 829
3 13 664
13 3 664
3 19 57
19 3 57
3 84 963
84 3 963
3 32 877
32 3 877
3 41 278
41 3 278
3 85 456
85 3 456
4 11 331
11 4 331
4 17 220
17 4 220
4 36 353
36 4 353
4 81 436
81 4 436
4 82 555
82 4 555
4 41 324
41 4 324
4 83 306
83 4 306
4 41 347
41 4 347
5 6 535
6 5 535
5 7 38
7 5 38
5 18 836
18 5 836
5 54 973
54 5 973
5 81 237
81 5 237
5 76 519
76 5 519
5 28 856
28 5 856
6 12 37
12 6 37
6 14 619
14 6 619
6 34 780
34 6 780
6 58 84
58 6 84
6 61 779
61 6 779
6 77 583
77 6 583
6 10 190
10 6 190
6 78 614
78 6 614
6 15 45
15 6 45
7 37 540
37 7 540
7 73 926
73 7 926
8 33 660
33 8 660
8 41 369
41 8 369
8 44 117
44 8 117
8 66 136
66 8 136
8 86 686
86 8 686
9 22 206
22 9 206
9 23 424
23 9 424
9 26 969
26 9 969
9 53 555
53 9 555
9 63 503
63 9 503
9 65 929
65 9 929
10 52 33
52 10 33
10 59 525
59 10 525
10 84 502
84 10 502
10 23 324
23 10 324
10 32 123
32 10 123
10 79 580
79 10 580
11 56 724
56 11 724
11 37 855
37 11 855
12 15 60
15 12 60
12 86 158
86 12 158
13 16 986
16 13 986
13 28 425
28 13 425
13 88 34
88 13 34
13 78 906
78 13 906
13 43 994
43 13 994
13 70 36
70 13 36
14 24 580
24 14 580
14 37 672
37 14 672
14 47 972
47 14 972
14 24 103
24 14 103
14 21 522
21 14 522
14 15 986
15 14 986
14 62 531
62 14 531
15 65 23
65 15 23
15 43 50
43 15 50
15 76 273
76 15 273
15 35 506
35 15 506
16 30 959
30 16 959
17 25 793
25 17 793
17 60 996
60 17 996
18 89 577
89 18 577
18 81 752
81 18 752
19 40 104
40 19 104
19 74 641
74 19 641
20 27 984
27 20 984
20 38 368
38 20 368
20 65 112
65 20 112
20 72 541
72 20 541
20 63 255
63 20 255
20 23 698
23 20 698
20 78 465
78 20 465
21 29 197
29 21 197
22 29 986
29 22 986
22 32 462
32 22 462
22 35 543
35 22 543
22 43 599
43 22 599
22 37 470
37 22 470
22 69 584
69 22 584
23 68 253
68 23 253
24 42 718
42 24 718
24 54 595
54 24 595
25 31 271
31 25 271
25 39 977
39 25 977
25 43 974
43 25 974
26 39 195
39 26 195
26 45 189
45 26 189
26 86 156
86 26 156
27 30 365
30 27 365
27 48 557
48 27 557
27 55 343
55 27 343
27 67 434
67 27 434
27 55 678
55 27 678
28 85 31
85 28 31
29 38 772
38 29 772
29 62 392
62 29 392
31 38 535
38 31 535
32 73 528
73 32 528
33 50 587
50 33 587
33 75 762
75 33 762
33 51 140
51 33 140
33 75 324
75 33 324
34 62 754
62 34 754
35 57 917
57 35 917
35 71 13
71 35 13
40 70 472
70 40 472
41 76 4
76 41 4
41 70 151
70 41 151
42 86 275
86 42 275
42 60 799
60 42 799
42 64 609
64 42 609
42 66 708
66 42 708
43 49 543
49 43 543
43 51 733
51 43 733
43 52 677
52 43 677
44 56 113
56 44 113
44 67 131
67 44 131
44 88 437
88 44 437
45 46 725
46 45 725
45 69 564
69 45 564
45 83 727
83 45 727
45 52 41
52 45 41
46 80 979
80 46 979
46 80 866
80 46 866
47 64 690
64 47 690
51 83 121
83 51 121
51 62 874
62 51 874
52 77 423
77 52 423
53 80 194
80 53 194
53 71 163
71 53 163
53 53 112
53 53 112
53 67 209
67 53 209
54 77 776
77 54 776
55 75 624
75 55 624
57 69 310
69 57 310
57 61 622
61 57 622
58 59 490
59 58 490
58 72 417
72 58 417
58 76 542
76 58 542
58 84 607
84 58 607
58 88 215
88 58 215
60 85 532
85 60 532
61 79 454
79 61 454
61 74 299
74 61 299
62 73 279
73 62 279
64 68 548
68 64 548
66 83 97
83 66 97
66 88 104
88 66 104
67 75 179
75 67 179
69 76 138
76 69 138
72 72 1
72 72 1
73 84 611
84 73 611
73 83 618
83 73 618
75 78 268
78 75 268
77 89 407
89 77 407
77 88 966
88 77 966
77 88 938
88 77 938
77 88 805
88 77 805
78 82 278
82 78 278
78 83 889
83 78 889
79 87 868
87 79 868
82 83 936
83 82 936
83 88 446
88 83 446
