73

0 1 351
1 0 351
0 3 968
3 0 968
0 7 746
7 0 746
0 15 862
15 0 862
0 21 365
21 0 365
0 68 114
68 0 114
0 28 895
28 0 895
0 55 550
55 0 550
1 2 705
2 1 705
1 28 467
28 1 467
1 3 975
3 1 975
1 55 225
55 1 225
1 1 745
1 1 745
1 30 95
30 1 95
1 51 326
51 1 326
1 45 477
45 1 477
1 17 34
17 1 34
1 27 831
27 1 831
1 10 405
10 1 405
2 17 573
17 2 573
2 65 10
65 2 10
2 52 968
52 2 968
2 71 940
71 2 940
2 6 811
6 2 811
2 7 969
7 2 969
3 4 837
4 3 837
3 6 206
6 3 206
3 12 992
12 3 992
3 19 465
19 3 465
3 12 878
12 3 878
3 71 756
71 3 756
3 49 934
49 3 934
3 20 958
20 3 958
4 5 350
5 4 350
4 45 714
45 4 714
4 68 57
68 4 57
4 20 900
20 4 900
4 50 635
50 4 635
4 16 977
16 4 977
5 8 366
8 5 366
5 13 534
13 5 534
5 65 798
65 5 798
5 57 437
57 5 437
5 45 731
45 5 731
5 43 901
43 5 901
6 11 563
11 6 563
6 20 611
20 6 611
6 53 460
53 6 460
6 64 297
64 6 297
6 56 122
56 6 122
6 27 224
27 6 224
6 72 651
72 6 651
6 48 644
48 6 644
6 30 644
30 6 644
6 20 524
20 6 524
7 58 468
58 7 468
7 69 725
69 7 725
7 15 724
15 7 724
7 40 992
40 7 992
7 70 707
70 7 707
8 9 23
9 8 23
8 51 579
51 8 579
8 19 283
19 8 283
8 26 709
26 8 709
8 25 705
25 8 705
8 32 387
32 8 387
8 36 784
36 8 784
9 10 888
10 9 888
9 23 303
23 9 303
9 15 107
15 9 107
9 64 140
64 9 140
9 15 2
15 9 2
9 44 21
44 9 21
9 28 47
28 9 47
10 49 510
49 10 510
10 34 881
34 10 881
10 14 632
14 10 632
11 36 502
36 11 502
11 38 854
38 11 854
11 34 361
34 11 361
11 43 871
43 11 871
11 28 877
28 11 877
11 62 788
62 11 788
12 16 99
16 12 99
12 31 334
31 12 334
12 64 93
64 12 93
12 55 130
55 12 130
12 31 26
31 12 26
13 14 78
14 13 78
13 18 833
18 13 833
13 30 931
30 13 931
13 32 877
32 13 877
13 39 940
39 13 940
13 54 93
54 13 93
13 61 981
61 13 981
14 25 92
25 14 92
14 60 626
60 14 626
14 29 988
29 14 988
14 57 704
57 14 704
15 22 643
22 15 643
15 35 891
35 15 891
15 59 730
59 15 730
15 48 524
48 15 524
15 22 496
22 15 496
15 70 330
70 15 330
15 48 742
48 15 742
15 23 780
23 15 780
15 29 256
29 15 256
15 16 228
16 15 228
16 37 904
37 16 904
16 42 9
42 16 9
16 46 349
46 16 349
16 48 447
48 16 447
16 38 904
38 16 904
16 49 151
49 16 151
16 54 743
54 16 743
16 30 820
30 16 820
16 53 233
53 16 233
16 29 652
29 16 652
17 67 765
67 17 765
17 58 638
58 17 638
17 62 657
62 17 657
17 68 147
68 17 147
18 47 321
47 18 321
18 54 302
54 18 302
18 53 835
53 18 835
18 27 182
27 18 182
18 65 489
65 18 489
18 37 948
37 18 948
18 33 157
33 18 157
18 56 358
56 18 358
18 35 625
35 18 625
18 19 407
19 18 407
20 57 747
57 20 747
20 58 822
58 20 822
20 37 402
37 20 402
20 37 635
37 20 635
20 25 577
25 20 577
20 28 459
28 20 459
20 56 334
56 20 334
20 58 79
58 20 79
21 24 807
24 21 807
21 40 243
40 21 243
21 39 399
39 21 399
21 38 103
38 21 103
22 31 824
31 22 824
22 52 187
52 22 187
22 35 236
35 22 236
22 46 212
46 22 212
22 51 57
51 22 57
22 49 16
49 22 16
22 35 814
35 22 814
23 26 228
26 23 228
23 27 398
27 23 398
23 38 492
38 23 492
23 55 214
55 23 214
23 70 571
70 23 571
23 41 931
41 23 931
23 40 283
40 23 283
23 71 822
71 23 822
24 29 268
29 24 268
24 43 12
43 24 12
24 58 869
58 24 869
24 72 352
72 24 352
24 29 146
29 24 146
24 71 630
71 24 630
24 27 734
27 24 734
24 53 540
53 24 540
24 45 946
45 24 946
24 25 693
25 24 693
25 70 758
70 25 758
25 41 847
41 25 847
25 29 116
29 25 116
25 34 599
34 25 599
26 41 732
41 26 732
26 44 758
44 26 758
26 48 823
48 26 823
26 43 823
43 26 823
26 65 67
65 26 67
26 55 523
55 26 523
27 33 658
33 27 658
27 49 118
49 27 118
27 72 37
72 27 37
27 33 905
33 27 905
27 63 136
63 27 136
28 56 112
56 28 112
28 52 846
52 28 846
28 44 628
44 28 628
28 59 500
59 28 500
29 34 511
34 29 511
29 49 180
49 29 180
30 62 29
62 30 29
30 43 661
43 30 661
30 45 981
45 30 981
31 43 793
43 31 793
32 51 87
51 32 87
33 50 452
50 33 452
33 63 790
63 33 790
33 56 231
56 33 231
33 45 997
45 33 997
34 63 832
63 34 832
34 60 943
60 34 943
35 37 377
37 35 377
36 51 304
51 36 304
37 46 87
46 37 87
37 60 11
60 37 11
37 72 556
72 37 556
38 71 325
71 38 325
39 63 387
63 39 387
39 51 146
51 39 146
39 59 958
59 39 958
39 44 768
44 39 768
40 57 940
57 40 940
40 42 124
42 40 124
40 60 922
60 40 922
40 67 299
67 40 299
40 61 378
61 40 378
41 55 325
55 41 325
41 51 471
51 41 471
41 51 916
51 41 916
43 59 446
59 43 446
43 57 319
57 43 319
43 61 823
61 43 823
44 67 62
67 44 62
46 64 573
64 46 573
47 55 801
55 47 801
47 58 151
58 47 151
47 71 64
71 47 64
48 55 639
55 48 639
48 59 769
59 48 769
48 60 351
60 48 351
51 57 919
57 51 919
51 57 33
57 51 33
52 56 446
56 52 446
52 55 694
55 52 694
52 53 535
53 52 535
52 56 269
56 52 269
53 62 514
62 53 514
54 62 723
62 54 723
54 69 498
69 54 498
55 62 972
62 55 972
57 61 549
61 57 549
57 63 933
63 57 933
57 60 841
60 57 841
58 69 481
69 58 481
58 62 515
62 58 515
59 72 198
72 59 198
60 62 642
62 60 642
62 72 850
72 62 850
63 72 150
72 63 150
63 71 653
71 63 653
64 71 676
71 64 676
65 66 142
66 65 142
67 70 295
70 67 295
68 70 284
70 68 284
69 70 917
70 69 917
