18

0 1 116
1 0 116
0 7 39
7 0 39
0 9 709
9 0 709
0 13 211
13 0 211
0 11 187
11 0 187
1 2 995
2 1 995
1 4 567
4 1 567
1 5 262
5 1 262
1 17 105
17 1 105
1 1 909
1 1 909
2 3 816
3 2 816
3 8 261
8 3 261
3 12 814
12 3 814
4 6 776
6 4 776
4 12 621
12 4 621
5 11 623
11 5 623
6 14 38
14 6 38
6 10 363
10 6 363
8 15 225
15 8 225
9 10 64
10 9 64
11 11 613
11 11 613
11 15 232
15 11 232
15 16 172
16 15 172
