73

0 1 188
1 0 188
0 2 239
2 0 239
0 6 840
6 0 840
0 14 884
14 0 884
0 31 475
31 0 475
0 72 69
72 0 69
0 48 275
48 0 275
1 3 842
3 1 842
1 4 255
4 1 255
1 5 508
5 1 508
1 26 877
26 1 877
1 51 424
51 1 424
1 1 962
1 1 962
1 31 617
31 1 617
1 5 426
5 1 426
2 7 792
7 2 792
2 19 232
19 2 232
2 30 496
30 2 496
2 34 801
34 2 801
3 9 423
9 3 423
3 54 791
54 3 791
3 52 752
52 3 752
4 10 753
10 4 753
4 23 572
23 4 572
5 20 588
20 5 588
5 53 500
53 5 500
5 18 263
18 5 263
5 60 209
60 5 209
5 16 326
16 5 326
6 8 538
8 6 538
6 42 10
42 6 10
6 70 839
70 6 839
6 48 387
48 6 387
6 39 609
39 6 609
6 66 366
66 6 366
7 25 592
25 7 592
7 22 740
22 7 740
7 52 532
52 7 532
8 13 473
13 8 473
8 15 647
15 8 647
8 10 746
10 8 746
8 43 163
43 8 163
8 13 471
13 8 471
9 16 103
16 9 103
9 41 93
41 9 93
9 15 810
15 9 810
9 44 551
44 9 551
10 11 586
11 10 586
10 12 196
12 10 196
10 36 678
36 10 678
11 47 286
47 11 286
11 65 557
65 11 557
11 58 53
58 11 53
11 32 257
32 11 257
11 47 13
47 11 13
12 13 478
13 12 478
13 18 335
18 13 335
13 32 393
32 13 393
13 37 779
37 13 779
13 40 869
40 13 869
14 51 135
51 14 135
15 17 340
17 15 340
15 22 376
22 15 376
15 39 506
39 15 506
15 23 542
23 15 542
16 70 237
70 16 237
16 64 987
64 16 987
17 27 805
27 17 805
17 45 946
45 17 946
17 60 160
60 17 160
18 21 525
21 18 525
18 28 765
28 18 765
18 33 257
33 18 257
18 35 686
35 18 686
18 63 471
63 18 471
18 42 802
42 18 802
18 62 327
62 18 327
20 58 878
58 20 878
20 34 619
34 20 619
22 72 49
72 22 49
22 37 115
37 22 115
23 24 291
24 23 291
23 39 966
39 23 966
23 40 647
40 23 647
24 30 886
30 24 886
24 34 232
34 24 232
24 61 388
61 24 388
25 57 882
57 25 882
25 62 241
62 25 241
26 46 917
46 26 917
26 52 976
52 26 976
26 60 430
60 26 430
26 27 237
27 26 237
27 29 469
29 27 469
28 59 368
59 28 368
31 53 22
53 31 22
31 56 437
56 31 437
32 38 25
38 32 25
37 43 659
43 37 659
37 44 131
44 37 131
38 51 165
51 38 165
39 42 609
42 39 609
39 45 369
45 39 369
40 50 862
50 40 862
41 60 471
60 41 471
42 44 969
44 42 969
42 72 99
72 42 99
43 67 141
67 43 141
44 55 369
55 44 369
44 51 968
51 44 968
45 67 906
67 45 906
45 70 876
70 45 876
46 49 357
49 46 357
46 53 603
53 46 603
46 51 976
51 46 976
47 48 490
48 47 490
47 50 862
50 47 862
50 64 710
64 50 710
50 65 853
65 50 853
50 68 815
68 50 815
50 69 900
69 50 900
51 56 357
56 51 357
53 66 210
66 53 210
55 60 577
60 55 577
55 69 376
69 55 376
56 71 959
71 56 959
56 71 524
71 56 524
57 61 937
61 57 937
58 67 69
67 58 69
62 63 912
63 62 912
63 64 533
64 63 533
65 70 379
70 65 379
68 72 372
72 68 372
