82

0 1 297
1 0 297
0 2 112
2 0 112
0 25 424
25 0 424
0 38 429
38 0 429
0 42 599
42 0 599
0 62 905
62 0 905
0 64 314
64 0 314
1 4 747
4 1 747
1 6 503
6 1 503
1 18 338
18 1 338
2 3 243
3 2 243
2 5 378
5 2 378
2 24 748
24 2 748
3 26 1000
26 3 1000
3 65 735
65 3 735
4 8 467
8 4 467
4 29 162
29 4 162
6 7 177
7 6 177
6 19 697
19 6 697
7 10 593
10 7 593
7 13 640
13 7 640
7 16 942
16 7 942
7 17 625
17 7 625
7 40 613
40 7 613
7 44 157
44 7 157
8 9 341
9 8 341
8 11 342
11 8 342
8 14 679
14 8 679
8 20 830
20 8 830
9 34 393
34 9 393
9 57 864
57 9 864
9 59 87
59 9 87
9 57 59
57 9 59
9 22 208
22 9 208
10 15 814
15 10 814
10 27 855
27 10 855
10 28 400
28 10 400
10 33 588
33 10 588
11 12 149
12 11 149
12 32 75
32 12 75
12 39 998
39 12 998
12 60 230
60 12 230
13 37 439
37 13 439
14 56 474
56 14 474
15 23 485
23 15 485
15 72 727
72 15 727
16 21 444
21 16 444
16 22 91
22 16 91
16 71 967
71 16 967
17 73 543
73 17 543
18 36 842
36 18 842
19 54 568
54 19 568
20 51 342
51 20 342
20 53 447
53 20 447
22 45 868
45 22 868
22 43 766
43 22 766
23 46 428
46 23 428
24 31 431
31 24 431
24 63 681
63 24 681
24 76 399
76 24 399
25 28 229
28 25 229
26 43 478
43 26 478
26 48 287
48 26 287
26 70 421
70 26 421
27 50 626
50 27 626
28 30 716
30 28 716
28 68 385
68 28 385
29 35 387
35 29 387
30 47 97
47 30 97
32 41 604
41 32 604
32 74 901
74 32 901
33 69 592
69 33 592
34 49 770
49 34 770
39 78 378
78 39 378
42 52 559
52 42 559
42 67 131
67 42 131
44 55 255
55 44 255
44 72 72
72 44 72
44 75 183
75 44 183
48 58 888
58 48 888
51 75 545
75 51 545
56 80 385
80 56 385
56 58 332
58 56 332
57 61 738
61 57 738
59 79 720
79 59 720
60 71 887
71 60 887
65 66 503
66 65 503
73 81 829
81 73 829
76 77 492
77 76 492
