76

0 1 586
1 0 586
0 2 873
2 0 873
0 3 836
3 0 836
0 8 695
8 0 695
0 13 850
13 0 850
0 23 150
23 0 150
0 25 18
25 0 18
0 46 688
46 0 688
0 11 564
11 0 564
0 59 992
59 0 992
0 47 524
47 0 524
0 50 952
50 0 952
0 4 160
4 0 160
0 10 107
10 0 107
0 40 935
40 0 935
0 29 825
29 0 825
0 29 986
29 0 986
0 31 860
31 0 860
0 59 1000
59 0 1000
0 47 257
47 0 257
0 68 686
68 0 686
0 61 496
61 0 496
0 20 92
20 0 92
0 4 479
4 0 479
0 74 800
74 0 800
0 74 918
74 0 918
0 39 519
39 0 519
0 70 468
70 0 468
0 72 957
72 0 957
0 20 472
20 0 472
1 4 911
4 1 911
1 5 806
5 1 806
1 6 832
6 1 832
1 9 585
9 1 585
1 45 606
45 1 606
1 64 352
64 1 352
1 75 516
75 1 516
1 58 616
58 1 616
1 31 613
31 1 613
1 37 221
37 1 221
1 2 875
2 1 875
1 71 648
71 1 648
1 44 347
44 1 347
1 35 347
35 1 347
1 60 952
60 1 952
1 12 823
12 1 823
1 60 40
60 1 40
1 47 358
47 1 358
1 38 474
38 1 474
1 38 718
38 1 718
1 75 442
75 1 442
1 21 21
21 1 21
1 54 559
54 1 559
1 21 380
21 1 380
1 44 841
44 1 841
1 15 852
15 1 852
1 41 84
41 1 84
1 28 945
28 1 945
2 7 901
7 2 901
2 15 604
15 2 604
2 20 335
20 2 335
2 29 603
29 2 603
2 16 589
16 2 589
2 16 779
16 2 779
2 32 267
32 2 267
2 38 619
38 2 619
2 67 274
67 2 274
2 5 261
5 2 261
2 10 400
10 2 400
2 17 990
17 2 990
2 56 698
56 2 698
2 20 677
20 2 677
2 52 538
52 2 538
2 64 449
64 2 449
2 26 132
26 2 132
2 56 59
56 2 59
2 45 382
45 2 382
3 16 267
16 3 267
3 18 752
18 3 752
3 75 835
75 3 835
3 63 567
63 3 567
3 49 799
49 3 799
3 64 821
64 3 821
3 23 861
23 3 861
3 8 321
8 3 321
3 59 312
59 3 312
3 18 774
18 3 774
3 56 897
56 3 897
3 58 128
58 3 128
4 21 560
21 4 560
4 43 32
43 4 32
4 53 664
53 4 664
4 58 890
58 4 890
4 74 719
74 4 719
4 65 112
65 4 112
4 34 133
34 4 133
4 71 67
71 4 67
5 12 447
12 5 447
5 39 529
39 5 529
5 41 981
41 5 981
5 70 265
70 5 265
5 72 92
72 5 92
5 24 804
24 5 804
5 12 928
12 5 928
5 73 508
73 5 508
5 5 411
5 5 411
5 7 864
7 5 864
5 62 548
62 5 548
5 58 918
58 5 918
5 20 110
20 5 110
5 14 571
14 5 571
6 71 711
71 6 711
6 58 533
58 6 533
6 60 885
60 6 885
6 74 409
74 6 409
6 39 443
39 6 443
6 26 322
26 6 322
6 37 175
37 6 175
6 47 893
47 6 893
7 10 405
10 7 405
7 34 713
34 7 713
7 20 253
20 7 253
7 45 353
45 7 353
7 41 985
41 7 985
7 55 320
55 7 320
7 12 125
12 7 125
7 33 281
33 7 281
7 70 832
70 7 832
7 7 101
7 7 101
7 55 89
55 7 89
7 69 78
69 7 78
7 28 576
28 7 576
7 35 819
35 7 819
7 71 464
71 7 464
8 14 54
14 8 54
8 33 984
33 8 984
8 35 482
35 8 482
8 61 893
61 8 893
8 67 243
67 8 243
8 59 576
59 8 576
8 62 776
62 8 776
8 35 98
35 8 98
9 48 964
48 9 964
9 11 672
11 9 672
9 66 881
66 9 881
9 18 757
18 9 757
9 66 403
66 9 403
9 31 480
31 9 480
9 14 330
14 9 330
9 47 355
47 9 355
9 11 890
11 9 890
9 33 374
33 9 374
9 26 975
26 9 975
9 73 922
73 9 922
10 11 786
11 10 786
10 63 457
63 10 457
10 47 430
47 10 430
10 57 343
57 10 343
10 55 333
55 10 333
10 52 27
52 10 27
10 49 342
49 10 342
10 13 424
13 10 424
11 38 176
38 11 176
11 16 313
16 11 313
11 70 371
70 11 371
11 14 612
14 11 612
11 56 432
56 11 432
11 34 708
34 11 708
11 74 612
74 11 612
11 60 533
60 11 533
11 61 57
61 11 57
11 68 626
68 11 626
12 53 948
53 12 948
12 45 822
45 12 822
12 62 586
62 12 586
12 28 23
28 12 23
12 44 563
44 12 563
12 44 920
44 12 920
12 67 105
67 12 105
12 62 823
62 12 823
12 50 204
50 12 204
12 23 823
23 12 823
12 66 922
66 12 922
12 27 92
27 12 92
12 19 210
19 12 210
13 20 861
20 13 861
13 31 854
31 13 854
13 39 705
39 13 705
13 74 508
74 13 508
13 43 162
43 13 162
13 42 468
42 13 468
13 17 306
17 13 306
13 41 96
41 13 96
13 63 833
63 13 833
13 52 709
52 13 709
13 52 196
52 13 196
13 45 485
45 13 485
14 14 23
14 14 23
14 66 659
66 14 659
14 33 581
33 14 581
14 69 262
69 14 262
14 45 792
45 14 792
14 70 539
70 14 539
14 35 149
35 14 149
15 19 911
19 15 911
15 26 747
26 15 747
15 31 969
31 15 969
15 60 308
60 15 308
15 41 105
41 15 105
15 50 307
50 15 307
15 49 637
49 15 637
15 24 679
24 15 679
15 57 589
57 15 589
15 48 872
48 15 872
15 68 686
68 15 686
15 24 358
24 15 358
15 61 739
61 15 739
15 52 960
52 15 960
16 17 69
17 16 69
16 30 506
30 16 506
16 22 374
22 16 374
16 19 298
19 16 298
16 33 793
33 16 793
16 18 80
18 16 80
16 68 834
68 16 834
16 35 83
35 16 83
16 35 370
35 16 370
16 72 213
72 16 213
16 23 571
23 16 571
16 33 513
33 16 513
17 27 884
27 17 884
17 27 714
27 17 714
17 39 640
39 17 640
17 48 875
48 17 875
17 75 290
75 17 290
17 73 660
73 17 660
17 74 970
74 17 970
17 21 350
21 17 350
17 46 894
46 17 894
17 58 938
58 17 938
17 54 696
54 17 696
17 41 726
41 17 726
17 33 134
33 17 134
18 32 619
32 18 619
18 73 977
73 18 977
18 37 894
37 18 894
18 59 980
59 18 980
18 61 22
61 18 22
18 28 980
28 18 980
18 71 421
71 18 421
18 57 544
57 18 544
18 30 370
30 18 370
18 59 416
59 18 416
18 56 603
56 18 603
19 24 622
24 19 622
19 28 781
28 19 781
19 55 907
55 19 907
19 68 14
68 19 14
19 38 408
38 19 408
19 67 960
67 19 960
19 46 381
46 19 381
19 61 115
61 19 115
19 32 70
32 19 70
19 47 73
47 19 73
19 66 104
66 19 104
19 41 829
41 19 829
19 31 812
31 19 812
19 63 608
63 19 608
20 47 957
47 20 957
20 49 156
49 20 156
20 58 448
58 20 448
20 55 276
55 20 276
20 52 481
52 20 481
20 42 773
42 20 773
20 75 814
75 20 814
20 21 666
21 20 666
20 73 161
73 20 161
20 70 289
70 20 289
20 66 661
66 20 661
20 24 776
24 20 776
21 22 972
22 21 972
21 31 618
31 21 618
21 29 923
29 21 923
21 30 978
30 21 978
21 27 420
27 21 420
21 56 136
56 21 136
21 65 984
65 21 984
21 45 147
45 21 147
21 62 141
62 21 141
21 35 34
35 21 34
21 71 317
71 21 317
21 71 470
71 21 470
22 29 736
29 22 736
22 44 204
44 22 204
22 61 387
61 22 387
22 47 246
47 22 246
22 32 675
32 22 675
22 23 840
23 22 840
22 69 305
69 22 305
22 59 616
59 22 616
22 47 693
47 22 693
23 36 945
36 23 945
23 34 36
34 23 36
23 52 127
52 23 127
23 66 338
66 23 338
23 67 518
67 23 518
23 75 395
75 23 395
23 73 464
73 23 464
23 24 891
24 23 891
24 51 966
51 24 966
24 52 107
52 24 107
24 51 174
51 24 174
24 30 995
30 24 995
24 38 458
38 24 458
24 31 546
31 24 546
24 46 4
46 24 4
24 38 426
38 24 426
24 25 812
25 24 812
24 30 722
30 24 722
25 45 257
45 25 257
25 56 704
56 25 704
25 59 865
59 25 865
25 44 329
44 25 329
25 64 219
64 25 219
25 60 16
60 25 16
25 28 141
28 25 141
26 59 489
59 26 489
26 65 569
65 26 569
26 37 505
37 26 505
26 43 755
43 26 755
27 56 375
56 27 375
27 43 493
43 27 493
27 50 491
50 27 491
27 51 55
51 27 55
27 34 757
34 27 757
27 33 238
33 27 238
27 59 487
59 27 487
28 47 778
47 28 778
28 53 72
53 28 72
28 34 893
34 28 893
28 75 121
75 28 121
28 70 515
70 28 515
28 69 791
69 28 791
28 60 925
60 28 925
28 63 555
63 28 555
29 74 824
74 29 824
29 59 261
59 29 261
29 33 81
33 29 81
29 67 690
67 29 690
29 33 776
33 29 776
29 35 181
35 29 181
29 64 209
64 29 209
29 68 163
68 29 163
29 49 859
49 29 859
30 54 512
54 30 512
30 34 326
34 30 326
30 55 935
55 30 935
30 43 804
43 30 804
30 34 637
34 30 637
30 70 1
70 30 1
30 61 714
61 30 714
30 64 405
64 30 405
30 45 268
45 30 268
30 55 969
55 30 969
30 56 545
56 30 545
30 38 874
38 30 874
31 42 454
42 31 454
31 56 402
56 31 402
31 71 830
71 31 830
31 57 863
57 31 863
31 73 905
73 31 905
31 67 327
67 31 327
31 49 859
49 31 859
31 38 732
38 31 732
31 37 601
37 31 601
31 37 512
37 31 512
31 32 268
32 31 268
32 74 826
74 32 826
32 63 443
63 32 443
32 72 917
72 32 917
32 55 166
55 32 166
32 46 335
46 32 335
32 32 116
32 32 116
33 74 4
74 33 4
33 45 812
45 33 812
33 66 105
66 33 105
33 43 649
43 33 649
33 35 102
35 33 102
33 58 444
58 33 444
33 59 209
59 33 209
33 38 314
38 33 314
34 57 460
57 34 460
34 53 9
53 34 9
34 37 680
37 34 680
34 67 639
67 34 639
34 71 175
71 34 175
34 63 647
63 34 647
34 34 802
34 34 802
34 59 44
59 34 44
35 37 166
37 35 166
35 57 125
57 35 125
35 51 104
51 35 104
35 50 125
50 35 125
35 55 245
55 35 245
35 65 288
65 35 288
35 64 897
64 35 897
36 75 878
75 36 878
36 70 593
70 36 593
36 39 812
39 36 812
36 43 410
43 36 410
36 51 251
51 36 251
36 36 73
36 36 73
36 53 985
53 36 985
36 43 282
43 36 282
37 40 342
40 37 342
37 60 550
60 37 550
37 62 385
62 37 385
37 74 111
74 37 111
37 53 933
53 37 933
37 41 92
41 37 92
37 46 215
46 37 215
37 48 299
48 37 299
37 51 992
51 37 992
38 66 866
66 38 866
38 54 478
54 38 478
38 69 720
69 38 720
38 44 708
44 38 708
38 47 586
47 38 586
38 69 40
69 38 40
38 61 604
61 38 604
38 48 31
48 38 31
39 49 107
49 39 107
39 71 501
71 39 501
39 66 203
66 39 203
39 61 311
61 39 311
40 65 373
65 40 373
40 55 867
55 40 867
40 47 43
47 40 43
40 57 28
57 40 28
40 49 293
49 40 293
40 74 661
74 40 661
40 60 331
60 40 331
41 62 759
62 41 759
41 72 678
72 41 678
41 60 129
60 41 129
41 61 867
61 41 867
41 51 735
51 41 735
42 73 663
73 42 663
42 68 510
68 42 510
42 68 865
68 42 865
42 52 925
52 42 925
42 50 621
50 42 621
43 53 128
53 43 128
43 67 932
67 43 932
43 67 742
67 43 742
43 56 74
56 43 74
44 68 373
68 44 373
44 46 835
46 44 835
44 54 471
54 44 471
44 52 796
52 44 796
44 60 282
60 44 282
44 62 298
62 44 298
45 64 45
64 45 45
45 48 991
48 45 991
45 48 373
48 45 373
45 73 914
73 45 914
45 57 138
57 45 138
46 57 123
57 46 123
46 59 414
59 46 414
46 74 227
74 46 227
46 71 583
71 46 583
46 64 939
64 46 939
46 71 456
71 46 456
46 70 650
70 46 650
46 63 936
63 46 936
47 53 445
53 47 445
47 68 410
68 47 410
47 71 467
71 47 467
47 64 951
64 47 951
47 75 731
75 47 731
48 50 834
50 48 834
48 51 414
51 48 414
48 66 309
66 48 309
48 55 695
55 48 695
48 55 644
55 48 644
48 52 515
52 48 515
49 52 43
52 49 43
49 63 453
63 49 453
49 69 788
69 49 788
49 61 302
61 49 302
49 56 454
56 49 454
49 61 149
61 49 149
49 64 363
64 49 363
49 73 371
73 49 371
49 70 739
70 49 739
50 66 681
66 50 681
50 61 623
61 50 623
50 68 612
68 50 612
50 57 643
57 50 643
50 75 629
75 50 629
50 70 604
70 50 604
50 66 673
66 50 673
51 64 643
64 51 643
51 71 998
71 51 998
51 74 880
74 51 880
51 57 351
57 51 351
51 66 929
66 51 929
51 74 703
74 51 703
52 55 115
55 52 115
52 60 66
60 52 66
52 61 125
61 52 125
52 59 533
59 52 533
52 54 351
54 52 351
52 57 477
57 52 477
53 69 396
69 53 396
53 75 908
75 53 908
53 54 624
54 53 624
53 67 361
67 53 361
54 56 698
56 54 698
54 75 4
75 54 4
56 63 662
63 56 662
56 66 25
66 56 25
57 59 832
59 57 832
57 62 997
62 57 997
57 60 853
60 57 853
58 68 746
68 58 746
58 59 622
59 58 622
58 64 433
64 58 433
59 73 185
73 59 185
60 65 276
65 60 276
60 62 780
62 60 780
60 71 150
71 60 150
61 70 920
70 61 920
62 68 19
68 62 19
62 75 761
75 62 761
62 72 257
72 62 257
63 71 571
71 63 571
65 68 745
68 65 745
65 68 375
68 65 375
65 67 491
67 65 491
67 70 118
70 67 118
67 73 752
73 67 752
69 74 845
74 69 845
69 74 344
74 69 344
70 72 612
72 70 612
70 74 566
74 70 566
