70

0 1 524
1 0 524
0 2 543
2 0 543
0 10 137
10 0 137
0 14 894
14 0 894
0 28 336
28 0 336
0 13 730
13 0 730
0 31 987
31 0 987
0 32 126
32 0 126
0 25 623
25 0 623
0 27 180
27 0 180
0 24 982
24 0 982
0 15 708
15 0 708
1 4 557
4 1 557
1 9 672
9 1 672
1 34 885
34 1 885
1 17 432
17 1 432
1 12 961
12 1 961
1 25 626
25 1 626
1 29 462
29 1 462
1 28 761
28 1 761
1 37 349
37 1 349
1 33 995
33 1 995
1 12 436
12 1 436
1 1 703
1 1 703
1 61 582
61 1 582
1 24 788
24 1 788
1 1 105
1 1 105
1 7 639
7 1 639
1 50 401
50 1 401
2 3 712
3 2 712
2 53 69
53 2 69
2 63 477
63 2 477
2 36 633
36 2 633
2 12 501
12 2 501
2 42 201
42 2 201
2 68 996
68 2 996
2 51 24
51 2 24
2 53 574
53 2 574
2 41 440
41 2 440
2 22 178
22 2 178
2 54 865
54 2 865
2 11 337
11 2 337
2 50 603
50 2 603
3 6 934
6 3 934
3 11 381
11 3 381
3 29 901
29 3 901
3 25 839
25 3 839
3 41 154
41 3 154
3 5 325
5 3 325
3 12 641
12 3 641
3 20 616
20 3 616
3 52 319
52 3 319
4 5 866
5 4 866
4 8 426
8 4 426
4 15 647
15 4 647
4 20 458
20 4 458
4 46 215
46 4 215
4 56 267
56 4 267
4 11 513
11 4 513
4 16 583
16 4 583
4 26 324
26 4 324
4 37 588
37 4 588
4 9 861
9 4 861
5 12 372
12 5 372
5 35 834
35 5 834
5 32 662
32 5 662
5 14 827
14 5 827
5 58 737
58 5 737
5 45 248
45 5 248
5 43 611
43 5 611
5 6 878
6 5 878
5 39 862
39 5 862
5 12 848
12 5 848
6 7 246
7 6 246
6 46 342
46 6 342
6 33 659
33 6 659
6 25 604
25 6 604
6 17 261
17 6 261
6 53 939
53 6 939
6 48 148
48 6 148
6 40 881
40 6 881
6 19 443
19 6 443
7 22 434
22 7 434
7 64 518
64 7 518
7 35 765
35 7 765
7 8 877
8 7 877
7 24 344
24 7 344
7 31 371
31 7 371
7 65 125
65 7 125
7 57 857
57 7 857
8 30 440
30 8 440
8 63 705
63 8 705
8 62 617
62 8 617
8 11 266
11 8 266
8 51 891
51 8 891
8 38 593
38 8 593
8 41 698
41 8 698
8 37 430
37 8 430
8 66 554
66 8 554
8 50 324
50 8 324
9 24 962
24 9 962
9 25 437
25 9 437
9 15 669
15 9 669
9 39 414
39 9 414
9 14 295
14 9 295
9 45 940
45 9 940
9 54 878
54 9 878
9 55 491
55 9 491
9 53 848
53 9 848
9 65 541
65 9 541
9 11 384
11 9 384
9 18 167
18 9 167
9 44 733
44 9 733
9 50 379
50 9 379
9 35 372
35 9 372
10 18 566
18 10 566
10 19 444
19 10 444
10 39 695
39 10 695
10 65 105
65 10 105
10 22 858
22 10 858
10 31 62
31 10 62
10 21 161
21 10 161
10 63 846
63 10 846
10 16 984
16 10 984
10 52 117
52 10 117
10 14 854
14 10 854
10 57 754
57 10 754
10 20 532
20 10 532
10 13 115
13 10 115
11 36 777
36 11 777
11 57 406
57 11 406
11 58 603
58 11 603
11 42 394
42 11 394
11 55 35
55 11 35
11 11 118
11 11 118
11 33 784
33 11 784
11 31 961
31 11 961
11 57 163
57 11 163
12 13 29
13 12 29
12 17 44
17 12 44
12 31 540
31 12 540
12 44 34
44 12 34
12 68 624
68 12 624
12 19 339
19 12 339
12 68 615
68 12 615
12 63 987
63 12 987
12 28 891
28 12 891
12 38 311
38 12 311
13 37 909
37 13 909
13 40 642
40 13 642
13 65 66
65 13 66
13 21 181
21 13 181
14 16 864
16 14 864
14 41 876
41 14 876
14 43 864
43 14 864
14 40 680
40 14 680
14 16 208
16 14 208
15 46 548
46 15 548
15 22 846
22 15 846
15 55 38
55 15 38
15 69 650
69 15 650
15 21 310
21 15 310
15 25 258
25 15 258
15 66 221
66 15 221
16 21 999
21 16 999
16 23 300
23 16 300
16 48 84
48 16 84
16 27 851
27 16 851
16 18 879
18 16 879
16 54 140
54 16 140
16 68 516
68 16 516
16 21 964
21 16 964
17 50 477
50 17 477
17 60 771
60 17 771
17 30 450
30 17 450
17 61 111
61 17 111
17 63 241
63 17 241
17 32 437
32 17 437
17 54 64
54 17 64
17 42 277
42 17 277
17 37 999
37 17 999
18 36 699
36 18 699
18 31 837
31 18 837
18 35 678
35 18 678
18 53 684
53 18 684
18 51 433
51 18 433
19 56 597
56 19 597
19 66 144
66 19 144
19 57 939
57 19 939
19 22 288
22 19 288
19 66 941
66 19 941
19 21 703
21 19 703
19 67 464
67 19 464
19 23 77
23 19 77
19 30 472
30 19 472
20 27 440
27 20 440
20 26 137
26 20 137
20 59 260
59 20 260
20 27 256
27 20 256
20 26 472
26 20 472
21 48 392
48 21 392
21 58 461
58 21 461
21 54 323
54 21 323
21 43 292
43 21 292
21 46 693
46 21 693
21 38 818
38 21 818
21 34 826
34 21 826
21 61 444
61 21 444
21 45 582
45 21 582
22 26 959
26 22 959
22 27 651
27 22 651
22 34 580
34 22 580
22 27 100
27 22 100
22 68 910
68 22 910
22 23 326
23 22 326
22 66 981
66 22 981
22 40 355
40 22 355
22 51 817
51 22 817
22 58 468
58 22 468
23 32 721
32 23 721
23 33 204
33 23 204
23 29 436
29 23 436
23 68 970
68 23 970
23 40 820
40 23 820
24 59 797
59 24 797
24 43 923
43 24 923
24 60 195
60 24 195
24 53 883
53 24 883
24 49 946
49 24 946
24 65 589
65 24 589
24 54 204
54 24 204
24 31 729
31 24 729
24 52 781
52 24 781
24 58 153
58 24 153
24 61 618
61 24 618
25 46 442
46 25 442
25 60 966
60 25 966
25 58 799
58 25 799
25 29 531
29 25 531
25 37 226
37 25 226
25 34 204
34 25 204
26 45 680
45 26 680
26 47 659
47 26 659
26 60 576
60 26 576
26 30 712
30 26 712
26 37 474
37 26 474
26 36 793
36 26 793
27 62 439
62 27 439
27 39 357
39 27 357
27 56 807
56 27 807
28 38 65
38 28 65
28 54 148
54 28 148
28 44 681
44 28 681
28 32 661
32 28 661
28 68 782
68 28 782
28 46 863
46 28 863
28 67 986
67 28 986
28 58 358
58 28 358
29 51 183
51 29 183
29 40 845
40 29 845
29 36 578
36 29 578
29 43 611
43 29 611
29 37 413
37 29 413
29 34 156
34 29 156
29 47 207
47 29 207
29 64 20
64 29 20
30 55 807
55 30 807
30 58 526
58 30 526
30 50 754
50 30 754
31 51 258
51 31 258
31 47 863
47 31 863
31 47 560
47 31 560
31 57 248
57 31 248
32 43 290
43 32 290
32 52 106
52 32 106
32 55 76
55 32 76
32 53 272
53 32 272
32 32 856
32 32 856
32 58 408
58 32 408
32 38 369
38 32 369
33 53 20
53 33 20
33 60 293
60 33 293
33 49 671
49 33 671
34 58 756
58 34 756
34 61 263
61 34 263
34 51 594
51 34 594
34 48 722
48 34 722
34 38 112
38 34 112
34 51 960
51 34 960
35 60 855
60 35 855
35 38 903
38 35 903
35 62 342
62 35 342
35 47 762
47 35 762
35 55 452
55 35 452
36 52 66
52 36 66
36 48 6
48 36 6
36 37 278
37 36 278
36 46 597
46 36 597
37 48 636
48 37 636
37 54 175
54 37 175
38 46 52
46 38 52
38 59 375
59 38 375
38 61 779
61 38 779
39 42 490
42 39 490
39 66 520
66 39 520
39 42 865
42 39 865
39 48 740
48 39 740
39 53 378
53 39 378
39 51 129
51 39 129
39 65 302
65 39 302
40 57 676
57 40 676
40 69 636
69 40 636
40 59 844
59 40 844
40 67 308
67 40 308
40 48 232
48 40 232
40 65 1000
65 40 1000
40 44 989
44 40 989
41 49 224
49 41 224
41 63 774
63 41 774
41 54 180
54 41 180
41 50 632
50 41 632
42 66 168
66 42 168
42 49 683
49 42 683
42 67 8
67 42 8
42 55 737
55 42 737
42 45 439
45 42 439
42 43 231
43 42 231
43 45 546
45 43 546
43 44 847
44 43 847
43 66 453
66 43 453
44 65 503
65 44 503
44 51 339
51 44 339
44 59 30
59 44 30
45 54 482
54 45 482
45 56 903
56 45 903
45 51 407
51 45 407
46 67 497
67 46 497
46 64 113
64 46 113
46 47 516
47 46 516
46 53 928
53 46 928
47 61 686
61 47 686
47 67 971
67 47 971
47 66 345
66 47 345
47 66 738
66 47 738
47 57 98
57 47 98
48 51 42
51 48 42
48 56 392
56 48 392
48 59 188
59 48 188
49 63 515
63 49 515
49 61 415
61 49 415
50 51 476
51 50 476
51 65 904
65 51 904
51 60 701
60 51 701
52 68 887
68 52 887
53 58 924
58 53 924
53 61 782
61 53 782
53 59 375
59 53 375
53 54 362
54 53 362
53 64 539
64 53 539
54 62 671
62 54 671
54 55 871
55 54 871
54 58 706
58 54 706
55 64 138
64 55 138
56 65 901
65 56 901
57 61 331
61 57 331
58 68 737
68 58 737
58 67 962
67 58 962
58 65 224
65 58 224
59 60 454
60 59 454
61 66 742
66 61 742
62 67 33
67 62 33
64 69 26
69 64 26
