87

0 1 442
1 0 442
0 2 158
2 0 158
0 4 184
4 0 184
0 6 208
6 0 208
0 7 28
7 0 28
0 13 454
13 0 454
0 18 868
18 0 868
0 50 734
50 0 734
0 20 597
20 0 597
0 25 980
25 0 980
1 17 924
17 1 924
1 22 95
22 1 95
1 53 969
53 1 969
1 14 817
14 1 817
1 22 61
22 1 61
1 59 547
59 1 547
1 33 170
33 1 170
1 43 873
43 1 873
1 12 467
12 1 467
1 80 769
80 1 769
2 3 892
3 2 892
2 8 228
8 2 228
2 19 354
19 2 354
2 29 796
29 2 796
2 43 878
43 2 878
2 18 491
18 2 491
2 39 169
39 2 169
3 44 517
44 3 517
3 57 993
57 3 993
3 65 233
65 3 233
3 46 311
46 3 311
3 38 989
38 3 989
4 5 720
5 4 720
4 10 76
10 4 76
4 11 789
11 4 789
4 31 459
31 4 459
4 79 644
79 4 644
4 32 953
32 4 953
4 82 722
82 4 722
4 73 203
73 4 203
4 37 897
37 4 897
5 12 118
12 5 118
5 14 433
14 5 433
5 42 301
42 5 301
5 82 211
82 5 211
5 67 882
67 5 882
5 28 990
28 5 990
5 20 968
20 5 968
5 76 926
76 5 926
5 47 298
47 5 298
5 53 239
53 5 239
5 33 284
33 5 284
6 21 539
21 6 539
6 32 740
32 6 740
6 73 559
73 6 559
6 8 343
8 6 343
6 7 381
7 6 381
6 30 402
30 6 402
7 27 906
27 7 906
7 60 97
60 7 97
7 10 673
10 7 673
7 48 155
48 7 155
7 52 482
52 7 482
7 59 176
59 7 176
7 34 277
34 7 277
8 9 480
9 8 480
8 41 220
41 8 220
8 52 834
52 8 834
8 38 647
38 8 647
8 43 500
43 8 500
9 69 673
69 9 673
9 68 353
68 9 353
9 57 729
57 9 729
9 43 213
43 9 213
9 34 185
34 9 185
9 10 884
10 9 884
10 15 652
15 10 652
10 49 305
49 10 305
10 81 412
81 10 412
10 34 655
34 10 655
10 51 195
51 10 195
10 19 241
19 10 241
11 20 592
20 11 592
11 24 606
24 11 606
11 34 460
34 11 460
11 78 942
78 11 942
11 44 365
44 11 365
11 63 987
63 11 987
11 21 18
21 11 18
11 43 113
43 11 113
11 70 831
70 11 831
12 35 975
35 12 975
12 80 330
80 12 330
12 28 510
28 12 510
12 83 611
83 12 611
12 76 304
76 12 304
12 81 152
81 12 152
12 77 549
77 12 549
12 47 375
47 12 375
12 74 360
74 12 360
13 86 293
86 13 293
13 27 122
27 13 122
13 47 967
47 13 967
13 25 177
25 13 177
14 16 199
16 14 199
14 48 777
48 14 777
14 20 672
20 14 672
14 40 469
40 14 469
15 37 126
37 15 126
15 54 705
54 15 705
16 28 803
28 16 803
16 40 409
40 16 409
16 60 506
60 16 506
16 20 307
20 16 307
16 59 409
59 16 409
16 48 358
48 16 358
16 72 888
72 16 888
16 75 904
75 16 904
17 47 601
47 17 601
17 73 571
73 17 571
18 72 208
72 18 208
18 53 137
53 18 137
18 38 514
38 18 514
19 47 137
47 19 137
19 51 107
51 19 107
19 28 985
28 19 985
19 79 35
79 19 35
19 59 519
59 19 519
19 67 879
67 19 879
20 25 676
25 20 676
20 69 973
69 20 973
20 39 342
39 20 342
20 40 108
40 20 108
21 23 66
23 21 66
21 48 790
48 21 790
21 24 510
24 21 510
22 69 692
69 22 692
22 74 235
74 22 235
22 81 932
81 22 932
22 30 338
30 22 338
22 39 476
39 22 476
22 46 861
46 22 861
23 26 166
26 23 166
23 35 442
35 23 442
23 62 749
62 23 749
23 84 961
84 23 961
23 57 446
57 23 446
23 86 931
86 23 931
23 34 332
34 23 332
24 30 364
30 24 364
24 84 283
84 24 283
24 75 361
75 24 361
24 65 830
65 24 830
24 31 24
31 24 24
24 48 206
48 24 206
25 57 284
57 25 284
25 73 77
73 25 77
26 51 512
51 26 512
26 64 320
64 26 320
26 68 456
68 26 456
26 62 234
62 26 234
26 59 761
59 26 761
26 71 8
71 26 8
26 77 775
77 26 775
28 45 182
45 28 182
28 59 387
59 28 387
28 51 329
51 28 329
28 66 11
66 28 11
29 33 542
33 29 542
29 40 297
40 29 297
29 57 746
57 29 746
29 79 546
79 29 546
30 53 946
53 30 946
31 43 516
43 31 516
31 83 795
83 31 795
31 82 604
82 31 604
31 60 294
60 31 294
31 47 734
47 31 734
31 70 309
70 31 309
31 56 777
56 31 777
31 65 349
65 31 349
32 38 905
38 32 905
32 39 401
39 32 401
32 58 989
58 32 989
32 63 335
63 32 335
32 71 195
71 32 195
32 48 976
48 32 976
32 79 693
79 32 693
33 36 785
36 33 785
33 62 584
62 33 584
33 71 431
71 33 431
33 48 350
48 33 350
34 83 980
83 34 980
34 78 67
78 34 67
35 55 472
55 35 472
35 45 966
45 35 966
35 82 482
82 35 482
35 52 879
52 35 879
35 74 860
74 35 860
36 57 888
57 36 888
36 52 634
52 36 634
36 49 194
49 36 194
36 46 720
46 36 720
37 65 399
65 37 399
37 57 299
57 37 299
37 76 379
76 37 379
38 47 653
47 38 653
39 55 268
55 39 268
39 62 11
62 39 11
39 63 593
63 39 593
40 86 29
86 40 29
40 68 384
68 40 384
40 82 873
82 40 873
40 45 476
45 40 476
40 68 350
68 40 350
41 75 937
75 41 937
41 51 797
51 41 797
41 50 245
50 41 245
41 51 951
51 41 951
42 48 86
48 42 86
42 77 174
77 42 174
42 80 418
80 42 418
42 42 50
42 42 50
42 52 424
52 42 424
42 49 294
49 42 294
43 46 450
46 43 450
43 61 592
61 43 592
43 44 511
44 43 511
43 79 772
79 43 772
44 50 526
50 44 526
44 64 374
64 44 374
46 73 274
73 46 274
47 72 725
72 47 725
47 49 836
49 47 836
47 75 119
75 47 119
49 81 149
81 49 149
49 75 591
75 49 591
50 53 117
53 50 117
52 54 475
54 52 475
52 82 976
82 52 976
52 56 244
56 52 244
54 59 104
59 54 104
54 84 720
84 54 720
55 56 759
56 55 759
55 66 406
66 55 406
55 70 79
70 55 79
55 75 640
75 55 640
55 70 369
70 55 369
56 67 106
67 56 106
56 86 332
86 56 332
56 60 137
60 56 137
56 57 199
57 56 199
56 57 489
57 56 489
56 60 144
60 56 144
56 75 567
75 56 567
56 79 511
79 56 511
56 67 348
67 56 348
57 66 358
66 57 358
57 58 420
58 57 420
58 80 419
80 58 419
58 70 471
70 58 471
59 84 205
84 59 205
60 73 912
73 60 912
61 72 956
72 61 956
63 67 701
67 63 701
64 84 127
84 64 127
64 84 423
84 64 423
64 80 299
80 64 299
64 79 178
79 64 178
64 66 763
66 64 763
65 70 213
70 65 213
66 76 571
76 66 571
67 69 669
69 67 669
68 81 32
81 68 32
69 77 779
77 69 779
69 76 623
76 69 623
71 76 137
76 71 137
71 83 31
83 71 31
71 86 326
86 71 326
73 76 446
76 73 446
75 78 697
78 75 697
76 84 810
84 76 810
77 85 120
85 77 120
77 81 381
81 77 381
78 82 609
82 78 609
79 86 598
86 79 598
81 82 103
82 81 103
82 86 103
86 82 103
82 84 134
84 82 134
