90

0 1 878
1 0 878
0 4 311
4 0 311
0 17 56
17 0 56
0 66 606
66 0 606
0 45 109
45 0 109
0 36 302
36 0 302
0 88 756
88 0 756
0 43 921
43 0 921
0 32 273
32 0 273
1 2 291
2 1 291
1 15 322
15 1 322
1 39 864
39 1 864
1 45 220
45 1 220
1 18 298
18 1 298
1 81 8
81 1 8
1 56 126
56 1 126
1 43 69
43 1 69
1 71 225
71 1 225
1 23 344
23 1 344
1 19 416
19 1 416
2 3 173
3 2 173
2 5 746
5 2 746
2 21 275
21 2 275
2 86 84
86 2 84
2 76 56
76 2 56
2 80 832
80 2 832
2 42 253
42 2 253
2 78 505
78 2 505
2 88 148
88 2 148
3 10 105
10 3 105
3 11 765
11 3 765
3 19 183
19 3 183
3 59 90
59 3 90
3 23 542
23 3 542
3 49 867
49 3 867
3 20 151
20 3 151
3 33 477
33 3 477
3 35 454
35 3 454
3 42 267
42 3 267
3 36 84
36 3 84
3 8 746
8 3 746
3 40 1
40 3 1
3 89 88
89 3 88
3 34 137
34 3 137
4 6 49
6 4 49
4 7 846
7 4 846
4 8 972
8 4 972
4 12 19
12 4 19
4 41 283
41 4 283
4 17 710
17 4 710
4 72 738
72 4 738
4 82 427
82 4 427
4 8 787
8 4 787
4 19 422
19 4 422
4 21 96
21 4 96
4 49 115
49 4 115
4 82 923
82 4 923
4 40 544
40 4 544
5 47 2
47 5 2
5 80 817
80 5 817
5 79 951
79 5 951
5 37 280
37 5 280
5 69 877
69 5 877
6 16 803
16 6 803
6 56 634
56 6 634
6 42 651
42 6 651
6 9 565
9 6 565
6 27 517
27 6 517
6 53 458
53 6 458
6 62 293
62 6 293
7 9 801
9 7 801
7 25 557
25 7 557
7 26 667
26 7 667
7 29 275
29 7 275
7 60 847
60 7 847
7 38 861
38 7 861
7 88 781
88 7 781
7 58 268
58 7 268
7 47 836
47 7 836
7 67 654
67 7 654
7 77 381
77 7 381
7 22 579
22 7 579
7 73 109
73 7 109
7 72 830
72 7 830
7 73 651
73 7 651
8 18 970
18 8 970
8 23 574
23 8 574
8 70 681
70 8 681
8 46 313
46 8 313
8 26 25
26 8 25
8 28 613
28 8 613
8 47 499
47 8 499
9 14 495
14 9 495
9 20 835
20 9 835
9 64 282
64 9 282
9 55 317
55 9 317
9 47 987
47 9 987
9 69 261
69 9 261
9 45 22
45 9 22
9 65 752
65 9 752
9 85 829
85 9 829
9 65 311
65 9 311
9 33 105
33 9 105
9 32 54
32 9 54
9 21 150
21 9 150
9 16 912
16 9 912
10 58 224
58 10 224
10 79 224
79 10 224
10 10 608
10 10 608
10 72 840
72 10 840
10 26 474
26 10 474
10 22 3
22 10 3
10 25 966
25 10 966
11 22 403
22 11 403
11 25 877
25 11 877
12 13 553
13 12 553
12 44 883
44 12 883
12 65 930
65 12 930
12 75 548
75 12 548
12 79 774
79 12 774
12 85 563
85 12 563
12 72 209
72 12 209
12 20 582
20 12 582
12 19 268
19 12 268
12 84 517
84 12 517
12 24 905
24 12 905
12 45 860
45 12 860
13 32 485
32 13 485
13 34 522
34 13 522
13 64 986
64 13 986
13 89 727
89 13 727
13 20 23
20 13 23
14 76 828
76 14 828
14 73 850
73 14 850
14 87 204
87 14 204
14 33 736
33 14 736
14 62 652
62 14 652
14 60 478
60 14 478
14 22 166
22 14 166
14 85 757
85 14 757
15 24 975
24 15 975
15 31 722
31 15 722
15 40 348
40 15 348
15 46 873
46 15 873
15 65 774
65 15 774
15 50 911
50 15 911
15 43 519
43 15 519
15 86 450
86 15 450
15 81 444
81 15 444
15 32 948
32 15 948
15 57 467
57 15 467
15 38 109
38 15 109
15 18 952
18 15 952
15 50 215
50 15 215
15 49 955
49 15 955
16 28 314
28 16 314
16 57 93
57 16 93
16 65 479
65 16 479
16 40 613
40 16 613
16 44 463
44 16 463
17 59 671
59 17 671
17 61 242
61 17 242
17 76 912
76 17 912
17 50 6
50 17 6
17 40 628
40 17 628
18 82 885
82 18 885
18 23 132
23 18 132
18 70 6
70 18 6
19 35 91
35 19 91
19 66 386
66 19 386
19 73 227
73 19 227
19 39 379
39 19 379
19 84 897
84 19 897
20 82 504
82 20 504
20 80 965
80 20 965
20 34 841
34 20 841
20 76 872
76 20 872
21 27 194
27 21 194
21 38 775
38 21 775
21 44 32
44 21 32
22 48 184
48 22 184
22 27 224
27 22 224
22 41 795
41 22 795
22 56 785
56 22 785
22 29 122
29 22 122
22 23 40
23 22 40
23 41 943
41 23 943
23 42 174
42 23 174
23 77 186
77 23 186
23 68 500
68 23 500
23 70 294
70 23 294
23 57 13
57 23 13
23 44 324
44 23 324
24 66 215
66 24 215
24 29 271
29 24 271
25 36 37
36 25 37
25 38 102
38 25 102
25 50 930
50 25 930
25 27 744
27 25 744
25 82 341
82 25 341
25 45 443
45 25 443
25 65 576
65 25 576
25 85 528
85 25 528
25 39 661
39 25 661
26 55 640
55 26 640
26 49 969
49 26 969
26 45 185
45 26 185
26 47 12
47 26 12
26 30 260
30 26 260
26 59 698
59 26 698
26 41 481
41 26 481
27 33 673
33 27 673
27 64 16
64 27 16
27 41 878
41 27 878
27 39 106
39 27 106
27 42 118
42 27 118
27 59 209
59 27 209
27 84 223
84 27 223
27 59 91
59 27 91
27 45 884
45 27 884
27 88 967
88 27 967
28 30 739
30 28 739
28 52 40
52 28 40
28 88 911
88 28 911
28 72 212
72 28 212
28 74 606
74 28 606
29 43 786
43 29 786
29 84 983
84 29 983
29 58 413
58 29 413
29 38 841
38 29 841
30 31 534
31 30 534
31 37 541
37 31 541
31 54 447
54 31 447
31 37 411
37 31 411
31 55 837
55 31 837
31 65 618
65 31 618
31 79 791
79 31 791
31 36 284
36 31 284
31 36 892
36 31 892
31 42 531
42 31 531
31 51 849
51 31 849
31 67 853
67 31 853
31 42 538
42 31 538
31 76 655
76 31 655
32 42 371
42 32 371
32 63 309
63 32 309
32 47 756
47 32 756
32 86 729
86 32 729
32 45 783
45 32 783
32 88 162
88 32 162
32 53 493
53 32 493
32 52 678
52 32 678
32 72 340
72 32 340
33 61 706
61 33 706
33 64 226
64 33 226
34 73 594
73 34 594
34 59 557
59 34 557
34 69 16
69 34 16
34 61 791
61 34 791
35 44 600
44 35 600
35 53 220
53 35 220
35 56 234
56 35 234
36 69 166
69 36 166
36 81 224
81 36 224
36 83 440
83 36 440
36 53 170
53 36 170
36 64 199
64 36 199
37 61 95
61 37 95
37 51 832
51 37 832
37 61 859
61 37 859
37 49 60
49 37 60
37 38 103
38 37 103
37 80 598
80 37 598
38 39 127
39 38 127
39 57 279
57 39 279
39 63 127
63 39 127
39 57 87
57 39 87
40 61 581
61 40 581
41 71 523
71 41 523
41 76 73
76 41 73
41 73 104
73 41 104
41 75 779
75 41 779
41 63 375
63 41 375
41 51 748
51 41 748
42 61 869
61 42 869
42 77 592
77 42 592
42 68 550
68 42 550
42 52 931
52 42 931
42 45 361
45 42 361
43 53 259
53 43 259
43 65 92
65 43 92
43 50 894
50 43 894
43 58 178
58 43 178
44 79 60
79 44 60
44 83 672
83 44 672
45 49 742
49 45 742
45 58 527
58 45 527
46 51 48
51 46 48
46 62 933
62 46 933
46 48 742
48 46 742
46 55 452
55 46 452
46 46 587
46 46 587
46 49 415
49 46 415
46 89 450
89 46 450
46 70 905
70 46 905
46 84 527
84 46 527
47 63 256
63 47 256
47 58 657
58 47 657
47 48 629
48 47 629
47 71 218
71 47 218
47 86 469
86 47 469
47 58 714
58 47 714
47 78 244
78 47 244
47 82 49
82 47 49
47 65 315
65 47 315
48 74 588
74 48 588
49 84 145
84 49 145
49 60 607
60 49 607
49 78 714
78 49 714
49 76 817
76 49 817
50 74 771
74 50 771
50 63 854
63 50 854
50 56 254
56 50 254
50 84 71
84 50 71
51 76 238
76 51 238
51 78 992
78 51 992
52 72 623
72 52 623
52 83 110
83 52 110
52 76 915
76 52 915
52 60 772
60 52 772
52 53 60
53 52 60
52 81 515
81 52 515
53 71 103
71 53 103
53 81 101
81 53 101
53 70 185
70 53 185
53 69 532
69 53 532
55 77 897
77 55 897
55 76 509
76 55 509
55 81 557
81 55 557
55 88 31
88 55 31
55 62 726
62 55 726
55 82 821
82 55 821
56 78 685
78 56 685
56 65 824
65 56 824
56 70 479
70 56 479
56 74 813
74 56 813
56 79 690
79 56 690
56 75 377
75 56 377
57 74 995
74 57 995
57 88 871
88 57 871
57 78 798
78 57 798
57 74 338
74 57 338
58 79 31
79 58 31
58 59 915
59 58 915
58 67 968
67 58 968
60 67 713
67 60 713
60 68 537
68 60 537
60 64 677
64 60 677
60 77 887
77 60 887
60 71 589
71 60 589
61 67 617
67 61 617
61 74 948
74 61 948
63 69 882
69 63 882
64 81 307
81 64 307
66 86 579
86 66 579
66 80 763
80 66 763
67 80 438
80 67 438
68 84 125
84 68 125
70 79 705
79 70 705
71 89 483
89 71 483
73 85 165
85 73 165
73 74 507
74 73 507
74 84 602
84 74 602
74 75 562
75 74 562
74 77 583
77 74 583
75 86 196
86 75 196
75 76 464
76 75 464
76 81 997
81 76 997
76 88 805
88 76 805
77 80 625
80 77 625
77 87 260
87 77 260
77 79 417
79 77 417
77 84 374
84 77 374
77 87 469
87 77 469
78 81 833
81 78 833
79 88 441
88 79 441
80 84 669
84 80 669
81 89 435
89 81 435
82 86 260
86 82 260
82 88 197
88 82 197
82 89 147
89 82 147
83 84 7
84 83 7
83 89 2
89 83 2
86 87 653
87 86 653
