67

0 1 713
1 0 713
0 3 154
3 0 154
0 10 239
10 0 239
0 10 998
10 0 998
0 62 397
62 0 397
0 15 649
15 0 649
0 27 887
27 0 887
0 23 11
23 0 11
0 60 884
60 0 884
0 8 426
8 0 426
0 47 553
47 0 553
0 28 716
28 0 716
0 27 355
27 0 355
0 66 669
66 0 669
0 63 815
63 0 815
1 2 830
2 1 830
1 6 901
6 1 901
1 7 38
7 1 38
1 56 274
56 1 274
1 19 681
19 1 681
1 3 85
3 1 85
1 56 539
56 1 539
1 41 608
41 1 608
1 23 359
23 1 359
1 27 621
27 1 621
1 40 418
40 1 418
1 55 344
55 1 344
1 60 464
60 1 464
1 42 250
42 1 250
1 57 172
57 1 172
1 65 876
65 1 876
1 3 764
3 1 764
1 65 493
65 1 493
1 39 796
39 1 796
2 4 506
4 2 506
2 9 177
9 2 177
2 15 873
15 2 873
2 17 529
17 2 529
2 30 779
30 2 779
2 45 432
45 2 432
2 40 163
40 2 163
2 50 163
50 2 163
2 33 336
33 2 336
2 20 7
20 2 7
2 15 942
15 2 942
3 5 234
5 3 234
3 8 249
8 3 249
3 39 955
39 3 955
3 39 121
39 3 121
3 51 206
51 3 206
3 16 255
16 3 255
3 42 638
42 3 638
3 30 496
30 3 496
3 60 963
60 3 963
4 16 929
16 4 929
4 5 38
5 4 38
4 13 11
13 4 11
4 20 884
20 4 884
4 38 100
38 4 100
4 19 339
19 4 339
4 5 75
5 4 75
4 28 621
28 4 621
4 56 400
56 4 400
4 35 299
35 4 299
4 28 182
28 4 182
4 40 207
40 4 207
4 65 851
65 4 851
5 12 166
12 5 166
5 61 265
61 5 265
5 61 765
61 5 765
5 33 401
33 5 401
5 45 794
45 5 794
5 66 845
66 5 845
5 43 776
43 5 776
5 41 660
41 5 660
5 33 480
33 5 480
5 58 780
58 5 780
5 37 422
37 5 422
5 17 316
17 5 316
5 57 837
57 5 837
5 59 511
59 5 511
5 65 18
65 5 18
6 37 164
37 6 164
6 41 804
41 6 804
6 9 317
9 6 317
6 32 876
32 6 876
6 52 622
52 6 622
6 45 916
45 6 916
6 35 315
35 6 315
6 11 917
11 6 917
7 11 335
11 7 335
7 18 479
18 7 479
7 56 189
56 7 189
7 24 392
24 7 392
7 12 613
12 7 613
7 31 174
31 7 174
7 13 114
13 7 114
7 63 982
63 7 982
7 61 996
61 7 996
7 18 23
18 7 23
7 14 170
14 7 170
8 55 189
55 8 189
8 30 679
30 8 679
8 51 968
51 8 968
8 19 808
19 8 808
8 25 534
25 8 534
8 57 664
57 8 664
8 13 880
13 8 880
8 23 638
23 8 638
8 61 400
61 8 400
9 14 620
14 9 620
9 33 821
33 9 821
9 59 582
59 9 582
9 63 435
63 9 435
9 15 313
15 9 313
9 22 970
22 9 970
9 38 746
38 9 746
9 62 997
62 9 997
9 20 762
20 9 762
9 65 681
65 9 681
9 31 323
31 9 323
9 18 785
18 9 785
10 13 500
13 10 500
10 22 430
22 10 430
10 27 826
27 10 826
10 45 291
45 10 291
10 32 599
32 10 599
10 38 565
38 10 565
10 33 426
33 10 426
10 20 850
20 10 850
10 34 254
34 10 254
10 34 894
34 10 894
10 49 547
49 10 547
11 29 464
29 11 464
11 19 641
19 11 641
11 15 678
15 11 678
11 49 865
49 11 865
11 57 473
57 11 473
11 66 695
66 11 695
11 55 551
55 11 551
11 21 413
21 11 413
12 47 348
47 12 348
12 50 491
50 12 491
12 20 234
20 12 234
12 57 287
57 12 287
12 12 877
12 12 877
12 38 105
38 12 105
12 48 771
48 12 771
12 38 299
38 12 299
12 46 609
46 12 609
12 41 891
41 12 891
13 20 343
20 13 343
13 21 330
21 13 330
13 34 203
34 13 203
13 43 802
43 13 802
13 45 405
45 13 405
13 30 985
30 13 985
13 42 9
42 13 9
13 53 980
53 13 980
13 65 426
65 13 426
14 44 43
44 14 43
14 59 512
59 14 512
14 43 389
43 14 389
14 18 558
18 14 558
14 65 529
65 14 529
14 65 681
65 14 681
14 62 760
62 14 760
14 52 218
52 14 218
15 26 27
26 15 27
15 62 302
62 15 302
15 31 874
31 15 874
15 52 140
52 15 140
15 56 649
56 15 649
15 63 339
63 15 339
15 62 35
62 15 35
15 17 657
17 15 657
15 36 53
36 15 53
16 19 532
19 16 532
16 25 704
25 16 704
16 40 900
40 16 900
16 18 545
18 16 545
16 24 339
24 16 339
16 58 262
58 16 262
16 20 462
20 16 462
16 24 865
24 16 865
16 53 350
53 16 350
16 55 652
55 16 652
16 33 860
33 16 860
16 40 860
40 16 860
17 58 97
58 17 97
17 52 990
52 17 990
17 41 652
41 17 652
17 50 331
50 17 331
17 46 383
46 17 383
17 58 966
58 17 966
17 43 610
43 17 610
17 66 515
66 17 515
17 32 175
32 17 175
17 49 57
49 17 57
17 47 501
47 17 501
17 66 371
66 17 371
17 53 174
53 17 174
18 42 244
42 18 244
18 43 752
43 18 752
18 27 348
27 18 348
18 28 31
28 18 31
18 61 428
61 18 428
18 63 497
63 18 497
18 44 208
44 18 208
18 41 470
41 18 470
18 51 364
51 18 364
18 47 797
47 18 797
19 28 992
28 19 992
19 36 848
36 19 848
19 36 255
36 19 255
19 60 431
60 19 431
19 22 106
22 19 106
19 41 886
41 19 886
19 31 516
31 19 516
19 40 267
40 19 267
20 24 586
24 20 586
20 44 341
44 20 341
20 61 576
61 20 576
20 40 738
40 20 738
20 47 186
47 20 186
20 24 916
24 20 916
20 51 672
51 20 672
20 58 363
58 20 363
20 46 356
46 20 356
20 39 109
39 20 109
20 55 267
55 20 267
21 23 673
23 21 673
21 32 211
32 21 211
21 38 464
38 21 464
21 45 246
45 21 246
21 48 906
48 21 906
21 22 510
22 21 510
21 60 39
60 21 39
21 47 500
47 21 500
21 28 705
28 21 705
21 44 995
44 21 995
21 25 256
25 21 256
21 46 273
46 21 273
22 43 566
43 22 566
22 30 703
30 22 703
22 30 750
30 22 750
22 48 662
48 22 662
22 38 736
38 22 736
22 38 292
38 22 292
22 40 360
40 22 360
23 24 123
24 23 123
23 27 368
27 23 368
23 56 824
56 23 824
23 61 307
61 23 307
23 53 962
53 23 962
23 37 486
37 23 486
23 51 425
51 23 425
24 31 499
31 24 499
24 57 47
57 24 47
24 64 898
64 24 898
24 66 795
66 24 795
24 49 354
49 24 354
24 36 75
36 24 75
24 61 991
61 24 991
24 30 822
30 24 822
25 37 203
37 25 203
25 65 127
65 25 127
25 50 612
50 25 612
25 31 4
31 25 4
25 46 553
46 25 553
26 29 244
29 26 244
26 51 532
51 26 532
26 39 663
39 26 663
26 29 602
29 26 602
26 54 244
54 26 244
26 50 98
50 26 98
26 43 850
43 26 850
26 53 129
53 26 129
26 43 866
43 26 866
26 57 516
57 26 516
27 52 213
52 27 213
27 53 798
53 27 798
27 50 853
50 27 853
27 34 596
34 27 596
27 28 133
28 27 133
28 40 288
40 28 288
28 34 575
34 28 575
28 44 276
44 28 276
28 33 228
33 28 228
28 65 821
65 28 821
28 31 882
31 28 882
29 51 31
51 29 31
29 41 200
41 29 200
29 58 561
58 29 561
29 35 111
35 29 111
29 60 665
60 29 665
30 35 995
35 30 995
30 59 804
59 30 804
30 35 78
35 30 78
30 52 452
52 30 452
30 31 589
31 30 589
31 50 42
50 31 42
31 45 995
45 31 995
31 45 687
45 31 687
31 53 105
53 31 105
31 36 25
36 31 25
31 40 253
40 31 253
31 33 582
33 31 582
31 51 711
51 31 711
32 58 268
58 32 268
32 61 230
61 32 230
32 46 62
46 32 62
32 47 387
47 32 387
32 40 973
40 32 973
32 65 743
65 32 743
32 57 9
57 32 9
33 64 774
64 33 774
34 36 303
36 34 303
34 59 923
59 34 923
34 50 347
50 34 347
35 48 733
48 35 733
35 52 163
52 35 163
35 49 597
49 35 597
35 41 135
41 35 135
35 46 818
46 35 818
35 64 670
64 35 670
35 60 293
60 35 293
36 58 520
58 36 520
36 54 551
54 36 551
36 42 829
42 36 829
36 47 558
47 36 558
36 53 834
53 36 834
36 49 584
49 36 584
37 42 363
42 37 363
37 56 52
56 37 52
38 60 895
60 38 895
38 46 20
46 38 20
38 46 12
46 38 12
38 64 77
64 38 77
38 66 209
66 38 209
38 39 420
39 38 420
39 60 647
60 39 647
39 61 3
61 39 3
40 48 792
48 40 792
40 44 203
44 40 203
41 64 709
64 41 709
41 53 653
53 41 653
41 46 118
46 41 118
41 47 875
47 41 875
42 56 142
56 42 142
42 56 353
56 42 353
42 50 22
50 42 22
42 65 176
65 42 176
42 60 669
60 42 669
42 60 570
60 42 570
42 42 545
42 42 545
42 58 38
58 42 38
43 46 663
46 43 663
43 54 106
54 43 106
43 62 527
62 43 527
43 56 224
56 43 224
44 65 575
65 44 575
44 53 114
53 44 114
44 54 357
54 44 357
44 66 105
66 44 105
44 46 702
46 44 702
44 65 560
65 44 560
44 48 684
48 44 684
44 57 508
57 44 508
45 46 864
46 45 864
45 52 507
52 45 507
46 49 865
49 46 865
46 55 580
55 46 580
46 62 286
62 46 286
46 59 765
59 46 765
46 58 964
58 46 964
47 49 589
49 47 589
47 51 581
51 47 581
47 51 1000
51 47 1000
47 55 956
55 47 956
47 62 151
62 47 151
47 61 230
61 47 230
48 54 186
54 48 186
48 57 933
57 48 933
48 53 724
53 48 724
48 64 590
64 48 590
49 56 917
56 49 917
49 51 302
51 49 302
49 60 586
60 49 586
50 55 233
55 50 233
50 66 773
66 50 773
50 62 2
62 50 2
50 64 294
64 50 294
51 66 920
66 51 920
51 56 638
56 51 638
52 56 872
56 52 872
55 57 913
57 55 913
55 63 763
63 55 763
56 56 318
56 56 318
57 58 963
58 57 963
57 58 490
58 57 490
59 59 417
59 59 417
62 65 358
65 62 358
64 66 738
66 64 738
