73

0 1 156
1 0 156
0 5 924
5 0 924
0 20 248
20 0 248
0 12 796
12 0 796
0 47 939
47 0 939
0 3 844
3 0 844
0 58 74
58 0 74
0 72 603
72 0 603
0 14 510
14 0 510
0 54 48
54 0 48
0 31 215
31 0 215
0 35 855
35 0 855
1 2 478
2 1 478
1 3 296
3 1 296
1 4 136
4 1 136
1 9 153
9 1 153
1 17 652
17 1 652
1 47 582
47 1 582
1 36 982
36 1 982
1 9 648
9 1 648
1 30 713
30 1 713
1 50 858
50 1 858
1 54 781
54 1 781
2 53 155
53 2 155
2 64 429
64 2 429
2 34 705
34 2 705
2 33 196
33 2 196
2 46 704
46 2 704
2 60 54
60 2 54
2 17 563
17 2 563
2 61 385
61 2 385
2 48 647
48 2 647
3 6 310
6 3 310
3 28 669
28 3 669
3 25 60
25 3 60
3 10 229
10 3 229
3 69 185
69 3 185
3 41 955
41 3 955
3 44 775
44 3 775
3 51 613
51 3 613
4 7 575
7 4 575
4 8 494
8 4 494
4 10 104
10 4 104
4 27 796
27 4 796
4 29 710
29 4 710
4 58 941
58 4 941
4 39 306
39 4 306
4 16 673
16 4 673
4 66 1
66 4 1
4 41 981
41 4 981
4 13 780
13 4 780
4 47 79
47 4 79
4 24 927
24 4 927
4 67 346
67 4 346
5 43 780
43 5 780
5 63 6
63 5 6
5 34 125
34 5 125
5 12 9
12 5 9
5 71 307
71 5 307
5 34 954
34 5 954
6 12 938
12 6 938
6 13 71
13 6 71
6 25 117
25 6 117
6 33 511
33 6 511
6 51 954
51 6 954
6 52 234
52 6 234
6 27 398
27 6 398
6 27 138
27 6 138
6 57 550
57 6 550
6 55 820
55 6 820
6 66 472
66 6 472
6 53 119
53 6 119
6 32 98
32 6 98
6 8 459
8 6 459
7 11 774
11 7 774
7 15 705
15 7 705
7 21 484
21 7 484
7 55 566
55 7 566
7 9 333
9 7 333
7 13 299
13 7 299
7 50 412
50 7 412
7 64 341
64 7 341
7 63 627
63 7 627
7 37 311
37 7 311
7 22 601
22 7 601
7 62 636
62 7 636
7 17 789
17 7 789
7 69 919
69 7 919
8 16 478
16 8 478
8 37 882
37 8 882
8 15 898
15 8 898
8 36 278
36 8 278
8 62 234
62 8 234
8 12 474
12 8 474
8 12 430
12 8 430
8 49 99
49 8 99
8 28 941
28 8 941
8 30 609
30 8 609
9 24 389
24 9 389
9 38 488
38 9 488
9 46 142
46 9 142
9 42 567
42 9 567
9 49 212
49 9 212
9 71 11
71 9 11
9 10 808
10 9 808
9 69 718
69 9 718
9 52 672
52 9 672
9 24 235
24 9 235
9 72 875
72 9 875
9 41 355
41 9 355
10 36 303
36 10 303
10 11 779
11 10 779
10 26 21
26 10 21
10 61 919
61 10 919
10 58 689
58 10 689
10 61 400
61 10 400
10 19 580
19 10 580
10 45 866
45 10 866
10 49 761
49 10 761
11 22 23
22 11 23
11 43 615
43 11 615
11 11 116
11 11 116
11 44 841
44 11 841
11 28 497
28 11 497
11 53 162
53 11 162
11 46 189
46 11 189
11 57 543
57 11 543
12 18 883
18 12 883
12 28 621
28 12 621
12 67 631
67 12 631
12 52 541
52 12 541
12 44 319
44 12 319
12 14 656
14 12 656
12 14 202
14 12 202
12 31 251
31 12 251
13 14 758
14 13 758
13 49 952
49 13 952
13 68 692
68 13 692
13 28 676
28 13 676
13 43 833
43 13 833
14 36 10
36 14 10
14 40 461
40 14 461
14 44 923
44 14 923
14 69 16
69 14 16
14 49 58
49 14 58
14 27 56
27 14 56
14 23 409
23 14 409
14 63 142
63 14 142
14 16 623
16 14 623
15 26 154
26 15 154
15 56 543
56 15 543
15 45 453
45 15 453
15 35 423
35 15 423
15 58 970
58 15 970
16 31 530
31 16 530
16 48 781
48 16 781
16 51 517
51 16 517
16 19 691
19 16 691
17 34 339
34 17 339
17 45 371
45 17 371
17 59 597
59 17 597
17 59 120
59 17 120
17 35 936
35 17 936
17 22 114
22 17 114
17 38 454
38 17 454
17 34 908
34 17 908
18 19 743
19 18 743
18 42 198
42 18 198
18 52 784
52 18 784
18 45 344
45 18 344
18 32 777
32 18 777
18 50 827
50 18 827
18 41 202
41 18 202
18 58 334
58 18 334
18 51 158
51 18 158
19 23 425
23 19 425
19 30 977
30 19 977
19 39 473
39 19 473
19 48 888
48 19 888
19 54 243
54 19 243
19 59 80
59 19 80
19 70 734
70 19 734
19 43 999
43 19 999
19 68 361
68 19 361
19 26 26
26 19 26
19 70 735
70 19 735
19 70 621
70 19 621
20 35 399
35 20 399
20 51 66
51 20 66
20 51 263
51 20 263
20 71 273
71 20 273
20 34 92
34 20 92
21 72 330
72 21 330
21 71 174
71 21 174
21 66 893
66 21 893
21 61 268
61 21 268
21 57 582
57 21 582
21 57 703
57 21 703
22 57 769
57 22 769
22 61 424
61 22 424
22 28 150
28 22 150
22 27 684
27 22 684
22 45 672
45 22 672
22 64 462
64 22 462
23 43 838
43 23 838
23 39 774
39 23 774
24 40 739
40 24 739
24 61 703
61 24 703
24 52 302
52 24 302
24 56 949
56 24 949
24 65 721
65 24 721
24 28 24
28 24 24
24 38 520
38 24 520
25 31 552
31 25 552
25 57 314
57 25 314
25 70 822
70 25 822
25 72 97
72 25 97
25 27 30
27 25 30
25 58 565
58 25 565
26 34 14
34 26 14
26 37 296
37 26 296
26 49 579
49 26 579
26 36 198
36 26 198
26 38 986
38 26 986
26 72 596
72 26 596
26 39 950
39 26 950
26 36 70
36 26 70
26 35 413
35 26 413
27 58 520
58 27 520
27 65 331
65 27 331
27 33 555
33 27 555
27 37 771
37 27 771
27 68 498
68 27 498
27 69 956
69 27 956
28 50 200
50 28 200
28 71 424
71 28 424
28 40 492
40 28 492
28 34 171
34 28 171
28 57 64
57 28 64
28 45 312
45 28 312
28 42 465
42 28 465
28 68 595
68 28 595
28 33 560
33 28 560
28 41 569
41 28 569
28 70 930
70 28 930
29 32 576
32 29 576
29 47 144
47 29 144
29 70 792
70 29 792
29 42 608
42 29 608
29 42 771
42 29 771
29 49 304
49 29 304
29 31 417
31 29 417
30 48 741
48 30 741
30 67 992
67 30 992
30 65 346
65 30 346
30 44 719
44 30 719
30 35 391
35 30 391
30 51 209
51 30 209
30 56 542
56 30 542
31 46 473
46 31 473
31 57 739
57 31 739
31 59 898
59 31 898
31 47 90
47 31 90
31 47 608
47 31 608
32 69 634
69 32 634
32 51 416
51 32 416
32 48 494
48 32 494
32 40 646
40 32 646
33 33 330
33 33 330
33 60 666
60 33 666
33 62 203
62 33 203
33 48 493
48 33 493
33 72 622
72 33 622
33 33 902
33 33 902
34 69 47
69 34 47
34 50 412
50 34 412
34 61 787
61 34 787
35 44 700
44 35 700
35 42 928
42 35 928
36 41 798
41 36 798
36 68 464
68 36 464
36 65 764
65 36 764
36 67 145
67 36 145
36 62 157
62 36 157
36 60 943
60 36 943
36 57 219
57 36 219
37 43 644
43 37 644
37 63 397
63 37 397
37 40 991
40 37 991
37 70 425
70 37 425
37 58 258
58 37 258
38 67 827
67 38 827
38 43 652
43 38 652
38 44 155
44 38 155
38 53 48
53 38 48
39 59 141
59 39 141
39 62 555
62 39 555
39 65 759
65 39 759
39 65 451
65 39 451
39 69 690
69 39 690
40 68 881
68 40 881
40 43 905
43 40 905
40 54 238
54 40 238
40 58 737
58 40 737
40 62 340
62 40 340
40 66 271
66 40 271
41 68 218
68 41 218
41 69 324
69 41 324
41 53 223
53 41 223
42 54 31
54 42 31
42 62 173
62 42 173
42 57 426
57 42 426
44 69 823
69 44 823
44 52 423
52 44 423
44 69 3
69 44 3
45 52 770
52 45 770
45 50 339
50 45 339
45 46 679
46 45 679
45 61 298
61 45 298
45 71 729
71 45 729
45 59 437
59 45 437
46 60 323
60 46 323
46 63 953
63 46 953
46 66 682
66 46 682
46 64 681
64 46 681
47 63 109
63 47 109
47 51 354
51 47 354
47 50 96
50 47 96
48 52 429
52 48 429
48 70 140
70 48 140
49 62 354
62 49 354
49 66 306
66 49 306
50 63 971
63 50 971
50 66 430
66 50 430
50 72 626
72 50 626
50 70 966
70 50 966
51 70 3
70 51 3
52 59 881
59 52 881
52 60 414
60 52 414
52 57 486
57 52 486
53 70 743
70 53 743
53 62 146
62 53 146
53 70 323
70 53 323
54 60 36
60 54 36
54 57 751
57 54 751
55 56 221
56 55 221
55 71 886
71 55 886
55 63 41
63 55 41
55 66 154
66 55 154
56 71 245
71 56 245
57 65 528
65 57 528
57 68 710
68 57 710
58 58 181
58 58 181
58 66 68
66 58 68
59 66 265
66 59 265
59 67 173
67 59 173
60 67 997
67 60 997
62 71 315
71 62 315
62 63 508
63 62 508
63 66 694
66 63 694
63 64 656
64 63 656
64 65 605
65 64 605
65 70 385
70 65 385
66 72 419
72 66 419
67 70 658
70 67 658
68 69 859
69 68 859
72 72 9
72 72 9
