46

0 1 935
1 0 935
0 3 761
3 0 761
0 13 343
13 0 343
0 30 420
30 0 420
0 21 155
21 0 155
1 2 612
2 1 612
1 5 573
5 1 573
1 20 264
20 1 264
1 13 876
13 1 876
1 19 100
19 1 100
2 4 504
4 2 504
2 10 378
10 2 378
2 17 557
17 2 557
2 28 110
28 2 110
3 24 836
24 3 836
3 33 174
33 3 174
3 42 862
42 3 862
3 11 948
11 3 948
4 6 970
6 4 970
4 18 162
18 4 162
4 35 856
35 4 856
4 45 579
45 4 579
5 8 366
8 5 366
5 12 586
12 5 586
5 19 261
19 5 261
5 31 557
31 5 557
5 17 599
17 5 599
5 32 28
32 5 28
6 7 318
7 6 318
6 9 954
9 6 954
6 11 923
11 6 923
6 44 773
44 6 773
6 9 667
9 6 667
8 23 734
23 8 734
8 36 115
36 8 115
9 26 45
26 9 45
10 15 659
15 10 659
10 16 45
16 10 45
10 28 18
28 10 18
11 14 486
14 11 486
11 25 268
25 11 268
11 37 352
37 11 352
11 38 878
38 11 878
13 43 271
43 13 271
14 22 592
22 14 592
16 45 375
45 16 375
17 32 296
32 17 296
17 40 228
40 17 228
17 19 283
19 17 283
17 19 954
19 17 954
18 27 848
27 18 848
18 36 532
36 18 532
20 21 227
21 20 227
20 42 740
42 20 740
21 26 512
26 21 512
22 27 923
27 22 923
23 29 595
29 23 595
23 34 699
34 23 699
24 42 346
42 24 346
26 26 1
26 26 1
28 41 116
41 28 116
29 39 931
39 29 931
40 45 673
45 40 673
