13

0 1 623
1 0 623
0 2 815
2 0 815
0 3 814
3 0 814
0 5 487
5 0 487
0 7 583
7 0 583
1 4 451
4 1 451
1 10 764
10 1 764
1 12 56
12 1 56
1 12 781
12 1 781
1 9 263
9 1 263
2 3 225
3 2 225
2 12 794
12 2 794
2 9 584
9 2 584
3 5 891
5 3 891
3 6 225
6 3 225
3 10 692
10 3 692
3 7 843
7 3 843
3 8 590
8 3 590
3 9 289
9 3 289
3 12 421
12 3 421
3 9 653
9 3 653
4 9 84
9 4 84
4 5 575
5 4 575
5 8 545
8 5 545
5 10 994
10 5 994
6 7 932
7 6 932
6 11 914
11 6 914
6 12 264
12 6 264
6 7 883
7 6 883
7 9 832
9 7 832
7 10 847
10 7 847
8 11 880
11 8 880
8 10 82
10 8 82
9 10 340
10 9 340
9 12 657
12 9 657
10 12 463
12 10 463
