56

0 1 501
1 0 501
0 2 352
2 0 352
0 5 433
5 0 433
0 48 42
48 0 42
0 17 994
17 0 994
0 11 681
11 0 681
0 35 385
35 0 385
0 23 740
23 0 740
0 37 789
37 0 789
0 37 691
37 0 691
0 34 423
34 0 423
1 3 20
3 1 20
1 8 700
8 1 700
1 32 153
32 1 153
1 3 571
3 1 571
1 4 177
4 1 177
1 48 309
48 1 309
2 17 439
17 2 439
2 18 690
18 2 690
2 20 705
20 2 705
2 4 63
4 2 63
2 28 945
28 2 945
3 4 333
4 3 333
3 7 42
7 3 42
3 22 664
22 3 664
3 25 829
25 3 829
3 33 729
33 3 729
4 6 935
6 4 935
4 42 21
42 4 21
4 14 976
14 4 976
4 19 342
19 4 342
4 19 195
19 4 195
5 11 875
11 5 875
5 14 594
14 5 594
5 24 370
24 5 370
5 31 134
31 5 134
5 51 469
51 5 469
5 37 506
37 5 506
5 35 619
35 5 619
6 41 105
41 6 105
6 41 912
41 6 912
6 22 988
22 6 988
7 9 738
9 7 738
7 15 868
15 7 868
7 21 453
21 7 453
7 53 279
53 7 279
8 10 928
10 8 928
8 50 157
50 8 157
8 34 468
34 8 468
9 19 955
19 9 955
9 28 95
28 9 95
9 33 65
33 9 65
9 39 284
39 9 284
10 12 811
12 10 811
10 23 60
23 10 60
10 47 148
47 10 148
11 13 337
13 11 337
12 13 438
13 12 438
12 12 753
12 12 753
12 19 185
19 12 185
12 21 97
21 12 97
12 14 77
14 12 77
13 18 170
18 13 170
13 15 382
15 13 382
14 16 33
16 14 33
14 42 391
42 14 391
14 51 716
51 14 716
15 26 811
26 15 811
15 30 684
30 15 684
15 40 52
40 15 52
15 37 797
37 15 797
16 27 775
27 16 775
16 34 550
34 16 550
16 55 201
55 16 201
17 29 69
29 17 69
17 43 54
43 17 54
18 38 321
38 18 321
18 53 967
53 18 967
18 24 487
24 18 487
18 35 239
35 18 239
19 45 7
45 19 7
20 46 130
46 20 130
20 35 784
35 20 784
21 34 797
34 21 797
21 25 899
25 21 899
22 53 29
53 22 29
22 42 223
42 22 223
22 26 494
26 22 494
23 36 313
36 23 313
24 43 156
43 24 156
26 47 29
47 26 29
26 45 835
45 26 835
26 50 450
50 26 450
27 50 46
50 27 46
27 44 330
44 27 330
29 44 724
44 29 724
30 54 63
54 30 63
30 35 900
35 30 900
31 34 597
34 31 597
31 37 273
37 31 273
31 45 356
45 31 356
31 48 313
48 31 313
32 35 872
35 32 872
32 50 174
50 32 174
33 46 18
46 33 18
34 55 564
55 34 564
35 42 2
42 35 2
35 36 984
36 35 984
37 39 171
39 37 171
37 47 68
47 37 68
37 44 196
44 37 196
39 49 631
49 39 631
39 52 978
52 39 978
39 45 873
45 39 873
40 44 135
44 40 135
40 54 802
54 40 802
40 55 747
55 40 747
43 47 57
47 43 57
44 47 355
47 44 355
45 55 454
55 45 454
45 55 75
55 45 75
46 54 858
54 46 858
47 50 952
50 47 952
52 54 143
54 52 143
