37

0 1 645
1 0 645
0 3 763
3 0 763
0 5 414
5 0 414
0 8 552
8 0 552
0 10 106
10 0 106
0 11 958
11 0 958
0 17 157
17 0 157
0 32 671
32 0 671
0 36 189
36 0 189
0 2 589
2 0 589
1 2 616
2 1 616
1 6 425
6 1 425
1 7 775
7 1 775
1 25 385
25 1 385
1 5 368
5 1 368
1 29 939
29 1 939
1 13 350
13 1 350
1 23 631
23 1 631
2 13 452
13 2 452
2 19 850
19 2 850
3 4 262
4 3 262
3 24 167
24 3 167
3 18 909
18 3 909
4 16 105
16 4 105
4 24 334
24 4 334
4 7 936
7 4 936
5 18 243
18 5 243
5 26 173
26 5 173
5 21 9
21 5 9
5 6 347
6 5 347
6 29 194
29 6 194
6 23 92
23 6 92
6 32 640
32 6 640
8 9 239
9 8 239
8 12 460
12 8 460
8 15 177
15 8 177
8 20 152
20 8 152
8 27 180
27 8 180
8 32 262
32 8 262
9 36 594
36 9 594
10 25 490
25 10 490
11 30 718
30 11 718
11 31 490
31 11 490
12 14 23
14 12 23
12 25 759
25 12 759
12 23 534
23 12 534
12 20 655
20 12 655
13 19 223
19 13 223
13 32 38
32 13 38
13 28 719
28 13 719
13 35 236
35 13 236
14 23 273
23 14 273
16 22 112
22 16 112
17 22 418
22 17 418
17 29 489
29 17 489
18 22 77
22 18 77
18 34 645
34 18 645
19 22 670
22 19 670
20 21 650
21 20 650
21 25 308
25 21 308
21 29 388
29 21 388
24 36 209
36 24 209
24 35 322
35 24 322
25 34 668
34 25 668
25 30 606
30 25 606
27 28 163
28 27 163
28 31 353
31 28 353
29 33 879
33 29 879
29 32 964
32 29 964
30 35 130
35 30 130
