72

0 1 857
1 0 857
0 2 907
2 0 907
0 4 178
4 0 178
0 7 373
7 0 373
0 10 617
10 0 617
0 16 799
16 0 799
1 3 828
3 1 828
1 6 979
6 1 979
1 9 649
9 1 649
1 12 415
12 1 415
1 15 258
15 1 258
1 21 108
21 1 108
1 29 5
29 1 5
1 41 824
41 1 824
1 32 4
32 1 4
2 5 385
5 2 385
2 70 936
70 2 936
2 56 988
56 2 988
4 14 712
14 4 712
4 53 741
53 4 741
4 66 481
66 4 481
5 8 923
8 5 923
5 51 369
51 5 369
6 46 296
46 6 296
7 50 38
50 7 38
8 19 287
19 8 287
8 22 712
22 8 712
9 11 623
11 9 623
9 13 303
13 9 303
9 17 902
17 9 902
9 71 365
71 9 365
9 35 789
35 9 789
9 40 181
40 9 181
11 30 362
30 11 362
11 15 257
15 11 257
11 58 8
58 11 8
12 27 179
27 12 179
12 44 10
44 12 10
13 35 925
35 13 925
13 56 807
56 13 807
13 31 841
31 13 841
14 18 196
18 14 196
14 23 165
23 14 165
14 24 316
24 14 316
14 38 448
38 14 448
14 39 625
39 14 625
14 49 296
49 14 296
14 58 319
58 14 319
14 64 413
64 14 413
14 28 966
28 14 966
15 67 175
67 15 175
15 38 52
38 15 52
15 27 130
27 15 130
16 20 400
20 16 400
16 52 660
52 16 660
17 36 142
36 17 142
18 34 720
34 18 720
18 56 8
56 18 8
19 28 707
28 19 707
19 42 520
42 19 520
19 55 83
55 19 83
19 69 671
69 19 671
20 25 645
25 20 645
20 26 123
26 20 123
21 32 27
32 21 27
22 37 542
37 22 542
22 48 991
48 22 991
23 32 853
32 23 853
24 57 397
57 24 397
24 65 495
65 24 495
25 31 487
31 25 487
25 40 632
40 25 632
25 60 79
60 25 79
25 51 478
51 25 478
26 33 835
33 26 835
26 47 21
47 26 21
29 68 730
68 29 730
30 64 718
64 30 718
31 62 711
62 31 711
32 37 5
37 32 5
34 50 358
50 34 358
36 45 651
45 36 651
41 67 516
67 41 516
42 43 840
43 42 840
42 43 653
43 42 653
43 60 136
60 43 136
45 51 411
51 45 411
45 54 873
54 45 873
47 48 626
48 47 626
47 61 244
61 47 244
47 53 789
53 47 789
50 52 56
52 50 56
55 59 605
59 55 605
57 59 397
59 57 397
57 71 402
71 57 402
60 63 70
63 60 70
64 68 630
68 64 630
65 69 308
69 65 308
66 70 521
70 66 521
71 71 993
71 71 993
