99

0 1 647
1 0 647
0 4 429
4 0 429
0 49 348
49 0 348
0 85 230
85 0 230
0 93 438
93 0 438
0 84 935
84 0 935
0 49 742
49 0 742
0 9 330
9 0 330
0 26 111
26 0 111
0 19 501
19 0 501
0 62 363
62 0 363
1 2 376
2 1 376
1 3 330
3 1 330
1 9 543
9 1 543
1 12 753
12 1 753
1 14 853
14 1 853
1 32 508
32 1 508
1 35 828
35 1 828
1 88 273
88 1 273
1 69 796
69 1 796
1 72 996
72 1 996
1 95 894
95 1 894
1 49 659
49 1 659
1 2 860
2 1 860
1 42 401
42 1 401
1 82 918
82 1 918
1 28 804
28 1 804
1 96 447
96 1 447
1 73 529
73 1 529
1 54 830
54 1 830
2 7 77
7 2 77
2 28 797
28 2 797
2 31 992
31 2 992
2 5 509
5 2 509
2 60 414
60 2 414
2 62 933
62 2 933
2 44 544
44 2 544
2 24 853
24 2 853
2 32 187
32 2 187
2 35 999
35 2 999
2 97 248
97 2 248
2 51 360
51 2 360
2 36 634
36 2 634
2 8 289
8 2 289
2 67 355
67 2 355
2 38 977
38 2 977
3 5 180
5 3 180
3 72 705
72 3 705
3 44 763
44 3 763
3 16 260
16 3 260
3 17 450
17 3 450
3 51 820
51 3 820
3 54 976
54 3 976
3 87 696
87 3 696
3 86 547
86 3 547
3 88 444
88 3 444
3 76 49
76 3 49
3 18 594
18 3 594
3 14 676
14 3 676
3 54 303
54 3 303
3 6 58
6 3 58
4 11 790
11 4 790
4 16 258
16 4 258
4 20 190
20 4 190
4 12 25
12 4 25
4 48 100
48 4 100
4 23 498
23 4 498
4 46 541
46 4 541
4 85 247
85 4 247
4 58 777
58 4 777
4 48 393
48 4 393
4 11 499
11 4 499
4 36 576
36 4 576
4 29 123
29 4 123
4 56 883
56 4 883
4 63 837
63 4 837
4 75 111
75 4 111
4 21 176
21 4 176
4 11 710
11 4 710
5 6 336
6 5 336
5 8 868
8 5 868
5 13 821
13 5 821
5 21 276
21 5 276
5 22 251
22 5 251
5 44 78
44 5 78
5 68 736
68 5 736
5 77 883
77 5 883
5 20 862
20 5 862
5 72 880
72 5 880
5 65 855
65 5 855
5 98 612
98 5 612
5 28 990
28 5 990
5 13 801
13 5 801
5 44 117
44 5 117
5 73 443
73 5 443
5 27 2
27 5 2
5 55 450
55 5 450
5 65 890
65 5 890
5 88 139
88 5 139
5 28 198
28 5 198
6 10 645
10 6 645
6 55 232
55 6 232
6 12 511
12 6 511
6 49 893
49 6 893
6 67 68
67 6 68
6 92 255
92 6 255
6 28 277
28 6 277
6 85 14
85 6 14
6 89 513
89 6 513
6 64 949
64 6 949
6 20 881
20 6 881
6 46 318
46 6 318
7 19 171
19 7 171
7 41 746
41 7 746
7 54 101
54 7 101
7 75 772
75 7 772
7 90 685
90 7 685
7 44 132
44 7 132
7 42 907
42 7 907
7 74 422
74 7 422
7 74 521
74 7 521
8 26 803
26 8 803
8 29 438
29 8 438
8 43 208
43 8 208
8 56 96
56 8 96
8 11 574
11 8 574
8 31 336
31 8 336
8 41 216
41 8 216
8 66 18
66 8 18
8 81 801
81 8 801
8 94 609
94 8 609
8 62 643
62 8 643
9 18 328
18 9 328
9 50 39
50 9 39
9 93 723
93 9 723
9 53 280
53 9 280
9 94 178
94 9 178
9 67 767
67 9 767
9 89 17
89 9 17
9 83 921
83 9 921
9 76 557
76 9 557
9 30 279
30 9 279
9 80 73
80 9 73
10 56 256
56 10 256
10 78 412
78 10 412
10 86 612
86 10 612
10 71 365
71 10 365
10 90 530
90 10 530
10 50 464
50 10 464
10 69 735
69 10 735
10 67 898
67 10 898
11 17 270
17 11 270
11 68 148
68 11 148
11 40 686
40 11 686
11 19 710
19 11 710
11 57 190
57 11 190
11 76 898
76 11 898
11 14 608
14 11 608
11 85 103
85 11 103
11 31 841
31 11 841
11 59 413
59 11 413
11 40 441
40 11 441
11 66 827
66 11 827
11 32 9
32 11 9
12 15 622
15 12 622
12 86 85
86 12 85
12 65 307
65 12 307
12 87 33
87 12 33
13 34 816
34 13 816
13 31 637
31 13 637
13 16 758
16 13 758
13 92 20
92 13 20
13 28 227
28 13 227
13 73 591
73 13 591
14 72 888
72 14 888
14 36 511
36 14 511
14 57 95
57 14 95
14 39 159
39 14 159
14 55 139
55 14 139
14 59 401
59 14 401
14 51 428
51 14 428
14 27 393
27 14 393
15 88 935
88 15 935
15 57 428
57 15 428
15 44 177
44 15 177
15 25 997
25 15 997
16 37 215
37 16 215
16 90 840
90 16 840
16 21 887
21 16 887
16 31 379
31 16 379
16 40 102
40 16 102
16 78 400
78 16 400
16 48 651
48 16 651
16 38 418
38 16 418
16 95 577
95 16 577
17 39 401
39 17 401
17 52 16
52 17 16
17 74 401
74 17 401
17 58 129
58 17 129
17 40 58
40 17 58
17 40 38
40 17 38
17 58 730
58 17 730
18 24 211
24 18 211
18 25 646
25 18 646
18 80 787
80 18 787
18 44 694
44 18 694
18 59 771
59 18 771
18 64 763
64 18 763
18 64 230
64 18 230
18 55 241
55 18 241
19 52 211
52 19 211
19 98 274
98 19 274
19 45 387
45 19 387
19 30 449
30 19 449
19 35 95
35 19 95
19 38 388
38 19 388
19 26 401
26 19 401
19 38 883
38 19 883
20 66 195
66 20 195
20 38 628
38 20 628
20 93 15
93 20 15
20 85 182
85 20 182
20 89 116
89 20 116
20 26 794
26 20 794
20 76 958
76 20 958
20 87 498
87 20 498
20 24 576
24 20 576
20 88 223
88 20 223
20 74 303
74 20 303
20 91 7
91 20 7
21 38 878
38 21 878
21 64 898
64 21 898
21 47 884
47 21 884
21 42 982
42 21 982
21 96 1
96 21 1
21 23 58
23 21 58
21 49 969
49 21 969
21 42 860
42 21 860
21 76 638
76 21 638
21 55 686
55 21 686
21 23 755
23 21 755
22 23 407
23 22 407
22 30 795
30 22 795
22 53 21
53 22 21
22 30 747
30 22 747
22 71 644
71 22 644
22 79 378
79 22 378
22 81 980
81 22 980
22 64 519
64 22 519
22 29 524
29 22 524
22 53 179
53 22 179
23 62 557
62 23 557
23 73 858
73 23 858
23 94 695
94 23 695
23 81 758
81 23 758
23 98 208
98 23 208
23 31 680
31 23 680
23 38 972
38 23 972
23 56 631
56 23 631
23 31 2
31 23 2
23 58 92
58 23 92
23 93 366
93 23 366
23 39 110
39 23 110
23 83 834
83 23 834
23 27 341
27 23 341
23 65 954
65 23 954
24 32 827
32 24 827
24 70 461
70 24 461
24 46 904
46 24 904
24 30 191
30 24 191
24 37 683
37 24 683
24 68 792
68 24 792
25 71 786
71 25 786
25 90 629
90 25 629
25 89 129
89 25 129
25 51 255
51 25 255
25 84 543
84 25 543
25 52 706
52 25 706
25 68 683
68 25 683
25 92 679
92 25 679
26 27 530
27 26 530
26 76 948
76 26 948
26 74 360
74 26 360
26 62 667
62 26 667
26 36 5
36 26 5
26 95 877
95 26 877
26 94 659
94 26 659
26 36 947
36 26 947
27 47 56
47 27 56
27 72 561
72 27 561
27 69 398
69 27 398
27 62 867
62 27 867
27 32 744
32 27 744
27 83 937
83 27 937
27 83 501
83 27 501
27 55 623
55 27 623
27 66 561
66 27 561
28 33 572
33 28 572
28 45 449
45 28 449
28 82 800
82 28 800
28 87 877
87 28 877
28 72 528
72 28 528
28 38 244
38 28 244
28 41 388
41 28 388
28 37 889
37 28 889
28 90 147
90 28 147
28 37 147
37 28 147
28 31 75
31 28 75
28 34 137
34 28 137
29 36 378
36 29 378
29 92 273
92 29 273
29 92 811
92 29 811
29 68 173
68 29 173
29 36 764
36 29 764
29 60 665
60 29 665
29 30 466
30 29 466
29 98 990
98 29 990
29 50 504
50 29 504
29 44 353
44 29 353
29 75 166
75 29 166
30 34 154
34 30 154
30 73 942
73 30 942
30 37 529
37 30 529
30 33 115
33 30 115
30 97 752
97 30 752
30 51 835
51 30 835
31 57 10
57 31 10
31 77 997
77 31 997
31 96 663
96 31 663
31 80 227
80 31 227
31 47 256
47 31 256
32 40 24
40 32 24
32 48 841
48 32 841
32 51 605
51 32 605
32 89 16
89 32 16
32 76 480
76 32 480
32 59 777
59 32 777
32 48 984
48 32 984
32 54 349
54 32 349
32 34 109
34 32 109
32 79 371
79 32 371
32 96 629
96 32 629
33 58 820
58 33 820
33 62 449
62 33 449
33 63 586
63 33 586
33 49 267
49 33 267
33 44 857
44 33 857
33 88 908
88 33 908
33 91 716
91 33 716
34 42 431
42 34 431
34 43 733
43 34 733
34 98 158
98 34 158
34 91 166
91 34 166
34 93 206
93 34 206
34 91 797
91 34 797
34 72 411
72 34 411
35 60 283
60 35 283
35 92 396
92 35 396
35 71 479
71 35 479
35 58 870
58 35 870
36 98 845
98 36 845
36 89 73
89 36 73
36 92 176
92 36 176
36 51 632
51 36 632
36 52 419
52 36 419
37 53 200
53 37 200
37 95 564
95 37 564
37 48 256
48 37 256
37 92 218
92 37 218
37 80 72
80 37 72
37 48 53
48 37 53
37 97 156
97 37 156
37 73 748
73 37 748
38 59 133
59 38 133
38 79 173
79 38 173
38 72 270
72 38 270
38 93 732
93 38 732
38 88 6
88 38 6
38 87 884
87 38 884
38 65 55
65 38 55
38 82 408
82 38 408
39 46 806
46 39 806
39 81 432
81 39 432
39 40 291
40 39 291
39 52 546
52 39 546
39 79 91
79 39 91
39 73 117
73 39 117
39 69 301
69 39 301
39 97 400
97 39 400
39 85 658
85 39 658
39 65 622
65 39 622
39 65 592
65 39 592
40 60 931
60 40 931
40 50 779
50 40 779
40 73 98
73 40 98
40 42 732
42 40 732
41 98 94
98 41 94
41 60 307
60 41 307
41 49 677
49 41 677
41 57 203
57 41 203
41 86 814
86 41 814
41 76 33
76 41 33
41 75 804
75 41 804
42 65 954
65 42 954
42 44 783
44 42 783
42 62 165
62 42 165
43 91 8
91 43 8
43 79 329
79 43 329
43 95 153
95 43 153
43 49 668
49 43 668
43 78 995
78 43 995
43 76 965
76 43 965
43 50 241
50 43 241
43 94 230
94 43 230
44 59 817
59 44 817
44 68 997
68 44 997
45 68 355
68 45 355
45 46 878
46 45 878
45 70 452
70 45 452
45 60 617
60 45 617
45 68 908
68 45 908
45 72 548
72 45 548
45 71 280
71 45 280
46 69 528
69 46 528
46 84 522
84 46 522
46 81 625
81 46 625
46 77 770
77 46 770
46 94 42
94 46 42
46 52 260
52 46 260
47 84 66
84 47 66
47 64 395
64 47 395
47 58 312
58 47 312
48 67 678
67 48 678
48 58 974
58 48 974
48 75 461
75 48 461
48 81 178
81 48 178
48 82 481
82 48 481
48 94 396
94 48 396
49 61 84
61 49 84
49 74 603
74 49 603
49 52 230
52 49 230
49 70 8
70 49 8
49 56 461
56 49 461
49 58 981
58 49 981
49 79 225
79 49 225
49 72 709
72 49 709
50 68 913
68 50 913
50 67 875
67 50 875
50 83 965
83 50 965
50 79 554
79 50 554
50 93 803
93 50 803
50 96 47
96 50 47
51 63 836
63 51 836
51 77 237
77 51 237
51 55 724
55 51 724
51 94 683
94 51 683
51 82 807
82 51 807
51 52 745
52 51 745
51 54 345
54 51 345
51 53 497
53 51 497
52 80 185
80 52 185
52 88 767
88 52 767
53 90 209
90 53 209
53 85 711
85 53 711
53 61 291
61 53 291
54 88 995
88 54 995
54 90 603
90 54 603
54 77 819
77 54 819
56 68 971
68 56 971
56 82 99
82 56 99
56 60 826
60 56 826
56 85 163
85 56 163
57 62 634
62 57 634
58 77 456
77 58 456
58 91 63
91 58 63
58 84 904
84 58 904
58 59 15
59 58 15
58 74 921
74 58 921
59 96 587
96 59 587
59 64 560
64 59 560
59 89 307
89 59 307
59 83 619
83 59 619
59 69 253
69 59 253
59 74 657
74 59 657
59 91 722
91 59 722
60 65 894
65 60 894
60 65 412
65 60 412
61 95 24
95 61 24
61 98 896
98 61 896
61 86 53
86 61 53
61 89 844
89 61 844
62 71 201
71 62 201
62 89 826
89 62 826
62 75 717
75 62 717
62 75 864
75 62 864
62 77 198
77 62 198
63 64 913
64 63 913
63 93 697
93 63 697
63 77 506
77 63 506
64 67 326
67 64 326
64 72 842
72 64 842
64 92 765
92 64 765
64 82 462
82 64 462
65 94 474
94 65 474
65 85 21
85 65 21
65 74 608
74 65 608
65 77 480
77 65 480
65 97 640
97 65 640
66 93 85
93 66 85
66 88 607
88 66 607
66 94 773
94 66 773
66 76 729
76 66 729
66 84 615
84 66 615
66 92 237
92 66 237
67 75 252
75 67 252
67 74 706
74 67 706
67 88 782
88 67 782
67 98 509
98 67 509
68 85 298
85 68 298
68 71 779
71 68 779
68 95 598
95 68 598
68 87 41
87 68 41
68 95 920
95 68 920
69 70 624
70 69 624
69 80 734
80 69 734
69 87 584
87 69 584
69 95 448
95 69 448
69 79 593
79 69 593
69 81 281
81 69 281
69 74 480
74 69 480
69 95 480
95 69 480
70 89 126
89 70 126
70 90 329
90 70 329
70 96 468
96 70 468
70 70 337
70 70 337
71 95 971
95 71 971
72 98 578
98 72 578
72 81 471
81 72 471
72 91 637
91 72 637
72 84 938
84 72 938
73 81 531
81 73 531
74 76 336
76 74 336
74 86 164
86 74 164
74 75 418
75 74 418
75 83 895
83 75 895
76 81 512
81 76 512
77 92 483
92 77 483
78 86 957
86 78 957
78 88 573
88 78 573
79 98 267
98 79 267
79 80 674
80 79 674
80 97 653
97 80 653
80 96 284
96 80 284
80 96 598
96 80 598
80 88 345
88 80 345
80 85 954
85 80 954
80 83 863
83 80 863
82 94 459
94 82 459
83 95 695
95 83 695
83 83 635
83 83 635
83 97 605
97 83 605
84 95 47
95 84 47
84 94 711
94 84 711
85 96 146
96 85 146
85 88 235
88 85 235
85 98 936
98 85 936
87 90 782
90 87 782
87 98 147
98 87 147
88 90 853
90 88 853
88 95 136
95 88 136
89 91 885
91 89 885
89 96 440
96 89 440
90 90 348
90 90 348
92 97 977
97 92 977
93 94 420
94 93 420
