96

0 1 439
1 0 439
0 2 161
2 0 161
0 14 845
14 0 845
0 17 577
17 0 577
0 73 760
73 0 760
0 32 138
32 0 138
0 10 558
10 0 558
0 38 321
38 0 321
0 62 113
62 0 113
0 41 260
41 0 260
0 61 442
61 0 442
0 52 242
52 0 242
0 60 29
60 0 29
0 26 41
26 0 41
0 4 596
4 0 596
0 2 830
2 0 830
0 62 23
62 0 23
0 27 783
27 0 783
0 51 886
51 0 886
0 50 442
50 0 442
0 24 669
24 0 669
0 84 650
84 0 650
0 73 170
73 0 170
1 7 221
7 1 221
1 11 355
11 1 355
1 16 532
16 1 532
1 14 614
14 1 614
1 23 228
23 1 228
1 3 12
3 1 12
1 89 584
89 1 584
1 47 513
47 1 513
1 71 824
71 1 824
1 53 387
53 1 387
1 33 335
33 1 335
1 23 486
23 1 486
1 89 593
89 1 593
1 70 115
70 1 115
1 30 867
30 1 867
1 67 711
67 1 711
1 51 712
51 1 712
2 3 671
3 2 671
2 4 280
4 2 280
2 9 31
9 2 31
2 12 598
12 2 598
2 52 789
52 2 789
2 73 594
73 2 594
2 36 736
36 2 736
2 56 1
56 2 1
2 79 477
79 2 477
2 83 734
83 2 734
2 41 232
41 2 232
2 63 927
63 2 927
2 64 587
64 2 587
2 40 770
40 2 770
2 14 420
14 2 420
2 12 308
12 2 308
3 5 21
5 3 21
3 8 546
8 3 546
3 28 155
28 3 155
3 92 702
92 3 702
3 54 851
54 3 851
3 46 202
46 3 202
3 61 586
61 3 586
3 21 144
21 3 144
3 74 676
74 3 676
3 87 661
87 3 661
3 66 861
66 3 861
3 51 319
51 3 319
3 40 479
40 3 479
3 57 922
57 3 922
3 33 949
33 3 949
3 58 168
58 3 168
3 44 716
44 3 716
3 84 432
84 3 432
3 78 467
78 3 467
3 69 119
69 3 119
3 33 699
33 3 699
3 25 926
25 3 926
3 61 836
61 3 836
3 5 359
5 3 359
4 27 99
27 4 99
4 42 855
42 4 855
4 87 956
87 4 956
4 21 161
21 4 161
4 44 574
44 4 574
4 15 768
15 4 768
4 57 556
57 4 556
4 46 70
46 4 70
4 33 797
33 4 797
4 41 782
41 4 782
4 28 478
28 4 478
4 8 423
8 4 423
4 19 452
19 4 452
4 79 627
79 4 627
5 6 424
6 5 424
5 20 549
20 5 549
5 48 64
48 5 64
5 76 45
76 5 45
5 87 599
87 5 599
5 11 25
11 5 25
5 38 218
38 5 218
5 35 263
35 5 263
5 68 110
68 5 110
5 58 938
58 5 938
5 38 755
38 5 755
5 79 530
79 5 530
5 51 542
51 5 542
6 25 314
25 6 314
6 32 138
32 6 138
6 30 768
30 6 768
6 61 27
61 6 27
6 93 955
93 6 955
6 92 82
92 6 82
6 78 364
78 6 364
6 83 63
83 6 63
6 54 714
54 6 714
6 44 772
44 6 772
6 58 838
58 6 838
6 54 15
54 6 15
6 18 963
18 6 963
6 28 465
28 6 465
6 89 897
89 6 897
6 85 307
85 6 307
6 39 648
39 6 648
7 38 333
38 7 333
7 44 218
44 7 218
7 53 909
53 7 909
7 59 77
59 7 77
7 52 769
52 7 769
7 17 854
17 7 854
7 41 758
41 7 758
7 84 575
84 7 575
7 55 164
55 7 164
7 29 503
29 7 503
7 49 606
49 7 606
7 42 176
42 7 176
7 14 321
14 7 321
7 86 681
86 7 681
7 77 869
77 7 869
8 10 333
10 8 333
8 24 949
24 8 949
8 66 242
66 8 242
8 67 375
67 8 375
8 51 796
51 8 796
8 59 270
59 8 270
8 14 704
14 8 704
8 44 928
44 8 928
8 37 160
37 8 160
8 18 537
18 8 537
8 43 985
43 8 985
8 10 522
10 8 522
8 70 530
70 8 530
8 67 595
67 8 595
8 30 410
30 8 410
8 47 994
47 8 994
8 84 676
84 8 676
8 59 547
59 8 547
8 49 450
49 8 450
8 14 409
14 8 409
8 23 246
23 8 246
8 26 439
26 8 439
8 71 439
71 8 439
8 32 761
32 8 761
9 15 771
15 9 771
9 47 557
47 9 557
9 80 575
80 9 575
9 86 967
86 9 967
9 68 653
68 9 653
9 55 711
55 9 711
9 88 59
88 9 59
9 61 802
61 9 802
9 74 163
74 9 163
9 88 52
88 9 52
9 60 110
60 9 110
9 12 323
12 9 323
10 13 483
13 10 483
10 56 582
56 10 582
10 38 504
38 10 504
10 69 224
69 10 224
10 22 432
22 10 432
10 95 496
95 10 496
10 36 81
36 10 81
10 56 326
56 10 326
10 84 658
84 10 658
10 51 476
51 10 476
10 51 810
51 10 810
10 72 487
72 10 487
10 52 89
52 10 89
10 53 827
53 10 827
10 18 492
18 10 492
10 18 506
18 10 506
10 71 398
71 10 398
11 19 698
19 11 698
11 30 885
30 11 885
11 83 624
83 11 624
11 49 39
49 11 39
11 93 595
93 11 595
11 71 24
71 11 24
11 86 515
86 11 515
11 50 331
50 11 331
11 77 116
77 11 116
11 82 945
82 11 945
11 21 5
21 11 5
11 31 82
31 11 82
11 61 350
61 11 350
11 50 535
50 11 535
11 20 897
20 11 897
11 59 607
59 11 607
11 81 200
81 11 200
11 67 272
67 11 272
11 21 539
21 11 539
12 29 16
29 12 16
12 50 532
50 12 532
12 27 698
27 12 698
12 44 8
44 12 8
12 40 356
40 12 356
12 83 519
83 12 519
12 48 383
48 12 383
12 65 162
65 12 162
12 19 19
19 12 19
12 65 910
65 12 910
12 91 909
91 12 909
12 58 425
58 12 425
12 35 845
35 12 845
12 42 28
42 12 28
12 67 175
67 12 175
12 27 138
27 12 138
12 86 902
86 12 902
12 22 12
22 12 12
13 42 560
42 13 560
13 47 514
47 13 514
13 62 469
62 13 469
13 53 464
53 13 464
13 70 747
70 13 747
13 89 235
89 13 235
13 24 270
24 13 270
13 35 369
35 13 369
13 88 555
88 13 555
13 45 449
45 13 449
13 63 883
63 13 883
13 18 395
18 13 395
14 31 448
31 14 448
14 74 171
74 14 171
14 22 73
22 14 73
14 27 430
27 14 430
14 64 77
64 14 77
14 53 602
53 14 602
14 71 51
71 14 51
14 39 94
39 14 94
14 18 982
18 14 982
14 76 431
76 14 431
14 65 281
65 14 281
14 95 676
95 14 676
14 32 649
32 14 649
15 18 217
18 15 217
15 60 823
60 15 823
15 60 527
60 15 527
15 78 468
78 15 468
15 72 722
72 15 722
15 28 734
28 15 734
15 80 615
80 15 615
15 68 13
68 15 13
15 72 132
72 15 132
16 22 688
22 16 688
16 43 602
43 16 602
16 26 61
26 16 61
16 44 181
44 16 181
16 75 673
75 16 673
16 64 239
64 16 239
16 88 80
88 16 80
16 69 91
69 16 91
16 33 846
33 16 846
16 59 676
59 16 676
16 26 313
26 16 313
16 72 241
72 16 241
16 31 313
31 16 313
16 70 613
70 16 613
17 69 505
69 17 505
17 51 17
51 17 17
17 59 645
59 17 645
17 66 468
66 17 468
17 33 240
33 17 240
17 53 424
53 17 424
17 27 802
27 17 802
17 30 153
30 17 153
17 35 111
35 17 111
17 91 737
91 17 737
17 35 193
35 17 193
17 73 719
73 17 719
17 52 88
52 17 88
17 19 198
19 17 198
18 37 309
37 18 309
18 77 720
77 18 720
18 67 749
67 18 749
18 84 749
84 18 749
18 59 95
59 18 95
18 24 587
24 18 587
18 33 428
33 18 428
19 21 242
21 19 242
19 40 111
40 19 111
19 73 610
73 19 610
19 83 731
83 19 731
19 42 305
42 19 305
19 77 462
77 19 462
19 60 81
60 19 81
19 42 270
42 19 270
19 73 358
73 19 358
19 57 396
57 19 396
19 72 165
72 19 165
20 23 528
23 20 528
20 44 410
44 20 410
20 48 515
48 20 515
20 80 335
80 20 335
20 36 150
36 20 150
20 77 737
77 20 737
20 30 504
30 20 504
20 60 647
60 20 647
20 75 163
75 20 163
20 58 1000
58 20 1000
20 62 499
62 20 499
20 84 167
84 20 167
20 80 740
80 20 740
20 50 343
50 20 343
20 48 831
48 20 831
21 73 387
73 21 387
21 25 422
25 21 422
21 61 917
61 21 917
21 85 837
85 21 837
21 46 884
46 21 884
21 30 756
30 21 756
21 94 687
94 21 687
21 63 804
63 21 804
21 32 526
32 21 526
21 87 386
87 21 386
21 90 153
90 21 153
21 84 704
84 21 704
21 69 155
69 21 155
21 71 259
71 21 259
21 61 416
61 21 416
21 87 243
87 21 243
21 95 858
95 21 858
21 78 379
78 21 379
22 34 125
34 22 125
22 76 846
76 22 846
22 39 904
39 22 904
22 37 645
37 22 645
22 40 362
40 22 362
22 53 324
53 22 324
22 70 698
70 22 698
22 48 607
48 22 607
22 38 414
38 22 414
22 64 81
64 22 81
22 40 167
40 22 167
22 66 1
66 22 1
22 32 105
32 22 105
22 68 101
68 22 101
22 69 123
69 22 123
22 48 31
48 22 31
23 48 950
48 23 950
23 86 633
86 23 633
23 89 42
89 23 42
23 62 556
62 23 556
23 51 237
51 23 237
23 61 598
61 23 598
23 95 309
95 23 309
23 95 154
95 23 154
23 59 167
59 23 167
24 26 64
26 24 64
24 39 499
39 24 499
24 57 783
57 24 783
24 82 743
82 24 743
24 79 785
79 24 785
24 91 861
91 24 861
24 41 16
41 24 16
24 95 47
95 24 47
24 50 448
50 24 448
24 28 341
28 24 341
24 48 475
48 24 475
24 27 802
27 24 802
24 74 272
74 24 272
24 73 920
73 24 920
25 70 5
70 25 5
25 43 187
43 25 187
25 28 274
28 25 274
25 86 228
86 25 228
25 54 631
54 25 631
25 47 831
47 25 831
25 68 565
68 25 565
25 87 256
87 25 256
25 67 257
67 25 257
25 68 737
68 25 737
25 82 298
82 25 298
25 85 921
85 25 921
25 59 533
59 25 533
26 38 273
38 26 273
26 91 510
91 26 510
26 47 321
47 26 321
26 57 460
57 26 460
26 47 13
47 26 13
26 79 1
79 26 1
26 74 476
74 26 476
26 65 425
65 26 425
26 66 157
66 26 157
27 78 731
78 27 731
27 38 775
38 27 775
27 39 695
39 27 695
27 95 551
95 27 551
27 79 129
79 27 129
27 80 210
80 27 210
27 51 117
51 27 117
27 50 438
50 27 438
27 87 460
87 27 460
27 77 620
77 27 620
27 31 31
31 27 31
27 89 779
89 27 779
27 40 17
40 27 17
27 65 989
65 27 989
27 69 334
69 27 334
27 83 161
83 27 161
27 40 1
40 27 1
28 33 116
33 28 116
28 55 423
55 28 423
28 59 536
59 28 536
28 50 652
50 28 652
28 61 303
61 28 303
28 43 152
43 28 152
28 88 613
88 28 613
28 78 562
78 28 562
28 56 58
56 28 58
28 70 36
70 28 36
29 35 240
35 29 240
29 36 135
36 29 135
29 41 687
41 29 687
29 84 253
84 29 253
29 69 959
69 29 959
29 49 916
49 29 916
29 65 248
65 29 248
29 95 401
95 29 401
29 45 990
45 29 990
29 94 425
94 29 425
29 86 420
86 29 420
29 92 277
92 29 277
29 43 335
43 29 335
29 54 678
54 29 678
29 72 768
72 29 768
29 91 564
91 29 564
30 75 833
75 30 833
30 86 982
86 30 982
30 30 979
30 30 979
30 57 164
57 30 164
30 58 491
58 30 491
30 89 933
89 30 933
30 94 305
94 30 305
30 73 902
73 30 902
30 57 523
57 30 523
30 60 474
60 30 474
30 94 869
94 30 869
30 85 690
85 30 690
30 90 599
90 30 599
31 45 611
45 31 611
31 51 84
51 31 84
31 35 294
35 31 294
31 57 131
57 31 131
31 88 204
88 31 204
31 57 533
57 31 533
31 72 251
72 31 251
31 43 806
43 31 806
31 74 823
74 31 823
31 40 624
40 31 624
32 37 44
37 32 44
32 53 201
53 32 201
32 58 858
58 32 858
32 70 650
70 32 650
32 66 626
66 32 626
32 92 577
92 32 577
32 86 479
86 32 479
32 84 294
84 32 294
32 86 148
86 32 148
32 95 814
95 32 814
32 87 98
87 32 98
32 92 997
92 32 997
32 50 870
50 32 870
33 43 11
43 33 11
33 49 616
49 33 616
33 52 620
52 33 620
33 85 456
85 33 456
33 36 332
36 33 332
33 85 976
85 33 976
33 85 457
85 33 457
33 82 213
82 33 213
33 76 368
76 33 368
33 34 57
34 33 57
33 94 324
94 33 324
33 77 957
77 33 957
33 79 187
79 33 187
33 48 700
48 33 700
33 34 776
34 33 776
33 72 982
72 33 982
33 72 578
72 33 578
33 66 518
66 33 518
33 76 582
76 33 582
34 79 576
79 34 576
34 39 515
39 34 515
34 41 334
41 34 334
34 55 574
55 34 574
34 75 803
75 34 803
34 55 51
55 34 51
34 44 394
44 34 394
34 61 225
61 34 225
34 38 108
38 34 108
34 65 18
65 34 18
34 75 846
75 34 846
35 45 781
45 35 781
35 60 701
60 35 701
35 48 820
48 35 820
35 77 65
77 35 65
35 40 218
40 35 218
35 85 430
85 35 430
35 76 228
76 35 228
36 80 869
80 36 869
36 91 90
91 36 90
36 73 136
73 36 136
36 42 899
42 36 899
36 85 177
85 36 177
36 40 62
40 36 62
36 92 527
92 36 527
36 86 988
86 36 988
37 39 192
39 37 192
37 95 562
95 37 562
37 54 277
54 37 277
37 61 850
61 37 850
37 77 927
77 37 927
37 60 200
60 37 200
37 69 300
69 37 300
37 82 748
82 37 748
37 44 238
44 37 238
37 50 611
50 37 611
37 61 600
61 37 600
38 63 75
63 38 75
38 68 276
68 38 276
38 68 981
68 38 981
38 75 772
75 38 772
38 94 385
94 38 385
38 78 426
78 38 426
38 42 391
42 38 391
38 39 9
39 38 9
38 86 540
86 38 540
38 85 312
85 38 312
38 52 694
52 38 694
38 81 92
81 38 92
38 60 663
60 38 663
38 83 263
83 38 263
39 54 400
54 39 400
39 66 929
66 39 929
39 54 655
54 39 655
39 81 988
81 39 988
39 82 43
82 39 43
39 83 542
83 39 542
39 88 657
88 39 657
39 43 543
43 39 543
39 72 54
72 39 54
39 45 110
45 39 110
39 88 32
88 39 32
40 64 394
64 40 394
40 67 63
67 40 63
40 65 885
65 40 885
40 48 847
48 40 847
41 48 990
48 41 990
41 52 572
52 41 572
41 48 121
48 41 121
41 51 113
51 41 113
41 51 842
51 41 842
41 62 659
62 41 659
41 76 93
76 41 93
41 50 595
50 41 595
41 75 859
75 41 859
41 48 698
48 41 698
41 53 210
53 41 210
41 57 315
57 41 315
41 91 135
91 41 135
41 68 810
68 41 810
41 85 526
85 41 526
41 42 589
42 41 589
42 46 508
46 42 508
42 71 38
71 42 38
42 91 815
91 42 815
42 80 524
80 42 524
42 95 558
95 42 558
42 52 973
52 42 973
42 90 983
90 42 983
42 42 352
42 42 352
43 64 865
64 43 865
43 65 362
65 43 362
43 74 433
74 43 433
43 85 963
85 43 963
43 93 32
93 43 32
43 73 744
73 43 744
43 93 446
93 43 446
43 46 636
46 43 636
43 59 549
59 43 549
44 74 847
74 44 847
45 59 752
59 45 752
45 61 368
61 45 368
45 87 738
87 45 738
45 49 726
49 45 726
45 74 929
74 45 929
45 45 520
45 45 520
45 57 942
57 45 942
45 69 146
69 45 146
45 53 512
53 45 512
45 76 914
76 45 914
45 68 8
68 45 8
45 47 840
47 45 840
46 76 557
76 46 557
46 90 206
90 46 206
46 65 197
65 46 197
46 79 130
79 46 130
46 80 894
80 46 894
46 64 797
64 46 797
47 72 279
72 47 279
47 91 520
91 47 520
47 70 281
70 47 281
47 91 636
91 47 636
47 56 394
56 47 394
47 87 845
87 47 845
48 67 68
67 48 68
48 85 232
85 48 232
48 55 406
55 48 406
48 54 739
54 48 739
48 57 75
57 48 75
48 67 244
67 48 244
48 65 978
65 48 978
48 69 3
69 48 3
48 74 972
74 48 972
48 92 148
92 48 148
48 76 124
76 48 124
48 95 789
95 48 789
49 58 161
58 49 161
49 81 560
81 49 560
49 83 397
83 49 397
49 51 522
51 49 522
49 49 867
49 49 867
49 86 947
86 49 947
49 82 181
82 49 181
49 74 373
74 49 373
49 79 95
79 49 95
49 54 696
54 49 696
50 86 681
86 50 681
50 74 146
74 50 146
50 63 968
63 50 968
50 81 101
81 50 101
50 91 259
91 50 259
50 76 37
76 50 37
50 65 665
65 50 665
50 71 234
71 50 234
50 52 553
52 50 553
50 70 695
70 50 695
50 80 170
80 50 170
51 77 424
77 51 424
51 78 559
78 51 559
51 90 693
90 51 693
51 85 624
85 51 624
51 83 663
83 51 663
52 57 438
57 52 438
52 78 922
78 52 922
52 65 749
65 52 749
52 83 203
83 52 203
52 89 28
89 52 28
52 60 989
60 52 989
52 82 748
82 52 748
52 61 221
61 52 221
52 86 967
86 52 967
52 89 345
89 52 345
53 91 981
91 53 981
53 75 519
75 53 519
53 64 432
64 53 432
53 95 874
95 53 874
53 54 736
54 53 736
53 81 2
81 53 2
53 84 573
84 53 573
54 71 923
71 54 923
54 89 622
89 54 622
54 83 976
83 54 976
54 69 326
69 54 326
54 69 940
69 54 940
54 73 681
73 54 681
54 61 570
61 54 570
54 58 312
58 54 312
54 67 249
67 54 249
55 83 382
83 55 382
55 66 569
66 55 569
55 59 172
59 55 172
55 87 491
87 55 491
55 73 898
73 55 898
55 64 2
64 55 2
55 92 493
92 55 493
55 92 801
92 55 801
55 95 280
95 55 280
55 80 548
80 55 548
55 95 767
95 55 767
56 62 555
62 56 555
56 65 532
65 56 532
56 61 101
61 56 101
56 85 887
85 56 887
56 59 963
59 56 963
56 82 898
82 56 898
57 75 142
75 57 142
57 85 489
85 57 489
57 81 240
81 57 240
57 66 17
66 57 17
57 65 374
65 57 374
58 78 707
78 58 707
58 68 908
68 58 908
58 88 187
88 58 187
58 95 6
95 58 6
58 58 221
58 58 221
58 68 157
68 58 157
58 65 789
65 58 789
58 73 808
73 58 808
59 80 657
80 59 657
59 61 550
61 59 550
59 70 675
70 59 675
59 95 679
95 59 679
60 90 852
90 60 852
60 83 59
83 60 59
60 60 921
60 60 921
60 80 91
80 60 91
60 84 937
84 60 937
60 95 116
95 60 116
60 93 726
93 60 726
60 86 611
86 60 611
60 78 23
78 60 23
60 93 337
93 60 337
61 88 207
88 61 207
61 62 508
62 61 508
61 71 46
71 61 46
61 70 951
70 61 951
61 89 219
89 61 219
61 78 125
78 61 125
62 69 677
69 62 677
62 82 249
82 62 249
62 88 272
88 62 272
62 86 950
86 62 950
62 93 300
93 62 300
62 84 54
84 62 54
63 75 689
75 63 689
64 80 328
80 64 328
64 76 104
76 64 104
64 81 169
81 64 169
64 67 249
67 64 249
64 90 318
90 64 318
64 66 159
66 64 159
64 65 28
65 64 28
64 65 571
65 64 571
64 89 659
89 64 659
64 79 691
79 64 691
65 88 977
88 65 977
65 85 205
85 65 205
65 72 152
72 65 152
65 74 219
74 65 219
65 65 448
65 65 448
65 72 409
72 65 409
66 86 394
86 66 394
66 79 501
79 66 501
67 76 288
76 67 288
67 94 690
94 67 690
67 68 736
68 67 736
67 83 863
83 67 863
67 74 689
74 67 689
68 82 542
82 68 542
68 95 963
95 68 963
68 83 71
83 68 71
68 89 889
89 68 889
68 74 619
74 68 619
68 84 866
84 68 866
69 94 950
94 69 950
69 79 147
79 69 147
69 79 205
79 69 205
69 92 748
92 69 748
69 86 453
86 69 453
69 89 284
89 69 284
69 90 416
90 69 416
69 85 848
85 69 848
70 76 444
76 70 444
70 78 926
78 70 926
70 89 287
89 70 287
70 93 983
93 70 983
70 78 302
78 70 302
70 88 961
88 70 961
71 81 737
81 71 737
71 82 47
82 71 47
71 87 791
87 71 791
71 77 443
77 71 443
71 83 405
83 71 405
71 75 664
75 71 664
71 75 492
75 71 492
72 76 46
76 72 46
72 84 246
84 72 246
72 78 503
78 72 503
73 76 874
76 73 874
73 88 39
88 73 39
73 74 445
74 73 445
73 90 281
90 73 281
73 87 618
87 73 618
73 78 248
78 73 248
74 95 305
95 74 305
74 79 291
79 74 291
74 95 483
95 74 483
74 85 887
85 74 887
75 87 701
87 75 701
75 78 162
78 75 162
75 94 213
94 75 213
75 82 683
82 75 683
76 80 725
80 76 725
76 93 389
93 76 389
76 88 580
88 76 580
76 87 505
87 76 505
77 81 357
81 77 357
77 90 938
90 77 938
77 88 404
88 77 404
77 87 282
87 77 282
78 84 441
84 78 441
78 89 181
89 78 181
78 78 638
78 78 638
78 85 579
85 78 579
80 94 244
94 80 244
80 92 119
92 80 119
81 87 766
87 81 766
81 89 793
89 81 793
83 85 951
85 83 951
83 86 995
86 83 995
84 93 148
93 84 148
84 88 712
88 84 712
84 89 669
89 84 669
84 86 238
86 84 238
87 92 894
92 87 894
87 88 714
88 87 714
87 94 625
94 87 625
87 92 790
92 87 790
88 94 781
94 88 781
88 89 794
89 88 794
88 93 850
93 88 850
88 95 831
95 88 831
89 91 322
91 89 322
90 91 322
91 90 322
91 92 670
92 91 670
91 94 715
94 91 715
91 93 362
93 91 362
92 95 95
95 92 95
93 93 209
93 93 209
