83

0 1 155
1 0 155
0 2 617
2 0 617
0 4 636
4 0 636
0 10 738
10 0 738
0 64 698
64 0 698
0 9 378
9 0 378
0 25 89
25 0 89
0 63 581
63 0 581
0 53 546
53 0 546
0 4 95
4 0 95
0 56 408
56 0 408
0 23 150
23 0 150
0 63 804
63 0 804
0 17 970
17 0 970
0 54 727
54 0 727
0 70 935
70 0 935
1 5 249
5 1 249
1 6 653
6 1 653
1 19 238
19 1 238
1 22 887
22 1 887
1 52 214
52 1 214
1 32 191
32 1 191
1 53 247
53 1 247
1 69 566
69 1 566
1 25 193
25 1 193
1 37 199
37 1 199
1 26 895
26 1 895
2 3 225
3 2 225
2 7 991
7 2 991
2 44 690
44 2 690
2 56 683
56 2 683
2 19 27
19 2 27
2 9 630
9 2 630
2 19 799
19 2 799
2 42 382
42 2 382
2 26 192
26 2 192
2 60 284
60 2 284
2 78 495
78 2 495
2 65 100
65 2 100
2 62 741
62 2 741
2 64 922
64 2 922
2 40 952
40 2 952
2 46 933
46 2 933
2 66 898
66 2 898
2 52 818
52 2 818
3 9 879
9 3 879
3 17 35
17 3 35
3 53 593
53 3 593
3 32 838
32 3 838
3 32 287
32 3 287
3 10 809
10 3 809
3 49 348
49 3 348
3 34 293
34 3 293
3 50 149
50 3 149
3 49 527
49 3 527
3 14 147
14 3 147
3 23 857
23 3 857
4 15 141
15 4 141
4 21 330
21 4 330
4 40 800
40 4 800
4 53 816
53 4 816
4 35 639
35 4 639
4 74 583
74 4 583
4 69 98
69 4 98
4 37 308
37 4 308
4 67 240
67 4 240
4 35 962
35 4 962
4 48 983
48 4 983
4 62 282
62 4 282
4 8 462
8 4 462
4 25 650
25 4 650
5 14 563
14 5 563
5 68 322
68 5 322
5 77 88
77 5 88
5 46 768
46 5 768
5 79 324
79 5 324
5 63 31
63 5 31
5 39 34
39 5 34
5 80 743
80 5 743
5 21 553
21 5 553
5 44 568
44 5 568
5 68 21
68 5 21
5 31 174
31 5 174
5 24 342
24 5 342
6 18 641
18 6 641
6 82 24
82 6 24
6 74 91
74 6 91
6 20 534
20 6 534
6 51 773
51 6 773
6 18 774
18 6 774
6 41 345
41 6 345
6 22 931
22 6 931
6 32 452
32 6 452
6 42 653
42 6 653
7 8 627
8 7 627
7 16 333
16 7 333
7 49 750
49 7 750
7 56 14
56 7 14
7 7 116
7 7 116
7 18 222
18 7 222
7 58 304
58 7 304
7 49 717
49 7 717
7 46 192
46 7 192
7 37 109
37 7 109
7 19 767
19 7 767
7 74 243
74 7 243
7 52 420
52 7 420
7 65 23
65 7 23
7 58 110
58 7 110
7 11 261
11 7 261
7 34 168
34 7 168
8 12 976
12 8 976
8 75 884
75 8 884
8 38 565
38 8 565
8 12 807
12 8 807
8 57 568
57 8 568
8 67 815
67 8 815
8 77 676
77 8 676
8 69 412
69 8 412
8 51 349
51 8 349
9 13 434
13 9 434
9 80 161
80 9 161
9 50 490
50 9 490
9 31 658
31 9 658
9 56 703
56 9 703
9 70 337
70 9 337
9 70 135
70 9 135
9 28 15
28 9 15
9 55 98
55 9 98
9 17 53
17 9 53
10 11 381
11 10 381
10 67 401
67 10 401
10 73 763
73 10 763
10 63 395
63 10 395
10 81 711
81 10 711
10 59 368
59 10 368
10 49 561
49 10 561
10 37 258
37 10 258
10 47 575
47 10 575
10 43 135
43 10 135
11 34 555
34 11 555
11 55 343
55 11 343
11 74 623
74 11 623
11 35 276
35 11 276
11 64 942
64 11 942
11 78 974
78 11 974
11 75 742
75 11 742
11 62 378
62 11 378
11 30 965
30 11 965
11 52 698
52 11 698
11 66 673
66 11 673
11 52 211
52 11 211
12 76 425
76 12 425
12 28 467
28 12 467
12 36 267
36 12 267
12 12 791
12 12 791
12 61 238
61 12 238
13 41 549
41 13 549
13 43 758
43 13 758
13 48 763
48 13 763
13 15 805
15 13 805
13 74 219
74 13 219
13 19 470
19 13 470
13 29 264
29 13 264
14 20 553
20 14 553
14 26 259
26 14 259
14 27 464
27 14 464
14 32 726
32 14 726
14 57 566
57 14 566
14 16 371
16 14 371
14 43 62
43 14 62
14 62 895
62 14 895
14 39 708
39 14 708
14 51 13
51 14 13
14 45 401
45 14 401
14 39 198
39 14 198
14 26 453
26 14 453
14 75 198
75 14 198
15 65 995
65 15 995
15 41 863
41 15 863
15 78 507
78 15 507
15 32 335
32 15 335
15 73 485
73 15 485
15 59 509
59 15 509
15 72 729
72 15 729
15 63 989
63 15 989
15 64 157
64 15 157
15 67 146
67 15 146
16 58 37
58 16 37
16 50 307
50 16 307
16 22 337
22 16 337
16 72 23
72 16 23
16 68 676
68 16 676
16 24 899
24 16 899
16 73 59
73 16 59
16 72 850
72 16 850
17 24 769
24 17 769
17 47 513
47 17 513
17 42 268
42 17 268
17 79 131
79 17 131
17 64 264
64 17 264
17 23 79
23 17 79
18 25 872
25 18 872
18 45 185
45 18 185
18 79 935
79 18 935
18 44 361
44 18 361
18 25 747
25 18 747
18 52 221
52 18 221
18 82 518
82 18 518
18 37 466
37 18 466
18 36 171
36 18 171
18 65 679
65 18 679
18 80 545
80 18 545
18 19 815
19 18 815
19 58 910
58 19 910
19 63 490
63 19 490
19 44 42
44 19 42
19 68 653
68 19 653
19 43 82
43 19 82
19 76 526
76 19 526
19 22 367
22 19 367
19 68 481
68 19 481
19 49 880
49 19 880
20 23 235
23 20 235
20 29 126
29 20 126
20 35 157
35 20 157
20 46 842
46 20 842
20 34 578
34 20 578
20 47 464
47 20 464
20 26 898
26 20 898
20 26 363
26 20 363
20 29 67
29 20 67
20 55 215
55 20 215
20 66 584
66 20 584
20 44 112
44 20 112
21 48 74
48 21 74
21 68 381
68 21 381
21 43 960
43 21 960
21 79 559
79 21 559
21 48 607
48 21 607
21 49 682
49 21 682
21 33 312
33 21 312
22 30 115
30 22 115
22 70 608
70 22 608
22 38 720
38 22 720
22 76 922
76 22 922
22 61 276
61 22 276
22 56 930
56 22 930
23 28 74
28 23 74
23 33 128
33 23 128
23 56 230
56 23 230
23 74 410
74 23 410
24 38 884
38 24 884
24 49 65
49 24 65
24 40 781
40 24 781
24 55 977
55 24 977
24 34 239
34 24 239
24 69 544
69 24 544
24 63 447
63 24 447
24 41 924
41 24 924
24 29 232
29 24 232
24 78 72
78 24 72
25 79 220
79 25 220
25 67 982
67 25 982
25 74 829
74 25 829
25 43 279
43 25 279
25 67 604
67 25 604
25 29 300
29 25 300
26 31 469
31 26 469
26 39 181
39 26 181
26 68 48
68 26 48
26 29 334
29 26 334
26 70 657
70 26 657
26 52 109
52 26 109
26 27 838
27 26 838
26 82 639
82 26 639
26 81 586
81 26 586
27 36 74
36 27 74
27 59 120
59 27 120
27 75 85
75 27 85
27 53 276
53 27 276
27 42 784
42 27 784
27 50 336
50 27 336
27 45 86
45 27 86
27 75 810
75 27 810
27 52 645
52 27 645
27 44 937
44 27 937
27 42 13
42 27 13
27 32 838
32 27 838
27 28 158
28 27 158
28 54 84
54 28 84
28 68 705
68 28 705
28 38 735
38 28 735
28 49 452
49 28 452
28 80 750
80 28 750
28 32 127
32 28 127
28 48 490
48 28 490
28 34 146
34 28 146
29 75 7
75 29 7
29 39 552
39 29 552
29 70 154
70 29 154
29 77 457
77 29 457
29 37 500
37 29 500
29 35 423
35 29 423
29 80 656
80 29 656
29 57 867
57 29 867
29 30 640
30 29 640
29 54 636
54 29 636
29 50 344
50 29 344
29 60 22
60 29 22
30 63 734
63 30 734
30 52 707
52 30 707
30 43 948
43 30 948
30 76 438
76 30 438
30 36 393
36 30 393
30 61 853
61 30 853
30 44 78
44 30 78
31 37 820
37 31 820
31 51 41
51 31 41
31 79 719
79 31 719
31 64 121
64 31 121
31 40 618
40 31 618
31 71 665
71 31 665
32 59 660
59 32 660
32 43 58
43 32 58
32 75 333
75 32 333
32 46 307
46 32 307
32 79 857
79 32 857
32 56 486
56 32 486
32 68 820
68 32 820
33 73 45
73 33 45
33 73 415
73 33 415
33 35 877
35 33 877
33 37 396
37 33 396
33 53 486
53 33 486
33 37 952
37 33 952
34 42 566
42 34 566
34 46 687
46 34 687
34 50 439
50 34 439
34 56 382
56 34 382
34 66 438
66 34 438
34 47 881
47 34 881
34 70 185
70 34 185
34 49 30
49 34 30
34 54 44
54 34 44
34 57 939
57 34 939
34 67 982
67 34 982
34 81 208
81 34 208
34 72 779
72 34 779
35 46 943
46 35 943
35 81 298
81 35 298
35 39 944
39 35 944
35 47 158
47 35 158
35 37 684
37 35 684
35 72 383
72 35 383
35 57 604
57 35 604
36 63 101
63 36 101
36 70 555
70 36 555
36 63 812
63 36 812
36 65 412
65 36 412
36 82 446
82 36 446
36 44 689
44 36 689
36 44 48
44 36 48
36 82 485
82 36 485
37 62 462
62 37 462
37 70 749
70 37 749
37 57 520
57 37 520
37 60 5
60 37 5
38 53 809
53 38 809
38 63 922
63 38 922
38 59 184
59 38 184
38 75 851
75 38 851
38 51 492
51 38 492
38 66 760
66 38 760
38 46 890
46 38 890
38 70 515
70 38 515
38 67 1
67 38 1
38 75 325
75 38 325
39 60 822
60 39 822
39 62 991
62 39 991
39 52 978
52 39 978
39 40 359
40 39 359
39 81 704
81 39 704
39 67 591
67 39 591
39 69 765
69 39 765
39 72 793
72 39 793
39 41 862
41 39 862
40 47 326
47 40 326
40 64 838
64 40 838
40 59 370
59 40 370
40 58 221
58 40 221
40 69 233
69 40 233
40 80 647
80 40 647
40 49 464
49 40 464
41 65 34
65 41 34
41 75 401
75 41 401
41 41 882
41 41 882
41 52 810
52 41 810
41 69 751
69 41 751
41 73 801
73 41 801
42 81 64
81 42 64
42 80 776
80 42 776
42 44 143
44 42 143
42 75 560
75 42 560
42 50 631
50 42 631
42 62 873
62 42 873
42 43 764
43 42 764
42 78 398
78 42 398
42 67 216
67 42 216
42 82 748
82 42 748
43 75 451
75 43 451
43 47 600
47 43 600
43 54 718
54 43 718
43 81 579
81 43 579
43 60 420
60 43 420
43 44 751
44 43 751
44 70 14
70 44 14
44 44 318
44 44 318
44 54 956
54 44 956
44 69 16
69 44 16
44 61 70
61 44 70
45 58 958
58 45 958
45 78 3
78 45 3
45 74 916
74 45 916
45 68 731
68 45 731
46 56 67
56 46 67
46 79 779
79 46 779
46 47 323
47 46 323
46 72 954
72 46 954
47 66 71
66 47 71
47 70 584
70 47 584
47 56 456
56 47 456
47 69 352
69 47 352
48 50 302
50 48 302
48 52 525
52 48 525
48 65 725
65 48 725
48 77 136
77 48 136
48 77 808
77 48 808
49 58 544
58 49 544
49 73 635
73 49 635
49 76 662
76 49 662
49 67 177
67 49 177
49 78 848
78 49 848
49 70 762
70 49 762
50 51 785
51 50 785
50 54 790
54 50 790
50 64 71
64 50 71
50 56 895
56 50 895
51 59 402
59 51 402
51 71 353
71 51 353
51 58 659
58 51 659
51 53 584
53 51 584
52 75 111
75 52 111
52 67 491
67 52 491
53 67 304
67 53 304
53 59 168
59 53 168
53 62 583
62 53 583
53 79 516
79 53 516
54 61 291
61 54 291
54 69 779
69 54 779
54 82 403
82 54 403
54 57 258
57 54 258
54 65 327
65 54 327
54 58 828
58 54 828
54 67 128
67 54 128
54 73 994
73 54 994
54 61 394
61 54 394
55 66 796
66 55 796
55 69 60
69 55 60
55 79 116
79 55 116
55 80 436
80 55 436
55 72 85
72 55 85
56 80 258
80 56 258
56 73 310
73 56 310
56 68 483
68 56 483
56 81 48
81 56 48
57 71 925
71 57 925
57 60 371
60 57 371
57 79 372
79 57 372
58 63 92
63 58 92
59 82 463
82 59 463
59 67 65
67 59 65
59 76 988
76 59 988
59 62 382
62 59 382
59 79 325
79 59 325
59 64 92
64 59 92
60 70 281
70 60 281
60 65 801
65 60 801
61 66 376
66 61 376
61 63 192
63 61 192
61 79 604
79 61 604
62 71 450
71 62 450
62 64 738
64 62 738
63 76 580
76 63 580
65 74 879
74 65 879
65 82 762
82 65 762
65 70 627
70 65 627
66 73 712
73 66 712
66 76 477
76 66 477
66 80 199
80 66 199
66 76 804
76 66 804
67 72 144
72 67 144
67 69 57
69 67 57
67 80 488
80 67 488
67 70 648
70 67 648
68 82 263
82 68 263
68 71 890
71 68 890
68 77 66
77 68 66
69 70 56
70 69 56
70 80 586
80 70 586
70 78 989
78 70 989
71 79 1000
79 71 1000
72 78 498
78 72 498
72 76 505
76 72 505
72 78 638
78 72 638
73 77 255
77 73 255
73 78 203
78 73 203
74 82 115
82 74 115
75 77 150
77 75 150
75 78 528
78 75 528
75 79 142
79 75 142
76 78 214
78 76 214
76 76 742
76 76 742
77 78 685
78 77 685
77 81 934
81 77 934
77 81 772
81 77 772
78 79 334
79 78 334
