71

0 1 468
1 0 468
0 3 197
3 0 197
0 4 870
4 0 870
0 6 329
6 0 329
0 8 4
8 0 4
0 27 5
27 0 5
0 64 69
64 0 69
0 66 676
66 0 676
0 9 40
9 0 40
0 43 120
43 0 120
0 15 429
15 0 429
0 50 261
50 0 261
0 52 983
52 0 983
1 2 855
2 1 855
1 7 120
7 1 120
1 17 224
17 1 224
1 25 592
25 1 592
1 42 543
42 1 543
1 68 919
68 1 919
1 43 566
43 1 566
1 38 303
38 1 303
1 12 503
12 1 503
1 40 258
40 1 258
1 65 564
65 1 564
1 3 88
3 1 88
1 27 398
27 1 398
1 6 205
6 1 205
2 20 636
20 2 636
2 3 320
3 2 320
2 16 976
16 2 976
2 4 693
4 2 693
2 47 303
47 2 303
2 70 324
70 2 324
2 20 573
20 2 573
2 22 660
22 2 660
2 50 732
50 2 732
3 5 998
5 3 998
3 19 379
19 3 379
3 32 499
32 3 499
3 18 469
18 3 469
3 42 659
42 3 659
3 45 601
45 3 601
3 47 295
47 3 295
3 5 237
5 3 237
3 8 181
8 3 181
3 6 370
6 3 370
3 24 5
24 3 5
3 5 542
5 3 542
4 11 100
11 4 100
4 24 418
24 4 418
4 34 273
34 4 273
4 61 350
61 4 350
4 69 890
69 4 890
4 41 129
41 4 129
4 64 549
64 4 549
4 25 787
25 4 787
4 40 610
40 4 610
4 7 646
7 4 646
4 11 766
11 4 766
4 11 121
11 4 121
4 43 509
43 4 509
5 9 111
9 5 111
5 47 778
47 5 778
5 15 71
15 5 71
5 12 476
12 5 476
5 28 849
28 5 849
5 15 452
15 5 452
5 12 663
12 5 663
5 11 332
11 5 332
5 34 298
34 5 298
5 15 336
15 5 336
5 60 269
60 5 269
5 63 824
63 5 824
6 14 401
14 6 401
6 15 12
15 6 12
6 12 18
12 6 18
6 37 735
37 6 735
6 70 842
70 6 842
6 65 407
65 6 407
6 69 211
69 6 211
6 62 869
62 6 869
6 63 339
63 6 339
7 13 653
13 7 653
7 23 109
23 7 109
7 39 205
39 7 205
7 45 82
45 7 82
7 40 22
40 7 22
8 10 187
10 8 187
8 42 610
42 8 610
8 60 405
60 8 405
8 21 650
21 8 650
8 48 218
48 8 218
8 51 954
51 8 954
8 27 884
27 8 884
8 24 645
24 8 645
9 12 828
12 9 828
9 28 171
28 9 171
9 38 665
38 9 665
9 41 713
41 9 713
9 44 58
44 9 58
9 47 438
47 9 438
9 49 840
49 9 840
9 32 686
32 9 686
9 34 816
34 9 816
10 21 512
21 10 512
10 65 910
65 10 910
10 58 387
58 10 387
10 42 212
42 10 212
10 70 183
70 10 183
10 67 836
67 10 836
11 22 341
22 11 341
11 24 241
24 11 241
11 55 488
55 11 488
11 48 265
48 11 265
11 22 498
22 11 498
12 26 400
26 12 400
12 70 925
70 12 925
12 23 7
23 12 7
12 52 535
52 12 535
12 15 462
15 12 462
13 18 550
18 13 550
13 36 110
36 13 110
13 49 175
49 13 175
13 69 899
69 13 899
13 46 463
46 13 463
13 52 695
52 13 695
13 23 460
23 13 460
13 18 321
18 13 321
14 62 399
62 14 399
14 19 351
19 14 351
14 27 327
27 14 327
14 67 923
67 14 923
15 16 450
16 15 450
15 43 642
43 15 642
15 24 52
24 15 52
15 31 940
31 15 940
15 69 237
69 15 237
16 70 903
70 16 903
16 21 28
21 16 28
17 45 998
45 17 998
17 49 597
49 17 597
17 60 394
60 17 394
17 57 365
57 17 365
17 35 752
35 17 752
18 68 284
68 18 284
18 20 785
20 18 785
18 64 599
64 18 599
19 31 584
31 19 584
19 37 192
37 19 192
19 39 145
39 19 145
19 56 760
56 19 760
19 34 911
34 19 911
19 31 760
31 19 760
19 40 232
40 19 232
19 53 219
53 19 219
19 40 645
40 19 645
19 37 387
37 19 387
19 62 33
62 19 33
20 33 721
33 20 721
20 52 820
52 20 820
20 21 776
21 20 776
20 29 248
29 20 248
20 54 377
54 20 377
20 68 407
68 20 407
20 63 334
63 20 334
21 46 631
46 21 631
21 68 253
68 21 253
21 65 188
65 21 188
21 53 398
53 21 398
22 29 959
29 22 959
22 67 243
67 22 243
23 46 145
46 23 145
23 28 542
28 23 542
24 29 90
29 24 90
24 30 700
30 24 700
24 59 899
59 24 899
24 67 752
67 24 752
24 67 81
67 24 81
24 68 992
68 24 992
24 52 324
52 24 324
25 39 366
39 25 366
25 33 417
33 25 417
26 44 450
44 26 450
26 69 311
69 26 311
26 36 627
36 26 627
26 70 950
70 26 950
26 63 722
63 26 722
27 48 973
48 27 973
28 50 139
50 28 139
28 40 864
40 28 864
28 70 30
70 28 30
28 58 32
58 28 32
28 52 103
52 28 103
28 55 927
55 28 927
29 70 930
70 29 930
30 42 492
42 30 492
30 58 542
58 30 542
31 58 455
58 31 455
31 46 681
46 31 681
32 44 848
44 32 848
32 42 503
42 32 503
33 35 974
35 33 974
33 65 520
65 33 520
33 52 339
52 33 339
33 66 594
66 33 594
33 70 36
70 33 36
34 47 962
47 34 962
34 61 455
61 34 455
34 61 90
61 34 90
34 39 773
39 34 773
35 53 244
53 35 244
36 68 289
68 36 289
37 40 386
40 37 386
37 42 457
42 37 457
37 47 399
47 37 399
37 70 930
70 37 930
37 39 540
39 37 540
37 65 641
65 37 641
38 43 240
43 38 240
39 58 560
58 39 560
39 49 931
49 39 931
39 55 1000
55 39 1000
39 61 430
61 39 430
39 54 643
54 39 643
40 53 597
53 40 597
40 42 545
42 40 545
40 44 145
44 40 145
41 65 7
65 41 7
44 51 988
51 44 988
44 67 205
67 44 205
44 63 322
63 44 322
44 62 484
62 44 484
44 59 728
59 44 728
45 53 634
53 45 634
45 48 603
48 45 603
45 46 96
46 45 96
45 67 62
67 45 62
45 46 445
46 45 445
46 54 342
54 46 342
46 57 806
57 46 806
46 59 593
59 46 593
46 52 618
52 46 618
46 61 6
61 46 6
46 48 291
48 46 291
48 68 334
68 48 334
48 57 301
57 48 301
49 70 331
70 49 331
50 56 473
56 50 473
50 63 313
63 50 313
50 58 246
58 50 246
50 62 959
62 50 959
51 55 451
55 51 451
51 53 124
53 51 124
51 61 366
61 51 366
51 53 890
53 51 890
53 66 728
66 53 728
53 56 738
56 53 738
53 61 724
61 53 724
53 55 970
55 53 970
55 70 208
70 55 208
58 62 357
62 58 357
59 64 709
64 59 709
59 64 270
64 59 270
60 68 93
68 60 93
60 66 716
66 60 716
61 67 918
67 61 918
62 66 967
66 62 967
