98

0 1 465
1 0 465
0 2 628
2 0 628
0 5 599
5 0 599
0 14 966
14 0 966
0 21 679
21 0 679
0 69 756
69 0 756
0 13 281
13 0 281
0 77 251
77 0 251
0 79 916
79 0 916
0 14 345
14 0 345
0 13 426
13 0 426
0 95 158
95 0 158
0 85 349
85 0 349
0 87 536
87 0 536
0 48 501
48 0 501
0 28 677
28 0 677
0 47 393
47 0 393
1 4 549
4 1 549
1 6 886
6 1 886
1 38 478
38 1 478
1 37 551
37 1 551
1 81 947
81 1 947
1 58 720
58 1 720
1 19 478
19 1 478
1 43 816
43 1 816
1 25 463
25 1 463
2 3 612
3 2 612
2 15 193
15 2 193
2 46 167
46 2 167
2 80 324
80 2 324
2 58 598
58 2 598
2 7 838
7 2 838
2 10 24
10 2 24
3 10 96
10 3 96
3 11 963
11 3 963
3 29 996
29 3 996
3 43 942
43 3 942
3 38 383
38 3 383
3 57 608
57 3 608
3 11 869
11 3 869
3 25 945
25 3 945
3 80 231
80 3 231
4 37 496
37 4 496
4 45 192
45 4 192
4 47 818
47 4 818
4 49 822
49 4 822
4 71 751
71 4 751
4 77 920
77 4 920
4 96 687
96 4 687
4 86 271
86 4 271
4 51 590
51 4 590
4 27 847
27 4 847
4 51 26
51 4 26
5 39 239
39 5 239
5 62 843
62 5 843
5 10 897
10 5 897
5 90 625
90 5 625
5 66 86
66 5 86
5 82 207
82 5 207
6 7 314
7 6 314
6 31 114
31 6 114
6 43 684
43 6 684
6 35 707
35 6 707
6 89 871
89 6 871
6 84 796
84 6 796
6 70 56
70 6 56
6 60 970
60 6 970
6 71 818
71 6 818
6 57 868
57 6 868
6 20 610
20 6 610
6 14 914
14 6 914
7 8 633
8 7 633
7 18 44
18 7 44
7 35 41
35 7 41
7 58 454
58 7 454
7 94 359
94 7 359
7 25 481
25 7 481
7 47 300
47 7 300
7 20 757
20 7 757
7 82 850
82 7 850
7 39 721
39 7 721
7 63 94
63 7 94
8 9 710
9 8 710
8 52 901
52 8 901
8 37 539
37 8 539
8 39 593
39 8 593
8 66 945
66 8 945
8 42 675
42 8 675
9 22 680
22 9 680
9 43 128
43 9 128
9 10 551
10 9 551
9 30 629
30 9 629
9 25 293
25 9 293
9 25 836
25 9 836
9 76 490
76 9 490
10 12 913
12 10 913
10 13 772
13 10 772
10 72 353
72 10 353
10 27 951
27 10 951
10 65 904
65 10 904
10 93 639
93 10 639
10 74 113
74 10 113
11 48 1000
48 11 1000
11 70 613
70 11 613
11 77 853
77 11 853
11 19 437
19 11 437
11 70 369
70 11 369
11 89 842
89 11 842
11 22 949
22 11 949
12 97 781
97 12 781
12 56 902
56 12 902
12 58 217
58 12 217
12 26 765
26 12 765
12 66 151
66 12 151
12 78 99
78 12 99
12 44 981
44 12 981
13 24 409
24 13 409
13 95 154
95 13 154
13 90 722
90 13 722
13 40 340
40 13 340
13 70 104
70 13 104
13 59 539
59 13 539
13 51 766
51 13 766
13 95 395
95 13 395
13 52 578
52 13 578
13 83 625
83 13 625
14 19 442
19 14 442
14 22 567
22 14 567
14 32 904
32 14 904
14 33 1000
33 14 1000
14 76 355
76 14 355
14 30 400
30 14 400
14 92 497
92 14 497
14 67 325
67 14 325
14 83 154
83 14 154
14 56 566
56 14 566
14 29 201
29 14 201
15 16 720
16 15 720
15 20 586
20 15 586
15 50 717
50 15 717
15 51 551
51 15 551
15 55 350
55 15 350
15 72 485
72 15 485
15 63 573
63 15 573
15 21 752
21 15 752
15 77 995
77 15 995
15 25 873
25 15 873
16 17 32
17 16 32
16 41 734
41 16 734
16 54 575
54 16 575
16 85 937
85 16 937
16 80 514
80 16 514
16 75 670
75 16 670
16 95 317
95 16 317
16 59 670
59 16 670
17 93 534
93 17 534
17 77 61
77 17 61
17 95 399
95 17 399
17 65 828
65 17 828
17 65 613
65 17 613
18 26 670
26 18 670
18 50 837
50 18 837
18 82 832
82 18 832
18 95 894
95 18 894
18 66 87
66 18 87
18 90 532
90 18 532
18 24 778
24 18 778
19 56 880
56 19 880
19 65 162
65 19 162
19 59 262
59 19 262
19 41 564
41 19 564
19 93 432
93 19 432
19 62 667
62 19 667
19 37 531
37 19 531
19 90 724
90 19 724
20 23 633
23 20 633
20 54 546
54 20 546
20 41 188
41 20 188
20 60 291
60 20 291
20 51 912
51 20 912
20 51 443
51 20 443
20 91 796
91 20 796
20 27 867
27 20 867
20 75 173
75 20 173
20 82 541
82 20 541
20 83 103
83 20 103
20 95 610
95 20 610
20 37 97
37 20 97
21 60 517
60 21 517
21 28 80
28 21 80
21 82 718
82 21 718
21 24 832
24 21 832
22 27 581
27 22 581
22 30 993
30 22 993
22 73 488
73 22 488
22 73 192
73 22 192
22 94 675
94 22 675
22 68 21
68 22 21
22 51 365
51 22 365
22 65 150
65 22 150
23 25 332
25 23 332
23 28 273
28 23 273
23 70 205
70 23 205
23 49 622
49 23 622
23 32 887
32 23 887
23 66 254
66 23 254
24 91 728
91 24 728
24 80 424
80 24 424
24 87 738
87 24 738
24 71 35
71 24 35
24 40 344
40 24 344
24 75 562
75 24 562
25 34 859
34 25 859
25 66 617
66 25 617
25 81 205
81 25 205
25 75 42
75 25 42
25 71 649
71 25 649
26 35 910
35 26 910
26 59 961
59 26 961
26 65 50
65 26 50
26 77 16
77 26 16
26 80 876
80 26 876
27 40 835
40 27 835
27 87 848
87 27 848
27 51 688
51 27 688
28 51 991
51 28 991
28 60 528
60 28 528
28 34 228
34 28 228
29 53 973
53 29 973
29 55 8
55 29 8
29 81 276
81 29 276
30 42 506
42 30 506
30 57 125
57 30 125
30 89 788
89 30 788
30 59 457
59 30 457
30 69 226
69 30 226
30 65 125
65 30 125
30 40 291
40 30 291
30 96 698
96 30 698
30 67 351
67 30 351
32 64 715
64 32 715
32 87 640
87 32 640
32 43 45
43 32 45
32 78 282
78 32 282
32 51 204
51 32 204
32 61 668
61 32 668
32 85 670
85 32 670
33 70 824
70 33 824
33 85 654
85 33 654
33 34 733
34 33 733
33 91 605
91 33 605
33 60 194
60 33 194
33 49 212
49 33 212
33 35 630
35 33 630
33 68 26
68 33 26
34 36 891
36 34 891
34 91 883
91 34 883
35 78 838
78 35 838
35 79 15
79 35 15
35 84 930
84 35 930
35 44 992
44 35 992
35 53 34
53 35 34
35 55 776
55 35 776
36 36 735
36 36 735
36 66 404
66 36 404
36 55 309
55 36 309
36 52 580
52 36 580
36 90 351
90 36 351
37 44 16
44 37 16
37 50 777
50 37 777
37 51 130
51 37 130
37 76 212
76 37 212
38 78 896
78 38 896
38 94 811
94 38 811
38 77 810
77 38 810
38 49 602
49 38 602
38 53 595
53 38 595
38 72 692
72 38 692
38 89 946
89 38 946
38 92 106
92 38 106
39 63 101
63 39 101
39 82 591
82 39 591
39 70 692
70 39 692
40 81 296
81 40 296
40 66 719
66 40 719
40 62 999
62 40 999
40 60 606
60 40 606
40 45 741
45 40 741
40 80 407
80 40 407
40 92 424
92 40 424
40 56 835
56 40 835
40 84 392
84 40 392
41 83 982
83 41 982
41 62 168
62 41 168
41 71 303
71 41 303
41 93 151
93 41 151
41 88 271
88 41 271
41 48 933
48 41 933
41 43 976
43 41 976
41 48 661
48 41 661
41 56 534
56 41 534
42 59 436
59 42 436
42 85 558
85 42 558
42 87 889
87 42 889
43 84 195
84 43 195
43 54 944
54 43 944
44 92 436
92 44 436
44 56 355
56 44 355
45 88 983
88 45 983
45 90 146
90 45 146
45 93 566
93 45 566
45 66 13
66 45 13
45 45 297
45 45 297
45 50 17
50 45 17
45 53 146
53 45 146
45 76 966
76 45 966
46 97 298
97 46 298
47 96 871
96 47 871
47 86 650
86 47 650
47 80 798
80 47 798
48 61 455
61 48 455
48 55 316
55 48 316
48 70 79
70 48 79
50 65 733
65 50 733
50 60 355
60 50 355
50 94 274
94 50 274
50 86 364
86 50 364
51 82 198
82 51 198
51 68 747
68 51 747
52 75 329
75 52 329
52 84 965
84 52 965
52 72 426
72 52 426
52 69 70
69 52 70
52 91 755
91 52 755
53 55 738
55 53 738
53 67 539
67 53 539
53 77 266
77 53 266
53 55 666
55 53 666
54 96 340
96 54 340
54 60 437
60 54 437
54 82 385
82 54 385
55 87 730
87 55 730
55 92 577
92 55 577
55 74 524
74 55 524
56 97 999
97 56 999
57 97 732
97 57 732
57 85 874
85 57 874
57 71 862
71 57 862
58 94 227
94 58 227
59 68 82
68 59 82
59 83 534
83 59 534
59 66 154
66 59 154
60 61 789
61 60 789
60 69 369
69 60 369
60 73 458
73 60 458
61 89 343
89 61 343
61 96 173
96 61 173
61 76 375
76 61 375
61 68 982
68 61 982
61 96 879
96 61 879
62 74 212
74 62 212
62 91 897
91 62 897
62 89 770
89 62 770
63 68 65
68 63 65
63 65 589
65 63 589
63 92 573
92 63 573
64 74 522
74 64 522
65 92 215
92 65 215
65 92 936
92 65 936
65 97 658
97 65 658
65 90 303
90 65 303
67 84 756
84 67 756
67 85 543
85 67 543
67 89 118
89 67 118
68 97 190
97 68 190
68 78 310
78 68 310
70 71 719
71 70 719
70 73 839
73 70 839
70 81 408
81 70 408
70 86 969
86 70 969
70 89 19
89 70 19
71 91 640
91 71 640
71 74 120
74 71 120
71 84 870
84 71 870
71 96 894
96 71 894
72 87 526
87 72 526
72 88 684
88 72 684
72 80 335
80 72 335
74 97 892
97 74 892
74 85 997
85 74 997
75 78 14
78 75 14
76 93 528
93 76 528
78 85 333
85 78 333
79 96 758
96 79 758
79 92 449
92 79 449
80 90 798
90 80 798
80 95 326
95 80 326
81 87 577
87 81 577
81 83 239
83 81 239
82 82 130
82 82 130
83 86 315
86 83 315
83 93 873
93 83 873
84 90 1
90 84 1
85 93 995
93 85 995
86 88 630
88 86 630
90 92 181
92 90 181
90 93 584
93 90 584
92 94 113
94 92 113
94 95 319
95 94 319
95 97 817
97 95 817
