91

0 1 161
1 0 161
0 2 21
2 0 21
0 4 290
4 0 290
0 19 70
19 0 70
0 23 12
23 0 12
0 83 253
83 0 253
0 60 957
60 0 957
0 5 892
5 0 892
0 69 851
69 0 851
0 63 799
63 0 799
0 78 766
78 0 766
1 26 640
26 1 640
2 3 342
3 2 342
2 7 508
7 2 508
2 13 391
13 2 391
3 8 581
8 3 581
3 32 135
32 3 135
3 43 625
43 3 625
3 47 319
47 3 319
3 10 304
10 3 304
3 47 238
47 3 238
4 5 512
5 4 512
4 6 922
6 4 922
4 11 373
11 4 373
4 25 112
25 4 112
4 41 962
41 4 962
4 40 487
40 4 487
4 17 337
17 4 337
4 71 241
71 4 241
5 9 543
9 5 543
5 10 519
10 5 519
5 64 309
64 5 309
5 55 950
55 5 950
5 45 327
45 5 327
5 12 674
12 5 674
5 82 86
82 5 86
6 55 378
55 6 378
6 59 612
59 6 612
6 10 835
10 6 835
6 19 513
19 6 513
6 29 238
29 6 238
7 24 470
24 7 470
7 53 618
53 7 618
7 73 224
73 7 224
7 8 764
8 7 764
7 46 248
46 7 248
7 20 508
20 7 508
8 20 973
20 8 973
8 70 945
70 8 945
8 22 880
22 8 880
8 23 108
23 8 108
8 72 430
72 8 430
8 80 51
80 8 51
9 52 248
52 9 248
9 89 59
89 9 59
9 65 656
65 9 656
9 38 435
38 9 435
10 33 319
33 10 319
10 45 822
45 10 822
10 65 656
65 10 656
11 12 280
12 11 280
11 51 786
51 11 786
11 88 250
88 11 250
11 53 493
53 11 493
12 15 823
15 12 823
12 18 883
18 12 883
12 21 90
21 12 90
12 27 352
27 12 352
12 31 269
31 12 269
13 14 32
14 13 32
13 41 231
41 13 231
13 61 66
61 13 66
13 48 54
48 13 54
14 35 186
35 14 186
14 40 988
40 14 988
14 66 438
66 14 438
14 81 458
81 14 458
14 60 287
60 14 287
15 16 743
16 15 743
15 37 670
37 15 670
15 63 912
63 15 912
15 43 478
43 15 478
15 31 965
31 15 965
15 59 451
59 15 451
15 89 888
89 15 888
15 35 978
35 15 978
15 49 141
49 15 141
16 17 609
17 16 609
16 53 653
53 16 653
17 28 1000
28 17 1000
17 29 675
29 17 675
17 39 472
39 17 472
17 57 448
57 17 448
17 68 448
68 17 448
17 88 78
88 17 78
18 22 988
22 18 988
18 30 178
30 18 178
18 65 828
65 18 828
18 57 965
57 18 965
19 77 773
77 19 773
20 38 923
38 20 923
20 44 44
44 20 44
20 48 876
48 20 876
20 83 337
83 20 337
21 49 368
49 21 368
21 56 200
56 21 200
21 58 834
58 21 834
21 62 23
62 21 23
21 89 107
89 21 107
22 52 168
52 22 168
22 26 107
26 22 107
23 46 498
46 23 498
23 50 841
50 23 841
23 81 539
81 23 539
24 28 579
28 24 579
24 39 891
39 24 891
24 82 898
82 24 898
24 80 637
80 24 637
25 85 942
85 25 942
25 58 107
58 25 107
26 42 977
42 26 977
26 71 570
71 26 570
26 34 804
34 26 804
27 85 852
85 27 852
27 56 155
56 27 155
27 64 790
64 27 790
28 61 667
61 28 667
28 62 209
62 28 209
28 41 484
41 28 484
28 83 321
83 28 321
29 74 344
74 29 344
29 90 331
90 29 331
29 52 123
52 29 123
29 80 943
80 29 943
30 36 569
36 30 569
30 48 915
48 30 915
30 86 578
86 30 578
31 34 565
34 31 565
31 76 530
76 31 530
31 42 133
42 31 133
32 50 459
50 32 459
32 88 223
88 32 223
33 79 140
79 33 140
33 51 422
51 33 422
33 37 410
37 33 410
34 55 439
55 34 439
35 71 818
71 35 818
35 71 385
71 35 385
36 54 999
54 36 999
36 60 127
60 36 127
37 77 633
77 37 633
38 78 56
78 38 56
38 41 689
41 38 689
38 75 115
75 38 115
39 90 467
90 39 467
40 75 938
75 40 938
41 68 290
68 41 290
41 61 61
61 41 61
41 50 676
50 41 676
42 64 482
64 42 482
42 77 732
77 42 732
42 74 371
74 42 371
43 87 620
87 43 620
44 45 854
45 44 854
44 45 801
45 44 801
44 69 715
69 44 715
46 75 721
75 46 721
46 84 744
84 46 744
46 74 79
74 46 79
47 86 522
86 47 522
47 84 278
84 47 278
48 69 854
69 48 854
48 87 137
87 48 137
49 87 826
87 49 826
50 55 471
55 50 471
50 87 323
87 50 323
51 73 594
73 51 594
52 82 985
82 52 985
53 72 79
72 53 79
53 78 147
78 53 147
53 77 47
77 53 47
54 65 698
65 54 698
56 86 528
86 56 528
57 79 782
79 57 782
57 85 394
85 57 394
61 87 536
87 61 536
61 64 993
64 61 993
62 76 377
76 62 377
63 70 482
70 63 482
66 67 546
67 66 546
66 79 481
79 66 481
66 77 426
77 66 426
66 89 124
89 66 124
67 80 261
80 67 261
68 73 155
73 68 155
70 73 276
73 70 276
71 86 411
86 71 411
72 75 77
75 72 77
73 87 702
87 73 702
73 85 715
85 73 715
74 89 555
89 74 555
79 82 310
82 79 310
80 84 233
84 80 233
80 81 248
81 80 248
89 89 666
89 89 666
