88

0 1 584
1 0 584
0 12 26
12 0 26
0 14 608
14 0 608
0 26 685
26 0 685
0 63 556
63 0 556
1 2 433
2 1 433
1 9 572
9 1 572
1 37 420
37 1 420
1 83 634
83 1 634
2 3 284
3 2 284
2 8 712
8 2 712
2 13 859
13 2 859
2 35 323
35 2 323
2 62 98
62 2 98
3 4 288
4 3 288
3 5 714
5 3 714
3 70 754
70 3 754
4 6 426
6 4 426
4 7 493
7 4 493
4 18 536
18 4 536
4 38 937
38 4 937
4 46 493
46 4 493
4 65 99
65 4 99
5 80 427
80 5 427
6 10 935
10 6 935
6 24 669
24 6 669
6 55 254
55 6 254
7 81 303
81 7 303
8 17 693
17 8 693
8 32 240
32 8 240
9 11 884
11 9 884
9 16 617
16 9 617
9 47 454
47 9 454
10 20 108
20 10 108
10 27 925
27 10 925
11 15 62
15 11 62
11 19 259
19 11 259
12 23 438
23 12 438
13 34 451
34 13 451
13 71 816
71 13 816
14 21 169
21 14 169
14 33 806
33 14 806
14 59 455
59 14 455
15 56 502
56 15 502
16 25 751
25 16 751
16 48 363
48 16 363
18 28 977
28 18 977
18 19 191
19 18 191
19 22 858
22 19 858
19 52 656
52 19 656
20 39 567
39 20 567
20 43 765
43 20 765
20 69 673
69 20 673
21 30 62
30 21 62
21 41 848
41 21 848
23 31 694
31 23 694
24 29 886
29 24 886
25 53 224
53 25 224
25 64 983
64 25 983
26 36 361
36 26 361
26 44 503
44 26 503
26 49 255
49 26 255
26 50 21
50 26 21
27 40 605
40 27 605
27 68 99
68 27 99
29 42 301
42 29 301
29 54 833
54 29 833
29 77 493
77 29 493
30 73 569
73 30 569
31 61 722
61 31 722
34 87 873
87 34 873
37 78 949
78 37 949
39 45 119
45 39 119
40 60 629
60 40 629
42 75 153
75 42 153
45 51 950
51 45 950
49 58 261
58 49 261
54 82 772
82 54 772
55 57 799
57 55 799
59 67 921
67 59 921
59 84 224
84 59 224
60 76 459
76 60 459
63 66 950
66 63 950
63 74 574
74 63 574
68 72 192
72 68 192
71 79 811
79 71 811
76 86 493
86 76 493
78 85 241
85 78 241
