17

0 1 734
1 0 734
0 2 750
2 0 750
1 3 169
3 1 169
1 5 643
5 1 643
2 6 982
6 2 982
2 7 436
7 2 436
2 10 640
10 2 640
2 14 432
14 2 432
2 15 933
15 2 933
2 6 172
6 2 172
2 7 305
7 2 305
3 4 168
4 3 168
4 5 331
5 4 331
4 8 653
8 4 653
4 15 904
15 4 904
4 11 556
11 4 556
5 9 750
9 5 750
5 12 237
12 5 237
5 16 744
16 5 744
6 11 731
11 6 731
7 12 356
12 7 356
9 13 872
13 9 872
9 14 221
14 9 221
10 11 87
11 10 87
11 16 656
16 11 656
12 13 309
13 12 309
12 16 722
16 12 722
