70

0 1 934
1 0 934
0 3 136
3 0 136
0 4 77
4 0 77
0 17 11
17 0 11
0 43 64
43 0 64
0 48 415
48 0 415
0 1 363
1 0 363
0 0 1000
0 0 1000
0 21 528
21 0 528
0 7 171
7 0 171
1 2 239
2 1 239
1 6 662
6 1 662
1 11 684
11 1 684
1 14 254
14 1 254
1 17 703
17 1 703
1 20 240
20 1 240
1 67 471
67 1 471
1 18 114
18 1 114
1 60 502
60 1 502
1 13 165
13 1 165
1 29 716
29 1 716
1 8 337
8 1 337
1 42 104
42 1 104
1 34 542
34 1 542
2 7 328
7 2 328
2 8 678
8 2 678
2 43 268
43 2 268
2 48 725
48 2 725
2 37 387
37 2 387
2 60 731
60 2 731
2 51 908
51 2 908
2 64 489
64 2 489
2 27 860
27 2 860
2 29 142
29 2 142
3 33 794
33 3 794
3 52 298
52 3 298
3 48 11
48 3 11
3 23 354
23 3 354
3 7 443
7 3 443
3 43 770
43 3 770
4 5 601
5 4 601
4 16 86
16 4 86
4 28 642
28 4 642
4 45 445
45 4 445
4 42 864
42 4 864
5 36 184
36 5 184
5 42 319
42 5 319
5 55 605
55 5 605
5 9 274
9 5 274
5 37 217
37 5 217
5 29 533
29 5 533
5 33 479
33 5 479
5 43 322
43 5 322
5 34 129
34 5 129
5 20 330
20 5 330
6 9 906
9 6 906
6 23 552
23 6 552
6 46 467
46 6 467
6 36 314
36 6 314
6 65 519
65 6 519
6 8 809
8 6 809
6 14 113
14 6 113
6 68 430
68 6 430
6 20 142
20 6 142
6 44 819
44 6 819
6 32 582
32 6 582
6 41 292
41 6 292
6 55 146
55 6 146
7 12 117
12 7 117
7 24 281
24 7 281
7 31 397
31 7 397
7 21 315
21 7 315
7 33 54
33 7 54
7 36 695
36 7 695
7 64 963
64 7 963
7 32 733
32 7 733
8 10 427
10 8 427
8 30 933
30 8 933
8 35 259
35 8 259
8 59 475
59 8 475
8 28 696
28 8 696
8 47 39
47 8 39
8 65 444
65 8 444
8 9 850
9 8 850
8 31 399
31 8 399
9 13 704
13 9 704
9 18 218
18 9 218
9 27 160
27 9 160
9 29 321
29 9 321
9 65 297
65 9 297
9 44 711
44 9 711
9 26 526
26 9 526
9 40 957
40 9 957
9 29 380
29 9 380
9 10 213
10 9 213
9 29 85
29 9 85
10 15 777
15 10 777
10 56 680
56 10 680
10 55 657
55 10 657
10 53 221
53 10 221
10 40 45
40 10 45
11 21 492
21 11 492
11 57 981
57 11 981
11 65 584
65 11 584
11 61 709
61 11 709
11 36 800
36 11 800
11 18 214
18 11 214
11 35 457
35 11 457
11 14 884
14 11 884
11 31 193
31 11 193
11 18 502
18 11 502
12 19 448
19 12 448
12 39 181
39 12 181
12 52 721
52 12 721
12 44 523
44 12 523
12 29 539
29 12 539
12 43 505
43 12 505
12 56 763
56 12 763
12 26 324
26 12 324
12 30 396
30 12 396
12 58 418
58 12 418
13 58 279
58 13 279
13 25 531
25 13 531
13 50 902
50 13 902
13 40 481
40 13 481
13 21 886
21 13 886
13 68 494
68 13 494
13 53 694
53 13 694
14 66 369
66 14 369
14 28 217
28 14 217
14 25 669
25 14 669
14 48 979
48 14 979
15 22 841
22 15 841
15 44 58
44 15 58
15 55 860
55 15 860
15 56 544
56 15 544
15 36 400
36 15 400
15 68 312
68 15 312
15 69 218
69 15 218
16 45 342
45 16 342
16 47 628
47 16 628
16 51 480
51 16 480
16 60 433
60 16 433
16 61 454
61 16 454
16 66 257
66 16 257
16 63 447
63 16 447
16 65 608
65 16 608
16 19 188
19 16 188
16 56 27
56 16 27
16 22 294
22 16 294
16 44 244
44 16 244
17 32 654
32 17 654
18 30 202
30 18 202
18 27 980
27 18 980
18 42 387
42 18 387
19 29 908
29 19 908
19 62 256
62 19 256
19 37 642
37 19 642
19 25 615
25 19 615
20 22 616
22 20 616
20 35 931
35 20 931
20 45 574
45 20 574
20 65 610
65 20 610
20 25 701
25 20 701
20 55 13
55 20 13
21 53 811
53 21 811
22 25 740
25 22 740
22 34 975
34 22 975
22 53 354
53 22 354
22 45 353
45 22 353
22 32 327
32 22 327
23 63 138
63 23 138
23 63 301
63 23 301
23 58 628
58 23 628
24 26 148
26 24 148
24 33 549
33 24 549
24 49 342
49 24 342
24 45 789
45 24 789
24 40 581
40 24 581
24 29 931
29 24 931
24 49 681
49 24 681
25 55 979
55 25 979
25 44 507
44 25 507
25 28 525
28 25 525
25 31 875
31 25 875
25 69 962
69 25 962
25 54 738
54 25 738
25 45 634
45 25 634
26 42 427
42 26 427
26 44 230
44 26 230
26 28 92
28 26 92
26 49 295
49 26 295
27 40 335
40 27 335
27 58 256
58 27 256
27 64 540
64 27 540
27 44 928
44 27 928
27 39 133
39 27 133
27 32 649
32 27 649
27 59 910
59 27 910
27 65 903
65 27 903
28 60 796
60 28 796
28 62 550
62 28 550
29 57 638
57 29 638
29 50 34
50 29 34
29 40 547
40 29 547
29 37 454
37 29 454
29 47 952
47 29 952
30 57 255
57 30 255
30 55 885
55 30 885
30 34 529
34 30 529
30 67 893
67 30 893
30 51 301
51 30 301
30 59 494
59 30 494
31 40 897
40 31 897
31 54 617
54 31 617
31 38 771
38 31 771
31 40 603
40 31 603
31 69 847
69 31 847
32 37 206
37 32 206
32 44 969
44 32 969
32 59 1000
59 32 1000
32 65 560
65 32 560
32 43 351
43 32 351
32 56 985
56 32 985
32 56 147
56 32 147
33 38 340
38 33 340
33 45 665
45 33 665
33 63 796
63 33 796
33 61 170
61 33 170
33 35 948
35 33 948
33 42 529
42 33 529
34 62 97
62 34 97
34 68 351
68 34 351
34 69 275
69 34 275
34 60 509
60 34 509
34 50 236
50 34 236
34 41 566
41 34 566
34 67 728
67 34 728
35 41 291
41 35 291
35 46 951
46 35 951
35 69 330
69 35 330
35 46 592
46 35 592
35 69 891
69 35 891
35 36 674
36 35 674
35 44 600
44 35 600
35 63 81
63 35 81
36 50 572
50 36 572
36 62 645
62 36 645
36 47 13
47 36 13
37 50 955
50 37 955
37 59 468
59 37 468
37 66 81
66 37 81
37 47 536
47 37 536
37 41 527
41 37 527
37 66 692
66 37 692
38 64 457
64 38 457
38 69 589
69 38 589
38 67 34
67 38 34
38 45 781
45 38 781
38 48 823
48 38 823
38 62 418
62 38 418
38 41 840
41 38 840
38 45 607
45 38 607
38 49 236
49 38 236
38 57 897
57 38 897
39 51 505
51 39 505
41 55 314
55 41 314
41 56 32
56 41 32
41 62 902
62 41 902
41 59 907
59 41 907
42 62 867
62 42 867
42 44 222
44 42 222
42 57 419
57 42 419
43 51 372
51 43 372
43 62 100
62 43 100
44 68 582
68 44 582
44 59 808
59 44 808
44 46 418
46 44 418
44 56 938
56 44 938
44 44 97
44 44 97
44 47 565
47 44 565
44 59 568
59 44 568
44 53 830
53 44 830
47 52 887
52 47 887
47 54 514
54 47 514
48 51 289
51 48 289
49 56 90
56 49 90
49 65 340
65 49 340
50 54 922
54 50 922
50 66 220
66 50 220
50 56 244
56 50 244
50 54 495
54 50 495
50 68 267
68 50 267
51 63 408
63 51 408
51 57 445
57 51 445
51 67 31
67 51 31
51 60 420
60 51 420
55 63 49
63 55 49
55 64 60
64 55 60
55 62 789
62 55 789
57 60 595
60 57 595
58 67 906
67 58 906
58 62 34
62 58 34
59 59 570
59 59 570
60 68 6
68 60 6
60 63 285
63 60 285
60 68 906
68 60 906
61 61 46
61 61 46
62 68 202
68 62 202
63 65 296
65 63 296
65 66 589
66 65 589
