82

0 1 486
1 0 486
0 5 194
5 0 194
0 38 704
38 0 704
1 2 931
2 1 931
1 43 184
43 1 184
1 80 239
80 1 239
2 3 679
3 2 679
2 35 14
35 2 14
3 4 904
4 3 904
3 6 414
6 3 414
3 12 110
12 3 110
4 10 146
10 4 146
4 16 30
16 4 30
4 23 491
23 4 491
4 55 494
55 4 494
5 32 372
32 5 372
5 39 154
39 5 154
5 40 990
40 5 990
5 42 758
42 5 758
5 57 47
57 5 47
5 39 448
39 5 448
6 7 328
7 6 328
6 9 539
9 6 539
6 18 337
18 6 337
6 62 71
62 6 71
6 20 466
20 6 466
7 8 687
8 7 687
7 19 766
19 7 766
7 20 999
20 7 999
8 44 471
44 8 471
8 26 448
26 8 448
9 13 21
13 9 21
9 53 256
53 9 256
10 11 521
11 10 521
10 72 80
72 10 80
10 30 862
30 10 862
11 17 818
17 11 818
11 52 605
52 11 605
11 54 873
54 11 873
11 71 914
71 11 914
12 31 198
31 12 198
12 34 122
34 12 122
12 49 635
49 12 635
12 55 972
55 12 972
12 34 619
34 12 619
13 14 799
14 13 799
13 41 173
41 13 173
13 56 159
56 13 159
14 15 242
15 14 242
14 26 84
26 14 84
14 30 860
30 14 860
14 47 644
47 14 644
14 55 306
55 14 306
14 48 770
48 14 770
15 27 778
27 15 778
15 66 787
66 15 787
15 26 774
26 15 774
16 28 228
28 16 228
16 46 389
46 16 389
16 78 93
78 16 93
16 58 136
58 16 136
16 68 509
68 16 509
17 69 636
69 17 636
19 21 427
21 19 427
19 48 600
48 19 600
19 25 191
25 19 191
20 22 743
22 20 743
20 24 751
24 20 751
20 25 254
25 20 254
20 37 399
37 20 399
20 66 529
66 20 529
21 75 637
75 21 637
21 32 328
32 21 328
22 29 707
29 22 707
22 58 922
58 22 922
22 54 87
54 22 87
22 77 26
77 22 26
23 48 614
48 23 614
23 60 725
60 23 725
24 67 52
67 24 52
24 78 685
78 24 685
27 71 568
71 27 568
28 50 85
50 28 85
28 43 187
43 28 187
29 65 421
65 29 421
30 51 535
51 30 535
32 33 845
33 32 845
32 61 587
61 32 587
32 76 729
76 32 729
33 45 992
45 33 992
35 36 54
36 35 54
35 81 34
81 35 34
36 80 434
80 36 434
39 59 341
59 39 341
40 77 733
77 40 733
45 73 569
73 45 569
45 69 544
69 45 544
46 76 265
76 46 265
49 53 393
53 49 393
50 68 396
68 50 396
50 56 117
56 50 117
51 68 329
68 51 329
51 75 484
75 51 484
52 81 525
81 52 525
52 77 296
77 52 296
56 63 241
63 56 241
56 79 903
79 56 903
57 69 44
69 57 44
59 64 267
64 59 267
61 79 369
79 61 369
64 77 664
77 64 664
65 70 439
70 65 439
67 76 315
76 67 315
69 72 752
72 69 752
70 74 597
74 70 597
