98

0 1 868
1 0 868
0 3 917
3 0 917
0 4 40
4 0 40
0 5 468
5 0 468
0 22 365
22 0 365
0 10 309
10 0 309
0 17 252
17 0 252
0 94 491
94 0 491
0 72 288
72 0 288
0 87 662
87 0 662
0 95 927
95 0 927
0 75 769
75 0 769
0 96 38
96 0 38
0 17 753
17 0 753
0 63 825
63 0 825
1 2 112
2 1 112
1 6 798
6 1 798
1 74 609
74 1 609
1 15 71
15 1 71
1 7 86
7 1 86
1 51 673
51 1 673
1 51 972
51 1 972
1 44 425
44 1 425
2 19 37
19 2 37
2 31 759
31 2 759
2 32 969
32 2 969
2 62 931
62 2 931
2 74 194
74 2 194
2 37 359
37 2 359
2 44 912
44 2 912
2 60 890
60 2 890
2 73 597
73 2 597
2 17 69
17 2 69
2 95 508
95 2 508
2 81 729
81 2 729
3 7 633
7 3 633
3 8 292
8 3 292
3 10 94
10 3 94
3 18 238
18 3 238
3 23 59
23 3 59
3 68 414
68 3 414
3 88 442
88 3 442
3 36 268
36 3 268
3 18 34
18 3 34
3 69 547
69 3 547
3 46 141
46 3 141
3 32 245
32 3 245
3 36 435
36 3 435
3 64 391
64 3 391
3 22 298
22 3 298
3 39 490
39 3 490
3 46 11
46 3 11
4 11 654
11 4 654
4 39 896
39 4 896
4 69 930
69 4 930
4 6 401
6 4 401
4 72 152
72 4 152
4 76 38
76 4 38
4 25 107
25 4 107
5 51 469
51 5 469
5 91 158
91 5 158
5 64 450
64 5 450
5 61 121
61 5 121
5 94 930
94 5 930
5 28 168
28 5 168
5 51 401
51 5 401
5 10 145
10 5 145
6 14 790
14 6 790
6 16 914
16 6 914
6 35 712
35 6 712
6 86 252
86 6 252
6 65 76
65 6 76
6 45 132
45 6 132
6 39 512
39 6 512
6 45 459
45 6 459
6 24 100
24 6 100
6 26 689
26 6 689
6 44 974
44 6 974
7 9 897
9 7 897
7 33 282
33 7 282
7 38 50
38 7 50
7 67 291
67 7 291
7 34 903
34 7 903
7 78 842
78 7 842
7 36 960
36 7 960
7 16 780
16 7 780
7 51 778
51 7 778
7 56 52
56 7 52
7 95 813
95 7 813
8 13 900
13 8 900
8 34 81
34 8 81
8 71 602
71 8 602
8 91 300
91 8 300
8 74 544
74 8 544
8 91 146
91 8 146
8 33 991
33 8 991
8 73 347
73 8 347
8 45 105
45 8 105
8 51 500
51 8 500
8 49 884
49 8 884
8 12 377
12 8 377
9 12 132
12 9 132
9 15 996
15 9 996
9 29 399
29 9 399
9 61 365
61 9 365
9 87 927
87 9 927
9 9 778
9 9 778
9 56 59
56 9 59
9 65 301
65 9 301
9 64 497
64 9 497
9 87 967
87 9 967
9 17 772
17 9 772
9 49 197
49 9 197
9 76 224
76 9 224
10 17 221
17 10 221
10 46 754
46 10 754
10 53 919
53 10 919
10 51 446
51 10 446
10 83 28
83 10 28
10 82 121
82 10 121
10 48 972
48 10 972
10 66 118
66 10 118
10 29 148
29 10 148
10 84 90
84 10 90
10 27 264
27 10 264
11 69 579
69 11 579
11 61 323
61 11 323
11 22 720
22 11 720
11 76 717
76 11 717
11 69 296
69 11 296
11 20 743
20 11 743
11 93 894
93 11 894
11 14 269
14 11 269
11 33 722
33 11 722
12 26 237
26 12 237
12 48 626
48 12 626
12 55 983
55 12 983
12 78 852
78 12 852
12 27 910
27 12 910
12 63 501
63 12 501
12 26 773
26 12 773
13 20 685
20 13 685
13 30 630
30 13 630
13 84 390
84 13 390
13 41 457
41 13 457
13 30 534
30 13 534
13 92 84
92 13 84
13 94 152
94 13 152
14 24 796
24 14 796
14 72 218
72 14 218
14 16 165
16 14 165
14 20 76
20 14 76
14 88 7
88 14 7
14 72 467
72 14 467
14 85 76
85 14 76
14 33 81
33 14 81
14 86 55
86 14 55
14 22 378
22 14 378
15 21 638
21 15 638
15 41 407
41 15 407
15 79 381
79 15 381
15 47 650
47 15 650
15 66 811
66 15 811
15 87 467
87 15 467
15 48 484
48 15 484
15 41 210
41 15 210
16 36 321
36 16 321
16 44 33
44 16 33
16 67 109
67 16 109
16 68 593
68 16 593
16 45 47
45 16 47
16 88 114
88 16 114
16 22 442
22 16 442
16 22 290
22 16 290
16 29 213
29 16 213
16 36 544
36 16 544
16 38 485
38 16 485
17 27 842
27 17 842
17 30 771
30 17 771
17 77 137
77 17 137
17 65 162
65 17 162
17 83 532
83 17 532
17 31 156
31 17 156
17 50 914
50 17 914
17 91 349
91 17 349
17 65 922
65 17 922
17 80 310
80 17 310
17 95 609
95 17 609
17 85 321
85 17 321
18 28 588
28 18 588
18 36 813
36 18 813
18 81 788
81 18 788
18 56 297
56 18 297
18 73 648
73 18 648
18 72 130
72 18 130
18 90 747
90 18 747
18 49 254
49 18 254
18 97 395
97 18 395
19 83 862
83 19 862
19 90 986
90 19 986
19 28 395
28 19 395
19 37 38
37 19 38
19 37 466
37 19 466
19 78 21
78 19 21
19 35 66
35 19 66
19 89 933
89 19 933
19 56 440
56 19 440
19 93 551
93 19 551
19 92 158
92 19 158
20 52 31
52 20 31
20 88 313
88 20 313
20 42 288
42 20 288
20 44 279
44 20 279
20 44 614
44 20 614
20 86 359
86 20 359
20 77 244
77 20 244
20 75 830
75 20 830
21 25 94
25 21 94
21 50 224
50 21 224
21 65 850
65 21 850
21 60 811
60 21 811
21 68 419
68 21 419
21 68 798
68 21 798
22 49 806
49 22 806
22 86 556
86 22 556
22 43 708
43 22 708
22 82 298
82 22 298
22 24 509
24 22 509
22 73 886
73 22 886
22 50 755
50 22 755
22 85 363
85 22 363
23 75 359
75 23 359
23 87 468
87 23 468
23 73 617
73 23 617
23 28 722
28 23 722
23 75 626
75 23 626
23 62 5
62 23 5
24 64 18
64 24 18
24 68 1
68 24 1
25 35 520
35 25 520
25 56 902
56 25 902
25 59 177
59 25 177
25 79 457
79 25 457
26 79 633
79 26 633
26 59 223
59 26 223
26 90 258
90 26 258
26 29 39
29 26 39
26 75 334
75 26 334
26 56 880
56 26 880
26 72 984
72 26 984
26 41 940
41 26 940
27 95 117
95 27 117
27 50 517
50 27 517
27 64 975
64 27 975
28 88 950
88 28 950
28 96 429
96 28 429
28 36 707
36 28 707
28 37 819
37 28 819
28 74 479
74 28 479
28 91 761
91 28 761
28 50 259
50 28 259
28 72 779
72 28 779
29 46 145
46 29 145
29 86 163
86 29 163
29 73 310
73 29 310
29 87 228
87 29 228
29 73 506
73 29 506
30 39 626
39 30 626
30 47 769
47 30 769
30 63 365
63 30 365
30 32 150
32 30 150
30 56 7
56 30 7
30 88 191
88 30 191
30 39 561
39 30 561
30 56 316
56 30 316
30 89 420
89 30 420
30 82 910
82 30 910
31 43 129
43 31 129
31 57 397
57 31 397
31 74 670
74 31 670
31 80 80
80 31 80
31 34 986
34 31 986
31 70 504
70 31 504
31 77 42
77 31 42
31 77 72
77 31 72
31 62 362
62 31 362
31 54 417
54 31 417
31 61 698
61 31 698
32 42 155
42 32 155
32 59 542
59 32 542
32 63 638
63 32 638
32 77 357
77 32 357
32 79 5
79 32 5
33 73 430
73 33 430
33 38 618
38 33 618
33 35 468
35 33 468
33 45 725
45 33 725
33 38 500
38 33 500
33 97 563
97 33 563
33 60 902
60 33 902
33 59 708
59 33 708
33 79 507
79 33 507
34 37 124
37 34 124
34 58 939
58 34 939
34 71 717
71 34 717
34 45 262
45 34 262
34 61 335
61 34 335
34 41 524
41 34 524
35 45 334
45 35 334
35 79 432
79 35 432
35 37 386
37 35 386
36 51 516
51 36 516
36 42 341
42 36 341
36 49 278
49 36 278
36 87 568
87 36 568
36 44 623
44 36 623
36 90 65
90 36 65
37 40 109
40 37 109
37 90 538
90 37 538
37 63 820
63 37 820
37 39 400
39 37 400
38 92 639
92 38 639
38 63 774
63 38 774
38 42 206
42 38 206
38 71 617
71 38 617
39 61 732
61 39 732
39 51 254
51 39 254
39 45 960
45 39 960
39 66 344
66 39 344
40 80 123
80 40 123
40 73 910
73 40 910
40 47 895
47 40 895
40 51 717
51 40 717
40 80 707
80 40 707
40 65 174
65 40 174
41 66 740
66 41 740
41 57 271
57 41 271
41 86 564
86 41 564
41 80 15
80 41 15
41 64 196
64 41 196
41 61 851
61 41 851
41 65 271
65 41 271
41 56 4
56 41 4
41 78 439
78 41 439
41 73 378
73 41 378
42 54 147
54 42 147
42 59 555
59 42 555
42 60 314
60 42 314
42 57 993
57 42 993
42 75 133
75 42 133
43 58 271
58 43 271
43 65 923
65 43 923
43 63 962
63 43 962
43 71 996
71 43 996
43 65 899
65 43 899
44 60 340
60 44 340
44 76 266
76 44 266
44 91 950
91 44 950
44 85 267
85 44 267
45 91 266
91 45 266
45 72 593
72 45 593
45 57 708
57 45 708
45 78 305
78 45 305
45 67 919
67 45 919
45 54 27
54 45 27
45 71 782
71 45 782
45 72 821
72 45 821
45 84 831
84 45 831
46 71 654
71 46 654
46 56 464
56 46 464
46 55 147
55 46 147
46 61 806
61 46 806
46 80 628
80 46 628
46 71 963
71 46 963
46 56 139
56 46 139
46 52 136
52 46 136
47 50 581
50 47 581
47 96 935
96 47 935
47 52 398
52 47 398
47 96 763
96 47 763
47 54 459
54 47 459
47 53 191
53 47 191
48 53 243
53 48 243
48 69 951
69 48 951
48 91 693
91 48 693
48 51 744
51 48 744
48 53 254
53 48 254
49 84 555
84 49 555
49 74 347
74 49 347
49 87 582
87 49 582
49 88 218
88 49 218
49 95 565
95 49 565
50 69 932
69 50 932
51 93 477
93 51 477
51 76 951
76 51 951
51 93 626
93 51 626
51 68 555
68 51 555
51 52 557
52 51 557
51 87 453
87 51 453
52 82 944
82 52 944
52 97 729
97 52 729
52 93 16
93 52 16
52 54 576
54 52 576
53 84 268
84 53 268
53 94 390
94 53 390
53 72 11
72 53 11
54 89 971
89 54 971
54 79 487
79 54 487
54 59 666
59 54 666
54 84 277
84 54 277
54 91 224
91 54 224
55 83 312
83 55 312
55 76 419
76 55 419
56 75 389
75 56 389
56 96 138
96 56 138
56 75 914
75 56 914
56 71 840
71 56 840
56 66 667
66 56 667
56 57 806
57 56 806
56 95 165
95 56 165
57 84 452
84 57 452
57 82 557
82 57 557
57 82 536
82 57 536
57 62 457
62 57 457
57 66 182
66 57 182
57 94 863
94 57 863
57 88 550
88 57 550
58 67 954
67 58 954
58 73 161
73 58 161
58 70 204
70 58 204
58 85 642
85 58 642
58 70 643
70 58 643
58 75 557
75 58 557
59 70 430
70 59 430
59 84 861
84 59 861
60 82 529
82 60 529
60 85 491
85 60 491
60 72 741
72 60 741
60 88 841
88 60 841
60 77 773
77 60 773
60 65 496
65 60 496
60 81 468
81 60 468
61 70 514
70 61 514
61 69 48
69 61 48
61 89 788
89 61 788
61 91 736
91 61 736
61 93 854
93 61 854
61 75 859
75 61 859
62 95 358
95 62 358
62 91 180
91 62 180
62 70 270
70 62 270
62 77 341
77 62 341
62 91 7
91 62 7
62 78 746
78 62 746
63 66 717
66 63 717
64 93 645
93 64 645
64 89 296
89 64 296
64 95 132
95 64 132
65 78 567
78 65 567
65 80 900
80 65 900
65 93 279
93 65 279
66 74 735
74 66 735
66 97 598
97 66 598
66 72 457
72 66 457
66 82 185
82 66 185
66 85 86
85 66 86
67 97 468
97 67 468
68 70 256
70 68 256
68 90 76
90 68 76
68 69 342
69 68 342
68 72 495
72 68 495
68 72 856
72 68 856
69 80 314
80 69 314
69 78 857
78 69 857
69 89 319
89 69 319
71 93 471
93 71 471
72 76 607
76 72 607
72 81 179
81 72 179
72 73 478
73 72 478
73 97 290
97 73 290
73 94 851
94 73 851
74 97 591
97 74 591
76 88 917
88 76 917
77 85 630
85 77 630
77 81 411
81 77 411
77 84 735
84 77 735
77 81 331
81 77 331
78 86 838
86 78 838
78 97 123
97 78 123
79 93 910
93 79 910
79 91 978
91 79 978
80 82 20
82 80 20
80 95 532
95 80 532
81 82 504
82 81 504
81 85 878
85 81 878
81 97 887
97 81 887
82 86 991
86 82 991
82 92 900
92 82 900
83 94 414
94 83 414
86 93 420
93 86 420
88 89 504
89 88 504
88 93 422
93 88 422
88 92 381
92 88 381
90 94 428
94 90 428
91 96 569
96 91 569
92 96 309
96 92 309
