61

0 1 537
1 0 537
0 3 653
3 0 653
0 22 31
22 0 31
0 14 871
14 0 871
0 4 577
4 0 577
0 41 592
41 0 592
0 58 24
58 0 24
1 2 442
2 1 442
1 4 405
4 1 405
1 17 141
17 1 141
1 23 754
23 1 754
1 44 608
44 1 608
1 57 36
57 1 36
1 23 440
23 1 440
1 39 291
39 1 291
1 14 869
14 1 869
1 43 116
43 1 116
1 27 883
27 1 883
1 12 691
12 1 691
1 41 474
41 1 474
1 47 210
47 1 210
1 39 750
39 1 750
2 5 382
5 2 382
2 14 834
14 2 834
2 34 418
34 2 418
2 48 762
48 2 762
2 31 155
31 2 155
2 11 810
11 2 810
2 24 774
24 2 774
2 5 265
5 2 265
3 7 367
7 3 367
3 9 948
9 3 948
4 6 849
6 4 849
4 8 42
8 4 42
4 37 347
37 4 347
4 24 403
24 4 403
4 25 983
25 4 983
4 18 544
18 4 544
4 30 457
30 4 457
4 23 681
23 4 681
5 10 225
10 5 225
5 11 973
11 5 973
5 12 459
12 5 459
5 26 396
26 5 396
5 39 488
39 5 488
5 56 82
56 5 82
5 51 653
51 5 653
5 41 365
41 5 365
5 21 277
21 5 277
5 29 675
29 5 675
5 30 274
30 5 274
5 48 368
48 5 368
6 17 599
17 6 599
6 41 157
41 6 157
6 16 626
16 6 626
6 13 699
13 6 699
6 26 850
26 6 850
7 13 51
13 7 51
7 30 514
30 7 514
7 12 200
12 7 200
7 18 297
18 7 297
7 7 655
7 7 655
8 36 824
36 8 824
8 18 23
18 8 23
8 24 325
24 8 325
8 16 288
16 8 288
8 50 214
50 8 214
8 13 985
13 8 985
8 33 430
33 8 430
9 50 306
50 9 306
9 60 686
60 9 686
9 40 94
40 9 94
9 32 534
32 9 534
9 10 312
10 9 312
9 17 507
17 9 507
10 16 476
16 10 476
10 38 139
38 10 139
10 46 114
46 10 114
10 36 479
36 10 479
10 51 567
51 10 567
10 14 584
14 10 584
10 33 186
33 10 186
10 29 586
29 10 586
10 57 738
57 10 738
10 27 419
27 10 419
11 15 519
15 11 519
11 43 973
43 11 973
11 20 822
20 11 822
12 21 623
21 12 623
12 24 477
24 12 477
12 29 25
29 12 25
12 29 454
29 12 454
12 54 590
54 12 590
12 47 779
47 12 779
12 26 586
26 12 586
12 32 284
32 12 284
12 41 26
41 12 26
13 48 907
48 13 907
13 14 17
14 13 17
13 33 121
33 13 121
13 55 667
55 13 667
14 20 581
20 14 581
14 17 176
17 14 176
14 15 647
15 14 647
14 31 773
31 14 773
15 19 480
19 15 480
15 52 670
52 15 670
15 57 78
57 15 78
16 18 473
18 16 473
16 37 123
37 16 123
16 21 814
21 16 814
16 52 188
52 16 188
17 50 61
50 17 61
17 51 423
51 17 423
18 25 280
25 18 280
18 33 520
33 18 520
18 55 948
55 18 948
18 24 301
24 18 301
18 18 616
18 18 616
18 26 460
26 18 460
18 34 50
34 18 50
18 46 949
46 18 949
18 40 777
40 18 777
18 27 550
27 18 550
19 24 862
24 19 862
19 47 784
47 19 784
19 27 990
27 19 990
19 37 927
37 19 927
19 21 946
21 19 946
20 35 701
35 20 701
20 22 814
22 20 814
20 37 256
37 20 256
20 20 902
20 20 902
20 30 360
30 20 360
21 26 115
26 21 115
21 60 240
60 21 240
21 47 553
47 21 553
22 32 156
32 22 156
22 23 880
23 22 880
22 49 609
49 22 609
23 27 382
27 23 382
23 28 380
28 23 380
23 58 714
58 23 714
23 54 418
54 23 418
23 41 626
41 23 626
23 27 836
27 23 836
24 30 737
30 24 737
24 34 550
34 24 550
25 26 398
26 25 398
26 52 775
52 26 775
27 51 66
51 27 66
27 53 491
53 27 491
27 38 738
38 27 738
28 31 597
31 28 597
28 36 590
36 28 590
28 42 765
42 28 765
28 51 43
51 28 43
28 37 346
37 28 346
29 45 276
45 29 276
29 32 893
32 29 893
29 52 478
52 29 478
30 34 282
34 30 282
30 47 629
47 30 629
30 39 330
39 30 330
30 48 128
48 30 128
31 32 985
32 31 985
31 45 794
45 31 794
32 40 967
40 32 967
32 52 819
52 32 819
33 40 762
40 33 762
33 46 715
46 33 715
33 57 221
57 33 221
34 50 890
50 34 890
34 59 942
59 34 942
35 59 681
59 35 681
35 40 762
40 35 762
36 52 810
52 36 810
36 51 568
51 36 568
37 48 422
48 37 422
37 50 466
50 37 466
37 55 807
55 37 807
37 41 755
41 37 755
38 41 22
41 38 22
38 53 478
53 38 478
38 54 807
54 38 807
38 42 818
42 38 818
38 42 738
42 38 738
38 44 224
44 38 224
39 46 946
46 39 946
39 56 703
56 39 703
39 42 542
42 39 542
40 43 520
43 40 520
40 59 485
59 40 485
42 47 894
47 42 894
42 47 438
47 42 438
42 45 107
45 42 107
43 56 665
56 43 665
43 53 333
53 43 333
44 49 809
49 44 809
45 59 626
59 45 626
46 59 456
59 46 456
47 58 225
58 47 225
50 58 41
58 50 41
51 53 339
53 51 339
52 54 849
54 52 849
52 60 264
60 52 264
54 57 776
57 54 776
57 59 567
59 57 567
