85

0 1 634
1 0 634
0 9 362
9 0 362
0 44 787
44 0 787
0 69 954
69 0 954
0 23 336
23 0 336
1 2 384
2 1 384
1 8 526
8 1 526
1 55 998
55 1 998
1 8 100
8 1 100
1 79 376
79 1 376
1 62 709
62 1 709
1 19 687
19 1 687
2 3 504
3 2 504
2 5 708
5 2 708
2 13 287
13 2 287
2 17 288
17 2 288
2 29 682
29 2 682
2 62 386
62 2 386
2 28 235
28 2 235
2 61 879
61 2 879
2 39 483
39 2 483
2 13 536
13 2 536
3 4 565
4 3 565
3 16 468
16 3 468
3 22 323
22 3 323
4 7 334
7 4 334
4 69 234
69 4 234
4 46 956
46 4 956
4 37 481
37 4 481
4 33 2
33 4 2
4 63 813
63 4 813
4 69 467
69 4 467
5 6 561
6 5 561
5 46 550
46 5 550
5 72 353
72 5 353
5 34 105
34 5 105
5 42 583
42 5 583
5 51 863
51 5 863
5 70 590
70 5 590
6 10 104
10 6 104
6 11 461
11 6 461
6 79 385
79 6 385
6 68 758
68 6 758
7 14 108
14 7 108
7 21 232
21 7 232
7 23 688
23 7 688
7 60 27
60 7 27
7 57 893
57 7 893
7 69 404
69 7 404
7 21 589
21 7 589
7 55 680
55 7 680
7 73 29
73 7 29
8 24 661
24 8 661
8 77 585
77 8 585
8 38 550
38 8 550
8 12 518
12 8 518
8 79 593
79 8 593
9 20 987
20 9 987
9 22 381
22 9 381
9 53 614
53 9 614
9 48 861
48 9 861
10 15 921
15 10 921
10 36 56
36 10 56
10 82 564
82 10 564
10 24 440
24 10 440
10 66 767
66 10 767
10 67 265
67 10 265
10 34 753
34 10 753
10 27 862
27 10 862
10 26 809
26 10 809
10 37 630
37 10 630
11 12 901
12 11 901
11 74 636
74 11 636
11 19 676
19 11 676
11 37 557
37 11 557
11 23 305
23 11 305
11 61 356
61 11 356
11 58 903
58 11 903
12 38 712
38 12 712
12 50 512
50 12 512
12 13 221
13 12 221
13 19 151
19 13 151
13 41 455
41 13 455
13 47 831
47 13 831
13 70 411
70 13 411
13 24 376
24 13 376
13 77 340
77 13 340
13 73 128
73 13 128
13 69 593
69 13 593
14 43 745
43 14 745
14 16 723
16 14 723
14 28 979
28 14 979
14 82 642
82 14 642
14 83 616
83 14 616
14 55 682
55 14 682
15 18 355
18 15 355
15 27 521
27 15 521
15 40 643
40 15 643
16 42 635
42 16 635
16 63 433
63 16 433
16 64 123
64 16 123
17 26 455
26 17 455
17 74 638
74 17 638
17 80 718
80 17 718
17 72 237
72 17 237
17 46 94
46 17 94
17 69 213
69 17 213
17 31 740
31 17 740
17 81 791
81 17 791
18 32 862
32 18 862
18 64 714
64 18 714
19 28 792
28 19 792
19 81 941
81 19 941
20 30 765
30 20 765
20 67 662
67 20 662
20 84 163
84 20 163
20 45 777
45 20 777
20 80 450
80 20 450
21 25 631
25 21 631
21 37 977
37 21 977
21 72 196
72 21 196
21 26 181
26 21 181
21 68 505
68 21 505
21 35 825
35 21 825
22 64 969
64 22 969
23 64 121
64 23 121
23 81 73
81 23 73
24 59 779
59 24 779
24 77 486
77 24 486
24 43 466
43 24 466
24 55 505
55 24 505
24 78 209
78 24 209
25 40 653
40 25 653
25 31 721
31 25 721
25 32 923
32 25 923
25 58 318
58 25 318
25 35 632
35 25 632
26 34 509
34 26 509
26 54 693
54 26 693
26 61 617
61 26 617
26 51 292
51 26 292
26 56 689
56 26 689
27 35 16
35 27 16
27 45 530
45 27 530
27 58 550
58 27 550
27 48 47
48 27 47
27 29 614
29 27 614
28 43 765
43 28 765
28 39 268
39 28 268
28 53 395
53 28 395
29 33 853
33 29 853
29 56 483
56 29 483
29 36 575
36 29 575
29 75 837
75 29 837
30 31 855
31 30 855
30 52 901
52 30 901
30 49 918
49 30 918
30 79 17
79 30 17
30 38 560
38 30 560
31 49 80
49 31 80
31 65 666
65 31 666
32 39 246
39 32 246
33 75 602
75 33 602
33 83 372
83 33 372
35 63 895
63 35 895
35 80 892
80 35 892
35 80 345
80 35 345
36 51 567
51 36 567
36 81 712
81 36 712
36 68 162
68 36 162
36 37 29
37 36 29
37 58 891
58 37 891
37 44 803
44 37 803
38 48 25
48 38 25
38 49 852
49 38 852
39 43 290
43 39 290
39 75 109
75 39 109
40 49 63
49 40 63
40 57 65
57 40 65
41 44 438
44 41 438
41 59 674
59 41 674
42 76 529
76 42 529
42 63 962
63 42 962
42 77 603
77 42 603
43 79 887
79 43 887
43 68 728
68 43 728
44 68 111
68 44 111
45 84 474
84 45 474
45 63 191
63 45 191
46 71 195
71 46 195
46 48 772
48 46 772
46 67 718
67 46 718
47 66 16
66 47 16
47 50 551
50 47 551
49 55 597
55 49 597
50 53 833
53 50 833
50 71 850
71 50 850
51 69 796
69 51 796
51 81 569
81 51 569
53 72 257
72 53 257
54 74 519
74 54 519
56 65 696
65 56 696
56 78 437
78 56 437
57 83 19
83 57 19
58 70 954
70 58 954
58 65 114
65 58 114
60 82 247
82 60 247
60 64 626
64 60 626
62 71 741
71 62 741
63 82 81
82 63 81
63 65 806
65 63 806
63 66 521
66 63 521
64 73 591
73 64 591
64 81 834
81 64 834
65 70 229
70 65 229
65 84 267
84 65 267
66 68 187
68 66 187
67 78 737
78 67 737
71 73 552
73 71 552
72 76 781
76 72 781
74 83 5
83 74 5
74 83 620
83 74 620
75 80 735
80 75 735
81 83 760
83 81 760
