81

0 1 354
1 0 354
0 18 764
18 0 764
0 44 918
44 0 918
0 77 100
77 0 100
0 38 535
38 0 535
0 31 845
31 0 845
0 61 330
61 0 330
0 45 762
45 0 762
0 41 141
41 0 141
1 2 14
2 1 14
1 3 772
3 1 772
1 4 786
4 1 786
1 23 430
23 1 430
1 28 57
28 1 57
1 77 213
77 1 213
1 47 876
47 1 876
1 6 620
6 1 620
1 8 214
8 1 214
1 52 197
52 1 197
1 28 616
28 1 616
1 33 142
33 1 142
1 31 135
31 1 135
1 30 288
30 1 288
1 20 25
20 1 25
1 65 309
65 1 309
1 80 850
80 1 850
1 71 577
71 1 577
1 57 369
57 1 369
1 14 91
14 1 91
1 14 489
14 1 489
1 53 907
53 1 907
1 56 211
56 1 211
1 34 555
34 1 555
1 50 508
50 1 508
1 27 406
27 1 406
2 14 637
14 2 637
2 27 609
27 2 609
2 72 950
72 2 950
2 37 576
37 2 576
2 69 887
69 2 887
2 48 970
48 2 970
2 15 910
15 2 910
2 77 964
77 2 964
2 14 115
14 2 115
2 63 771
63 2 771
2 31 19
31 2 19
2 52 440
52 2 440
2 24 450
24 2 450
2 59 702
59 2 702
2 67 333
67 2 333
2 46 603
46 2 603
2 8 501
8 2 501
3 5 339
5 3 339
3 6 796
6 3 796
3 11 578
11 3 578
3 25 548
25 3 548
3 48 736
48 3 736
3 25 850
25 3 850
3 28 746
28 3 746
3 58 194
58 3 194
3 3 513
3 3 513
3 48 467
48 3 467
3 78 837
78 3 837
3 51 185
51 3 185
3 77 35
77 3 35
3 46 763
46 3 763
3 76 624
76 3 624
3 60 394
60 3 394
4 15 363
15 4 363
4 17 557
17 4 557
4 41 948
41 4 948
4 21 755
21 4 755
4 56 283
56 4 283
4 4 534
4 4 534
4 79 628
79 4 628
4 67 850
67 4 850
4 7 107
7 4 107
4 45 738
45 4 738
4 54 71
54 4 71
4 43 693
43 4 693
4 21 118
21 4 118
4 14 623
14 4 623
5 12 742
12 5 742
5 43 272
43 5 272
5 55 149
55 5 149
5 48 986
48 5 986
5 28 47
28 5 47
5 31 732
31 5 732
5 70 722
70 5 722
5 47 1000
47 5 1000
5 74 302
74 5 302
5 49 517
49 5 517
5 33 689
33 5 689
6 7 96
7 6 96
6 59 807
59 6 807
6 62 702
62 6 702
6 28 570
28 6 570
6 13 407
13 6 407
6 67 607
67 6 607
6 54 825
54 6 825
6 12 47
12 6 47
6 16 467
16 6 467
7 8 810
8 7 810
7 21 209
21 7 209
7 24 847
24 7 847
7 48 368
48 7 368
7 17 508
17 7 508
7 80 112
80 7 112
7 64 219
64 7 219
7 36 506
36 7 506
7 49 170
49 7 170
7 55 814
55 7 814
7 10 624
10 7 624
7 31 525
31 7 525
7 78 133
78 7 133
7 78 615
78 7 615
7 13 496
13 7 496
8 9 713
9 8 713
8 13 818
13 8 818
8 36 173
36 8 173
8 26 127
26 8 127
8 46 662
46 8 662
8 63 145
63 8 145
8 19 579
19 8 579
8 39 724
39 8 724
8 39 704
39 8 704
8 65 843
65 8 843
9 10 923
10 9 923
9 34 48
34 9 48
9 23 625
23 9 625
9 70 439
70 9 439
9 20 316
20 9 316
9 79 905
79 9 905
9 59 192
59 9 192
9 45 94
45 9 94
9 46 755
46 9 755
9 15 685
15 9 685
9 53 310
53 9 310
10 20 308
20 10 308
10 42 417
42 10 417
10 67 766
67 10 766
10 20 465
20 10 465
10 15 917
15 10 917
10 60 742
60 10 742
10 30 42
30 10 42
10 76 457
76 10 457
10 31 966
31 10 966
10 65 156
65 10 156
10 29 504
29 10 504
10 29 864
29 10 864
10 61 927
61 10 927
10 32 774
32 10 774
10 66 618
66 10 618
10 31 595
31 10 595
11 35 83
35 11 83
11 51 737
51 11 737
11 70 961
70 11 961
11 14 674
14 11 674
11 60 623
60 11 623
11 76 319
76 11 319
11 60 782
60 11 782
11 60 96
60 11 96
11 20 890
20 11 890
11 34 339
34 11 339
11 57 18
57 11 18
11 20 308
20 11 308
11 13 973
13 11 973
11 39 173
39 11 173
11 27 815
27 11 815
12 19 305
19 12 305
12 36 868
36 12 868
12 37 591
37 12 591
12 63 336
63 12 336
12 60 584
60 12 584
12 73 441
73 12 441
12 33 72
33 12 72
12 16 88
16 12 88
12 51 992
51 12 992
12 45 412
45 12 412
12 23 320
23 12 320
12 15 375
15 12 375
12 41 976
41 12 976
13 32 856
32 13 856
13 56 558
56 13 558
13 28 963
28 13 963
13 76 571
76 13 571
13 49 386
49 13 386
13 27 530
27 13 530
13 29 598
29 13 598
13 19 967
19 13 967
13 67 608
67 13 608
14 16 505
16 14 505
14 40 285
40 14 285
14 69 459
69 14 459
14 56 491
56 14 491
14 53 918
53 14 918
14 71 757
71 14 757
14 45 195
45 14 195
14 52 715
52 14 715
14 49 415
49 14 415
14 61 726
61 14 726
14 41 75
41 14 75
14 47 555
47 14 555
14 34 547
34 14 547
14 47 284
47 14 284
14 30 816
30 14 816
14 75 378
75 14 378
14 50 557
50 14 557
14 42 539
42 14 539
15 49 305
49 15 305
15 80 149
80 15 149
15 70 430
70 15 430
15 28 593
28 15 593
15 32 457
32 15 457
15 63 155
63 15 155
15 32 752
32 15 752
15 25 310
25 15 310
15 37 237
37 15 237
15 71 391
71 15 391
15 21 356
21 15 356
16 45 554
45 16 554
16 41 583
41 16 583
16 67 441
67 16 441
16 57 515
57 16 515
16 43 464
43 16 464
16 38 898
38 16 898
16 72 228
72 16 228
16 79 475
79 16 475
16 72 552
72 16 552
17 29 29
29 17 29
17 71 831
71 17 831
17 45 890
45 17 890
17 23 217
23 17 217
17 57 153
57 17 153
18 22 583
22 18 583
18 42 478
42 18 478
18 48 912
48 18 912
18 35 720
35 18 720
18 48 617
48 18 617
18 29 937
29 18 937
18 44 498
44 18 498
18 77 708
77 18 708
18 25 155
25 18 155
18 19 395
19 18 395
18 76 618
76 18 618
18 33 746
33 18 746
18 23 745
23 18 745
18 28 204
28 18 204
19 31 88
31 19 88
19 23 573
23 19 573
19 73 549
73 19 549
19 37 943
37 19 943
19 42 969
42 19 969
19 37 833
37 19 833
19 20 701
20 19 701
19 47 764
47 19 764
19 62 854
62 19 854
19 46 643
46 19 643
19 75 230
75 19 230
20 44 529
44 20 529
20 27 45
27 20 45
20 48 361
48 20 361
20 45 319
45 20 319
20 47 296
47 20 296
21 26 738
26 21 738
21 46 731
46 21 731
21 67 249
67 21 249
21 42 665
42 21 665
21 55 915
55 21 915
21 76 771
76 21 771
21 70 693
70 21 693
21 36 122
36 21 122
21 34 325
34 21 325
21 67 843
67 21 843
21 38 963
38 21 963
21 22 577
22 21 577
21 48 713
48 21 713
21 66 670
66 21 670
21 54 258
54 21 258
21 52 35
52 21 35
21 26 371
26 21 371
22 42 799
42 22 799
22 64 720
64 22 720
22 60 371
60 22 371
22 38 649
38 22 649
22 54 166
54 22 166
22 48 938
48 22 938
22 71 114
71 22 114
22 24 565
24 22 565
22 54 333
54 22 333
22 64 628
64 22 628
23 42 533
42 23 533
23 38 90
38 23 90
23 77 412
77 23 412
23 73 123
73 23 123
23 40 709
40 23 709
24 44 569
44 24 569
24 61 411
61 24 411
24 76 3
76 24 3
24 29 450
29 24 450
24 67 993
67 24 993
24 79 706
79 24 706
24 52 288
52 24 288
24 42 893
42 24 893
24 57 671
57 24 671
24 64 992
64 24 992
24 28 496
28 24 496
25 64 797
64 25 797
25 70 452
70 25 452
25 26 244
26 25 244
25 52 44
52 25 44
25 40 558
40 25 558
25 78 633
78 25 633
25 49 297
49 25 297
25 40 111
40 25 111
25 50 457
50 25 457
25 38 219
38 25 219
25 29 190
29 25 190
25 57 156
57 25 156
26 43 643
43 26 643
26 53 474
53 26 474
26 56 938
56 26 938
26 66 961
66 26 961
26 65 508
65 26 508
26 51 754
51 26 754
26 43 167
43 26 167
26 42 457
42 26 457
26 43 807
43 26 807
26 33 877
33 26 877
26 37 980
37 26 980
26 38 580
38 26 580
26 35 167
35 26 167
27 30 137
30 27 137
27 40 824
40 27 824
27 33 311
33 27 311
27 73 627
73 27 627
27 63 373
63 27 373
28 52 567
52 28 567
28 57 54
57 28 54
28 47 473
47 28 473
28 33 759
33 28 759
28 67 325
67 28 325
28 35 527
35 28 527
28 58 340
58 28 340
28 75 210
75 28 210
29 38 43
38 29 43
29 52 903
52 29 903
29 32 189
32 29 189
29 30 817
30 29 817
29 45 36
45 29 36
29 38 662
38 29 662
30 76 7
76 30 7
30 79 561
79 30 561
30 60 943
60 30 943
30 45 192
45 30 192
30 79 929
79 30 929
30 59 105
59 30 105
31 79 474
79 31 474
31 42 622
42 31 622
31 40 376
40 31 376
31 65 77
65 31 77
31 72 737
72 31 737
31 72 945
72 31 945
31 67 476
67 31 476
31 38 817
38 31 817
31 47 277
47 31 277
31 38 4
38 31 4
31 77 190
77 31 190
31 67 351
67 31 351
32 33 411
33 32 411
32 57 627
57 32 627
32 56 574
56 32 574
32 50 263
50 32 263
32 70 215
70 32 215
32 39 732
39 32 732
33 39 70
39 33 70
33 77 645
77 33 645
33 72 701
72 33 701
33 53 6
53 33 6
33 45 822
45 33 822
34 58 607
58 34 607
34 73 482
73 34 482
34 77 190
77 34 190
34 54 1000
54 34 1000
34 57 492
57 34 492
34 67 233
67 34 233
34 58 427
58 34 427
34 37 420
37 34 420
34 70 353
70 34 353
34 63 242
63 34 242
34 39 746
39 34 746
35 65 702
65 35 702
35 79 121
79 35 121
35 54 883
54 35 883
35 80 190
80 35 190
35 45 161
45 35 161
35 57 897
57 35 897
35 69 286
69 35 286
35 47 871
47 35 871
35 40 192
40 35 192
36 59 400
59 36 400
36 62 401
62 36 401
36 67 712
67 36 712
36 39 19
39 36 19
36 58 811
58 36 811
37 72 137
72 37 137
37 69 845
69 37 845
38 68 580
68 38 580
38 55 385
55 38 385
38 68 971
68 38 971
39 45 988
45 39 988
39 77 362
77 39 362
39 69 892
69 39 892
39 43 155
43 39 155
39 55 79
55 39 79
39 41 901
41 39 901
39 55 99
55 39 99
39 78 436
78 39 436
39 68 820
68 39 820
39 52 460
52 39 460
40 60 637
60 40 637
40 65 138
65 40 138
40 52 707
52 40 707
40 42 665
42 40 665
40 50 374
50 40 374
40 74 237
74 40 237
41 79 390
79 41 390
41 79 178
79 41 178
41 76 620
76 41 620
41 63 862
63 41 862
41 50 849
50 41 849
41 67 482
67 41 482
41 59 500
59 41 500
42 47 477
47 42 477
42 50 795
50 42 795
42 56 336
56 42 336
42 43 170
43 42 170
42 75 486
75 42 486
42 67 985
67 42 985
42 71 374
71 42 374
42 53 531
53 42 531
42 47 999
47 42 999
42 73 148
73 42 148
42 58 621
58 42 621
42 74 972
74 42 972
42 80 186
80 42 186
42 79 829
79 42 829
43 55 297
55 43 297
43 72 530
72 43 530
43 55 536
55 43 536
44 60 413
60 44 413
44 60 106
60 44 106
44 79 164
79 44 164
45 65 452
65 45 452
45 80 936
80 45 936
45 68 577
68 45 577
45 66 456
66 45 456
45 73 729
73 45 729
46 66 371
66 46 371
46 68 590
68 46 590
46 48 653
48 46 653
46 71 531
71 46 531
46 66 637
66 46 637
46 50 907
50 46 907
46 54 391
54 46 391
46 56 307
56 46 307
47 75 169
75 47 169
47 71 237
71 47 237
47 72 693
72 47 693
47 56 372
56 47 372
47 80 498
80 47 498
48 54 226
54 48 226
48 74 816
74 48 816
48 75 12
75 48 12
48 74 202
74 48 202
48 68 11
68 48 11
48 54 153
54 48 153
49 73 408
73 49 408
49 76 987
76 49 987
49 67 526
67 49 526
49 76 59
76 49 59
49 62 125
62 49 125
50 53 805
53 50 805
50 73 226
73 50 226
50 52 182
52 50 182
50 75 330
75 50 330
50 68 950
68 50 950
51 64 535
64 51 535
51 70 261
70 51 261
51 63 753
63 51 753
51 54 762
54 51 762
52 71 179
71 52 179
52 61 659
61 52 659
52 80 891
80 52 891
53 62 62
62 53 62
53 70 104
70 53 104
54 71 512
71 54 512
54 67 708
67 54 708
54 64 319
64 54 319
54 69 870
69 54 870
54 75 498
75 54 498
55 76 849
76 55 849
55 72 189
72 55 189
55 78 777
78 55 777
56 65 795
65 56 795
56 69 856
69 56 856
56 72 768
72 56 768
56 78 595
78 56 595
57 76 706
76 57 706
57 61 70
61 57 70
57 58 411
58 57 411
57 65 592
65 57 592
57 62 320
62 57 320
58 75 629
75 58 629
58 59 244
59 58 244
59 71 176
71 59 176
59 76 668
76 59 668
60 78 734
78 60 734
60 67 56
67 60 56
60 76 80
76 60 80
60 62 969
62 60 969
61 80 430
80 61 430
61 69 171
69 61 171
61 69 45
69 61 45
63 67 471
67 63 471
63 68 75
68 63 75
63 77 524
77 63 524
64 67 488
67 64 488
64 72 526
72 64 526
65 71 93
71 65 93
65 77 255
77 65 255
65 73 395
73 65 395
65 78 96
78 65 96
65 72 332
72 65 332
66 66 706
66 66 706
67 68 810
68 67 810
67 78 858
78 67 858
67 67 677
67 67 677
68 76 467
76 68 467
69 73 295
73 69 295
70 72 384
72 70 384
70 77 630
77 70 630
71 77 69
77 71 69
71 78 697
78 71 697
71 76 442
76 71 442
72 80 394
80 72 394
72 75 552
75 72 552
73 75 481
75 73 481
73 74 513
74 73 513
74 77 628
77 74 628
75 79 126
79 75 126
75 76 325
76 75 325
75 78 723
78 75 723
76 80 330
80 76 330
