49

0 1 946
1 0 946
0 2 483
2 0 483
0 6 628
6 0 628
0 7 25
7 0 25
0 18 279
18 0 279
0 39 143
39 0 143
0 29 496
29 0 496
0 17 344
17 0 344
1 3 821
3 1 821
1 4 653
4 1 653
1 5 675
5 1 675
1 10 849
10 1 849
1 15 900
15 1 900
1 18 185
18 1 185
1 24 507
24 1 507
1 38 578
38 1 578
1 47 75
47 1 75
2 13 385
13 2 385
2 19 933
19 2 933
2 25 339
25 2 339
2 3 281
3 2 281
2 47 99
47 2 99
2 11 493
11 2 493
2 14 910
14 2 910
2 10 376
10 2 376
3 11 358
11 3 358
3 22 828
22 3 828
3 12 992
12 3 992
3 25 635
25 3 635
4 12 835
12 4 835
4 28 86
28 4 86
4 7 243
7 4 243
5 8 1000
8 5 1000
6 27 695
27 6 695
6 34 959
34 6 959
6 35 115
35 6 115
6 48 387
48 6 387
6 34 977
34 6 977
6 47 526
47 6 526
6 30 643
30 6 643
7 41 984
41 7 984
7 36 415
36 7 415
7 29 34
29 7 34
7 10 202
10 7 202
7 45 802
45 7 802
8 9 416
9 8 416
8 20 408
20 8 408
8 22 218
22 8 218
8 45 266
45 8 266
8 46 885
46 8 885
8 41 955
41 8 955
8 9 124
9 8 124
9 12 23
12 9 23
9 46 21
46 9 21
9 17 386
17 9 386
9 22 757
22 9 757
9 12 711
12 9 711
10 14 823
14 10 823
10 21 856
21 10 856
10 43 99
43 10 99
10 21 382
21 10 382
10 47 441
47 10 441
10 30 385
30 10 385
10 40 506
40 10 506
11 32 124
32 11 124
11 47 231
47 11 231
11 40 939
40 11 939
12 16 25
16 12 25
12 44 342
44 12 342
12 24 477
24 12 477
12 20 869
20 12 869
13 33 518
33 13 518
14 38 109
38 14 109
14 39 639
39 14 639
15 24 391
24 15 391
15 29 735
29 15 735
15 21 245
21 15 245
15 43 711
43 15 711
15 19 422
19 15 422
15 42 10
42 15 10
16 17 245
17 16 245
16 30 494
30 16 494
16 21 370
21 16 370
16 33 171
33 16 171
17 24 151
24 17 151
17 36 819
36 17 819
18 23 332
23 18 332
18 38 310
38 18 310
18 48 68
48 18 68
18 29 180
29 18 180
18 39 492
39 18 492
18 40 322
40 18 322
18 42 287
42 18 287
18 21 300
21 18 300
19 39 449
39 19 449
19 40 169
40 19 169
20 23 794
23 20 794
21 36 277
36 21 277
21 40 782
40 21 782
21 32 972
32 21 972
22 31 387
31 22 387
22 33 317
33 22 317
23 25 871
25 23 871
23 30 487
30 23 487
24 26 702
26 24 702
24 40 460
40 24 460
25 45 774
45 25 774
27 28 193
28 27 193
27 41 648
41 27 648
28 46 946
46 28 946
28 45 229
45 28 229
28 34 442
34 28 442
28 45 200
45 28 200
29 47 703
47 29 703
30 32 630
32 30 630
30 40 564
40 30 564
30 31 387
31 30 387
31 43 388
43 31 388
31 41 1000
41 31 1000
32 37 130
37 32 130
32 36 432
36 32 432
33 42 30
42 33 30
34 38 212
38 34 212
35 47 344
47 35 344
38 48 225
48 38 225
39 42 254
42 39 254
40 46 241
46 40 241
41 45 415
45 41 415
41 48 842
48 41 842
41 43 32
43 41 32
41 44 358
44 41 358
42 44 909
44 42 909
43 46 33
46 43 33
