23

0 1 589
1 0 589
0 2 904
2 0 904
0 3 405
3 0 405
0 11 875
11 0 875
0 17 385
17 0 385
0 3 513
3 0 513
0 5 843
5 0 843
0 16 840
16 0 840
1 20 415
20 1 415
1 18 977
18 1 977
1 18 417
18 1 417
1 3 736
3 1 736
2 13 271
13 2 271
2 9 643
9 2 643
2 19 334
19 2 334
3 4 512
4 3 512
3 6 399
6 3 399
3 19 788
19 3 788
3 22 384
22 3 384
3 21 593
21 3 593
3 14 307
14 3 307
3 4 173
4 3 173
3 17 615
17 3 615
4 5 188
5 4 188
4 12 650
12 4 650
4 15 1000
15 4 1000
4 19 182
19 4 182
4 9 70
9 4 70
4 21 908
21 4 908
5 7 719
7 5 719
5 8 914
8 5 914
5 14 15
14 5 15
5 9 252
9 5 252
5 10 260
10 5 260
6 9 151
9 6 151
6 10 921
10 6 921
6 19 87
19 6 87
7 16 991
16 7 991
8 11 474
11 8 474
8 20 323
20 8 323
9 16 898
16 9 898
10 12 589
12 10 589
11 22 685
22 11 685
11 15 108
15 11 108
11 19 761
19 11 761
11 16 856
16 11 856
12 17 147
17 12 147
12 18 772
18 12 772
12 21 557
21 12 557
12 13 154
13 12 154
12 21 67
21 12 67
13 21 958
21 13 958
15 21 726
21 15 726
16 21 38
21 16 38
18 21 479
21 18 479
20 22 608
22 20 608
20 20 711
20 20 711
