72

0 1 866
1 0 866
0 2 895
2 0 895
0 3 645
3 0 645
0 38 781
38 0 781
0 34 259
34 0 259
1 6 698
6 1 698
1 11 27
11 1 27
1 26 203
26 1 203
2 4 874
4 2 874
2 5 58
5 2 58
2 7 152
7 2 152
2 10 518
10 2 518
2 21 865
21 2 865
2 23 734
23 2 734
3 8 921
8 3 921
3 9 156
9 3 156
3 17 48
17 3 48
4 16 657
16 4 657
4 20 361
20 4 361
4 45 524
45 4 524
5 49 386
49 5 386
6 12 432
12 6 432
6 18 613
18 6 613
7 30 348
30 7 348
7 51 354
51 7 354
8 13 308
13 8 308
8 28 714
28 8 714
8 29 642
29 8 642
8 63 704
63 8 704
9 44 52
44 9 52
9 25 639
25 9 639
10 48 256
48 10 256
11 24 425
24 11 425
11 31 600
31 11 600
12 14 461
14 12 461
12 27 44
27 12 44
12 66 700
66 12 700
13 18 647
18 13 647
13 40 846
40 13 846
13 59 808
59 13 808
13 60 666
60 13 666
14 15 147
15 14 147
14 22 386
22 14 386
14 58 470
58 14 470
14 65 697
65 14 697
15 42 453
42 15 453
17 55 329
55 17 329
18 19 218
19 18 218
18 37 98
37 18 98
18 34 765
34 18 765
19 22 580
22 19 580
19 61 615
61 19 615
20 25 109
25 20 109
20 39 873
39 20 873
20 67 769
67 20 769
21 56 438
56 21 438
21 57 414
57 21 414
21 69 9
69 21 9
22 32 452
32 22 452
22 53 322
53 22 322
23 35 628
35 23 628
23 47 523
47 23 523
23 35 996
35 23 996
24 44 950
44 24 950
28 31 779
31 28 779
28 43 429
43 28 429
29 33 763
33 29 763
29 47 307
47 29 307
30 34 332
34 30 332
30 36 871
36 30 871
30 46 139
46 30 139
30 66 80
66 30 80
32 52 698
52 32 698
32 35 899
35 32 899
34 68 508
68 34 508
35 63 280
63 35 280
36 70 90
70 36 90
38 41 421
41 38 421
39 50 899
50 39 899
39 71 86
71 39 86
41 66 547
66 41 547
44 51 626
51 44 626
45 61 530
61 45 530
49 66 97
66 49 97
49 70 965
70 49 965
50 64 216
64 50 216
52 54 565
54 52 565
55 63 756
63 55 756
60 63 244
63 60 244
61 62 628
62 61 628
61 66 594
66 61 594
66 68 234
68 66 234
67 68 961
68 67 961
