79

0 1 615
1 0 615
0 18 143
18 0 143
0 45 24
45 0 24
0 62 360
62 0 360
0 49 931
49 0 931
0 58 440
58 0 440
0 35 510
35 0 510
0 11 699
11 0 699
0 63 545
63 0 545
0 54 797
54 0 797
0 18 93
18 0 93
0 73 856
73 0 856
0 64 713
64 0 713
0 54 342
54 0 342
0 63 52
63 0 52
0 35 274
35 0 274
0 34 838
34 0 838
1 2 44
2 1 44
1 3 394
3 1 394
1 4 499
4 1 499
1 6 21
6 1 21
1 8 745
8 1 745
1 22 463
22 1 463
1 32 644
32 1 644
1 68 738
68 1 738
1 70 855
70 1 855
1 39 820
39 1 820
1 10 957
10 1 957
1 33 769
33 1 769
1 15 409
15 1 409
1 40 791
40 1 791
1 76 161
76 1 161
1 45 301
45 1 301
1 42 940
42 1 940
1 25 921
25 1 921
1 64 906
64 1 906
1 18 397
18 1 397
2 31 475
31 2 475
2 5 646
5 2 646
2 2 386
2 2 386
2 35 388
35 2 388
2 20 984
20 2 984
2 67 536
67 2 536
2 50 17
50 2 17
2 27 807
27 2 807
2 40 655
40 2 655
2 26 247
26 2 247
3 55 866
55 3 866
3 45 718
45 3 718
3 25 928
25 3 928
3 6 549
6 3 549
3 65 476
65 3 476
3 12 805
12 3 805
3 55 283
55 3 283
3 48 854
48 3 854
3 28 671
28 3 671
3 54 976
54 3 976
3 70 468
70 3 468
3 67 971
67 3 971
4 5 668
5 4 668
4 13 358
13 4 358
4 35 603
35 4 603
4 41 323
41 4 323
4 23 771
23 4 771
4 69 158
69 4 158
4 11 727
11 4 727
4 68 552
68 4 552
4 61 719
61 4 719
4 36 519
36 4 519
4 54 39
54 4 39
4 78 634
78 4 634
4 33 879
33 4 879
4 24 763
24 4 763
4 9 207
9 4 207
5 9 47
9 5 47
5 58 215
58 5 215
5 73 891
73 5 891
5 11 847
11 5 847
5 70 263
70 5 263
5 45 846
45 5 846
5 69 337
69 5 337
5 35 373
35 5 373
5 47 29
47 5 29
5 64 256
64 5 256
5 28 68
28 5 68
5 6 791
6 5 791
6 7 780
7 6 780
6 12 372
12 6 372
6 14 981
14 6 981
6 34 11
34 6 11
6 38 462
38 6 462
6 49 881
49 6 881
6 50 317
50 6 317
6 61 837
61 6 837
6 55 400
55 6 400
6 19 595
19 6 595
6 28 326
28 6 326
6 72 905
72 6 905
6 63 522
63 6 522
6 45 997
45 6 997
6 65 11
65 6 11
7 17 771
17 7 771
7 37 170
37 7 170
7 38 358
38 7 358
7 18 195
18 7 195
7 71 170
71 7 170
7 21 792
21 7 792
7 10 160
10 7 160
7 52 854
52 7 854
7 25 817
25 7 817
7 52 604
52 7 604
7 38 766
38 7 766
8 36 62
36 8 62
8 42 584
42 8 584
8 36 682
36 8 682
8 63 613
63 8 613
8 24 856
24 8 856
8 44 952
44 8 952
8 54 164
54 8 164
8 30 616
30 8 616
9 10 1000
10 9 1000
9 20 240
20 9 240
9 29 387
29 9 387
9 44 535
44 9 535
9 65 275
65 9 275
9 15 535
15 9 535
9 16 418
16 9 418
9 52 904
52 9 904
9 19 793
19 9 793
9 33 626
33 9 626
9 13 153
13 9 153
9 75 551
75 9 551
9 57 252
57 9 252
9 46 860
46 9 860
10 11 401
11 10 401
10 28 850
28 10 850
10 74 940
74 10 940
10 11 719
11 10 719
10 27 59
27 10 59
10 15 991
15 10 991
10 21 453
21 10 453
10 28 591
28 10 591
10 43 511
43 10 511
10 71 540
71 10 540
10 67 475
67 10 475
10 61 713
61 10 713
11 53 288
53 11 288
11 71 83
71 11 83
11 58 404
58 11 404
11 12 791
12 11 791
11 73 864
73 11 864
11 53 698
53 11 698
11 61 134
61 11 134
11 69 425
69 11 425
11 13 880
13 11 880
11 19 1
19 11 1
12 23 375
23 12 375
12 24 366
24 12 366
12 27 282
27 12 282
12 59 911
59 12 911
12 69 882
69 12 882
12 75 711
75 12 711
12 56 394
56 12 394
12 16 982
16 12 982
12 74 658
74 12 658
12 56 463
56 12 463
12 70 250
70 12 250
12 70 350
70 12 350
12 16 527
16 12 527
12 68 764
68 12 764
12 23 282
23 12 282
12 16 209
16 12 209
12 67 189
67 12 189
12 51 387
51 12 387
12 58 405
58 12 405
13 15 143
15 13 143
13 16 108
16 13 108
13 50 254
50 13 254
13 19 149
19 13 149
13 71 283
71 13 283
13 68 288
68 13 288
13 75 567
75 13 567
13 29 327
29 13 327
13 58 532
58 13 532
13 25 598
25 13 598
13 64 233
64 13 233
14 51 122
51 14 122
14 77 556
77 14 556
14 42 139
42 14 139
14 28 353
28 14 353
14 60 990
60 14 990
14 72 450
72 14 450
14 43 736
43 14 736
14 17 619
17 14 619
14 72 59
72 14 59
14 29 865
29 14 865
15 21 74
21 15 74
15 28 425
28 15 425
15 30 881
30 15 881
15 63 885
63 15 885
15 31 784
31 15 784
15 49 746
49 15 746
16 75 726
75 16 726
16 26 196
26 16 196
16 39 62
39 16 62
16 20 255
20 16 255
16 64 121
64 16 121
16 53 306
53 16 306
16 44 92
44 16 92
16 50 419
50 16 419
16 60 353
60 16 353
16 26 974
26 16 974
16 60 756
60 16 756
17 19 958
19 17 958
17 26 905
26 17 905
17 35 744
35 17 744
17 41 263
41 17 263
17 34 850
34 17 850
17 35 892
35 17 892
17 64 103
64 17 103
17 78 918
78 17 918
17 48 105
48 17 105
17 36 84
36 17 84
18 25 878
25 18 878
18 77 527
77 18 527
18 52 386
52 18 386
18 61 926
61 18 926
18 37 672
37 18 672
18 33 584
33 18 584
18 54 335
54 18 335
18 77 214
77 18 214
19 33 396
33 19 396
19 20 413
20 19 413
19 31 990
31 19 990
19 43 59
43 19 59
19 68 182
68 19 182
19 36 555
36 19 555
19 72 889
72 19 889
19 27 635
27 19 635
19 53 795
53 19 795
20 39 26
39 20 26
20 49 402
49 20 402
20 53 216
53 20 216
20 50 434
50 20 434
20 74 767
74 20 767
20 53 739
53 20 739
20 29 141
29 20 141
20 56 819
56 20 819
20 52 131
52 20 131
21 57 294
57 21 294
21 23 755
23 21 755
21 33 497
33 21 497
21 73 763
73 21 763
21 24 433
24 21 433
21 49 116
49 21 116
21 31 361
31 21 361
22 58 545
58 22 545
22 27 741
27 22 741
22 45 844
45 22 844
22 66 812
66 22 812
22 69 881
69 22 881
22 40 987
40 22 987
22 58 310
58 22 310
22 27 71
27 22 71
22 36 322
36 22 322
22 71 729
71 22 729
22 75 966
75 22 966
22 51 518
51 22 518
23 78 503
78 23 503
23 45 908
45 23 908
23 57 564
57 23 564
23 54 461
54 23 461
23 29 563
29 23 563
23 52 226
52 23 226
23 47 5
47 23 5
23 70 247
70 23 247
24 56 722
56 24 722
24 77 372
77 24 372
24 29 516
29 24 516
24 30 402
30 24 402
24 53 478
53 24 478
24 70 103
70 24 103
24 33 893
33 24 893
25 48 677
48 25 677
25 59 735
59 25 735
25 65 179
65 25 179
25 67 42
67 25 42
25 51 262
51 25 262
25 28 725
28 25 725
26 44 659
44 26 659
26 33 823
33 26 823
26 57 609
57 26 609
26 71 312
71 26 312
26 49 305
49 26 305
26 28 217
28 26 217
26 70 367
70 26 367
26 41 450
41 26 450
26 74 900
74 26 900
27 61 491
61 27 491
27 37 285
37 27 285
27 45 826
45 27 826
27 52 389
52 27 389
27 35 313
35 27 313
27 60 299
60 27 299
27 50 284
50 27 284
27 43 406
43 27 406
27 51 245
51 27 245
27 32 440
32 27 440
27 36 665
36 27 665
28 49 818
49 28 818
28 70 141
70 28 141
28 74 396
74 28 396
28 66 819
66 28 819
28 69 145
69 28 145
28 73 392
73 28 392
28 42 614
42 28 614
28 38 821
38 28 821
29 54 736
54 29 736
29 68 610
68 29 610
29 54 561
54 29 561
29 34 211
34 29 211
29 71 764
71 29 764
30 60 921
60 30 921
30 70 725
70 30 725
30 59 306
59 30 306
30 71 192
71 30 192
30 73 219
73 30 219
30 39 950
39 30 950
31 64 604
64 31 604
31 66 608
66 31 608
31 47 341
47 31 341
31 62 563
62 31 563
31 41 979
41 31 979
31 70 828
70 31 828
31 41 68
41 31 68
31 71 173
71 31 173
31 72 416
72 31 416
32 49 184
49 32 184
32 72 234
72 32 234
32 36 237
36 32 237
32 66 298
66 32 298
32 73 594
73 32 594
33 48 866
48 33 866
33 75 835
75 33 835
33 49 701
49 33 701
33 55 459
55 33 459
33 47 158
47 33 158
33 72 620
72 33 620
33 63 13
63 33 13
33 36 606
36 33 606
33 67 847
67 33 847
33 65 809
65 33 809
33 40 560
40 33 560
33 40 907
40 33 907
34 40 395
40 34 395
34 43 872
43 34 872
34 37 151
37 34 151
34 70 23
70 34 23
34 66 886
66 34 886
34 70 637
70 34 637
34 64 870
64 34 870
34 48 497
48 34 497
35 64 868
64 35 868
35 60 892
60 35 892
35 73 902
73 35 902
35 53 870
53 35 870
35 43 299
43 35 299
35 49 641
49 35 641
35 54 29
54 35 29
35 67 998
67 35 998
35 75 909
75 35 909
36 37 398
37 36 398
36 47 45
47 36 45
36 47 556
47 36 556
37 64 774
64 37 774
37 56 106
56 37 106
37 48 600
48 37 600
37 65 139
65 37 139
37 42 818
42 37 818
37 44 928
44 37 928
37 39 687
39 37 687
37 63 592
63 37 592
38 46 746
46 38 746
38 51 23
51 38 23
38 38 322
38 38 322
38 63 64
63 38 64
39 78 125
78 39 125
39 73 472
73 39 472
39 39 336
39 39 336
39 54 987
54 39 987
39 40 984
40 39 984
39 78 204
78 39 204
40 47 157
47 40 157
40 62 285
62 40 285
40 64 167
64 40 167
40 75 668
75 40 668
40 68 79
68 40 79
40 48 18
48 40 18
40 54 309
54 40 309
40 45 191
45 40 191
41 71 141
71 41 141
41 70 65
70 41 65
41 66 764
66 41 764
41 53 843
53 41 843
41 65 424
65 41 424
42 74 508
74 42 508
42 70 974
70 42 974
42 56 217
56 42 217
42 66 980
66 42 980
42 76 896
76 42 896
42 70 244
70 42 244
42 58 919
58 42 919
42 70 417
70 42 417
43 67 125
67 43 125
43 58 137
58 43 137
43 76 192
76 43 192
43 66 786
66 43 786
43 71 6
71 43 6
43 77 614
77 43 614
44 67 381
67 44 381
44 73 367
73 44 367
45 53 244
53 45 244
45 74 642
74 45 642
45 53 615
53 45 615
45 62 320
62 45 320
46 56 920
56 46 920
46 49 155
49 46 155
46 48 935
48 46 935
46 48 831
48 46 831
46 57 291
57 46 291
47 54 908
54 47 908
47 77 421
77 47 421
47 53 526
53 47 526
47 62 875
62 47 875
47 74 989
74 47 989
47 68 243
68 47 243
47 74 20
74 47 20
47 62 20
62 47 20
47 60 360
60 47 360
48 60 284
60 48 284
48 66 101
66 48 101
49 52 351
52 49 351
49 63 775
63 49 775
49 57 23
57 49 23
49 70 408
70 49 408
49 62 861
62 49 861
50 59 119
59 50 119
50 74 705
74 50 705
50 75 735
75 50 735
51 71 942
71 51 942
51 77 54
77 51 54
52 70 136
70 52 136
52 55 627
55 52 627
53 62 320
62 53 320
53 73 459
73 53 459
53 56 889
56 53 889
53 75 924
75 53 924
54 65 601
65 54 601
54 55 102
55 54 102
54 69 78
69 54 78
55 72 737
72 55 737
55 59 496
59 55 496
55 62 86
62 55 86
55 72 365
72 55 365
56 58 490
58 56 490
56 76 479
76 56 479
56 65 452
65 56 452
57 78 882
78 57 882
57 63 81
63 57 81
58 64 30
64 58 30
58 65 560
65 58 560
58 71 294
71 58 294
58 76 844
76 58 844
58 60 115
60 58 115
59 60 433
60 59 433
59 78 112
78 59 112
59 66 198
66 59 198
60 76 653
76 60 653
60 77 892
77 60 892
60 68 811
68 60 811
60 73 534
73 60 534
60 66 336
66 60 336
61 73 287
73 61 287
61 69 469
69 61 469
62 70 534
70 62 534
62 63 862
63 62 862
63 71 510
71 63 510
63 75 185
75 63 185
64 73 111
73 64 111
64 76 781
76 64 781
64 65 718
65 64 718
64 72 3
72 64 3
64 76 582
76 64 582
64 65 493
65 64 493
64 70 712
70 64 712
67 76 870
76 67 870
68 72 56
72 68 56
68 74 3
74 68 3
68 78 119
78 68 119
69 71 82
71 69 82
72 76 270
76 72 270
73 75 466
75 73 466
74 78 568
78 74 568
