88

0 1 597
1 0 597
0 4 440
4 0 440
0 42 255
42 0 255
0 57 221
57 0 221
0 74 995
74 0 995
0 66 71
66 0 71
0 17 306
17 0 306
0 77 367
77 0 367
0 33 645
33 0 645
0 32 135
32 0 135
0 40 498
40 0 498
0 30 398
30 0 398
0 6 796
6 0 796
0 26 860
26 0 860
1 2 146
2 1 146
1 3 992
3 1 992
1 24 13
24 1 13
1 50 34
50 1 34
1 52 84
52 1 84
1 77 346
77 1 346
1 23 793
23 1 793
1 76 367
76 1 367
1 49 246
49 1 246
1 23 568
23 1 568
1 66 628
66 1 628
1 56 437
56 1 437
1 55 45
55 1 45
1 83 466
83 1 466
2 7 269
7 2 269
2 31 278
31 2 278
2 47 236
47 2 236
2 47 428
47 2 428
2 32 523
32 2 523
2 25 597
25 2 597
2 33 405
33 2 405
2 82 415
82 2 415
2 79 618
79 2 618
2 74 37
74 2 37
2 80 37
80 2 37
3 5 618
5 3 618
3 6 983
6 3 983
3 15 507
15 3 507
3 23 114
23 3 114
3 30 427
30 3 427
3 51 978
51 3 978
3 22 722
22 3 722
3 35 439
35 3 439
3 54 799
54 3 799
3 37 167
37 3 167
3 21 194
21 3 194
3 74 352
74 3 352
3 75 679
75 3 679
3 51 446
51 3 446
3 52 348
52 3 348
4 8 386
8 4 386
4 10 95
10 4 95
4 31 158
31 4 158
4 44 759
44 4 759
4 48 78
48 4 78
4 8 296
8 4 296
4 83 31
83 4 31
4 67 218
67 4 218
4 34 314
34 4 314
4 24 761
24 4 761
4 67 57
67 4 57
5 20 643
20 5 643
5 31 372
31 5 372
5 84 615
84 5 615
5 48 172
48 5 172
5 50 469
50 5 469
5 57 826
57 5 826
5 78 668
78 5 668
6 19 663
19 6 663
6 29 925
29 6 925
6 38 877
38 6 877
6 6 489
6 6 489
6 24 113
24 6 113
6 68 79
68 6 79
6 56 58
56 6 58
6 37 871
37 6 871
6 18 932
18 6 932
6 58 246
58 6 246
6 55 665
55 6 665
6 81 70
81 6 70
6 55 813
55 6 813
7 9 880
9 7 880
7 58 924
58 7 924
7 74 765
74 7 765
7 7 790
7 7 790
7 63 634
63 7 634
7 64 692
64 7 692
7 42 829
42 7 829
7 28 45
28 7 45
7 83 592
83 7 592
7 81 208
81 7 208
8 17 668
17 8 668
8 41 714
41 8 714
8 47 825
47 8 825
8 58 744
58 8 744
8 11 218
11 8 218
8 69 557
69 8 557
8 52 649
52 8 649
8 21 312
21 8 312
8 80 89
80 8 89
8 64 607
64 8 607
8 26 86
26 8 86
8 75 66
75 8 66
8 14 877
14 8 877
9 11 590
11 9 590
9 53 868
53 9 868
9 39 638
39 9 638
9 82 533
82 9 533
9 36 929
36 9 929
10 14 168
14 10 168
10 67 903
67 10 903
10 80 28
80 10 28
10 30 82
30 10 82
10 32 203
32 10 203
10 86 53
86 10 53
10 71 609
71 10 609
10 18 349
18 10 349
10 58 764
58 10 764
10 49 622
49 10 622
10 87 552
87 10 552
10 13 878
13 10 878
10 83 67
83 10 67
10 29 847
29 10 847
10 32 865
32 10 865
11 12 240
12 11 240
11 18 358
18 11 358
11 78 600
78 11 600
11 37 103
37 11 103
11 41 34
41 11 34
11 40 79
40 11 79
11 22 699
22 11 699
11 68 738
68 11 738
11 25 677
25 11 677
11 21 149
21 11 149
11 22 629
22 11 629
11 38 867
38 11 867
11 49 230
49 11 230
11 42 901
42 11 901
12 13 171
13 12 171
12 16 11
16 12 11
12 33 181
33 12 181
12 60 702
60 12 702
12 23 659
23 12 659
12 22 130
22 12 130
12 59 790
59 12 790
12 67 842
67 12 842
12 28 241
28 12 241
12 57 151
57 12 151
12 55 846
55 12 846
12 64 332
64 12 332
12 55 832
55 12 832
12 51 239
51 12 239
12 79 278
79 12 278
13 22 328
22 13 328
13 14 897
14 13 897
13 75 350
75 13 350
13 23 874
23 13 874
13 87 499
87 13 499
13 64 770
64 13 770
13 55 334
55 13 334
14 22 757
22 14 757
14 26 183
26 14 183
14 85 373
85 14 373
14 50 109
50 14 109
14 55 332
55 14 332
14 78 316
78 14 316
14 64 650
64 14 650
14 53 197
53 14 197
14 29 495
29 14 495
14 78 609
78 14 609
14 66 103
66 14 103
14 75 707
75 14 707
15 37 431
37 15 431
15 53 24
53 15 24
15 21 843
21 15 843
15 77 116
77 15 116
15 27 443
27 15 443
15 24 397
24 15 397
15 20 871
20 15 871
16 21 961
21 16 961
16 28 844
28 16 844
16 71 547
71 16 547
16 22 174
22 16 174
16 86 700
86 16 700
16 51 258
51 16 258
16 32 79
32 16 79
16 56 655
56 16 655
16 33 553
33 16 553
16 29 683
29 16 683
16 86 540
86 16 540
17 32 126
32 17 126
17 78 505
78 17 505
17 86 515
86 17 515
17 18 543
18 17 543
17 55 333
55 17 333
17 64 86
64 17 86
17 19 412
19 17 412
18 25 151
25 18 151
18 66 983
66 18 983
18 61 533
61 18 533
18 34 775
34 18 775
18 53 37
53 18 37
18 77 688
77 18 688
18 56 615
56 18 615
18 70 578
70 18 578
18 84 829
84 18 829
19 48 443
48 19 443
19 73 123
73 19 123
19 39 73
39 19 73
19 51 780
51 19 780
19 72 362
72 19 362
19 31 125
31 19 125
19 50 877
50 19 877
19 40 688
40 19 688
19 45 87
45 19 87
20 39 199
39 20 199
20 69 240
69 20 240
20 73 663
73 20 663
20 77 920
77 20 920
20 68 620
68 20 620
20 50 88
50 20 88
20 25 36
25 20 36
21 68 125
68 21 125
21 71 26
71 21 26
21 74 587
74 21 587
21 52 472
52 21 472
21 68 263
68 21 263
22 84 868
84 22 868
22 85 485
85 22 485
22 86 819
86 22 819
22 76 827
76 22 827
22 22 75
22 22 75
22 85 506
85 22 506
22 37 938
37 22 938
22 85 788
85 22 788
22 58 124
58 22 124
22 25 352
25 22 352
22 26 618
26 22 618
22 49 610
49 22 610
23 78 960
78 23 960
23 81 943
81 23 943
23 54 112
54 23 112
23 42 264
42 23 264
23 68 320
68 23 320
23 77 477
77 23 477
24 27 60
27 24 60
24 44 309
44 24 309
24 28 211
28 24 211
24 71 796
71 24 796
24 82 268
82 24 268
24 32 465
32 24 465
24 61 474
61 24 474
24 85 330
85 24 330
24 68 935
68 24 935
25 65 674
65 25 674
25 56 445
56 25 445
25 38 718
38 25 718
25 79 998
79 25 998
25 77 560
77 25 560
25 57 393
57 25 393
25 27 72
27 25 72
25 54 121
54 25 121
25 43 592
43 25 592
26 36 436
36 26 436
26 66 984
66 26 984
26 66 482
66 26 482
26 38 681
38 26 681
26 75 601
75 26 601
26 67 886
67 26 886
26 87 771
87 26 771
26 49 124
49 26 124
26 70 727
70 26 727
27 72 648
72 27 648
27 77 252
77 27 252
27 55 70
55 27 70
27 42 730
42 27 730
27 36 949
36 27 949
27 49 58
49 27 58
27 45 520
45 27 520
27 30 921
30 27 921
27 34 877
34 27 877
27 64 920
64 27 920
27 85 324
85 27 324
28 40 184
40 28 184
28 33 513
33 28 513
28 28 590
28 28 590
28 30 820
30 28 820
28 28 149
28 28 149
28 41 453
41 28 453
28 78 321
78 28 321
28 70 203
70 28 203
29 60 10
60 29 10
29 75 40
75 29 40
29 76 18
76 29 18
29 82 301
82 29 301
29 48 627
48 29 627
29 55 216
55 29 216
29 59 329
59 29 329
29 30 807
30 29 807
29 46 44
46 29 44
29 66 794
66 29 794
30 34 462
34 30 462
30 61 835
61 30 835
30 33 615
33 30 615
30 62 875
62 30 875
30 86 271
86 30 271
30 79 184
79 30 184
30 77 90
77 30 90
30 39 920
39 30 920
30 52 92
52 30 92
31 61 400
61 31 400
31 45 741
45 31 741
31 64 737
64 31 737
32 35 324
35 32 324
32 80 601
80 32 601
32 68 396
68 32 396
32 52 466
52 32 466
32 49 96
49 32 96
32 39 695
39 32 695
32 70 969
70 32 969
32 55 855
55 32 855
32 67 726
67 32 726
33 84 967
84 33 967
33 48 669
48 33 669
33 64 531
64 33 531
33 83 404
83 33 404
33 80 859
80 33 859
33 37 642
37 33 642
34 59 548
59 34 548
34 65 741
65 34 741
34 51 763
51 34 763
34 80 798
80 34 798
34 80 907
80 34 907
34 38 469
38 34 469
34 83 123
83 34 123
35 55 457
55 35 457
35 86 527
86 35 527
35 57 487
57 35 487
35 68 297
68 35 297
35 70 183
70 35 183
36 75 820
75 36 820
36 55 842
55 36 842
36 86 632
86 36 632
36 80 752
80 36 752
36 40 185
40 36 185
36 87 215
87 36 215
37 45 164
45 37 164
37 42 564
42 37 564
37 38 422
38 37 422
37 76 839
76 37 839
37 62 121
62 37 121
37 53 693
53 37 693
38 77 966
77 38 966
38 51 966
51 38 966
38 87 156
87 38 156
38 55 631
55 38 631
38 86 385
86 38 385
39 46 59
46 39 59
39 71 274
71 39 274
39 80 222
80 39 222
39 55 247
55 39 247
39 65 878
65 39 878
40 45 555
45 40 555
40 77 718
77 40 718
40 61 757
61 40 757
40 77 547
77 40 547
40 44 493
44 40 493
40 59 454
59 40 454
40 49 603
49 40 603
41 70 430
70 41 430
41 58 275
58 41 275
41 52 781
52 41 781
41 58 1000
58 41 1000
41 81 420
81 41 420
41 62 689
62 41 689
41 74 950
74 41 950
42 43 166
43 42 166
42 70 161
70 42 161
42 64 536
64 42 536
42 87 744
87 42 744
42 58 149
58 42 149
42 82 533
82 42 533
43 79 467
79 43 467
43 73 577
73 43 577
43 74 328
74 43 328
43 50 705
50 43 705
43 55 649
55 43 649
44 83 806
83 44 806
44 70 708
70 44 708
44 61 675
61 44 675
45 49 851
49 45 851
45 64 599
64 45 599
45 53 404
53 45 404
46 57 578
57 46 578
46 58 447
58 46 447
46 75 401
75 46 401
46 81 831
81 46 831
47 86 300
86 47 300
47 64 879
64 47 879
47 53 594
53 47 594
47 61 776
61 47 776
47 61 737
61 47 737
48 84 700
84 48 700
48 48 728
48 48 728
48 58 466
58 48 466
48 84 76
84 48 76
49 54 905
54 49 905
49 52 591
52 49 591
49 87 171
87 49 171
50 65 906
65 50 906
50 73 744
73 50 744
50 63 932
63 50 932
51 84 127
84 51 127
51 83 814
83 51 814
52 62 21
62 52 21
52 63 451
63 52 451
52 55 392
55 52 392
53 73 951
73 53 951
53 76 978
76 53 978
53 70 180
70 53 180
53 55 529
55 53 529
53 61 581
61 53 581
53 76 601
76 53 601
53 57 974
57 53 974
53 71 422
71 53 422
54 87 240
87 54 240
54 76 630
76 54 630
54 57 335
57 54 335
55 56 906
56 55 906
55 63 479
63 55 479
55 69 217
69 55 217
56 82 540
82 56 540
56 60 105
60 56 105
56 61 746
61 56 746
56 78 119
78 56 119
56 56 775
56 56 775
56 57 523
57 56 523
57 67 102
67 57 102
57 57 839
57 57 839
58 70 784
70 58 784
58 64 345
64 58 345
58 61 843
61 58 843
58 58 504
58 58 504
58 65 367
65 58 367
59 70 961
70 59 961
59 80 648
80 59 648
59 81 30
81 59 30
59 60 230
60 59 230
59 74 938
74 59 938
60 85 306
85 60 306
60 76 980
76 60 980
60 69 886
69 60 886
60 85 127
85 60 127
61 74 532
74 61 532
61 74 897
74 61 897
63 74 901
74 63 901
63 75 606
75 63 606
63 87 816
87 63 816
64 75 665
75 64 665
64 84 519
84 64 519
64 79 703
79 64 703
65 77 110
77 65 110
65 80 244
80 65 244
66 72 975
72 66 975
66 87 761
87 66 761
67 78 180
78 67 180
67 86 523
86 67 523
68 85 328
85 68 328
68 71 538
71 68 538
68 74 471
74 68 471
68 74 263
74 68 263
69 72 398
72 69 398
69 74 761
74 69 761
69 72 287
72 69 287
70 87 648
87 70 648
71 86 764
86 71 764
71 77 291
77 71 291
72 77 845
77 72 845
72 74 450
74 72 450
72 75 131
75 72 131
73 74 159
74 73 159
73 84 10
84 73 10
73 79 336
79 73 336
74 84 522
84 74 522
74 86 570
86 74 570
75 82 927
82 75 927
76 83 469
83 76 469
77 82 870
82 77 870
77 86 985
86 77 985
78 78 626
78 78 626
80 83 375
83 80 375
80 86 983
86 80 983
81 87 150
87 81 150
81 86 742
86 81 742
83 84 695
84 83 695
83 87 779
87 83 779
84 85 164
85 84 164
84 86 514
86 84 514
