93

0 1 701
1 0 701
0 2 653
2 0 653
0 4 260
4 0 260
0 6 509
6 0 509
0 13 440
13 0 440
0 33 531
33 0 531
0 54 346
54 0 346
0 47 155
47 0 155
0 34 566
34 0 566
0 57 276
57 0 276
0 66 643
66 0 643
0 46 715
46 0 715
0 66 631
66 0 631
0 74 510
74 0 510
1 41 984
41 1 984
1 76 682
76 1 682
1 82 780
82 1 780
1 4 111
4 1 111
1 47 346
47 1 346
1 57 772
57 1 772
1 7 587
7 1 587
1 39 276
39 1 276
1 71 103
71 1 103
1 59 933
59 1 933
1 37 677
37 1 677
1 4 77
4 1 77
1 56 403
56 1 403
2 3 613
3 2 613
2 5 330
5 2 330
2 76 38
76 2 38
2 63 734
63 2 734
2 13 349
13 2 349
2 6 468
6 2 468
2 34 802
34 2 802
2 20 263
20 2 263
2 89 570
89 2 570
2 85 7
85 2 7
2 82 385
82 2 385
2 21 573
21 2 573
2 49 496
49 2 496
2 26 43
26 2 43
3 9 233
9 3 233
3 11 359
11 3 359
3 18 555
18 3 555
3 23 695
23 3 695
3 87 866
87 3 866
3 30 548
30 3 548
3 22 779
22 3 779
3 84 162
84 3 162
3 57 65
57 3 65
3 70 951
70 3 951
3 22 378
22 3 378
3 4 22
4 3 22
3 53 647
53 3 647
3 91 112
91 3 112
3 90 327
90 3 327
3 27 218
27 3 218
4 7 14
7 4 14
4 33 297
33 4 297
4 34 943
34 4 943
4 77 631
77 4 631
4 18 446
18 4 446
4 89 285
89 4 285
4 80 30
80 4 30
4 18 757
18 4 757
4 69 218
69 4 218
4 8 303
8 4 303
4 62 81
62 4 81
4 79 474
79 4 474
4 14 773
14 4 773
5 10 635
10 5 635
5 42 657
42 5 657
5 75 116
75 5 116
5 38 946
38 5 946
5 52 816
52 5 816
5 14 268
14 5 268
5 53 897
53 5 897
6 8 797
8 6 797
6 14 245
14 6 245
6 15 238
15 6 238
6 36 421
36 6 421
6 37 705
37 6 705
6 81 837
81 6 837
6 11 310
11 6 310
6 28 450
28 6 450
6 37 432
37 6 432
6 75 750
75 6 750
6 59 557
59 6 557
7 22 83
22 7 83
7 25 491
25 7 491
7 30 247
30 7 247
7 77 983
77 7 983
7 11 889
11 7 889
7 81 266
81 7 266
7 42 774
42 7 774
7 48 786
48 7 786
7 90 551
90 7 551
7 17 721
17 7 721
7 50 322
50 7 322
7 68 622
68 7 622
7 87 178
87 7 178
8 12 524
12 8 524
8 16 546
16 8 546
8 38 829
38 8 829
8 89 254
89 8 254
8 40 703
40 8 703
8 26 464
26 8 464
8 17 905
17 8 905
8 88 303
88 8 303
8 56 455
56 8 455
8 38 56
38 8 56
8 15 944
15 8 944
8 54 891
54 8 891
9 31 721
31 9 721
9 44 16
44 9 16
9 51 391
51 9 391
9 60 51
60 9 51
9 64 380
64 9 380
9 70 530
70 9 530
9 16 34
16 9 34
9 61 491
61 9 491
9 70 159
70 9 159
9 15 438
15 9 438
9 46 439
46 9 439
9 31 563
31 9 563
9 52 217
52 9 217
9 21 71
21 9 71
9 51 282
51 9 282
9 72 470
72 9 470
10 40 87
40 10 87
10 74 699
74 10 699
10 58 640
58 10 640
10 66 228
66 10 228
10 49 51
49 10 51
10 32 978
32 10 978
10 65 403
65 10 403
11 35 405
35 11 405
11 52 780
52 11 780
11 70 590
70 11 590
11 88 728
88 11 728
11 61 558
61 11 558
11 24 931
24 11 931
11 28 114
28 11 114
11 61 483
61 11 483
11 42 72
42 11 72
11 12 81
12 11 81
11 51 765
51 11 765
11 67 703
67 11 703
11 54 596
54 11 596
12 28 393
28 12 393
12 30 766
30 12 766
12 35 671
35 12 671
12 57 884
57 12 884
12 85 740
85 12 740
12 24 116
24 12 116
12 85 822
85 12 822
12 45 203
45 12 203
12 31 723
31 12 723
12 28 886
28 12 886
12 85 897
85 12 897
12 61 284
61 12 284
12 19 166
19 12 166
13 56 311
56 13 311
13 49 407
49 13 407
13 47 955
47 13 955
13 80 991
80 13 991
13 54 537
54 13 537
13 62 709
62 13 709
14 29 64
29 14 64
14 47 12
47 14 12
14 17 804
17 14 804
14 46 111
46 14 111
14 91 732
91 14 732
14 34 517
34 14 517
15 17 621
17 15 621
15 19 881
19 15 881
15 27 950
27 15 950
15 42 1000
42 15 1000
15 45 524
45 15 524
15 63 346
63 15 346
15 74 411
74 15 411
15 53 455
53 15 455
15 73 489
73 15 489
15 32 518
32 15 518
15 34 228
34 15 228
15 35 9
35 15 9
15 47 296
47 15 296
15 30 920
30 15 920
16 56 747
56 16 747
16 88 96
88 16 96
16 47 297
47 16 297
16 16 673
16 16 673
16 21 576
21 16 576
16 24 126
24 16 126
16 29 643
29 16 643
17 65 693
65 17 693
17 57 319
57 17 319
17 58 368
58 17 368
17 65 264
65 17 264
17 37 766
37 17 766
17 77 82
77 17 82
17 70 36
70 17 36
18 21 512
21 18 512
18 57 622
57 18 622
18 58 8
58 18 8
18 72 295
72 18 295
18 46 882
46 18 882
18 84 43
84 18 43
18 59 708
59 18 708
18 22 773
22 18 773
19 20 67
20 19 67
19 56 465
56 19 465
19 79 885
79 19 885
19 83 162
83 19 162
19 53 429
53 19 429
19 74 613
74 19 613
20 55 418
55 20 418
20 82 187
82 20 187
20 56 674
56 20 674
20 51 696
51 20 696
20 86 355
86 20 355
20 52 5
52 20 5
20 39 826
39 20 826
20 47 489
47 20 489
20 82 427
82 20 427
20 84 451
84 20 451
21 32 127
32 21 127
21 55 453
55 21 453
21 76 707
76 21 707
21 47 583
47 21 583
21 37 73
37 21 73
21 75 75
75 21 75
21 27 672
27 21 672
21 78 442
78 21 442
21 47 593
47 21 593
21 78 979
78 21 979
22 24 710
24 22 710
22 50 831
50 22 831
22 33 115
33 22 115
22 87 806
87 22 806
22 41 665
41 22 665
22 36 99
36 22 99
22 40 526
40 22 526
23 26 983
26 23 983
23 62 162
62 23 162
23 65 782
65 23 782
23 68 665
68 23 665
23 89 478
89 23 478
23 81 677
81 23 677
23 86 626
86 23 626
23 88 159
88 23 159
24 85 725
85 24 725
24 66 840
66 24 840
24 74 879
74 24 879
24 47 873
47 24 873
25 39 841
39 25 841
25 43 450
43 25 450
25 48 116
48 25 116
25 72 795
72 25 795
25 91 166
91 25 166
25 68 268
68 25 268
26 46 109
46 26 109
26 73 424
73 26 424
27 59 381
59 27 381
27 53 155
53 27 155
27 36 150
36 27 150
27 58 260
58 27 260
27 29 296
29 27 296
27 81 621
81 27 621
27 50 533
50 27 533
27 68 578
68 27 578
28 28 160
28 28 160
28 83 616
83 28 616
29 58 129
58 29 129
29 85 914
85 29 914
29 89 370
89 29 370
29 90 750
90 29 750
30 36 364
36 30 364
30 42 753
42 30 753
30 73 315
73 30 315
30 74 297
74 30 297
30 79 359
79 30 359
31 89 185
89 31 185
31 87 161
87 31 161
31 85 637
85 31 637
31 34 322
34 31 322
31 78 580
78 31 580
31 90 940
90 31 940
32 58 626
58 32 626
32 86 244
86 32 244
32 85 192
85 32 192
32 37 658
37 32 658
32 84 971
84 32 971
32 43 585
43 32 585
33 83 597
83 33 597
33 90 525
90 33 525
33 46 171
46 33 171
33 74 280
74 33 280
33 88 600
88 33 600
33 34 159
34 33 159
34 73 924
73 34 924
34 57 515
57 34 515
34 40 468
40 34 468
34 79 977
79 34 977
34 41 790
41 34 790
35 72 495
72 35 495
35 45 197
45 35 197
35 61 449
61 35 449
35 39 397
39 35 397
35 37 424
37 35 424
35 82 589
82 35 589
35 92 179
92 35 179
35 91 686
91 35 686
35 91 662
91 35 662
35 80 975
80 35 975
35 86 791
86 35 791
36 54 954
54 36 954
36 69 246
69 36 246
36 36 768
36 36 768
36 82 151
82 36 151
37 73 610
73 37 610
37 90 495
90 37 495
37 80 521
80 37 521
38 79 377
79 38 377
38 82 522
82 38 522
38 45 679
45 38 679
38 74 746
74 38 746
39 46 853
46 39 853
39 78 20
78 39 20
39 61 959
61 39 959
39 85 512
85 39 512
40 60 234
60 40 234
40 41 281
41 40 281
40 56 241
56 40 241
40 50 705
50 40 705
41 49 107
49 41 107
41 61 773
61 41 773
41 70 789
70 41 789
41 63 561
63 41 561
41 83 83
83 41 83
41 82 452
82 41 452
41 44 58
44 41 58
41 85 503
85 41 503
41 68 39
68 41 39
41 75 590
75 41 590
42 75 305
75 42 305
42 73 837
73 42 837
43 67 707
67 43 707
43 89 327
89 43 327
43 90 165
90 43 165
43 57 843
57 43 843
43 92 537
92 43 537
43 92 509
92 43 509
43 80 671
80 43 671
43 79 199
79 43 199
44 83 574
83 44 574
44 85 950
85 44 950
44 88 812
88 44 812
44 51 863
51 44 863
44 79 342
79 44 342
45 47 909
47 45 909
45 81 925
81 45 925
46 66 998
66 46 998
46 69 419
69 46 419
46 67 883
67 46 883
46 86 569
86 46 569
46 66 935
66 46 935
46 63 519
63 46 519
46 90 842
90 46 842
47 53 405
53 47 405
47 91 382
91 47 382
47 51 142
51 47 142
47 54 601
54 47 601
47 60 680
60 47 680
47 66 46
66 47 46
47 63 967
63 47 967
47 79 490
79 47 490
47 48 463
48 47 463
48 75 293
75 48 293
48 84 309
84 48 309
48 49 98
49 48 98
48 65 306
65 48 306
48 67 356
67 48 356
49 83 758
83 49 758
50 55 316
55 50 316
50 57 558
57 50 558
50 55 796
55 50 796
50 67 119
67 50 119
50 53 623
53 50 623
50 62 271
62 50 271
51 68 996
68 51 996
51 79 565
79 51 565
51 67 776
67 51 776
51 70 760
70 51 760
52 92 394
92 52 394
52 69 381
69 52 381
52 74 676
74 52 676
52 60 342
60 52 342
52 53 186
53 52 186
53 69 356
69 53 356
54 76 225
76 54 225
54 71 692
71 54 692
54 70 902
70 54 902
54 75 758
75 54 758
54 59 959
59 54 959
55 80 32
80 55 32
55 74 134
74 55 134
55 78 201
78 55 201
55 91 935
91 55 935
55 86 900
86 55 900
55 85 77
85 55 77
55 75 437
75 55 437
55 58 999
58 55 999
56 71 249
71 56 249
56 67 421
67 56 421
57 68 927
68 57 927
57 84 32
84 57 32
57 88 9
88 57 9
57 89 143
89 57 143
57 60 85
60 57 85
57 64 608
64 57 608
58 65 698
65 58 698
58 90 13
90 58 13
58 82 936
82 58 936
58 73 57
73 58 57
59 80 944
80 59 944
60 70 759
70 60 759
60 80 244
80 60 244
62 64 651
64 62 651
62 67 987
67 62 987
62 74 162
74 62 162
62 79 464
79 62 464
62 69 574
69 62 574
62 63 584
63 62 584
62 84 581
84 62 581
62 84 946
84 62 946
63 92 357
92 63 357
63 87 812
87 63 812
63 70 925
70 63 925
63 69 444
69 63 444
63 83 399
83 63 399
63 87 970
87 63 970
63 64 986
64 63 986
64 82 699
82 64 699
64 82 991
82 64 991
64 65 444
65 64 444
64 80 555
80 64 555
65 86 649
86 65 649
65 85 36
85 65 36
65 73 639
73 65 639
66 84 660
84 66 660
66 69 620
69 66 620
67 68 92
68 67 92
67 68 621
68 67 621
67 77 600
77 67 600
68 92 383
92 68 383
68 86 443
86 68 443
69 86 665
86 69 665
69 74 172
74 69 172
70 71 76
71 70 76
70 89 790
89 70 790
72 89 949
89 72 949
72 85 799
85 72 799
72 87 560
87 72 560
73 76 399
76 73 399
73 77 730
77 73 730
73 87 997
87 73 997
74 78 154
78 74 154
74 86 72
86 74 72
75 81 684
81 75 684
75 84 598
84 75 598
76 89 181
89 76 181
78 88 793
88 78 793
78 82 712
82 78 712
79 82 205
82 79 205
79 86 911
86 79 911
79 86 26
86 79 26
80 81 294
81 80 294
81 90 113
90 81 113
81 87 827
87 81 827
81 85 821
85 81 821
82 86 641
86 82 641
82 86 249
86 82 249
82 91 886
91 82 886
84 88 775
88 84 775
84 90 764
90 84 764
86 87 762
87 86 762
