96

0 1 555
1 0 555
0 3 57
3 0 57
0 56 488
56 0 488
0 41 620
41 0 620
0 95 107
95 0 107
0 26 596
26 0 596
0 93 506
93 0 506
0 25 131
25 0 131
0 23 620
23 0 620
0 57 304
57 0 304
1 2 12
2 1 12
1 6 324
6 1 324
1 7 204
7 1 204
1 21 214
21 1 214
1 13 480
13 1 480
1 10 835
10 1 835
1 6 409
6 1 409
1 82 266
82 1 266
1 73 880
73 1 880
1 43 929
43 1 929
1 57 553
57 1 553
1 34 715
34 1 715
1 88 454
88 1 454
1 59 937
59 1 937
2 4 147
4 2 147
2 13 121
13 2 121
2 27 538
27 2 538
2 6 812
6 2 812
2 50 36
50 2 36
2 53 249
53 2 249
2 80 949
80 2 949
2 75 1000
75 2 1000
2 9 347
9 2 347
2 64 907
64 2 907
2 41 141
41 2 141
2 69 507
69 2 507
2 75 293
75 2 293
3 9 105
9 3 105
3 32 980
32 3 980
3 63 661
63 3 661
3 39 582
39 3 582
3 38 132
38 3 132
3 66 234
66 3 234
3 46 684
46 3 684
3 48 740
48 3 740
4 5 276
5 4 276
4 11 704
11 4 704
4 22 121
22 4 121
4 43 2
43 4 2
4 91 969
91 4 969
4 58 3
58 4 3
4 75 873
75 4 873
4 30 594
30 4 594
4 70 578
70 4 578
4 39 420
39 4 420
4 10 25
10 4 25
4 6 644
6 4 644
4 95 665
95 4 665
4 49 643
49 4 643
4 20 301
20 4 301
4 29 517
29 4 517
4 56 250
56 4 250
5 8 535
8 5 535
5 23 252
23 5 252
5 40 284
40 5 284
5 47 181
47 5 181
5 40 159
40 5 159
5 33 96
33 5 96
5 71 346
71 5 346
5 68 306
68 5 306
5 64 753
64 5 753
5 72 986
72 5 986
5 56 111
56 5 111
5 75 399
75 5 399
5 47 782
47 5 782
5 74 880
74 5 880
5 89 706
89 5 706
6 14 293
14 6 293
6 15 535
15 6 535
6 16 531
16 6 531
6 19 23
19 6 23
6 20 236
20 6 236
6 57 143
57 6 143
6 86 641
86 6 641
6 39 922
39 6 922
6 94 769
94 6 769
6 71 917
71 6 917
6 10 501
10 6 501
6 57 35
57 6 35
6 48 719
48 6 719
6 89 397
89 6 397
6 49 90
49 6 90
6 42 524
42 6 524
7 10 891
10 7 891
7 43 900
43 7 900
7 58 577
58 7 577
7 91 919
91 7 919
7 17 402
17 7 402
7 68 802
68 7 802
7 82 871
82 7 871
7 93 91
93 7 91
7 22 184
22 7 184
7 11 679
11 7 679
7 66 487
66 7 487
8 12 454
12 8 454
8 18 48
18 8 48
8 66 454
66 8 454
8 16 517
16 8 517
8 33 763
33 8 763
8 70 214
70 8 214
9 17 46
17 9 46
9 45 401
45 9 401
9 24 467
24 9 467
9 47 565
47 9 565
9 46 940
46 9 940
9 51 6
51 9 6
9 92 854
92 9 854
9 29 911
29 9 911
9 49 832
49 9 832
9 94 441
94 9 441
9 78 434
78 9 434
10 42 989
42 10 989
10 57 647
57 10 647
10 76 350
76 10 350
10 47 124
47 10 124
10 59 381
59 10 381
10 59 490
59 10 490
10 65 506
65 10 506
10 29 521
29 10 521
10 20 237
20 10 237
10 90 837
90 10 837
11 48 96
48 11 96
11 44 632
44 11 632
11 64 35
64 11 35
11 39 728
39 11 728
11 17 546
17 11 546
11 21 271
21 11 271
11 26 161
26 11 161
11 77 394
77 11 394
11 42 97
42 11 97
11 40 287
40 11 287
12 30 453
30 12 453
12 37 166
37 12 166
12 27 277
27 12 277
12 82 607
82 12 607
13 18 447
18 13 447
13 24 840
24 13 840
13 50 155
50 13 155
13 59 399
59 13 399
13 43 716
43 13 716
13 62 445
62 13 445
13 61 777
61 13 777
14 33 330
33 14 330
14 41 913
41 14 913
14 61 432
61 14 432
14 94 845
94 14 845
14 21 109
21 14 109
14 38 954
38 14 954
14 51 241
51 14 241
14 51 961
51 14 961
14 59 90
59 14 90
14 38 205
38 14 205
14 17 349
17 14 349
14 80 991
80 14 991
14 76 991
76 14 991
15 26 866
26 15 866
15 95 412
95 15 412
15 36 708
36 15 708
15 82 599
82 15 599
15 95 617
95 15 617
15 71 293
71 15 293
15 48 894
48 15 894
15 57 332
57 15 332
15 28 598
28 15 598
15 42 328
42 15 328
16 29 90
29 16 90
16 31 894
31 16 894
16 85 450
85 16 450
16 90 698
90 16 698
16 34 263
34 16 263
16 93 241
93 16 241
16 60 730
60 16 730
16 28 473
28 16 473
16 52 402
52 16 402
17 54 698
54 17 698
17 69 272
69 17 272
17 27 528
27 17 528
17 38 435
38 17 435
17 33 998
33 17 998
17 87 12
87 17 12
17 36 181
36 17 181
17 51 657
51 17 657
17 60 553
60 17 553
17 72 168
72 17 168
17 75 426
75 17 426
18 86 189
86 18 189
18 85 746
85 18 746
18 75 120
75 18 120
18 81 968
81 18 968
18 82 836
82 18 836
18 80 796
80 18 796
18 53 119
53 18 119
18 76 847
76 18 847
19 35 663
35 19 663
19 30 545
30 19 545
19 80 536
80 19 536
19 22 385
22 19 385
19 31 232
31 19 232
20 34 39
34 20 39
20 63 999
63 20 999
20 68 218
68 20 218
20 45 12
45 20 12
20 28 416
28 20 416
20 80 657
80 20 657
20 75 414
75 20 414
20 27 384
27 20 384
20 72 405
72 20 405
20 50 983
50 20 983
21 83 929
83 21 929
21 64 837
64 21 837
21 80 723
80 21 723
21 56 497
56 21 497
21 85 42
85 21 42
21 50 252
50 21 252
21 56 874
56 21 874
21 52 509
52 21 509
21 22 92
22 21 92
21 63 232
63 21 232
21 59 182
59 21 182
21 76 903
76 21 903
22 25 451
25 22 451
22 28 249
28 22 249
22 66 44
66 22 44
22 26 234
26 22 234
22 29 178
29 22 178
22 57 870
57 22 870
22 79 821
79 22 821
22 80 924
80 22 924
22 63 218
63 22 218
22 79 546
79 22 546
22 33 12
33 22 12
23 39 946
39 23 946
23 53 274
53 23 274
23 77 422
77 23 422
23 76 351
76 23 351
23 55 310
55 23 310
23 92 692
92 23 692
23 46 526
46 23 526
23 53 984
53 23 984
23 93 548
93 23 548
23 63 502
63 23 502
23 64 800
64 23 800
23 84 227
84 23 227
23 65 450
65 23 450
23 42 107
42 23 107
23 89 593
89 23 593
23 40 171
40 23 171
23 47 559
47 23 559
24 90 694
90 24 694
24 32 7
32 24 7
24 75 956
75 24 956
24 33 886
33 24 886
24 25 717
25 24 717
24 75 285
75 24 285
24 61 757
61 24 757
24 67 397
67 24 397
25 36 420
36 25 420
25 55 123
55 25 123
25 52 754
52 25 754
25 26 804
26 25 804
25 52 669
52 25 669
25 95 476
95 25 476
25 84 809
84 25 809
25 78 769
78 25 769
26 37 233
37 26 233
26 74 233
74 26 233
26 52 567
52 26 567
26 63 113
63 26 113
26 70 840
70 26 840
26 43 468
43 26 468
27 95 32
95 27 32
27 64 841
64 27 841
27 80 793
80 27 793
27 47 939
47 27 939
27 45 402
45 27 402
27 60 182
60 27 182
28 46 442
46 28 442
28 91 344
91 28 344
28 34 677
34 28 677
28 48 223
48 28 223
28 69 850
69 28 850
28 75 277
75 28 277
29 43 61
43 29 61
29 76 567
76 29 567
29 73 4
73 29 4
29 93 551
93 29 551
29 65 756
65 29 756
29 57 440
57 29 440
29 43 343
43 29 343
29 44 389
44 29 389
29 79 416
79 29 416
29 70 468
70 29 468
29 84 746
84 29 746
30 82 119
82 30 119
30 31 853
31 30 853
30 89 805
89 30 805
30 81 904
81 30 904
31 51 888
51 31 888
31 92 839
92 31 839
31 86 78
86 31 78
31 47 51
47 31 51
31 85 590
85 31 590
31 89 18
89 31 18
31 66 729
66 31 729
31 63 738
63 31 738
32 92 467
92 32 467
32 85 718
85 32 718
32 37 820
37 32 820
32 40 170
40 32 170
33 55 838
55 33 838
33 61 137
61 33 137
33 64 61
64 33 61
33 77 352
77 33 352
33 93 117
93 33 117
33 75 42
75 33 42
33 78 99
78 33 99
33 77 785
77 33 785
33 90 766
90 33 766
33 92 44
92 33 44
33 45 636
45 33 636
34 65 317
65 34 317
34 66 946
66 34 946
34 52 3
52 34 3
34 37 488
37 34 488
34 45 985
45 34 985
34 92 178
92 34 178
34 52 324
52 34 324
34 89 441
89 34 441
34 59 119
59 34 119
35 38 451
38 35 451
35 43 129
43 35 129
35 62 151
62 35 151
35 87 137
87 35 137
35 93 9
93 35 9
35 69 731
69 35 731
35 59 724
59 35 724
36 94 932
94 36 932
36 82 790
82 36 790
36 42 967
42 36 967
36 44 980
44 36 980
36 82 341
82 36 341
36 65 338
65 36 338
36 43 377
43 36 377
36 69 508
69 36 508
36 67 38
67 36 38
36 41 680
41 36 680
36 83 233
83 36 233
37 52 887
52 37 887
37 64 677
64 37 677
37 90 979
90 37 979
37 41 425
41 37 425
37 53 143
53 37 143
38 44 359
44 38 359
38 49 159
49 38 159
38 91 50
91 38 50
38 86 488
86 38 488
38 47 465
47 38 465
38 77 468
77 38 468
39 92 60
92 39 60
39 78 887
78 39 887
39 75 632
75 39 632
39 79 168
79 39 168
39 59 843
59 39 843
40 62 50
62 40 50
40 56 553
56 40 553
40 78 809
78 40 809
40 51 795
51 40 795
40 89 30
89 40 30
40 76 454
76 40 454
41 75 517
75 41 517
41 46 46
46 41 46
41 82 954
82 41 954
41 68 492
68 41 492
41 59 111
59 41 111
41 88 61
88 41 61
42 85 811
85 42 811
42 58 958
58 42 958
42 69 747
69 42 747
42 65 336
65 42 336
42 88 749
88 42 749
42 88 803
88 42 803
42 50 349
50 42 349
42 87 880
87 42 880
43 44 801
44 43 801
43 43 365
43 43 365
43 87 668
87 43 668
43 89 843
89 43 843
43 72 724
72 43 724
43 76 42
76 43 42
43 54 777
54 43 777
43 83 908
83 43 908
44 45 455
45 44 455
44 49 502
49 44 502
44 76 250
76 44 250
44 86 70
86 44 70
44 53 820
53 44 820
44 56 264
56 44 264
44 89 859
89 44 859
44 91 862
91 44 862
44 93 916
93 44 916
44 90 784
90 44 784
44 88 139
88 44 139
44 54 443
54 44 443
45 53 64
53 45 64
45 70 690
70 45 690
45 63 443
63 45 443
45 67 390
67 45 390
46 95 898
95 46 898
46 87 688
87 46 688
46 87 341
87 46 341
46 81 773
81 46 773
46 62 524
62 46 524
47 56 361
56 47 361
47 73 270
73 47 270
47 53 525
53 47 525
48 79 248
79 48 248
48 68 90
68 48 90
48 59 37
59 48 37
48 59 616
59 48 616
48 65 973
65 48 973
48 56 175
56 48 175
48 53 511
53 48 511
49 64 990
64 49 990
49 50 254
50 49 254
49 68 937
68 49 937
49 85 60
85 49 60
49 61 550
61 49 550
49 65 318
65 49 318
50 60 768
60 50 768
50 80 242
80 50 242
50 50 647
50 50 647
50 73 411
73 50 411
50 94 483
94 50 483
50 64 178
64 50 178
50 59 996
59 50 996
51 59 603
59 51 603
51 67 486
67 51 486
51 89 51
89 51 51
51 58 571
58 51 571
51 53 137
53 51 137
51 84 786
84 51 786
51 59 871
59 51 871
52 70 286
70 52 286
52 90 632
90 52 632
52 66 121
66 52 121
52 72 284
72 52 284
52 55 300
55 52 300
52 66 500
66 52 500
52 62 22
62 52 22
52 78 199
78 52 199
53 66 187
66 53 187
53 56 36
56 53 36
53 54 628
54 53 628
53 73 664
73 53 664
54 56 952
56 54 952
54 60 115
60 54 115
54 80 854
80 54 854
54 76 581
76 54 581
54 60 494
60 54 494
54 85 935
85 54 935
54 60 957
60 54 957
54 95 106
95 54 106
55 90 295
90 55 295
55 67 897
67 55 897
55 73 199
73 55 199
55 86 737
86 55 737
55 94 384
94 55 384
56 73 407
73 56 407
56 78 170
78 56 170
56 95 284
95 56 284
56 64 710
64 56 710
56 72 163
72 56 163
57 74 935
74 57 935
57 64 768
64 57 768
57 73 402
73 57 402
57 92 402
92 57 402
57 59 408
59 57 408
58 64 494
64 58 494
58 74 811
74 58 811
58 83 66
83 58 66
59 62 499
62 59 499
59 61 647
61 59 647
59 89 120
89 59 120
60 76 270
76 60 270
60 78 247
78 60 247
61 69 128
69 61 128
61 80 35
80 61 35
61 95 205
95 61 205
61 83 447
83 61 447
62 64 812
64 62 812
62 87 649
87 62 649
63 72 660
72 63 660
63 82 993
82 63 993
63 80 190
80 63 190
63 71 615
71 63 615
63 94 24
94 63 24
63 81 256
81 63 256
63 92 635
92 63 635
64 71 796
71 64 796
64 82 715
82 64 715
64 67 281
67 64 281
64 81 118
81 64 118
64 68 155
68 64 155
65 71 531
71 65 531
65 67 935
67 65 935
66 87 870
87 66 870
66 89 566
89 66 566
66 76 257
76 66 257
66 73 15
73 66 15
66 75 205
75 66 205
67 87 219
87 67 219
67 82 748
82 67 748
67 84 239
84 67 239
68 76 683
76 68 683
68 81 103
81 68 103
68 80 346
80 68 346
68 71 354
71 68 354
68 90 652
90 68 652
68 83 582
83 68 582
69 84 357
84 69 357
69 81 541
81 69 541
69 91 123
91 69 123
69 81 190
81 69 190
69 72 830
72 69 830
69 75 987
75 69 987
70 88 691
88 70 691
70 95 31
95 70 31
70 82 679
82 70 679
70 85 638
85 70 638
71 79 897
79 71 897
73 82 315
82 73 315
73 95 365
95 73 365
73 84 357
84 73 357
73 89 378
89 73 378
74 85 316
85 74 316
74 90 357
90 74 357
75 76 475
76 75 475
76 77 84
77 76 84
76 80 988
80 76 988
78 83 634
83 78 634
79 91 818
91 79 818
79 88 323
88 79 323
79 83 679
83 79 679
80 85 815
85 80 815
81 88 806
88 81 806
81 88 572
88 81 572
82 91 62
91 82 62
82 90 811
90 82 811
82 90 883
90 82 883
82 89 112
89 82 112
83 93 251
93 83 251
84 94 352
94 84 352
84 90 349
90 84 349
85 87 660
87 85 660
87 90 613
90 87 613
87 93 323
93 87 323
88 88 528
88 88 528
90 91 220
91 90 220
93 94 403
94 93 403
