91

0 1 662
1 0 662
0 3 223
3 0 223
0 9 646
9 0 646
0 13 695
13 0 695
0 18 736
18 0 736
0 21 728
21 0 728
0 25 329
25 0 329
0 5 295
5 0 295
0 39 722
39 0 722
0 50 316
50 0 316
0 82 461
82 0 461
0 73 721
73 0 721
0 66 147
66 0 147
0 38 2
38 0 2
0 16 644
16 0 644
0 25 642
25 0 642
0 57 268
57 0 268
0 82 120
82 0 120
0 20 796
20 0 796
0 58 571
58 0 571
0 71 658
71 0 658
0 1 663
1 0 663
0 56 731
56 0 731
0 42 59
42 0 59
0 3 552
3 0 552
0 86 840
86 0 840
0 45 300
45 0 300
1 2 864
2 1 864
1 5 486
5 1 486
1 10 188
10 1 188
1 12 600
12 1 600
1 44 501
44 1 501
1 47 826
47 1 826
1 87 290
87 1 290
1 78 869
78 1 869
1 75 489
75 1 489
1 69 630
69 1 630
1 79 601
79 1 601
1 70 198
70 1 198
1 38 298
38 1 298
1 49 474
49 1 474
1 43 210
43 1 210
1 47 849
47 1 849
1 83 994
83 1 994
1 31 71
31 1 71
1 16 930
16 1 930
1 28 719
28 1 719
1 3 412
3 1 412
1 60 986
60 1 986
2 19 993
19 2 993
2 43 435
43 2 435
2 83 774
83 2 774
2 88 461
88 2 461
2 48 471
48 2 471
2 52 18
52 2 18
2 42 188
42 2 188
2 51 948
51 2 948
2 75 934
75 2 934
2 19 221
19 2 221
2 82 443
82 2 443
2 42 561
42 2 561
2 12 465
12 2 465
2 80 123
80 2 123
2 90 34
90 2 34
2 18 344
18 2 344
2 43 193
43 2 193
2 43 931
43 2 931
2 25 101
25 2 101
2 31 801
31 2 801
2 6 614
6 2 614
2 11 987
11 2 987
2 71 806
71 2 806
3 4 487
4 3 487
3 8 672
8 3 672
3 11 561
11 3 561
3 16 13
16 3 13
3 27 492
27 3 492
3 38 908
38 3 908
3 16 589
16 3 589
3 82 928
82 3 928
3 72 191
72 3 191
3 13 623
13 3 623
3 58 733
58 3 733
3 58 710
58 3 710
3 11 929
11 3 929
3 46 904
46 3 904
3 56 268
56 3 268
3 81 56
81 3 56
3 5 304
5 3 304
3 87 5
87 3 5
3 44 169
44 3 169
3 27 608
27 3 608
3 8 777
8 3 777
3 51 917
51 3 917
3 46 622
46 3 622
3 36 751
36 3 751
3 18 464
18 3 464
4 15 654
15 4 654
4 24 750
24 4 750
4 69 686
69 4 686
4 17 467
17 4 467
4 6 820
6 4 820
4 55 92
55 4 92
4 42 42
42 4 42
4 46 462
46 4 462
4 71 988
71 4 988
4 75 631
75 4 631
4 43 558
43 4 558
4 6 122
6 4 122
4 68 308
68 4 308
4 25 61
25 4 61
4 18 188
18 4 188
4 20 159
20 4 159
4 53 141
53 4 141
4 36 419
36 4 419
5 6 509
6 5 509
5 30 334
30 5 334
5 82 562
82 5 562
5 41 303
41 5 303
5 69 137
69 5 137
5 74 705
74 5 705
5 28 963
28 5 963
5 59 809
59 5 809
5 75 194
75 5 194
5 50 129
50 5 129
5 67 136
67 5 136
5 41 119
41 5 119
5 11 419
11 5 419
5 24 788
24 5 788
5 76 743
76 5 743
5 73 307
73 5 307
5 27 312
27 5 312
5 14 141
14 5 141
5 83 944
83 5 944
5 54 688
54 5 688
6 7 732
7 6 732
6 17 138
17 6 138
6 42 536
42 6 536
6 66 803
66 6 803
6 81 160
81 6 160
6 18 354
18 6 354
6 87 646
87 6 646
6 46 277
46 6 277
6 52 690
52 6 690
6 30 978
30 6 978
6 37 384
37 6 384
6 71 978
71 6 978
6 77 398
77 6 398
6 47 625
47 6 625
6 34 180
34 6 180
6 55 90
55 6 90
6 24 332
24 6 332
6 7 138
7 6 138
6 90 777
90 6 777
7 35 265
35 7 265
7 37 867
37 7 867
7 48 208
48 7 208
7 39 241
39 7 241
7 44 313
44 7 313
7 48 637
48 7 637
7 46 927
46 7 927
7 31 290
31 7 290
7 72 752
72 7 752
7 41 819
41 7 819
7 59 14
59 7 14
7 87 374
87 7 374
7 12 530
12 7 530
7 71 108
71 7 108
7 21 42
21 7 42
7 71 816
71 7 816
7 35 3
35 7 3
7 15 646
15 7 646
7 78 620
78 7 620
8 36 331
36 8 331
8 16 685
16 8 685
8 61 870
61 8 870
8 15 237
15 8 237
8 68 211
68 8 211
8 11 390
11 8 390
8 27 547
27 8 547
8 69 427
69 8 427
8 60 34
60 8 34
8 38 479
38 8 479
8 56 983
56 8 983
8 75 728
75 8 728
8 86 634
86 8 634
8 89 231
89 8 231
8 21 928
21 8 928
9 85 921
85 9 921
9 73 629
73 9 629
9 60 829
60 9 829
9 54 929
54 9 929
9 21 124
21 9 124
9 23 464
23 9 464
9 11 467
11 9 467
9 11 854
11 9 854
9 26 265
26 9 265
9 50 61
50 9 61
9 62 656
62 9 656
9 79 165
79 9 165
9 58 48
58 9 48
9 21 76
21 9 76
9 40 923
40 9 923
9 16 644
16 9 644
10 26 460
26 10 460
10 54 589
54 10 589
10 79 953
79 10 953
10 35 412
35 10 412
10 50 613
50 10 613
10 76 592
76 10 592
10 22 927
22 10 927
10 84 871
84 10 871
10 45 192
45 10 192
10 19 540
19 10 540
10 66 651
66 10 651
10 81 294
81 10 294
10 65 304
65 10 304
10 67 407
67 10 407
10 65 674
65 10 674
10 21 292
21 10 292
10 32 420
32 10 420
10 60 638
60 10 638
10 20 337
20 10 337
11 64 150
64 11 150
11 31 854
31 11 854
11 45 608
45 11 608
11 62 657
62 11 657
11 28 287
28 11 287
11 60 159
60 11 159
11 41 351
41 11 351
11 46 841
46 11 841
11 83 793
83 11 793
11 37 907
37 11 907
11 14 371
14 11 371
11 41 544
41 11 544
11 17 921
17 11 921
12 14 294
14 12 294
12 20 109
20 12 109
12 29 738
29 12 738
12 72 290
72 12 290
12 20 860
20 12 860
12 61 461
61 12 461
12 80 294
80 12 294
12 31 504
31 12 504
12 60 167
60 12 167
12 44 190
44 12 190
12 20 426
20 12 426
12 78 439
78 12 439
12 23 199
23 12 199
12 41 157
41 12 157
12 90 348
90 12 348
12 37 131
37 12 131
12 69 428
69 12 428
13 34 211
34 13 211
13 39 378
39 13 378
13 61 583
61 13 583
13 21 969
21 13 969
13 47 705
47 13 705
13 47 895
47 13 895
13 64 549
64 13 549
13 79 712
79 13 712
13 78 290
78 13 290
13 63 722
63 13 722
13 63 567
63 13 567
13 88 24
88 13 24
13 51 519
51 13 519
13 32 41
32 13 41
13 90 336
90 13 336
13 31 664
31 13 664
13 38 179
38 13 179
13 87 28
87 13 28
13 65 259
65 13 259
13 51 395
51 13 395
14 52 104
52 14 104
14 59 384
59 14 384
14 82 317
82 14 317
14 76 147
76 14 147
14 34 680
34 14 680
14 56 676
56 14 676
14 68 515
68 14 515
14 64 868
64 14 868
14 76 737
76 14 737
14 42 832
42 14 832
14 58 126
58 14 126
14 35 405
35 14 405
14 18 406
18 14 406
14 82 670
82 14 670
14 22 548
22 14 548
14 81 702
81 14 702
15 23 442
23 15 442
15 51 17
51 15 17
15 61 584
61 15 584
15 67 224
67 15 224
15 26 59
26 15 59
15 63 183
63 15 183
15 24 811
24 15 811
15 64 883
64 15 883
15 89 869
89 15 869
15 29 584
29 15 584
15 82 994
82 15 994
15 50 102
50 15 102
15 44 928
44 15 928
15 25 273
25 15 273
15 72 914
72 15 914
15 87 575
87 15 575
15 65 110
65 15 110
15 66 497
66 15 497
15 82 713
82 15 713
16 71 591
71 16 591
16 62 169
62 16 169
16 40 335
40 16 335
16 66 523
66 16 523
16 35 140
35 16 140
16 77 649
77 16 649
16 21 911
21 16 911
16 86 137
86 16 137
16 75 831
75 16 831
16 61 677
61 16 677
17 40 185
40 17 185
17 57 23
57 17 23
17 27 476
27 17 476
17 74 689
74 17 689
17 30 67
30 17 67
17 67 930
67 17 930
17 30 874
30 17 874
17 75 376
75 17 376
17 59 598
59 17 598
17 59 835
59 17 835
17 80 154
80 17 154
17 28 82
28 17 82
18 29 464
29 18 464
18 62 432
62 18 432
18 37 859
37 18 859
18 60 749
60 18 749
18 70 873
70 18 873
18 22 698
22 18 698
18 23 244
23 18 244
18 27 358
27 18 358
18 49 225
49 18 225
18 54 174
54 18 174
19 22 95
22 19 95
19 28 214
28 19 214
19 22 193
22 19 193
19 20 908
20 19 908
19 54 624
54 19 624
19 60 209
60 19 209
19 39 464
39 19 464
19 50 633
50 19 633
19 47 195
47 19 195
19 53 215
53 19 215
19 25 532
25 19 532
20 50 409
50 20 409
20 25 243
25 20 243
20 46 101
46 20 101
20 26 592
26 20 592
20 90 136
90 20 136
20 37 38
37 20 38
20 43 627
43 20 627
20 69 404
69 20 404
20 62 417
62 20 417
20 20 505
20 20 505
20 26 616
26 20 616
20 48 524
48 20 524
20 83 117
83 20 117
20 42 335
42 20 335
21 60 570
60 21 570
21 47 310
47 21 310
21 26 541
26 21 541
21 83 960
83 21 960
21 46 630
46 21 630
21 24 404
24 21 404
21 61 466
61 21 466
21 45 151
45 21 151
21 31 839
31 21 839
22 33 980
33 22 980
22 87 371
87 22 371
22 76 743
76 22 743
22 26 302
26 22 302
22 81 176
81 22 176
22 41 695
41 22 695
22 43 368
43 22 368
22 82 455
82 22 455
22 27 238
27 22 238
22 33 219
33 22 219
22 34 884
34 22 884
22 56 852
56 22 852
22 46 7
46 22 7
23 68 491
68 23 491
23 35 344
35 23 344
23 59 116
59 23 116
23 75 773
75 23 773
23 68 482
68 23 482
23 82 893
82 23 893
23 73 39
73 23 39
23 79 624
79 23 624
23 80 575
80 23 575
23 32 200
32 23 200
23 88 816
88 23 816
23 83 814
83 23 814
23 82 439
82 23 439
23 69 275
69 23 275
23 69 548
69 23 548
23 52 602
52 23 602
24 53 101
53 24 101
24 32 200
32 24 200
24 52 181
52 24 181
24 60 106
60 24 106
24 84 636
84 24 636
24 29 662
29 24 662
25 62 236
62 25 236
25 45 987
45 25 987
25 85 682
85 25 682
25 90 836
90 25 836
25 50 920
50 25 920
25 63 863
63 25 863
25 45 836
45 25 836
25 52 473
52 25 473
25 78 684
78 25 684
25 61 88
61 25 88
25 58 60
58 25 60
25 37 33
37 25 33
25 80 244
80 25 244
25 29 891
29 25 891
25 65 236
65 25 236
25 34 892
34 25 892
25 66 296
66 25 296
25 50 563
50 25 563
25 82 324
82 25 324
25 80 827
80 25 827
25 27 388
27 25 388
26 76 415
76 26 415
26 63 514
63 26 514
26 55 30
55 26 30
26 42 488
42 26 488
26 65 357
65 26 357
26 83 734
83 26 734
26 80 549
80 26 549
26 44 232
44 26 232
26 90 73
90 26 73
26 43 198
43 26 198
26 64 297
64 26 297
26 73 678
73 26 678
26 58 847
58 26 847
26 84 456
84 26 456
27 49 221
49 27 221
27 78 641
78 27 641
27 36 246
36 27 246
27 32 253
32 27 253
27 58 758
58 27 758
27 64 169
64 27 169
27 60 783
60 27 783
27 31 790
31 27 790
27 51 20
51 27 20
27 83 936
83 27 936
27 66 955
66 27 955
27 81 923
81 27 923
27 51 141
51 27 141
28 31 403
31 28 403
28 32 564
32 28 564
28 78 297
78 28 297
28 84 982
84 28 982
28 78 383
78 28 383
28 87 421
87 28 421
28 46 339
46 28 339
28 86 930
86 28 930
28 44 847
44 28 847
28 55 732
55 28 732
28 58 981
58 28 981
28 90 938
90 28 938
29 46 916
46 29 916
29 88 310
88 29 310
29 53 637
53 29 637
29 59 157
59 29 157
29 43 705
43 29 705
29 51 422
51 29 422
29 77 110
77 29 110
29 54 217
54 29 217
29 68 328
68 29 328
29 34 826
34 29 826
29 58 916
58 29 916
29 47 586
47 29 586
29 39 705
39 29 705
29 48 517
48 29 517
30 49 379
49 30 379
30 36 174
36 30 174
30 66 651
66 30 651
30 43 598
43 30 598
30 52 450
52 30 450
30 51 187
51 30 187
30 44 254
44 30 254
30 54 269
54 30 269
30 48 404
48 30 404
30 76 245
76 30 245
30 53 831
53 30 831
30 31 598
31 30 598
30 33 304
33 30 304
30 88 954
88 30 954
30 77 662
77 30 662
31 65 994
65 31 994
31 75 891
75 31 891
31 81 653
81 31 653
31 57 934
57 31 934
31 45 252
45 31 252
31 57 564
57 31 564
31 49 436
49 31 436
31 32 316
32 31 316
31 38 329
38 31 329
31 31 454
31 31 454
31 68 572
68 31 572
32 64 946
64 32 946
32 78 751
78 32 751
32 58 859
58 32 859
32 43 404
43 32 404
32 80 787
80 32 787
32 71 618
71 32 618
32 73 936
73 32 936
32 66 257
66 32 257
32 44 35
44 32 35
32 76 932
76 32 932
32 69 823
69 32 823
33 88 665
88 33 665
33 66 352
66 33 352
33 51 749
51 33 749
33 73 803
73 33 803
33 43 429
43 33 429
33 90 647
90 33 647
33 57 601
57 33 601
33 70 206
70 33 206
34 85 672
85 34 672
34 89 379
89 34 379
34 77 347
77 34 347
34 35 322
35 34 322
34 81 502
81 34 502
34 72 889
72 34 889
34 47 692
47 34 692
34 40 127
40 34 127
34 77 855
77 34 855
34 63 746
63 34 746
35 41 92
41 35 92
35 48 803
48 35 803
35 77 232
77 35 232
35 87 670
87 35 670
35 89 552
89 35 552
36 57 620
57 36 620
36 70 517
70 36 517
36 73 297
73 36 297
36 73 84
73 36 84
36 50 584
50 36 584
36 38 542
38 36 542
36 65 705
65 36 705
36 46 837
46 36 837
36 68 296
68 36 296
36 66 749
66 36 749
37 56 543
56 37 543
37 60 192
60 37 192
37 43 215
43 37 215
37 82 674
82 37 674
37 50 244
50 37 244
37 79 63
79 37 63
37 65 393
65 37 393
37 55 776
55 37 776
37 46 525
46 37 525
37 56 408
56 37 408
37 66 439
66 37 439
38 47 481
47 38 481
38 66 973
66 38 973
38 70 131
70 38 131
38 71 529
71 38 529
38 63 342
63 38 342
38 88 769
88 38 769
38 55 276
55 38 276
38 64 979
64 38 979
38 83 961
83 38 961
38 90 225
90 38 225
39 82 683
82 39 683
39 48 371
48 39 371
39 52 339
52 39 339
39 44 569
44 39 569
39 78 956
78 39 956
39 78 154
78 39 154
39 63 543
63 39 543
40 72 289
72 40 289
40 51 774
51 40 774
40 74 508
74 40 508
40 41 8
41 40 8
40 76 36
76 40 36
40 59 661
59 40 661
40 56 478
56 40 478
41 45 943
45 41 943
41 80 898
80 41 898
41 67 575
67 41 575
41 45 456
45 41 456
41 78 736
78 41 736
41 77 112
77 41 112
41 78 493
78 41 493
41 79 531
79 41 531
41 79 553
79 41 553
41 51 806
51 41 806
41 51 50
51 41 50
41 72 470
72 41 470
42 58 235
58 42 235
42 63 441
63 42 441
42 68 990
68 42 990
42 43 591
43 42 591
42 77 877
77 42 877
42 70 624
70 42 624
42 87 803
87 42 803
42 75 767
75 42 767
42 83 437
83 42 437
42 86 348
86 42 348
42 84 38
84 42 38
42 89 660
89 42 660
42 45 452
45 42 452
42 70 537
70 42 537
42 71 953
71 42 953
42 47 467
47 42 467
42 45 148
45 42 148
42 71 787
71 42 787
42 88 81
88 42 81
43 45 799
45 43 799
43 73 477
73 43 477
43 67 235
67 43 235
43 55 709
55 43 709
43 66 359
66 43 359
43 63 642
63 43 642
43 58 442
58 43 442
43 49 76
49 43 76
43 73 285
73 43 285
43 56 717
56 43 717
44 86 17
86 44 17
44 89 534
89 44 534
44 51 105
51 44 105
44 73 252
73 44 252
44 47 571
47 44 571
44 68 9
68 44 9
44 80 239
80 44 239
44 67 543
67 44 543
44 76 694
76 44 694
45 55 328
55 45 328
45 77 776
77 45 776
45 64 736
64 45 736
45 71 126
71 45 126
45 67 573
67 45 573
45 75 244
75 45 244
45 80 728
80 45 728
45 79 281
79 45 281
45 48 671
48 45 671
45 54 682
54 45 682
45 47 440
47 45 440
45 64 468
64 45 468
45 57 839
57 45 839
46 62 465
62 46 465
46 82 480
82 46 480
46 64 559
64 46 559
46 76 40
76 46 40
46 80 739
80 46 739
46 78 483
78 46 483
46 89 133
89 46 133
46 57 8
57 46 8
46 59 87
59 46 87
46 53 641
53 46 641
46 56 53
56 46 53
46 65 202
65 46 202
46 47 945
47 46 945
46 86 158
86 46 158
47 59 891
59 47 891
47 81 605
81 47 605
47 48 543
48 47 543
47 53 578
53 47 578
48 89 209
89 48 209
48 80 583
80 48 583
48 81 768
81 48 768
48 78 315
78 48 315
48 86 433
86 48 433
48 67 42
67 48 42
48 73 257
73 48 257
49 86 171
86 49 171
49 75 794
75 49 794
49 72 114
72 49 114
49 59 64
59 49 64
49 78 984
78 49 984
49 50 952
50 49 952
49 73 458
73 49 458
49 58 104
58 49 104
50 56 377
56 50 377
50 57 562
57 50 562
50 59 502
59 50 502
50 76 395
76 50 395
50 76 258
76 50 258
50 83 856
83 50 856
51 86 433
86 51 433
51 87 949
87 51 949
51 88 876
88 51 876
51 80 620
80 51 620
51 86 194
86 51 194
51 80 804
80 51 804
51 69 56
69 51 56
51 74 675
74 51 675
52 56 469
56 52 469
52 84 78
84 52 78
52 63 138
63 52 138
53 89 808
89 53 808
53 85 701
85 53 701
53 83 121
83 53 121
53 85 309
85 53 309
53 87 627
87 53 627
53 87 364
87 53 364
54 78 411
78 54 411
54 72 190
72 54 190
54 85 605
85 54 605
54 74 295
74 54 295
54 77 833
77 54 833
54 71 166
71 54 166
54 58 538
58 54 538
54 71 43
71 54 43
54 63 71
63 54 71
54 68 513
68 54 513
55 86 990
86 55 990
55 60 820
60 55 820
55 80 424
80 55 424
55 71 730
71 55 730
56 73 492
73 56 492
56 86 235
86 56 235
56 59 440
59 56 440
57 76 84
76 57 84
57 60 856
60 57 856
57 59 749
59 57 749
57 63 783
63 57 783
57 79 589
79 57 589
57 67 986
67 57 986
57 74 691
74 57 691
57 58 991
58 57 991
57 90 286
90 57 286
57 66 160
66 57 160
57 77 83
77 57 83
57 72 237
72 57 237
58 74 164
74 58 164
58 73 737
73 58 737
58 67 744
67 58 744
58 82 713
82 58 713
58 65 853
65 58 853
58 86 966
86 58 966
58 62 869
62 58 869
58 86 841
86 58 841
58 59 350
59 58 350
58 87 633
87 58 633
59 71 334
71 59 334
59 65 624
65 59 624
59 80 734
80 59 734
59 71 575
71 59 575
59 81 947
81 59 947
60 67 741
67 60 741
60 79 400
79 60 400
60 67 63
67 60 63
61 78 481
78 61 481
61 84 942
84 61 942
61 71 397
71 61 397
61 83 925
83 61 925
61 80 126
80 61 126
61 77 62
77 61 62
61 87 625
87 61 625
61 72 624
72 61 624
62 72 66
72 62 66
62 70 115
70 62 115
62 68 232
68 62 232
62 64 354
64 62 354
62 68 527
68 62 527
62 64 843
64 62 843
62 89 739
89 62 739
62 88 202
88 62 202
63 90 838
90 63 838
63 84 710
84 63 710
63 83 8
83 63 8
63 90 757
90 63 757
63 79 77
79 63 77
64 85 516
85 64 516
64 75 445
75 64 445
64 68 286
68 64 286
64 89 112
89 64 112
64 70 687
70 64 687
65 80 94
80 65 94
65 87 798
87 65 798
65 88 32
88 65 32
66 71 260
71 66 260
66 75 607
75 66 607
66 79 963
79 66 963
66 89 910
89 66 910
67 88 539
88 67 539
67 73 587
73 67 587
67 75 866
75 67 866
67 77 148
77 67 148
67 71 185
71 67 185
68 69 440
69 68 440
68 85 261
85 68 261
68 79 932
79 68 932
69 88 33
88 69 33
69 76 563
76 69 563
69 82 985
82 69 985
69 69 304
69 69 304
69 74 910
74 69 910
69 84 68
84 69 68
70 88 722
88 70 722
70 86 923
86 70 923
70 82 790
82 70 790
70 80 483
80 70 483
71 79 982
79 71 982
71 88 350
88 71 350
71 78 411
78 71 411
72 76 615
76 72 615
72 87 627
87 72 627
72 87 829
87 72 829
73 87 262
87 73 262
73 80 652
80 73 652
73 80 597
80 73 597
73 77 965
77 73 965
74 84 940
84 74 940
74 89 121
89 74 121
74 87 382
87 74 382
76 77 777
77 76 777
76 80 464
80 76 464
76 85 3
85 76 3
76 78 359
78 76 359
76 77 300
77 76 300
76 77 85
77 76 85
76 86 320
86 76 320
76 84 271
84 76 271
77 80 45
80 77 45
77 84 346
84 77 346
77 89 574
89 77 574
77 86 863
86 77 863
77 79 414
79 77 414
78 86 841
86 78 841
78 87 714
87 78 714
78 79 311
79 78 311
78 78 477
78 78 477
78 79 502
79 78 502
79 87 384
87 79 384
79 86 856
86 79 856
80 86 886
86 80 886
80 82 508
82 80 508
80 84 850
84 80 850
80 88 209
88 80 209
80 87 882
87 80 882
82 84 971
84 82 971
82 86 336
86 82 336
84 86 169
86 84 169
84 87 142
87 84 142
84 88 135
88 84 135
85 90 116
90 85 116
87 90 353
90 87 353
89 89 767
89 89 767
90 90 129
90 90 129
