87

0 1 762
1 0 762
0 2 436
2 0 436
0 45 851
45 0 851
0 58 972
58 0 972
1 3 837
3 1 837
1 6 106
6 1 106
1 30 802
30 1 802
1 6 875
6 1 875
1 76 935
76 1 935
1 61 932
61 1 932
1 71 45
71 1 45
1 59 511
59 1 511
1 31 9
31 1 9
2 5 810
5 2 810
2 21 554
21 2 554
2 37 945
37 2 945
2 73 555
73 2 555
2 43 576
43 2 576
2 76 631
76 2 631
2 31 920
31 2 920
2 75 754
75 2 754
2 34 469
34 2 469
2 15 241
15 2 241
2 45 1000
45 2 1000
3 4 42
4 3 42
3 11 198
11 3 198
3 52 137
52 3 137
3 51 353
51 3 353
3 73 497
73 3 497
3 23 14
23 3 14
3 82 501
82 3 501
3 30 331
30 3 331
3 37 91
37 3 91
3 38 649
38 3 649
4 7 63
7 4 63
4 57 537
57 4 537
4 63 904
63 4 904
4 30 751
30 4 751
4 72 337
72 4 337
4 24 102
24 4 102
4 68 765
68 4 765
4 65 876
65 4 876
4 54 50
54 4 50
5 10 952
10 5 952
5 16 338
16 5 338
5 32 287
32 5 287
5 60 955
60 5 955
5 16 599
16 5 599
5 61 471
61 5 471
5 29 605
29 5 605
5 80 733
80 5 733
5 69 922
69 5 922
5 25 596
25 5 596
5 27 239
27 5 239
5 71 931
71 5 931
5 44 291
44 5 291
5 37 756
37 5 756
5 68 511
68 5 511
5 75 919
75 5 919
5 14 396
14 5 396
6 26 951
26 6 951
6 73 531
73 6 531
6 22 50
22 6 50
6 64 109
64 6 109
6 24 77
24 6 77
6 24 140
24 6 140
6 76 947
76 6 947
7 8 158
8 7 158
7 9 96
9 7 96
7 13 618
13 7 618
7 42 541
42 7 541
7 55 666
55 7 666
7 58 570
58 7 570
7 20 882
20 7 882
7 67 485
67 7 485
7 84 357
84 7 357
7 32 58
32 7 58
7 24 222
24 7 222
7 79 486
79 7 486
7 51 137
51 7 137
7 21 300
21 7 300
7 18 909
18 7 909
8 17 796
17 8 796
8 24 178
24 8 178
8 70 411
70 8 411
8 34 522
34 8 522
8 58 642
58 8 642
8 27 716
27 8 716
8 86 538
86 8 538
8 73 833
73 8 833
9 71 593
71 9 593
9 29 32
29 9 32
9 67 991
67 9 991
9 23 509
23 9 509
10 12 738
12 10 738
10 20 391
20 10 391
10 29 945
29 10 945
10 62 978
62 10 978
10 11 390
11 10 390
10 79 443
79 10 443
10 36 258
36 10 258
10 60 855
60 10 855
10 47 243
47 10 243
10 23 136
23 10 136
10 61 293
61 10 293
10 61 217
61 10 217
10 26 541
26 10 541
11 14 971
14 11 971
11 33 624
33 11 624
11 43 966
43 11 966
11 57 953
57 11 953
11 68 660
68 11 660
11 32 393
32 11 393
11 37 968
37 11 968
11 77 798
77 11 798
11 79 81
79 11 81
12 27 712
27 12 712
12 28 796
28 12 796
12 66 61
66 12 61
12 72 998
72 12 998
12 74 8
74 12 8
12 55 830
55 12 830
12 35 63
35 12 63
12 13 380
13 12 380
12 50 356
50 12 356
12 57 533
57 12 533
12 59 239
59 12 239
13 15 895
15 13 895
13 18 2
18 13 2
13 68 136
68 13 136
13 50 691
50 13 691
13 79 395
79 13 395
13 31 14
31 13 14
13 54 419
54 13 419
14 59 216
59 14 216
14 55 629
55 14 629
14 48 661
48 14 661
14 79 855
79 14 855
14 62 820
62 14 820
14 50 744
50 14 744
14 28 498
28 14 498
14 18 428
18 14 428
15 36 4
36 15 4
15 18 239
18 15 239
15 57 657
57 15 657
15 58 777
58 15 777
15 76 807
76 15 807
15 44 916
44 15 916
15 27 749
27 15 749
15 78 622
78 15 622
16 19 794
19 16 794
16 45 323
45 16 323
16 55 213
55 16 213
16 41 678
41 16 678
16 51 215
51 16 215
16 33 978
33 16 978
16 65 166
65 16 166
16 58 273
58 16 273
16 16 192
16 16 192
16 64 304
64 16 304
16 58 514
58 16 514
16 27 272
27 16 272
16 28 232
28 16 232
17 35 339
35 17 339
17 75 575
75 17 575
17 71 430
71 17 430
17 47 951
47 17 951
17 72 723
72 17 723
17 37 114
37 17 114
17 43 426
43 17 426
17 79 620
79 17 620
18 25 60
25 18 60
18 31 326
31 18 326
18 28 195
28 18 195
18 68 620
68 18 620
18 73 406
73 18 406
18 25 485
25 18 485
19 22 496
22 19 496
19 36 719
36 19 719
19 69 110
69 19 110
19 68 568
68 19 568
19 86 502
86 19 502
19 68 597
68 19 597
19 82 587
82 19 587
19 55 287
55 19 287
19 21 272
21 19 272
20 39 1000
39 20 1000
20 71 360
71 20 360
20 56 799
56 20 799
20 25 527
25 20 527
20 48 818
48 20 818
20 27 717
27 20 717
20 45 776
45 20 776
20 20 342
20 20 342
21 23 16
23 21 16
21 51 773
51 21 773
21 86 157
86 21 157
21 80 647
80 21 647
21 39 188
39 21 188
21 74 904
74 21 904
21 34 623
34 21 623
22 40 867
40 22 867
22 33 711
33 22 711
22 34 751
34 22 751
22 31 255
31 22 255
22 28 127
28 22 127
22 56 699
56 22 699
23 53 966
53 23 966
23 85 547
85 23 547
23 85 156
85 23 156
23 77 781
77 23 781
23 54 647
54 23 647
23 34 306
34 23 306
24 76 319
76 24 319
24 52 814
52 24 814
24 54 633
54 24 633
24 55 477
55 24 477
24 51 492
51 24 492
24 39 104
39 24 104
25 60 162
60 25 162
25 76 562
76 25 562
25 76 469
76 25 469
25 65 651
65 25 651
25 48 350
48 25 350
25 32 323
32 25 323
26 42 288
42 26 288
26 35 511
35 26 511
26 30 824
30 26 824
26 33 553
33 26 553
26 40 150
40 26 150
26 31 679
31 26 679
26 30 464
30 26 464
27 30 178
30 27 178
27 81 544
81 27 544
27 77 493
77 27 493
27 64 14
64 27 14
28 34 978
34 28 978
28 86 363
86 28 363
28 47 43
47 28 43
28 38 837
38 28 837
28 79 736
79 28 736
29 40 879
40 29 879
29 35 980
35 29 980
29 56 682
56 29 682
29 85 322
85 29 322
29 37 492
37 29 492
29 78 420
78 29 420
29 71 699
71 29 699
29 35 43
35 29 43
29 56 517
56 29 517
30 49 157
49 30 157
30 59 592
59 30 592
30 64 843
64 30 843
31 82 565
82 31 565
31 77 826
77 31 826
31 32 553
32 31 553
32 44 919
44 32 919
32 57 464
57 32 464
32 35 68
35 32 68
32 66 875
66 32 875
33 64 144
64 33 144
33 41 731
41 33 731
33 61 467
61 33 467
34 38 597
38 34 597
34 83 258
83 34 258
34 60 817
60 34 817
34 41 657
41 34 657
34 48 865
48 34 865
34 42 829
42 34 829
35 41 743
41 35 743
35 68 947
68 35 947
35 70 20
70 35 20
35 73 185
73 35 185
36 68 648
68 36 648
36 60 48
60 36 48
36 81 922
81 36 922
37 64 710
64 37 710
37 65 381
65 37 381
37 62 577
62 37 577
37 76 456
76 37 456
38 46 429
46 38 429
38 69 833
69 38 833
38 48 913
48 38 913
38 74 520
74 38 520
39 48 258
48 39 258
39 82 866
82 39 866
39 50 180
50 39 180
39 79 155
79 39 155
39 60 149
60 39 149
39 66 793
66 39 793
39 73 534
73 39 534
40 47 766
47 40 766
40 85 338
85 40 338
40 64 15
64 40 15
40 77 755
77 40 755
40 58 17
58 40 17
40 53 507
53 40 507
40 80 880
80 40 880
40 63 612
63 40 612
41 54 348
54 41 348
41 56 884
56 41 884
41 67 577
67 41 577
41 86 424
86 41 424
41 45 979
45 41 979
41 80 942
80 41 942
41 71 302
71 41 302
42 45 611
45 42 611
42 58 346
58 42 346
42 76 166
76 42 166
42 86 504
86 42 504
42 62 997
62 42 997
43 49 719
49 43 719
43 54 10
54 43 10
43 65 39
65 43 39
43 65 449
65 43 449
43 79 44
79 43 44
44 79 15
79 44 15
44 81 723
81 44 723
44 51 164
51 44 164
44 65 998
65 44 998
45 61 992
61 45 992
45 84 230
84 45 230
45 68 227
68 45 227
45 48 244
48 45 244
46 63 607
63 46 607
46 66 243
66 46 243
46 48 863
48 46 863
46 61 516
61 46 516
46 78 722
78 46 722
46 47 478
47 46 478
46 74 445
74 46 445
47 50 954
50 47 954
47 83 164
83 47 164
47 50 537
50 47 537
47 83 30
83 47 30
47 56 690
56 47 690
48 57 212
57 48 212
48 62 651
62 48 651
48 71 424
71 48 424
48 59 395
59 48 395
49 50 176
50 49 176
49 71 971
71 49 971
49 57 492
57 49 492
49 52 827
52 49 827
50 83 333
83 50 333
50 75 804
75 50 804
50 67 48
67 50 48
50 58 779
58 50 779
50 76 495
76 50 495
50 76 458
76 50 458
51 77 854
77 51 854
51 53 335
53 51 335
52 68 317
68 52 317
52 70 693
70 52 693
52 78 498
78 52 498
52 86 358
86 52 358
52 81 307
81 52 307
52 70 217
70 52 217
53 85 602
85 53 602
53 78 875
78 53 875
53 74 127
74 53 127
54 85 474
85 54 474
54 84 192
84 54 192
54 86 564
86 54 564
55 71 679
71 55 679
55 82 615
82 55 615
55 70 994
70 55 994
55 68 929
68 55 929
55 70 550
70 55 550
55 83 767
83 55 767
55 78 342
78 55 342
56 56 56
56 56 56
56 82 712
82 56 712
56 85 990
85 56 990
56 84 19
84 56 19
56 79 751
79 56 751
57 61 20
61 57 20
57 63 403
63 57 403
57 62 44
62 57 44
58 68 252
68 58 252
59 77 359
77 59 359
59 80 336
80 59 336
59 74 147
74 59 147
59 71 795
71 59 795
60 71 103
71 60 103
60 83 565
83 60 565
60 82 557
82 60 557
61 72 911
72 61 911
61 73 185
73 61 185
61 71 144
71 61 144
61 63 280
63 61 280
61 68 2
68 61 2
62 81 850
81 62 850
62 71 36
71 62 36
62 72 204
72 62 204
62 66 489
66 62 489
63 68 238
68 63 238
63 71 783
71 63 783
63 81 226
81 63 226
64 83 142
83 64 142
65 84 45
84 65 45
66 82 15
82 66 15
67 82 974
82 67 974
67 82 490
82 67 490
67 70 616
70 67 616
67 86 902
86 67 902
67 83 195
83 67 195
68 82 74
82 68 74
68 84 9
84 68 9
68 76 465
76 68 465
69 73 269
73 69 269
69 73 393
73 69 393
71 84 109
84 71 109
74 85 442
85 74 442
75 84 711
84 75 711
75 81 395
81 75 395
77 78 336
78 77 336
77 84 218
84 77 218
78 81 800
81 78 800
79 84 744
84 79 744
84 85 49
85 84 49
