34

0 1 692
1 0 692
0 2 319
2 0 319
0 7 741
7 0 741
0 12 808
12 0 808
0 3 832
3 0 832
0 28 936
28 0 936
0 30 819
30 0 819
0 2 673
2 0 673
0 12 77
12 0 77
1 3 392
3 1 392
1 16 168
16 1 168
1 25 222
25 1 222
1 20 518
20 1 518
1 5 954
5 1 954
1 10 215
10 1 215
1 7 986
7 1 986
1 30 593
30 1 593
1 32 828
32 1 828
1 33 943
33 1 943
1 27 127
27 1 127
1 30 386
30 1 386
1 29 213
29 1 213
1 14 117
14 1 117
1 7 395
7 1 395
1 28 333
28 1 333
2 4 769
4 2 769
2 8 38
8 2 38
2 23 503
23 2 503
2 32 460
32 2 460
2 13 701
13 2 701
2 19 421
19 2 421
2 9 713
9 2 713
2 25 482
25 2 482
2 11 860
11 2 860
2 10 453
10 2 453
3 4 901
4 3 901
3 23 421
23 3 421
3 6 519
6 3 519
3 14 653
14 3 653
4 5 33
5 4 33
4 6 917
6 4 917
4 14 560
14 4 560
4 18 506
18 4 506
4 9 758
9 4 758
4 27 860
27 4 860
5 24 125
24 5 125
5 5 30
5 5 30
5 26 745
26 5 745
5 7 530
7 5 530
5 24 339
24 5 339
5 14 670
14 5 670
5 23 553
23 5 553
6 9 404
9 6 404
6 10 804
10 6 804
6 13 116
13 6 116
6 17 626
17 6 626
6 17 774
17 6 774
6 10 125
10 6 125
6 25 562
25 6 562
6 31 461
31 6 461
6 15 21
15 6 21
7 29 211
29 7 211
7 19 178
19 7 178
8 11 8
11 8 8
8 20 218
20 8 218
8 17 528
17 8 528
8 30 371
30 8 371
8 32 604
32 8 604
8 16 401
16 8 401
9 22 170
22 9 170
9 32 339
32 9 339
9 23 201
23 9 201
10 33 151
33 10 151
11 14 783
14 11 783
11 25 821
25 11 821
11 21 996
21 11 996
12 19 360
19 12 360
12 13 112
13 12 112
13 15 96
15 13 96
13 18 266
18 13 266
13 21 200
21 13 200
13 26 931
26 13 931
13 28 164
28 13 164
13 32 493
32 13 493
13 33 712
33 13 712
13 26 990
26 13 990
13 33 273
33 13 273
13 23 94
23 13 94
14 30 687
30 14 687
14 16 616
16 14 616
14 33 229
33 14 229
15 23 129
23 15 129
15 21 525
21 15 525
15 20 224
20 15 224
15 24 142
24 15 142
15 33 913
33 15 913
16 31 927
31 16 927
17 21 153
21 17 153
17 26 167
26 17 167
17 22 402
22 17 402
17 26 513
26 17 513
18 18 836
18 18 836
19 27 247
27 19 247
19 31 106
31 19 106
19 29 436
29 19 436
19 23 3
23 19 3
20 24 488
24 20 488
21 30 578
30 21 578
22 26 236
26 22 236
22 23 594
23 22 594
22 30 54
30 22 54
23 31 926
31 23 926
23 28 412
28 23 412
24 30 985
30 24 985
25 28 822
28 25 822
25 30 108
30 25 108
25 28 727
28 25 727
26 29 518
29 26 518
27 30 593
30 27 593
27 33 455
33 27 455
28 29 405
29 28 405
