75

0 1 503
1 0 503
0 2 388
2 0 388
0 3 88
3 0 88
0 12 398
12 0 398
0 23 319
23 0 319
0 61 40
61 0 40
0 26 714
26 0 714
0 9 866
9 0 866
0 52 512
52 0 512
0 27 812
27 0 812
0 41 806
41 0 806
0 74 529
74 0 529
0 45 306
45 0 306
0 52 4
52 0 4
0 27 153
27 0 153
0 28 806
28 0 806
0 54 737
54 0 737
0 39 922
39 0 922
0 15 115
15 0 115
0 36 228
36 0 228
0 46 828
46 0 828
0 55 386
55 0 386
0 53 720
53 0 720
0 59 821
59 0 821
0 18 414
18 0 414
0 14 285
14 0 285
1 19 128
19 1 128
1 43 829
43 1 829
1 53 720
53 1 720
1 23 710
23 1 710
1 14 592
14 1 592
1 17 587
17 1 587
1 27 394
27 1 394
1 11 908
11 1 908
1 49 800
49 1 800
1 20 847
20 1 847
1 15 639
15 1 639
1 11 142
11 1 142
1 38 707
38 1 707
1 39 72
39 1 72
1 19 508
19 1 508
1 47 783
47 1 783
1 28 710
28 1 710
2 6 263
6 2 263
2 21 819
21 2 819
2 32 560
32 2 560
2 19 871
19 2 871
2 40 876
40 2 876
2 70 281
70 2 281
2 56 441
56 2 441
2 65 351
65 2 351
3 4 480
4 3 480
3 5 779
5 3 779
3 15 312
15 3 312
3 24 487
24 3 487
3 34 862
34 3 862
3 67 989
67 3 989
3 30 94
30 3 94
3 5 152
5 3 152
3 54 71
54 3 71
3 18 934
18 3 934
3 38 251
38 3 251
3 20 546
20 3 546
3 42 307
42 3 307
3 34 175
34 3 175
3 25 749
25 3 749
3 30 494
30 3 494
3 53 581
53 3 581
3 67 224
67 3 224
3 35 597
35 3 597
3 43 936
43 3 936
3 39 564
39 3 564
4 11 743
11 4 743
4 18 852
18 4 852
4 41 499
41 4 499
4 54 608
54 4 608
4 20 424
20 4 424
4 73 852
73 4 852
4 14 351
14 4 351
4 48 769
48 4 769
4 15 713
15 4 713
4 73 78
73 4 78
4 59 234
59 4 234
4 66 156
66 4 156
5 9 259
9 5 259
5 13 775
13 5 775
5 39 161
39 5 161
5 40 889
40 5 889
5 54 626
54 5 626
5 41 926
41 5 926
5 13 164
13 5 164
5 22 866
22 5 866
5 63 29
63 5 29
5 64 643
64 5 643
5 51 58
51 5 58
5 24 449
24 5 449
5 63 732
63 5 732
5 35 440
35 5 440
5 43 20
43 5 20
5 15 244
15 5 244
5 37 150
37 5 150
5 10 492
10 5 492
5 70 908
70 5 908
5 53 579
53 5 579
5 26 449
26 5 449
5 13 465
13 5 465
5 15 743
15 5 743
5 18 225
18 5 225
6 7 63
7 6 63
6 8 341
8 6 341
6 10 819
10 6 819
6 23 726
23 6 726
6 38 153
38 6 153
6 61 632
61 6 632
6 29 274
29 6 274
6 57 720
57 6 720
6 16 501
16 6 501
6 14 561
14 6 561
6 41 955
41 6 955
6 56 722
56 6 722
6 43 92
43 6 92
6 70 537
70 6 537
6 55 19
55 6 19
6 60 804
60 6 804
6 54 349
54 6 349
7 57 816
57 7 816
7 15 892
15 7 892
7 68 138
68 7 138
7 25 491
25 7 491
7 31 205
31 7 205
7 37 604
37 7 604
7 29 607
29 7 607
7 36 251
36 7 251
8 39 93
39 8 93
8 34 146
34 8 146
8 63 565
63 8 565
8 11 549
11 8 549
8 17 407
17 8 407
8 68 460
68 8 460
8 69 332
69 8 332
8 41 39
41 8 39
8 23 733
23 8 733
8 39 295
39 8 295
8 11 145
11 8 145
8 25 215
25 8 215
8 52 43
52 8 43
9 14 916
14 9 916
9 37 281
37 9 281
9 33 761
33 9 761
9 49 997
49 9 997
9 57 30
57 9 30
9 64 535
64 9 535
9 16 773
16 9 773
9 65 610
65 9 610
9 45 642
45 9 642
9 20 264
20 9 264
9 28 463
28 9 463
9 71 948
71 9 948
9 42 742
42 9 742
9 58 450
58 9 450
9 20 742
20 9 742
9 51 465
51 9 465
9 45 710
45 9 710
9 66 719
66 9 719
10 17 344
17 10 344
10 46 831
46 10 831
10 64 182
64 10 182
10 72 867
72 10 867
10 40 248
40 10 248
10 36 440
36 10 440
10 45 704
45 10 704
10 70 516
70 10 516
10 68 577
68 10 577
10 49 570
49 10 570
10 65 837
65 10 837
10 29 592
29 10 592
10 54 209
54 10 209
10 29 984
29 10 984
11 16 1000
16 11 1000
11 62 769
62 11 769
11 50 614
50 11 614
11 39 771
39 11 771
11 64 810
64 11 810
11 37 269
37 11 269
11 28 529
28 11 529
11 54 393
54 11 393
11 14 443
14 11 443
11 30 80
30 11 80
11 40 903
40 11 903
11 27 236
27 11 236
12 57 4
57 12 4
12 41 834
41 12 834
12 70 270
70 12 270
12 19 369
19 12 369
12 30 643
30 12 643
12 17 378
17 12 378
12 37 625
37 12 625
12 58 636
58 12 636
13 36 871
36 13 871
13 47 506
47 13 506
13 37 372
37 13 372
13 66 634
66 13 634
13 51 995
51 13 995
13 42 385
42 13 385
13 22 357
22 13 357
14 20 618
20 14 618
14 49 653
49 14 653
14 74 834
74 14 834
14 32 705
32 14 705
14 31 572
31 14 572
14 30 260
30 14 260
14 33 897
33 14 897
14 57 288
57 14 288
14 60 659
60 14 659
14 29 335
29 14 335
14 74 959
74 14 959
14 24 471
24 14 471
14 16 880
16 14 880
14 18 325
18 14 325
14 44 272
44 14 272
14 59 922
59 14 922
14 39 34
39 14 34
14 45 231
45 14 231
15 38 92
38 15 92
15 51 16
51 15 16
15 44 27
44 15 27
15 63 674
63 15 674
15 24 633
24 15 633
15 32 357
32 15 357
15 39 782
39 15 782
15 62 37
62 15 37
15 64 452
64 15 452
15 57 80
57 15 80
15 40 196
40 15 196
15 63 169
63 15 169
15 69 521
69 15 521
15 44 140
44 15 140
15 63 812
63 15 812
16 62 733
62 16 733
16 69 107
69 16 107
16 71 175
71 16 175
16 46 894
46 16 894
16 25 772
25 16 772
16 67 839
67 16 839
16 44 245
44 16 245
16 53 458
53 16 458
16 18 125
18 16 125
16 53 797
53 16 797
16 27 815
27 16 815
16 48 522
48 16 522
16 58 664
58 16 664
16 39 450
39 16 450
16 36 629
36 16 629
17 22 833
22 17 833
17 50 556
50 17 556
17 68 146
68 17 146
17 40 928
40 17 928
17 60 456
60 17 456
17 29 991
29 17 991
17 25 489
25 17 489
17 74 311
74 17 311
17 25 627
25 17 627
17 49 718
49 17 718
17 70 908
70 17 908
17 47 232
47 17 232
17 35 187
35 17 187
17 40 563
40 17 563
17 49 998
49 17 998
17 50 337
50 17 337
17 29 370
29 17 370
17 23 23
23 17 23
17 53 16
53 17 16
18 26 3
26 18 3
18 74 213
74 18 213
18 39 13
39 18 13
18 56 796
56 18 796
18 20 87
20 18 87
18 64 600
64 18 600
18 44 419
44 18 419
18 41 649
41 18 649
18 21 728
21 18 728
18 45 556
45 18 556
18 43 801
43 18 801
18 70 257
70 18 257
18 19 901
19 18 901
18 34 413
34 18 413
19 33 107
33 19 107
19 44 823
44 19 823
19 74 291
74 19 291
19 65 667
65 19 667
19 74 177
74 19 177
19 23 94
23 19 94
19 47 519
47 19 519
19 59 331
59 19 331
19 62 845
62 19 845
20 30 245
30 20 245
20 41 114
41 20 114
20 69 492
69 20 492
20 69 291
69 20 291
20 63 777
63 20 777
20 25 392
25 20 392
20 42 303
42 20 303
20 21 357
21 20 357
20 34 344
34 20 344
20 35 874
35 20 874
20 39 450
39 20 450
20 22 988
22 20 988
20 66 229
66 20 229
20 33 599
33 20 599
20 73 899
73 20 899
20 34 136
34 20 136
21 61 971
61 21 971
21 44 104
44 21 104
21 73 491
73 21 491
21 64 199
64 21 199
21 45 927
45 21 927
21 24 750
24 21 750
21 28 831
28 21 831
21 60 547
60 21 547
21 72 531
72 21 531
21 43 854
43 21 854
22 25 997
25 22 997
22 45 865
45 22 865
22 61 330
61 22 330
22 40 458
40 22 458
22 55 151
55 22 151
22 43 655
43 22 655
22 36 55
36 22 55
22 56 996
56 22 996
23 27 212
27 23 212
23 67 541
67 23 541
23 69 798
69 23 798
23 39 79
39 23 79
23 31 9
31 23 9
23 68 700
68 23 700
23 43 965
43 23 965
23 57 411
57 23 411
23 24 744
24 23 744
23 66 654
66 23 654
23 47 273
47 23 273
23 35 295
35 23 295
23 30 325
30 23 325
23 26 985
26 23 985
23 68 361
68 23 361
24 54 650
54 24 650
24 30 941
30 24 941
24 54 22
54 24 22
24 29 1000
29 24 1000
24 26 6
26 24 6
24 38 917
38 24 917
24 57 567
57 24 567
24 31 449
31 24 449
25 26 723
26 25 723
25 66 216
66 25 216
25 56 356
56 25 356
25 61 646
61 25 646
25 51 157
51 25 157
25 43 647
43 25 647
25 47 911
47 25 911
25 42 866
42 25 866
25 53 253
53 25 253
25 45 567
45 25 567
25 42 567
42 25 567
25 60 983
60 25 983
25 40 718
40 25 718
25 42 666
42 25 666
25 47 154
47 25 154
26 28 945
28 26 945
26 59 296
59 26 296
26 43 780
43 26 780
26 57 716
57 26 716
26 41 316
41 26 316
26 60 830
60 26 830
26 70 308
70 26 308
26 34 82
34 26 82
26 53 476
53 26 476
26 54 490
54 26 490
26 56 310
56 26 310
27 31 918
31 27 918
27 35 418
35 27 418
27 31 469
31 27 469
27 46 466
46 27 466
27 45 348
45 27 348
27 59 591
59 27 591
27 43 260
43 27 260
27 53 957
53 27 957
27 36 413
36 27 413
27 62 690
62 27 690
27 71 254
71 27 254
28 29 544
29 28 544
28 37 667
37 28 667
28 36 668
36 28 668
28 43 284
43 28 284
28 46 482
46 28 482
28 28 999
28 28 999
28 35 45
35 28 45
28 43 165
43 28 165
28 68 252
68 28 252
28 32 379
32 28 379
28 58 640
58 28 640
28 57 337
57 28 337
28 60 353
60 28 353
28 56 554
56 28 554
28 50 459
50 28 459
29 64 60
64 29 60
29 68 329
68 29 329
29 49 225
49 29 225
29 34 17
34 29 17
29 62 565
62 29 565
29 45 978
45 29 978
29 61 507
61 29 507
29 64 920
64 29 920
30 63 132
63 30 132
30 59 672
59 30 672
30 43 214
43 30 214
30 74 396
74 30 396
30 43 861
43 30 861
30 48 407
48 30 407
30 68 221
68 30 221
30 59 6
59 30 6
31 59 808
59 31 808
31 64 259
64 31 259
31 69 614
69 31 614
31 72 445
72 31 445
31 57 870
57 31 870
31 65 652
65 31 652
31 74 445
74 31 445
32 47 8
47 32 8
32 49 73
49 32 73
32 60 312
60 32 312
32 73 994
73 32 994
32 50 198
50 32 198
32 42 494
42 32 494
32 36 301
36 32 301
32 37 740
37 32 740
32 36 675
36 32 675
33 60 263
60 33 263
33 74 586
74 33 586
33 63 802
63 33 802
33 41 980
41 33 980
33 68 110
68 33 110
33 33 911
33 33 911
33 38 367
38 33 367
33 37 797
37 33 797
33 37 745
37 33 745
33 52 910
52 33 910
34 41 622
41 34 622
34 70 510
70 34 510
34 68 769
68 34 769
34 74 464
74 34 464
34 59 550
59 34 550
34 35 962
35 34 962
34 62 130
62 34 130
35 38 540
38 35 540
35 56 488
56 35 488
35 51 928
51 35 928
35 40 671
40 35 671
35 65 92
65 35 92
35 51 196
51 35 196
35 37 903
37 35 903
36 48 11
48 36 11
36 59 551
59 36 551
36 50 51
50 36 51
36 41 560
41 36 560
36 57 554
57 36 554
36 65 680
65 36 680
37 42 235
42 37 235
37 42 416
42 37 416
37 47 122
47 37 122
37 71 988
71 37 988
37 54 190
54 37 190
37 40 439
40 37 439
37 59 474
59 37 474
37 73 658
73 37 658
37 72 480
72 37 480
37 61 516
61 37 516
37 55 647
55 37 647
37 64 699
64 37 699
38 44 328
44 38 328
38 49 213
49 38 213
38 60 100
60 38 100
38 43 774
43 38 774
38 51 388
51 38 388
38 56 581
56 38 581
38 57 419
57 38 419
38 65 220
65 38 220
38 55 757
55 38 757
38 53 627
53 38 627
38 43 33
43 38 33
38 50 466
50 38 466
39 52 570
52 39 570
39 63 248
63 39 248
39 71 54
71 39 54
39 60 768
60 39 768
39 63 310
63 39 310
39 65 88
65 39 88
39 72 812
72 39 812
39 55 164
55 39 164
39 63 36
63 39 36
40 66 42
66 40 42
40 58 21
58 40 21
40 60 464
60 40 464
40 58 340
58 40 340
40 49 856
49 40 856
40 65 326
65 40 326
40 67 377
67 40 377
40 53 840
53 40 840
40 49 363
49 40 363
41 44 714
44 41 714
41 50 152
50 41 152
41 65 596
65 41 596
41 58 405
58 41 405
42 55 71
55 42 71
43 53 181
53 43 181
43 61 357
61 43 357
43 59 926
59 43 926
43 64 428
64 43 428
43 59 910
59 43 910
43 66 825
66 43 825
43 70 58
70 43 58
43 52 868
52 43 868
43 59 130
59 43 130
43 70 807
70 43 807
43 48 618
48 43 618
44 74 984
74 44 984
44 73 746
73 44 746
44 60 804
60 44 804
45 59 215
59 45 215
45 73 480
73 45 480
45 46 349
46 45 349
45 70 248
70 45 248
45 70 700
70 45 700
45 72 89
72 45 89
46 51 528
51 46 528
46 57 274
57 46 274
46 63 522
63 46 522
46 52 215
52 46 215
46 56 284
56 46 284
46 72 436
72 46 436
47 51 823
51 47 823
47 72 22
72 47 22
47 47 829
47 47 829
47 48 950
48 47 950
47 68 917
68 47 917
48 74 380
74 48 380
48 69 117
69 48 117
48 58 623
58 48 623
48 66 525
66 48 525
48 53 23
53 48 23
48 51 417
51 48 417
48 70 186
70 48 186
48 74 533
74 48 533
48 57 168
57 48 168
49 50 693
50 49 693
49 71 773
71 49 773
49 69 800
69 49 800
50 70 100
70 50 100
50 62 372
62 50 372
50 56 279
56 50 279
50 50 525
50 50 525
51 62 470
62 51 470
51 59 201
59 51 201
51 66 688
66 51 688
51 56 231
56 51 231
51 62 768
62 51 768
51 73 388
73 51 388
51 58 849
58 51 849
51 72 293
72 51 293
52 55 789
55 52 789
52 56 539
56 52 539
52 64 561
64 52 561
53 71 597
71 53 597
53 61 651
61 53 651
53 67 121
67 53 121
53 72 830
72 53 830
53 65 563
65 53 563
54 60 92
60 54 92
54 60 26
60 54 26
54 70 487
70 54 487
54 67 504
67 54 504
54 70 525
70 54 525
55 66 147
66 55 147
55 60 459
60 55 459
55 57 843
57 55 843
55 72 898
72 55 898
56 58 272
58 56 272
56 74 844
74 56 844
56 59 25
59 56 25
56 71 452
71 56 452
56 66 284
66 56 284
57 59 937
59 57 937
58 70 117
70 58 117
58 60 358
60 58 358
58 68 135
68 58 135
60 65 124
65 60 124
60 68 260
68 60 260
61 70 26
70 61 26
61 71 686
71 61 686
61 62 373
62 61 373
62 74 639
74 62 639
62 71 232
71 62 232
62 73 955
73 62 955
63 66 328
66 63 328
63 73 844
73 63 844
63 71 687
71 63 687
63 64 990
64 63 990
63 72 563
72 63 563
64 68 946
68 64 946
64 69 218
69 64 218
64 73 176
73 64 176
64 69 198
69 64 198
65 70 1
70 65 1
66 73 688
73 66 688
66 68 537
68 66 537
67 67 865
67 67 865
68 69 91
69 68 91
70 74 169
74 70 169
71 73 791
73 71 791
