74

0 1 96
1 0 96
0 2 625
2 0 625
0 7 53
7 0 53
0 43 782
43 0 782
0 42 776
42 0 776
0 44 65
44 0 65
1 9 815
9 1 815
1 11 159
11 1 159
1 17 900
17 1 900
1 18 812
18 1 812
1 22 651
22 1 651
1 29 135
29 1 135
1 44 511
44 1 511
1 42 907
42 1 907
1 27 933
27 1 933
1 70 252
70 1 252
1 69 346
69 1 346
2 3 3
3 2 3
2 4 348
4 2 348
2 5 316
5 2 316
2 16 172
16 2 172
2 35 584
35 2 584
2 56 896
56 2 896
2 70 240
70 2 240
2 63 616
63 2 616
2 36 781
36 2 781
2 44 263
44 2 263
2 9 358
9 2 358
2 69 558
69 2 558
2 66 635
66 2 635
3 8 611
8 3 611
3 19 832
19 3 832
3 52 419
52 3 419
3 70 356
70 3 356
3 73 306
73 3 306
3 8 890
8 3 890
3 13 190
13 3 190
3 12 370
12 3 370
4 10 256
10 4 256
4 25 60
25 4 60
4 36 919
36 4 919
4 61 852
61 4 852
5 6 117
6 5 117
5 20 220
20 5 220
5 46 174
46 5 174
5 35 510
35 5 510
5 41 676
41 5 676
5 16 477
16 5 477
6 61 942
61 6 942
6 67 723
67 6 723
6 43 600
43 6 600
6 49 88
49 6 88
6 40 383
40 6 383
6 57 583
57 6 583
6 41 194
41 6 194
6 22 38
22 6 38
7 13 775
13 7 775
7 15 906
15 7 906
7 28 413
28 7 413
7 25 502
25 7 502
7 13 894
13 7 894
7 70 257
70 7 257
8 69 818
69 8 818
8 22 761
22 8 761
8 72 826
72 8 826
8 28 923
28 8 923
8 67 312
67 8 312
8 40 117
40 8 117
8 62 465
62 8 465
8 42 467
42 8 467
8 36 464
36 8 464
8 57 184
57 8 184
9 12 194
12 9 194
9 21 342
21 9 342
9 36 253
36 9 253
9 34 600
34 9 600
10 41 430
41 10 430
10 45 257
45 10 257
10 32 46
32 10 46
10 35 40
35 10 40
10 62 486
62 10 486
11 14 461
14 11 461
11 23 277
23 11 277
11 39 99
39 11 99
11 50 54
50 11 54
12 33 708
33 12 708
12 44 4
44 12 4
12 32 4
32 12 4
12 35 679
35 12 679
12 68 258
68 12 258
12 28 627
28 12 627
13 72 36
72 13 36
13 34 771
34 13 771
14 26 933
26 14 933
14 37 533
37 14 533
14 45 256
45 14 256
14 27 79
27 14 79
15 20 303
20 15 303
15 37 973
37 15 973
15 61 326
61 15 326
15 24 151
24 15 151
15 73 841
73 15 841
16 24 196
24 16 196
16 44 800
44 16 800
16 65 491
65 16 491
16 24 482
24 16 482
17 32 108
32 17 108
17 51 749
51 17 749
17 71 398
71 17 398
17 35 845
35 17 845
18 49 238
49 18 238
19 59 46
59 19 46
19 60 863
60 19 863
19 55 1
55 19 1
19 48 197
48 19 197
19 47 75
47 19 75
20 27 67
27 20 67
20 34 514
34 20 514
20 73 728
73 20 728
20 31 983
31 20 983
20 30 258
30 20 258
21 30 643
30 21 643
21 42 248
42 21 248
21 45 766
45 21 766
21 45 159
45 21 159
21 22 266
22 21 266
21 61 133
61 21 133
22 62 53
62 22 53
22 68 320
68 22 320
22 42 907
42 22 907
23 31 257
31 23 257
24 49 608
49 24 608
24 44 634
44 24 634
25 67 824
67 25 824
25 65 406
65 25 406
25 37 32
37 25 32
25 69 996
69 25 996
25 66 348
66 25 348
26 51 482
51 26 482
27 46 238
46 27 238
27 47 680
47 27 680
27 58 727
58 27 727
27 54 615
54 27 615
27 31 962
31 27 962
27 62 121
62 27 121
27 40 586
40 27 586
27 43 312
43 27 312
29 61 136
61 29 136
29 63 308
63 29 308
31 48 705
48 31 705
31 65 115
65 31 115
31 67 948
67 31 948
32 55 820
55 32 820
32 73 960
73 32 960
32 59 612
59 32 612
33 67 85
67 33 85
33 54 985
54 33 985
34 66 148
66 34 148
34 35 448
35 34 448
35 53 986
53 35 986
35 58 168
58 35 168
35 41 83
41 35 83
35 46 874
46 35 874
35 44 732
44 35 732
36 40 445
40 36 445
36 62 614
62 36 614
36 54 870
54 36 870
36 55 120
55 36 120
36 54 455
54 36 455
37 38 556
38 37 556
37 60 685
60 37 685
38 68 732
68 38 732
39 67 161
67 39 161
40 41 907
41 40 907
40 53 688
53 40 688
40 69 926
69 40 926
41 60 699
60 41 699
42 70 807
70 42 807
43 66 109
66 43 109
43 58 454
58 43 454
43 66 149
66 43 149
44 54 706
54 44 706
44 49 615
49 44 615
46 57 635
57 46 635
46 62 795
62 46 795
47 68 790
68 47 790
47 64 463
64 47 463
48 69 8
69 48 8
49 58 421
58 49 421
49 49 622
49 49 622
49 50 105
50 49 105
50 70 229
70 50 229
51 70 410
70 51 410
52 64 600
64 52 600
52 64 142
64 52 142
54 66 518
66 54 518
55 67 519
67 55 519
59 64 787
64 59 787
59 73 383
73 59 383
61 66 575
66 61 575
64 66 663
66 64 663
65 66 212
66 65 212
66 73 877
73 66 877
