48

0 1 29
1 0 29
0 4 37
4 0 37
0 8 874
8 0 874
0 12 901
12 0 901
1 2 267
2 1 267
1 11 73
11 1 73
1 30 760
30 1 760
1 35 459
35 1 459
1 28 695
28 1 695
2 3 213
3 2 213
2 5 669
5 2 669
2 9 340
9 2 340
2 16 594
16 2 594
2 21 878
21 2 878
2 22 814
22 2 814
3 37 659
37 3 659
3 34 476
34 3 476
4 18 969
18 4 969
4 28 508
28 4 508
4 39 351
39 4 351
5 6 733
6 5 733
5 10 364
10 5 364
5 26 398
26 5 398
6 7 728
7 6 728
6 19 93
19 6 93
6 24 317
24 6 317
7 15 886
15 7 886
7 17 699
17 7 699
7 25 232
25 7 232
8 27 82
27 8 82
8 32 158
32 8 158
8 42 960
42 8 960
8 28 799
28 8 799
9 13 794
13 9 794
10 14 19
14 10 19
10 46 674
46 10 674
11 34 755
34 11 755
14 20 268
20 14 268
15 45 694
45 15 694
16 21 917
21 16 917
17 31 843
31 17 843
19 41 81
41 19 81
20 36 6
36 20 6
21 23 656
23 21 656
21 29 501
29 21 501
21 38 378
38 21 378
24 43 591
43 24 591
29 33 198
33 29 198
30 40 262
40 30 262
35 44 921
44 35 921
37 39 689
39 37 689
39 40 577
40 39 577
43 47 473
47 43 473
