95

0 1 532
1 0 532
0 6 461
6 0 461
0 22 900
22 0 900
0 34 576
34 0 576
0 35 239
35 0 239
0 87 761
87 0 761
0 66 15
66 0 15
0 91 423
91 0 423
1 2 714
2 1 714
1 3 49
3 1 49
1 20 333
20 1 333
2 5 954
5 2 954
2 24 81
24 2 81
2 39 341
39 2 341
2 74 293
74 2 293
2 5 747
5 2 747
2 39 311
39 2 311
2 90 461
90 2 461
2 35 246
35 2 246
3 4 353
4 3 353
3 7 474
7 3 474
3 8 91
8 3 91
3 18 951
18 3 951
3 38 43
38 3 43
3 73 625
73 3 625
3 55 225
55 3 225
3 73 31
73 3 31
3 62 553
62 3 553
3 75 156
75 3 156
4 12 435
12 4 435
4 31 47
31 4 47
4 45 817
45 4 817
4 48 91
48 4 91
4 82 2
82 4 2
4 85 839
85 4 839
4 43 604
43 4 604
4 62 53
62 4 53
5 9 849
9 5 849
5 10 33
10 5 33
5 29 217
29 5 217
5 30 78
30 5 78
5 80 396
80 5 396
5 83 154
83 5 154
5 74 137
74 5 137
6 13 991
13 6 991
6 77 90
77 6 90
6 64 574
64 6 574
6 41 723
41 6 723
6 42 828
42 6 828
7 93 326
93 7 326
8 23 245
23 8 245
8 64 824
64 8 824
8 44 684
44 8 684
8 64 592
64 8 592
9 11 977
11 9 977
9 37 717
37 9 717
9 46 361
46 9 361
9 67 38
67 9 38
9 42 845
42 9 845
10 33 839
33 10 839
10 36 377
36 10 377
10 68 833
68 10 833
10 15 50
15 10 50
10 58 431
58 10 431
10 27 428
27 10 428
11 15 880
15 11 880
11 16 691
16 11 691
11 32 645
32 11 645
11 46 348
46 11 348
11 12 292
12 11 292
12 21 869
21 12 869
12 28 709
28 12 709
12 56 721
56 12 721
12 63 677
63 12 677
12 39 536
39 12 536
12 36 640
36 12 640
12 65 738
65 12 738
12 38 258
38 12 258
12 91 76
91 12 76
13 14 569
14 13 569
13 39 205
39 13 205
13 72 889
72 13 889
13 89 137
89 13 137
13 38 924
38 13 924
14 17 25
17 14 25
14 73 400
73 14 400
14 75 472
75 14 472
14 66 253
66 14 253
14 24 790
24 14 790
14 90 340
90 14 340
15 19 892
19 15 892
15 87 996
87 15 996
15 63 366
63 15 366
15 42 63
42 15 63
15 65 485
65 15 485
15 44 268
44 15 268
16 26 985
26 16 985
16 51 5
51 16 5
16 72 269
72 16 269
16 27 570
27 16 570
17 49 749
49 17 749
17 62 503
62 17 503
17 71 15
71 17 15
17 23 866
23 17 866
17 81 895
81 17 895
17 88 656
88 17 656
17 70 821
70 17 821
18 41 400
41 18 400
18 34 771
34 18 771
18 31 675
31 18 675
18 45 964
45 18 964
18 63 161
63 18 161
18 57 376
57 18 376
19 60 243
60 19 243
19 48 556
48 19 556
19 43 357
43 19 357
20 55 194
55 20 194
20 76 315
76 20 315
20 94 29
94 20 29
20 33 741
33 20 741
20 41 74
41 20 74
21 39 34
39 21 34
21 90 334
90 21 334
21 49 637
49 21 637
21 41 654
41 21 654
23 25 188
25 23 188
23 94 17
94 23 17
23 49 81
49 23 81
24 44 835
44 24 835
24 82 992
82 24 992
25 79 509
79 25 509
25 36 485
36 25 485
25 90 565
90 25 565
25 70 738
70 25 738
26 27 449
27 26 449
26 47 214
47 26 214
26 31 931
31 26 931
27 88 413
88 27 413
27 94 94
94 27 94
27 38 633
38 27 633
29 46 216
46 29 216
30 75 136
75 30 136
30 39 317
39 30 317
31 84 215
84 31 215
31 59 91
59 31 91
31 49 263
49 31 263
32 57 109
57 32 109
32 60 670
60 32 670
32 64 296
64 32 296
32 82 816
82 32 816
33 93 97
93 33 97
33 39 377
39 33 377
34 65 477
65 34 477
34 38 389
38 34 389
35 37 463
37 35 463
35 61 27
61 35 27
35 88 69
88 35 69
35 55 240
55 35 240
36 40 249
40 36 249
36 65 910
65 36 910
37 58 797
58 37 797
37 92 770
92 37 770
37 76 914
76 37 914
37 44 698
44 37 698
38 43 167
43 38 167
38 50 636
50 38 636
38 80 134
80 38 134
38 56 724
56 38 724
38 68 127
68 38 127
39 73 31
73 39 31
40 42 659
42 40 659
40 59 568
59 40 568
40 77 334
77 40 334
40 77 723
77 40 723
40 58 492
58 40 492
41 69 211
69 41 211
41 90 777
90 41 777
41 78 357
78 41 357
41 66 451
66 41 451
42 71 439
71 42 439
43 52 837
52 43 837
43 67 128
67 43 128
44 86 28
86 44 28
45 76 411
76 45 411
46 70 849
70 46 849
47 59 661
59 47 661
47 50 367
50 47 367
49 86 342
86 49 342
49 87 518
87 49 518
49 91 470
91 49 470
51 53 764
53 51 764
51 82 616
82 51 616
51 66 917
66 51 917
51 52 688
52 51 688
52 54 280
54 52 280
52 66 91
66 52 91
52 88 107
88 52 107
52 93 743
93 52 743
53 67 867
67 53 867
53 60 593
60 53 593
53 86 366
86 53 366
53 91 269
91 53 269
53 63 669
63 53 669
55 55 280
55 55 280
55 65 968
65 55 968
55 93 241
93 55 241
56 81 107
81 56 107
57 84 676
84 57 676
57 75 844
75 57 844
58 91 793
91 58 793
60 62 531
62 60 531
62 74 961
74 62 961
63 81 900
81 63 900
64 71 442
71 64 442
64 73 438
73 64 438
67 70 142
70 67 142
67 82 306
82 67 306
69 89 378
89 69 378
69 85 905
85 69 905
70 94 259
94 70 259
71 71 264
71 71 264
72 78 962
78 72 962
72 82 458
82 72 458
74 92 522
92 74 522
74 91 270
91 74 270
74 89 625
89 74 625
78 81 981
81 78 981
78 91 318
91 78 318
78 86 440
86 78 440
78 90 233
90 78 233
80 94 317
94 80 317
80 93 296
93 80 296
80 88 75
88 80 75
81 83 814
83 81 814
81 83 367
83 81 367
82 86 121
86 82 121
86 93 951
93 86 951
91 92 138
92 91 138
92 93 827
93 92 827
