92

0 1 311
1 0 311
0 2 272
2 0 272
0 5 166
5 0 166
0 27 933
27 0 933
0 34 10
34 0 10
1 7 186
7 1 186
1 17 728
17 1 728
2 3 335
3 2 335
2 8 798
8 2 798
2 11 600
11 2 600
2 15 853
15 2 853
2 21 762
21 2 762
2 23 300
23 2 300
2 36 731
36 2 731
3 4 576
4 3 576
3 13 46
13 3 46
3 31 843
31 3 843
3 37 351
37 3 351
3 44 942
44 3 942
4 6 743
6 4 743
4 14 803
14 4 803
4 89 393
89 4 393
5 16 647
16 5 647
6 18 279
18 6 279
6 32 758
32 6 758
7 9 861
9 7 861
7 19 202
19 7 202
7 35 282
35 7 282
7 51 380
51 7 380
7 85 975
85 7 975
8 10 941
10 8 941
9 12 419
12 9 419
9 29 708
29 9 708
10 20 781
20 10 781
10 24 681
24 10 681
10 55 1000
55 10 1000
11 50 396
50 11 396
11 53 445
53 11 445
12 26 923
26 12 923
12 78 641
78 12 641
15 17 876
17 15 876
15 30 192
30 15 192
15 52 686
52 15 686
16 22 685
22 16 685
17 72 834
72 17 834
18 25 677
25 18 677
20 59 118
59 20 118
21 71 228
71 21 228
21 74 172
74 21 172
22 39 969
39 22 969
22 41 786
41 22 786
22 63 501
63 22 501
23 80 853
80 23 853
24 46 446
46 24 446
24 56 369
56 24 369
24 77 647
77 24 647
24 81 462
81 24 462
25 38 771
38 25 771
25 47 502
47 25 502
25 88 231
88 25 231
27 28 877
28 27 877
27 40 702
40 27 702
27 42 607
42 27 607
28 33 848
33 28 848
29 91 316
91 29 316
30 49 299
49 30 299
30 83 459
83 30 459
31 90 509
90 31 509
32 62 517
62 32 517
34 45 335
45 34 335
34 66 326
66 34 326
35 69 191
69 35 191
35 70 860
70 35 860
36 43 954
43 36 954
36 68 859
68 36 859
38 48 449
48 38 449
38 58 163
58 38 163
43 67 212
67 43 212
44 60 761
60 44 761
46 57 994
57 46 994
46 82 589
82 46 589
47 73 313
73 47 313
48 54 249
54 48 249
48 61 794
61 48 794
49 64 393
64 49 393
49 75 184
75 49 184
49 79 218
79 49 218
53 54 328
54 53 328
54 87 514
87 54 514
59 86 833
86 59 833
64 65 77
65 64 77
64 84 568
84 64 568
72 76 613
76 72 613
