86

0 1 255
1 0 255
0 7 890
7 0 890
0 9 182
9 0 182
0 13 837
13 0 837
0 27 125
27 0 125
0 44 927
44 0 927
0 55 33
55 0 33
0 1 496
1 0 496
0 19 225
19 0 225
0 28 836
28 0 836
0 58 694
58 0 694
0 17 831
17 0 831
0 69 793
69 0 793
0 73 331
73 0 331
0 45 419
45 0 419
0 21 69
21 0 69
0 29 972
29 0 972
0 14 31
14 0 31
0 53 698
53 0 698
1 2 789
2 1 789
1 3 414
3 1 414
1 4 930
4 1 930
1 6 231
6 1 231
1 23 354
23 1 354
1 40 909
40 1 909
1 43 12
43 1 12
1 43 691
43 1 691
1 8 830
8 1 830
1 40 207
40 1 207
1 32 828
32 1 828
1 59 537
59 1 537
1 14 804
14 1 804
2 5 652
5 2 652
2 42 335
42 2 335
2 75 546
75 2 546
2 78 471
78 2 471
2 36 322
36 2 322
2 4 146
4 2 146
3 36 863
36 3 863
3 39 299
39 3 299
3 23 445
23 3 445
3 79 687
79 3 687
3 69 892
69 3 892
3 14 914
14 3 914
3 76 410
76 3 410
3 39 471
39 3 471
3 29 561
29 3 561
4 12 743
12 4 743
4 15 269
15 4 269
4 24 961
24 4 961
4 29 914
29 4 914
4 54 551
54 4 551
4 59 915
59 4 915
4 12 458
12 4 458
4 38 854
38 4 854
4 36 822
36 4 822
4 35 475
35 4 475
4 71 418
71 4 418
4 62 895
62 4 895
4 6 906
6 4 906
5 10 519
10 5 519
5 19 522
19 5 522
5 39 89
39 5 89
5 64 689
64 5 689
5 71 583
71 5 583
5 18 260
18 5 260
5 45 282
45 5 282
5 80 49
80 5 49
5 8 987
8 5 987
5 6 877
6 5 877
5 53 19
53 5 19
5 13 293
13 5 293
5 60 530
60 5 530
5 61 752
61 5 752
5 58 210
58 5 210
6 8 282
8 6 282
6 20 230
20 6 230
6 31 303
31 6 303
6 68 592
68 6 592
7 11 954
11 7 954
7 78 503
78 7 503
7 30 479
30 7 479
7 63 578
63 7 578
7 10 99
10 7 99
7 50 226
50 7 226
7 23 552
23 7 552
7 27 716
27 7 716
7 59 775
59 7 775
7 29 362
29 7 362
7 22 413
22 7 413
7 82 954
82 7 954
7 84 336
84 7 336
7 78 592
78 7 592
7 45 55
45 7 55
7 22 226
22 7 226
7 14 623
14 7 623
8 34 334
34 8 334
8 77 232
77 8 232
8 23 109
23 8 109
8 50 156
50 8 156
8 19 361
19 8 361
8 39 491
39 8 491
8 66 221
66 8 221
8 69 5
69 8 5
8 54 538
54 8 538
9 22 165
22 9 165
9 31 683
31 9 683
9 33 160
33 9 160
9 80 179
80 9 179
9 24 586
24 9 586
9 76 80
76 9 80
9 22 53
22 9 53
9 57 635
57 9 635
9 79 526
79 9 526
9 16 446
16 9 446
9 27 239
27 9 239
10 17 77
17 10 77
10 28 149
28 10 149
10 52 611
52 10 611
10 80 432
80 10 432
10 12 356
12 10 356
10 34 570
34 10 570
10 39 977
39 10 977
10 49 867
49 10 867
10 14 298
14 10 298
10 61 567
61 10 567
11 35 109
35 11 109
11 48 300
48 11 300
11 72 501
72 11 501
11 50 371
50 11 371
11 15 191
15 11 191
11 78 135
78 11 135
11 63 599
63 11 599
11 22 304
22 11 304
11 42 856
42 11 856
11 28 586
28 11 586
11 13 33
13 11 33
11 56 137
56 11 137
11 47 141
47 11 141
12 14 657
14 12 657
12 51 681
51 12 681
12 63 912
63 12 912
12 59 412
59 12 412
12 32 499
32 12 499
12 28 795
28 12 795
12 27 631
27 12 631
12 76 952
76 12 952
12 81 489
81 12 489
12 22 263
22 12 263
12 81 346
81 12 346
12 81 560
81 12 560
12 74 650
74 12 650
13 84 82
84 13 82
13 27 632
27 13 632
13 36 281
36 13 281
13 57 536
57 13 536
13 77 906
77 13 906
13 80 84
80 13 84
14 16 29
16 14 29
14 21 25
21 14 25
14 21 60
21 14 60
14 15 711
15 14 711
14 46 268
46 14 268
14 20 487
20 14 487
15 25 285
25 15 285
15 23 786
23 15 786
15 15 435
15 15 435
15 49 614
49 15 614
15 20 941
20 15 941
15 18 116
18 15 116
15 78 380
78 15 380
15 82 202
82 15 202
15 65 662
65 15 662
16 18 950
18 16 950
16 43 530
43 16 530
16 53 306
53 16 306
16 27 269
27 16 269
16 28 170
28 16 170
16 71 975
71 16 975
17 40 281
40 17 281
17 64 237
64 17 237
17 67 410
67 17 410
17 67 477
67 17 477
17 46 673
46 17 673
17 24 998
24 17 998
17 76 448
76 17 448
17 44 430
44 17 430
17 27 532
27 17 532
17 29 440
29 17 440
17 43 615
43 17 615
18 49 539
49 18 539
18 52 951
52 18 951
18 58 789
58 18 789
18 69 348
69 18 348
18 81 312
81 18 312
18 49 42
49 18 42
18 31 180
31 18 180
18 78 155
78 18 155
18 27 103
27 18 103
18 70 465
70 18 465
18 67 784
67 18 784
18 55 85
55 18 85
18 41 900
41 18 900
19 33 474
33 19 474
19 38 164
38 19 164
19 46 79
46 19 79
19 42 971
42 19 971
19 25 699
25 19 699
19 68 839
68 19 839
19 43 684
43 19 684
19 56 312
56 19 312
19 80 532
80 19 532
20 60 652
60 20 652
20 38 54
38 20 54
20 73 612
73 20 612
20 83 383
83 20 383
20 21 755
21 20 755
20 54 914
54 20 914
20 43 426
43 20 426
20 28 968
28 20 968
20 27 920
27 20 920
20 29 541
29 20 541
21 37 74
37 21 74
21 49 650
49 21 650
21 75 529
75 21 529
21 69 901
69 21 901
22 82 557
82 22 557
22 85 571
85 22 571
22 74 14
74 22 14
22 47 770
47 22 770
22 45 451
45 22 451
22 80 972
80 22 972
22 26 788
26 22 788
23 32 551
32 23 551
23 41 256
41 23 256
23 71 725
71 23 725
23 63 918
63 23 918
23 62 276
62 23 276
23 51 875
51 23 875
23 45 257
45 23 257
23 79 640
79 23 640
23 33 719
33 23 719
23 47 982
47 23 982
23 40 4
40 23 4
23 73 792
73 23 792
24 76 513
76 24 513
24 80 500
80 24 500
24 52 949
52 24 949
24 69 160
69 24 160
24 85 154
85 24 154
24 66 824
66 24 824
25 26 413
26 25 413
25 77 460
77 25 460
25 70 6
70 25 6
25 64 338
64 25 338
25 80 594
80 25 594
25 31 320
31 25 320
25 67 661
67 25 661
25 75 169
75 25 169
25 68 32
68 25 32
26 70 659
70 26 659
26 64 500
64 26 500
26 42 50
42 26 50
26 65 812
65 26 812
26 64 258
64 26 258
27 47 607
47 27 607
27 76 163
76 27 163
27 77 313
77 27 313
27 47 253
47 27 253
27 35 619
35 27 619
27 63 231
63 27 231
27 73 963
73 27 963
27 45 454
45 27 454
27 36 127
36 27 127
27 68 962
68 27 962
27 51 446
51 27 446
27 36 425
36 27 425
28 30 276
30 28 276
28 82 763
82 28 763
28 48 497
48 28 497
28 51 343
51 28 343
28 81 62
81 28 62
28 40 54
40 28 54
28 72 749
72 28 749
29 39 880
39 29 880
29 73 585
73 29 585
29 61 591
61 29 591
29 40 965
40 29 965
29 54 754
54 29 754
29 69 904
69 29 904
29 30 808
30 29 808
29 42 121
42 29 121
30 37 581
37 30 581
30 73 497
73 30 497
30 78 965
78 30 965
30 71 617
71 30 617
30 60 327
60 30 327
30 77 936
77 30 936
31 46 281
46 31 281
31 83 606
83 31 606
31 77 339
77 31 339
31 85 105
85 31 105
31 77 483
77 31 483
31 37 783
37 31 783
31 77 510
77 31 510
31 47 117
47 31 117
31 75 707
75 31 707
32 38 806
38 32 806
32 34 497
34 32 497
32 39 866
39 32 866
32 72 346
72 32 346
32 35 722
35 32 722
32 51 415
51 32 415
33 45 676
45 33 676
33 76 79
76 33 79
33 58 833
58 33 833
33 45 482
45 33 482
34 60 372
60 34 372
35 48 889
48 35 889
35 35 44
35 35 44
35 67 244
67 35 244
35 53 139
53 35 139
35 68 466
68 35 466
35 52 786
52 35 786
36 55 234
55 36 234
36 47 415
47 36 415
36 44 637
44 36 637
36 81 151
81 36 151
36 52 996
52 36 996
36 73 332
73 36 332
36 62 654
62 36 654
36 75 582
75 36 582
37 44 632
44 37 632
37 72 269
72 37 269
37 76 449
76 37 449
38 39 826
39 38 826
38 65 201
65 38 201
38 61 361
61 38 361
38 45 974
45 38 974
38 67 315
67 38 315
38 68 299
68 38 299
38 51 491
51 38 491
38 57 101
57 38 101
39 65 512
65 39 512
39 78 414
78 39 414
39 64 563
64 39 563
39 67 354
67 39 354
39 58 514
58 39 514
39 44 138
44 39 138
39 51 391
51 39 391
40 83 947
83 40 947
40 51 559
51 40 559
40 52 656
52 40 656
41 45 216
45 41 216
41 50 2
50 41 2
41 73 833
73 41 833
41 43 94
43 41 94
41 67 775
67 41 775
42 62 308
62 42 308
42 85 662
85 42 662
42 45 726
45 42 726
42 78 827
78 42 827
42 52 646
52 42 646
43 61 92
61 43 92
43 80 27
80 43 27
43 83 514
83 43 514
43 47 423
47 43 423
43 44 709
44 43 709
43 62 13
62 43 13
43 80 734
80 43 734
44 60 341
60 44 341
44 85 725
85 44 725
44 72 300
72 44 300
44 65 815
65 44 815
44 65 396
65 44 396
44 62 500
62 44 500
44 72 353
72 44 353
44 56 134
56 44 134
45 82 615
82 45 615
45 59 263
59 45 263
45 53 123
53 45 123
45 50 53
50 45 53
46 47 760
47 46 760
47 80 975
80 47 975
47 58 321
58 47 321
47 55 616
55 47 616
47 75 251
75 47 251
47 75 874
75 47 874
48 74 365
74 48 365
48 69 508
69 48 508
48 58 458
58 48 458
49 65 215
65 49 215
49 51 259
51 49 259
49 69 930
69 49 930
49 65 385
65 49 385
49 81 238
81 49 238
49 59 431
59 49 431
49 69 898
69 49 898
49 52 54
52 49 54
49 50 635
50 49 635
50 57 503
57 50 503
50 52 311
52 50 311
50 57 89
57 50 89
50 77 16
77 50 16
51 60 113
60 51 113
51 70 20
70 51 20
52 61 893
61 52 893
52 56 93
56 52 93
52 62 852
62 52 852
53 68 267
68 53 267
53 60 802
60 53 802
53 61 794
61 53 794
54 56 127
56 54 127
54 79 202
79 54 202
54 82 135
82 54 135
54 67 765
67 54 765
54 80 189
80 54 189
54 82 234
82 54 234
54 65 108
65 54 108
54 75 869
75 54 869
55 70 497
70 55 497
56 79 342
79 56 342
56 64 272
64 56 272
56 71 492
71 56 492
57 68 818
68 57 818
57 83 789
83 57 789
57 76 402
76 57 402
58 59 912
59 58 912
58 73 370
73 58 370
59 68 848
68 59 848
59 77 189
77 59 189
59 74 952
74 59 952
59 80 174
80 59 174
60 74 496
74 60 496
60 73 133
73 60 133
61 69 31
69 61 31
62 67 299
67 62 299
62 73 511
73 62 511
62 76 793
76 62 793
62 70 755
70 62 755
63 66 474
66 63 474
63 70 571
70 63 571
64 80 703
80 64 703
64 79 566
79 64 566
64 78 600
78 64 600
65 69 383
69 65 383
65 84 756
84 65 756
65 70 52
70 65 52
66 67 42
67 66 42
67 77 433
77 67 433
67 71 259
71 67 259
67 81 883
81 67 883
68 81 637
81 68 637
70 75 598
75 70 598
70 82 664
82 70 664
70 85 25
85 70 25
70 83 806
83 70 806
71 72 961
72 71 961
71 80 676
80 71 676
72 72 435
72 72 435
74 85 625
85 74 625
75 78 865
78 75 865
77 78 164
78 77 164
81 81 498
81 81 498
