74

0 1 205
1 0 205
0 3 140
3 0 140
0 4 5
4 0 5
0 21 553
21 0 553
0 38 336
38 0 336
0 51 690
51 0 690
0 60 224
60 0 224
0 1 930
1 0 930
0 46 11
46 0 11
1 2 751
2 1 751
1 32 52
32 1 52
1 62 355
62 1 355
1 22 224
22 1 224
1 57 716
57 1 716
2 5 809
5 2 809
2 9 677
9 2 677
2 47 692
47 2 692
2 62 357
62 2 357
2 62 880
62 2 880
2 53 864
53 2 864
2 59 569
59 2 569
3 6 509
6 3 509
3 8 114
8 3 114
3 11 877
11 3 877
3 14 770
14 3 770
3 20 293
20 3 293
3 24 219
24 3 219
3 30 439
30 3 439
3 60 673
60 3 673
4 41 506
41 4 506
4 70 128
70 4 128
4 57 228
57 4 228
4 73 123
73 4 123
4 61 820
61 4 820
5 7 358
7 5 358
5 12 102
12 5 102
5 23 263
23 5 263
5 56 434
56 5 434
5 63 687
63 5 687
5 39 580
39 5 580
5 45 817
45 5 817
5 35 611
35 5 611
5 27 720
27 5 720
6 8 950
8 6 950
6 62 635
62 6 635
7 10 689
10 7 689
7 27 970
27 7 970
7 46 606
46 7 606
7 47 885
47 7 885
8 33 560
33 8 560
9 53 326
53 9 326
9 35 646
35 9 646
9 44 447
44 9 447
9 11 661
11 9 661
10 30 925
30 10 925
10 37 185
37 10 185
10 25 150
25 10 150
10 16 539
16 10 539
10 51 793
51 10 793
11 54 127
54 11 127
11 67 337
67 11 337
11 30 165
30 11 165
12 13 85
13 12 85
12 17 382
17 12 382
12 18 443
18 12 443
12 26 542
26 12 542
12 31 902
31 12 902
12 46 304
46 12 304
12 47 657
47 12 657
12 22 724
22 12 724
12 50 150
50 12 150
12 38 668
38 12 668
13 52 744
52 13 744
13 67 667
67 13 667
14 15 517
15 14 517
14 19 656
19 14 656
14 48 568
48 14 568
14 19 953
19 14 953
14 42 405
42 14 405
15 16 165
16 15 165
15 49 811
49 15 811
15 61 594
61 15 594
16 23 341
23 16 341
16 35 709
35 16 709
17 22 693
22 17 693
17 34 478
34 17 478
17 44 931
44 17 931
17 61 397
61 17 397
17 64 114
64 17 114
18 39 775
39 18 775
18 20 205
20 18 205
18 37 189
37 18 189
18 56 692
56 18 692
19 25 16
25 19 16
19 42 908
42 19 908
19 48 129
48 19 129
19 42 197
42 19 197
20 36 372
36 20 372
20 64 480
64 20 480
20 26 868
26 20 868
20 68 458
68 20 458
21 54 590
54 21 590
22 71 802
71 22 802
22 39 648
39 22 648
22 25 363
25 22 363
22 66 608
66 22 608
23 72 217
72 23 217
24 28 941
28 24 941
24 50 496
50 24 496
24 57 459
57 24 459
24 70 120
70 24 120
24 49 999
49 24 999
24 68 603
68 24 603
24 71 56
71 24 56
25 29 169
29 25 169
25 66 474
66 25 474
25 63 642
63 25 642
25 40 970
40 25 970
26 59 875
59 26 875
26 73 347
73 26 347
26 50 869
50 26 869
26 40 86
40 26 86
26 44 51
44 26 51
27 60 703
60 27 703
27 71 533
71 27 533
27 52 960
52 27 960
28 35 453
35 28 453
29 47 546
47 29 546
30 69 362
69 30 362
30 45 471
45 30 471
32 33 779
33 32 779
32 68 889
68 32 889
32 56 1
56 32 1
32 53 876
53 32 876
33 40 644
40 33 644
33 45 527
45 33 527
33 38 12
38 33 12
34 43 422
43 34 422
34 46 217
46 34 217
35 58 366
58 35 366
36 59 549
59 36 549
36 67 984
67 36 984
37 44 522
44 37 522
38 58 458
58 38 458
38 69 284
69 38 284
39 66 593
66 39 593
39 52 735
52 39 735
39 45 473
45 39 473
40 45 771
45 40 771
40 51 831
51 40 831
40 43 400
43 40 400
40 63 707
63 40 707
41 66 571
66 41 571
41 44 937
44 41 937
41 63 34
63 41 34
41 71 659
71 41 659
42 63 949
63 42 949
42 73 265
73 42 265
43 54 306
54 43 306
44 56 704
56 44 704
44 56 166
56 44 166
45 67 807
67 45 807
46 61 499
61 46 499
47 52 432
52 47 432
47 54 168
54 47 168
47 58 628
58 47 628
48 70 508
70 48 508
49 70 699
70 49 699
52 55 767
55 52 767
52 58 181
58 52 181
52 59 407
59 52 407
53 61 310
61 53 310
54 61 969
61 54 969
54 65 626
65 54 626
55 69 92
69 55 92
55 57 209
57 55 209
56 58 226
58 56 226
59 62 515
62 59 515
67 67 9
67 67 9
68 69 423
69 68 423
