49

0 1 637
1 0 637
0 2 317
2 0 317
0 3 695
3 0 695
0 15 717
15 0 717
0 38 734
38 0 734
0 38 872
38 0 872
0 34 800
34 0 800
0 39 741
39 0 741
0 42 754
42 0 754
1 6 378
6 1 378
1 8 740
8 1 740
1 17 812
17 1 812
1 23 338
23 1 338
1 48 102
48 1 102
1 17 690
17 1 690
1 4 717
4 1 717
2 4 168
4 2 168
2 5 38
5 2 38
2 12 820
12 2 820
2 34 75
34 2 75
2 7 29
7 2 29
2 17 106
17 2 106
2 37 866
37 2 866
2 14 691
14 2 691
2 21 121
21 2 121
2 48 75
48 2 75
2 38 855
38 2 855
2 15 764
15 2 764
2 46 273
46 2 273
3 20 886
20 3 886
3 43 383
43 3 383
3 30 792
30 3 792
3 40 749
40 3 749
4 17 712
17 4 712
4 18 248
18 4 248
5 7 325
7 5 325
5 16 901
16 5 901
5 29 246
29 5 246
5 21 864
21 5 864
5 38 325
38 5 325
6 23 503
23 6 503
6 20 953
20 6 953
7 9 772
9 7 772
7 10 305
10 7 305
7 42 631
42 7 631
7 48 545
48 7 545
7 23 399
23 7 399
7 40 797
40 7 797
7 28 895
28 7 895
8 11 904
11 8 904
8 40 64
40 8 64
8 30 294
30 8 294
8 22 76
22 8 76
9 14 741
14 9 741
9 16 515
16 9 515
9 21 339
21 9 339
9 30 382
30 9 382
10 13 846
13 10 846
10 19 84
19 10 84
10 31 582
31 10 582
10 33 724
33 10 724
10 22 693
22 10 693
10 32 270
32 10 270
11 41 150
41 11 150
11 36 13
36 11 13
11 46 346
46 11 346
12 25 197
25 12 197
12 28 310
28 12 310
12 32 825
32 12 825
12 22 218
22 12 218
12 27 566
27 12 566
13 18 770
18 13 770
13 26 129
26 13 129
13 32 704
32 13 704
13 20 295
20 13 295
13 28 479
28 13 479
14 27 558
27 14 558
14 45 519
45 14 519
14 14 35
14 14 35
15 22 612
22 15 612
15 36 738
36 15 738
15 29 44
29 15 44
16 30 297
30 16 297
16 19 230
19 16 230
16 44 340
44 16 340
16 18 353
18 16 353
17 24 892
24 17 892
17 41 888
41 17 888
17 48 440
48 17 440
18 44 704
44 18 704
18 20 731
20 18 731
18 25 574
25 18 574
19 21 71
21 19 71
19 47 756
47 19 756
19 42 546
42 19 546
19 33 817
33 19 817
20 36 127
36 20 127
20 45 657
45 20 657
20 36 512
36 20 512
20 30 897
30 20 897
21 31 65
31 21 65
21 39 552
39 21 552
22 28 887
28 22 887
24 36 95
36 24 95
25 30 368
30 25 368
25 34 251
34 25 251
26 35 798
35 26 798
27 37 110
37 27 110
27 41 451
41 27 451
27 44 595
44 27 595
27 45 721
45 27 721
28 36 387
36 28 387
29 31 618
31 29 618
29 32 54
32 29 54
31 40 856
40 31 856
32 47 869
47 32 869
33 39 801
39 33 801
33 40 122
40 33 122
33 45 216
45 33 216
34 41 298
41 34 298
35 36 395
36 35 395
39 46 560
46 39 560
39 42 691
42 39 691
40 45 726
45 40 726
40 40 525
40 40 525
41 46 966
46 41 966
42 46 720
46 42 720
42 46 243
46 42 243
