38

0 1 858
1 0 858
0 3 742
3 0 742
0 13 843
13 0 843
0 8 2
8 0 2
1 2 630
2 1 630
1 4 206
4 1 206
1 29 80
29 1 80
1 31 66
31 1 66
2 7 65
7 2 65
2 8 757
8 2 757
2 13 700
13 2 700
2 14 45
14 2 45
2 16 120
16 2 120
2 22 74
22 2 74
2 34 819
34 2 819
3 5 273
5 3 273
3 15 29
15 3 29
3 14 680
14 3 680
3 22 289
22 3 289
4 6 882
6 4 882
4 9 88
9 4 88
4 11 951
11 4 951
4 24 62
24 4 62
4 33 214
33 4 214
4 22 488
22 4 488
4 25 720
25 4 720
4 11 267
11 4 267
5 26 567
26 5 567
5 25 726
25 5 726
5 25 494
25 5 494
6 32 683
32 6 683
6 19 321
19 6 321
6 22 443
22 6 443
7 10 606
10 7 606
7 17 247
17 7 247
7 21 430
21 7 430
7 27 336
27 7 336
7 16 257
16 7 257
7 8 447
8 7 447
8 26 842
26 8 842
8 21 809
21 8 809
8 14 674
14 8 674
8 20 872
20 8 872
9 23 722
23 9 722
9 35 56
35 9 56
9 33 524
33 9 524
9 37 150
37 9 150
9 11 980
11 9 980
10 12 305
12 10 305
10 28 822
28 10 822
10 26 142
26 10 142
10 32 707
32 10 707
10 29 365
29 10 365
10 29 954
29 10 954
10 32 35
32 10 35
10 21 183
21 10 183
11 15 302
15 11 302
11 12 852
12 11 852
12 15 990
15 12 990
13 20 42
20 13 42
13 33 740
33 13 740
14 18 570
18 14 570
14 27 352
27 14 352
14 29 875
29 14 875
14 34 698
34 14 698
15 31 832
31 15 832
15 35 612
35 15 612
16 19 31
19 16 31
16 17 147
17 16 147
16 37 484
37 16 484
16 31 694
31 16 694
17 23 941
23 17 941
17 29 518
29 17 518
18 35 318
35 18 318
18 25 683
25 18 683
18 19 833
19 18 833
18 19 665
19 18 665
19 25 732
25 19 732
19 37 200
37 19 200
20 28 521
28 20 521
20 23 877
23 20 877
20 29 823
29 20 823
21 32 818
32 21 818
22 22 69
22 22 69
23 32 975
32 23 975
23 33 108
33 23 108
24 36 331
36 24 331
25 26 27
26 25 27
25 36 326
36 25 326
26 30 633
30 26 633
31 33 268
33 31 268
32 34 25
34 32 25
35 36 244
36 35 244
36 37 110
37 36 110
