68

0 1 874
1 0 874
0 2 727
2 0 727
0 34 196
34 0 196
0 36 683
36 0 683
0 44 943
44 0 943
0 14 167
14 0 167
0 37 993
37 0 993
0 53 273
53 0 273
1 5 397
5 1 397
1 6 895
6 1 895
1 9 743
9 1 743
1 15 113
15 1 113
1 21 725
21 1 725
1 25 772
25 1 772
1 43 647
43 1 647
1 61 628
61 1 628
1 40 330
40 1 330
1 25 65
25 1 65
1 45 449
45 1 449
1 54 31
54 1 31
1 58 53
58 1 53
1 65 285
65 1 285
1 20 988
20 1 988
1 48 571
48 1 571
1 48 909
48 1 909
2 3 591
3 2 591
2 4 191
4 2 191
2 53 27
53 2 27
2 3 469
3 2 469
2 37 592
37 2 592
2 31 938
31 2 938
2 61 719
61 2 719
2 44 298
44 2 298
2 9 118
9 2 118
3 17 532
17 3 532
3 41 102
41 3 102
3 56 669
56 3 669
3 65 617
65 3 617
3 6 121
6 3 121
3 47 637
47 3 637
3 23 620
23 3 620
3 67 13
67 3 13
3 43 127
43 3 127
3 43 702
43 3 702
3 41 27
41 3 27
3 27 312
27 3 312
3 7 763
7 3 763
3 20 732
20 3 732
3 28 53
28 3 53
4 66 478
66 4 478
4 52 630
52 4 630
4 37 117
37 4 117
4 47 159
47 4 159
4 65 414
65 4 414
4 54 402
54 4 402
4 66 294
66 4 294
5 7 324
7 5 324
5 10 113
10 5 113
5 34 641
34 5 641
5 51 982
51 5 982
5 54 547
54 5 547
5 23 936
23 5 936
5 61 516
61 5 516
5 40 2
40 5 2
5 27 658
27 5 658
5 23 633
23 5 633
5 30 123
30 5 123
6 35 1
35 6 1
6 37 742
37 6 742
6 29 858
29 6 858
6 25 975
25 6 975
6 22 737
22 6 737
6 10 32
10 6 32
6 67 791
67 6 791
6 11 926
11 6 926
6 46 407
46 6 407
6 40 842
40 6 842
7 8 273
8 7 273
7 52 55
52 7 55
7 67 205
67 7 205
7 67 9
67 7 9
7 49 342
49 7 342
7 43 999
43 7 999
7 34 124
34 7 124
7 65 727
65 7 727
7 31 354
31 7 354
7 46 844
46 7 844
7 59 393
59 7 393
8 25 130
25 8 130
8 50 709
50 8 709
8 60 434
60 8 434
8 55 15
55 8 15
8 8 160
8 8 160
8 25 754
25 8 754
8 29 39
29 8 39
9 11 270
11 9 270
9 12 976
12 9 976
9 13 527
13 9 527
9 27 749
27 9 749
9 27 424
27 9 424
9 20 921
20 9 921
9 24 654
24 9 654
9 23 610
23 9 610
10 14 777
14 10 777
10 18 745
18 10 745
10 53 464
53 10 464
10 23 307
23 10 307
10 53 537
53 10 537
10 19 696
19 10 696
11 16 634
16 11 634
11 19 635
19 11 635
11 64 681
64 11 681
11 64 805
64 11 805
11 26 890
26 11 890
11 34 483
34 11 483
11 53 486
53 11 486
11 19 393
19 11 393
12 26 73
26 12 73
12 42 833
42 12 833
12 26 15
26 12 15
12 33 224
33 12 224
12 51 285
51 12 285
13 54 978
54 13 978
13 38 928
38 13 928
13 51 43
51 13 43
13 43 78
43 13 78
13 61 277
61 13 277
13 36 291
36 13 291
13 32 5
32 13 5
14 67 263
67 14 263
14 27 627
27 14 627
14 41 163
41 14 163
14 42 546
42 14 546
15 63 938
63 15 938
15 53 278
53 15 278
15 66 422
66 15 422
15 58 857
58 15 857
15 45 395
45 15 395
15 55 895
55 15 895
15 47 500
47 15 500
16 45 754
45 16 754
16 21 927
21 16 927
16 28 148
28 16 148
17 20 327
20 17 327
17 27 775
27 17 775
17 28 231
28 17 231
17 31 67
31 17 67
17 39 100
39 17 100
17 34 5
34 17 5
17 40 699
40 17 699
17 43 233
43 17 233
17 34 981
34 17 981
17 32 885
32 17 885
18 40 936
40 18 936
18 46 70
46 18 70
18 67 679
67 18 679
18 59 588
59 18 588
18 30 574
30 18 574
18 59 707
59 18 707
18 44 542
44 18 542
18 48 739
48 18 739
18 59 269
59 18 269
19 32 212
32 19 212
19 38 665
38 19 665
19 63 216
63 19 216
19 43 358
43 19 358
19 40 56
40 19 56
19 59 829
59 19 829
19 37 594
37 19 594
19 67 671
67 19 671
20 22 632
22 20 632
20 23 90
23 20 90
20 30 478
30 20 478
20 63 843
63 20 843
20 27 888
27 20 888
21 30 959
30 21 959
21 66 428
66 21 428
21 23 980
23 21 980
21 38 829
38 21 829
22 29 294
29 22 294
22 60 494
60 22 494
22 42 15
42 22 15
22 57 984
57 22 984
22 22 658
22 22 658
22 39 839
39 22 839
23 24 134
24 23 134
23 29 738
29 23 738
23 32 607
32 23 607
23 55 588
55 23 588
24 64 142
64 24 142
24 57 842
57 24 842
24 59 529
59 24 529
24 33 369
33 24 369
25 28 392
28 25 392
25 67 17
67 25 17
25 27 437
27 25 437
25 41 610
41 25 610
25 54 319
54 25 319
25 56 343
56 25 343
26 59 733
59 26 733
26 30 256
30 26 256
26 63 389
63 26 389
26 63 568
63 26 568
27 29 261
29 27 261
27 29 81
29 27 81
27 53 94
53 27 94
27 43 97
43 27 97
28 48 673
48 28 673
28 66 80
66 28 80
28 47 452
47 28 452
28 59 367
59 28 367
28 57 192
57 28 192
28 32 962
32 28 962
28 56 971
56 28 971
29 33 903
33 29 903
29 39 124
39 29 124
29 30 852
30 29 852
30 47 436
47 30 436
30 58 789
58 30 789
30 33 720
33 30 720
30 31 565
31 30 565
31 42 758
42 31 758
31 60 226
60 31 226
31 42 466
42 31 466
31 36 949
36 31 949
31 51 441
51 31 441
31 36 29
36 31 29
32 41 364
41 32 364
32 60 182
60 32 182
32 45 605
45 32 605
32 46 877
46 32 877
32 46 847
46 32 847
32 63 113
63 32 113
32 67 361
67 32 361
32 45 686
45 32 686
33 50 111
50 33 111
33 51 97
51 33 97
33 45 391
45 33 391
35 36 355
36 35 355
35 50 577
50 35 577
35 37 672
37 35 672
36 54 57
54 36 57
36 61 395
61 36 395
37 63 904
63 37 904
37 64 605
64 37 605
37 47 634
47 37 634
37 49 889
49 37 889
37 51 66
51 37 66
38 53 982
53 38 982
39 49 197
49 39 197
40 62 214
62 40 214
40 66 26
66 40 26
40 47 268
47 40 268
40 51 540
51 40 540
41 67 716
67 41 716
41 50 440
50 41 440
42 47 785
47 42 785
42 50 285
50 42 285
42 61 194
61 42 194
42 59 189
59 42 189
42 58 999
58 42 999
42 50 275
50 42 275
42 58 210
58 42 210
42 43 338
43 42 338
42 66 740
66 42 740
42 64 448
64 42 448
43 44 768
44 43 768
43 64 855
64 43 855
43 60 216
60 43 216
44 51 74
51 44 74
44 61 929
61 44 929
45 50 861
50 45 861
45 61 547
61 45 547
47 55 899
55 47 899
47 62 161
62 47 161
48 51 221
51 48 221
48 49 793
49 48 793
49 64 704
64 49 704
49 66 971
66 49 971
50 60 381
60 50 381
50 52 614
52 50 614
51 57 121
57 51 121
51 57 838
57 51 838
51 53 38
53 51 38
51 66 467
66 51 467
53 58 936
58 53 936
53 66 408
66 53 408
53 65 929
65 53 929
53 62 305
62 53 305
54 57 972
57 54 972
55 61 815
61 55 815
55 67 834
67 55 834
56 59 228
59 56 228
56 67 440
67 56 440
57 65 745
65 57 745
58 64 152
64 58 152
59 61 442
61 59 442
59 65 419
65 59 419
