64

0 1 838
1 0 838
0 2 285
2 0 285
0 3 511
3 0 511
0 7 663
7 0 663
0 50 456
50 0 456
0 28 921
28 0 921
0 28 45
28 0 45
0 7 627
7 0 627
0 9 418
9 0 418
0 9 457
9 0 457
0 61 840
61 0 840
0 35 678
35 0 678
0 10 993
10 0 993
0 50 404
50 0 404
0 27 760
27 0 760
0 42 597
42 0 597
1 6 804
6 1 804
1 11 365
11 1 365
1 14 830
14 1 830
1 28 210
28 1 210
1 11 473
11 1 473
1 22 685
22 1 685
1 17 102
17 1 102
1 45 776
45 1 776
1 21 967
21 1 967
2 16 250
16 2 250
2 30 89
30 2 89
2 31 686
31 2 686
2 48 219
48 2 219
2 56 912
56 2 912
2 39 449
39 2 449
2 10 398
10 2 398
2 22 835
22 2 835
2 38 253
38 2 253
2 58 231
58 2 231
2 36 756
36 2 756
2 34 920
34 2 920
2 32 376
32 2 376
2 9 690
9 2 690
2 7 415
7 2 415
3 4 346
4 3 346
3 5 462
5 3 462
3 9 99
9 3 99
3 15 149
15 3 149
3 59 88
59 3 88
3 43 666
43 3 666
3 52 572
52 3 572
3 45 580
45 3 580
3 13 799
13 3 799
3 44 304
44 3 304
4 8 722
8 4 722
4 18 872
18 4 872
4 17 92
17 4 92
4 10 324
10 4 324
4 41 473
41 4 473
4 47 890
47 4 890
4 26 389
26 4 389
5 8 568
8 5 568
5 45 531
45 5 531
5 8 857
8 5 857
5 7 476
7 5 476
5 39 184
39 5 184
5 6 300
6 5 300
5 15 178
15 5 178
6 10 807
10 6 807
6 29 598
29 6 598
6 45 964
45 6 964
6 14 233
14 6 233
6 17 5
17 6 5
6 59 349
59 6 349
7 13 36
13 7 36
7 20 661
20 7 661
7 12 518
12 7 518
7 40 676
40 7 676
7 57 962
57 7 962
7 50 400
50 7 400
7 19 62
19 7 62
7 16 671
16 7 671
7 29 800
29 7 800
7 50 610
50 7 610
7 8 482
8 7 482
8 9 920
9 8 920
8 19 422
19 8 422
8 59 44
59 8 44
8 51 847
51 8 847
8 63 467
63 8 467
8 30 878
30 8 878
8 29 248
29 8 248
8 20 890
20 8 890
8 57 715
57 8 715
8 40 539
40 8 539
8 20 767
20 8 767
8 42 540
42 8 540
8 24 251
24 8 251
8 18 25
18 8 25
9 17 315
17 9 315
9 37 246
37 9 246
9 38 435
38 9 435
9 54 937
54 9 937
9 62 212
62 9 212
9 30 910
30 9 910
9 45 381
45 9 381
9 27 723
27 9 723
9 43 613
43 9 613
9 53 172
53 9 172
10 36 870
36 10 870
10 53 491
53 10 491
10 23 927
23 10 927
10 51 321
51 10 321
10 49 6
49 10 6
10 35 75
35 10 75
10 32 789
32 10 789
11 12 574
12 11 574
11 62 586
62 11 586
11 54 509
54 11 509
11 57 46
57 11 46
11 23 904
23 11 904
11 43 325
43 11 325
11 24 783
24 11 783
11 23 145
23 11 145
12 15 203
15 12 203
12 41 871
41 12 871
12 54 995
54 12 995
12 49 282
49 12 282
12 47 254
47 12 254
12 14 664
14 12 664
12 27 798
27 12 798
12 13 408
13 12 408
12 53 569
53 12 569
13 21 85
21 13 85
13 25 602
25 13 602
13 30 917
30 13 917
13 46 404
46 13 404
13 25 46
25 13 46
13 29 289
29 13 289
14 40 73
40 14 73
14 52 679
52 14 679
14 41 194
41 14 194
14 48 431
48 14 431
14 31 810
31 14 810
14 20 694
20 14 694
14 61 883
61 14 883
14 60 428
60 14 428
15 22 613
22 15 613
15 24 551
24 15 551
15 52 643
52 15 643
15 33 864
33 15 864
15 21 671
21 15 671
15 54 975
54 15 975
15 49 220
49 15 220
15 38 665
38 15 665
15 32 507
32 15 507
16 60 517
60 16 517
16 24 903
24 16 903
16 54 151
54 16 151
16 37 465
37 16 465
16 29 277
29 16 277
16 42 167
42 16 167
17 45 747
45 17 747
17 61 192
61 17 192
17 63 313
63 17 313
17 20 511
20 17 511
17 62 269
62 17 269
17 56 906
56 17 906
17 28 589
28 17 589
17 36 573
36 17 573
17 31 416
31 17 416
17 40 317
40 17 317
18 27 10
27 18 10
18 32 345
32 18 345
18 33 332
33 18 332
18 42 724
42 18 724
18 45 970
45 18 970
18 47 636
47 18 636
19 23 612
23 19 612
19 22 855
22 19 855
19 49 462
49 19 462
19 44 420
44 19 420
19 29 819
29 19 819
19 55 786
55 19 786
19 55 643
55 19 643
19 36 524
36 19 524
19 49 255
49 19 255
19 44 526
44 19 526
19 23 819
23 19 819
19 33 771
33 19 771
19 59 515
59 19 515
19 45 560
45 19 560
20 49 916
49 20 916
20 53 417
53 20 417
20 59 626
59 20 626
20 40 473
40 20 473
20 59 227
59 20 227
20 59 164
59 20 164
21 42 462
42 21 462
21 40 922
40 21 922
21 54 134
54 21 134
21 58 657
58 21 657
21 28 621
28 21 621
21 38 916
38 21 916
21 39 490
39 21 490
21 24 771
24 21 771
21 55 798
55 21 798
21 40 167
40 21 167
22 44 482
44 22 482
22 45 193
45 22 193
22 42 706
42 22 706
22 25 614
25 22 614
22 38 852
38 22 852
23 34 218
34 23 218
23 48 33
48 23 33
23 40 465
40 23 465
23 57 643
57 23 643
23 60 803
60 23 803
23 56 511
56 23 511
23 27 40
27 23 40
23 60 647
60 23 647
23 23 122
23 23 122
24 26 633
26 24 633
24 49 35
49 24 35
24 51 862
51 24 862
24 44 951
44 24 951
24 35 697
35 24 697
25 40 997
40 25 997
25 45 683
45 25 683
25 43 793
43 25 793
25 34 238
34 25 238
25 38 744
38 25 744
26 46 901
46 26 901
26 53 73
53 26 73
26 41 506
41 26 506
26 41 79
41 26 79
26 48 486
48 26 486
26 36 538
36 26 538
27 61 612
61 27 612
27 51 39
51 27 39
27 51 485
51 27 485
27 36 336
36 27 336
27 56 992
56 27 992
27 52 391
52 27 391
28 39 324
39 28 324
28 30 683
30 28 683
28 32 884
32 28 884
28 46 635
46 28 635
28 44 589
44 28 589
28 43 674
43 28 674
29 41 70
41 29 70
29 51 661
51 29 661
29 44 599
44 29 599
29 42 808
42 29 808
30 31 396
31 30 396
30 30 91
30 30 91
30 57 749
57 30 749
30 45 39
45 30 39
30 51 241
51 30 241
30 56 52
56 30 52
30 41 756
41 30 756
30 59 794
59 30 794
30 60 926
60 30 926
31 35 834
35 31 834
31 47 523
47 31 523
31 44 93
44 31 93
31 49 447
49 31 447
31 39 992
39 31 992
31 60 411
60 31 411
31 40 144
40 31 144
31 33 959
33 31 959
31 39 613
39 31 613
31 40 808
40 31 808
31 36 24
36 31 24
31 35 917
35 31 917
32 38 30
38 32 30
32 38 99
38 32 99
32 48 394
48 32 394
32 52 292
52 32 292
32 36 847
36 32 847
33 43 906
43 33 906
33 45 209
45 33 209
33 63 744
63 33 744
34 57 94
57 34 94
34 48 208
48 34 208
35 49 583
49 35 583
35 51 839
51 35 839
35 44 762
44 35 762
35 47 326
47 35 326
35 39 394
39 35 394
35 58 386
58 35 386
35 45 893
45 35 893
36 41 790
41 36 790
36 61 350
61 36 350
36 56 682
56 36 682
36 58 31
58 36 31
37 51 198
51 37 198
37 58 493
58 37 493
37 41 312
41 37 312
37 63 651
63 37 651
38 51 752
51 38 752
38 41 921
41 38 921
38 58 76
58 38 76
39 47 291
47 39 291
39 43 879
43 39 879
39 57 352
57 39 352
39 60 1000
60 39 1000
39 57 292
57 39 292
39 41 876
41 39 876
39 43 540
43 39 540
40 56 689
56 40 689
40 53 330
53 40 330
40 60 605
60 40 605
40 43 560
43 40 560
40 58 313
58 40 313
40 52 592
52 40 592
41 55 476
55 41 476
41 46 383
46 41 383
42 44 664
44 42 664
42 58 648
58 42 648
42 52 29
52 42 29
42 63 786
63 42 786
43 44 142
44 43 142
43 61 683
61 43 683
44 47 834
47 44 834
44 61 41
61 44 41
44 50 761
50 44 761
44 46 775
46 44 775
44 55 159
55 44 159
44 55 834
55 44 834
45 63 768
63 45 768
45 47 932
47 45 932
45 50 89
50 45 89
46 53 637
53 46 637
46 56 837
56 46 837
47 56 917
56 47 917
47 61 95
61 47 95
47 56 40
56 47 40
48 49 742
49 48 742
48 56 208
56 48 208
48 48 428
48 48 428
49 57 355
57 49 355
49 55 968
55 49 968
49 51 459
51 49 459
49 61 6
61 49 6
50 61 898
61 50 898
50 59 993
59 50 993
50 53 202
53 50 202
51 61 848
61 51 848
53 61 593
61 53 593
55 56 389
56 55 389
55 61 444
61 55 444
55 63 839
63 55 839
55 62 282
62 55 282
55 62 666
62 55 666
55 58 533
58 55 533
55 56 485
56 55 485
56 62 478
62 56 478
57 57 386
57 57 386
61 62 285
62 61 285
61 63 750
63 61 750
