87

0 1 571
1 0 571
0 2 567
2 0 567
0 6 878
6 0 878
0 35 522
35 0 522
0 17 11
17 0 11
0 37 585
37 0 585
0 14 704
14 0 704
0 64 893
64 0 893
0 71 762
71 0 762
0 16 373
16 0 373
1 4 984
4 1 984
1 4 16
4 1 16
1 13 321
13 1 321
1 76 355
76 1 355
1 8 399
8 1 399
1 43 893
43 1 893
1 28 364
28 1 364
1 9 943
9 1 943
1 65 269
65 1 269
1 54 239
54 1 239
1 19 789
19 1 789
2 3 139
3 2 139
2 5 85
5 2 85
2 12 145
12 2 145
2 6 894
6 2 894
2 77 583
77 2 583
2 82 691
82 2 691
2 82 147
82 2 147
2 58 533
58 2 533
2 11 561
11 2 561
2 29 283
29 2 283
2 80 913
80 2 913
2 27 232
27 2 232
3 23 905
23 3 905
3 52 503
52 3 503
3 6 388
6 3 388
3 85 278
85 3 278
3 76 72
76 3 72
3 60 263
60 3 263
3 18 183
18 3 183
3 17 777
17 3 777
3 60 80
60 3 80
3 4 988
4 3 988
3 52 455
52 3 455
3 18 957
18 3 957
3 16 166
16 3 166
4 8 369
8 4 369
4 11 174
11 4 174
4 27 785
27 4 785
4 54 938
54 4 938
4 14 162
14 4 162
4 41 63
41 4 63
4 79 529
79 4 529
4 27 571
27 4 571
4 5 81
5 4 81
4 31 250
31 4 250
4 13 955
13 4 955
4 77 987
77 4 987
4 32 661
32 4 661
4 21 446
21 4 446
4 26 103
26 4 103
5 47 22
47 5 22
5 59 968
59 5 968
5 78 534
78 5 534
5 85 4
85 5 4
5 48 257
48 5 257
5 68 869
68 5 869
5 68 885
68 5 885
5 86 420
86 5 420
5 21 358
21 5 358
5 68 923
68 5 923
5 86 223
86 5 223
6 7 145
7 6 145
6 15 119
15 6 119
6 22 150
22 6 150
6 30 285
30 6 285
6 14 738
14 6 738
6 72 115
72 6 115
6 55 714
55 6 714
6 67 252
67 6 252
6 16 735
16 6 735
6 49 272
49 6 272
6 25 58
25 6 58
6 9 114
9 6 114
6 21 521
21 6 521
6 31 146
31 6 146
7 56 279
56 7 279
7 11 288
11 7 288
7 77 939
77 7 939
7 47 964
47 7 964
7 27 310
27 7 310
7 23 439
23 7 439
7 40 154
40 7 154
7 62 332
62 7 332
8 9 4
9 8 4
8 10 588
10 8 588
8 14 69
14 8 69
8 30 180
30 8 180
8 37 551
37 8 551
8 73 138
73 8 138
8 60 958
60 8 958
8 36 364
36 8 364
8 76 970
76 8 970
8 14 891
14 8 891
8 84 937
84 8 937
8 37 8
37 8 8
8 56 88
56 8 88
9 18 435
18 9 435
9 26 118
26 9 118
9 63 230
63 9 230
9 52 748
52 9 748
9 16 621
16 9 621
9 85 786
85 9 786
9 57 143
57 9 143
9 21 262
21 9 262
9 40 864
40 9 864
10 13 482
13 10 482
10 25 429
25 10 429
10 44 555
44 10 555
10 79 474
79 10 474
10 30 552
30 10 552
10 70 764
70 10 764
10 27 855
27 10 855
10 65 802
65 10 802
10 62 120
62 10 120
10 71 224
71 10 224
11 16 35
16 11 35
11 24 904
24 11 904
11 32 475
32 11 475
11 53 655
53 11 655
11 46 600
46 11 600
11 22 556
22 11 556
11 24 127
24 11 127
11 86 924
86 11 924
11 82 600
82 11 600
11 53 623
53 11 623
11 46 151
46 11 151
11 72 906
72 11 906
11 35 767
35 11 767
11 48 401
48 11 401
11 71 84
71 11 84
12 80 972
80 12 972
12 64 112
64 12 112
12 64 318
64 12 318
12 30 891
30 12 891
12 24 720
24 12 720
13 28 326
28 13 326
13 43 553
43 13 553
13 49 649
49 13 649
13 85 958
85 13 958
13 44 814
44 13 814
14 17 487
17 14 487
14 41 964
41 14 964
14 16 523
16 14 523
14 60 168
60 14 168
14 19 813
19 14 813
14 64 66
64 14 66
14 71 454
71 14 454
14 41 908
41 14 908
14 15 287
15 14 287
14 35 59
35 14 59
14 36 524
36 14 524
15 25 972
25 15 972
15 39 434
39 15 434
15 82 401
82 15 401
15 86 94
86 15 94
15 78 360
78 15 360
15 63 989
63 15 989
15 39 454
39 15 454
15 77 946
77 15 946
16 20 731
20 16 731
16 29 828
29 16 828
16 57 388
57 16 388
16 27 346
27 16 346
16 55 408
55 16 408
16 86 53
86 16 53
16 83 519
83 16 519
16 30 994
30 16 994
16 40 276
40 16 276
16 34 387
34 16 387
16 36 737
36 16 737
17 21 306
21 17 306
17 61 928
61 17 928
17 38 528
38 17 528
17 65 342
65 17 342
17 38 526
38 17 526
17 63 158
63 17 158
17 32 908
32 17 908
18 19 759
19 18 759
18 76 279
76 18 279
18 77 853
77 18 853
18 86 720
86 18 720
18 28 627
28 18 627
18 78 512
78 18 512
18 84 298
84 18 298
18 68 16
68 18 16
18 59 820
59 18 820
19 57 454
57 19 454
19 74 707
74 19 707
19 37 854
37 19 854
19 27 216
27 19 216
19 36 538
36 19 538
19 52 885
52 19 885
19 22 764
22 19 764
19 22 376
22 19 376
20 36 911
36 20 911
20 40 690
40 20 690
20 51 560
51 20 560
20 65 1000
65 20 1000
20 43 943
43 20 943
20 82 200
82 20 200
21 45 923
45 21 923
21 83 594
83 21 594
21 52 584
52 21 584
21 52 315
52 21 315
22 41 832
41 22 832
22 53 506
53 22 506
22 49 224
49 22 224
22 59 313
59 22 313
22 73 497
73 22 497
22 58 404
58 22 404
22 74 639
74 22 639
22 65 818
65 22 818
22 69 126
69 22 126
22 60 685
60 22 685
22 76 1
76 22 1
22 46 412
46 22 412
23 52 742
52 23 742
23 73 570
73 23 570
23 60 957
60 23 957
23 46 747
46 23 747
23 35 95
35 23 95
23 66 156
66 23 156
23 55 403
55 23 403
23 63 468
63 23 468
23 27 366
27 23 366
23 67 981
67 23 981
23 41 42
41 23 42
24 64 11
64 24 11
24 75 436
75 24 436
24 75 224
75 24 224
24 79 845
79 24 845
24 61 865
61 24 865
24 37 817
37 24 817
24 31 853
31 24 853
24 49 809
49 24 809
25 46 879
46 25 879
25 50 4
50 25 4
25 51 201
51 25 201
25 56 435
56 25 435
25 64 281
64 25 281
25 46 93
46 25 93
25 80 3
80 25 3
26 38 936
38 26 936
26 27 251
27 26 251
26 66 202
66 26 202
26 85 765
85 26 765
26 60 616
60 26 616
26 86 712
86 26 712
26 73 550
73 26 550
26 45 68
45 26 68
26 38 484
38 26 484
26 55 766
55 26 766
27 34 100
34 27 100
27 48 906
48 27 906
27 62 867
62 27 867
27 41 240
41 27 240
27 41 367
41 27 367
27 80 538
80 27 538
28 84 459
84 28 459
28 31 928
31 28 928
28 81 957
81 28 957
28 85 121
85 28 121
28 66 779
66 28 779
28 64 813
64 28 813
29 65 670
65 29 670
29 70 646
70 29 646
29 43 186
43 29 186
29 63 890
63 29 890
30 31 798
31 30 798
30 33 826
33 30 826
30 42 880
42 30 880
30 67 244
67 30 244
30 41 747
41 30 747
30 40 742
40 30 742
30 31 930
31 30 930
30 56 869
56 30 869
30 77 722
77 30 722
30 41 867
41 30 867
30 34 204
34 30 204
30 85 90
85 30 90
30 47 416
47 30 416
30 41 428
41 30 428
30 76 80
76 30 80
31 62 643
62 31 643
31 72 786
72 31 786
31 42 962
42 31 962
31 42 712
42 31 712
31 83 388
83 31 388
31 35 268
35 31 268
31 59 640
59 31 640
32 77 266
77 32 266
32 78 237
78 32 237
32 72 778
72 32 778
32 46 827
46 32 827
32 33 7
33 32 7
33 36 433
36 33 433
33 73 831
73 33 831
33 76 189
76 33 189
33 46 136
46 33 136
33 35 432
35 33 432
34 76 490
76 34 490
34 75 817
75 34 817
34 63 795
63 34 795
34 58 370
58 34 370
34 61 990
61 34 990
35 36 612
36 35 612
35 60 578
60 35 578
35 46 808
46 35 808
35 53 960
53 35 960
35 80 26
80 35 26
35 59 560
59 35 560
35 54 889
54 35 889
36 44 296
44 36 296
36 81 776
81 36 776
36 55 874
55 36 874
36 62 404
62 36 404
36 42 832
42 36 832
36 44 81
44 36 81
36 50 664
50 36 664
36 86 752
86 36 752
36 47 746
47 36 746
36 61 183
61 36 183
36 63 228
63 36 228
36 43 609
43 36 609
37 78 66
78 37 66
37 37 287
37 37 287
37 66 439
66 37 439
37 41 18
41 37 18
37 74 118
74 37 118
38 83 941
83 38 941
38 48 309
48 38 309
38 61 960
61 38 960
38 74 581
74 38 581
38 62 224
62 38 224
39 80 540
80 39 540
39 58 81
58 39 81
39 58 246
58 39 246
39 57 587
57 39 587
40 58 776
58 40 776
40 41 50
41 40 50
41 60 261
60 41 261
41 71 186
71 41 186
41 68 25
68 41 25
41 52 509
52 41 509
41 86 560
86 41 560
41 69 65
69 41 65
41 54 440
54 41 440
41 51 710
51 41 710
41 53 270
53 41 270
42 69 240
69 42 240
42 67 89
67 42 89
42 75 997
75 42 997
42 69 872
69 42 872
42 48 522
48 42 522
43 61 977
61 43 977
43 54 1
54 43 1
43 73 372
73 43 372
43 72 235
72 43 235
43 75 810
75 43 810
43 85 824
85 43 824
43 78 956
78 43 956
44 70 751
70 44 751
44 71 161
71 44 161
44 66 499
66 44 499
44 60 602
60 44 602
45 67 307
67 45 307
45 66 581
66 45 581
45 75 486
75 45 486
46 46 468
46 46 468
47 78 525
78 47 525
48 53 765
53 48 765
48 85 113
85 48 113
48 51 12
51 48 12
49 66 156
66 49 156
49 50 518
50 49 518
49 73 733
73 49 733
49 58 576
58 49 576
49 84 331
84 49 331
50 55 807
55 50 807
50 61 735
61 50 735
50 83 301
83 50 301
50 63 772
63 50 772
50 84 217
84 50 217
50 85 665
85 50 665
50 62 40
62 50 40
50 78 494
78 50 494
50 73 941
73 50 941
50 71 49
71 50 49
51 69 673
69 51 673
51 81 657
81 51 657
52 53 64
53 52 64
52 61 170
61 52 170
52 60 203
60 52 203
52 57 531
57 52 531
52 66 330
66 52 330
53 65 867
65 53 867
53 68 561
68 53 561
53 69 156
69 53 156
53 82 287
82 53 287
53 67 324
67 53 324
53 79 95
79 53 95
53 56 995
56 53 995
53 63 46
63 53 46
53 63 900
63 53 900
54 59 816
59 54 816
54 64 711
64 54 711
54 62 156
62 54 156
54 83 150
83 54 150
54 73 203
73 54 203
54 76 585
76 54 585
55 66 364
66 55 364
55 72 248
72 55 248
56 69 619
69 56 619
56 85 67
85 56 67
56 61 596
61 56 596
56 56 728
56 56 728
56 79 715
79 56 715
56 68 275
68 56 275
57 62 181
62 57 181
57 69 887
69 57 887
57 78 112
78 57 112
58 64 748
64 58 748
58 60 769
60 58 769
58 69 535
69 58 535
58 76 9
76 58 9
59 63 876
63 59 876
59 62 915
62 59 915
60 71 4
71 60 4
60 63 89
63 60 89
61 72 544
72 61 544
62 67 613
67 62 613
63 81 261
81 63 261
64 75 399
75 64 399
64 77 375
77 64 375
64 85 428
85 64 428
65 81 131
81 65 131
66 79 5
79 66 5
66 83 409
83 66 409
66 81 431
81 66 431
66 76 114
76 66 114
67 82 792
82 67 792
67 86 309
86 67 309
67 85 894
85 67 894
67 67 907
67 67 907
67 81 190
81 67 190
68 77 461
77 68 461
68 79 267
79 68 267
69 82 331
82 69 331
71 86 855
86 71 855
71 85 818
85 71 818
72 84 45
84 72 45
72 76 839
76 72 839
73 75 693
75 73 693
74 86 482
86 74 482
75 84 665
84 75 665
75 78 968
78 75 968
75 86 838
86 75 838
75 76 157
76 75 157
76 85 725
85 76 725
77 85 718
85 77 718
77 85 509
85 77 509
82 83 349
83 82 349
