38

0 1 746
1 0 746
0 3 452
3 0 452
0 5 533
5 0 533
0 37 750
37 0 750
0 12 244
12 0 244
0 14 411
14 0 411
1 2 856
2 1 856
2 6 311
6 2 311
2 12 363
12 2 363
2 23 183
23 2 183
2 32 806
32 2 806
2 12 752
12 2 752
3 4 781
4 3 781
3 25 800
25 3 800
3 33 400
33 3 400
3 9 426
9 3 426
4 14 802
14 4 802
4 30 494
30 4 494
4 34 397
34 4 397
4 25 45
25 4 45
5 7 11
7 5 11
5 9 139
9 5 139
5 17 475
17 5 475
5 30 10
30 5 10
5 33 125
33 5 125
5 11 865
11 5 865
6 17 576
17 6 576
7 8 525
8 7 525
7 13 651
13 7 651
7 13 368
13 7 368
7 8 647
8 7 647
8 15 753
15 8 753
8 16 50
16 8 50
8 23 681
23 8 681
9 10 779
10 9 779
9 11 931
11 9 931
9 34 130
34 9 130
9 24 538
24 9 538
9 10 719
10 9 719
9 27 676
27 9 676
9 16 707
16 9 707
9 36 371
36 9 371
11 32 23
32 11 23
11 26 101
26 11 101
11 17 122
17 11 122
11 18 680
18 11 680
12 20 585
20 12 585
12 35 677
35 12 677
12 28 125
28 12 125
13 18 153
18 13 153
13 19 130
19 13 130
13 21 572
21 13 572
13 30 598
30 13 598
13 35 766
35 13 766
13 37 948
37 13 948
13 25 628
25 13 628
14 31 638
31 14 638
14 22 107
22 14 107
14 15 770
15 14 770
14 20 683
20 14 683
15 22 843
22 15 843
16 34 523
34 16 523
16 17 607
17 16 607
18 24 352
24 18 352
18 33 560
33 18 560
18 25 114
25 18 114
19 35 384
35 19 384
20 28 870
28 20 870
20 23 393
23 20 393
21 26 82
26 21 82
21 37 486
37 21 486
21 31 249
31 21 249
21 33 612
33 21 612
25 36 190
36 25 190
25 32 888
32 25 888
26 27 912
27 26 912
26 29 180
29 26 180
26 33 124
33 26 124
28 32 566
32 28 566
29 35 389
35 29 389
30 30 680
30 30 680
31 34 617
34 31 617
