40

0 1 214
1 0 214
0 20 46
20 0 46
0 24 303
24 0 303
0 4 635
4 0 635
0 14 162
14 0 162
1 2 200
2 1 200
1 9 317
9 1 317
1 39 801
39 1 801
1 25 622
25 1 622
2 3 866
3 2 866
2 4 782
4 2 782
2 8 293
8 2 293
2 11 948
11 2 948
2 14 968
14 2 968
2 11 952
11 2 952
3 6 610
6 3 610
3 33 979
33 3 979
3 7 748
7 3 748
4 5 696
5 4 696
4 29 927
29 4 927
4 18 467
18 4 467
5 15 521
15 5 521
5 27 403
27 5 403
5 37 72
37 5 72
5 6 969
6 5 969
5 25 146
25 5 146
5 36 928
36 5 928
6 7 915
7 6 915
6 13 363
13 6 363
6 16 40
16 6 40
6 23 994
23 6 994
6 33 765
33 6 765
7 26 114
26 7 114
7 20 235
20 7 235
8 22 579
22 8 579
9 10 252
10 9 252
9 10 184
10 9 184
9 39 414
39 9 414
10 12 617
12 10 617
10 17 362
17 10 362
10 19 540
19 10 540
10 17 110
17 10 110
10 37 874
37 10 874
11 26 61
26 11 61
12 21 335
21 12 335
12 24 834
24 12 834
12 34 319
34 12 319
12 25 856
25 12 856
13 27 941
27 13 941
13 39 840
39 13 840
13 34 431
34 13 431
14 20 675
20 14 675
16 28 309
28 16 309
16 38 410
38 16 410
16 24 889
24 16 889
17 18 155
18 17 155
17 26 302
26 17 302
18 36 639
36 18 639
19 38 333
38 19 333
19 20 181
20 19 181
19 32 87
32 19 87
20 36 204
36 20 204
20 32 629
32 20 629
22 30 585
30 22 585
22 28 879
28 22 879
23 25 293
25 23 293
24 34 740
34 24 740
26 32 142
32 26 142
26 28 595
28 26 595
27 35 490
35 27 490
27 29 818
29 27 818
27 35 414
35 27 414
27 27 977
27 27 977
27 33 604
33 27 604
30 31 779
31 30 779
30 37 220
37 30 220
