100

0 1 365
1 0 365
0 2 632
2 0 632
0 4 787
4 0 787
0 51 110
51 0 110
0 20 981
20 0 981
0 58 989
58 0 989
0 89 135
89 0 135
0 93 91
93 0 91
0 23 948
23 0 948
0 47 533
47 0 533
0 20 707
20 0 707
1 5 914
5 1 914
1 6 94
6 1 94
1 7 993
7 1 993
1 94 261
94 1 261
1 96 794
96 1 794
1 35 380
35 1 380
1 11 584
11 1 584
1 63 70
63 1 70
1 39 820
39 1 820
1 54 399
54 1 399
1 29 377
29 1 377
1 25 175
25 1 175
1 96 338
96 1 338
2 3 224
3 2 224
2 29 606
29 2 606
2 39 930
39 2 930
2 44 841
44 2 841
2 59 894
59 2 894
2 27 690
27 2 690
2 98 336
98 2 336
2 35 215
35 2 215
3 8 592
8 3 592
3 10 345
10 3 345
3 75 420
75 3 420
3 75 925
75 3 925
3 28 981
28 3 981
3 41 345
41 3 345
3 70 896
70 3 896
3 15 959
15 3 959
3 80 637
80 3 637
3 81 215
81 3 215
4 11 122
11 4 122
4 19 625
19 4 625
4 26 934
26 4 934
4 48 158
48 4 158
4 38 870
38 4 870
4 73 872
73 4 872
4 44 360
44 4 360
4 41 343
41 4 343
5 13 519
13 5 519
5 41 596
41 5 596
5 45 882
45 5 882
5 41 546
41 5 546
5 86 482
86 5 482
5 63 246
63 5 246
5 88 918
88 5 918
5 78 297
78 5 297
5 55 923
55 5 923
6 17 451
17 6 451
6 27 520
27 6 520
6 35 753
35 6 753
6 75 293
75 6 293
6 71 81
71 6 81
6 75 521
75 6 521
6 89 480
89 6 480
6 33 1000
33 6 1000
6 53 451
53 6 451
6 40 124
40 6 124
7 16 943
16 7 943
7 34 384
34 7 384
7 55 457
55 7 457
7 26 508
26 7 508
7 43 302
43 7 302
7 41 958
41 7 958
7 34 248
34 7 248
8 9 110
9 8 110
8 14 311
14 8 311
8 38 45
38 8 45
8 72 24
72 8 24
8 66 194
66 8 194
8 64 544
64 8 544
8 37 334
37 8 334
8 97 293
97 8 293
8 94 714
94 8 714
8 95 722
95 8 722
9 15 301
15 9 301
9 20 939
20 9 939
9 81 33
81 9 33
9 21 695
21 9 695
9 93 985
93 9 985
9 29 424
29 9 424
9 28 160
28 9 160
9 95 871
95 9 871
9 13 561
13 9 561
9 17 923
17 9 923
9 71 682
71 9 682
10 12 717
12 10 717
10 37 77
37 10 77
10 52 593
52 10 593
10 71 834
71 10 834
10 69 170
69 10 170
10 57 996
57 10 996
11 36 675
36 11 675
11 49 638
49 11 638
11 30 557
30 11 557
11 39 337
39 11 337
11 34 152
34 11 152
11 92 460
92 11 460
11 38 539
38 11 539
11 84 425
84 11 425
11 70 778
70 11 778
11 74 417
74 11 417
11 94 753
94 11 753
12 22 846
22 12 846
12 23 415
23 12 415
12 31 138
31 12 138
12 14 681
14 12 681
13 18 412
18 13 412
13 80 791
80 13 791
13 43 879
43 13 879
13 72 863
72 13 863
13 88 212
88 13 212
14 25 740
25 14 740
14 45 333
45 14 333
14 61 44
61 14 44
14 42 452
42 14 452
14 57 285
57 14 285
14 98 761
98 14 761
14 91 878
91 14 878
14 33 337
33 14 337
14 44 672
44 14 672
14 52 322
52 14 322
14 68 613
68 14 613
15 28 846
28 15 846
15 32 453
32 15 453
15 69 998
69 15 998
15 54 27
54 15 27
15 26 370
26 15 370
15 30 266
30 15 266
16 89 766
89 16 766
16 50 203
50 16 203
16 84 326
84 16 326
16 25 132
25 16 132
17 21 276
21 17 276
17 60 243
60 17 243
17 87 807
87 17 807
17 93 248
93 17 248
17 85 736
85 17 736
17 77 914
77 17 914
17 26 170
26 17 170
17 42 439
42 17 439
17 35 82
35 17 82
18 33 594
33 18 594
18 77 554
77 18 554
18 95 608
95 18 608
18 98 533
98 18 533
18 79 137
79 18 137
18 50 440
50 18 440
18 77 822
77 18 822
19 24 23
24 19 23
19 79 199
79 19 199
19 21 84
21 19 84
19 30 191
30 19 191
19 47 235
47 19 235
19 92 256
92 19 256
19 81 388
81 19 388
20 53 880
53 20 880
20 91 445
91 20 445
20 93 191
93 20 191
20 39 461
39 20 461
20 88 205
88 20 205
20 46 202
46 20 202
20 54 128
54 20 128
21 30 176
30 21 176
21 47 561
47 21 561
21 95 275
95 21 275
21 62 260
62 21 260
21 93 955
93 21 955
21 54 829
54 21 829
21 64 63
64 21 63
21 98 20
98 21 20
21 31 1000
31 21 1000
22 69 120
69 22 120
22 29 563
29 22 563
22 58 5
58 22 5
22 25 127
25 22 127
23 42 336
42 23 336
23 78 968
78 23 968
23 45 187
45 23 187
23 34 188
34 23 188
24 56 984
56 24 984
24 27 757
27 24 757
24 35 973
35 24 973
24 54 400
54 24 400
25 52 639
52 25 639
25 68 939
68 25 939
25 43 297
43 25 297
25 40 826
40 25 826
25 53 172
53 25 172
25 76 159
76 25 159
25 67 759
67 25 759
25 40 797
40 25 797
26 36 680
36 26 680
26 45 352
45 26 352
26 46 122
46 26 122
26 69 395
69 26 395
27 69 326
69 27 326
27 44 662
44 27 662
27 95 767
95 27 767
27 40 801
40 27 801
27 29 479
29 27 479
28 31 340
31 28 340
28 84 385
84 28 385
29 54 417
54 29 417
29 67 109
67 29 109
29 68 451
68 29 451
29 69 554
69 29 554
29 91 639
91 29 639
29 53 697
53 29 697
30 67 379
67 30 379
30 86 744
86 30 744
30 49 514
49 30 514
30 89 987
89 30 987
30 60 716
60 30 716
31 92 773
92 31 773
31 71 226
71 31 226
31 69 10
69 31 10
31 58 410
58 31 410
31 53 144
53 31 144
32 85 139
85 32 139
32 33 840
33 32 840
32 37 21
37 32 21
32 64 397
64 32 397
32 46 130
46 32 130
32 69 713
69 32 713
33 72 141
72 33 141
33 96 218
96 33 218
33 58 335
58 33 335
33 60 74
60 33 74
33 41 655
41 33 655
34 50 660
50 34 660
34 62 158
62 34 158
34 63 638
63 34 638
34 99 256
99 34 256
34 55 709
55 34 709
34 94 891
94 34 891
34 40 414
40 34 414
34 52 594
52 34 594
34 70 815
70 34 815
35 70 907
70 35 907
35 80 864
80 35 864
35 69 446
69 35 446
35 85 985
85 35 985
36 43 865
43 36 865
36 46 457
46 36 457
36 73 830
73 36 830
36 63 918
63 36 918
36 45 423
45 36 423
36 98 353
98 36 353
37 58 579
58 37 579
37 48 31
48 37 31
37 41 260
41 37 260
37 40 417
40 37 417
37 82 938
82 37 938
37 50 939
50 37 939
37 53 301
53 37 301
37 61 545
61 37 545
38 43 329
43 38 329
38 74 139
74 38 139
38 64 918
64 38 918
38 93 310
93 38 310
38 58 455
58 38 455
39 40 945
40 39 945
39 40 967
40 39 967
39 49 721
49 39 721
40 73 409
73 40 409
40 75 475
75 40 475
41 51 232
51 41 232
41 68 121
68 41 121
41 56 335
56 41 335
41 60 465
60 41 465
41 85 839
85 41 839
42 68 50
68 42 50
42 70 11
70 42 11
42 94 474
94 42 474
42 43 645
43 42 645
43 82 764
82 43 764
43 58 162
58 43 162
43 72 492
72 43 492
44 77 782
77 44 782
44 65 200
65 44 200
44 71 476
71 44 476
44 50 533
50 44 533
44 44 542
44 44 542
45 91 789
91 45 789
45 57 34
57 45 34
46 74 239
74 46 239
46 47 492
47 46 492
46 83 473
83 46 473
47 57 526
57 47 526
47 94 308
94 47 308
47 50 121
50 47 121
47 99 328
99 47 328
47 84 340
84 47 340
47 47 371
47 47 371
48 66 889
66 48 889
48 82 84
82 48 84
48 63 849
63 48 849
48 58 841
58 48 841
48 53 768
53 48 768
49 65 510
65 49 510
49 56 294
56 49 294
49 65 618
65 49 618
50 68 271
68 50 271
50 88 708
88 50 708
50 57 308
57 50 308
50 51 374
51 50 374
51 59 583
59 51 583
52 85 867
85 52 867
52 66 867
66 52 867
53 71 650
71 53 650
53 91 803
91 53 803
54 63 89
63 54 89
54 85 581
85 54 581
54 64 670
64 54 670
54 75 815
75 54 815
55 91 844
91 55 844
55 62 274
62 55 274
56 64 257
64 56 257
57 85 197
85 57 197
58 63 420
63 58 420
59 68 796
68 59 796
60 98 55
98 60 55
60 98 315
98 60 315
60 78 486
78 60 486
60 68 345
68 60 345
60 71 533
71 60 533
60 67 757
67 60 757
60 80 940
80 60 940
60 99 985
99 60 985
61 64 271
64 61 271
61 88 77
88 61 77
61 83 579
83 61 579
61 64 775
64 61 775
61 67 91
67 61 91
61 71 341
71 61 341
61 97 286
97 61 286
61 74 189
74 61 189
62 89 430
89 62 430
62 71 939
71 62 939
63 86 116
86 63 116
64 71 21
71 64 21
64 91 833
91 64 833
65 76 959
76 65 959
65 96 135
96 65 135
66 98 63
98 66 63
66 80 143
80 66 143
67 90 464
90 67 464
67 76 581
76 67 581
68 81 438
81 68 438
68 95 806
95 68 806
68 71 713
71 68 713
69 92 715
92 69 715
69 88 704
88 69 704
69 82 814
82 69 814
69 99 219
99 69 219
70 88 894
88 70 894
70 95 737
95 70 737
70 78 366
78 70 366
71 83 150
83 71 150
71 71 697
71 71 697
71 84 900
84 71 900
71 84 114
84 71 114
72 86 466
86 72 466
73 83 468
83 73 468
75 87 732
87 75 732
75 75 528
75 75 528
79 81 372
81 79 372
79 93 384
93 79 384
80 83 788
83 80 788
82 94 964
94 82 964
83 90 907
90 83 907
87 88 911
88 87 911
88 89 145
89 88 145
88 93 155
93 88 155
89 93 95
93 89 95
95 98 964
98 95 964
96 97 940
97 96 940
97 99 932
99 97 932
