100

0 1 144
1 0 144
0 4 322
4 0 322
0 14 727
14 0 727
1 2 303
2 1 303
1 21 549
21 1 549
1 56 588
56 1 588
2 3 699
3 2 699
2 41 174
41 2 174
2 58 919
58 2 919
2 68 456
68 2 456
2 47 864
47 2 864
3 5 386
5 3 386
3 32 802
32 3 802
3 42 83
42 3 83
3 98 129
98 3 129
3 35 574
35 3 574
3 89 238
89 3 238
3 8 986
8 3 986
3 97 304
97 3 304
4 8 456
8 4 456
4 24 117
24 4 117
4 48 699
48 4 699
4 88 587
88 4 587
4 78 572
78 4 572
4 80 992
80 4 992
5 6 837
6 5 837
5 9 776
9 5 776
5 38 121
38 5 121
5 46 716
46 5 716
5 77 260
77 5 260
5 8 342
8 5 342
5 16 551
16 5 551
5 80 195
80 5 195
5 98 274
98 5 274
6 7 390
7 6 390
6 10 219
10 6 219
6 15 935
15 6 935
6 26 425
26 6 425
6 78 255
78 6 255
6 49 659
49 6 659
6 35 871
35 6 871
7 30 26
30 7 26
7 62 243
62 7 243
7 10 971
10 7 971
7 18 634
18 7 634
8 11 270
11 8 270
8 20 675
20 8 675
8 61 849
61 8 849
8 44 9
44 8 9
8 58 827
58 8 827
9 60 414
60 9 414
9 33 879
33 9 879
9 95 965
95 9 965
10 12 210
12 10 210
10 13 288
13 10 288
10 16 632
16 10 632
10 17 677
17 10 677
10 54 518
54 10 518
10 70 824
70 10 824
10 79 874
79 10 874
11 31 141
31 11 141
11 45 627
45 11 627
12 28 392
28 12 392
12 79 823
79 12 823
12 50 923
50 12 923
12 74 939
74 12 939
12 56 503
56 12 503
12 15 282
15 12 282
12 80 796
80 12 796
12 19 868
19 12 868
13 45 133
45 13 133
13 50 134
50 13 134
13 45 390
45 13 390
13 35 853
35 13 853
13 92 292
92 13 292
13 35 180
35 13 180
14 18 262
18 14 262
14 74 471
74 14 471
14 76 190
76 14 190
14 33 415
33 14 415
14 37 471
37 14 471
16 19 950
19 16 950
16 22 730
22 16 730
16 25 14
25 16 14
16 37 411
37 16 411
16 54 223
54 16 223
16 68 198
68 16 198
16 63 62
63 16 62
16 96 833
96 16 833
16 83 512
83 16 512
16 24 392
24 16 392
17 39 471
39 17 471
17 81 140
81 17 140
17 96 885
96 17 885
17 19 495
19 17 495
17 45 880
45 17 880
18 23 293
23 18 293
18 55 476
55 18 476
18 85 790
85 18 790
18 62 515
62 18 515
18 75 149
75 18 149
18 74 178
74 18 178
18 87 936
87 18 936
18 76 500
76 18 500
18 22 310
22 18 310
19 61 711
61 19 711
19 26 183
26 19 183
20 26 366
26 20 366
20 63 625
63 20 625
20 35 617
35 20 617
21 34 141
34 21 141
21 51 493
51 21 493
21 58 655
58 21 655
21 51 435
51 21 435
21 29 989
29 21 989
22 29 11
29 22 11
22 36 497
36 22 497
22 96 263
96 22 263
22 39 861
39 22 861
23 27 408
27 23 408
23 31 588
31 23 588
23 54 408
54 23 408
23 30 289
30 23 289
23 48 657
48 23 657
23 63 203
63 23 203
24 53 81
53 24 81
24 87 867
87 24 867
24 71 730
71 24 730
24 32 197
32 24 197
24 78 544
78 24 544
25 33 163
33 25 163
25 71 506
71 25 506
25 90 427
90 25 427
25 45 571
45 25 571
26 67 573
67 26 573
26 94 289
94 26 289
26 67 54
67 26 54
27 67 467
67 27 467
27 69 591
69 27 591
27 51 76
51 27 76
28 40 819
40 28 819
28 61 145
61 28 145
29 78 691
78 29 691
29 64 234
64 29 234
29 73 975
73 29 975
30 45 458
45 30 458
31 42 477
42 31 477
32 35 237
35 32 237
32 57 79
57 32 79
32 80 608
80 32 608
33 47 734
47 33 734
33 73 795
73 33 795
33 60 691
60 33 691
33 37 338
37 33 338
34 60 21
60 34 21
34 68 618
68 34 618
34 70 166
70 34 166
34 52 26
52 34 26
34 64 526
64 34 526
34 69 71
69 34 71
35 81 561
81 35 561
35 85 23
85 35 23
35 43 182
43 35 182
35 64 522
64 35 522
36 44 342
44 36 342
36 59 924
59 36 924
36 62 190
62 36 190
36 82 976
82 36 976
36 56 714
56 36 714
36 60 191
60 36 191
36 47 807
47 36 807
37 49 441
49 37 441
37 65 516
65 37 516
37 69 265
69 37 265
37 51 448
51 37 448
38 52 604
52 38 604
38 64 226
64 38 226
38 56 120
56 38 120
38 48 135
48 38 135
38 56 822
56 38 822
39 86 174
86 39 174
39 72 934
72 39 934
39 81 425
81 39 425
39 59 383
59 39 383
40 63 924
63 40 924
40 46 140
46 40 140
41 43 342
43 41 342
41 68 160
68 41 160
41 74 819
74 41 819
42 92 691
92 42 691
42 45 315
45 42 315
42 48 650
48 42 650
42 98 454
98 42 454
43 89 141
89 43 141
43 59 578
59 43 578
43 76 949
76 43 949
44 84 183
84 44 183
44 47 699
47 44 699
45 97 435
97 45 435
45 59 127
59 45 127
45 59 281
59 45 281
45 74 117
74 45 117
46 75 486
75 46 486
46 99 573
99 46 573
47 75 499
75 47 499
48 87 459
87 48 459
49 92 536
92 49 536
50 70 618
70 50 618
51 72 773
72 51 773
51 63 178
63 51 178
51 83 13
83 51 13
51 84 127
84 51 127
51 98 216
98 51 216
51 70 306
70 51 306
52 66 70
66 52 70
52 65 7
65 52 7
52 97 820
97 52 820
52 67 977
67 52 977
52 86 603
86 52 603
52 57 403
57 52 403
52 65 169
65 52 169
52 94 698
94 52 698
54 63 879
63 54 879
54 87 170
87 54 170
54 96 419
96 54 419
54 74 174
74 54 174
54 63 934
63 54 934
55 98 808
98 55 808
57 93 767
93 57 767
57 65 908
65 57 908
58 90 602
90 58 602
58 89 605
89 58 605
58 74 654
74 58 654
61 89 577
89 61 577
62 88 237
88 62 237
62 79 959
79 62 959
64 66 52
66 64 52
64 93 855
93 64 855
65 91 195
91 65 195
66 96 529
96 66 529
67 76 104
76 67 104
69 85 789
85 69 789
69 76 629
76 69 629
70 94 795
94 70 795
70 86 212
86 70 212
71 75 130
75 71 130
73 76 548
76 73 548
74 88 302
88 74 302
75 92 389
92 75 389
75 95 588
95 75 588
76 99 92
99 76 92
76 78 260
78 76 260
79 95 779
95 79 779
79 82 440
82 79 440
80 85 360
85 80 360
80 86 328
86 80 328
80 90 648
90 80 648
81 83 311
83 81 311
82 89 852
89 82 852
84 86 816
86 84 816
84 92 789
92 84 789
87 91 333
91 87 333
88 91 215
91 88 215
88 93 488
93 88 488
88 89 227
89 88 227
89 93 787
93 89 787
92 96 961
96 92 961
