80

0 1 93
1 0 93
0 14 981
14 0 981
0 25 211
25 0 211
0 50 590
50 0 590
0 52 134
52 0 134
1 2 778
2 1 778
1 5 896
5 1 896
1 6 103
6 1 103
1 78 923
78 1 923
1 73 510
73 1 510
2 3 377
3 2 377
2 4 62
4 2 62
2 17 715
17 2 715
2 28 924
28 2 924
3 30 772
30 3 772
3 33 935
33 3 935
4 9 439
9 4 439
4 44 323
44 4 323
4 69 81
69 4 81
4 77 529
77 4 529
4 71 418
71 4 418
4 50 522
50 4 522
4 22 232
22 4 232
5 8 509
8 5 509
5 13 880
13 5 880
5 19 282
19 5 282
5 20 560
20 5 560
5 23 880
23 5 880
6 7 317
7 6 317
6 10 302
10 6 302
6 17 966
17 6 966
7 38 176
38 7 176
7 64 581
64 7 581
7 67 265
67 7 265
7 34 718
34 7 718
8 12 278
12 8 278
8 41 59
41 8 59
8 28 607
28 8 607
9 75 872
75 9 872
10 11 841
11 10 841
10 15 500
15 10 500
10 35 910
35 10 910
11 24 152
24 11 152
11 47 202
47 11 202
11 49 26
49 11 26
11 53 513
53 11 513
12 27 978
27 12 978
13 62 699
62 13 699
14 15 322
15 14 322
15 16 92
16 15 92
15 31 709
31 15 709
15 40 359
40 15 359
15 66 236
66 15 236
15 69 637
69 15 637
15 23 430
23 15 430
16 21 502
21 16 502
17 18 146
18 17 146
17 52 70
52 17 70
17 58 82
58 17 82
18 60 172
60 18 172
18 39 731
39 18 731
19 56 384
56 19 384
19 39 461
39 19 461
20 27 716
27 20 716
20 29 89
29 20 89
20 37 25
37 20 25
20 38 876
38 20 876
20 27 7
27 20 7
21 22 210
22 21 210
21 34 759
34 21 759
21 48 551
48 21 551
21 28 255
28 21 255
22 67 1000
67 22 1000
23 26 494
26 23 494
23 42 620
42 23 620
23 51 471
51 23 471
24 68 950
68 24 950
24 41 683
41 24 683
24 47 141
47 24 141
26 32 929
32 26 929
29 43 665
43 29 665
30 32 366
32 30 366
30 36 864
36 30 864
30 67 974
67 30 974
32 48 348
48 32 348
32 37 482
37 32 482
33 71 858
71 33 858
34 63 935
63 34 935
34 49 850
49 34 850
35 54 691
54 35 691
35 75 555
75 35 555
37 46 240
46 37 240
37 76 339
76 37 339
38 39 408
39 38 408
38 55 881
55 38 881
39 45 163
45 39 163
39 57 160
57 39 160
40 45 748
45 40 748
40 55 861
55 40 861
41 59 195
59 41 195
41 55 763
55 41 763
42 70 913
70 42 913
45 57 600
57 45 600
45 58 998
58 45 998
45 66 162
66 45 162
46 61 604
61 46 604
47 67 90
67 47 90
48 53 902
53 48 902
48 72 327
72 48 327
48 73 601
73 48 601
48 68 633
68 48 633
50 62 124
62 50 124
50 64 936
64 50 936
53 59 432
59 53 432
54 74 707
74 54 707
57 65 324
65 57 324
57 79 59
79 57 59
60 60 680
60 60 680
62 66 849
66 62 849
63 72 777
72 63 777
72 77 973
77 72 973
77 79 384
79 77 384
