84

0 1 612
1 0 612
0 2 957
2 0 957
0 4 534
4 0 534
0 5 213
5 0 213
0 7 383
7 0 383
0 10 472
10 0 472
0 52 550
52 0 550
0 20 718
20 0 718
0 25 988
25 0 988
0 71 331
71 0 331
0 65 134
65 0 134
0 60 888
60 0 888
0 80 686
80 0 686
0 19 185
19 0 185
1 6 803
6 1 803
1 13 976
13 1 976
1 61 142
61 1 142
1 21 873
21 1 873
1 16 988
16 1 988
1 43 632
43 1 632
2 3 22
3 2 22
2 33 922
33 2 922
2 37 69
37 2 69
2 81 464
81 2 464
2 41 372
41 2 372
2 9 983
9 2 983
2 56 140
56 2 140
3 20 91
20 3 91
3 67 154
67 3 154
3 72 958
72 3 958
3 73 178
73 3 178
3 36 432
36 3 432
3 41 870
41 3 870
4 8 280
8 4 280
4 14 107
14 4 107
4 17 5
17 4 5
4 28 294
28 4 294
4 56 380
56 4 380
4 49 253
49 4 253
4 16 264
16 4 264
4 38 272
38 4 272
4 14 257
14 4 257
4 31 396
31 4 396
4 12 781
12 4 781
4 67 314
67 4 314
5 12 968
12 5 968
5 62 596
62 5 596
5 71 224
71 5 224
5 18 656
18 5 656
5 40 377
40 5 377
5 60 454
60 5 454
5 72 188
72 5 188
6 26 809
26 6 809
6 47 308
47 6 308
6 46 394
46 6 394
6 42 62
42 6 62
6 21 987
21 6 987
7 11 313
11 7 313
7 38 538
38 7 538
7 20 52
20 7 52
7 61 45
61 7 45
7 19 792
19 7 792
7 67 162
67 7 162
7 54 296
54 7 296
8 9 971
9 8 971
8 24 844
24 8 844
8 50 852
50 8 852
8 65 387
65 8 387
8 80 399
80 8 399
8 37 806
37 8 806
8 40 754
40 8 754
8 77 2
77 8 2
8 63 418
63 8 418
8 64 860
64 8 860
8 57 435
57 8 435
8 82 671
82 8 671
8 62 73
62 8 73
8 74 635
74 8 635
8 70 99
70 8 99
9 54 970
54 9 970
9 59 25
59 9 25
10 40 19
40 10 19
10 41 436
41 10 436
10 46 44
46 10 44
10 33 340
33 10 340
10 71 73
71 10 73
10 69 199
69 10 199
10 81 517
81 10 517
10 54 381
54 10 381
10 15 341
15 10 341
11 21 981
21 11 981
11 43 521
43 11 521
11 79 493
79 11 493
11 80 438
80 11 438
11 48 741
48 11 741
11 70 224
70 11 224
11 28 820
28 11 820
11 66 495
66 11 495
11 56 486
56 11 486
12 35 456
35 12 456
12 45 349
45 12 349
12 57 738
57 12 738
12 48 632
48 12 632
12 52 817
52 12 817
12 18 877
18 12 877
12 42 600
42 12 600
13 18 71
18 13 71
13 53 761
53 13 761
13 23 875
23 13 875
13 52 701
52 13 701
13 33 780
33 13 780
13 22 807
22 13 807
13 46 965
46 13 965
13 16 276
16 13 276
14 15 358
15 14 358
14 16 242
16 14 242
14 20 973
20 14 973
14 34 324
34 14 324
14 26 695
26 14 695
14 51 448
51 14 448
14 23 63
23 14 63
14 66 590
66 14 590
14 73 107
73 14 107
14 50 116
50 14 116
14 76 843
76 14 843
14 51 22
51 14 22
15 22 171
22 15 171
15 25 517
25 15 517
15 31 817
31 15 817
15 61 450
61 15 450
15 63 707
63 15 707
15 23 857
23 15 857
15 17 564
17 15 564
15 58 694
58 15 694
16 34 412
34 16 412
16 70 304
70 16 304
16 54 818
54 16 818
16 74 419
74 16 419
16 78 173
78 16 173
16 56 471
56 16 471
16 41 376
41 16 376
17 19 41
19 17 41
17 58 25
58 17 25
17 63 93
63 17 93
17 76 634
76 17 634
17 33 220
33 17 220
17 67 690
67 17 690
18 36 681
36 18 681
18 23 843
23 18 843
18 43 945
43 18 945
18 74 939
74 18 939
18 69 536
69 18 536
18 64 333
64 18 333
19 23 329
23 19 329
19 54 632
54 19 632
19 39 988
39 19 988
19 31 846
31 19 846
19 50 855
50 19 855
19 25 657
25 19 657
19 22 730
22 19 730
20 32 941
32 20 941
20 59 753
59 20 753
20 27 1000
27 20 1000
20 37 102
37 20 102
20 38 480
38 20 480
20 63 57
63 20 57
20 34 193
34 20 193
20 46 509
46 20 509
20 39 465
39 20 465
20 83 713
83 20 713
20 42 67
42 20 67
21 27 519
27 21 519
21 45 904
45 21 904
21 33 26
33 21 26
22 29 920
29 22 920
22 48 753
48 22 753
22 49 129
49 22 129
22 39 938
39 22 938
22 30 808
30 22 808
22 27 240
27 22 240
22 77 347
77 22 347
22 79 68
79 22 68
22 25 851
25 22 851
23 30 174
30 23 174
23 37 511
37 23 511
23 28 246
28 23 246
23 36 366
36 23 366
23 55 876
55 23 876
23 78 453
78 23 453
23 43 792
43 23 792
23 56 742
56 23 742
23 27 497
27 23 497
23 30 234
30 23 234
23 36 698
36 23 698
23 27 155
27 23 155
23 76 966
76 23 966
24 57 738
57 24 738
24 29 772
29 24 772
24 43 883
43 24 883
24 77 409
77 24 409
24 47 763
47 24 763
24 37 883
37 24 883
24 61 245
61 24 245
24 60 512
60 24 512
25 44 330
44 25 330
25 73 864
73 25 864
25 77 355
77 25 355
25 56 556
56 25 556
26 71 429
71 26 429
26 47 532
47 26 532
26 37 489
37 26 489
26 83 730
83 26 730
27 70 180
70 27 180
27 80 250
80 27 250
27 81 569
81 27 569
27 71 674
71 27 674
28 42 81
42 28 81
28 37 855
37 28 855
28 45 376
45 28 376
28 73 970
73 28 970
28 81 484
81 28 484
29 43 903
43 29 903
29 49 997
49 29 997
29 76 91
76 29 91
29 50 612
50 29 612
29 79 961
79 29 961
29 31 788
31 29 788
29 35 885
35 29 885
30 34 325
34 30 325
30 68 842
68 30 842
30 58 381
58 30 381
30 31 435
31 30 435
31 47 148
47 31 148
31 68 328
68 31 328
31 42 893
42 31 893
31 60 842
60 31 842
31 35 479
35 31 479
32 55 136
55 32 136
32 72 8
72 32 8
32 82 232
82 32 232
32 55 29
55 32 29
32 73 512
73 32 512
33 53 419
53 33 419
33 79 505
79 33 505
33 69 961
69 33 961
33 46 907
46 33 907
34 39 464
39 34 464
34 73 720
73 34 720
34 37 63
37 34 63
34 44 813
44 34 813
34 81 645
81 34 645
34 39 638
39 34 638
34 73 559
73 34 559
34 64 444
64 34 444
34 57 948
57 34 948
35 54 279
54 35 279
35 58 308
58 35 308
35 60 634
60 35 634
35 83 996
83 35 996
35 44 626
44 35 626
35 60 736
60 35 736
35 62 640
62 35 640
35 42 586
42 35 586
36 37 388
37 36 388
36 72 268
72 36 268
37 44 957
44 37 957
37 69 800
69 37 800
37 55 867
55 37 867
38 45 27
45 38 27
38 55 419
55 38 419
38 65 842
65 38 842
38 47 841
47 38 841
39 79 883
79 39 883
39 81 564
81 39 564
39 63 734
63 39 734
39 79 595
79 39 595
39 51 989
51 39 989
39 41 65
41 39 65
40 46 567
46 40 567
40 79 457
79 40 457
40 46 809
46 40 809
40 69 978
69 40 978
40 63 849
63 40 849
41 69 916
69 41 916
41 46 996
46 41 996
42 76 502
76 42 502
42 52 258
52 42 258
42 60 974
60 42 974
42 63 425
63 42 425
42 76 533
76 42 533
42 59 713
59 42 713
43 77 377
77 43 377
44 76 352
76 44 352
44 82 698
82 44 698
45 74 765
74 45 765
45 80 369
80 45 369
45 51 349
51 45 349
45 78 979
78 45 979
46 77 550
77 46 550
46 80 296
80 46 296
46 51 201
51 46 201
46 47 448
47 46 448
47 51 982
51 47 982
47 68 237
68 47 237
47 78 40
78 47 40
47 72 340
72 47 340
47 69 737
69 47 737
47 63 667
63 47 667
48 74 504
74 48 504
48 73 47
73 48 47
49 67 471
67 49 471
49 53 574
53 49 574
50 71 63
71 50 63
50 68 254
68 50 254
51 64 257
64 51 257
51 75 871
75 51 871
51 62 598
62 51 598
51 76 643
76 51 643
51 78 808
78 51 808
51 80 828
80 51 828
52 63 515
63 52 515
52 54 309
54 52 309
52 61 86
61 52 86
52 77 374
77 52 374
52 65 382
65 52 382
53 62 363
62 53 363
53 58 514
58 53 514
54 62 766
62 54 766
54 63 778
63 54 778
54 60 747
60 54 747
54 80 684
80 54 684
54 75 983
75 54 983
55 66 509
66 55 509
55 81 456
81 55 456
55 70 627
70 55 627
55 74 317
74 55 317
56 63 267
63 56 267
56 70 733
70 56 733
57 74 847
74 57 847
58 80 938
80 58 938
59 73 244
73 59 244
59 70 719
70 59 719
61 78 248
78 61 248
63 75 184
75 63 184
63 69 157
69 63 157
63 75 236
75 63 236
65 77 560
77 65 560
67 68 904
68 67 904
68 72 827
72 68 827
68 82 996
82 68 996
75 80 220
80 75 220
78 81 701
81 78 701
78 81 540
81 78 540
80 81 815
81 80 815
