94

0 1 257
1 0 257
0 3 249
3 0 249
0 6 691
6 0 691
0 71 35
71 0 35
0 74 11
74 0 11
0 49 187
49 0 187
0 36 781
36 0 781
0 54 936
54 0 936
0 15 632
15 0 632
0 7 829
7 0 829
1 2 364
2 1 364
1 4 694
4 1 694
1 5 80
5 1 80
1 7 315
7 1 315
1 27 573
27 1 573
1 64 276
64 1 276
1 11 810
11 1 810
1 78 540
78 1 540
1 60 667
60 1 667
1 54 239
54 1 239
1 61 44
61 1 44
1 74 921
74 1 921
1 21 842
21 1 842
1 86 86
86 1 86
1 46 553
46 1 553
1 56 117
56 1 117
1 40 276
40 1 276
1 25 160
25 1 160
2 11 233
11 2 233
2 12 550
12 2 550
2 42 266
42 2 266
2 21 569
21 2 569
2 22 160
22 2 160
2 64 63
64 2 63
2 85 517
85 2 517
2 13 862
13 2 862
2 27 196
27 2 196
2 19 783
19 2 783
2 2 303
2 2 303
3 13 621
13 3 621
3 14 249
14 3 249
3 33 478
33 3 478
3 86 455
86 3 455
3 65 94
65 3 94
3 19 645
19 3 645
3 52 206
52 3 206
3 70 389
70 3 389
3 24 661
24 3 661
3 87 642
87 3 642
3 21 437
21 3 437
3 7 21
7 3 21
4 9 901
9 4 901
4 24 410
24 4 410
4 59 939
59 4 939
4 34 299
34 4 299
4 27 428
27 4 428
4 74 17
74 4 17
4 79 609
79 4 609
4 73 745
73 4 745
4 66 459
66 4 459
4 50 910
50 4 910
5 23 517
23 5 517
5 68 214
68 5 214
5 79 97
79 5 97
5 54 888
54 5 888
5 91 588
91 5 588
5 85 942
85 5 942
5 44 770
44 5 770
5 22 387
22 5 387
5 35 486
35 5 486
5 5 656
5 5 656
5 10 211
10 5 211
5 21 374
21 5 374
5 37 995
37 5 995
5 45 110
45 5 110
6 8 824
8 6 824
6 15 574
15 6 574
6 24 648
24 6 648
6 24 596
24 6 596
6 50 405
50 6 405
6 57 446
57 6 446
6 90 559
90 6 559
6 81 755
81 6 755
6 15 869
15 6 869
6 82 998
82 6 998
6 22 163
22 6 163
6 52 475
52 6 475
6 19 41
19 6 41
6 90 980
90 6 980
6 60 962
60 6 962
6 69 427
69 6 427
7 45 332
45 7 332
7 43 383
43 7 383
7 16 801
16 7 801
7 31 632
31 7 632
7 31 966
31 7 966
7 30 20
30 7 20
7 20 74
20 7 74
7 11 628
11 7 628
7 82 668
82 7 668
7 21 414
21 7 414
7 17 517
17 7 517
7 59 708
59 7 708
7 79 970
79 7 970
8 36 739
36 8 739
8 74 15
74 8 15
8 56 746
56 8 746
8 48 609
48 8 609
8 51 426
51 8 426
8 65 626
65 8 626
8 51 44
51 8 44
8 70 972
70 8 972
8 71 393
71 8 393
8 20 694
20 8 694
8 67 833
67 8 833
8 30 450
30 8 450
9 10 538
10 9 538
9 26 671
26 9 671
9 85 238
85 9 238
9 93 318
93 9 318
9 66 371
66 9 371
9 41 32
41 9 32
9 48 156
48 9 156
9 55 37
55 9 37
9 39 857
39 9 857
10 70 253
70 10 253
10 26 704
26 10 704
10 72 80
72 10 80
10 90 38
90 10 38
10 74 587
74 10 587
10 29 754
29 10 754
10 15 70
15 10 70
10 28 719
28 10 719
11 18 212
18 11 212
11 26 524
26 11 524
11 13 588
13 11 588
11 15 14
15 11 14
11 85 219
85 11 219
11 28 611
28 11 611
12 57 466
57 12 466
12 87 53
87 12 53
12 80 793
80 12 793
12 53 248
53 12 248
12 61 305
61 12 305
12 63 488
63 12 488
12 71 316
71 12 316
12 37 308
37 12 308
12 44 650
44 12 650
12 91 705
91 12 705
12 16 625
16 12 625
12 92 443
92 12 443
12 37 434
37 12 434
12 74 689
74 12 689
12 13 362
13 12 362
13 17 348
17 13 348
13 61 775
61 13 775
13 45 589
45 13 589
13 67 678
67 13 678
13 78 836
78 13 836
13 82 823
82 13 823
13 88 616
88 13 616
13 33 601
33 13 601
14 16 307
16 14 307
14 17 965
17 14 965
14 65 49
65 14 49
14 34 125
34 14 125
14 49 382
49 14 382
14 89 322
89 14 322
14 85 406
85 14 406
14 88 500
88 14 500
14 89 482
89 14 482
14 72 833
72 14 833
14 57 871
57 14 871
15 22 688
22 15 688
15 62 937
62 15 937
15 20 620
20 15 620
15 79 450
79 15 450
15 72 673
72 15 673
15 15 322
15 15 322
15 65 533
65 15 533
15 86 184
86 15 184
15 81 991
81 15 991
16 20 232
20 16 232
16 30 740
30 16 740
16 41 269
41 16 269
16 51 375
51 16 375
16 65 786
65 16 786
16 75 518
75 16 518
16 42 659
42 16 659
16 57 538
57 16 538
16 43 582
43 16 582
17 34 964
34 17 964
17 37 136
37 17 136
17 43 756
43 17 756
17 44 437
44 17 437
17 64 646
64 17 646
17 43 870
43 17 870
17 51 474
51 17 474
17 51 761
51 17 761
17 88 674
88 17 674
17 41 555
41 17 555
17 89 851
89 17 851
17 62 323
62 17 323
17 45 853
45 17 853
17 56 641
56 17 641
17 52 740
52 17 740
17 21 408
21 17 408
17 33 721
33 17 721
17 23 121
23 17 121
17 48 869
48 17 869
17 46 784
46 17 784
17 29 70
29 17 70
18 19 778
19 18 778
18 25 117
25 18 117
18 38 753
38 18 753
18 48 563
48 18 563
18 84 151
84 18 151
18 44 686
44 18 686
18 85 274
85 18 274
18 75 90
75 18 90
18 35 717
35 18 717
19 72 299
72 19 299
19 78 703
78 19 703
19 86 373
86 19 373
19 75 438
75 19 438
19 78 885
78 19 885
19 43 383
43 19 383
19 51 15
51 19 15
19 85 368
85 19 368
19 90 61
90 19 61
19 23 241
23 19 241
20 21 79
21 20 79
20 31 419
31 20 419
20 56 3
56 20 3
20 20 326
20 20 326
20 76 732
76 20 732
20 46 600
46 20 600
20 87 392
87 20 392
21 42 128
42 21 128
21 74 712
74 21 712
21 79 451
79 21 451
21 76 241
76 21 241
21 56 377
56 21 377
21 60 607
60 21 607
21 22 312
22 21 312
21 27 695
27 21 695
21 74 263
74 21 263
21 79 979
79 21 979
22 66 505
66 22 505
22 36 237
36 22 237
22 58 57
58 22 57
22 30 81
30 22 81
22 22 321
22 22 321
22 56 825
56 22 825
23 28 137
28 23 137
23 71 49
71 23 49
23 51 715
51 23 715
23 52 126
52 23 126
23 73 738
73 23 738
23 53 262
53 23 262
23 76 295
76 23 295
23 85 212
85 23 212
23 64 614
64 23 614
23 80 295
80 23 295
23 37 599
37 23 599
23 39 888
39 23 888
23 48 438
48 23 438
24 49 694
49 24 694
24 65 753
65 24 753
24 90 202
90 24 202
24 34 793
34 24 793
24 71 484
71 24 484
24 75 436
75 24 436
24 33 927
33 24 927
24 63 399
63 24 399
25 46 956
46 25 956
25 27 135
27 25 135
25 26 645
26 25 645
25 48 814
48 25 814
25 79 409
79 25 409
26 29 298
29 26 298
26 35 854
35 26 854
26 53 467
53 26 467
26 93 655
93 26 655
26 36 680
36 26 680
26 27 597
27 26 597
26 77 114
77 26 114
26 50 566
50 26 566
26 48 382
48 26 382
26 30 819
30 26 819
26 77 444
77 26 444
26 82 728
82 26 728
26 26 130
26 26 130
26 60 139
60 26 139
26 63 879
63 26 879
26 50 385
50 26 385
26 55 251
55 26 251
26 86 264
86 26 264
27 32 858
32 27 858
27 62 706
62 27 706
27 49 914
49 27 914
27 67 682
67 27 682
27 66 968
66 27 968
27 80 584
80 27 584
27 39 883
39 27 883
27 71 890
71 27 890
27 51 919
51 27 919
28 73 201
73 28 201
28 88 827
88 28 827
28 49 961
49 28 961
29 80 905
80 29 905
29 83 136
83 29 136
29 84 611
84 29 611
29 72 109
72 29 109
29 54 576
54 29 576
29 89 949
89 29 949
29 75 220
75 29 220
29 80 196
80 29 196
30 62 791
62 30 791
30 92 682
92 30 682
30 46 684
46 30 684
30 65 327
65 30 327
30 67 974
67 30 974
30 73 599
73 30 599
31 39 272
39 31 272
31 40 392
40 31 392
31 54 826
54 31 826
31 39 548
39 31 548
31 50 747
50 31 747
31 83 349
83 31 349
31 90 613
90 31 613
31 52 70
52 31 70
31 51 943
51 31 943
31 48 268
48 31 268
32 89 829
89 32 829
32 90 896
90 32 896
32 93 297
93 32 297
32 82 689
82 32 689
32 46 712
46 32 712
32 56 293
56 32 293
32 74 771
74 32 771
32 63 577
63 32 577
32 72 398
72 32 398
33 90 952
90 33 952
33 33 831
33 33 831
33 76 72
76 33 72
34 47 63
47 34 63
34 89 485
89 34 485
34 67 661
67 34 661
34 40 937
40 34 937
34 52 874
52 34 874
34 44 353
44 34 353
34 44 476
44 34 476
34 44 983
44 34 983
34 93 644
93 34 644
34 69 893
69 34 893
34 76 15
76 34 15
34 55 249
55 34 249
34 55 921
55 34 921
35 63 314
63 35 314
35 41 907
41 35 907
35 62 855
62 35 855
35 69 836
69 35 836
35 61 691
61 35 691
35 44 127
44 35 127
35 38 409
38 35 409
35 60 162
60 35 162
35 64 278
64 35 278
36 42 175
42 36 175
36 82 376
82 36 376
36 41 19
41 36 19
37 55 192
55 37 192
37 60 899
60 37 899
37 40 616
40 37 616
37 78 395
78 37 395
37 65 558
65 37 558
37 82 73
82 37 73
37 43 508
43 37 508
37 57 231
57 37 231
37 62 332
62 37 332
38 50 965
50 38 965
38 76 616
76 38 616
38 82 868
82 38 868
38 88 216
88 38 216
38 70 397
70 38 397
38 52 354
52 38 354
38 82 226
82 38 226
38 67 359
67 38 359
38 71 361
71 38 361
38 62 700
62 38 700
38 76 865
76 38 865
38 43 905
43 38 905
39 71 978
71 39 978
39 78 541
78 39 541
39 92 144
92 39 144
39 57 535
57 39 535
39 45 604
45 39 604
39 51 661
51 39 661
40 57 752
57 40 752
40 78 578
78 40 578
40 68 401
68 40 401
40 58 761
58 40 761
40 66 176
66 40 176
40 93 831
93 40 831
41 52 109
52 41 109
41 54 124
54 41 124
41 77 643
77 41 643
41 85 433
85 41 433
41 80 547
80 41 547
41 47 210
47 41 210
41 76 800
76 41 800
41 81 221
81 41 221
41 77 72
77 41 72
42 66 985
66 42 985
42 63 718
63 42 718
42 72 556
72 42 556
42 73 500
73 42 500
43 69 630
69 43 630
43 62 561
62 43 561
43 75 845
75 43 845
43 53 458
53 43 458
43 57 197
57 43 197
43 79 343
79 43 343
44 73 496
73 44 496
44 85 118
85 44 118
44 52 310
52 44 310
44 74 890
74 44 890
45 64 5
64 45 5
45 65 262
65 45 262
45 60 235
60 45 235
45 81 676
81 45 676
45 62 958
62 45 958
46 58 698
58 46 698
46 57 128
57 46 128
46 72 366
72 46 366
46 62 364
62 46 364
46 68 651
68 46 651
47 76 333
76 47 333
47 84 578
84 47 578
47 70 687
70 47 687
47 82 223
82 47 223
47 58 3
58 47 3
47 69 833
69 47 833
47 72 43
72 47 43
47 75 355
75 47 355
48 48 376
48 48 376
48 54 623
54 48 623
48 93 67
93 48 67
49 58 131
58 49 131
49 67 167
67 49 167
49 79 284
79 49 284
49 88 665
88 49 665
49 66 99
66 49 99
49 93 667
93 49 667
49 59 473
59 49 473
49 56 889
56 49 889
49 81 343
81 49 343
49 86 171
86 49 171
50 81 18
81 50 18
50 60 931
60 50 931
50 69 66
69 50 66
50 66 816
66 50 816
50 60 185
60 50 185
50 72 259
72 50 259
50 55 582
55 50 582
50 76 259
76 50 259
51 56 157
56 51 157
51 67 414
67 51 414
52 80 16
80 52 16
52 89 444
89 52 444
52 58 430
58 52 430
52 74 444
74 52 444
52 63 904
63 52 904
52 76 723
76 52 723
52 90 580
90 52 580
52 86 489
86 52 489
52 59 282
59 52 282
53 92 226
92 53 226
53 84 947
84 53 947
53 73 800
73 53 800
54 86 973
86 54 973
54 83 462
83 54 462
55 56 236
56 55 236
55 89 234
89 55 234
55 91 994
91 55 994
55 67 315
67 55 315
55 89 971
89 55 971
56 59 699
59 56 699
56 81 818
81 56 818
56 91 893
91 56 893
56 57 218
57 56 218
56 72 168
72 56 168
56 65 727
65 56 727
56 84 264
84 56 264
57 65 587
65 57 587
57 90 371
90 57 371
57 67 728
67 57 728
58 89 261
89 58 261
58 81 272
81 58 272
58 85 289
85 58 289
58 93 415
93 58 415
58 77 471
77 58 471
58 86 157
86 58 157
58 78 943
78 58 943
59 86 750
86 59 750
59 90 744
90 59 744
59 64 315
64 59 315
59 90 476
90 59 476
59 60 147
60 59 147
59 87 156
87 59 156
60 83 123
83 60 123
60 71 799
71 60 799
60 66 866
66 60 866
61 75 143
75 61 143
61 88 869
88 61 869
61 65 681
65 61 681
61 92 926
92 61 926
62 81 262
81 62 262
62 88 387
88 62 387
62 62 749
62 62 749
63 69 827
69 63 827
63 75 21
75 63 21
63 81 656
81 63 656
63 79 90
79 63 90
64 74 616
74 64 616
64 69 628
69 64 628
64 70 939
70 64 939
65 85 693
85 65 693
65 85 717
85 65 717
65 68 322
68 65 322
65 92 654
92 65 654
65 91 667
91 65 667
66 93 708
93 66 708
66 89 361
89 66 361
66 86 232
86 66 232
67 73 346
73 67 346
67 76 72
76 67 72
68 81 374
81 68 374
69 74 401
74 69 401
69 73 160
73 69 160
69 88 619
88 69 619
69 92 33
92 69 33
70 90 191
90 70 191
70 89 747
89 70 747
70 89 112
89 70 112
70 81 928
81 70 928
70 83 453
83 70 453
71 88 683
88 71 683
71 73 220
73 71 220
73 74 704
74 73 704
73 81 982
81 73 982
73 75 307
75 73 307
74 84 476
84 74 476
75 90 92
90 75 92
75 87 669
87 75 669
76 87 100
87 76 100
79 88 657
88 79 657
79 91 258
91 79 258
80 85 916
85 80 916
81 82 287
82 81 287
82 91 126
91 82 126
83 87 346
87 83 346
84 84 258
84 84 258
84 93 680
93 84 680
84 93 313
93 84 313
85 87 543
87 85 543
86 90 207
90 86 207
86 92 750
92 86 750
87 89 40
89 87 40
88 89 642
89 88 642
89 92 758
92 89 758
91 93 360
93 91 360
