87

0 1 929
1 0 929
0 17 669
17 0 669
0 24 778
24 0 778
0 77 437
77 0 437
0 59 191
59 0 191
0 56 674
56 0 674
0 52 55
52 0 55
1 2 883
2 1 883
1 3 179
3 1 179
1 6 464
6 1 464
1 28 465
28 1 465
1 35 640
35 1 640
1 43 804
43 1 804
1 36 383
36 1 383
1 71 365
71 1 365
2 4 388
4 2 388
2 9 417
9 2 417
2 10 978
10 2 978
2 15 537
15 2 537
2 18 717
18 2 717
2 29 819
29 2 819
2 24 821
24 2 821
3 12 376
12 3 376
3 16 36
16 3 36
3 52 17
52 3 17
3 79 205
79 3 205
4 5 591
5 4 591
4 13 522
13 4 522
4 70 245
70 4 245
5 7 292
7 5 292
5 8 819
8 5 819
5 19 936
19 5 936
5 48 224
48 5 224
5 50 331
50 5 331
5 32 153
32 5 153
5 78 277
78 5 277
5 77 311
77 5 311
6 11 200
11 6 200
6 27 613
27 6 613
6 30 171
30 6 171
6 37 569
37 6 569
6 54 186
54 6 186
6 23 464
23 6 464
7 20 632
20 7 632
7 22 747
22 7 747
7 25 114
25 7 114
8 25 946
25 8 946
8 50 806
50 8 806
8 60 184
60 8 184
8 49 376
49 8 376
9 36 288
36 9 288
9 33 859
33 9 859
10 33 547
33 10 547
10 58 538
58 10 538
10 54 651
54 10 651
10 74 178
74 10 178
11 31 18
31 11 18
11 27 395
27 11 395
12 59 630
59 12 630
12 44 870
44 12 870
13 14 439
14 13 439
13 32 591
32 13 591
13 45 400
45 13 400
13 83 476
83 13 476
13 53 924
53 13 924
14 46 741
46 14 741
14 68 870
68 14 870
15 62 50
62 15 50
15 42 600
42 15 600
16 21 145
21 16 145
16 61 798
61 16 798
17 37 460
37 17 460
17 55 327
55 17 327
17 76 267
76 17 267
17 53 524
53 17 524
18 40 304
40 18 304
19 39 445
39 19 445
19 53 29
53 19 29
19 52 327
52 19 327
20 23 172
23 20 172
20 52 828
52 20 828
21 26 83
26 21 83
21 31 650
31 21 650
21 47 60
47 21 60
21 39 223
39 21 223
23 42 490
42 23 490
23 53 573
53 23 573
23 78 727
78 23 727
23 65 334
65 23 334
25 34 955
34 25 955
25 44 330
44 25 330
25 49 185
49 25 185
25 69 760
69 25 760
25 59 357
59 25 357
26 79 328
79 26 328
26 31 532
31 26 532
27 32 682
32 27 682
27 30 431
30 27 431
28 54 331
54 28 331
29 51 648
51 29 648
31 75 403
75 31 403
31 67 734
67 31 734
32 41 300
41 32 300
32 33 614
33 32 614
33 38 51
38 33 51
33 74 879
74 33 879
33 77 701
77 33 701
34 78 96
78 34 96
35 60 793
60 35 793
35 72 864
72 35 864
35 75 789
75 35 789
35 78 601
78 35 601
36 65 522
65 36 522
36 82 809
82 36 809
36 73 415
73 36 415
38 40 648
40 38 648
40 57 390
57 40 390
40 78 4
78 40 4
41 64 1
64 41 1
41 70 1
70 41 1
41 60 292
60 41 292
41 85 853
85 41 853
42 63 849
63 42 849
43 56 111
56 43 111
43 67 19
67 43 19
44 66 670
66 44 670
44 48 658
48 44 658
45 62 67
62 45 67
45 58 814
58 45 814
45 72 498
72 45 498
45 81 601
81 45 601
45 69 502
69 45 502
46 72 621
72 46 621
46 61 587
61 46 587
46 70 975
70 46 975
48 84 455
84 48 455
48 64 628
64 48 628
52 71 307
71 52 307
52 62 901
62 52 901
52 71 423
71 52 423
53 77 417
77 53 417
54 56 529
56 54 529
54 68 450
68 54 450
54 78 335
78 54 335
55 62 886
62 55 886
55 60 335
60 55 335
56 62 273
62 56 273
56 63 515
63 56 515
57 81 129
81 57 129
57 86 856
86 57 856
57 67 485
67 57 485
58 75 52
75 58 52
59 67 595
67 59 595
59 60 137
60 59 137
60 61 982
61 60 982
61 82 5
82 61 5
62 66 82
66 62 82
63 84 804
84 63 804
63 65 105
65 63 105
65 73 447
73 65 447
69 76 489
76 69 489
69 76 484
76 69 484
70 80 656
80 70 656
70 72 254
72 70 254
71 82 705
82 71 705
71 80 453
80 71 453
72 74 116
74 72 116
72 79 396
79 72 396
75 76 886
76 75 886
76 80 955
80 76 955
78 85 694
85 78 694
80 83 944
83 80 944
