62

0 1 57
1 0 57
0 4 576
4 0 576
0 60 59
60 0 59
1 2 924
2 1 924
1 3 162
3 1 162
1 5 88
5 1 88
1 18 253
18 1 253
1 9 798
9 1 798
2 7 461
7 2 461
2 12 303
12 2 303
2 23 528
23 2 528
2 24 513
24 2 513
2 40 384
40 2 384
2 59 399
59 2 399
3 45 621
45 3 621
3 27 701
27 3 701
4 6 768
6 4 768
4 8 688
8 4 688
4 10 150
10 4 150
4 17 625
17 4 625
4 56 165
56 4 165
4 48 341
48 4 341
4 16 456
16 4 456
5 9 564
9 5 564
5 13 497
13 5 497
5 20 730
20 5 730
5 46 406
46 5 406
6 16 984
16 6 984
7 11 901
11 7 901
7 39 77
39 7 77
7 57 544
57 7 544
8 31 128
31 8 128
8 44 775
44 8 775
9 34 461
34 9 461
9 57 217
57 9 217
10 21 700
21 10 700
11 14 700
14 11 700
11 36 655
36 11 655
11 43 304
43 11 304
12 15 525
15 12 525
12 19 618
19 12 618
12 21 460
21 12 460
12 25 937
25 12 937
12 21 678
21 12 678
13 29 251
29 13 251
13 55 651
55 13 651
13 49 821
49 13 821
14 42 505
42 14 505
15 26 346
26 15 346
16 27 487
27 16 487
16 50 913
50 16 913
16 25 171
25 16 171
17 33 559
33 17 559
17 51 204
51 17 204
18 30 121
30 18 121
18 35 280
35 18 280
18 45 633
45 18 633
19 22 807
22 19 807
22 49 650
49 22 650
23 43 387
43 23 387
24 38 40
38 24 40
26 28 660
28 26 660
27 51 658
51 27 658
28 53 863
53 28 863
29 48 260
48 29 260
30 32 530
32 30 530
31 53 635
53 31 635
32 54 76
54 32 76
33 41 919
41 33 919
33 41 587
41 33 587
34 37 428
37 34 428
34 59 100
59 34 100
34 48 458
48 34 458
35 47 362
47 35 362
41 54 11
54 41 11
41 45 86
45 41 86
44 54 70
54 44 70
45 58 576
58 45 576
46 61 80
61 46 80
50 55 848
55 50 848
51 52 502
52 51 502
