96

0 1 624
1 0 624
0 2 938
2 0 938
0 7 408
7 0 408
0 15 595
15 0 595
0 23 566
23 0 566
0 37 547
37 0 547
0 65 767
65 0 767
0 20 897
20 0 897
0 87 37
87 0 37
0 10 74
10 0 74
0 66 505
66 0 505
0 56 285
56 0 285
0 73 355
73 0 355
0 92 345
92 0 345
0 78 591
78 0 591
0 8 145
8 0 145
0 69 333
69 0 333
0 54 758
54 0 758
0 71 438
71 0 438
0 43 786
43 0 786
1 6 40
6 1 40
1 9 587
9 1 587
1 10 873
10 1 873
1 25 2
25 1 2
1 28 288
28 1 288
1 34 890
34 1 890
1 83 980
83 1 980
1 85 991
85 1 991
1 93 417
93 1 417
1 50 833
50 1 833
1 94 323
94 1 323
1 17 313
17 1 313
1 84 549
84 1 549
1 50 137
50 1 137
1 35 661
35 1 661
1 82 624
82 1 624
1 26 1
26 1 1
1 87 20
87 1 20
1 86 712
86 1 712
1 65 280
65 1 280
1 87 354
87 1 354
1 42 203
42 1 203
1 52 22
52 1 22
1 53 961
53 1 961
1 60 944
60 1 944
1 48 19
48 1 19
1 55 747
55 1 747
2 3 179
3 2 179
2 4 924
4 2 924
2 5 663
5 2 663
2 21 484
21 2 484
2 85 212
85 2 212
2 94 288
94 2 288
2 64 891
64 2 891
2 63 849
63 2 849
2 57 997
57 2 997
2 76 794
76 2 794
2 70 340
70 2 340
2 15 646
15 2 646
2 30 273
30 2 273
2 52 827
52 2 827
2 64 573
64 2 573
2 70 675
70 2 675
2 81 127
81 2 127
2 49 544
49 2 544
2 23 291
23 2 291
2 30 417
30 2 417
3 58 289
58 3 289
3 90 573
90 3 573
3 19 329
19 3 329
3 53 613
53 3 613
3 6 687
6 3 687
3 76 415
76 3 415
3 20 579
20 3 579
3 60 435
60 3 435
3 84 395
84 3 395
3 35 177
35 3 177
3 82 236
82 3 236
3 40 611
40 3 611
3 80 135
80 3 135
3 81 269
81 3 269
3 42 478
42 3 478
3 11 811
11 3 811
3 45 130
45 3 130
3 26 183
26 3 183
3 15 793
15 3 793
3 32 53
32 3 53
3 40 288
40 3 288
3 13 321
13 3 321
3 94 938
94 3 938
4 59 726
59 4 726
4 38 893
38 4 893
4 54 769
54 4 769
4 33 330
33 4 330
4 91 740
91 4 740
4 22 387
22 4 387
4 93 144
93 4 144
4 8 806
8 4 806
4 76 933
76 4 933
4 76 271
76 4 271
4 24 845
24 4 845
4 58 986
58 4 986
4 77 226
77 4 226
4 50 294
50 4 294
4 78 329
78 4 329
4 89 603
89 4 603
4 7 941
7 4 941
4 9 810
9 4 810
4 37 906
37 4 906
4 44 535
44 4 535
4 67 521
67 4 521
5 8 284
8 5 284
5 27 620
27 5 620
5 60 617
60 5 617
5 12 431
12 5 431
5 22 576
22 5 576
5 85 675
85 5 675
5 9 939
9 5 939
5 78 835
78 5 835
5 57 35
57 5 35
5 12 183
12 5 183
5 50 44
50 5 44
5 13 378
13 5 378
5 79 150
79 5 150
5 22 768
22 5 768
5 16 138
16 5 138
5 42 189
42 5 189
5 74 542
74 5 542
5 62 486
62 5 486
5 9 676
9 5 676
5 16 595
16 5 595
5 76 362
76 5 362
6 68 61
68 6 61
6 90 276
90 6 276
6 20 327
20 6 327
6 22 321
22 6 321
6 9 185
9 6 185
6 36 363
36 6 363
6 55 602
55 6 602
6 68 486
68 6 486
6 71 921
71 6 921
6 61 202
61 6 202
6 38 929
38 6 929
6 94 793
94 6 793
6 71 609
71 6 609
7 11 546
11 7 546
7 12 923
12 7 923
7 13 949
13 7 949
7 18 351
18 7 351
7 19 578
19 7 578
7 22 743
22 7 743
7 45 835
45 7 835
7 55 104
55 7 104
7 44 711
44 7 711
7 91 776
91 7 776
7 40 795
40 7 795
7 28 395
28 7 395
7 67 672
67 7 672
7 42 312
42 7 312
7 39 716
39 7 716
7 92 48
92 7 48
7 12 622
12 7 622
7 51 491
51 7 491
7 64 443
64 7 443
7 8 116
8 7 116
7 58 576
58 7 576
7 61 663
61 7 663
7 24 704
24 7 704
7 43 755
43 7 755
7 56 433
56 7 433
7 42 806
42 7 806
7 42 869
42 7 869
7 29 913
29 7 913
8 42 123
42 8 123
8 10 705
10 8 705
8 19 810
19 8 810
8 46 649
46 8 649
8 51 723
51 8 723
8 29 562
29 8 562
8 35 306
35 8 306
8 91 437
91 8 437
8 44 638
44 8 638
8 58 659
58 8 659
8 11 568
11 8 568
8 25 563
25 8 563
8 75 733
75 8 733
8 87 700
87 8 700
9 33 390
33 9 390
9 79 460
79 9 460
9 30 230
30 9 230
9 32 159
32 9 159
9 55 352
55 9 352
9 73 765
73 9 765
9 84 503
84 9 503
9 66 330
66 9 330
9 40 133
40 9 133
9 48 425
48 9 425
9 52 140
52 9 140
9 69 761
69 9 761
9 11 548
11 9 548
10 30 607
30 10 607
10 37 871
37 10 871
10 84 301
84 10 301
10 52 386
52 10 386
10 69 631
69 10 631
10 65 703
65 10 703
10 21 294
21 10 294
10 26 598
26 10 598
10 72 362
72 10 362
10 73 426
73 10 426
10 91 635
91 10 635
10 22 870
22 10 870
10 37 319
37 10 319
10 67 412
67 10 412
10 89 401
89 10 401
10 77 168
77 10 168
10 73 13
73 10 13
10 28 607
28 10 607
11 87 334
87 11 334
11 53 819
53 11 819
11 55 552
55 11 552
11 82 649
82 11 649
11 14 102
14 11 102
11 94 435
94 11 435
11 38 410
38 11 410
11 33 591
33 11 591
11 31 459
31 11 459
11 46 333
46 11 333
11 21 790
21 11 790
11 25 307
25 11 307
11 70 431
70 11 431
11 84 63
84 11 63
11 70 598
70 11 598
11 53 245
53 11 245
11 43 995
43 11 995
12 14 489
14 12 489
12 16 530
16 12 530
12 24 441
24 12 441
12 43 62
43 12 62
12 62 532
62 12 532
12 26 417
26 12 417
12 14 39
14 12 39
12 78 963
78 12 963
12 56 405
56 12 405
12 39 870
39 12 870
12 63 932
63 12 932
12 15 848
15 12 848
12 86 971
86 12 971
12 56 204
56 12 204
12 88 673
88 12 673
12 69 482
69 12 482
12 47 750
47 12 750
12 43 572
43 12 572
12 19 979
19 12 979
13 51 217
51 13 217
13 56 623
56 13 623
13 92 493
92 13 493
13 65 542
65 13 542
13 25 362
25 13 362
13 16 555
16 13 555
13 16 156
16 13 156
13 63 3
63 13 3
13 76 155
76 13 155
13 16 825
16 13 825
13 56 350
56 13 350
13 80 99
80 13 99
13 28 412
28 13 412
13 68 489
68 13 489
13 25 616
25 13 616
13 37 581
37 13 581
13 85 250
85 13 250
13 46 898
46 13 898
13 40 265
40 13 265
13 64 472
64 13 472
14 17 281
17 14 281
14 54 387
54 14 387
14 77 843
77 14 843
14 59 35
59 14 35
14 63 699
63 14 699
14 82 812
82 14 812
14 19 272
19 14 272
14 55 534
55 14 534
14 56 729
56 14 729
14 85 621
85 14 621
14 41 630
41 14 630
14 89 432
89 14 432
14 88 292
88 14 292
15 84 491
84 15 491
15 80 13
80 15 13
15 33 42
33 15 42
15 53 581
53 15 581
15 76 487
76 15 487
15 62 548
62 15 548
15 23 873
23 15 873
15 71 13
71 15 13
15 35 665
35 15 665
15 85 860
85 15 860
15 82 370
82 15 370
15 35 140
35 15 140
15 29 907
29 15 907
15 35 890
35 15 890
15 24 486
24 15 486
16 80 798
80 16 798
16 89 181
89 16 181
16 31 100
31 16 100
16 70 37
70 16 37
16 46 259
46 16 259
16 73 946
73 16 946
16 50 339
50 16 339
16 57 94
57 16 94
16 50 443
50 16 443
16 87 225
87 16 225
16 67 340
67 16 340
17 20 942
20 17 942
17 41 844
41 17 844
17 50 790
50 17 790
17 53 539
53 17 539
17 35 157
35 17 157
17 41 2
41 17 2
17 59 433
59 17 433
17 72 583
72 17 583
17 33 995
33 17 995
17 74 722
74 17 722
17 72 437
72 17 437
17 81 77
81 17 77
17 85 563
85 17 563
17 68 472
68 17 472
17 48 843
48 17 843
17 35 157
35 17 157
17 75 33
75 17 33
17 47 622
47 17 622
18 88 215
88 18 215
18 40 201
40 18 201
18 25 497
25 18 497
18 69 83
69 18 83
18 42 338
42 18 338
18 63 308
63 18 308
18 80 718
80 18 718
18 51 526
51 18 526
18 41 661
41 18 661
18 23 897
23 18 897
18 87 610
87 18 610
18 39 453
39 18 453
18 67 394
67 18 394
18 31 698
31 18 698
18 70 815
70 18 815
19 39 860
39 19 860
19 40 643
40 19 643
19 63 18
63 19 18
19 72 472
72 19 472
19 34 712
34 19 712
19 29 506
29 19 506
19 80 491
80 19 491
19 90 719
90 19 719
19 52 584
52 19 584
19 45 546
45 19 546
19 51 24
51 19 24
19 69 969
69 19 969
19 86 880
86 19 880
19 32 116
32 19 116
19 91 829
91 19 829
19 79 557
79 19 557
19 55 345
55 19 345
19 95 476
95 19 476
19 34 785
34 19 785
20 26 19
26 20 19
20 23 709
23 20 709
20 48 121
48 20 121
20 49 768
49 20 768
20 91 267
91 20 267
20 57 578
57 20 578
20 66 995
66 20 995
20 83 957
83 20 957
20 78 712
78 20 712
20 25 59
25 20 59
20 47 194
47 20 194
21 29 987
29 21 987
21 39 851
39 21 851
21 69 531
69 21 531
21 63 148
63 21 148
21 76 939
76 21 939
21 35 877
35 21 877
21 91 953
91 21 953
21 95 998
95 21 998
21 57 961
57 21 961
22 28 232
28 22 232
22 50 682
50 22 682
22 42 471
42 22 471
22 61 767
61 22 767
22 48 753
48 22 753
22 33 171
33 22 171
22 26 243
26 22 243
22 40 853
40 22 853
22 44 456
44 22 456
22 60 64
60 22 64
22 39 399
39 22 399
22 29 701
29 22 701
22 36 591
36 22 591
22 71 445
71 22 445
22 54 432
54 22 432
22 64 438
64 22 438
23 38 604
38 23 604
23 57 88
57 23 88
23 80 494
80 23 494
23 69 306
69 23 306
23 40 954
40 23 954
23 77 786
77 23 786
23 81 587
81 23 587
23 66 796
66 23 796
23 81 72
81 23 72
23 65 97
65 23 97
23 32 365
32 23 365
23 87 816
87 23 816
23 71 792
71 23 792
23 65 216
65 23 216
24 47 924
47 24 924
24 59 909
59 24 909
24 87 773
87 24 773
24 86 71
86 24 71
24 67 963
67 24 963
24 86 843
86 24 843
24 72 797
72 24 797
24 30 746
30 24 746
24 90 806
90 24 806
24 84 501
84 24 501
24 77 714
77 24 714
24 41 595
41 24 595
24 32 793
32 24 793
24 85 464
85 24 464
24 26 168
26 24 168
24 75 148
75 24 148
24 25 713
25 24 713
24 58 471
58 24 471
24 45 199
45 24 199
24 74 493
74 24 493
24 27 336
27 24 336
24 26 15
26 24 15
24 81 49
81 24 49
25 74 376
74 25 376
25 93 788
93 25 788
25 95 208
95 25 208
25 83 717
83 25 717
25 45 222
45 25 222
25 81 119
81 25 119
25 39 378
39 25 378
25 26 914
26 25 914
25 27 59
27 25 59
26 75 536
75 26 536
26 73 409
73 26 409
26 40 991
40 26 991
26 66 646
66 26 646
26 28 725
28 26 725
26 31 709
31 26 709
27 31 431
31 27 431
27 32 12
32 27 12
27 35 487
35 27 487
27 36 720
36 27 720
27 67 837
67 27 837
27 39 960
39 27 960
27 40 106
40 27 106
27 88 502
88 27 502
27 75 129
75 27 129
27 40 196
40 27 196
27 71 492
71 27 492
27 73 849
73 27 849
27 94 831
94 27 831
27 38 230
38 27 230
27 79 54
79 27 54
27 54 99
54 27 99
27 67 32
67 27 32
27 92 241
92 27 241
28 86 435
86 28 435
28 42 707
42 28 707
28 92 234
92 28 234
28 68 868
68 28 868
28 80 630
80 28 630
28 75 547
75 28 547
28 66 55
66 28 55
28 86 903
86 28 903
28 95 50
95 28 50
28 60 547
60 28 547
28 53 25
53 28 25
28 29 284
29 28 284
28 77 780
77 28 780
29 44 912
44 29 912
29 61 493
61 29 493
29 71 767
71 29 767
29 56 11
56 29 11
29 60 786
60 29 786
29 64 123
64 29 123
29 63 857
63 29 857
29 65 618
65 29 618
29 34 895
34 29 895
29 64 353
64 29 353
29 44 539
44 29 539
29 88 494
88 29 494
29 30 171
30 29 171
29 33 690
33 29 690
29 93 218
93 29 218
29 54 796
54 29 796
29 42 845
42 29 845
29 34 818
34 29 818
30 36 988
36 30 988
30 75 513
75 30 513
30 60 655
60 30 655
30 89 988
89 30 988
30 92 192
92 30 192
30 80 618
80 30 618
30 62 235
62 30 235
30 46 996
46 30 996
30 53 509
53 30 509
30 60 808
60 30 808
30 69 452
69 30 452
30 45 665
45 30 665
31 59 604
59 31 604
31 63 669
63 31 669
31 89 994
89 31 994
31 33 877
33 31 877
31 45 198
45 31 198
31 45 498
45 31 498
31 52 453
52 31 453
31 36 224
36 31 224
31 69 920
69 31 920
32 67 41
67 32 41
32 72 436
72 32 436
32 92 872
92 32 872
32 60 554
60 32 554
32 54 992
54 32 992
32 62 219
62 32 219
32 48 107
48 32 107
32 37 697
37 32 697
32 47 405
47 32 405
32 65 313
65 32 313
32 90 773
90 32 773
32 72 243
72 32 243
32 81 733
81 32 733
33 64 65
64 33 65
33 65 410
65 33 410
33 83 988
83 33 988
33 40 676
40 33 676
33 43 788
43 33 788
33 43 50
43 33 50
33 44 437
44 33 437
33 74 409
74 33 409
33 79 732
79 33 732
33 46 160
46 33 160
33 35 704
35 33 704
33 54 508
54 33 508
33 33 760
33 33 760
33 82 737
82 33 737
34 71 9
71 34 9
34 74 440
74 34 440
34 93 902
93 34 902
34 76 22
76 34 22
34 95 449
95 34 449
34 91 458
91 34 458
34 82 639
82 34 639
34 53 683
53 34 683
34 66 257
66 34 257
34 36 884
36 34 884
34 62 703
62 34 703
34 66 942
66 34 942
34 48 535
48 34 535
34 80 594
80 34 594
34 40 506
40 34 506
35 73 830
73 35 830
35 81 760
81 35 760
35 39 272
39 35 272
35 95 186
95 35 186
35 63 829
63 35 829
35 79 379
79 35 379
35 90 699
90 35 699
35 36 11
36 35 11
35 69 27
69 35 27
35 86 193
86 35 193
36 81 132
81 36 132
36 57 502
57 36 502
36 81 538
81 36 538
36 58 77
58 36 77
36 85 396
85 36 396
36 93 504
93 36 504
36 66 669
66 36 669
36 37 237
37 36 237
36 94 309
94 36 309
36 44 299
44 36 299
36 45 987
45 36 987
36 41 781
41 36 781
37 46 124
46 37 124
37 52 806
52 37 806
37 47 631
47 37 631
37 60 13
60 37 13
37 48 845
48 37 845
37 91 301
91 37 301
37 83 848
83 37 848
37 52 34
52 37 34
38 55 511
55 38 511
38 55 846
55 38 846
38 57 756
57 38 756
38 73 900
73 38 900
38 53 726
53 38 726
38 80 731
80 38 731
38 51 605
51 38 605
38 49 56
49 38 56
38 43 284
43 38 284
39 76 451
76 39 451
39 66 548
66 39 548
39 93 862
93 39 862
39 73 100
73 39 100
39 87 856
87 39 856
39 90 479
90 39 479
39 48 415
48 39 415
39 48 188
48 39 188
40 76 966
76 40 966
40 83 310
83 40 310
40 94 155
94 40 155
40 62 579
62 40 579
40 48 104
48 40 104
40 70 791
70 40 791
40 50 186
50 40 186
40 86 916
86 40 916
40 56 806
56 40 806
40 78 91
78 40 91
40 51 533
51 40 533
40 43 735
43 40 735
40 92 355
92 40 355
41 81 41
81 41 41
41 61 57
61 41 57
41 92 980
92 41 980
41 61 711
61 41 711
41 82 958
82 41 958
41 90 558
90 41 558
41 41 874
41 41 874
42 48 288
48 42 288
42 90 896
90 42 896
42 75 653
75 42 653
42 68 359
68 42 359
42 74 827
74 42 827
42 59 676
59 42 676
42 63 930
63 42 930
42 53 363
53 42 363
42 83 940
83 42 940
42 94 40
94 42 40
43 54 970
54 43 970
43 80 746
80 43 746
43 50 4
50 43 4
43 64 967
64 43 967
43 53 92
53 43 92
43 86 435
86 43 435
43 62 605
62 43 605
43 80 666
80 43 666
43 85 775
85 43 775
43 67 329
67 43 329
43 95 17
95 43 17
44 49 977
49 44 977
44 51 233
51 44 233
44 66 841
66 44 841
44 82 713
82 44 713
44 64 597
64 44 597
44 62 318
62 44 318
44 83 750
83 44 750
44 47 445
47 44 445
45 53 45
53 45 45
45 91 452
91 45 452
45 81 973
81 45 973
45 71 657
71 45 657
46 95 28
95 46 28
46 72 493
72 46 493
46 72 293
72 46 293
46 62 355
62 46 355
46 57 791
57 46 791
46 82 293
82 46 293
46 54 718
54 46 718
46 95 267
95 46 267
46 72 583
72 46 583
47 69 35
69 47 35
47 87 712
87 47 712
47 90 226
90 47 226
47 68 245
68 47 245
47 62 720
62 47 720
47 49 135
49 47 135
47 71 395
71 47 395
47 65 656
65 47 656
48 94 904
94 48 904
48 93 167
93 48 167
48 75 488
75 48 488
48 91 519
91 48 519
48 74 80
74 48 80
48 56 264
56 48 264
48 56 661
56 48 661
48 93 479
93 48 479
49 86 943
86 49 943
49 91 680
91 49 680
49 67 529
67 49 529
49 87 877
87 49 877
49 76 846
76 49 846
50 77 775
77 50 775
50 54 947
54 50 947
50 59 153
59 50 153
50 66 325
66 50 325
50 90 383
90 50 383
50 52 988
52 50 988
51 92 963
92 51 963
51 89 50
89 51 50
51 67 238
67 51 238
51 62 394
62 51 394
51 61 859
61 51 859
51 55 71
55 51 71
51 77 282
77 51 282
51 56 615
56 51 615
51 85 239
85 51 239
51 78 19
78 51 19
52 66 419
66 52 419
52 86 484
86 52 484
52 71 324
71 52 324
52 74 638
74 52 638
52 57 731
57 52 731
52 94 79
94 52 79
52 83 675
83 52 675
53 76 943
76 53 943
53 60 619
60 53 619
53 82 557
82 53 557
53 59 899
59 53 899
53 62 249
62 53 249
53 67 464
67 53 464
53 56 612
56 53 612
53 74 902
74 53 902
53 62 221
62 53 221
54 94 320
94 54 320
54 90 418
90 54 418
54 91 815
91 54 815
54 84 931
84 54 931
54 66 897
66 54 897
54 75 361
75 54 361
54 83 527
83 54 527
55 85 853
85 55 853
55 84 380
84 55 380
55 68 473
68 55 473
55 77 262
77 55 262
55 84 161
84 55 161
55 89 54
89 55 54
55 77 632
77 55 632
55 76 675
76 55 675
55 59 724
59 55 724
55 72 356
72 55 356
55 88 846
88 55 846
56 85 991
85 56 991
56 83 393
83 56 393
56 76 999
76 56 999
56 93 661
93 56 661
56 86 60
86 56 60
56 95 581
95 56 581
56 72 63
72 56 63
57 72 461
72 57 461
57 69 352
69 57 352
57 63 551
63 57 551
57 69 413
69 57 413
57 74 314
74 57 314
57 81 149
81 57 149
57 78 647
78 57 647
57 69 273
69 57 273
57 65 553
65 57 553
58 90 679
90 58 679
58 69 38
69 58 38
58 75 732
75 58 732
58 60 974
60 58 974
58 93 441
93 58 441
58 66 741
66 58 741
58 75 28
75 58 28
58 94 97
94 58 97
58 72 898
72 58 898
58 83 145
83 58 145
59 67 337
67 59 337
59 67 413
67 59 413
59 65 794
65 59 794
59 74 959
74 59 959
60 63 687
63 60 687
60 63 95
63 60 95
60 67 707
67 60 707
60 74 376
74 60 376
60 95 409
95 60 409
60 67 997
67 60 997
61 78 729
78 61 729
61 71 573
71 61 573
61 90 538
90 61 538
61 88 947
88 61 947
61 87 344
87 61 344
61 92 426
92 61 426
61 83 339
83 61 339
62 82 14
82 62 14
62 67 552
67 62 552
62 69 664
69 62 664
62 68 410
68 62 410
62 78 319
78 62 319
63 75 878
75 63 878
63 73 487
73 63 487
63 78 886
78 63 886
63 95 678
95 63 678
63 78 714
78 63 714
63 85 92
85 63 92
63 89 45
89 63 45
63 83 760
83 63 760
64 81 759
81 64 759
64 89 546
89 64 546
64 66 759
66 64 759
64 78 491
78 64 491
64 79 177
79 64 177
65 73 389
73 65 389
65 66 101
66 65 101
65 89 540
89 65 540
65 79 125
79 65 125
65 91 410
91 65 410
66 78 258
78 66 258
66 91 83
91 66 83
66 93 428
93 66 428
66 77 480
77 66 480
66 90 180
90 66 180
66 88 771
88 66 771
66 95 845
95 66 845
66 71 332
71 66 332
66 68 203
68 66 203
66 74 103
74 66 103
67 81 87
81 67 87
67 80 190
80 67 190
67 74 543
74 67 543
67 70 662
70 67 662
67 82 125
82 67 125
68 70 554
70 68 554
68 77 715
77 68 715
68 95 664
95 68 664
68 76 558
76 68 558
68 82 755
82 68 755
68 77 331
77 68 331
69 86 796
86 69 796
69 70 872
70 69 872
69 91 458
91 69 458
69 95 9
95 69 9
69 69 638
69 69 638
69 79 278
79 69 278
69 92 603
92 69 603
70 82 381
82 70 381
70 75 920
75 70 920
70 86 849
86 70 849
70 85 322
85 70 322
70 91 634
91 70 634
70 81 555
81 70 555
71 93 431
93 71 431
71 85 660
85 71 660
71 76 882
76 71 882
71 78 815
78 71 815
71 72 177
72 71 177
72 76 684
76 72 684
73 89 253
89 73 253
73 78 64
78 73 64
73 82 703
82 73 703
73 95 65
95 73 65
74 94 184
94 74 184
74 74 547
74 74 547
75 91 31
91 75 31
75 88 540
88 75 540
75 77 972
77 75 972
75 81 852
81 75 852
76 76 338
76 76 338
77 89 427
89 77 427
77 94 728
94 77 728
77 77 112
77 77 112
77 79 400
79 77 400
78 85 508
85 78 508
78 83 682
83 78 682
80 81 500
81 80 500
81 92 633
92 81 633
81 88 168
88 81 168
82 93 44
93 82 44
82 89 117
89 82 117
83 85 677
85 83 677
84 91 323
91 84 323
84 95 505
95 84 505
84 92 212
92 84 212
84 93 697
93 84 697
85 92 537
92 85 537
86 93 170
93 86 170
86 86 4
86 86 4
86 88 410
88 86 410
88 89 861
89 88 861
88 89 388
89 88 388
89 95 804
95 89 804
89 95 34
95 89 34
89 94 755
94 89 755
89 91 613
91 89 613
90 94 423
94 90 423
90 92 536
92 90 536
91 95 697
95 91 697
92 94 661
94 92 661
92 94 450
94 92 450
