100

0 1 590
1 0 590
0 5 399
5 0 399
0 7 942
7 0 942
0 9 780
9 0 780
0 93 430
93 0 430
0 64 13
64 0 13
0 66 539
66 0 539
0 40 40
40 0 40
0 47 554
47 0 554
0 21 746
21 0 746
0 77 976
77 0 976
0 53 107
53 0 107
0 7 399
7 0 399
0 98 342
98 0 342
0 79 543
79 0 543
0 66 219
66 0 219
0 59 411
59 0 411
1 2 98
2 1 98
1 4 100
4 1 100
1 46 810
46 1 810
1 52 266
52 1 266
1 8 388
8 1 388
1 39 333
39 1 333
1 84 944
84 1 944
1 57 384
57 1 384
1 89 479
89 1 479
1 64 468
64 1 468
1 6 664
6 1 664
1 13 692
13 1 692
1 44 367
44 1 367
1 90 186
90 1 186
1 90 117
90 1 117
1 29 846
29 1 846
1 11 490
11 1 490
1 7 387
7 1 387
1 32 585
32 1 585
1 62 483
62 1 483
2 3 851
3 2 851
2 6 688
6 2 688
2 18 929
18 2 929
2 22 187
22 2 187
2 24 820
24 2 820
2 34 406
34 2 406
2 17 959
17 2 959
2 99 93
99 2 93
2 34 526
34 2 526
2 53 330
53 2 330
2 51 445
51 2 445
2 69 279
69 2 279
2 69 988
69 2 988
2 14 267
14 2 267
2 81 103
81 2 103
2 35 304
35 2 304
2 77 528
77 2 528
2 81 745
81 2 745
2 17 952
17 2 952
2 37 800
37 2 800
3 90 848
90 3 848
3 50 226
50 3 226
3 32 994
32 3 994
3 60 473
60 3 473
3 14 371
14 3 371
3 68 843
68 3 843
3 34 213
34 3 213
3 26 420
26 3 420
3 86 720
86 3 720
3 96 344
96 3 344
3 9 438
9 3 438
3 9 19
9 3 19
3 89 484
89 3 484
3 81 535
81 3 535
3 57 474
57 3 474
3 63 945
63 3 945
4 8 366
8 4 366
4 12 212
12 4 212
4 58 102
58 4 102
4 48 224
48 4 224
4 84 410
84 4 410
4 91 463
91 4 463
4 44 877
44 4 877
4 74 743
74 4 743
4 67 233
67 4 233
4 13 584
13 4 584
4 10 211
10 4 211
4 29 519
29 4 519
5 13 233
13 5 233
5 17 345
17 5 345
5 56 343
56 5 343
5 91 966
91 5 966
5 83 421
83 5 421
5 74 59
74 5 59
5 93 772
93 5 772
5 50 34
50 5 34
5 76 724
76 5 724
5 56 7
56 5 7
5 98 347
98 5 347
5 28 377
28 5 377
6 14 12
14 6 12
6 21 101
21 6 101
6 25 57
25 6 57
6 33 674
33 6 674
6 84 872
84 6 872
6 87 353
87 6 353
6 80 326
80 6 326
6 88 571
88 6 571
6 72 685
72 6 685
6 26 765
26 6 765
6 47 766
47 6 766
6 71 936
71 6 936
6 48 449
48 6 449
6 30 736
30 6 736
7 23 555
23 7 555
7 27 650
27 7 650
7 79 427
79 7 427
7 86 327
86 7 327
7 16 793
16 7 793
7 16 31
16 7 31
7 36 804
36 7 804
8 11 30
11 8 30
8 26 141
26 8 141
8 35 976
35 8 976
8 60 872
60 8 872
8 99 919
99 8 919
8 27 316
27 8 316
8 48 553
48 8 553
8 46 298
46 8 298
8 61 83
61 8 83
8 34 167
34 8 167
8 93 657
93 8 657
8 42 77
42 8 77
8 51 804
51 8 804
8 71 572
71 8 572
8 85 141
85 8 141
8 34 681
34 8 681
8 72 56
72 8 56
9 10 10
10 9 10
9 16 935
16 9 935
9 86 497
86 9 497
9 98 533
98 9 533
9 24 763
24 9 763
9 61 507
61 9 507
9 43 1
43 9 1
9 32 700
32 9 700
9 29 895
29 9 895
9 98 705
98 9 705
9 54 964
54 9 964
10 19 368
19 10 368
10 30 574
30 10 574
10 59 40
59 10 40
10 11 578
11 10 578
10 75 34
75 10 34
10 18 637
18 10 637
10 61 758
61 10 758
10 86 831
86 10 831
10 51 941
51 10 941
10 26 909
26 10 909
10 96 18
96 10 18
10 93 959
93 10 959
10 37 146
37 10 146
10 62 965
62 10 965
10 53 985
53 10 985
10 28 514
28 10 514
11 47 577
47 11 577
11 49 662
49 11 662
11 71 35
71 11 35
11 76 571
76 11 571
11 63 600
63 11 600
11 88 995
88 11 995
11 83 535
83 11 535
11 62 205
62 11 205
11 34 480
34 11 480
11 96 31
96 11 31
11 22 551
22 11 551
11 28 193
28 11 193
11 99 62
99 11 62
11 73 614
73 11 614
11 24 701
24 11 701
11 17 533
17 11 533
11 53 591
53 11 591
12 79 299
79 12 299
12 30 263
30 12 263
12 95 908
95 12 908
12 78 37
78 12 37
12 91 597
91 12 597
12 51 219
51 12 219
12 84 792
84 12 792
12 15 553
15 12 553
13 64 227
64 13 227
13 92 70
92 13 70
13 25 239
25 13 239
13 56 125
56 13 125
13 38 196
38 13 196
13 45 571
45 13 571
13 41 902
41 13 902
13 67 346
67 13 346
13 27 544
27 13 544
13 57 748
57 13 748
13 73 26
73 13 26
13 29 106
29 13 106
13 90 222
90 13 222
13 23 693
23 13 693
14 15 487
15 14 487
14 43 432
43 14 432
14 70 428
70 14 428
14 45 345
45 14 345
14 55 320
55 14 320
14 85 911
85 14 911
14 30 704
30 14 704
14 97 630
97 14 630
15 29 792
29 15 792
15 69 128
69 15 128
15 97 374
97 15 374
15 20 409
20 15 409
15 76 885
76 15 885
15 57 143
57 15 143
15 68 609
68 15 609
15 92 358
92 15 358
15 18 296
18 15 296
15 82 953
82 15 953
15 92 497
92 15 497
15 20 400
20 15 400
16 51 14
51 16 14
16 57 827
57 16 827
16 83 381
83 16 381
16 80 744
80 16 744
16 44 217
44 16 217
16 57 193
57 16 193
16 31 62
31 16 62
16 42 792
42 16 792
16 77 654
77 16 654
16 89 462
89 16 462
16 40 807
40 16 807
16 17 168
17 16 168
17 20 203
20 17 203
17 60 75
60 17 75
17 62 271
62 17 271
17 47 652
47 17 652
17 78 345
78 17 345
17 55 965
55 17 965
17 33 791
33 17 791
17 39 905
39 17 905
17 87 694
87 17 694
17 85 926
85 17 926
17 64 442
64 17 442
18 28 988
28 18 988
18 63 770
63 18 770
18 87 543
87 18 543
18 87 690
87 18 690
18 36 509
36 18 509
18 31 39
31 18 39
18 95 634
95 18 634
18 90 657
90 18 657
18 46 165
46 18 165
18 21 716
21 18 716
18 46 829
46 18 829
18 63 342
63 18 342
18 70 28
70 18 28
18 96 610
96 18 610
18 95 37
95 18 37
18 50 430
50 18 430
19 32 359
32 19 359
19 74 971
74 19 971
19 79 395
79 19 395
19 82 717
82 19 717
19 47 663
47 19 663
19 22 640
22 19 640
19 45 98
45 19 98
19 79 828
79 19 828
19 88 674
88 19 674
19 39 990
39 19 990
19 64 731
64 19 731
19 76 324
76 19 324
19 19 176
19 19 176
19 31 960
31 19 960
19 96 81
96 19 81
20 40 505
40 20 505
20 44 532
44 20 532
20 24 871
24 20 871
20 40 369
40 20 369
20 25 9
25 20 9
20 59 467
59 20 467
21 98 795
98 21 795
21 41 489
41 21 489
21 62 912
62 21 912
21 87 666
87 21 666
21 83 10
83 21 10
21 86 894
86 21 894
21 58 463
58 21 463
21 42 116
42 21 116
22 39 691
39 22 691
22 83 544
83 22 544
22 39 219
39 22 219
22 57 950
57 22 950
22 25 715
25 22 715
22 53 680
53 22 680
22 96 958
96 22 958
22 70 926
70 22 926
22 45 977
45 22 977
22 36 67
36 22 67
22 44 737
44 22 737
22 27 345
27 22 345
22 95 690
95 22 690
23 65 795
65 23 795
23 61 616
61 23 616
23 64 478
64 23 478
23 78 159
78 23 159
23 68 826
68 23 826
23 33 999
33 23 999
23 85 267
85 23 267
23 84 709
84 23 709
23 41 339
41 23 339
23 37 661
37 23 661
23 93 690
93 23 690
23 89 714
89 23 714
23 66 28
66 23 28
24 70 125
70 24 125
24 70 959
70 24 959
24 66 897
66 24 897
24 68 974
68 24 974
24 41 266
41 24 266
24 79 608
79 24 608
24 50 365
50 24 365
24 73 795
73 24 795
25 38 865
38 25 865
25 51 116
51 25 116
25 83 653
83 25 653
25 63 620
63 25 620
25 94 44
94 25 44
25 27 783
27 25 783
25 53 395
53 25 395
25 81 960
81 25 960
26 37 345
37 26 345
26 77 605
77 26 605
26 28 729
28 26 729
26 42 694
42 26 694
26 99 340
99 26 340
26 44 112
44 26 112
27 85 458
85 27 458
27 67 445
67 27 445
27 43 82
43 27 82
27 28 738
28 27 738
27 29 980
29 27 980
27 58 865
58 27 865
27 64 878
64 27 878
27 52 68
52 27 68
27 71 680
71 27 680
28 78 287
78 28 287
28 74 43
74 28 43
28 88 488
88 28 488
28 86 527
86 28 527
28 52 814
52 28 814
29 41 513
41 29 513
29 72 538
72 29 538
29 91 136
91 29 136
29 59 489
59 29 489
29 38 927
38 29 927
29 81 738
81 29 738
29 43 436
43 29 436
29 33 794
33 29 794
30 31 267
31 30 267
30 76 341
76 30 341
30 47 547
47 30 547
30 53 507
53 30 507
30 37 30
37 30 30
30 46 865
46 30 865
30 93 694
93 30 694
30 83 914
83 30 914
30 81 481
81 30 481
30 88 406
88 30 406
30 45 794
45 30 794
30 46 540
46 30 540
30 64 783
64 30 783
31 66 858
66 31 858
31 80 307
80 31 307
31 50 86
50 31 86
31 98 166
98 31 166
31 36 97
36 31 97
32 82 383
82 32 383
32 63 94
63 32 94
32 44 738
44 32 738
32 88 749
88 32 749
32 41 836
41 32 836
32 61 71
61 32 71
32 99 951
99 32 951
33 42 731
42 33 731
33 49 958
49 33 958
33 63 251
63 33 251
33 94 601
94 33 601
33 40 915
40 33 915
33 50 562
50 33 562
33 64 441
64 33 441
33 83 536
83 33 536
33 86 722
86 33 722
33 80 422
80 33 422
34 36 909
36 34 909
34 61 913
61 34 913
34 49 716
49 34 716
34 40 762
40 34 762
34 78 678
78 34 678
34 89 344
89 34 344
34 36 575
36 34 575
34 67 928
67 34 928
34 36 966
36 34 966
34 35 536
35 34 536
34 88 395
88 34 395
35 91 324
91 35 324
35 75 945
75 35 945
35 62 587
62 35 587
35 45 760
45 35 760
35 98 224
98 35 224
36 42 31
42 36 31
36 62 122
62 36 122
36 54 256
54 36 256
36 54 103
54 36 103
36 66 674
66 36 674
36 83 376
83 36 376
37 47 387
47 37 387
37 90 154
90 37 154
37 45 391
45 37 391
37 97 608
97 37 608
37 46 732
46 37 732
37 40 364
40 37 364
38 54 530
54 38 530
38 83 52
83 38 52
38 63 268
63 38 268
38 96 2
96 38 2
38 64 449
64 38 449
38 47 695
47 38 695
38 78 445
78 38 445
38 79 660
79 38 660
38 53 672
53 38 672
38 60 724
60 38 724
38 68 273
68 38 273
38 92 459
92 38 459
39 54 894
54 39 894
39 44 445
44 39 445
39 86 509
86 39 509
39 74 436
74 39 436
39 52 768
52 39 768
40 88 119
88 40 119
40 80 707
80 40 707
40 96 299
96 40 299
41 81 327
81 41 327
41 99 787
99 41 787
41 48 602
48 41 602
41 44 858
44 41 858
41 80 165
80 41 165
41 82 241
82 41 241
41 91 49
91 41 49
41 67 979
67 41 979
42 45 87
45 42 87
42 80 440
80 42 440
42 87 166
87 42 166
42 61 585
61 42 585
42 86 77
86 42 77
42 71 565
71 42 565
42 92 697
92 42 697
43 48 197
48 43 197
43 68 106
68 43 106
43 84 214
84 43 214
43 86 136
86 43 136
43 62 128
62 43 128
43 91 926
91 43 926
43 93 312
93 43 312
43 69 721
69 43 721
43 98 49
98 43 49
43 56 943
56 43 943
43 93 955
93 43 955
43 75 893
75 43 893
43 53 649
53 43 649
44 59 514
59 44 514
44 78 116
78 44 116
44 78 202
78 44 202
44 59 488
59 44 488
44 52 124
52 44 124
44 80 716
80 44 716
44 89 888
89 44 888
44 53 319
53 44 319
44 47 382
47 44 382
44 87 497
87 44 497
45 93 447
93 45 447
45 60 904
60 45 904
45 68 260
68 45 260
46 50 988
50 46 988
46 55 956
55 46 956
46 68 205
68 46 205
46 86 355
86 46 355
46 84 30
84 46 30
46 61 933
61 46 933
46 56 311
56 46 311
46 80 219
80 46 219
46 59 304
59 46 304
47 63 28
63 47 28
47 69 366
69 47 366
47 65 547
65 47 547
47 70 834
70 47 834
47 92 426
92 47 426
47 84 426
84 47 426
47 75 793
75 47 793
47 57 864
57 47 864
47 98 436
98 47 436
47 94 980
94 47 980
47 71 216
71 47 216
48 85 488
85 48 488
48 75 689
75 48 689
48 64 867
64 48 867
48 95 495
95 48 495
48 50 370
50 48 370
49 53 418
53 49 418
49 77 687
77 49 687
49 63 81
63 49 81
49 88 376
88 49 376
49 95 666
95 49 666
49 87 355
87 49 355
49 87 680
87 49 680
49 74 990
74 49 990
49 62 869
62 49 869
49 79 11
79 49 11
51 64 239
64 51 239
51 65 845
65 51 845
51 57 847
57 51 847
51 66 716
66 51 716
51 91 551
91 51 551
52 89 58
89 52 58
52 80 28
80 52 28
52 98 141
98 52 141
52 90 14
90 52 14
52 83 275
83 52 275
52 76 921
76 52 921
52 87 914
87 52 914
53 91 554
91 53 554
53 88 920
88 53 920
53 84 924
84 53 924
53 71 957
71 53 957
53 66 765
66 53 765
54 80 987
80 54 987
54 95 2
95 54 2
54 71 226
71 54 226
54 81 439
81 54 439
54 86 590
86 54 590
54 95 811
95 54 811
55 90 320
90 55 320
55 75 123
75 55 123
55 83 4
83 55 4
55 79 13
79 55 13
55 93 474
93 55 474
55 63 521
63 55 521
56 89 561
89 56 561
56 58 690
58 56 690
56 79 162
79 56 162
56 83 373
83 56 373
57 82 989
82 57 989
57 65 239
65 57 239
57 85 243
85 57 243
57 90 562
90 57 562
58 67 786
67 58 786
58 84 134
84 58 134
58 96 526
96 58 526
58 87 417
87 58 417
58 78 412
78 58 412
58 95 700
95 58 700
58 98 387
98 58 387
58 86 878
86 58 878
58 84 785
84 58 785
58 73 387
73 58 387
58 88 884
88 58 884
58 61 757
61 58 757
59 62 171
62 59 171
59 97 858
97 59 858
60 65 151
65 60 151
60 67 959
67 60 959
60 70 177
70 60 177
60 87 714
87 60 714
60 91 716
91 60 716
60 88 277
88 60 277
60 61 479
61 60 479
60 94 831
94 60 831
60 86 998
86 60 998
60 73 110
73 60 110
61 75 357
75 61 357
61 71 750
71 61 750
61 67 146
67 61 146
61 94 844
94 61 844
61 99 81
99 61 81
62 64 22
64 62 22
62 74 954
74 62 954
62 83 690
83 62 690
62 96 587
96 62 587
63 82 646
82 63 646
63 74 281
74 63 281
63 87 112
87 63 112
64 75 248
75 64 248
64 67 980
67 64 980
65 87 612
87 65 612
65 75 768
75 65 768
65 84 877
84 65 877
65 76 111
76 65 111
65 77 953
77 65 953
65 97 885
97 65 885
65 77 295
77 65 295
65 88 44
88 65 44
66 88 241
88 66 241
66 94 172
94 66 172
66 81 87
81 66 87
66 89 6
89 66 6
66 74 92
74 66 92
66 70 496
70 66 496
66 95 446
95 66 446
66 68 123
68 66 123
67 93 949
93 67 949
67 95 209
95 67 209
67 76 19
76 67 19
67 70 623
70 67 623
68 80 468
80 68 468
68 80 267
80 68 267
68 78 55
78 68 55
68 70 972
70 68 972
68 74 269
74 68 269
69 83 925
83 69 925
69 81 950
81 69 950
69 75 114
75 69 114
71 73 274
73 71 274
71 82 933
82 71 933
71 74 464
74 71 464
71 73 358
73 71 358
71 91 232
91 71 232
72 85 701
85 72 701
72 82 422
82 72 422
72 78 761
78 72 761
73 95 953
95 73 953
73 83 868
83 73 868
73 86 748
86 73 748
74 77 550
77 74 550
74 77 609
77 74 609
75 79 423
79 75 423
75 88 4
88 75 4
76 97 446
97 76 446
77 94 155
94 77 155
77 83 712
83 77 712
77 99 189
99 77 189
78 82 936
82 78 936
78 94 256
94 78 256
78 83 703
83 78 703
79 99 280
99 79 280
80 85 380
85 80 380
80 89 740
89 80 740
80 81 824
81 80 824
80 81 102
81 80 102
80 90 859
90 80 859
80 90 453
90 80 453
81 89 964
89 81 964
82 98 851
98 82 851
82 90 667
90 82 667
82 93 439
93 82 439
82 83 300
83 82 300
83 98 594
98 83 594
83 97 571
97 83 571
85 86 718
86 85 718
86 87 376
87 86 376
86 87 404
87 86 404
86 98 125
98 86 125
87 95 767
95 87 767
88 93 787
93 88 787
89 89 137
89 89 137
89 91 18
91 89 18
90 98 971
98 90 971
92 98 54
98 92 54
93 98 170
98 93 170
94 99 686
99 94 686
