94

0 1 494
1 0 494
0 2 726
2 0 726
0 14 222
14 0 222
0 23 748
23 0 748
0 90 119
90 0 119
0 75 911
75 0 911
0 42 978
42 0 978
0 30 105
30 0 105
0 23 106
23 0 106
0 51 205
51 0 205
0 76 261
76 0 261
0 71 639
71 0 639
0 18 462
18 0 462
0 1 867
1 0 867
0 35 430
35 0 430
0 21 914
21 0 914
0 84 140
84 0 140
1 6 277
6 1 277
1 8 921
8 1 921
1 11 286
11 1 286
1 31 141
31 1 141
1 44 213
44 1 213
1 75 676
75 1 676
1 27 827
27 1 827
1 4 165
4 1 165
1 49 633
49 1 633
1 85 991
85 1 991
1 48 808
48 1 808
1 12 671
12 1 671
1 69 498
69 1 498
1 84 288
84 1 288
1 36 510
36 1 510
1 80 426
80 1 426
2 3 86
3 2 86
2 4 383
4 2 383
2 9 576
9 2 576
2 58 1000
58 2 1000
2 47 169
47 2 169
2 28 782
28 2 782
2 93 399
93 2 399
2 93 468
93 2 468
2 76 409
76 2 409
2 56 824
56 2 824
2 44 417
44 2 417
2 21 168
21 2 168
2 52 276
52 2 276
2 83 339
83 2 339
2 52 38
52 2 38
2 41 708
41 2 708
3 5 109
5 3 109
3 13 998
13 3 998
3 66 308
66 3 308
3 49 795
49 3 795
3 16 278
16 3 278
3 67 255
67 3 255
3 30 746
30 3 746
3 48 435
48 3 435
3 79 639
79 3 639
3 75 291
75 3 291
3 71 125
71 3 125
3 5 282
5 3 282
3 86 260
86 3 260
4 15 486
15 4 486
4 19 663
19 4 663
4 38 920
38 4 920
4 31 996
31 4 996
4 67 535
67 4 535
4 28 654
28 4 654
4 88 309
88 4 309
4 9 428
9 4 428
4 77 782
77 4 782
4 92 94
92 4 94
4 88 325
88 4 325
4 35 753
35 4 753
4 13 704
13 4 704
4 27 9
27 4 9
4 79 80
79 4 80
4 50 784
50 4 784
4 70 290
70 4 290
4 91 334
91 4 334
4 13 948
13 4 948
5 20 253
20 5 253
5 19 286
19 5 286
5 44 819
44 5 819
5 10 881
10 5 881
5 33 234
33 5 234
5 90 780
90 5 780
5 86 844
86 5 844
5 8 790
8 5 790
5 72 348
72 5 348
5 14 430
14 5 430
5 55 647
55 5 647
5 33 74
33 5 74
5 60 534
60 5 534
5 21 15
21 5 15
5 72 728
72 5 728
5 58 867
58 5 867
5 89 896
89 5 896
6 7 770
7 6 770
6 39 187
39 6 187
6 43 249
43 6 249
6 52 77
52 6 77
6 49 768
49 6 768
6 11 170
11 6 170
6 78 640
78 6 640
6 57 278
57 6 278
6 11 129
11 6 129
6 24 583
24 6 583
6 16 925
16 6 925
6 49 772
49 6 772
7 10 556
10 7 556
7 16 705
16 7 705
7 23 152
23 7 152
7 9 17
9 7 17
7 21 53
21 7 53
7 87 794
87 7 794
7 93 604
93 7 604
7 20 350
20 7 350
7 80 507
80 7 507
7 16 467
16 7 467
7 34 505
34 7 505
7 62 270
62 7 270
7 41 276
41 7 276
7 48 236
48 7 236
8 37 335
37 8 335
8 81 643
81 8 643
8 39 609
39 8 609
8 72 930
72 8 930
8 36 441
36 8 441
8 79 507
79 8 507
8 71 483
71 8 483
8 51 367
51 8 367
8 50 388
50 8 388
8 64 32
64 8 32
8 54 28
54 8 28
8 83 262
83 8 262
8 28 384
28 8 384
8 9 189
9 8 189
8 10 989
10 8 989
9 12 400
12 9 400
9 73 643
73 9 643
9 41 279
41 9 279
9 45 217
45 9 217
9 18 698
18 9 698
9 52 907
52 9 907
9 16 491
16 9 491
9 80 963
80 9 963
9 22 866
22 9 866
10 17 221
17 10 221
10 14 921
14 10 921
10 60 382
60 10 382
10 89 277
89 10 277
10 47 479
47 10 479
10 57 716
57 10 716
10 42 67
42 10 67
10 77 226
77 10 226
10 34 953
34 10 953
10 83 92
83 10 92
10 21 349
21 10 349
10 12 889
12 10 889
10 84 494
84 10 494
10 78 186
78 10 186
10 65 144
65 10 144
10 55 401
55 10 401
10 21 646
21 10 646
10 37 804
37 10 804
10 60 98
60 10 98
10 30 239
30 10 239
10 76 30
76 10 30
11 26 51
26 11 51
11 30 419
30 11 419
11 68 456
68 11 456
11 53 820
53 11 820
11 45 377
45 11 377
11 47 742
47 11 742
11 63 768
63 11 768
11 70 518
70 11 518
11 92 743
92 11 743
11 57 162
57 11 162
11 30 598
30 11 598
12 18 293
18 12 293
12 21 473
21 12 473
12 50 340
50 12 340
12 50 159
50 12 159
12 23 461
23 12 461
12 47 831
47 12 831
12 60 954
60 12 954
12 22 487
22 12 487
12 33 394
33 12 394
12 85 158
85 12 158
12 14 429
14 12 429
12 74 499
74 12 499
12 64 844
64 12 844
12 87 890
87 12 890
12 56 349
56 12 349
13 24 687
24 13 687
13 53 632
53 13 632
13 39 167
39 13 167
13 36 834
36 13 834
13 42 894
42 13 894
13 88 770
88 13 770
13 55 479
55 13 479
13 73 990
73 13 990
13 45 274
45 13 274
13 90 961
90 13 961
13 91 731
91 13 731
13 15 144
15 13 144
14 20 955
20 14 955
14 79 956
79 14 956
14 39 778
39 14 778
14 35 681
35 14 681
14 41 968
41 14 968
14 65 997
65 14 997
14 77 310
77 14 310
14 27 640
27 14 640
14 30 585
30 14 585
14 59 867
59 14 867
14 64 222
64 14 222
14 58 749
58 14 749
14 66 465
66 14 465
14 91 297
91 14 297
15 27 4
27 15 4
15 33 727
33 15 727
15 73 971
73 15 971
15 39 211
39 15 211
15 45 835
45 15 835
15 71 231
71 15 231
15 30 638
30 15 638
15 69 888
69 15 888
15 66 550
66 15 550
15 92 741
92 15 741
15 29 703
29 15 703
15 58 445
58 15 445
15 83 852
83 15 852
15 31 837
31 15 837
16 50 821
50 16 821
16 92 617
92 16 617
16 56 698
56 16 698
16 92 482
92 16 482
16 30 864
30 16 864
16 18 100
18 16 100
16 35 602
35 16 602
16 51 131
51 16 131
16 37 617
37 16 617
16 80 152
80 16 152
17 88 40
88 17 40
17 68 598
68 17 598
17 65 316
65 17 316
17 24 220
24 17 220
17 64 710
64 17 710
17 42 278
42 17 278
17 58 309
58 17 309
17 58 717
58 17 717
17 17 563
17 17 563
17 19 849
19 17 849
17 72 142
72 17 142
17 82 108
82 17 108
17 44 69
44 17 69
17 54 341
54 17 341
17 51 225
51 17 225
17 44 279
44 17 279
18 37 138
37 18 138
18 39 223
39 18 223
18 73 943
73 18 943
18 55 775
55 18 775
18 50 557
50 18 557
19 25 187
25 19 187
19 55 811
55 19 811
19 58 733
58 19 733
19 86 754
86 19 754
19 34 793
34 19 793
19 19 781
19 19 781
19 67 597
67 19 597
19 79 267
79 19 267
19 80 606
80 19 606
19 87 245
87 19 245
20 55 196
55 20 196
20 59 371
59 20 371
20 77 706
77 20 706
20 40 688
40 20 688
20 36 888
36 20 888
20 72 252
72 20 252
20 28 690
28 20 690
20 91 618
91 20 618
20 51 248
51 20 248
20 74 72
74 20 72
20 49 561
49 20 561
20 65 348
65 20 348
20 47 478
47 20 478
21 22 261
22 21 261
21 46 165
46 21 165
21 47 689
47 21 689
21 54 765
54 21 765
21 58 174
58 21 174
21 61 721
61 21 721
21 25 201
25 21 201
21 61 232
61 21 232
21 66 290
66 21 290
21 46 522
46 21 522
21 40 774
40 21 774
21 33 900
33 21 900
21 84 244
84 21 244
21 23 148
23 21 148
21 40 464
40 21 464
21 88 944
88 21 944
22 40 887
40 22 887
22 41 272
41 22 272
22 67 248
67 22 248
22 83 695
83 22 695
22 30 11
30 22 11
22 25 830
25 22 830
22 45 756
45 22 756
22 86 523
86 22 523
22 38 681
38 22 681
23 65 355
65 23 355
23 53 271
53 23 271
23 32 477
32 23 477
23 28 896
28 23 896
23 32 967
32 23 967
23 64 168
64 23 168
23 93 823
93 23 823
23 34 437
34 23 437
24 66 851
66 24 851
24 65 49
65 24 49
24 92 269
92 24 269
24 63 182
63 24 182
24 27 151
27 24 151
24 44 869
44 24 869
25 34 265
34 25 265
25 36 697
36 25 697
25 78 737
78 25 737
25 75 119
75 25 119
25 45 135
45 25 135
25 33 834
33 25 834
25 74 698
74 25 698
25 46 498
46 25 498
25 77 463
77 25 463
25 30 833
30 25 833
25 83 543
83 25 543
26 28 287
28 26 287
26 32 82
32 26 82
26 49 543
49 26 543
26 64 468
64 26 468
26 86 430
86 26 430
26 35 367
35 26 367
26 75 688
75 26 688
26 37 36
37 26 36
26 90 718
90 26 718
27 29 510
29 27 510
27 51 624
51 27 624
27 38 444
38 27 444
27 81 313
81 27 313
27 59 129
59 27 129
27 28 771
28 27 771
27 91 757
91 27 757
27 29 954
29 27 954
27 68 569
68 27 569
27 38 231
38 27 231
27 40 61
40 27 61
27 30 15
30 27 15
28 61 194
61 28 194
28 58 365
58 28 365
28 53 134
53 28 134
29 33 321
33 29 321
29 45 25
45 29 25
29 59 571
59 29 571
29 46 786
46 29 786
29 70 350
70 29 350
29 31 212
31 29 212
29 76 154
76 29 154
29 85 793
85 29 793
29 29 262
29 29 262
29 54 973
54 29 973
29 50 941
50 29 941
29 55 342
55 29 342
30 77 30
77 30 30
30 70 671
70 30 671
30 62 935
62 30 935
30 53 157
53 30 157
30 89 339
89 30 339
30 91 300
91 30 300
30 87 894
87 30 894
30 82 861
82 30 861
31 48 327
48 31 327
31 38 49
38 31 49
31 85 432
85 31 432
31 38 93
38 31 93
31 84 585
84 31 585
31 38 484
38 31 484
31 73 809
73 31 809
31 80 966
80 31 966
32 35 772
35 32 772
32 57 24
57 32 24
32 81 434
81 32 434
32 84 592
84 32 592
32 55 717
55 32 717
32 58 530
58 32 530
32 84 549
84 32 549
32 66 744
66 32 744
32 87 831
87 32 831
32 58 384
58 32 384
32 78 732
78 32 732
32 34 297
34 32 297
32 53 436
53 32 436
32 43 778
43 32 778
32 78 457
78 32 457
33 74 156
74 33 156
33 52 177
52 33 177
33 85 200
85 33 200
33 55 353
55 33 353
33 88 71
88 33 71
33 69 262
69 33 262
34 82 194
82 34 194
34 36 557
36 34 557
34 39 365
39 34 365
34 92 386
92 34 386
35 81 132
81 35 132
35 48 640
48 35 640
35 54 948
54 35 948
35 51 282
51 35 282
35 67 278
67 35 278
35 86 790
86 35 790
36 42 80
42 36 80
36 70 476
70 36 476
36 85 803
85 36 803
36 39 970
39 36 970
36 83 806
83 36 806
36 84 894
84 36 894
36 51 912
51 36 912
36 59 831
59 36 831
36 63 28
63 36 28
36 87 814
87 36 814
36 71 851
71 36 851
36 70 740
70 36 740
37 78 924
78 37 924
37 60 75
60 37 75
37 83 423
83 37 423
37 50 246
50 37 246
37 58 523
58 37 523
37 83 305
83 37 305
37 71 57
71 37 57
37 42 898
42 37 898
37 63 974
63 37 974
38 59 290
59 38 290
38 90 100
90 38 100
38 75 19
75 38 19
38 66 542
66 38 542
38 52 86
52 38 86
38 76 107
76 38 107
38 79 999
79 38 999
39 64 904
64 39 904
39 46 73
46 39 73
39 86 402
86 39 402
39 69 205
69 39 205
39 73 717
73 39 717
40 71 398
71 40 398
40 40 193
40 40 193
40 74 6
74 40 6
40 85 361
85 40 361
40 65 683
65 40 683
40 76 101
76 40 101
40 84 180
84 40 180
41 59 760
59 41 760
41 60 691
60 41 691
41 67 71
67 41 71
41 50 371
50 41 371
41 75 861
75 41 861
41 45 118
45 41 118
41 82 74
82 41 74
41 71 805
71 41 805
41 92 113
92 41 113
41 62 324
62 41 324
42 83 773
83 42 773
42 64 937
64 42 937
42 89 15
89 42 15
42 42 242
42 42 242
42 80 784
80 42 784
42 81 542
81 42 542
42 65 42
65 42 42
42 66 78
66 42 78
42 82 470
82 42 470
42 84 740
84 42 740
43 56 387
56 43 387
43 77 933
77 43 933
43 48 487
48 43 487
43 59 585
59 43 585
43 87 26
87 43 26
44 67 705
67 44 705
44 72 386
72 44 386
44 60 314
60 44 314
44 44 39
44 44 39
44 51 761
51 44 761
45 63 909
63 45 909
45 48 143
48 45 143
45 78 818
78 45 818
45 74 357
74 45 357
45 69 113
69 45 113
45 46 797
46 45 797
45 85 554
85 45 554
46 49 88
49 46 88
46 80 803
80 46 803
46 69 620
69 46 620
46 76 19
76 46 19
46 71 715
71 46 715
46 54 180
54 46 180
46 79 430
79 46 430
46 74 867
74 46 867
46 61 447
61 46 447
47 76 401
76 47 401
47 79 108
79 47 108
47 81 611
81 47 611
47 54 394
54 47 394
47 51 8
51 47 8
47 70 686
70 47 686
47 91 400
91 47 400
48 82 809
82 48 809
48 65 774
65 48 774
48 72 647
72 48 647
48 92 241
92 48 241
48 58 910
58 48 910
48 57 105
57 48 105
48 54 315
54 48 315
49 56 972
56 49 972
49 70 784
70 49 784
49 71 811
71 49 811
49 70 461
70 49 461
49 51 502
51 49 502
50 73 230
73 50 230
50 66 902
66 50 902
50 69 976
69 50 976
50 92 180
92 50 180
50 66 76
66 50 76
50 82 123
82 50 123
50 85 785
85 50 785
50 63 10
63 50 10
51 77 733
77 51 733
51 61 17
61 51 17
51 87 931
87 51 931
51 62 746
62 51 746
51 63 732
63 51 732
52 91 719
91 52 719
52 88 374
88 52 374
52 56 920
56 52 920
52 68 888
68 52 888
52 53 468
53 52 468
53 62 352
62 53 352
53 69 225
69 53 225
53 86 330
86 53 330
53 69 38
69 53 38
53 88 918
88 53 918
53 84 27
84 53 27
53 66 445
66 53 445
53 64 725
64 53 725
53 84 889
84 53 889
54 75 541
75 54 541
54 65 917
65 54 917
54 93 693
93 54 693
54 65 306
65 54 306
54 88 987
88 54 987
54 76 935
76 54 935
54 54 519
54 54 519
54 59 180
59 54 180
55 76 299
76 55 299
55 80 784
80 55 784
55 62 995
62 55 995
55 85 39
85 55 39
55 58 473
58 55 473
55 78 495
78 55 495
55 68 26
68 55 26
56 72 502
72 56 502
56 65 50
65 56 50
56 93 547
93 56 547
56 82 541
82 56 541
56 69 635
69 56 635
56 81 16
81 56 16
56 72 834
72 56 834
56 57 669
57 56 669
56 59 991
59 56 991
57 76 424
76 57 424
57 71 736
71 57 736
57 85 76
85 57 76
58 89 877
89 58 877
58 78 732
78 58 732
58 90 125
90 58 125
58 65 24
65 58 24
58 59 275
59 58 275
58 72 511
72 58 511
58 64 109
64 58 109
58 71 385
71 58 385
59 70 110
70 59 110
59 82 841
82 59 841
59 88 658
88 59 658
59 74 20
74 59 20
59 69 440
69 59 440
59 74 350
74 59 350
59 64 808
64 59 808
59 76 456
76 59 456
59 70 154
70 59 154
59 82 933
82 59 933
60 85 133
85 60 133
60 81 854
81 60 854
61 85 793
85 61 793
61 74 286
74 61 286
61 67 48
67 61 48
61 67 455
67 61 455
61 73 658
73 61 658
62 85 725
85 62 725
62 76 564
76 62 564
62 65 488
65 62 488
62 64 405
64 62 405
63 83 140
83 63 140
63 76 245
76 63 245
63 92 580
92 63 580
63 83 990
83 63 990
63 91 283
91 63 283
63 80 947
80 63 947
63 86 63
86 63 63
63 85 243
85 63 243
64 78 90
78 64 90
64 79 461
79 64 461
64 73 808
73 64 808
64 79 605
79 64 605
64 87 386
87 64 386
64 78 377
78 64 377
64 88 514
88 64 514
64 85 341
85 64 341
65 93 502
93 65 502
65 88 959
88 65 959
65 79 584
79 65 584
65 69 895
69 65 895
66 70 858
70 66 858
66 93 692
93 66 692
67 91 930
91 67 930
67 92 318
92 67 318
67 82 364
82 67 364
68 78 171
78 68 171
68 87 228
87 68 228
68 87 252
87 68 252
68 87 246
87 68 246
68 75 599
75 68 599
69 71 311
71 69 311
69 92 685
92 69 685
69 79 44
79 69 44
69 86 683
86 69 683
70 78 876
78 70 876
71 91 9
91 71 9
71 79 781
79 71 781
71 78 942
78 71 942
72 79 891
79 72 891
72 84 4
84 72 4
72 74 754
74 72 754
72 79 611
79 72 611
73 80 738
80 73 738
73 89 665
89 73 665
73 92 576
92 73 576
73 86 777
86 73 777
73 76 285
76 73 285
74 88 138
88 74 138
75 92 950
92 75 950
75 76 424
76 75 424
75 78 844
78 75 844
75 90 313
90 75 313
75 92 508
92 75 508
76 79 98
79 76 98
76 78 631
78 76 631
79 90 811
90 79 811
79 93 874
93 79 874
79 86 612
86 79 612
79 82 281
82 79 281
79 93 671
93 79 671
80 89 329
89 80 329
80 92 510
92 80 510
80 85 389
85 80 389
81 88 726
88 81 726
82 83 619
83 82 619
84 91 174
91 84 174
85 89 489
89 85 489
86 87 251
87 86 251
86 90 182
90 86 182
89 93 723
93 89 723
89 89 519
89 89 519
89 93 447
93 89 447
90 92 924
92 90 924
