91

0 1 209
1 0 209
0 6 820
6 0 820
0 17 424
17 0 424
0 60 382
60 0 382
0 18 881
18 0 881
0 79 722
79 0 722
1 2 177
2 1 177
1 3 523
3 1 523
1 10 609
10 1 609
1 28 321
28 1 321
1 46 491
46 1 491
1 72 857
72 1 857
2 4 701
4 2 701
2 20 910
20 2 910
2 68 705
68 2 705
2 4 957
4 2 957
2 48 133
48 2 133
3 7 607
7 3 607
3 9 191
9 3 191
3 21 759
21 3 759
3 36 562
36 3 562
3 37 487
37 3 487
3 26 921
26 3 921
3 65 593
65 3 593
3 31 559
31 3 559
4 5 417
5 4 417
4 19 927
19 4 927
4 30 755
30 4 755
4 74 620
74 4 620
4 74 361
74 4 361
4 21 289
21 4 289
5 8 417
8 5 417
5 69 227
69 5 227
5 58 349
58 5 349
5 90 278
90 5 278
6 13 642
13 6 642
6 22 676
22 6 676
6 33 529
33 6 529
6 27 135
27 6 135
7 25 106
25 7 106
7 82 314
82 7 314
7 23 757
23 7 757
7 31 465
31 7 465
8 24 370
24 8 370
8 43 654
43 8 654
8 51 832
51 8 832
8 58 61
58 8 61
9 12 723
12 9 723
9 33 876
33 9 876
9 35 13
35 9 13
9 18 949
18 9 949
9 17 180
17 9 180
10 11 37
11 10 37
10 56 364
56 10 364
10 67 79
67 10 79
10 15 539
15 10 539
10 64 364
64 10 364
10 89 588
89 10 588
11 14 216
14 11 216
11 15 182
15 11 182
11 57 828
57 11 828
11 49 521
49 11 521
11 17 344
17 11 344
11 37 503
37 11 503
12 65 995
65 12 995
12 66 863
66 12 863
12 37 405
37 12 405
12 19 984
19 12 984
12 15 886
15 12 886
13 40 854
40 13 854
13 43 351
43 13 351
13 58 116
58 13 116
14 16 139
16 14 139
14 18 917
18 14 917
14 71 886
71 14 886
15 23 515
23 15 515
15 67 531
67 15 531
16 39 328
39 16 328
16 47 368
47 16 368
16 34 62
34 16 62
17 63 968
63 17 968
17 77 807
77 17 807
17 76 178
76 17 178
18 63 106
63 18 106
18 81 421
81 18 421
18 38 76
38 18 76
19 41 432
41 19 432
19 45 224
45 19 224
19 50 778
50 19 778
19 78 366
78 19 366
19 53 275
53 19 275
19 65 7
65 19 7
20 64 542
64 20 542
20 56 924
56 20 924
20 26 438
26 20 438
20 77 384
77 20 384
20 80 218
80 20 218
20 82 572
82 20 572
21 23 769
23 21 769
21 26 85
26 21 85
21 31 785
31 21 785
21 32 553
32 21 553
21 59 340
59 21 340
21 70 315
70 21 315
21 71 215
71 21 215
21 57 556
57 21 556
21 44 302
44 21 302
22 81 361
81 22 361
22 70 302
70 22 302
23 75 774
75 23 774
23 33 71
33 23 71
23 35 57
35 23 57
23 74 102
74 23 102
24 59 960
59 24 960
25 46 72
46 25 72
25 55 318
55 25 318
25 72 497
72 25 497
26 27 4
27 26 4
26 29 930
29 26 930
26 34 75
34 26 75
26 53 547
53 26 547
26 66 574
66 26 574
26 90 973
90 26 973
27 47 484
47 27 484
27 49 304
49 27 304
27 47 538
47 27 538
27 79 252
79 27 252
28 61 748
61 28 748
28 38 88
38 28 88
28 80 517
80 28 517
28 73 446
73 28 446
28 52 977
52 28 977
29 76 957
76 29 957
30 61 86
61 30 86
31 51 363
51 31 363
31 79 401
79 31 401
31 82 491
82 31 491
32 48 491
48 32 491
32 51 305
51 32 305
33 38 619
38 33 619
33 76 202
76 33 202
33 80 64
80 33 64
34 43 233
43 34 233
34 72 324
72 34 324
35 48 672
48 35 672
35 68 350
68 35 350
35 42 702
42 35 702
37 74 924
74 37 924
38 42 825
42 38 825
39 44 793
44 39 793
39 87 598
87 39 598
40 80 615
80 40 615
41 75 87
75 41 87
42 74 507
74 42 507
43 46 631
46 43 631
43 81 446
81 43 446
44 83 355
83 44 355
44 51 412
51 44 412
44 77 320
77 44 320
45 89 649
89 45 649
45 46 646
46 45 646
45 68 838
68 45 838
45 76 162
76 45 162
46 55 889
55 46 889
46 77 460
77 46 460
46 82 284
82 46 284
47 52 811
52 47 811
47 60 874
60 47 874
47 62 691
62 47 691
48 54 908
54 48 908
49 80 823
80 49 823
49 61 747
61 49 747
50 70 45
70 50 45
52 61 174
61 52 174
53 69 487
69 53 487
53 87 325
87 53 325
53 76 226
76 53 226
55 72 727
72 55 727
55 67 715
67 55 715
55 60 538
60 55 538
56 59 237
59 56 237
58 85 514
85 58 514
60 84 135
84 60 135
60 90 905
90 60 905
63 78 365
78 63 365
65 70 652
70 65 652
66 73 11
73 66 11
66 73 523
73 66 523
67 87 865
87 67 865
67 75 235
75 67 235
68 71 272
71 68 272
72 82 428
82 72 428
73 73 560
73 73 560
75 78 913
78 75 913
78 87 36
87 78 36
80 85 173
85 80 173
80 88 624
88 80 624
82 86 371
86 82 371
