87

0 1 810
1 0 810
0 7 36
7 0 36
0 8 148
8 0 148
0 11 376
11 0 376
0 15 305
15 0 305
0 18 203
18 0 203
0 47 265
47 0 265
0 52 745
52 0 745
1 2 427
2 1 427
1 3 660
3 1 660
1 6 165
6 1 165
1 26 135
26 1 135
1 80 344
80 1 344
1 73 157
73 1 157
1 75 896
75 1 896
1 34 127
34 1 127
2 12 932
12 2 932
2 25 302
25 2 302
2 27 963
27 2 963
2 3 107
3 2 107
2 26 621
26 2 621
2 8 268
8 2 268
2 68 560
68 2 560
2 35 677
35 2 677
2 45 595
45 2 595
3 4 865
4 3 865
3 5 992
5 3 992
3 20 900
20 3 900
3 27 793
27 3 793
3 30 560
30 3 560
4 9 757
9 4 757
4 43 901
43 4 901
4 27 319
27 4 319
4 17 365
17 4 365
4 20 505
20 4 505
4 86 352
86 4 352
5 10 389
10 5 389
5 27 880
27 5 880
5 33 417
33 5 417
5 50 168
50 5 168
6 16 209
16 6 209
6 44 924
44 6 924
6 37 426
37 6 426
7 44 83
44 7 83
7 43 954
43 7 954
7 24 522
24 7 522
7 66 736
66 7 736
7 36 290
36 7 290
8 39 265
39 8 265
8 43 935
43 8 935
9 29 111
29 9 111
9 54 218
54 9 218
9 60 482
60 9 482
9 29 491
29 9 491
9 19 905
19 9 905
10 22 724
22 10 724
10 23 839
23 10 839
11 49 775
49 11 775
11 42 727
42 11 727
11 86 132
86 11 132
11 52 726
52 11 726
11 26 834
26 11 834
12 13 434
13 12 434
12 16 862
16 12 862
12 17 131
17 12 131
12 24 906
24 12 906
12 37 427
37 12 427
12 24 758
24 12 758
12 66 957
66 12 957
13 14 655
14 13 655
13 35 67
35 13 67
13 50 29
50 13 29
13 71 766
71 13 766
13 72 497
72 13 497
13 45 718
45 13 718
13 36 280
36 13 280
14 21 785
21 14 785
14 42 669
42 14 669
14 68 965
68 14 965
14 74 970
74 14 970
14 78 741
78 14 741
15 71 565
71 15 565
15 59 741
59 15 741
15 82 248
82 15 248
15 17 601
17 15 601
15 85 34
85 15 34
15 52 557
52 15 557
16 39 552
39 16 552
16 70 585
70 16 585
16 82 486
82 16 486
17 19 344
19 17 344
17 72 110
72 17 110
17 85 642
85 17 642
17 56 227
56 17 227
17 21 470
21 17 470
17 73 837
73 17 837
18 85 454
85 18 454
18 55 130
55 18 130
18 43 199
43 18 199
19 30 706
30 19 706
19 36 965
36 19 965
19 73 895
73 19 895
19 54 263
54 19 263
19 51 721
51 19 721
19 22 436
22 19 436
19 59 284
59 19 284
20 31 658
31 20 658
20 67 656
67 20 656
20 46 340
46 20 340
20 38 929
38 20 929
20 75 969
75 20 969
20 52 979
52 20 979
20 73 8
73 20 8
20 63 139
63 20 139
20 37 876
37 20 876
21 32 485
32 21 485
21 48 998
48 21 998
21 77 304
77 21 304
21 70 163
70 21 163
21 86 700
86 21 700
22 41 55
41 22 55
22 47 593
47 22 593
22 61 441
61 22 441
22 76 818
76 22 818
22 86 625
86 22 625
23 52 145
52 23 145
23 66 736
66 23 736
23 58 433
58 23 433
23 71 404
71 23 404
24 28 785
28 24 785
24 37 797
37 24 797
24 79 301
79 24 301
25 57 135
57 25 135
25 59 72
59 25 72
25 64 536
64 25 536
25 79 362
79 25 362
26 38 872
38 26 872
26 53 892
53 26 892
26 32 863
32 26 863
26 84 678
84 26 678
27 34 992
34 27 992
27 55 274
55 27 274
27 58 634
58 27 634
27 85 803
85 27 803
27 51 217
51 27 217
28 45 590
45 28 590
28 64 434
64 28 434
28 35 247
35 28 247
28 51 811
51 28 811
28 74 822
74 28 822
28 78 525
78 28 525
29 48 205
48 29 205
29 57 408
57 29 408
29 30 281
30 29 281
29 50 561
50 29 561
30 81 237
81 30 237
30 61 131
61 30 131
30 85 753
85 30 753
31 56 105
56 31 105
31 75 542
75 31 542
32 84 252
84 32 252
32 51 81
51 32 81
33 86 930
86 33 930
33 60 648
60 33 648
33 46 572
46 33 572
34 40 690
40 34 690
34 40 593
40 34 593
34 57 561
57 34 561
35 81 244
81 35 244
36 62 964
62 36 964
36 72 231
72 36 231
37 75 407
75 37 407
37 80 318
80 37 318
37 86 131
86 37 131
37 57 95
57 37 95
37 48 969
48 37 969
38 62 113
62 38 113
38 59 235
59 38 235
39 56 953
56 39 953
40 74 488
74 40 488
40 78 289
78 40 289
40 53 657
53 40 657
40 84 365
84 40 365
40 45 774
45 40 774
41 46 108
46 41 108
41 49 366
49 41 366
41 83 441
83 41 441
42 63 286
63 42 286
42 84 579
84 42 579
42 85 342
85 42 342
43 49 645
49 43 645
43 66 175
66 43 175
43 84 194
84 43 194
44 77 243
77 44 243
44 81 133
81 44 133
45 83 789
83 45 789
45 66 605
66 45 605
47 79 47
79 47 47
47 78 906
78 47 906
49 61 266
61 49 266
50 51 367
51 50 367
51 59 959
59 51 959
51 58 864
58 51 864
51 58 716
58 51 716
52 79 207
79 52 207
52 77 687
77 52 687
52 70 254
70 52 254
52 82 14
82 52 14
52 77 687
77 52 687
52 57 356
57 52 356
52 74 854
74 52 854
53 65 846
65 53 846
54 69 739
69 54 739
54 64 204
64 54 204
54 60 621
60 54 621
58 71 526
71 58 526
58 64 733
64 58 733
59 68 640
68 59 640
60 83 119
83 60 119
60 85 190
85 60 190
60 67 566
67 60 566
60 62 262
62 60 262
61 69 748
69 61 748
62 68 185
68 62 185
65 76 912
76 65 912
65 70 54
70 65 54
67 68 374
68 67 374
67 80 309
80 67 309
71 83 770
83 71 770
71 85 130
85 71 130
72 83 950
83 72 950
74 81 477
81 74 477
78 82 171
82 78 171
