31

0 1 587
1 0 587
0 2 944
2 0 944
0 3 133
3 0 133
0 10 516
10 0 516
0 11 853
11 0 853
0 21 410
21 0 410
1 4 162
4 1 162
1 6 599
6 1 599
1 8 432
8 1 432
2 15 227
15 2 227
2 19 869
19 2 869
3 22 554
22 3 554
4 5 62
5 4 62
5 7 241
7 5 241
5 12 648
12 5 648
6 13 382
13 6 382
6 30 627
30 6 627
7 9 536
9 7 536
8 25 965
25 8 965
9 14 801
14 9 801
9 18 26
18 9 26
9 24 504
24 9 504
10 24 264
24 10 264
12 17 310
17 12 310
13 16 331
16 13 331
15 18 35
18 15 35
16 23 392
23 16 392
18 20 872
20 18 872
18 28 189
28 18 189
19 26 294
26 19 294
20 27 361
27 20 361
22 29 398
29 22 398
