100

0 1 391
1 0 391
0 2 27
2 0 27
0 3 434
3 0 434
0 4 160
4 0 160
0 5 193
5 0 193
0 16 529
16 0 529
0 65 450
65 0 450
0 90 34
90 0 34
0 25 634
25 0 634
1 7 25
7 1 25
1 13 575
13 1 575
1 46 342
46 1 342
1 34 85
34 1 85
1 77 565
77 1 565
2 6 62
6 2 62
2 15 716
15 2 716
2 17 363
17 2 363
2 34 130
34 2 130
2 54 225
54 2 225
2 87 94
87 2 94
2 58 828
58 2 828
4 9 570
9 4 570
4 29 200
29 4 200
4 56 13
56 4 13
4 10 763
10 4 763
4 63 271
63 4 271
5 71 768
71 5 768
5 67 85
67 5 85
6 8 171
8 6 171
6 21 98
21 6 98
6 58 871
58 6 871
6 72 135
72 6 135
7 11 218
11 7 218
7 20 861
20 7 861
7 23 521
23 7 521
7 33 599
33 7 599
7 38 71
38 7 71
7 61 321
61 7 321
8 14 825
14 8 825
8 24 793
24 8 793
8 36 506
36 8 506
8 37 640
37 8 640
8 87 573
87 8 573
9 10 38
10 9 38
9 26 109
26 9 109
9 24 670
24 9 670
10 12 659
12 10 659
11 18 12
18 11 12
11 25 714
25 11 714
11 44 711
44 11 711
11 72 904
72 11 904
12 83 171
83 12 171
12 88 522
88 12 522
12 64 194
64 12 194
13 99 98
99 13 98
14 59 246
59 14 246
14 76 639
76 14 639
15 22 151
22 15 151
15 32 970
32 15 970
15 94 704
94 15 704
16 49 445
49 16 445
16 56 202
56 16 202
17 19 138
19 17 138
17 84 173
84 17 173
17 21 156
21 17 156
17 32 62
32 17 62
19 30 764
30 19 764
19 60 63
60 19 63
19 97 692
97 19 692
20 63 286
63 20 286
20 68 963
68 20 963
21 28 502
28 21 502
21 35 774
35 21 774
21 48 993
48 21 993
21 62 581
62 21 581
23 27 473
27 23 473
23 31 332
31 23 332
23 33 948
33 23 948
23 61 909
61 23 909
24 39 414
39 24 414
24 40 892
40 24 892
26 41 532
41 26 532
26 45 312
45 26 312
27 85 328
85 27 328
29 49 51
49 29 51
30 47 702
47 30 702
30 57 528
57 30 528
30 74 710
74 30 710
30 82 512
82 30 512
30 72 497
72 30 497
30 62 138
62 30 138
31 78 88
78 31 88
32 50 899
50 32 899
34 76 40
76 34 40
37 42 708
42 37 708
38 69 809
69 38 809
38 80 795
80 38 795
39 67 360
67 39 360
39 73 383
73 39 383
39 48 935
48 39 935
39 44 415
44 39 415
39 41 322
41 39 322
40 66 246
66 40 246
40 84 240
84 40 240
41 63 907
63 41 907
42 43 670
43 42 670
42 98 337
98 42 337
42 47 411
47 42 411
43 52 291
52 43 291
43 62 683
62 43 683
44 81 84
81 44 84
45 75 994
75 45 994
46 84 832
84 46 832
47 89 156
89 47 156
49 53 999
53 49 999
49 86 996
86 49 996
50 51 601
51 50 601
50 76 334
76 50 334
51 97 406
97 51 406
53 55 710
55 53 710
54 70 774
70 54 774
54 93 538
93 54 538
54 99 728
99 54 728
55 95 594
95 55 594
57 91 114
91 57 114
58 83 849
83 58 849
60 64 227
64 60 227
61 85 140
85 61 140
65 77 263
77 65 263
65 79 573
79 65 573
66 87 216
87 66 216
73 85 271
85 73 271
79 96 382
96 79 382
83 92 242
92 83 242
85 96 375
96 85 375
94 99 923
99 94 923
