37

0 1 238
1 0 238
0 2 27
2 0 27
0 7 467
7 0 467
0 26 539
26 0 539
0 1 643
1 0 643
0 11 665
11 0 665
0 16 864
16 0 864
0 35 99
35 0 99
0 34 30
34 0 30
1 11 229
11 1 229
1 9 918
9 1 918
2 3 806
3 2 806
2 28 549
28 2 549
2 24 107
24 2 107
2 19 258
19 2 258
2 21 403
21 2 403
2 6 329
6 2 329
3 4 316
4 3 316
3 5 101
5 3 101
3 11 321
11 3 321
3 24 695
24 3 695
3 14 555
14 3 555
3 10 884
10 3 884
4 9 938
9 4 938
4 32 418
32 4 418
5 6 796
6 5 796
5 10 798
10 5 798
5 14 820
14 5 820
5 19 863
19 5 863
5 29 567
29 5 567
5 18 69
18 5 69
6 13 910
13 6 910
6 15 376
15 6 376
6 20 251
20 6 251
6 35 804
35 6 804
6 36 726
36 6 726
6 31 564
31 6 564
7 8 290
8 7 290
7 12 597
12 7 597
7 14 985
14 7 985
7 11 828
11 7 828
7 29 840
29 7 840
8 25 519
25 8 519
8 34 761
34 8 761
8 24 405
24 8 405
8 21 744
21 8 744
8 17 589
17 8 589
9 12 813
12 9 813
9 21 751
21 9 751
9 15 446
15 9 446
9 15 952
15 9 952
9 22 43
22 9 43
9 15 165
15 9 165
10 17 922
17 10 922
11 21 862
21 11 862
12 16 632
16 12 632
12 18 593
18 12 593
12 18 131
18 12 131
12 28 162
28 12 162
12 17 341
17 12 341
12 35 454
35 12 454
13 35 682
35 13 682
13 24 639
24 13 639
13 36 650
36 13 650
14 23 301
23 14 301
15 31 742
31 15 742
15 20 705
20 15 705
15 22 427
22 15 427
15 30 584
30 15 584
16 23 264
23 16 264
16 27 558
27 16 558
16 22 907
22 16 907
16 32 288
32 16 288
16 24 407
24 16 407
17 32 695
32 17 695
17 33 238
33 17 238
17 31 827
31 17 827
17 34 279
34 17 279
17 19 589
19 17 589
19 33 291
33 19 291
19 31 991
31 19 991
20 22 404
22 20 404
20 30 286
30 20 286
20 32 385
32 20 385
20 31 606
31 20 606
21 35 405
35 21 405
21 32 283
32 21 283
22 27 592
27 22 592
22 36 274
36 22 274
23 28 115
28 23 115
23 32 165
32 23 165
23 32 367
32 23 367
23 28 460
28 23 460
26 29 765
29 26 765
27 35 653
35 27 653
29 36 573
36 29 573
30 36 860
36 30 860
33 34 869
34 33 869
