82

0 1 784
1 0 784
0 2 295
2 0 295
0 4 512
4 0 512
0 5 120
5 0 120
0 10 248
10 0 248
0 16 25
16 0 25
0 21 123
21 0 123
0 22 308
22 0 308
0 78 101
78 0 101
0 26 592
26 0 592
0 49 167
49 0 167
0 19 275
19 0 275
0 41 294
41 0 294
0 81 85
81 0 85
0 52 919
52 0 919
0 7 188
7 0 188
0 61 85
61 0 85
0 2 745
2 0 745
0 10 535
10 0 535
0 63 738
63 0 738
0 6 197
6 0 197
0 75 726
75 0 726
0 69 428
69 0 428
0 19 414
19 0 414
0 56 911
56 0 911
0 3 108
3 0 108
0 35 177
35 0 177
0 24 575
24 0 575
0 72 417
72 0 417
0 78 820
78 0 820
0 33 808
33 0 808
0 80 378
80 0 378
1 3 540
3 1 540
1 17 933
17 1 933
1 20 719
20 1 719
1 52 909
52 1 909
1 54 270
54 1 270
1 1 423
1 1 423
1 65 252
65 1 252
1 75 414
75 1 414
1 71 444
71 1 444
1 14 519
14 1 519
1 47 179
47 1 179
1 29 617
29 1 617
1 28 860
28 1 860
1 40 903
40 1 903
1 35 122
35 1 122
1 52 955
52 1 955
1 50 12
50 1 12
1 55 53
55 1 53
1 66 960
66 1 960
1 67 322
67 1 322
1 60 441
60 1 441
2 9 757
9 2 757
2 34 479
34 2 479
2 32 950
32 2 950
2 10 295
10 2 295
2 42 777
42 2 777
2 7 929
7 2 929
2 59 587
59 2 587
2 34 313
34 2 313
2 20 289
20 2 289
2 11 588
11 2 588
2 57 617
57 2 617
2 28 929
28 2 929
2 27 38
27 2 38
2 32 912
32 2 912
2 62 481
62 2 481
2 15 924
15 2 924
2 28 757
28 2 757
2 21 68
21 2 68
2 54 236
54 2 236
2 73 909
73 2 909
3 25 254
25 3 254
3 49 790
49 3 790
3 61 592
61 3 592
3 44 190
44 3 190
3 17 311
17 3 311
3 10 251
10 3 251
3 32 969
32 3 969
3 63 458
63 3 458
3 78 935
78 3 935
3 51 996
51 3 996
3 53 178
53 3 178
3 28 479
28 3 479
3 29 714
29 3 714
3 7 963
7 3 963
3 19 274
19 3 274
3 55 997
55 3 997
3 81 897
81 3 897
3 30 361
30 3 361
4 6 959
6 4 959
4 14 49
14 4 49
4 27 502
27 4 502
4 67 229
67 4 229
4 52 259
52 4 259
4 54 970
54 4 970
4 55 378
55 4 378
4 6 568
6 4 568
4 41 969
41 4 969
4 10 64
10 4 64
4 12 97
12 4 97
4 29 302
29 4 302
4 26 458
26 4 458
4 29 58
29 4 58
4 20 999
20 4 999
4 32 873
32 4 873
4 25 193
25 4 193
4 51 40
51 4 40
4 42 150
42 4 150
4 64 293
64 4 293
4 57 828
57 4 828
4 16 399
16 4 399
4 51 136
51 4 136
4 57 763
57 4 763
4 60 690
60 4 690
4 77 715
77 4 715
5 7 984
7 5 984
5 26 129
26 5 129
5 41 382
41 5 382
5 9 308
9 5 308
5 65 296
65 5 296
5 9 690
9 5 690
5 36 341
36 5 341
5 49 115
49 5 115
5 40 542
40 5 542
5 77 220
77 5 220
5 66 479
66 5 479
5 81 512
81 5 512
5 15 819
15 5 819
5 6 57
6 5 57
5 22 175
22 5 175
5 28 150
28 5 150
5 38 336
38 5 336
6 8 798
8 6 798
6 11 799
11 6 799
6 31 61
31 6 61
6 40 235
40 6 235
6 47 167
47 6 167
6 75 731
75 6 731
6 32 785
32 6 785
6 61 985
61 6 985
6 68 691
68 6 691
6 43 160
43 6 160
6 79 778
79 6 778
6 77 141
77 6 141
6 80 13
80 6 13
6 72 13
72 6 13
7 33 299
33 7 299
7 51 584
51 7 584
7 45 95
45 7 95
7 10 607
10 7 607
7 44 362
44 7 362
7 27 539
27 7 539
7 47 224
47 7 224
7 45 397
45 7 397
7 45 986
45 7 986
7 13 666
13 7 666
7 49 852
49 7 852
7 79 55
79 7 55
7 78 488
78 7 488
7 29 574
29 7 574
7 7 374
7 7 374
7 64 918
64 7 918
8 12 579
12 8 579
8 18 453
18 8 453
8 64 766
64 8 766
8 22 928
22 8 928
8 67 826
67 8 826
8 77 926
77 8 926
8 69 704
69 8 704
8 63 654
63 8 654
8 41 613
41 8 613
8 29 907
29 8 907
8 62 331
62 8 331
8 77 826
77 8 826
9 13 454
13 9 454
9 45 145
45 9 145
9 70 930
70 9 930
9 55 151
55 9 151
9 27 383
27 9 383
9 64 185
64 9 185
9 28 981
28 9 981
9 29 715
29 9 715
9 48 267
48 9 267
9 19 703
19 9 703
9 48 273
48 9 273
9 28 772
28 9 772
10 37 317
37 10 317
10 53 49
53 10 49
10 65 175
65 10 175
10 79 684
79 10 684
10 11 877
11 10 877
10 74 285
74 10 285
10 80 905
80 10 905
10 19 882
19 10 882
10 42 74
42 10 74
10 69 686
69 10 686
10 41 38
41 10 38
10 61 705
61 10 705
10 13 993
13 10 993
10 77 143
77 10 143
10 65 221
65 10 221
10 47 147
47 10 147
10 40 749
40 10 749
10 37 760
37 10 760
10 77 975
77 10 975
10 70 424
70 10 424
11 46 10
46 11 10
11 33 232
33 11 232
11 33 428
33 11 428
11 61 698
61 11 698
11 77 426
77 11 426
11 31 134
31 11 134
11 50 997
50 11 997
11 75 113
75 11 113
11 48 471
48 11 471
11 39 95
39 11 95
11 68 563
68 11 563
11 17 787
17 11 787
11 55 286
55 11 286
11 41 972
41 11 972
11 11 684
11 11 684
11 63 208
63 11 208
12 24 712
24 12 712
12 43 538
43 12 538
12 46 992
46 12 992
12 20 724
20 12 724
12 69 992
69 12 992
12 15 926
15 12 926
12 28 245
28 12 245
12 34 290
34 12 290
12 64 884
64 12 884
12 29 781
29 12 781
12 71 394
71 12 394
12 59 59
59 12 59
12 71 609
71 12 609
12 13 811
13 12 811
12 76 194
76 12 194
12 56 37
56 12 37
12 48 156
48 12 156
12 26 88
26 12 88
12 19 373
19 12 373
13 28 686
28 13 686
13 48 363
48 13 363
13 32 933
32 13 933
13 77 312
77 13 312
13 31 749
31 13 749
13 37 140
37 13 140
13 56 251
56 13 251
13 54 369
54 13 369
13 66 559
66 13 559
13 53 818
53 13 818
13 56 634
56 13 634
13 63 335
63 13 335
13 43 873
43 13 873
13 21 302
21 13 302
13 81 876
81 13 876
13 23 758
23 13 758
13 32 442
32 13 442
13 57 390
57 13 390
13 40 17
40 13 17
13 55 583
55 13 583
13 31 901
31 13 901
13 58 158
58 13 158
13 57 887
57 13 887
14 15 980
15 14 980
14 19 344
19 14 344
14 20 360
20 14 360
14 72 715
72 14 715
14 62 213
62 14 213
14 29 936
29 14 936
14 32 257
32 14 257
14 15 55
15 14 55
14 67 862
67 14 862
14 55 204
55 14 204
14 44 876
44 14 876
14 75 329
75 14 329
14 18 933
18 14 933
14 33 75
33 14 75
14 20 315
20 14 315
14 49 968
49 14 968
14 63 190
63 14 190
14 60 125
60 14 125
14 23 966
23 14 966
14 78 281
78 14 281
15 55 572
55 15 572
15 43 509
43 15 509
15 23 243
23 15 243
15 36 295
36 15 295
15 47 739
47 15 739
15 46 745
46 15 745
15 60 70
60 15 70
15 45 339
45 15 339
15 75 415
75 15 415
15 63 298
63 15 298
16 54 484
54 16 484
16 73 878
73 16 878
16 19 21
19 16 21
16 25 312
25 16 312
16 78 76
78 16 76
16 42 390
42 16 390
16 26 292
26 16 292
16 35 845
35 16 845
16 23 330
23 16 330
16 28 527
28 16 527
16 18 199
18 16 199
16 59 41
59 16 41
16 22 740
22 16 740
17 39 138
39 17 138
17 75 932
75 17 932
17 76 988
76 17 988
17 71 579
71 17 579
17 72 701
72 17 701
17 21 473
21 17 473
17 76 796
76 17 796
17 19 604
19 17 604
17 50 929
50 17 929
17 66 217
66 17 217
17 71 830
71 17 830
17 56 204
56 17 204
17 68 189
68 17 189
17 50 220
50 17 220
17 49 163
49 17 163
17 42 343
42 17 343
17 18 543
18 17 543
18 43 649
43 18 649
18 24 280
24 18 280
18 77 582
77 18 582
18 50 828
50 18 828
18 48 632
48 18 632
18 58 705
58 18 705
18 64 514
64 18 514
18 58 481
58 18 481
18 19 809
19 18 809
18 65 993
65 18 993
18 56 879
56 18 879
18 67 134
67 18 134
18 25 346
25 18 346
18 49 443
49 18 443
18 58 241
58 18 241
18 28 793
28 18 793
19 44 495
44 19 495
19 48 503
48 19 503
19 39 382
39 19 382
19 80 719
80 19 719
19 54 359
54 19 359
19 79 466
79 19 466
19 20 191
20 19 191
19 49 431
49 19 431
19 57 764
57 19 764
20 51 337
51 20 337
20 64 753
64 20 753
20 29 730
29 20 730
20 76 716
76 20 716
20 49 220
49 20 220
20 39 815
39 20 815
20 39 496
39 20 496
20 79 679
79 20 679
20 25 159
25 20 159
20 80 980
80 20 980
20 62 873
62 20 873
20 65 656
65 20 656
20 63 323
63 20 323
20 60 331
60 20 331
20 24 406
24 20 406
20 45 250
45 20 250
21 30 504
30 21 504
21 49 877
49 21 877
21 42 664
42 21 664
21 81 547
81 21 547
21 74 77
74 21 77
21 34 380
34 21 380
21 35 818
35 21 818
21 49 100
49 21 100
21 24 120
24 21 120
22 23 670
23 22 670
22 60 235
60 22 235
22 35 484
35 22 484
22 24 500
24 22 500
22 80 481
80 22 481
22 49 224
49 22 224
22 69 196
69 22 196
22 63 714
63 22 714
22 79 327
79 22 327
22 43 661
43 22 661
22 80 915
80 22 915
22 72 145
72 22 145
22 80 935
80 22 935
22 66 681
66 22 681
22 27 590
27 22 590
22 29 902
29 22 902
22 61 81
61 22 81
22 46 540
46 22 540
23 35 650
35 23 650
23 70 192
70 23 192
23 37 690
37 23 690
23 73 947
73 23 947
23 40 418
40 23 418
23 32 53
32 23 53
23 38 105
38 23 105
23 38 918
38 23 918
23 51 864
51 23 864
23 53 289
53 23 289
23 35 755
35 23 755
23 35 876
35 23 876
23 60 575
60 23 575
23 65 315
65 23 315
23 24 40
24 23 40
23 81 593
81 23 593
23 61 881
61 23 881
23 69 196
69 23 196
23 33 367
33 23 367
24 55 144
55 24 144
24 64 266
64 24 266
24 71 736
71 24 736
24 52 592
52 24 592
24 37 876
37 24 876
24 57 501
57 24 501
24 56 278
56 24 278
24 44 478
44 24 478
24 74 773
74 24 773
24 54 410
54 24 410
24 48 686
48 24 686
24 33 453
33 24 453
24 47 813
47 24 813
25 60 941
60 25 941
25 43 113
43 25 113
25 72 918
72 25 918
25 35 747
35 25 747
25 77 502
77 25 502
25 61 322
61 25 322
25 41 921
41 25 921
25 26 586
26 25 586
25 42 216
42 25 216
25 70 388
70 25 388
25 79 140
79 25 140
25 55 36
55 25 36
25 36 290
36 25 290
26 29 551
29 26 551
26 32 609
32 26 609
26 68 860
68 26 860
26 58 851
58 26 851
26 52 788
52 26 788
26 41 65
41 26 65
26 57 845
57 26 845
26 77 250
77 26 250
26 28 986
28 26 986
26 55 908
55 26 908
26 62 35
62 26 35
26 77 926
77 26 926
26 42 924
42 26 924
27 48 72
48 27 72
27 56 613
56 27 613
27 30 803
30 27 803
27 64 161
64 27 161
27 53 822
53 27 822
27 41 165
41 27 165
27 81 753
81 27 753
27 47 182
47 27 182
27 37 549
37 27 549
27 61 838
61 27 838
27 40 627
40 27 627
27 71 455
71 27 455
28 80 637
80 28 637
28 48 103
48 28 103
28 58 241
58 28 241
28 79 95
79 28 95
28 75 988
75 28 988
28 28 110
28 28 110
28 81 264
81 28 264
28 62 315
62 28 315
28 53 375
53 28 375
28 35 551
35 28 551
28 80 758
80 28 758
28 76 607
76 28 607
29 38 62
38 29 62
29 58 281
58 29 281
29 60 8
60 29 8
29 58 106
58 29 106
29 50 558
50 29 558
29 49 373
49 29 373
29 52 95
52 29 95
30 35 832
35 30 832
30 36 91
36 30 91
30 65 743
65 30 743
30 62 64
62 30 64
30 62 336
62 30 336
30 75 673
75 30 673
30 32 995
32 30 995
30 66 419
66 30 419
30 55 600
55 30 600
30 72 822
72 30 822
30 52 203
52 30 203
30 55 190
55 30 190
30 46 541
46 30 541
31 56 872
56 31 872
31 63 974
63 31 974
31 50 839
50 31 839
31 66 94
66 31 94
31 70 568
70 31 568
31 36 707
36 31 707
31 63 224
63 31 224
31 75 210
75 31 210
31 68 495
68 31 495
31 71 117
71 31 117
32 63 349
63 32 349
32 44 56
44 32 56
32 40 126
40 32 126
32 64 304
64 32 304
32 45 39
45 32 39
32 66 609
66 32 609
32 50 658
50 32 658
32 35 716
35 32 716
32 50 259
50 32 259
33 62 65
62 33 65
33 60 353
60 33 353
33 75 876
75 33 876
33 41 834
41 33 834
33 78 483
78 33 483
33 70 776
70 33 776
33 54 821
54 33 821
33 51 117
51 33 117
33 40 883
40 33 883
33 33 80
33 33 80
33 50 465
50 33 465
33 80 978
80 33 978
33 42 817
42 33 817
34 73 34
73 34 34
34 59 809
59 34 809
34 39 388
39 34 388
34 34 377
34 34 377
34 81 771
81 34 771
34 57 685
57 34 685
34 63 63
63 34 63
34 58 619
58 34 619
34 72 383
72 34 383
35 65 291
65 35 291
35 47 722
47 35 722
35 81 154
81 35 154
35 59 625
59 35 625
35 46 687
46 35 687
35 65 714
65 35 714
35 63 663
63 35 663
35 52 127
52 35 127
35 38 178
38 35 178
35 72 370
72 35 370
35 52 373
52 35 373
36 57 944
57 36 944
36 52 670
52 36 670
36 67 992
67 36 992
36 77 286
77 36 286
36 69 384
69 36 384
36 66 726
66 36 726
36 51 219
51 36 219
36 78 278
78 36 278
36 79 878
79 36 878
36 70 364
70 36 364
37 75 715
75 37 715
37 53 188
53 37 188
37 71 994
71 37 994
37 39 2
39 37 2
37 39 867
39 37 867
37 55 833
55 37 833
37 54 767
54 37 767
38 58 528
58 38 528
38 54 212
54 38 212
38 50 648
50 38 648
38 70 903
70 38 903
39 66 867
66 39 867
39 52 105
52 39 105
39 63 555
63 39 555
39 53 589
53 39 589
39 43 219
43 39 219
39 62 533
62 39 533
39 56 462
56 39 462
39 57 203
57 39 203
39 43 470
43 39 470
39 46 315
46 39 315
39 45 317
45 39 317
40 44 900
44 40 900
40 61 961
61 40 961
40 73 445
73 40 445
40 56 878
56 40 878
40 71 639
71 40 639
40 65 798
65 40 798
40 77 432
77 40 432
40 41 267
41 40 267
41 42 404
42 41 404
41 74 752
74 41 752
41 64 350
64 41 350
41 73 542
73 41 542
41 68 906
68 41 906
41 71 784
71 41 784
41 70 634
70 41 634
41 54 386
54 41 386
41 43 273
43 41 273
41 55 322
55 41 322
41 46 140
46 41 140
41 46 868
46 41 868
41 57 17
57 41 17
41 81 237
81 41 237
41 55 860
55 41 860
41 72 345
72 41 345
41 80 809
80 41 809
41 45 29
45 41 29
41 56 399
56 41 399
42 64 626
64 42 626
42 61 837
61 42 837
42 65 468
65 42 468
42 60 310
60 42 310
42 80 47
80 42 47
43 66 328
66 43 328
43 71 336
71 43 336
43 62 706
62 43 706
43 57 541
57 43 541
43 62 660
62 43 660
43 73 525
73 43 525
43 65 365
65 43 365
44 54 777
54 44 777
44 45 871
45 44 871
44 64 2
64 44 2
44 65 539
65 44 539
44 72 731
72 44 731
44 66 491
66 44 491
44 66 879
66 44 879
44 47 760
47 44 760
44 76 999
76 44 999
45 72 332
72 45 332
45 77 538
77 45 538
45 77 804
77 45 804
45 59 945
59 45 945
46 66 331
66 46 331
46 57 768
57 46 768
46 80 628
80 46 628
46 59 428
59 46 428
46 52 380
52 46 380
46 49 772
49 46 772
47 49 486
49 47 486
47 63 727
63 47 727
47 61 552
61 47 552
48 75 619
75 48 619
48 61 295
61 48 295
48 52 19
52 48 19
49 50 487
50 49 487
49 59 30
59 49 30
49 60 74
60 49 74
49 75 221
75 49 221
49 70 941
70 49 941
50 54 983
54 50 983
50 69 353
69 50 353
50 67 945
67 50 945
50 54 293
54 50 293
50 71 678
71 50 678
50 74 569
74 50 569
50 74 17
74 50 17
50 59 477
59 50 477
50 77 329
77 50 329
50 61 772
61 50 772
50 73 326
73 50 326
50 77 882
77 50 882
50 79 54
79 50 54
51 79 25
79 51 25
51 65 877
65 51 877
52 52 855
52 52 855
52 55 130
55 52 130
52 69 55
69 52 55
52 68 602
68 52 602
53 69 431
69 53 431
53 69 805
69 53 805
53 70 856
70 53 856
53 55 463
55 53 463
53 68 866
68 53 866
54 65 183
65 54 183
54 70 605
70 54 605
54 63 990
63 54 990
54 55 634
55 54 634
54 81 494
81 54 494
54 60 40
60 54 40
54 59 282
59 54 282
54 75 904
75 54 904
54 61 485
61 54 485
54 63 214
63 54 214
54 73 889
73 54 889
54 61 977
61 54 977
54 65 863
65 54 863
55 76 446
76 55 446
55 74 201
74 55 201
55 65 155
65 55 155
55 61 945
61 55 945
56 76 384
76 56 384
56 78 645
78 56 645
56 72 748
72 56 748
56 72 986
72 56 986
56 80 795
80 56 795
56 67 260
67 56 260
56 68 386
68 56 386
57 62 122
62 57 122
57 65 607
65 57 607
57 61 884
61 57 884
57 62 736
62 57 736
57 64 664
64 57 664
57 71 154
71 57 154
58 81 119
81 58 119
58 77 527
77 58 527
59 70 94
70 59 94
59 77 250
77 59 250
59 78 327
78 59 327
59 81 223
81 59 223
60 78 746
78 60 746
61 71 63
71 61 63
61 72 893
72 61 893
61 62 911
62 61 911
61 70 979
70 61 979
61 74 792
74 61 792
61 80 930
80 61 930
62 67 691
67 62 691
62 78 680
78 62 680
62 64 217
64 62 217
62 69 37
69 62 37
63 72 590
72 63 590
63 65 831
65 63 831
63 71 556
71 63 556
63 63 491
63 63 491
64 80 853
80 64 853
64 69 809
69 64 809
64 74 9
74 64 9
64 75 497
75 64 497
65 79 827
79 65 827
65 70 524
70 65 524
65 68 917
68 65 917
65 77 30
77 65 30
66 71 588
71 66 588
66 80 44
80 66 44
66 67 51
67 66 51
66 71 409
71 66 409
66 76 448
76 66 448
66 66 595
66 66 595
67 75 170
75 67 170
68 80 190
80 68 190
68 75 650
75 68 650
68 70 119
70 68 119
69 74 775
74 69 775
69 74 729
74 69 729
69 77 660
77 69 660
69 69 151
69 69 151
70 73 773
73 70 773
70 77 352
77 70 352
70 71 289
71 70 289
71 81 300
81 71 300
71 78 261
78 71 261
71 77 46
77 71 46
71 79 941
79 71 941
72 74 182
74 72 182
72 77 304
77 72 304
73 77 540
77 73 540
74 81 652
81 74 652
74 75 578
75 74 578
75 81 871
81 75 871
77 79 59
79 77 59
78 81 372
81 78 372
78 79 162
79 78 162
79 80 809
80 79 809
79 80 785
80 79 785
