34

0 1 596
1 0 596
0 2 274
2 0 274
0 6 663
6 0 663
0 12 225
12 0 225
0 15 447
15 0 447
0 3 526
3 0 526
0 27 979
27 0 979
0 30 699
30 0 699
0 32 4
32 0 4
0 22 238
22 0 238
1 4 422
4 1 422
1 5 797
5 1 797
1 25 237
25 1 237
1 27 529
27 1 529
1 33 996
33 1 996
1 10 130
10 1 130
1 17 662
17 1 662
1 29 605
29 1 605
2 3 788
3 2 788
2 21 931
21 2 931
2 27 361
27 2 361
2 5 163
5 2 163
3 7 289
7 3 289
3 8 516
8 3 516
3 18 286
18 3 286
3 16 267
16 3 267
3 19 444
19 3 444
3 8 642
8 3 642
3 30 955
30 3 955
4 15 448
15 4 448
4 7 796
7 4 796
4 19 426
19 4 426
4 22 831
22 4 831
4 7 855
7 4 855
4 12 833
12 4 833
4 30 799
30 4 799
5 11 146
11 5 146
5 14 343
14 5 343
5 26 450
26 5 450
6 20 406
20 6 406
6 19 763
19 6 763
7 9 549
9 7 549
7 17 130
17 7 130
7 31 160
31 7 160
7 29 77
29 7 77
7 33 207
33 7 207
7 28 553
28 7 553
8 10 410
10 8 410
8 13 708
13 8 708
8 26 368
26 8 368
8 32 569
32 8 569
8 31 535
31 8 535
8 31 622
31 8 622
8 19 258
19 8 258
9 16 348
16 9 348
9 24 706
24 9 706
9 25 709
25 9 709
9 13 659
13 9 659
10 21 276
21 10 276
10 31 26
31 10 26
10 31 908
31 10 908
10 33 209
33 10 209
11 20 441
20 11 441
12 19 805
19 12 805
12 13 475
13 12 475
13 23 767
23 13 767
13 31 279
31 13 279
13 27 909
27 13 909
14 32 910
32 14 910
14 18 746
18 14 746
15 20 605
20 15 605
15 17 607
17 15 607
15 21 554
21 15 554
15 16 305
16 15 305
15 31 971
31 15 971
16 20 486
20 16 486
16 28 350
28 16 350
16 33 58
33 16 58
17 23 168
23 17 168
17 25 222
25 17 222
17 23 356
23 17 356
17 25 558
25 17 558
18 27 287
27 18 287
19 25 347
25 19 347
19 30 187
30 19 187
20 20 501
20 20 501
21 22 590
22 21 590
22 31 175
31 22 175
23 23 629
23 23 629
23 30 50
30 23 50
24 28 13
28 24 13
26 29 181
29 26 181
26 30 120
30 26 120
29 29 666
29 29 666
31 33 190
33 31 190
