71

0 1 301
1 0 301
0 2 663
2 0 663
0 4 801
4 0 801
0 11 327
11 0 327
0 30 147
30 0 147
0 28 157
28 0 157
0 37 364
37 0 364
0 19 893
19 0 893
0 69 410
69 0 410
0 2 93
2 0 93
1 3 656
3 1 656
1 7 230
7 1 230
1 12 401
12 1 401
1 47 957
47 1 957
1 70 195
70 1 195
1 54 745
54 1 745
1 59 83
59 1 83
1 56 240
56 1 240
1 52 56
52 1 56
1 34 695
34 1 695
1 33 447
33 1 447
1 30 648
30 1 648
1 4 809
4 1 809
2 14 367
14 2 367
2 48 244
48 2 244
2 55 633
55 2 633
2 31 221
31 2 221
2 5 144
5 2 144
2 49 468
49 2 468
2 66 367
66 2 367
2 47 377
47 2 377
2 64 551
64 2 551
3 5 314
5 3 314
3 6 502
6 3 502
3 20 857
20 3 857
3 24 414
24 3 414
3 8 168
8 3 168
3 69 401
69 3 401
3 59 761
59 3 761
3 7 154
7 3 154
3 51 502
51 3 502
3 46 906
46 3 906
3 26 93
26 3 93
3 41 563
41 3 563
3 64 279
64 3 279
3 64 944
64 3 944
4 10 560
10 4 560
4 40 185
40 4 185
4 18 869
18 4 869
4 39 377
39 4 377
4 39 564
39 4 564
4 51 320
51 4 320
4 28 839
28 4 839
4 55 751
55 4 751
4 26 659
26 4 659
4 12 138
12 4 138
5 8 141
8 5 141
5 15 273
15 5 273
5 21 886
21 5 886
5 54 773
54 5 773
5 26 686
26 5 686
5 35 787
35 5 787
5 14 313
14 5 313
6 9 565
9 6 565
6 17 728
17 6 728
6 47 462
47 6 462
6 16 535
16 6 535
6 12 369
12 6 369
6 23 358
23 6 358
6 22 136
22 6 136
7 16 520
16 7 520
7 32 779
32 7 779
7 45 259
45 7 259
7 51 583
51 7 583
7 27 93
27 7 93
8 13 642
13 8 642
8 56 22
56 8 22
8 60 923
60 8 923
8 9 915
9 8 915
8 32 166
32 8 166
8 57 458
57 8 458
8 15 920
15 8 920
8 65 433
65 8 433
8 13 352
13 8 352
8 69 439
69 8 439
9 38 939
38 9 939
9 54 411
54 9 411
9 43 98
43 9 98
9 34 971
34 9 971
9 39 250
39 9 250
9 62 734
62 9 734
9 44 251
44 9 251
10 13 63
13 10 63
10 46 665
46 10 665
10 38 329
38 10 329
10 10 908
10 10 908
10 55 671
55 10 671
10 46 911
46 10 911
10 23 368
23 10 368
10 52 29
52 10 29
10 32 980
32 10 980
10 16 179
16 10 179
10 60 395
60 10 395
10 60 470
60 10 470
10 45 522
45 10 522
10 35 498
35 10 498
11 18 723
18 11 723
11 36 275
36 11 275
11 62 168
62 11 168
11 36 526
36 11 526
11 34 573
34 11 573
11 59 869
59 11 869
11 69 61
69 11 61
11 57 296
57 11 296
11 58 630
58 11 630
12 19 238
19 12 238
12 22 962
22 12 962
12 37 485
37 12 485
12 70 6
70 12 6
12 49 305
49 12 305
12 51 742
51 12 742
12 21 380
21 12 380
12 70 542
70 12 542
12 13 491
13 12 491
12 52 40
52 12 40
13 68 445
68 13 445
13 51 865
51 13 865
13 44 25
44 13 25
13 57 421
57 13 421
13 19 728
19 13 728
13 27 306
27 13 306
14 25 384
25 14 384
14 47 315
47 14 315
14 63 773
63 14 773
14 34 734
34 14 734
14 39 11
39 14 11
14 60 383
60 14 383
14 35 154
35 14 154
14 39 630
39 14 630
14 23 929
23 14 929
14 49 997
49 14 997
14 54 726
54 14 726
15 44 616
44 15 616
15 35 687
35 15 687
15 49 223
49 15 223
15 51 786
51 15 786
15 55 522
55 15 522
16 28 164
28 16 164
16 52 177
52 16 177
16 27 915
27 16 915
16 36 998
36 16 998
16 29 456
29 16 456
16 50 393
50 16 393
16 62 648
62 16 648
16 36 894
36 16 894
16 45 945
45 16 945
16 26 7
26 16 7
16 21 941
21 16 941
16 30 200
30 16 200
16 47 745
47 16 745
17 66 377
66 17 377
17 46 681
46 17 681
17 60 265
60 17 265
17 50 550
50 17 550
18 58 788
58 18 788
18 70 990
70 18 990
18 34 783
34 18 783
18 50 850
50 18 850
18 62 878
62 18 878
18 59 269
59 18 269
18 52 191
52 18 191
18 56 785
56 18 785
18 58 874
58 18 874
19 29 36
29 19 36
19 65 350
65 19 350
19 56 407
56 19 407
19 63 4
63 19 4
19 62 883
62 19 883
19 63 681
63 19 681
19 54 601
54 19 601
19 54 842
54 19 842
19 61 392
61 19 392
19 32 675
32 19 675
20 23 489
23 20 489
20 26 924
26 20 924
20 33 538
33 20 538
20 44 953
44 20 953
20 56 727
56 20 727
20 21 729
21 20 729
20 25 235
25 20 235
20 67 435
67 20 435
20 30 89
30 20 89
20 36 545
36 20 545
20 68 33
68 20 33
20 37 603
37 20 603
20 65 550
65 20 550
20 39 844
39 20 844
21 26 465
26 21 465
21 60 986
60 21 986
21 65 861
65 21 861
21 31 982
31 21 982
21 30 979
30 21 979
21 30 707
30 21 707
22 39 197
39 22 197
22 48 722
48 22 722
22 60 119
60 22 119
22 53 897
53 22 897
22 36 602
36 22 602
22 33 844
33 22 844
23 27 209
27 23 209
23 34 643
34 23 643
23 36 269
36 23 269
23 60 382
60 23 382
23 60 170
60 23 170
23 29 994
29 23 994
23 50 456
50 23 456
24 26 150
26 24 150
24 54 761
54 24 761
24 60 582
60 24 582
24 28 718
28 24 718
25 41 159
41 25 159
25 44 933
44 25 933
25 30 635
30 25 635
26 55 709
55 26 709
26 52 96
52 26 96
26 34 842
34 26 842
27 46 25
46 27 25
27 37 721
37 27 721
27 35 76
35 27 76
27 47 1
47 27 1
27 56 371
56 27 371
28 42 330
42 28 330
28 65 170
65 28 170
28 32 764
32 28 764
28 62 694
62 28 694
28 68 294
68 28 294
28 50 24
50 28 24
28 38 736
38 28 736
28 38 315
38 28 315
29 31 745
31 29 745
29 32 584
32 29 584
29 65 891
65 29 891
29 56 754
56 29 754
29 56 919
56 29 919
30 43 575
43 30 575
30 56 932
56 30 932
30 69 66
69 30 66
30 65 79
65 30 79
30 39 653
39 30 653
30 69 356
69 30 356
30 35 770
35 30 770
31 37 199
37 31 199
31 48 404
48 31 404
31 36 182
36 31 182
31 66 686
66 31 686
31 51 292
51 31 292
32 34 931
34 32 931
32 35 2
35 32 2
32 65 295
65 32 295
32 57 752
57 32 752
32 64 120
64 32 120
32 52 867
52 32 867
32 64 896
64 32 896
32 67 527
67 32 527
33 56 152
56 33 152
33 35 135
35 33 135
33 36 260
36 33 260
35 44 703
44 35 703
35 43 820
43 35 820
35 44 132
44 35 132
35 53 898
53 35 898
36 45 814
45 36 814
36 50 858
50 36 858
36 58 778
58 36 778
36 67 658
67 36 658
36 70 740
70 36 740
36 46 133
46 36 133
36 63 135
63 36 135
36 63 426
63 36 426
37 43 835
43 37 835
37 49 771
49 37 771
37 53 894
53 37 894
37 68 309
68 37 309
37 62 799
62 37 799
37 68 573
68 37 573
38 55 929
55 38 929
38 61 438
61 38 438
38 68 865
68 38 865
38 48 537
48 38 537
39 58 616
58 39 616
40 45 714
45 40 714
40 67 355
67 40 355
40 45 498
45 40 498
41 46 658
46 41 658
41 43 678
43 41 678
41 60 545
60 41 545
42 61 159
61 42 159
42 48 736
48 42 736
42 68 54
68 42 54
42 50 218
50 42 218
42 46 894
46 42 894
42 54 988
54 42 988
42 53 650
53 42 650
43 51 320
51 43 320
43 46 364
46 43 364
43 55 545
55 43 545
44 51 481
51 44 481
44 67 441
67 44 441
44 60 235
60 44 235
44 49 117
49 44 117
44 69 913
69 44 913
44 60 488
60 44 488
44 55 741
55 44 741
45 62 111
62 45 111
45 57 19
57 45 19
45 61 603
61 45 603
45 68 282
68 45 282
46 68 984
68 46 984
46 51 526
51 46 526
48 58 333
58 48 333
48 65 14
65 48 14
48 59 333
59 48 333
48 60 315
60 48 315
48 48 656
48 48 656
48 57 809
57 48 809
49 69 52
69 49 52
49 58 537
58 49 537
49 69 342
69 49 342
50 57 975
57 50 975
50 50 930
50 50 930
50 68 209
68 50 209
50 51 491
51 50 491
51 59 543
59 51 543
51 60 917
60 51 917
51 57 720
57 51 720
51 56 499
56 51 499
52 69 936
69 52 936
52 55 144
55 52 144
53 70 524
70 53 524
53 66 44
66 53 44
54 67 829
67 54 829
54 62 943
62 54 943
55 70 639
70 55 639
56 60 981
60 56 981
56 60 917
60 56 917
56 62 884
62 56 884
57 59 41
59 57 41
58 63 852
63 58 852
58 68 637
68 58 637
59 63 579
63 59 579
60 68 875
68 60 875
61 68 903
68 61 903
61 68 809
68 61 809
63 64 581
64 63 581
63 67 160
67 63 160
67 68 46
68 67 46
