76

0 1 295
1 0 295
0 3 324
3 0 324
0 4 168
4 0 168
0 9 380
9 0 380
0 10 428
10 0 428
0 14 1
14 0 1
0 18 415
18 0 415
0 46 350
46 0 350
0 7 809
7 0 809
0 19 462
19 0 462
0 24 776
24 0 776
0 69 195
69 0 195
0 70 926
70 0 926
0 69 743
69 0 743
0 36 977
36 0 977
0 9 333
9 0 333
0 6 228
6 0 228
1 2 563
2 1 563
1 31 706
31 1 706
1 27 563
27 1 563
1 25 386
25 1 386
1 58 27
58 1 27
1 12 341
12 1 341
1 22 450
22 1 450
1 3 165
3 1 165
1 22 42
22 1 42
1 15 267
15 1 267
2 6 849
6 2 849
2 7 543
7 2 543
2 12 31
12 2 31
2 16 859
16 2 859
2 73 142
73 2 142
2 35 305
35 2 305
2 21 360
21 2 360
2 30 743
30 2 743
2 4 196
4 2 196
2 21 767
21 2 767
2 40 261
40 2 261
2 73 225
73 2 225
2 67 411
67 2 411
2 23 99
23 2 99
2 43 482
43 2 482
2 59 643
59 2 643
2 11 738
11 2 738
2 34 552
34 2 552
3 5 405
5 3 405
3 20 576
20 3 576
3 38 775
38 3 775
3 56 760
56 3 760
3 11 853
11 3 853
3 53 682
53 3 682
3 10 962
10 3 962
3 5 410
5 3 410
3 16 958
16 3 958
3 35 291
35 3 291
3 40 712
40 3 712
3 31 267
31 3 267
3 16 583
16 3 583
3 11 126
11 3 126
3 56 31
56 3 31
3 14 480
14 3 480
3 13 542
13 3 542
4 45 751
45 4 751
4 45 956
45 4 956
4 32 587
32 4 587
4 8 448
8 4 448
4 17 130
17 4 130
4 36 693
36 4 693
4 13 927
13 4 927
4 18 131
18 4 131
4 72 213
72 4 213
4 19 673
19 4 673
4 73 732
73 4 732
4 27 369
27 4 369
4 70 632
70 4 632
4 51 394
51 4 394
5 8 200
8 5 200
5 11 267
11 5 267
5 6 89
6 5 89
5 24 618
24 5 618
5 55 5
55 5 5
5 35 541
35 5 541
5 57 523
57 5 523
5 27 287
27 5 287
5 60 866
60 5 866
5 10 771
10 5 771
5 69 750
69 5 750
5 53 538
53 5 538
5 55 954
55 5 954
5 63 136
63 5 136
5 62 435
62 5 435
5 16 166
16 5 166
5 35 457
35 5 457
5 26 373
26 5 373
6 13 697
13 6 697
6 24 130
24 6 130
6 68 441
68 6 441
6 69 725
69 6 725
6 25 814
25 6 814
6 65 87
65 6 87
6 20 370
20 6 370
6 15 649
15 6 649
6 55 81
55 6 81
6 26 369
26 6 369
6 46 836
46 6 836
6 14 531
14 6 531
6 61 639
61 6 639
6 24 832
24 6 832
6 64 659
64 6 659
6 44 714
44 6 714
6 74 184
74 6 184
6 51 843
51 6 843
6 42 796
42 6 796
6 67 810
67 6 810
6 47 431
47 6 431
6 74 58
74 6 58
6 71 217
71 6 217
7 29 665
29 7 665
7 42 858
42 7 858
7 47 463
47 7 463
7 43 307
43 7 307
7 51 756
51 7 756
7 41 133
41 7 133
7 27 115
27 7 115
7 17 450
17 7 450
7 72 126
72 7 126
7 41 85
41 7 85
7 32 760
32 7 760
7 69 286
69 7 286
8 62 610
62 8 610
8 51 439
51 8 439
8 9 318
9 8 318
8 42 557
42 8 557
8 34 253
34 8 253
8 23 737
23 8 737
8 25 692
25 8 692
8 44 870
44 8 870
8 62 246
62 8 246
8 18 553
18 8 553
8 47 932
47 8 932
8 33 301
33 8 301
8 27 866
27 8 866
9 22 61
22 9 61
9 35 96
35 9 96
9 48 34
48 9 34
9 19 715
19 9 715
9 53 915
53 9 915
9 64 110
64 9 110
9 32 230
32 9 230
9 16 567
16 9 567
9 69 412
69 9 412
10 32 35
32 10 35
10 33 263
33 10 263
10 37 880
37 10 880
10 26 976
26 10 976
10 31 875
31 10 875
10 30 700
30 10 700
10 35 145
35 10 145
10 59 489
59 10 489
10 20 652
20 10 652
10 18 406
18 10 406
11 22 613
22 11 613
11 40 831
40 11 831
11 18 127
18 11 127
11 28 841
28 11 841
11 65 841
65 11 841
11 31 450
31 11 450
11 29 635
29 11 635
11 49 776
49 11 776
11 35 132
35 11 132
11 71 73
71 11 73
11 15 645
15 11 645
12 39 229
39 12 229
12 63 531
63 12 531
12 67 147
67 12 147
12 74 558
74 12 558
12 45 490
45 12 490
12 41 316
41 12 316
12 71 547
71 12 547
12 41 4
41 12 4
12 18 855
18 12 855
12 57 993
57 12 993
12 19 914
19 12 914
12 25 847
25 12 847
12 69 929
69 12 929
12 51 982
51 12 982
12 47 914
47 12 914
12 68 770
68 12 770
12 35 292
35 12 292
12 22 38
22 12 38
12 19 847
19 12 847
12 43 919
43 12 919
13 17 687
17 13 687
13 23 183
23 13 183
13 50 85
50 13 85
13 59 912
59 13 912
13 40 404
40 13 404
14 15 143
15 14 143
14 19 887
19 14 887
14 36 706
36 14 706
14 24 732
24 14 732
14 51 522
51 14 522
14 59 459
59 14 459
14 18 451
18 14 451
14 65 155
65 14 155
14 37 660
37 14 660
14 26 715
26 14 715
15 28 147
28 15 147
15 70 269
70 15 269
15 27 983
27 15 983
15 27 78
27 15 78
15 51 560
51 15 560
15 61 63
61 15 63
15 59 899
59 15 899
15 65 40
65 15 40
15 35 564
35 15 564
15 65 190
65 15 190
16 36 212
36 16 212
16 18 136
18 16 136
16 17 462
17 16 462
16 56 827
56 16 827
16 72 197
72 16 197
16 29 62
29 16 62
16 20 675
20 16 675
16 68 25
68 16 25
16 30 113
30 16 113
16 69 194
69 16 194
16 37 756
37 16 756
16 42 848
42 16 848
16 67 87
67 16 87
16 25 258
25 16 258
16 26 162
26 16 162
16 20 12
20 16 12
17 71 166
71 17 166
17 26 655
26 17 655
17 53 426
53 17 426
17 70 252
70 17 252
17 49 308
49 17 308
18 21 756
21 18 756
18 49 357
49 18 357
18 21 177
21 18 177
18 25 337
25 18 337
18 20 808
20 18 808
18 24 300
24 18 300
18 55 858
55 18 858
18 47 480
47 18 480
18 51 418
51 18 418
18 70 815
70 18 815
18 61 914
61 18 914
18 23 124
23 18 124
18 30 541
30 18 541
18 19 537
19 18 537
18 64 77
64 18 77
18 49 115
49 18 115
19 25 592
25 19 592
19 26 880
26 19 880
19 44 933
44 19 933
19 43 845
43 19 845
19 46 502
46 19 502
19 51 20
51 19 20
19 27 388
27 19 388
19 52 321
52 19 321
19 52 198
52 19 198
19 71 679
71 19 679
19 25 628
25 19 628
19 35 976
35 19 976
20 37 877
37 20 877
20 53 692
53 20 692
20 36 542
36 20 542
20 67 991
67 20 991
20 30 152
30 20 152
20 55 980
55 20 980
20 73 413
73 20 413
20 33 139
33 20 139
20 42 769
42 20 769
20 24 153
24 20 153
20 47 739
47 20 739
20 45 972
45 20 972
21 30 695
30 21 695
21 43 207
43 21 207
21 60 193
60 21 193
21 25 976
25 21 976
21 54 993
54 21 993
21 75 545
75 21 545
22 42 257
42 22 257
22 53 435
53 22 435
22 52 884
52 22 884
22 66 277
66 22 277
22 39 97
39 22 97
22 58 97
58 22 97
23 64 382
64 23 382
23 67 603
67 23 603
23 69 550
69 23 550
23 74 612
74 23 612
23 65 350
65 23 350
23 75 283
75 23 283
23 33 872
33 23 872
23 67 979
67 23 979
23 28 85
28 23 85
24 33 940
33 24 940
24 38 634
38 24 634
24 55 588
55 24 588
24 32 244
32 24 244
24 56 789
56 24 789
24 54 612
54 24 612
24 66 472
66 24 472
24 69 123
69 24 123
24 56 942
56 24 942
24 53 692
53 24 692
24 35 598
35 24 598
24 30 821
30 24 821
24 50 233
50 24 233
24 39 537
39 24 537
25 56 303
56 25 303
25 35 375
35 25 375
25 39 796
39 25 796
25 75 406
75 25 406
25 72 492
72 25 492
25 49 766
49 25 766
25 40 826
40 25 826
25 73 702
73 25 702
25 59 54
59 25 54
25 36 948
36 25 948
25 58 658
58 25 658
26 27 278
27 26 278
26 35 591
35 26 591
26 62 745
62 26 745
26 41 74
41 26 74
26 33 476
33 26 476
26 37 599
37 26 599
26 65 676
65 26 676
26 46 76
46 26 76
26 74 914
74 26 914
26 56 653
56 26 653
26 49 695
49 26 695
26 65 281
65 26 281
27 58 300
58 27 300
27 53 974
53 27 974
27 60 340
60 27 340
27 58 655
58 27 655
27 63 853
63 27 853
27 59 994
59 27 994
27 32 666
32 27 666
27 64 945
64 27 945
28 62 724
62 28 724
28 48 337
48 28 337
28 63 225
63 28 225
28 36 597
36 28 597
28 69 704
69 28 704
28 38 56
38 28 56
28 75 764
75 28 764
28 66 642
66 28 642
28 51 189
51 28 189
28 75 495
75 28 495
28 43 750
43 28 750
28 31 159
31 28 159
28 32 209
32 28 209
28 63 190
63 28 190
28 31 256
31 28 256
29 40 672
40 29 672
29 64 378
64 29 378
29 66 710
66 29 710
29 46 852
46 29 852
29 56 463
56 29 463
29 33 621
33 29 621
30 38 321
38 30 321
30 41 364
41 30 364
30 41 825
41 30 825
30 74 216
74 30 216
30 51 393
51 30 393
30 33 521
33 30 521
30 32 184
32 30 184
30 43 1000
43 30 1000
30 70 910
70 30 910
31 41 908
41 31 908
31 66 653
66 31 653
31 75 379
75 31 379
31 60 507
60 31 507
31 62 648
62 31 648
31 60 591
60 31 591
31 61 186
61 31 186
31 55 189
55 31 189
31 50 63
50 31 63
31 68 241
68 31 241
32 34 982
34 32 982
32 51 17
51 32 17
32 60 248
60 32 248
32 43 411
43 32 411
32 56 15
56 32 15
32 68 513
68 32 513
32 65 15
65 32 15
32 71 674
71 32 674
33 36 459
36 33 459
33 70 806
70 33 806
33 64 280
64 33 280
34 37 127
37 34 127
34 61 505
61 34 505
34 74 873
74 34 873
34 47 238
47 34 238
34 71 960
71 34 960
34 63 206
63 34 206
35 54 613
54 35 613
35 57 465
57 35 465
35 39 264
39 35 264
35 60 765
60 35 765
35 40 855
40 35 855
35 39 853
39 35 853
35 61 220
61 35 220
35 67 891
67 35 891
35 60 318
60 35 318
35 45 993
45 35 993
35 58 139
58 35 139
35 72 364
72 35 364
36 55 306
55 36 306
36 56 342
56 36 342
36 71 702
71 36 702
36 48 107
48 36 107
36 42 507
42 36 507
36 45 393
45 36 393
37 70 882
70 37 882
37 75 214
75 37 214
37 59 354
59 37 354
37 53 462
53 37 462
37 52 73
52 37 73
37 66 378
66 37 378
37 39 117
39 37 117
38 61 808
61 38 808
38 71 3
71 38 3
38 50 93
50 38 93
38 61 414
61 38 414
38 40 826
40 38 826
38 70 389
70 38 389
38 73 628
73 38 628
39 40 60
40 39 60
39 74 326
74 39 326
39 51 645
51 39 645
39 40 556
40 39 556
39 47 807
47 39 807
39 42 181
42 39 181
40 40 279
40 40 279
40 60 697
60 40 697
40 62 911
62 40 911
41 46 837
46 41 837
41 46 561
46 41 561
41 63 733
63 41 733
41 70 584
70 41 584
41 41 854
41 41 854
41 74 465
74 41 465
41 52 588
52 41 588
41 43 838
43 41 838
42 50 76
50 42 76
42 54 417
54 42 417
42 73 927
73 42 927
42 54 83
54 42 83
42 75 420
75 42 420
43 71 465
71 43 465
43 74 770
74 43 770
43 75 88
75 43 88
43 59 896
59 43 896
43 72 787
72 43 787
44 46 170
46 44 170
44 65 86
65 44 86
44 70 230
70 44 230
44 69 993
69 44 993
44 47 455
47 44 455
45 64 184
64 45 184
45 52 602
52 45 602
45 59 254
59 45 254
45 64 578
64 45 578
46 52 153
52 46 153
46 65 816
65 46 816
46 66 969
66 46 969
46 59 687
59 46 687
46 75 674
75 46 674
46 51 435
51 46 435
47 53 353
53 47 353
47 70 129
70 47 129
47 67 963
67 47 963
48 63 513
63 48 513
48 69 752
69 48 752
48 62 301
62 48 301
48 50 795
50 48 795
48 72 393
72 48 393
49 65 326
65 49 326
49 70 581
70 49 581
49 50 951
50 49 951
49 66 231
66 49 231
49 69 105
69 49 105
50 67 65
67 50 65
50 72 913
72 50 913
50 56 14
56 50 14
50 68 825
68 50 825
50 65 274
65 50 274
51 68 307
68 51 307
51 75 93
75 51 93
51 57 135
57 51 135
51 59 667
59 51 667
51 61 480
61 51 480
51 55 828
55 51 828
52 53 79
53 52 79
53 73 583
73 53 583
53 57 868
57 53 868
54 71 473
71 54 473
54 64 706
64 54 706
54 72 884
72 54 884
54 58 17
58 54 17
54 58 598
58 54 598
55 58 357
58 55 357
55 62 730
62 55 730
55 56 807
56 55 807
55 68 192
68 55 192
55 57 477
57 55 477
56 58 322
58 56 322
56 69 948
69 56 948
57 61 94
61 57 94
57 73 268
73 57 268
57 67 703
67 57 703
57 59 358
59 57 358
57 65 438
65 57 438
58 59 795
59 58 795
58 59 865
59 58 865
58 72 462
72 58 462
58 64 358
64 58 358
58 64 852
64 58 852
58 69 712
69 58 712
59 59 826
59 59 826
59 60 639
60 59 639
59 66 970
66 59 970
59 63 436
63 59 436
60 69 773
69 60 773
61 62 167
62 61 167
61 66 811
66 61 811
61 71 62
71 61 62
61 71 899
71 61 899
62 65 289
65 62 289
62 71 917
71 62 917
63 63 671
63 63 671
63 67 725
67 63 725
64 69 655
69 64 655
64 65 422
65 64 422
65 73 947
73 65 947
66 72 487
72 66 487
66 68 368
68 66 368
67 70 905
70 67 905
67 67 830
67 67 830
69 73 374
73 69 374
70 75 730
75 70 730
70 74 344
74 70 344
71 74 983
74 71 983
