71

0 1 394
1 0 394
0 2 849
2 0 849
0 5 345
5 0 345
0 9 495
9 0 495
0 15 809
15 0 809
0 34 943
34 0 943
0 44 831
44 0 831
0 48 12
48 0 12
0 14 131
14 0 131
0 22 423
22 0 423
0 38 367
38 0 367
0 17 960
17 0 960
0 70 770
70 0 770
0 35 258
35 0 258
0 13 367
13 0 367
1 4 955
4 1 955
1 6 30
6 1 30
1 10 616
10 1 616
1 12 507
12 1 507
1 43 309
43 1 309
1 34 705
34 1 705
1 63 642
63 1 642
1 29 167
29 1 167
1 35 949
35 1 949
1 67 607
67 1 607
1 2 829
2 1 829
1 22 877
22 1 877
1 4 43
4 1 43
1 47 274
47 1 274
2 3 840
3 2 840
2 16 422
16 2 422
2 24 45
24 2 45
2 66 589
66 2 589
2 41 559
41 2 559
2 29 197
29 2 197
2 58 803
58 2 803
2 12 738
12 2 738
2 15 379
15 2 379
2 11 827
11 2 827
2 57 136
57 2 136
2 57 647
57 2 647
2 70 46
70 2 46
2 33 57
33 2 57
2 36 658
36 2 658
2 28 166
28 2 166
3 17 990
17 3 990
3 70 483
70 3 483
3 11 983
11 3 983
3 45 582
45 3 582
3 28 178
28 3 178
3 58 878
58 3 878
3 28 806
28 3 806
3 20 587
20 3 587
4 8 219
8 4 219
4 13 242
13 4 242
4 32 485
32 4 485
4 39 879
39 4 879
4 55 959
55 4 959
4 61 601
61 4 601
4 58 308
58 4 308
5 7 785
7 5 785
5 11 126
11 5 126
5 27 940
27 5 940
5 43 278
43 5 278
5 47 306
47 5 306
5 24 871
24 5 871
5 64 359
64 5 359
5 28 140
28 5 140
5 11 801
11 5 801
5 39 221
39 5 221
5 68 789
68 5 789
5 32 217
32 5 217
5 68 612
68 5 612
5 66 554
66 5 554
5 28 902
28 5 902
6 16 843
16 6 843
6 24 770
24 6 770
6 59 544
59 6 544
6 47 133
47 6 133
6 7 660
7 6 660
6 22 366
22 6 366
6 30 571
30 6 571
7 33 1000
33 7 1000
7 64 27
64 7 27
7 62 843
62 7 843
7 10 500
10 7 500
7 65 245
65 7 245
7 63 303
63 7 303
7 16 387
16 7 387
7 63 765
63 7 765
8 14 779
14 8 779
8 18 133
18 8 133
8 38 463
38 8 463
8 52 636
52 8 636
8 56 959
56 8 959
8 15 13
15 8 13
8 54 223
54 8 223
8 50 212
50 8 212
8 40 28
40 8 28
8 45 503
45 8 503
9 46 474
46 9 474
9 62 91
62 9 91
9 37 699
37 9 699
9 38 746
38 9 746
9 54 987
54 9 987
9 36 156
36 9 156
9 33 85
33 9 85
9 36 903
36 9 903
9 67 340
67 9 340
9 46 484
46 9 484
10 20 704
20 10 704
10 21 140
21 10 140
10 51 544
51 10 544
10 36 668
36 10 668
10 34 27
34 10 27
10 36 583
36 10 583
10 54 3
54 10 3
10 15 315
15 10 315
10 19 223
19 10 223
10 32 82
32 10 82
11 32 158
32 11 158
11 57 458
57 11 458
11 47 305
47 11 305
11 19 81
19 11 81
11 59 896
59 11 896
11 12 433
12 11 433
11 56 81
56 11 81
11 15 705
15 11 705
11 46 275
46 11 275
12 65 491
65 12 491
12 17 272
17 12 272
12 42 716
42 12 716
12 65 996
65 12 996
12 27 981
27 12 981
12 70 830
70 12 830
13 17 809
17 13 809
13 31 20
31 13 20
13 18 608
18 13 608
13 56 614
56 13 614
13 67 536
67 13 536
13 23 219
23 13 219
13 18 993
18 13 993
13 70 17
70 13 17
13 51 326
51 13 326
13 24 792
24 13 792
13 48 56
48 13 56
14 22 958
22 14 958
14 48 153
48 14 153
14 54 853
54 14 853
14 46 513
46 14 513
14 17 667
17 14 667
14 53 92
53 14 92
14 63 628
63 14 628
14 26 165
26 14 165
14 48 8
48 14 8
14 19 83
19 14 83
15 29 782
29 15 782
15 37 392
37 15 392
15 60 689
60 15 689
15 52 787
52 15 787
15 29 674
29 15 674
15 30 967
30 15 967
15 51 491
51 15 491
15 52 748
52 15 748
15 17 867
17 15 867
16 66 986
66 16 986
16 27 333
27 16 333
16 29 258
29 16 258
16 54 361
54 16 361
16 36 353
36 16 353
16 50 140
50 16 140
16 46 706
46 16 706
16 59 906
59 16 906
17 33 937
33 17 937
17 34 975
34 17 975
17 43 446
43 17 446
17 55 127
55 17 127
17 40 974
40 17 974
18 19 683
19 18 683
18 26 624
26 18 624
18 41 470
41 18 470
18 44 355
44 18 355
18 54 630
54 18 630
18 58 945
58 18 945
18 23 799
23 18 799
18 59 429
59 18 429
18 35 532
35 18 532
19 30 603
30 19 603
19 35 361
35 19 361
19 62 416
62 19 416
19 59 610
59 19 610
19 26 875
26 19 875
19 21 69
21 19 69
19 32 613
32 19 613
19 26 632
26 19 632
19 27 856
27 19 856
19 63 515
63 19 515
20 55 711
55 20 711
20 26 892
26 20 892
20 53 657
53 20 657
20 61 62
61 20 62
20 66 71
66 20 71
20 44 168
44 20 168
20 61 451
61 20 451
20 58 839
58 20 839
20 44 843
44 20 843
21 23 716
23 21 716
21 41 371
41 21 371
21 62 728
62 21 728
21 68 770
68 21 770
21 63 323
63 21 323
21 22 557
22 21 557
21 58 391
58 21 391
21 52 319
52 21 319
21 46 655
46 21 655
21 38 421
38 21 421
22 51 117
51 22 117
22 28 455
28 22 455
22 33 954
33 22 954
22 28 777
28 22 777
22 27 982
27 22 982
22 46 708
46 22 708
22 23 31
23 22 31
22 27 336
27 22 336
22 70 363
70 22 363
23 36 815
36 23 815
23 49 692
49 23 692
23 28 529
28 23 529
24 25 450
25 24 450
24 28 711
28 24 711
24 31 441
31 24 441
24 45 307
45 24 307
24 25 604
25 24 604
24 57 301
57 24 301
24 31 165
31 24 165
25 46 785
46 25 785
25 43 463
43 25 463
25 43 745
43 25 745
25 36 930
36 25 930
25 36 790
36 25 790
25 38 42
38 25 42
25 39 7
39 25 7
25 45 487
45 25 487
26 42 760
42 26 760
26 66 95
66 26 95
26 65 768
65 26 768
27 58 735
58 27 735
27 68 768
68 27 768
27 42 295
42 27 295
27 49 399
49 27 399
27 53 1000
53 27 1000
27 59 476
59 27 476
27 43 919
43 27 919
27 30 719
30 27 719
27 32 207
32 27 207
28 28 886
28 28 886
28 57 869
57 28 869
28 44 302
44 28 302
28 47 843
47 28 843
28 66 21
66 28 21
28 69 947
69 28 947
29 60 154
60 29 154
29 60 103
60 29 103
29 70 819
70 29 819
29 30 745
30 29 745
29 57 813
57 29 813
29 67 871
67 29 871
29 37 289
37 29 289
29 33 985
33 29 985
29 66 690
66 29 690
30 61 576
61 30 576
30 33 391
33 30 391
30 43 116
43 30 116
31 49 989
49 31 989
31 45 780
45 31 780
31 56 776
56 31 776
31 67 912
67 31 912
31 50 940
50 31 940
31 57 331
57 31 331
32 59 195
59 32 195
32 53 494
53 32 494
32 53 515
53 32 515
32 43 444
43 32 444
32 41 467
41 32 467
33 40 886
40 33 886
33 69 600
69 33 600
33 61 423
61 33 423
33 62 778
62 33 778
34 45 270
45 34 270
34 70 688
70 34 688
34 46 351
46 34 351
34 61 896
61 34 896
34 51 157
51 34 157
34 38 330
38 34 330
35 69 677
69 35 677
35 39 309
39 35 309
35 40 611
40 35 611
35 47 645
47 35 645
36 46 825
46 36 825
36 41 425
41 36 425
36 48 232
48 36 232
36 39 105
39 36 105
37 51 885
51 37 885
37 43 20
43 37 20
37 69 584
69 37 584
37 39 221
39 37 221
37 47 825
47 37 825
37 52 656
52 37 656
37 58 565
58 37 565
37 61 948
61 37 948
38 54 690
54 38 690
38 51 37
51 38 37
38 41 27
41 38 27
39 61 486
61 39 486
39 41 543
41 39 543
39 42 717
42 39 717
39 59 43
59 39 43
40 69 222
69 40 222
40 63 328
63 40 328
40 40 790
40 40 790
40 51 315
51 40 315
41 58 140
58 41 140
42 56 570
56 42 570
42 46 723
46 42 723
42 56 840
56 42 840
42 52 703
52 42 703
43 53 334
53 43 334
43 67 444
67 43 444
43 54 419
54 43 419
43 58 25
58 43 25
44 50 378
50 44 378
44 53 281
53 44 281
44 61 343
61 44 343
45 62 460
62 45 460
45 48 515
48 45 515
45 65 781
65 45 781
45 51 603
51 45 603
45 54 883
54 45 883
45 59 164
59 45 164
45 61 70
61 45 70
46 65 777
65 46 777
46 58 528
58 46 528
46 58 846
58 46 846
46 68 629
68 46 629
47 62 385
62 47 385
47 65 137
65 47 137
47 58 416
58 47 416
47 67 854
67 47 854
48 66 987
66 48 987
48 65 805
65 48 805
48 49 502
49 48 502
48 58 341
58 48 341
49 66 746
66 49 746
49 69 207
69 49 207
50 55 254
55 50 254
51 70 256
70 51 256
51 70 788
70 51 788
51 64 680
64 51 680
51 58 420
58 51 420
51 56 495
56 51 495
51 56 567
56 51 567
51 68 676
68 51 676
51 63 905
63 51 905
52 58 835
58 52 835
52 61 978
61 52 978
53 61 376
61 53 376
53 63 734
63 53 734
54 55 386
55 54 386
54 55 860
55 54 860
56 57 327
57 56 327
56 60 24
60 56 24
58 63 679
63 58 679
59 67 810
67 59 810
60 62 663
62 60 663
61 62 815
62 61 815
63 65 1000
65 63 1000
63 68 40
68 63 40
64 67 850
67 64 850
64 70 386
70 64 386
