91

0 1 185
1 0 185
0 2 58
2 0 58
0 4 247
4 0 247
0 23 197
23 0 197
0 54 122
54 0 122
0 64 874
64 0 874
0 18 157
18 0 157
0 49 552
49 0 552
0 72 609
72 0 609
0 83 202
83 0 202
0 82 103
82 0 103
0 37 918
37 0 918
0 50 521
50 0 521
0 0 836
0 0 836
0 85 74
85 0 74
0 19 645
19 0 645
1 3 616
3 1 616
1 9 272
9 1 272
1 16 598
16 1 598
1 47 900
47 1 900
1 73 506
73 1 506
1 77 464
77 1 464
1 87 129
87 1 129
1 17 812
17 1 812
1 12 976
12 1 976
1 48 915
48 1 915
1 76 684
76 1 684
1 15 527
15 1 527
1 10 541
10 1 541
1 55 418
55 1 418
2 5 964
5 2 964
2 6 776
6 2 776
2 19 880
19 2 880
2 25 341
25 2 341
2 69 815
69 2 815
2 52 697
52 2 697
2 53 404
53 2 404
2 86 739
86 2 739
2 23 26
23 2 26
3 10 121
10 3 121
3 34 43
34 3 43
3 76 248
76 3 248
3 33 269
33 3 269
3 75 491
75 3 491
3 31 358
31 3 358
3 43 42
43 3 42
3 19 746
19 3 746
4 12 892
12 4 892
4 75 753
75 4 753
4 88 534
88 4 534
4 11 555
11 4 555
4 4 280
4 4 280
4 17 268
17 4 268
4 75 558
75 4 558
4 37 842
37 4 842
4 11 794
11 4 794
4 31 929
31 4 929
4 49 470
49 4 470
4 25 424
25 4 424
4 45 632
45 4 632
4 70 761
70 4 761
5 17 703
17 5 703
5 29 444
29 5 444
5 53 378
53 5 378
5 83 938
83 5 938
5 81 486
81 5 486
5 34 460
34 5 460
5 50 755
50 5 755
5 35 316
35 5 316
5 38 97
38 5 97
5 32 22
32 5 22
5 52 952
52 5 952
5 51 847
51 5 847
6 7 35
7 6 35
6 35 543
35 6 543
6 41 835
41 6 835
6 48 864
48 6 864
6 52 882
52 6 882
6 30 612
30 6 612
6 47 132
47 6 132
6 47 550
47 6 550
6 20 717
20 6 717
6 55 855
55 6 855
6 15 613
15 6 613
7 8 335
8 7 335
7 15 67
15 7 67
7 24 419
24 7 419
7 15 826
15 7 826
7 47 857
47 7 857
7 52 523
52 7 523
7 41 26
41 7 26
7 23 542
23 7 542
7 76 376
76 7 376
7 76 474
76 7 474
7 38 924
38 7 924
7 26 544
26 7 544
8 13 404
13 8 404
8 18 410
18 8 410
8 60 448
60 8 448
8 66 558
66 8 558
8 87 55
87 8 55
8 89 328
89 8 328
8 47 214
47 8 214
8 31 332
31 8 332
8 22 69
22 8 69
8 67 329
67 8 329
8 43 578
43 8 578
8 67 503
67 8 503
9 11 35
11 9 35
9 88 433
88 9 433
9 15 105
15 9 105
9 68 38
68 9 38
9 41 33
41 9 33
9 30 627
30 9 627
9 17 427
17 9 427
9 22 104
22 9 104
9 75 865
75 9 865
9 88 957
88 9 957
9 43 650
43 9 650
9 63 703
63 9 703
10 30 218
30 10 218
10 78 112
78 10 112
10 46 24
46 10 24
10 33 899
33 10 899
10 34 538
34 10 538
10 71 514
71 10 514
10 54 487
54 10 487
10 52 110
52 10 110
10 47 999
47 10 999
11 33 569
33 11 569
11 35 910
35 11 910
11 40 820
40 11 820
11 77 658
77 11 658
11 57 905
57 11 905
11 46 713
46 11 713
11 33 962
33 11 962
11 49 814
49 11 814
12 14 546
14 12 546
12 61 704
61 12 704
12 27 844
27 12 844
12 79 728
79 12 728
12 89 455
89 12 455
12 77 527
77 12 527
12 18 830
18 12 830
12 49 937
49 12 937
12 51 556
51 12 556
12 54 604
54 12 604
13 26 469
26 13 469
13 27 454
27 13 454
13 59 701
59 13 701
13 79 470
79 13 470
13 34 88
34 13 88
13 61 803
61 13 803
13 46 226
46 13 226
13 49 840
49 13 840
13 40 601
40 13 601
13 17 316
17 13 316
13 40 780
40 13 780
14 43 239
43 14 239
14 67 533
67 14 533
14 27 955
27 14 955
14 83 490
83 14 490
14 14 781
14 14 781
14 39 391
39 14 391
14 55 641
55 14 641
14 15 124
15 14 124
14 78 8
78 14 8
14 36 718
36 14 718
15 64 198
64 15 198
15 19 416
19 15 416
15 72 793
72 15 793
15 32 500
32 15 500
15 83 629
83 15 629
15 84 426
84 15 426
15 63 350
63 15 350
15 81 293
81 15 293
15 72 408
72 15 408
15 50 493
50 15 493
15 40 187
40 15 187
15 37 300
37 15 300
16 22 106
22 16 106
16 82 15
82 16 15
16 67 456
67 16 456
16 24 924
24 16 924
16 17 81
17 16 81
16 73 704
73 16 704
16 69 157
69 16 157
16 80 967
80 16 967
16 53 485
53 16 485
16 70 318
70 16 318
16 39 37
39 16 37
16 62 480
62 16 480
16 50 795
50 16 795
17 31 262
31 17 262
17 45 641
45 17 641
17 81 26
81 17 26
17 78 657
78 17 657
17 17 924
17 17 924
17 29 563
29 17 563
17 80 534
80 17 534
17 60 696
60 17 696
17 45 524
45 17 524
17 31 886
31 17 886
18 20 464
20 18 464
18 28 116
28 18 116
18 85 881
85 18 881
18 24 404
24 18 404
18 71 61
71 18 61
18 35 491
35 18 491
18 32 826
32 18 826
18 39 986
39 18 986
18 20 388
20 18 388
19 21 437
21 19 437
19 73 395
73 19 395
19 26 949
26 19 949
19 55 494
55 19 494
19 38 777
38 19 777
19 45 993
45 19 993
19 58 576
58 19 576
19 22 214
22 19 214
19 62 557
62 19 557
19 25 778
25 19 778
19 51 694
51 19 694
19 53 439
53 19 439
19 45 940
45 19 940
20 38 4
38 20 4
20 41 413
41 20 413
20 21 817
21 20 817
20 66 951
66 20 951
20 51 472
51 20 472
21 36 292
36 21 292
21 66 586
66 21 586
21 76 505
76 21 505
21 90 655
90 21 655
21 31 58
31 21 58
21 52 383
52 21 383
21 23 646
23 21 646
21 85 343
85 21 343
21 25 165
25 21 165
21 21 86
21 21 86
21 89 93
89 21 93
21 74 890
74 21 890
22 32 801
32 22 801
22 53 734
53 22 734
22 30 750
30 22 750
22 29 472
29 22 472
22 83 801
83 22 801
22 55 665
55 22 665
22 71 957
71 22 957
22 22 640
22 22 640
23 49 419
49 23 419
23 88 593
88 23 593
23 60 530
60 23 530
23 76 358
76 23 358
23 51 154
51 23 154
23 70 918
70 23 918
23 73 647
73 23 647
23 32 644
32 23 644
23 69 116
69 23 116
23 66 671
66 23 671
24 28 183
28 24 183
24 80 557
80 24 557
24 35 512
35 24 512
24 32 726
32 24 726
24 33 202
33 24 202
24 26 267
26 24 267
24 63 125
63 24 125
24 47 639
47 24 639
24 88 824
88 24 824
24 48 36
48 24 36
25 68 364
68 25 364
25 83 578
83 25 578
25 63 266
63 25 266
25 29 595
29 25 595
25 67 823
67 25 823
25 33 581
33 25 581
26 71 990
71 26 990
26 70 753
70 26 753
26 75 219
75 26 219
26 32 944
32 26 944
26 81 661
81 26 661
26 32 954
32 26 954
26 85 668
85 26 668
27 38 153
38 27 153
27 82 985
82 27 985
27 36 149
36 27 149
27 41 607
41 27 607
27 71 40
71 27 40
27 44 187
44 27 187
28 47 104
47 28 104
28 62 823
62 28 823
28 83 797
83 28 797
28 30 688
30 28 688
28 73 378
73 28 378
28 73 756
73 28 756
28 39 284
39 28 284
28 78 40
78 28 40
29 37 376
37 29 376
29 51 673
51 29 673
29 61 170
61 29 170
29 71 769
71 29 769
30 82 746
82 30 746
30 49 474
49 30 474
30 65 879
65 30 879
30 35 256
35 30 256
30 62 372
62 30 372
30 50 602
50 30 602
30 33 532
33 30 532
30 86 608
86 30 608
30 38 681
38 30 681
30 82 100
82 30 100
30 45 169
45 30 169
30 38 891
38 30 891
31 39 931
39 31 931
31 35 926
35 31 926
31 74 979
74 31 979
31 64 184
64 31 184
31 48 938
48 31 938
31 50 511
50 31 511
31 54 724
54 31 724
31 53 660
53 31 660
31 42 488
42 31 488
32 40 181
40 32 181
32 63 4
63 32 4
32 59 886
59 32 886
32 47 287
47 32 287
33 42 557
42 33 557
33 73 668
73 33 668
33 36 467
36 33 467
33 86 131
86 33 131
33 34 551
34 33 551
33 55 314
55 33 314
33 45 492
45 33 492
33 90 292
90 33 292
34 42 581
42 34 581
34 58 984
58 34 984
34 60 10
60 34 10
34 64 419
64 34 419
35 57 752
57 35 752
36 42 748
42 36 748
36 45 976
45 36 976
36 71 239
71 36 239
36 44 800
44 36 800
36 74 664
74 36 664
37 39 757
39 37 757
37 78 541
78 37 541
37 63 763
63 37 763
37 64 636
64 37 636
38 68 5
68 38 5
38 60 483
60 38 483
38 65 352
65 38 352
39 46 816
46 39 816
39 80 309
80 39 309
39 87 415
87 39 415
39 41 409
41 39 409
39 63 163
63 39 163
39 78 344
78 39 344
39 86 973
86 39 973
39 53 533
53 39 533
40 44 478
44 40 478
40 53 482
53 40 482
40 80 592
80 40 592
40 87 285
87 40 285
40 59 39
59 40 39
40 70 22
70 40 22
40 42 547
42 40 547
41 65 200
65 41 200
41 71 507
71 41 507
41 45 200
45 41 200
41 49 928
49 41 928
41 65 841
65 41 841
41 61 726
61 41 726
41 50 579
50 41 579
42 50 33
50 42 33
42 89 509
89 42 509
42 42 998
42 42 998
42 88 842
88 42 842
42 56 972
56 42 972
43 62 407
62 43 407
43 86 103
86 43 103
43 67 824
67 43 824
43 81 373
81 43 373
44 81 564
81 44 564
44 82 614
82 44 614
44 70 864
70 44 864
44 84 144
84 44 144
44 56 347
56 44 347
45 58 283
58 45 283
45 78 696
78 45 696
46 67 83
67 46 83
46 71 545
71 46 545
46 60 129
60 46 129
46 49 883
49 46 883
46 84 253
84 46 253
47 83 478
83 47 478
47 83 420
83 47 420
47 55 262
55 47 262
48 56 562
56 48 562
48 58 673
58 48 673
48 52 215
52 48 215
48 83 168
83 48 168
48 70 408
70 48 408
48 64 394
64 48 394
48 77 726
77 48 726
49 84 919
84 49 919
49 79 360
79 49 360
49 52 551
52 49 551
49 86 107
86 49 107
49 59 53
59 49 53
50 58 370
58 50 370
50 76 524
76 50 524
50 56 744
56 50 744
50 78 451
78 50 451
50 62 629
62 50 629
50 90 507
90 50 507
51 68 754
68 51 754
51 75 825
75 51 825
51 87 475
87 51 475
52 55 147
55 52 147
52 60 411
60 52 411
52 71 572
71 52 572
52 60 209
60 52 209
52 71 147
71 52 147
52 67 897
67 52 897
52 86 768
86 52 768
52 88 975
88 52 975
53 62 968
62 53 968
53 58 677
58 53 677
53 60 727
60 53 727
54 73 115
73 54 115
54 59 400
59 54 400
54 69 362
69 54 362
54 80 740
80 54 740
54 78 134
78 54 134
54 84 463
84 54 463
54 60 82
60 54 82
55 87 350
87 55 350
55 60 997
60 55 997
55 74 886
74 55 886
56 80 146
80 56 146
56 89 173
89 56 173
56 60 943
60 56 943
56 78 848
78 56 848
57 85 558
85 57 558
57 58 824
58 57 824
57 85 158
85 57 158
58 70 784
70 58 784
58 65 412
65 58 412
58 79 507
79 58 507
58 61 259
61 58 259
59 61 940
61 59 940
59 63 477
63 59 477
59 66 524
66 59 524
59 77 656
77 59 656
60 67 331
67 60 331
60 81 115
81 60 115
60 77 725
77 60 725
61 67 967
67 61 967
61 81 443
81 61 443
62 84 44
84 62 44
62 75 889
75 62 889
62 83 442
83 62 442
62 65 433
65 62 433
63 75 767
75 63 767
63 73 546
73 63 546
64 77 395
77 64 395
64 88 393
88 64 393
64 68 6
68 64 6
64 87 792
87 64 792
64 80 252
80 64 252
64 82 602
82 64 602
65 69 312
69 65 312
65 79 787
79 65 787
66 76 629
76 66 629
66 73 520
73 66 520
67 90 78
90 67 78
67 80 685
80 67 685
67 75 357
75 67 357
68 85 71
85 68 71
68 77 751
77 68 751
68 87 57
87 68 57
68 74 28
74 68 28
68 79 868
79 68 868
68 78 949
78 68 949
69 86 463
86 69 463
70 72 36
72 70 36
70 74 803
74 70 803
70 72 473
72 70 473
71 82 376
82 71 376
71 87 551
87 71 551
71 74 813
74 71 813
72 87 270
87 72 270
74 86 75
86 74 75
75 76 57
76 75 57
75 85 596
85 75 596
78 80 236
80 78 236
80 86 247
86 80 247
80 84 304
84 80 304
86 89 138
89 86 138
