82

0 1 259
1 0 259
0 3 132
3 0 132
0 41 31
41 0 31
1 2 709
2 1 709
1 6 66
6 1 66
1 9 368
9 1 368
1 67 997
67 1 997
1 10 849
10 1 849
1 73 723
73 1 723
1 66 528
66 1 528
1 75 825
75 1 825
2 4 674
4 2 674
2 10 723
10 2 723
2 22 7
22 2 7
2 38 495
38 2 495
2 16 230
16 2 230
2 79 827
79 2 827
2 61 101
61 2 101
2 36 89
36 2 89
3 13 823
13 3 823
3 14 207
14 3 207
3 17 344
17 3 344
3 24 850
24 3 850
3 28 394
28 3 394
3 62 290
62 3 290
3 43 355
43 3 355
3 10 176
10 3 176
4 5 789
5 4 789
4 7 812
7 4 812
4 18 560
18 4 560
4 33 975
33 4 975
4 34 299
34 4 299
4 10 576
10 4 576
4 59 75
59 4 75
4 70 854
70 4 854
4 47 98
47 4 98
5 8 735
8 5 735
5 55 687
55 5 687
5 41 64
41 5 64
6 11 987
11 6 987
6 60 606
60 6 606
7 12 851
12 7 851
7 47 808
47 7 808
7 16 555
16 7 555
7 11 881
11 7 881
7 37 251
37 7 251
7 76 680
76 7 680
7 45 475
45 7 475
7 44 548
44 7 548
8 15 237
15 8 237
8 39 338
39 8 338
8 46 313
46 8 313
8 46 515
46 8 515
9 53 764
53 9 764
9 64 570
64 9 570
9 34 403
34 9 403
9 23 829
23 9 829
10 31 815
31 10 815
10 57 152
57 10 152
10 54 820
54 10 820
11 42 851
42 11 851
11 26 84
26 11 84
11 37 664
37 11 664
11 32 758
32 11 758
11 26 661
26 11 661
11 33 875
33 11 875
12 16 262
16 12 262
12 20 983
20 12 983
12 55 465
55 12 465
12 63 788
63 12 788
12 42 933
42 12 933
12 44 849
44 12 849
13 25 781
25 13 781
13 41 981
41 13 981
13 45 838
45 13 838
13 67 804
67 13 804
14 21 586
21 14 586
14 29 378
29 14 378
14 36 735
36 14 735
14 77 639
77 14 639
14 77 721
77 14 721
14 26 379
26 14 379
14 57 747
57 14 747
14 34 588
34 14 588
14 17 176
17 14 176
14 53 851
53 14 851
14 78 847
78 14 847
15 57 943
57 15 943
15 65 857
65 15 857
15 56 839
56 15 839
15 22 933
22 15 933
15 36 288
36 15 288
15 70 272
70 15 272
15 51 791
51 15 791
16 19 275
19 16 275
16 23 2
23 16 2
16 27 455
27 16 455
16 30 495
30 16 495
16 35 291
35 16 291
17 52 258
52 17 258
17 62 463
62 17 463
17 29 655
29 17 655
17 45 835
45 17 835
17 55 122
55 17 122
17 22 742
22 17 742
17 71 816
71 17 816
18 44 949
44 18 949
18 80 744
80 18 744
19 75 202
75 19 202
19 27 183
27 19 183
20 54 766
54 20 766
20 55 783
55 20 783
20 75 757
75 20 757
20 45 604
45 20 604
20 45 759
45 20 759
21 26 993
26 21 993
21 61 791
61 21 791
21 74 33
74 21 33
21 57 701
57 21 701
21 44 730
44 21 730
21 46 115
46 21 115
22 73 187
73 22 187
23 37 275
37 23 275
23 40 378
40 23 378
23 69 294
69 23 294
23 81 776
81 23 776
23 71 808
71 23 808
23 45 979
45 23 979
23 31 339
31 23 339
23 59 197
59 23 197
24 56 558
56 24 558
24 63 682
63 24 682
24 65 576
65 24 576
24 77 909
77 24 909
25 44 798
44 25 798
26 51 854
51 26 854
26 40 992
40 26 992
26 26 594
26 26 594
27 32 603
32 27 603
27 43 714
43 27 714
27 67 175
67 27 175
27 61 28
61 27 28
27 52 248
52 27 248
27 58 196
58 27 196
27 39 393
39 27 393
28 50 358
50 28 358
28 79 571
79 28 571
29 74 663
74 29 663
29 64 449
64 29 449
29 64 274
64 29 274
29 71 891
71 29 891
29 72 111
72 29 111
29 35 156
35 29 156
30 50 289
50 30 289
31 75 82
75 31 82
31 62 399
62 31 399
31 69 737
69 31 737
32 69 663
69 32 663
33 62 165
62 33 165
33 78 594
78 33 594
33 58 581
58 33 581
34 75 458
75 34 458
34 59 94
59 34 94
35 58 934
58 35 934
36 60 424
60 36 424
36 55 167
55 36 167
37 48 809
48 37 809
37 81 93
81 37 93
38 78 955
78 38 955
39 70 78
70 39 78
39 69 344
69 39 344
39 69 468
69 39 468
40 59 477
59 40 477
40 68 551
68 40 551
40 55 423
55 40 423
40 77 453
77 40 453
41 60 640
60 41 640
41 81 809
81 41 809
41 71 39
71 41 39
42 70 642
70 42 642
42 72 602
72 42 602
42 73 140
73 42 140
44 51 533
51 44 533
45 77 455
77 45 455
45 56 292
56 45 292
46 76 699
76 46 699
46 59 926
59 46 926
47 76 314
76 47 314
47 60 483
60 47 483
48 49 960
49 48 960
48 67 407
67 48 407
48 81 82
81 48 82
50 58 30
58 50 30
50 56 5
56 50 5
50 72 450
72 50 450
52 77 854
77 52 854
53 80 788
80 53 788
53 64 95
64 53 95
54 62 745
62 54 745
54 77 712
77 54 712
55 76 288
76 55 288
55 64 744
64 55 744
56 66 847
66 56 847
56 70 98
70 56 98
57 79 591
79 57 591
57 77 992
77 57 992
57 76 73
76 57 73
59 79 965
79 59 965
59 72 866
72 59 866
59 69 388
69 59 388
60 72 896
72 60 896
61 71 374
71 61 374
61 70 552
70 61 552
62 81 957
81 62 957
63 79 141
79 63 141
64 65 704
65 64 704
64 75 737
75 64 737
64 74 710
74 64 710
66 69 73
69 66 73
66 72 793
72 66 793
