70

0 1 53
1 0 53
0 2 574
2 0 574
0 3 300
3 0 300
0 4 864
4 0 864
0 14 178
14 0 178
0 16 294
16 0 294
0 57 94
57 0 94
0 45 719
45 0 719
0 20 473
20 0 473
0 45 362
45 0 362
1 6 549
6 1 549
1 9 248
9 1 248
1 11 490
11 1 490
1 22 70
22 1 70
1 35 642
35 1 642
1 67 787
67 1 787
1 43 680
43 1 680
1 44 759
44 1 759
1 53 783
53 1 783
2 10 57
10 2 57
2 62 800
62 2 800
2 41 636
41 2 636
2 24 980
24 2 980
2 8 59
8 2 59
2 51 330
51 2 330
2 35 758
35 2 758
3 38 811
38 3 811
3 45 943
45 3 943
3 11 761
11 3 761
3 16 564
16 3 564
3 10 745
10 3 745
3 51 661
51 3 661
3 8 254
8 3 254
3 5 353
5 3 353
4 5 216
5 4 216
4 26 653
26 4 653
4 30 936
30 4 936
4 34 361
34 4 361
4 41 357
41 4 357
4 48 351
48 4 351
4 61 947
61 4 947
4 15 173
15 4 173
4 65 485
65 4 485
4 16 318
16 4 318
4 69 416
69 4 416
5 7 92
7 5 92
5 8 535
8 5 535
5 60 372
60 5 372
5 15 38
15 5 38
5 50 721
50 5 721
6 27 113
27 6 113
6 41 689
41 6 689
6 64 353
64 6 353
6 46 61
46 6 61
6 12 937
12 6 937
6 45 754
45 6 754
6 57 94
57 6 94
6 29 456
29 6 456
6 39 762
39 6 762
6 53 258
53 6 258
6 25 494
25 6 494
7 60 645
60 7 645
7 20 669
20 7 669
7 53 597
53 7 597
7 31 897
31 7 897
7 66 334
66 7 334
7 61 824
61 7 824
7 54 944
54 7 944
7 41 205
41 7 205
7 59 491
59 7 491
8 21 149
21 8 149
8 44 173
44 8 173
8 40 744
40 8 744
8 35 580
35 8 580
8 38 92
38 8 92
8 18 520
18 8 520
8 49 76
49 8 76
8 67 918
67 8 918
9 39 346
39 9 346
9 17 519
17 9 519
9 59 19
59 9 19
9 34 899
34 9 899
9 18 351
18 9 351
9 36 870
36 9 870
10 12 519
12 10 519
10 15 167
15 10 167
10 28 985
28 10 985
10 10 614
10 10 614
10 68 79
68 10 79
10 46 315
46 10 315
10 35 524
35 10 524
10 25 549
25 10 549
10 36 480
36 10 480
11 25 964
25 11 964
11 47 711
47 11 711
11 40 986
40 11 986
12 13 51
13 12 51
12 33 315
33 12 315
12 52 326
52 12 326
12 54 547
54 12 547
12 57 316
57 12 316
13 17 624
17 13 624
13 24 166
24 13 166
13 60 813
60 13 813
13 27 938
27 13 938
13 35 320
35 13 320
13 19 540
19 13 540
13 62 333
62 13 333
14 53 679
53 14 679
14 53 594
53 14 594
14 63 159
63 14 159
14 22 508
22 14 508
14 22 321
22 14 321
14 53 136
53 14 136
15 18 52
18 15 52
15 19 860
19 15 860
15 20 97
20 15 97
15 32 678
32 15 678
15 52 534
52 15 534
15 68 877
68 15 877
15 31 233
31 15 233
15 49 197
49 15 197
15 50 155
50 15 155
16 41 64
41 16 64
16 31 853
31 16 853
16 34 536
34 16 536
17 47 912
47 17 912
17 54 758
54 17 758
17 39 512
39 17 512
17 69 26
69 17 26
17 50 688
50 17 688
17 18 273
18 17 273
18 51 896
51 18 896
18 61 646
61 18 646
18 22 893
22 18 893
18 43 375
43 18 375
18 28 346
28 18 346
18 56 797
56 18 797
18 36 398
36 18 398
18 41 752
41 18 752
19 23 313
23 19 313
19 25 520
25 19 520
19 59 215
59 19 215
19 56 793
56 19 793
19 31 799
31 19 799
20 43 676
43 20 676
20 66 995
66 20 995
20 43 113
43 20 113
20 39 908
39 20 908
20 69 421
69 20 421
20 66 457
66 20 457
21 46 275
46 21 275
21 42 7
42 21 7
21 69 375
69 21 375
21 60 697
60 21 697
21 63 574
63 21 574
22 35 482
35 22 482
22 43 142
43 22 142
22 46 375
46 22 375
22 53 878
53 22 878
23 29 317
29 23 317
23 31 500
31 23 500
23 50 858
50 23 858
23 32 109
32 23 109
23 37 47
37 23 47
23 34 225
34 23 225
23 33 540
33 23 540
24 44 112
44 24 112
24 27 919
27 24 919
24 30 287
30 24 287
25 43 166
43 25 166
25 52 884
52 25 884
25 55 73
55 25 73
25 58 626
58 25 626
25 55 510
55 25 510
25 43 995
43 25 995
25 49 468
49 25 468
25 60 449
60 25 449
25 41 620
41 25 620
25 51 534
51 25 534
25 50 861
50 25 861
25 57 368
57 25 368
26 64 962
64 26 962
26 64 998
64 26 998
27 49 140
49 27 140
27 53 693
53 27 693
27 64 362
64 27 362
27 32 240
32 27 240
28 51 395
51 28 395
28 31 680
31 28 680
29 49 292
49 29 292
29 43 739
43 29 739
29 62 374
62 29 374
29 56 897
56 29 897
31 40 59
40 31 59
31 65 247
65 31 247
31 38 674
38 31 674
31 44 161
44 31 161
32 36 469
36 32 469
32 69 455
69 32 455
32 67 947
67 32 947
32 56 584
56 32 584
32 34 147
34 32 147
32 69 7
69 32 7
33 64 867
64 33 867
33 48 977
48 33 977
33 44 401
44 33 401
33 41 498
41 33 498
33 55 780
55 33 780
34 67 793
67 34 793
34 50 115
50 34 115
34 68 181
68 34 181
34 63 949
63 34 949
34 62 514
62 34 514
35 37 314
37 35 314
35 53 131
53 35 131
35 50 967
50 35 967
35 65 84
65 35 84
36 42 439
42 36 439
36 57 343
57 36 343
36 63 305
63 36 305
36 59 518
59 36 518
36 61 807
61 36 807
36 46 984
46 36 984
37 42 25
42 37 25
37 62 202
62 37 202
37 49 765
49 37 765
37 55 785
55 37 785
38 41 589
41 38 589
38 48 988
48 38 988
38 43 970
43 38 970
38 61 671
61 38 671
39 64 287
64 39 287
39 60 776
60 39 776
40 48 229
48 40 229
40 54 709
54 40 709
41 46 853
46 41 853
41 53 786
53 41 786
42 58 221
58 42 221
42 66 465
66 42 465
42 44 929
44 42 929
42 51 59
51 42 59
42 53 234
53 42 234
42 65 753
65 42 753
43 56 222
56 43 222
43 53 744
53 43 744
44 53 69
53 44 69
44 65 474
65 44 474
44 66 543
66 44 543
45 51 897
51 45 897
46 69 767
69 46 767
46 69 553
69 46 553
46 60 698
60 46 698
46 59 404
59 46 404
47 66 659
66 47 659
48 60 833
60 48 833
48 50 653
50 48 653
51 59 100
59 51 100
52 56 789
56 52 789
52 58 608
58 52 608
52 68 49
68 52 49
53 63 46
63 53 46
55 58 742
58 55 742
55 67 357
67 55 357
56 62 550
62 56 550
56 69 36
69 56 36
57 57 256
57 57 256
57 64 291
64 57 291
59 68 673
68 59 673
59 63 916
63 59 916
60 66 390
66 60 390
60 64 303
64 60 303
60 64 13
64 60 13
63 66 521
66 63 521
63 64 380
64 63 380
64 68 503
68 64 503
64 65 723
65 64 723
66 66 722
66 66 722
