48

0 1 905
1 0 905
0 2 93
2 0 93
0 3 486
3 0 486
0 5 686
5 0 686
0 7 2
7 0 2
0 14 875
14 0 875
0 22 169
22 0 169
0 19 71
19 0 71
0 45 395
45 0 395
0 44 940
44 0 940
0 26 673
26 0 673
0 28 263
28 0 263
0 21 457
21 0 457
0 24 752
24 0 752
0 8 796
8 0 796
0 17 180
17 0 180
1 15 602
15 1 602
1 4 253
4 1 253
1 40 273
40 1 273
1 27 225
27 1 225
1 7 981
7 1 981
1 19 923
19 1 923
2 8 30
8 2 30
2 33 717
33 2 717
2 34 275
34 2 275
2 26 675
26 2 675
2 27 350
27 2 350
2 12 984
12 2 984
2 11 87
11 2 87
2 8 312
8 2 312
2 8 728
8 2 728
2 41 766
41 2 766
2 35 122
35 2 122
2 32 620
32 2 620
2 15 676
15 2 676
2 37 677
37 2 677
2 4 412
4 2 412
2 39 545
39 2 545
3 4 405
4 3 405
3 6 752
6 3 752
3 25 893
25 3 893
3 30 523
30 3 523
3 14 259
14 3 259
3 35 853
35 3 853
3 24 85
24 3 85
3 19 883
19 3 883
3 40 408
40 3 408
3 20 651
20 3 651
3 41 189
41 3 189
3 22 698
22 3 698
3 47 686
47 3 686
4 35 788
35 4 788
4 42 5
42 4 5
4 46 950
46 4 950
4 6 986
6 4 986
4 10 517
10 4 517
4 41 852
41 4 852
4 18 380
18 4 380
4 21 320
21 4 320
4 5 125
5 4 125
4 45 421
45 4 421
4 36 749
36 4 749
5 9 446
9 5 446
5 11 906
11 5 906
5 17 933
17 5 933
5 20 352
20 5 352
5 32 537
32 5 537
5 15 426
15 5 426
5 31 736
31 5 736
5 46 909
46 5 909
5 26 832
26 5 832
6 12 600
12 6 600
6 16 658
16 6 658
6 31 501
31 6 501
6 7 788
7 6 788
6 6 35
6 6 35
6 8 315
8 6 315
6 13 945
13 6 945
6 46 26
46 6 26
6 15 897
15 6 897
6 13 192
13 6 192
6 20 686
20 6 686
6 40 546
40 6 546
6 12 620
12 6 620
7 13 793
13 7 793
7 26 1000
26 7 1000
7 27 113
27 7 113
7 22 788
22 7 788
7 38 544
38 7 544
7 23 239
23 7 239
7 25 777
25 7 777
7 14 751
14 7 751
7 11 366
11 7 366
8 10 928
10 8 928
8 15 542
15 8 542
8 18 997
18 8 997
8 23 681
23 8 681
8 10 657
10 8 657
8 20 199
20 8 199
8 29 816
29 8 816
8 32 117
32 8 117
9 19 717
19 9 717
9 30 189
30 9 189
9 29 1
29 9 1
9 15 19
15 9 19
10 36 824
36 10 824
10 33 367
33 10 367
10 46 570
46 10 570
10 33 926
33 10 926
10 30 502
30 10 502
10 47 376
47 10 376
10 15 212
15 10 212
10 29 419
29 10 419
10 23 216
23 10 216
10 12 365
12 10 365
10 16 734
16 10 734
11 24 503
24 11 503
11 34 625
34 11 625
11 36 396
36 11 396
11 12 858
12 11 858
11 15 2
15 11 2
11 45 7
45 11 7
12 23 266
23 12 266
12 46 644
46 12 644
12 28 1
28 12 1
12 29 697
29 12 697
12 16 991
16 12 991
12 33 573
33 12 573
13 21 432
21 13 432
13 40 839
40 13 839
13 26 826
26 13 826
13 44 712
44 13 712
13 27 675
27 13 675
13 44 922
44 13 922
13 14 697
14 13 697
13 41 331
41 13 331
14 19 588
19 14 588
14 34 108
34 14 108
14 16 891
16 14 891
14 43 323
43 14 323
14 22 600
22 14 600
14 39 980
39 14 980
14 28 461
28 14 461
14 17 512
17 14 512
14 41 947
41 14 947
15 38 754
38 15 754
15 19 218
19 15 218
15 20 360
20 15 360
15 19 107
19 15 107
15 32 230
32 15 230
15 32 106
32 15 106
15 37 741
37 15 741
15 18 267
18 15 267
16 47 939
47 16 939
16 30 726
30 16 726
16 30 108
30 16 108
16 30 960
30 16 960
17 18 89
18 17 89
17 22 312
22 17 312
17 22 522
22 17 522
17 17 579
17 17 579
17 22 506
22 17 506
18 43 831
43 18 831
18 22 869
22 18 869
18 25 607
25 18 607
18 33 792
33 18 792
18 43 704
43 18 704
18 39 861
39 18 861
18 44 763
44 18 763
19 36 889
36 19 889
19 20 729
20 19 729
19 47 881
47 19 881
20 37 582
37 20 582
20 45 288
45 20 288
20 25 939
25 20 939
20 39 398
39 20 398
20 21 913
21 20 913
20 22 890
22 20 890
20 44 998
44 20 998
20 46 763
46 20 763
21 41 888
41 21 888
21 39 263
39 21 263
21 46 34
46 21 34
21 44 305
44 21 305
21 23 834
23 21 834
21 42 36
42 21 36
21 46 728
46 21 728
22 39 873
39 22 873
22 41 273
41 22 273
22 35 120
35 22 120
22 29 413
29 22 413
22 46 225
46 22 225
23 37 186
37 23 186
23 33 526
33 23 526
23 28 201
28 23 201
24 29 827
29 24 827
24 25 703
25 24 703
24 38 870
38 24 870
24 27 410
27 24 410
24 24 565
24 24 565
25 36 356
36 25 356
25 45 545
45 25 545
25 40 603
40 25 603
25 38 253
38 25 253
25 41 597
41 25 597
25 33 419
33 25 419
26 28 240
28 26 240
26 47 618
47 26 618
26 37 985
37 26 985
26 30 95
30 26 95
26 27 630
27 26 630
27 39 328
39 27 328
27 40 442
40 27 442
28 43 218
43 28 218
28 36 724
36 28 724
29 32 405
32 29 405
29 33 478
33 29 478
29 46 427
46 29 427
29 30 925
30 29 925
29 29 251
29 29 251
30 33 919
33 30 919
30 38 611
38 30 611
31 41 272
41 31 272
32 46 453
46 32 453
32 44 420
44 32 420
32 41 135
41 32 135
32 45 274
45 32 274
32 39 874
39 32 874
33 38 290
38 33 290
34 41 811
41 34 811
34 36 578
36 34 578
34 39 413
39 34 413
34 35 416
35 34 416
35 40 536
40 35 536
35 44 768
44 35 768
36 40 473
40 36 473
37 37 391
37 37 391
38 42 563
42 38 563
38 43 920
43 38 920
39 47 236
47 39 236
41 44 708
44 41 708
41 43 29
43 41 29
42 45 366
45 42 366
43 47 717
47 43 717
44 46 473
46 44 473
46 47 127
47 46 127
