100

0 1 665
1 0 665
0 3 734
3 0 734
0 4 526
4 0 526
0 6 398
6 0 398
0 22 239
22 0 239
0 43 684
43 0 684
0 68 750
68 0 750
0 84 847
84 0 847
1 2 598
2 1 598
1 5 75
5 1 75
1 10 81
10 1 81
1 44 914
44 1 914
1 70 565
70 1 565
1 80 769
80 1 769
1 34 883
34 1 883
1 2 930
2 1 930
1 60 132
60 1 132
1 52 722
52 1 722
2 7 272
7 2 272
2 9 457
9 2 457
2 11 237
11 2 237
2 69 423
69 2 423
2 88 853
88 2 853
2 96 510
96 2 510
2 48 164
48 2 164
2 51 462
51 2 462
2 39 490
39 2 490
3 14 813
14 3 813
3 73 998
73 3 998
3 41 147
41 3 147
3 65 620
65 3 620
4 18 927
18 4 927
4 34 669
34 4 669
4 36 947
36 4 947
4 40 365
40 4 365
4 46 294
46 4 294
4 97 861
97 4 861
4 52 814
52 4 814
4 68 455
68 4 455
5 59 388
59 5 388
5 26 900
26 5 900
5 54 75
54 5 75
6 8 522
8 6 522
6 17 144
17 6 144
6 29 630
29 6 630
6 32 921
32 6 921
6 10 506
10 6 506
6 68 147
68 6 147
6 69 673
69 6 673
6 39 266
39 6 266
6 37 129
37 6 129
6 49 120
49 6 120
7 13 838
13 7 838
7 37 493
37 7 493
7 38 312
38 7 312
7 97 604
97 7 604
7 13 828
13 7 828
7 49 258
49 7 258
7 77 189
77 7 189
7 70 848
70 7 848
7 39 77
39 7 77
7 97 81
97 7 81
8 20 344
20 8 344
8 99 657
99 8 657
8 75 272
75 8 272
8 78 596
78 8 596
8 18 608
18 8 608
8 46 592
46 8 592
9 12 938
12 9 938
9 23 318
23 9 318
9 47 727
47 9 727
9 83 541
83 9 541
9 30 860
30 9 860
9 83 630
83 9 630
9 61 967
61 9 967
9 83 429
83 9 429
9 86 41
86 9 41
10 15 525
15 10 525
10 21 351
21 10 351
10 31 357
31 10 357
10 48 118
48 10 118
10 74 633
74 10 633
10 55 690
55 10 690
10 62 915
62 10 915
11 55 507
55 11 507
11 50 255
50 11 255
11 21 426
21 11 426
11 93 104
93 11 104
11 43 260
43 11 260
12 63 560
63 12 560
12 84 301
84 12 301
12 69 982
69 12 982
12 47 727
47 12 727
12 17 278
17 12 278
12 55 296
55 12 296
12 41 303
41 12 303
13 24 290
24 13 290
13 92 399
92 13 399
13 81 566
81 13 566
13 67 531
67 13 531
13 59 361
59 13 361
13 27 422
27 13 422
13 60 497
60 13 497
13 25 431
25 13 431
14 16 152
16 14 152
14 73 465
73 14 465
14 57 790
57 14 790
15 25 886
25 15 886
15 19 620
19 15 620
15 60 931
60 15 931
16 98 738
98 16 738
16 48 335
48 16 335
16 56 687
56 16 687
17 19 37
19 17 37
17 67 549
67 17 549
17 29 468
29 17 468
17 99 248
99 17 248
17 77 225
77 17 225
18 50 300
50 18 300
18 56 348
56 18 348
19 27 728
27 19 728
19 51 931
51 19 931
19 98 843
98 19 843
19 84 858
84 19 858
19 35 312
35 19 312
19 47 951
47 19 951
19 44 684
44 19 684
20 61 23
61 20 23
20 85 367
85 20 367
20 59 180
59 20 180
20 20 677
20 20 677
20 97 18
97 20 18
20 74 725
74 20 725
20 40 15
40 20 15
21 94 5
94 21 5
21 33 923
33 21 923
21 60 929
60 21 929
22 28 458
28 22 458
22 35 200
35 22 200
22 41 882
41 22 882
22 67 283
67 22 283
22 57 966
57 22 966
22 32 400
32 22 400
22 45 589
45 22 589
22 69 910
69 22 910
23 26 328
26 23 328
23 30 453
30 23 453
23 65 332
65 23 332
23 25 796
25 23 796
23 24 259
24 23 259
23 47 169
47 23 169
23 96 364
96 23 364
24 43 753
43 24 753
24 84 550
84 24 550
24 26 184
26 24 184
24 62 526
62 24 526
24 41 85
41 24 85
25 73 265
73 25 265
26 58 157
58 26 157
26 60 871
60 26 871
26 63 321
63 26 321
26 66 672
66 26 672
26 91 934
91 26 934
26 39 1000
39 26 1000
26 74 394
74 26 394
26 42 771
42 26 771
26 28 550
28 26 550
27 31 741
31 27 741
27 75 783
75 27 783
27 94 531
94 27 531
28 92 328
92 28 328
28 28 777
28 28 777
28 91 267
91 28 267
28 91 797
91 28 797
29 97 602
97 29 602
29 88 944
88 29 944
29 55 683
55 29 683
30 33 831
33 30 831
30 43 199
43 30 199
30 66 54
66 30 54
31 68 802
68 31 802
31 71 572
71 31 572
31 87 415
87 31 415
31 53 842
53 31 842
32 71 969
71 32 969
34 39 90
39 34 90
34 85 341
85 34 341
34 36 213
36 34 213
34 47 177
47 34 177
34 45 845
45 34 845
34 72 30
72 34 30
34 81 249
81 34 249
35 45 541
45 35 541
35 53 1000
53 35 1000
35 36 243
36 35 243
35 60 509
60 35 509
35 95 293
95 35 293
36 62 578
62 36 578
36 71 87
71 36 87
36 86 82
86 36 82
36 95 718
95 36 718
36 87 186
87 36 186
36 89 103
89 36 103
37 42 587
42 37 587
37 42 409
42 37 409
37 83 112
83 37 112
38 78 897
78 38 897
38 66 599
66 38 599
38 69 206
69 38 206
39 73 220
73 39 220
39 87 391
87 39 391
39 73 213
73 39 213
39 87 520
87 39 520
40 52 402
52 40 402
40 56 934
56 40 934
40 58 79
58 40 79
40 49 642
49 40 642
40 52 927
52 40 927
40 85 952
85 40 952
40 46 419
46 40 419
41 49 881
49 41 881
41 72 589
72 41 589
41 82 670
82 41 670
41 59 968
59 41 968
42 49 531
49 42 531
43 90 544
90 43 544
44 77 571
77 44 571
44 54 347
54 44 347
44 72 925
72 44 925
45 68 731
68 45 731
45 97 514
97 45 514
46 87 184
87 46 184
46 90 332
90 46 332
46 84 567
84 46 567
47 75 815
75 47 815
47 91 249
91 47 249
48 81 865
81 48 865
48 62 424
62 48 424
48 53 653
53 48 653
48 98 698
98 48 698
49 78 842
78 49 842
50 62 448
62 50 448
50 57 39
57 50 39
51 53 650
53 51 650
51 57 844
57 51 844
51 78 458
78 51 458
51 88 777
88 51 777
51 84 485
84 51 485
52 54 196
54 52 196
53 78 757
78 53 757
53 65 570
65 53 570
54 82 370
82 54 370
54 81 630
81 54 630
54 83 793
83 54 793
55 82 656
82 55 656
55 75 91
75 55 91
56 90 723
90 56 723
56 70 297
70 56 297
56 81 678
81 56 678
57 95 789
95 57 789
57 81 941
81 57 941
58 59 688
59 58 688
58 89 723
89 58 723
58 94 651
94 58 651
59 66 474
66 59 474
61 62 885
62 61 885
62 64 236
64 62 236
62 72 890
72 62 890
62 92 724
92 62 724
62 95 898
95 62 898
63 82 399
82 63 399
64 98 37
98 64 37
65 93 423
93 65 423
65 74 96
74 65 96
65 91 203
91 65 203
66 70 62
70 66 62
66 86 260
86 66 260
67 95 18
95 67 18
68 83 228
83 68 228
69 70 608
70 69 608
69 98 264
98 69 264
69 82 501
82 69 501
70 90 879
90 70 879
70 90 396
90 70 396
71 79 642
79 71 642
72 82 713
82 72 713
72 73 21
73 72 21
72 96 201
96 72 201
75 76 247
76 75 247
75 80 906
80 75 906
75 78 224
78 75 224
75 85 781
85 75 781
75 96 231
96 75 231
76 93 394
93 76 394
78 79 971
79 78 971
79 84 202
84 79 202
81 86 697
86 81 697
81 85 899
85 81 899
81 99 552
99 81 552
82 92 335
92 82 335
84 94 874
94 84 874
86 91 920
91 86 920
88 89 659
89 88 659
90 91 902
91 90 902
95 97 56
97 95 56
