60

0 1 295
1 0 295
0 4 638
4 0 638
0 5 61
5 0 61
0 27 100
27 0 100
0 35 128
35 0 128
0 12 864
12 0 864
0 47 364
47 0 364
0 34 287
34 0 287
0 23 210
23 0 210
0 36 944
36 0 944
0 44 496
44 0 496
0 13 482
13 0 482
1 2 850
2 1 850
1 3 51
3 1 51
1 27 723
27 1 723
1 7 950
7 1 950
1 15 930
15 1 930
1 8 213
8 1 213
1 55 223
55 1 223
1 11 797
11 1 797
1 17 452
17 1 452
2 6 943
6 2 943
2 11 130
11 2 130
2 12 879
12 2 879
2 55 837
55 2 837
2 12 983
12 2 983
2 17 723
17 2 723
2 5 150
5 2 150
2 42 645
42 2 645
3 12 874
12 3 874
3 23 372
23 3 372
3 42 667
42 3 667
3 34 257
34 3 257
3 59 643
59 3 643
3 52 501
52 3 501
4 8 710
8 4 710
4 9 525
9 4 525
4 41 817
41 4 817
4 49 288
49 4 288
4 14 542
14 4 542
4 49 13
49 4 13
4 14 796
14 4 796
4 11 667
11 4 667
4 18 841
18 4 841
5 7 179
7 5 179
5 43 773
43 5 773
5 42 491
42 5 491
5 23 766
23 5 766
5 40 927
40 5 927
5 23 714
23 5 714
5 33 915
33 5 915
5 19 65
19 5 65
5 13 343
13 5 343
6 13 384
13 6 384
6 21 881
21 6 881
6 22 598
22 6 598
6 47 899
47 6 899
6 50 201
50 6 201
6 43 917
43 6 917
6 41 75
41 6 75
6 20 216
20 6 216
6 9 294
9 6 294
6 9 938
9 6 938
7 31 651
31 7 651
7 28 534
28 7 534
7 42 301
42 7 301
7 9 724
9 7 724
7 28 287
28 7 287
8 14 483
14 8 483
8 32 866
32 8 866
8 23 223
23 8 223
8 23 701
23 8 701
8 35 422
35 8 422
8 58 926
58 8 926
8 20 519
20 8 519
8 45 371
45 8 371
8 39 186
39 8 186
8 50 166
50 8 166
8 30 281
30 8 281
8 48 542
48 8 542
9 10 265
10 9 265
9 20 597
20 9 597
9 56 732
56 9 732
9 38 597
38 9 597
9 58 958
58 9 958
9 28 259
28 9 259
9 30 670
30 9 670
9 48 651
48 9 651
9 41 916
41 9 916
9 54 582
54 9 582
9 28 419
28 9 419
10 33 41
33 10 41
10 44 809
44 10 809
10 12 613
12 10 613
10 51 227
51 10 227
10 44 299
44 10 299
10 50 981
50 10 981
10 16 458
16 10 458
10 41 740
41 10 740
10 21 525
21 10 525
10 42 482
42 10 482
11 28 585
28 11 585
11 57 181
57 11 181
11 26 906
26 11 906
11 50 687
50 11 687
11 36 978
36 11 978
11 24 464
24 11 464
11 27 533
27 11 533
11 27 457
27 11 457
11 51 911
51 11 911
11 16 975
16 11 975
12 53 283
53 12 283
12 32 234
32 12 234
12 16 158
16 12 158
12 57 251
57 12 251
12 54 202
54 12 202
12 41 131
41 12 131
12 54 89
54 12 89
12 47 286
47 12 286
13 15 808
15 13 808
13 17 810
17 13 810
13 54 163
54 13 163
13 25 83
25 13 83
13 31 580
31 13 580
13 35 853
35 13 853
13 55 109
55 13 109
13 23 855
23 13 855
13 29 182
29 13 182
13 36 368
36 13 368
13 56 892
56 13 892
13 30 798
30 13 798
13 23 379
23 13 379
14 24 139
24 14 139
14 34 996
34 14 996
14 57 16
57 14 16
14 58 548
58 14 548
14 18 457
18 14 457
14 17 564
17 14 564
14 41 509
41 14 509
14 56 924
56 14 924
14 42 292
42 14 292
15 16 106
16 15 106
15 30 859
30 15 859
15 36 896
36 15 896
15 45 922
45 15 922
15 39 794
39 15 794
15 53 938
53 15 938
15 36 919
36 15 919
15 57 632
57 15 632
15 39 932
39 15 932
16 18 474
18 16 474
16 19 289
19 16 289
16 48 907
48 16 907
16 40 199
40 16 199
16 18 655
18 16 655
16 48 240
48 16 240
16 42 179
42 16 179
16 53 421
53 16 421
17 43 617
43 17 617
17 44 884
44 17 884
17 41 673
41 17 673
17 27 903
27 17 903
17 25 689
25 17 689
18 28 444
28 18 444
18 37 648
37 18 648
18 48 385
48 18 385
18 59 697
59 18 697
18 58 140
58 18 140
18 25 665
25 18 665
18 31 891
31 18 891
19 48 441
48 19 441
19 59 869
59 19 869
19 52 505
52 19 505
19 24 559
24 19 559
19 59 397
59 19 397
19 26 580
26 19 580
19 27 6
27 19 6
20 46 620
46 20 620
20 43 952
43 20 952
20 54 183
54 20 183
20 36 21
36 20 21
20 55 530
55 20 530
20 52 579
52 20 579
20 44 683
44 20 683
20 37 62
37 20 62
21 25 190
25 21 190
21 29 670
29 21 670
21 46 744
46 21 744
21 48 533
48 21 533
21 29 145
29 21 145
22 36 853
36 22 853
22 51 530
51 22 530
22 41 348
41 22 348
22 50 61
50 22 61
22 49 50
49 22 50
22 23 778
23 22 778
22 44 78
44 22 78
22 58 365
58 22 365
23 48 833
48 23 833
23 47 749
47 23 749
24 50 975
50 24 975
24 34 18
34 24 18
24 29 243
29 24 243
24 32 206
32 24 206
24 33 577
33 24 577
24 59 633
59 24 633
24 36 225
36 24 225
25 26 436
26 25 436
25 40 447
40 25 447
25 49 466
49 25 466
25 37 200
37 25 200
25 31 789
31 25 789
26 31 240
31 26 240
26 27 329
27 26 329
27 58 279
58 27 279
27 56 816
56 27 816
27 36 761
36 27 761
28 38 730
38 28 730
28 46 148
46 28 148
28 47 488
47 28 488
28 44 764
44 28 764
29 36 630
36 29 630
29 31 765
31 29 765
29 54 159
54 29 159
29 49 551
49 29 551
29 57 833
57 29 833
29 38 355
38 29 355
29 55 949
55 29 949
29 58 979
58 29 979
29 48 114
48 29 114
29 56 972
56 29 972
30 42 338
42 30 338
30 52 746
52 30 746
30 49 9
49 30 9
30 51 382
51 30 382
30 59 976
59 30 976
30 57 323
57 30 323
30 34 667
34 30 667
31 45 229
45 31 229
31 50 729
50 31 729
31 51 83
51 31 83
31 57 61
57 31 61
32 35 546
35 32 546
32 55 135
55 32 135
32 57 668
57 32 668
32 36 965
36 32 965
33 50 577
50 33 577
33 35 399
35 33 399
33 46 438
46 33 438
33 46 841
46 33 841
33 34 607
34 33 607
34 47 344
47 34 344
34 54 821
54 34 821
34 41 192
41 34 192
35 47 577
47 35 577
35 52 924
52 35 924
36 45 150
45 36 150
36 54 961
54 36 961
36 51 368
51 36 368
37 41 838
41 37 838
37 49 618
49 37 618
38 39 626
39 38 626
38 59 198
59 38 198
38 49 661
49 38 661
38 39 498
39 38 498
38 42 617
42 38 617
38 44 993
44 38 993
39 42 412
42 39 412
39 46 636
46 39 636
39 56 737
56 39 737
39 58 59
58 39 59
40 57 547
57 40 547
40 55 711
55 40 711
40 56 461
56 40 461
41 59 362
59 41 362
41 47 75
47 41 75
41 49 794
49 41 794
41 55 435
55 41 435
42 55 557
55 42 557
42 55 319
55 42 319
42 56 667
56 42 667
42 59 121
59 42 121
43 53 592
53 43 592
43 48 971
48 43 971
43 52 439
52 43 439
44 59 99
59 44 99
44 59 524
59 44 524
45 53 633
53 45 633
45 49 260
49 45 260
45 47 539
47 45 539
45 51 752
51 45 752
46 55 702
55 46 702
46 47 669
47 46 669
46 54 638
54 46 638
46 54 953
54 46 953
48 58 38
58 48 38
48 49 389
49 48 389
49 51 33
51 49 33
50 54 944
54 50 944
51 59 788
59 51 788
51 54 707
54 51 707
55 55 395
55 55 395
