44

0 1 45
1 0 45
0 2 52
2 0 52
0 5 882
5 0 882
0 9 581
9 0 581
0 13 721
13 0 721
0 32 363
32 0 363
0 34 268
34 0 268
1 4 577
4 1 577
1 12 988
12 1 988
1 9 906
9 1 906
2 3 904
3 2 904
2 39 926
39 2 926
2 41 922
41 2 922
3 6 751
6 3 751
3 11 305
11 3 305
3 22 358
22 3 358
3 29 835
29 3 835
4 8 715
8 4 715
4 25 74
25 4 74
5 7 487
7 5 487
5 16 950
16 5 950
5 23 869
23 5 869
5 7 992
7 5 992
6 37 622
37 6 622
6 43 642
43 6 642
7 24 468
24 7 468
8 10 381
10 8 381
8 14 291
14 8 291
8 22 492
22 8 492
9 18 984
18 9 984
9 30 976
30 9 976
10 27 892
27 10 892
11 39 447
39 11 447
12 36 914
36 12 914
13 15 794
15 13 794
14 17 33
17 14 33
14 20 359
20 14 359
14 33 795
33 14 795
15 41 271
41 15 271
16 21 837
21 16 837
17 19 280
19 17 280
17 26 383
26 17 383
18 27 780
27 18 780
18 31 197
31 18 197
20 35 651
35 20 651
21 25 314
25 21 314
22 24 558
24 22 558
22 33 406
33 22 406
22 36 937
36 22 937
22 28 147
28 22 147
24 28 403
28 24 403
28 36 964
36 28 964
29 38 254
38 29 254
31 33 746
33 31 746
37 40 2
40 37 2
38 42 941
42 38 941
43 43 400
43 43 400
