49

0 1 803
1 0 803
0 3 610
3 0 610
0 4 691
4 0 691
0 9 897
9 0 897
0 10 446
10 0 446
0 36 547
36 0 547
0 16 784
16 0 784
0 27 764
27 0 764
0 31 408
31 0 408
1 2 842
2 1 842
1 28 94
28 1 94
1 44 938
44 1 938
1 16 580
16 1 580
2 45 821
45 2 821
2 18 396
18 2 396
2 43 816
43 2 816
2 28 781
28 2 781
3 11 693
11 3 693
3 18 792
18 3 792
3 41 980
41 3 980
3 19 881
19 3 881
4 5 78
5 4 78
4 6 874
6 4 874
4 25 407
25 4 407
4 15 668
15 4 668
4 15 711
15 4 711
5 8 513
8 5 513
5 16 295
16 5 295
5 26 795
26 5 795
5 18 680
18 5 680
5 18 708
18 5 708
6 7 346
7 6 346
6 14 93
14 6 93
6 19 774
19 6 774
6 31 41
31 6 41
6 37 144
37 6 144
7 15 119
15 7 119
7 23 468
23 7 468
7 25 161
25 7 161
7 16 9
16 7 9
7 45 408
45 7 408
8 40 804
40 8 804
8 22 625
22 8 625
9 12 209
12 9 209
9 27 54
27 9 54
9 16 848
16 9 848
9 42 662
42 9 662
9 38 375
38 9 375
10 13 655
13 10 655
10 36 218
36 10 218
10 21 382
21 10 382
10 41 487
41 10 487
10 37 604
37 10 604
11 32 828
32 11 828
11 11 971
11 11 971
12 35 997
35 12 997
13 20 895
20 13 895
13 18 193
18 13 193
13 30 704
30 13 704
14 21 443
21 14 443
15 17 451
17 15 451
15 31 553
31 15 553
15 44 702
44 15 702
16 44 320
44 16 320
17 30 600
30 17 600
17 25 249
25 17 249
17 28 24
28 17 24
18 47 585
47 18 585
19 22 66
22 19 66
19 35 980
35 19 980
19 34 101
34 19 101
19 31 601
31 19 601
20 33 174
33 20 174
21 26 736
26 21 736
21 37 162
37 21 162
21 39 374
39 21 374
22 24 421
24 22 421
22 32 670
32 22 670
22 41 779
41 22 779
23 39 328
39 23 328
23 46 423
46 23 423
24 45 133
45 24 133
24 48 283
48 24 283
25 43 596
43 25 596
26 29 791
29 26 791
27 42 467
42 27 467
27 41 955
41 27 955
28 32 473
32 28 473
29 34 820
34 29 820
29 48 171
48 29 171
29 41 159
41 29 159
31 33 66
33 31 66
32 37 964
37 32 964
33 38 157
38 33 157
33 41 421
41 33 421
35 36 262
36 35 262
36 42 827
42 36 827
40 44 956
44 40 956
40 42 120
42 40 120
44 48 777
48 44 777
46 47 510
47 46 510
