16

0 1 518
1 0 518
0 5 571
5 0 571
0 8 897
8 0 897
0 3 118
3 0 118
1 2 760
2 1 760
1 3 630
3 1 630
1 10 417
10 1 417
1 10 813
10 1 813
1 14 953
14 1 953
1 9 499
9 1 499
1 15 621
15 1 621
2 4 437
4 2 437
2 6 484
6 2 484
2 15 694
15 2 694
2 6 823
6 2 823
3 8 985
8 3 985
4 5 539
5 4 539
5 11 428
11 5 428
5 15 939
15 5 939
6 7 408
7 6 408
7 8 590
8 7 590
7 14 260
14 7 260
8 9 173
9 8 173
8 13 680
13 8 680
8 10 601
10 8 601
9 15 6
15 9 6
10 12 453
12 10 453
11 12 308
12 11 308
12 15 955
15 12 955
