71

0 1 389
1 0 389
0 3 114
3 0 114
0 5 565
5 0 565
0 44 582
44 0 582
0 64 470
64 0 470
1 2 303
2 1 303
1 38 916
38 1 916
1 11 458
11 1 458
2 4 294
4 2 294
2 7 409
7 2 409
2 10 423
10 2 423
2 39 743
39 2 743
2 53 321
53 2 321
2 3 883
3 2 883
2 14 518
14 2 518
2 14 512
14 2 512
2 33 461
33 2 461
2 57 579
57 2 579
3 6 500
6 3 500
3 24 984
24 3 984
3 35 656
35 3 656
4 29 798
29 4 798
4 39 543
39 4 543
4 31 52
31 4 52
5 8 498
8 5 498
5 16 283
16 5 283
5 22 134
22 5 134
6 11 360
11 6 360
6 56 974
56 6 974
6 32 365
32 6 365
6 48 272
48 6 272
6 8 530
8 6 530
7 17 811
17 7 811
7 21 780
21 7 780
7 28 723
28 7 723
7 45 960
45 7 960
8 9 78
9 8 78
8 14 599
14 8 599
8 15 41
15 8 41
8 50 987
50 8 987
8 33 347
33 8 347
9 18 170
18 9 170
9 46 480
46 9 480
10 12 126
12 10 126
10 13 751
13 10 751
10 25 70
25 10 70
10 36 916
36 10 916
10 62 579
62 10 579
10 57 293
57 10 293
11 20 410
20 11 410
11 31 677
31 11 677
11 48 607
48 11 607
11 65 651
65 11 651
12 57 602
57 12 602
12 69 477
69 12 477
12 31 467
31 12 467
13 19 30
19 13 30
14 20 848
20 14 848
14 15 259
15 14 259
15 61 803
61 15 803
16 18 829
18 16 829
16 30 817
30 16 817
17 30 504
30 17 504
17 61 665
61 17 665
17 20 446
20 17 446
18 34 468
34 18 468
18 44 295
44 18 295
19 26 449
26 19 449
19 35 228
35 19 228
19 39 307
39 19 307
19 19 421
19 19 421
19 70 351
70 19 351
19 68 341
68 19 341
20 52 487
52 20 487
20 56 370
56 20 370
20 67 576
67 20 576
20 60 635
60 20 635
20 56 820
56 20 820
20 59 332
59 20 332
20 22 715
22 20 715
21 23 242
23 21 242
21 49 967
49 21 967
21 54 583
54 21 583
21 69 524
69 21 524
21 40 844
40 21 844
21 54 971
54 21 971
22 27 322
27 22 322
22 66 576
66 22 576
23 42 792
42 23 792
23 58 215
58 23 215
23 47 444
47 23 444
24 32 721
32 24 721
24 70 20
70 24 20
24 61 56
61 24 56
25 30 972
30 25 972
26 37 360
37 26 360
26 41 409
41 26 409
27 40 737
40 27 737
27 64 384
64 27 384
27 65 203
65 27 203
27 54 237
54 27 237
27 41 772
41 27 772
28 61 89
61 28 89
29 57 530
57 29 530
29 57 570
57 29 570
31 33 357
33 31 357
31 43 45
43 31 45
31 66 180
66 31 180
31 65 34
65 31 34
32 46 691
46 32 691
32 58 862
58 32 862
33 34 989
34 33 989
33 53 4
53 33 4
33 51 150
51 33 150
34 47 885
47 34 885
34 66 817
66 34 817
34 48 671
48 34 671
34 65 779
65 34 779
35 41 511
41 35 511
35 53 327
53 35 327
37 70 711
70 37 711
39 64 91
64 39 91
39 41 672
41 39 672
41 42 114
42 41 114
43 60 831
60 43 831
43 68 282
68 43 282
43 59 782
59 43 782
44 51 27
51 44 27
44 67 884
67 44 884
44 46 177
46 44 177
44 67 986
67 44 986
47 55 224
55 47 224
48 51 707
51 48 707
49 56 863
56 49 863
49 52 704
52 49 704
50 59 933
59 50 933
50 64 467
64 50 467
52 63 158
63 52 158
52 68 340
68 52 340
53 67 134
67 53 134
54 61 212
61 54 212
55 63 606
63 55 606
57 63 335
63 57 335
58 64 54
64 58 54
58 67 579
67 58 579
59 64 67
64 59 67
62 67 330
67 62 330
