70

0 1 649
1 0 649
0 2 795
2 0 795
0 5 133
5 0 133
0 10 930
10 0 930
0 17 924
17 0 924
0 20 696
20 0 696
0 21 888
21 0 888
0 25 598
25 0 598
0 32 707
32 0 707
0 47 847
47 0 847
0 30 945
30 0 945
0 45 591
45 0 591
0 2 933
2 0 933
0 26 226
26 0 226
0 2 260
2 0 260
0 21 763
21 0 763
0 54 526
54 0 526
0 52 475
52 0 475
1 3 680
3 1 680
1 16 193
16 1 193
1 44 515
44 1 515
1 57 247
57 1 247
1 3 83
3 1 83
1 53 553
53 1 553
1 44 303
44 1 303
1 47 148
47 1 148
1 51 554
51 1 554
2 6 609
6 2 609
2 27 847
27 2 847
2 48 903
48 2 903
2 58 66
58 2 66
2 20 428
20 2 428
2 52 691
52 2 691
2 63 418
63 2 418
2 45 654
45 2 654
2 4 294
4 2 294
2 18 405
18 2 405
3 4 680
4 3 680
3 8 848
8 3 848
3 41 69
41 3 69
3 49 975
49 3 975
3 30 392
30 3 392
3 41 801
41 3 801
3 69 534
69 3 534
3 29 269
29 3 269
4 11 673
11 4 673
4 12 29
12 4 29
4 14 534
14 4 534
4 57 266
57 4 266
4 61 846
61 4 846
4 63 127
63 4 127
4 37 307
37 4 307
4 43 410
43 4 410
4 30 458
30 4 458
4 41 809
41 4 809
4 55 497
55 4 497
4 39 731
39 4 731
4 58 87
58 4 87
4 69 89
69 4 89
5 7 630
7 5 630
5 18 306
18 5 306
5 24 671
24 5 671
5 30 182
30 5 182
5 36 272
36 5 272
5 32 12
32 5 12
5 46 577
46 5 577
5 6 626
6 5 626
5 21 413
21 5 413
6 9 700
9 6 700
6 32 367
32 6 367
6 14 389
14 6 389
6 48 807
48 6 807
6 7 731
7 6 731
6 51 176
51 6 176
7 13 168
13 7 168
7 68 200
68 7 200
7 53 532
53 7 532
7 37 714
37 7 714
7 15 130
15 7 130
7 10 40
10 7 40
7 33 581
33 7 581
7 64 43
64 7 43
7 49 130
49 7 130
7 7 649
7 7 649
7 55 994
55 7 994
8 53 469
53 8 469
8 9 573
9 8 573
8 51 486
51 8 486
8 61 422
61 8 422
8 26 79
26 8 79
8 52 249
52 8 249
8 48 389
48 8 389
8 44 474
44 8 474
9 26 727
26 9 727
9 28 657
28 9 657
9 33 278
33 9 278
9 11 744
11 9 744
9 40 980
40 9 980
9 62 625
62 9 625
9 25 377
25 9 377
9 14 205
14 9 205
9 44 867
44 9 867
9 24 749
24 9 749
9 12 319
12 9 319
10 63 341
63 10 341
10 13 780
13 10 780
10 68 568
68 10 568
10 26 3
26 10 3
10 27 274
27 10 274
10 34 24
34 10 24
11 41 619
41 11 619
11 52 901
52 11 901
11 12 640
12 11 640
11 14 260
14 11 260
11 18 997
18 11 997
12 38 860
38 12 860
12 39 151
39 12 151
12 27 842
27 12 842
12 41 796
41 12 796
12 38 98
38 12 98
12 54 39
54 12 39
12 60 194
60 12 194
12 34 560
34 12 560
12 55 887
55 12 887
13 15 631
15 13 631
13 22 670
22 13 670
13 29 678
29 13 678
13 46 628
46 13 628
13 69 377
69 13 377
13 15 397
15 13 397
13 28 74
28 13 74
13 64 973
64 13 973
13 32 828
32 13 828
13 63 153
63 13 153
14 36 451
36 14 451
14 69 388
69 14 388
14 47 958
47 14 958
14 57 231
57 14 231
14 51 738
51 14 738
14 31 749
31 14 749
15 38 337
38 15 337
15 46 545
46 15 545
15 21 764
21 15 764
15 20 99
20 15 99
15 68 155
68 15 155
15 25 206
25 15 206
15 63 479
63 15 479
16 19 968
19 16 968
16 37 517
37 16 517
16 42 911
42 16 911
16 56 46
56 16 46
16 35 32
35 16 32
16 40 36
40 16 36
16 53 662
53 16 662
16 18 499
18 16 499
16 59 967
59 16 967
17 35 620
35 17 620
17 66 549
66 17 549
17 44 414
44 17 414
17 18 166
18 17 166
17 52 181
52 17 181
17 40 870
40 17 870
17 33 889
33 17 889
17 58 25
58 17 25
17 48 71
48 17 71
18 39 276
39 18 276
18 32 552
32 18 552
18 33 832
33 18 832
18 40 415
40 18 415
18 45 405
45 18 405
18 57 815
57 18 815
19 23 696
23 19 696
19 43 220
43 19 220
19 40 322
40 19 322
19 69 802
69 19 802
19 59 971
59 19 971
19 42 316
42 19 316
19 29 918
29 19 918
20 63 163
63 20 163
20 59 108
59 20 108
20 46 193
46 20 193
20 59 761
59 20 761
20 56 509
56 20 509
21 67 119
67 21 119
21 59 632
59 21 632
21 47 153
47 21 153
21 40 641
40 21 641
21 39 559
39 21 559
21 27 440
27 21 440
21 59 46
59 21 46
21 21 807
21 21 807
22 23 546
23 22 546
22 44 811
44 22 811
22 39 442
39 22 442
22 66 496
66 22 496
23 31 686
31 23 686
23 34 542
34 23 542
23 55 258
55 23 258
23 67 798
67 23 798
23 60 771
60 23 771
23 60 926
60 23 926
23 69 392
69 23 392
23 37 847
37 23 847
23 51 958
51 23 958
23 35 142
35 23 142
24 42 147
42 24 147
24 49 735
49 24 735
24 29 437
29 24 437
24 34 68
34 24 68
24 27 486
27 24 486
25 26 859
26 25 859
25 37 911
37 25 911
25 58 584
58 25 584
26 54 984
54 26 984
26 65 48
65 26 48
26 65 835
65 26 835
26 44 887
44 26 887
26 64 741
64 26 741
26 57 867
57 26 867
26 45 235
45 26 235
26 58 749
58 26 749
27 39 712
39 27 712
27 44 299
44 27 299
27 39 493
39 27 493
27 35 874
35 27 874
27 34 617
34 27 617
27 51 710
51 27 710
28 45 107
45 28 107
28 60 745
60 28 745
28 52 327
52 28 327
28 58 15
58 28 15
28 40 274
40 28 274
29 29 13
29 29 13
29 42 906
42 29 906
29 57 1000
57 29 1000
29 68 300
68 29 300
29 32 732
32 29 732
29 48 695
48 29 695
29 51 801
51 29 801
30 31 629
31 30 629
30 48 44
48 30 44
30 38 792
38 30 792
30 54 197
54 30 197
31 68 763
68 31 763
31 36 612
36 31 612
31 47 823
47 31 823
31 33 196
33 31 196
32 58 944
58 32 944
32 68 858
68 32 858
32 36 729
36 32 729
32 51 489
51 32 489
32 36 162
36 32 162
32 51 693
51 32 693
32 56 10
56 32 10
32 58 409
58 32 409
33 69 479
69 33 479
33 43 283
43 33 283
33 58 126
58 33 126
34 50 318
50 34 318
35 49 734
49 35 734
35 53 795
53 35 795
35 58 851
58 35 851
35 39 902
39 35 902
35 61 33
61 35 33
35 46 750
46 35 750
36 52 671
52 36 671
36 39 495
39 36 495
36 52 882
52 36 882
36 39 824
39 36 824
36 59 502
59 36 502
36 55 816
55 36 816
37 40 369
40 37 369
37 48 528
48 37 528
37 39 873
39 37 873
37 53 387
53 37 387
37 45 508
45 37 508
37 60 456
60 37 456
38 52 614
52 38 614
38 56 589
56 38 589
39 50 560
50 39 560
39 62 475
62 39 475
39 46 832
46 39 832
39 47 884
47 39 884
40 44 459
44 40 459
40 51 81
51 40 81
40 64 291
64 40 291
40 56 664
56 40 664
41 58 88
58 41 88
41 66 37
66 41 37
41 44 945
44 41 945
42 65 661
65 42 661
42 52 70
52 42 70
42 62 299
62 42 299
42 47 725
47 42 725
42 64 384
64 42 384
42 66 443
66 42 443
42 51 661
51 42 661
43 51 969
51 43 969
43 43 295
43 43 295
43 54 237
54 43 237
43 59 435
59 43 435
44 58 537
58 44 537
44 64 239
64 44 239
44 51 51
51 44 51
44 49 255
49 44 255
44 61 564
61 44 564
44 67 984
67 44 984
45 59 304
59 45 304
45 61 139
61 45 139
46 59 796
59 46 796
46 58 777
58 46 777
46 59 215
59 46 215
46 49 727
49 46 727
46 68 654
68 46 654
46 64 781
64 46 781
47 51 637
51 47 637
47 62 331
62 47 331
47 63 84
63 47 84
48 48 992
48 48 992
48 65 788
65 48 788
49 54 810
54 49 810
49 66 508
66 49 508
50 63 276
63 50 276
50 57 378
57 50 378
50 53 709
53 50 709
50 61 785
61 50 785
50 50 250
50 50 250
51 62 868
62 51 868
52 56 888
56 52 888
52 57 713
57 52 713
53 58 116
58 53 116
53 53 685
53 53 685
55 65 745
65 55 745
56 64 502
64 56 502
56 56 514
56 56 514
56 60 28
60 56 28
56 67 426
67 56 426
57 61 695
61 57 695
57 57 83
57 57 83
58 65 938
65 58 938
58 67 451
67 58 451
61 68 314
68 61 314
61 64 149
64 61 149
62 65 585
65 62 585
63 63 256
63 63 256
66 69 441
69 66 441
66 68 365
68 66 365
68 68 586
68 68 586
68 69 455
69 68 455
