99

0 1 285
1 0 285
0 2 128
2 0 128
0 53 756
53 0 756
0 17 249
17 0 249
0 71 677
71 0 677
0 36 926
36 0 926
0 46 64
46 0 64
1 6 547
6 1 547
1 11 44
11 1 44
1 23 688
23 1 688
1 25 130
25 1 130
1 29 860
29 1 860
1 16 205
16 1 205
1 72 990
72 1 990
1 39 891
39 1 891
1 31 385
31 1 385
1 76 945
76 1 945
1 15 963
15 1 963
1 86 400
86 1 400
2 3 668
3 2 668
2 8 888
8 2 888
2 26 883
26 2 883
2 91 788
91 2 788
2 83 637
83 2 637
2 61 814
61 2 814
2 5 197
5 2 197
2 45 300
45 2 300
2 31 335
31 2 335
3 4 176
4 3 176
3 5 151
5 3 151
3 7 820
7 3 820
3 19 553
19 3 553
3 33 93
33 3 93
3 60 998
60 3 998
3 31 667
31 3 667
3 77 61
77 3 61
3 29 962
29 3 962
4 9 945
9 4 945
4 78 105
78 4 105
4 8 326
8 4 326
4 12 822
12 4 822
4 64 595
64 4 595
4 12 376
12 4 376
4 31 769
31 4 769
4 80 965
80 4 965
4 62 770
62 4 770
4 51 255
51 4 255
4 76 510
76 4 510
5 15 431
15 5 431
5 45 256
45 5 256
5 93 505
93 5 505
5 86 484
86 5 484
5 20 825
20 5 825
5 85 102
85 5 102
5 26 364
26 5 364
5 23 538
23 5 538
5 8 275
8 5 275
5 55 402
55 5 402
5 14 607
14 5 607
5 43 54
43 5 54
5 62 545
62 5 545
6 48 933
48 6 933
6 91 600
91 6 600
6 71 395
71 6 395
6 88 173
88 6 173
6 43 866
43 6 866
6 62 475
62 6 475
6 52 471
52 6 471
6 75 214
75 6 214
6 69 984
69 6 984
6 40 628
40 6 628
6 24 560
24 6 560
6 97 732
97 6 732
6 8 753
8 6 753
6 76 951
76 6 951
7 10 937
10 7 937
7 50 38
50 7 38
7 29 855
29 7 855
7 42 341
42 7 341
7 58 925
58 7 925
7 9 769
9 7 769
7 87 592
87 7 592
8 24 905
24 8 905
8 27 394
27 8 394
8 32 580
32 8 580
8 60 464
60 8 464
8 77 267
77 8 267
8 21 75
21 8 75
8 94 978
94 8 978
8 37 626
37 8 626
8 44 530
44 8 530
8 96 300
96 8 300
9 18 64
18 9 64
9 49 357
49 9 357
9 80 272
80 9 272
9 78 919
78 9 919
9 97 172
97 9 172
9 84 690
84 9 690
9 13 305
13 9 305
9 47 614
47 9 614
10 14 496
14 10 496
10 20 581
20 10 581
10 47 172
47 10 172
10 66 786
66 10 786
10 39 836
39 10 836
10 18 969
18 10 969
10 21 993
21 10 993
10 59 255
59 10 255
10 61 96
61 10 96
10 15 276
15 10 276
11 12 116
12 11 116
11 37 283
37 11 283
11 40 692
40 11 692
11 87 594
87 11 594
11 83 972
83 11 972
11 15 702
15 11 702
11 46 169
46 11 169
12 13 189
13 12 189
12 30 601
30 12 601
12 19 384
19 12 384
12 45 3
45 12 3
12 84 949
84 12 949
12 88 84
88 12 84
13 16 477
16 13 477
13 17 176
17 13 176
13 93 236
93 13 236
13 44 535
44 13 535
13 63 126
63 13 126
13 78 470
78 13 470
13 19 828
19 13 828
13 58 523
58 13 523
14 28 204
28 14 204
14 61 792
61 14 792
14 34 596
34 14 596
14 67 242
67 14 242
14 50 41
50 14 41
14 33 34
33 14 34
14 34 868
34 14 868
14 58 554
58 14 554
15 73 210
73 15 210
15 88 204
88 15 204
15 49 996
49 15 996
15 16 489
16 15 489
15 64 802
64 15 802
15 58 257
58 15 257
15 50 829
50 15 829
16 21 190
21 16 190
16 44 957
44 16 957
16 54 124
54 16 124
16 35 58
35 16 58
16 25 431
25 16 431
16 34 312
34 16 312
16 18 295
18 16 295
17 56 695
56 17 695
17 43 741
43 17 741
17 93 802
93 17 802
17 28 507
28 17 507
17 24 727
24 17 727
17 19 983
19 17 983
17 81 875
81 17 875
18 43 498
43 18 498
18 34 880
34 18 880
18 68 931
68 18 931
18 40 509
40 18 509
18 42 899
42 18 899
18 50 399
50 18 399
18 77 768
77 18 768
19 22 147
22 19 147
19 35 889
35 19 889
19 81 9
81 19 9
19 55 852
55 19 852
19 41 684
41 19 684
20 71 827
71 20 827
20 24 120
24 20 120
20 47 828
47 20 828
20 46 1000
46 20 1000
20 67 396
67 20 396
21 50 954
50 21 954
21 47 900
47 21 900
21 67 852
67 21 852
21 50 329
50 21 329
21 55 302
55 21 302
21 46 851
46 21 851
21 44 904
44 21 904
22 23 483
23 22 483
22 40 860
40 22 860
22 88 182
88 22 182
22 77 344
77 22 344
22 37 108
37 22 108
22 62 461
62 22 461
22 41 621
41 22 621
22 35 318
35 22 318
22 76 568
76 22 568
22 58 687
58 22 687
23 31 948
31 23 948
23 34 732
34 23 732
23 62 271
62 23 271
23 98 546
98 23 546
23 59 447
59 23 447
24 85 325
85 24 325
24 92 41
92 24 41
24 97 450
97 24 450
24 29 641
29 24 641
24 27 991
27 24 991
24 30 904
30 24 904
24 96 701
96 24 701
24 64 208
64 24 208
24 94 792
94 24 792
25 41 507
41 25 507
25 50 995
50 25 995
25 76 234
76 25 234
25 47 157
47 25 157
25 35 514
35 25 514
26 46 245
46 26 245
26 62 313
62 26 313
26 59 597
59 26 597
26 77 605
77 26 605
27 39 808
39 27 808
27 57 842
57 27 842
27 95 53
95 27 53
27 39 406
39 27 406
27 50 302
50 27 302
27 33 945
33 27 945
27 94 521
94 27 521
27 78 3
78 27 3
28 91 533
91 28 533
28 48 810
48 28 810
28 45 361
45 28 361
28 60 760
60 28 760
28 97 756
97 28 756
28 61 844
61 28 844
29 54 387
54 29 387
29 74 680
74 29 680
29 83 915
83 29 915
29 87 122
87 29 122
29 51 911
51 29 911
29 60 961
60 29 961
29 56 512
56 29 512
29 62 791
62 29 791
29 38 522
38 29 522
30 40 347
40 30 347
30 58 301
58 30 301
30 45 908
45 30 908
30 78 464
78 30 464
30 50 158
50 30 158
30 88 884
88 30 884
30 88 499
88 30 499
31 86 994
86 31 994
31 83 64
83 31 64
31 55 732
55 31 732
31 51 57
51 31 57
31 78 737
78 31 737
31 49 199
49 31 199
31 57 12
57 31 12
31 88 48
88 31 48
32 46 149
46 32 149
32 44 328
44 32 328
32 80 376
80 32 376
33 36 378
36 33 378
33 64 995
64 33 995
33 87 267
87 33 267
33 93 954
93 33 954
33 81 432
81 33 432
34 75 729
75 34 729
34 35 550
35 34 550
34 58 851
58 34 851
34 55 295
55 34 295
34 55 127
55 34 127
34 40 367
40 34 367
34 42 942
42 34 942
34 54 234
54 34 234
35 38 367
38 35 367
35 97 741
97 35 741
35 84 702
84 35 702
35 84 788
84 35 788
35 41 670
41 35 670
36 89 723
89 36 723
37 55 808
55 37 808
37 54 145
54 37 145
37 67 286
67 37 286
38 42 676
42 38 676
38 70 438
70 38 438
38 54 711
54 38 711
38 77 56
77 38 56
38 61 447
61 38 447
39 63 438
63 39 438
39 70 613
70 39 613
39 81 753
81 39 753
39 86 816
86 39 816
39 44 335
44 39 335
39 68 234
68 39 234
40 80 400
80 40 400
40 67 500
67 40 500
40 93 205
93 40 205
40 89 73
89 40 73
40 43 887
43 40 887
40 51 338
51 40 338
40 83 105
83 40 105
41 52 596
52 41 596
41 69 215
69 41 215
42 65 694
65 42 694
42 84 833
84 42 833
42 85 895
85 42 895
42 94 594
94 42 594
42 60 782
60 42 782
42 87 475
87 42 475
42 55 728
55 42 728
42 56 176
56 42 176
42 93 666
93 42 666
42 96 64
96 42 64
42 51 407
51 42 407
43 59 714
59 43 714
43 56 654
56 43 654
43 98 763
98 43 763
43 62 666
62 43 666
43 52 57
52 43 57
43 63 819
63 43 819
43 74 552
74 43 552
44 82 219
82 44 219
44 96 839
96 44 839
44 57 139
57 44 139
44 98 292
98 44 292
44 91 522
91 44 522
44 50 705
50 44 705
45 84 826
84 45 826
45 45 431
45 45 431
45 72 730
72 45 730
45 47 797
47 45 797
46 75 497
75 46 497
47 51 484
51 47 484
47 66 158
66 47 158
47 50 987
50 47 987
47 63 504
63 47 504
47 79 291
79 47 291
47 96 333
96 47 333
47 67 532
67 47 532
47 65 116
65 47 116
47 53 774
53 47 774
47 81 453
81 47 453
48 59 762
59 48 762
48 57 197
57 48 197
48 75 535
75 48 535
48 52 286
52 48 286
50 84 583
84 50 583
50 71 846
71 50 846
51 67 2
67 51 2
51 80 878
80 51 878
52 74 164
74 52 164
52 76 651
76 52 651
53 81 442
81 53 442
54 57 424
57 54 424
54 76 425
76 54 425
54 84 189
84 54 189
55 58 309
58 55 309
56 69 231
69 56 231
56 93 316
93 56 316
57 74 48
74 57 48
57 61 840
61 57 840
57 64 154
64 57 154
57 65 64
65 57 64
58 98 464
98 58 464
58 97 139
97 58 139
58 62 45
62 58 45
59 96 995
96 59 995
59 84 677
84 59 677
59 71 767
71 59 767
59 89 467
89 59 467
59 61 375
61 59 375
60 84 461
84 60 461
60 68 183
68 60 183
60 98 271
98 60 271
60 84 499
84 60 499
60 65 697
65 60 697
60 81 453
81 60 453
61 77 698
77 61 698
61 82 498
82 61 498
61 66 61
66 61 61
62 79 387
79 62 387
62 72 352
72 62 352
62 78 234
78 62 234
63 68 213
68 63 213
63 94 666
94 63 666
63 89 928
89 63 928
64 76 353
76 64 353
64 77 322
77 64 322
64 68 745
68 64 745
65 80 512
80 65 512
65 76 164
76 65 164
66 92 211
92 66 211
67 72 593
72 67 593
67 89 125
89 67 125
67 67 846
67 67 846
67 85 553
85 67 553
67 87 923
87 67 923
68 98 371
98 68 371
68 72 532
72 68 532
68 69 96
69 68 96
68 94 656
94 68 656
69 90 444
90 69 444
70 86 519
86 70 519
70 80 909
80 70 909
70 80 381
80 70 381
71 91 274
91 71 274
72 89 346
89 72 346
73 97 310
97 73 310
73 86 473
86 73 473
74 83 51
83 74 51
75 79 363
79 75 363
77 80 744
80 77 744
78 88 329
88 78 329
80 81 271
81 80 271
81 84 578
84 81 578
81 90 537
90 81 537
82 88 681
88 82 681
84 92 912
92 84 912
85 91 580
91 85 580
88 90 466
90 88 466
89 94 302
94 89 302
89 97 983
97 89 983
94 97 868
97 94 868
94 96 119
96 94 119
