12

0 1 254
1 0 254
0 3 71
3 0 71
0 6 840
6 0 840
0 11 320
11 0 320
0 9 319
9 0 319
0 8 832
8 0 832
0 2 39
2 0 39
1 2 367
2 1 367
1 8 138
8 1 138
1 7 502
7 1 502
1 4 700
4 1 700
1 11 150
11 1 150
2 4 753
4 2 753
3 10 306
10 3 306
3 3 784
3 3 784
3 4 105
4 3 105
3 5 153
5 3 153
4 5 45
5 4 45
4 9 989
9 4 989
4 8 533
8 4 533
4 6 530
6 4 530
4 5 450
5 4 450
5 9 409
9 5 409
5 7 747
7 5 747
6 7 991
7 6 991
