94

0 1 972
1 0 972
0 9 14
9 0 14
0 10 750
10 0 750
0 12 394
12 0 394
0 20 489
20 0 489
0 29 611
29 0 611
0 44 574
44 0 574
0 68 270
68 0 270
0 16 122
16 0 122
0 54 270
54 0 270
0 67 932
67 0 932
0 60 854
60 0 854
0 61 636
61 0 636
0 64 780
64 0 780
0 58 656
58 0 656
0 35 879
35 0 879
1 2 131
2 1 131
1 5 286
5 1 286
1 16 169
16 1 169
1 53 469
53 1 469
1 39 519
39 1 519
1 56 612
56 1 612
1 50 274
50 1 274
1 7 866
7 1 866
1 82 255
82 1 255
1 51 553
51 1 553
1 78 764
78 1 764
1 21 360
21 1 360
1 71 644
71 1 644
1 3 435
3 1 435
1 8 986
8 1 986
2 3 150
3 2 150
2 4 344
4 2 344
2 38 970
38 2 970
2 82 940
82 2 940
2 10 239
10 2 239
2 38 352
38 2 352
2 32 629
32 2 629
2 87 795
87 2 795
2 68 411
68 2 411
2 54 26
54 2 26
2 80 703
80 2 703
2 87 47
87 2 47
2 92 189
92 2 189
2 69 738
69 2 738
3 6 258
6 3 258
3 37 118
37 3 118
3 45 454
45 3 454
3 26 679
26 3 679
3 21 501
21 3 501
3 91 264
91 3 264
3 16 955
16 3 955
4 7 323
7 4 323
4 44 224
44 4 224
4 69 591
69 4 591
4 88 608
88 4 608
4 72 967
72 4 967
5 8 897
8 5 897
5 25 873
25 5 873
5 28 578
28 5 578
5 42 674
42 5 674
5 13 126
13 5 126
5 63 516
63 5 516
5 48 702
48 5 702
5 8 194
8 5 194
5 73 674
73 5 674
5 19 582
19 5 582
5 52 865
52 5 865
5 78 659
78 5 659
5 37 824
37 5 824
6 24 930
24 6 930
6 33 191
33 6 191
6 83 97
83 6 97
6 84 733
84 6 733
6 38 933
38 6 933
6 22 990
22 6 990
6 78 892
78 6 892
6 32 313
32 6 313
6 83 368
83 6 368
6 7 336
7 6 336
6 35 126
35 6 126
6 86 710
86 6 710
7 11 381
11 7 381
7 17 538
17 7 538
7 49 436
49 7 436
7 11 927
11 7 927
7 35 711
35 7 711
7 8 550
8 7 550
7 82 269
82 7 269
7 33 524
33 7 524
7 88 313
88 7 313
8 13 671
13 8 671
8 19 845
19 8 845
8 41 555
41 8 555
8 82 738
82 8 738
8 21 958
21 8 958
8 14 820
14 8 820
8 76 598
76 8 598
8 92 519
92 8 519
9 18 530
18 9 530
9 65 770
65 9 770
9 80 40
80 9 40
9 42 765
42 9 765
9 78 983
78 9 983
9 90 981
90 9 981
9 34 602
34 9 602
9 41 504
41 9 504
9 34 877
34 9 877
9 74 901
74 9 901
9 31 73
31 9 73
9 11 331
11 9 331
10 57 262
57 10 262
10 72 412
72 10 412
10 87 687
87 10 687
10 77 616
77 10 616
10 47 768
47 10 768
10 19 249
19 10 249
10 29 249
29 10 249
10 47 683
47 10 683
10 77 990
77 10 990
11 36 28
36 11 28
11 75 85
75 11 85
11 23 200
23 11 200
11 30 862
30 11 862
11 44 830
44 11 830
11 37 420
37 11 420
11 49 714
49 11 714
11 38 137
38 11 137
11 33 25
33 11 25
11 84 925
84 11 925
12 14 412
14 12 412
12 87 754
87 12 754
12 18 29
18 12 29
12 18 189
18 12 189
12 73 818
73 12 818
12 34 185
34 12 185
12 52 766
52 12 766
12 76 84
76 12 84
12 88 955
88 12 955
12 54 737
54 12 737
13 15 230
15 13 230
13 31 85
31 13 85
13 45 922
45 13 922
13 72 554
72 13 554
13 57 929
57 13 929
13 15 577
15 13 577
13 80 800
80 13 800
13 72 591
72 13 591
13 63 715
63 13 715
13 84 623
84 13 623
13 25 152
25 13 152
13 52 927
52 13 927
14 21 621
21 14 621
14 30 534
30 14 534
14 61 749
61 14 749
14 87 606
87 14 606
14 63 462
63 14 462
14 65 611
65 14 611
14 72 148
72 14 148
14 16 197
16 14 197
14 89 962
89 14 962
14 36 424
36 14 424
14 43 928
43 14 928
15 27 102
27 15 102
15 47 334
47 15 334
15 33 658
33 15 658
15 61 410
61 15 410
16 60 988
60 16 988
16 74 727
74 16 727
16 45 753
45 16 753
16 47 134
47 16 134
16 28 758
28 16 758
16 29 307
29 16 307
16 30 834
30 16 834
16 90 4
90 16 4
17 22 77
22 17 77
17 58 196
58 17 196
17 56 245
56 17 245
17 85 385
85 17 385
17 38 340
38 17 340
17 72 514
72 17 514
17 83 309
83 17 309
17 86 635
86 17 635
17 80 148
80 17 148
18 23 678
23 18 678
18 54 334
54 18 334
18 63 690
63 18 690
18 91 677
91 18 677
18 54 374
54 18 374
18 40 226
40 18 226
18 24 893
24 18 893
18 46 782
46 18 782
18 91 959
91 18 959
18 85 522
85 18 522
18 48 475
48 18 475
18 33 785
33 18 785
18 79 157
79 18 157
18 44 650
44 18 650
19 26 9
26 19 9
19 32 631
32 19 631
19 62 858
62 19 858
19 75 139
75 19 139
19 77 854
77 19 854
19 58 224
58 19 224
20 89 633
89 20 633
20 69 30
69 20 30
20 57 936
57 20 936
20 41 914
41 20 914
20 25 442
25 20 442
20 71 1000
71 20 1000
20 72 799
72 20 799
20 83 976
83 20 976
20 58 387
58 20 387
20 69 939
69 20 939
21 40 202
40 21 202
21 48 561
48 21 561
21 91 995
91 21 995
21 66 956
66 21 956
21 86 582
86 21 582
21 90 644
90 21 644
22 39 201
39 22 201
22 58 948
58 22 948
22 65 705
65 22 705
22 71 69
71 22 69
22 24 511
24 22 511
22 79 482
79 22 482
22 71 227
71 22 227
23 51 315
51 23 315
23 75 646
75 23 646
23 78 238
78 23 238
23 52 756
52 23 756
23 81 14
81 23 14
23 78 279
78 23 279
23 80 75
80 23 75
23 39 653
39 23 653
23 25 806
25 23 806
23 90 746
90 23 746
23 29 124
29 23 124
23 70 411
70 23 411
23 23 427
23 23 427
24 91 852
91 24 852
24 42 799
42 24 799
24 44 623
44 24 623
24 82 179
82 24 179
24 85 464
85 24 464
24 47 962
47 24 962
24 37 816
37 24 816
24 68 490
68 24 490
25 34 271
34 25 271
25 42 701
42 25 701
25 83 855
83 25 855
25 64 834
64 25 834
25 28 901
28 25 901
26 35 844
35 26 844
26 71 673
71 26 673
26 59 6
59 26 6
26 68 889
68 26 889
26 71 257
71 26 257
26 87 131
87 26 131
26 71 146
71 26 146
26 82 575
82 26 575
26 49 347
49 26 347
26 53 804
53 26 804
27 45 915
45 27 915
27 89 220
89 27 220
27 87 926
87 27 926
27 51 366
51 27 366
27 42 508
42 27 508
27 81 866
81 27 866
27 54 500
54 27 500
28 66 393
66 28 393
28 42 768
42 28 768
28 72 657
72 28 657
28 49 838
49 28 838
28 89 503
89 28 503
28 52 984
52 28 984
28 42 767
42 28 767
28 83 243
83 28 243
28 50 464
50 28 464
29 59 95
59 29 95
29 86 245
86 29 245
29 58 115
58 29 115
29 72 832
72 29 832
29 38 269
38 29 269
29 61 262
61 29 262
29 90 498
90 29 498
30 65 710
65 30 710
30 73 203
73 30 203
30 47 832
47 30 832
30 77 508
77 30 508
30 62 958
62 30 958
31 68 859
68 31 859
31 38 530
38 31 530
31 68 138
68 31 138
31 43 116
43 31 116
31 41 631
41 31 631
31 84 928
84 31 928
32 37 806
37 32 806
32 76 904
76 32 904
32 60 982
60 32 982
32 35 225
35 32 225
32 48 476
48 32 476
33 79 340
79 33 340
33 58 250
58 33 250
33 93 876
93 33 876
33 71 586
71 33 586
33 52 95
52 33 95
34 42 596
42 34 596
34 67 387
67 34 387
34 67 763
67 34 763
34 50 114
50 34 114
34 74 201
74 34 201
34 79 927
79 34 927
34 43 330
43 34 330
34 55 934
55 34 934
34 76 271
76 34 271
34 47 476
47 34 476
34 79 944
79 34 944
34 51 836
51 34 836
35 77 800
77 35 800
35 64 34
64 35 34
35 88 651
88 35 651
35 45 177
45 35 177
35 52 810
52 35 810
35 80 929
80 35 929
36 45 562
45 36 562
37 69 38
69 37 38
37 37 79
37 37 79
37 80 687
80 37 687
37 80 200
80 37 200
38 79 358
79 38 358
38 92 566
92 38 566
38 63 291
63 38 291
39 66 359
66 39 359
39 46 778
46 39 778
39 61 592
61 39 592
39 75 180
75 39 180
39 51 265
51 39 265
40 46 278
46 40 278
40 56 982
56 40 982
40 47 553
47 40 553
40 85 243
85 40 243
40 52 740
52 40 740
40 61 546
61 40 546
41 83 819
83 41 819
41 56 868
56 41 868
41 64 468
64 41 468
41 47 541
47 41 541
41 82 328
82 41 328
42 43 783
43 42 783
42 93 148
93 42 148
42 76 546
76 42 546
42 52 963
52 42 963
42 89 517
89 42 517
42 80 27
80 42 27
42 54 451
54 42 451
42 65 159
65 42 159
43 82 666
82 43 666
43 86 237
86 43 237
44 92 567
92 44 567
44 81 576
81 44 576
44 52 737
52 44 737
44 66 461
66 44 461
45 57 664
57 45 664
45 53 361
53 45 361
45 53 403
53 45 403
45 87 138
87 45 138
46 52 380
52 46 380
46 48 204
48 46 204
46 88 635
88 46 635
46 74 143
74 46 143
46 48 515
48 46 515
46 73 675
73 46 675
46 82 6
82 46 6
46 73 291
73 46 291
47 50 72
50 47 72
47 82 622
82 47 622
47 50 778
50 47 778
47 91 526
91 47 526
47 64 218
64 47 218
48 85 826
85 48 826
48 75 11
75 48 11
48 75 62
75 48 62
49 68 381
68 49 381
50 58 746
58 50 746
50 77 876
77 50 876
50 51 210
51 50 210
51 55 423
55 51 423
51 81 854
81 51 854
51 76 817
76 51 817
51 80 986
80 51 986
51 64 879
64 51 879
51 62 625
62 51 625
52 65 955
65 52 955
52 71 404
71 52 404
53 70 556
70 53 556
53 68 275
68 53 275
53 63 750
63 53 750
53 80 776
80 53 776
54 57 628
57 54 628
54 64 770
64 54 770
54 76 496
76 54 496
54 67 515
67 54 515
54 64 829
64 54 829
54 90 378
90 54 378
55 85 724
85 55 724
55 63 174
63 55 174
55 55 656
55 55 656
55 75 136
75 55 136
56 76 77
76 56 77
56 70 129
70 56 129
56 68 962
68 56 962
57 59 193
59 57 193
57 59 830
59 57 830
57 86 331
86 57 331
57 61 267
61 57 267
57 62 84
62 57 84
58 73 627
73 58 627
58 66 370
66 58 370
58 89 871
89 58 871
58 61 827
61 58 827
59 66 402
66 59 402
59 82 8
82 59 8
59 80 555
80 59 555
60 93 283
93 60 283
60 91 583
91 60 583
60 70 244
70 60 244
61 65 808
65 61 808
62 88 463
88 62 463
62 62 713
62 62 713
62 74 794
74 62 794
62 63 699
63 62 699
63 93 429
93 63 429
63 65 377
65 63 377
63 83 961
83 63 961
63 78 607
78 63 607
63 82 811
82 63 811
63 67 742
67 63 742
64 81 363
81 64 363
64 91 239
91 64 239
65 78 617
78 65 617
65 73 140
73 65 140
66 71 132
71 66 132
66 73 432
73 66 432
66 78 832
78 66 832
67 90 403
90 67 403
67 93 546
93 67 546
67 75 380
75 67 380
68 79 499
79 68 499
68 69 180
69 68 180
68 79 490
79 68 490
69 76 73
76 69 73
69 74 828
74 69 828
69 69 681
69 69 681
69 84 755
84 69 755
69 90 341
90 69 341
69 82 175
82 69 175
69 70 909
70 69 909
70 78 496
78 70 496
70 84 895
84 70 895
71 93 613
93 71 613
72 76 736
76 72 736
72 82 518
82 72 518
72 88 766
88 72 766
73 86 548
86 73 548
73 77 970
77 73 970
73 86 526
86 73 526
74 79 80
79 74 80
74 87 697
87 74 697
75 86 424
86 75 424
76 79 776
79 76 776
76 93 267
93 76 267
77 78 651
78 77 651
78 87 191
87 78 191
79 90 903
90 79 903
79 88 439
88 79 439
79 82 737
82 79 737
80 89 190
89 80 190
80 86 99
86 80 99
80 83 890
83 80 890
81 87 770
87 81 770
81 88 465
88 81 465
81 89 911
89 81 911
82 85 831
85 82 831
88 92 193
92 88 193
