91

0 1 32
1 0 32
0 2 109
2 0 109
0 29 953
29 0 953
0 20 219
20 0 219
0 23 887
23 0 887
0 28 400
28 0 400
0 83 15
83 0 15
0 48 29
48 0 29
0 34 868
34 0 868
1 3 741
3 1 741
1 10 538
10 1 538
1 52 194
52 1 194
1 21 418
21 1 418
1 75 977
75 1 977
1 69 132
69 1 132
1 78 120
78 1 120
2 4 956
4 2 956
2 5 809
5 2 809
2 11 505
11 2 505
2 19 125
19 2 125
2 22 579
22 2 579
2 26 220
26 2 220
2 28 15
28 2 15
2 34 94
34 2 94
2 37 340
37 2 340
2 39 383
39 2 383
2 69 802
69 2 802
2 79 929
79 2 929
2 64 327
64 2 327
2 32 590
32 2 590
3 7 819
7 3 819
3 16 614
16 3 614
3 18 508
18 3 508
3 43 537
43 3 537
3 69 98
69 3 98
3 76 98
76 3 98
3 65 426
65 3 426
3 41 811
41 3 811
3 78 909
78 3 909
3 43 651
43 3 651
3 86 524
86 3 524
4 6 208
6 4 208
4 27 283
27 4 283
4 53 615
53 4 615
4 54 353
54 4 353
4 65 333
65 4 333
4 86 302
86 4 302
4 89 441
89 4 441
4 57 31
57 4 31
4 51 647
51 4 647
5 71 139
71 5 139
5 77 538
77 5 538
5 38 938
38 5 938
5 75 928
75 5 928
5 43 202
43 5 202
6 8 69
8 6 69
6 14 426
14 6 426
6 21 631
21 6 631
6 69 888
69 6 888
6 56 615
56 6 615
6 72 323
72 6 323
6 62 561
62 6 561
7 9 786
9 7 786
7 33 657
33 7 657
7 18 344
18 7 344
7 19 797
19 7 797
7 31 165
31 7 165
8 29 194
29 8 194
8 59 749
59 8 749
8 52 414
52 8 414
8 78 906
78 8 906
9 41 20
41 9 20
9 86 165
86 9 165
10 15 548
15 10 548
10 17 540
17 10 540
10 74 374
74 10 374
10 50 297
50 10 297
10 69 634
69 10 634
10 15 870
15 10 870
10 60 662
60 10 662
11 12 172
12 11 172
11 58 972
58 11 972
11 17 187
17 11 187
11 79 653
79 11 653
12 13 800
13 12 800
12 60 424
60 12 424
12 67 580
67 12 580
12 28 880
28 12 880
12 73 898
73 12 898
13 20 811
20 13 811
13 32 599
32 13 599
13 55 830
55 13 830
13 29 332
29 13 332
13 23 615
23 13 615
13 72 30
72 13 30
13 76 274
76 13 274
13 16 100
16 13 100
14 35 418
35 14 418
14 67 394
67 14 394
15 25 485
25 15 485
15 50 138
50 15 138
15 61 536
61 15 536
15 66 353
66 15 353
15 24 570
24 15 570
15 38 553
38 15 553
15 59 305
59 15 305
16 45 691
45 16 691
16 58 859
58 16 859
16 77 323
77 16 323
17 23 170
23 17 170
17 52 726
52 17 726
17 83 687
83 17 687
18 80 410
80 18 410
18 48 260
48 18 260
18 90 107
90 18 107
18 66 510
66 18 510
19 24 853
24 19 853
19 40 779
40 19 779
19 44 90
44 19 90
19 63 635
63 19 635
19 30 490
30 19 490
19 80 676
80 19 676
20 38 939
38 20 939
20 45 943
45 20 943
20 27 926
27 20 926
20 44 887
44 20 887
20 59 178
59 20 178
21 56 674
56 21 674
21 41 939
41 21 939
21 39 702
39 21 702
22 36 120
36 22 120
22 82 749
82 22 749
22 77 71
77 22 71
23 31 633
31 23 633
23 48 202
48 23 202
23 68 158
68 23 158
23 50 733
50 23 733
23 50 667
50 23 667
23 68 169
68 23 169
23 57 112
57 23 112
23 71 767
71 23 767
24 30 847
30 24 847
24 68 540
68 24 540
24 49 812
49 24 812
24 46 7
46 24 7
24 53 90
53 24 90
24 53 219
53 24 219
25 63 5
63 25 5
26 73 163
73 26 163
26 77 826
77 26 826
27 42 909
42 27 909
27 43 828
43 27 828
27 46 623
46 27 623
28 80 36
80 28 36
28 64 871
64 28 871
29 47 474
47 29 474
29 82 631
82 29 631
29 29 301
29 29 301
29 64 326
64 29 326
29 61 364
61 29 364
30 42 670
42 30 670
30 82 243
82 30 243
30 63 180
63 30 180
30 49 364
49 30 364
30 78 912
78 30 912
30 50 512
50 30 512
31 56 795
56 31 795
31 35 91
35 31 91
32 68 970
68 32 970
32 61 293
61 32 293
32 56 255
56 32 255
32 52 846
52 32 846
32 39 177
39 32 177
32 83 471
83 32 471
33 45 52
45 33 52
33 71 56
71 33 56
34 83 93
83 34 93
34 83 237
83 34 237
34 73 797
73 34 797
35 89 704
89 35 704
35 71 587
71 35 587
35 40 650
40 35 650
35 61 278
61 35 278
36 55 895
55 36 895
36 47 47
47 36 47
36 40 524
40 36 524
37 51 603
51 37 603
37 64 385
64 37 385
37 58 508
58 37 508
38 62 647
62 38 647
39 46 469
46 39 469
39 44 84
44 39 84
40 84 479
84 40 479
40 69 19
69 40 19
41 62 632
62 41 632
41 71 851
71 41 851
42 49 725
49 42 725
42 58 97
58 42 97
42 65 730
65 42 730
42 51 81
51 42 81
43 90 97
90 43 97
43 64 835
64 43 835
44 57 80
57 44 80
44 70 36
70 44 36
44 74 192
74 44 192
44 50 218
50 44 218
44 73 693
73 44 693
45 62 98
62 45 98
45 56 76
56 45 76
45 49 696
49 45 696
46 85 262
85 46 262
46 81 17
81 46 17
46 70 337
70 46 337
47 86 677
86 47 677
47 76 932
76 47 932
47 65 581
65 47 581
48 62 742
62 48 742
48 87 520
87 48 520
48 54 574
54 48 574
48 70 474
70 48 474
49 83 638
83 49 638
50 80 885
80 50 885
50 75 127
75 50 127
50 54 816
54 50 816
50 65 690
65 50 690
50 71 956
71 50 956
51 75 237
75 51 237
52 59 10
59 52 10
52 57 642
57 52 642
52 70 400
70 52 400
52 52 123
52 52 123
52 83 483
83 52 483
53 87 717
87 53 717
54 80 317
80 54 317
54 58 491
58 54 491
54 83 416
83 54 416
54 81 801
81 54 801
54 66 7
66 54 7
55 67 127
67 55 127
55 79 460
79 55 460
55 81 699
81 55 699
55 71 685
71 55 685
55 78 828
78 55 828
55 78 427
78 55 427
56 83 672
83 56 672
56 57 405
57 56 405
56 84 909
84 56 909
57 75 948
75 57 948
57 86 266
86 57 266
57 74 889
74 57 889
57 84 786
84 57 786
57 74 161
74 57 161
58 77 291
77 58 291
58 62 390
62 58 390
59 90 888
90 59 888
59 70 198
70 59 198
59 86 621
86 59 621
61 87 903
87 61 903
61 61 83
61 61 83
62 68 634
68 62 634
62 88 723
88 62 723
62 75 22
75 62 22
62 77 129
77 62 129
63 74 89
74 63 89
63 84 762
84 63 762
63 66 270
66 63 270
64 72 858
72 64 858
67 82 109
82 67 109
67 77 784
77 67 784
68 74 470
74 68 470
68 89 221
89 68 221
69 86 488
86 69 488
69 89 527
89 69 527
69 80 511
80 69 511
70 73 464
73 70 464
72 84 360
84 72 360
72 75 194
75 72 194
73 85 453
85 73 453
74 82 708
82 74 708
74 79 172
79 74 172
75 78 133
78 75 133
75 85 413
85 75 413
77 89 236
89 77 236
78 89 71
89 78 71
79 88 737
88 79 737
83 84 5
84 83 5
