17

0 1 638
1 0 638
1 2 781
2 1 781
1 4 947
4 1 947
1 5 488
5 1 488
1 7 343
7 1 343
1 11 377
11 1 377
1 13 773
13 1 773
2 3 619
3 2 619
2 6 892
6 2 892
2 15 153
15 2 153
2 4 712
4 2 712
2 4 242
4 2 242
2 7 147
7 2 147
2 4 585
4 2 585
3 14 175
14 3 175
3 10 915
10 3 915
3 11 117
11 3 117
3 4 482
4 3 482
4 8 779
8 4 779
4 12 582
12 4 582
4 7 982
7 4 982
4 14 170
14 4 170
4 7 199
7 4 199
4 6 491
6 4 491
5 12 781
12 5 781
6 9 557
9 6 557
6 12 971
12 6 971
6 14 100
14 6 100
7 10 679
10 7 679
7 15 509
15 7 509
8 15 44
15 8 44
8 11 765
11 8 765
9 10 189
10 9 189
9 13 959
13 9 959
11 13 846
13 11 846
12 15 620
15 12 620
15 16 190
16 15 190
