89

0 1 55
1 0 55
0 4 849
4 0 849
0 9 548
9 0 548
0 88 385
88 0 385
0 23 500
23 0 500
0 83 428
83 0 428
0 20 621
20 0 621
0 23 151
23 0 151
0 66 960
66 0 960
0 34 510
34 0 510
1 2 349
2 1 349
1 3 408
3 1 408
1 8 663
8 1 663
1 40 938
40 1 938
1 24 811
24 1 811
1 19 497
19 1 497
1 20 964
20 1 964
1 77 44
77 1 44
1 8 925
8 1 925
1 33 520
33 1 520
1 44 823
44 1 823
1 21 542
21 1 542
1 85 618
85 1 618
1 6 260
6 1 260
1 18 574
18 1 574
1 23 1
23 1 1
1 78 480
78 1 480
1 1 950
1 1 950
1 18 404
18 1 404
2 6 754
6 2 754
2 29 9
29 2 9
2 48 186
48 2 186
2 59 654
59 2 654
2 31 589
31 2 589
2 73 210
73 2 210
2 51 11
51 2 11
2 14 690
14 2 690
2 11 754
11 2 754
2 22 98
22 2 98
2 25 211
25 2 211
2 30 386
30 2 386
2 64 793
64 2 793
3 5 58
5 3 58
3 25 230
25 3 230
3 34 398
34 3 398
3 41 941
41 3 941
3 42 765
42 3 765
3 61 311
61 3 311
3 5 526
5 3 526
3 85 846
85 3 846
3 87 475
87 3 475
3 36 568
36 3 568
3 34 741
34 3 741
3 50 94
50 3 94
3 67 288
67 3 288
3 31 455
31 3 455
3 44 848
44 3 848
4 7 537
7 4 537
4 43 743
43 4 743
4 45 9
45 4 9
4 59 554
59 4 554
4 46 168
46 4 168
4 35 688
35 4 688
4 52 524
52 4 524
4 18 73
18 4 73
4 78 545
78 4 545
4 24 586
24 4 586
4 31 663
31 4 663
4 74 125
74 4 125
5 30 10
30 5 10
5 77 730
77 5 730
5 58 303
58 5 303
5 38 441
38 5 441
5 13 947
13 5 947
5 59 928
59 5 928
5 54 908
54 5 908
5 8 607
8 5 607
5 75 20
75 5 20
5 75 245
75 5 245
5 52 37
52 5 37
5 70 953
70 5 953
6 27 850
27 6 850
6 62 648
62 6 648
6 76 295
76 6 295
6 27 706
27 6 706
6 55 133
55 6 133
6 86 474
86 6 474
6 54 288
54 6 288
6 42 906
42 6 906
6 56 605
56 6 605
6 33 785
33 6 785
6 74 50
74 6 50
6 47 181
47 6 181
6 26 200
26 6 200
7 14 88
14 7 88
7 21 230
21 7 230
7 54 901
54 7 901
7 56 854
56 7 854
7 44 28
44 7 28
7 18 974
18 7 974
7 85 143
85 7 143
7 34 448
34 7 448
7 39 550
39 7 550
7 64 280
64 7 280
7 61 421
61 7 421
7 77 465
77 7 465
7 52 818
52 7 818
7 35 646
35 7 646
7 52 947
52 7 947
8 34 933
34 8 933
8 50 173
50 8 173
8 59 622
59 8 622
8 37 580
37 8 580
8 45 853
45 8 853
8 77 939
77 8 939
8 54 381
54 8 381
8 38 612
38 8 612
8 80 525
80 8 525
9 10 904
10 9 904
9 20 786
20 9 786
9 26 483
26 9 483
9 51 438
51 9 438
9 76 848
76 9 848
9 66 55
66 9 55
9 83 383
83 9 383
9 80 135
80 9 135
9 32 435
32 9 435
9 68 272
68 9 272
9 11 394
11 9 394
9 48 309
48 9 309
9 71 9
71 9 9
9 21 775
21 9 775
9 43 325
43 9 325
9 76 430
76 9 430
9 21 582
21 9 582
9 58 11
58 9 11
9 52 341
52 9 341
10 11 838
11 10 838
10 13 379
13 10 379
10 17 165
17 10 165
10 56 693
56 10 693
10 39 137
39 10 137
10 27 9
27 10 9
10 11 431
11 10 431
10 31 747
31 10 747
10 34 829
34 10 829
10 24 519
24 10 519
10 11 147
11 10 147
10 45 431
45 10 431
10 22 249
22 10 249
10 35 113
35 10 113
10 51 883
51 10 883
11 12 385
12 11 385
11 19 882
19 11 882
11 23 618
23 11 618
11 50 760
50 11 760
11 55 152
55 11 152
11 82 483
82 11 483
11 83 859
83 11 859
11 31 557
31 11 557
11 61 701
61 11 701
11 77 476
77 11 476
11 49 749
49 11 749
11 14 295
14 11 295
11 25 211
25 11 211
11 71 727
71 11 727
12 16 545
16 12 545
12 48 791
48 12 791
12 62 706
62 12 706
12 63 36
63 12 36
12 30 745
30 12 745
12 34 868
34 12 868
12 21 482
21 12 482
12 34 127
34 12 127
12 68 801
68 12 801
12 36 93
36 12 93
12 47 625
47 12 625
13 15 227
15 13 227
13 18 343
18 13 343
13 85 24
85 13 24
13 88 338
88 13 338
13 19 626
19 13 626
13 72 485
72 13 485
13 78 619
78 13 619
13 30 673
30 13 673
13 23 224
23 13 224
14 22 373
22 14 373
14 29 961
29 14 961
14 17 706
17 14 706
14 35 23
35 14 23
14 73 61
73 14 61
14 26 804
26 14 804
14 58 806
58 14 806
14 59 479
59 14 479
14 55 540
55 14 540
14 62 968
62 14 968
14 41 595
41 14 595
14 31 171
31 14 171
15 72 517
72 15 517
15 58 880
58 15 880
15 34 661
34 15 661
15 57 832
57 15 832
15 61 857
61 15 857
15 82 319
82 15 319
15 43 273
43 15 273
15 29 324
29 15 324
15 87 289
87 15 289
16 24 39
24 16 39
16 58 244
58 16 244
16 26 145
26 16 145
16 23 422
23 16 422
16 61 957
61 16 957
16 71 405
71 16 405
16 38 187
38 16 187
16 20 368
20 16 368
16 81 791
81 16 791
16 35 97
35 16 97
17 39 485
39 17 485
17 31 735
31 17 735
17 21 159
21 17 159
17 37 470
37 17 470
17 43 906
43 17 906
17 28 77
28 17 77
17 18 473
18 17 473
17 45 361
45 17 361
18 32 554
32 18 554
18 46 818
46 18 818
18 62 619
62 18 619
18 73 684
73 18 684
18 24 76
24 18 76
18 55 336
55 18 336
18 86 115
86 18 115
18 64 259
64 18 259
18 33 901
33 18 901
19 28 572
28 19 572
19 26 982
26 19 982
19 54 210
54 19 210
19 20 662
20 19 662
19 36 192
36 19 192
20 31 460
31 20 460
20 55 487
55 20 487
20 60 519
60 20 519
20 74 932
74 20 932
20 70 668
70 20 668
20 35 111
35 20 111
20 77 592
77 20 592
20 88 403
88 20 403
20 64 800
64 20 800
21 68 198
68 21 198
21 79 60
79 21 60
21 60 761
60 21 761
21 60 215
60 21 215
21 23 430
23 21 430
21 56 857
56 21 857
21 69 578
69 21 578
21 83 437
83 21 437
21 88 390
88 21 390
21 80 462
80 21 462
22 35 486
35 22 486
22 34 942
34 22 942
22 68 684
68 22 684
22 50 879
50 22 879
22 27 681
27 22 681
22 87 457
87 22 457
22 72 187
72 22 187
22 68 398
68 22 398
22 74 732
74 22 732
22 37 250
37 22 250
22 42 896
42 22 896
23 33 654
33 23 654
23 74 989
74 23 989
23 67 396
67 23 396
23 78 596
78 23 596
23 46 185
46 23 185
23 34 690
34 23 690
24 87 432
87 24 432
24 67 639
67 24 639
24 35 639
35 24 639
24 36 907
36 24 907
24 34 643
34 24 643
24 86 682
86 24 682
24 68 154
68 24 154
25 52 319
52 25 319
25 82 93
82 25 93
25 72 11
72 25 11
25 49 173
49 25 173
25 32 9
32 25 9
25 35 527
35 25 527
25 55 841
55 25 841
25 45 284
45 25 284
26 57 299
57 26 299
26 52 974
52 26 974
26 85 861
85 26 861
26 63 302
63 26 302
26 26 704
26 26 704
26 88 940
88 26 940
26 45 728
45 26 728
26 86 323
86 26 323
27 64 666
64 27 666
27 72 626
72 27 626
27 50 602
50 27 602
27 48 607
48 27 607
27 71 290
71 27 290
27 81 775
81 27 775
27 31 926
31 27 926
27 68 488
68 27 488
27 88 77
88 27 77
28 38 548
38 28 548
28 52 124
52 28 124
28 69 956
69 28 956
28 73 387
73 28 387
28 67 228
67 28 228
28 83 76
83 28 76
28 44 407
44 28 407
28 88 424
88 28 424
28 73 816
73 28 816
28 45 37
45 28 37
28 33 564
33 28 564
28 36 553
36 28 553
28 67 310
67 28 310
28 49 960
49 28 960
29 63 77
63 29 77
29 49 682
49 29 682
29 80 342
80 29 342
29 56 112
56 29 112
29 66 55
66 29 55
29 74 3
74 29 3
29 40 710
40 29 710
29 46 244
46 29 244
29 41 863
41 29 863
29 33 525
33 29 525
29 38 127
38 29 127
29 77 903
77 29 903
29 77 781
77 29 781
30 32 749
32 30 749
30 81 269
81 30 269
30 85 925
85 30 925
31 41 109
41 31 109
31 80 245
80 31 245
31 71 907
71 31 907
31 46 438
46 31 438
31 52 778
52 31 778
31 48 116
48 31 116
31 79 356
79 31 356
32 37 355
37 32 355
32 76 97
76 32 97
32 60 356
60 32 356
32 44 537
44 32 537
32 36 987
36 32 987
32 65 932
65 32 932
32 33 688
33 32 688
32 50 446
50 32 446
33 36 879
36 33 879
33 53 444
53 33 444
33 65 115
65 33 115
33 82 819
82 33 819
33 64 2
64 33 2
33 65 594
65 33 594
33 61 953
61 33 953
33 70 981
70 33 981
33 80 867
80 33 867
33 40 82
40 33 82
33 87 591
87 33 591
33 34 678
34 33 678
34 63 767
63 34 767
34 73 10
73 34 10
34 83 311
83 34 311
34 35 764
35 34 764
34 69 149
69 34 149
34 79 253
79 34 253
35 57 202
57 35 202
35 83 234
83 35 234
35 66 827
66 35 827
35 49 59
49 35 59
35 54 243
54 35 243
35 40 871
40 35 871
35 82 386
82 35 386
35 38 522
38 35 522
36 49 466
49 36 466
36 50 902
50 36 902
36 63 272
63 36 272
36 52 742
52 36 742
36 76 588
76 36 588
36 45 992
45 36 992
36 83 879
83 36 879
36 81 841
81 36 841
36 85 681
85 36 681
36 80 848
80 36 848
36 87 561
87 36 561
36 76 198
76 36 198
36 58 890
58 36 890
37 44 269
44 37 269
37 85 624
85 37 624
37 87 226
87 37 226
37 45 697
45 37 697
37 39 651
39 37 651
37 44 246
44 37 246
38 46 888
46 38 888
38 54 66
54 38 66
38 41 289
41 38 289
38 45 591
45 38 591
38 55 828
55 38 828
38 60 224
60 38 224
38 82 267
82 38 267
38 88 162
88 38 162
38 83 200
83 38 200
39 82 727
82 39 727
39 50 745
50 39 745
39 45 274
45 39 274
39 40 497
40 39 497
39 40 972
40 39 972
39 74 481
74 39 481
40 75 335
75 40 335
40 57 651
57 40 651
40 70 830
70 40 830
40 79 665
79 40 665
40 79 849
79 40 849
40 45 930
45 40 930
40 87 747
87 40 747
40 68 191
68 40 191
41 60 926
60 41 926
41 86 776
86 41 776
41 67 272
67 41 272
41 48 508
48 41 508
41 57 354
57 41 354
41 75 306
75 41 306
41 72 963
72 41 963
41 42 668
42 41 668
41 79 547
79 41 547
41 74 984
74 41 984
42 80 666
80 42 666
42 45 839
45 42 839
42 88 788
88 42 788
42 58 527
58 42 527
42 70 966
70 42 966
42 63 683
63 42 683
42 74 488
74 42 488
42 71 615
71 42 615
43 61 810
61 43 810
43 60 67
60 43 67
43 78 7
78 43 7
43 83 705
83 43 705
43 60 804
60 43 804
43 82 652
82 43 652
43 77 336
77 43 336
44 47 905
47 44 905
44 57 116
57 44 116
44 52 457
52 44 457
45 64 485
64 45 485
45 47 560
47 45 560
45 74 354
74 45 354
45 72 90
72 45 90
45 65 83
65 45 83
46 78 909
78 46 909
47 84 625
84 47 625
47 86 308
86 47 308
47 88 243
88 47 243
47 56 749
56 47 749
47 75 569
75 47 569
47 82 663
82 47 663
47 82 697
82 47 697
47 57 509
57 47 509
47 73 32
73 47 32
48 70 154
70 48 154
48 86 995
86 48 995
49 67 174
67 49 174
49 51 215
51 49 215
49 85 934
85 49 934
50 55 810
55 50 810
50 76 387
76 50 387
50 74 968
74 50 968
50 85 320
85 50 320
50 66 631
66 50 631
50 82 361
82 50 361
51 73 224
73 51 224
51 78 8
78 51 8
51 86 18
86 51 18
51 74 345
74 51 345
52 74 739
74 52 739
52 85 26
85 52 26
52 76 675
76 52 675
53 70 513
70 53 513
53 65 806
65 53 806
53 88 900
88 53 900
53 76 540
76 53 540
54 72 616
72 54 616
54 59 234
59 54 234
54 61 547
61 54 547
54 59 913
59 54 913
55 71 901
71 55 901
55 76 741
76 55 741
55 81 883
81 55 883
55 79 301
79 55 301
55 64 699
64 55 699
56 73 580
73 56 580
56 63 139
63 56 139
57 75 344
75 57 344
58 76 183
76 58 183
58 60 667
60 58 667
58 87 526
87 58 526
59 69 850
69 59 850
60 74 219
74 60 219
60 61 921
61 60 921
60 74 787
74 60 787
61 67 175
67 61 175
61 74 912
74 61 912
61 88 420
88 61 420
62 85 823
85 62 823
62 84 386
84 62 386
62 86 154
86 62 154
62 73 63
73 62 63
62 65 119
65 62 119
63 73 524
73 63 524
63 66 126
66 63 126
63 69 831
69 63 831
64 78 285
78 64 285
64 71 610
71 64 610
65 66 437
66 65 437
65 71 254
71 65 254
65 87 546
87 65 546
65 73 154
73 65 154
65 83 757
83 65 757
66 70 705
70 66 705
66 67 974
67 66 974
66 69 67
69 66 67
66 81 864
81 66 864
67 83 155
83 67 155
67 69 284
69 67 284
67 88 70
88 67 70
68 71 39
71 68 39
68 75 149
75 68 149
68 87 174
87 68 174
68 80 281
80 68 281
69 87 668
87 69 668
70 78 321
78 70 321
70 81 53
81 70 53
71 80 273
80 71 273
72 80 616
80 72 616
72 85 671
85 72 671
72 86 74
86 72 74
73 77 35
77 73 35
74 79 969
79 74 969
74 76 492
76 74 492
75 85 599
85 75 599
75 80 864
80 75 864
76 84 563
84 76 563
77 78 269
78 77 269
79 86 427
86 79 427
82 87 504
87 82 504
83 84 14
84 83 14
85 88 529
88 85 529
