68

0 1 595
1 0 595
0 2 787
2 0 787
0 4 771
4 0 771
0 17 351
17 0 351
0 33 971
33 0 971
0 0 596
0 0 596
0 60 699
60 0 699
0 48 831
48 0 831
0 61 579
61 0 579
0 0 709
0 0 709
0 14 236
14 0 236
0 8 361
8 0 361
0 42 248
42 0 248
0 33 654
33 0 654
0 8 604
8 0 604
1 3 351
3 1 351
1 6 74
6 1 74
1 7 885
7 1 885
1 38 921
38 1 921
1 54 658
54 1 658
1 41 513
41 1 513
1 14 976
14 1 976
1 24 937
24 1 937
1 58 908
58 1 908
1 34 833
34 1 833
2 14 886
14 2 886
2 19 644
19 2 644
2 30 737
30 2 737
2 52 161
52 2 161
2 57 823
57 2 823
2 46 436
46 2 436
2 10 32
10 2 32
2 40 193
40 2 193
2 33 245
33 2 245
2 65 44
65 2 44
2 45 688
45 2 688
2 46 934
46 2 934
2 64 267
64 2 267
3 20 551
20 3 551
3 24 172
24 3 172
3 25 640
25 3 640
3 22 382
22 3 382
3 59 908
59 3 908
3 55 38
55 3 38
3 10 807
10 3 807
3 34 195
34 3 195
3 23 701
23 3 701
3 10 218
10 3 218
4 5 795
5 4 795
4 8 947
8 4 947
4 9 553
9 4 553
4 10 10
10 4 10
4 16 42
16 4 42
4 44 528
44 4 528
4 14 324
14 4 324
4 51 713
51 4 713
4 35 252
35 4 252
5 61 970
61 5 970
5 55 217
55 5 217
5 6 558
6 5 558
5 54 525
54 5 525
5 27 874
27 5 874
5 32 581
32 5 581
5 39 145
39 5 145
5 23 376
23 5 376
6 33 134
33 6 134
6 49 16
49 6 16
6 34 662
34 6 662
6 51 32
51 6 32
6 34 934
34 6 934
6 23 534
23 6 534
6 55 340
55 6 340
7 15 232
15 7 232
7 43 436
43 7 436
7 48 49
48 7 49
7 21 429
21 7 429
7 66 635
66 7 635
7 51 395
51 7 395
7 34 592
34 7 592
7 15 87
15 7 87
7 38 966
38 7 966
7 54 642
54 7 642
8 11 634
11 8 634
8 12 994
12 8 994
8 44 21
44 8 21
8 56 95
56 8 95
8 61 465
61 8 465
8 30 721
30 8 721
8 10 849
10 8 849
8 48 202
48 8 202
8 51 909
51 8 909
8 18 862
18 8 862
9 18 848
18 9 848
9 38 710
38 9 710
9 42 352
42 9 352
9 21 491
21 9 491
9 46 433
46 9 433
9 39 63
39 9 63
9 14 465
14 9 465
10 22 496
22 10 496
10 51 299
51 10 299
10 51 715
51 10 715
10 34 679
34 10 679
10 25 956
25 10 956
10 63 732
63 10 732
10 29 371
29 10 371
10 62 137
62 10 137
10 16 708
16 10 708
11 13 575
13 11 575
11 18 74
18 11 74
11 53 855
53 11 855
11 17 370
17 11 370
11 26 95
26 11 95
11 16 926
16 11 926
11 34 505
34 11 505
11 55 912
55 11 912
11 30 638
30 11 638
12 41 652
41 12 652
12 55 458
55 12 458
12 59 184
59 12 184
12 67 949
67 12 949
12 57 34
57 12 34
12 49 248
49 12 248
12 29 646
29 12 646
12 14 844
14 12 844
12 47 580
47 12 580
12 67 475
67 12 475
13 62 941
62 13 941
14 21 466
21 14 466
14 65 808
65 14 808
14 47 199
47 14 199
14 66 561
66 14 561
14 38 353
38 14 353
15 50 634
50 15 634
15 23 689
23 15 689
15 63 781
63 15 781
15 52 913
52 15 913
15 56 908
56 15 908
15 16 894
16 15 894
16 27 330
27 16 330
16 28 819
28 16 819
16 28 529
28 16 529
16 19 219
19 16 219
16 41 445
41 16 445
16 31 958
31 16 958
16 42 969
42 16 969
16 47 76
47 16 76
16 48 448
48 16 448
17 53 722
53 17 722
17 60 284
60 17 284
17 24 895
24 17 895
17 39 10
39 17 10
17 21 141
21 17 141
17 54 833
54 17 833
17 58 923
58 17 923
18 50 103
50 18 103
18 52 620
52 18 620
18 59 601
59 18 601
18 37 602
37 18 602
18 23 288
23 18 288
19 23 770
23 19 770
19 29 19
29 19 19
19 38 778
38 19 778
19 35 227
35 19 227
19 27 214
27 19 214
20 39 251
39 20 251
20 22 177
22 20 177
20 32 891
32 20 891
20 47 908
47 20 908
20 40 882
40 20 882
20 36 596
36 20 596
20 51 843
51 20 843
20 66 333
66 20 333
21 54 982
54 21 982
21 62 398
62 21 398
21 29 863
29 21 863
21 44 525
44 21 525
21 38 431
38 21 431
21 35 835
35 21 835
21 36 949
36 21 949
21 49 239
49 21 239
21 25 318
25 21 318
22 65 578
65 22 578
22 63 256
63 22 256
22 66 909
66 22 909
22 39 556
39 22 556
22 35 565
35 22 565
22 32 29
32 22 29
23 43 647
43 23 647
23 58 847
58 23 847
23 62 553
62 23 553
23 35 387
35 23 387
23 41 705
41 23 705
23 66 701
66 23 701
23 31 363
31 23 363
23 56 408
56 23 408
23 33 746
33 23 746
23 64 109
64 23 109
23 59 581
59 23 581
23 56 401
56 23 401
24 26 42
26 24 42
24 36 794
36 24 794
24 64 748
64 24 748
25 35 900
35 25 900
25 64 129
64 25 129
25 44 9
44 25 9
25 27 446
27 25 446
25 29 243
29 25 243
25 29 290
29 25 290
25 59 628
59 25 628
26 38 375
38 26 375
26 62 400
62 26 400
26 66 364
66 26 364
26 27 543
27 26 543
26 56 968
56 26 968
27 48 98
48 27 98
27 63 64
63 27 64
27 43 196
43 27 196
27 60 470
60 27 470
27 30 944
30 27 944
27 58 665
58 27 665
27 62 106
62 27 106
27 50 275
50 27 275
28 34 198
34 28 198
28 37 128
37 28 128
28 46 158
46 28 158
28 43 969
43 28 969
28 50 941
50 28 941
28 35 311
35 28 311
29 31 523
31 29 523
29 32 703
32 29 703
29 42 819
42 29 819
29 66 392
66 29 392
29 67 190
67 29 190
29 44 648
44 29 648
29 57 469
57 29 469
29 34 821
34 29 821
30 50 705
50 30 705
30 63 108
63 30 108
30 55 47
55 30 47
30 55 288
55 30 288
30 38 371
38 30 371
30 43 105
43 30 105
30 41 476
41 30 476
30 46 756
46 30 756
30 31 977
31 30 977
30 59 399
59 30 399
30 35 54
35 30 54
31 47 746
47 31 746
31 43 774
43 31 774
31 49 190
49 31 190
32 41 867
41 32 867
32 51 743
51 32 743
32 47 440
47 32 440
32 32 376
32 32 376
33 60 529
60 33 529
33 35 885
35 33 885
33 60 113
60 33 113
33 36 848
36 33 848
33 37 792
37 33 792
33 60 466
60 33 466
33 51 967
51 33 967
34 53 602
53 34 602
34 45 670
45 34 670
35 44 642
44 35 642
35 37 10
37 35 10
36 67 765
67 36 765
36 51 612
51 36 612
36 56 66
56 36 66
37 45 183
45 37 183
37 41 712
41 37 712
37 37 928
37 37 928
37 41 10
41 37 10
38 40 731
40 38 731
38 57 215
57 38 215
38 48 618
48 38 618
38 43 426
43 38 426
39 40 976
40 39 976
40 47 269
47 40 269
40 58 723
58 40 723
40 48 983
48 40 983
40 56 181
56 40 181
41 49 152
49 41 152
41 61 983
61 41 983
41 59 32
59 41 32
41 53 650
53 41 650
41 50 135
50 41 135
41 63 356
63 41 356
41 56 340
56 41 340
42 61 615
61 42 615
43 59 839
59 43 839
43 60 404
60 43 404
43 66 868
66 43 868
43 64 573
64 43 573
44 51 816
51 44 816
44 52 985
52 44 985
44 61 639
61 44 639
44 66 104
66 44 104
44 67 588
67 44 588
45 57 487
57 45 487
45 53 663
53 45 663
45 56 159
56 45 159
46 47 811
47 46 811
46 53 971
53 46 971
46 60 187
60 46 187
47 63 594
63 47 594
47 57 639
57 47 639
48 52 866
52 48 866
48 54 312
54 48 312
49 65 462
65 49 462
49 61 50
61 49 50
49 56 275
56 49 275
50 52 443
52 50 443
51 64 239
64 51 239
51 64 851
64 51 851
52 54 659
54 52 659
52 67 118
67 52 118
54 58 368
58 54 368
55 58 487
58 55 487
55 67 296
67 55 296
55 58 391
58 55 391
56 65 22
65 56 22
56 66 140
66 56 140
57 64 451
64 57 451
57 64 916
64 57 916
58 67 762
67 58 762
60 66 126
66 60 126
61 65 564
65 61 564
62 64 55
64 62 55
