88

0 1 887
1 0 887
0 3 399
3 0 399
0 9 817
9 0 817
0 10 48
10 0 48
0 42 916
42 0 916
0 52 939
52 0 939
0 32 237
32 0 237
0 77 842
77 0 842
0 71 754
71 0 754
0 2 92
2 0 92
0 53 720
53 0 720
0 56 134
56 0 134
0 1 887
1 0 887
0 8 150
8 0 150
0 45 69
45 0 69
0 14 62
14 0 62
0 86 351
86 0 351
0 27 614
27 0 614
0 86 164
86 0 164
0 53 161
53 0 161
0 6 23
6 0 23
0 83 943
83 0 943
0 75 678
75 0 678
0 25 148
25 0 148
0 1 21
1 0 21
0 30 179
30 0 179
1 2 88
2 1 88
1 4 490
4 1 490
1 5 981
5 1 981
1 21 823
21 1 823
1 27 988
27 1 988
1 37 800
37 1 800
1 48 136
48 1 136
1 74 248
74 1 248
1 21 495
21 1 495
1 24 996
24 1 996
1 60 112
60 1 112
1 29 996
29 1 996
1 72 942
72 1 942
1 76 602
76 1 602
1 79 801
79 1 801
1 65 521
65 1 521
1 18 915
18 1 915
1 28 969
28 1 969
1 66 426
66 1 426
1 54 728
54 1 728
1 24 437
24 1 437
1 16 29
16 1 29
1 5 990
5 1 990
1 87 640
87 1 640
2 14 979
14 2 979
2 55 604
55 2 604
2 69 312
69 2 312
2 5 806
5 2 806
2 52 802
52 2 802
2 9 519
9 2 519
2 74 507
74 2 507
2 30 996
30 2 996
2 53 776
53 2 776
2 82 167
82 2 167
2 32 556
32 2 556
2 14 933
14 2 933
2 23 247
23 2 247
2 76 875
76 2 875
2 8 270
8 2 270
2 12 124
12 2 124
2 47 939
47 2 939
2 11 383
11 2 383
2 49 412
49 2 412
2 74 280
74 2 280
2 26 773
26 2 773
2 49 940
49 2 940
2 24 869
24 2 869
3 11 738
11 3 738
3 16 622
16 3 622
3 28 926
28 3 926
3 44 676
44 3 676
3 45 624
45 3 624
3 64 302
64 3 302
3 26 825
26 3 825
3 64 575
64 3 575
3 26 197
26 3 197
3 13 489
13 3 489
3 43 629
43 3 629
3 15 256
15 3 256
3 6 799
6 3 799
3 75 4
75 3 4
3 62 234
62 3 234
3 73 994
73 3 994
3 84 342
84 3 342
3 59 315
59 3 315
4 6 252
6 4 252
4 8 209
8 4 209
4 31 119
31 4 119
4 60 192
60 4 192
4 28 737
28 4 737
4 8 209
8 4 209
4 6 905
6 4 905
4 38 583
38 4 583
4 76 257
76 4 257
4 43 505
43 4 505
4 52 754
52 4 754
4 22 97
22 4 97
4 68 658
68 4 658
4 13 724
13 4 724
4 25 821
25 4 821
4 52 751
52 4 751
4 52 737
52 4 737
4 23 845
23 4 845
4 31 856
31 4 856
4 62 670
62 4 670
4 84 735
84 4 735
4 58 705
58 4 705
4 55 650
55 4 650
5 7 931
7 5 931
5 32 318
32 5 318
5 35 313
35 5 313
5 40 793
40 5 793
5 31 269
31 5 269
5 23 345
23 5 345
5 26 588
26 5 588
5 66 394
66 5 394
5 29 927
29 5 927
5 13 683
13 5 683
5 18 367
18 5 367
5 81 50
81 5 50
5 68 73
68 5 73
5 84 742
84 5 742
5 40 491
40 5 491
5 78 435
78 5 435
5 12 572
12 5 572
5 59 712
59 5 712
5 58 335
58 5 335
5 17 744
17 5 744
5 47 237
47 5 237
5 13 681
13 5 681
5 55 66
55 5 66
6 87 336
87 6 336
6 63 7
63 6 7
6 21 633
21 6 633
6 82 456
82 6 456
6 20 808
20 6 808
6 45 381
45 6 381
6 52 778
52 6 778
6 72 827
72 6 827
6 12 282
12 6 282
6 59 833
59 6 833
6 77 28
77 6 28
6 35 50
35 6 50
6 81 724
81 6 724
6 64 72
64 6 72
6 17 793
17 6 793
6 18 460
18 6 460
6 9 495
9 6 495
6 84 561
84 6 561
7 20 506
20 7 506
7 74 414
74 7 414
7 80 334
80 7 334
7 22 838
22 7 838
7 17 266
17 7 266
7 57 875
57 7 875
7 41 558
41 7 558
7 71 524
71 7 524
7 87 763
87 7 763
7 18 846
18 7 846
7 76 550
76 7 550
7 30 218
30 7 218
7 23 649
23 7 649
7 73 18
73 7 18
8 13 553
13 8 553
8 74 230
74 8 230
8 37 298
37 8 298
8 40 81
40 8 81
8 42 788
42 8 788
8 19 221
19 8 221
8 13 810
13 8 810
8 72 682
72 8 682
8 8 655
8 8 655
8 67 702
67 8 702
8 47 540
47 8 540
8 52 359
52 8 359
8 9 596
9 8 596
8 75 545
75 8 545
8 39 291
39 8 291
8 56 837
56 8 837
8 29 446
29 8 446
8 32 600
32 8 600
8 30 441
30 8 441
8 84 967
84 8 967
8 68 487
68 8 487
8 16 957
16 8 957
8 45 950
45 8 950
9 24 91
24 9 91
9 43 841
43 9 841
9 26 537
26 9 537
9 60 547
60 9 547
9 62 697
62 9 697
9 75 589
75 9 589
9 27 390
27 9 390
9 65 408
65 9 408
9 13 277
13 9 277
9 79 1
79 9 1
9 35 943
35 9 943
9 30 703
30 9 703
9 56 971
56 9 971
9 73 729
73 9 729
9 54 434
54 9 434
9 51 348
51 9 348
9 54 752
54 9 752
10 15 724
15 10 724
10 33 374
33 10 374
10 56 970
56 10 970
10 58 218
58 10 218
10 25 577
25 10 577
10 65 6
65 10 6
10 79 614
79 10 614
10 28 13
28 10 13
10 43 654
43 10 654
10 24 98
24 10 98
10 53 612
53 10 612
10 62 612
62 10 612
10 55 417
55 10 417
10 16 162
16 10 162
10 37 883
37 10 883
10 61 398
61 10 398
10 23 10
23 10 10
10 15 584
15 10 584
10 27 973
27 10 973
10 63 994
63 10 994
10 79 917
79 10 917
10 50 622
50 10 622
10 73 931
73 10 931
10 15 454
15 10 454
10 58 241
58 10 241
10 23 284
23 10 284
10 78 543
78 10 543
10 87 889
87 10 889
11 12 625
12 11 625
11 17 755
17 11 755
11 85 249
85 11 249
11 46 156
46 11 156
11 63 394
63 11 394
11 22 571
22 11 571
11 20 710
20 11 710
11 43 317
43 11 317
11 26 429
26 11 429
11 23 603
23 11 603
11 74 938
74 11 938
11 51 75
51 11 75
11 86 316
86 11 316
11 50 341
50 11 341
11 77 490
77 11 490
11 30 602
30 11 602
11 27 392
27 11 392
11 41 113
41 11 113
11 81 844
81 11 844
11 17 744
17 11 744
11 21 50
21 11 50
11 56 849
56 11 849
12 39 995
39 12 995
12 15 594
15 12 594
12 81 86
81 12 86
12 84 308
84 12 308
12 44 21
44 12 21
12 80 194
80 12 194
12 29 74
29 12 74
12 41 275
41 12 275
12 71 946
71 12 946
12 43 677
43 12 677
12 22 413
22 12 413
12 52 186
52 12 186
12 82 709
82 12 709
12 22 745
22 12 745
12 63 52
63 12 52
12 46 54
46 12 54
12 36 643
36 12 643
12 39 592
39 12 592
12 14 754
14 12 754
12 44 898
44 12 898
13 19 121
19 13 121
13 56 28
56 13 28
13 86 754
86 13 754
13 51 503
51 13 503
13 69 597
69 13 597
13 22 853
22 13 853
13 84 441
84 13 441
13 55 244
55 13 244
13 63 423
63 13 423
13 87 47
87 13 47
13 36 711
36 13 711
13 14 757
14 13 757
13 76 109
76 13 109
13 46 997
46 13 997
13 85 959
85 13 959
13 43 910
43 13 910
14 42 247
42 14 247
14 65 726
65 14 726
14 46 888
46 14 888
14 36 149
36 14 149
14 68 676
68 14 676
14 22 902
22 14 902
14 42 640
42 14 640
14 62 916
62 14 916
14 75 904
75 14 904
14 74 322
74 14 322
14 64 817
64 14 817
14 83 78
83 14 78
14 32 447
32 14 447
14 48 24
48 14 24
14 87 978
87 14 978
14 66 623
66 14 623
14 33 685
33 14 685
14 76 97
76 14 97
14 71 26
71 14 26
14 33 336
33 14 336
15 22 513
22 15 513
15 26 898
26 15 898
15 55 117
55 15 117
15 53 926
53 15 926
15 51 886
51 15 886
15 31 798
31 15 798
15 41 708
41 15 708
15 24 211
24 15 211
15 71 918
71 15 918
15 26 38
26 15 38
16 41 666
41 16 666
16 26 923
26 16 923
16 29 992
29 16 992
16 85 526
85 16 526
16 79 30
79 16 30
16 22 663
22 16 663
16 23 23
23 16 23
16 57 935
57 16 935
16 60 969
60 16 969
17 18 982
18 17 982
17 23 799
23 17 799
17 61 280
61 17 280
17 44 947
44 17 947
17 59 279
59 17 279
17 77 534
77 17 534
17 61 313
61 17 313
17 57 691
57 17 691
17 37 845
37 17 845
17 37 559
37 17 559
17 87 482
87 17 482
17 26 661
26 17 661
17 19 830
19 17 830
17 24 919
24 17 919
17 74 751
74 17 751
17 72 242
72 17 242
17 42 299
42 17 299
17 29 825
29 17 825
18 69 139
69 18 139
18 72 944
72 18 944
18 28 203
28 18 203
18 80 893
80 18 893
18 41 494
41 18 494
18 25 106
25 18 106
18 23 846
23 18 846
18 73 849
73 18 849
18 57 595
57 18 595
18 61 829
61 18 829
18 26 527
26 18 527
18 47 577
47 18 577
18 38 32
38 18 32
19 40 323
40 19 323
19 53 50
53 19 50
19 28 60
28 19 60
19 77 218
77 19 218
19 84 464
84 19 464
19 56 123
56 19 123
19 82 101
82 19 101
19 61 356
61 19 356
19 37 287
37 19 287
19 63 998
63 19 998
19 23 76
23 19 76
19 42 588
42 19 588
19 24 351
24 19 351
19 68 900
68 19 900
19 21 837
21 19 837
19 26 881
26 19 881
20 57 88
57 20 88
20 34 797
34 20 797
20 54 915
54 20 915
20 52 177
52 20 177
20 86 497
86 20 497
20 36 362
36 20 362
20 32 35
32 20 35
20 39 607
39 20 607
20 70 661
70 20 661
20 21 194
21 20 194
20 64 446
64 20 446
20 39 4
39 20 4
20 55 553
55 20 553
20 24 352
24 20 352
20 36 220
36 20 220
20 56 462
56 20 462
21 64 267
64 21 267
21 56 848
56 21 848
21 73 941
73 21 941
21 48 519
48 21 519
21 57 604
57 21 604
21 74 611
74 21 611
21 59 48
59 21 48
21 61 948
61 21 948
21 77 956
77 21 956
21 49 921
49 21 921
21 50 857
50 21 857
21 63 24
63 21 24
21 84 926
84 21 926
21 31 980
31 21 980
21 47 627
47 21 627
21 47 857
47 21 857
22 87 178
87 22 178
22 62 849
62 22 849
22 45 16
45 22 16
22 32 554
32 22 554
22 64 138
64 22 138
22 51 570
51 22 570
22 87 575
87 22 575
22 26 268
26 22 268
22 43 812
43 22 812
22 58 312
58 22 312
22 32 883
32 22 883
22 53 658
53 22 658
22 38 283
38 22 283
23 66 810
66 23 810
23 75 992
75 23 992
23 35 415
35 23 415
23 72 159
72 23 159
23 77 696
77 23 696
23 39 685
39 23 685
23 37 441
37 23 441
23 75 486
75 23 486
23 74 635
74 23 635
23 60 702
60 23 702
23 68 389
68 23 389
24 25 812
25 24 812
24 29 342
29 24 342
24 36 767
36 24 767
24 71 594
71 24 594
24 69 525
69 24 525
24 80 81
80 24 81
24 41 351
41 24 351
24 54 453
54 24 453
24 64 64
64 24 64
24 41 379
41 24 379
24 39 111
39 24 111
24 76 246
76 24 246
24 26 65
26 24 65
24 53 843
53 24 843
24 30 347
30 24 347
24 68 276
68 24 276
24 77 844
77 24 844
24 78 25
78 24 25
24 46 735
46 24 735
24 43 814
43 24 814
25 30 318
30 25 318
25 31 289
31 25 289
25 54 672
54 25 672
25 69 23
69 25 23
25 41 27
41 25 27
25 29 671
29 25 671
25 39 177
39 25 177
25 40 403
40 25 403
25 68 363
68 25 363
25 27 833
27 25 833
25 33 122
33 25 122
26 38 456
38 26 456
26 47 809
47 26 809
26 49 853
49 26 853
26 81 841
81 26 841
26 28 200
28 26 200
26 73 941
73 26 941
26 85 858
85 26 858
26 77 409
77 26 409
26 70 587
70 26 587
26 44 274
44 26 274
26 53 652
53 26 652
26 82 519
82 26 519
26 60 37
60 26 37
26 61 877
61 26 877
26 34 164
34 26 164
26 72 104
72 26 104
26 33 155
33 26 155
26 77 580
77 26 580
26 41 251
41 26 251
26 83 962
83 26 962
26 54 165
54 26 165
27 76 85
76 27 85
27 36 738
36 27 738
27 43 895
43 27 895
27 78 58
78 27 58
27 46 430
46 27 430
27 39 381
39 27 381
27 62 137
62 27 137
27 70 765
70 27 765
27 34 454
34 27 454
27 87 692
87 27 692
27 82 455
82 27 455
27 59 166
59 27 166
27 57 257
57 27 257
27 35 783
35 27 783
27 57 95
57 27 95
27 32 397
32 27 397
27 62 453
62 27 453
27 77 159
77 27 159
28 78 868
78 28 868
28 83 294
83 28 294
28 75 769
75 28 769
28 84 349
84 28 349
28 62 233
62 28 233
28 50 698
50 28 698
28 41 831
41 28 831
28 84 848
84 28 848
28 42 609
42 28 609
28 82 64
82 28 64
28 59 573
59 28 573
29 54 130
54 29 130
29 82 664
82 29 664
29 85 992
85 29 992
29 38 587
38 29 587
29 38 527
38 29 527
29 84 992
84 29 992
29 64 511
64 29 511
29 72 584
72 29 584
29 72 820
72 29 820
29 70 11
70 29 11
29 86 415
86 29 415
29 42 427
42 29 427
29 42 636
42 29 636
29 60 925
60 29 925
29 54 984
54 29 984
29 44 208
44 29 208
29 66 170
66 29 170
30 73 20
73 30 20
30 85 832
85 30 832
30 83 93
83 30 93
30 38 477
38 30 477
30 35 647
35 30 647
30 62 355
62 30 355
30 63 14
63 30 14
30 42 804
42 30 804
30 47 471
47 30 471
30 48 828
48 30 828
30 71 802
71 30 802
30 59 943
59 30 943
30 48 50
48 30 50
30 46 599
46 30 599
30 74 703
74 30 703
30 86 653
86 30 653
31 64 5
64 31 5
31 74 520
74 31 520
31 43 312
43 31 312
31 78 775
78 31 775
31 50 991
50 31 991
31 69 678
69 31 678
31 31 464
31 31 464
31 35 205
35 31 205
31 86 594
86 31 594
31 82 614
82 31 614
31 84 978
84 31 978
31 81 501
81 31 501
31 68 398
68 31 398
32 51 707
51 32 707
32 72 644
72 32 644
32 77 646
77 32 646
32 82 523
82 32 523
32 38 272
38 32 272
32 59 389
59 32 389
32 68 319
68 32 319
32 47 937
47 32 937
32 42 371
42 32 371
32 35 444
35 32 444
32 47 546
47 32 546
32 66 712
66 32 712
32 52 587
52 32 587
32 63 291
63 32 291
32 36 97
36 32 97
33 34 322
34 33 322
33 75 22
75 33 22
33 74 202
74 33 202
33 47 604
47 33 604
33 45 398
45 33 398
33 35 271
35 33 271
33 53 812
53 33 812
33 49 978
49 33 978
33 52 380
52 33 380
33 52 509
52 33 509
33 40 227
40 33 227
33 54 259
54 33 259
33 68 974
68 33 974
33 71 221
71 33 221
33 34 593
34 33 593
33 46 404
46 33 404
34 86 136
86 34 136
34 74 725
74 34 725
34 64 618
64 34 618
34 54 698
54 34 698
34 68 589
68 34 589
34 42 556
42 34 556
34 87 796
87 34 796
34 71 416
71 34 416
34 64 640
64 34 640
34 57 445
57 34 445
35 85 339
85 35 339
35 53 784
53 35 784
35 64 734
64 35 734
35 43 873
43 35 873
35 87 789
87 35 789
35 63 191
63 35 191
35 38 990
38 35 990
35 52 108
52 35 108
35 67 804
67 35 804
35 57 957
57 35 957
36 57 316
57 36 316
36 55 204
55 36 204
36 51 513
51 36 513
36 61 520
61 36 520
36 47 389
47 36 389
36 67 28
67 36 28
36 61 296
61 36 296
36 37 245
37 36 245
36 56 233
56 36 233
36 54 325
54 36 325
36 47 57
47 36 57
36 50 929
50 36 929
36 85 7
85 36 7
36 75 26
75 36 26
36 38 30
38 36 30
37 46 546
46 37 546
37 73 472
73 37 472
37 39 775
39 37 775
37 46 463
46 37 463
37 37 884
37 37 884
37 75 640
75 37 640
37 67 167
67 37 167
37 72 860
72 37 860
37 39 718
39 37 718
38 62 37
62 38 37
38 85 929
85 38 929
38 43 50
43 38 50
38 50 573
50 38 573
38 47 435
47 38 435
38 68 414
68 38 414
38 81 722
81 38 722
38 54 767
54 38 767
38 41 591
41 38 591
38 57 835
57 38 835
38 84 256
84 38 256
38 75 675
75 38 675
38 43 469
43 38 469
38 69 83
69 38 83
39 58 255
58 39 255
39 69 950
69 39 950
39 50 327
50 39 327
39 82 835
82 39 835
39 79 126
79 39 126
39 55 790
55 39 790
39 86 679
86 39 679
39 76 437
76 39 437
39 61 165
61 39 165
39 43 291
43 39 291
39 70 75
70 39 75
39 65 894
65 39 894
40 81 255
81 40 255
40 52 839
52 40 839
40 73 388
73 40 388
40 83 976
83 40 976
40 43 592
43 40 592
40 67 501
67 40 501
40 43 977
43 40 977
40 66 880
66 40 880
40 83 747
83 40 747
40 42 675
42 40 675
40 51 125
51 40 125
40 87 864
87 40 864
40 68 918
68 40 918
40 86 412
86 40 412
40 80 724
80 40 724
41 68 962
68 41 962
41 80 329
80 41 329
41 67 927
67 41 927
41 41 936
41 41 936
41 52 19
52 41 19
41 81 400
81 41 400
41 55 631
55 41 631
41 42 409
42 41 409
41 52 868
52 41 868
42 50 438
50 42 438
42 65 629
65 42 629
42 82 1
82 42 1
42 83 97
83 42 97
42 53 606
53 42 606
42 44 743
44 42 743
42 55 812
55 42 812
42 63 102
63 42 102
42 53 581
53 42 581
43 57 665
57 43 665
43 59 705
59 43 705
43 54 919
54 43 919
43 67 592
67 43 592
43 48 46
48 43 46
43 67 627
67 43 627
43 51 571
51 43 571
43 80 280
80 43 280
43 60 342
60 43 342
43 52 466
52 43 466
43 57 563
57 43 563
43 68 130
68 43 130
43 72 24
72 43 24
43 50 869
50 43 869
43 64 798
64 43 798
43 86 285
86 43 285
44 58 736
58 44 736
44 70 935
70 44 935
44 84 810
84 44 810
44 48 837
48 44 837
44 68 112
68 44 112
44 72 469
72 44 469
44 72 163
72 44 163
44 76 435
76 44 435
45 46 986
46 45 986
45 62 456
62 45 456
45 46 673
46 45 673
45 73 977
73 45 977
45 73 267
73 45 267
45 51 506
51 45 506
45 67 317
67 45 317
45 46 846
46 45 846
45 73 26
73 45 26
45 70 189
70 45 189
45 47 99
47 45 99
45 49 897
49 45 897
45 51 1
51 45 1
45 86 557
86 45 557
45 55 687
55 45 687
45 66 466
66 45 466
46 51 755
51 46 755
46 61 537
61 46 537
46 54 49
54 46 49
46 62 665
62 46 665
46 70 959
70 46 959
46 55 436
55 46 436
46 87 379
87 46 379
46 52 40
52 46 40
46 79 172
79 46 172
46 87 28
87 46 28
46 61 33
61 46 33
47 72 28
72 47 28
47 86 852
86 47 852
47 50 897
50 47 897
47 64 372
64 47 372
47 59 950
59 47 950
47 76 556
76 47 556
47 65 903
65 47 903
47 65 12
65 47 12
47 62 308
62 47 308
47 54 893
54 47 893
47 74 1000
74 47 1000
48 71 230
71 48 230
48 50 203
50 48 203
48 66 257
66 48 257
48 61 231
61 48 231
48 80 851
80 48 851
48 77 985
77 48 985
48 60 994
60 48 994
49 67 251
67 49 251
49 60 464
60 49 464
49 73 920
73 49 920
49 80 830
80 49 830
49 76 983
76 49 983
49 86 518
86 49 518
49 76 393
76 49 393
49 52 264
52 49 264
50 87 58
87 50 58
50 51 398
51 50 398
50 84 952
84 50 952
50 78 3
78 50 3
50 70 53
70 50 53
51 54 351
54 51 351
51 86 693
86 51 693
51 81 838
81 51 838
51 52 649
52 51 649
51 71 299
71 51 299
51 85 449
85 51 449
51 70 959
70 51 959
51 56 347
56 51 347
51 55 262
55 51 262
52 61 846
61 52 846
52 65 900
65 52 900
52 66 641
66 52 641
53 83 149
83 53 149
53 72 565
72 53 565
53 78 297
78 53 297
53 64 233
64 53 233
53 65 945
65 53 945
53 73 622
73 53 622
54 68 616
68 54 616
54 68 989
68 54 989
54 76 294
76 54 294
54 68 919
68 54 919
54 84 213
84 54 213
54 69 145
69 54 145
54 61 656
61 54 656
55 63 535
63 55 535
55 72 455
72 55 455
55 62 534
62 55 534
55 76 689
76 55 689
55 69 836
69 55 836
55 79 88
79 55 88
55 76 632
76 55 632
55 72 90
72 55 90
55 67 379
67 55 379
55 71 329
71 55 329
55 59 931
59 55 931
56 67 17
67 56 17
56 76 444
76 56 444
56 59 602
59 56 602
56 85 321
85 56 321
56 60 119
60 56 119
56 72 496
72 56 496
56 76 350
76 56 350
56 68 842
68 56 842
57 59 782
59 57 782
57 87 974
87 57 974
57 63 490
63 57 490
57 66 627
66 57 627
57 59 336
59 57 336
57 67 522
67 57 522
57 79 50
79 57 50
57 76 49
76 57 49
57 74 204
74 57 204
58 80 547
80 58 547
58 69 22
69 58 22
58 75 228
75 58 228
58 73 150
73 58 150
58 66 451
66 58 451
58 62 892
62 58 892
58 61 361
61 58 361
59 69 544
69 59 544
59 68 396
68 59 396
59 66 797
66 59 797
59 85 52
85 59 52
59 63 731
63 59 731
59 60 437
60 59 437
59 82 88
82 59 88
59 73 385
73 59 385
59 77 260
77 59 260
60 65 518
65 60 518
60 80 404
80 60 404
60 63 534
63 60 534
60 72 78
72 60 78
60 68 316
68 60 316
60 81 830
81 60 830
60 85 293
85 60 293
60 87 888
87 60 888
61 68 324
68 61 324
61 79 816
79 61 816
61 87 310
87 61 310
61 86 343
86 61 343
61 66 652
66 61 652
62 70 347
70 62 347
62 65 38
65 62 38
63 81 358
81 63 358
63 64 53
64 63 53
63 84 230
84 63 230
63 67 983
67 63 983
63 80 471
80 63 471
64 76 892
76 64 892
64 82 177
82 64 177
64 68 544
68 64 544
64 77 401
77 64 401
64 82 974
82 64 974
64 78 331
78 64 331
64 65 494
65 64 494
64 87 897
87 64 897
65 78 833
78 65 833
65 73 926
73 65 926
65 68 770
68 65 770
66 78 267
78 66 267
67 79 910
79 67 910
67 87 664
87 67 664
67 72 293
72 67 293
68 83 178
83 68 178
68 81 474
81 68 474
68 79 459
79 68 459
69 77 791
77 69 791
69 84 729
84 69 729
69 80 601
80 69 601
69 72 369
72 69 369
69 84 139
84 69 139
69 84 515
84 69 515
69 83 799
83 69 799
70 72 987
72 70 987
70 87 939
87 70 939
70 81 30
81 70 30
71 79 710
79 71 710
71 82 23
82 71 23
71 72 871
72 71 871
71 82 949
82 71 949
71 84 242
84 71 242
72 82 181
82 72 181
72 82 502
82 72 502
72 85 662
85 72 662
72 75 666
75 72 666
74 85 145
85 74 145
74 85 959
85 74 959
74 80 365
80 74 365
75 77 798
77 75 798
75 87 101
87 75 101
75 78 771
78 75 771
76 85 98
85 76 98
76 81 200
81 76 200
76 86 352
86 76 352
77 87 918
87 77 918
78 84 309
84 78 309
78 87 30
87 78 30
79 80 24
80 79 24
80 86 224
86 80 224
81 82 567
82 81 567
83 84 432
84 83 432
83 84 454
84 83 454
84 85 859
85 84 859
