73

0 1 510
1 0 510
0 4 282
4 0 282
0 15 822
15 0 822
0 16 563
16 0 563
0 26 63
26 0 63
0 27 54
27 0 54
0 34 722
34 0 722
0 35 464
35 0 464
0 26 406
26 0 406
0 36 48
36 0 48
0 65 346
65 0 346
0 14 571
14 0 571
0 39 676
39 0 676
0 64 602
64 0 602
0 6 549
6 0 549
0 45 909
45 0 909
1 2 307
2 1 307
1 6 226
6 1 226
1 18 497
18 1 497
1 22 732
22 1 732
1 36 454
36 1 454
1 50 193
50 1 193
1 38 167
38 1 167
1 28 785
28 1 785
1 2 445
2 1 445
1 55 224
55 1 224
2 3 669
3 2 669
2 19 306
19 2 306
2 19 473
19 2 473
2 61 450
61 2 450
2 48 547
48 2 547
2 66 238
66 2 238
3 7 812
7 3 812
3 12 479
12 3 479
3 44 605
44 3 605
3 70 241
70 3 241
3 38 744
38 3 744
3 36 906
36 3 906
3 26 41
26 3 41
4 5 703
5 4 703
4 9 36
9 4 36
4 45 196
45 4 196
4 34 153
34 4 153
4 6 277
6 4 277
4 26 200
26 4 200
4 13 600
13 4 600
5 14 136
14 5 136
5 56 333
56 5 333
5 60 49
60 5 49
5 20 880
20 5 880
5 71 260
71 5 260
5 31 736
31 5 736
6 8 14
8 6 14
6 12 929
12 6 929
6 60 624
60 6 624
7 17 749
17 7 749
7 33 384
33 7 384
7 40 358
40 7 358
7 47 547
47 7 547
7 68 213
68 7 213
7 60 759
60 7 759
7 10 770
10 7 770
8 69 153
69 8 153
8 25 193
25 8 193
8 45 705
45 8 705
8 65 666
65 8 666
8 71 923
71 8 923
8 22 845
22 8 845
8 29 270
29 8 270
8 28 667
28 8 667
9 10 698
10 9 698
9 11 170
11 9 170
9 41 552
41 9 552
9 21 690
21 9 690
9 24 832
24 9 832
9 55 906
55 9 906
9 16 921
16 9 921
9 33 885
33 9 885
10 13 940
13 10 940
10 37 965
37 10 965
10 60 974
60 10 974
10 46 425
46 10 425
10 25 119
25 10 119
10 50 826
50 10 826
10 12 978
12 10 978
10 41 499
41 10 499
10 34 186
34 10 186
10 50 489
50 10 489
11 23 721
23 11 721
11 39 756
39 11 756
11 15 189
15 11 189
11 25 431
25 11 431
12 21 825
21 12 825
12 30 58
30 12 58
12 32 710
32 12 710
12 52 590
52 12 590
12 62 759
62 12 759
13 38 772
38 13 772
13 51 707
51 13 707
13 58 704
58 13 704
13 58 300
58 13 300
13 25 746
25 13 746
13 66 826
66 13 826
13 33 625
33 13 625
13 14 816
14 13 816
14 50 315
50 14 315
14 32 580
32 14 580
14 52 151
52 14 151
14 14 670
14 14 670
14 25 666
25 14 666
15 49 753
49 15 753
15 63 939
63 15 939
15 30 868
30 15 868
15 28 919
28 15 919
15 28 864
28 15 864
15 22 301
22 15 301
16 55 828
55 16 828
16 24 632
24 16 632
17 20 995
20 17 995
17 46 960
46 17 960
18 24 925
24 18 925
18 31 820
31 18 820
18 43 564
43 18 564
18 36 509
36 18 509
18 55 369
55 18 369
18 35 675
35 18 675
19 29 749
29 19 749
19 61 124
61 19 124
19 35 954
35 19 954
20 25 293
25 20 293
20 67 165
67 20 165
20 67 131
67 20 131
20 51 586
51 20 586
20 21 582
21 20 582
21 28 81
28 21 81
21 65 957
65 21 957
21 61 608
61 21 608
21 59 134
59 21 134
21 72 177
72 21 177
21 66 484
66 21 484
21 61 859
61 21 859
21 41 394
41 21 394
21 54 641
54 21 641
22 46 486
46 22 486
22 35 411
35 22 411
22 24 896
24 22 896
22 63 123
63 22 123
22 51 796
51 22 796
22 39 376
39 22 376
22 62 259
62 22 259
23 42 274
42 23 274
23 50 368
50 23 368
23 26 697
26 23 697
23 64 751
64 23 751
24 71 242
71 24 242
24 63 353
63 24 353
25 59 397
59 25 397
25 66 377
66 25 377
25 32 179
32 25 179
25 55 924
55 25 924
26 62 829
62 26 829
26 54 435
54 26 435
26 50 975
50 26 975
26 54 864
54 26 864
26 64 307
64 26 307
27 48 744
48 27 744
27 68 751
68 27 751
27 44 316
44 27 316
28 51 153
51 28 153
29 43 453
43 29 453
29 57 337
57 29 337
30 34 476
34 30 476
30 63 808
63 30 808
31 42 48
42 31 48
31 64 337
64 31 337
31 63 649
63 31 649
31 49 888
49 31 888
32 59 36
59 32 36
32 43 157
43 32 157
32 44 707
44 32 707
32 40 836
40 32 836
32 53 825
53 32 825
33 68 1000
68 33 1000
34 37 583
37 34 583
34 40 692
40 34 692
34 38 549
38 34 549
34 57 628
57 34 628
35 54 572
54 35 572
35 66 68
66 35 68
35 49 860
49 35 860
35 55 456
55 35 456
36 68 462
68 36 462
36 40 893
40 36 893
37 54 222
54 37 222
37 64 87
64 37 87
37 43 994
43 37 994
37 44 447
44 37 447
38 47 116
47 38 116
39 44 583
44 39 583
39 40 893
40 39 893
39 42 101
42 39 101
39 47 649
47 39 649
40 58 563
58 40 563
40 65 17
65 40 17
40 50 901
50 40 901
40 61 183
61 40 183
41 52 885
52 41 885
41 64 84
64 41 84
41 52 839
52 41 839
41 68 828
68 41 828
41 63 428
63 41 428
42 51 9
51 42 9
42 44 484
44 42 484
44 55 32
55 44 32
45 47 179
47 45 179
45 46 226
46 45 226
45 64 347
64 45 347
47 60 652
60 47 652
48 53 344
53 48 344
48 66 602
66 48 602
48 65 470
65 48 470
48 66 718
66 48 718
49 71 526
71 49 526
49 65 542
65 49 542
49 64 329
64 49 329
49 57 67
57 49 67
50 69 750
69 50 750
51 58 980
58 51 980
51 65 797
65 51 797
52 69 955
69 52 955
53 67 226
67 53 226
53 72 970
72 53 970
53 59 261
59 53 261
53 66 410
66 53 410
53 62 942
62 53 942
53 67 170
67 53 170
54 60 153
60 54 153
54 63 25
63 54 25
54 64 609
64 54 609
54 62 470
62 54 470
55 58 955
58 55 955
55 70 83
70 55 83
55 66 342
66 55 342
56 66 688
66 56 688
56 62 31
62 56 31
57 69 89
69 57 89
57 61 339
61 57 339
59 61 359
61 59 359
61 71 679
71 61 679
61 61 564
61 61 564
62 71 302
71 62 302
62 66 476
66 62 476
64 69 20
69 64 20
65 70 648
70 65 648
68 71 288
71 68 288
