84

0 1 772
1 0 772
0 11 994
11 0 994
0 23 305
23 0 305
0 62 349
62 0 349
0 74 64
74 0 64
0 82 898
82 0 898
1 2 322
2 1 322
1 9 941
9 1 941
1 20 877
20 1 877
1 68 231
68 1 231
1 74 643
74 1 643
1 80 21
80 1 21
1 30 724
30 1 724
2 3 510
3 2 510
2 5 889
5 2 889
2 8 573
8 2 573
2 24 698
24 2 698
2 28 68
28 2 68
2 41 194
41 2 194
2 47 381
47 2 381
2 35 97
35 2 97
2 33 51
33 2 51
2 77 603
77 2 603
2 45 613
45 2 613
3 4 782
4 3 782
3 12 266
12 3 266
3 41 742
41 3 742
3 69 400
69 3 400
3 67 936
67 3 936
3 71 513
71 3 513
3 53 984
53 3 984
3 78 532
78 3 532
3 47 105
47 3 105
3 54 21
54 3 21
4 6 236
6 4 236
5 82 551
82 5 551
5 46 646
46 5 646
5 67 716
67 5 716
5 43 946
43 5 946
6 7 454
7 6 454
6 13 3
13 6 3
6 44 569
44 6 569
6 55 265
55 6 265
6 78 961
78 6 961
6 27 353
27 6 353
6 35 978
35 6 978
6 18 819
18 6 819
7 26 679
26 7 679
7 65 386
65 7 386
7 36 624
36 7 624
8 66 245
66 8 245
8 45 13
45 8 13
8 83 582
83 8 582
9 10 861
10 9 861
9 17 124
17 9 124
9 18 944
18 9 944
9 50 627
50 9 627
9 30 42
30 9 42
9 56 796
56 9 796
10 14 590
14 10 590
10 15 214
15 10 214
10 37 167
37 10 167
10 21 131
21 10 131
10 46 362
46 10 362
10 20 971
20 10 971
10 80 605
80 10 605
11 16 924
16 11 924
11 59 856
59 11 856
11 38 803
38 11 803
11 50 887
50 11 887
11 14 889
14 11 889
11 62 729
62 11 729
11 31 379
31 11 379
12 35 669
35 12 669
12 79 397
79 12 397
12 56 352
56 12 352
13 22 694
22 13 694
13 25 370
25 13 370
13 51 235
51 13 235
13 65 397
65 13 397
13 65 23
65 13 23
13 27 478
27 13 478
14 31 211
31 14 211
14 36 288
36 14 288
14 44 346
44 14 346
15 21 990
21 15 990
15 53 113
53 15 113
15 48 160
48 15 160
16 19 23
19 16 23
16 25 636
25 16 636
17 27 532
27 17 532
17 30 898
30 17 898
17 78 731
78 17 731
17 70 531
70 17 531
18 30 365
30 18 365
18 38 138
38 18 138
18 69 280
69 18 280
19 63 182
63 19 182
19 66 796
66 19 796
20 45 82
45 20 82
20 54 871
54 20 871
20 64 203
64 20 203
20 60 769
60 20 769
20 21 442
21 20 442
21 55 522
55 21 522
21 66 236
66 21 236
21 76 548
76 21 548
22 29 326
29 22 326
22 63 744
63 22 744
22 37 819
37 22 819
23 32 398
32 23 398
23 50 615
50 23 615
23 56 174
56 23 174
23 30 320
30 23 320
23 24 927
24 23 927
23 78 752
78 23 752
24 26 319
26 24 319
24 49 163
49 24 163
24 27 167
27 24 167
24 43 345
43 24 345
24 56 214
56 24 214
25 39 444
39 25 444
25 46 550
46 25 550
25 61 268
61 25 268
25 65 399
65 25 399
25 80 320
80 25 320
26 80 813
80 26 813
26 48 84
48 26 84
27 71 790
71 27 790
27 79 333
79 27 333
27 82 480
82 27 480
27 82 313
82 27 313
27 73 529
73 27 529
28 81 1
81 28 1
29 33 618
33 29 618
29 54 438
54 29 438
30 38 618
38 30 618
30 76 93
76 30 93
30 37 341
37 30 341
30 68 959
68 30 959
31 40 903
40 31 903
31 58 653
58 31 653
31 69 964
69 31 964
31 34 315
34 31 315
31 41 789
41 31 789
32 34 638
34 32 638
32 83 364
83 32 364
32 59 364
59 32 364
32 52 193
52 32 193
32 60 534
60 32 534
33 81 398
81 33 398
33 80 649
80 33 649
34 48 207
48 34 207
34 49 860
49 34 860
34 60 204
60 34 204
35 42 568
42 35 568
35 58 627
58 35 627
35 37 768
37 35 768
36 78 523
78 36 523
36 40 388
40 36 388
36 56 237
56 36 237
38 63 873
63 38 873
38 52 413
52 38 413
38 38 23
38 38 23
39 47 434
47 39 434
39 67 690
67 39 690
39 53 29
53 39 29
39 60 901
60 39 901
40 43 912
43 40 912
40 75 205
75 40 205
40 64 930
64 40 930
42 52 530
52 42 530
42 74 137
74 42 137
42 81 275
81 42 275
42 79 228
79 42 228
43 51 51
51 43 51
43 58 17
58 43 17
44 81 407
81 44 407
44 60 270
60 44 270
45 67 700
67 45 700
46 53 601
53 46 601
46 47 748
47 46 748
48 72 667
72 48 667
48 54 377
54 48 377
49 73 555
73 49 555
49 57 120
57 49 120
51 63 569
63 51 569
52 64 801
64 52 801
53 68 56
68 53 56
53 57 380
57 53 380
53 59 477
59 53 477
55 57 347
57 55 347
55 70 611
70 55 611
56 71 327
71 56 327
57 79 203
79 57 203
57 65 664
65 57 664
57 82 431
82 57 431
58 78 12
78 58 12
58 61 569
61 58 569
58 72 258
72 58 258
60 67 667
67 60 667
63 77 556
77 63 556
64 74 543
74 64 543
66 83 504
83 66 504
66 78 527
78 66 527
67 74 507
74 67 507
67 73 317
73 67 317
68 73 525
73 68 525
68 78 265
78 68 265
71 74 843
74 71 843
73 81 999
81 73 999
76 79 894
79 76 894
