68

0 1 35
1 0 35
0 2 169
2 0 169
0 4 268
4 0 268
0 7 539
7 0 539
0 9 822
9 0 822
0 20 972
20 0 972
0 29 788
29 0 788
0 57 767
57 0 767
0 61 400
61 0 400
0 48 290
48 0 290
0 61 71
61 0 71
0 58 445
58 0 445
0 49 130
49 0 130
0 61 612
61 0 612
1 3 672
3 1 672
1 6 38
6 1 38
1 15 526
15 1 526
1 39 355
39 1 355
1 14 461
14 1 461
1 27 221
27 1 221
1 8 48
8 1 48
1 4 321
4 1 321
1 23 699
23 1 699
2 8 538
8 2 538
2 48 819
48 2 819
2 58 723
58 2 723
2 48 665
48 2 665
3 5 741
5 3 741
3 17 373
17 3 373
3 19 586
19 3 586
3 55 912
55 3 912
4 11 71
11 4 71
4 24 604
24 4 604
4 46 189
46 4 189
4 17 660
17 4 660
4 44 244
44 4 244
4 65 16
65 4 16
4 57 87
57 4 87
4 55 933
55 4 933
4 52 391
52 4 391
4 35 656
35 4 656
4 66 571
66 4 571
5 39 184
39 5 184
5 44 905
44 5 905
5 30 589
30 5 589
5 8 784
8 5 784
5 65 393
65 5 393
5 65 407
65 5 407
5 9 503
9 5 503
5 31 977
31 5 977
5 56 932
56 5 932
5 44 903
44 5 903
5 16 75
16 5 75
6 30 34
30 6 34
6 32 54
32 6 54
6 8 737
8 6 737
6 7 780
7 6 780
6 45 83
45 6 83
6 44 74
44 6 74
6 12 174
12 6 174
6 22 515
22 6 515
6 56 892
56 6 892
6 53 998
53 6 998
6 62 731
62 6 731
7 10 397
10 7 397
7 14 440
14 7 440
7 18 708
18 7 708
7 50 140
50 7 140
7 52 988
52 7 988
7 9 928
9 7 928
7 56 376
56 7 376
7 39 357
39 7 357
7 9 560
9 7 560
7 64 760
64 7 760
7 62 592
62 7 592
7 19 633
19 7 633
7 18 772
18 7 772
7 59 817
59 7 817
7 36 778
36 7 778
8 13 582
13 8 582
8 25 907
25 8 907
8 10 658
10 8 658
8 61 573
61 8 573
9 12 656
12 9 656
9 23 513
23 9 513
9 37 301
37 9 301
9 67 785
67 9 785
9 11 981
11 9 981
9 54 517
54 9 517
9 50 159
50 9 159
9 42 658
42 9 658
9 25 875
25 9 875
9 57 517
57 9 517
10 40 862
40 10 862
10 45 551
45 10 551
10 56 151
56 10 151
10 11 831
11 10 831
10 55 719
55 10 719
11 50 596
50 11 596
11 21 302
21 11 302
11 16 642
16 11 642
11 32 545
32 11 545
11 18 637
18 11 637
12 16 892
16 12 892
12 24 941
24 12 941
12 53 973
53 12 973
12 33 23
33 12 23
12 31 21
31 12 21
12 13 420
13 12 420
13 29 515
29 13 515
13 36 207
36 13 207
13 49 108
49 13 108
13 46 793
46 13 793
13 50 758
50 13 758
13 60 615
60 13 615
13 55 863
55 13 863
13 59 142
59 13 142
13 32 471
32 13 471
13 43 725
43 13 725
14 22 414
22 14 414
14 54 206
54 14 206
14 52 173
52 14 173
14 56 322
56 14 322
14 41 466
41 14 466
14 62 671
62 14 671
14 47 156
47 14 156
15 55 775
55 15 775
15 41 554
41 15 554
15 39 523
39 15 523
15 28 712
28 15 712
15 49 645
49 15 645
15 18 483
18 15 483
15 17 43
17 15 43
15 54 454
54 15 454
15 27 634
27 15 634
15 40 814
40 15 814
15 48 491
48 15 491
16 26 603
26 16 603
16 35 357
35 16 357
16 18 775
18 16 775
16 30 523
30 16 523
16 52 151
52 16 151
16 16 256
16 16 256
16 28 819
28 16 819
16 44 458
44 16 458
16 18 983
18 16 983
16 48 810
48 16 810
16 43 198
43 16 198
17 34 534
34 17 534
17 41 607
41 17 607
17 51 546
51 17 546
17 62 829
62 17 829
17 36 820
36 17 820
17 33 271
33 17 271
17 20 203
20 17 203
17 38 55
38 17 55
17 56 373
56 17 373
17 60 20
60 17 20
17 47 820
47 17 820
17 55 478
55 17 478
17 51 237
51 17 237
17 48 151
48 17 151
17 57 136
57 17 136
18 43 46
43 18 46
18 25 863
25 18 863
18 46 196
46 18 196
18 35 675
35 18 675
18 22 89
22 18 89
18 24 843
24 18 843
18 51 114
51 18 114
19 21 907
21 19 907
19 31 946
31 19 946
19 35 300
35 19 300
19 54 660
54 19 660
19 57 983
57 19 983
19 27 26
27 19 26
19 22 973
22 19 973
19 52 853
52 19 853
19 43 84
43 19 84
20 22 700
22 20 700
20 39 245
39 20 245
20 25 993
25 20 993
20 60 737
60 20 737
20 59 591
59 20 591
20 35 120
35 20 120
21 28 655
28 21 655
21 67 209
67 21 209
21 52 4
52 21 4
21 57 386
57 21 386
21 48 461
48 21 461
21 27 549
27 21 549
21 31 754
31 21 754
21 65 796
65 21 796
21 34 267
34 21 267
22 25 141
25 22 141
22 31 809
31 22 809
22 61 488
61 22 488
22 67 35
67 22 35
22 23 573
23 22 573
22 30 837
30 22 837
22 50 400
50 22 400
22 39 244
39 22 244
22 37 672
37 22 672
23 30 195
30 23 195
23 44 237
44 23 237
24 33 416
33 24 416
24 63 981
63 24 981
24 55 471
55 24 471
24 50 494
50 24 494
24 38 495
38 24 495
24 25 98
25 24 98
24 50 316
50 24 316
24 26 128
26 24 128
24 67 646
67 24 646
24 33 248
33 24 248
25 27 265
27 25 265
25 55 593
55 25 593
25 61 181
61 25 181
25 58 248
58 25 248
26 42 110
42 26 110
26 58 873
58 26 873
26 26 557
26 26 557
26 29 573
29 26 573
26 61 438
61 26 438
26 51 306
51 26 306
26 44 4
44 26 4
26 46 464
46 26 464
26 48 987
48 26 987
26 61 574
61 26 574
27 38 222
38 27 222
27 64 313
64 27 313
27 52 210
52 27 210
27 60 566
60 27 566
27 66 494
66 27 494
28 60 584
60 28 584
28 34 556
34 28 556
28 44 598
44 28 598
29 60 170
60 29 170
29 50 114
50 29 114
30 39 509
39 30 509
30 47 698
47 30 698
30 40 238
40 30 238
31 66 536
66 31 536
31 57 719
57 31 719
31 40 644
40 31 644
31 50 436
50 31 436
31 63 414
63 31 414
31 56 476
56 31 476
32 46 814
46 32 814
32 43 465
43 32 465
32 49 455
49 32 455
32 43 614
43 32 614
32 54 848
54 32 848
32 52 280
52 32 280
33 62 297
62 33 297
33 66 436
66 33 436
34 39 927
39 34 927
34 41 818
41 34 818
35 52 6
52 35 6
35 52 322
52 35 322
35 40 583
40 35 583
35 61 596
61 35 596
36 54 896
54 36 896
36 56 753
56 36 753
36 36 877
36 36 877
36 44 250
44 36 250
36 67 56
67 36 56
36 56 512
56 36 512
36 58 178
58 36 178
37 45 953
45 37 953
37 45 57
45 37 57
37 52 584
52 37 584
37 62 321
62 37 321
37 48 817
48 37 817
38 39 939
39 38 939
38 56 867
56 38 867
39 43 80
43 39 80
39 58 130
58 39 130
39 56 592
56 39 592
39 62 204
62 39 204
39 50 44
50 39 44
39 40 949
40 39 949
39 63 716
63 39 716
39 41 625
41 39 625
40 43 239
43 40 239
40 50 976
50 40 976
40 62 342
62 40 342
41 50 5
50 41 5
41 64 80
64 41 80
41 50 205
50 41 205
41 47 234
47 41 234
42 56 55
56 42 55
42 66 745
66 42 745
42 65 505
65 42 505
42 44 974
44 42 974
43 61 702
61 43 702
43 67 180
67 43 180
43 62 691
62 43 691
44 49 578
49 44 578
44 50 261
50 44 261
45 47 461
47 45 461
46 65 823
65 46 823
46 67 710
67 46 710
47 64 437
64 47 437
47 50 469
50 47 469
47 56 363
56 47 363
47 54 947
54 47 947
47 56 740
56 47 740
47 55 629
55 47 629
48 62 542
62 48 542
48 53 315
53 48 315
48 57 519
57 48 519
48 52 486
52 48 486
49 53 645
53 49 645
49 59 866
59 49 866
49 63 281
63 49 281
49 61 382
61 49 382
49 52 290
52 49 290
50 62 748
62 50 748
50 51 817
51 50 817
51 59 557
59 51 557
52 58 142
58 52 142
53 54 887
54 53 887
54 58 459
58 54 459
55 55 509
55 55 509
56 57 945
57 56 945
56 61 899
61 56 899
56 64 911
64 56 911
57 64 250
64 57 250
59 62 73
62 59 73
61 63 710
63 61 710
62 64 113
64 62 113
62 63 554
63 62 554
63 65 55
65 63 55
63 64 290
64 63 290
66 67 586
67 66 586
