40

0 1 456
1 0 456
0 2 783
2 0 783
0 3 77
3 0 77
0 4 529
4 0 529
0 5 153
5 0 153
0 22 92
22 0 92
0 18 937
18 0 937
1 7 885
7 1 885
1 12 890
12 1 890
1 36 425
36 1 425
1 29 457
29 1 457
2 6 327
6 2 327
2 14 227
14 2 227
2 15 169
15 2 169
2 19 986
19 2 986
2 25 216
25 2 216
2 27 918
27 2 918
2 19 806
19 2 806
3 35 500
35 3 500
3 29 549
29 3 549
5 21 989
21 5 989
5 15 792
15 5 792
5 13 246
13 5 246
6 9 762
9 6 762
6 16 848
16 6 848
7 8 514
8 7 514
7 10 364
10 7 364
8 11 834
11 8 834
8 22 114
22 8 114
8 35 446
35 8 446
9 28 119
28 9 119
9 37 33
37 9 33
10 13 564
13 10 564
10 34 320
34 10 320
10 38 348
38 10 348
10 36 790
36 10 790
10 33 442
33 10 442
10 33 670
33 10 670
10 30 756
30 10 756
11 27 167
27 11 167
12 17 189
17 12 189
12 20 232
20 12 232
13 16 345
16 13 345
13 29 234
29 13 234
13 39 92
39 13 92
14 18 93
18 14 93
14 24 561
24 14 561
14 26 846
26 14 846
14 32 531
32 14 531
14 29 504
29 14 504
15 37 955
37 15 955
15 20 835
20 15 835
15 24 425
24 15 425
16 17 47
17 16 47
17 37 965
37 17 965
17 28 786
28 17 786
18 37 728
37 18 728
18 31 932
31 18 932
19 31 272
31 19 272
20 38 472
38 20 472
21 30 18
30 21 18
21 32 446
32 21 446
22 23 125
23 22 125
22 39 547
39 22 547
24 35 748
35 24 748
25 35 504
35 25 504
27 30 967
30 27 967
27 34 154
34 27 154
28 33 329
33 28 329
29 36 206
36 29 206
30 39 95
39 30 95
30 39 347
39 30 347
31 32 341
32 31 341
34 39 294
39 34 294
