24

0 1 120
1 0 120
0 5 858
5 0 858
0 7 197
7 0 197
0 13 378
13 0 378
0 22 690
22 0 690
0 10 565
10 0 565
0 11 579
11 0 579
0 9 127
9 0 127
1 2 450
2 1 450
1 3 743
3 1 743
1 4 43
4 1 43
1 23 729
23 1 729
1 10 359
10 1 359
1 21 192
21 1 192
2 8 10
8 2 10
2 6 390
6 2 390
2 16 629
16 2 629
2 10 705
10 2 705
3 6 153
6 3 153
3 14 853
14 3 853
3 18 961
18 3 961
3 13 986
13 3 986
4 11 99
11 4 99
4 13 799
13 4 799
4 21 681
21 4 681
5 10 544
10 5 544
5 16 917
16 5 917
5 18 505
18 5 505
5 8 938
8 5 938
6 9 677
9 6 677
6 15 532
15 6 532
6 14 341
14 6 341
6 13 912
13 6 912
6 23 333
23 6 333
6 10 976
10 6 976
7 19 25
19 7 25
7 8 968
8 7 968
7 17 577
17 7 577
8 20 617
20 8 617
8 10 75
10 8 75
8 18 347
18 8 347
8 18 743
18 8 743
9 15 862
15 9 862
9 16 91
16 9 91
10 20 773
20 10 773
10 19 917
19 10 917
10 14 397
14 10 397
10 20 993
20 10 993
11 12 99
12 11 99
11 17 15
17 11 15
11 19 769
19 11 769
11 11 299
11 11 299
11 12 423
12 11 423
12 19 284
19 12 284
12 23 214
23 12 214
14 15 990
15 14 990
14 18 552
18 14 552
15 21 169
21 15 169
15 20 193
20 15 193
16 23 922
23 16 922
18 22 528
22 18 528
20 21 684
21 20 684
