48

0 1 644
1 0 644
0 2 460
2 0 460
0 14 319
14 0 319
0 16 435
16 0 435
0 18 210
18 0 210
0 2 901
2 0 901
0 32 450
32 0 450
1 4 535
4 1 535
1 7 876
7 1 876
1 13 166
13 1 166
1 19 302
19 1 302
1 40 84
40 1 84
2 3 242
3 2 242
2 14 473
14 2 473
3 6 736
6 3 736
3 8 500
8 3 500
4 5 395
5 4 395
5 8 155
8 5 155
5 34 824
34 5 824
6 15 142
15 6 142
6 18 99
18 6 99
6 24 581
24 6 581
6 38 54
38 6 54
6 40 696
40 6 696
7 9 576
9 7 576
7 22 644
22 7 644
7 28 501
28 7 501
7 47 20
47 7 20
7 34 381
34 7 381
8 10 832
10 8 832
8 12 676
12 8 676
8 17 768
17 8 768
8 15 518
15 8 518
9 11 130
11 9 130
9 19 579
19 9 579
9 21 777
21 9 777
10 26 963
26 10 963
10 44 890
44 10 890
11 39 997
39 11 997
11 28 938
28 11 938
12 27 897
27 12 897
12 29 252
29 12 252
12 42 481
42 12 481
12 40 759
40 12 759
12 24 331
24 12 331
13 35 248
35 13 248
13 36 204
36 13 204
14 32 133
32 14 133
14 30 564
30 14 564
15 30 482
30 15 482
15 25 381
25 15 381
16 20 590
20 16 590
17 30 91
30 17 91
18 46 850
46 18 850
18 38 315
38 18 315
18 37 831
37 18 831
19 26 481
26 19 481
20 33 199
33 20 199
21 23 791
23 21 791
21 25 195
25 21 195
21 42 136
42 21 136
21 45 784
45 21 784
23 34 995
34 23 995
23 36 305
36 23 305
23 34 743
34 23 743
23 32 777
32 23 777
25 31 745
31 25 745
25 37 225
37 25 225
27 43 358
43 27 358
27 33 650
33 27 650
27 37 370
37 27 370
28 38 571
38 28 571
29 30 579
30 29 579
29 30 250
30 29 250
33 44 358
44 33 358
34 37 13
37 34 13
36 46 191
46 36 191
36 46 416
46 36 416
37 41 915
41 37 915
37 40 365
40 37 365
39 43 100
43 39 100
39 43 212
43 39 212
40 45 775
45 40 775
43 44 318
44 43 318
