98

0 1 530
1 0 530
0 2 602
2 0 602
0 3 505
3 0 505
0 26 812
26 0 812
0 37 51
37 0 51
0 86 413
86 0 413
0 21 901
21 0 901
1 4 42
4 1 42
1 88 407
88 1 407
1 12 642
12 1 642
1 10 860
10 1 860
1 75 945
75 1 945
2 8 352
8 2 352
2 13 271
13 2 271
2 32 132
32 2 132
2 48 953
48 2 953
2 54 763
54 2 763
2 5 29
5 2 29
2 19 670
19 2 670
2 30 344
30 2 344
2 26 694
26 2 694
3 5 741
5 3 741
3 7 627
7 3 627
3 10 735
10 3 735
3 14 525
14 3 525
3 17 324
17 3 324
3 18 583
18 3 583
3 34 830
34 3 830
3 36 591
36 3 591
3 66 169
66 3 169
3 7 467
7 3 467
4 20 284
20 4 284
4 89 799
89 4 799
4 82 334
82 4 334
4 17 107
17 4 107
4 48 677
48 4 677
4 89 228
89 4 228
4 80 292
80 4 292
5 6 863
6 5 863
5 50 526
50 5 526
5 50 274
50 5 274
5 44 363
44 5 363
5 46 245
46 5 245
5 41 519
41 5 519
5 53 545
53 5 545
5 58 648
58 5 648
6 11 241
11 6 241
6 12 336
12 6 336
6 21 984
21 6 984
6 14 142
14 6 142
6 19 232
19 6 232
6 97 875
97 6 875
7 29 519
29 7 519
7 41 32
41 7 32
7 59 400
59 7 400
7 84 471
84 7 471
7 42 929
42 7 929
8 9 347
9 8 347
8 16 627
16 8 627
8 40 485
40 8 485
8 45 141
45 8 141
8 26 780
26 8 780
8 47 223
47 8 223
8 72 336
72 8 336
9 53 623
53 9 623
9 27 381
27 9 381
9 18 392
18 9 392
9 23 103
23 9 103
10 22 683
22 10 683
10 55 782
55 10 782
10 77 389
77 10 389
10 48 262
48 10 262
11 45 214
45 11 214
11 57 645
57 11 645
11 33 214
33 11 214
11 31 439
31 11 439
12 19 335
19 12 335
12 61 255
61 12 255
12 39 9
39 12 9
12 39 82
39 12 82
13 15 58
15 13 58
13 24 185
24 13 185
13 28 9
28 13 9
13 32 907
32 13 907
13 65 926
65 13 926
13 94 553
94 13 553
13 22 782
22 13 782
13 33 210
33 13 210
13 92 905
92 13 905
13 55 614
55 13 614
13 41 609
41 13 609
14 82 523
82 14 523
14 28 639
28 14 639
14 55 76
55 14 76
14 18 206
18 14 206
14 86 328
86 14 328
15 35 395
35 15 395
15 46 18
46 15 18
16 25 54
25 16 54
16 31 762
31 16 762
16 51 729
51 16 729
16 88 239
88 16 239
16 79 530
79 16 530
16 19 322
19 16 322
17 56 883
56 17 883
17 27 854
27 17 854
17 35 3
35 17 3
18 77 792
77 18 792
18 78 470
78 18 470
18 47 585
47 18 585
18 51 313
51 18 313
18 76 268
76 18 268
18 61 349
61 18 349
19 27 229
27 19 229
19 30 637
30 19 637
19 32 927
32 19 927
19 50 502
50 19 502
19 64 879
64 19 879
20 33 996
33 20 996
20 60 799
60 20 799
20 64 943
64 20 943
20 74 918
74 20 918
20 65 385
65 20 385
20 83 547
83 20 547
20 34 961
34 20 961
20 93 642
93 20 642
21 23 531
23 21 531
21 39 836
39 21 836
21 44 534
44 21 534
21 71 277
71 21 277
21 26 147
26 21 147
21 61 786
61 21 786
21 49 611
49 21 611
22 76 290
76 22 290
22 33 898
33 22 898
23 63 805
63 23 805
23 27 816
27 23 816
23 72 119
72 23 119
23 25 651
25 23 651
24 28 105
28 24 105
24 34 504
34 24 504
25 41 291
41 25 291
25 88 419
88 25 419
25 83 415
83 25 415
26 38 636
38 26 636
26 52 463
52 26 463
26 90 995
90 26 995
27 68 18
68 27 18
27 96 753
96 27 753
27 52 371
52 27 371
27 68 983
68 27 983
27 88 314
88 27 314
28 65 322
65 28 322
28 47 728
47 28 728
28 96 987
96 28 987
28 95 584
95 28 584
29 69 678
69 29 678
29 71 81
71 29 81
29 43 942
43 29 942
29 86 346
86 29 346
30 54 823
54 30 823
30 68 947
68 30 947
31 65 299
65 31 299
31 34 363
34 31 363
31 84 551
84 31 551
31 71 619
71 31 619
32 65 964
65 32 964
32 81 340
81 32 340
32 45 47
45 32 47
34 85 261
85 34 261
34 54 117
54 34 117
34 92 180
92 34 180
34 86 389
86 34 389
35 46 859
46 35 859
35 51 520
51 35 520
36 43 346
43 36 346
36 47 982
47 36 982
36 49 314
49 36 314
36 67 762
67 36 762
36 55 565
55 36 565
37 40 367
40 37 367
37 55 790
55 37 790
37 70 219
70 37 219
38 66 119
66 38 119
38 55 37
55 38 37
39 42 913
42 39 913
39 86 358
86 39 358
40 64 688
64 40 688
40 95 641
95 40 641
41 70 556
70 41 556
42 87 916
87 42 916
42 70 476
70 42 476
42 51 519
51 42 519
43 69 991
69 43 991
43 74 236
74 43 236
43 86 271
86 43 271
43 54 889
54 43 889
43 59 995
59 43 995
44 85 755
85 44 755
44 55 67
55 44 67
44 47 216
47 44 216
45 96 147
96 45 147
45 81 914
81 45 914
45 76 457
76 45 457
45 56 194
56 45 194
45 48 756
48 45 756
46 83 27
83 46 27
46 96 132
96 46 132
47 82 137
82 47 137
48 93 254
93 48 254
48 76 481
76 48 481
49 72 949
72 49 949
49 85 168
85 49 168
50 58 65
58 50 65
50 70 811
70 50 811
50 89 6
89 50 6
50 74 554
74 50 554
51 75 428
75 51 428
51 54 325
54 51 325
51 54 799
54 51 799
52 89 531
89 52 531
52 55 302
55 52 302
53 66 50
66 53 50
53 84 140
84 53 140
53 60 385
60 53 385
54 73 737
73 54 737
54 82 546
82 54 546
54 88 904
88 54 904
54 63 1000
63 54 1000
55 70 840
70 55 840
55 60 155
60 55 155
55 65 362
65 55 362
56 97 546
97 56 546
57 62 821
62 57 821
57 87 542
87 57 542
57 92 529
92 57 529
57 74 305
74 57 305
57 59 639
59 57 639
60 95 269
95 60 269
60 69 603
69 60 603
60 73 961
73 60 961
60 73 188
73 60 188
61 63 745
63 61 745
62 95 810
95 62 810
62 80 748
80 62 748
63 79 22
79 63 22
63 67 67
67 63 67
64 81 355
81 64 355
64 94 274
94 64 274
64 92 283
92 64 283
64 92 533
92 64 533
64 65 954
65 64 954
66 73 670
73 66 670
66 77 794
77 66 794
66 93 688
93 66 688
67 96 398
96 67 398
69 80 608
80 69 608
69 83 10
83 69 10
72 88 636
88 72 636
73 75 233
75 73 233
73 88 623
88 73 623
74 83 282
83 74 282
74 75 974
75 74 974
74 84 743
84 74 743
74 88 189
88 74 189
75 89 857
89 75 857
77 79 444
79 77 444
78 85 131
85 78 131
78 80 572
80 78 572
81 83 152
83 81 152
81 91 222
91 81 222
81 94 16
94 81 16
81 95 205
95 81 205
81 91 10
91 81 10
85 97 765
97 85 765
90 96 29
96 90 29
91 93 887
93 91 887
