61

0 1 420
1 0 420
0 2 551
2 0 551
0 3 243
3 0 243
0 4 890
4 0 890
0 8 982
8 0 982
0 36 389
36 0 389
0 28 793
28 0 793
0 17 914
17 0 914
0 32 143
32 0 143
0 53 9
53 0 9
0 43 377
43 0 377
1 49 61
49 1 61
1 40 873
40 1 873
1 51 328
51 1 328
1 6 340
6 1 340
1 29 533
29 1 533
1 8 591
8 1 591
1 27 606
27 1 606
1 19 389
19 1 389
1 23 743
23 1 743
1 46 99
46 1 99
2 9 301
9 2 301
2 10 209
10 2 209
2 13 465
13 2 465
2 21 291
21 2 291
2 31 389
31 2 389
2 37 859
37 2 859
2 8 809
8 2 809
2 54 126
54 2 126
2 46 957
46 2 957
2 32 447
32 2 447
2 56 243
56 2 243
2 31 466
31 2 466
2 6 510
6 2 510
2 41 127
41 2 127
2 3 393
3 2 393
2 31 267
31 2 267
2 34 916
34 2 916
2 19 113
19 2 113
2 14 999
14 2 999
3 6 462
6 3 462
3 17 158
17 3 158
3 8 998
8 3 998
3 56 736
56 3 736
3 29 377
29 3 377
3 12 199
12 3 199
3 37 379
37 3 379
3 14 585
14 3 585
3 59 386
59 3 386
3 26 230
26 3 230
4 5 527
5 4 527
4 7 193
7 4 193
4 12 888
12 4 888
4 22 73
22 4 73
4 41 215
41 4 215
4 29 847
29 4 847
4 32 381
32 4 381
4 29 28
29 4 28
4 11 441
11 4 441
4 18 276
18 4 276
4 34 12
34 4 12
4 46 169
46 4 169
4 26 925
26 4 925
4 24 5
24 4 5
5 25 431
25 5 431
5 47 453
47 5 453
5 56 281
56 5 281
5 21 674
21 5 674
5 26 709
26 5 709
5 46 535
46 5 535
5 13 156
13 5 156
5 29 335
29 5 335
5 22 461
22 5 461
5 33 287
33 5 287
5 33 725
33 5 725
6 16 474
16 6 474
6 47 137
47 6 137
6 52 500
52 6 500
6 52 609
52 6 609
6 18 651
18 6 651
6 23 874
23 6 874
6 10 476
10 6 476
7 15 139
15 7 139
7 42 219
42 7 219
7 28 975
28 7 975
7 30 186
30 7 186
7 38 326
38 7 326
7 23 486
23 7 486
7 14 799
14 7 799
7 27 53
27 7 53
7 55 233
55 7 233
7 16 865
16 7 865
7 24 590
24 7 590
7 8 965
8 7 965
7 35 127
35 7 127
7 27 843
27 7 843
8 11 330
11 8 330
8 45 782
45 8 782
8 52 1000
52 8 1000
8 57 251
57 8 251
8 49 258
49 8 258
8 51 223
51 8 223
8 47 35
47 8 35
8 21 201
21 8 201
8 60 28
60 8 28
8 40 387
40 8 387
9 38 797
38 9 797
9 51 366
51 9 366
9 28 76
28 9 76
9 52 638
52 9 638
9 49 554
49 9 554
9 22 218
22 9 218
10 14 498
14 10 498
10 32 792
32 10 792
10 42 273
42 10 273
10 23 843
23 10 843
10 59 758
59 10 758
10 58 288
58 10 288
10 19 953
19 10 953
10 12 748
12 10 748
10 50 69
50 10 69
10 54 269
54 10 269
10 18 430
18 10 430
10 28 42
28 10 42
11 19 185
19 11 185
11 35 969
35 11 969
11 52 315
52 11 315
11 59 918
59 11 918
11 43 401
43 11 401
11 23 278
23 11 278
11 55 639
55 11 639
11 54 35
54 11 35
11 43 973
43 11 973
12 18 311
18 12 311
12 31 146
31 12 146
12 48 368
48 12 368
12 25 525
25 12 525
12 46 570
46 12 570
13 47 134
47 13 134
13 58 541
58 13 541
13 57 617
57 13 617
13 18 758
18 13 758
13 50 836
50 13 836
13 30 20
30 13 20
14 27 614
27 14 614
14 32 864
32 14 864
14 46 205
46 14 205
14 57 616
57 14 616
14 29 560
29 14 560
14 45 164
45 14 164
14 49 230
49 14 230
14 49 846
49 14 846
14 50 723
50 14 723
15 29 257
29 15 257
15 44 543
44 15 543
15 17 415
17 15 415
15 30 29
30 15 29
15 36 732
36 15 732
15 55 122
55 15 122
15 26 155
26 15 155
15 36 940
36 15 940
15 31 170
31 15 170
15 53 780
53 15 780
15 52 435
52 15 435
15 39 34
39 15 34
16 25 461
25 16 461
16 44 554
44 16 554
16 52 669
52 16 669
16 25 759
25 16 759
16 44 735
44 16 735
17 20 109
20 17 109
17 24 718
24 17 718
17 26 773
26 17 773
17 35 317
35 17 317
17 40 941
40 17 941
17 50 862
50 17 862
17 23 614
23 17 614
17 20 474
20 17 474
17 34 834
34 17 834
17 24 314
24 17 314
18 35 607
35 18 607
18 56 333
56 18 333
18 51 133
51 18 133
18 48 249
48 18 249
18 45 209
45 18 209
19 23 181
23 19 181
19 28 630
28 19 630
19 31 713
31 19 713
20 25 754
25 20 754
20 47 817
47 20 817
20 42 357
42 20 357
20 27 339
27 20 339
21 44 257
44 21 257
21 56 650
56 21 650
21 48 194
48 21 194
21 54 580
54 21 580
21 36 338
36 21 338
21 22 973
22 21 973
22 59 752
59 22 752
23 48 472
48 23 472
23 33 137
33 23 137
23 48 649
48 23 649
23 48 543
48 23 543
23 59 746
59 23 746
23 55 427
55 23 427
23 41 737
41 23 737
24 56 404
56 24 404
24 45 341
45 24 341
24 46 173
46 24 173
24 36 185
36 24 185
25 38 753
38 25 753
25 56 97
56 25 97
25 32 106
32 25 106
25 51 535
51 25 535
26 39 697
39 26 697
26 43 60
43 26 60
26 42 943
42 26 943
26 41 747
41 26 747
26 32 752
32 26 752
26 42 722
42 26 722
26 50 214
50 26 214
26 31 317
31 26 317
26 55 126
55 26 126
26 31 120
31 26 120
26 27 816
27 26 816
27 59 51
59 27 51
27 38 199
38 27 199
27 56 417
56 27 417
27 59 198
59 27 198
27 58 922
58 27 922
28 33 644
33 28 644
28 46 630
46 28 630
28 51 160
51 28 160
28 52 752
52 28 752
28 40 990
40 28 990
28 33 403
33 28 403
28 60 363
60 28 363
28 57 351
57 28 351
29 30 159
30 29 159
29 39 176
39 29 176
29 42 950
42 29 950
29 40 660
40 29 660
30 43 302
43 30 302
30 40 490
40 30 490
30 45 620
45 30 620
31 32 58
32 31 58
31 38 749
38 31 749
31 56 460
56 31 460
31 48 917
48 31 917
31 50 831
50 31 831
31 42 776
42 31 776
31 39 750
39 31 750
32 60 691
60 32 691
32 35 981
35 32 981
32 37 481
37 32 481
32 44 761
44 32 761
32 53 202
53 32 202
33 34 846
34 33 846
33 38 403
38 33 403
33 35 306
35 33 306
34 39 84
39 34 84
34 54 225
54 34 225
35 58 9
58 35 9
35 42 948
42 35 948
35 52 405
52 35 405
35 40 816
40 35 816
35 45 402
45 35 402
35 37 476
37 35 476
36 40 940
40 36 940
36 52 395
52 36 395
37 48 89
48 37 89
37 46 239
46 37 239
37 39 932
39 37 932
37 51 280
51 37 280
37 59 26
59 37 26
38 59 382
59 38 382
38 58 325
58 38 325
38 38 549
38 38 549
38 38 847
38 38 847
38 48 249
48 38 249
38 59 169
59 38 169
39 53 781
53 39 781
39 51 676
51 39 676
40 58 190
58 40 190
40 52 236
52 40 236
40 45 898
45 40 898
40 48 841
48 40 841
41 42 39
42 41 39
41 50 938
50 41 938
42 51 881
51 42 881
42 49 666
49 42 666
42 53 45
53 42 45
43 60 51
60 43 51
43 50 517
50 43 517
45 54 296
54 45 296
45 46 848
46 45 848
45 57 926
57 45 926
45 47 55
47 45 55
45 55 184
55 45 184
46 55 50
55 46 50
46 56 82
56 46 82
46 57 308
57 46 308
47 58 34
58 47 34
48 50 339
50 48 339
48 59 734
59 48 734
48 54 135
54 48 135
48 54 434
54 48 434
48 56 181
56 48 181
50 58 923
58 50 923
51 55 954
55 51 954
52 58 937
58 52 937
52 55 251
55 52 251
52 53 933
53 52 933
54 55 200
55 54 200
54 56 11
56 54 11
54 58 263
58 54 263
55 60 493
60 55 493
58 59 786
59 58 786
