86

0 1 852
1 0 852
0 2 305
2 0 305
0 3 55
3 0 55
0 4 248
4 0 248
0 11 932
11 0 932
0 55 716
55 0 716
0 46 540
46 0 540
0 54 618
54 0 618
0 31 663
31 0 663
0 5 249
5 0 249
0 23 998
23 0 998
0 21 264
21 0 264
0 65 809
65 0 809
0 42 433
42 0 433
0 49 796
49 0 796
0 8 6
8 0 6
0 45 724
45 0 724
0 28 538
28 0 538
1 9 717
9 1 717
1 16 45
16 1 45
1 53 507
53 1 507
1 74 212
74 1 212
1 42 175
42 1 175
1 55 77
55 1 77
1 66 764
66 1 764
1 36 236
36 1 236
1 12 554
12 1 554
1 74 688
74 1 688
1 64 790
64 1 790
1 18 881
18 1 881
1 11 284
11 1 284
2 5 556
5 2 556
2 7 163
7 2 163
2 7 976
7 2 976
2 20 295
20 2 295
2 13 563
13 2 563
2 59 671
59 2 671
2 4 496
4 2 496
2 26 600
26 2 600
2 60 949
60 2 949
2 69 317
69 2 317
2 47 718
47 2 718
2 32 592
32 2 592
3 29 253
29 3 253
3 33 713
33 3 713
3 72 874
72 3 874
3 58 395
58 3 395
3 71 979
71 3 979
3 35 295
35 3 295
3 15 558
15 3 558
3 64 49
64 3 49
3 77 811
77 3 811
3 53 578
53 3 578
3 10 520
10 3 520
3 28 199
28 3 199
4 6 742
6 4 742
4 18 929
18 4 929
4 24 345
24 4 345
4 42 829
42 4 829
4 8 56
8 4 56
4 76 341
76 4 341
4 8 73
8 4 73
4 53 273
53 4 273
4 85 150
85 4 150
4 8 92
8 4 92
4 7 38
7 4 38
4 47 816
47 4 816
4 17 168
17 4 168
4 77 639
77 4 639
4 74 725
74 4 725
5 8 232
8 5 232
5 19 221
19 5 221
5 27 258
27 5 258
5 83 61
83 5 61
5 33 179
33 5 179
5 79 895
79 5 895
5 20 747
20 5 747
5 11 237
11 5 237
5 64 690
64 5 690
5 49 479
49 5 479
5 41 698
41 5 698
5 77 412
77 5 412
5 9 809
9 5 809
5 48 39
48 5 39
5 28 537
28 5 537
5 52 223
52 5 223
5 60 523
60 5 523
5 54 667
54 5 667
5 29 42
29 5 42
6 14 619
14 6 619
6 21 585
21 6 585
6 37 776
37 6 776
6 46 478
46 6 478
6 72 980
72 6 980
6 38 869
38 6 869
6 28 265
28 6 265
6 31 178
31 6 178
6 54 463
54 6 463
6 70 726
70 6 726
6 7 547
7 6 547
6 58 288
58 6 288
6 41 641
41 6 641
6 42 64
42 6 64
6 9 676
9 6 676
6 70 816
70 6 816
6 36 261
36 6 261
6 61 292
61 6 292
6 49 894
49 6 894
7 82 255
82 7 255
7 14 987
14 7 987
7 53 626
53 7 626
7 33 33
33 7 33
7 33 693
33 7 693
7 78 811
78 7 811
7 14 391
14 7 391
7 24 323
24 7 323
7 76 876
76 7 876
7 82 998
82 7 998
7 30 179
30 7 179
7 63 104
63 7 104
7 14 583
14 7 583
7 30 960
30 7 960
7 15 409
15 7 409
7 37 166
37 7 166
7 75 540
75 7 540
8 10 597
10 8 597
8 13 798
13 8 798
8 23 792
23 8 792
8 32 428
32 8 428
8 51 844
51 8 844
8 53 584
53 8 584
8 58 632
58 8 632
8 73 386
73 8 386
8 30 409
30 8 409
8 47 368
47 8 368
8 72 507
72 8 507
8 27 682
27 8 682
8 84 304
84 8 304
9 17 696
17 9 696
9 38 101
38 9 101
9 84 299
84 9 299
9 47 987
47 9 987
9 67 464
67 9 464
9 51 504
51 9 504
9 82 691
82 9 691
9 13 965
13 9 965
9 78 463
78 9 463
9 71 915
71 9 915
9 71 548
71 9 548
9 59 286
59 9 286
9 72 298
72 9 298
9 68 454
68 9 454
9 27 68
27 9 68
9 40 733
40 9 733
9 73 396
73 9 396
9 38 726
38 9 726
9 35 713
35 9 713
9 41 491
41 9 491
10 25 738
25 10 738
10 23 621
23 10 621
10 11 623
11 10 623
10 18 436
18 10 436
10 85 685
85 10 685
10 75 443
75 10 443
10 56 909
56 10 909
10 27 124
27 10 124
10 45 742
45 10 742
10 36 482
36 10 482
10 48 770
48 10 770
10 57 571
57 10 571
10 50 136
50 10 136
10 27 380
27 10 380
10 28 398
28 10 398
11 12 737
12 11 737
11 15 445
15 11 445
11 50 343
50 11 343
11 68 763
68 11 763
11 57 272
57 11 272
11 26 428
26 11 428
11 29 404
29 11 404
11 43 154
43 11 154
11 85 641
85 11 641
11 32 306
32 11 306
11 48 109
48 11 109
11 15 508
15 11 508
11 80 732
80 11 732
11 18 576
18 11 576
11 46 291
46 11 291
12 44 216
44 12 216
12 80 94
80 12 94
12 58 245
58 12 245
12 46 381
46 12 381
12 12 821
12 12 821
12 22 419
22 12 419
12 73 330
73 12 330
12 13 26
13 12 26
12 36 537
36 12 537
12 54 941
54 12 941
12 68 593
68 12 593
13 77 98
77 13 98
13 84 129
84 13 129
13 51 212
51 13 212
13 75 775
75 13 775
13 20 304
20 13 304
13 49 557
49 13 557
13 53 259
53 13 259
13 67 97
67 13 97
14 79 483
79 14 483
14 83 215
83 14 215
14 62 950
62 14 950
14 60 804
60 14 804
14 66 725
66 14 725
14 84 829
84 14 829
14 74 675
74 14 675
14 82 26
82 14 26
14 23 113
23 14 113
14 38 25
38 14 25
14 65 501
65 14 501
14 19 934
19 14 934
14 19 396
19 14 396
14 52 333
52 14 333
14 28 887
28 14 887
15 20 172
20 15 172
15 64 756
64 15 756
15 32 214
32 15 214
15 42 504
42 15 504
15 48 131
48 15 131
15 53 299
53 15 299
15 79 589
79 15 589
15 41 275
41 15 275
15 20 540
20 15 540
15 46 289
46 15 289
15 37 717
37 15 717
16 22 678
22 16 678
16 57 146
57 16 146
16 61 523
61 16 523
16 70 272
70 16 272
16 57 233
57 16 233
16 70 311
70 16 311
16 40 907
40 16 907
16 56 351
56 16 351
16 50 534
50 16 534
16 23 589
23 16 589
16 42 417
42 16 417
16 81 862
81 16 862
16 57 77
57 16 77
16 56 375
56 16 375
16 52 4
52 16 4
16 44 760
44 16 760
16 63 948
63 16 948
16 44 175
44 16 175
17 58 948
58 17 948
17 19 463
19 17 463
17 58 297
58 17 297
17 20 972
20 17 972
17 19 348
19 17 348
17 65 529
65 17 529
17 51 295
51 17 295
17 35 266
35 17 266
17 48 306
48 17 306
17 75 80
75 17 80
17 40 654
40 17 654
17 31 862
31 17 862
18 25 246
25 18 246
18 28 158
28 18 158
18 38 341
38 18 341
18 23 978
23 18 978
18 33 970
33 18 970
18 63 903
63 18 903
18 58 887
58 18 887
18 64 819
64 18 819
18 58 697
58 18 697
18 34 25
34 18 25
18 51 814
51 18 814
18 58 798
58 18 798
19 52 236
52 19 236
19 54 905
54 19 905
19 72 386
72 19 386
19 71 542
71 19 542
19 55 729
55 19 729
19 83 439
83 19 439
19 68 983
68 19 983
19 71 762
71 19 762
19 49 521
49 19 521
19 78 369
78 19 369
19 38 976
38 19 976
19 34 155
34 19 155
20 32 431
32 20 431
20 21 617
21 20 617
20 50 264
50 20 264
20 32 221
32 20 221
20 27 959
27 20 959
20 63 866
63 20 866
20 85 943
85 20 943
20 68 746
68 20 746
20 46 453
46 20 453
20 75 589
75 20 589
20 82 363
82 20 363
20 47 796
47 20 796
20 39 442
39 20 442
20 25 42
25 20 42
21 55 588
55 21 588
21 53 147
53 21 147
21 41 576
41 21 576
21 50 207
50 21 207
21 84 669
84 21 669
21 31 255
31 21 255
21 33 950
33 21 950
21 24 593
24 21 593
21 52 337
52 21 337
22 30 899
30 22 899
22 41 400
41 22 400
22 80 415
80 22 415
22 33 702
33 22 702
22 23 501
23 22 501
22 34 585
34 22 585
22 40 43
40 22 43
22 52 390
52 22 390
22 82 169
82 22 169
22 58 561
58 22 561
22 40 357
40 22 357
22 36 899
36 22 899
22 72 890
72 22 890
22 74 324
74 22 324
23 26 651
26 23 651
23 43 469
43 23 469
23 71 44
71 23 44
23 72 385
72 23 385
23 67 498
67 23 498
23 59 377
59 23 377
23 66 992
66 23 992
23 82 836
82 23 836
23 71 581
71 23 581
23 56 241
56 23 241
24 75 37
75 24 37
24 75 145
75 24 145
24 64 489
64 24 489
24 34 758
34 24 758
24 84 330
84 24 330
25 60 91
60 25 91
25 47 65
47 25 65
25 68 379
68 25 379
25 42 614
42 25 614
25 43 392
43 25 392
25 29 598
29 25 598
25 37 324
37 25 324
25 27 671
27 25 671
25 52 131
52 25 131
25 35 277
35 25 277
25 30 68
30 25 68
26 31 687
31 26 687
26 35 459
35 26 459
26 49 830
49 26 830
26 27 538
27 26 538
26 84 251
84 26 251
26 71 652
71 26 652
26 43 503
43 26 503
26 83 324
83 26 324
26 70 81
70 26 81
26 30 15
30 26 15
26 82 272
82 26 272
26 59 378
59 26 378
26 63 787
63 26 787
26 39 269
39 26 269
26 46 200
46 26 200
26 30 894
30 26 894
26 45 644
45 26 644
26 81 87
81 26 87
27 34 944
34 27 944
27 72 738
72 27 738
27 33 359
33 27 359
27 76 154
76 27 154
27 64 467
64 27 467
27 67 645
67 27 645
27 69 855
69 27 855
28 79 278
79 28 278
28 36 416
36 28 416
28 62 671
62 28 671
28 45 123
45 28 123
28 55 374
55 28 374
28 59 408
59 28 408
29 39 180
39 29 180
29 83 343
83 29 343
29 80 806
80 29 806
29 76 18
76 29 18
29 73 698
73 29 698
29 31 479
31 29 479
30 36 90
36 30 90
30 51 691
51 30 691
30 71 815
71 30 815
30 82 385
82 30 385
30 36 758
36 30 758
30 71 417
71 30 417
30 46 854
46 30 854
30 82 936
82 30 936
30 66 496
66 30 496
30 58 128
58 30 128
31 81 588
81 31 588
31 69 854
69 31 854
31 57 362
57 31 362
31 85 990
85 31 990
31 80 741
80 31 741
31 44 754
44 31 754
31 64 636
64 31 636
31 67 898
67 31 898
31 74 483
74 31 483
32 74 762
74 32 762
32 80 691
80 32 691
32 41 106
41 32 106
32 77 723
77 32 723
32 37 786
37 32 786
32 50 729
50 32 729
32 56 995
56 32 995
32 35 129
35 32 129
32 60 667
60 32 667
32 52 790
52 32 790
32 48 244
48 32 244
32 83 382
83 32 382
32 80 608
80 32 608
32 69 132
69 32 132
33 65 225
65 33 225
33 72 508
72 33 508
33 75 156
75 33 156
33 34 498
34 33 498
33 55 698
55 33 698
33 54 945
54 33 945
33 70 520
70 33 520
33 71 787
71 33 787
33 78 447
78 33 447
33 81 467
81 33 467
33 81 407
81 33 407
33 69 378
69 33 378
33 54 763
54 33 763
33 65 806
65 33 806
33 55 612
55 33 612
34 37 882
37 34 882
34 41 858
41 34 858
34 35 993
35 34 993
34 55 517
55 34 517
34 77 282
77 34 282
34 47 554
47 34 554
34 48 45
48 34 45
34 69 981
69 34 981
34 77 618
77 34 618
35 36 375
36 35 375
35 77 831
77 35 831
35 40 980
40 35 980
35 55 919
55 35 919
35 52 99
52 35 99
35 84 49
84 35 49
35 45 555
45 35 555
36 45 943
45 36 943
36 46 137
46 36 137
36 71 895
71 36 895
36 76 155
76 36 155
36 57 641
57 36 641
36 64 739
64 36 739
37 40 380
40 37 380
37 48 592
48 37 592
37 56 172
56 37 172
37 66 164
66 37 164
37 37 378
37 37 378
37 58 552
58 37 552
37 67 393
67 37 393
37 85 757
85 37 757
38 44 471
44 38 471
38 63 187
63 38 187
38 60 958
60 38 958
38 41 623
41 38 623
38 83 72
83 38 72
38 72 533
72 38 533
38 72 508
72 38 508
38 44 72
44 38 72
39 81 585
81 39 585
39 71 839
71 39 839
39 72 365
72 39 365
39 60 842
60 39 842
39 70 159
70 39 159
40 48 504
48 40 504
40 62 567
62 40 567
40 64 407
64 40 407
40 42 158
42 40 158
40 52 670
52 40 670
40 75 780
75 40 780
40 73 659
73 40 659
41 84 791
84 41 791
41 75 299
75 41 299
41 58 93
58 41 93
41 57 475
57 41 475
41 63 673
63 41 673
41 80 162
80 41 162
42 46 937
46 42 937
42 59 430
59 42 430
42 72 240
72 42 240
42 63 768
63 42 768
42 71 203
71 42 203
42 66 781
66 42 781
42 64 959
64 42 959
42 56 161
56 42 161
42 76 981
76 42 981
43 54 352
54 43 352
43 45 657
45 43 657
43 50 562
50 43 562
43 68 897
68 43 897
43 84 609
84 43 609
43 73 513
73 43 513
43 82 167
82 43 167
43 49 583
49 43 583
43 73 356
73 43 356
44 78 106
78 44 106
44 62 92
62 44 92
44 47 887
47 44 887
44 69 179
69 44 179
44 82 514
82 44 514
45 73 593
73 45 593
45 57 583
57 45 583
45 57 517
57 45 517
45 82 216
82 45 216
45 51 109
51 45 109
45 83 619
83 45 619
45 69 52
69 45 52
45 48 426
48 45 426
45 72 794
72 45 794
46 47 921
47 46 921
46 60 880
60 46 880
46 54 672
54 46 672
46 78 203
78 46 203
46 65 837
65 46 837
46 62 524
62 46 524
47 67 92
67 47 92
47 73 237
73 47 237
47 66 475
66 47 475
47 68 344
68 47 344
47 49 362
49 47 362
47 79 399
79 47 399
47 73 819
73 47 819
48 59 99
59 48 99
48 82 602
82 48 602
48 77 227
77 48 227
49 51 770
51 49 770
49 64 506
64 49 506
49 79 171
79 49 171
49 53 617
53 49 617
49 82 432
82 49 432
49 59 510
59 49 510
50 55 319
55 50 319
50 61 477
61 50 477
50 53 870
53 50 870
50 61 258
61 50 258
50 85 367
85 50 367
50 65 77
65 50 77
50 65 231
65 50 231
51 56 626
56 51 626
51 61 327
61 51 327
51 53 997
53 51 997
51 56 148
56 51 148
51 84 806
84 51 806
52 80 540
80 52 540
52 66 85
66 52 85
52 53 685
53 52 685
52 63 277
63 52 277
52 78 248
78 52 248
52 62 639
62 52 639
52 55 569
55 52 569
52 69 867
69 52 867
53 75 817
75 53 817
53 82 201
82 53 201
53 71 589
71 53 589
53 63 127
63 53 127
54 69 722
69 54 722
54 65 297
65 54 297
54 80 312
80 54 312
54 83 590
83 54 590
54 80 590
80 54 590
55 67 975
67 55 975
55 82 608
82 55 608
55 60 891
60 55 891
55 57 223
57 55 223
55 62 946
62 55 946
55 62 38
62 55 38
55 77 962
77 55 962
55 59 969
59 55 969
55 68 39
68 55 39
56 66 179
66 56 179
56 64 493
64 56 493
56 84 4
84 56 4
56 81 655
81 56 655
56 75 695
75 56 695
56 78 314
78 56 314
56 61 395
61 56 395
56 82 524
82 56 524
56 69 636
69 56 636
57 76 265
76 57 265
57 65 400
65 57 400
57 75 336
75 57 336
57 63 645
63 57 645
57 78 67
78 57 67
57 69 379
69 57 379
57 77 857
77 57 857
57 70 693
70 57 693
58 66 921
66 58 921
58 67 555
67 58 555
58 65 500
65 58 500
58 84 310
84 58 310
58 73 138
73 58 138
59 76 855
76 59 855
59 61 777
61 59 777
59 81 233
81 59 233
59 79 649
79 59 649
59 81 425
81 59 425
59 60 742
60 59 742
60 72 350
72 60 350
60 67 862
67 60 862
60 72 974
72 60 974
60 76 933
76 60 933
60 81 477
81 60 477
61 69 249
69 61 249
61 74 850
74 61 850
61 65 221
65 61 221
61 67 298
67 61 298
61 64 951
64 61 951
61 68 380
68 61 380
62 84 485
84 62 485
62 71 556
71 62 556
62 70 933
70 62 933
62 62 294
62 62 294
62 74 103
74 62 103
63 68 377
68 63 377
63 63 612
63 63 612
63 71 229
71 63 229
63 67 20
67 63 20
64 67 559
67 64 559
64 70 650
70 64 650
64 80 180
80 64 180
64 75 178
75 64 178
64 66 385
66 64 385
65 71 322
71 65 322
65 69 362
69 65 362
65 74 551
74 65 551
66 79 917
79 66 917
66 75 304
75 66 304
66 80 771
80 66 771
66 69 851
69 66 851
66 70 166
70 66 166
66 68 694
68 66 694
67 78 738
78 67 738
67 83 296
83 67 296
68 69 201
69 68 201
68 71 526
71 68 526
68 83 801
83 68 801
68 75 776
75 68 776
69 75 986
75 69 986
69 81 212
81 69 212
69 70 49
70 69 49
70 80 899
80 70 899
71 78 610
78 71 610
71 79 167
79 71 167
71 75 53
75 71 53
72 78 225
78 72 225
72 82 202
82 72 202
72 81 511
81 72 511
72 78 884
78 72 884
73 81 932
81 73 932
74 80 449
80 74 449
74 83 270
83 74 270
75 76 182
76 75 182
76 84 916
84 76 916
77 85 757
85 77 757
77 84 783
84 77 783
78 82 15
82 78 15
78 79 991
79 78 991
78 82 757
82 78 757
78 84 778
84 78 778
79 80 894
80 79 894
79 84 659
84 79 659
80 81 411
81 80 411
80 83 527
83 80 527
