60

0 1 445
1 0 445
0 7 144
7 0 144
0 21 41
21 0 41
0 33 256
33 0 256
0 45 565
45 0 565
0 24 896
24 0 896
0 53 633
53 0 633
0 44 703
44 0 703
1 2 909
2 1 909
1 13 892
13 1 892
1 44 635
44 1 635
1 59 21
59 1 21
1 59 766
59 1 766
1 26 250
26 1 250
1 2 198
2 1 198
2 3 692
3 2 692
2 4 88
4 2 88
2 23 202
23 2 202
2 12 109
12 2 109
3 22 107
22 3 107
3 43 648
43 3 648
3 40 216
40 3 216
3 18 84
18 3 84
4 5 592
5 4 592
4 6 51
6 4 51
4 26 580
26 4 580
4 56 675
56 4 675
4 40 199
40 4 199
5 8 676
8 5 676
5 23 566
23 5 566
6 10 400
10 6 400
6 11 844
11 6 844
6 53 180
53 6 180
6 20 840
20 6 840
7 9 506
9 7 506
7 17 540
17 7 540
7 35 506
35 7 506
7 49 536
49 7 536
7 36 652
36 7 652
7 16 433
16 7 433
8 14 427
14 8 427
8 52 443
52 8 443
9 12 647
12 9 647
10 11 469
11 10 469
10 20 496
20 10 496
10 11 629
11 10 629
11 36 160
36 11 160
11 38 431
38 11 431
12 16 265
16 12 265
12 20 314
20 12 314
12 29 330
29 12 330
12 47 1
47 12 1
13 15 298
15 13 298
13 18 186
18 13 186
13 28 156
28 13 156
13 47 161
47 13 161
13 51 602
51 13 602
14 38 351
38 14 351
14 59 230
59 14 230
15 24 149
24 15 149
15 40 201
40 15 201
15 38 196
38 15 196
16 19 771
19 16 771
16 40 665
40 16 665
16 21 89
21 16 89
17 19 860
19 17 860
18 54 182
54 18 182
18 38 849
38 18 849
18 50 539
50 18 539
18 58 135
58 18 135
19 48 423
48 19 423
19 44 913
44 19 913
19 28 610
28 19 610
20 25 214
25 20 214
20 27 484
27 20 484
21 48 750
48 21 750
22 29 909
29 22 909
22 41 836
41 22 836
22 47 867
47 22 867
23 37 503
37 23 503
23 27 513
27 23 513
25 30 245
30 25 245
25 36 881
36 25 881
25 38 762
38 25 762
25 47 257
47 25 257
26 32 811
32 26 811
26 34 141
34 26 141
26 58 868
58 26 868
26 35 830
35 26 830
26 36 462
36 26 462
27 50 184
50 27 184
28 37 158
37 28 158
28 55 349
55 28 349
29 30 626
30 29 626
30 31 28
31 30 28
30 53 469
53 30 469
30 44 287
44 30 287
30 36 952
36 30 952
32 46 927
46 32 927
34 42 601
42 34 601
34 46 660
46 34 660
34 41 465
41 34 465
35 39 687
39 35 687
35 50 827
50 35 827
36 59 280
59 36 280
36 44 439
44 36 439
37 39 585
39 37 585
38 45 850
45 38 850
41 47 97
47 41 97
42 57 924
57 42 924
43 54 100
54 43 100
44 57 181
57 44 181
47 52 654
52 47 654
47 59 196
59 47 196
50 56 255
56 50 255
50 56 365
56 50 365
53 58 925
58 53 925
56 57 715
57 56 715
