77

0 1 204
1 0 204
0 2 612
2 0 612
0 6 639
6 0 639
0 7 255
7 0 255
0 10 958
10 0 958
0 18 120
18 0 120
0 12 321
12 0 321
0 65 361
65 0 361
0 41 995
41 0 995
0 71 161
71 0 161
0 64 235
64 0 235
0 55 78
55 0 78
0 41 863
41 0 863
0 37 111
37 0 111
1 3 660
3 1 660
1 5 968
5 1 968
1 8 569
8 1 569
1 11 998
11 1 998
1 12 465
12 1 465
1 17 410
17 1 410
1 52 303
52 1 303
1 68 424
68 1 424
1 12 700
12 1 700
1 26 634
26 1 634
1 16 538
16 1 538
1 70 246
70 1 246
1 24 627
24 1 627
1 19 308
19 1 308
1 26 108
26 1 108
1 7 923
7 1 923
2 4 953
4 2 953
2 14 196
14 2 196
2 28 367
28 2 367
2 64 82
64 2 82
2 6 606
6 2 606
2 61 865
61 2 865
2 61 68
61 2 68
2 47 878
47 2 878
2 36 970
36 2 970
2 14 319
14 2 319
2 38 526
38 2 526
2 10 928
10 2 928
2 56 621
56 2 621
2 21 350
21 2 350
2 60 216
60 2 216
3 71 960
71 3 960
3 5 774
5 3 774
4 9 545
9 4 545
4 19 542
19 4 542
4 64 591
64 4 591
4 27 845
27 4 845
4 58 478
58 4 478
4 55 876
55 4 876
4 27 945
27 4 945
4 30 207
30 4 207
4 30 402
30 4 402
4 37 528
37 4 528
4 35 742
35 4 742
4 53 241
53 4 241
4 9 805
9 4 805
4 25 13
25 4 13
5 60 511
60 5 511
5 15 155
15 5 155
5 44 230
44 5 230
5 59 974
59 5 974
5 47 520
47 5 520
5 23 264
23 5 264
6 45 466
45 6 466
6 56 497
56 6 497
6 72 560
72 6 560
6 9 870
9 6 870
6 40 884
40 6 884
6 63 406
63 6 406
6 9 943
9 6 943
6 66 177
66 6 177
6 49 503
49 6 503
6 51 131
51 6 131
7 16 904
16 7 904
7 57 911
57 7 911
7 62 772
62 7 772
7 17 758
17 7 758
7 35 94
35 7 94
7 16 296
16 7 296
7 74 4
74 7 4
7 64 555
64 7 555
8 42 808
42 8 808
8 70 46
70 8 46
8 19 39
19 8 39
8 14 285
14 8 285
8 27 764
27 8 764
8 36 809
36 8 809
8 72 37
72 8 37
8 9 830
9 8 830
8 20 635
20 8 635
9 15 540
15 9 540
9 24 641
24 9 641
9 29 615
29 9 615
9 14 615
14 9 615
9 56 208
56 9 208
10 13 820
13 10 820
10 31 268
31 10 268
10 36 524
36 10 524
10 73 335
73 10 335
10 69 741
69 10 741
10 23 725
23 10 725
10 27 23
27 10 23
10 68 111
68 10 111
10 57 348
57 10 348
10 71 95
71 10 95
10 11 83
11 10 83
10 30 705
30 10 705
10 73 447
73 10 447
11 68 33
68 11 33
11 12 722
12 11 722
11 16 641
16 11 641
11 33 56
33 11 56
11 12 982
12 11 982
11 47 442
47 11 442
11 14 812
14 11 812
12 21 79
21 12 79
12 29 755
29 12 755
12 48 239
48 12 239
12 32 817
32 12 817
12 16 153
16 12 153
12 46 1000
46 12 1000
12 70 529
70 12 529
13 34 112
34 13 112
13 71 801
71 13 801
13 30 573
30 13 573
13 49 603
49 13 603
13 32 866
32 13 866
14 27 709
27 14 709
14 70 913
70 14 913
14 59 592
59 14 592
14 25 558
25 14 558
14 30 313
30 14 313
14 31 972
31 14 972
14 33 326
33 14 326
14 50 483
50 14 483
15 25 894
25 15 894
15 63 399
63 15 399
15 45 931
45 15 931
15 57 569
57 15 569
15 71 642
71 15 642
15 26 707
26 15 707
15 60 615
60 15 615
15 59 441
59 15 441
15 62 952
62 15 952
15 58 640
58 15 640
16 20 825
20 16 825
16 26 12
26 16 12
16 35 645
35 16 645
16 19 318
19 16 318
16 48 330
48 16 330
16 60 888
60 16 888
16 57 109
57 16 109
16 38 610
38 16 610
16 74 288
74 16 288
17 22 277
22 17 277
17 19 481
19 17 481
17 67 44
67 17 44
17 42 661
42 17 661
17 72 515
72 17 515
17 49 402
49 17 402
17 58 877
58 17 877
17 46 749
46 17 749
18 61 384
61 18 384
18 28 196
28 18 196
18 74 859
74 18 859
18 22 600
22 18 600
18 73 908
73 18 908
18 75 351
75 18 351
18 50 315
50 18 315
18 74 187
74 18 187
18 54 938
54 18 938
18 39 179
39 18 179
19 23 683
23 19 683
19 33 102
33 19 102
19 49 993
49 19 993
19 51 943
51 19 943
19 66 140
66 19 140
19 19 120
19 19 120
19 29 215
29 19 215
19 74 935
74 19 935
19 64 330
64 19 330
19 39 60
39 19 60
19 51 186
51 19 186
19 59 907
59 19 907
19 55 785
55 19 785
20 30 189
30 20 189
20 37 667
37 20 667
20 64 148
64 20 148
20 32 396
32 20 396
21 40 408
40 21 408
21 47 150
47 21 150
21 65 591
65 21 591
21 58 187
58 21 187
21 25 395
25 21 395
22 24 221
24 22 221
22 35 428
35 22 428
22 49 165
49 22 165
22 59 335
59 22 335
22 44 110
44 22 110
22 38 53
38 22 53
22 38 406
38 22 406
22 51 461
51 22 461
22 38 436
38 22 436
22 74 161
74 22 161
22 27 223
27 22 223
22 68 477
68 22 477
23 41 272
41 23 272
23 51 619
51 23 619
23 34 777
34 23 777
23 42 645
42 23 645
24 54 455
54 24 455
24 64 510
64 24 510
24 57 420
57 24 420
25 35 450
35 25 450
25 51 433
51 25 433
25 72 286
72 25 286
25 76 733
76 25 733
25 49 435
49 25 435
25 72 589
72 25 589
25 59 321
59 25 321
26 39 550
39 26 550
26 50 175
50 26 175
26 74 693
74 26 693
26 47 46
47 26 46
26 59 21
59 26 21
26 39 351
39 26 351
26 29 294
29 26 294
26 56 200
56 26 200
27 66 178
66 27 178
27 49 8
49 27 8
27 50 437
50 27 437
27 71 475
71 27 475
27 42 39
42 27 39
27 40 961
40 27 961
28 48 685
48 28 685
28 62 223
62 28 223
28 38 517
38 28 517
28 31 773
31 28 773
28 51 624
51 28 624
28 55 438
55 28 438
28 37 443
37 28 443
28 74 320
74 28 320
28 73 309
73 28 309
29 64 672
64 29 672
29 45 168
45 29 168
29 45 759
45 29 759
29 34 802
34 29 802
29 45 107
45 29 107
29 29 238
29 29 238
30 32 363
32 30 363
30 61 749
61 30 749
30 65 867
65 30 867
30 39 913
39 30 913
30 62 596
62 30 596
31 52 996
52 31 996
31 53 583
53 31 583
31 37 433
37 31 433
31 61 593
61 31 593
31 67 750
67 31 750
33 44 151
44 33 151
33 37 374
37 33 374
33 37 5
37 33 5
34 43 629
43 34 629
34 62 67
62 34 67
34 62 626
62 34 626
34 38 330
38 34 330
35 38 37
38 35 37
35 58 376
58 35 376
35 46 969
46 35 969
35 42 845
42 35 845
35 36 185
36 35 185
35 57 198
57 35 198
35 69 909
69 35 909
36 57 655
57 36 655
36 75 301
75 36 301
36 39 178
39 36 178
36 66 424
66 36 424
36 54 426
54 36 426
36 59 104
59 36 104
36 62 288
62 36 288
36 53 964
53 36 964
36 44 747
44 36 747
36 75 32
75 36 32
37 45 439
45 37 439
37 62 548
62 37 548
37 66 883
66 37 883
37 45 964
45 37 964
37 63 837
63 37 837
38 73 942
73 38 942
38 67 639
67 38 639
38 73 671
73 38 671
39 47 817
47 39 817
39 74 512
74 39 512
39 58 76
58 39 76
39 63 960
63 39 960
40 44 296
44 40 296
40 46 949
46 40 949
40 74 492
74 40 492
40 55 848
55 40 848
41 75 769
75 41 769
42 54 504
54 42 504
42 66 726
66 42 726
42 74 101
74 42 101
43 52 680
52 43 680
43 59 465
59 43 465
43 52 377
52 43 377
43 49 459
49 43 459
43 72 130
72 43 130
43 48 628
48 43 628
44 54 582
54 44 582
44 48 357
48 44 357
44 66 709
66 44 709
44 60 162
60 44 162
45 50 308
50 45 308
45 69 436
69 45 436
46 59 485
59 46 485
46 49 533
49 46 533
46 76 114
76 46 114
46 64 967
64 46 967
46 48 91
48 46 91
47 76 973
76 47 973
47 50 78
50 47 78
47 73 349
73 47 349
47 49 908
49 47 908
47 50 358
50 47 358
47 51 891
51 47 891
48 58 978
58 48 978
48 72 256
72 48 256
48 61 398
61 48 398
48 64 893
64 48 893
48 72 941
72 48 941
49 53 481
53 49 481
49 74 649
74 49 649
49 68 342
68 49 342
49 75 15
75 49 15
49 49 364
49 49 364
50 55 235
55 50 235
51 57 615
57 51 615
52 52 637
52 52 637
52 65 895
65 52 895
53 70 695
70 53 695
54 65 919
65 54 919
54 56 680
56 54 680
54 73 185
73 54 185
55 56 805
56 55 805
55 55 774
55 55 774
55 57 857
57 55 857
55 75 215
75 55 215
55 69 87
69 55 87
56 72 619
72 56 619
56 64 391
64 56 391
56 58 19
58 56 19
56 59 770
59 56 770
58 74 821
74 58 821
58 72 703
72 58 703
58 63 858
63 58 858
58 63 659
63 58 659
59 60 605
60 59 605
59 74 246
74 59 246
60 74 191
74 60 191
60 69 16
69 60 16
61 67 14
67 61 14
62 70 253
70 62 253
62 69 540
69 62 540
62 69 87
69 62 87
64 76 360
76 64 360
65 74 301
74 65 301
66 69 234
69 66 234
66 66 608
66 66 608
67 74 408
74 67 408
69 76 56
76 69 56
71 76 952
76 71 952
