94

0 1 800
1 0 800
0 5 536
5 0 536
0 6 810
6 0 810
0 47 325
47 0 325
0 63 403
63 0 403
0 76 157
76 0 157
0 86 113
86 0 113
0 30 15
30 0 15
0 67 267
67 0 267
0 40 594
40 0 594
0 25 499
25 0 499
1 2 674
2 1 674
1 4 387
4 1 387
1 7 976
7 1 976
1 26 809
26 1 809
1 64 600
64 1 600
1 31 167
31 1 167
1 72 969
72 1 969
1 62 521
62 1 521
1 73 655
73 1 655
2 3 413
3 2 413
2 11 506
11 2 506
2 49 777
49 2 777
2 58 82
58 2 82
2 51 44
51 2 44
2 3 27
3 2 27
2 46 267
46 2 267
2 9 697
9 2 697
2 80 918
80 2 918
2 39 572
39 2 572
3 10 353
10 3 353
3 22 681
22 3 681
3 27 894
27 3 894
3 65 707
65 3 707
3 78 888
78 3 888
3 41 257
41 3 257
3 50 240
50 3 240
3 51 777
51 3 777
3 73 218
73 3 218
3 41 20
41 3 20
3 41 184
41 3 184
4 8 268
8 4 268
4 55 545
55 4 545
4 59 186
59 4 186
4 26 582
26 4 582
4 5 467
5 4 467
4 69 333
69 4 333
4 59 179
59 4 179
5 34 95
34 5 95
5 36 356
36 5 356
5 60 333
60 5 333
5 42 302
42 5 302
5 30 911
30 5 911
5 52 110
52 5 110
5 62 584
62 5 584
5 30 220
30 5 220
5 76 866
76 5 866
5 43 425
43 5 425
5 82 926
82 5 926
5 13 665
13 5 665
5 53 739
53 5 739
6 9 5
9 6 5
6 14 351
14 6 351
6 65 159
65 6 159
6 70 272
70 6 272
6 59 213
59 6 213
6 28 157
28 6 157
6 14 59
14 6 59
6 62 616
62 6 616
6 39 815
39 6 815
6 63 428
63 6 428
6 82 924
82 6 924
6 52 538
52 6 538
6 25 631
25 6 631
7 12 847
12 7 847
7 28 658
28 7 658
7 19 559
19 7 559
7 80 89
80 7 89
7 10 849
10 7 849
7 80 803
80 7 803
7 44 942
44 7 942
7 18 956
18 7 956
7 93 83
93 7 83
7 54 324
54 7 324
7 36 681
36 7 681
7 71 336
71 7 336
7 45 588
45 7 588
7 91 281
91 7 281
7 67 598
67 7 598
7 78 218
78 7 218
8 42 904
42 8 904
8 82 320
82 8 320
8 10 827
10 8 827
8 13 709
13 8 709
8 32 754
32 8 754
9 17 14
17 9 14
9 62 28
62 9 28
9 83 752
83 9 752
9 72 883
72 9 883
9 27 293
27 9 293
9 44 490
44 9 490
10 13 681
13 10 681
10 67 552
67 10 552
10 60 156
60 10 156
10 28 605
28 10 605
10 80 353
80 10 353
10 14 813
14 10 813
10 83 1
83 10 1
10 17 910
17 10 910
11 42 272
42 11 272
11 74 591
74 11 591
11 75 393
75 11 393
11 89 106
89 11 106
11 76 532
76 11 532
11 91 363
91 11 363
11 45 935
45 11 935
12 15 551
15 12 551
12 21 227
21 12 227
12 49 221
49 12 221
12 36 928
36 12 928
12 72 615
72 12 615
12 48 821
48 12 821
12 70 135
70 12 135
12 18 653
18 12 653
12 59 667
59 12 667
12 87 818
87 12 818
12 39 688
39 12 688
13 19 179
19 13 179
13 76 779
76 13 779
13 19 453
19 13 453
13 93 271
93 13 271
13 64 82
64 13 82
13 18 710
18 13 710
13 32 86
32 13 86
13 82 563
82 13 563
13 16 370
16 13 370
13 50 29
50 13 29
14 23 36
23 14 36
14 56 116
56 14 116
14 80 949
80 14 949
14 92 712
92 14 712
14 69 866
69 14 866
15 16 888
16 15 888
15 26 147
26 15 147
15 53 347
53 15 347
15 68 507
68 15 507
15 79 858
79 15 858
15 80 24
80 15 24
15 91 223
91 15 223
15 29 523
29 15 523
15 54 128
54 15 128
15 41 812
41 15 812
15 79 49
79 15 49
15 32 266
32 15 266
15 39 801
39 15 801
15 92 286
92 15 286
15 80 622
80 15 622
15 26 267
26 15 267
16 18 843
18 16 843
16 34 649
34 16 649
16 24 593
24 16 593
16 86 914
86 16 914
16 80 48
80 16 48
16 49 826
49 16 826
17 20 608
20 17 608
17 49 17
49 17 17
17 91 449
91 17 449
17 92 151
92 17 151
17 32 411
32 17 411
17 21 522
21 17 522
17 83 373
83 17 373
18 44 582
44 18 582
18 89 506
89 18 506
18 67 198
67 18 198
18 92 849
92 18 849
18 73 539
73 18 539
18 83 909
83 18 909
19 24 42
24 19 42
19 33 460
33 19 460
19 73 10
73 19 10
19 40 743
40 19 743
19 50 314
50 19 314
19 20 524
20 19 524
19 72 399
72 19 399
19 57 351
57 19 351
19 75 587
75 19 587
19 48 939
48 19 939
19 30 194
30 19 194
20 39 52
39 20 52
20 46 670
46 20 670
20 69 463
69 20 463
20 79 393
79 20 393
20 57 31
57 20 31
20 47 453
47 20 453
20 60 878
60 20 878
20 24 839
24 20 839
20 54 607
54 20 607
20 57 386
57 20 386
21 61 864
61 21 864
21 40 514
40 21 514
21 74 846
74 21 846
21 74 897
74 21 897
21 82 539
82 21 539
21 69 958
69 21 958
21 79 243
79 21 243
21 29 186
29 21 186
21 27 359
27 21 359
22 29 607
29 22 607
22 43 993
43 22 993
22 87 530
87 22 530
22 92 425
92 22 425
22 23 775
23 22 775
22 48 110
48 22 110
23 25 61
25 23 61
23 37 429
37 23 429
23 85 357
85 23 357
23 24 732
24 23 732
23 36 366
36 23 366
23 55 331
55 23 331
23 72 327
72 23 327
23 24 471
24 23 471
23 27 588
27 23 588
24 40 195
40 24 195
24 43 839
43 24 839
24 30 837
30 24 837
24 51 897
51 24 897
24 71 812
71 24 812
25 61 249
61 25 249
25 89 946
89 25 946
25 33 683
33 25 683
25 30 409
30 25 409
25 39 239
39 25 239
25 32 740
32 25 740
25 36 411
36 25 411
25 84 244
84 25 244
25 87 268
87 25 268
26 33 437
33 26 437
26 38 749
38 26 749
26 84 665
84 26 665
26 86 656
86 26 656
26 63 749
63 26 749
26 82 10
82 26 10
26 88 49
88 26 49
26 32 284
32 26 284
26 81 922
81 26 922
26 93 835
93 26 835
26 39 218
39 26 218
26 57 574
57 26 574
26 73 632
73 26 632
27 30 120
30 27 120
27 86 710
86 27 710
27 92 74
92 27 74
27 63 542
63 27 542
27 89 569
89 27 569
28 31 827
31 28 827
28 85 591
85 28 591
28 34 588
34 28 588
28 62 6
62 28 6
28 55 276
55 28 276
28 33 114
33 28 114
28 45 854
45 28 854
28 39 869
39 28 869
28 69 741
69 28 741
28 55 608
55 28 608
28 64 706
64 28 706
28 30 154
30 28 154
28 53 652
53 28 652
29 51 844
51 29 844
29 66 775
66 29 775
29 64 940
64 29 940
29 69 225
69 29 225
29 58 326
58 29 326
29 79 965
79 29 965
29 67 516
67 29 516
30 32 780
32 30 780
30 72 479
72 30 479
30 75 141
75 30 141
30 86 693
86 30 693
31 35 213
35 31 213
31 74 275
74 31 275
31 58 654
58 31 654
31 49 745
49 31 745
31 61 534
61 31 534
31 42 856
42 31 856
31 73 386
73 31 386
31 47 790
47 31 790
32 53 821
53 32 821
32 90 762
90 32 762
32 86 309
86 32 309
32 82 563
82 32 563
32 59 809
59 32 809
32 76 330
76 32 330
33 86 393
86 33 393
33 40 901
40 33 901
33 41 814
41 33 814
33 49 211
49 33 211
33 78 754
78 33 754
33 64 815
64 33 815
33 43 993
43 33 993
33 56 814
56 33 814
33 90 411
90 33 411
34 41 957
41 34 957
34 39 313
39 34 313
34 66 859
66 34 859
35 44 929
44 35 929
35 48 769
48 35 769
35 75 930
75 35 930
35 45 171
45 35 171
35 46 609
46 35 609
35 64 98
64 35 98
35 54 744
54 35 744
35 62 413
62 35 413
35 48 143
48 35 143
36 52 541
52 36 541
36 69 98
69 36 98
36 37 519
37 36 519
36 68 313
68 36 313
37 54 389
54 37 389
37 93 1
93 37 1
37 61 527
61 37 527
37 67 407
67 37 407
37 37 897
37 37 897
37 90 843
90 37 843
37 64 706
64 37 706
37 48 839
48 37 839
38 88 875
88 38 875
38 84 867
84 38 867
38 39 417
39 38 417
38 79 340
79 38 340
38 38 644
38 38 644
39 54 245
54 39 245
39 50 59
50 39 59
39 77 207
77 39 207
39 58 739
58 39 739
39 70 572
70 39 572
39 62 183
62 39 183
40 91 745
91 40 745
40 41 881
41 40 881
40 79 86
79 40 86
40 92 876
92 40 876
40 62 403
62 40 403
41 45 844
45 41 844
41 78 878
78 41 878
41 72 64
72 41 64
41 71 228
71 41 228
41 79 976
79 41 976
41 93 411
93 41 411
42 69 962
69 42 962
42 82 223
82 42 223
42 54 933
54 42 933
42 86 8
86 42 8
42 50 954
50 42 954
42 46 559
46 42 559
43 57 307
57 43 307
43 65 802
65 43 802
43 80 464
80 43 464
43 51 634
51 43 634
44 52 456
52 44 456
44 64 899
64 44 899
44 50 339
50 44 339
44 52 813
52 44 813
44 70 313
70 44 313
45 50 184
50 45 184
45 59 887
59 45 887
45 83 903
83 45 903
45 73 903
73 45 903
45 64 94
64 45 94
45 59 969
59 45 969
45 59 524
59 45 524
45 47 466
47 45 466
45 59 607
59 45 607
46 70 707
70 46 707
46 60 579
60 46 579
46 60 192
60 46 192
46 64 521
64 46 521
46 63 316
63 46 316
47 56 756
56 47 756
47 50 412
50 47 412
47 89 226
89 47 226
47 76 804
76 47 804
48 68 576
68 48 576
48 84 986
84 48 986
48 61 416
61 48 416
49 64 59
64 49 59
49 52 172
52 49 172
49 90 171
90 49 171
49 52 787
52 49 787
49 67 219
67 49 219
49 92 33
92 49 33
50 55 274
55 50 274
50 76 855
76 50 855
51 71 31
71 51 31
51 67 804
67 51 804
51 74 810
74 51 810
51 90 475
90 51 475
51 62 71
62 51 71
52 76 294
76 52 294
52 53 107
53 52 107
52 91 694
91 52 694
52 77 293
77 52 293
52 83 896
83 52 896
52 85 348
85 52 348
52 75 337
75 52 337
52 79 582
79 52 582
53 62 26
62 53 26
53 56 861
56 53 861
53 63 749
63 53 749
53 76 710
76 53 710
54 74 363
74 54 363
55 72 876
72 55 876
55 66 782
66 55 782
55 85 491
85 55 491
56 60 177
60 56 177
56 78 865
78 56 865
56 64 77
64 56 77
56 75 1000
75 56 1000
56 74 538
74 56 538
56 85 472
85 56 472
57 73 230
73 57 230
57 88 225
88 57 225
57 92 757
92 57 757
57 76 540
76 57 540
57 67 370
67 57 370
58 87 711
87 58 711
58 91 810
91 58 810
58 63 77
63 58 77
59 70 390
70 59 390
59 88 369
88 59 369
59 63 336
63 59 336
60 63 117
63 60 117
60 93 724
93 60 724
60 65 677
65 60 677
61 88 346
88 61 346
61 81 863
81 61 863
61 90 422
90 61 422
62 69 637
69 62 637
62 92 680
92 62 680
62 93 364
93 62 364
63 92 392
92 63 392
63 67 924
67 63 924
63 86 25
86 63 25
63 67 775
67 63 775
64 78 377
78 64 377
64 76 126
76 64 126
65 67 86
67 65 86
65 73 184
73 65 184
65 79 465
79 65 465
65 88 579
88 65 579
65 79 131
79 65 131
66 83 608
83 66 608
66 92 155
92 66 155
66 82 502
82 66 502
67 77 250
77 67 250
67 83 20
83 67 20
67 78 191
78 67 191
67 85 129
85 67 129
67 85 785
85 67 785
68 76 75
76 68 75
68 76 269
76 68 269
68 71 983
71 68 983
69 91 431
91 69 431
69 73 54
73 69 54
69 85 299
85 69 299
69 84 279
84 69 279
69 82 76
82 69 76
70 77 549
77 70 549
70 91 404
91 70 404
70 84 285
84 70 285
71 86 126
86 71 126
71 74 136
74 71 136
72 79 739
79 72 739
72 76 196
76 72 196
73 86 66
86 73 66
73 88 566
88 73 566
74 89 816
89 74 816
74 86 797
86 74 797
74 86 526
86 74 526
74 93 209
93 74 209
75 81 881
81 75 881
75 76 21
76 75 21
76 76 741
76 76 741
76 87 237
87 76 237
76 88 640
88 76 640
76 85 124
85 76 124
77 87 410
87 77 410
77 90 144
90 77 144
77 91 304
91 77 304
78 87 765
87 78 765
78 80 749
80 78 749
79 85 746
85 79 746
79 93 552
93 79 552
79 89 255
89 79 255
80 81 872
81 80 872
80 81 794
81 80 794
80 83 930
83 80 930
80 92 424
92 80 424
80 91 1
91 80 1
81 86 522
86 81 522
82 91 337
91 82 337
82 89 644
89 82 644
82 83 643
83 82 643
84 90 19
90 84 19
85 87 517
87 85 517
86 91 417
91 86 417
88 93 756
93 88 756
90 91 729
91 90 729
90 93 343
93 90 343
