84

0 1 118
1 0 118
0 25 93
25 0 93
0 52 554
52 0 554
0 70 136
70 0 136
1 2 166
2 1 166
1 3 965
3 1 965
1 19 663
19 1 663
1 52 978
52 1 978
1 51 985
51 1 985
1 63 416
63 1 416
2 4 657
4 2 657
2 5 602
5 2 602
2 9 155
9 2 155
2 57 643
57 2 643
2 65 27
65 2 27
3 8 983
8 3 983
3 18 155
18 3 155
3 34 375
34 3 375
3 61 312
61 3 312
4 7 547
7 4 547
4 46 825
46 4 825
4 8 777
8 4 777
5 6 121
6 5 121
5 10 486
10 5 486
5 22 375
22 5 375
5 38 858
38 5 858
6 43 48
43 6 48
6 45 460
45 6 460
6 56 830
56 6 830
6 59 484
59 6 484
6 69 374
69 6 374
6 26 208
26 6 208
7 12 880
12 7 880
7 58 766
58 7 766
7 63 822
63 7 822
7 50 868
50 7 868
7 56 71
56 7 71
7 8 790
8 7 790
8 11 635
11 8 635
8 14 275
14 8 275
8 16 519
16 8 519
8 30 884
30 8 884
8 61 735
61 8 735
8 50 433
50 8 433
9 32 594
32 9 594
9 44 226
44 9 226
10 23 483
23 10 483
10 39 247
39 10 247
11 13 383
13 11 383
11 42 871
42 11 871
11 55 280
55 11 280
11 72 29
72 11 29
12 54 822
54 12 822
13 15 39
15 13 39
13 41 978
41 13 978
13 64 450
64 13 450
13 20 560
20 13 560
14 35 388
35 14 388
14 22 840
22 14 840
16 17 599
17 16 599
16 26 628
26 16 628
16 36 792
36 16 792
16 51 513
51 16 513
16 44 722
44 16 722
17 20 351
20 17 351
17 47 503
47 17 503
17 19 426
19 17 426
17 39 89
39 17 89
17 36 203
36 17 203
18 21 442
21 18 442
18 24 930
24 18 930
18 24 299
24 18 299
19 71 88
71 19 88
19 65 881
65 19 881
20 61 81
61 20 81
20 34 519
34 20 519
20 70 513
70 20 513
21 37 820
37 21 820
21 53 171
53 21 171
21 41 873
41 21 873
21 78 761
78 21 761
22 28 395
28 22 395
23 27 190
27 23 190
23 50 352
50 23 352
23 52 501
52 23 501
23 64 921
64 23 921
23 50 702
50 23 702
24 34 918
34 24 918
24 49 713
49 24 713
24 69 506
69 24 506
25 31 908
31 25 908
25 67 858
67 25 858
25 70 316
70 25 316
25 71 458
71 25 458
25 36 177
36 25 177
25 39 890
39 25 890
26 29 682
29 26 682
26 39 158
39 26 158
27 34 143
34 27 143
29 33 161
33 29 161
29 38 336
38 29 336
29 60 440
60 29 440
30 40 443
40 30 443
30 48 137
48 30 137
30 83 298
83 30 298
30 57 940
57 30 940
32 69 227
69 32 227
32 59 953
59 32 953
34 80 719
80 34 719
34 39 939
39 34 939
35 81 348
81 35 348
35 75 908
75 35 908
35 54 233
54 35 233
35 39 600
39 35 600
36 53 715
53 36 715
39 62 875
62 39 875
39 53 456
53 39 456
40 74 26
74 40 26
40 78 42
78 40 42
40 69 541
69 40 541
42 59 781
59 42 781
45 66 907
66 45 907
45 73 719
73 45 719
45 45 819
45 45 819
45 74 915
74 45 915
46 60 282
60 46 282
46 53 620
53 46 620
46 80 163
80 46 163
47 77 903
77 47 903
49 60 595
60 49 595
51 65 868
65 51 868
51 55 628
55 51 628
53 66 418
66 53 418
54 60 669
60 54 669
55 74 603
74 55 603
55 79 53
79 55 53
56 68 186
68 56 186
56 72 358
72 56 358
56 58 908
58 56 908
57 73 608
73 57 608
58 69 577
69 58 577
58 83 96
83 58 96
59 83 97
83 59 97
60 60 383
60 60 383
61 76 719
76 61 719
61 61 484
61 61 484
67 79 246
79 67 246
67 77 85
77 67 85
68 71 698
71 68 698
72 75 1000
75 72 1000
73 82 725
82 73 725
73 78 795
78 73 795
79 83 18
83 79 18
