80

0 1 582
1 0 582
0 2 53
2 0 53
0 5 693
5 0 693
0 9 617
9 0 617
0 14 976
14 0 976
0 15 209
15 0 209
0 32 286
32 0 286
0 39 837
39 0 837
0 3 207
3 0 207
0 30 388
30 0 388
0 76 843
76 0 843
0 19 312
19 0 312
0 54 107
54 0 107
0 22 898
22 0 898
0 42 834
42 0 834
0 73 279
73 0 279
0 8 87
8 0 87
1 3 793
3 1 793
1 68 689
68 1 689
1 50 211
50 1 211
1 60 419
60 1 419
1 37 234
37 1 234
1 62 630
62 1 630
1 46 47
46 1 47
1 78 311
78 1 311
2 7 877
7 2 877
2 43 119
43 2 119
2 22 812
22 2 812
2 5 296
5 2 296
2 51 821
51 2 821
3 4 892
4 3 892
3 6 235
6 3 235
3 10 918
10 3 918
3 6 585
6 3 585
3 79 734
79 3 734
3 24 12
24 3 12
3 32 619
32 3 619
3 65 525
65 3 525
3 15 190
15 3 190
3 72 817
72 3 817
3 70 191
70 3 191
4 8 222
8 4 222
4 13 464
13 4 464
4 21 481
21 4 481
4 73 319
73 4 319
4 22 389
22 4 389
4 65 509
65 4 509
4 14 899
14 4 899
4 21 46
21 4 46
4 41 842
41 4 842
4 70 920
70 4 920
5 11 780
11 5 780
5 50 301
50 5 301
5 63 926
63 5 926
5 65 372
65 5 372
5 46 416
46 5 416
5 74 146
74 5 146
6 17 102
17 6 102
6 41 497
41 6 497
6 52 602
52 6 602
6 78 707
78 6 707
6 49 247
49 6 247
6 31 241
31 6 241
6 18 456
18 6 456
6 29 33
29 6 33
6 24 78
24 6 78
6 37 828
37 6 828
7 16 944
16 7 944
7 58 255
58 7 255
7 44 936
44 7 936
7 37 548
37 7 548
7 37 142
37 7 142
7 21 232
21 7 232
7 74 185
74 7 185
7 75 290
75 7 290
7 33 563
33 7 563
8 19 99
19 8 99
8 23 531
23 8 531
8 36 337
36 8 337
8 42 141
42 8 141
8 40 296
40 8 296
8 49 316
49 8 316
8 11 706
11 8 706
9 31 369
31 9 369
9 62 989
62 9 989
9 42 95
42 9 95
9 66 746
66 9 746
9 32 204
32 9 204
9 44 563
44 9 563
9 18 519
18 9 519
9 51 983
51 9 983
9 16 334
16 9 334
9 53 2
53 9 2
10 12 69
12 10 69
10 26 46
26 10 46
10 55 782
55 10 782
10 50 652
50 10 652
10 75 542
75 10 542
10 48 978
48 10 978
10 58 223
58 10 223
11 24 307
24 11 307
11 58 513
58 11 513
11 12 608
12 11 608
11 78 579
78 11 579
11 23 868
23 11 868
11 33 658
33 11 658
11 31 357
31 11 357
12 46 529
46 12 529
12 18 537
18 12 537
12 16 554
16 12 554
12 60 424
60 12 424
12 73 399
73 12 399
13 28 799
28 13 799
13 24 349
24 13 349
13 54 879
54 13 879
13 20 993
20 13 993
13 69 348
69 13 348
13 74 724
74 13 724
13 49 608
49 13 608
13 41 4
41 13 4
13 61 679
61 13 679
13 22 779
22 13 779
13 46 797
46 13 797
13 52 128
52 13 128
14 18 446
18 14 446
14 48 314
48 14 314
14 56 378
56 14 378
14 24 284
24 14 284
14 58 587
58 14 587
14 16 32
16 14 32
14 70 746
70 14 746
14 70 418
70 14 418
14 24 106
24 14 106
14 78 840
78 14 840
14 34 950
34 14 950
15 44 669
44 15 669
15 51 898
51 15 898
15 72 997
72 15 997
15 35 12
35 15 12
15 75 267
75 15 267
15 20 304
20 15 304
15 61 312
61 15 312
16 61 525
61 16 525
16 53 370
53 16 370
16 61 612
61 16 612
16 59 444
59 16 444
16 32 291
32 16 291
16 75 660
75 16 660
16 36 481
36 16 481
16 59 24
59 16 24
16 78 143
78 16 143
16 79 198
79 16 198
17 77 879
77 17 879
17 72 378
72 17 378
18 70 807
70 18 807
18 78 11
78 18 11
18 51 846
51 18 846
18 23 61
23 18 61
19 20 627
20 19 627
19 33 258
33 19 258
19 38 529
38 19 529
19 45 537
45 19 537
19 35 120
35 19 120
19 53 353
53 19 353
19 25 375
25 19 375
19 57 417
57 19 417
19 76 388
76 19 388
20 34 652
34 20 652
20 49 798
49 20 798
20 79 749
79 20 749
20 49 745
49 20 745
20 73 279
73 20 279
20 22 917
22 20 917
20 44 302
44 20 302
20 47 824
47 20 824
20 74 883
74 20 883
20 34 754
34 20 754
20 64 461
64 20 461
21 22 797
22 21 797
21 29 474
29 21 474
21 47 710
47 21 710
21 79 500
79 21 500
21 70 159
70 21 159
21 34 104
34 21 104
21 33 515
33 21 515
21 31 599
31 21 599
21 72 965
72 21 965
21 74 21
74 21 21
21 59 709
59 21 709
22 64 971
64 22 971
22 35 120
35 22 120
22 60 906
60 22 906
22 51 455
51 22 455
22 29 779
29 22 779
22 46 87
46 22 87
22 37 759
37 22 759
22 48 53
48 22 53
22 63 639
63 22 639
22 63 843
63 22 843
22 53 623
53 22 623
22 44 708
44 22 708
22 38 263
38 22 263
22 35 362
35 22 362
23 25 334
25 23 334
23 34 173
34 23 173
23 30 325
30 23 325
23 75 791
75 23 791
23 61 837
61 23 837
23 59 983
59 23 983
23 78 315
78 23 315
23 71 148
71 23 148
24 27 134
27 24 134
24 57 410
57 24 410
24 71 904
71 24 904
24 73 171
73 24 171
24 44 657
44 24 657
25 78 74
78 25 74
25 39 41
39 25 41
26 29 914
29 26 914
26 48 307
48 26 307
26 52 406
52 26 406
26 77 552
77 26 552
26 52 338
52 26 338
27 30 475
30 27 475
27 27 301
27 27 301
27 51 546
51 27 546
27 43 578
43 27 578
28 50 986
50 28 986
28 72 840
72 28 840
28 66 552
66 28 552
29 66 771
66 29 771
29 59 801
59 29 801
29 65 660
65 29 660
29 32 482
32 29 482
30 40 696
40 30 696
30 46 719
46 30 719
30 33 36
33 30 36
30 46 890
46 30 890
30 67 766
67 30 766
31 35 290
35 31 290
31 78 331
78 31 331
31 60 949
60 31 949
31 50 770
50 31 770
31 46 167
46 31 167
32 79 500
79 32 500
33 69 679
69 33 679
33 65 165
65 33 165
33 55 346
55 33 346
33 51 216
51 33 216
33 77 350
77 33 350
33 40 548
40 33 548
33 73 494
73 33 494
34 37 393
37 34 393
34 40 597
40 34 597
34 76 25
76 34 25
34 40 783
40 34 783
34 73 626
73 34 626
34 51 368
51 34 368
34 36 590
36 34 590
35 43 36
43 35 36
35 69 222
69 35 222
35 51 245
51 35 245
35 58 977
58 35 977
36 53 668
53 36 668
36 76 578
76 36 578
36 54 899
54 36 899
37 77 422
77 37 422
37 41 445
41 37 445
37 69 960
69 37 960
37 41 909
41 37 909
38 75 730
75 38 730
38 76 930
76 38 930
38 43 880
43 38 880
38 62 492
62 38 492
39 55 491
55 39 491
40 61 533
61 40 533
40 77 790
77 40 790
40 50 89
50 40 89
40 44 672
44 40 672
40 63 772
63 40 772
40 47 494
47 40 494
40 49 452
49 40 452
41 50 949
50 41 949
41 66 288
66 41 288
42 49 154
49 42 154
42 61 334
61 42 334
43 58 834
58 43 834
43 78 397
78 43 397
43 71 647
71 43 647
44 54 974
54 44 974
45 57 223
57 45 223
45 71 547
71 45 547
45 58 446
58 45 446
45 63 588
63 45 588
45 67 990
67 45 990
46 52 410
52 46 410
46 51 533
51 46 533
46 74 852
74 46 852
47 78 466
78 47 466
47 50 164
50 47 164
47 63 570
63 47 570
47 73 94
73 47 94
47 64 334
64 47 334
47 50 285
50 47 285
48 66 975
66 48 975
48 50 825
50 48 825
48 68 888
68 48 888
48 52 885
52 48 885
48 53 163
53 48 163
49 56 616
56 49 616
49 62 8
62 49 8
49 70 292
70 49 292
49 75 450
75 49 450
49 64 336
64 49 336
50 62 881
62 50 881
50 61 832
61 50 832
51 54 302
54 51 302
51 68 105
68 51 105
51 70 158
70 51 158
51 56 810
56 51 810
51 58 603
58 51 603
52 60 361
60 52 361
52 67 179
67 52 179
52 74 57
74 52 57
52 64 137
64 52 137
52 75 388
75 52 388
52 53 185
53 52 185
53 59 30
59 53 30
53 75 701
75 53 701
53 79 819
79 53 819
53 62 930
62 53 930
54 59 345
59 54 345
54 79 725
79 54 725
54 57 468
57 54 468
54 66 265
66 54 265
55 69 311
69 55 311
56 70 53
70 56 53
57 71 700
71 57 700
58 75 245
75 58 245
58 70 693
70 58 693
59 76 776
76 59 776
59 62 15
62 59 15
59 72 521
72 59 521
59 76 110
76 59 110
59 73 718
73 59 718
60 67 344
67 60 344
60 74 995
74 60 995
60 65 533
65 60 533
60 60 944
60 60 944
60 64 904
64 60 904
61 79 950
79 61 950
61 63 184
63 61 184
61 64 308
64 61 308
61 75 401
75 61 401
62 76 483
76 62 483
63 70 258
70 63 258
63 68 58
68 63 58
63 67 968
67 63 968
64 68 229
68 64 229
65 79 635
79 65 635
68 79 342
79 68 342
71 71 929
71 71 929
71 71 574
71 71 574
73 77 456
77 73 456
77 79 868
79 77 868
78 78 877
78 78 877
