91

0 1 52
1 0 52
0 3 591
3 0 591
0 4 739
4 0 739
0 5 796
5 0 796
0 6 494
6 0 494
0 7 428
7 0 428
0 18 731
18 0 731
0 20 936
20 0 936
0 28 258
28 0 258
1 2 689
2 1 689
1 12 340
12 1 340
1 14 589
14 1 589
1 64 363
64 1 363
2 13 681
13 2 681
2 35 14
35 2 14
2 89 211
89 2 211
3 10 82
10 3 82
3 15 819
15 3 819
3 34 89
34 3 89
4 9 590
9 4 590
5 67 985
67 5 985
5 56 621
56 5 621
5 85 865
85 5 865
6 16 388
16 6 388
6 24 489
24 6 489
7 8 809
8 7 809
7 43 7
43 7 7
7 38 807
38 7 807
8 21 274
21 8 274
8 50 543
50 8 543
8 60 475
60 8 475
8 60 976
60 8 976
9 22 794
22 9 794
9 63 943
63 9 943
10 11 525
11 10 525
10 62 215
62 10 215
10 83 855
83 10 855
11 79 57
79 11 57
12 31 916
31 12 916
12 32 738
32 12 738
12 41 783
41 12 783
12 35 696
35 12 696
13 17 697
17 13 697
13 19 10
19 13 10
13 69 283
69 13 283
14 24 172
24 14 172
14 27 885
27 14 885
14 87 949
87 14 949
14 60 504
60 14 504
15 33 607
33 15 607
16 25 757
25 16 757
16 26 349
26 16 349
16 59 75
59 16 75
17 64 31
64 17 31
18 30 227
30 18 227
18 87 985
87 18 985
19 47 508
47 19 508
19 53 946
53 19 946
19 55 528
55 19 528
20 38 493
38 20 493
21 44 582
44 21 582
21 68 406
68 21 406
21 82 880
82 21 880
22 23 175
23 22 175
24 29 216
29 24 216
24 46 384
46 24 384
25 82 485
82 25 485
27 45 334
45 27 334
28 90 599
90 28 599
28 56 335
56 28 335
29 90 101
90 29 101
30 40 329
40 30 329
30 52 149
52 30 149
30 57 597
57 30 597
30 78 984
78 30 984
31 36 878
36 31 878
32 86 783
86 32 783
33 54 687
54 33 687
34 63 426
63 34 426
35 70 715
70 35 715
36 37 622
37 36 622
36 42 989
42 36 989
36 43 332
43 36 332
36 77 861
77 36 861
37 49 43
49 37 43
37 56 698
56 37 698
38 39 938
39 38 938
39 70 74
70 39 74
39 80 995
80 39 995
43 48 789
48 43 789
44 88 782
88 44 782
44 57 676
57 44 676
45 51 535
51 45 535
46 75 364
75 46 364
49 71 366
71 49 366
51 66 111
66 51 111
51 84 34
84 51 34
52 84 579
84 52 579
54 58 755
58 54 755
54 72 235
72 54 235
55 86 411
86 55 411
57 61 881
61 57 881
59 76 888
76 59 888
62 73 119
73 62 119
62 78 272
78 62 272
62 85 816
85 62 816
64 65 613
65 64 613
67 74 483
74 67 483
73 81 962
81 73 962
73 81 664
81 73 664
