98

0 1 941
1 0 941
0 3 132
3 0 132
0 4 861
4 0 861
0 5 775
5 0 775
0 87 170
87 0 170
0 62 949
62 0 949
0 57 856
57 0 856
0 51 619
51 0 619
0 3 420
3 0 420
0 20 362
20 0 362
0 5 767
5 0 767
0 87 692
87 0 692
0 25 493
25 0 493
0 34 217
34 0 217
1 2 197
2 1 197
1 6 921
6 1 921
1 7 732
7 1 732
1 8 772
8 1 772
1 21 551
21 1 551
1 47 996
47 1 996
1 61 407
61 1 407
1 16 631
16 1 631
1 28 846
28 1 846
1 28 988
28 1 988
1 84 742
84 1 742
1 22 507
22 1 507
1 58 224
58 1 224
1 45 727
45 1 727
1 40 342
40 1 342
1 10 384
10 1 384
1 52 837
52 1 837
1 7 304
7 1 304
1 6 163
6 1 163
1 19 662
19 1 662
1 70 785
70 1 785
1 72 476
72 1 476
2 43 196
43 2 196
2 27 944
27 2 944
2 7 465
7 2 465
2 87 718
87 2 718
2 62 132
62 2 132
2 4 568
4 2 568
2 89 803
89 2 803
2 14 140
14 2 140
2 4 498
4 2 498
2 39 897
39 2 897
2 82 150
82 2 150
2 34 636
34 2 636
2 20 593
20 2 593
2 12 285
12 2 285
2 49 538
49 2 538
2 29 289
29 2 289
2 60 440
60 2 440
2 90 790
90 2 790
2 17 402
17 2 402
2 85 329
85 2 329
2 73 12
73 2 12
2 24 436
24 2 436
3 12 481
12 3 481
3 16 296
16 3 296
3 18 524
18 3 524
3 44 127
44 3 127
3 79 528
79 3 528
3 92 130
92 3 130
3 76 125
76 3 125
3 95 776
95 3 776
3 30 97
30 3 97
3 81 97
81 3 97
3 74 352
74 3 352
3 92 78
92 3 78
3 53 257
53 3 257
3 33 203
33 3 203
3 19 432
19 3 432
3 58 158
58 3 158
3 47 429
47 3 429
3 87 852
87 3 852
3 59 63
59 3 63
3 15 673
15 3 673
3 89 695
89 3 695
3 57 883
57 3 883
3 17 888
17 3 888
3 7 803
7 3 803
4 9 355
9 4 355
4 13 204
13 4 204
4 22 346
22 4 346
4 28 54
28 4 54
4 60 68
60 4 68
4 35 619
35 4 619
4 71 189
71 4 189
4 78 132
78 4 132
4 64 889
64 4 889
4 17 716
17 4 716
4 51 637
51 4 637
4 78 567
78 4 567
4 26 341
26 4 341
4 45 942
45 4 942
4 79 993
79 4 993
4 84 760
84 4 760
4 96 107
96 4 107
4 45 705
45 4 705
4 89 189
89 4 189
4 46 763
46 4 763
5 11 963
11 5 963
5 26 554
26 5 554
5 30 491
30 5 491
5 11 9
11 5 9
5 53 574
53 5 574
5 67 990
67 5 990
5 79 153
79 5 153
5 81 432
81 5 432
5 16 990
16 5 990
5 73 1000
73 5 1000
5 64 882
64 5 882
5 16 958
16 5 958
5 41 318
41 5 318
5 46 354
46 5 354
5 63 670
63 5 670
6 19 324
19 6 324
6 24 846
24 6 846
6 29 440
29 6 440
6 32 178
32 6 178
6 35 911
35 6 911
6 88 280
88 6 280
6 97 836
97 6 836
6 38 635
38 6 635
6 58 183
58 6 183
6 52 523
52 6 523
6 7 350
7 6 350
6 25 901
25 6 901
6 30 805
30 6 805
6 63 277
63 6 277
7 10 397
10 7 397
7 80 449
80 7 449
7 29 381
29 7 381
7 27 947
27 7 947
7 93 105
93 7 105
7 14 893
14 7 893
7 24 221
24 7 221
7 15 558
15 7 558
7 12 140
12 7 140
7 36 38
36 7 38
7 84 309
84 7 309
7 67 820
67 7 820
7 35 501
35 7 501
7 38 826
38 7 826
7 35 205
35 7 205
7 11 677
11 7 677
7 89 478
89 7 478
7 54 852
54 7 852
7 55 440
55 7 440
7 86 56
86 7 56
7 15 172
15 7 172
8 15 539
15 8 539
8 17 600
17 8 600
8 71 958
71 8 958
8 11 100
11 8 100
8 61 921
61 8 921
8 38 348
38 8 348
8 18 202
18 8 202
8 95 188
95 8 188
8 90 559
90 8 559
8 80 830
80 8 830
8 49 401
49 8 401
8 15 738
15 8 738
8 31 682
31 8 682
8 18 841
18 8 841
8 60 239
60 8 239
8 29 436
29 8 436
8 52 863
52 8 863
8 82 641
82 8 641
8 48 292
48 8 292
8 67 911
67 8 911
8 62 641
62 8 641
8 52 799
52 8 799
8 28 511
28 8 511
9 50 86
50 9 86
9 10 805
10 9 805
9 50 121
50 9 121
9 30 463
30 9 463
9 57 736
57 9 736
9 29 430
29 9 430
9 70 580
70 9 580
10 20 619
20 10 619
10 25 328
25 10 328
10 92 305
92 10 305
10 19 330
19 10 330
10 77 632
77 10 632
10 36 709
36 10 709
10 16 627
16 10 627
10 86 746
86 10 746
10 23 878
23 10 878
10 88 562
88 10 562
10 55 143
55 10 143
10 96 276
96 10 276
10 33 14
33 10 14
10 23 174
23 10 174
10 62 551
62 10 551
10 33 656
33 10 656
10 73 211
73 10 211
11 14 983
14 11 983
11 27 509
27 11 509
11 34 287
34 11 287
11 70 600
70 11 600
11 55 161
55 11 161
11 54 834
54 11 834
11 96 761
96 11 761
11 13 46
13 11 46
11 52 707
52 11 707
11 93 718
93 11 718
11 33 754
33 11 754
11 89 54
89 11 54
11 38 128
38 11 128
11 89 529
89 11 529
11 43 114
43 11 114
12 31 948
31 12 948
12 62 312
62 12 312
12 88 608
88 12 608
12 22 17
22 12 17
12 37 913
37 12 913
12 60 136
60 12 136
12 66 353
66 12 353
12 40 46
40 12 46
12 69 874
69 12 874
12 44 140
44 12 140
12 41 740
41 12 740
12 70 842
70 12 842
12 79 86
79 12 86
12 60 240
60 12 240
12 28 477
28 12 477
12 72 791
72 12 791
12 96 31
96 12 31
13 39 597
39 13 597
13 64 880
64 13 880
13 55 723
55 13 723
13 49 100
49 13 100
13 45 848
45 13 848
13 37 264
37 13 264
13 86 863
86 13 863
13 37 927
37 13 927
13 75 705
75 13 705
13 66 976
66 13 976
13 40 506
40 13 506
13 77 577
77 13 577
13 55 146
55 13 146
13 20 516
20 13 516
13 66 409
66 13 409
13 23 729
23 13 729
13 49 391
49 13 391
13 67 775
67 13 775
13 49 254
49 13 254
13 14 895
14 13 895
13 58 851
58 13 851
14 55 822
55 14 822
14 27 519
27 14 519
14 54 405
54 14 405
14 23 745
23 14 745
14 88 723
88 14 723
14 58 564
58 14 564
14 32 695
32 14 695
14 71 19
71 14 19
14 16 199
16 14 199
14 53 372
53 14 372
15 96 312
96 15 312
15 86 480
86 15 480
15 22 503
22 15 503
15 55 987
55 15 987
15 34 17
34 15 17
15 63 838
63 15 838
15 39 561
39 15 561
15 39 342
39 15 342
16 50 568
50 16 568
16 26 65
26 16 65
16 80 763
80 16 763
16 56 768
56 16 768
16 70 261
70 16 261
16 57 282
57 16 282
16 46 957
46 16 957
16 40 973
40 16 973
16 30 712
30 16 712
16 36 610
36 16 610
16 55 732
55 16 732
17 71 414
71 17 414
17 54 677
54 17 677
17 47 345
47 17 345
17 50 34
50 17 34
17 29 523
29 17 523
17 48 15
48 17 15
17 22 873
22 17 873
17 19 301
19 17 301
17 61 218
61 17 218
17 28 834
28 17 834
17 43 906
43 17 906
17 59 480
59 17 480
17 33 518
33 17 518
17 86 70
86 17 70
18 97 278
97 18 278
18 61 390
61 18 390
18 28 920
28 18 920
18 19 979
19 18 979
18 55 257
55 18 257
18 25 430
25 18 430
18 80 583
80 18 583
18 89 857
89 18 857
18 19 228
19 18 228
18 56 834
56 18 834
18 47 925
47 18 925
18 47 39
47 18 39
18 32 148
32 18 148
19 57 521
57 19 521
19 20 564
20 19 564
19 57 204
57 19 204
19 64 734
64 19 734
19 31 6
31 19 6
19 53 48
53 19 48
19 89 50
89 19 50
19 60 829
60 19 829
19 45 798
45 19 798
19 52 38
52 19 38
19 67 57
67 19 57
19 69 136
69 19 136
19 55 72
55 19 72
20 59 264
59 20 264
20 55 260
55 20 260
20 79 152
79 20 152
20 69 164
69 20 164
20 84 717
84 20 717
20 82 996
82 20 996
20 50 468
50 20 468
20 29 929
29 20 929
20 22 989
22 20 989
21 42 733
42 21 733
21 90 772
90 21 772
21 79 931
79 21 931
21 40 99
40 21 99
21 94 946
94 21 946
21 43 596
43 21 596
21 36 867
36 21 867
21 52 207
52 21 207
21 67 767
67 21 767
21 84 269
84 21 269
21 69 672
69 21 672
22 23 376
23 22 376
22 41 172
41 22 172
22 52 341
52 22 341
22 53 578
53 22 578
22 65 256
65 22 256
22 76 403
76 22 403
22 60 936
60 22 936
22 52 524
52 22 524
22 67 237
67 22 237
22 37 420
37 22 420
22 77 732
77 22 732
22 39 649
39 22 649
22 76 566
76 22 566
22 80 414
80 22 414
22 77 762
77 22 762
22 35 785
35 22 785
22 97 629
97 22 629
22 73 642
73 22 642
22 61 26
61 22 26
22 27 792
27 22 792
22 81 336
81 22 336
23 33 24
33 23 24
23 95 740
95 23 740
23 84 293
84 23 293
23 97 934
97 23 934
23 34 85
34 23 85
23 41 74
41 23 74
23 60 450
60 23 450
23 33 98
33 23 98
23 87 886
87 23 886
23 91 100
91 23 100
23 92 854
92 23 854
23 94 759
94 23 759
24 37 987
37 24 987
24 38 167
38 24 167
24 47 873
47 24 873
24 26 689
26 24 689
24 41 564
41 24 564
24 31 639
31 24 639
24 87 306
87 24 306
24 70 60
70 24 60
24 65 903
65 24 903
24 66 614
66 24 614
24 51 990
51 24 990
24 73 725
73 24 725
24 91 701
91 24 701
24 96 37
96 24 37
24 78 872
78 24 872
24 90 216
90 24 216
25 32 417
32 25 417
25 77 696
77 25 696
25 84 83
84 25 83
25 74 947
74 25 947
25 55 127
55 25 127
25 97 938
97 25 938
25 69 127
69 25 127
25 62 377
62 25 377
25 75 155
75 25 155
25 66 870
66 25 870
25 28 180
28 25 180
25 68 529
68 25 529
26 39 156
39 26 156
26 60 1
60 26 1
26 84 754
84 26 754
26 39 89
39 26 89
26 31 572
31 26 572
26 52 60
52 26 60
26 79 974
79 26 974
27 69 369
69 27 369
27 70 223
70 27 223
27 33 446
33 27 446
27 70 269
70 27 269
27 40 744
40 27 744
27 32 561
32 27 561
27 86 75
86 27 75
27 90 885
90 27 885
27 58 390
58 27 390
27 52 225
52 27 225
27 41 979
41 27 979
28 84 363
84 28 363
28 56 620
56 28 620
28 57 535
57 28 535
28 48 371
48 28 371
28 76 651
76 28 651
28 87 749
87 28 749
29 35 229
35 29 229
29 36 333
36 29 333
29 38 57
38 29 57
29 68 661
68 29 661
29 43 954
43 29 954
29 53 596
53 29 596
29 59 30
59 29 30
29 43 49
43 29 49
29 37 331
37 29 331
29 65 319
65 29 319
29 43 501
43 29 501
29 54 917
54 29 917
30 73 290
73 30 290
30 90 166
90 30 166
30 47 778
47 30 778
30 82 786
82 30 786
30 64 402
64 30 402
30 56 553
56 30 553
30 45 437
45 30 437
30 57 106
57 30 106
30 48 336
48 30 336
31 77 879
77 31 879
31 43 520
43 31 520
31 44 808
44 31 808
31 62 77
62 31 77
31 87 235
87 31 235
31 79 509
79 31 509
31 86 606
86 31 606
31 64 82
64 31 82
32 91 34
91 32 34
32 52 502
52 32 502
32 79 436
79 32 436
32 33 453
33 32 453
32 81 236
81 32 236
32 89 766
89 32 766
32 60 603
60 32 603
32 66 60
66 32 60
33 61 160
61 33 160
33 48 292
48 33 292
33 51 370
51 33 370
33 57 820
57 33 820
33 88 682
88 33 682
33 34 420
34 33 420
33 70 208
70 33 208
33 90 60
90 33 60
33 35 45
35 33 45
34 63 169
63 34 169
34 60 109
60 34 109
34 54 949
54 34 949
34 53 173
53 34 173
34 56 793
56 34 793
34 40 366
40 34 366
34 69 920
69 34 920
34 62 43
62 34 43
35 40 652
40 35 652
35 45 576
45 35 576
35 70 744
70 35 744
35 40 75
40 35 75
35 72 468
72 35 468
35 64 468
64 35 468
35 79 405
79 35 405
35 83 340
83 35 340
35 36 24
36 35 24
35 85 14
85 35 14
36 65 895
65 36 895
36 57 602
57 36 602
36 69 788
69 36 788
36 40 326
40 36 326
36 55 889
55 36 889
36 42 705
42 36 705
36 54 105
54 36 105
37 54 467
54 37 467
37 65 884
65 37 884
37 89 191
89 37 191
37 87 582
87 37 582
37 85 905
85 37 905
37 90 736
90 37 736
37 60 265
60 37 265
37 79 970
79 37 970
37 78 667
78 37 667
37 88 966
88 37 966
38 75 646
75 38 646
38 62 80
62 38 80
38 77 793
77 38 793
38 91 645
91 38 645
38 64 968
64 38 968
38 56 776
56 38 776
39 40 887
40 39 887
39 78 365
78 39 365
39 57 935
57 39 935
39 58 492
58 39 492
39 42 614
42 39 614
39 74 939
74 39 939
39 76 9
76 39 9
39 66 577
66 39 577
39 55 528
55 39 528
39 86 903
86 39 903
39 91 630
91 39 630
40 46 97
46 40 97
40 88 151
88 40 151
40 54 524
54 40 524
40 66 482
66 40 482
40 61 824
61 40 824
40 75 671
75 40 671
40 52 30
52 40 30
40 46 723
46 40 723
40 65 743
65 40 743
40 66 459
66 40 459
40 96 387
96 40 387
40 65 284
65 40 284
40 85 999
85 40 999
40 58 795
58 40 795
40 92 640
92 40 640
40 91 389
91 40 389
41 48 487
48 41 487
41 97 360
97 41 360
41 97 69
97 41 69
41 56 882
56 41 882
41 55 145
55 41 145
41 89 245
89 41 245
41 58 381
58 41 381
41 89 209
89 41 209
41 57 30
57 41 30
41 67 484
67 41 484
41 97 767
97 41 767
41 90 83
90 41 83
41 47 103
47 41 103
42 54 793
54 42 793
42 76 99
76 42 99
42 65 225
65 42 225
42 51 346
51 42 346
42 50 646
50 42 646
42 81 65
81 42 65
42 83 762
83 42 762
43 49 523
49 43 523
43 86 712
86 43 712
43 64 401
64 43 401
43 92 830
92 43 830
43 56 195
56 43 195
43 77 568
77 43 568
43 56 37
56 43 37
43 73 528
73 43 528
44 68 556
68 44 556
44 67 151
67 44 151
44 82 208
82 44 208
44 55 175
55 44 175
44 61 602
61 44 602
44 70 954
70 44 954
44 67 127
67 44 127
45 71 431
71 45 431
45 73 451
73 45 451
45 87 225
87 45 225
45 50 872
50 45 872
45 64 624
64 45 624
45 77 866
77 45 866
45 51 857
51 45 857
46 57 336
57 46 336
46 47 636
47 46 636
46 83 279
83 46 279
46 48 833
48 46 833
46 82 301
82 46 301
46 46 229
46 46 229
46 87 501
87 46 501
47 49 271
49 47 271
47 51 488
51 47 488
47 92 787
92 47 787
47 95 299
95 47 299
47 76 354
76 47 354
47 56 233
56 47 233
47 58 545
58 47 545
47 74 124
74 47 124
47 69 919
69 47 919
47 77 436
77 47 436
47 79 696
79 47 696
47 52 605
52 47 605
48 84 252
84 48 252
48 60 320
60 48 320
48 95 794
95 48 794
48 96 641
96 48 641
49 50 730
50 49 730
49 88 851
88 49 851
49 85 433
85 49 433
49 82 284
82 49 284
50 78 740
78 50 740
50 85 634
85 50 634
50 71 837
71 50 837
50 61 514
61 50 514
50 58 792
58 50 792
50 94 725
94 50 725
50 95 696
95 50 696
50 80 632
80 50 632
50 58 790
58 50 790
50 55 854
55 50 854
51 56 80
56 51 80
51 90 723
90 51 723
51 63 378
63 51 378
51 87 897
87 51 897
51 89 75
89 51 75
51 58 509
58 51 509
51 93 381
93 51 381
51 91 210
91 51 210
51 86 362
86 51 362
52 58 535
58 52 535
52 87 113
87 52 113
52 75 503
75 52 503
52 85 208
85 52 208
52 89 507
89 52 507
52 96 415
96 52 415
52 72 831
72 52 831
53 59 636
59 53 636
53 57 964
57 53 964
53 91 378
91 53 378
53 86 15
86 53 15
53 89 297
89 53 297
54 85 142
85 54 142
54 96 41
96 54 41
54 91 626
91 54 626
54 60 53
60 54 53
55 89 975
89 55 975
55 67 102
67 55 102
55 96 76
96 55 76
55 96 326
96 55 326
55 74 807
74 55 807
55 63 803
63 55 803
55 65 352
65 55 352
55 74 835
74 55 835
55 77 588
77 55 588
56 70 95
70 56 95
56 69 249
69 56 249
56 84 453
84 56 453
56 73 257
73 56 257
56 61 657
61 56 657
56 81 324
81 56 324
57 72 279
72 57 279
57 94 664
94 57 664
57 65 622
65 57 622
57 92 804
92 57 804
57 65 557
65 57 557
57 91 909
91 57 909
57 68 345
68 57 345
57 87 874
87 57 874
57 95 374
95 57 374
58 68 776
68 58 776
58 74 401
74 58 401
58 59 560
59 58 560
58 60 579
60 58 579
58 69 85
69 58 85
58 81 229
81 58 229
58 63 979
63 58 979
58 66 683
66 58 683
59 93 472
93 59 472
59 84 393
84 59 393
59 85 583
85 59 583
59 96 838
96 59 838
59 91 154
91 59 154
60 93 939
93 60 939
60 74 856
74 60 856
60 82 317
82 60 317
60 71 459
71 60 459
60 93 974
93 60 974
60 62 402
62 60 402
61 73 879
73 61 879
61 97 809
97 61 809
61 93 561
93 61 561
61 81 338
81 61 338
62 82 164
82 62 164
62 88 856
88 62 856
62 79 557
79 62 557
62 77 276
77 62 276
62 69 70
69 62 70
63 67 91
67 63 91
63 90 474
90 63 474
63 73 919
73 63 919
63 67 357
67 63 357
63 71 309
71 63 309
63 71 916
71 63 916
63 81 252
81 63 252
63 85 922
85 63 922
63 90 471
90 63 471
63 64 968
64 63 968
64 66 948
66 64 948
64 77 675
77 64 675
64 83 362
83 64 362
64 93 540
93 64 540
64 86 296
86 64 296
64 79 634
79 64 634
64 69 289
69 64 289
64 97 379
97 64 379
64 88 716
88 64 716
64 79 868
79 64 868
65 69 262
69 65 262
66 95 243
95 66 243
66 94 993
94 66 993
66 89 668
89 66 668
66 85 463
85 66 463
67 70 71
70 67 71
67 85 514
85 67 514
67 90 43
90 67 43
67 78 853
78 67 853
68 82 978
82 68 978
68 78 915
78 68 915
68 78 920
78 68 920
69 72 844
72 69 844
69 77 188
77 69 188
69 84 257
84 69 257
69 80 484
80 69 484
69 89 438
89 69 438
69 92 45
92 69 45
70 76 424
76 70 424
70 97 701
97 70 701
70 88 843
88 70 843
70 97 955
97 70 955
71 96 943
96 71 943
71 72 958
72 71 958
71 74 290
74 71 290
71 83 960
83 71 960
71 83 957
83 71 957
72 88 210
88 72 210
72 91 418
91 72 418
72 87 767
87 72 767
72 93 604
93 72 604
72 72 277
72 72 277
73 85 925
85 73 925
74 81 611
81 74 611
74 74 435
74 74 435
74 80 367
80 74 367
74 92 234
92 74 234
74 85 219
85 74 219
75 85 222
85 75 222
75 78 700
78 75 700
76 85 393
85 76 393
77 89 562
89 77 562
78 84 85
84 78 85
78 89 675
89 78 675
78 95 657
95 78 657
78 78 701
78 78 701
78 87 174
87 78 174
79 89 305
89 79 305
80 91 130
91 80 130
80 93 920
93 80 920
81 83 989
83 81 989
81 83 97
83 81 97
81 96 336
96 81 336
81 94 259
94 81 259
82 94 118
94 82 118
82 85 799
85 82 799
82 94 67
94 82 67
82 90 824
90 82 824
82 91 149
91 82 149
82 87 4
87 82 4
83 94 236
94 83 236
83 92 867
92 83 867
84 89 12
89 84 12
84 87 990
87 84 990
85 86 204
86 85 204
85 97 846
97 85 846
86 88 898
88 86 898
86 95 898
95 86 898
86 90 754
90 86 754
87 93 948
93 87 948
87 87 15
87 87 15
88 92 930
92 88 930
89 92 322
92 89 322
89 96 485
96 89 485
89 91 237
91 89 237
89 93 21
93 89 21
91 95 723
95 91 723
91 94 671
94 91 671
92 95 940
95 92 940
