96

0 1 241
1 0 241
0 5 31
5 0 31
0 15 821
15 0 821
0 2 35
2 0 35
0 13 665
13 0 665
0 38 64
38 0 64
0 28 495
28 0 495
0 43 33
43 0 33
0 61 530
61 0 530
0 80 269
80 0 269
0 39 528
39 0 528
0 71 120
71 0 120
0 30 325
30 0 325
0 28 595
28 0 595
0 42 620
42 0 620
1 2 957
2 1 957
1 8 949
8 1 949
1 11 727
11 1 727
1 44 171
44 1 171
1 10 515
10 1 515
1 60 725
60 1 725
1 26 552
26 1 552
1 76 292
76 1 292
1 76 973
76 1 973
1 44 479
44 1 479
1 49 735
49 1 735
1 50 821
50 1 821
1 49 420
49 1 420
1 18 113
18 1 113
1 16 865
16 1 865
2 3 647
3 2 647
2 10 703
10 2 703
2 51 98
51 2 98
2 60 774
60 2 774
2 84 303
84 2 303
2 58 771
58 2 771
2 38 875
38 2 875
2 33 28
33 2 28
2 79 608
79 2 608
2 63 617
63 2 617
2 87 117
87 2 117
2 66 1
66 2 1
3 4 806
4 3 806
3 22 975
22 3 975
3 58 663
58 3 663
3 80 701
80 3 701
3 9 300
9 3 300
3 20 206
20 3 206
3 25 55
25 3 55
3 67 697
67 3 697
3 17 120
17 3 120
3 36 230
36 3 230
3 22 838
22 3 838
3 13 419
13 3 419
3 6 374
6 3 374
3 17 241
17 3 241
3 55 601
55 3 601
3 40 74
40 3 74
3 92 493
92 3 493
4 16 440
16 4 440
4 21 16
21 4 16
4 29 186
29 4 186
4 36 498
36 4 498
4 60 5
60 4 5
4 35 333
35 4 333
4 57 351
57 4 351
4 20 830
20 4 830
4 81 389
81 4 389
4 45 51
45 4 51
4 23 787
23 4 787
4 69 916
69 4 916
4 94 101
94 4 101
4 95 563
95 4 563
4 48 883
48 4 883
4 59 876
59 4 876
4 85 574
85 4 574
5 6 133
6 5 133
5 7 253
7 5 253
5 9 393
9 5 393
5 19 567
19 5 567
5 62 454
62 5 454
5 57 690
57 5 690
5 55 332
55 5 332
5 50 242
50 5 242
5 38 840
38 5 840
5 20 509
20 5 509
5 49 18
49 5 18
5 46 948
46 5 948
5 81 219
81 5 219
5 35 991
35 5 991
6 30 422
30 6 422
6 35 698
35 6 698
6 68 677
68 6 677
6 51 727
51 6 727
6 65 228
65 6 228
6 34 313
34 6 313
6 53 379
53 6 379
6 59 278
59 6 278
6 88 344
88 6 344
6 64 694
64 6 694
6 90 844
90 6 844
6 43 168
43 6 168
6 29 406
29 6 406
6 17 819
17 6 819
7 12 558
12 7 558
7 18 903
18 7 903
7 22 505
22 7 505
7 16 121
16 7 121
7 61 562
61 7 562
7 92 116
92 7 116
7 49 55
49 7 55
7 13 514
13 7 514
7 57 260
57 7 260
7 89 37
89 7 37
7 55 24
55 7 24
7 31 152
31 7 152
7 30 813
30 7 813
7 10 212
10 7 212
7 68 344
68 7 344
7 64 106
64 7 106
7 32 72
32 7 72
7 79 269
79 7 269
8 14 480
14 8 480
8 50 317
50 8 317
8 86 851
86 8 851
8 81 390
81 8 390
8 54 386
54 8 386
8 43 406
43 8 406
8 58 823
58 8 823
8 54 663
54 8 663
8 63 716
63 8 716
8 9 37
9 8 37
8 92 42
92 8 42
8 9 630
9 8 630
9 37 657
37 9 657
9 70 670
70 9 670
9 49 309
49 9 309
9 66 4
66 9 4
9 12 574
12 9 574
9 18 756
18 9 756
9 41 698
41 9 698
9 43 164
43 9 164
9 67 576
67 9 576
9 44 364
44 9 364
9 38 81
38 9 81
9 50 507
50 9 507
9 20 684
20 9 684
9 26 171
26 9 171
9 33 111
33 9 111
10 17 597
17 10 597
10 41 801
41 10 801
10 53 406
53 10 406
10 78 936
78 10 936
10 84 369
84 10 369
10 89 872
89 10 872
10 30 247
30 10 247
10 41 326
41 10 326
10 77 422
77 10 422
10 57 77
57 10 77
10 41 958
41 10 958
10 75 618
75 10 618
10 34 529
34 10 529
10 63 885
63 10 885
10 42 71
42 10 71
10 90 793
90 10 793
10 76 340
76 10 340
10 26 220
26 10 220
11 13 151
13 11 151
11 26 916
26 11 916
11 79 907
79 11 907
11 36 685
36 11 685
11 75 35
75 11 35
11 18 80
18 11 80
11 74 491
74 11 491
12 23 467
23 12 467
12 24 38
24 12 38
12 40 282
40 12 282
12 94 728
94 12 728
12 13 29
13 12 29
12 36 648
36 12 648
12 58 153
58 12 153
12 52 298
52 12 298
12 43 296
43 12 296
12 46 977
46 12 977
12 63 175
63 12 175
12 71 639
71 12 639
12 39 910
39 12 910
12 71 852
71 12 852
12 74 825
74 12 825
12 90 287
90 12 287
13 56 159
56 13 159
13 57 340
57 13 340
13 59 221
59 13 221
13 54 166
54 13 166
13 76 44
76 13 44
13 53 281
53 13 281
13 75 843
75 13 843
13 50 936
50 13 936
13 27 488
27 13 488
13 53 864
53 13 864
14 77 19
77 14 19
14 55 439
55 14 439
14 46 510
46 14 510
14 41 933
41 14 933
14 93 860
93 14 860
14 39 128
39 14 128
14 38 774
38 14 774
14 74 197
74 14 197
14 80 720
80 14 720
14 55 293
55 14 293
14 90 289
90 14 289
14 42 845
42 14 845
14 45 414
45 14 414
14 20 703
20 14 703
14 27 455
27 14 455
15 20 365
20 15 365
15 32 19
32 15 19
15 69 658
69 15 658
15 70 702
70 15 702
15 37 363
37 15 363
15 92 49
92 15 49
15 17 994
17 15 994
15 63 734
63 15 734
16 58 397
58 16 397
16 56 378
56 16 378
16 37 221
37 16 221
16 89 394
89 16 394
16 87 223
87 16 223
16 68 85
68 16 85
16 56 276
56 16 276
17 52 819
52 17 819
17 68 927
68 17 927
17 43 157
43 17 157
17 55 805
55 17 805
17 43 74
43 17 74
17 94 165
94 17 165
17 79 889
79 17 889
17 86 693
86 17 693
17 18 813
18 17 813
17 39 249
39 17 249
17 42 832
42 17 832
17 76 822
76 17 822
17 84 133
84 17 133
17 78 742
78 17 742
17 21 521
21 17 521
17 86 197
86 17 197
17 76 613
76 17 613
17 49 108
49 17 108
17 79 606
79 17 606
17 34 217
34 17 217
17 71 878
71 17 878
18 43 566
43 18 566
18 64 87
64 18 87
18 89 610
89 18 610
18 57 389
57 18 389
18 84 839
84 18 839
19 38 810
38 19 810
19 88 374
88 19 374
19 34 476
34 19 476
19 46 80
46 19 80
19 46 661
46 19 661
19 28 759
28 19 759
19 54 203
54 19 203
19 21 214
21 19 214
19 19 767
19 19 767
19 90 368
90 19 368
19 90 284
90 19 284
19 46 97
46 19 97
19 50 463
50 19 463
19 73 270
73 19 270
20 76 624
76 20 624
20 44 503
44 20 503
20 69 707
69 20 707
21 25 641
25 21 641
21 36 361
36 21 361
21 39 475
39 21 475
21 67 633
67 21 633
21 82 890
82 21 890
21 83 966
83 21 966
21 93 819
93 21 819
21 31 567
31 21 567
21 36 13
36 21 13
21 26 877
26 21 877
21 31 694
31 21 694
21 78 442
78 21 442
21 68 484
68 21 484
21 75 866
75 21 866
21 82 236
82 21 236
21 29 12
29 21 12
22 27 331
27 22 331
22 63 52
63 22 52
22 93 974
93 22 974
22 61 229
61 22 229
22 91 548
91 22 548
22 60 66
60 22 66
22 69 884
69 22 884
22 67 380
67 22 380
22 36 704
36 22 704
22 93 620
93 22 620
22 70 855
70 22 855
22 33 116
33 22 116
22 57 773
57 22 773
22 56 990
56 22 990
23 53 804
53 23 804
23 89 966
89 23 966
23 81 109
81 23 109
23 68 854
68 23 854
23 33 567
33 23 567
23 31 249
31 23 249
24 33 697
33 24 697
24 82 724
82 24 724
24 55 453
55 24 453
24 27 357
27 24 357
24 51 732
51 24 732
24 30 25
30 24 25
24 83 603
83 24 603
24 49 157
49 24 157
24 59 153
59 24 153
24 85 363
85 24 363
24 48 752
48 24 752
25 34 519
34 25 519
25 93 709
93 25 709
25 60 984
60 25 984
25 49 875
49 25 875
25 78 733
78 25 733
25 63 905
63 25 905
25 47 957
47 25 957
25 68 329
68 25 329
25 49 369
49 25 369
25 64 138
64 25 138
26 40 953
40 26 953
26 54 538
54 26 538
26 95 66
95 26 66
26 90 762
90 26 762
26 71 777
71 26 777
26 48 403
48 26 403
26 93 33
93 26 33
26 32 711
32 26 711
26 59 288
59 26 288
27 28 328
28 27 328
27 94 965
94 27 965
27 58 471
58 27 471
27 40 957
40 27 957
27 76 182
76 27 182
27 39 862
39 27 862
27 43 539
43 27 539
27 61 620
61 27 620
27 62 637
62 27 637
27 33 136
33 27 136
28 49 857
49 28 857
28 63 317
63 28 317
28 71 68
71 28 68
28 44 576
44 28 576
28 88 90
88 28 90
28 91 534
91 28 534
28 66 757
66 28 757
28 45 711
45 28 711
29 31 925
31 29 925
29 46 44
46 29 44
29 55 41
55 29 41
29 89 714
89 29 714
29 75 278
75 29 278
29 91 602
91 29 602
29 59 53
59 29 53
29 62 14
62 29 14
29 40 272
40 29 272
29 92 787
92 29 787
30 65 392
65 30 392
30 34 497
34 30 497
30 46 667
46 30 667
31 45 927
45 31 927
31 61 184
61 31 184
31 51 636
51 31 636
31 44 539
44 31 539
31 49 792
49 31 792
31 78 730
78 31 730
32 68 377
68 32 377
32 66 370
66 32 370
32 70 399
70 32 399
33 77 301
77 33 301
33 47 259
47 33 259
33 72 68
72 33 68
33 92 93
92 33 93
33 67 898
67 33 898
34 76 692
76 34 692
34 47 23
47 34 23
34 76 42
76 34 42
34 52 168
52 34 168
34 48 339
48 34 339
34 74 524
74 34 524
34 42 310
42 34 310
35 57 636
57 35 636
35 49 665
49 35 665
35 80 915
80 35 915
35 41 601
41 35 601
36 66 450
66 36 450
36 77 900
77 36 900
36 48 608
48 36 608
36 56 862
56 36 862
36 88 865
88 36 865
36 75 788
75 36 788
37 64 339
64 37 339
37 81 879
81 37 879
37 87 449
87 37 449
37 42 146
42 37 146
37 72 179
72 37 179
37 78 474
78 37 474
37 38 708
38 37 708
37 73 568
73 37 568
37 48 485
48 37 485
38 42 681
42 38 681
38 56 114
56 38 114
38 81 758
81 38 758
38 47 326
47 38 326
38 48 424
48 38 424
38 79 375
79 38 375
38 52 636
52 38 636
38 82 549
82 38 549
39 62 114
62 39 114
39 90 220
90 39 220
39 89 794
89 39 794
39 44 808
44 39 808
39 78 489
78 39 489
39 77 674
77 39 674
39 68 936
68 39 936
39 87 133
87 39 133
39 65 289
65 39 289
39 47 698
47 39 698
39 70 689
70 39 689
39 60 545
60 39 545
40 83 247
83 40 247
40 93 865
93 40 865
40 70 448
70 40 448
41 75 534
75 41 534
41 46 372
46 41 372
41 64 57
64 41 57
41 94 910
94 41 910
41 58 379
58 41 379
41 66 641
66 41 641
41 65 506
65 41 506
41 50 482
50 41 482
41 57 819
57 41 819
41 42 305
42 41 305
41 47 120
47 41 120
41 64 199
64 41 199
42 47 593
47 42 593
42 91 725
91 42 725
42 52 602
52 42 602
42 65 369
65 42 369
42 43 232
43 42 232
42 55 366
55 42 366
43 48 107
48 43 107
43 93 361
93 43 361
43 75 202
75 43 202
43 51 12
51 43 12
43 84 809
84 43 809
43 88 7
88 43 7
43 73 880
73 43 880
43 49 61
49 43 61
43 45 785
45 43 785
43 52 1
52 43 1
44 92 293
92 44 293
44 47 777
47 44 777
44 89 193
89 44 193
44 64 656
64 44 656
44 56 389
56 44 389
44 89 128
89 44 128
45 61 685
61 45 685
45 46 651
46 45 651
45 76 704
76 45 704
45 59 581
59 45 581
45 86 546
86 45 546
45 48 475
48 45 475
45 64 361
64 45 361
46 90 129
90 46 129
46 63 22
63 46 22
46 80 943
80 46 943
46 71 688
71 46 688
46 57 476
57 46 476
47 54 944
54 47 944
47 87 668
87 47 668
47 55 994
55 47 994
47 86 859
86 47 859
47 90 138
90 47 138
47 67 544
67 47 544
47 82 500
82 47 500
47 72 649
72 47 649
48 81 103
81 48 103
48 71 898
71 48 898
48 53 55
53 48 55
48 59 954
59 48 954
48 62 792
62 48 792
48 61 455
61 48 455
48 49 570
49 48 570
48 91 445
91 48 445
48 49 892
49 48 892
48 93 443
93 48 443
48 62 209
62 48 209
48 49 974
49 48 974
49 80 421
80 49 421
49 95 260
95 49 260
49 54 917
54 49 917
49 66 355
66 49 355
49 61 897
61 49 897
49 56 238
56 49 238
49 74 617
74 49 617
50 85 994
85 50 994
50 62 57
62 50 57
50 57 503
57 50 503
50 88 247
88 50 247
50 78 310
78 50 310
50 77 457
77 50 457
50 78 213
78 50 213
50 65 824
65 50 824
50 74 415
74 50 415
51 59 447
59 51 447
51 53 472
53 51 472
51 58 20
58 51 20
52 75 361
75 52 361
52 66 643
66 52 643
52 86 947
86 52 947
53 94 516
94 53 516
53 70 256
70 53 256
53 87 797
87 53 797
53 59 317
59 53 317
53 56 545
56 53 545
53 54 46
54 53 46
53 68 606
68 53 606
53 74 274
74 53 274
53 81 257
81 53 257
53 80 513
80 53 513
54 63 203
63 54 203
54 77 186
77 54 186
54 67 199
67 54 199
54 57 889
57 54 889
54 71 132
71 54 132
54 92 925
92 54 925
54 74 562
74 54 562
55 60 593
60 55 593
55 72 332
72 55 332
55 74 517
74 55 517
55 62 11
62 55 11
55 95 955
95 55 955
55 69 726
69 55 726
55 57 355
57 55 355
55 86 415
86 55 415
55 85 855
85 55 855
56 92 918
92 56 918
56 67 516
67 56 516
56 68 723
68 56 723
56 71 928
71 56 928
57 76 837
76 57 837
57 92 783
92 57 783
57 77 514
77 57 514
57 65 344
65 57 344
57 74 913
74 57 913
57 80 102
80 57 102
57 93 415
93 57 415
57 81 723
81 57 723
57 73 622
73 57 622
57 93 254
93 57 254
58 94 423
94 58 423
58 92 400
92 58 400
58 66 974
66 58 974
59 73 273
73 59 273
59 80 284
80 59 284
59 84 500
84 59 500
59 64 366
64 59 366
59 89 209
89 59 209
59 65 450
65 59 450
59 94 8
94 59 8
60 79 911
79 60 911
60 79 268
79 60 268
60 65 523
65 60 523
60 88 51
88 60 51
61 85 882
85 61 882
61 71 200
71 61 200
61 80 180
80 61 180
61 74 337
74 61 337
61 73 192
73 61 192
61 62 829
62 61 829
62 81 701
81 62 701
63 91 386
91 63 386
63 86 637
86 63 637
63 65 51
65 63 51
63 73 594
73 63 594
63 65 318
65 63 318
63 80 953
80 63 953
64 65 595
65 64 595
64 65 383
65 64 383
65 66 287
66 65 287
65 68 177
68 65 177
65 90 813
90 65 813
66 71 324
71 66 324
66 75 212
75 66 212
66 79 187
79 66 187
67 86 374
86 67 374
67 87 469
87 67 469
67 80 628
80 67 628
67 81 545
81 67 545
67 78 568
78 67 568
68 92 140
92 68 140
68 82 218
82 68 218
68 74 362
74 68 362
68 80 665
80 68 665
68 90 121
90 68 121
69 82 367
82 69 367
69 88 34
88 69 34
69 73 242
73 69 242
69 92 63
92 69 63
70 95 63
95 70 63
71 83 214
83 71 214
71 82 225
82 71 225
71 85 509
85 71 509
72 72 154
72 72 154
72 81 218
81 72 218
73 95 694
95 73 694
73 77 914
77 73 914
74 84 595
84 74 595
74 82 570
82 74 570
74 76 422
76 74 422
75 79 123
79 75 123
75 77 48
77 75 48
75 87 626
87 75 626
76 95 910
95 76 910
76 77 908
77 76 908
77 81 972
81 77 972
77 93 119
93 77 119
78 82 399
82 78 399
78 93 312
93 78 312
78 79 567
79 78 567
78 92 466
92 78 466
78 81 571
81 78 571
78 95 13
95 78 13
79 90 862
90 79 862
79 81 232
81 79 232
79 88 737
88 79 737
80 88 777
88 80 777
81 90 543
90 81 543
81 92 431
92 81 431
81 85 951
85 81 951
81 90 784
90 81 784
83 89 97
89 83 97
84 86 980
86 84 980
84 92 750
92 84 750
84 85 429
85 84 429
85 92 471
92 85 471
86 88 85
88 86 85
88 92 642
92 88 642
89 93 346
93 89 346
89 91 949
91 89 949
89 95 447
95 89 447
90 94 17
94 90 17
90 91 767
91 90 767
91 93 269
93 91 269
91 94 366
94 91 366
