60

0 1 246
1 0 246
0 3 690
3 0 690
0 6 878
6 0 878
0 7 308
7 0 308
0 32 386
32 0 386
0 31 164
31 0 164
0 37 771
37 0 771
0 16 505
16 0 505
0 6 827
6 0 827
1 2 238
2 1 238
1 4 993
4 1 993
1 5 595
5 1 595
1 33 475
33 1 475
1 53 103
53 1 103
1 31 470
31 1 470
1 30 433
30 1 433
2 13 599
13 2 599
2 19 4
19 2 4
2 39 387
39 2 387
2 16 543
16 2 543
2 3 649
3 2 649
3 8 853
8 3 853
3 15 644
15 3 644
3 55 750
55 3 750
3 24 993
24 3 993
3 3 164
3 3 164
3 43 150
43 3 150
4 11 316
11 4 316
4 24 966
24 4 966
4 34 99
34 4 99
4 18 437
18 4 437
4 24 175
24 4 175
4 49 985
49 4 985
4 23 704
23 4 704
4 49 609
49 4 609
4 38 134
38 4 134
5 47 756
47 5 756
5 48 373
48 5 373
5 20 991
20 5 991
5 16 417
16 5 417
5 57 192
57 5 192
5 41 785
41 5 785
5 49 968
49 5 968
5 56 797
56 5 797
5 33 145
33 5 145
5 25 429
25 5 429
6 14 832
14 6 832
6 22 536
22 6 536
6 56 39
56 6 39
6 40 122
40 6 122
6 55 976
55 6 976
6 28 950
28 6 950
6 58 876
58 6 876
7 16 472
16 7 472
7 20 165
20 7 165
7 33 890
33 7 890
7 59 262
59 7 262
7 34 580
34 7 580
7 19 89
19 7 89
7 36 715
36 7 715
8 9 422
9 8 422
8 10 440
10 8 440
8 21 627
21 8 627
8 25 467
25 8 467
8 26 846
26 8 846
8 55 839
55 8 839
8 34 396
34 8 396
8 44 603
44 8 603
8 42 191
42 8 191
8 44 613
44 8 613
8 29 730
29 8 730
9 18 618
18 9 618
9 23 142
23 9 142
9 35 143
35 9 143
9 41 73
41 9 73
9 35 543
35 9 543
9 42 747
42 9 747
10 17 51
17 10 51
10 45 112
45 10 112
10 34 744
34 10 744
10 58 369
58 10 369
10 48 134
48 10 134
10 41 720
41 10 720
10 29 75
29 10 75
11 12 416
12 11 416
11 16 664
16 11 664
11 57 26
57 11 26
11 57 428
57 11 428
11 59 515
59 11 515
11 41 724
41 11 724
11 48 174
48 11 174
12 38 621
38 12 621
12 51 753
51 12 753
12 31 34
31 12 34
12 47 719
47 12 719
12 14 650
14 12 650
12 14 890
14 12 890
13 31 73
31 13 73
13 40 27
40 13 27
13 50 641
50 13 641
13 20 38
20 13 38
13 27 477
27 13 477
13 47 360
47 13 360
14 50 357
50 14 357
14 38 289
38 14 289
14 35 241
35 14 241
14 45 413
45 14 413
15 36 780
36 15 780
15 44 188
44 15 188
15 26 786
26 15 786
15 36 557
36 15 557
15 34 925
34 15 925
16 22 836
22 16 836
16 22 710
22 16 710
17 32 449
32 17 449
17 36 791
36 17 791
17 56 685
56 17 685
17 37 487
37 17 487
17 26 910
26 17 910
17 46 398
46 17 398
18 27 925
27 18 925
18 49 984
49 18 984
18 31 279
31 18 279
18 37 292
37 18 292
19 38 994
38 19 994
19 56 705
56 19 705
19 26 269
26 19 269
19 19 400
19 19 400
19 54 657
54 19 657
19 23 679
23 19 679
20 28 232
28 20 232
20 37 745
37 20 745
20 33 111
33 20 111
21 44 801
44 21 801
21 57 66
57 21 66
21 32 661
32 21 661
21 50 683
50 21 683
21 37 875
37 21 875
22 54 357
54 22 357
22 59 159
59 22 159
22 39 599
39 22 599
22 41 918
41 22 918
22 44 481
44 22 481
22 39 962
39 22 962
22 39 995
39 22 995
22 28 636
28 22 636
23 46 854
46 23 854
23 53 356
53 23 356
23 24 594
24 23 594
23 33 89
33 23 89
23 42 646
42 23 646
23 59 441
59 23 441
24 29 229
29 24 229
24 30 228
30 24 228
24 44 626
44 24 626
24 48 437
48 24 437
24 43 151
43 24 151
25 43 912
43 25 912
25 49 711
49 25 711
25 35 205
35 25 205
25 40 374
40 25 374
25 31 268
31 25 268
26 51 305
51 26 305
26 52 327
52 26 327
26 40 808
40 26 808
27 32 360
32 27 360
27 57 973
57 27 973
27 40 791
40 27 791
27 30 817
30 27 817
27 40 749
40 27 749
28 49 333
49 28 333
29 39 678
39 29 678
29 57 554
57 29 554
30 36 651
36 30 651
30 44 701
44 30 701
31 51 200
51 31 200
31 47 992
47 31 992
32 33 436
33 32 436
32 38 481
38 32 481
33 49 194
49 33 194
33 37 917
37 33 917
34 47 225
47 34 225
34 52 642
52 34 642
35 40 624
40 35 624
35 51 237
51 35 237
35 50 299
50 35 299
36 43 559
43 36 559
38 48 415
48 38 415
38 48 859
48 38 859
39 55 629
55 39 629
39 53 137
53 39 137
39 44 448
44 39 448
39 56 940
56 39 940
40 47 841
47 40 841
41 42 94
42 41 94
41 43 39
43 41 39
41 59 403
59 41 403
41 59 822
59 41 822
42 52 737
52 42 737
43 52 16
52 43 16
43 56 502
56 43 502
44 59 479
59 44 479
45 50 770
50 45 770
45 46 566
46 45 566
45 47 397
47 45 397
46 58 395
58 46 395
46 56 585
56 46 585
46 50 298
50 46 298
47 51 398
51 47 398
49 55 949
55 49 949
49 55 429
55 49 429
52 57 81
57 52 81
52 58 165
58 52 165
55 56 577
56 55 577
