100

0 1 10
1 0 10
0 4 48
4 0 48
0 11 314
11 0 314
0 48 326
48 0 326
0 65 719
65 0 719
0 58 805
58 0 805
0 82 27
82 0 27
0 36 298
36 0 298
0 73 932
73 0 932
1 2 578
2 1 578
1 21 319
21 1 319
1 34 307
34 1 307
1 60 908
60 1 908
1 6 902
6 1 902
1 3 486
3 1 486
1 69 870
69 1 870
1 9 73
9 1 73
1 47 30
47 1 30
1 64 167
64 1 167
1 2 621
2 1 621
1 76 338
76 1 338
2 3 775
3 2 775
2 26 477
26 2 477
2 17 614
17 2 614
2 98 326
98 2 326
2 90 68
90 2 68
2 3 904
3 2 904
2 95 380
95 2 380
3 5 296
5 3 296
3 7 241
7 3 241
3 8 28
8 3 28
3 29 388
29 3 388
3 52 830
52 3 830
3 60 276
60 3 276
3 62 663
62 3 663
3 63 853
63 3 853
3 74 27
74 3 27
3 55 742
55 3 742
3 3 726
3 3 726
3 5 655
5 3 655
4 22 997
22 4 997
4 37 31
37 4 31
4 75 91
75 4 91
4 4 893
4 4 893
4 84 102
84 4 102
4 54 53
54 4 53
4 25 849
25 4 849
4 36 452
36 4 452
4 20 441
20 4 441
5 6 658
6 5 658
5 9 603
9 5 603
5 25 428
25 5 428
5 29 841
29 5 841
5 82 697
82 5 697
5 78 503
78 5 503
5 29 649
29 5 649
6 17 726
17 6 726
6 20 731
20 6 731
6 33 207
33 6 207
6 56 569
56 6 569
6 17 922
17 6 922
6 87 511
87 6 511
6 28 339
28 6 339
6 78 328
78 6 328
6 80 53
80 6 53
6 75 752
75 6 752
6 18 267
18 6 267
6 50 326
50 6 326
6 20 857
20 6 857
6 50 496
50 6 496
7 10 769
10 7 769
7 12 572
12 7 572
7 36 129
36 7 129
7 10 971
10 7 971
7 83 286
83 7 286
7 64 728
64 7 728
7 98 574
98 7 574
7 48 334
48 7 334
7 23 371
23 7 371
7 19 859
19 7 859
7 59 171
59 7 171
7 70 564
70 7 564
8 13 180
13 8 180
8 30 501
30 8 501
8 64 853
64 8 853
8 61 881
61 8 881
8 48 983
48 8 983
8 77 310
77 8 310
8 18 675
18 8 675
8 66 993
66 8 993
8 67 522
67 8 522
8 68 211
68 8 211
9 18 425
18 9 425
9 85 558
85 9 558
9 67 452
67 9 452
9 54 808
54 9 808
9 86 183
86 9 183
9 61 90
61 9 90
9 12 612
12 9 612
9 53 238
53 9 238
9 93 873
93 9 873
9 68 344
68 9 344
9 36 803
36 9 803
9 75 287
75 9 287
9 57 174
57 9 174
9 24 679
24 9 679
10 15 932
15 10 932
10 16 605
16 10 605
10 58 474
58 10 474
10 79 245
79 10 245
10 86 49
86 10 49
10 89 321
89 10 321
10 96 415
96 10 415
10 29 565
29 10 565
10 46 456
46 10 456
10 41 729
41 10 729
10 43 41
43 10 41
10 53 777
53 10 777
10 44 213
44 10 213
10 15 497
15 10 497
10 52 703
52 10 703
10 97 292
97 10 292
10 61 729
61 10 729
10 69 505
69 10 505
10 58 349
58 10 349
10 71 529
71 10 529
11 19 281
19 11 281
11 18 938
18 11 938
11 35 931
35 11 931
11 40 886
40 11 886
11 97 970
97 11 970
11 39 805
39 11 805
11 21 428
21 11 428
11 97 755
97 11 755
11 15 230
15 11 230
11 79 719
79 11 719
11 40 526
40 11 526
11 64 493
64 11 493
11 70 518
70 11 518
11 89 957
89 11 957
12 95 606
95 12 606
12 43 176
43 12 176
12 68 707
68 12 707
12 33 282
33 12 282
12 61 984
61 12 984
12 13 802
13 12 802
13 14 829
14 13 829
13 57 821
57 13 821
13 93 874
93 13 874
13 66 284
66 13 284
13 14 476
14 13 476
14 44 632
44 14 632
14 55 346
55 14 346
14 59 41
59 14 41
14 66 735
66 14 735
14 37 362
37 14 362
14 62 495
62 14 495
14 28 299
28 14 299
14 37 743
37 14 743
15 68 153
68 15 153
15 52 183
52 15 183
15 96 85
96 15 85
15 92 400
92 15 400
15 50 587
50 15 587
15 81 848
81 15 848
15 79 563
79 15 563
15 26 358
26 15 358
16 27 628
27 16 628
16 74 676
74 16 676
16 60 877
60 16 877
16 53 564
53 16 564
16 74 631
74 16 631
16 24 978
24 16 978
17 23 476
23 17 476
17 43 286
43 17 286
17 69 40
69 17 40
17 76 706
76 17 706
17 87 107
87 17 107
17 47 49
47 17 49
17 44 559
44 17 559
17 88 413
88 17 413
17 54 667
54 17 667
17 57 1
57 17 1
17 94 378
94 17 378
17 94 921
94 17 921
17 59 487
59 17 487
17 44 940
44 17 940
17 91 847
91 17 847
18 28 385
28 18 385
18 32 978
32 18 978
18 78 743
78 18 743
18 39 686
39 18 686
18 19 828
19 18 828
18 68 260
68 18 260
18 68 421
68 18 421
18 48 700
48 18 700
18 94 822
94 18 822
18 33 509
33 18 509
19 33 414
33 19 414
19 38 324
38 19 324
19 92 777
92 19 777
19 34 374
34 19 374
19 43 132
43 19 132
19 80 245
80 19 245
20 67 828
67 20 828
20 91 224
91 20 224
20 67 849
67 20 849
20 51 124
51 20 124
20 54 277
54 20 277
20 32 461
32 20 461
20 85 300
85 20 300
21 73 500
73 21 500
21 56 938
56 21 938
21 37 783
37 21 783
21 59 77
59 21 77
21 76 408
76 21 408
22 40 387
40 22 387
22 90 220
90 22 220
22 32 520
32 22 520
22 56 939
56 22 939
22 64 667
64 22 667
22 96 793
96 22 793
23 24 680
24 23 680
23 67 191
67 23 191
23 99 951
99 23 951
23 45 787
45 23 787
23 84 427
84 23 427
23 61 778
61 23 778
23 32 750
32 23 750
23 23 505
23 23 505
23 39 773
39 23 773
24 56 804
56 24 804
24 67 116
67 24 116
24 44 542
44 24 542
24 62 104
62 24 104
24 40 457
40 24 457
24 73 442
73 24 442
24 60 998
60 24 998
24 65 185
65 24 185
25 45 320
45 25 320
25 53 706
53 25 706
25 90 58
90 25 58
26 30 898
30 26 898
26 65 735
65 26 735
26 95 630
95 26 630
26 61 590
61 26 590
26 88 338
88 26 338
27 31 645
31 27 645
27 34 333
34 27 333
27 35 250
35 27 250
27 72 134
72 27 134
27 44 566
44 27 566
27 72 774
72 27 774
27 78 356
78 27 356
27 56 569
56 27 569
28 42 396
42 28 396
28 78 6
78 28 6
28 37 52
37 28 52
28 35 667
35 28 667
29 39 91
39 29 91
29 62 39
62 29 39
29 62 189
62 29 189
30 47 491
47 30 491
30 65 603
65 30 603
30 92 187
92 30 187
30 98 938
98 30 938
30 60 649
60 30 649
30 45 983
45 30 983
30 46 381
46 30 381
30 96 388
96 30 388
30 53 474
53 30 474
30 74 112
74 30 112
30 34 805
34 30 805
31 51 319
51 31 319
31 61 903
61 31 903
31 44 689
44 31 689
31 71 697
71 31 697
31 56 691
56 31 691
31 54 957
54 31 957
31 97 989
97 31 989
31 97 220
97 31 220
31 62 354
62 31 354
32 38 822
38 32 822
32 71 674
71 32 674
32 94 246
94 32 246
32 58 288
58 32 288
32 74 760
74 32 760
32 66 113
66 32 113
33 82 901
82 33 901
33 54 487
54 33 487
33 77 719
77 33 719
33 42 412
42 33 412
33 69 903
69 33 903
33 61 2
61 33 2
33 41 497
41 33 497
34 81 356
81 34 356
34 55 285
55 34 285
35 41 374
41 35 374
35 42 833
42 35 833
35 88 185
88 35 185
35 95 563
95 35 563
35 81 12
81 35 12
35 83 939
83 35 939
35 73 455
73 35 455
36 92 263
92 36 263
36 94 401
94 36 401
36 64 420
64 36 420
36 83 367
83 36 367
36 50 973
50 36 973
36 57 231
57 36 231
37 99 951
99 37 951
38 70 612
70 38 612
38 68 112
68 38 112
38 51 331
51 38 331
38 80 309
80 38 309
38 88 612
88 38 612
38 41 544
41 38 544
38 93 440
93 38 440
38 56 95
56 38 95
38 98 83
98 38 83
38 90 810
90 38 810
38 57 649
57 38 649
39 45 544
45 39 544
39 53 989
53 39 989
39 76 514
76 39 514
39 77 197
77 39 197
39 92 243
92 39 243
40 49 200
49 40 200
40 80 508
80 40 508
40 66 478
66 40 478
40 95 55
95 40 55
40 94 342
94 40 342
40 45 51
45 40 51
40 96 288
96 40 288
40 70 489
70 40 489
40 55 746
55 40 746
40 75 794
75 40 794
40 70 874
70 40 874
41 46 851
46 41 851
41 81 276
81 41 276
41 95 962
95 41 962
41 74 437
74 41 437
41 65 412
65 41 412
41 44 913
44 41 913
41 91 398
91 41 398
41 71 80
71 41 80
42 88 731
88 42 731
42 57 20
57 42 20
42 93 832
93 42 832
42 94 304
94 42 304
42 47 75
47 42 75
42 99 610
99 42 610
42 78 665
78 42 665
42 76 172
76 42 172
43 61 659
61 43 659
43 66 990
66 43 990
43 82 803
82 43 803
43 95 374
95 43 374
43 47 800
47 43 800
44 83 306
83 44 306
44 77 19
77 44 19
45 46 11
46 45 11
46 85 942
85 46 942
46 73 760
73 46 760
46 71 768
71 46 768
46 54 398
54 46 398
46 79 467
79 46 467
47 82 330
82 47 330
47 99 923
99 47 923
47 69 437
69 47 437
47 55 14
55 47 14
47 67 425
67 47 425
48 50 14
50 48 14
48 48 918
48 48 918
48 61 59
61 48 59
48 68 137
68 48 137
48 52 625
52 48 625
48 68 979
68 48 979
48 77 85
77 48 85
49 72 427
72 49 427
49 64 198
64 49 198
49 82 747
82 49 747
49 65 393
65 49 393
49 89 704
89 49 704
50 96 881
96 50 881
50 89 134
89 50 134
50 57 98
57 50 98
50 92 113
92 50 113
51 54 232
54 51 232
51 77 764
77 51 764
51 52 666
52 51 666
51 69 78
69 51 78
51 74 234
74 51 234
52 71 774
71 52 774
52 74 864
74 52 864
52 79 374
79 52 374
52 56 657
56 52 657
52 88 86
88 52 86
53 85 154
85 53 154
53 96 345
96 53 345
53 55 62
55 53 62
54 97 447
97 54 447
54 55 494
55 54 494
54 80 867
80 54 867
54 86 734
86 54 734
55 73 366
73 55 366
55 69 289
69 55 289
55 57 933
57 55 933
55 91 811
91 55 811
55 57 995
57 55 995
55 94 834
94 55 834
56 82 624
82 56 624
56 99 29
99 56 29
56 91 628
91 56 628
56 94 277
94 56 277
57 92 982
92 57 982
57 68 515
68 57 515
57 57 256
57 57 256
57 86 540
86 57 540
57 64 434
64 57 434
58 68 375
68 58 375
58 83 75
83 58 75
59 89 912
89 59 912
59 99 347
99 59 347
59 84 703
84 59 703
59 73 931
73 59 931
59 81 483
81 59 483
59 70 457
70 59 457
59 76 511
76 59 511
59 60 264
60 59 264
60 77 676
77 60 676
60 64 300
64 60 300
61 84 144
84 61 144
61 90 81
90 61 81
61 62 685
62 61 685
61 89 999
89 61 999
61 91 798
91 61 798
61 69 453
69 61 453
62 66 606
66 62 606
62 80 497
80 62 497
64 77 994
77 64 994
64 73 429
73 64 429
65 66 101
66 65 101
66 80 633
80 66 633
67 96 213
96 67 213
67 77 446
77 67 446
67 88 474
88 67 474
68 84 758
84 68 758
68 85 295
85 68 295
69 94 330
94 69 330
69 73 888
73 69 888
70 93 789
93 70 789
70 72 594
72 70 594
70 83 898
83 70 898
71 91 52
91 71 52
71 94 870
94 71 870
71 88 92
88 71 92
71 79 517
79 71 517
72 87 659
87 72 659
73 83 965
83 73 965
73 90 139
90 73 139
73 92 433
92 73 433
74 89 542
89 74 542
74 81 68
81 74 68
74 77 844
77 74 844
74 95 908
95 74 908
74 96 9
96 74 9
75 90 102
90 75 102
75 78 312
78 75 312
76 97 431
97 76 431
76 84 973
84 76 973
77 87 606
87 77 606
77 97 177
97 77 177
77 99 202
99 77 202
78 98 769
98 78 769
78 80 706
80 78 706
78 88 331
88 78 331
79 82 407
82 79 407
79 96 474
96 79 474
79 83 8
83 79 8
80 97 640
97 80 640
81 89 448
89 81 448
82 85 13
85 82 13
83 92 456
92 83 456
84 92 602
92 84 602
87 88 619
88 87 619
88 99 577
99 88 577
89 93 913
93 89 913
91 97 865
97 91 865
93 96 501
96 93 501
93 94 997
94 93 997
94 94 788
94 94 788
