45

0 1 981
1 0 981
0 6 220
6 0 220
0 22 88
22 0 88
0 23 61
23 0 61
0 28 134
28 0 134
0 27 112
27 0 112
0 41 838
41 0 838
0 23 32
23 0 32
1 2 31
2 1 31
1 3 598
3 1 598
1 13 822
13 1 822
1 43 735
43 1 735
1 42 899
42 1 899
1 36 569
36 1 569
1 29 859
29 1 859
1 4 779
4 1 779
1 44 605
44 1 605
1 37 444
37 1 444
1 41 584
41 1 584
2 8 135
8 2 135
2 3 191
3 2 191
2 26 24
26 2 24
2 31 379
31 2 379
2 15 238
15 2 238
2 21 396
21 2 396
2 9 448
9 2 448
2 17 314
17 2 314
3 4 360
4 3 360
3 5 113
5 3 113
3 9 234
9 3 234
3 12 593
12 3 593
3 35 494
35 3 494
3 31 488
31 3 488
3 44 557
44 3 557
3 13 856
13 3 856
4 7 178
7 4 178
4 27 354
27 4 354
4 18 599
18 4 599
4 40 263
40 4 263
4 7 698
7 4 698
4 14 683
14 4 683
4 12 64
12 4 64
5 29 401
29 5 401
5 16 137
16 5 137
5 32 836
32 5 836
5 12 792
12 5 792
5 5 280
5 5 280
5 12 335
12 5 335
6 11 137
11 6 137
6 20 979
20 6 979
6 25 510
25 6 510
6 26 53
26 6 53
6 30 1
30 6 1
7 23 77
23 7 77
7 35 73
35 7 73
7 34 684
34 7 684
7 12 495
12 7 495
7 19 432
19 7 432
7 12 182
12 7 182
7 9 203
9 7 203
8 10 46
10 8 46
8 12 915
12 8 915
8 18 614
18 8 614
8 12 187
12 8 187
8 17 494
17 8 494
8 13 310
13 8 310
8 33 780
33 8 780
9 14 826
14 9 826
9 19 338
19 9 338
9 42 535
42 9 535
9 20 647
20 9 647
9 39 82
39 9 82
9 33 641
33 9 641
9 22 365
22 9 365
9 24 753
24 9 753
10 15 153
15 10 153
10 25 463
25 10 463
10 35 816
35 10 816
10 26 461
26 10 461
10 21 576
21 10 576
10 36 247
36 10 247
10 33 156
33 10 156
10 36 238
36 10 238
10 34 913
34 10 913
11 26 64
26 11 64
11 32 763
32 11 763
11 23 763
23 11 763
11 22 133
22 11 133
11 35 174
35 11 174
11 18 400
18 11 400
12 24 902
24 12 902
12 44 40
44 12 40
12 33 191
33 12 191
13 24 688
24 13 688
13 43 674
43 13 674
13 14 216
14 13 216
13 17 597
17 13 597
14 30 494
30 14 494
14 36 191
36 14 191
14 37 816
37 14 816
14 21 995
21 14 995
14 35 319
35 14 319
15 16 58
16 15 58
15 25 997
25 15 997
15 39 118
39 15 118
15 44 768
44 15 768
15 20 759
20 15 759
15 43 387
43 15 387
15 24 155
24 15 155
15 37 964
37 15 964
15 35 448
35 15 448
16 17 404
17 16 404
16 21 981
21 16 981
16 26 321
26 16 321
16 40 164
40 16 164
17 21 716
21 17 716
17 32 709
32 17 709
17 38 550
38 17 550
17 37 422
37 17 422
18 31 437
31 18 437
18 23 436
23 18 436
18 37 382
37 18 382
18 24 248
24 18 248
18 35 571
35 18 571
19 31 560
31 19 560
20 23 910
23 20 910
21 36 434
36 21 434
21 33 192
33 21 192
21 35 785
35 21 785
22 41 178
41 22 178
22 22 690
22 22 690
22 29 487
29 22 487
23 25 242
25 23 242
23 41 976
41 23 976
23 37 323
37 23 323
23 40 180
40 23 180
24 33 813
33 24 813
24 37 707
37 24 707
24 38 673
38 24 673
24 30 722
30 24 722
24 33 879
33 24 879
24 36 924
36 24 924
25 30 128
30 25 128
25 29 218
29 25 218
25 29 932
29 25 932
26 32 147
32 26 147
26 39 367
39 26 367
27 28 80
28 27 80
27 43 988
43 27 988
27 39 984
39 27 984
30 44 573
44 30 573
31 39 469
39 31 469
31 35 379
35 31 379
32 42 802
42 32 802
33 34 692
34 33 692
34 38 43
38 34 43
34 40 305
40 34 305
34 36 615
36 34 615
35 40 899
40 35 899
36 39 451
39 36 451
36 36 6
36 36 6
38 40 3
40 38 3
40 41 80
41 40 80
41 44 971
44 41 971
