22

0 1 629
1 0 629
0 3 194
3 0 194
0 17 39
17 0 39
0 0 179
0 0 179
1 2 489
2 1 489
1 10 854
10 1 854
2 4 905
4 2 905
2 5 267
5 2 267
2 6 226
6 2 226
3 8 246
8 3 246
3 11 444
11 3 444
3 14 692
14 3 692
4 6 393
6 4 393
5 7 798
7 5 798
5 14 125
14 5 125
5 18 900
18 5 900
5 9 780
9 5 780
6 9 754
9 6 754
6 16 569
16 6 569
6 15 274
15 6 274
8 13 816
13 8 816
8 20 311
20 8 311
8 18 159
18 8 159
8 15 496
15 8 496
9 12 926
12 9 926
9 19 713
19 9 713
9 19 699
19 9 699
10 18 621
18 10 621
10 19 756
19 10 756
10 12 83
12 10 83
12 21 809
21 12 809
13 15 806
15 13 806
