93

0 1 485
1 0 485
0 2 754
2 0 754
0 3 383
3 0 383
0 4 248
4 0 248
0 7 39
7 0 39
0 26 887
26 0 887
0 81 63
81 0 63
0 20 98
20 0 98
0 89 23
89 0 23
0 51 247
51 0 247
0 31 164
31 0 164
1 21 110
21 1 110
1 23 100
23 1 100
1 79 339
79 1 339
1 83 918
83 1 918
1 10 809
10 1 809
1 28 29
28 1 29
1 81 813
81 1 813
2 5 310
5 2 310
2 6 92
6 2 92
2 8 781
8 2 781
2 10 381
10 2 381
2 25 947
25 2 947
2 30 718
30 2 718
2 88 7
88 2 7
2 31 333
31 2 333
2 76 737
76 2 737
2 3 97
3 2 97
2 12 617
12 2 617
3 27 879
27 3 879
3 37 13
37 3 13
3 51 749
51 3 749
3 62 885
62 3 885
3 76 82
76 3 82
3 62 576
62 3 576
3 76 553
76 3 553
3 66 756
66 3 756
4 12 551
12 4 551
4 18 815
18 4 815
4 48 338
48 4 338
4 77 38
77 4 38
4 25 632
25 4 632
4 33 213
33 4 213
4 45 179
45 4 179
4 50 18
50 4 18
4 78 834
78 4 834
4 23 9
23 4 9
5 9 761
9 5 761
5 11 231
11 5 231
5 74 826
74 5 826
5 14 563
14 5 563
5 85 797
85 5 797
5 24 899
24 5 899
5 16 9
16 5 9
6 84 956
84 6 956
6 66 298
66 6 298
6 89 358
89 6 358
7 92 456
92 7 456
7 82 606
82 7 606
7 9 147
9 7 147
7 50 954
50 7 954
8 15 141
15 8 141
8 20 108
20 8 108
8 30 377
30 8 377
8 44 560
44 8 560
8 71 561
71 8 561
8 79 196
79 8 196
8 21 401
21 8 401
8 56 512
56 8 512
8 50 48
50 8 48
8 69 550
69 8 550
9 13 597
13 9 597
9 36 195
36 9 195
9 60 438
60 9 438
9 83 614
83 9 614
9 76 797
76 9 797
9 88 436
88 9 436
10 83 482
83 10 482
10 39 234
39 10 234
10 21 53
21 10 53
10 14 880
14 10 880
10 28 82
28 10 82
11 84 921
84 11 921
11 66 808
66 11 808
11 47 772
47 11 772
11 55 786
55 11 786
11 24 509
24 11 509
11 84 168
84 11 168
11 65 175
65 11 175
12 14 755
14 12 755
12 16 849
16 12 849
12 19 975
19 12 975
12 32 68
32 12 68
12 64 198
64 12 198
12 86 866
86 12 866
12 57 937
57 12 937
12 18 237
18 12 237
12 61 187
61 12 187
13 44 671
44 13 671
13 16 838
16 13 838
13 62 902
62 13 902
13 31 58
31 13 58
13 36 845
36 13 845
13 27 215
27 13 215
13 23 191
23 13 191
14 17 968
17 14 968
14 28 810
28 14 810
14 39 197
39 14 197
14 63 779
63 14 779
14 40 680
40 14 680
14 70 588
70 14 588
14 21 922
21 14 922
14 25 533
25 14 533
14 31 60
31 14 60
15 47 213
47 15 213
15 49 17
49 15 17
15 21 873
21 15 873
15 77 96
77 15 96
15 66 224
66 15 224
15 85 226
85 15 226
16 75 874
75 16 874
16 85 310
85 16 310
16 85 221
85 16 221
16 51 736
51 16 736
16 22 27
22 16 27
16 81 529
81 16 529
17 22 30
22 17 30
17 52 853
52 17 853
17 77 341
77 17 341
17 88 174
88 17 174
18 57 479
57 18 479
18 45 155
45 18 155
18 45 934
45 18 934
18 78 495
78 18 495
19 38 243
38 19 243
19 53 16
53 19 16
19 56 837
56 19 837
19 70 149
70 19 149
19 74 628
74 19 628
19 49 824
49 19 824
19 71 260
71 19 260
19 87 549
87 19 549
19 32 132
32 19 132
20 43 686
43 20 686
20 53 770
53 20 770
20 34 395
34 20 395
20 22 111
22 20 111
20 22 271
22 20 271
20 56 428
56 20 428
20 53 680
53 20 680
20 69 565
69 20 565
21 24 658
24 21 658
21 35 533
35 21 533
21 61 286
61 21 286
21 78 477
78 21 477
21 28 100
28 21 100
21 73 857
73 21 857
21 89 508
89 21 508
21 34 623
34 21 623
21 82 514
82 21 514
21 82 336
82 21 336
21 31 550
31 21 550
21 37 906
37 21 906
22 29 820
29 22 820
22 88 644
88 22 644
22 48 389
48 22 389
22 89 504
89 22 504
22 40 444
40 22 444
22 57 695
57 22 695
22 82 966
82 22 966
22 63 452
63 22 452
22 43 390
43 22 390
22 32 617
32 22 617
23 41 773
41 23 773
23 49 848
49 23 848
23 49 1
49 23 1
23 71 636
71 23 636
23 46 84
46 23 84
23 82 237
82 23 237
24 33 408
33 24 408
24 71 18
71 24 18
24 62 738
62 24 738
24 38 819
38 24 819
24 87 640
87 24 640
24 40 620
40 24 620
25 40 266
40 25 266
25 64 598
64 25 598
25 76 424
76 25 424
26 31 183
31 26 183
26 86 79
86 26 79
26 60 901
60 26 901
26 58 391
58 26 391
27 89 867
89 27 867
27 45 690
45 27 690
27 46 221
46 27 221
27 37 43
37 27 43
27 62 591
62 27 591
27 78 308
78 27 308
27 71 814
71 27 814
28 34 769
34 28 769
28 54 12
54 28 12
28 64 423
64 28 423
28 72 706
72 28 706
28 39 20
39 28 20
29 58 28
58 29 28
29 69 785
69 29 785
29 73 643
73 29 643
29 78 545
78 29 545
30 75 82
75 30 82
30 35 498
35 30 498
30 89 704
89 30 704
31 69 540
69 31 540
31 56 36
56 31 36
31 41 987
41 31 987
31 55 156
55 31 156
32 55 940
55 32 940
32 77 449
77 32 449
32 36 775
36 32 775
32 77 902
77 32 902
33 52 780
52 33 780
33 73 338
73 33 338
33 83 30
83 33 30
33 84 596
84 33 596
34 42 545
42 34 545
34 77 344
77 34 344
34 86 496
86 34 496
34 58 59
58 34 59
35 77 317
77 35 317
35 54 182
54 35 182
35 84 169
84 35 169
35 57 127
57 35 127
36 67 119
67 36 119
37 47 399
47 37 399
37 76 450
76 37 450
37 38 376
38 37 376
37 90 231
90 37 231
37 72 337
72 37 337
38 50 874
50 38 874
38 48 655
48 38 655
38 85 348
85 38 348
38 40 456
40 38 456
39 77 211
77 39 211
39 87 469
87 39 469
40 66 889
66 40 889
40 65 624
65 40 624
40 84 222
84 40 222
41 45 19
45 41 19
41 79 784
79 41 784
41 70 838
70 41 838
41 47 284
47 41 284
41 75 639
75 41 639
42 83 351
83 42 351
42 56 929
56 42 929
43 46 552
46 43 552
43 81 489
81 43 489
43 72 657
72 43 657
44 55 335
55 44 335
44 67 749
67 44 749
45 50 926
50 45 926
46 62 754
62 46 754
46 59 331
59 46 331
46 71 211
71 46 211
46 69 123
69 46 123
46 61 928
61 46 928
46 69 230
69 46 230
47 88 520
88 47 520
47 75 399
75 47 399
47 69 971
69 47 971
48 60 280
60 48 280
48 76 246
76 48 246
48 78 236
78 48 236
49 68 441
68 49 441
49 91 267
91 49 267
50 82 34
82 50 34
50 57 779
57 50 779
50 66 611
66 50 611
53 82 861
82 53 861
54 80 902
80 54 902
54 71 904
71 54 904
54 62 153
62 54 153
55 59 695
59 55 695
55 75 772
75 55 772
55 56 557
56 55 557
55 67 110
67 55 110
56 73 950
73 56 950
56 88 147
88 56 147
56 65 131
65 56 131
56 84 60
84 56 60
57 74 569
74 57 569
57 72 393
72 57 393
57 73 625
73 57 625
58 79 6
79 58 6
58 61 333
61 58 333
58 58 876
58 58 876
59 82 485
82 59 485
59 65 597
65 59 597
59 71 997
71 59 997
60 92 740
92 60 740
60 73 726
73 60 726
60 92 916
92 60 916
63 65 81
65 63 81
63 78 369
78 63 369
65 84 727
84 65 727
66 73 729
73 66 729
66 89 592
89 66 592
67 91 597
91 67 597
68 73 261
73 68 261
69 72 997
72 69 997
69 74 944
74 69 944
70 75 479
75 70 479
70 78 38
78 70 38
71 88 340
88 71 340
72 82 654
82 72 654
72 89 475
89 72 475
72 88 222
88 72 222
72 87 847
87 72 847
73 87 696
87 73 696
73 79 888
79 73 888
75 78 486
78 75 486
77 88 794
88 77 794
79 90 631
90 79 631
79 90 721
90 79 721
82 91 975
91 82 975
84 85 406
85 84 406
84 91 94
91 84 94
92 92 36
92 92 36
