69

0 1 742
1 0 742
0 2 252
2 0 252
0 4 600
4 0 600
0 34 618
34 0 618
0 35 131
35 0 131
0 56 712
56 0 712
0 17 668
17 0 668
0 58 140
58 0 140
0 31 124
31 0 124
1 3 340
3 1 340
1 9 464
9 1 464
1 11 810
11 1 810
1 51 479
51 1 479
1 59 436
59 1 436
1 48 968
48 1 968
1 14 137
14 1 137
1 24 325
24 1 325
1 26 26
26 1 26
1 44 461
44 1 461
2 18 695
18 2 695
2 27 472
27 2 472
2 30 791
30 2 791
2 3 422
3 2 422
2 55 5
55 2 5
2 20 473
20 2 473
2 54 449
54 2 449
2 25 127
25 2 127
2 6 761
6 2 761
3 6 456
6 3 456
3 7 265
7 3 265
3 10 971
10 3 971
3 13 804
13 3 804
3 26 513
26 3 513
3 7 159
7 3 159
3 32 128
32 3 128
3 62 1
62 3 1
3 44 526
44 3 526
4 5 482
5 4 482
4 24 477
24 4 477
4 44 982
44 4 982
4 68 963
68 4 963
4 56 216
56 4 216
4 24 350
24 4 350
4 46 347
46 4 347
5 8 491
8 5 491
5 16 101
16 5 101
5 66 176
66 5 176
5 52 671
52 5 671
5 56 359
56 5 359
5 25 343
25 5 343
5 30 196
30 5 196
5 46 533
46 5 533
5 54 253
54 5 253
5 33 17
33 5 17
6 41 505
41 6 505
6 27 919
27 6 919
7 22 994
22 7 994
7 17 951
17 7 951
7 14 988
14 7 988
7 42 151
42 7 151
7 38 468
38 7 468
8 14 218
14 8 218
8 21 379
21 8 379
8 28 5
28 8 5
8 18 773
18 8 773
8 33 325
33 8 325
8 53 366
53 8 366
8 25 606
25 8 606
8 68 278
68 8 278
8 53 410
53 8 410
8 23 270
23 8 270
8 45 380
45 8 380
9 12 148
12 9 148
9 25 991
25 9 991
9 56 737
56 9 737
9 50 840
50 9 840
9 42 48
42 9 48
9 54 219
54 9 219
9 48 698
48 9 698
9 49 636
49 9 636
9 61 610
61 9 610
10 43 831
43 10 831
10 59 196
59 10 196
10 58 762
58 10 762
10 46 756
46 10 756
10 67 770
67 10 770
10 56 827
56 10 827
10 28 214
28 10 214
10 59 779
59 10 779
10 43 44
43 10 44
11 15 942
15 11 942
11 20 92
20 11 92
11 26 245
26 11 245
11 42 828
42 11 828
11 54 550
54 11 550
11 46 48
46 11 48
11 19 759
19 11 759
11 51 171
51 11 171
11 14 387
14 11 387
11 44 646
44 11 646
11 11 58
11 11 58
12 39 294
39 12 294
12 32 173
32 12 173
12 19 497
19 12 497
12 27 396
27 12 396
12 25 761
25 12 761
13 17 913
17 13 913
13 63 439
63 13 439
13 60 928
60 13 928
13 47 50
47 13 50
13 39 576
39 13 576
13 53 551
53 13 551
13 33 221
33 13 221
14 19 29
19 14 29
14 23 965
23 14 965
14 30 340
30 14 340
14 32 61
32 14 61
15 40 135
40 15 135
15 54 401
54 15 401
15 63 74
63 15 74
15 59 892
59 15 892
15 38 480
38 15 480
15 54 745
54 15 745
15 30 975
30 15 975
16 60 335
60 16 335
16 19 893
19 16 893
16 46 558
46 16 558
16 22 94
22 16 94
16 40 93
40 16 93
16 46 674
46 16 674
16 38 380
38 16 380
17 50 173
50 17 173
17 44 720
44 17 720
17 17 774
17 17 774
17 53 60
53 17 60
17 37 692
37 17 692
17 60 411
60 17 411
18 39 994
39 18 994
18 51 30
51 18 30
18 63 662
63 18 662
18 30 57
30 18 57
18 57 309
57 18 309
18 52 52
52 18 52
18 18 689
18 18 689
18 23 625
23 18 625
19 49 232
49 19 232
19 42 140
42 19 140
19 26 762
26 19 762
19 30 146
30 19 146
20 29 727
29 20 727
20 31 236
31 20 236
20 57 29
57 20 29
21 57 250
57 21 250
21 36 401
36 21 401
21 67 429
67 21 429
21 49 247
49 21 247
21 25 418
25 21 418
22 37 766
37 22 766
22 52 65
52 22 65
22 39 297
39 22 297
22 63 258
63 22 258
22 50 21
50 22 21
22 57 920
57 22 920
23 61 31
61 23 31
23 47 977
47 23 977
23 34 723
34 23 723
24 52 551
52 24 551
24 52 683
52 24 683
24 49 598
49 24 598
24 27 977
27 24 977
24 28 180
28 24 180
24 47 428
47 24 428
25 33 924
33 25 924
25 58 398
58 25 398
25 62 575
62 25 575
25 38 856
38 25 856
25 36 648
36 25 648
25 50 824
50 25 824
26 32 286
32 26 286
26 36 177
36 26 177
26 47 10
47 26 10
26 39 984
39 26 984
26 64 355
64 26 355
26 34 815
34 26 815
26 37 416
37 26 416
26 28 645
28 26 645
27 41 964
41 27 964
27 27 279
27 27 279
27 58 871
58 27 871
27 31 656
31 27 656
28 45 625
45 28 625
28 45 240
45 28 240
28 45 685
45 28 685
28 53 835
53 28 835
28 52 768
52 28 768
28 33 547
33 28 547
28 50 243
50 28 243
28 66 623
66 28 623
28 67 68
67 28 68
29 52 974
52 29 974
29 61 526
61 29 526
29 64 208
64 29 208
30 38 868
38 30 868
30 46 252
46 30 252
30 67 176
67 30 176
30 50 457
50 30 457
30 38 625
38 30 625
31 55 474
55 31 474
31 60 824
60 31 824
31 49 334
49 31 334
31 51 305
51 31 305
32 49 716
49 32 716
32 66 682
66 32 682
33 45 899
45 33 899
33 41 791
41 33 791
33 63 595
63 33 595
34 42 953
42 34 953
34 48 407
48 34 407
34 45 234
45 34 234
34 52 785
52 34 785
34 48 864
48 34 864
34 52 86
52 34 86
35 54 338
54 35 338
35 41 72
41 35 72
35 62 687
62 35 687
35 44 714
44 35 714
36 53 854
53 36 854
36 54 118
54 36 118
36 66 392
66 36 392
36 50 842
50 36 842
36 65 102
65 36 102
37 58 235
58 37 235
37 47 784
47 37 784
37 41 57
41 37 57
38 44 449
44 38 449
38 46 322
46 38 322
38 65 168
65 38 168
38 67 264
67 38 264
39 46 912
46 39 912
39 54 867
54 39 867
39 56 240
56 39 240
39 46 44
46 39 44
39 53 190
53 39 190
39 50 981
50 39 981
40 54 650
54 40 650
40 67 127
67 40 127
40 67 126
67 40 126
40 66 957
66 40 957
40 57 31
57 40 31
40 51 876
51 40 876
40 59 605
59 40 605
41 59 329
59 41 329
42 51 419
51 42 419
43 68 48
68 43 48
43 64 948
64 43 948
43 63 509
63 43 509
43 59 449
59 43 449
43 68 169
68 43 169
43 64 486
64 43 486
44 53 376
53 44 376
44 68 143
68 44 143
44 64 953
64 44 953
44 65 819
65 44 819
44 46 254
46 44 254
45 68 761
68 45 761
45 46 85
46 45 85
45 61 188
61 45 188
46 56 96
56 46 96
46 50 800
50 46 800
46 47 103
47 46 103
46 48 76
48 46 76
47 58 505
58 47 505
48 61 129
61 48 129
48 61 772
61 48 772
49 59 424
59 49 424
49 64 922
64 49 922
50 57 979
57 50 979
51 68 83
68 51 83
51 53 931
53 51 931
51 53 997
53 51 997
51 63 217
63 51 217
52 62 182
62 52 182
52 58 338
58 52 338
53 56 524
56 53 524
54 64 42
64 54 42
54 59 304
59 54 304
54 58 189
58 54 189
54 64 319
64 54 319
54 66 240
66 54 240
54 64 110
64 54 110
54 65 432
65 54 432
56 62 42
62 56 42
56 60 669
60 56 669
56 57 873
57 56 873
57 67 124
67 57 124
58 65 248
65 58 248
59 67 166
67 59 166
60 61 548
61 60 548
61 63 737
63 61 737
