44

0 1 726
1 0 726
0 5 667
5 0 667
0 18 908
18 0 908
0 5 414
5 0 414
0 17 809
17 0 809
1 2 717
2 1 717
1 6 918
6 1 918
1 19 366
19 1 366
1 28 919
28 1 919
2 3 524
3 2 524
2 4 256
4 2 256
2 7 438
7 2 438
2 16 368
16 2 368
2 21 964
21 2 964
2 35 388
35 2 388
2 43 541
43 2 541
2 43 179
43 2 179
2 18 674
18 2 674
3 8 345
8 3 345
3 9 679
9 3 679
3 33 782
33 3 782
4 38 732
38 4 732
4 32 469
32 4 469
5 13 538
13 5 538
5 26 145
26 5 145
5 32 76
32 5 76
5 23 512
23 5 512
5 31 451
31 5 451
6 10 492
10 6 492
6 15 781
15 6 781
6 25 61
25 6 61
6 8 925
8 6 925
6 36 374
36 6 374
7 27 447
27 7 447
7 9 938
9 7 938
7 15 453
15 7 453
8 39 57
39 8 57
8 26 264
26 8 264
8 18 993
18 8 993
9 11 44
11 9 44
9 41 524
41 9 524
10 23 563
23 10 563
10 31 16
31 10 16
11 12 368
12 11 368
11 14 346
14 11 346
11 31 287
31 11 287
11 27 927
27 11 927
11 11 683
11 11 683
11 33 584
33 11 584
11 21 497
21 11 497
12 26 241
26 12 241
12 14 11
14 12 11
12 31 937
31 12 937
12 37 269
37 12 269
13 22 95
22 13 95
13 40 837
40 13 837
13 22 202
22 13 202
13 25 868
25 13 868
13 30 585
30 13 585
13 41 926
41 13 926
14 24 279
24 14 279
15 20 715
20 15 715
15 39 195
39 15 195
15 22 254
22 15 254
16 17 1000
17 16 1000
16 19 813
19 16 813
16 28 244
28 16 244
16 41 137
41 16 137
16 27 612
27 16 612
17 28 924
28 17 924
18 38 212
38 18 212
18 21 282
21 18 282
20 37 722
37 20 722
20 31 677
31 20 677
20 38 584
38 20 584
23 30 689
30 23 689
23 28 994
28 23 994
24 41 761
41 24 761
25 30 870
30 25 870
26 29 435
29 26 435
26 35 845
35 26 845
26 43 240
43 26 240
26 39 285
39 26 285
28 41 331
41 28 331
29 36 197
36 29 197
30 35 430
35 30 430
32 33 463
33 32 463
33 34 465
34 33 465
33 36 558
36 33 558
34 37 810
37 34 810
36 42 507
42 36 507
36 38 700
38 36 700
