97

0 1 454
1 0 454
0 2 536
2 0 536
0 3 817
3 0 817
0 8 367
8 0 367
0 12 98
12 0 98
0 94 495
94 0 495
0 90 782
90 0 782
0 49 336
49 0 336
0 43 516
43 0 516
0 33 800
33 0 800
0 31 199
31 0 199
0 77 341
77 0 341
0 7 659
7 0 659
1 62 14
62 1 14
1 49 124
49 1 124
1 17 80
17 1 80
1 62 885
62 1 885
1 68 634
68 1 634
1 80 302
80 1 302
2 5 111
5 2 111
2 9 916
9 2 916
2 45 1000
45 2 1000
2 38 224
38 2 224
2 47 77
47 2 77
2 49 512
49 2 512
2 76 328
76 2 328
3 4 489
4 3 489
3 7 234
7 3 234
3 28 435
28 3 435
3 16 201
16 3 201
3 83 28
83 3 28
3 10 850
10 3 850
4 6 339
6 4 339
4 10 902
10 4 902
4 11 50
11 4 50
4 27 429
27 4 429
4 64 804
64 4 804
4 77 375
77 4 375
5 14 336
14 5 336
5 34 490
34 5 490
5 56 434
56 5 434
5 58 441
58 5 441
5 63 905
63 5 905
5 26 619
26 5 619
6 15 208
15 6 208
6 24 81
24 6 81
6 86 468
86 6 468
6 92 380
92 6 380
6 91 631
91 6 631
6 35 52
35 6 52
6 21 560
21 6 560
6 24 599
24 6 599
6 90 721
90 6 721
7 29 643
29 7 643
7 65 70
65 7 70
7 89 328
89 7 328
7 88 941
88 7 941
8 18 107
18 8 107
8 39 596
39 8 596
8 92 840
92 8 840
8 81 770
81 8 770
8 27 616
27 8 616
9 35 154
35 9 154
9 37 863
37 9 863
9 84 290
84 9 290
10 19 68
19 10 68
10 20 516
20 10 516
10 68 66
68 10 66
10 92 638
92 10 638
10 95 199
95 10 199
11 90 658
90 11 658
11 44 652
44 11 652
11 67 626
67 11 626
11 39 936
39 11 936
11 26 74
26 11 74
11 96 623
96 11 623
11 86 618
86 11 618
11 67 645
67 11 645
11 77 517
77 11 517
12 13 863
13 12 863
12 22 155
22 12 155
12 23 868
23 12 868
12 33 701
33 12 701
12 48 977
48 12 977
12 61 577
61 12 577
13 38 637
38 13 637
13 43 841
43 13 841
13 49 63
49 13 63
13 63 548
63 13 548
13 93 316
93 13 316
13 61 899
61 13 899
13 90 495
90 13 495
14 16 403
16 14 403
14 17 519
17 14 519
14 46 38
46 14 38
14 54 224
54 14 224
14 60 399
60 14 399
14 78 982
78 14 982
14 45 609
45 14 609
15 81 423
81 15 423
15 64 242
64 15 242
16 70 384
70 16 384
16 94 822
94 16 822
16 86 848
86 16 848
16 39 446
39 16 446
16 86 505
86 16 505
16 40 25
40 16 25
16 48 435
48 16 435
17 26 674
26 17 674
17 36 149
36 17 149
17 50 307
50 17 307
17 80 114
80 17 114
17 84 49
84 17 49
17 52 844
52 17 844
17 23 446
23 17 446
18 30 174
30 18 174
18 51 779
51 18 779
18 53 389
53 18 389
18 48 463
48 18 463
18 46 949
46 18 949
18 42 517
42 18 517
18 89 896
89 18 896
19 92 44
92 19 44
19 49 224
49 19 224
19 75 374
75 19 374
19 91 682
91 19 682
19 80 762
80 19 762
20 21 793
21 20 793
20 64 845
64 20 845
20 78 205
78 20 205
20 75 373
75 20 373
20 64 290
64 20 290
20 51 813
51 20 813
20 23 847
23 20 847
21 67 906
67 21 906
22 91 795
91 22 795
22 61 898
61 22 898
22 44 415
44 22 415
22 73 83
73 22 83
23 47 534
47 23 534
23 70 64
70 23 64
23 23 542
23 23 542
24 25 450
25 24 450
24 78 192
78 24 192
24 41 48
41 24 48
25 31 594
31 25 594
25 57 309
57 25 309
25 82 772
82 25 772
25 54 965
54 25 965
25 82 145
82 25 145
26 73 618
73 26 618
26 79 743
79 26 743
26 71 555
71 26 555
26 63 806
63 26 806
27 80 94
80 27 94
27 91 637
91 27 637
27 81 734
81 27 734
28 88 475
88 28 475
28 47 341
47 28 341
29 41 4
41 29 4
29 37 90
37 29 90
30 44 533
44 30 533
30 76 627
76 30 627
30 84 652
84 30 652
30 92 954
92 30 954
30 92 369
92 30 369
30 66 118
66 30 118
31 32 533
32 31 533
31 40 945
40 31 945
31 35 233
35 31 233
32 92 497
92 32 497
32 43 358
43 32 358
33 82 451
82 33 451
33 66 129
66 33 129
33 69 569
69 33 569
33 93 287
93 33 287
34 42 845
42 34 845
34 51 217
51 34 217
34 51 438
51 34 438
35 61 845
61 35 845
35 71 391
71 35 391
35 83 416
83 35 416
35 95 341
95 35 341
35 65 708
65 35 708
36 96 512
96 36 512
36 40 729
40 36 729
36 93 489
93 36 489
36 51 725
51 36 725
37 42 556
42 37 556
37 59 975
59 37 975
37 85 754
85 37 754
37 45 340
45 37 340
38 68 339
68 38 339
38 79 97
79 38 97
38 47 819
47 38 819
39 56 755
56 39 755
39 91 60
91 39 60
39 73 124
73 39 124
40 80 373
80 40 373
41 94 615
94 41 615
41 77 927
77 41 927
42 73 411
73 42 411
42 66 574
66 42 574
43 52 698
52 43 698
43 78 549
78 43 549
43 85 295
85 43 295
43 78 715
78 43 715
43 88 495
88 43 495
44 96 247
96 44 247
46 58 885
58 46 885
46 86 845
86 46 845
46 80 645
80 46 645
46 73 106
73 46 106
46 77 546
77 46 546
47 87 16
87 47 16
47 81 995
81 47 995
47 78 899
78 47 899
47 92 329
92 47 329
48 55 514
55 48 514
48 75 952
75 48 952
48 49 340
49 48 340
50 77 915
77 50 915
50 67 881
67 50 881
51 85 23
85 51 23
53 67 39
67 53 39
54 56 451
56 54 451
54 86 590
86 54 590
54 79 785
79 54 785
55 84 64
84 55 64
55 96 482
96 55 482
56 81 667
81 56 667
56 88 145
88 56 145
56 71 513
71 56 513
57 64 912
64 57 912
58 82 540
82 58 540
58 82 801
82 58 801
59 77 245
77 59 245
59 76 300
76 59 300
59 66 296
66 59 296
60 66 790
66 60 790
60 72 310
72 60 310
62 80 663
80 62 663
63 69 842
69 63 842
63 67 647
67 63 647
64 83 82
83 64 82
65 75 834
75 65 834
66 95 336
95 66 336
66 69 115
69 66 115
67 87 810
87 67 810
67 91 195
91 67 195
69 73 639
73 69 639
69 95 567
95 69 567
70 83 362
83 70 362
71 96 630
96 71 630
72 74 29
74 72 29
72 85 317
85 72 317
73 94 432
94 73 432
74 90 764
90 74 764
75 79 777
79 75 777
82 87 217
87 82 217
83 87 264
87 83 264
85 86 264
86 85 264
86 87 306
87 86 306
