88

0 1 449
1 0 449
0 2 12
2 0 12
0 3 678
3 0 678
0 13 718
13 0 718
0 21 279
21 0 279
0 35 762
35 0 762
0 51 305
51 0 305
0 59 661
59 0 661
0 77 194
77 0 194
0 18 96
18 0 96
0 47 290
47 0 290
0 3 765
3 0 765
1 5 296
5 1 296
1 6 326
6 1 326
1 7 612
7 1 612
1 19 446
19 1 446
1 45 975
45 1 975
1 63 877
63 1 877
1 29 199
29 1 199
1 11 82
11 1 82
1 21 646
21 1 646
1 48 582
48 1 582
1 67 944
67 1 944
2 14 173
14 2 173
2 17 803
17 2 803
2 19 844
19 2 844
2 42 556
42 2 556
2 8 492
8 2 492
2 21 814
21 2 814
3 4 823
4 3 823
3 10 613
10 3 613
3 11 164
11 3 164
3 23 700
23 3 700
3 11 702
11 3 702
3 6 772
6 3 772
3 35 258
35 3 258
3 48 170
48 3 170
3 60 971
60 3 971
3 77 132
77 3 132
4 12 945
12 4 945
4 30 799
30 4 799
4 38 64
38 4 64
4 83 512
83 4 512
4 41 498
41 4 498
4 7 727
7 4 727
4 60 384
60 4 384
4 40 757
40 4 757
5 40 763
40 5 763
5 49 400
49 5 400
5 67 923
67 5 923
6 20 830
20 6 830
6 66 989
66 6 989
6 53 888
53 6 888
7 8 817
8 7 817
7 9 747
9 7 747
7 59 756
59 7 756
7 18 56
18 7 56
7 11 832
11 7 832
7 68 76
68 7 76
8 33 612
33 8 612
8 41 129
41 8 129
8 63 358
63 8 358
8 41 105
41 8 105
8 39 376
39 8 376
8 63 724
63 8 724
9 16 894
16 9 894
9 24 833
24 9 833
9 32 985
32 9 985
9 44 757
44 9 757
9 46 350
46 9 350
9 67 620
67 9 620
9 69 498
69 9 498
9 30 961
30 9 961
9 61 515
61 9 515
9 46 674
46 9 674
9 43 25
43 9 25
9 36 24
36 9 24
10 33 355
33 10 355
10 87 143
87 10 143
10 80 247
80 10 247
10 33 964
33 10 964
11 25 307
25 11 307
11 57 445
57 11 445
11 51 343
51 11 343
11 45 964
45 11 964
11 13 652
13 11 652
11 28 645
28 11 645
11 38 373
38 11 373
12 18 275
18 12 275
12 22 953
22 12 953
12 87 137
87 12 137
12 47 76
47 12 76
12 36 176
36 12 176
12 32 534
32 12 534
12 41 551
41 12 551
12 45 454
45 12 454
12 70 364
70 12 364
13 73 749
73 13 749
13 64 271
64 13 271
13 43 867
43 13 867
13 82 92
82 13 92
13 83 109
83 13 109
13 52 56
52 13 56
14 15 878
15 14 878
14 20 585
20 14 585
14 26 306
26 14 306
14 62 718
62 14 718
14 17 32
17 14 32
14 84 18
84 14 18
14 17 571
17 14 571
14 35 735
35 14 735
14 28 971
28 14 971
14 86 386
86 14 386
14 18 818
18 14 818
14 72 512
72 14 512
14 36 893
36 14 893
14 40 556
40 14 556
15 43 250
43 15 250
15 57 662
57 15 662
15 38 873
38 15 873
15 31 614
31 15 614
15 32 690
32 15 690
15 83 320
83 15 320
15 43 767
43 15 767
16 40 769
40 16 769
16 42 936
42 16 936
16 72 234
72 16 234
16 64 456
64 16 456
16 30 385
30 16 385
16 30 997
30 16 997
16 57 885
57 16 885
16 77 831
77 16 831
17 27 675
27 17 675
17 41 405
41 17 405
17 32 470
32 17 470
17 80 895
80 17 895
17 59 600
59 17 600
17 62 94
62 17 94
17 64 658
64 17 658
18 63 223
63 18 223
18 52 582
52 18 582
18 56 79
56 18 79
18 47 651
47 18 651
19 86 444
86 19 444
19 36 536
36 19 536
20 73 589
73 20 589
20 36 724
36 20 724
20 48 706
48 20 706
20 34 143
34 20 143
20 70 682
70 20 682
21 49 822
49 21 822
21 49 552
49 21 552
22 28 805
28 22 805
22 34 333
34 22 333
22 56 643
56 22 643
23 29 137
29 23 137
23 81 256
81 23 256
23 76 801
76 23 801
23 64 447
64 23 447
23 44 907
44 23 907
23 45 152
45 23 152
23 24 781
24 23 781
24 33 670
33 24 670
24 35 995
35 24 995
24 45 105
45 24 105
25 36 689
36 25 689
26 84 705
84 26 705
26 64 735
64 26 735
26 72 210
72 26 210
26 52 298
52 26 298
26 72 894
72 26 894
27 39 573
39 27 573
27 68 564
68 27 564
27 82 889
82 27 889
27 82 642
82 27 642
27 43 922
43 27 922
27 61 108
61 27 108
27 84 121
84 27 121
28 36 704
36 28 704
28 51 231
51 28 231
28 73 699
73 28 699
28 54 67
54 28 67
29 31 932
31 29 932
29 37 571
37 29 571
29 60 617
60 29 617
29 52 748
52 29 748
29 80 640
80 29 640
30 61 710
61 30 710
30 66 779
66 30 779
31 47 868
47 31 868
31 86 585
86 31 585
31 62 529
62 31 529
32 43 254
43 32 254
32 72 88
72 32 88
32 42 547
42 32 547
32 42 83
42 32 83
33 76 834
76 33 834
33 68 227
68 33 227
33 45 659
45 33 659
33 79 46
79 33 46
34 55 462
55 34 462
34 72 543
72 34 543
34 38 475
38 34 475
35 72 340
72 35 340
35 79 614
79 35 614
36 50 479
50 36 479
37 43 544
43 37 544
37 86 614
86 37 614
37 73 883
73 37 883
37 86 583
86 37 583
39 62 454
62 39 454
39 68 907
68 39 907
39 74 700
74 39 700
40 58 201
58 40 201
40 84 561
84 40 561
40 83 949
83 40 949
41 54 482
54 41 482
41 69 746
69 41 746
41 84 613
84 41 613
42 48 597
48 42 597
42 50 654
50 42 654
42 64 43
64 42 43
42 57 940
57 42 940
42 65 622
65 42 622
43 56 885
56 43 885
43 65 56
65 43 56
43 52 205
52 43 205
45 76 127
76 45 127
45 51 174
51 45 174
45 52 123
52 45 123
46 55 34
55 46 34
47 52 970
52 47 970
47 80 643
80 47 643
47 60 165
60 47 165
48 65 208
65 48 208
48 66 838
66 48 838
48 57 969
57 48 969
48 79 475
79 48 475
48 69 675
69 48 675
49 70 777
70 49 777
49 73 602
73 49 602
49 68 91
68 49 91
50 84 896
84 50 896
50 57 417
57 50 417
51 64 347
64 51 347
51 74 397
74 51 397
52 53 438
53 52 438
52 76 873
76 52 873
52 70 148
70 52 148
53 69 607
69 53 607
53 63 267
63 53 267
54 55 215
55 54 215
55 76 500
76 55 500
55 58 141
58 55 141
56 83 302
83 56 302
56 68 504
68 56 504
56 60 688
60 56 688
56 63 95
63 56 95
56 86 238
86 56 238
57 59 484
59 57 484
58 64 172
64 58 172
58 62 626
62 58 626
58 67 467
67 58 467
59 83 330
83 59 330
59 64 518
64 59 518
59 62 53
62 59 53
59 81 648
81 59 648
60 74 860
74 60 860
61 71 575
71 61 575
61 83 161
83 61 161
61 70 79
70 61 79
62 75 278
75 62 278
62 85 322
85 62 322
62 75 331
75 62 331
62 73 47
73 62 47
63 66 832
66 63 832
63 77 535
77 63 535
66 77 428
77 66 428
67 77 926
77 67 926
68 76 149
76 68 149
69 79 14
79 69 14
69 83 651
83 69 651
69 81 817
81 69 817
70 82 434
82 70 434
71 83 256
83 71 256
72 81 916
81 72 916
73 78 613
78 73 613
73 82 110
82 73 110
73 87 214
87 73 214
74 78 677
78 74 677
75 83 693
83 75 693
75 77 883
77 75 883
76 77 582
77 76 582
