98

0 1 424
1 0 424
0 2 752
2 0 752
0 13 863
13 0 863
0 28 92
28 0 92
0 31 121
31 0 121
0 34 329
34 0 329
0 67 534
67 0 534
0 94 148
94 0 148
0 5 316
5 0 316
0 30 34
30 0 34
0 9 404
9 0 404
0 11 185
11 0 185
0 53 186
53 0 186
0 43 459
43 0 459
0 8 544
8 0 544
0 84 173
84 0 173
0 0 899
0 0 899
0 2 972
2 0 972
0 69 305
69 0 305
0 95 783
95 0 783
0 68 970
68 0 970
0 60 556
60 0 556
0 59 477
59 0 477
1 3 495
3 1 495
1 5 606
5 1 606
1 10 492
10 1 492
1 40 717
40 1 717
1 75 126
75 1 126
1 62 428
62 1 428
1 83 961
83 1 961
1 21 51
21 1 51
1 82 158
82 1 158
1 28 456
28 1 456
1 40 759
40 1 759
1 18 362
18 1 362
1 27 50
27 1 50
1 40 711
40 1 711
1 15 475
15 1 475
1 89 847
89 1 847
1 7 692
7 1 692
1 94 229
94 1 229
2 4 593
4 2 593
2 7 331
7 2 331
2 8 74
8 2 74
2 18 631
18 2 631
2 27 593
27 2 593
2 30 119
30 2 119
2 93 412
93 2 412
2 23 384
23 2 384
2 2 98
2 2 98
2 6 422
6 2 422
2 75 10
75 2 10
2 69 835
69 2 835
2 27 909
27 2 909
2 75 187
75 2 187
2 89 251
89 2 251
2 82 323
82 2 323
2 78 505
78 2 505
2 38 984
38 2 984
2 28 981
28 2 981
2 19 270
19 2 270
2 52 360
52 2 360
2 34 251
34 2 251
2 57 44
57 2 44
2 96 726
96 2 726
3 14 374
14 3 374
3 56 998
56 3 998
3 62 401
62 3 401
3 76 706
76 3 706
3 60 595
60 3 595
3 81 372
81 3 372
3 34 825
34 3 825
3 92 368
92 3 368
3 7 66
7 3 66
3 23 6
23 3 6
3 54 57
54 3 57
3 14 703
14 3 703
3 42 565
42 3 565
3 20 396
20 3 396
3 5 521
5 3 521
3 36 701
36 3 701
3 46 78
46 3 78
4 6 435
6 4 435
4 11 267
11 4 267
4 44 290
44 4 290
4 23 577
23 4 577
4 80 535
80 4 535
4 76 965
76 4 965
4 65 51
65 4 51
4 75 413
75 4 413
4 23 970
23 4 970
4 5 17
5 4 17
4 76 23
76 4 23
4 56 649
56 4 649
4 94 934
94 4 934
4 16 278
16 4 278
4 58 216
58 4 216
4 30 206
30 4 206
4 82 571
82 4 571
4 55 852
55 4 852
5 9 281
9 5 281
5 15 66
15 5 66
5 84 459
84 5 459
5 42 38
42 5 38
5 16 69
16 5 69
5 42 701
42 5 701
5 56 536
56 5 536
5 68 953
68 5 953
5 69 484
69 5 484
5 5 66
5 5 66
5 84 369
84 5 369
5 39 790
39 5 790
5 77 444
77 5 444
5 86 277
86 5 277
5 17 748
17 5 748
5 63 98
63 5 98
6 94 914
94 6 914
6 65 788
65 6 788
6 59 313
59 6 313
6 68 153
68 6 153
6 28 308
28 6 308
6 56 607
56 6 607
6 63 755
63 6 755
6 66 639
66 6 639
6 33 493
33 6 493
6 54 926
54 6 926
6 69 723
69 6 723
6 25 880
25 6 880
6 45 581
45 6 581
6 37 565
37 6 565
6 55 528
55 6 528
6 32 960
32 6 960
7 42 777
42 7 777
7 97 800
97 7 800
7 65 843
65 7 843
7 17 350
17 7 350
7 13 18
13 7 18
7 25 508
25 7 508
7 78 436
78 7 436
7 58 961
58 7 961
7 45 525
45 7 525
7 67 406
67 7 406
8 12 195
12 8 195
8 51 92
51 8 92
8 54 826
54 8 826
8 58 550
58 8 550
8 63 670
63 8 670
8 66 397
66 8 397
8 27 876
27 8 876
8 54 692
54 8 692
8 88 669
88 8 669
8 47 310
47 8 310
8 9 233
9 8 233
8 26 835
26 8 835
8 21 22
21 8 22
8 72 733
72 8 733
8 84 536
84 8 536
8 43 501
43 8 501
8 86 393
86 8 393
8 66 978
66 8 978
9 17 958
17 9 958
9 20 433
20 9 433
9 47 220
47 9 220
9 96 779
96 9 779
9 21 835
21 9 835
9 76 1
76 9 1
9 91 443
91 9 443
9 71 311
71 9 311
9 85 647
85 9 647
9 23 282
23 9 282
9 64 712
64 9 712
9 39 761
39 9 761
9 24 120
24 9 120
9 60 294
60 9 294
10 22 742
22 10 742
10 37 486
37 10 486
10 64 8
64 10 8
10 92 701
92 10 701
10 79 228
79 10 228
10 76 309
76 10 309
10 28 515
28 10 515
10 69 822
69 10 822
10 22 202
22 10 202
10 46 529
46 10 529
10 48 738
48 10 738
10 47 367
47 10 367
10 83 48
83 10 48
10 43 10
43 10 10
10 34 88
34 10 88
10 28 66
28 10 66
10 63 444
63 10 444
10 49 154
49 10 154
11 36 479
36 11 479
11 43 118
43 11 118
11 69 582
69 11 582
11 55 682
55 11 682
11 79 948
79 11 948
11 88 158
88 11 158
11 40 525
40 11 525
11 81 539
81 11 539
11 36 780
36 11 780
11 31 217
31 11 217
11 57 678
57 11 678
11 34 611
34 11 611
11 30 788
30 11 788
11 69 536
69 11 536
11 73 678
73 11 678
11 59 376
59 11 376
11 36 89
36 11 89
11 29 4
29 11 4
12 16 290
16 12 290
12 21 771
21 12 771
12 48 124
48 12 124
12 54 506
54 12 506
12 84 585
84 12 585
12 92 174
92 12 174
12 34 197
34 12 197
12 33 181
33 12 181
12 93 280
93 12 280
12 19 726
19 12 726
12 25 67
25 12 67
12 86 95
86 12 95
12 49 853
49 12 853
12 43 751
43 12 751
12 60 492
60 12 492
12 57 642
57 12 642
13 49 631
49 13 631
13 24 179
24 13 179
13 24 943
24 13 943
13 14 997
14 13 997
13 35 616
35 13 616
13 58 133
58 13 133
13 84 743
84 13 743
13 45 378
45 13 378
13 35 1
35 13 1
13 16 162
16 13 162
13 88 163
88 13 163
14 19 499
19 14 499
14 26 807
26 14 807
14 45 774
45 14 774
14 51 20
51 14 20
14 79 194
79 14 194
14 28 716
28 14 716
14 60 325
60 14 325
14 71 256
71 14 256
14 57 187
57 14 187
14 93 464
93 14 464
14 82 207
82 14 207
14 51 476
51 14 476
15 33 10
33 15 10
15 96 923
96 15 923
15 69 845
69 15 845
15 51 943
51 15 943
15 90 90
90 15 90
15 52 528
52 15 528
15 38 49
38 15 49
15 37 629
37 15 629
15 30 92
30 15 92
15 38 901
38 15 901
15 43 940
43 15 940
15 66 276
66 15 276
16 24 852
24 16 852
16 31 382
31 16 382
16 92 478
92 16 478
16 22 676
22 16 676
16 25 17
25 16 17
16 72 678
72 16 678
16 87 593
87 16 593
16 65 559
65 16 559
16 72 740
72 16 740
16 79 315
79 16 315
16 52 237
52 16 237
16 85 609
85 16 609
17 29 10
29 17 10
17 32 499
32 17 499
17 53 179
53 17 179
17 27 558
27 17 558
17 41 698
41 17 698
17 89 639
89 17 639
17 31 179
31 17 179
17 82 678
82 17 678
17 48 424
48 17 424
17 57 758
57 17 758
17 71 836
71 17 836
17 62 94
62 17 94
17 33 58
33 17 58
17 83 770
83 17 770
18 88 55
88 18 55
18 85 151
85 18 151
18 86 533
86 18 533
18 56 207
56 18 207
18 42 477
42 18 477
18 55 83
55 18 83
18 74 662
74 18 662
18 51 895
51 18 895
18 25 228
25 18 228
19 61 60
61 19 60
19 22 192
22 19 192
19 28 774
28 19 774
19 39 13
39 19 13
19 35 81
35 19 81
19 68 652
68 19 652
19 54 930
54 19 930
19 78 306
78 19 306
19 62 156
62 19 156
19 93 639
93 19 639
19 95 804
95 19 804
19 66 879
66 19 879
19 70 347
70 19 347
19 59 904
59 19 904
19 70 995
70 19 995
19 67 963
67 19 963
19 23 255
23 19 255
19 56 588
56 19 588
19 89 468
89 19 468
20 23 539
23 20 539
20 83 452
83 20 452
20 61 691
61 20 691
20 20 35
20 20 35
20 27 124
27 20 124
20 73 139
73 20 139
20 30 536
30 20 536
20 33 886
33 20 886
20 42 446
42 20 446
20 50 820
50 20 820
20 68 204
68 20 204
20 33 715
33 20 715
20 22 34
22 20 34
21 26 895
26 21 895
21 91 867
91 21 867
21 70 721
70 21 721
21 60 589
60 21 589
21 94 37
94 21 37
21 35 706
35 21 706
21 95 11
95 21 11
21 76 612
76 21 612
21 37 959
37 21 959
22 60 177
60 22 177
22 70 559
70 22 559
22 44 132
44 22 132
22 80 312
80 22 312
22 95 498
95 22 498
22 88 71
88 22 71
22 44 409
44 22 409
22 91 258
91 22 258
22 24 142
24 22 142
22 95 595
95 22 595
22 86 694
86 22 694
22 75 318
75 22 318
23 35 711
35 23 711
23 66 37
66 23 37
23 88 955
88 23 955
23 56 850
56 23 850
23 89 780
89 23 780
23 87 554
87 23 554
23 95 820
95 23 820
23 85 772
85 23 772
24 25 839
25 24 839
24 45 165
45 24 165
24 50 925
50 24 925
24 56 778
56 24 778
24 42 683
42 24 683
24 74 191
74 24 191
24 38 224
38 24 224
24 80 874
80 24 874
24 61 732
61 24 732
24 53 567
53 24 567
24 76 793
76 24 793
25 33 232
33 25 232
25 27 130
27 25 130
25 87 899
87 25 899
25 72 615
72 25 615
25 30 263
30 25 263
25 49 261
49 25 261
25 37 58
37 25 58
25 44 328
44 25 328
25 71 636
71 25 636
26 65 965
65 26 965
26 37 970
37 26 970
26 48 731
48 26 731
26 79 959
79 26 959
26 31 934
31 26 934
27 38 777
38 27 777
27 34 648
34 27 648
27 36 237
36 27 237
27 60 630
60 27 630
27 94 519
94 27 519
27 40 289
40 27 289
27 80 739
80 27 739
27 53 575
53 27 575
27 51 621
51 27 621
27 93 272
93 27 272
27 87 483
87 27 483
27 63 562
63 27 562
27 97 936
97 27 936
27 36 197
36 27 197
27 29 457
29 27 457
28 39 766
39 28 766
28 91 334
91 28 334
28 62 5
62 28 5
28 52 14
52 28 14
28 89 926
89 28 926
28 91 945
91 28 945
28 84 778
84 28 778
28 60 786
60 28 786
29 83 277
83 29 277
29 88 825
88 29 825
29 33 740
33 29 740
29 85 896
85 29 896
29 61 197
61 29 197
30 59 136
59 30 136
30 72 581
72 30 581
30 72 795
72 30 795
30 92 135
92 30 135
30 69 529
69 30 529
30 81 456
81 30 456
30 49 323
49 30 323
30 72 520
72 30 520
30 72 806
72 30 806
30 96 512
96 30 512
30 38 382
38 30 382
31 57 163
57 31 163
31 73 147
73 31 147
31 37 506
37 31 506
31 56 769
56 31 769
31 78 669
78 31 669
31 95 950
95 31 950
31 79 169
79 31 169
31 50 642
50 31 642
31 97 88
97 31 88
31 70 998
70 31 998
31 49 214
49 31 214
31 56 498
56 31 498
32 80 429
80 32 429
32 79 745
79 32 745
32 94 537
94 32 537
32 95 143
95 32 143
32 61 178
61 32 178
32 88 567
88 32 567
32 87 879
87 32 879
32 40 16
40 32 16
32 84 515
84 32 515
32 41 190
41 32 190
32 50 331
50 32 331
32 38 30
38 32 30
32 51 836
51 32 836
33 77 707
77 33 707
33 88 121
88 33 121
33 95 881
95 33 881
33 38 362
38 33 362
33 84 777
84 33 777
33 85 762
85 33 762
33 63 526
63 33 526
33 86 651
86 33 651
33 52 62
52 33 62
33 46 799
46 33 799
33 86 760
86 33 760
33 47 59
47 33 59
33 37 276
37 33 276
33 72 13
72 33 13
33 53 271
53 33 271
34 81 289
81 34 289
34 95 210
95 34 210
34 68 837
68 34 837
34 49 851
49 34 851
34 41 35
41 34 35
34 49 669
49 34 669
34 63 86
63 34 86
34 97 738
97 34 738
34 81 824
81 34 824
34 72 816
72 34 816
34 97 588
97 34 588
35 46 554
46 35 554
35 42 548
42 35 548
35 45 372
45 35 372
35 78 183
78 35 183
35 46 684
46 35 684
35 44 970
44 35 970
35 63 146
63 35 146
35 62 391
62 35 391
35 80 568
80 35 568
35 69 707
69 35 707
35 55 975
55 35 975
35 85 452
85 35 452
35 67 10
67 35 10
35 66 462
66 35 462
36 41 744
41 36 744
36 97 977
97 36 977
36 48 155
48 36 155
36 54 875
54 36 875
36 74 476
74 36 476
36 86 992
86 36 992
36 45 152
45 36 152
36 88 925
88 36 925
36 80 973
80 36 973
36 49 39
49 36 39
36 70 103
70 36 103
36 76 360
76 36 360
36 87 788
87 36 788
37 48 192
48 37 192
37 64 874
64 37 874
37 89 272
89 37 272
37 45 518
45 37 518
37 55 740
55 37 740
37 71 801
71 37 801
38 41 142
41 38 142
38 58 334
58 38 334
38 61 405
61 38 405
39 83 445
83 39 445
39 39 83
39 39 83
39 90 611
90 39 611
39 45 737
45 39 737
39 88 791
88 39 791
39 78 945
78 39 945
39 60 255
60 39 255
39 40 10
40 39 10
39 57 163
57 39 163
39 94 994
94 39 994
39 57 709
57 39 709
39 76 300
76 39 300
39 42 1000
42 39 1000
40 61 835
61 40 835
40 85 120
85 40 120
40 53 71
53 40 71
40 81 140
81 40 140
40 81 283
81 40 283
40 53 469
53 40 469
40 96 330
96 40 330
40 56 342
56 40 342
41 42 395
42 41 395
41 71 285
71 41 285
41 61 86
61 41 86
41 48 337
48 41 337
41 61 249
61 41 249
41 85 897
85 41 897
41 69 997
69 41 997
41 51 466
51 41 466
41 90 42
90 41 42
42 73 255
73 42 255
42 93 47
93 42 47
42 54 445
54 42 445
42 82 268
82 42 268
42 92 645
92 42 645
42 53 37
53 42 37
42 51 478
51 42 478
43 55 274
55 43 274
43 87 351
87 43 351
43 89 125
89 43 125
43 65 914
65 43 914
43 56 666
56 43 666
43 76 111
76 43 111
44 92 528
92 44 528
44 90 767
90 44 767
44 56 428
56 44 428
44 74 753
74 44 753
45 65 341
65 45 341
45 65 718
65 45 718
45 88 207
88 45 207
45 46 999
46 45 999
45 47 752
47 45 752
46 64 206
64 46 206
46 97 331
97 46 331
46 92 733
92 46 733
47 52 289
52 47 289
47 95 665
95 47 665
47 72 293
72 47 293
47 66 83
66 47 83
47 84 231
84 47 231
47 86 104
86 47 104
47 87 31
87 47 31
47 85 510
85 47 510
47 97 453
97 47 453
47 86 382
86 47 382
48 86 925
86 48 925
48 65 75
65 48 75
48 85 1
85 48 1
48 61 700
61 48 700
48 55 31
55 48 31
48 84 828
84 48 828
48 93 661
93 48 661
48 75 727
75 48 727
48 90 192
90 48 192
48 88 382
88 48 382
48 81 343
81 48 343
48 64 889
64 48 889
49 79 305
79 49 305
49 92 65
92 49 65
49 61 723
61 49 723
49 95 656
95 49 656
49 50 393
50 49 393
49 54 327
54 49 327
49 69 244
69 49 244
49 63 769
63 49 769
49 73 506
73 49 506
49 70 112
70 49 112
49 91 629
91 49 629
49 85 635
85 49 635
50 71 174
71 50 174
50 62 878
62 50 878
50 75 965
75 50 965
50 89 866
89 50 866
50 62 703
62 50 703
50 56 301
56 50 301
50 73 783
73 50 783
50 78 800
78 50 800
50 90 407
90 50 407
50 89 641
89 50 641
51 86 823
86 51 823
51 79 764
79 51 764
51 70 952
70 51 952
51 77 174
77 51 174
51 83 24
83 51 24
51 82 141
82 51 141
51 68 112
68 51 112
51 71 193
71 51 193
52 79 443
79 52 443
52 64 769
64 52 769
52 72 723
72 52 723
52 79 535
79 52 535
52 94 770
94 52 770
53 59 1000
59 53 1000
53 78 86
78 53 86
53 57 277
57 53 277
53 73 856
73 53 856
53 82 478
82 53 478
54 85 105
85 54 105
54 67 187
67 54 187
54 82 615
82 54 615
54 63 171
63 54 171
54 88 461
88 54 461
54 77 588
77 54 588
54 70 93
70 54 93
54 82 852
82 54 852
54 79 595
79 54 595
54 79 412
79 54 412
54 60 485
60 54 485
54 88 801
88 54 801
54 61 749
61 54 749
55 89 517
89 55 517
55 79 308
79 55 308
55 70 614
70 55 614
55 76 446
76 55 446
55 83 70
83 55 70
55 76 414
76 55 414
55 85 826
85 55 826
56 68 755
68 56 755
56 66 29
66 56 29
56 77 46
77 56 46
56 73 917
73 56 917
56 74 764
74 56 764
56 57 326
57 56 326
56 57 649
57 56 649
56 85 641
85 56 641
56 60 247
60 56 247
56 74 797
74 56 797
57 67 243
67 57 243
57 72 642
72 57 642
57 74 555
74 57 555
57 81 871
81 57 871
57 65 483
65 57 483
57 58 419
58 57 419
57 82 92
82 57 92
57 79 107
79 57 107
57 77 964
77 57 964
58 89 695
89 58 695
58 92 911
92 58 911
58 94 792
94 58 792
58 67 906
67 58 906
59 82 203
82 59 203
59 94 177
94 59 177
59 60 29
60 59 29
59 78 1000
78 59 1000
59 75 52
75 59 52
60 74 587
74 60 587
60 60 796
60 60 796
60 96 290
96 60 290
61 61 841
61 61 841
61 86 373
86 61 373
61 89 672
89 61 672
61 63 560
63 61 560
61 62 50
62 61 50
61 73 243
73 61 243
62 81 214
81 62 214
62 70 440
70 62 440
62 62 838
62 62 838
62 79 692
79 62 692
62 86 601
86 62 601
62 65 830
65 62 830
62 64 935
64 62 935
62 78 578
78 62 578
62 82 397
82 62 397
63 76 180
76 63 180
63 73 215
73 63 215
63 75 315
75 63 315
63 73 278
73 63 278
63 92 822
92 63 822
63 91 525
91 63 525
63 80 804
80 63 804
63 85 406
85 63 406
63 70 195
70 63 195
64 66 847
66 64 847
64 95 103
95 64 103
64 83 249
83 64 249
64 86 218
86 64 218
64 65 793
65 64 793
64 92 983
92 64 983
64 78 517
78 64 517
65 68 949
68 65 949
65 82 784
82 65 784
65 87 81
87 65 81
66 66 801
66 66 801
66 94 208
94 66 208
66 75 337
75 66 337
67 80 542
80 67 542
67 72 813
72 67 813
67 74 251
74 67 251
67 79 446
79 67 446
68 78 282
78 68 282
68 81 993
81 68 993
68 96 462
96 68 462
68 69 80
69 68 80
68 82 416
82 68 416
69 84 670
84 69 670
69 74 609
74 69 609
70 82 974
82 70 974
70 79 137
79 70 137
70 93 486
93 70 486
70 80 875
80 70 875
71 95 357
95 71 357
71 80 920
80 71 920
71 74 392
74 71 392
71 87 203
87 71 203
71 96 501
96 71 501
72 97 841
97 72 841
72 78 449
78 72 449
72 79 579
79 72 579
72 81 377
81 72 377
72 84 758
84 72 758
73 95 596
95 73 596
73 82 295
82 73 295
73 92 75
92 73 75
73 87 471
87 73 471
73 94 677
94 73 677
73 97 411
97 73 411
73 77 911
77 73 911
74 92 281
92 74 281
74 76 49
76 74 49
74 92 468
92 74 468
74 93 140
93 74 140
75 88 415
88 75 415
75 78 586
78 75 586
75 83 436
83 75 436
75 95 66
95 75 66
75 81 142
81 75 142
75 91 362
91 75 362
75 97 305
97 75 305
75 96 453
96 75 453
76 79 459
79 76 459
76 83 402
83 76 402
76 78 883
78 76 883
77 93 769
93 77 769
77 84 589
84 77 589
78 86 279
86 78 279
78 79 757
79 78 757
78 82 447
82 78 447
79 80 70
80 79 70
79 97 915
97 79 915
79 91 749
91 79 749
80 90 917
90 80 917
80 91 200
91 80 200
80 88 902
88 80 902
81 81 783
81 81 783
82 91 900
91 82 900
82 89 975
89 82 975
82 92 867
92 82 867
82 85 983
85 82 983
82 83 537
83 82 537
83 84 244
84 83 244
83 87 456
87 83 456
83 85 412
85 83 412
84 89 368
89 84 368
86 87 246
87 86 246
86 97 821
97 86 821
86 89 749
89 86 749
86 88 801
88 86 801
89 93 441
93 89 441
90 90 441
90 90 441
90 95 966
95 90 966
92 92 221
92 92 221
92 96 907
96 92 907
92 92 101
92 92 101
93 97 142
97 93 142
