13

0 1 997
1 0 997
0 6 157
6 0 157
0 3 277
3 0 277
1 2 384
2 1 384
1 5 192
5 1 192
1 12 490
12 1 490
1 7 914
7 1 914
2 3 901
3 2 901
2 6 167
6 2 167
2 9 893
9 2 893
3 4 945
4 3 945
3 7 351
7 3 351
3 9 306
9 3 306
4 8 45
8 4 45
5 9 528
9 5 528
6 10 978
10 6 978
10 11 839
11 10 839
