59

0 1 646
1 0 646
0 10 352
10 0 352
0 30 318
30 0 318
0 10 81
10 0 81
0 15 537
15 0 537
0 3 477
3 0 477
0 21 421
21 0 421
0 1 218
1 0 218
0 6 525
6 0 525
1 2 704
2 1 704
1 4 755
4 1 755
1 8 742
8 1 742
1 16 267
16 1 267
1 26 43
26 1 43
1 27 867
27 1 867
1 49 688
49 1 688
1 28 672
28 1 672
1 2 972
2 1 972
1 14 320
14 1 320
1 26 640
26 1 640
1 7 350
7 1 350
1 44 719
44 1 719
1 38 613
38 1 613
2 3 790
3 2 790
2 6 687
6 2 687
2 21 404
21 2 404
2 34 743
34 2 743
2 36 854
36 2 854
2 57 265
57 2 265
2 27 862
27 2 862
2 48 498
48 2 498
3 7 887
7 3 887
3 14 482
14 3 482
3 11 219
11 3 219
3 15 90
15 3 90
3 51 917
51 3 917
4 5 141
5 4 141
4 40 318
40 4 318
4 42 302
42 4 302
4 13 223
13 4 223
5 9 592
9 5 592
5 33 667
33 5 667
5 32 793
32 5 793
5 38 5
38 5 5
6 11 525
11 6 525
6 12 486
12 6 486
6 36 526
36 6 526
6 19 188
19 6 188
6 14 747
14 6 747
6 47 781
47 6 781
7 20 875
20 7 875
7 44 427
44 7 427
7 36 198
36 7 198
8 19 260
19 8 260
8 32 1000
32 8 1000
8 39 620
39 8 620
8 13 996
13 8 996
8 13 897
13 8 897
8 26 676
26 8 676
8 11 555
11 8 555
9 13 634
13 9 634
9 17 849
17 9 849
9 40 710
40 9 710
9 20 786
20 9 786
9 57 938
57 9 938
10 24 178
24 10 178
10 11 446
11 10 446
10 31 41
31 10 41
11 45 643
45 11 643
11 25 500
25 11 500
11 37 929
37 11 929
11 52 499
52 11 499
12 18 377
18 12 377
12 15 369
15 12 369
13 58 599
58 13 599
13 53 612
53 13 612
13 55 873
55 13 873
14 15 716
15 14 716
14 20 367
20 14 367
14 23 419
23 14 419
14 53 206
53 14 206
15 18 687
18 15 687
15 22 147
22 15 147
15 52 524
52 15 524
15 15 377
15 15 377
15 41 667
41 15 667
16 27 95
27 16 95
16 56 915
56 16 915
16 16 125
16 16 125
16 34 575
34 16 575
16 36 318
36 16 318
17 25 736
25 17 736
17 29 710
29 17 710
17 27 170
27 17 170
17 25 73
25 17 73
17 43 920
43 17 920
17 52 587
52 17 587
17 26 507
26 17 507
18 57 129
57 18 129
19 35 355
35 19 355
19 38 55
38 19 55
19 47 625
47 19 625
19 50 352
50 19 352
19 32 746
32 19 746
19 30 163
30 19 163
19 49 877
49 19 877
19 51 592
51 19 592
20 43 939
43 20 939
20 41 162
41 20 162
20 28 367
28 20 367
20 54 60
54 20 60
20 26 422
26 20 422
21 54 989
54 21 989
21 57 249
57 21 249
21 37 294
37 21 294
21 25 846
25 21 846
21 51 36
51 21 36
22 55 668
55 22 668
22 45 28
45 22 28
22 50 468
50 22 468
22 30 568
30 22 568
23 28 142
28 23 142
23 43 991
43 23 991
23 53 178
53 23 178
23 51 249
51 23 249
24 34 319
34 24 319
24 41 630
41 24 630
24 40 817
40 24 817
25 31 778
31 25 778
25 57 654
57 25 654
25 30 538
30 25 538
25 27 680
27 25 680
26 32 135
32 26 135
26 58 736
58 26 736
26 34 661
34 26 661
27 37 136
37 27 136
28 43 4
43 28 4
28 34 131
34 28 131
29 33 988
33 29 988
29 45 494
45 29 494
29 56 922
56 29 922
29 31 150
31 29 150
29 54 318
54 29 318
29 52 403
52 29 403
30 43 565
43 30 565
31 48 873
48 31 873
31 43 880
43 31 880
31 42 656
42 31 656
31 36 167
36 31 167
31 41 521
41 31 521
31 54 842
54 31 842
32 46 98
46 32 98
32 45 166
45 32 166
33 44 538
44 33 538
33 35 274
35 33 274
34 37 487
37 34 487
35 51 140
51 35 140
37 53 115
53 37 115
38 42 815
42 38 815
38 42 183
42 38 183
38 44 747
44 38 747
38 40 565
40 38 565
39 52 423
52 39 423
40 42 789
42 40 789
40 53 56
53 40 56
40 51 590
51 40 590
40 44 63
44 40 63
41 43 502
43 41 502
42 53 702
53 42 702
42 53 348
53 42 348
43 46 563
46 43 563
44 46 563
46 44 563
46 58 959
58 46 959
50 51 166
51 50 166
51 54 241
54 51 241
52 58 215
58 52 215
53 53 838
53 53 838
54 58 390
58 54 390
55 56 712
56 55 712
