75

0 1 151
1 0 151
0 8 277
8 0 277
0 12 149
12 0 149
0 60 456
60 0 456
0 63 587
63 0 587
0 71 43
71 0 43
0 33 523
33 0 523
0 21 782
21 0 782
0 67 259
67 0 259
0 28 491
28 0 491
0 10 536
10 0 536
0 42 192
42 0 192
0 55 466
55 0 466
0 71 638
71 0 638
1 2 527
2 1 527
1 25 942
25 1 942
1 36 999
36 1 999
1 49 281
49 1 281
1 62 726
62 1 726
1 4 948
4 1 948
1 13 103
13 1 103
1 67 48
67 1 48
1 22 864
22 1 864
1 22 780
22 1 780
1 39 83
39 1 83
1 62 586
62 1 586
2 3 53
3 2 53
2 4 932
4 2 932
2 6 80
6 2 80
2 63 376
63 2 376
2 38 100
38 2 100
2 40 898
40 2 898
2 20 172
20 2 172
3 16 960
16 3 960
3 38 427
38 3 427
3 23 557
23 3 557
3 28 331
28 3 331
3 67 324
67 3 324
3 19 931
19 3 931
3 59 709
59 3 709
3 9 671
9 3 671
4 5 822
5 4 822
4 9 601
9 4 601
4 20 796
20 4 796
4 22 3
22 4 3
4 28 806
28 4 806
4 44 845
44 4 845
4 44 306
44 4 306
4 66 353
66 4 353
4 57 37
57 4 37
4 67 831
67 4 831
5 10 617
10 5 617
5 13 301
13 5 301
5 32 86
32 5 86
5 31 562
31 5 562
5 65 348
65 5 348
5 38 604
38 5 604
5 10 282
10 5 282
5 52 86
52 5 86
5 71 729
71 5 729
5 41 619
41 5 619
5 56 846
56 5 846
5 66 34
66 5 34
5 66 180
66 5 180
6 7 27
7 6 27
6 23 799
23 6 799
6 66 958
66 6 958
6 70 424
70 6 424
6 61 423
61 6 423
6 8 959
8 6 959
6 38 669
38 6 669
6 12 803
12 6 803
6 52 102
52 6 102
6 22 600
22 6 600
6 11 181
11 6 181
6 62 452
62 6 452
6 18 123
18 6 123
6 19 458
19 6 458
6 51 412
51 6 412
6 53 529
53 6 529
7 33 529
33 7 529
7 70 165
70 7 165
7 43 994
43 7 994
7 40 555
40 7 555
7 9 981
9 7 981
7 65 959
65 7 959
8 31 775
31 8 775
8 58 404
58 8 404
8 60 701
60 8 701
8 26 114
26 8 114
8 46 824
46 8 824
8 69 553
69 8 553
8 41 149
41 8 149
8 71 577
71 8 577
8 29 498
29 8 498
8 15 296
15 8 296
8 47 965
47 8 965
9 46 480
46 9 480
9 55 342
55 9 342
9 32 269
32 9 269
9 21 267
21 9 267
9 32 433
32 9 433
9 52 937
52 9 937
9 23 737
23 9 737
9 50 50
50 9 50
10 11 198
11 10 198
10 14 616
14 10 616
10 39 791
39 10 791
10 44 780
44 10 780
10 38 968
38 10 968
10 74 230
74 10 230
10 48 819
48 10 819
10 38 89
38 10 89
10 33 704
33 10 704
10 56 678
56 10 678
10 24 520
24 10 520
10 19 132
19 10 132
10 17 906
17 10 906
10 45 463
45 10 463
10 31 814
31 10 814
11 74 237
74 11 237
11 22 494
22 11 494
11 51 208
51 11 208
11 40 624
40 11 624
11 34 387
34 11 387
11 61 941
61 11 941
11 21 545
21 11 545
11 34 8
34 11 8
12 17 312
17 12 312
12 68 323
68 12 323
12 59 806
59 12 806
12 48 564
48 12 564
12 32 470
32 12 470
13 15 836
15 13 836
13 33 593
33 13 593
13 48 696
48 13 696
13 43 661
43 13 661
13 34 711
34 13 711
13 28 195
28 13 195
13 54 401
54 13 401
13 44 807
44 13 807
13 13 226
13 13 226
13 60 683
60 13 683
14 16 687
16 14 687
14 37 158
37 14 158
14 65 287
65 14 287
14 35 557
35 14 557
14 68 633
68 14 633
14 71 653
71 14 653
15 33 559
33 15 559
15 65 581
65 15 581
15 42 821
42 15 821
15 52 302
52 15 302
15 57 567
57 15 567
15 36 629
36 15 629
16 18 483
18 16 483
16 19 208
19 16 208
16 57 746
57 16 746
16 53 769
53 16 769
16 54 770
54 16 770
16 30 676
30 16 676
16 27 230
27 16 230
17 54 759
54 17 759
17 32 204
32 17 204
17 74 332
74 17 332
17 18 668
18 17 668
17 34 184
34 17 184
17 37 974
37 17 974
18 40 292
40 18 292
18 52 911
52 18 911
18 28 777
28 18 777
18 50 828
50 18 828
18 42 367
42 18 367
18 39 952
39 18 952
19 37 983
37 19 983
19 54 992
54 19 992
19 44 792
44 19 792
19 56 903
56 19 903
19 66 626
66 19 626
19 71 55
71 19 55
19 29 912
29 19 912
19 55 564
55 19 564
19 64 161
64 19 161
19 23 95
23 19 95
20 21 55
21 20 55
20 26 289
26 20 289
20 41 719
41 20 719
20 51 687
51 20 687
20 68 861
68 20 861
20 51 295
51 20 295
20 41 703
41 20 703
21 24 708
24 21 708
21 30 927
30 21 927
21 51 451
51 21 451
21 70 621
70 21 621
21 25 159
25 21 159
21 24 112
24 21 112
21 73 822
73 21 822
22 29 286
29 22 286
22 35 199
35 22 199
22 51 764
51 22 764
22 44 841
44 22 841
22 54 874
54 22 874
22 35 94
35 22 94
22 45 750
45 22 750
23 39 151
39 23 151
23 63 220
63 23 220
23 55 587
55 23 587
23 28 317
28 23 317
23 69 288
69 23 288
23 56 698
56 23 698
23 24 99
24 23 99
24 27 231
27 24 231
24 62 689
62 24 689
24 35 753
35 24 753
24 61 957
61 24 957
24 60 150
60 24 150
24 68 610
68 24 610
25 34 257
34 25 257
25 57 618
57 25 618
25 34 751
34 25 751
26 58 780
58 26 780
26 57 504
57 26 504
27 47 641
47 27 641
27 53 10
53 27 10
27 40 401
40 27 401
27 58 591
58 27 591
27 60 343
60 27 343
27 65 16
65 27 16
27 47 100
47 27 100
28 43 787
43 28 787
28 61 640
61 28 640
28 64 139
64 28 139
28 41 811
41 28 811
28 42 181
42 28 181
28 58 522
58 28 522
29 36 667
36 29 667
29 38 149
38 29 149
29 31 917
31 29 917
29 33 336
33 29 336
29 73 788
73 29 788
29 53 685
53 29 685
29 56 632
56 29 632
30 34 809
34 30 809
30 39 804
39 30 804
30 49 984
49 30 984
30 44 857
44 30 857
30 70 916
70 30 916
30 74 140
74 30 140
30 48 873
48 30 873
31 50 662
50 31 662
31 63 298
63 31 298
31 68 258
68 31 258
31 49 8
49 31 8
31 67 335
67 31 335
31 38 114
38 31 114
32 42 784
42 32 784
32 45 2
45 32 2
32 61 550
61 32 550
32 73 574
73 32 574
32 32 607
32 32 607
32 55 848
55 32 848
32 68 73
68 32 73
32 73 394
73 32 394
32 60 612
60 32 612
32 63 814
63 32 814
33 49 781
49 33 781
33 50 355
50 33 355
33 64 528
64 33 528
33 56 120
56 33 120
33 61 807
61 33 807
33 74 40
74 33 40
34 62 645
62 34 645
34 52 613
52 34 613
34 59 169
59 34 169
35 44 1
44 35 1
35 40 710
40 35 710
35 47 410
47 35 410
35 40 702
40 35 702
35 62 191
62 35 191
35 73 345
73 35 345
36 48 376
48 36 376
36 40 848
40 36 848
36 37 849
37 36 849
36 69 855
69 36 855
37 53 943
53 37 943
37 61 396
61 37 396
37 58 825
58 37 825
37 55 388
55 37 388
37 45 129
45 37 129
38 42 514
42 38 514
38 68 999
68 38 999
38 44 531
44 38 531
38 47 940
47 38 940
39 51 870
51 39 870
40 71 471
71 40 471
40 44 777
44 40 777
41 56 567
56 41 567
41 65 320
65 41 320
41 71 683
71 41 683
41 42 436
42 41 436
42 60 281
60 42 281
42 52 481
52 42 481
42 58 596
58 42 596
42 47 604
47 42 604
43 70 162
70 43 162
43 65 815
65 43 815
43 46 940
46 43 940
43 54 315
54 43 315
43 68 18
68 43 18
43 68 742
68 43 742
43 50 979
50 43 979
43 70 998
70 43 998
44 49 553
49 44 553
44 73 525
73 44 525
45 69 949
69 45 949
45 51 678
51 45 678
45 74 38
74 45 38
45 72 184
72 45 184
45 46 324
46 45 324
45 71 444
71 45 444
46 48 983
48 46 983
46 70 854
70 46 854
47 52 394
52 47 394
47 74 126
74 47 126
47 51 451
51 47 451
47 53 392
53 47 392
47 49 961
49 47 961
48 67 362
67 48 362
48 73 609
73 48 609
48 57 198
57 48 198
48 72 416
72 48 416
48 59 685
59 48 685
48 62 401
62 48 401
49 56 43
56 49 43
50 69 969
69 50 969
50 67 139
67 50 139
51 54 703
54 51 703
52 72 181
72 52 181
53 67 116
67 53 116
53 54 95
54 53 95
53 59 216
59 53 216
53 64 645
64 53 645
54 68 484
68 54 484
55 62 703
62 55 703
55 73 192
73 55 192
55 67 701
67 55 701
56 58 257
58 56 257
57 59 610
59 57 610
57 67 469
67 57 469
58 74 282
74 58 282
58 67 574
67 58 574
60 64 146
64 60 146
60 70 128
70 60 128
61 67 176
67 61 176
62 71 336
71 62 336
62 71 332
71 62 332
63 68 127
68 63 127
63 64 560
64 63 560
63 66 307
66 63 307
64 69 808
69 64 808
66 71 822
71 66 822
67 69 464
69 67 464
68 73 581
73 68 581
68 72 65
72 68 65
69 72 771
72 69 771
71 72 143
72 71 143
72 73 283
73 72 283
