60

0 1 508
1 0 508
0 4 889
4 0 889
0 5 637
5 0 637
0 6 330
6 0 330
0 9 571
9 0 571
0 34 202
34 0 202
0 31 402
31 0 402
0 55 946
55 0 946
0 53 862
53 0 862
0 1 827
1 0 827
1 2 14
2 1 14
1 3 995
3 1 995
1 11 43
11 1 43
1 12 794
12 1 794
1 18 726
18 1 726
1 15 209
15 1 209
1 35 278
35 1 278
1 22 129
22 1 129
1 48 276
48 1 276
1 26 669
26 1 669
1 41 159
41 1 159
1 51 116
51 1 116
1 29 805
29 1 805
2 45 1
45 2 1
2 30 38
30 2 38
2 8 561
8 2 561
3 10 622
10 3 622
3 21 365
21 3 365
3 40 977
40 3 977
3 30 554
30 3 554
3 17 966
17 3 966
3 39 824
39 3 824
3 51 781
51 3 781
4 17 780
17 4 780
4 23 824
23 4 824
4 24 146
24 4 146
4 26 708
26 4 708
4 44 790
44 4 790
4 7 175
7 4 175
4 17 652
17 4 652
4 19 462
19 4 462
4 52 984
52 4 984
4 43 930
43 4 930
4 52 1000
52 4 1000
4 46 397
46 4 397
4 5 645
5 4 645
4 29 61
29 4 61
4 31 135
31 4 135
5 20 884
20 5 884
5 22 483
22 5 483
5 46 78
46 5 78
5 40 833
40 5 833
5 37 662
37 5 662
5 6 745
6 5 745
5 55 726
55 5 726
5 13 854
13 5 854
5 39 127
39 5 127
5 18 925
18 5 925
5 40 944
40 5 944
6 7 689
7 6 689
6 39 29
39 6 29
6 14 808
14 6 808
6 58 694
58 6 694
6 37 91
37 6 91
7 8 271
8 7 271
7 58 33
58 7 33
7 47 469
47 7 469
7 48 109
48 7 109
7 56 855
56 7 855
7 56 589
56 7 589
7 53 255
53 7 255
7 49 638
49 7 638
7 32 1000
32 7 1000
7 55 942
55 7 942
7 58 180
58 7 180
8 14 736
14 8 736
8 33 614
33 8 614
8 39 280
39 8 280
8 54 999
54 8 999
8 51 737
51 8 737
8 14 399
14 8 399
8 24 642
24 8 642
8 54 101
54 8 101
8 25 564
25 8 564
8 21 920
21 8 920
8 53 751
53 8 751
8 12 817
12 8 817
8 51 746
51 8 746
9 42 694
42 9 694
9 48 446
48 9 446
9 21 392
21 9 392
9 55 270
55 9 270
9 38 618
38 9 618
9 14 723
14 9 723
9 18 309
18 9 309
10 13 654
13 10 654
10 14 90
14 10 90
10 50 1000
50 10 1000
10 34 542
34 10 542
10 24 592
24 10 592
10 54 768
54 10 768
10 20 705
20 10 705
10 48 451
48 10 451
10 16 452
16 10 452
10 24 15
24 10 15
10 53 720
53 10 720
10 17 585
17 10 585
11 21 203
21 11 203
11 54 204
54 11 204
11 53 850
53 11 850
11 33 533
33 11 533
11 37 289
37 11 289
11 54 927
54 11 927
11 40 640
40 11 640
11 42 707
42 11 707
11 37 910
37 11 910
11 44 117
44 11 117
11 44 809
44 11 809
11 34 124
34 11 124
11 40 531
40 11 531
12 40 811
40 12 811
12 50 319
50 12 319
12 31 784
31 12 784
12 30 993
30 12 993
12 51 683
51 12 683
13 19 371
19 13 371
13 31 145
31 13 145
13 50 840
50 13 840
13 38 811
38 13 811
13 57 27
57 13 27
13 43 326
43 13 326
13 46 22
46 13 22
13 35 138
35 13 138
13 50 270
50 13 270
13 36 398
36 13 398
14 15 709
15 14 709
14 44 312
44 14 312
14 22 541
22 14 541
14 18 27
18 14 27
14 29 160
29 14 160
14 28 173
28 14 173
14 32 198
32 14 198
14 45 680
45 14 680
15 16 162
16 15 162
15 54 602
54 15 602
15 32 581
32 15 581
15 59 975
59 15 975
15 18 366
18 15 366
15 43 74
43 15 74
16 29 422
29 16 422
16 35 150
35 16 150
16 32 215
32 16 215
16 25 595
25 16 595
16 54 395
54 16 395
16 37 441
37 16 441
16 27 253
27 16 253
16 31 58
31 16 58
16 48 676
48 16 676
16 57 452
57 16 452
17 41 833
41 17 833
17 43 720
43 17 720
17 29 451
29 17 451
17 52 266
52 17 266
17 23 236
23 17 236
17 44 314
44 17 314
18 30 410
30 18 410
18 34 668
34 18 668
18 45 596
45 18 596
18 43 510
43 18 510
18 20 798
20 18 798
18 52 447
52 18 447
18 44 213
44 18 213
18 36 127
36 18 127
18 39 917
39 18 917
19 37 524
37 19 524
19 49 676
49 19 676
19 37 228
37 19 228
19 23 955
23 19 955
19 28 287
28 19 287
19 21 866
21 19 866
20 26 910
26 20 910
20 23 758
23 20 758
20 57 121
57 20 121
20 45 292
45 20 292
20 31 90
31 20 90
21 56 1000
56 21 1000
21 30 318
30 21 318
21 52 564
52 21 564
22 25 490
25 22 490
22 27 783
27 22 783
22 33 507
33 22 507
22 57 569
57 22 569
22 46 15
46 22 15
22 32 445
32 22 445
23 41 684
41 23 684
23 31 316
31 23 316
23 25 391
25 23 391
23 31 571
31 23 571
24 35 983
35 24 983
24 43 94
43 24 94
24 36 381
36 24 381
24 29 673
29 24 673
24 28 860
28 24 860
24 37 503
37 24 503
24 43 791
43 24 791
25 28 926
28 25 926
25 36 403
36 25 403
25 46 293
46 25 293
25 27 441
27 25 441
25 30 434
30 25 434
25 45 692
45 25 692
25 27 256
27 25 256
25 58 585
58 25 585
26 32 26
32 26 26
26 56 595
56 26 595
26 31 690
31 26 690
26 57 600
57 26 600
27 36 104
36 27 104
27 58 897
58 27 897
27 38 273
38 27 273
27 48 958
48 27 958
27 51 373
51 27 373
27 41 525
41 27 525
28 53 491
53 28 491
28 43 243
43 28 243
28 34 475
34 28 475
28 28 676
28 28 676
29 48 676
48 29 676
29 42 656
42 29 656
29 36 145
36 29 145
30 38 644
38 30 644
30 42 199
42 30 199
30 47 448
47 30 448
30 43 952
43 30 952
30 33 599
33 30 599
31 55 96
55 31 96
31 56 584
56 31 584
31 37 449
37 31 449
31 58 776
58 31 776
31 47 577
47 31 577
32 46 824
46 32 824
32 59 968
59 32 968
32 58 286
58 32 286
32 54 533
54 32 533
32 50 632
50 32 632
33 34 849
34 33 849
33 36 361
36 33 361
33 45 826
45 33 826
33 50 798
50 33 798
33 35 819
35 33 819
33 55 690
55 33 690
33 50 870
50 33 870
34 49 454
49 34 454
34 34 991
34 34 991
34 43 117
43 34 117
34 44 661
44 34 661
34 37 71
37 34 71
34 55 288
55 34 288
34 55 841
55 34 841
35 36 586
36 35 586
35 44 427
44 35 427
35 55 505
55 35 505
35 36 643
36 35 643
35 43 359
43 35 359
36 51 79
51 36 79
36 47 497
47 36 497
36 55 948
55 36 948
36 59 693
59 36 693
36 47 607
47 36 607
36 57 205
57 36 205
36 55 717
55 36 717
37 59 71
59 37 71
37 59 508
59 37 508
37 44 716
44 37 716
37 42 34
42 37 34
37 56 165
56 37 165
37 56 977
56 37 977
38 45 671
45 38 671
38 48 71
48 38 71
38 45 680
45 38 680
38 52 905
52 38 905
38 43 267
43 38 267
38 56 12
56 38 12
39 54 43
54 39 43
40 47 151
47 40 151
40 52 915
52 40 915
40 46 378
46 40 378
40 58 231
58 40 231
40 55 661
55 40 661
41 55 65
55 41 65
41 57 918
57 41 918
41 47 750
47 41 750
41 51 663
51 41 663
42 47 299
47 42 299
42 46 438
46 42 438
42 59 617
59 42 617
42 45 116
45 42 116
42 54 654
54 42 654
43 51 391
51 43 391
43 45 85
45 43 85
43 46 793
46 43 793
43 44 652
44 43 652
44 54 524
54 44 524
44 56 549
56 44 549
44 50 844
50 44 844
45 46 814
46 45 814
46 59 118
59 46 118
46 59 667
59 46 667
46 50 547
50 46 547
47 59 52
59 47 52
47 54 316
54 47 316
47 58 269
58 47 269
47 57 114
57 47 114
48 55 868
55 48 868
49 58 858
58 49 858
49 58 839
58 49 839
49 53 352
53 49 352
51 59 673
59 51 673
52 54 140
54 52 140
53 54 232
54 53 232
53 56 104
56 53 104
55 57 604
57 55 604
