82

0 1 928
1 0 928
0 4 51
4 0 51
0 7 74
7 0 74
0 8 452
8 0 452
0 75 578
75 0 578
0 0 189
0 0 189
1 2 70
2 1 70
1 70 860
70 1 860
1 18 973
18 1 973
1 9 307
9 1 307
1 8 541
8 1 541
1 47 986
47 1 986
1 29 596
29 1 596
1 67 659
67 1 659
1 73 143
73 1 143
1 28 61
28 1 61
1 58 353
58 1 353
2 3 209
3 2 209
2 26 636
26 2 636
2 44 445
44 2 445
2 60 668
60 2 668
2 15 646
15 2 646
2 81 923
81 2 923
2 31 239
31 2 239
2 32 298
32 2 298
2 53 744
53 2 744
2 8 290
8 2 290
2 79 113
79 2 113
2 59 86
59 2 86
2 52 913
52 2 913
2 39 180
39 2 180
2 34 717
34 2 717
2 3 540
3 2 540
2 33 471
33 2 471
2 10 390
10 2 390
2 77 490
77 2 490
3 5 170
5 3 170
3 11 424
11 3 424
3 14 583
14 3 583
3 17 753
17 3 753
3 59 542
59 3 542
3 43 221
43 3 221
3 39 206
39 3 206
3 50 251
50 3 251
3 23 2
23 3 2
3 76 449
76 3 449
3 46 545
46 3 545
4 6 145
6 4 145
4 19 715
19 4 715
4 54 996
54 4 996
4 78 199
78 4 199
4 79 391
79 4 391
4 31 217
31 4 217
4 67 229
67 4 229
4 57 167
57 4 167
4 12 962
12 4 962
4 51 798
51 4 798
4 24 90
24 4 90
4 20 329
20 4 329
4 69 105
69 4 105
4 53 857
53 4 857
5 9 180
9 5 180
5 20 18
20 5 18
5 25 449
25 5 449
5 36 768
36 5 768
5 53 379
53 5 379
5 61 923
61 5 923
5 66 992
66 5 992
5 26 718
26 5 718
5 62 35
62 5 35
5 36 230
36 5 230
5 10 39
10 5 39
5 69 27
69 5 27
5 25 758
25 5 758
5 77 58
77 5 58
5 50 158
50 5 158
5 19 820
19 5 820
5 5 989
5 5 989
6 15 822
15 6 822
6 57 972
57 6 972
6 55 738
55 6 738
6 7 871
7 6 871
6 54 395
54 6 395
6 25 840
25 6 840
6 47 259
47 6 259
6 46 77
46 6 77
7 10 336
10 7 336
7 12 514
12 7 514
7 33 885
33 7 885
7 37 200
37 7 200
7 57 986
57 7 986
7 55 491
55 7 491
7 26 174
26 7 174
7 68 243
68 7 243
7 63 91
63 7 91
7 73 56
73 7 56
7 42 178
42 7 178
8 21 21
21 8 21
8 31 840
31 8 840
8 59 447
59 8 447
8 45 998
45 8 998
8 18 710
18 8 710
8 40 298
40 8 298
8 28 155
28 8 155
8 58 9
58 8 9
9 30 444
30 9 444
9 37 958
37 9 958
9 29 391
29 9 391
9 67 337
67 9 337
9 38 887
38 9 887
9 11 815
11 9 815
9 74 640
74 9 640
10 29 587
29 10 587
10 43 540
43 10 540
10 51 158
51 10 158
10 39 748
39 10 748
10 69 997
69 10 997
10 13 941
13 10 941
10 74 533
74 10 533
11 24 459
24 11 459
11 25 910
25 11 910
11 74 806
74 11 806
11 54 240
54 11 240
11 46 600
46 11 600
11 56 679
56 11 679
11 39 734
39 11 734
11 16 958
16 11 958
11 53 745
53 11 745
11 36 451
36 11 451
11 74 326
74 11 326
12 13 517
13 12 517
12 37 150
37 12 150
12 59 771
59 12 771
12 18 967
18 12 967
12 22 598
22 12 598
12 67 90
67 12 90
12 60 847
60 12 847
12 33 369
33 12 369
13 16 331
16 13 331
13 25 742
25 13 742
13 70 713
70 13 713
13 41 544
41 13 544
13 23 271
23 13 271
13 25 61
25 13 61
13 40 96
40 13 96
13 30 523
30 13 523
13 72 830
72 13 830
14 17 986
17 14 986
14 31 608
31 14 608
14 44 242
44 14 242
14 27 271
27 14 271
14 65 258
65 14 258
15 18 532
18 15 532
15 47 667
47 15 667
15 71 552
71 15 552
15 61 232
61 15 232
15 80 569
80 15 569
15 72 914
72 15 914
16 36 123
36 16 123
16 71 940
71 16 940
16 56 459
56 16 459
16 45 184
45 16 184
16 35 981
35 16 981
16 65 72
65 16 72
16 67 209
67 16 209
17 69 788
69 17 788
17 21 960
21 17 960
17 67 114
67 17 114
17 32 450
32 17 450
17 76 119
76 17 119
17 80 904
80 17 904
17 68 643
68 17 643
18 23 56
23 18 56
18 32 595
32 18 595
18 70 705
70 18 705
18 35 794
35 18 794
18 36 335
36 18 335
18 55 68
55 18 68
18 62 889
62 18 889
19 27 482
27 19 482
19 77 811
77 19 811
19 53 121
53 19 121
19 40 364
40 19 364
19 29 183
29 19 183
19 80 580
80 19 580
20 22 88
22 20 88
20 28 411
28 20 411
20 35 855
35 20 855
20 51 488
51 20 488
20 66 257
66 20 257
20 74 545
74 20 545
20 43 890
43 20 890
20 47 578
47 20 578
20 77 537
77 20 537
20 39 715
39 20 715
21 76 341
76 21 341
21 61 305
61 21 305
21 71 882
71 21 882
21 39 625
39 21 625
21 62 519
62 21 519
21 49 162
49 21 162
21 41 136
41 21 136
22 34 792
34 22 792
22 62 455
62 22 455
22 24 691
24 22 691
22 47 432
47 22 432
22 53 739
53 22 739
22 30 746
30 22 746
22 25 255
25 22 255
22 38 961
38 22 961
22 45 518
45 22 518
22 43 818
43 22 818
22 45 855
45 22 855
23 40 117
40 23 117
23 46 524
46 23 524
23 73 665
73 23 665
23 75 933
75 23 933
23 33 226
33 23 226
23 76 20
76 23 20
23 23 864
23 23 864
23 25 823
25 23 823
23 45 242
45 23 242
24 48 568
48 24 568
24 42 857
42 24 857
24 26 912
26 24 912
24 68 725
68 24 725
24 80 479
80 24 479
25 78 85
78 25 85
25 44 876
44 25 876
25 47 628
47 25 628
25 64 330
64 25 330
25 59 477
59 25 477
25 31 661
31 25 661
25 36 618
36 25 618
25 58 982
58 25 982
26 49 185
49 26 185
26 74 911
74 26 911
26 31 871
31 26 871
26 50 566
50 26 566
26 66 378
66 26 378
26 40 655
40 26 655
26 35 592
35 26 592
27 67 873
67 27 873
27 28 363
28 27 363
27 73 355
73 27 355
27 61 882
61 27 882
27 33 499
33 27 499
27 75 949
75 27 949
28 45 65
45 28 65
28 64 669
64 28 669
28 41 943
41 28 943
28 57 654
57 28 654
28 35 110
35 28 110
28 37 382
37 28 382
28 69 928
69 28 928
28 70 567
70 28 567
29 30 118
30 29 118
29 81 126
81 29 126
29 76 856
76 29 856
29 36 202
36 29 202
29 51 211
51 29 211
30 41 729
41 30 729
30 31 569
31 30 569
30 38 896
38 30 896
30 79 585
79 30 585
30 51 123
51 30 123
30 35 952
35 30 952
31 38 787
38 31 787
31 41 47
41 31 47
31 32 141
32 31 141
31 65 681
65 31 681
31 51 12
51 31 12
31 45 567
45 31 567
31 41 67
41 31 67
31 57 599
57 31 599
32 42 971
42 32 971
32 49 677
49 32 677
32 37 86
37 32 86
32 53 107
53 32 107
33 50 822
50 33 822
33 68 696
68 33 696
33 74 93
74 33 93
33 34 40
34 33 40
33 55 434
55 33 434
33 70 351
70 33 351
33 74 548
74 33 548
34 39 222
39 34 222
34 73 560
73 34 560
34 57 840
57 34 840
34 59 945
59 34 945
34 67 221
67 34 221
34 57 108
57 34 108
35 48 91
48 35 91
35 35 590
35 35 590
35 40 770
40 35 770
36 56 504
56 36 504
36 58 231
58 36 231
36 55 982
55 36 982
36 66 434
66 36 434
37 48 313
48 37 313
37 59 579
59 37 579
37 58 918
58 37 918
37 75 483
75 37 483
38 57 167
57 38 167
40 53 536
53 40 536
41 65 386
65 41 386
41 62 249
62 41 249
41 53 56
53 41 56
41 63 844
63 41 844
41 52 528
52 41 528
41 56 193
56 41 193
42 70 447
70 42 447
42 58 105
58 42 105
42 76 484
76 42 484
42 47 862
47 42 862
42 70 827
70 42 827
43 55 603
55 43 603
43 64 268
64 43 268
43 66 190
66 43 190
43 53 597
53 43 597
43 77 445
77 43 445
44 47 679
47 44 679
44 62 804
62 44 804
44 47 404
47 44 404
44 61 690
61 44 690
44 44 229
44 44 229
44 77 905
77 44 905
44 61 776
61 44 776
44 60 274
60 44 274
45 76 639
76 45 639
45 68 933
68 45 933
45 54 802
54 45 802
45 69 419
69 45 419
45 81 27
81 45 27
45 46 222
46 45 222
45 57 204
57 45 204
46 54 97
54 46 97
46 67 949
67 46 949
46 60 319
60 46 319
47 54 760
54 47 760
47 50 442
50 47 442
47 67 555
67 47 555
47 65 96
65 47 96
48 75 266
75 48 266
48 80 291
80 48 291
48 69 549
69 48 549
48 64 163
64 48 163
49 52 846
52 49 846
49 63 903
63 49 903
49 60 580
60 49 580
49 60 164
60 49 164
49 63 903
63 49 903
50 75 583
75 50 583
50 54 529
54 50 529
51 77 175
77 51 175
51 71 226
71 51 226
51 79 413
79 51 413
51 69 636
69 51 636
51 81 740
81 51 740
52 65 308
65 52 308
52 55 38
55 52 38
52 75 600
75 52 600
53 75 59
75 53 59
53 71 678
71 53 678
54 57 329
57 54 329
54 59 494
59 54 494
54 66 265
66 54 265
55 59 617
59 55 617
56 72 866
72 56 866
56 79 987
79 56 987
56 80 267
80 56 267
56 79 637
79 56 637
57 74 451
74 57 451
57 67 653
67 57 653
58 74 669
74 58 669
58 78 894
78 58 894
58 71 870
71 58 870
58 74 438
74 58 438
59 68 501
68 59 501
59 68 200
68 59 200
60 69 330
69 60 330
60 60 512
60 60 512
60 76 413
76 60 413
61 65 637
65 61 637
61 67 599
67 61 599
61 74 784
74 61 784
61 65 683
65 61 683
61 67 566
67 61 566
61 80 373
80 61 373
62 71 710
71 62 710
64 73 600
73 64 600
64 67 8
67 64 8
64 78 598
78 64 598
64 78 355
78 64 355
65 76 551
76 65 551
66 73 396
73 66 396
67 75 687
75 67 687
68 81 964
81 68 964
68 79 651
79 68 651
68 75 352
75 68 352
68 81 269
81 68 269
69 76 606
76 69 606
69 72 88
72 69 88
69 78 64
78 69 64
71 72 146
72 71 146
73 75 372
75 73 372
74 80 813
80 74 813
75 80 839
80 75 839
80 80 634
80 80 634
