86

0 1 293
1 0 293
0 2 50
2 0 50
0 3 734
3 0 734
0 52 336
52 0 336
0 31 831
31 0 831
0 84 914
84 0 914
0 31 471
31 0 471
1 4 302
4 1 302
1 5 337
5 1 337
1 8 388
8 1 388
1 9 844
9 1 844
1 18 451
18 1 451
1 34 159
34 1 159
1 2 260
2 1 260
1 7 91
7 1 91
1 21 239
21 1 239
1 44 327
44 1 327
1 7 535
7 1 535
1 27 223
27 1 223
1 82 50
82 1 50
2 28 614
28 2 614
2 33 786
33 2 786
2 64 407
64 2 407
2 6 749
6 2 749
2 16 522
16 2 522
3 7 213
7 3 213
3 13 361
13 3 361
3 19 165
19 3 165
3 23 777
23 3 777
3 12 966
12 3 966
3 3 991
3 3 991
3 68 255
68 3 255
4 31 206
31 4 206
4 43 558
43 4 558
4 84 178
84 4 178
4 24 308
24 4 308
5 6 236
6 5 236
5 40 343
40 5 343
5 46 800
46 5 800
5 68 982
68 5 982
5 28 227
28 5 227
5 11 389
11 5 389
5 40 323
40 5 323
5 23 807
23 5 807
6 12 573
12 6 573
6 23 749
23 6 749
6 26 701
26 6 701
6 38 917
38 6 917
6 66 260
66 6 260
6 60 677
60 6 677
6 56 392
56 6 392
6 13 498
13 6 498
6 75 12
75 6 12
6 42 655
42 6 655
6 67 177
67 6 177
7 51 865
51 7 865
7 81 747
81 7 747
7 24 602
24 7 602
7 63 581
63 7 581
7 24 251
24 7 251
7 54 490
54 7 490
8 10 13
10 8 13
8 21 31
21 8 31
8 70 339
70 8 339
8 61 578
61 8 578
8 12 532
12 8 532
8 52 125
52 8 125
9 11 455
11 9 455
9 29 147
29 9 147
9 79 710
79 9 710
9 29 911
29 9 911
9 28 181
28 9 181
9 35 459
35 9 459
9 36 965
36 9 965
9 73 431
73 9 431
9 10 660
10 9 660
9 38 159
38 9 159
10 14 451
14 10 451
10 16 342
16 10 342
10 38 809
38 10 809
10 77 803
77 10 803
10 49 666
49 10 666
10 19 557
19 10 557
10 76 629
76 10 629
10 74 325
74 10 325
10 19 162
19 10 162
10 47 653
47 10 653
10 79 934
79 10 934
10 11 353
11 10 353
11 15 433
15 11 433
11 20 494
20 11 494
11 56 700
56 11 700
11 57 418
57 11 418
11 55 351
55 11 351
11 61 702
61 11 702
11 26 956
26 11 956
11 28 822
28 11 822
11 35 296
35 11 296
12 24 344
24 12 344
12 36 853
36 12 853
12 41 395
41 12 395
12 71 777
71 12 777
12 24 168
24 12 168
12 43 52
43 12 52
12 27 910
27 12 910
12 26 340
26 12 340
12 76 124
76 12 124
12 50 892
50 12 892
13 56 224
56 13 224
13 46 644
46 13 644
13 80 717
80 13 717
13 83 920
83 13 920
13 24 898
24 13 898
13 24 313
24 13 313
14 17 391
17 14 391
14 25 619
25 14 619
14 58 654
58 14 654
14 54 59
54 14 59
14 71 166
71 14 166
14 42 356
42 14 356
14 83 178
83 14 178
14 18 178
18 14 178
15 37 630
37 15 630
15 82 518
82 15 518
15 15 874
15 15 874
15 80 203
80 15 203
15 21 593
21 15 593
15 78 511
78 15 511
15 54 644
54 15 644
16 36 212
36 16 212
16 43 235
43 16 235
16 33 85
33 16 85
16 28 499
28 16 499
16 36 963
36 16 963
16 58 234
58 16 234
17 49 439
49 17 439
17 26 95
26 17 95
17 59 783
59 17 783
17 42 559
42 17 559
18 22 659
22 18 659
18 81 990
81 18 990
18 59 739
59 18 739
18 67 441
67 18 441
19 27 188
27 19 188
19 84 574
84 19 574
19 44 608
44 19 608
19 84 159
84 19 159
20 61 486
61 20 486
20 73 351
73 20 351
20 27 119
27 20 119
20 59 264
59 20 264
20 32 287
32 20 287
21 32 390
32 21 390
21 81 108
81 21 108
21 66 534
66 21 534
21 57 252
57 21 252
21 74 441
74 21 441
21 57 294
57 21 294
21 83 747
83 21 747
21 39 901
39 21 901
22 39 68
39 22 68
22 53 812
53 22 812
22 83 191
83 22 191
22 35 840
35 22 840
22 82 72
82 22 72
22 26 165
26 22 165
22 33 811
33 22 811
22 81 423
81 22 423
22 79 96
79 22 96
22 78 562
78 22 562
22 64 239
64 22 239
23 67 68
67 23 68
24 85 7
85 24 7
24 30 575
30 24 575
24 53 989
53 24 989
24 61 357
61 24 357
24 60 441
60 24 441
24 43 957
43 24 957
25 61 539
61 25 539
25 29 199
29 25 199
25 63 354
63 25 354
25 43 147
43 25 147
25 46 152
46 25 152
26 42 522
42 26 522
26 29 265
29 26 265
26 75 442
75 26 442
26 53 326
53 26 326
27 60 914
60 27 914
27 66 915
66 27 915
27 66 385
66 27 385
27 77 862
77 27 862
27 54 509
54 27 509
27 28 263
28 27 263
28 35 615
35 28 615
28 52 303
52 28 303
28 68 617
68 28 617
28 64 563
64 28 563
28 77 739
77 28 739
28 60 855
60 28 855
28 69 698
69 28 698
29 30 249
30 29 249
29 79 556
79 29 556
29 32 222
32 29 222
29 83 209
83 29 209
29 40 239
40 29 239
30 47 122
47 30 122
30 51 987
51 30 987
30 41 758
41 30 758
30 73 826
73 30 826
30 56 678
56 30 678
30 63 601
63 30 601
30 42 778
42 30 778
31 65 918
65 31 918
31 77 646
77 31 646
31 50 472
50 31 472
31 67 947
67 31 947
31 41 832
41 31 832
32 48 73
48 32 73
32 54 950
54 32 950
32 65 361
65 32 361
32 76 957
76 32 957
33 62 156
62 33 156
33 76 1000
76 33 1000
33 67 311
67 33 311
33 80 304
80 33 304
33 70 216
70 33 216
33 42 653
42 33 653
34 68 354
68 34 354
34 40 712
40 34 712
34 63 316
63 34 316
34 85 608
85 34 608
34 68 940
68 34 940
34 57 437
57 34 437
35 55 393
55 35 393
35 66 834
66 35 834
35 64 408
64 35 408
35 79 551
79 35 551
35 76 912
76 35 912
36 69 990
69 36 990
36 59 362
59 36 362
36 41 562
41 36 562
37 70 551
70 37 551
37 75 904
75 37 904
37 83 117
83 37 117
37 70 73
70 37 73
37 70 433
70 37 433
37 61 869
61 37 869
37 66 921
66 37 921
37 79 665
79 37 665
37 67 164
67 37 164
38 60 973
60 38 973
38 79 684
79 38 684
39 57 390
57 39 390
39 79 395
79 39 395
39 48 974
48 39 974
39 84 683
84 39 683
40 44 546
44 40 546
40 57 420
57 40 420
40 79 952
79 40 952
41 63 548
63 41 548
41 71 448
71 41 448
41 73 764
73 41 764
41 84 894
84 41 894
42 84 568
84 42 568
42 51 359
51 42 359
42 51 590
51 42 590
43 76 719
76 43 719
43 53 231
53 43 231
44 45 687
45 44 687
44 53 487
53 44 487
44 52 701
52 44 701
45 48 953
48 45 953
45 79 622
79 45 622
45 78 629
78 45 629
46 59 70
59 46 70
46 61 411
61 46 411
46 48 391
48 46 391
46 59 797
59 46 797
47 60 756
60 47 756
47 71 412
71 47 412
47 81 234
81 47 234
47 59 151
59 47 151
47 60 349
60 47 349
47 75 389
75 47 389
47 79 697
79 47 697
48 59 940
59 48 940
48 78 947
78 48 947
48 58 236
58 48 236
49 50 83
50 49 83
49 67 142
67 49 142
49 83 535
83 49 535
50 69 856
69 50 856
50 54 630
54 50 630
51 59 793
59 51 793
51 57 538
57 51 538
52 71 6
71 52 6
52 73 412
73 52 412
52 77 728
77 52 728
52 79 195
79 52 195
53 56 1
56 53 1
53 55 305
55 53 305
54 72 380
72 54 380
54 67 679
67 54 679
54 83 605
83 54 605
54 67 172
67 54 172
55 77 70
77 55 70
55 56 889
56 55 889
55 63 604
63 55 604
56 62 497
62 56 497
56 74 238
74 56 238
56 70 122
70 56 122
56 83 425
83 56 425
57 85 574
85 57 574
58 69 165
69 58 165
58 63 360
63 58 360
59 73 338
73 59 338
59 84 859
84 59 859
60 72 797
72 60 797
60 81 157
81 60 157
60 72 50
72 60 50
60 79 93
79 60 93
60 73 169
73 60 169
62 72 988
72 62 988
62 70 500
70 62 500
62 83 971
83 62 971
62 67 843
67 62 843
63 79 860
79 63 860
63 73 660
73 63 660
66 72 920
72 66 920
67 81 392
81 67 392
68 76 50
76 68 50
68 77 629
77 68 629
68 73 851
73 68 851
69 69 558
69 69 558
69 71 791
71 69 791
70 83 32
83 70 32
71 78 799
78 71 799
72 80 817
80 72 817
72 78 309
78 72 309
73 75 52
75 73 52
73 80 977
80 73 977
75 75 932
75 75 932
76 79 45
79 76 45
78 81 221
81 78 221
78 84 207
84 78 207
78 78 222
78 78 222
79 85 423
85 79 423
79 81 165
81 79 165
79 82 254
82 79 254
80 83 954
83 80 954
