78

0 1 849
1 0 849
0 5 10
5 0 10
0 51 532
51 0 532
0 12 530
12 0 530
0 51 871
51 0 871
0 7 667
7 0 667
0 36 532
36 0 532
0 23 256
23 0 256
0 63 894
63 0 894
0 4 345
4 0 345
0 7 116
7 0 116
0 72 870
72 0 870
0 76 171
76 0 171
0 43 492
43 0 492
0 22 706
22 0 706
0 59 918
59 0 918
1 2 824
2 1 824
1 8 775
8 1 775
1 9 130
9 1 130
1 35 673
35 1 673
1 53 221
53 1 221
1 70 499
70 1 499
1 9 298
9 1 298
1 59 826
59 1 826
1 12 241
12 1 241
1 76 970
76 1 970
1 18 284
18 1 284
2 3 867
3 2 867
2 10 705
10 2 705
2 12 757
12 2 757
2 15 174
15 2 174
2 62 246
62 2 246
2 52 3
52 2 3
2 55 14
55 2 14
2 30 721
30 2 721
2 26 95
26 2 95
2 53 117
53 2 117
2 72 878
72 2 878
2 12 633
12 2 633
2 10 978
10 2 978
3 4 989
4 3 989
3 7 300
7 3 300
3 27 129
27 3 129
3 74 148
74 3 148
3 54 434
54 3 434
3 54 940
54 3 940
3 68 513
68 3 513
3 67 432
67 3 432
3 29 9
29 3 9
3 18 424
18 3 424
3 70 440
70 3 440
3 36 2
36 3 2
3 23 552
23 3 552
4 41 217
41 4 217
4 40 520
40 4 520
4 62 899
62 4 899
4 23 881
23 4 881
4 17 10
17 4 10
4 8 554
8 4 554
4 60 827
60 4 827
4 67 389
67 4 389
5 6 240
6 5 240
5 14 721
14 5 721
5 20 709
20 5 709
5 70 502
70 5 502
5 68 444
68 5 444
5 17 357
17 5 357
5 53 239
53 5 239
5 64 898
64 5 898
5 57 918
57 5 918
5 71 865
71 5 865
5 39 364
39 5 364
5 21 741
21 5 741
6 21 983
21 6 983
6 12 834
12 6 834
6 50 628
50 6 628
6 73 782
73 6 782
6 73 849
73 6 849
6 10 358
10 6 358
6 18 84
18 6 84
6 63 622
63 6 622
6 14 210
14 6 210
6 32 85
32 6 85
6 56 734
56 6 734
7 34 660
34 7 660
7 56 804
56 7 804
7 19 142
19 7 142
7 53 238
53 7 238
7 41 657
41 7 657
7 72 463
72 7 463
7 51 409
51 7 409
7 56 588
56 7 588
7 68 262
68 7 262
7 15 264
15 7 264
7 42 236
42 7 236
8 17 590
17 8 590
8 31 18
31 8 18
8 50 932
50 8 932
8 48 200
48 8 200
8 20 368
20 8 368
8 45 765
45 8 765
9 11 605
11 9 605
9 16 346
16 9 346
9 61 69
61 9 69
9 56 879
56 9 879
9 66 986
66 9 986
9 45 640
45 9 640
9 15 339
15 9 339
9 21 331
21 9 331
10 18 240
18 10 240
10 37 934
37 10 934
10 62 705
62 10 705
10 12 383
12 10 383
10 47 446
47 10 446
10 77 98
77 10 98
10 21 390
21 10 390
10 12 944
12 10 944
10 32 429
32 10 429
10 19 68
19 10 68
10 33 829
33 10 829
10 46 261
46 10 261
10 67 523
67 10 523
10 28 618
28 10 618
10 40 286
40 10 286
11 13 374
13 11 374
11 32 12
32 11 12
11 44 281
44 11 281
11 49 112
49 11 112
11 48 538
48 11 538
11 68 76
68 11 76
11 73 554
73 11 554
11 31 639
31 11 639
11 68 548
68 11 548
11 52 772
52 11 772
11 17 779
17 11 779
11 70 919
70 11 919
12 43 968
43 12 968
12 77 641
77 12 641
12 22 139
22 12 139
12 27 507
27 12 507
12 42 222
42 12 222
12 13 897
13 12 897
12 49 910
49 12 910
12 45 455
45 12 455
13 68 301
68 13 301
13 28 988
28 13 988
13 42 147
42 13 147
13 55 987
55 13 987
13 26 221
26 13 221
14 23 752
23 14 752
14 41 447
41 14 447
14 52 729
52 14 729
14 56 232
56 14 232
14 69 732
69 14 732
14 59 373
59 14 373
14 14 164
14 14 164
14 17 807
17 14 807
14 23 44
23 14 44
14 42 752
42 14 752
14 25 521
25 14 521
15 54 970
54 15 970
15 75 313
75 15 313
15 59 620
59 15 620
15 36 812
36 15 812
15 70 789
70 15 789
15 67 986
67 15 986
15 17 306
17 15 306
15 46 166
46 15 166
15 75 236
75 15 236
16 28 500
28 16 500
16 72 414
72 16 414
16 44 101
44 16 101
16 44 289
44 16 289
16 58 419
58 16 419
16 17 236
17 16 236
16 50 4
50 16 4
16 58 352
58 16 352
16 37 905
37 16 905
17 19 312
19 17 312
17 25 582
25 17 582
17 39 398
39 17 398
17 44 105
44 17 105
18 29 478
29 18 478
18 61 752
61 18 752
18 49 118
49 18 118
18 59 316
59 18 316
18 75 701
75 18 701
18 45 945
45 18 945
19 26 138
26 19 138
19 29 927
29 19 927
19 37 313
37 19 313
19 30 835
30 19 835
19 36 967
36 19 967
19 58 441
58 19 441
19 67 682
67 19 682
19 41 186
41 19 186
19 41 473
41 19 473
20 22 30
22 20 30
20 46 482
46 20 482
20 73 870
73 20 870
20 56 734
56 20 734
20 21 655
21 20 655
20 44 259
44 20 259
20 75 994
75 20 994
20 46 817
46 20 817
20 77 379
77 20 379
21 33 104
33 21 104
21 48 832
48 21 832
21 69 1
69 21 1
21 74 341
74 21 341
21 41 389
41 21 389
21 38 330
38 21 330
21 71 731
71 21 731
21 71 892
71 21 892
22 24 648
24 22 648
22 30 605
30 22 605
22 69 465
69 22 465
22 27 365
27 22 365
22 70 114
70 22 114
22 26 992
26 22 992
22 35 366
35 22 366
23 30 370
30 23 370
23 66 809
66 23 809
23 32 48
32 23 48
23 30 330
30 23 330
23 73 736
73 23 736
23 64 751
64 23 751
23 48 624
48 23 624
24 72 537
72 24 537
24 72 661
72 24 661
25 36 457
36 25 457
25 42 361
42 25 361
25 34 156
34 25 156
25 33 539
33 25 539
25 76 303
76 25 303
25 72 876
72 25 876
25 54 486
54 25 486
25 31 51
31 25 51
25 75 175
75 25 175
25 44 269
44 25 269
26 48 242
48 26 242
26 58 860
58 26 860
26 72 39
72 26 39
26 28 46
28 26 46
26 47 52
47 26 52
26 49 10
49 26 10
27 40 113
40 27 113
27 64 669
64 27 669
27 64 778
64 27 778
27 55 455
55 27 455
27 50 278
50 27 278
27 44 492
44 27 492
27 59 627
59 27 627
27 69 416
69 27 416
28 45 954
45 28 954
28 63 670
63 28 670
28 72 601
72 28 601
28 72 757
72 28 757
28 47 327
47 28 327
28 37 886
37 28 886
28 36 783
36 28 783
29 42 76
42 29 76
29 66 778
66 29 778
29 39 884
39 29 884
29 38 901
38 29 901
30 63 124
63 30 124
30 73 418
73 30 418
30 74 459
74 30 459
31 50 794
50 31 794
31 65 29
65 31 29
31 62 512
62 31 512
31 56 398
56 31 398
31 58 777
58 31 777
31 70 883
70 31 883
32 38 209
38 32 209
32 74 957
74 32 957
32 55 51
55 32 51
32 52 819
52 32 819
32 51 215
51 32 215
32 39 940
39 32 940
32 35 956
35 32 956
32 42 277
42 32 277
33 73 904
73 33 904
33 72 561
72 33 561
33 36 724
36 33 724
33 43 732
43 33 732
33 71 590
71 33 590
34 58 13
58 34 13
34 43 310
43 34 310
34 70 433
70 34 433
34 71 644
71 34 644
35 47 230
47 35 230
35 38 695
38 35 695
35 62 584
62 35 584
35 47 635
47 35 635
35 49 252
49 35 252
36 57 735
57 36 735
36 75 190
75 36 190
37 60 169
60 37 169
37 55 870
55 37 870
37 51 221
51 37 221
37 58 233
58 37 233
37 62 884
62 37 884
38 67 629
67 38 629
39 54 141
54 39 141
39 64 915
64 39 915
39 43 714
43 39 714
39 46 213
46 39 213
39 62 992
62 39 992
39 65 827
65 39 827
39 60 412
60 39 412
39 43 780
43 39 780
40 49 837
49 40 837
40 66 271
66 40 271
41 62 96
62 41 96
41 68 756
68 41 756
42 47 829
47 42 829
42 49 482
49 42 482
42 58 585
58 42 585
42 50 696
50 42 696
42 50 758
50 42 758
42 60 673
60 42 673
42 75 560
75 42 560
42 69 909
69 42 909
42 50 67
50 42 67
43 59 345
59 43 345
43 64 478
64 43 478
43 66 946
66 43 946
43 53 718
53 43 718
44 55 631
55 44 631
44 51 605
51 44 605
44 75 705
75 44 705
45 65 737
65 45 737
45 77 198
77 45 198
45 77 207
77 45 207
45 46 242
46 45 242
46 49 830
49 46 830
46 71 869
71 46 869
46 47 604
47 46 604
46 77 430
77 46 430
46 48 502
48 46 502
47 66 321
66 47 321
47 49 573
49 47 573
48 67 141
67 48 141
48 69 218
69 48 218
49 58 895
58 49 895
49 55 976
55 49 976
50 56 131
56 50 131
50 58 729
58 50 729
51 69 422
69 51 422
52 67 637
67 52 637
52 63 545
63 52 545
53 70 63
70 53 63
53 67 89
67 53 89
53 76 995
76 53 995
54 62 683
62 54 683
55 62 920
62 55 920
57 61 558
61 57 558
57 70 480
70 57 480
57 64 13
64 57 13
58 71 865
71 58 865
58 77 586
77 58 586
58 74 671
74 58 671
58 63 685
63 58 685
58 76 617
76 58 617
59 69 337
69 59 337
59 60 52
60 59 52
60 71 514
71 60 514
61 67 340
67 61 340
61 75 762
75 61 762
63 70 379
70 63 379
63 74 159
74 63 159
63 65 621
65 63 621
63 74 235
74 63 235
64 75 880
75 64 880
65 69 670
69 65 670
67 68 566
68 67 566
68 74 725
74 68 725
68 69 895
69 68 895
69 76 912
76 69 912
70 73 929
73 70 929
76 76 917
76 76 917
76 77 21
77 76 21
