34

0 1 742
1 0 742
0 2 754
2 0 754
0 4 94
4 0 94
0 12 494
12 0 494
0 12 882
12 0 882
0 11 19
11 0 19
0 27 699
27 0 699
0 21 67
21 0 67
0 5 666
5 0 666
0 14 521
14 0 521
0 33 600
33 0 600
1 3 702
3 1 702
1 5 381
5 1 381
1 29 973
29 1 973
1 12 131
12 1 131
1 13 707
13 1 707
1 6 326
6 1 326
1 25 593
25 1 593
2 6 663
6 2 663
2 15 169
15 2 169
2 18 402
18 2 402
2 2 374
2 2 374
2 25 677
25 2 677
2 24 898
24 2 898
2 27 207
27 2 207
2 8 519
8 2 519
2 4 935
4 2 935
2 12 690
12 2 690
2 20 416
20 2 416
2 6 890
6 2 890
3 17 676
17 3 676
3 27 659
27 3 659
3 16 594
16 3 594
3 11 331
11 3 331
3 20 476
20 3 476
4 10 117
10 4 117
4 28 838
28 4 838
4 10 165
10 4 165
4 12 264
12 4 264
4 32 943
32 4 943
4 11 346
11 4 346
5 13 957
13 5 957
5 17 156
17 5 156
5 8 588
8 5 588
5 22 997
22 5 997
5 21 139
21 5 139
5 28 1
28 5 1
5 27 31
27 5 31
5 26 453
26 5 453
5 31 573
31 5 573
5 6 646
6 5 646
6 7 193
7 6 193
6 8 837
8 6 837
6 9 46
9 6 46
6 23 358
23 6 358
6 24 195
24 6 195
6 27 908
27 6 908
6 14 962
14 6 962
6 11 6
11 6 6
6 15 301
15 6 301
6 11 854
11 6 854
7 24 668
24 7 668
7 24 156
24 7 156
7 16 913
16 7 913
7 15 40
15 7 40
7 14 646
14 7 646
7 18 10
18 7 10
8 18 359
18 8 359
8 26 644
26 8 644
8 25 804
25 8 804
8 18 189
18 8 189
8 21 121
21 8 121
8 24 883
24 8 883
8 11 613
11 8 613
9 10 288
10 9 288
9 11 453
11 9 453
9 12 370
12 9 370
9 14 216
14 9 216
9 16 904
16 9 904
9 29 826
29 9 826
9 25 74
25 9 74
9 14 13
14 9 13
10 15 636
15 10 636
10 11 956
11 10 956
10 20 276
20 10 276
10 22 64
22 10 64
10 26 261
26 10 261
10 10 997
10 10 997
10 25 888
25 10 888
11 11 622
11 11 622
11 12 19
12 11 19
11 16 679
16 11 679
11 30 839
30 11 839
11 24 669
24 11 669
11 18 677
18 11 677
12 20 684
20 12 684
12 21 280
21 12 280
12 16 11
16 12 11
12 28 598
28 12 598
12 23 15
23 12 15
13 32 448
32 13 448
13 29 408
29 13 408
13 31 948
31 13 948
13 24 111
24 13 111
13 17 300
17 13 300
13 30 243
30 13 243
13 18 578
18 13 578
14 17 627
17 14 627
14 28 438
28 14 438
14 26 792
26 14 792
14 24 417
24 14 417
15 19 567
19 15 567
15 25 358
25 15 358
15 32 74
32 15 74
16 28 24
28 16 24
16 20 292
20 16 292
16 30 990
30 16 990
16 29 673
29 16 673
16 18 484
18 16 484
18 23 794
23 18 794
18 24 399
24 18 399
18 33 681
33 18 681
19 29 212
29 19 212
19 22 311
22 19 311
19 32 55
32 19 55
19 22 589
22 19 589
19 27 560
27 19 560
19 33 874
33 19 874
19 29 845
29 19 845
20 22 786
22 20 786
20 28 177
28 20 177
20 26 915
26 20 915
20 28 410
28 20 410
21 27 659
27 21 659
21 22 753
22 21 753
22 30 377
30 22 377
22 24 593
24 22 593
22 29 464
29 22 464
22 24 344
24 22 344
22 26 904
26 22 904
23 33 644
33 23 644
23 32 41
32 23 41
23 31 887
31 23 887
23 27 933
27 23 933
23 29 447
29 23 447
24 31 204
31 24 204
25 33 94
33 25 94
25 29 353
29 25 353
25 30 175
30 25 175
25 26 867
26 25 867
27 30 207
30 27 207
28 33 382
33 28 382
29 31 733
31 29 733
30 31 63
31 30 63
30 33 602
33 30 602
30 31 179
31 30 179
30 32 824
32 30 824
31 33 251
33 31 251
31 33 797
33 31 797
