25

0 1 80
1 0 80
0 3 79
3 0 79
0 5 14
5 0 14
0 19 413
19 0 413
1 2 914
2 1 914
1 9 70
9 1 70
1 12 373
12 1 373
1 14 413
14 1 413
1 21 698
21 1 698
1 23 856
23 1 856
2 24 851
24 2 851
2 17 345
17 2 345
3 4 853
4 3 853
3 18 820
18 3 820
3 19 600
19 3 600
4 6 252
6 4 252
4 7 393
7 4 393
4 8 438
8 4 438
4 16 845
16 4 845
5 13 643
13 5 643
5 16 388
16 5 388
5 12 816
12 5 816
6 10 444
10 6 444
6 11 339
11 6 339
7 22 108
22 7 108
8 15 434
15 8 434
8 10 113
10 8 113
10 11 384
11 10 384
11 14 615
14 11 615
12 22 738
22 12 738
12 21 341
21 12 341
12 14 701
14 12 701
14 16 144
16 14 144
16 17 414
17 16 414
17 20 701
20 17 701
18 22 785
22 18 785
