92

0 1 941
1 0 941
0 2 801
2 0 801
0 8 582
8 0 582
0 22 599
22 0 599
0 29 113
29 0 113
0 56 102
56 0 102
0 37 571
37 0 571
0 12 806
12 0 806
0 3 776
3 0 776
0 90 98
90 0 98
0 14 274
14 0 274
1 3 186
3 1 186
1 5 591
5 1 591
1 11 94
11 1 94
1 12 870
12 1 870
1 37 348
37 1 348
1 22 157
22 1 157
2 4 504
4 2 504
2 10 288
10 2 288
2 30 579
30 2 579
2 36 254
36 2 254
2 17 226
17 2 226
2 62 698
62 2 698
3 13 959
13 3 959
3 24 765
24 3 765
3 71 788
71 3 788
3 59 565
59 3 565
4 19 219
19 4 219
4 14 857
14 4 857
4 35 322
35 4 322
4 41 620
41 4 620
4 12 419
12 4 419
5 6 122
6 5 122
5 45 551
45 5 551
5 30 975
30 5 975
5 79 773
79 5 773
5 73 299
73 5 299
5 53 575
53 5 575
5 6 441
6 5 441
6 7 853
7 6 853
6 32 89
32 6 89
6 40 308
40 6 308
6 42 241
42 6 241
6 87 384
87 6 384
6 38 22
38 6 22
6 72 263
72 6 263
6 17 672
17 6 672
7 9 270
9 7 270
7 43 449
43 7 449
7 48 755
48 7 755
7 36 454
36 7 454
7 56 21
56 7 21
7 66 112
66 7 112
8 15 290
15 8 290
8 23 244
23 8 244
8 60 182
60 8 182
8 65 94
65 8 94
8 75 935
75 8 935
8 84 633
84 8 633
8 34 116
34 8 116
8 53 21
53 8 21
8 80 630
80 8 630
9 20 510
20 9 510
9 51 6
51 9 6
9 63 651
63 9 651
9 90 420
90 9 420
9 45 396
45 9 396
9 63 510
63 9 510
9 40 574
40 9 574
9 45 976
45 9 976
9 91 994
91 9 994
10 44 430
44 10 430
10 48 535
48 10 535
10 71 46
71 10 46
11 14 84
14 11 84
11 18 289
18 11 289
11 21 561
21 11 561
11 70 401
70 11 401
11 27 602
27 11 602
11 84 964
84 11 964
11 22 537
22 11 537
11 65 283
65 11 283
11 84 75
84 11 75
12 26 499
26 12 499
12 27 889
27 12 889
12 38 854
38 12 854
12 55 81
55 12 81
12 57 96
57 12 96
12 81 919
81 12 919
13 16 394
16 13 394
13 35 983
35 13 983
13 86 603
86 13 603
13 41 896
41 13 896
13 15 663
15 13 663
13 51 116
51 13 116
13 19 243
19 13 243
14 28 502
28 14 502
14 15 668
15 14 668
14 38 613
38 14 613
15 17 780
17 15 780
15 54 18
54 15 18
15 50 351
50 15 351
15 53 689
53 15 689
16 33 526
33 16 526
17 83 117
83 17 117
17 30 441
30 17 441
17 60 68
60 17 68
18 80 574
80 18 574
18 45 330
45 18 330
18 32 315
32 18 315
18 20 156
20 18 156
19 47 347
47 19 347
19 57 822
57 19 822
19 58 509
58 19 509
19 58 671
58 19 671
19 83 844
83 19 844
19 89 231
89 19 231
19 51 702
51 19 702
19 39 963
39 19 963
19 49 664
49 19 664
20 76 888
76 20 888
20 65 475
65 20 475
21 41 379
41 21 379
21 35 89
35 21 89
22 52 288
52 22 288
22 58 327
58 22 327
23 82 174
82 23 174
23 87 318
87 23 318
23 27 104
27 23 104
23 33 219
33 23 219
23 36 25
36 23 25
24 25 577
25 24 577
24 34 396
34 24 396
24 55 540
55 24 540
24 42 440
42 24 440
25 91 603
91 25 603
25 77 662
77 25 662
25 64 48
64 25 48
26 39 187
39 26 187
26 53 196
53 26 196
26 72 215
72 26 215
27 46 961
46 27 961
27 33 635
33 27 635
27 72 436
72 27 436
29 31 388
31 29 388
29 63 954
63 29 954
29 90 235
90 29 235
29 90 747
90 29 747
30 67 915
67 30 915
30 69 50
69 30 50
31 73 148
73 31 148
32 53 394
53 32 394
33 61 141
61 33 141
33 89 971
89 33 971
33 91 494
91 33 494
34 87 81
87 34 81
36 41 815
41 36 815
37 78 218
78 37 218
38 69 513
69 38 513
38 76 795
76 38 795
38 85 779
85 38 779
39 66 973
66 39 973
39 78 698
78 39 698
39 79 852
79 39 852
39 89 747
89 39 747
39 72 58
72 39 58
40 81 612
81 40 612
40 66 892
66 40 892
41 48 867
48 41 867
41 60 533
60 41 533
41 77 418
77 41 418
41 77 190
77 41 190
41 50 85
50 41 85
42 49 277
49 42 277
42 52 314
52 42 314
42 71 560
71 42 560
43 50 379
50 43 379
43 71 250
71 43 250
44 48 949
48 44 949
44 79 107
79 44 107
45 53 588
53 45 588
45 66 643
66 45 643
46 68 927
68 46 927
47 72 591
72 47 591
48 48 635
48 48 635
48 84 777
84 48 777
48 72 17
72 48 17
49 87 439
87 49 439
49 72 310
72 49 310
50 59 157
59 50 157
50 69 331
69 50 331
51 56 840
56 51 840
51 63 633
63 51 633
52 59 933
59 52 933
53 70 131
70 53 131
54 66 551
66 54 551
54 85 777
85 54 777
54 88 973
88 54 973
55 64 651
64 55 651
56 82 681
82 56 681
56 83 282
83 56 282
56 56 747
56 56 747
57 82 558
82 57 558
57 77 878
77 57 878
57 85 212
85 57 212
58 64 35
64 58 35
58 80 213
80 58 213
59 62 827
62 59 827
59 77 94
77 59 94
59 85 294
85 59 294
60 91 972
91 60 972
61 71 741
71 61 741
62 64 475
64 62 475
62 87 44
87 62 44
62 65 439
65 62 439
62 64 347
64 62 347
62 82 64
82 62 64
63 74 542
74 63 542
63 82 706
82 63 706
64 86 268
86 64 268
65 80 236
80 65 236
66 91 708
91 66 708
68 86 535
86 68 535
68 77 278
77 68 278
68 83 391
83 68 391
68 78 936
78 68 936
68 83 389
83 68 389
69 81 792
81 69 792
69 87 454
87 69 454
70 80 254
80 70 254
70 80 651
80 70 651
71 74 207
74 71 207
71 76 111
76 71 111
72 84 979
84 72 979
72 76 945
76 72 945
74 79 635
79 74 635
75 85 48
85 75 48
75 79 354
79 75 354
81 83 923
83 81 923
81 88 118
88 81 118
83 90 865
90 83 865
84 88 935
88 84 935
84 87 788
87 84 788
84 88 232
88 84 232
86 91 185
91 86 185
88 90 208
90 88 208
