98

0 1 431
1 0 431
0 2 886
2 0 886
0 3 153
3 0 153
0 10 644
10 0 644
0 17 714
17 0 714
0 50 961
50 0 961
0 77 994
77 0 994
1 4 323
4 1 323
1 5 646
5 1 646
1 6 88
6 1 88
1 8 581
8 1 581
1 13 571
13 1 571
1 19 594
19 1 594
1 93 920
93 1 920
1 10 970
10 1 970
2 42 313
42 2 313
2 41 683
41 2 683
3 9 498
9 3 498
3 11 730
11 3 730
3 72 957
72 3 957
4 12 921
12 4 921
4 53 510
53 4 510
5 7 762
7 5 762
6 21 719
21 6 719
6 85 152
85 6 152
7 15 268
15 7 268
8 97 338
97 8 338
9 14 385
14 9 385
9 31 752
31 9 752
9 61 573
61 9 573
11 20 588
20 11 588
11 22 123
22 11 123
11 26 64
26 11 64
11 29 693
29 11 693
11 58 973
58 11 973
12 16 771
16 12 771
12 32 206
32 12 206
12 44 979
44 12 979
14 35 343
35 14 343
15 24 634
24 15 634
15 38 172
38 15 172
15 47 663
47 15 663
16 18 514
18 16 514
17 86 353
86 17 353
18 27 188
27 18 188
19 23 822
23 19 822
19 41 620
41 19 620
19 55 133
55 19 133
20 25 273
25 20 273
20 51 600
51 20 600
20 90 485
90 20 485
21 36 738
36 21 738
22 30 6
30 22 6
22 33 369
33 22 369
22 76 29
76 22 29
23 40 982
40 23 982
25 34 858
34 25 858
26 28 548
28 26 548
26 60 860
60 26 860
27 52 144
52 27 144
27 69 359
69 27 359
27 57 154
57 27 154
28 78 690
78 28 690
29 49 722
49 29 722
29 56 600
56 29 600
31 37 688
37 31 688
31 39 274
39 31 274
31 59 464
59 31 464
31 64 514
64 31 514
32 65 701
65 32 701
32 82 378
82 32 378
32 74 1
74 32 1
33 46 399
46 33 399
34 66 596
66 34 596
35 43 807
43 35 807
35 48 211
48 35 211
35 71 378
71 35 378
36 92 442
92 36 442
37 67 290
67 37 290
39 62 210
62 39 210
40 45 386
45 40 386
42 94 25
94 42 25
46 91 936
91 46 936
47 68 110
68 47 110
48 96 469
96 48 469
51 80 767
80 51 767
51 83 272
83 51 272
52 54 516
54 52 516
54 87 365
87 54 365
55 57 381
57 55 381
61 63 361
63 61 361
61 70 214
70 61 214
65 74 193
74 65 193
65 81 684
81 65 684
66 75 89
75 66 89
70 81 608
81 70 608
71 84 105
84 71 105
72 73 952
73 72 952
74 88 222
88 74 222
77 79 978
79 77 978
79 89 805
89 79 805
91 95 513
95 91 513
