94

0 1 891
1 0 891
0 44 86
44 0 86
0 63 110
63 0 110
0 69 503
69 0 503
0 82 44
82 0 44
0 38 740
38 0 740
0 65 595
65 0 595
0 16 509
16 0 509
0 41 26
41 0 26
0 48 668
48 0 668
0 77 285
77 0 285
0 14 627
14 0 627
0 14 216
14 0 216
0 38 414
38 0 414
0 64 936
64 0 936
0 79 365
79 0 365
0 12 246
12 0 246
0 53 380
53 0 380
0 72 756
72 0 756
1 2 641
2 1 641
1 3 906
3 1 906
1 17 243
17 1 243
1 77 536
77 1 536
1 53 619
53 1 619
1 56 659
56 1 659
1 20 215
20 1 215
1 28 272
28 1 272
1 19 919
19 1 919
1 63 377
63 1 377
1 80 120
80 1 120
1 63 207
63 1 207
1 26 337
26 1 337
2 5 987
5 2 987
2 13 69
13 2 69
2 35 294
35 2 294
2 87 104
87 2 104
2 26 927
26 2 927
2 81 375
81 2 375
2 86 286
86 2 286
2 13 1
13 2 1
2 78 830
78 2 830
2 69 621
69 2 621
2 91 333
91 2 333
2 48 614
48 2 614
2 87 226
87 2 226
2 44 799
44 2 799
2 87 183
87 2 183
2 32 771
32 2 771
2 26 62
26 2 62
2 8 536
8 2 536
2 43 573
43 2 573
2 56 280
56 2 280
2 93 315
93 2 315
2 15 436
15 2 436
3 4 670
4 3 670
3 6 212
6 3 212
3 15 955
15 3 955
3 39 66
39 3 66
3 90 318
90 3 318
3 22 381
22 3 381
3 57 903
57 3 903
3 28 510
28 3 510
3 81 987
81 3 987
3 4 125
4 3 125
3 67 462
67 3 462
3 78 796
78 3 796
3 88 680
88 3 680
3 4 521
4 3 521
3 43 96
43 3 96
3 13 202
13 3 202
3 58 807
58 3 807
3 40 29
40 3 29
3 58 764
58 3 764
3 52 114
52 3 114
3 45 607
45 3 607
3 75 940
75 3 940
3 87 972
87 3 972
3 44 753
44 3 753
3 39 728
39 3 728
3 60 360
60 3 360
4 7 110
7 4 110
4 8 668
8 4 668
4 12 497
12 4 497
4 35 989
35 4 989
4 19 366
19 4 366
4 37 291
37 4 291
4 60 600
60 4 600
4 67 422
67 4 422
4 8 715
8 4 715
4 45 214
45 4 214
4 78 278
78 4 278
4 55 717
55 4 717
4 62 302
62 4 302
4 51 187
51 4 187
4 89 889
89 4 889
4 83 130
83 4 130
4 27 145
27 4 145
5 10 318
10 5 318
5 11 644
11 5 644
5 26 841
26 5 841
5 46 52
46 5 52
5 20 648
20 5 648
5 39 723
39 5 723
5 20 673
20 5 673
5 65 733
65 5 733
5 14 330
14 5 330
5 25 433
25 5 433
5 60 530
60 5 530
5 73 592
73 5 592
5 70 662
70 5 662
5 14 302
14 5 302
5 85 842
85 5 842
5 43 286
43 5 286
5 79 480
79 5 480
5 52 177
52 5 177
5 88 246
88 5 246
5 21 314
21 5 314
5 38 625
38 5 625
5 59 83
59 5 83
6 9 742
9 6 742
6 9 409
9 6 409
6 86 692
86 6 692
6 75 622
75 6 622
6 93 962
93 6 962
6 63 389
63 6 389
6 32 175
32 6 175
6 61 690
61 6 690
6 45 273
45 6 273
6 91 516
91 6 516
6 84 426
84 6 426
6 74 648
74 6 648
6 14 1000
14 6 1000
6 55 858
55 6 858
7 73 560
73 7 560
7 67 174
67 7 174
7 64 150
64 7 150
7 65 855
65 7 855
7 47 550
47 7 550
7 79 69
79 7 69
7 8 315
8 7 315
7 61 162
61 7 162
7 85 115
85 7 115
7 46 437
46 7 437
7 21 795
21 7 795
7 66 705
66 7 705
7 49 418
49 7 418
7 57 714
57 7 714
7 79 187
79 7 187
7 64 613
64 7 613
8 27 119
27 8 119
8 33 450
33 8 450
8 20 625
20 8 625
8 44 725
44 8 725
8 56 885
56 8 885
8 26 245
26 8 245
8 13 260
13 8 260
8 75 513
75 8 513
8 74 128
74 8 128
8 73 419
73 8 419
8 76 82
76 8 82
9 14 922
14 9 922
9 18 517
18 9 517
9 21 929
21 9 929
9 53 49
53 9 49
9 13 51
13 9 51
9 49 629
49 9 629
9 88 49
88 9 49
9 86 92
86 9 92
9 76 80
76 9 80
9 50 105
50 9 105
9 60 691
60 9 691
9 91 423
91 9 423
9 52 520
52 9 520
9 63 974
63 9 974
9 20 796
20 9 796
9 53 196
53 9 196
9 15 136
15 9 136
9 41 650
41 9 650
10 16 739
16 10 739
10 28 60
28 10 60
10 34 477
34 10 477
10 74 638
74 10 638
10 53 689
53 10 689
10 74 195
74 10 195
10 41 20
41 10 20
10 64 544
64 10 544
10 91 955
91 10 955
10 64 648
64 10 648
10 63 493
63 10 493
10 66 15
66 10 15
10 85 357
85 10 357
10 43 70
43 10 70
10 68 335
68 10 335
10 85 970
85 10 970
10 68 384
68 10 384
10 90 142
90 10 142
10 12 868
12 10 868
10 27 336
27 10 336
10 29 188
29 10 188
11 73 187
73 11 187
11 57 256
57 11 256
11 53 645
53 11 645
11 12 842
12 11 842
11 60 72
60 11 72
11 20 418
20 11 418
11 86 314
86 11 314
12 24 952
24 12 952
12 76 993
76 12 993
12 92 944
92 12 944
12 34 624
34 12 624
12 75 81
75 12 81
12 36 198
36 12 198
12 77 204
77 12 204
12 41 137
41 12 137
12 32 404
32 12 404
12 26 350
26 12 350
12 74 439
74 12 439
12 57 980
57 12 980
12 64 223
64 12 223
12 27 270
27 12 270
12 34 624
34 12 624
12 49 818
49 12 818
12 30 903
30 12 903
12 85 261
85 12 261
12 81 316
81 12 316
12 75 403
75 12 403
12 62 456
62 12 456
13 31 221
31 13 221
13 21 22
21 13 22
13 26 479
26 13 479
13 30 842
30 13 842
13 24 469
24 13 469
14 19 975
19 14 975
14 40 186
40 14 186
14 64 208
64 14 208
14 89 569
89 14 569
14 56 922
56 14 922
14 61 778
61 14 778
14 37 24
37 14 24
14 88 334
88 14 334
14 15 901
15 14 901
14 18 6
18 14 6
14 47 179
47 14 179
14 61 418
61 14 418
14 46 880
46 14 880
14 52 848
52 14 848
15 80 503
80 15 503
15 76 294
76 15 294
15 67 889
67 15 889
15 38 599
38 15 599
15 61 62
61 15 62
15 74 182
74 15 182
15 82 273
82 15 273
15 76 414
76 15 414
15 49 952
49 15 952
15 84 372
84 15 372
16 20 641
20 16 641
16 22 311
22 16 311
16 31 806
31 16 806
16 19 649
19 16 649
16 78 207
78 16 207
16 49 622
49 16 622
16 81 684
81 16 684
16 52 161
52 16 161
16 83 249
83 16 249
16 19 648
19 16 648
16 41 600
41 16 600
16 31 384
31 16 384
16 22 953
22 16 953
17 31 435
31 17 435
17 21 218
21 17 218
17 79 987
79 17 987
17 39 839
39 17 839
17 87 756
87 17 756
17 38 543
38 17 543
17 75 458
75 17 458
17 93 768
93 17 768
17 59 526
59 17 526
17 89 254
89 17 254
18 36 935
36 18 935
18 47 592
47 18 592
18 81 751
81 18 751
18 91 466
91 18 466
18 49 893
49 18 893
18 47 749
47 18 749
18 21 912
21 18 912
18 35 145
35 18 145
18 27 118
27 18 118
19 25 713
25 19 713
19 50 809
50 19 809
19 52 783
52 19 783
19 22 680
22 19 680
19 53 165
53 19 165
19 70 107
70 19 107
19 52 48
52 19 48
19 30 421
30 19 421
19 78 242
78 19 242
19 35 758
35 19 758
19 43 179
43 19 179
19 48 459
48 19 459
19 60 247
60 19 247
19 75 343
75 19 343
20 32 658
32 20 658
20 28 318
28 20 318
20 42 301
42 20 301
20 59 150
59 20 150
20 55 932
55 20 932
20 38 985
38 20 985
20 84 351
84 20 351
20 40 530
40 20 530
20 40 36
40 20 36
20 48 460
48 20 460
20 42 546
42 20 546
20 69 117
69 20 117
20 86 880
86 20 880
20 93 984
93 20 984
20 49 174
49 20 174
20 72 299
72 20 299
20 65 631
65 20 631
20 60 214
60 20 214
20 29 943
29 20 943
20 35 68
35 20 68
21 58 710
58 21 710
21 70 605
70 21 605
21 28 397
28 21 397
21 27 185
27 21 185
21 90 804
90 21 804
21 44 33
44 21 33
21 47 353
47 21 353
21 74 238
74 21 238
22 23 469
23 22 469
22 51 164
51 22 164
22 83 423
83 22 423
22 91 565
91 22 565
22 67 213
67 22 213
22 71 286
71 22 286
22 84 138
84 22 138
22 37 872
37 22 872
22 37 333
37 22 333
22 82 506
82 22 506
22 22 443
22 22 443
22 68 502
68 22 502
22 31 168
31 22 168
22 43 323
43 22 323
22 37 456
37 22 456
22 78 625
78 22 625
22 43 595
43 22 595
22 93 206
93 22 206
22 64 161
64 22 161
22 66 48
66 22 48
23 41 593
41 23 593
23 28 421
28 23 421
23 31 371
31 23 371
23 88 869
88 23 869
23 35 855
35 23 855
23 93 872
93 23 872
23 42 95
42 23 95
23 65 527
65 23 527
23 59 505
59 23 505
23 57 986
57 23 986
23 67 561
67 23 561
23 37 99
37 23 99
23 30 244
30 23 244
24 68 77
68 24 77
24 87 329
87 24 329
24 80 602
80 24 602
24 79 362
79 24 362
24 84 596
84 24 596
24 50 724
50 24 724
24 36 498
36 24 498
24 36 416
36 24 416
24 63 676
63 24 676
24 48 719
48 24 719
24 40 306
40 24 306
24 66 330
66 24 330
24 26 92
26 24 92
24 43 962
43 24 962
24 71 927
71 24 927
24 81 431
81 24 431
24 70 159
70 24 159
25 30 356
30 25 356
25 80 594
80 25 594
25 44 268
44 25 268
25 37 812
37 25 812
25 77 769
77 25 769
25 91 754
91 25 754
25 64 252
64 25 252
25 70 117
70 25 117
25 74 38
74 25 38
25 75 717
75 25 717
25 81 810
81 25 810
25 80 271
80 25 271
25 65 68
65 25 68
25 33 604
33 25 604
25 69 528
69 25 528
25 60 947
60 25 947
25 56 322
56 25 322
25 89 925
89 25 925
25 80 753
80 25 753
26 29 42
29 26 42
26 39 154
39 26 154
26 59 597
59 26 597
26 32 161
32 26 161
26 79 808
79 26 808
26 57 895
57 26 895
26 91 230
91 26 230
26 51 357
51 26 357
26 82 625
82 26 625
26 30 654
30 26 654
27 54 455
54 27 455
27 62 914
62 27 914
27 28 797
28 27 797
27 67 693
67 27 693
27 49 46
49 27 46
27 38 399
38 27 399
27 83 720
83 27 720
27 91 500
91 27 500
27 86 487
86 27 487
27 57 66
57 27 66
28 59 305
59 28 305
28 67 828
67 28 828
28 69 236
69 28 236
28 71 727
71 28 727
28 88 989
88 28 989
28 63 1000
63 28 1000
28 80 173
80 28 173
28 62 704
62 28 704
28 28 806
28 28 806
28 38 685
38 28 685
28 86 575
86 28 575
28 70 874
70 28 874
28 89 204
89 28 204
29 41 454
41 29 454
29 43 490
43 29 490
29 47 504
47 29 504
29 36 951
36 29 951
29 73 466
73 29 466
29 75 950
75 29 950
29 88 883
88 29 883
29 82 916
82 29 916
29 33 719
33 29 719
30 72 603
72 30 603
30 54 191
54 30 191
30 43 890
43 30 890
30 65 682
65 30 682
30 90 644
90 30 644
30 44 56
44 30 56
30 51 540
51 30 540
30 54 662
54 30 662
30 73 263
73 30 263
30 58 348
58 30 348
30 83 82
83 30 82
31 56 321
56 31 321
31 76 536
76 31 536
31 64 496
64 31 496
31 34 21
34 31 21
31 38 778
38 31 778
31 67 995
67 31 995
31 92 501
92 31 501
31 65 17
65 31 17
31 49 41
49 31 41
31 51 323
51 31 323
32 66 481
66 32 481
32 72 400
72 32 400
32 87 773
87 32 773
32 78 153
78 32 153
32 72 708
72 32 708
32 88 908
88 32 908
32 63 642
63 32 642
32 64 11
64 32 11
33 37 483
37 33 483
33 45 322
45 33 322
33 60 985
60 33 985
33 93 343
93 33 343
33 43 423
43 33 423
33 55 263
55 33 263
33 90 312
90 33 312
33 65 61
65 33 61
33 38 556
38 33 556
33 43 911
43 33 911
33 88 401
88 33 401
34 39 622
39 34 622
34 67 746
67 34 746
34 88 852
88 34 852
34 70 554
70 34 554
34 83 540
83 34 540
34 50 120
50 34 120
34 48 855
48 34 855
34 91 426
91 34 426
34 80 709
80 34 709
34 91 809
91 34 809
35 38 379
38 35 379
35 81 813
81 35 813
35 69 763
69 35 763
35 52 729
52 35 729
35 43 777
43 35 777
35 82 390
82 35 390
35 51 601
51 35 601
35 55 640
55 35 640
35 41 62
41 35 62
35 45 867
45 35 867
35 70 297
70 35 297
36 57 364
57 36 364
36 78 986
78 36 986
36 91 907
91 36 907
36 76 97
76 36 97
36 40 159
40 36 159
36 44 698
44 36 698
36 86 315
86 36 315
36 57 238
57 36 238
36 78 809
78 36 809
36 75 562
75 36 562
37 70 625
70 37 625
37 85 429
85 37 429
37 58 755
58 37 755
37 70 634
70 37 634
37 57 980
57 37 980
37 88 147
88 37 147
37 74 757
74 37 757
37 87 617
87 37 617
37 49 635
49 37 635
37 77 684
77 37 684
37 77 770
77 37 770
38 43 626
43 38 626
38 48 333
48 38 333
38 41 81
41 38 81
38 64 144
64 38 144
38 53 272
53 38 272
38 78 631
78 38 631
38 38 496
38 38 496
38 72 5
72 38 5
39 48 899
48 39 899
39 49 398
49 39 398
39 65 713
65 39 713
39 89 999
89 39 999
39 47 290
47 39 290
39 43 165
43 39 165
39 56 982
56 39 982
39 92 278
92 39 278
39 81 509
81 39 509
40 85 713
85 40 713
40 90 429
90 40 429
40 76 627
76 40 627
40 58 999
58 40 999
40 61 416
61 40 416
40 48 987
48 40 987
40 86 780
86 40 780
40 84 932
84 40 932
40 48 586
48 40 586
40 60 396
60 40 396
40 66 269
66 40 269
40 93 498
93 40 498
40 43 858
43 40 858
41 42 25
42 41 25
41 78 843
78 41 843
41 53 284
53 41 284
41 67 843
67 41 843
41 84 29
84 41 29
41 76 245
76 41 245
41 43 792
43 41 792
41 75 977
75 41 977
41 81 125
81 41 125
41 87 486
87 41 486
42 84 88
84 42 88
42 63 657
63 42 657
42 66 506
66 42 506
42 59 189
59 42 189
42 72 726
72 42 726
42 60 707
60 42 707
42 51 7
51 42 7
43 75 267
75 43 267
43 89 379
89 43 379
43 46 838
46 43 838
43 66 924
66 43 924
43 47 469
47 43 469
43 92 925
92 43 925
43 56 350
56 43 350
44 49 922
49 44 922
44 92 770
92 44 770
44 47 789
47 44 789
44 48 157
48 44 157
44 91 939
91 44 939
44 92 545
92 44 545
44 83 242
83 44 242
45 68 237
68 45 237
45 64 394
64 45 394
45 90 752
90 45 752
45 54 595
54 45 595
45 68 581
68 45 581
45 54 794
54 45 794
45 79 979
79 45 979
45 63 467
63 45 467
45 83 582
83 45 582
45 54 245
54 45 245
45 56 986
56 45 986
45 92 411
92 45 411
46 53 746
53 46 746
46 58 961
58 46 961
46 55 546
55 46 546
46 66 197
66 46 197
46 92 831
92 46 831
46 93 769
93 46 769
46 49 687
49 46 687
46 70 347
70 46 347
46 92 66
92 46 66
47 87 930
87 47 930
47 69 565
69 47 565
47 54 756
54 47 756
47 84 375
84 47 375
47 69 946
69 47 946
48 55 477
55 48 477
48 66 496
66 48 496
48 85 9
85 48 9
48 56 358
56 48 358
48 83 370
83 48 370
48 62 57
62 48 57
49 61 336
61 49 336
49 86 660
86 49 660
49 79 176
79 49 176
49 52 955
52 49 955
49 50 917
50 49 917
49 54 70
54 49 70
49 88 556
88 49 556
49 62 528
62 49 528
50 82 68
82 50 68
50 90 469
90 50 469
50 84 352
84 50 352
50 61 115
61 50 115
50 52 291
52 50 291
51 85 203
85 51 203
51 57 547
57 51 547
51 75 474
75 51 474
51 77 1000
77 51 1000
51 74 290
74 51 290
51 66 482
66 51 482
52 62 636
62 52 636
52 65 939
65 52 939
52 75 940
75 52 940
52 82 594
82 52 594
52 57 330
57 52 330
52 77 771
77 52 771
52 82 817
82 52 817
52 79 981
79 52 981
52 66 788
66 52 788
53 66 267
66 53 267
53 66 689
66 53 689
53 69 254
69 53 254
53 93 311
93 53 311
53 63 177
63 53 177
54 74 862
74 54 862
54 90 387
90 54 387
54 87 985
87 54 985
54 56 647
56 54 647
54 56 101
56 54 101
54 61 96
61 54 96
54 57 576
57 54 576
54 60 945
60 54 945
54 73 250
73 54 250
54 72 294
72 54 294
54 73 267
73 54 267
54 68 502
68 54 502
55 73 364
73 55 364
55 65 104
65 55 104
55 71 742
71 55 742
55 80 938
80 55 938
55 57 279
57 55 279
55 55 4
55 55 4
56 70 883
70 56 883
56 58 771
58 56 771
56 70 371
70 56 371
56 74 276
74 56 276
56 62 103
62 56 103
57 70 612
70 57 612
57 66 87
66 57 87
57 58 602
58 57 602
57 82 984
82 57 984
58 92 151
92 58 151
58 64 714
64 58 714
58 76 911
76 58 911
58 89 287
89 58 287
59 63 927
63 59 927
59 68 55
68 59 55
59 78 113
78 59 113
59 62 164
62 59 164
59 93 696
93 59 696
59 63 699
63 59 699
60 91 542
91 60 542
61 73 427
73 61 427
61 74 287
74 61 287
61 91 787
91 61 787
61 75 442
75 61 442
61 70 99
70 61 99
62 71 852
71 62 852
62 65 331
65 62 331
62 63 998
63 62 998
62 70 296
70 62 296
62 75 889
75 62 889
63 86 996
86 63 996
63 72 968
72 63 968
63 81 587
81 63 587
63 86 664
86 63 664
63 63 366
63 63 366
64 77 608
77 64 608
64 86 407
86 64 407
64 80 325
80 64 325
64 80 620
80 64 620
65 85 212
85 65 212
65 84 426
84 65 426
65 82 911
82 65 911
66 79 322
79 66 322
66 75 161
75 66 161
66 77 745
77 66 745
66 79 515
79 66 515
66 67 867
67 66 867
66 89 182
89 66 182
66 81 649
81 66 649
67 68 286
68 67 286
67 70 836
70 67 836
67 74 122
74 67 122
67 82 535
82 67 535
67 80 640
80 67 640
67 91 735
91 67 735
68 86 545
86 68 545
68 81 858
81 68 858
68 80 612
80 68 612
69 77 267
77 69 267
69 71 437
71 69 437
70 89 680
89 70 680
70 87 69
87 70 69
70 93 870
93 70 870
71 84 155
84 71 155
71 74 184
74 71 184
71 87 568
87 71 568
71 86 147
86 71 147
71 84 730
84 71 730
72 72 398
72 72 398
72 76 449
76 72 449
72 72 315
72 72 315
73 83 444
83 73 444
73 76 867
76 73 867
74 82 819
82 74 819
74 92 879
92 74 879
74 78 759
78 74 759
74 82 144
82 74 144
74 92 448
92 74 448
75 92 819
92 75 819
75 92 516
92 75 516
75 90 26
90 75 26
75 93 560
93 75 560
75 88 575
88 75 575
76 88 24
88 76 24
76 84 41
84 76 41
76 80 410
80 76 410
76 82 540
82 76 540
77 87 564
87 77 564
78 88 78
88 78 78
78 90 935
90 78 935
78 80 415
80 78 415
78 89 228
89 78 228
78 84 834
84 78 834
79 90 384
90 79 384
80 80 494
80 80 494
81 91 122
91 81 122
81 83 310
83 81 310
81 89 923
89 81 923
82 90 781
90 82 781
82 92 557
92 82 557
83 90 216
90 83 216
83 84 410
84 83 410
83 87 954
87 83 954
84 86 401
86 84 401
84 85 725
85 84 725
84 87 26
87 84 26
85 89 986
89 85 986
91 92 919
92 91 919
