90

0 1 925
1 0 925
0 2 401
2 0 401
0 4 860
4 0 860
0 8 861
8 0 861
0 11 748
11 0 748
0 49 838
49 0 838
0 71 630
71 0 630
0 19 612
19 0 612
0 25 838
25 0 838
0 13 536
13 0 536
0 32 120
32 0 120
0 55 481
55 0 481
0 73 701
73 0 701
0 19 503
19 0 503
0 69 455
69 0 455
0 22 865
22 0 865
1 16 44
16 1 44
1 79 462
79 1 462
1 42 648
42 1 648
1 22 426
22 1 426
1 63 301
63 1 301
1 43 935
43 1 935
1 5 715
5 1 715
1 18 41
18 1 41
1 79 706
79 1 706
1 72 97
72 1 97
1 22 655
22 1 655
1 63 619
63 1 619
1 81 853
81 1 853
1 24 127
24 1 127
1 32 977
32 1 977
1 82 818
82 1 818
1 49 83
49 1 83
1 39 982
39 1 982
1 87 971
87 1 971
2 3 9
3 2 9
2 32 933
32 2 933
2 80 538
80 2 538
2 60 900
60 2 900
2 38 74
38 2 74
2 8 512
8 2 512
2 19 430
19 2 430
2 68 563
68 2 563
2 82 433
82 2 433
2 79 3
79 2 3
2 3 106
3 2 106
2 8 266
8 2 266
2 83 871
83 2 871
2 32 78
32 2 78
2 9 103
9 2 103
2 20 827
20 2 827
2 14 595
14 2 595
2 75 162
75 2 162
2 18 938
18 2 938
2 77 8
77 2 8
3 5 882
5 3 882
3 19 418
19 3 418
3 42 453
42 3 453
3 9 513
9 3 513
3 51 515
51 3 515
3 5 866
5 3 866
3 22 130
22 3 130
3 19 246
19 3 246
3 81 72
81 3 72
3 52 821
52 3 821
3 19 755
19 3 755
3 31 835
31 3 835
3 11 688
11 3 688
3 71 73
71 3 73
3 82 101
82 3 101
3 35 760
35 3 760
3 80 793
80 3 793
4 6 133
6 4 133
4 7 562
7 4 562
4 12 87
12 4 87
4 13 282
13 4 282
4 17 858
17 4 858
4 85 837
85 4 837
4 71 847
71 4 847
4 62 712
62 4 712
4 27 737
27 4 737
4 82 26
82 4 26
4 64 778
64 4 778
4 36 463
36 4 463
4 89 206
89 4 206
4 87 220
87 4 220
4 36 627
36 4 627
4 65 232
65 4 232
4 50 179
50 4 179
4 64 591
64 4 591
4 85 478
85 4 478
4 87 456
87 4 456
4 68 624
68 4 624
5 33 404
33 5 404
5 70 727
70 5 727
5 85 370
85 5 370
5 73 37
73 5 37
5 36 176
36 5 176
5 78 770
78 5 770
5 74 415
74 5 415
5 71 496
71 5 496
5 56 146
56 5 146
5 17 969
17 5 969
5 34 258
34 5 258
5 56 818
56 5 818
5 69 374
69 5 374
5 32 214
32 5 214
5 53 19
53 5 19
5 76 924
76 5 924
5 57 920
57 5 920
5 7 777
7 5 777
6 9 60
9 6 60
6 10 50
10 6 50
6 20 402
20 6 402
6 25 988
25 6 988
6 12 495
12 6 495
6 80 648
80 6 648
6 52 252
52 6 252
6 73 12
73 6 12
6 33 81
33 6 81
6 24 42
24 6 42
6 9 471
9 6 471
6 49 508
49 6 508
6 77 154
77 6 154
6 66 143
66 6 143
6 22 33
22 6 33
6 21 896
21 6 896
6 70 916
70 6 916
6 78 170
78 6 170
6 16 603
16 6 603
7 22 862
22 7 862
7 34 468
34 7 468
7 35 270
35 7 270
7 60 200
60 7 200
7 60 583
60 7 583
7 39 979
39 7 979
7 79 217
79 7 217
7 12 774
12 7 774
7 54 170
54 7 170
7 34 501
34 7 501
7 57 558
57 7 558
7 76 688
76 7 688
7 15 75
15 7 75
7 45 199
45 7 199
7 13 502
13 7 502
7 49 257
49 7 257
7 47 539
47 7 539
7 58 370
58 7 370
8 23 68
23 8 68
8 31 654
31 8 654
8 17 610
17 8 610
8 26 608
26 8 608
8 46 784
46 8 784
8 22 899
22 8 899
8 62 492
62 8 492
8 49 179
49 8 179
8 24 745
24 8 745
8 19 305
19 8 305
8 68 397
68 8 397
8 16 637
16 8 637
8 45 544
45 8 544
8 56 352
56 8 352
8 69 573
69 8 573
8 41 36
41 8 36
8 27 485
27 8 485
8 85 753
85 8 753
8 89 660
89 8 660
9 55 284
55 9 284
9 17 619
17 9 619
9 84 398
84 9 398
9 59 969
59 9 969
9 10 678
10 9 678
9 83 446
83 9 446
9 62 556
62 9 556
9 71 640
71 9 640
9 53 209
53 9 209
9 28 362
28 9 362
9 56 315
56 9 315
9 20 866
20 9 866
9 66 883
66 9 883
9 26 919
26 9 919
9 42 156
42 9 156
9 61 96
61 9 96
9 65 283
65 9 283
9 63 946
63 9 946
10 15 833
15 10 833
10 52 411
52 10 411
10 45 827
45 10 827
10 76 715
76 10 715
10 29 205
29 10 205
10 63 669
63 10 669
10 15 335
15 10 335
10 64 448
64 10 448
10 20 795
20 10 795
10 37 467
37 10 467
10 33 81
33 10 81
10 39 488
39 10 488
10 16 100
16 10 100
10 84 990
84 10 990
10 75 106
75 10 106
10 88 339
88 10 339
10 37 747
37 10 747
11 14 444
14 11 444
11 38 927
38 11 927
11 45 279
45 11 279
11 57 672
57 11 672
11 82 734
82 11 734
11 68 757
68 11 757
11 80 790
80 11 790
11 70 949
70 11 949
11 54 94
54 11 94
11 58 178
58 11 178
11 18 329
18 11 329
11 73 387
73 11 387
11 14 841
14 11 841
11 21 836
21 11 836
11 38 433
38 11 433
11 82 560
82 11 560
11 73 527
73 11 527
11 64 569
64 11 569
11 77 995
77 11 995
11 69 429
69 11 429
11 76 632
76 11 632
12 21 587
21 12 587
12 30 572
30 12 572
12 83 424
83 12 424
12 87 791
87 12 791
12 84 827
84 12 827
12 81 654
81 12 654
12 26 186
26 12 186
12 52 972
52 12 972
12 32 952
32 12 952
12 79 408
79 12 408
12 41 557
41 12 557
12 65 346
65 12 346
13 48 990
48 13 990
13 63 816
63 13 816
13 63 887
63 13 887
13 85 341
85 13 341
13 65 410
65 13 410
13 87 901
87 13 901
13 23 870
23 13 870
13 33 307
33 13 307
13 58 904
58 13 904
13 53 986
53 13 986
13 66 925
66 13 925
13 82 525
82 13 525
13 49 570
49 13 570
13 22 46
22 13 46
13 14 56
14 13 56
13 43 60
43 13 60
14 18 784
18 14 784
14 86 459
86 14 459
14 64 967
64 14 967
14 15 409
15 14 409
14 72 840
72 14 840
14 79 180
79 14 180
14 57 510
57 14 510
14 27 263
27 14 263
14 45 638
45 14 638
14 67 524
67 14 524
14 39 155
39 14 155
14 47 421
47 14 421
14 14 182
14 14 182
14 22 358
22 14 358
15 36 483
36 15 483
15 26 893
26 15 893
15 60 929
60 15 929
15 34 166
34 15 166
15 27 331
27 15 331
15 62 670
62 15 670
15 37 517
37 15 517
15 76 877
76 15 877
15 57 829
57 15 829
15 76 914
76 15 914
15 45 485
45 15 485
15 16 698
16 15 698
15 76 276
76 15 276
15 27 358
27 15 358
15 17 620
17 15 620
15 28 158
28 15 158
15 55 229
55 15 229
16 39 311
39 16 311
16 40 104
40 16 104
16 44 618
44 16 618
16 72 995
72 16 995
16 39 210
39 16 210
16 48 183
48 16 183
16 68 929
68 16 929
16 37 580
37 16 580
16 21 438
21 16 438
16 86 326
86 16 326
16 83 446
83 16 446
16 54 986
54 16 986
16 45 846
45 16 846
16 89 157
89 16 157
16 34 402
34 16 402
16 36 262
36 16 262
16 18 300
18 16 300
16 64 904
64 16 904
16 86 269
86 16 269
17 54 593
54 17 593
17 66 647
66 17 647
17 37 165
37 17 165
17 29 814
29 17 814
17 48 528
48 17 528
17 80 592
80 17 592
17 27 876
27 17 876
17 40 719
40 17 719
17 74 601
74 17 601
17 41 426
41 17 426
17 43 635
43 17 635
17 54 535
54 17 535
17 57 67
57 17 67
17 42 8
42 17 8
17 81 23
81 17 23
17 34 466
34 17 466
17 29 360
29 17 360
17 36 14
36 17 14
18 24 505
24 18 505
18 26 600
26 18 600
18 37 7
37 18 7
18 47 532
47 18 532
18 32 733
32 18 733
18 78 180
78 18 180
18 79 640
79 18 640
18 39 852
39 18 852
18 35 32
35 18 32
18 22 321
22 18 321
18 77 390
77 18 390
18 43 222
43 18 222
18 33 688
33 18 688
18 69 436
69 18 436
18 43 5
43 18 5
18 72 36
72 18 36
18 57 719
57 18 719
18 64 920
64 18 920
18 70 825
70 18 825
18 64 440
64 18 440
19 29 123
29 19 123
19 78 527
78 19 527
19 71 947
71 19 947
19 73 530
73 19 530
19 77 609
77 19 609
19 26 493
26 19 493
19 70 295
70 19 295
19 56 848
56 19 848
19 85 575
85 19 575
19 53 778
53 19 778
19 53 655
53 19 655
19 83 133
83 19 133
19 41 304
41 19 304
19 51 987
51 19 987
19 46 687
46 19 687
19 77 495
77 19 495
19 57 992
57 19 992
19 72 442
72 19 442
20 75 595
75 20 595
20 32 478
32 20 478
20 33 170
33 20 170
20 73 919
73 20 919
20 65 93
65 20 93
20 83 50
83 20 50
20 66 107
66 20 107
20 64 826
64 20 826
20 84 724
84 20 724
21 27 645
27 21 645
21 23 952
23 21 952
21 37 920
37 21 920
21 64 599
64 21 599
21 59 851
59 21 851
21 85 154
85 21 154
21 24 514
24 21 514
21 32 401
32 21 401
21 87 607
87 21 607
21 71 510
71 21 510
21 43 611
43 21 611
21 23 724
23 21 724
21 76 8
76 21 8
21 23 869
23 21 869
22 67 830
67 22 830
22 36 17
36 22 17
22 42 164
42 22 164
22 80 883
80 22 883
22 29 904
29 22 904
22 61 644
61 22 644
22 61 447
61 22 447
22 77 823
77 22 823
22 89 344
89 22 344
22 67 110
67 22 110
22 85 781
85 22 781
22 29 663
29 22 663
23 28 659
28 23 659
23 69 577
69 23 577
23 46 270
46 23 270
23 45 846
45 23 846
23 62 758
62 23 758
23 48 493
48 23 493
23 36 353
36 23 353
23 70 924
70 23 924
23 32 196
32 23 196
24 83 900
83 24 900
24 39 425
39 24 425
24 75 280
75 24 280
24 41 463
41 24 463
24 88 76
88 24 76
24 37 609
37 24 609
24 75 832
75 24 832
24 83 789
83 24 789
24 57 540
57 24 540
24 27 53
27 24 53
24 52 781
52 24 781
24 54 627
54 24 627
24 33 133
33 24 133
24 71 56
71 24 56
24 62 434
62 24 434
24 72 976
72 24 976
24 28 215
28 24 215
25 43 383
43 25 383
25 34 620
34 25 620
25 82 934
82 25 934
25 83 108
83 25 108
25 72 44
72 25 44
25 85 237
85 25 237
25 52 257
52 25 257
25 60 177
60 25 177
25 47 687
47 25 687
25 30 412
30 25 412
25 58 93
58 25 93
25 78 682
78 25 682
25 75 331
75 25 331
25 62 316
62 25 316
25 81 587
81 25 587
25 51 374
51 25 374
26 79 859
79 26 859
26 56 847
56 26 847
26 77 266
77 26 266
26 74 342
74 26 342
26 52 948
52 26 948
26 61 715
61 26 715
26 68 752
68 26 752
26 82 187
82 26 187
26 51 522
51 26 522
26 61 650
61 26 650
26 72 821
72 26 821
26 50 756
50 26 756
26 43 962
43 26 962
26 60 938
60 26 938
26 85 867
85 26 867
27 51 862
51 27 862
27 70 914
70 27 914
27 47 309
47 27 309
27 33 592
33 27 592
27 41 557
41 27 557
27 88 977
88 27 977
27 86 292
86 27 292
28 52 670
52 28 670
28 63 507
63 28 507
28 33 2
33 28 2
28 42 296
42 28 296
28 32 982
32 28 982
28 44 594
44 28 594
28 33 334
33 28 334
28 52 572
52 28 572
28 84 920
84 28 920
29 44 603
44 29 603
29 48 154
48 29 154
29 37 68
37 29 68
29 51 618
51 29 618
29 63 613
63 29 613
29 71 173
71 29 173
29 37 249
37 29 249
29 39 237
39 29 237
29 79 593
79 29 593
29 55 40
55 29 40
30 75 314
75 30 314
30 81 985
81 30 985
30 52 260
52 30 260
30 47 613
47 30 613
30 75 475
75 30 475
30 35 503
35 30 503
30 89 164
89 30 164
30 62 961
62 30 961
30 47 53
47 30 53
30 74 748
74 30 748
30 41 927
41 30 927
31 76 518
76 31 518
31 33 247
33 31 247
31 37 481
37 31 481
31 77 738
77 31 738
31 70 575
70 31 575
31 86 765
86 31 765
31 83 935
83 31 935
31 45 419
45 31 419
31 64 389
64 31 389
31 74 277
74 31 277
31 54 697
54 31 697
31 57 918
57 31 918
31 82 430
82 31 430
31 70 224
70 31 224
31 73 898
73 31 898
32 53 181
53 32 181
32 84 649
84 32 649
32 45 91
45 32 91
32 58 961
58 32 961
32 88 816
88 32 816
32 33 924
33 32 924
32 72 821
72 32 821
32 80 515
80 32 515
32 41 379
41 32 379
32 33 581
33 32 581
32 48 60
48 32 60
32 40 838
40 32 838
32 70 727
70 32 727
32 89 32
89 32 32
32 81 508
81 32 508
33 38 54
38 33 54
33 67 141
67 33 141
33 77 143
77 33 143
33 85 222
85 33 222
33 35 1000
35 33 1000
33 56 282
56 33 282
33 39 719
39 33 719
33 54 555
54 33 555
34 50 863
50 34 863
34 85 172
85 34 172
34 34 597
34 34 597
34 68 564
68 34 564
34 35 714
35 34 714
34 76 632
76 34 632
34 35 191
35 34 191
34 64 573
64 34 573
34 54 731
54 34 731
35 42 638
42 35 638
35 64 367
64 35 367
35 69 884
69 35 884
35 88 145
88 35 145
35 89 709
89 35 709
36 59 333
59 36 333
36 37 715
37 36 715
36 72 75
72 36 75
36 54 195
54 36 195
36 55 609
55 36 609
36 52 372
52 36 372
36 42 380
42 36 380
36 44 83
44 36 83
36 63 535
63 36 535
36 51 756
51 36 756
36 49 914
49 36 914
36 40 242
40 36 242
36 46 915
46 36 915
36 83 256
83 36 256
36 67 351
67 36 351
36 65 400
65 36 400
36 81 411
81 36 411
36 52 376
52 36 376
37 68 938
68 37 938
37 44 986
44 37 986
37 57 515
57 37 515
37 66 663
66 37 663
37 43 589
43 37 589
37 89 977
89 37 977
37 85 169
85 37 169
37 71 713
71 37 713
37 61 826
61 37 826
37 72 953
72 37 953
37 42 728
42 37 728
37 38 830
38 37 830
38 89 884
89 38 884
38 44 771
44 38 771
38 82 794
82 38 794
38 43 774
43 38 774
38 70 153
70 38 153
38 70 691
70 38 691
39 61 1000
61 39 1000
39 65 149
65 39 149
39 70 518
70 39 518
39 41 178
41 39 178
39 51 903
51 39 903
39 40 484
40 39 484
39 45 230
45 39 230
39 74 180
74 39 180
40 41 463
41 40 463
40 51 818
51 40 818
40 70 657
70 40 657
40 47 759
47 40 759
40 62 849
62 40 849
40 63 113
63 40 113
40 73 526
73 40 526
40 43 866
43 40 866
40 86 87
86 40 87
40 77 646
77 40 646
40 56 833
56 40 833
40 68 888
68 40 888
41 82 536
82 41 536
41 43 250
43 41 250
41 62 903
62 41 903
41 82 968
82 41 968
41 84 54
84 41 54
41 62 33
62 41 33
41 88 854
88 41 854
41 50 303
50 41 303
41 70 701
70 41 701
41 45 923
45 41 923
42 46 60
46 42 60
42 72 889
72 42 889
42 75 288
75 42 288
42 48 620
48 42 620
42 84 554
84 42 554
42 81 260
81 42 260
43 56 820
56 43 820
43 82 379
82 43 379
43 45 524
45 43 524
43 89 534
89 43 534
43 49 477
49 43 477
43 76 541
76 43 541
43 49 743
49 43 743
43 71 885
71 43 885
43 49 744
49 43 744
44 60 949
60 44 949
44 74 240
74 44 240
44 76 341
76 44 341
44 82 573
82 44 573
44 80 114
80 44 114
44 88 974
88 44 974
44 88 760
88 44 760
44 58 106
58 44 106
44 79 450
79 44 450
44 78 595
78 44 595
45 58 300
58 45 300
45 76 716
76 45 716
45 55 599
55 45 599
45 58 743
58 45 743
45 68 76
68 45 76
46 53 851
53 46 851
46 69 802
69 46 802
46 67 282
67 46 282
46 74 403
74 46 403
46 56 858
56 46 858
46 83 194
83 46 194
46 69 157
69 46 157
47 62 684
62 47 684
47 62 957
62 47 957
47 89 967
89 47 967
47 67 381
67 47 381
47 87 151
87 47 151
47 89 258
89 47 258
47 73 4
73 47 4
47 52 995
52 47 995
47 72 126
72 47 126
47 49 922
49 47 922
47 79 820
79 47 820
47 76 263
76 47 263
48 55 221
55 48 221
48 78 727
78 48 727
48 72 317
72 48 317
48 65 632
65 48 632
48 49 425
49 48 425
48 89 163
89 48 163
48 51 297
51 48 297
48 57 103
57 48 103
48 70 280
70 48 280
48 63 507
63 48 507
49 73 291
73 49 291
49 61 676
61 49 676
49 88 977
88 49 977
49 56 631
56 49 631
49 81 566
81 49 566
49 85 281
85 49 281
49 54 121
54 49 121
49 70 626
70 49 626
50 60 229
60 50 229
50 73 993
73 50 993
50 75 369
75 50 369
50 65 767
65 50 767
51 61 40
61 51 40
51 87 531
87 51 531
51 75 727
75 51 727
51 89 598
89 51 598
51 81 322
81 51 322
51 57 649
57 51 649
51 53 306
53 51 306
51 86 954
86 51 954
51 85 111
85 51 111
51 76 677
76 51 677
52 89 282
89 52 282
52 68 947
68 52 947
52 87 594
87 52 594
52 71 221
71 52 221
52 57 619
57 52 619
52 71 210
71 52 210
52 75 141
75 52 141
52 75 698
75 52 698
52 78 770
78 52 770
52 54 918
54 52 918
53 62 260
62 53 260
53 73 451
73 53 451
53 67 55
67 53 55
53 65 593
65 53 593
53 58 705
58 53 705
53 53 673
53 53 673
54 65 902
65 54 902
54 62 79
62 54 79
54 68 801
68 54 801
54 70 355
70 54 355
54 68 47
68 54 47
54 61 807
61 54 807
54 89 822
89 54 822
54 72 334
72 54 334
54 74 596
74 54 596
54 55 450
55 54 450
55 84 12
84 55 12
55 61 139
61 55 139
55 80 379
80 55 379
55 70 25
70 55 25
55 58 527
58 55 527
55 66 838
66 55 838
55 89 172
89 55 172
55 57 35
57 55 35
55 88 43
88 55 43
55 80 289
80 55 289
55 84 922
84 55 922
55 62 286
62 55 286
55 80 299
80 55 299
55 75 310
75 55 310
55 70 386
70 55 386
56 77 23
77 56 23
56 86 974
86 56 974
56 75 198
75 56 198
56 89 712
89 56 712
56 86 977
86 56 977
57 85 38
85 57 38
57 81 841
81 57 841
57 89 45
89 57 45
57 87 216
87 57 216
58 64 208
64 58 208
58 64 642
64 58 642
58 69 877
69 58 877
58 71 327
71 58 327
59 76 791
76 59 791
59 64 367
64 59 367
59 68 419
68 59 419
59 71 226
71 59 226
59 71 624
71 59 624
60 81 335
81 60 335
60 67 467
67 60 467
61 73 356
73 61 356
61 68 815
68 61 815
61 77 473
77 61 473
61 89 136
89 61 136
61 68 452
68 61 452
61 71 369
71 61 369
62 85 90
85 62 90
62 66 726
66 62 726
62 71 835
71 62 835
62 82 70
82 62 70
63 87 977
87 63 977
63 74 306
74 63 306
63 82 37
82 63 37
63 67 923
67 63 923
63 67 486
67 63 486
63 67 459
67 63 459
63 88 940
88 63 940
63 86 387
86 63 387
63 76 598
76 63 598
63 64 657
64 63 657
63 88 283
88 63 283
64 76 634
76 64 634
64 85 76
85 64 76
64 81 424
81 64 424
64 78 302
78 64 302
64 84 172
84 64 172
64 73 377
73 64 377
64 78 397
78 64 397
65 71 643
71 65 643
65 88 598
88 65 598
66 81 782
81 66 782
66 75 269
75 66 269
67 79 541
79 67 541
67 83 595
83 67 595
67 71 920
71 67 920
68 80 7
80 68 7
68 82 471
82 68 471
68 76 950
76 68 950
68 68 398
68 68 398
69 86 498
86 69 498
69 84 852
84 69 852
69 73 721
73 69 721
69 80 389
80 69 389
69 83 636
83 69 636
69 77 853
77 69 853
69 83 757
83 69 757
70 72 659
72 70 659
70 89 634
89 70 634
71 87 92
87 71 92
71 74 317
74 71 317
71 80 940
80 71 940
71 76 856
76 71 856
72 86 459
86 72 459
72 79 333
79 72 333
73 75 597
75 73 597
73 88 774
88 73 774
73 89 681
89 73 681
73 80 118
80 73 118
74 76 245
76 74 245
74 80 69
80 74 69
74 74 869
74 74 869
75 81 419
81 75 419
75 89 448
89 75 448
75 83 749
83 75 749
75 77 269
77 75 269
76 82 954
82 76 954
77 79 235
79 77 235
78 83 183
83 78 183
79 79 397
79 79 397
80 82 279
82 80 279
81 89 85
89 81 85
81 88 293
88 81 293
81 85 964
85 81 964
81 86 601
86 81 601
82 88 136
88 82 136
82 83 307
83 82 307
83 88 718
88 83 718
84 88 798
88 84 798
85 87 862
87 85 862
86 87 328
87 86 328
