100

0 1 176
1 0 176
0 2 972
2 0 972
0 31 810
31 0 810
0 41 433
41 0 433
0 53 351
53 0 351
0 81 943
81 0 943
0 75 835
75 0 835
0 16 553
16 0 553
0 29 607
29 0 607
0 63 988
63 0 988
0 1 939
1 0 939
0 82 700
82 0 700
0 42 989
42 0 989
0 62 377
62 0 377
0 29 953
29 0 953
1 6 349
6 1 349
1 9 283
9 1 283
1 11 330
11 1 330
1 28 193
28 1 193
1 40 873
40 1 873
1 34 147
34 1 147
1 37 707
37 1 707
1 23 173
23 1 173
1 63 642
63 1 642
1 93 623
93 1 623
1 49 41
49 1 41
1 69 594
69 1 594
1 15 80
15 1 80
1 79 230
79 1 230
1 82 156
82 1 156
1 15 740
15 1 740
1 87 568
87 1 568
1 96 275
96 1 275
2 3 9
3 2 9
2 13 851
13 2 851
2 18 336
18 2 336
2 89 973
89 2 973
2 83 676
83 2 676
2 22 477
22 2 477
2 57 951
57 2 951
2 23 109
23 2 109
2 48 417
48 2 417
2 81 702
81 2 702
2 16 75
16 2 75
2 3 94
3 2 94
2 26 100
26 2 100
2 68 307
68 2 307
2 96 137
96 2 137
2 72 400
72 2 400
2 81 897
81 2 897
2 37 162
37 2 162
2 54 104
54 2 104
3 4 227
4 3 227
3 7 573
7 3 573
3 31 229
31 3 229
3 41 500
41 3 500
3 49 284
49 3 284
3 23 611
23 3 611
3 6 423
6 3 423
3 31 127
31 3 127
3 57 835
57 3 835
3 20 502
20 3 502
3 95 65
95 3 65
3 68 654
68 3 654
3 31 428
31 3 428
3 84 874
84 3 874
3 43 549
43 3 549
4 5 532
5 4 532
4 14 77
14 4 77
4 17 355
17 4 355
4 55 676
55 4 676
4 97 663
97 4 663
4 40 466
40 4 466
4 54 99
54 4 99
4 66 994
66 4 994
4 99 562
99 4 562
4 19 816
19 4 816
4 99 215
99 4 215
4 39 363
39 4 363
4 5 563
5 4 563
4 48 586
48 4 586
4 72 515
72 4 515
4 99 990
99 4 990
5 10 880
10 5 880
5 16 251
16 5 251
5 38 703
38 5 703
5 29 633
29 5 633
5 54 48
54 5 48
5 73 270
73 5 270
5 93 29
93 5 29
5 32 752
32 5 752
5 18 542
18 5 542
5 24 883
24 5 883
5 67 123
67 5 123
5 84 414
84 5 414
5 90 404
90 5 404
6 38 349
38 6 349
6 46 207
46 6 207
6 26 300
26 6 300
6 25 634
25 6 634
6 43 416
43 6 416
6 59 169
59 6 169
6 76 786
76 6 786
6 90 800
90 6 800
6 82 450
82 6 450
6 99 118
99 6 118
6 8 141
8 6 141
6 59 270
59 6 270
6 47 811
47 6 811
7 8 378
8 7 378
7 44 102
44 7 102
7 63 804
63 7 804
7 18 54
18 7 54
7 49 664
49 7 664
7 65 302
65 7 302
7 52 240
52 7 240
7 49 154
49 7 154
7 52 497
52 7 497
7 85 182
85 7 182
7 34 886
34 7 886
7 42 903
42 7 903
7 45 225
45 7 225
7 87 648
87 7 648
7 83 255
83 7 255
7 57 43
57 7 43
8 24 862
24 8 862
8 86 325
86 8 325
8 97 627
97 8 627
8 55 234
55 8 234
8 31 381
31 8 381
8 86 455
86 8 455
8 62 349
62 8 349
8 23 673
23 8 673
8 56 988
56 8 988
8 22 812
22 8 812
8 78 129
78 8 129
8 82 529
82 8 529
8 71 534
71 8 534
8 22 552
22 8 552
9 39 154
39 9 154
9 47 793
47 9 793
9 25 875
25 9 875
9 87 401
87 9 401
9 75 369
75 9 369
9 13 696
13 9 696
9 19 528
19 9 528
9 49 952
49 9 952
9 36 433
36 9 433
10 12 533
12 10 533
10 36 627
36 10 627
10 57 220
57 10 220
10 73 774
73 10 774
10 50 945
50 10 945
10 90 681
90 10 681
10 38 77
38 10 77
10 26 300
26 10 300
10 65 428
65 10 428
10 55 824
55 10 824
10 26 900
26 10 900
10 83 579
83 10 579
10 24 13
24 10 13
10 86 108
86 10 108
10 49 300
49 10 300
10 24 188
24 10 188
11 27 449
27 11 449
11 51 876
51 11 876
11 17 709
17 11 709
11 62 63
62 11 63
11 39 765
39 11 765
11 99 846
99 11 846
11 81 331
81 11 331
11 34 154
34 11 154
12 15 961
15 12 961
12 42 244
42 12 244
12 91 844
91 12 844
12 37 447
37 12 447
12 21 821
21 12 821
12 71 573
71 12 573
12 51 410
51 12 410
12 42 590
42 12 590
12 89 276
89 12 276
12 50 209
50 12 209
12 31 889
31 12 889
12 23 880
23 12 880
12 67 890
67 12 890
12 26 664
26 12 664
12 54 969
54 12 969
13 19 792
19 13 792
13 20 4
20 13 4
13 72 876
72 13 876
13 74 603
74 13 603
13 68 573
68 13 573
13 78 185
78 13 185
13 52 664
52 13 664
13 48 119
48 13 119
13 28 446
28 13 446
13 72 261
72 13 261
14 25 951
25 14 951
14 65 855
65 14 855
14 99 676
99 14 676
14 91 4
91 14 4
14 74 279
74 14 279
14 83 54
83 14 54
14 16 251
16 14 251
14 24 39
24 14 39
14 83 881
83 14 881
14 29 777
29 14 777
14 23 347
23 14 347
14 56 451
56 14 451
15 48 245
48 15 245
15 39 961
39 15 961
15 68 939
68 15 939
15 56 766
56 15 766
15 61 901
61 15 901
15 36 811
36 15 811
15 70 54
70 15 54
15 56 49
56 15 49
15 84 232
84 15 232
15 53 664
53 15 664
15 68 477
68 15 477
15 99 741
99 15 741
15 76 302
76 15 302
15 67 523
67 15 523
16 26 691
26 16 691
16 52 714
52 16 714
16 64 195
64 16 195
16 84 675
84 16 675
16 30 409
30 16 409
16 36 415
36 16 415
16 58 471
58 16 471
16 79 883
79 16 883
16 31 544
31 16 544
16 61 237
61 16 237
16 78 793
78 16 793
16 41 166
41 16 166
16 75 851
75 16 851
16 72 582
72 16 582
17 40 754
40 17 754
17 27 579
27 17 579
17 68 189
68 17 189
17 22 942
22 17 942
17 81 845
81 17 845
17 23 302
23 17 302
17 77 227
77 17 227
17 22 274
22 17 274
17 82 682
82 17 682
17 82 368
82 17 368
17 95 220
95 17 220
17 61 745
61 17 745
17 85 961
85 17 961
17 55 816
55 17 816
18 21 449
21 18 449
18 56 166
56 18 166
18 60 359
60 18 359
18 99 406
99 18 406
18 59 516
59 18 516
18 61 987
61 18 987
18 41 821
41 18 821
18 94 361
94 18 361
18 97 610
97 18 610
18 93 237
93 18 237
18 24 299
24 18 299
18 77 391
77 18 391
18 39 691
39 18 691
19 69 626
69 19 626
19 86 114
86 19 114
19 62 77
62 19 77
19 50 945
50 19 945
19 66 149
66 19 149
19 57 497
57 19 497
19 41 354
41 19 354
19 23 183
23 19 183
19 22 975
22 19 975
19 69 415
69 19 415
19 98 79
98 19 79
20 22 309
22 20 309
20 37 805
37 20 805
20 43 521
43 20 521
20 22 993
22 20 993
20 64 500
64 20 500
20 65 703
65 20 703
20 64 259
64 20 259
20 70 906
70 20 906
20 65 642
65 20 642
20 37 219
37 20 219
20 63 243
63 20 243
20 77 583
77 20 583
20 72 951
72 20 951
20 58 964
58 20 964
20 56 215
56 20 215
20 47 416
47 20 416
20 68 112
68 20 112
21 23 51
23 21 51
21 49 917
49 21 917
21 77 21
77 21 21
21 33 178
33 21 178
21 34 458
34 21 458
21 28 991
28 21 991
21 55 537
55 21 537
21 68 529
68 21 529
21 41 999
41 21 999
21 70 561
70 21 561
21 88 672
88 21 672
21 94 779
94 21 779
21 33 575
33 21 575
22 84 809
84 22 809
22 94 471
94 22 471
22 29 449
29 22 449
22 79 89
79 22 89
22 54 698
54 22 698
22 33 801
33 22 801
22 65 460
65 22 460
22 75 263
75 22 263
22 34 933
34 22 933
22 74 399
74 22 399
22 86 486
86 22 486
22 32 699
32 22 699
23 45 798
45 23 798
23 42 665
42 23 665
23 52 529
52 23 529
23 42 837
42 23 837
23 88 621
88 23 621
23 62 602
62 23 602
23 90 88
90 23 88
23 36 17
36 23 17
24 29 326
29 24 326
24 38 780
38 24 780
24 85 577
85 24 577
24 67 977
67 24 977
24 49 674
49 24 674
24 34 495
34 24 495
24 52 426
52 24 426
24 72 877
72 24 877
24 48 710
48 24 710
24 98 944
98 24 944
24 99 59
99 24 59
25 30 317
30 25 317
25 58 336
58 25 336
25 95 594
95 25 594
25 30 157
30 25 157
25 56 832
56 25 832
25 58 445
58 25 445
25 63 352
63 25 352
25 64 760
64 25 760
25 92 379
92 25 379
25 93 469
93 25 469
25 96 304
96 25 304
25 78 114
78 25 114
26 86 21
86 26 21
26 88 925
88 26 925
26 87 847
87 26 847
26 57 921
57 26 921
26 60 86
60 26 86
26 55 809
55 26 809
26 80 478
80 26 478
26 35 953
35 26 953
26 68 783
68 26 783
26 66 496
66 26 496
26 70 46
70 26 46
26 55 152
55 26 152
26 47 379
47 26 379
27 33 394
33 27 394
27 85 534
85 27 534
27 94 70
94 27 70
27 83 113
83 27 113
27 63 422
63 27 422
27 27 309
27 27 309
27 46 589
46 27 589
27 98 212
98 27 212
27 88 627
88 27 627
28 58 808
58 28 808
28 39 815
39 28 815
28 99 324
99 28 324
28 55 964
55 28 964
28 76 475
76 28 475
28 36 87
36 28 87
28 67 296
67 28 296
28 57 520
57 28 520
28 32 663
32 28 663
28 30 574
30 28 574
28 51 299
51 28 299
28 75 896
75 28 896
28 28 962
28 28 962
28 34 928
34 28 928
29 62 714
62 29 714
29 71 484
71 29 484
29 37 250
37 29 250
29 67 452
67 29 452
29 59 112
59 29 112
29 67 241
67 29 241
29 55 72
55 29 72
29 31 857
31 29 857
29 93 560
93 29 560
29 87 1000
87 29 1000
29 49 344
49 29 344
30 32 125
32 30 125
30 42 178
42 30 178
30 55 566
55 30 566
30 72 13
72 30 13
30 73 71
73 30 71
30 54 121
54 30 121
30 97 25
97 30 25
30 61 276
61 30 276
30 51 23
51 30 23
31 34 239
34 31 239
31 35 277
35 31 277
31 70 917
70 31 917
31 80 842
80 31 842
31 82 946
82 31 946
31 40 474
40 31 474
31 70 745
70 31 745
31 46 844
46 31 844
31 59 401
59 31 401
31 56 560
56 31 560
31 99 646
99 31 646
31 98 359
98 31 359
31 61 226
61 31 226
31 73 649
73 31 649
31 65 593
65 31 593
32 94 414
94 32 414
32 41 37
41 32 37
32 45 576
45 32 576
32 47 985
47 32 985
32 59 770
59 32 770
32 39 854
39 32 854
32 47 531
47 32 531
32 47 571
47 32 571
32 93 694
93 32 694
32 92 831
92 32 831
32 60 159
60 32 159
32 83 828
83 32 828
33 44 723
44 33 723
33 40 40
40 33 40
33 74 621
74 33 621
33 73 437
73 33 437
34 77 430
77 34 430
34 99 151
99 34 151
34 63 454
63 34 454
34 83 913
83 34 913
34 57 412
57 34 412
34 41 816
41 34 816
34 46 596
46 34 596
34 59 718
59 34 718
34 62 822
62 34 822
34 80 343
80 34 343
34 52 748
52 34 748
34 57 141
57 34 141
34 74 176
74 34 176
35 54 721
54 35 721
35 59 655
59 35 655
35 38 147
38 35 147
35 53 650
53 35 650
35 66 169
66 35 169
35 74 978
74 35 978
35 65 81
65 35 81
35 58 891
58 35 891
35 57 952
57 35 952
35 81 418
81 35 418
35 78 10
78 35 10
35 77 237
77 35 237
35 90 385
90 35 385
35 74 154
74 35 154
35 79 870
79 35 870
35 62 653
62 35 653
35 39 204
39 35 204
35 74 498
74 35 498
35 52 741
52 35 741
36 96 729
96 36 729
36 80 915
80 36 915
36 66 704
66 36 704
36 41 671
41 36 671
36 98 777
98 36 777
36 40 38
40 36 38
36 82 320
82 36 320
36 62 623
62 36 623
37 70 548
70 37 548
37 96 814
96 37 814
37 52 188
52 37 188
37 45 379
45 37 379
37 49 998
49 37 998
37 62 484
62 37 484
37 82 159
82 37 159
37 57 783
57 37 783
37 70 525
70 37 525
37 42 929
42 37 929
38 52 650
52 38 650
38 74 404
74 38 404
38 41 956
41 38 956
38 84 601
84 38 601
38 76 869
76 38 869
38 86 458
86 38 458
38 66 391
66 38 391
38 82 177
82 38 177
38 55 702
55 38 702
39 67 643
67 39 643
39 75 483
75 39 483
39 87 258
87 39 258
39 63 756
63 39 756
39 80 225
80 39 225
39 95 171
95 39 171
39 75 962
75 39 962
39 47 908
47 39 908
40 91 251
91 40 251
40 65 198
65 40 198
40 70 555
70 40 555
40 53 762
53 40 762
40 68 743
68 40 743
40 64 774
64 40 774
41 74 179
74 41 179
41 50 763
50 41 763
41 98 81
98 41 81
41 43 321
43 41 321
41 54 18
54 41 18
42 91 846
91 42 846
42 63 286
63 42 286
42 64 830
64 42 830
42 85 791
85 42 791
42 65 446
65 42 446
42 65 743
65 42 743
42 56 720
56 42 720
42 43 85
43 42 85
43 66 431
66 43 431
43 52 354
52 43 354
43 62 47
62 43 47
43 68 436
68 43 436
43 51 976
51 43 976
43 95 79
95 43 79
43 60 901
60 43 901
43 50 997
50 43 997
44 53 678
53 44 678
44 53 411
53 44 411
44 77 904
77 44 904
44 47 510
47 44 510
44 90 346
90 44 346
44 97 341
97 44 341
44 76 68
76 44 68
45 96 3
96 45 3
45 87 749
87 45 749
45 53 673
53 45 673
45 46 551
46 45 551
45 71 32
71 45 32
45 51 812
51 45 812
45 99 525
99 45 525
45 47 27
47 45 27
45 52 139
52 45 139
45 66 274
66 45 274
45 87 135
87 45 135
46 50 923
50 46 923
46 75 240
75 46 240
46 61 89
61 46 89
46 87 567
87 46 567
46 76 320
76 46 320
46 47 834
47 46 834
46 57 646
57 46 646
46 72 205
72 46 205
46 61 414
61 46 414
47 60 508
60 47 508
47 64 572
64 47 572
47 93 900
93 47 900
47 62 176
62 47 176
47 50 317
50 47 317
47 53 801
53 47 801
47 49 345
49 47 345
47 83 722
83 47 722
47 64 967
64 47 967
47 58 398
58 47 398
47 50 540
50 47 540
48 67 49
67 48 49
48 79 836
79 48 836
48 70 154
70 48 154
48 93 167
93 48 167
49 86 532
86 49 532
49 82 583
82 49 583
49 76 236
76 49 236
50 66 383
66 50 383
50 98 911
98 50 911
50 97 731
97 50 731
50 55 149
55 50 149
50 51 81
51 50 81
50 71 192
71 50 192
50 98 826
98 50 826
50 88 302
88 50 302
51 61 345
61 51 345
51 98 391
98 51 391
51 60 909
60 51 909
51 83 971
83 51 971
51 68 749
68 51 749
51 74 757
74 51 757
51 59 456
59 51 456
51 87 844
87 51 844
51 95 207
95 51 207
51 94 712
94 51 712
51 80 130
80 51 130
51 97 297
97 51 297
52 92 345
92 52 345
52 65 118
65 52 118
52 77 651
77 52 651
52 97 439
97 52 439
52 70 371
70 52 371
52 82 691
82 52 691
52 66 573
66 52 573
52 76 603
76 52 603
53 62 394
62 53 394
53 73 713
73 53 713
53 91 765
91 53 765
53 57 182
57 53 182
53 70 292
70 53 292
53 63 481
63 53 481
53 75 821
75 53 821
53 92 289
92 53 289
53 66 382
66 53 382
53 80 162
80 53 162
54 63 952
63 54 952
54 94 630
94 54 630
54 90 495
90 54 495
54 98 8
98 54 8
54 78 456
78 54 456
55 58 929
58 55 929
55 78 86
78 55 86
55 90 547
90 55 547
55 74 385
74 55 385
55 58 943
58 55 943
55 81 818
81 55 818
55 66 425
66 55 425
55 76 996
76 55 996
55 96 931
96 55 931
55 74 322
74 55 322
55 62 782
62 55 782
55 97 819
97 55 819
55 94 257
94 55 257
56 95 294
95 56 294
56 88 677
88 56 677
56 61 131
61 56 131
56 91 531
91 56 531
56 80 783
80 56 783
56 95 142
95 56 142
56 91 576
91 56 576
56 69 847
69 56 847
57 75 239
75 57 239
57 99 174
99 57 174
57 83 57
83 57 57
58 87 384
87 58 384
58 59 326
59 58 326
58 75 591
75 58 591
59 83 884
83 59 884
59 83 320
83 59 320
59 92 285
92 59 285
59 74 543
74 59 543
59 90 250
90 59 250
59 65 252
65 59 252
60 92 980
92 60 980
60 71 252
71 60 252
60 88 181
88 60 181
60 69 386
69 60 386
60 79 5
79 60 5
60 72 744
72 60 744
60 80 107
80 60 107
61 93 153
93 61 153
61 80 442
80 61 442
61 80 549
80 61 549
61 96 182
96 61 182
61 99 108
99 61 108
61 93 918
93 61 918
62 75 505
75 62 505
62 68 314
68 62 314
62 64 365
64 62 365
62 93 148
93 62 148
62 94 473
94 62 473
62 73 355
73 62 355
62 70 764
70 62 764
62 81 815
81 62 815
63 68 860
68 63 860
64 95 191
95 64 191
64 93 420
93 64 420
64 95 49
95 64 49
64 99 589
99 64 589
64 99 382
99 64 382
64 73 167
73 64 167
64 93 616
93 64 616
64 81 339
81 64 339
64 79 235
79 64 235
64 91 878
91 64 878
65 91 775
91 65 775
65 99 503
99 65 503
65 80 26
80 65 26
66 80 885
80 66 885
66 84 559
84 66 559
66 94 24
94 66 24
67 97 813
97 67 813
67 71 299
71 67 299
67 70 817
70 67 817
68 91 804
91 68 804
68 87 565
87 68 565
68 91 986
91 68 986
68 97 517
97 68 517
69 91 1
91 69 1
69 92 726
92 69 726
71 77 585
77 71 585
71 83 916
83 71 916
71 77 393
77 71 393
72 76 78
76 72 78
72 88 874
88 72 874
72 81 572
81 72 572
72 79 512
79 72 512
73 82 922
82 73 922
73 82 937
82 73 937
73 99 909
99 73 909
74 87 935
87 74 935
74 94 519
94 74 519
74 97 83
97 74 83
75 81 202
81 75 202
75 96 249
96 75 249
76 88 922
88 76 922
76 81 974
81 76 974
76 79 989
79 76 989
76 81 216
81 76 216
76 81 303
81 76 303
76 80 226
80 76 226
77 79 923
79 77 923
77 82 116
82 77 116
77 83 678
83 77 678
77 92 999
92 77 999
78 96 884
96 78 884
78 95 167
95 78 167
79 93 582
93 79 582
79 81 789
81 79 789
79 90 531
90 79 531
80 98 14
98 80 14
80 94 993
94 80 993
81 88 203
88 81 203
81 98 247
98 81 247
82 93 164
93 82 164
83 96 452
96 83 452
83 87 398
87 83 398
84 85 343
85 84 343
85 85 1
85 85 1
85 90 782
90 85 782
85 89 201
89 85 201
87 87 226
87 87 226
87 89 500
89 87 500
88 91 291
91 88 291
88 89 366
89 88 366
89 92 451
92 89 451
90 91 287
91 90 287
90 98 959
98 90 959
93 98 169
98 93 169
93 99 223
99 93 223
97 99 802
99 97 802
