49

0 1 563
1 0 563
0 4 751
4 0 751
0 5 371
5 0 371
0 6 166
6 0 166
0 35 921
35 0 921
0 15 312
15 0 312
0 21 828
21 0 828
0 28 913
28 0 913
1 2 882
2 1 882
1 8 968
8 1 968
1 17 436
17 1 436
1 29 412
29 1 412
1 39 961
39 1 961
1 18 969
18 1 969
1 48 662
48 1 662
1 25 584
25 1 584
2 3 556
3 2 556
2 40 374
40 2 374
2 13 265
13 2 265
2 25 136
25 2 136
2 13 595
13 2 595
2 19 635
19 2 635
3 7 370
7 3 370
3 14 813
14 3 813
3 25 370
25 3 370
4 9 347
9 4 347
4 39 215
39 4 215
4 8 813
8 4 813
4 45 324
45 4 324
5 13 36
13 5 36
5 44 672
44 5 672
5 41 542
41 5 542
5 15 881
15 5 881
5 29 232
29 5 232
5 34 187
34 5 187
6 42 473
42 6 473
7 16 768
16 7 768
7 27 307
27 7 307
7 43 572
43 7 572
7 39 63
39 7 63
8 10 889
10 8 889
8 25 217
25 8 217
9 24 771
24 9 771
9 44 853
44 9 853
10 11 269
11 10 269
10 12 663
12 10 663
10 40 646
40 10 646
10 30 728
30 10 728
10 39 643
39 10 643
11 18 512
18 11 512
11 17 682
17 11 682
11 48 967
48 11 967
11 35 532
35 11 532
12 14 92
14 12 92
12 28 156
28 12 156
13 20 342
20 13 342
13 33 464
33 13 464
14 15 321
15 14 321
14 27 443
27 14 443
14 27 879
27 14 879
15 21 343
21 15 343
15 22 119
22 15 119
15 38 913
38 15 913
16 24 411
24 16 411
17 19 384
19 17 384
17 48 736
48 17 736
17 29 845
29 17 845
18 32 891
32 18 891
20 26 870
26 20 870
20 34 575
34 20 575
20 28 764
28 20 764
21 23 554
23 21 554
21 28 353
28 21 353
21 32 771
32 21 771
21 37 844
37 21 844
22 30 559
30 22 559
22 35 866
35 22 866
23 37 760
37 23 760
23 48 433
48 23 433
23 45 745
45 23 745
23 23 476
23 23 476
24 41 430
41 24 430
24 28 416
28 24 416
24 39 656
39 24 656
25 33 353
33 25 353
25 41 282
41 25 282
25 45 120
45 25 120
25 28 227
28 25 227
25 47 290
47 25 290
26 42 122
42 26 122
27 46 12
46 27 12
28 42 782
42 28 782
28 32 103
32 28 103
29 31 704
31 29 704
29 44 185
44 29 185
30 36 250
36 30 250
31 46 96
46 31 96
32 35 966
35 32 966
32 33 429
33 32 429
32 32 963
32 32 963
33 45 579
45 33 579
34 36 609
36 34 609
34 45 145
45 34 145
36 45 312
45 36 312
38 43 171
43 38 171
39 43 704
43 39 704
39 46 227
46 39 227
41 42 919
42 41 919
42 47 934
47 42 934
47 48 3
48 47 3
