100

0 1 957
1 0 957
0 4 403
4 0 403
0 14 87
14 0 87
0 19 625
19 0 625
0 36 507
36 0 507
0 37 167
37 0 167
1 2 691
2 1 691
1 3 180
3 1 180
1 5 417
5 1 417
1 7 629
7 1 629
1 15 940
15 1 940
1 34 323
34 1 323
1 9 5
9 1 5
1 44 42
44 1 42
2 12 199
12 2 199
2 81 362
81 2 362
2 65 375
65 2 375
3 43 59
43 3 59
3 14 706
14 3 706
3 90 584
90 3 584
3 78 239
78 3 239
3 19 755
19 3 755
4 6 195
6 4 195
4 13 153
13 4 153
4 33 681
33 4 681
5 9 81
9 5 81
5 16 665
16 5 665
5 18 810
18 5 810
5 59 7
59 5 7
5 94 355
94 5 355
6 10 340
10 6 340
6 57 644
57 6 644
6 32 581
32 6 581
7 8 138
8 7 138
7 76 894
76 7 894
7 31 913
31 7 913
7 9 761
9 7 761
7 86 104
86 7 104
7 79 268
79 7 268
8 11 333
11 8 333
8 48 689
48 8 689
8 74 323
74 8 323
8 86 85
86 8 85
8 44 591
44 8 591
8 64 324
64 8 324
8 25 248
25 8 248
9 29 22
29 9 22
9 35 739
35 9 739
9 49 600
49 9 600
9 66 632
66 9 632
10 28 452
28 10 452
10 90 741
90 10 741
10 85 51
85 10 51
11 24 578
24 11 578
11 25 233
25 11 233
11 31 532
31 11 532
11 46 913
46 11 913
12 42 858
42 12 858
12 65 16
65 12 16
12 71 314
71 12 314
12 49 517
49 12 517
12 58 844
58 12 844
13 17 168
17 13 168
13 41 565
41 13 565
13 53 673
53 13 673
13 38 960
38 13 960
13 32 80
32 13 80
14 14 720
14 14 720
14 24 994
24 14 994
15 20 610
20 15 610
15 22 50
22 15 50
15 74 848
74 15 848
16 60 642
60 16 642
16 67 22
67 16 22
16 79 199
79 16 199
16 17 491
17 16 491
16 22 97
22 16 97
17 21 70
21 17 70
17 25 11
25 17 11
17 87 831
87 17 831
18 32 719
32 18 719
18 50 9
50 18 9
18 77 895
77 18 895
19 47 255
47 19 255
19 90 684
90 19 684
19 41 407
41 19 407
20 37 145
37 20 145
20 47 118
47 20 118
20 31 979
31 20 979
20 41 366
41 20 366
20 85 865
85 20 865
20 56 631
56 20 631
21 26 322
26 21 322
21 31 88
31 21 88
21 40 986
40 21 986
21 61 644
61 21 644
21 66 383
66 21 383
22 23 74
23 22 74
22 39 905
39 22 905
22 33 765
33 22 765
23 27 974
27 23 974
23 93 502
93 23 502
23 63 930
63 23 930
23 74 607
74 23 607
24 55 220
55 24 220
24 28 491
28 24 491
24 31 30
31 24 30
25 30 745
30 25 745
25 34 499
34 25 499
25 44 928
44 25 928
25 58 121
58 25 121
26 86 969
86 26 969
27 78 175
78 27 175
27 80 714
80 27 714
27 58 693
58 27 693
28 96 640
96 28 640
29 38 66
38 29 66
29 35 255
35 29 255
30 33 377
33 30 377
30 46 564
46 30 564
30 50 900
50 30 900
30 41 424
41 30 424
31 86 765
86 31 765
32 64 760
64 32 760
32 89 325
89 32 325
33 45 984
45 33 984
34 51 450
51 34 450
34 52 317
52 34 317
34 46 873
46 34 873
34 90 639
90 34 639
34 67 241
67 34 241
35 54 70
54 35 70
35 45 5
45 35 5
36 45 26
45 36 26
36 91 497
91 36 497
36 51 359
51 36 359
37 73 193
73 37 193
38 83 898
83 38 898
39 72 783
72 39 783
39 82 456
82 39 456
40 42 860
42 40 860
40 80 493
80 40 493
40 64 23
64 40 23
41 92 291
92 41 291
42 94 550
94 42 550
42 99 240
99 42 240
44 56 291
56 44 291
45 75 261
75 45 261
46 54 753
54 46 753
46 89 26
89 46 26
46 81 966
81 46 966
47 92 982
92 47 982
47 84 348
84 47 348
47 59 178
59 47 178
47 91 830
91 47 830
49 88 362
88 49 362
49 81 787
81 49 787
50 56 907
56 50 907
51 62 696
62 51 696
51 82 144
82 51 144
52 66 456
66 52 456
52 59 359
59 52 359
52 91 182
91 52 182
52 69 496
69 52 496
53 81 545
81 53 545
53 76 78
76 53 78
53 86 478
86 53 478
55 77 668
77 55 668
56 87 399
87 56 399
57 68 891
68 57 891
57 84 565
84 57 565
57 87 675
87 57 675
57 61 102
61 57 102
58 97 410
97 58 410
60 63 110
63 60 110
60 83 460
83 60 460
60 85 451
85 60 451
60 72 46
72 60 46
61 87 842
87 61 842
61 86 405
86 61 405
62 98 181
98 62 181
63 69 543
69 63 543
63 91 399
91 63 399
64 70 660
70 64 660
64 68 95
68 64 95
64 77 790
77 64 790
66 86 69
86 66 69
67 89 302
89 67 302
69 86 156
86 69 156
71 73 997
73 71 997
72 85 662
85 72 662
73 98 826
98 73 826
73 99 83
99 73 83
75 97 845
97 75 845
77 95 860
95 77 860
80 83 749
83 80 749
81 93 30
93 81 30
81 88 228
88 81 228
84 93 734
93 84 734
86 89 689
89 86 689
88 89 142
89 88 142
90 90 796
90 90 796
