97

0 1 964
1 0 964
0 3 28
3 0 28
0 8 197
8 0 197
0 39 886
39 0 886
0 17 405
17 0 405
0 51 888
51 0 888
0 48 681
48 0 681
1 2 34
2 1 34
1 4 912
4 1 912
1 9 377
9 1 377
1 19 192
19 1 192
1 38 935
38 1 935
1 30 362
30 1 362
1 86 984
86 1 984
1 87 782
87 1 782
1 63 779
63 1 779
2 7 391
7 2 391
2 11 473
11 2 473
2 31 540
31 2 540
2 82 273
82 2 273
2 28 949
28 2 949
2 37 236
37 2 236
2 26 260
26 2 260
2 66 181
66 2 181
2 49 287
49 2 287
3 6 308
6 3 308
3 15 898
15 3 898
3 22 645
22 3 645
3 71 785
71 3 785
3 90 789
90 3 789
3 29 665
29 3 665
3 63 868
63 3 868
3 61 706
61 3 706
3 19 399
19 3 399
3 91 812
91 3 812
3 91 707
91 3 707
3 6 512
6 3 512
4 5 780
5 4 780
4 29 494
29 4 494
4 51 545
51 4 545
4 77 809
77 4 809
4 5 644
5 4 644
4 51 712
51 4 712
4 27 452
27 4 452
5 12 373
12 5 373
5 17 603
17 5 603
5 37 601
37 5 601
5 58 85
58 5 85
5 83 251
83 5 251
5 53 244
53 5 244
5 76 294
76 5 294
5 23 549
23 5 549
6 26 535
26 6 535
6 78 107
78 6 107
7 32 627
32 7 627
7 42 905
42 7 905
7 93 974
93 7 974
7 17 787
17 7 787
7 58 173
58 7 173
7 81 743
81 7 743
7 84 825
84 7 825
7 29 615
29 7 615
8 18 216
18 8 216
8 50 576
50 8 576
8 82 555
82 8 555
8 81 489
81 8 489
8 54 725
54 8 725
8 54 944
54 8 944
8 16 411
16 8 411
9 10 84
10 9 84
9 27 530
27 9 530
9 84 884
84 9 884
9 75 459
75 9 459
9 15 689
15 9 689
9 43 617
43 9 617
9 47 854
47 9 854
9 44 502
44 9 502
9 21 566
21 9 566
10 13 894
13 10 894
10 23 770
23 10 770
10 36 165
36 10 165
10 53 760
53 10 760
10 45 243
45 10 243
10 68 597
68 10 597
11 25 223
25 11 223
11 30 308
30 11 308
11 41 395
41 11 395
11 78 188
78 11 188
11 65 532
65 11 532
11 29 559
29 11 559
11 56 977
56 11 977
12 14 23
14 12 23
12 16 763
16 12 763
12 54 434
54 12 434
12 12 293
12 12 293
12 18 984
18 12 984
13 20 197
20 13 197
13 27 280
27 13 280
15 53 864
53 15 864
15 64 959
64 15 959
15 66 770
66 15 770
15 95 962
95 15 962
15 47 214
47 15 214
16 43 973
43 16 973
16 69 53
69 16 53
16 72 109
72 16 109
16 51 982
51 16 982
16 36 65
36 16 65
16 72 789
72 16 789
17 65 234
65 17 234
17 31 235
31 17 235
17 40 433
40 17 433
18 34 77
34 18 77
18 85 332
85 18 332
18 82 743
82 18 743
19 24 943
24 19 943
19 76 721
76 19 721
20 21 179
21 20 179
20 46 171
46 20 171
20 60 576
60 20 576
20 74 495
74 20 495
20 86 876
86 20 876
20 77 297
77 20 297
20 72 90
72 20 90
21 28 769
28 21 769
21 54 951
54 21 951
21 69 949
69 21 949
21 86 215
86 21 215
21 32 337
32 21 337
22 48 265
48 22 265
22 61 438
61 22 438
22 70 367
70 22 367
22 75 449
75 22 449
22 27 839
27 22 839
22 47 304
47 22 304
24 59 93
59 24 93
24 51 692
51 24 692
24 60 258
60 24 258
24 67 383
67 24 383
24 69 494
69 24 494
24 43 879
43 24 879
25 47 533
47 25 533
25 89 94
89 25 94
25 30 946
30 25 946
26 71 189
71 26 189
26 46 263
46 26 263
26 57 539
57 26 539
27 49 602
49 27 602
27 59 311
59 27 311
27 55 114
55 27 114
27 30 564
30 27 564
27 38 383
38 27 383
28 62 940
62 28 940
28 87 443
87 28 443
28 53 147
53 28 147
28 31 889
31 28 889
28 88 900
88 28 900
28 64 705
64 28 705
29 33 578
33 29 578
29 38 752
38 29 752
29 63 310
63 29 310
29 67 848
67 29 848
29 33 487
33 29 487
29 75 45
75 29 45
30 45 326
45 30 326
30 55 429
55 30 429
30 66 340
66 30 340
30 32 798
32 30 798
30 74 317
74 30 317
30 67 512
67 30 512
30 78 860
78 30 860
31 80 954
80 31 954
31 50 950
50 31 950
32 35 158
35 32 158
32 43 660
43 32 660
32 93 601
93 32 601
32 53 497
53 32 497
32 67 612
67 32 612
33 62 467
62 33 467
33 60 720
60 33 720
33 59 374
59 33 374
34 83 330
83 34 330
34 94 667
94 34 667
34 74 624
74 34 624
35 67 980
67 35 980
35 88 885
88 35 885
35 68 143
68 35 143
35 70 903
70 35 903
35 89 685
89 35 685
35 59 855
59 35 855
35 48 546
48 35 546
36 40 186
40 36 186
36 94 501
94 36 501
36 62 336
62 36 336
36 94 284
94 36 284
36 49 860
49 36 860
36 86 29
86 36 29
37 52 787
52 37 787
37 74 43
74 37 43
37 38 725
38 37 725
37 82 433
82 37 433
37 92 463
92 37 463
38 88 484
88 38 484
38 44 920
44 38 920
38 68 387
68 38 387
38 81 253
81 38 253
38 77 688
77 38 688
38 95 212
95 38 212
39 54 466
54 39 466
40 81 219
81 40 219
41 44 105
44 41 105
41 51 836
51 41 836
41 67 246
67 41 246
41 87 462
87 41 462
42 66 505
66 42 505
43 88 421
88 43 421
44 57 803
57 44 803
45 72 237
72 45 237
45 78 948
78 45 948
45 56 996
56 45 996
45 81 157
81 45 157
46 71 744
71 46 744
46 79 582
79 46 582
47 57 251
57 47 251
47 83 567
83 47 567
48 69 193
69 48 193
49 59 514
59 49 514
49 77 630
77 49 630
49 57 324
57 49 324
49 82 566
82 49 566
50 95 252
95 50 252
50 96 457
96 50 457
50 95 599
95 50 599
51 56 84
56 51 84
51 81 633
81 51 633
51 90 137
90 51 137
51 93 233
93 51 233
51 87 896
87 51 896
52 68 612
68 52 612
52 95 448
95 52 448
52 68 623
68 52 623
52 87 326
87 52 326
53 76 40
76 53 40
53 74 369
74 53 369
53 65 41
65 53 41
53 66 349
66 53 349
54 83 855
83 54 855
54 92 275
92 54 275
56 93 686
93 56 686
56 79 961
79 56 961
57 71 523
71 57 523
57 58 753
58 57 753
58 80 243
80 58 243
58 91 426
91 58 426
59 86 867
86 59 867
60 76 54
76 60 54
60 89 810
89 60 810
61 63 366
63 61 366
61 95 128
95 61 128
62 96 712
96 62 712
62 93 937
93 62 937
63 70 401
70 63 401
64 95 755
95 64 755
64 93 417
93 64 417
64 80 203
80 64 203
64 93 254
93 64 254
65 73 437
73 65 437
66 82 170
82 66 170
66 86 953
86 66 953
67 76 205
76 67 205
68 73 82
73 68 82
68 79 460
79 68 460
71 72 801
72 71 801
73 89 896
89 73 896
73 83 549
83 73 549
73 75 671
75 73 671
73 74 336
74 73 336
75 86 879
86 75 879
77 87 315
87 77 315
79 82 541
82 79 541
81 83 745
83 81 745
82 84 53
84 82 53
83 85 654
85 83 654
86 90 364
90 86 364
87 91 847
91 87 847
88 91 547
91 88 547
88 90 884
90 88 884
89 95 625
95 89 625
