87

0 1 484
1 0 484
0 2 830
2 0 830
0 3 570
3 0 570
0 9 147
9 0 147
0 65 713
65 0 713
0 39 923
39 0 923
0 74 112
74 0 112
0 46 342
46 0 342
0 17 976
17 0 976
0 17 750
17 0 750
1 14 995
14 1 995
1 29 264
29 1 264
1 83 536
83 1 536
1 20 316
20 1 316
1 8 809
8 1 809
1 61 26
61 1 26
1 77 838
77 1 838
1 76 456
76 1 456
1 65 498
65 1 498
1 8 280
8 1 280
1 41 409
41 1 409
1 44 783
44 1 783
1 8 107
8 1 107
1 59 724
59 1 724
1 58 579
58 1 579
1 27 485
27 1 485
1 34 399
34 1 399
2 4 377
4 2 377
2 7 366
7 2 366
2 20 256
20 2 256
2 34 748
34 2 748
2 74 725
74 2 725
2 51 6
51 2 6
2 53 911
53 2 911
2 50 41
50 2 41
2 84 513
84 2 513
2 23 537
23 2 537
2 55 778
55 2 778
2 14 732
14 2 732
2 3 419
3 2 419
2 9 431
9 2 431
2 72 244
72 2 244
2 26 843
26 2 843
2 23 316
23 2 316
3 5 21
5 3 21
3 6 112
6 3 112
3 27 226
27 3 226
3 75 151
75 3 151
3 20 983
20 3 983
3 14 695
14 3 695
3 33 661
33 3 661
3 53 464
53 3 464
3 43 998
43 3 998
3 76 814
76 3 814
3 35 408
35 3 408
3 50 530
50 3 530
3 9 761
9 3 761
3 30 56
30 3 56
3 73 584
73 3 584
3 39 395
39 3 395
3 52 100
52 3 100
3 74 483
74 3 483
4 21 838
21 4 838
4 36 379
36 4 379
4 17 582
17 4 582
4 44 359
44 4 359
4 50 319
50 4 319
4 8 402
8 4 402
4 54 506
54 4 506
4 12 734
12 4 734
4 19 66
19 4 66
4 67 122
67 4 122
4 51 985
51 4 985
4 54 731
54 4 731
4 64 75
64 4 75
4 52 276
52 4 276
5 8 694
8 5 694
5 26 619
26 5 619
5 28 608
28 5 608
5 37 432
37 5 432
5 20 433
20 5 433
5 77 369
77 5 369
5 13 586
13 5 586
5 81 338
81 5 338
5 25 211
25 5 211
5 26 27
26 5 27
5 8 246
8 5 246
5 85 407
85 5 407
5 56 579
56 5 579
5 72 880
72 5 880
5 66 489
66 5 489
5 73 931
73 5 931
5 46 754
46 5 754
5 65 718
65 5 718
5 61 621
61 5 621
5 21 638
21 5 638
5 69 179
69 5 179
6 19 882
19 6 882
6 77 15
77 6 15
6 48 178
48 6 178
6 19 115
19 6 115
6 78 601
78 6 601
6 33 113
33 6 113
6 85 424
85 6 424
6 27 807
27 6 807
6 84 145
84 6 145
6 62 299
62 6 299
6 31 245
31 6 245
6 65 549
65 6 549
6 19 975
19 6 975
6 26 99
26 6 99
7 10 480
10 7 480
7 13 471
13 7 471
7 68 321
68 7 321
7 54 38
54 7 38
7 70 729
70 7 729
7 65 476
65 7 476
7 15 382
15 7 382
7 15 209
15 7 209
7 22 372
22 7 372
7 53 701
53 7 701
7 39 427
39 7 427
7 23 134
23 7 134
8 11 690
11 8 690
8 16 884
16 8 884
8 59 972
59 8 972
8 43 845
43 8 845
8 30 351
30 8 351
8 80 732
80 8 732
8 77 148
77 8 148
8 81 243
81 8 243
8 14 962
14 8 962
8 41 994
41 8 994
8 48 365
48 8 365
8 14 697
14 8 697
8 59 868
59 8 868
8 52 930
52 8 930
8 10 501
10 8 501
8 22 906
22 8 906
8 47 43
47 8 43
8 60 150
60 8 150
8 15 786
15 8 786
9 30 803
30 9 803
9 13 728
13 9 728
9 68 35
68 9 35
9 84 283
84 9 283
9 67 517
67 9 517
9 68 633
68 9 633
9 49 695
49 9 695
9 66 84
66 9 84
9 42 962
42 9 962
9 78 517
78 9 517
10 28 597
28 10 597
10 13 153
13 10 153
10 40 963
40 10 963
10 13 702
13 10 702
10 17 68
17 10 68
10 19 715
19 10 715
10 74 846
74 10 846
10 43 680
43 10 680
10 10 124
10 10 124
10 36 674
36 10 674
10 78 322
78 10 322
10 35 669
35 10 669
10 32 174
32 10 174
11 12 99
12 11 99
11 18 656
18 11 656
11 24 261
24 11 261
11 18 454
18 11 454
11 73 534
73 11 534
11 55 72
55 11 72
11 73 216
73 11 216
11 79 484
79 11 484
11 65 357
65 11 357
11 36 41
36 11 41
11 47 506
47 11 506
11 21 961
21 11 961
11 63 183
63 11 183
11 70 613
70 11 613
11 72 769
72 11 769
11 69 947
69 11 947
12 15 528
15 12 528
12 33 366
33 12 366
12 57 166
57 12 166
12 48 121
48 12 121
12 50 764
50 12 764
12 26 413
26 12 413
12 48 82
48 12 82
12 29 337
29 12 337
12 13 928
13 12 928
12 77 179
77 12 179
12 86 412
86 12 412
12 54 849
54 12 849
12 67 11
67 12 11
12 42 3
42 12 3
12 22 727
22 12 727
13 17 605
17 13 605
13 39 708
39 13 708
13 26 9
26 13 9
13 79 200
79 13 200
13 80 277
80 13 277
13 23 907
23 13 907
13 73 349
73 13 349
13 20 424
20 13 424
13 50 620
50 13 620
13 43 262
43 13 262
13 36 220
36 13 220
13 44 603
44 13 603
13 30 25
30 13 25
13 40 263
40 13 263
13 53 468
53 13 468
13 67 44
67 13 44
13 65 310
65 13 310
13 62 73
62 13 73
13 51 380
51 13 380
13 47 944
47 13 944
13 18 407
18 13 407
13 59 86
59 13 86
13 32 582
32 13 582
14 29 720
29 14 720
14 49 438
49 14 438
14 78 574
78 14 574
14 68 550
68 14 550
14 62 658
62 14 658
14 57 145
57 14 145
14 74 838
74 14 838
14 62 194
62 14 194
14 28 660
28 14 660
14 57 272
57 14 272
14 73 96
73 14 96
14 39 253
39 14 253
14 20 94
20 14 94
14 61 720
61 14 720
15 81 328
81 15 328
15 42 276
42 15 276
15 70 477
70 15 477
15 20 388
20 15 388
15 35 377
35 15 377
15 57 686
57 15 686
15 28 675
28 15 675
15 66 136
66 15 136
15 25 476
25 15 476
16 72 321
72 16 321
16 77 667
77 16 667
16 51 268
51 16 268
16 43 804
43 16 804
16 84 768
84 16 768
16 50 131
50 16 131
16 61 845
61 16 845
16 78 495
78 16 495
16 52 467
52 16 467
16 54 152
54 16 152
16 84 896
84 16 896
16 18 154
18 16 154
16 67 42
67 16 42
16 61 550
61 16 550
17 22 288
22 17 288
17 82 437
82 17 437
17 74 54
74 17 54
17 57 861
57 17 861
17 40 977
40 17 977
17 71 464
71 17 464
17 21 990
21 17 990
17 54 934
54 17 934
18 38 574
38 18 574
18 67 39
67 18 39
18 77 993
77 18 993
18 80 338
80 18 338
18 22 111
22 18 111
18 69 556
69 18 556
18 39 80
39 18 80
18 22 884
22 18 884
18 79 86
79 18 86
18 72 205
72 18 205
19 25 900
25 19 900
19 35 976
35 19 976
19 29 864
29 19 864
19 57 796
57 19 796
19 59 170
59 19 170
19 31 546
31 19 546
19 38 337
38 19 337
19 63 655
63 19 655
19 56 965
56 19 965
19 68 799
68 19 799
19 56 344
56 19 344
19 61 902
61 19 902
19 65 289
65 19 289
19 28 875
28 19 875
20 60 652
60 20 652
20 44 435
44 20 435
20 30 806
30 20 806
20 68 592
68 20 592
20 85 302
85 20 302
20 58 713
58 20 713
20 80 869
80 20 869
20 85 630
85 20 630
20 47 115
47 20 115
20 28 299
28 20 299
20 23 982
23 20 982
20 83 814
83 20 814
21 23 429
23 21 429
21 50 909
50 21 909
21 84 62
84 21 62
21 25 138
25 21 138
21 23 177
23 21 177
21 33 642
33 21 642
21 29 860
29 21 860
21 71 577
71 21 577
21 59 509
59 21 509
21 54 149
54 21 149
21 37 375
37 21 375
21 45 382
45 21 382
21 56 333
56 21 333
21 62 66
62 21 66
21 44 43
44 21 43
21 61 97
61 21 97
22 79 170
79 22 170
22 23 198
23 22 198
22 74 543
74 22 543
22 73 798
73 22 798
22 33 577
33 22 577
22 85 390
85 22 390
22 38 896
38 22 896
22 61 397
61 22 397
22 48 83
48 22 83
22 28 957
28 22 957
22 69 881
69 22 881
23 82 384
82 23 384
23 62 302
62 23 302
23 71 367
71 23 367
23 82 466
82 23 466
23 32 694
32 23 694
23 80 830
80 23 830
23 32 103
32 23 103
24 36 239
36 24 239
24 82 138
82 24 138
24 69 239
69 24 239
24 63 229
63 24 229
24 61 590
61 24 590
24 68 354
68 24 354
24 29 7
29 24 7
25 25 562
25 25 562
25 62 486
62 25 486
25 75 522
75 25 522
25 54 168
54 25 168
25 26 905
26 25 905
25 71 989
71 25 989
25 73 223
73 25 223
25 75 911
75 25 911
25 30 559
30 25 559
25 78 287
78 25 287
26 72 978
72 26 978
26 75 736
75 26 736
26 37 294
37 26 294
26 72 819
72 26 819
26 33 832
33 26 832
26 79 240
79 26 240
26 29 365
29 26 365
26 49 304
49 26 304
26 76 105
76 26 105
27 31 460
31 27 460
27 51 251
51 27 251
27 56 588
56 27 588
27 29 582
29 27 582
27 82 457
82 27 457
27 65 106
65 27 106
27 60 265
60 27 265
27 69 689
69 27 689
27 44 804
44 27 804
27 86 897
86 27 897
27 45 343
45 27 343
27 47 988
47 27 988
27 74 629
74 27 629
27 41 397
41 27 397
27 63 734
63 27 734
27 71 809
71 27 809
27 76 621
76 27 621
28 51 488
51 28 488
28 56 235
56 28 235
28 59 539
59 28 539
28 59 214
59 28 214
28 81 928
81 28 928
28 76 309
76 28 309
28 31 963
31 28 963
29 46 585
46 29 585
29 84 907
84 29 907
29 68 919
68 29 919
29 41 988
41 29 988
29 42 661
42 29 661
29 43 484
43 29 484
29 49 524
49 29 524
29 80 423
80 29 423
29 62 55
62 29 55
29 74 673
74 29 673
29 72 896
72 29 896
29 43 286
43 29 286
29 53 491
53 29 491
29 48 803
48 29 803
29 60 45
60 29 45
29 59 813
59 29 813
29 79 30
79 29 30
30 43 412
43 30 412
30 53 443
53 30 443
30 54 884
54 30 884
30 63 526
63 30 526
30 76 518
76 30 518
30 80 649
80 30 649
30 40 741
40 30 741
30 36 901
36 30 901
30 46 665
46 30 665
30 76 768
76 30 768
30 60 165
60 30 165
30 56 52
56 30 52
30 40 642
40 30 642
30 69 325
69 30 325
30 84 239
84 30 239
30 45 88
45 30 88
30 78 953
78 30 953
30 81 308
81 30 308
31 32 756
32 31 756
31 68 155
68 31 155
31 73 943
73 31 943
31 77 951
77 31 951
31 71 238
71 31 238
31 74 159
74 31 159
31 63 431
63 31 431
31 38 871
38 31 871
31 64 881
64 31 881
31 34 736
34 31 736
31 74 153
74 31 153
31 55 780
55 31 780
31 70 885
70 31 885
32 55 384
55 32 384
32 44 487
44 32 487
32 41 73
41 32 73
32 61 366
61 32 366
32 46 310
46 32 310
32 86 252
86 32 252
32 62 903
62 32 903
32 77 899
77 32 899
33 71 770
71 33 770
33 68 152
68 33 152
33 66 486
66 33 486
33 43 175
43 33 175
33 37 870
37 33 870
33 35 324
35 33 324
33 84 437
84 33 437
33 64 393
64 33 393
34 45 120
45 34 120
34 47 713
47 34 713
34 49 878
49 34 878
34 70 919
70 34 919
34 38 377
38 34 377
34 71 25
71 34 25
34 37 632
37 34 632
34 43 300
43 34 300
34 60 989
60 34 989
34 55 693
55 34 693
35 70 504
70 35 504
35 57 594
57 35 594
35 50 558
50 35 558
35 50 100
50 35 100
35 81 516
81 35 516
35 50 59
50 35 59
35 40 515
40 35 515
35 41 723
41 35 723
35 49 365
49 35 365
36 62 871
62 36 871
36 71 514
71 36 514
36 45 391
45 36 391
36 66 48
66 36 48
36 36 699
36 36 699
36 43 557
43 36 557
36 70 747
70 36 747
36 78 870
78 36 870
36 74 804
74 36 804
36 67 692
67 36 692
36 56 645
56 36 645
36 75 925
75 36 925
37 41 301
41 37 301
37 48 357
48 37 357
37 61 426
61 37 426
37 50 626
50 37 626
37 85 641
85 37 641
37 62 501
62 37 501
37 52 557
52 37 557
37 52 573
52 37 573
37 41 926
41 37 926
38 52 593
52 38 593
38 64 301
64 38 301
38 67 318
67 38 318
38 60 542
60 38 542
38 74 34
74 38 34
38 80 591
80 38 591
38 49 622
49 38 622
39 40 810
40 39 810
39 79 140
79 39 140
39 80 955
80 39 955
39 76 869
76 39 869
39 82 882
82 39 882
39 49 167
49 39 167
39 53 788
53 39 788
39 53 164
53 39 164
39 43 752
43 39 752
39 71 503
71 39 503
39 62 358
62 39 358
40 64 56
64 40 56
40 48 777
48 40 777
40 79 907
79 40 907
40 73 397
73 40 397
40 77 22
77 40 22
40 52 2
52 40 2
40 41 211
41 40 211
40 58 847
58 40 847
40 71 243
71 40 243
40 81 841
81 40 841
40 46 35
46 40 35
40 78 767
78 40 767
40 52 397
52 40 397
40 60 893
60 40 893
41 42 166
42 41 166
41 44 608
44 41 608
41 58 745
58 41 745
41 52 409
52 41 409
41 81 195
81 41 195
41 67 456
67 41 456
41 51 285
51 41 285
41 69 734
69 41 734
42 68 2
68 42 2
42 85 234
85 42 234
42 78 856
78 42 856
42 68 68
68 42 68
42 72 202
72 42 202
42 54 494
54 42 494
43 47 796
47 43 796
43 65 751
65 43 751
43 71 968
71 43 968
43 49 172
49 43 172
43 75 225
75 43 225
43 68 997
68 43 997
43 62 291
62 43 291
44 83 661
83 44 661
44 58 515
58 44 515
44 72 393
72 44 393
44 78 234
78 44 234
44 57 247
57 44 247
44 85 415
85 44 415
44 61 31
61 44 31
44 67 155
67 44 155
44 63 671
63 44 671
44 76 193
76 44 193
45 48 683
48 45 683
45 66 755
66 45 755
45 81 994
81 45 994
45 82 595
82 45 595
45 47 990
47 45 990
46 51 344
51 46 344
46 74 397
74 46 397
46 52 91
52 46 91
46 78 118
78 46 118
46 82 303
82 46 303
47 52 529
52 47 529
47 65 478
65 47 478
47 47 572
47 47 572
48 63 649
63 48 649
48 69 456
69 48 456
48 50 428
50 48 428
48 50 715
50 48 715
49 52 844
52 49 844
49 64 652
64 49 652
49 79 687
79 49 687
49 83 583
83 49 583
49 69 967
69 49 967
50 85 387
85 50 387
50 64 894
64 50 894
50 73 206
73 50 206
50 64 312
64 50 312
50 52 899
52 50 899
51 86 755
86 51 755
51 56 508
56 51 508
52 72 50
72 52 50
52 73 536
73 52 536
52 63 913
63 52 913
52 65 362
65 52 362
52 53 153
53 52 153
52 81 577
81 52 577
52 75 9
75 52 9
53 58 150
58 53 150
53 66 388
66 53 388
53 54 969
54 53 969
53 77 58
77 53 58
53 55 907
55 53 907
53 84 494
84 53 494
54 59 14
59 54 14
54 86 56
86 54 56
54 65 247
65 54 247
54 67 268
67 54 268
54 68 415
68 54 415
54 56 899
56 54 899
54 83 284
83 54 284
54 61 961
61 54 961
55 83 341
83 55 341
55 86 115
86 55 115
55 84 347
84 55 347
55 58 775
58 55 775
55 84 506
84 55 506
55 60 107
60 55 107
55 60 584
60 55 584
55 62 64
62 55 64
56 80 606
80 56 606
56 60 333
60 56 333
56 68 769
68 56 769
56 61 520
61 56 520
56 64 192
64 56 192
56 63 941
63 56 941
57 59 156
59 57 156
57 68 752
68 57 752
57 79 269
79 57 269
57 76 517
76 57 517
58 59 677
59 58 677
58 81 73
81 58 73
58 77 919
77 58 919
58 84 699
84 58 699
59 82 938
82 59 938
59 69 225
69 59 225
59 68 492
68 59 492
59 70 670
70 59 670
59 65 986
65 59 986
60 61 500
61 60 500
60 70 640
70 60 640
60 79 825
79 60 825
61 73 354
73 61 354
61 79 572
79 61 572
61 82 565
82 61 565
61 71 499
71 61 499
62 72 484
72 62 484
62 71 345
71 62 345
62 64 796
64 62 796
62 65 885
65 62 885
63 68 160
68 63 160
63 73 745
73 63 745
63 68 425
68 63 425
63 66 394
66 63 394
63 68 764
68 63 764
63 79 374
79 63 374
64 86 803
86 64 803
64 76 486
76 64 486
64 75 938
75 64 938
64 84 85
84 64 85
64 77 931
77 64 931
65 69 912
69 65 912
65 65 614
65 65 614
65 73 705
73 65 705
65 66 934
66 65 934
65 79 832
79 65 832
65 66 251
66 65 251
66 86 624
86 66 624
66 85 406
85 66 406
66 82 264
82 66 264
66 80 466
80 66 466
67 77 360
77 67 360
67 75 460
75 67 460
67 67 28
67 67 28
67 84 662
84 67 662
67 86 358
86 67 358
68 77 724
77 68 724
68 81 893
81 68 893
69 79 288
79 69 288
70 80 909
80 70 909
70 78 112
78 70 112
70 75 559
75 70 559
72 78 84
78 72 84
72 82 736
82 72 736
72 82 277
82 72 277
73 84 721
84 73 721
73 85 572
85 73 572
73 81 512
81 73 512
75 76 87
76 75 87
75 79 590
79 75 590
76 84 716
84 76 716
76 79 621
79 76 621
77 85 35
85 77 35
79 83 971
83 79 971
79 84 288
84 79 288
82 86 961
86 82 961
83 86 649
86 83 649
