93

0 1 705
1 0 705
0 2 69
2 0 69
0 8 353
8 0 353
0 38 407
38 0 407
1 53 476
53 1 476
2 3 884
3 2 884
2 4 636
4 2 636
2 17 436
17 2 436
2 28 221
28 2 221
2 36 503
36 2 503
2 41 31
41 2 31
2 55 666
55 2 666
2 87 130
87 2 130
3 5 558
5 3 558
3 9 143
9 3 143
3 10 286
10 3 286
3 58 225
58 3 225
4 7 923
7 4 923
4 15 733
15 4 733
4 18 894
18 4 894
4 91 885
91 4 885
5 6 389
6 5 389
6 20 19
20 6 19
6 44 821
44 6 821
7 21 665
21 7 665
7 23 415
23 7 415
7 40 217
40 7 217
7 67 331
67 7 331
8 43 747
43 8 747
9 14 137
14 9 137
9 24 627
24 9 627
9 27 885
27 9 885
9 45 276
45 9 276
10 11 943
11 10 943
10 12 10
12 10 10
11 13 722
13 11 722
11 30 649
30 11 649
12 32 639
32 12 639
12 78 510
78 12 510
13 16 748
16 13 748
13 33 151
33 13 151
14 31 887
31 14 887
14 63 657
63 14 657
14 69 168
69 14 168
15 19 288
19 15 288
17 22 833
22 17 833
17 42 787
42 17 787
18 34 527
34 18 527
18 59 910
59 18 910
19 25 147
25 19 147
20 37 105
37 20 105
21 56 362
56 21 362
22 26 339
26 22 339
22 47 918
47 22 918
24 49 635
49 24 635
25 61 521
61 25 521
26 29 70
29 26 70
26 65 568
65 26 568
28 83 559
83 28 559
29 46 692
46 29 692
30 50 721
50 30 721
30 76 388
76 30 388
31 64 961
64 31 961
33 48 976
48 33 976
34 35 363
35 34 363
34 39 785
39 34 785
36 51 514
51 36 514
37 68 953
68 37 953
39 54 608
54 39 608
39 60 419
60 39 419
39 62 998
62 39 998
39 75 526
75 39 526
40 52 240
52 40 240
42 74 361
74 42 361
45 73 982
73 45 982
47 66 615
66 47 615
47 89 429
89 47 429
48 77 83
77 48 83
51 80 852
80 51 852
54 71 992
71 54 992
56 57 632
57 56 632
58 86 386
86 58 386
61 92 557
92 61 557
63 82 368
82 63 368
64 70 416
70 64 416
64 90 620
90 64 620
65 72 601
72 65 601
65 81 362
81 65 362
66 79 662
79 66 662
66 88 842
88 66 842
74 85 663
85 74 663
76 84 904
84 76 904
