92

0 1 593
1 0 593
0 2 97
2 0 97
0 34 500
34 0 500
0 74 588
74 0 588
0 40 128
40 0 128
0 8 493
8 0 493
0 31 746
31 0 746
0 29 802
29 0 802
1 3 476
3 1 476
1 4 97
4 1 97
1 13 855
13 1 855
1 37 351
37 1 351
1 47 613
47 1 613
1 18 546
18 1 546
2 9 987
9 2 987
2 10 679
10 2 679
2 19 91
19 2 91
2 11 781
11 2 781
2 91 358
91 2 358
2 18 477
18 2 477
3 5 290
5 3 290
3 7 422
7 3 422
3 14 214
14 3 214
3 45 577
45 3 577
3 76 663
76 3 663
3 58 258
58 3 258
4 6 662
6 4 662
4 11 863
11 4 863
4 35 880
35 4 880
4 69 810
69 4 810
4 84 893
84 4 893
4 32 689
32 4 689
5 8 8
8 5 8
5 26 170
26 5 170
5 29 649
29 5 649
5 22 405
22 5 405
6 16 387
16 6 387
6 24 843
24 6 843
6 36 560
36 6 560
6 68 106
68 6 106
7 23 309
23 7 309
7 28 607
28 7 607
7 31 35
31 7 35
7 54 686
54 7 686
7 62 238
62 7 238
7 40 97
40 7 97
7 36 660
36 7 660
7 74 352
74 7 352
8 17 136
17 8 136
8 91 118
91 8 118
8 26 875
26 8 875
8 38 653
38 8 653
9 49 559
49 9 559
9 65 433
65 9 433
9 82 675
82 9 675
9 41 824
41 9 824
9 91 59
91 9 59
10 12 322
12 10 322
10 28 322
28 10 322
10 48 379
48 10 379
11 68 165
68 11 165
11 75 561
75 11 561
12 39 180
39 12 180
12 50 313
50 12 313
12 27 435
27 12 435
12 24 397
24 12 397
12 14 215
14 12 215
13 44 364
44 13 364
13 59 939
59 13 939
13 45 471
45 13 471
14 15 427
15 14 427
14 75 845
75 14 845
14 75 198
75 14 198
14 67 652
67 14 652
14 37 349
37 14 349
15 18 391
18 15 391
15 30 533
30 15 533
15 67 719
67 15 719
15 79 239
79 15 239
16 20 774
20 16 774
16 46 900
46 16 900
17 48 402
48 17 402
17 86 898
86 17 898
17 90 18
90 17 18
17 46 227
46 17 227
18 57 587
57 18 587
18 80 22
80 18 22
18 29 503
29 18 503
18 18 63
18 18 63
19 42 520
42 19 520
19 51 42
51 19 42
19 32 611
32 19 611
19 31 425
31 19 425
19 84 521
84 19 521
20 21 802
21 20 802
20 22 256
22 20 256
20 29 475
29 20 475
20 44 113
44 20 113
20 34 816
34 20 816
21 33 844
33 21 844
21 68 820
68 21 820
21 67 693
67 21 693
21 89 704
89 21 704
22 25 23
25 22 23
22 38 885
38 22 885
22 43 119
43 22 119
22 72 791
72 22 791
22 87 411
87 22 411
22 38 964
38 22 964
22 91 380
91 22 380
23 70 748
70 23 748
23 54 96
54 23 96
24 27 157
27 24 157
24 78 202
78 24 202
24 63 957
63 24 957
24 43 179
43 24 179
24 27 668
27 24 668
25 52 632
52 25 632
25 90 523
90 25 523
25 70 116
70 25 116
25 65 950
65 25 950
25 36 431
36 25 431
26 32 212
32 26 212
26 46 448
46 26 448
26 30 767
30 26 767
26 43 472
43 26 472
27 65 65
65 27 65
28 53 234
53 28 234
29 41 748
41 29 748
29 86 682
86 29 682
29 64 221
64 29 221
29 87 238
87 29 238
31 45 668
45 31 668
31 51 234
51 31 234
31 62 47
62 31 47
32 56 403
56 32 403
32 51 799
51 32 799
33 53 294
53 33 294
33 62 557
62 33 557
33 59 474
59 33 474
33 87 947
87 33 947
33 51 363
51 33 363
33 38 304
38 33 304
34 37 287
37 34 287
35 85 688
85 35 688
35 53 546
53 35 546
35 77 832
77 35 832
35 85 372
85 35 372
36 64 273
64 36 273
37 40 676
40 37 676
37 56 515
56 37 515
37 80 261
80 37 261
37 65 168
65 37 168
39 78 544
78 39 544
39 46 850
46 39 850
41 60 940
60 41 940
41 90 645
90 41 645
42 83 354
83 42 354
42 89 645
89 42 645
42 47 622
47 42 622
42 78 224
78 42 224
42 82 767
82 42 767
42 69 821
69 42 821
42 82 459
82 42 459
43 68 599
68 43 599
44 79 400
79 44 400
44 83 735
83 44 735
44 66 737
66 44 737
45 62 564
62 45 564
46 65 349
65 46 349
47 55 498
55 47 498
47 66 808
66 47 808
47 90 403
90 47 403
47 68 10
68 47 10
48 63 22
63 48 22
49 58 968
58 49 968
49 91 203
91 49 203
49 71 963
71 49 963
50 71 222
71 50 222
50 69 892
69 50 892
50 91 118
91 50 118
52 63 479
63 52 479
52 88 54
88 52 54
53 61 300
61 53 300
53 72 752
72 53 752
53 62 928
62 53 928
54 77 626
77 54 626
54 81 351
81 54 351
55 81 159
81 55 159
55 88 978
88 55 978
56 61 109
61 56 109
56 89 761
89 56 761
56 82 940
82 56 940
56 84 817
84 56 817
56 83 53
83 56 53
56 72 536
72 56 536
58 73 244
73 58 244
59 74 967
74 59 967
60 65 395
65 60 395
60 69 827
69 60 827
63 87 761
87 63 761
63 71 357
71 63 357
63 81 497
81 63 497
63 89 361
89 63 361
64 79 224
79 64 224
65 74 377
74 65 377
68 73 976
73 68 976
68 81 78
81 68 78
70 80 84
80 70 84
70 82 66
82 70 66
73 83 136
83 73 136
73 79 108
79 73 108
73 77 692
77 73 692
75 78 567
78 75 567
77 84 653
84 77 653
79 80 389
80 79 389
79 80 268
80 79 268
79 91 368
91 79 368
81 85 603
85 81 603
81 87 442
87 81 442
82 84 914
84 82 914
82 91 588
91 82 588
89 90 841
90 89 841
