87

0 1 359
1 0 359
0 2 657
2 0 657
0 3 354
3 0 354
0 5 871
5 0 871
0 61 82
61 0 82
0 86 867
86 0 867
0 47 893
47 0 893
0 46 730
46 0 730
0 47 733
47 0 733
0 67 805
67 0 805
1 6 740
6 1 740
1 7 899
7 1 899
1 10 925
10 1 925
1 21 97
21 1 97
1 66 981
66 1 981
1 28 744
28 1 744
1 82 30
82 1 30
1 35 641
35 1 641
1 77 983
77 1 983
2 4 315
4 2 315
2 11 959
11 2 959
2 13 936
13 2 936
2 57 453
57 2 453
2 59 480
59 2 480
2 41 104
41 2 104
2 86 157
86 2 157
2 40 822
40 2 822
2 47 971
47 2 971
3 8 297
8 3 297
3 12 627
12 3 627
3 24 405
24 3 405
3 34 976
34 3 976
3 17 558
17 3 558
3 17 62
17 3 62
3 15 807
15 3 807
3 69 66
69 3 66
3 77 338
77 3 338
3 9 468
9 3 468
3 78 263
78 3 263
3 57 774
57 3 774
4 15 62
15 4 62
4 19 475
19 4 475
4 53 819
53 4 819
4 67 891
67 4 891
5 9 597
9 5 597
5 68 819
68 5 819
5 47 158
47 5 158
5 85 246
85 5 246
5 75 211
75 5 211
5 36 897
36 5 897
5 65 45
65 5 45
5 35 811
35 5 811
6 20 64
20 6 64
6 38 775
38 6 775
6 10 136
10 6 136
6 37 769
37 6 769
7 16 653
16 7 653
7 51 733
51 7 733
7 73 447
73 7 447
7 76 233
76 7 233
7 70 156
70 7 156
7 77 548
77 7 548
7 78 885
78 7 885
7 43 677
43 7 677
7 16 657
16 7 657
8 14 862
14 8 862
8 23 719
23 8 719
8 26 555
26 8 555
8 42 600
42 8 600
8 70 177
70 8 177
8 60 174
60 8 174
9 37 977
37 9 977
9 41 111
41 9 111
9 46 778
46 9 778
9 56 119
56 9 119
9 63 265
63 9 265
9 85 240
85 9 240
9 75 411
75 9 411
9 81 79
81 9 79
9 34 421
34 9 421
9 19 478
19 9 478
10 37 275
37 10 275
10 52 586
52 10 586
10 66 874
66 10 874
10 26 545
26 10 545
10 54 625
54 10 625
10 65 732
65 10 732
11 22 4
22 11 4
11 83 769
83 11 769
11 85 358
85 11 358
11 25 733
25 11 733
11 24 312
24 11 312
12 78 395
78 12 395
12 82 550
82 12 550
13 18 921
18 13 921
13 50 157
50 13 157
13 34 129
34 13 129
13 84 155
84 13 155
13 51 378
51 13 378
14 36 361
36 14 361
14 80 655
80 14 655
14 67 376
67 14 376
14 72 370
72 14 370
14 41 98
41 14 98
15 28 572
28 15 572
15 25 184
25 15 184
15 63 962
63 15 962
16 17 481
17 16 481
16 33 101
33 16 101
16 25 379
25 16 379
16 19 83
19 16 83
16 81 173
81 16 173
16 50 850
50 16 850
17 59 192
59 17 192
17 60 617
60 17 617
17 73 388
73 17 388
17 49 306
49 17 306
17 37 16
37 17 16
17 62 336
62 17 336
17 65 219
65 17 219
17 43 958
43 17 958
17 25 772
25 17 772
17 47 358
47 17 358
17 64 178
64 17 178
18 34 529
34 18 529
18 44 921
44 18 921
18 61 271
61 18 271
18 35 216
35 18 216
19 25 304
25 19 304
19 29 524
29 19 524
19 30 102
30 19 102
19 44 66
44 19 66
19 55 635
55 19 635
19 58 238
58 19 238
19 46 713
46 19 713
20 40 42
40 20 42
20 59 366
59 20 366
20 79 784
79 20 784
20 45 87
45 20 87
20 70 47
70 20 47
21 43 375
43 21 375
21 55 741
55 21 741
21 68 274
68 21 274
21 55 273
55 21 273
22 31 302
31 22 302
22 32 881
32 22 881
22 36 115
36 22 115
22 83 470
83 22 470
22 61 925
61 22 925
22 59 537
59 22 537
23 37 68
37 23 68
23 63 231
63 23 231
23 30 427
30 23 427
23 24 493
24 23 493
23 34 822
34 23 822
24 27 647
27 24 647
24 33 233
33 24 233
24 62 921
62 24 921
24 26 854
26 24 854
24 76 824
76 24 824
24 77 470
77 24 470
24 50 621
50 24 621
25 49 336
49 25 336
25 58 424
58 25 424
26 45 943
45 26 943
26 54 373
54 26 373
26 43 915
43 26 915
26 48 634
48 26 634
26 50 142
50 26 142
27 30 794
30 27 794
27 84 964
84 27 964
27 56 528
56 27 528
27 65 563
65 27 563
28 32 79
32 28 79
28 76 583
76 28 583
28 84 477
84 28 477
29 35 205
35 29 205
29 47 350
47 29 350
29 83 259
83 29 259
29 85 153
85 29 153
30 40 225
40 30 225
30 68 9
68 30 9
30 77 829
77 30 829
31 48 707
48 31 707
31 74 312
74 31 312
31 61 546
61 31 546
32 80 548
80 32 548
32 72 209
72 32 209
32 44 253
44 32 253
32 61 756
61 32 756
32 53 79
53 32 79
33 50 792
50 33 792
33 43 989
43 33 989
33 35 762
35 33 762
34 65 117
65 34 117
34 38 113
38 34 113
35 44 243
44 35 243
35 45 97
45 35 97
35 83 158
83 35 158
36 39 982
39 36 982
36 49 324
49 36 324
36 79 942
79 36 942
36 64 623
64 36 623
36 61 62
61 36 62
36 56 921
56 36 921
36 42 607
42 36 607
37 61 389
61 37 389
37 83 556
83 37 556
37 60 501
60 37 501
38 65 10
65 38 10
38 60 512
60 38 512
38 59 681
59 38 681
38 72 693
72 38 693
39 71 466
71 39 466
40 69 220
69 40 220
40 57 538
57 40 538
40 77 957
77 40 957
40 46 890
46 40 890
41 82 757
82 41 757
41 44 50
44 41 50
41 51 194
51 41 194
43 50 181
50 43 181
43 61 116
61 43 116
44 58 985
58 44 985
44 64 265
64 44 265
44 53 105
53 44 105
46 78 177
78 46 177
47 75 19
75 47 19
47 73 310
73 47 310
47 80 99
80 47 99
49 74 823
74 49 823
49 76 366
76 49 366
50 53 521
53 50 521
50 68 244
68 50 244
51 52 868
52 51 868
51 60 562
60 51 562
51 68 952
68 51 952
52 55 342
55 52 342
52 69 821
69 52 821
53 53 603
53 53 603
53 67 716
67 53 716
54 76 53
76 54 53
56 56 346
56 56 346
56 60 248
60 56 248
57 63 388
63 57 388
57 83 686
83 57 686
58 72 938
72 58 938
59 71 436
71 59 436
59 69 717
69 59 717
59 71 910
71 59 910
59 61 107
61 59 107
60 76 233
76 60 233
60 85 606
85 60 606
62 63 10
63 62 10
63 72 576
72 63 576
63 83 231
83 63 231
63 79 473
79 63 473
64 86 953
86 64 953
66 81 667
81 66 667
68 85 532
85 68 532
68 80 186
80 68 186
68 73 232
73 68 232
69 77 61
77 69 61
72 85 496
85 72 496
73 74 479
74 73 479
73 76 903
76 73 903
75 81 138
81 75 138
75 85 628
85 75 628
75 75 410
75 75 410
76 82 655
82 76 655
77 85 349
85 77 349
80 86 628
86 80 628
81 82 900
82 81 900
