99

0 1 742
1 0 742
0 2 297
2 0 297
0 16 256
16 0 256
0 17 959
17 0 959
0 37 794
37 0 794
0 44 902
44 0 902
0 92 794
92 0 794
0 2 487
2 0 487
0 70 243
70 0 243
0 83 670
83 0 670
0 92 280
92 0 280
0 10 638
10 0 638
0 96 443
96 0 443
0 60 808
60 0 808
0 9 661
9 0 661
0 64 158
64 0 158
0 51 2
51 0 2
0 43 470
43 0 470
0 2 708
2 0 708
0 50 768
50 0 768
0 20 913
20 0 913
1 3 271
3 1 271
1 4 605
4 1 605
1 5 910
5 1 910
1 6 991
6 1 991
1 12 449
12 1 449
1 13 976
13 1 976
1 25 505
25 1 505
1 28 478
28 1 478
1 34 754
34 1 754
1 90 223
90 1 223
1 43 816
43 1 816
1 98 332
98 1 332
1 45 681
45 1 681
1 45 906
45 1 906
1 89 992
89 1 992
1 17 945
17 1 945
1 40 974
40 1 974
2 7 998
7 2 998
2 8 737
8 2 737
2 22 714
22 2 714
2 46 953
46 2 953
2 80 746
80 2 746
2 84 569
84 2 569
2 62 122
62 2 122
2 28 141
28 2 141
2 23 879
23 2 879
2 80 766
80 2 766
2 88 879
88 2 879
2 89 776
89 2 776
2 82 580
82 2 580
2 38 379
38 2 379
2 12 283
12 2 283
2 52 272
52 2 272
2 39 386
39 2 386
2 66 312
66 2 312
3 10 290
10 3 290
3 18 950
18 3 950
3 88 305
88 3 305
3 35 956
35 3 956
3 91 207
91 3 207
3 13 369
13 3 369
3 42 414
42 3 414
3 23 668
23 3 668
3 31 335
31 3 335
3 97 612
97 3 612
3 71 37
71 3 37
3 70 338
70 3 338
3 60 151
60 3 151
3 21 651
21 3 651
3 65 796
65 3 796
3 5 774
5 3 774
3 98 594
98 3 594
4 20 792
20 4 792
4 78 932
78 4 932
4 37 635
37 4 635
4 52 933
52 4 933
4 61 521
61 4 521
4 7 906
7 4 906
4 64 280
64 4 280
4 50 50
50 4 50
4 32 250
32 4 250
4 68 678
68 4 678
4 34 179
34 4 179
4 51 502
51 4 502
4 14 599
14 4 599
5 11 931
11 5 931
5 24 998
24 5 998
5 53 443
53 5 443
5 76 475
76 5 475
5 87 999
87 5 999
5 76 83
76 5 83
5 46 433
46 5 433
5 95 977
95 5 977
5 8 707
8 5 707
5 37 15
37 5 15
5 35 856
35 5 856
6 15 375
15 6 375
6 89 479
89 6 479
6 28 219
28 6 219
6 31 617
31 6 617
6 60 205
60 6 205
6 62 548
62 6 548
6 60 820
60 6 820
6 96 225
96 6 225
6 73 449
73 6 449
6 75 61
75 6 61
6 87 448
87 6 448
6 9 639
9 6 639
6 62 825
62 6 825
7 19 742
19 7 742
7 43 212
43 7 212
7 95 125
95 7 125
7 88 202
88 7 202
7 63 130
63 7 130
7 51 374
51 7 374
7 50 26
50 7 26
7 94 780
94 7 780
7 38 464
38 7 464
7 67 59
67 7 59
7 79 709
79 7 709
7 27 232
27 7 232
8 9 410
9 8 410
8 14 33
14 8 33
8 23 194
23 8 194
8 31 112
31 8 112
8 42 76
42 8 76
8 45 980
45 8 980
8 49 115
49 8 115
8 86 714
86 8 714
8 13 121
13 8 121
8 8 947
8 8 947
8 20 583
20 8 583
8 72 585
72 8 585
8 72 858
72 8 858
8 49 348
49 8 348
9 41 964
41 9 964
9 52 478
52 9 478
9 75 50
75 9 50
9 90 10
90 9 10
9 24 230
24 9 230
9 56 470
56 9 470
9 28 657
28 9 657
9 23 75
23 9 75
9 89 895
89 9 895
10 35 15
35 10 15
10 24 378
24 10 378
10 84 47
84 10 47
10 66 476
66 10 476
10 26 250
26 10 250
10 51 923
51 10 923
10 94 595
94 10 595
10 12 174
12 10 174
10 65 21
65 10 21
10 82 669
82 10 669
11 68 936
68 11 936
11 79 866
79 11 866
11 26 883
26 11 883
11 14 896
14 11 896
11 42 4
42 11 4
11 59 415
59 11 415
11 16 869
16 11 869
11 96 881
96 11 881
12 95 212
95 12 212
12 47 26
47 12 26
12 72 358
72 12 358
12 34 708
34 12 708
12 13 237
13 12 237
12 27 678
27 12 678
12 57 235
57 12 235
12 47 579
47 12 579
12 58 695
58 12 695
13 50 68
50 13 68
13 54 414
54 13 414
13 81 209
81 13 209
13 88 761
88 13 761
13 53 915
53 13 915
13 92 196
92 13 196
13 59 317
59 13 317
13 82 294
82 13 294
13 76 780
76 13 780
13 74 185
74 13 185
13 74 800
74 13 800
13 20 392
20 13 392
13 44 727
44 13 727
14 64 785
64 14 785
14 17 103
17 14 103
14 50 703
50 14 703
14 41 55
41 14 55
14 44 587
44 14 587
14 23 890
23 14 890
14 26 179
26 14 179
14 89 465
89 14 465
14 65 748
65 14 748
14 51 293
51 14 293
14 47 664
47 14 664
14 97 600
97 14 600
14 61 319
61 14 319
14 49 85
49 14 85
14 78 188
78 14 188
15 67 656
67 15 656
15 43 920
43 15 920
15 15 135
15 15 135
15 87 932
87 15 932
15 67 219
67 15 219
15 82 501
82 15 501
15 44 642
44 15 642
15 53 824
53 15 824
15 27 850
27 15 850
16 74 787
74 16 787
16 77 56
77 16 56
16 45 331
45 16 331
16 91 42
91 16 42
16 95 244
95 16 244
16 23 631
23 16 631
16 25 826
25 16 826
16 37 451
37 16 451
16 70 387
70 16 387
16 39 205
39 16 205
17 21 755
21 17 755
17 33 966
33 17 966
17 24 539
24 17 539
17 85 200
85 17 200
17 86 71
86 17 71
17 90 854
90 17 854
17 21 351
21 17 351
17 98 90
98 17 90
17 36 685
36 17 685
17 45 405
45 17 405
17 21 982
21 17 982
18 44 420
44 18 420
18 22 510
22 18 510
18 89 486
89 18 486
18 72 801
72 18 801
18 70 341
70 18 341
18 40 599
40 18 599
18 97 56
97 18 56
19 27 189
27 19 189
19 71 677
71 19 677
19 52 925
52 19 925
19 92 603
92 19 603
19 29 649
29 19 649
19 28 54
28 19 54
19 85 540
85 19 540
19 46 588
46 19 588
19 55 494
55 19 494
19 54 270
54 19 270
19 52 809
52 19 809
19 24 744
24 19 744
20 26 360
26 20 360
20 49 236
49 20 236
20 73 309
73 20 309
20 79 253
79 20 253
20 83 530
83 20 530
20 51 825
51 20 825
20 76 330
76 20 330
20 68 187
68 20 187
20 53 892
53 20 892
20 62 268
62 20 268
20 48 217
48 20 217
20 36 80
36 20 80
21 29 483
29 21 483
21 47 339
47 21 339
21 79 911
79 21 911
21 73 260
73 21 260
21 89 817
89 21 817
21 52 247
52 21 247
21 23 248
23 21 248
21 61 773
61 21 773
21 41 182
41 21 182
21 42 719
42 21 719
21 42 954
42 21 954
21 68 532
68 21 532
22 69 151
69 22 151
22 34 264
34 22 264
22 55 163
55 22 163
22 78 250
78 22 250
22 87 928
87 22 928
23 38 986
38 23 986
23 63 719
63 23 719
23 91 302
91 23 302
23 73 903
73 23 903
23 25 341
25 23 341
23 82 31
82 23 31
23 87 893
87 23 893
23 46 603
46 23 603
23 54 515
54 23 515
23 72 452
72 23 452
23 30 246
30 23 246
24 30 66
30 24 66
24 32 630
32 24 630
24 36 297
36 24 297
24 79 642
79 24 642
24 36 869
36 24 869
24 91 985
91 24 985
24 51 586
51 24 586
24 70 705
70 24 705
24 90 81
90 24 81
24 41 984
41 24 984
25 39 295
39 25 295
25 58 305
58 25 305
25 91 999
91 25 999
25 75 901
75 25 901
25 35 351
35 25 351
25 75 530
75 25 530
25 83 882
83 25 882
25 31 68
31 25 68
25 57 212
57 25 212
26 40 726
40 26 726
26 57 278
57 26 278
26 77 193
77 26 193
26 94 874
94 26 874
27 60 365
60 27 365
27 64 636
64 27 636
27 43 833
43 27 833
27 36 836
36 27 836
27 80 475
80 27 475
27 47 550
47 27 550
27 57 684
57 27 684
28 30 341
30 28 341
28 52 942
52 28 942
28 53 143
53 28 143
28 71 502
71 28 502
28 35 781
35 28 781
28 79 246
79 28 246
28 58 774
58 28 774
28 66 442
66 28 442
29 45 814
45 29 814
29 94 254
94 29 254
29 67 815
67 29 815
30 41 274
41 30 274
30 65 823
65 30 823
30 66 450
66 30 450
30 78 95
78 30 95
30 73 735
73 30 735
30 32 812
32 30 812
30 77 766
77 30 766
31 81 655
81 31 655
31 52 458
52 31 458
31 60 687
60 31 687
31 82 450
82 31 450
31 61 328
61 31 328
31 83 245
83 31 245
31 31 73
31 31 73
31 57 775
57 31 775
32 93 898
93 32 898
32 78 325
78 32 325
32 44 16
44 32 16
32 75 974
75 32 974
32 69 917
69 32 917
32 60 644
60 32 644
32 79 376
79 32 376
32 85 788
85 32 788
32 35 70
35 32 70
32 42 289
42 32 289
32 73 200
73 32 200
33 72 619
72 33 619
33 80 744
80 33 744
33 39 174
39 33 174
33 56 671
56 33 671
33 48 999
48 33 999
33 46 75
46 33 75
33 63 606
63 33 606
33 69 517
69 33 517
34 91 112
91 34 112
34 61 783
61 34 783
34 55 662
55 34 662
34 74 551
74 34 551
34 98 936
98 34 936
34 78 604
78 34 604
34 77 355
77 34 355
35 56 279
56 35 279
35 43 935
43 35 935
35 44 672
44 35 672
35 77 547
77 35 547
35 42 167
42 35 167
35 68 342
68 35 342
35 84 344
84 35 344
35 66 707
66 35 707
35 85 517
85 35 517
36 59 920
59 36 920
36 86 238
86 36 238
36 69 299
69 36 299
36 61 825
61 36 825
36 75 125
75 36 125
36 74 73
74 36 73
36 62 812
62 36 812
36 74 422
74 36 422
36 42 468
42 36 468
37 95 845
95 37 845
37 38 170
38 37 170
37 56 367
56 37 367
37 66 911
66 37 911
37 53 720
53 37 720
37 95 897
95 37 897
37 93 590
93 37 590
37 82 248
82 37 248
37 64 301
64 37 301
37 51 886
51 37 886
37 44 899
44 37 899
38 69 899
69 38 899
38 52 223
52 38 223
38 74 600
74 38 600
38 89 226
89 38 226
38 43 422
43 38 422
38 74 223
74 38 223
38 72 874
72 38 874
38 48 18
48 38 18
38 83 956
83 38 956
38 91 735
91 38 735
39 48 231
48 39 231
39 84 450
84 39 450
39 91 562
91 39 562
39 56 4
56 39 4
39 65 561
65 39 561
39 53 304
53 39 304
39 60 962
60 39 962
39 98 886
98 39 886
39 70 829
70 39 829
39 70 82
70 39 82
40 96 131
96 40 131
40 83 67
83 40 67
40 95 378
95 40 378
40 83 181
83 40 181
40 71 546
71 40 546
41 98 352
98 41 352
41 45 948
45 41 948
41 42 830
42 41 830
41 50 81
50 41 81
41 83 453
83 41 453
41 81 887
81 41 887
42 82 453
82 42 453
42 89 978
89 42 978
42 61 769
61 42 769
42 49 338
49 42 338
42 69 990
69 42 990
42 63 777
63 42 777
43 77 945
77 43 945
43 73 83
73 43 83
43 60 151
60 43 151
43 98 615
98 43 615
43 67 461
67 43 461
44 75 235
75 44 235
44 53 843
53 44 843
44 79 375
79 44 375
44 45 71
45 44 71
44 55 36
55 44 36
44 44 608
44 44 608
44 64 41
64 44 41
45 95 176
95 45 176
45 61 95
61 45 95
45 96 112
96 45 112
45 49 789
49 45 789
45 98 875
98 45 875
45 81 218
81 45 218
46 70 8
70 46 8
46 94 795
94 46 795
46 50 953
50 46 953
46 51 113
51 46 113
46 65 354
65 46 354
47 54 212
54 47 212
47 71 432
71 47 432
47 91 547
91 47 547
47 66 529
66 47 529
47 91 609
91 47 609
47 53 319
53 47 319
48 55 674
55 48 674
48 66 653
66 48 653
48 91 917
91 48 917
48 57 123
57 48 123
49 51 470
51 49 470
49 52 692
52 49 692
49 60 6
60 49 6
49 83 958
83 49 958
49 85 841
85 49 841
49 85 22
85 49 22
49 79 63
79 49 63
49 66 528
66 49 528
49 77 795
77 49 795
49 75 673
75 49 673
49 51 648
51 49 648
50 63 473
63 50 473
50 59 567
59 50 567
50 64 800
64 50 800
51 62 709
62 51 709
51 64 806
64 51 806
51 89 232
89 51 232
51 86 559
86 51 559
51 63 9
63 51 9
51 78 461
78 51 461
51 98 667
98 51 667
51 84 664
84 51 664
51 98 261
98 51 261
51 87 507
87 51 507
51 91 85
91 51 85
52 76 138
76 52 138
52 93 666
93 52 666
52 69 449
69 52 449
53 76 524
76 53 524
53 82 99
82 53 99
53 69 660
69 53 660
53 59 687
59 53 687
53 69 293
69 53 293
53 79 94
79 53 94
54 61 848
61 54 848
54 69 262
69 54 262
54 77 447
77 54 447
54 72 589
72 54 589
54 89 925
89 54 925
54 94 920
94 54 920
54 89 569
89 54 569
54 76 805
76 54 805
55 94 164
94 55 164
55 78 136
78 55 136
55 86 998
86 55 998
55 81 867
81 55 867
55 93 390
93 55 390
55 56 593
56 55 593
55 69 574
69 55 574
55 83 263
83 55 263
56 85 660
85 56 660
56 59 800
59 56 800
56 85 220
85 56 220
56 81 437
81 56 437
56 60 925
60 56 925
56 97 635
97 56 635
56 85 122
85 56 122
56 67 963
67 56 963
56 75 491
75 56 491
56 79 822
79 56 822
57 62 839
62 57 839
57 90 186
90 57 186
57 98 809
98 57 809
57 94 566
94 57 566
57 60 966
60 57 966
57 63 158
63 57 158
57 87 524
87 57 524
57 58 685
58 57 685
57 83 493
83 57 493
57 88 566
88 57 566
58 97 260
97 58 260
58 71 890
71 58 890
58 59 243
59 58 243
58 62 235
62 58 235
58 87 678
87 58 678
58 93 788
93 58 788
58 90 727
90 58 727
59 65 482
65 59 482
59 72 434
72 59 434
59 61 199
61 59 199
59 63 886
63 59 886
59 72 846
72 59 846
60 63 376
63 60 376
60 89 635
89 60 635
60 71 955
71 60 955
60 63 756
63 60 756
60 67 471
67 60 471
60 94 862
94 60 862
61 65 456
65 61 456
61 82 353
82 61 353
61 77 300
77 61 300
62 72 323
72 62 323
62 93 908
93 62 908
62 68 293
68 62 293
62 67 688
67 62 688
62 91 708
91 62 708
63 72 58
72 63 58
63 72 693
72 63 693
63 88 160
88 63 160
63 85 807
85 63 807
64 78 899
78 64 899
64 69 694
69 64 694
65 66 299
66 65 299
65 87 304
87 65 304
65 71 215
71 65 215
65 77 674
77 65 674
66 75 818
75 66 818
66 76 661
76 66 661
67 96 16
96 67 16
67 84 863
84 67 863
67 95 597
95 67 597
67 98 121
98 67 121
68 97 392
97 68 392
69 97 8
97 69 8
69 75 562
75 69 562
69 73 325
73 69 325
70 95 892
95 70 892
70 78 254
78 70 254
70 79 987
79 70 987
71 87 822
87 71 822
71 95 253
95 71 253
71 92 904
92 71 904
71 80 270
80 71 270
73 89 289
89 73 289
73 98 800
98 73 800
73 88 909
88 73 909
74 84 181
84 74 181
74 87 261
87 74 261
74 89 873
89 74 873
74 97 379
97 74 379
75 86 451
86 75 451
75 98 967
98 75 967
75 92 841
92 75 841
76 94 708
94 76 708
77 90 54
90 77 54
77 97 797
97 77 797
77 94 74
94 77 74
77 89 228
89 77 228
78 85 262
85 78 262
78 91 265
91 78 265
78 83 779
83 78 779
79 98 805
98 79 805
79 90 774
90 79 774
79 85 491
85 79 491
80 98 282
98 80 282
80 82 517
82 80 517
80 80 269
80 80 269
81 88 720
88 81 720
81 88 438
88 81 438
82 98 826
98 82 826
82 85 813
85 82 813
83 91 990
91 83 990
85 86 94
86 85 94
89 90 664
90 89 664
91 97 206
97 91 206
92 98 221
98 92 221
93 97 127
97 93 127
94 98 596
98 94 596
95 95 527
95 95 527
98 98 117
98 98 117
98 98 365
98 98 365
