87

0 1 200
1 0 200
0 2 307
2 0 307
0 5 758
5 0 758
0 6 259
6 0 259
0 33 327
33 0 327
0 52 789
52 0 789
0 21 629
21 0 629
0 58 209
58 0 209
0 39 965
39 0 965
0 85 921
85 0 921
0 9 393
9 0 393
0 74 711
74 0 711
0 74 580
74 0 580
0 66 329
66 0 329
0 47 555
47 0 555
0 75 641
75 0 641
0 42 704
42 0 704
0 24 395
24 0 395
1 3 641
3 1 641
1 17 686
17 1 686
1 24 360
24 1 360
1 78 168
78 1 168
1 67 882
67 1 882
1 24 161
24 1 161
1 86 654
86 1 654
1 25 544
25 1 544
1 83 901
83 1 901
1 2 446
2 1 446
1 73 279
73 1 279
1 47 313
47 1 313
1 4 831
4 1 831
1 68 636
68 1 636
1 36 16
36 1 16
2 4 370
4 2 370
2 53 760
53 2 760
2 49 318
49 2 318
2 63 336
63 2 336
2 43 125
43 2 125
2 40 3
40 2 3
2 70 24
70 2 24
2 61 196
61 2 196
3 11 144
11 3 144
3 13 201
13 3 201
3 66 640
66 3 640
3 83 23
83 3 23
3 85 105
85 3 105
3 55 125
55 3 125
3 21 409
21 3 409
3 68 729
68 3 729
3 79 522
79 3 522
3 6 283
6 3 283
3 76 629
76 3 629
3 19 401
19 3 401
3 77 988
77 3 988
3 73 137
73 3 137
3 48 801
48 3 801
3 45 535
45 3 535
3 73 968
73 3 968
3 58 288
58 3 288
3 14 998
14 3 998
4 82 219
82 4 219
4 85 602
85 4 602
4 39 349
39 4 349
4 61 937
61 4 937
4 70 820
70 4 820
4 39 774
39 4 774
4 56 621
56 4 621
4 63 675
63 4 675
4 24 113
24 4 113
4 39 622
39 4 622
4 39 330
39 4 330
4 81 9
81 4 9
4 19 508
19 4 508
5 7 301
7 5 301
5 16 409
16 5 409
5 22 282
22 5 282
5 64 449
64 5 449
5 80 691
80 5 691
5 26 281
26 5 281
5 43 285
43 5 285
5 5 416
5 5 416
5 63 923
63 5 923
5 47 105
47 5 105
5 21 438
21 5 438
5 59 459
59 5 459
5 43 127
43 5 127
5 49 703
49 5 703
5 9 411
9 5 411
6 9 31
9 6 31
6 50 710
50 6 710
6 79 246
79 6 246
6 25 660
25 6 660
6 56 389
56 6 389
6 33 369
33 6 369
6 64 66
64 6 66
6 63 756
63 6 756
6 57 834
57 6 834
6 63 195
63 6 195
6 66 57
66 6 57
6 50 971
50 6 971
6 19 27
19 6 27
7 8 534
8 7 534
7 15 61
15 7 61
7 25 879
25 7 879
7 42 837
42 7 837
7 44 83
44 7 83
7 56 336
56 7 336
7 63 252
63 7 252
7 51 14
51 7 14
7 85 470
85 7 470
7 55 587
55 7 587
7 69 33
69 7 33
7 84 462
84 7 462
7 33 136
33 7 136
8 10 962
10 8 962
8 28 618
28 8 618
8 32 843
32 8 843
8 17 127
17 8 127
8 41 471
41 8 471
8 22 721
22 8 721
8 32 3
32 8 3
8 54 906
54 8 906
8 84 519
84 8 519
8 12 375
12 8 375
8 60 139
60 8 139
8 38 42
38 8 42
8 78 989
78 8 989
8 12 263
12 8 263
9 14 362
14 9 362
9 20 242
20 9 242
9 70 293
70 9 293
9 59 445
59 9 445
9 48 792
48 9 792
9 39 69
39 9 69
9 15 927
15 9 927
9 50 740
50 9 740
9 67 531
67 9 531
9 59 542
59 9 542
9 32 47
32 9 47
9 60 967
60 9 967
9 14 929
14 9 929
9 22 327
22 9 327
9 66 600
66 9 600
10 12 757
12 10 757
10 77 262
77 10 262
10 38 371
38 10 371
10 33 636
33 10 636
10 56 790
56 10 790
10 17 355
17 10 355
10 72 751
72 10 751
10 63 672
63 10 672
10 57 749
57 10 749
10 75 317
75 10 317
10 34 244
34 10 244
10 77 969
77 10 969
11 19 11
19 11 11
11 29 491
29 11 491
11 36 900
36 11 900
11 25 358
25 11 358
11 28 90
28 11 90
11 16 690
16 11 690
11 86 793
86 11 793
11 44 126
44 11 126
11 76 646
76 11 646
11 21 582
21 11 582
11 29 824
29 11 824
11 81 287
81 11 287
12 31 114
31 12 114
12 58 200
58 12 200
12 61 246
61 12 246
12 24 319
24 12 319
12 55 165
55 12 165
12 77 746
77 12 746
12 62 603
62 12 603
12 60 296
60 12 296
12 37 917
37 12 917
12 65 981
65 12 981
13 52 924
52 13 924
13 60 829
60 13 829
13 83 945
83 13 945
13 45 451
45 13 451
13 66 410
66 13 410
13 70 964
70 13 964
13 83 38
83 13 38
14 30 469
30 14 469
14 69 871
69 14 871
14 46 200
46 14 200
14 35 271
35 14 271
14 50 653
50 14 653
15 41 675
41 15 675
15 73 756
73 15 756
15 35 962
35 15 962
15 28 546
28 15 546
15 22 817
22 15 817
15 38 549
38 15 549
15 79 564
79 15 564
15 44 527
44 15 527
15 50 198
50 15 198
16 28 422
28 16 422
16 63 530
63 16 530
16 77 121
77 16 121
16 65 115
65 16 115
16 49 693
49 16 693
16 30 442
30 16 442
16 59 135
59 16 135
16 59 991
59 16 991
16 72 471
72 16 471
16 53 150
53 16 150
16 66 476
66 16 476
16 50 481
50 16 481
16 33 34
33 16 34
16 37 232
37 16 232
16 22 323
22 16 323
16 31 783
31 16 783
17 18 27
18 17 27
17 21 562
21 17 562
17 68 438
68 17 438
17 74 239
74 17 239
17 78 442
78 17 442
17 59 392
59 17 392
17 33 448
33 17 448
17 78 49
78 17 49
17 76 919
76 17 919
17 20 958
20 17 958
17 72 550
72 17 550
17 31 460
31 17 460
18 57 719
57 18 719
18 47 318
47 18 318
18 72 26
72 18 26
18 39 557
39 18 557
18 31 922
31 18 922
18 76 240
76 18 240
18 56 246
56 18 246
18 62 643
62 18 643
19 59 2
59 19 2
19 84 875
84 19 875
19 44 815
44 19 815
19 50 356
50 19 356
19 52 946
52 19 946
19 53 757
53 19 757
19 44 774
44 19 774
19 42 16
42 19 16
19 20 79
20 19 79
19 58 235
58 19 235
20 26 602
26 20 602
20 70 581
70 20 581
20 85 927
85 20 927
20 53 940
53 20 940
20 68 311
68 20 311
20 54 676
54 20 676
20 26 45
26 20 45
21 38 352
38 21 352
21 33 214
33 21 214
21 72 664
72 21 664
22 23 161
23 22 161
22 34 20
34 22 20
22 54 917
54 22 917
22 70 451
70 22 451
22 77 600
77 22 600
22 31 317
31 22 317
22 81 98
81 22 98
22 34 379
34 22 379
22 28 131
28 22 131
22 43 744
43 22 744
22 62 653
62 22 653
22 33 141
33 22 141
22 82 118
82 22 118
22 76 539
76 22 539
22 47 713
47 22 713
23 27 566
27 23 566
23 64 582
64 23 582
23 72 132
72 23 132
23 64 4
64 23 4
23 30 547
30 23 547
23 83 234
83 23 234
24 53 646
53 24 646
24 63 450
63 24 450
24 67 297
67 24 297
24 86 766
86 24 766
25 39 363
39 25 363
25 57 764
57 25 764
25 47 201
47 25 201
25 70 410
70 25 410
25 65 496
65 25 496
25 53 866
53 25 866
25 84 724
84 25 724
25 37 964
37 25 964
25 72 958
72 25 958
26 36 109
36 26 109
26 49 590
49 26 590
26 70 506
70 26 506
26 78 205
78 26 205
26 39 377
39 26 377
27 36 495
36 27 495
27 47 21
47 27 21
27 56 560
56 27 560
27 83 801
83 27 801
27 65 660
65 27 660
27 28 873
28 27 873
28 40 236
40 28 236
28 45 363
45 28 363
28 71 987
71 28 987
28 83 604
83 28 604
28 44 773
44 28 773
28 85 531
85 28 531
28 43 186
43 28 186
28 52 943
52 28 943
29 35 310
35 29 310
29 49 477
49 29 477
29 64 951
64 29 951
29 63 664
63 29 664
29 78 631
78 29 631
29 71 431
71 29 431
29 33 749
33 29 749
30 75 468
75 30 468
30 81 966
81 30 966
30 65 261
65 30 261
30 36 443
36 30 443
30 49 615
49 30 615
30 45 495
45 30 495
30 65 622
65 30 622
30 59 479
59 30 479
30 36 771
36 30 771
30 76 550
76 30 550
31 32 483
32 31 483
31 37 418
37 31 418
31 76 491
76 31 491
31 51 134
51 31 134
31 72 611
72 31 611
31 86 397
86 31 397
31 32 963
32 31 963
32 41 623
41 32 623
32 48 30
48 32 30
32 75 61
75 32 61
32 59 210
59 32 210
32 51 987
51 32 987
32 62 290
62 32 290
32 70 305
70 32 305
32 80 276
80 32 276
32 75 1000
75 32 1000
33 62 2
62 33 2
33 59 202
59 33 202
33 70 827
70 33 827
33 65 467
65 33 467
33 48 677
48 33 677
33 54 583
54 33 583
33 41 900
41 33 900
34 63 771
63 34 771
34 55 921
55 34 921
34 70 275
70 34 275
34 85 299
85 34 299
34 71 836
71 34 836
34 46 61
46 34 61
35 40 292
40 35 292
35 61 842
61 35 842
35 62 451
62 35 451
35 69 22
69 35 22
35 69 297
69 35 297
36 38 371
38 36 371
36 63 691
63 36 691
36 74 916
74 36 916
36 43 516
43 36 516
36 41 252
41 36 252
36 43 944
43 36 944
36 60 907
60 36 907
36 64 76
64 36 76
37 74 456
74 37 456
37 44 681
44 37 681
37 72 701
72 37 701
37 52 583
52 37 583
38 39 842
39 38 842
38 46 870
46 38 870
38 72 771
72 38 771
38 78 462
78 38 462
38 61 792
61 38 792
39 52 187
52 39 187
39 45 49
45 39 49
39 71 614
71 39 614
39 51 510
51 39 510
40 76 380
76 40 380
40 59 422
59 40 422
40 64 941
64 40 941
40 61 748
61 40 748
40 64 436
64 40 436
40 82 871
82 40 871
41 43 247
43 41 247
41 51 938
51 41 938
41 55 16
55 41 16
41 77 468
77 41 468
41 72 825
72 41 825
41 44 57
44 41 57
41 46 270
46 41 270
41 60 627
60 41 627
41 66 591
66 41 591
41 63 81
63 41 81
41 64 332
64 41 332
42 47 489
47 42 489
42 60 101
60 42 101
42 45 460
45 42 460
42 50 622
50 42 622
42 81 164
81 42 164
42 62 361
62 42 361
42 45 521
45 42 521
42 74 419
74 42 419
43 80 522
80 43 522
43 76 455
76 43 455
43 58 442
58 43 442
44 69 453
69 44 453
44 83 387
83 44 387
44 76 863
76 44 863
44 67 322
67 44 322
44 61 662
61 44 662
44 48 113
48 44 113
44 70 131
70 44 131
45 65 968
65 45 968
45 47 264
47 45 264
45 82 743
82 45 743
45 53 912
53 45 912
45 64 658
64 45 658
45 74 888
74 45 888
45 63 876
63 45 876
45 69 884
69 45 884
46 81 804
81 46 804
46 57 855
57 46 855
46 62 74
62 46 74
46 85 536
85 46 536
46 56 603
56 46 603
46 48 827
48 46 827
46 84 484
84 46 484
46 78 69
78 46 69
47 74 480
74 47 480
47 85 803
85 47 803
47 71 551
71 47 551
47 66 797
66 47 797
47 62 891
62 47 891
48 49 610
49 48 610
48 48 596
48 48 596
48 60 116
60 48 116
48 85 420
85 48 420
48 59 531
59 48 531
48 86 924
86 48 924
49 84 810
84 49 810
49 86 497
86 49 497
49 55 853
55 49 853
49 64 831
64 49 831
50 56 946
56 50 946
50 63 139
63 50 139
50 79 697
79 50 697
50 81 27
81 50 27
50 56 252
56 50 252
50 77 815
77 50 815
50 81 395
81 50 395
51 71 154
71 51 154
51 86 815
86 51 815
51 76 729
76 51 729
51 55 188
55 51 188
51 79 628
79 51 628
51 68 213
68 51 213
51 65 868
65 51 868
51 54 37
54 51 37
52 74 796
74 52 796
52 77 548
77 52 548
52 76 259
76 52 259
52 56 938
56 52 938
52 54 422
54 52 422
53 54 777
54 53 777
53 76 769
76 53 769
54 81 656
81 54 656
54 75 272
75 54 272
54 64 347
64 54 347
54 65 270
65 54 270
55 73 332
73 55 332
55 70 589
70 55 589
55 76 847
76 55 847
56 85 268
85 56 268
56 71 108
71 56 108
56 81 678
81 56 678
57 67 56
67 57 56
57 84 847
84 57 847
57 64 58
64 57 58
57 68 299
68 57 299
57 72 733
72 57 733
58 80 401
80 58 401
58 69 159
69 58 159
58 72 941
72 58 941
58 86 69
86 58 69
58 79 981
79 58 981
58 68 560
68 58 560
59 74 897
74 59 897
59 85 24
85 59 24
59 80 687
80 59 687
59 60 315
60 59 315
60 73 808
73 60 808
60 63 342
63 60 342
60 74 608
74 60 608
61 66 347
66 61 347
61 68 288
68 61 288
61 83 579
83 61 579
62 62 761
62 62 761
62 71 944
71 62 944
62 80 670
80 62 670
62 79 955
79 62 955
62 82 89
82 62 89
63 86 418
86 63 418
63 77 206
77 63 206
65 80 494
80 65 494
65 70 523
70 65 523
65 72 866
72 65 866
65 86 2
86 65 2
65 82 303
82 65 303
65 65 511
65 65 511
65 81 883
81 65 883
66 71 767
71 66 767
66 76 719
76 66 719
67 69 744
69 67 744
67 70 641
70 67 641
67 75 855
75 67 855
67 72 954
72 67 954
68 72 638
72 68 638
68 85 334
85 68 334
68 71 407
71 68 407
69 79 107
79 69 107
69 72 744
72 69 744
70 84 181
84 70 181
71 71 568
71 71 568
71 84 628
84 71 628
71 73 338
73 71 338
71 78 674
78 71 674
71 74 304
74 71 304
72 84 179
84 72 179
73 73 226
73 73 226
73 75 335
75 73 335
74 78 549
78 74 549
76 82 163
82 76 163
76 76 616
76 76 616
76 82 893
82 76 893
77 80 769
80 77 769
77 86 868
86 77 868
79 82 892
82 79 892
83 85 13
85 83 13
83 84 213
84 83 213
