62

0 1 777
1 0 777
0 2 42
2 0 42
0 4 144
4 0 144
0 6 557
6 0 557
0 20 157
20 0 157
0 52 548
52 0 548
0 57 729
57 0 729
0 37 953
37 0 953
0 25 853
25 0 853
0 48 171
48 0 171
0 53 301
53 0 301
0 48 81
48 0 81
0 53 80
53 0 80
0 31 227
31 0 227
0 21 908
21 0 908
0 57 88
57 0 88
0 24 927
24 0 927
0 2 475
2 0 475
1 11 540
11 1 540
1 12 72
12 1 72
1 16 649
16 1 649
1 46 469
46 1 469
1 1 456
1 1 456
1 55 172
55 1 172
1 22 559
22 1 559
1 15 854
15 1 854
1 36 712
36 1 712
1 2 61
2 1 61
1 28 470
28 1 470
1 27 612
27 1 612
1 1 876
1 1 876
2 3 934
3 2 934
2 5 64
5 2 64
2 7 505
7 2 505
2 10 166
10 2 166
2 14 701
14 2 701
2 24 471
24 2 471
2 25 492
25 2 492
2 34 428
34 2 428
2 43 606
43 2 606
2 58 759
58 2 759
2 14 487
14 2 487
2 50 632
50 2 632
2 14 1
14 2 1
2 49 810
49 2 810
3 9 627
9 3 627
3 13 779
13 3 779
3 19 121
19 3 121
3 22 981
22 3 981
3 10 54
10 3 54
3 18 451
18 3 451
3 26 229
26 3 229
3 15 808
15 3 808
3 39 408
39 3 408
4 21 724
21 4 724
4 28 699
28 4 699
4 50 647
50 4 647
4 15 983
15 4 983
4 23 581
23 4 581
4 50 823
50 4 823
4 46 387
46 4 387
4 32 84
32 4 84
4 27 693
27 4 693
5 8 951
8 5 951
5 43 700
43 5 700
5 15 605
15 5 605
5 20 472
20 5 472
5 19 46
19 5 46
6 17 506
17 6 506
6 26 628
26 6 628
6 41 150
41 6 150
6 7 391
7 6 391
6 46 376
46 6 376
6 43 81
43 6 81
6 7 740
7 6 740
7 28 632
28 7 632
7 14 903
14 7 903
7 12 777
12 7 777
7 30 896
30 7 896
7 9 82
9 7 82
7 41 402
41 7 402
7 43 779
43 7 779
7 20 337
20 7 337
8 53 697
53 8 697
8 54 157
54 8 157
8 35 302
35 8 302
8 35 513
35 8 513
9 35 257
35 9 257
9 43 959
43 9 959
9 53 717
53 9 717
9 49 929
49 9 929
9 20 589
20 9 589
9 16 710
16 9 710
9 40 61
40 9 61
9 19 800
19 9 800
10 15 440
15 10 440
10 18 790
18 10 790
10 19 504
19 10 504
10 24 950
24 10 950
10 46 825
46 10 825
10 12 581
12 10 581
10 24 380
24 10 380
10 58 470
58 10 470
10 53 191
53 10 191
10 53 97
53 10 97
11 30 426
30 11 426
11 37 340
37 11 340
11 41 615
41 11 615
11 26 158
26 11 158
11 55 271
55 11 271
11 33 173
33 11 173
11 61 39
61 11 39
11 49 459
49 11 459
11 44 646
44 11 646
11 46 333
46 11 333
12 25 985
25 12 985
12 55 731
55 12 731
12 61 304
61 12 304
12 20 560
20 12 560
12 22 783
22 12 783
12 30 795
30 12 795
12 29 519
29 12 519
13 44 539
44 13 539
13 31 253
31 13 253
13 53 722
53 13 722
13 55 301
55 13 301
13 21 571
21 13 571
13 43 187
43 13 187
14 32 595
32 14 595
14 34 39
34 14 39
14 46 787
46 14 787
14 18 482
18 14 482
14 57 919
57 14 919
14 34 80
34 14 80
14 47 977
47 14 977
14 25 562
25 14 562
15 50 697
50 15 697
15 44 732
44 15 732
15 32 704
32 15 704
15 16 545
16 15 545
15 37 260
37 15 260
15 52 170
52 15 170
15 60 992
60 15 992
15 24 142
24 15 142
16 40 742
40 16 742
16 49 341
49 16 341
16 25 565
25 16 565
16 52 98
52 16 98
16 46 269
46 16 269
16 27 368
27 16 368
16 16 132
16 16 132
16 35 245
35 16 245
16 33 583
33 16 583
16 29 351
29 16 351
17 27 280
27 17 280
17 29 546
29 17 546
17 51 728
51 17 728
17 55 807
55 17 807
17 31 348
31 17 348
17 44 704
44 17 704
17 22 266
22 17 266
17 42 956
42 17 956
18 60 680
60 18 680
18 23 874
23 18 874
18 39 404
39 18 404
18 54 971
54 18 971
18 28 831
28 18 831
18 44 877
44 18 877
18 24 925
24 18 925
18 22 488
22 18 488
19 23 647
23 19 647
19 26 554
26 19 554
19 54 392
54 19 392
19 41 682
41 19 682
19 56 899
56 19 899
19 20 679
20 19 679
19 25 120
25 19 120
20 37 675
37 20 675
20 59 33
59 20 33
20 54 925
54 20 925
20 28 203
28 20 203
20 43 199
43 20 199
20 51 275
51 20 275
20 23 969
23 20 969
20 37 714
37 20 714
21 22 859
22 21 859
21 59 278
59 21 278
21 58 973
58 21 973
21 57 734
57 21 734
21 29 964
29 21 964
21 60 914
60 21 914
21 38 415
38 21 415
21 42 740
42 21 740
21 54 772
54 21 772
21 60 209
60 21 209
22 48 433
48 22 433
22 25 605
25 22 605
22 50 667
50 22 667
22 54 824
54 22 824
22 45 840
45 22 840
22 57 191
57 22 191
22 24 317
24 22 317
23 38 524
38 23 524
23 57 43
57 23 43
23 28 155
28 23 155
23 38 308
38 23 308
23 24 904
24 23 904
23 44 816
44 23 816
23 56 900
56 23 900
24 41 759
41 24 759
24 61 684
61 24 684
24 53 395
53 24 395
24 29 20
29 24 20
24 41 398
41 24 398
24 36 585
36 24 585
24 37 517
37 24 517
24 32 667
32 24 667
24 57 646
57 24 646
24 37 963
37 24 963
24 59 160
59 24 160
24 43 667
43 24 667
24 34 139
34 24 139
25 31 670
31 25 670
25 36 758
36 25 758
25 48 665
48 25 665
25 43 61
43 25 61
25 37 566
37 25 566
25 31 680
31 25 680
25 50 547
50 25 547
25 32 938
32 25 938
25 27 285
27 25 285
25 46 24
46 25 24
26 46 223
46 26 223
26 55 361
55 26 361
26 45 149
45 26 149
26 52 850
52 26 850
26 58 667
58 26 667
26 53 314
53 26 314
26 35 336
35 26 336
26 32 271
32 26 271
26 47 908
47 26 908
27 47 595
47 27 595
27 29 615
29 27 615
27 39 853
39 27 853
27 55 711
55 27 711
27 43 160
43 27 160
27 47 262
47 27 262
27 51 723
51 27 723
28 39 985
39 28 985
29 34 842
34 29 842
29 30 598
30 29 598
29 34 279
34 29 279
29 55 121
55 29 121
30 46 730
46 30 730
30 57 4
57 30 4
30 33 792
33 30 792
30 32 376
32 30 376
30 51 816
51 30 816
30 50 243
50 30 243
31 61 330
61 31 330
31 44 962
44 31 962
31 48 453
48 31 453
31 58 372
58 31 372
32 33 209
33 32 209
32 53 153
53 32 153
32 42 60
42 32 60
32 33 900
33 32 900
32 58 444
58 32 444
32 49 880
49 32 880
33 39 377
39 33 377
33 55 966
55 33 966
33 55 116
55 33 116
34 56 807
56 34 807
34 60 527
60 34 527
34 43 451
43 34 451
34 44 441
44 34 441
34 60 645
60 34 645
34 54 736
54 34 736
34 55 285
55 34 285
34 46 501
46 34 501
35 52 164
52 35 164
35 60 480
60 35 480
35 46 702
46 35 702
35 60 595
60 35 595
36 61 780
61 36 780
36 52 947
52 36 947
36 40 417
40 36 417
37 42 233
42 37 233
37 48 280
48 37 280
37 39 558
39 37 558
37 42 709
42 37 709
38 42 460
42 38 460
38 45 688
45 38 688
38 54 669
54 38 669
38 39 915
39 38 915
38 40 259
40 38 259
38 39 668
39 38 668
38 52 39
52 38 39
38 49 515
49 38 515
39 52 401
52 39 401
39 56 419
56 39 419
39 60 95
60 39 95
40 57 562
57 40 562
40 42 627
42 40 627
40 60 69
60 40 69
41 46 529
46 41 529
41 42 246
42 41 246
41 47 986
47 41 986
42 61 115
61 42 115
42 47 929
47 42 929
43 48 384
48 43 384
43 53 352
53 43 352
43 48 472
48 43 472
43 44 622
44 43 622
44 55 995
55 44 995
44 55 970
55 44 970
44 47 168
47 44 168
44 51 588
51 44 588
44 59 292
59 44 292
44 45 840
45 44 840
44 50 479
50 44 479
45 56 394
56 45 394
45 56 856
56 45 856
45 47 645
47 45 645
46 47 636
47 46 636
46 48 873
48 46 873
46 51 52
51 46 52
46 56 283
56 46 283
47 50 163
50 47 163
47 54 584
54 47 584
47 53 461
53 47 461
48 52 889
52 48 889
48 55 685
55 48 685
48 51 55
51 48 55
48 49 438
49 48 438
48 55 216
55 48 216
49 58 583
58 49 583
49 56 881
56 49 881
49 52 321
52 49 321
49 61 789
61 49 789
50 61 308
61 50 308
50 52 470
52 50 470
50 59 454
59 50 454
51 53 310
53 51 310
51 57 102
57 51 102
51 54 151
54 51 151
52 57 193
57 52 193
52 59 863
59 52 863
53 58 950
58 53 950
54 55 379
55 54 379
54 56 953
56 54 953
54 58 390
58 54 390
54 60 14
60 54 14
56 58 980
58 56 980
57 59 955
59 57 955
59 60 299
60 59 299
