67

0 1 709
1 0 709
0 2 85
2 0 85
0 3 359
3 0 359
0 5 352
5 0 352
0 12 76
12 0 76
0 17 675
17 0 675
0 6 416
6 0 416
0 11 964
11 0 964
0 36 14
36 0 14
0 28 958
28 0 958
0 18 267
18 0 267
0 47 785
47 0 785
0 3 104
3 0 104
0 15 628
15 0 628
1 9 352
9 1 352
1 66 320
66 1 320
1 57 925
57 1 925
1 7 656
7 1 656
1 5 959
5 1 959
1 43 34
43 1 34
1 45 839
45 1 839
1 61 61
61 1 61
1 44 400
44 1 400
1 65 694
65 1 694
1 7 823
7 1 823
1 27 48
27 1 48
1 41 333
41 1 333
1 19 199
19 1 199
1 2 888
2 1 888
1 51 837
51 1 837
1 19 19
19 1 19
2 4 473
4 2 473
2 7 374
7 2 374
2 11 220
11 2 220
2 2 391
2 2 391
2 43 695
43 2 695
2 13 335
13 2 335
2 16 346
16 2 346
2 35 872
35 2 872
2 36 754
36 2 754
2 50 868
50 2 868
2 15 120
15 2 120
3 22 919
22 3 919
3 61 281
61 3 281
3 27 485
27 3 485
3 36 918
36 3 918
3 13 47
13 3 47
3 16 96
16 3 96
3 53 761
53 3 761
3 16 891
16 3 891
3 13 433
13 3 433
3 24 770
24 3 770
3 24 455
24 3 455
3 30 845
30 3 845
3 34 936
34 3 936
4 6 332
6 4 332
4 32 804
32 4 804
4 35 714
35 4 714
4 7 543
7 4 543
4 44 303
44 4 303
4 57 665
57 4 665
4 61 673
61 4 673
4 59 798
59 4 798
4 30 604
30 4 604
4 27 376
27 4 376
4 63 586
63 4 586
4 29 756
29 4 756
4 62 588
62 4 588
4 33 277
33 4 277
5 8 170
8 5 170
5 10 818
10 5 818
5 26 993
26 5 993
5 47 924
47 5 924
5 42 80
42 5 80
5 40 328
40 5 328
5 59 582
59 5 582
5 40 231
40 5 231
5 34 395
34 5 395
5 52 777
52 5 777
5 66 138
66 5 138
5 17 641
17 5 641
5 53 820
53 5 820
5 60 688
60 5 688
5 44 730
44 5 730
5 36 943
36 5 943
6 23 770
23 6 770
6 8 138
8 6 138
6 49 330
49 6 330
6 34 353
34 6 353
6 59 222
59 6 222
6 45 248
45 6 248
6 29 456
29 6 456
6 48 342
48 6 342
7 38 71
38 7 71
7 64 31
64 7 31
7 8 603
8 7 603
7 50 419
50 7 419
7 29 513
29 7 513
7 46 141
46 7 141
7 44 964
44 7 964
7 63 497
63 7 497
7 35 165
35 7 165
7 37 267
37 7 267
7 32 275
32 7 275
7 12 573
12 7 573
7 43 799
43 7 799
7 32 621
32 7 621
7 53 254
53 7 254
7 15 835
15 7 835
7 13 273
13 7 273
8 13 813
13 8 813
8 14 897
14 8 897
8 19 127
19 8 127
8 28 998
28 8 998
8 61 266
61 8 266
8 32 948
32 8 948
8 62 956
62 8 956
8 52 774
52 8 774
8 46 735
46 8 735
8 16 751
16 8 751
8 64 142
64 8 142
8 52 249
52 8 249
8 29 809
29 8 809
8 65 849
65 8 849
9 16 519
16 9 519
9 13 435
13 9 435
9 66 400
66 9 400
9 64 576
64 9 576
9 14 20
14 9 20
9 26 851
26 9 851
9 35 69
35 9 69
9 30 936
30 9 936
9 14 481
14 9 481
9 61 656
61 9 656
9 12 764
12 9 764
9 44 8
44 9 8
10 29 527
29 10 527
10 43 64
43 10 64
10 15 852
15 10 852
10 30 606
30 10 606
10 50 701
50 10 701
10 53 430
53 10 430
10 55 36
55 10 36
10 14 507
14 10 507
10 65 106
65 10 106
10 34 190
34 10 190
10 43 826
43 10 826
10 33 699
33 10 699
11 62 922
62 11 922
11 29 736
29 11 736
11 36 395
36 11 395
11 27 921
27 11 921
11 21 856
21 11 856
11 56 105
56 11 105
11 38 39
38 11 39
11 15 670
15 11 670
11 44 602
44 11 602
11 30 651
30 11 651
11 20 334
20 11 334
11 48 722
48 11 722
12 18 107
18 12 107
12 20 784
20 12 784
12 64 2
64 12 2
12 35 443
35 12 443
12 66 837
66 12 837
12 66 601
66 12 601
12 57 644
57 12 644
12 45 368
45 12 368
12 48 309
48 12 309
13 15 899
15 13 899
13 40 634
40 13 634
13 50 101
50 13 101
13 52 255
52 13 255
13 31 915
31 13 915
13 18 955
18 13 955
13 43 214
43 13 214
13 66 134
66 13 134
13 34 306
34 13 306
13 55 432
55 13 432
13 25 701
25 13 701
14 48 131
48 14 131
14 40 438
40 14 438
14 14 54
14 14 54
14 40 765
40 14 765
14 19 537
19 14 537
14 54 668
54 14 668
14 16 63
16 14 63
14 15 353
15 14 353
14 54 694
54 14 694
14 16 435
16 14 435
15 45 425
45 15 425
15 57 419
57 15 419
15 25 852
25 15 852
15 40 884
40 15 884
15 40 57
40 15 57
15 57 808
57 15 808
15 25 827
25 15 827
15 41 254
41 15 254
15 24 576
24 15 576
15 49 193
49 15 193
15 64 550
64 15 550
16 21 318
21 16 318
16 27 267
27 16 267
16 63 206
63 16 206
16 39 768
39 16 768
16 34 474
34 16 474
16 33 607
33 16 607
17 31 224
31 17 224
17 42 318
42 17 318
17 58 559
58 17 559
17 66 879
66 17 879
17 64 84
64 17 84
17 59 718
59 17 718
17 33 147
33 17 147
17 42 748
42 17 748
17 24 674
24 17 674
17 32 404
32 17 404
18 24 368
24 18 368
18 38 797
38 18 797
18 39 404
39 18 404
18 49 734
49 18 734
18 66 922
66 18 922
18 63 710
63 18 710
18 64 368
64 18 368
18 47 147
47 18 147
18 31 394
31 18 394
18 52 733
52 18 733
18 48 81
48 18 81
18 55 644
55 18 644
18 30 138
30 18 138
19 34 10
34 19 10
19 56 71
56 19 71
19 65 439
65 19 439
19 24 500
24 19 500
19 54 111
54 19 111
19 45 542
45 19 542
19 47 594
47 19 594
20 28 146
28 20 146
20 45 387
45 20 387
20 63 241
63 20 241
20 42 875
42 20 875
20 25 870
25 20 870
20 52 617
52 20 617
20 23 421
23 20 421
20 64 236
64 20 236
21 64 237
64 21 237
21 34 796
34 21 796
21 43 522
43 21 522
21 64 854
64 21 854
21 39 534
39 21 534
21 40 626
40 21 626
21 25 404
25 21 404
21 23 779
23 21 779
21 34 384
34 21 384
21 22 661
22 21 661
22 39 683
39 22 683
22 36 200
36 22 200
22 47 434
47 22 434
22 48 432
48 22 432
22 35 656
35 22 656
22 28 507
28 22 507
22 43 846
43 22 846
22 29 857
29 22 857
23 25 471
25 23 471
23 26 300
26 23 300
23 55 486
55 23 486
23 44 589
44 23 589
23 62 841
62 23 841
23 31 367
31 23 367
23 28 335
28 23 335
23 40 382
40 23 382
23 33 427
33 23 427
24 46 372
46 24 372
24 37 706
37 24 706
24 54 377
54 24 377
24 32 457
32 24 457
24 65 844
65 24 844
25 30 430
30 25 430
25 60 694
60 25 694
25 53 43
53 25 43
25 33 533
33 25 533
25 60 58
60 25 58
26 27 286
27 26 286
26 36 351
36 26 351
26 42 883
42 26 883
26 35 458
35 26 458
26 45 553
45 26 553
26 61 978
61 26 978
26 64 713
64 26 713
26 28 490
28 26 490
26 40 420
40 26 420
26 59 159
59 26 159
26 50 587
50 26 587
27 51 715
51 27 715
27 54 809
54 27 809
27 31 294
31 27 294
27 51 66
51 27 66
28 43 652
43 28 652
28 45 975
45 28 975
28 43 540
43 28 540
28 48 57
48 28 57
28 40 157
40 28 157
28 37 84
37 28 84
28 55 318
55 28 318
29 31 929
31 29 929
29 35 602
35 29 602
29 63 708
63 29 708
29 59 942
59 29 942
30 32 150
32 30 150
30 33 319
33 30 319
30 54 786
54 30 786
30 52 511
52 30 511
30 46 50
46 30 50
30 60 959
60 30 959
31 33 368
33 31 368
31 37 307
37 31 307
31 41 882
41 31 882
31 54 908
54 31 908
31 64 435
64 31 435
32 43 934
43 32 934
32 65 764
65 32 764
32 58 295
58 32 295
32 35 495
35 32 495
33 46 356
46 33 356
33 53 936
53 33 936
33 53 993
53 33 993
33 65 443
65 33 443
33 50 19
50 33 19
33 35 646
35 33 646
34 41 166
41 34 166
34 41 970
41 34 970
34 64 227
64 34 227
35 49 667
49 35 667
35 36 470
36 35 470
35 44 321
44 35 321
35 49 434
49 35 434
36 44 703
44 36 703
36 43 796
43 36 796
36 51 763
51 36 763
36 43 12
43 36 12
36 63 710
63 36 710
37 57 871
57 37 871
37 43 768
43 37 768
37 49 206
49 37 206
37 55 461
55 37 461
37 51 847
51 37 847
37 48 789
48 37 789
38 44 330
44 38 330
38 53 464
53 38 464
38 49 401
49 38 401
38 57 883
57 38 883
39 54 432
54 39 432
39 58 752
58 39 752
39 46 126
46 39 126
39 57 147
57 39 147
39 65 654
65 39 654
39 41 715
41 39 715
39 60 821
60 39 821
39 46 345
46 39 345
40 55 382
55 40 382
40 41 73
41 40 73
41 59 820
59 41 820
41 59 234
59 41 234
41 46 131
46 41 131
42 48 482
48 42 482
42 49 488
49 42 488
42 59 860
59 42 860
42 43 761
43 42 761
42 51 611
51 42 611
43 63 751
63 43 751
43 57 131
57 43 131
43 62 791
62 43 791
43 56 445
56 43 445
43 64 689
64 43 689
44 48 415
48 44 415
44 52 637
52 44 637
44 50 335
50 44 335
45 66 577
66 45 577
45 66 34
66 45 34
45 61 212
61 45 212
46 60 327
60 46 327
46 54 721
54 46 721
47 57 403
57 47 403
47 51 290
51 47 290
47 65 329
65 47 329
48 63 169
63 48 169
48 49 297
49 48 297
49 58 270
58 49 270
49 53 828
53 49 828
49 66 685
66 49 685
50 60 793
60 50 793
50 58 348
58 50 348
50 56 273
56 50 273
51 60 740
60 51 740
51 65 624
65 51 624
52 55 754
55 52 754
52 56 658
56 52 658
52 63 234
63 52 234
52 54 552
54 52 552
53 57 490
57 53 490
54 57 962
57 54 962
54 54 877
54 54 877
55 61 67
61 55 67
55 57 192
57 55 192
55 55 617
55 55 617
55 60 119
60 55 119
55 66 861
66 55 861
57 60 769
60 57 769
57 60 17
60 57 17
57 63 332
63 57 332
57 62 226
62 57 226
58 61 661
61 58 661
59 61 816
61 59 816
60 66 195
66 60 195
60 65 983
65 60 983
63 64 871
64 63 871
63 64 239
64 63 239
63 65 766
65 63 766
