91

0 1 786
1 0 786
0 2 74
2 0 74
0 44 954
44 0 954
1 3 545
3 1 545
1 4 950
4 1 950
1 19 568
19 1 568
2 5 421
5 2 421
2 12 544
12 2 544
2 78 870
78 2 870
3 6 359
6 3 359
3 7 864
7 3 864
3 8 899
8 3 899
3 18 23
18 3 23
4 21 295
21 4 295
4 15 341
15 4 341
5 11 986
11 5 986
5 17 2
17 5 2
5 59 25
59 5 25
5 12 448
12 5 448
5 38 523
38 5 523
6 10 255
10 6 255
6 14 597
14 6 597
6 35 304
35 6 304
6 57 249
57 6 249
6 62 496
62 6 496
7 9 126
9 7 126
7 22 814
22 7 814
7 29 396
29 7 396
7 53 740
53 7 740
7 54 990
54 7 990
8 43 486
43 8 486
8 59 591
59 8 591
8 15 522
15 8 522
9 24 142
24 9 142
9 25 562
25 9 562
9 60 684
60 9 684
9 30 900
30 9 900
10 50 890
50 10 890
11 13 966
13 11 966
12 15 711
15 12 711
12 16 780
16 12 780
12 50 423
50 12 423
13 38 904
38 13 904
14 30 413
30 14 413
16 20 730
20 16 730
16 27 607
27 16 607
16 51 826
51 16 826
17 37 945
37 17 945
17 63 228
63 17 228
18 23 461
23 18 461
18 26 837
26 18 837
18 31 30
31 18 30
18 39 464
39 18 464
18 65 438
65 18 438
18 83 707
83 18 707
20 32 353
32 20 353
20 40 932
40 20 932
20 41 950
41 20 950
20 64 711
64 20 711
20 52 55
52 20 55
21 86 737
86 21 737
21 79 809
79 21 809
21 40 206
40 21 206
22 47 765
47 22 765
23 28 916
28 23 916
23 76 26
76 23 26
23 86 826
86 23 826
23 86 89
86 23 89
24 30 100
30 24 100
24 36 680
36 24 680
24 49 606
49 24 606
24 28 607
28 24 607
25 40 496
40 25 496
26 73 661
73 26 661
27 33 691
33 27 691
28 34 761
34 28 761
29 48 244
48 29 244
30 70 551
70 30 551
30 43 540
43 30 540
33 66 771
66 33 771
33 81 536
81 33 536
34 46 510
46 34 510
34 67 988
67 34 988
36 52 399
52 36 399
36 80 592
80 36 592
37 72 960
72 37 960
38 42 237
42 38 237
38 74 768
74 38 768
40 55 355
55 40 355
40 56 908
56 40 908
42 58 9
58 42 9
42 47 271
47 42 271
43 68 653
68 43 653
44 45 969
45 44 969
46 50 369
50 46 369
47 63 579
63 47 579
47 79 968
79 47 968
47 90 335
90 47 335
48 77 583
77 48 583
49 61 836
61 49 836
49 76 347
76 49 347
50 71 30
71 50 30
52 68 931
68 52 931
53 62 740
62 53 740
53 60 949
60 53 949
54 69 752
69 54 752
54 90 623
90 54 623
55 79 780
79 55 780
56 75 485
75 56 485
61 87 248
87 61 248
67 86 288
86 67 288
72 85 330
85 72 330
72 74 350
74 72 350
75 77 448
77 75 448
75 82 813
82 75 813
77 89 691
89 77 691
77 81 749
81 77 749
80 88 117
88 80 117
81 84 443
84 81 443
88 90 208
90 88 208
