98

0 1 697
1 0 697
0 3 267
3 0 267
0 4 63
4 0 63
0 8 381
8 0 381
0 12 298
12 0 298
0 52 468
52 0 468
0 23 721
23 0 721
0 88 690
88 0 690
0 51 553
51 0 553
0 63 849
63 0 849
0 59 441
59 0 441
0 47 258
47 0 258
0 13 179
13 0 179
0 56 415
56 0 415
0 86 78
86 0 78
0 68 515
68 0 515
0 4 204
4 0 204
0 96 57
96 0 57
0 20 830
20 0 830
0 72 889
72 0 889
0 39 973
39 0 973
1 2 256
2 1 256
1 6 319
6 1 319
1 7 562
7 1 562
1 11 540
11 1 540
1 13 297
13 1 297
1 32 619
32 1 619
1 12 482
12 1 482
1 20 323
20 1 323
1 64 733
64 1 733
1 94 730
94 1 730
1 68 255
68 1 255
1 10 484
10 1 484
1 11 194
11 1 194
1 6 553
6 1 553
1 68 615
68 1 615
1 12 744
12 1 744
1 33 604
33 1 604
1 13 402
13 1 402
1 95 292
95 1 292
1 46 673
46 1 673
1 17 213
17 1 213
1 11 867
11 1 867
2 22 273
22 2 273
2 23 71
23 2 71
2 24 520
24 2 520
2 20 578
20 2 578
2 15 29
15 2 29
2 62 837
62 2 837
2 15 400
15 2 400
2 29 620
29 2 620
2 72 367
72 2 367
2 63 992
63 2 992
2 2 829
2 2 829
2 5 768
5 2 768
2 26 106
26 2 106
2 38 818
38 2 818
2 41 160
41 2 160
2 64 581
64 2 581
2 79 128
79 2 128
2 89 779
89 2 779
2 93 495
93 2 495
2 30 486
30 2 486
2 68 225
68 2 225
2 9 523
9 2 523
2 81 56
81 2 56
2 46 459
46 2 459
2 86 770
86 2 770
2 42 932
42 2 932
2 52 262
52 2 262
3 71 455
71 3 455
3 47 729
47 3 729
3 72 100
72 3 100
3 51 355
51 3 355
3 28 208
28 3 208
3 16 663
16 3 663
3 11 135
11 3 135
3 96 184
96 3 184
3 26 951
26 3 951
3 39 971
39 3 971
3 67 471
67 3 471
3 47 950
47 3 950
3 43 380
43 3 380
3 88 990
88 3 990
3 90 484
90 3 484
3 56 857
56 3 857
3 46 346
46 3 346
3 74 89
74 3 89
3 69 797
69 3 797
3 72 356
72 3 356
4 5 537
5 4 537
4 15 174
15 4 174
4 17 414
17 4 414
4 24 670
24 4 670
4 40 584
40 4 584
4 17 585
17 4 585
4 75 594
75 4 594
4 76 221
76 4 221
4 15 20
15 4 20
4 62 258
62 4 258
4 13 864
13 4 864
4 48 167
48 4 167
4 86 161
86 4 161
4 83 874
83 4 874
4 66 139
66 4 139
4 10 511
10 4 511
4 16 53
16 4 53
4 23 295
23 4 295
4 33 279
33 4 279
4 75 625
75 4 625
4 8 691
8 4 691
4 27 897
27 4 897
5 14 825
14 5 825
5 24 180
24 5 180
5 29 508
29 5 508
5 39 37
39 5 37
5 42 445
42 5 445
5 43 244
43 5 244
5 54 160
54 5 160
5 50 927
50 5 927
5 88 196
88 5 196
5 46 352
46 5 352
5 72 184
72 5 184
5 13 543
13 5 543
5 63 899
63 5 899
5 81 904
81 5 904
5 23 581
23 5 581
5 33 792
33 5 792
5 96 500
96 5 500
5 38 154
38 5 154
5 89 136
89 5 136
5 87 321
87 5 321
5 52 227
52 5 227
5 70 840
70 5 840
5 95 96
95 5 96
5 12 702
12 5 702
6 10 145
10 6 145
6 19 793
19 6 793
6 21 630
21 6 630
6 35 246
35 6 246
6 32 512
32 6 512
6 32 280
32 6 280
6 97 571
97 6 571
6 74 723
74 6 723
6 79 244
79 6 244
6 67 940
67 6 940
6 11 260
11 6 260
6 64 392
64 6 392
6 88 753
88 6 753
6 96 527
96 6 527
6 77 424
77 6 424
6 80 8
80 6 8
6 18 51
18 6 51
6 13 475
13 6 475
6 15 597
15 6 597
7 9 411
9 7 411
7 49 200
49 7 200
7 85 577
85 7 577
7 84 551
84 7 551
7 57 32
57 7 32
7 68 883
68 7 883
7 44 667
44 7 667
7 91 670
91 7 670
7 49 26
49 7 26
7 33 628
33 7 628
7 63 843
63 7 843
7 90 789
90 7 789
7 27 368
27 7 368
7 19 845
19 7 845
7 67 738
67 7 738
7 24 469
24 7 469
7 88 349
88 7 349
7 44 599
44 7 599
7 28 720
28 7 720
7 69 238
69 7 238
7 83 112
83 7 112
7 76 789
76 7 789
8 44 664
44 8 664
8 57 886
57 8 886
8 69 333
69 8 333
8 59 999
59 8 999
8 68 599
68 8 599
8 36 912
36 8 912
8 46 630
46 8 630
8 70 252
70 8 252
8 61 353
61 8 353
8 43 134
43 8 134
8 80 993
80 8 993
8 29 735
29 8 735
9 28 335
28 9 335
9 61 410
61 9 410
9 15 941
15 9 941
9 97 526
97 9 526
9 25 731
25 9 731
9 33 458
33 9 458
9 68 838
68 9 838
9 49 609
49 9 609
9 63 231
63 9 231
9 61 696
61 9 696
9 31 120
31 9 120
9 77 595
77 9 595
9 10 871
10 9 871
9 18 634
18 9 634
9 16 24
16 9 24
9 78 329
78 9 329
9 18 693
18 9 693
9 62 270
62 9 270
9 74 984
74 9 984
9 54 455
54 9 455
9 77 760
77 9 760
9 92 438
92 9 438
10 16 520
16 10 520
10 33 135
33 10 135
10 41 202
41 10 202
10 60 806
60 10 806
10 49 864
49 10 864
10 91 589
91 10 589
10 50 368
50 10 368
10 48 312
48 10 312
10 72 203
72 10 203
10 56 494
56 10 494
10 57 609
57 10 609
10 81 305
81 10 305
10 23 915
23 10 915
10 41 666
41 10 666
10 25 225
25 10 225
10 47 920
47 10 920
10 64 796
64 10 796
10 78 735
78 10 735
10 32 712
32 10 712
10 77 893
77 10 893
11 86 525
86 11 525
11 63 613
63 11 613
11 53 900
53 11 900
11 48 877
48 11 877
11 79 915
79 11 915
11 80 649
80 11 649
11 30 648
30 11 648
11 24 321
24 11 321
11 55 494
55 11 494
11 14 506
14 11 506
11 55 526
55 11 526
11 71 708
71 11 708
12 33 549
33 12 549
12 43 247
43 12 247
12 51 803
51 12 803
12 71 275
71 12 275
12 59 404
59 12 404
12 65 333
65 12 333
12 89 971
89 12 971
12 24 570
24 12 570
12 97 560
97 12 560
12 43 811
43 12 811
12 23 506
23 12 506
12 48 667
48 12 667
12 87 580
87 12 580
13 88 437
88 13 437
13 57 861
57 13 861
13 22 222
22 13 222
13 65 49
65 13 49
13 52 38
52 13 38
13 36 56
36 13 56
13 59 220
59 13 220
13 28 7
28 13 7
13 92 184
92 13 184
13 91 217
91 13 217
13 77 892
77 13 892
13 86 619
86 13 619
14 31 164
31 14 164
14 36 877
36 14 877
14 90 501
90 14 501
14 50 454
50 14 454
14 40 250
40 14 250
14 40 349
40 14 349
14 23 589
23 14 589
14 17 766
17 14 766
14 23 671
23 14 671
14 67 285
67 14 285
14 15 780
15 14 780
14 29 985
29 14 985
14 23 103
23 14 103
14 83 278
83 14 278
14 49 959
49 14 959
14 27 575
27 14 575
14 70 45
70 14 45
15 36 384
36 15 384
15 69 625
69 15 625
15 73 335
73 15 335
15 72 942
72 15 942
15 84 22
84 15 22
15 75 424
75 15 424
15 76 726
76 15 726
15 54 14
54 15 14
15 42 558
42 15 558
15 15 480
15 15 480
15 42 773
42 15 773
15 36 562
36 15 562
15 45 93
45 15 93
15 23 700
23 15 700
15 78 768
78 15 768
15 30 68
30 15 68
15 27 799
27 15 799
16 18 355
18 16 355
16 20 277
20 16 277
16 26 883
26 16 883
16 25 893
25 16 893
16 95 894
95 16 894
16 39 283
39 16 283
16 35 549
35 16 549
16 28 678
28 16 678
16 64 301
64 16 301
16 68 982
68 16 982
16 91 15
91 16 15
16 38 148
38 16 148
16 18 1000
18 16 1000
16 40 118
40 16 118
16 87 457
87 16 457
16 31 64
31 16 64
17 27 43
27 17 43
17 59 417
59 17 417
17 58 674
58 17 674
17 29 793
29 17 793
17 57 111
57 17 111
17 82 515
82 17 515
17 49 664
49 17 664
17 37 794
37 17 794
17 88 883
88 17 883
17 45 60
45 17 60
17 36 553
36 17 553
17 75 52
75 17 52
17 19 455
19 17 455
17 36 92
36 17 92
18 95 314
95 18 314
18 52 562
52 18 562
18 23 597
23 18 597
18 79 906
79 18 906
18 55 636
55 18 636
18 52 179
52 18 179
18 23 906
23 18 906
18 52 654
52 18 654
18 21 653
21 18 653
18 45 915
45 18 915
18 60 721
60 18 721
19 52 453
52 19 453
19 50 341
50 19 341
19 68 708
68 19 708
19 64 769
64 19 769
19 53 691
53 19 691
19 66 323
66 19 323
19 41 44
41 19 44
19 34 392
34 19 392
19 19 113
19 19 113
19 70 898
70 19 898
19 45 534
45 19 534
19 70 210
70 19 210
19 20 111
20 19 111
20 34 977
34 20 977
20 40 885
40 20 885
20 53 939
53 20 939
20 83 282
83 20 282
20 57 813
57 20 813
20 28 265
28 20 265
20 36 661
36 20 661
20 27 541
27 20 541
20 82 704
82 20 704
20 75 738
75 20 738
20 36 378
36 20 378
20 81 732
81 20 732
21 25 426
25 21 426
21 56 608
56 21 608
21 72 743
72 21 743
21 52 720
52 21 720
21 35 706
35 21 706
21 88 676
88 21 676
21 33 135
33 21 135
21 25 870
25 21 870
21 42 981
42 21 981
21 24 806
24 21 806
21 69 274
69 21 274
21 43 476
43 21 476
21 70 744
70 21 744
21 96 550
96 21 550
21 53 971
53 21 971
21 88 738
88 21 738
22 82 799
82 22 799
22 51 816
51 22 816
22 86 208
86 22 208
22 32 566
32 22 566
22 70 35
70 22 35
22 55 624
55 22 624
22 81 585
81 22 585
22 92 919
92 22 919
22 68 989
68 22 989
22 22 916
22 22 916
22 56 342
56 22 342
23 87 829
87 23 829
23 36 918
36 23 918
23 60 510
60 23 510
23 28 101
28 23 101
23 47 62
47 23 62
23 53 284
53 23 284
23 92 665
92 23 665
23 40 702
40 23 702
23 75 143
75 23 143
23 64 982
64 23 982
23 30 547
30 23 547
23 93 601
93 23 601
23 70 926
70 23 926
23 30 871
30 23 871
23 41 708
41 23 708
23 69 469
69 23 469
23 24 907
24 23 907
24 46 666
46 24 666
24 28 877
28 24 877
24 45 910
45 24 910
24 59 419
59 24 419
24 81 219
81 24 219
24 69 358
69 24 358
24 34 565
34 24 565
24 30 500
30 24 500
24 66 843
66 24 843
24 40 715
40 24 715
24 40 529
40 24 529
24 73 495
73 24 495
25 38 413
38 25 413
25 58 236
58 25 236
25 45 586
45 25 586
25 36 975
36 25 975
25 85 557
85 25 557
25 79 357
79 25 357
25 55 72
55 25 72
25 96 454
96 25 454
25 47 519
47 25 519
25 34 85
34 25 85
25 31 880
31 25 880
25 93 138
93 25 138
25 27 850
27 25 850
25 61 245
61 25 245
25 25 706
25 25 706
25 83 615
83 25 615
25 57 615
57 25 615
26 75 792
75 26 792
26 75 528
75 26 528
26 74 406
74 26 406
26 32 526
32 26 526
26 50 322
50 26 322
26 51 985
51 26 985
26 53 541
53 26 541
26 91 129
91 26 129
26 70 795
70 26 795
26 42 721
42 26 721
26 70 92
70 26 92
26 52 701
52 26 701
27 84 606
84 27 606
27 44 916
44 27 916
27 66 717
66 27 717
27 67 496
67 27 496
27 96 264
96 27 264
27 37 931
37 27 931
27 70 212
70 27 212
27 80 54
80 27 54
27 50 301
50 27 301
28 45 574
45 28 574
28 76 647
76 28 647
28 78 10
78 28 10
28 66 82
66 28 82
28 56 946
56 28 946
28 63 387
63 28 387
28 52 207
52 28 207
28 57 70
57 28 70
28 35 521
35 28 521
28 96 72
96 28 72
28 51 149
51 28 149
28 40 858
40 28 858
28 64 183
64 28 183
28 70 26
70 28 26
28 81 275
81 28 275
28 72 301
72 28 301
28 81 47
81 28 47
28 79 521
79 28 521
29 30 495
30 29 495
29 65 856
65 29 856
29 81 244
81 29 244
29 56 408
56 29 408
29 77 909
77 29 909
29 84 249
84 29 249
29 77 577
77 29 577
29 81 118
81 29 118
29 47 542
47 29 542
29 36 256
36 29 256
29 54 220
54 29 220
29 62 83
62 29 83
29 37 183
37 29 183
29 69 98
69 29 98
30 89 522
89 30 522
30 37 338
37 30 338
30 83 344
83 30 344
30 87 647
87 30 647
30 76 817
76 30 817
30 40 869
40 30 869
30 65 678
65 30 678
30 76 28
76 30 28
30 41 339
41 30 339
30 44 256
44 30 256
30 69 736
69 30 736
30 60 523
60 30 523
30 64 782
64 30 782
31 75 358
75 31 358
31 48 37
48 31 37
31 50 460
50 31 460
31 81 338
81 31 338
31 34 15
34 31 15
31 66 779
66 31 779
31 69 140
69 31 140
31 60 521
60 31 521
31 78 319
78 31 319
31 59 184
59 31 184
32 80 429
80 32 429
32 57 455
57 32 455
32 60 499
60 32 499
32 37 593
37 32 593
32 53 347
53 32 347
32 78 431
78 32 431
32 89 892
89 32 892
32 84 859
84 32 859
32 90 152
90 32 152
32 85 589
85 32 589
32 42 352
42 32 352
32 61 238
61 32 238
32 50 24
50 32 24
32 42 111
42 32 111
33 37 736
37 33 736
33 72 178
72 33 178
33 42 708
42 33 708
33 36 643
36 33 643
33 72 169
72 33 169
33 55 156
55 33 156
33 58 499
58 33 499
33 45 58
45 33 58
33 61 275
61 33 275
33 80 539
80 33 539
33 74 977
74 33 977
33 95 332
95 33 332
33 93 164
93 33 164
33 38 383
38 33 383
34 79 827
79 34 827
34 46 594
46 34 594
34 61 523
61 34 523
34 54 868
54 34 868
34 37 827
37 34 827
34 43 740
43 34 740
34 74 956
74 34 956
34 91 361
91 34 361
34 75 546
75 34 546
34 92 894
92 34 894
34 72 47
72 34 47
34 43 175
43 34 175
35 38 457
38 35 457
35 74 712
74 35 712
35 97 101
97 35 101
35 85 675
85 35 675
35 55 194
55 35 194
35 35 608
35 35 608
36 39 12
39 36 12
36 86 470
86 36 470
36 42 800
42 36 800
36 66 886
66 36 886
36 49 119
49 36 119
36 77 476
77 36 476
36 97 951
97 36 951
36 83 967
83 36 967
36 62 914
62 36 914
36 89 391
89 36 391
36 93 169
93 36 169
36 53 385
53 36 385
36 95 261
95 36 261
36 40 109
40 36 109
36 94 315
94 36 315
36 67 690
67 36 690
36 43 235
43 36 235
37 41 892
41 37 892
37 53 904
53 37 904
37 54 532
54 37 532
37 69 120
69 37 120
37 51 927
51 37 927
37 81 953
81 37 953
37 83 629
83 37 629
37 58 463
58 37 463
37 66 934
66 37 934
38 55 404
55 38 404
38 73 20
73 38 20
38 87 523
87 38 523
38 57 423
57 38 423
38 89 810
89 38 810
38 41 602
41 38 602
38 73 66
73 38 66
38 50 354
50 38 354
38 88 160
88 38 160
38 65 470
65 38 470
38 93 627
93 38 627
39 50 964
50 39 964
39 74 675
74 39 675
39 45 627
45 39 627
39 44 946
44 39 946
39 61 835
61 39 835
39 69 255
69 39 255
39 54 763
54 39 763
39 51 528
51 39 528
39 43 508
43 39 508
39 56 207
56 39 207
39 53 654
53 39 654
39 73 869
73 39 869
39 60 150
60 39 150
39 49 891
49 39 891
39 91 535
91 39 535
40 64 672
64 40 672
40 81 976
81 40 976
40 54 499
54 40 499
40 70 351
70 40 351
40 55 982
55 40 982
40 85 244
85 40 244
40 56 584
56 40 584
40 74 769
74 40 769
40 60 447
60 40 447
40 66 550
66 40 550
40 48 657
48 40 657
40 67 767
67 40 767
41 51 754
51 41 754
41 72 806
72 41 806
41 74 342
74 41 342
41 43 389
43 41 389
41 89 30
89 41 30
41 61 261
61 41 261
41 62 923
62 41 923
41 78 888
78 41 888
41 85 802
85 41 802
41 53 306
53 41 306
41 70 830
70 41 830
41 67 563
67 41 563
41 47 394
47 41 394
42 67 726
67 42 726
42 87 315
87 42 315
42 90 883
90 42 883
42 90 958
90 42 958
42 81 956
81 42 956
42 48 212
48 42 212
43 48 693
48 43 693
43 97 177
97 43 177
43 68 196
68 43 196
43 81 239
81 43 239
43 52 183
52 43 183
43 67 586
67 43 586
43 85 560
85 43 560
43 86 293
86 43 293
44 47 660
47 44 660
44 63 680
63 44 680
44 96 301
96 44 301
44 59 838
59 44 838
44 63 699
63 44 699
44 53 22
53 44 22
44 61 444
61 44 444
44 83 679
83 44 679
44 75 480
75 44 480
44 73 292
73 44 292
44 76 409
76 44 409
44 84 831
84 44 831
44 67 210
67 44 210
45 53 83
53 45 83
45 93 54
93 45 54
45 49 18
49 45 18
45 90 607
90 45 607
45 46 65
46 45 65
45 75 911
75 45 911
45 63 6
63 45 6
45 75 438
75 45 438
45 66 187
66 45 187
45 86 61
86 45 61
45 51 737
51 45 737
45 62 30
62 45 30
45 53 952
53 45 952
45 77 111
77 45 111
45 72 654
72 45 654
45 91 361
91 45 361
46 65 501
65 46 501
46 97 105
97 46 105
46 71 655
71 46 655
46 67 520
67 46 520
46 49 713
49 46 713
46 88 345
88 46 345
46 97 852
97 46 852
46 91 510
91 46 510
46 72 728
72 46 728
46 52 457
52 46 457
47 82 260
82 47 260
47 64 911
64 47 911
47 94 591
94 47 591
47 72 600
72 47 600
47 65 524
65 47 524
47 81 611
81 47 611
47 95 841
95 47 841
47 62 72
62 47 72
47 79 636
79 47 636
47 66 90
66 47 90
47 58 165
58 47 165
47 53 932
53 47 932
47 86 741
86 47 741
47 74 418
74 47 418
47 58 562
58 47 562
48 73 343
73 48 343
48 85 225
85 48 225
48 64 806
64 48 806
48 97 174
97 48 174
48 89 995
89 48 995
48 96 844
96 48 844
48 84 112
84 48 112
48 76 696
76 48 696
48 76 466
76 48 466
48 82 532
82 48 532
48 70 771
70 48 771
48 54 499
54 48 499
48 81 955
81 48 955
49 70 994
70 49 994
49 62 685
62 49 685
49 71 955
71 49 955
49 56 584
56 49 584
49 83 467
83 49 467
49 76 234
76 49 234
49 62 457
62 49 457
49 52 977
52 49 977
49 50 835
50 49 835
49 76 321
76 49 321
49 96 356
96 49 356
49 93 571
93 49 571
49 69 200
69 49 200
50 64 61
64 50 61
50 78 374
78 50 374
50 54 303
54 50 303
50 52 157
52 50 157
50 60 90
60 50 90
50 82 592
82 50 592
50 67 857
67 50 857
50 61 371
61 50 371
50 82 340
82 50 340
51 77 435
77 51 435
51 87 672
87 51 672
51 54 930
54 51 930
51 97 727
97 51 727
51 70 392
70 51 392
51 62 136
62 51 136
51 76 23
76 51 23
51 73 284
73 51 284
51 93 560
93 51 560
52 62 810
62 52 810
52 94 901
94 52 901
52 59 21
59 52 21
52 76 152
76 52 152
52 67 623
67 52 623
52 71 405
71 52 405
52 84 12
84 52 12
52 54 416
54 52 416
53 76 167
76 53 167
53 97 654
97 53 654
53 86 141
86 53 141
53 96 4
96 53 4
53 74 848
74 53 848
53 56 296
56 53 296
53 54 69
54 53 69
54 66 68
66 54 68
54 86 51
86 54 51
54 92 68
92 54 68
54 77 897
77 54 897
54 72 620
72 54 620
54 87 803
87 54 803
54 62 255
62 54 255
54 65 63
65 54 63
54 57 159
57 54 159
54 79 627
79 54 627
54 76 973
76 54 973
55 65 375
65 55 375
55 79 384
79 55 384
55 93 305
93 55 305
55 70 295
70 55 295
55 71 616
71 55 616
55 67 208
67 55 208
55 67 374
67 55 374
55 82 597
82 55 597
55 88 682
88 55 682
55 82 367
82 55 367
56 90 291
90 56 291
56 93 327
93 56 327
56 63 537
63 56 537
56 69 982
69 56 982
57 81 313
81 57 313
57 61 746
61 57 746
57 78 289
78 57 289
57 68 16
68 57 16
57 77 900
77 57 900
58 95 140
95 58 140
58 77 159
77 58 159
58 92 826
92 58 826
59 61 598
61 59 598
59 71 99
71 59 99
59 88 322
88 59 322
59 90 946
90 59 946
59 64 112
64 59 112
59 92 142
92 59 142
59 93 840
93 59 840
59 68 346
68 59 346
59 97 960
97 59 960
59 66 87
66 59 87
59 97 892
97 59 892
59 84 999
84 59 999
60 77 463
77 60 463
60 61 606
61 60 606
60 97 75
97 60 75
60 60 79
60 60 79
60 84 717
84 60 717
61 79 447
79 61 447
61 89 421
89 61 421
61 82 573
82 61 573
61 92 369
92 61 369
62 67 643
67 62 643
62 66 583
66 62 583
62 82 421
82 62 421
62 92 1
92 62 1
62 67 196
67 62 196
62 64 474
64 62 474
62 79 985
79 62 985
62 94 306
94 62 306
63 91 611
91 63 611
63 73 770
73 63 770
63 63 453
63 63 453
63 95 729
95 63 729
63 76 214
76 63 214
63 84 966
84 63 966
63 85 11
85 63 11
63 68 357
68 63 357
63 80 519
80 63 519
63 94 682
94 63 682
64 94 949
94 64 949
64 77 770
77 64 770
64 93 406
93 64 406
65 67 45
67 65 45
65 91 613
91 65 613
65 89 244
89 65 244
65 80 659
80 65 659
65 82 822
82 65 822
65 96 550
96 65 550
65 70 189
70 65 189
66 73 420
73 66 420
66 69 357
69 66 357
66 95 142
95 66 142
66 87 998
87 66 998
66 97 603
97 66 603
67 68 327
68 67 327
67 84 901
84 67 901
67 75 645
75 67 645
68 90 58
90 68 58
68 92 400
92 68 400
68 90 437
90 68 437
69 92 949
92 69 949
69 71 583
71 69 583
69 84 394
84 69 394
70 92 441
92 70 441
70 97 791
97 70 791
70 71 263
71 70 263
70 91 460
91 70 460
70 97 208
97 70 208
70 81 186
81 70 186
71 73 662
73 71 662
71 90 457
90 71 457
71 79 261
79 71 261
71 80 91
80 71 91
71 77 214
77 71 214
71 83 628
83 71 628
72 86 370
86 72 370
72 83 36
83 72 36
73 86 365
86 73 365
73 80 135
80 73 135
74 81 906
81 74 906
74 85 873
85 74 873
74 91 581
91 74 581
74 83 766
83 74 766
74 85 706
85 74 706
74 75 1
75 74 1
74 77 189
77 74 189
75 80 545
80 75 545
75 86 352
86 75 352
75 94 982
94 75 982
76 77 458
77 76 458
77 78 806
78 77 806
77 87 165
87 77 165
78 85 992
85 78 992
78 93 854
93 78 854
78 86 876
86 78 876
78 94 699
94 78 699
78 96 987
96 78 987
78 84 751
84 78 751
79 86 588
86 79 588
79 79 202
79 79 202
80 83 111
83 80 111
80 84 25
84 80 25
80 82 991
82 80 991
81 85 853
85 81 853
82 83 537
83 82 537
82 89 137
89 82 137
83 94 221
94 83 221
83 96 367
96 83 367
83 96 76
96 83 76
83 97 451
97 83 451
84 88 216
88 84 216
84 89 144
89 84 144
84 86 687
86 84 687
84 97 381
97 84 381
84 91 737
91 84 737
84 87 217
87 84 217
85 92 556
92 85 556
86 96 419
96 86 419
86 89 645
89 86 645
86 92 299
92 86 299
86 91 175
91 86 175
87 89 986
89 87 986
88 94 183
94 88 183
88 88 340
88 88 340
88 88 856
88 88 856
89 95 4
95 89 4
89 97 48
97 89 48
90 95 703
95 90 703
90 93 932
93 90 932
90 91 528
91 90 528
93 95 855
95 93 855
95 96 725
96 95 725
96 97 280
97 96 280
