16

0 1 176
1 0 176
0 5 887
5 0 887
0 10 410
10 0 410
0 4 48
4 0 48
0 7 681
7 0 681
1 2 89
2 1 89
1 3 283
3 1 283
1 6 15
6 1 15
1 13 977
13 1 977
2 7 544
7 2 544
2 3 700
3 2 700
2 15 581
15 2 581
3 4 339
4 3 339
3 8 673
8 3 673
3 14 198
14 3 198
3 13 991
13 3 991
3 11 995
11 3 995
4 9 155
9 4 155
4 13 96
13 4 96
4 6 961
6 4 961
4 10 298
10 4 298
4 10 493
10 4 493
5 6 421
6 5 421
5 10 163
10 5 163
6 7 971
7 6 971
6 6 96
6 6 96
6 15 579
15 6 579
8 12 711
12 8 711
8 12 749
12 8 749
9 15 405
15 9 405
10 11 778
11 10 778
11 13 119
13 11 119
11 12 716
12 11 716
11 13 818
13 11 818
12 14 666
14 12 666
12 13 356
13 12 356
