62

0 1 548
1 0 548
0 2 125
2 0 125
0 4 987
4 0 987
0 5 264
5 0 264
0 54 27
54 0 27
0 61 685
61 0 685
0 13 131
13 0 131
0 20 535
20 0 535
0 33 77
33 0 77
0 28 996
28 0 996
0 21 509
21 0 509
0 58 372
58 0 372
0 39 561
39 0 561
0 47 73
47 0 73
0 30 441
30 0 441
1 3 682
3 1 682
1 7 410
7 1 410
1 8 89
8 1 89
1 11 501
11 1 501
1 40 867
40 1 867
1 35 734
35 1 734
1 39 241
39 1 241
1 39 41
39 1 41
1 21 969
21 1 969
2 6 372
6 2 372
2 12 192
12 2 192
2 34 104
34 2 104
2 59 483
59 2 483
2 15 381
15 2 381
2 33 749
33 2 749
2 20 841
20 2 841
2 30 445
30 2 445
3 26 971
26 3 971
3 31 363
31 3 363
3 42 16
42 3 16
3 37 170
37 3 170
3 48 248
48 3 248
4 25 98
25 4 98
4 32 485
32 4 485
4 14 388
14 4 388
4 29 601
29 4 601
4 39 841
39 4 841
4 26 218
26 4 218
5 13 391
13 5 391
5 52 522
52 5 522
5 41 260
41 5 260
5 49 740
49 5 740
5 41 234
41 5 234
6 9 95
9 6 95
6 14 266
14 6 266
6 28 115
28 6 115
6 47 215
47 6 215
6 9 945
9 6 945
6 60 841
60 6 841
6 9 102
9 6 102
6 55 313
55 6 313
6 35 394
35 6 394
6 34 113
34 6 113
6 36 344
36 6 344
6 18 950
18 6 950
6 42 478
42 6 478
7 17 609
17 7 609
7 35 900
35 7 900
7 37 758
37 7 758
7 45 554
45 7 554
7 29 551
29 7 551
7 19 866
19 7 866
7 45 789
45 7 789
7 10 403
10 7 403
8 58 416
58 8 416
8 55 622
55 8 622
8 33 505
33 8 505
8 49 453
49 8 453
9 10 921
10 9 921
9 15 661
15 9 661
9 19 580
19 9 580
9 44 796
44 9 796
9 60 385
60 9 385
9 40 74
40 9 74
9 23 43
23 9 43
9 45 34
45 9 34
9 45 640
45 9 640
9 11 719
11 9 719
10 29 257
29 10 257
10 30 118
30 10 118
10 36 133
36 10 133
10 56 817
56 10 817
10 17 460
17 10 460
10 17 568
17 10 568
10 42 191
42 10 191
10 38 285
38 10 285
10 49 928
49 10 928
11 16 359
16 11 359
11 15 304
15 11 304
11 58 389
58 11 389
11 11 370
11 11 370
12 43 52
43 12 52
12 60 847
60 12 847
13 48 189
48 13 189
13 36 158
36 13 158
13 47 644
47 13 644
13 50 593
50 13 593
13 55 483
55 13 483
13 54 435
54 13 435
13 18 346
18 13 346
14 20 536
20 14 536
14 34 348
34 14 348
15 27 299
27 15 299
15 57 371
57 15 371
15 18 44
18 15 44
15 30 866
30 15 866
15 60 973
60 15 973
15 23 363
23 15 363
16 18 363
18 16 363
16 20 486
20 16 486
16 16 600
16 16 600
16 61 881
61 16 881
16 46 129
46 16 129
16 42 148
42 16 148
16 19 9
19 16 9
17 18 970
18 17 970
17 24 108
24 17 108
17 33 2
33 17 2
17 58 323
58 17 323
18 57 24
57 18 24
18 39 930
39 18 930
18 24 204
24 18 204
18 43 622
43 18 622
18 44 770
44 18 770
18 19 946
19 18 946
18 20 317
20 18 317
18 38 690
38 18 690
19 21 792
21 19 792
19 46 655
46 19 655
19 49 952
49 19 952
19 33 925
33 19 925
19 35 318
35 19 318
20 23 435
23 20 435
20 22 473
22 20 473
20 25 638
25 20 638
20 30 414
30 20 414
20 42 482
42 20 482
21 22 571
22 21 571
21 30 490
30 21 490
21 37 206
37 21 206
21 44 203
44 21 203
21 25 346
25 21 346
21 23 876
23 21 876
21 47 640
47 21 640
21 36 5
36 21 5
22 45 818
45 22 818
22 54 134
54 22 134
22 49 480
49 22 480
22 40 41
40 22 41
22 38 747
38 22 747
22 57 89
57 22 89
22 24 212
24 22 212
23 51 781
51 23 781
24 41 659
41 24 659
24 48 288
48 24 288
24 52 889
52 24 889
25 49 368
49 25 368
25 41 464
41 25 464
25 45 779
45 25 779
25 60 874
60 25 874
27 51 443
51 27 443
28 39 75
39 28 75
28 49 83
49 28 83
28 35 341
35 28 341
28 34 838
34 28 838
28 52 742
52 28 742
28 39 521
39 28 521
29 60 686
60 29 686
29 61 264
61 29 264
29 50 16
50 29 16
29 41 414
41 29 414
29 41 559
41 29 559
30 37 61
37 30 61
30 44 243
44 30 243
30 52 254
52 30 254
30 42 283
42 30 283
30 36 458
36 30 458
31 36 434
36 31 434
31 32 374
32 31 374
31 34 877
34 31 877
31 53 11
53 31 11
31 58 326
58 31 326
31 53 255
53 31 255
31 34 870
34 31 870
32 38 126
38 32 126
32 36 918
36 32 918
32 42 761
42 32 761
32 40 246
40 32 246
33 49 719
49 33 719
34 51 958
51 34 958
34 52 643
52 34 643
35 58 174
58 35 174
35 59 396
59 35 396
36 48 194
48 36 194
36 55 253
55 36 253
36 56 391
56 36 391
37 60 905
60 37 905
37 52 346
52 37 346
37 53 620
53 37 620
38 47 514
47 38 514
38 53 670
53 38 670
38 49 500
49 38 500
38 56 318
56 38 318
39 44 172
44 39 172
40 46 909
46 40 909
41 55 601
55 41 601
41 60 133
60 41 133
42 61 97
61 42 97
42 46 206
46 42 206
43 51 947
51 43 947
43 53 511
53 43 511
43 43 775
43 43 775
45 51 482
51 45 482
46 59 136
59 46 136
46 54 93
54 46 93
47 48 910
48 47 910
47 61 848
61 47 848
48 59 431
59 48 431
48 52 246
52 48 246
48 52 842
52 48 842
49 50 757
50 49 757
49 59 125
59 49 125
49 56 590
56 49 590
50 53 48
53 50 48
51 55 871
55 51 871
55 56 770
56 55 770
