24

0 1 427
1 0 427
0 2 466
2 0 466
0 3 709
3 0 709
0 13 139
13 0 139
0 18 63
18 0 63
0 1 407
1 0 407
0 19 593
19 0 593
0 16 924
16 0 924
0 15 84
15 0 84
1 4 4
4 1 4
1 5 98
5 1 98
1 12 151
12 1 151
1 3 783
3 1 783
2 6 445
6 2 445
2 11 328
11 2 328
2 23 584
23 2 584
2 5 188
5 2 188
2 8 582
8 2 582
2 10 372
10 2 372
2 22 926
22 2 926
2 15 838
15 2 838
2 19 730
19 2 730
3 9 165
9 3 165
4 7 434
7 4 434
4 19 819
19 4 819
4 19 789
19 4 789
4 13 958
13 4 958
4 9 509
9 4 509
5 22 96
22 5 96
5 14 485
14 5 485
5 10 182
10 5 182
5 16 897
16 5 897
5 20 660
20 5 660
5 9 252
9 5 252
5 13 855
13 5 855
6 10 319
10 6 319
7 8 841
8 7 841
7 9 352
9 7 352
7 21 942
21 7 942
7 23 806
23 7 806
7 17 563
17 7 563
7 13 392
13 7 392
8 14 783
14 8 783
8 13 783
13 8 783
8 12 89
12 8 89
8 20 740
20 8 740
8 18 541
18 8 541
9 20 551
20 9 551
9 19 822
19 9 822
9 15 769
15 9 769
9 14 335
14 9 335
9 18 737
18 9 737
10 16 662
16 10 662
10 22 270
22 10 270
10 20 841
20 10 841
11 22 63
22 11 63
11 18 66
18 11 66
12 15 706
15 12 706
12 14 499
14 12 499
12 21 96
21 12 96
13 18 64
18 13 64
15 17 452
17 15 452
16 22 356
22 16 356
17 23 489
23 17 489
17 21 4
21 17 4
19 22 184
22 19 184
20 23 735
23 20 735
20 23 743
23 20 743
20 20 210
20 20 210
21 22 460
22 21 460
