71

0 1 991
1 0 991
0 2 259
2 0 259
0 3 113
3 0 113
0 4 900
4 0 900
0 9 339
9 0 339
0 26 55
26 0 55
0 49 827
49 0 827
0 53 459
53 0 459
0 48 299
48 0 299
0 44 183
44 0 183
0 4 721
4 0 721
1 22 410
22 1 410
1 27 26
27 1 26
1 62 11
62 1 11
1 18 9
18 1 9
1 38 283
38 1 283
1 40 45
40 1 45
2 49 633
49 2 633
2 55 452
55 2 452
3 5 931
5 3 931
3 6 87
6 3 87
3 48 443
48 3 443
3 14 327
14 3 327
3 51 20
51 3 20
3 53 248
53 3 248
3 49 293
49 3 293
4 7 235
7 4 235
4 44 922
44 4 922
4 30 565
30 4 565
5 8 349
8 5 349
5 66 98
66 5 98
5 37 217
37 5 217
5 33 839
33 5 839
5 51 546
51 5 546
5 39 9
39 5 9
5 25 477
25 5 477
5 16 635
16 5 635
6 10 883
10 6 883
6 66 328
66 6 328
6 64 243
64 6 243
6 34 174
34 6 174
6 47 942
47 6 942
6 49 793
49 6 793
6 64 779
64 6 779
6 17 425
17 6 425
6 29 896
29 6 896
7 13 785
13 7 785
7 37 827
37 7 827
7 16 318
16 7 318
7 58 891
58 7 891
7 41 289
41 7 289
8 18 463
18 8 463
8 39 223
39 8 223
8 46 670
46 8 670
8 58 146
58 8 146
9 11 816
11 9 816
9 25 119
25 9 119
9 33 103
33 9 103
9 49 156
49 9 156
9 60 753
60 9 753
9 30 739
30 9 739
9 21 819
21 9 819
9 37 189
37 9 189
9 66 216
66 9 216
9 31 518
31 9 518
9 33 432
33 9 432
9 56 135
56 9 135
10 12 463
12 10 463
10 14 143
14 10 143
10 32 438
32 10 438
10 10 590
10 10 590
10 67 619
67 10 619
10 59 536
59 10 536
10 64 876
64 10 876
11 58 240
58 11 240
11 14 920
14 11 920
11 29 788
29 11 788
11 13 74
13 11 74
12 15 94
15 12 94
12 19 931
19 12 931
12 21 759
21 12 759
12 40 322
40 12 322
12 59 551
59 12 551
12 29 549
29 12 549
12 54 663
54 12 663
13 16 998
16 13 998
13 23 189
23 13 189
13 45 659
45 13 659
13 48 581
48 13 581
13 62 61
62 13 61
13 38 56
38 13 56
14 35 304
35 14 304
14 61 53
61 14 53
14 21 163
21 14 163
14 42 842
42 14 842
14 24 168
24 14 168
14 27 394
27 14 394
14 23 577
23 14 577
14 44 953
44 14 953
14 29 559
29 14 559
14 59 744
59 14 744
14 42 797
42 14 797
15 68 633
68 15 633
15 22 569
22 15 569
16 17 370
17 16 370
16 20 1
20 16 1
16 68 164
68 16 164
16 68 72
68 16 72
16 46 916
46 16 916
16 57 609
57 16 609
17 50 269
50 17 269
17 48 55
48 17 55
17 46 111
46 17 111
17 33 710
33 17 710
17 58 5
58 17 5
17 37 712
37 17 712
17 24 331
24 17 331
17 21 456
21 17 456
18 38 68
38 18 68
18 51 91
51 18 91
18 67 626
67 18 626
18 30 241
30 18 241
18 39 195
39 18 195
19 69 884
69 19 884
19 28 81
28 19 81
19 31 16
31 19 16
20 30 932
30 20 932
20 43 425
43 20 425
20 59 817
59 20 817
20 44 563
44 20 563
20 54 494
54 20 494
20 57 336
57 20 336
20 21 780
21 20 780
20 65 752
65 20 752
20 55 75
55 20 75
21 24 489
24 21 489
21 28 907
28 21 907
21 65 391
65 21 391
21 31 758
31 21 758
21 29 701
29 21 701
21 56 75
56 21 75
21 67 123
67 21 123
21 44 853
44 21 853
22 59 277
59 22 277
22 70 676
70 22 676
23 39 307
39 23 307
23 47 420
47 23 420
23 67 781
67 23 781
23 34 836
34 23 836
23 33 834
33 23 834
24 37 630
37 24 630
24 34 94
34 24 94
25 57 594
57 25 594
25 47 268
47 25 268
25 53 834
53 25 834
25 41 923
41 25 923
25 63 827
63 25 827
25 39 888
39 25 888
26 29 843
29 26 843
26 36 483
36 26 483
26 41 411
41 26 411
26 42 807
42 26 807
26 55 595
55 26 595
26 60 233
60 26 233
26 65 172
65 26 172
27 34 100
34 27 100
27 37 214
37 27 214
27 56 840
56 27 840
27 45 135
45 27 135
27 67 639
67 27 639
27 69 130
69 27 130
28 40 76
40 28 76
28 51 326
51 28 326
28 50 90
50 28 90
29 57 300
57 29 300
29 66 520
66 29 520
29 44 745
44 29 745
30 31 847
31 30 847
30 46 369
46 30 369
30 33 994
33 30 994
30 34 516
34 30 516
30 52 268
52 30 268
30 40 469
40 30 469
30 69 89
69 30 89
31 37 771
37 31 771
31 63 101
63 31 101
31 61 485
61 31 485
32 33 7
33 32 7
32 36 61
36 32 61
32 51 366
51 32 366
33 63 583
63 33 583
33 65 396
65 33 396
33 46 286
46 33 286
33 44 337
44 33 337
34 51 461
51 34 461
34 35 978
35 34 978
34 44 417
44 34 417
34 48 77
48 34 77
35 70 107
70 35 107
35 47 641
47 35 641
35 40 15
40 35 15
36 54 866
54 36 866
36 44 932
44 36 932
37 39 827
39 37 827
37 51 839
51 37 839
37 55 812
55 37 812
37 54 436
54 37 436
37 63 494
63 37 494
38 43 127
43 38 127
38 55 518
55 38 518
38 63 220
63 38 220
38 62 730
62 38 730
38 53 717
53 38 717
39 69 125
69 39 125
39 62 344
62 39 344
40 46 916
46 40 916
41 57 268
57 41 268
41 65 462
65 41 462
41 55 467
55 41 467
42 50 435
50 42 435
43 58 254
58 43 254
43 64 99
64 43 99
43 60 385
60 43 385
45 55 136
55 45 136
46 61 245
61 46 245
46 67 352
67 46 352
46 59 279
59 46 279
47 52 63
52 47 63
47 64 287
64 47 287
47 70 733
70 47 733
48 50 235
50 48 235
49 67 372
67 49 372
50 63 421
63 50 421
52 58 476
58 52 476
52 57 962
57 52 962
53 68 526
68 53 526
54 68 746
68 54 746
54 67 970
67 54 970
55 64 755
64 55 755
55 56 466
56 55 466
55 65 337
65 55 337
55 64 145
64 55 145
56 67 153
67 56 153
56 63 9
63 56 9
59 65 825
65 59 825
59 67 276
67 59 276
59 61 801
61 59 801
60 63 913
63 60 913
60 65 514
65 60 514
62 64 38
64 62 38
62 65 524
65 62 524
62 65 212
65 62 212
64 65 525
65 64 525
