55

0 1 624
1 0 624
0 4 996
4 0 996
0 8 273
8 0 273
0 20 654
20 0 654
0 22 418
22 0 418
0 47 902
47 0 902
0 37 915
37 0 915
0 33 241
33 0 241
0 26 787
26 0 787
1 2 134
2 1 134
1 11 459
11 1 459
1 14 379
14 1 379
1 41 695
41 1 695
1 8 667
8 1 667
1 47 306
47 1 306
1 37 398
37 1 398
2 3 495
3 2 495
2 5 553
5 2 553
2 12 732
12 2 732
2 15 471
15 2 471
2 8 552
8 2 552
3 6 893
6 3 893
3 9 786
9 3 786
3 13 119
13 3 119
3 49 196
49 3 196
3 44 174
44 3 174
4 23 265
23 4 265
4 53 832
53 4 832
4 15 742
15 4 742
4 9 71
9 4 71
4 44 642
44 4 642
4 27 121
27 4 121
5 52 851
52 5 851
5 36 354
36 5 354
5 47 608
47 5 608
5 34 292
34 5 292
5 6 136
6 5 136
5 41 356
41 5 356
6 7 103
7 6 103
6 47 849
47 6 849
6 38 995
38 6 995
7 39 871
39 7 871
7 23 303
23 7 303
7 14 856
14 7 856
7 8 872
8 7 872
7 39 832
39 7 832
7 45 675
45 7 675
8 17 721
17 8 721
8 32 437
32 8 437
8 35 358
35 8 358
8 11 898
11 8 898
9 10 905
10 9 905
9 16 706
16 9 706
9 21 354
21 9 354
9 12 463
12 9 463
9 32 261
32 9 261
9 24 569
24 9 569
10 36 905
36 10 905
10 49 527
49 10 527
10 40 493
40 10 493
10 28 878
28 10 878
10 18 73
18 10 73
11 26 764
26 11 764
11 27 274
27 11 274
12 19 418
19 12 418
12 35 83
35 12 83
12 21 86
21 12 86
12 17 471
17 12 471
13 37 527
37 13 527
13 45 956
45 13 956
13 52 199
52 13 199
13 39 760
39 13 760
13 51 27
51 13 27
13 50 719
50 13 719
15 34 156
34 15 156
15 23 387
23 15 387
16 30 213
30 16 213
16 45 571
45 16 571
16 38 232
38 16 232
16 20 527
20 16 527
17 18 902
18 17 902
17 44 478
44 17 478
18 25 121
25 18 121
18 41 533
41 18 533
18 38 370
38 18 370
19 27 472
27 19 472
19 31 394
31 19 394
19 48 296
48 19 296
20 28 717
28 20 717
21 24 971
24 21 971
21 40 110
40 21 110
21 43 376
43 21 376
22 31 910
31 22 910
22 34 283
34 22 283
23 42 888
42 23 888
25 29 958
29 25 958
27 28 102
28 27 102
27 54 161
54 27 161
27 37 157
37 27 157
28 33 284
33 28 284
28 51 837
51 28 837
28 34 148
34 28 148
28 47 589
47 28 589
28 32 274
32 28 274
28 49 331
49 28 331
30 52 111
52 30 111
31 41 637
41 31 637
32 38 722
38 32 722
32 49 54
49 32 54
33 39 372
39 33 372
33 49 850
49 33 850
33 52 428
52 33 428
34 50 217
50 34 217
34 49 52
49 34 52
34 42 176
42 34 176
34 38 876
38 34 876
35 36 75
36 35 75
36 53 470
53 36 470
36 42 531
42 36 531
36 38 111
38 36 111
37 46 461
46 37 461
37 41 810
41 37 810
38 39 917
39 38 917
39 44 605
44 39 605
40 49 944
49 40 944
40 54 951
54 40 951
40 52 894
52 40 894
41 54 528
54 41 528
43 43 883
43 43 883
44 44 868
44 44 868
45 45 548
45 45 548
46 54 712
54 46 712
48 54 70
54 48 70
52 53 136
53 52 136
