46

0 1 187
1 0 187
0 3 258
3 0 258
0 22 537
22 0 537
0 23 410
23 0 410
0 7 515
7 0 515
0 45 526
45 0 526
0 34 667
34 0 667
0 7 736
7 0 736
0 34 606
34 0 606
0 12 504
12 0 504
0 13 547
13 0 547
1 2 224
2 1 224
1 20 67
20 1 67
1 7 186
7 1 186
1 38 899
38 1 899
1 25 40
25 1 40
1 35 66
35 1 66
1 24 487
24 1 487
2 4 629
4 2 629
2 12 662
12 2 662
2 34 677
34 2 677
2 20 915
20 2 915
2 40 43
40 2 43
2 7 857
7 2 857
2 30 538
30 2 538
2 38 421
38 2 421
2 27 708
27 2 708
3 18 25
18 3 25
3 22 768
22 3 768
3 12 655
12 3 655
3 7 656
7 3 656
3 25 787
25 3 787
3 9 458
9 3 458
3 36 755
36 3 755
3 19 904
19 3 904
3 43 214
43 3 214
3 6 358
6 3 358
4 5 479
5 4 479
4 6 670
6 4 670
4 9 149
9 4 149
4 26 709
26 4 709
4 29 622
29 4 622
4 4 551
4 4 551
4 31 603
31 4 603
4 21 370
21 4 370
4 41 914
41 4 914
4 13 516
13 4 516
4 38 565
38 4 565
4 16 760
16 4 760
5 7 138
7 5 138
5 35 97
35 5 97
5 18 857
18 5 857
5 22 125
22 5 125
5 38 996
38 5 996
5 15 577
15 5 577
5 32 84
32 5 84
5 31 272
31 5 272
6 11 489
11 6 489
6 13 205
13 6 205
6 30 204
30 6 204
6 33 531
33 6 531
6 26 271
26 6 271
6 40 512
40 6 512
6 7 38
7 6 38
6 34 522
34 6 522
7 8 161
8 7 161
7 14 883
14 7 883
7 16 166
16 7 166
7 20 889
20 7 889
7 19 366
19 7 366
7 28 997
28 7 997
7 42 15
42 7 15
7 42 412
42 7 412
7 10 198
10 7 198
7 23 950
23 7 950
8 29 443
29 8 443
8 19 235
19 8 235
8 37 453
37 8 453
8 29 776
29 8 776
8 20 820
20 8 820
8 14 842
14 8 842
8 28 84
28 8 84
8 41 134
41 8 134
8 23 456
23 8 456
8 45 93
45 8 93
8 33 364
33 8 364
9 10 130
10 9 130
9 15 417
15 9 417
9 10 451
10 9 451
9 10 997
10 9 997
9 21 683
21 9 683
9 17 126
17 9 126
9 34 423
34 9 423
9 33 451
33 9 451
9 22 526
22 9 526
9 37 29
37 9 29
9 31 410
31 9 410
9 30 592
30 9 592
9 10 747
10 9 747
9 9 67
9 9 67
10 21 436
21 10 436
10 40 352
40 10 352
10 32 96
32 10 96
10 27 809
27 10 809
10 36 6
36 10 6
10 26 873
26 10 873
10 21 950
21 10 950
10 35 721
35 10 721
10 33 370
33 10 370
10 14 371
14 10 371
11 44 936
44 11 936
11 41 362
41 11 362
11 31 251
31 11 251
11 28 435
28 11 435
11 37 913
37 11 913
11 22 72
22 11 72
11 40 315
40 11 315
11 42 748
42 11 748
12 28 769
28 12 769
12 35 634
35 12 634
12 38 827
38 12 827
12 24 885
24 12 885
12 25 907
25 12 907
12 20 708
20 12 708
12 30 682
30 12 682
12 42 567
42 12 567
12 43 590
43 12 590
13 17 669
17 13 669
13 29 106
29 13 106
13 38 75
38 13 75
13 40 108
40 13 108
13 26 543
26 13 543
13 36 717
36 13 717
13 16 387
16 13 387
13 38 177
38 13 177
13 19 424
19 13 424
14 39 948
39 14 948
14 19 290
19 14 290
14 22 967
22 14 967
14 19 431
19 14 431
14 41 694
41 14 694
14 29 357
29 14 357
14 26 562
26 14 562
14 24 612
24 14 612
15 23 159
23 15 159
15 26 832
26 15 832
15 30 831
30 15 831
15 18 121
18 15 121
15 35 206
35 15 206
16 19 242
19 16 242
16 39 282
39 16 282
16 22 90
22 16 90
16 24 788
24 16 788
16 34 891
34 16 891
16 38 618
38 16 618
16 18 723
18 16 723
16 27 78
27 16 78
16 37 222
37 16 222
17 29 563
29 17 563
17 30 821
30 17 821
17 34 238
34 17 238
18 31 689
31 18 689
18 32 255
32 18 255
18 30 755
30 18 755
18 37 98
37 18 98
18 41 758
41 18 758
18 41 483
41 18 483
18 25 735
25 18 735
18 28 803
28 18 803
18 30 49
30 18 49
18 22 545
22 18 545
19 25 126
25 19 126
19 45 393
45 19 393
19 37 72
37 19 72
19 29 838
29 19 838
19 25 24
25 19 24
19 22 776
22 19 776
19 43 18
43 19 18
19 28 760
28 19 760
19 38 825
38 19 825
20 42 875
42 20 875
20 35 703
35 20 703
20 37 682
37 20 682
20 41 278
41 20 278
20 42 512
42 20 512
20 21 413
21 20 413
20 25 130
25 20 130
21 24 578
24 21 578
21 43 107
43 21 107
21 22 243
22 21 243
22 33 212
33 22 212
22 39 344
39 22 344
22 37 567
37 22 567
22 34 804
34 22 804
22 37 727
37 22 727
22 27 517
27 22 517
22 42 537
42 22 537
22 33 50
33 22 50
23 37 917
37 23 917
23 25 502
25 23 502
23 45 210
45 23 210
23 32 261
32 23 261
24 36 639
36 24 639
24 30 969
30 24 969
25 32 723
32 25 723
25 27 629
27 25 629
25 40 827
40 25 827
25 43 338
43 25 338
25 41 632
41 25 632
26 27 567
27 26 567
26 38 971
38 26 971
26 45 482
45 26 482
26 27 659
27 26 659
26 27 818
27 26 818
26 39 416
39 26 416
27 36 834
36 27 834
27 36 806
36 27 806
27 39 303
39 27 303
27 45 850
45 27 850
27 32 59
32 27 59
27 33 153
33 27 153
27 40 922
40 27 922
27 35 132
35 27 132
28 34 44
34 28 44
28 30 44
30 28 44
28 36 636
36 28 636
28 39 341
39 28 341
29 41 675
41 29 675
29 42 584
42 29 584
29 40 829
40 29 829
29 44 828
44 29 828
30 37 88
37 30 88
31 33 671
33 31 671
31 40 475
40 31 475
31 39 343
39 31 343
31 33 70
33 31 70
31 41 319
41 31 319
31 33 731
33 31 731
32 35 98
35 32 98
32 37 563
37 32 563
33 43 874
43 33 874
33 34 969
34 33 969
33 45 259
45 33 259
33 41 663
41 33 663
34 36 341
36 34 341
35 39 475
39 35 475
35 35 791
35 35 791
36 44 3
44 36 3
36 42 389
42 36 389
37 42 71
42 37 71
38 43 73
43 38 73
39 42 784
42 39 784
39 43 567
43 39 567
43 45 20
45 43 20
43 44 649
44 43 649
