99

0 1 94
1 0 94
0 2 71
2 0 71
0 4 676
4 0 676
0 5 712
5 0 712
0 16 692
16 0 692
0 4 926
4 0 926
0 38 810
38 0 810
0 5 826
5 0 826
0 36 74
36 0 74
0 40 969
40 0 969
0 38 912
38 0 912
0 41 77
41 0 77
0 70 808
70 0 808
0 31 515
31 0 515
0 58 681
58 0 681
0 16 151
16 0 151
0 92 518
92 0 518
0 8 24
8 0 24
0 16 893
16 0 893
0 14 427
14 0 427
0 4 165
4 0 165
0 41 56
41 0 56
0 61 388
61 0 388
0 15 861
15 0 861
1 7 337
7 1 337
1 14 562
14 1 562
1 30 198
30 1 198
1 51 797
51 1 797
1 58 734
58 1 734
1 34 148
34 1 148
1 50 68
50 1 68
1 98 139
98 1 139
1 47 682
47 1 682
1 28 847
28 1 847
1 17 956
17 1 956
1 38 971
38 1 971
1 4 14
4 1 14
1 65 534
65 1 534
1 30 389
30 1 389
1 89 182
89 1 182
1 40 927
40 1 927
1 90 300
90 1 300
1 43 680
43 1 680
1 37 426
37 1 426
1 52 315
52 1 315
1 32 112
32 1 112
2 3 395
3 2 395
2 8 156
8 2 156
2 80 904
80 2 904
2 23 170
23 2 170
2 85 460
85 2 460
2 76 813
76 2 813
2 39 54
39 2 54
2 23 717
23 2 717
2 21 518
21 2 518
2 77 731
77 2 731
2 38 93
38 2 93
2 63 309
63 2 309
2 63 901
63 2 901
2 47 735
47 2 735
2 50 392
50 2 392
2 87 611
87 2 611
2 12 947
12 2 947
2 4 672
4 2 672
2 21 1000
21 2 1000
2 21 405
21 2 405
2 66 616
66 2 616
2 45 527
45 2 527
2 21 218
21 2 218
2 49 301
49 2 301
3 10 630
10 3 630
3 38 127
38 3 127
3 57 598
57 3 598
3 87 720
87 3 720
3 18 700
18 3 700
3 39 438
39 3 438
3 65 874
65 3 874
3 60 704
60 3 704
3 93 587
93 3 587
3 14 928
14 3 928
3 10 137
10 3 137
3 96 879
96 3 879
3 52 476
52 3 476
3 47 311
47 3 311
3 46 221
46 3 221
4 11 227
11 4 227
4 88 250
88 4 250
4 30 918
30 4 918
4 60 20
60 4 20
4 8 901
8 4 901
4 79 461
79 4 461
4 69 16
69 4 16
4 85 559
85 4 559
4 48 915
48 4 915
4 91 945
91 4 945
4 54 59
54 4 59
5 6 386
6 5 386
5 31 925
31 5 925
5 35 446
35 5 446
5 76 267
76 5 267
5 42 234
42 5 234
5 83 895
83 5 895
5 44 177
44 5 177
5 26 713
26 5 713
5 44 983
44 5 983
5 73 717
73 5 717
5 16 616
16 5 616
5 35 162
35 5 162
5 30 371
30 5 371
5 85 753
85 5 753
5 38 44
38 5 44
5 28 764
28 5 764
5 58 21
58 5 21
5 6 87
6 5 87
5 44 959
44 5 959
5 76 421
76 5 421
5 26 610
26 5 610
6 12 429
12 6 429
6 86 43
86 6 43
6 55 628
55 6 628
6 30 715
30 6 715
6 64 751
64 6 751
6 51 92
51 6 92
6 63 745
63 6 745
6 83 81
83 6 81
6 20 440
20 6 440
6 54 349
54 6 349
6 18 717
18 6 717
6 48 487
48 6 487
6 19 460
19 6 460
6 8 32
8 6 32
7 18 885
18 7 885
7 44 831
44 7 831
7 27 67
27 7 67
7 59 214
59 7 214
7 87 641
87 7 641
7 30 766
30 7 766
7 26 791
26 7 791
7 90 500
90 7 500
7 14 86
14 7 86
7 93 682
93 7 682
7 68 895
68 7 895
7 47 612
47 7 612
7 76 775
76 7 775
7 77 285
77 7 285
7 68 665
68 7 665
7 31 377
31 7 377
7 96 323
96 7 323
7 19 783
19 7 783
7 93 256
93 7 256
7 91 109
91 7 109
7 17 870
17 7 870
7 22 672
22 7 672
7 88 370
88 7 370
8 9 960
9 8 960
8 13 353
13 8 353
8 55 639
55 8 639
8 75 923
75 8 923
8 53 333
53 8 333
8 10 504
10 8 504
8 69 369
69 8 369
8 45 536
45 8 536
8 13 992
13 8 992
8 25 432
25 8 432
8 32 252
32 8 252
8 17 795
17 8 795
9 23 622
23 9 622
9 87 600
87 9 600
9 74 10
74 9 10
9 76 621
76 9 621
9 39 570
39 9 570
9 76 380
76 9 380
9 42 42
42 9 42
9 65 275
65 9 275
9 19 734
19 9 734
9 50 711
50 9 711
9 71 469
71 9 469
9 69 962
69 9 962
9 70 913
70 9 913
9 82 282
82 9 282
10 47 225
47 10 225
10 38 278
38 10 278
10 56 423
56 10 423
10 93 513
93 10 513
10 44 614
44 10 614
10 40 224
40 10 224
10 50 816
50 10 816
10 71 74
71 10 74
10 85 942
85 10 942
10 28 864
28 10 864
10 34 194
34 10 194
10 69 544
69 10 544
10 96 175
96 10 175
10 29 510
29 10 510
10 92 264
92 10 264
10 58 475
58 10 475
11 15 314
15 11 314
11 17 8
17 11 8
11 21 984
21 11 984
11 27 371
27 11 371
11 19 325
19 11 325
11 40 781
40 11 781
11 37 804
37 11 804
11 97 764
97 11 764
11 16 430
16 11 430
12 19 733
19 12 733
12 26 404
26 12 404
12 98 620
98 12 620
12 30 879
30 12 879
12 79 430
79 12 430
12 76 622
76 12 622
12 33 107
33 12 107
12 70 819
70 12 819
12 37 966
37 12 966
12 58 88
58 12 88
12 89 78
89 12 78
12 35 126
35 12 126
12 83 712
83 12 712
12 98 405
98 12 405
12 28 24
28 12 24
12 15 181
15 12 181
13 22 228
22 13 228
13 47 56
47 13 56
13 48 21
48 13 21
13 53 948
53 13 948
13 30 31
30 13 31
13 25 199
25 13 199
13 79 897
79 13 897
13 83 145
83 13 145
13 69 232
69 13 232
13 42 416
42 13 416
13 91 835
91 13 835
13 14 357
14 13 357
13 51 413
51 13 413
13 20 362
20 13 362
13 74 363
74 13 363
14 24 640
24 14 640
14 25 79
25 14 79
14 28 565
28 14 565
14 53 134
53 14 134
14 41 716
41 14 716
14 73 343
73 14 343
14 44 191
44 14 191
14 69 882
69 14 882
14 57 978
57 14 978
14 81 869
81 14 869
14 37 158
37 14 158
14 76 648
76 14 648
14 58 280
58 14 280
14 80 131
80 14 131
14 72 987
72 14 987
14 58 373
58 14 373
14 59 638
59 14 638
15 73 944
73 15 944
15 45 129
45 15 129
15 96 192
96 15 192
15 33 928
33 15 928
15 30 1
30 15 1
15 35 852
35 15 852
15 71 330
71 15 330
15 82 170
82 15 170
15 29 254
29 15 254
15 59 314
59 15 314
15 33 127
33 15 127
15 96 642
96 15 642
15 52 497
52 15 497
15 22 363
22 15 363
15 48 662
48 15 662
16 81 831
81 16 831
16 75 684
75 16 684
16 29 873
29 16 873
16 18 442
18 16 442
16 43 595
43 16 595
16 71 914
71 16 914
17 23 26
23 17 26
17 49 628
49 17 628
17 30 563
30 17 563
17 74 539
74 17 539
17 86 750
86 17 750
17 94 780
94 17 780
17 80 315
80 17 315
17 44 241
44 17 241
17 55 534
55 17 534
17 38 905
38 17 905
17 64 198
64 17 198
17 64 949
64 17 949
17 73 995
73 17 995
18 20 379
20 18 379
18 37 249
37 18 249
18 40 595
40 18 595
18 46 430
46 18 430
18 74 259
74 18 259
18 53 620
53 18 620
18 22 914
22 18 914
18 93 106
93 18 106
18 57 791
57 18 791
18 98 142
98 18 142
18 93 39
93 18 39
18 70 286
70 18 286
18 24 477
24 18 477
18 81 31
81 18 31
18 20 837
20 18 837
18 42 699
42 18 699
19 60 497
60 19 497
19 44 152
44 19 152
19 89 473
89 19 473
19 67 416
67 19 416
19 22 459
22 19 459
19 65 275
65 19 275
19 87 280
87 19 280
19 36 997
36 19 997
19 27 962
27 19 962
20 32 815
32 20 815
20 34 390
34 20 390
20 94 296
94 20 296
20 57 546
57 20 546
20 58 486
58 20 486
20 73 418
73 20 418
20 38 889
38 20 889
20 51 165
51 20 165
20 81 990
81 20 990
20 66 280
66 20 280
20 62 698
62 20 698
20 62 381
62 20 381
20 67 334
67 20 334
20 48 138
48 20 138
21 29 519
29 21 519
21 80 24
80 21 24
21 92 664
92 21 664
21 39 706
39 21 706
21 69 732
69 21 732
21 93 48
93 21 48
21 47 901
47 21 901
21 87 907
87 21 907
21 92 796
92 21 796
21 96 589
96 21 589
21 95 674
95 21 674
21 53 549
53 21 549
21 27 907
27 21 907
21 60 90
60 21 90
21 44 473
44 21 473
21 28 989
28 21 989
22 36 45
36 22 45
22 61 769
61 22 769
22 40 34
40 22 34
22 29 844
29 22 844
22 40 248
40 22 248
22 98 922
98 22 922
22 72 791
72 22 791
23 72 412
72 23 412
23 55 448
55 23 448
23 78 626
78 23 626
23 68 571
68 23 571
23 50 986
50 23 986
23 81 563
81 23 563
23 88 188
88 23 188
23 63 89
63 23 89
24 33 15
33 24 15
24 64 897
64 24 897
24 66 326
66 24 326
24 42 6
42 24 6
24 53 461
53 24 461
24 71 55
71 24 55
24 26 688
26 24 688
24 42 855
42 24 855
24 55 341
55 24 341
24 27 695
27 24 695
24 49 669
49 24 669
24 65 533
65 24 533
24 25 950
25 24 950
24 67 594
67 24 594
24 36 727
36 24 727
25 45 868
45 25 868
25 77 260
77 25 260
25 46 340
46 25 340
25 80 102
80 25 102
25 55 517
55 25 517
25 60 41
60 25 41
25 46 5
46 25 5
25 54 551
54 25 551
25 64 40
64 25 40
26 51 327
51 26 327
26 42 608
42 26 608
26 57 13
57 26 13
26 36 574
36 26 574
26 67 192
67 26 192
26 69 967
69 26 967
26 60 366
60 26 366
26 51 555
51 26 555
26 90 712
90 26 712
26 96 133
96 26 133
26 64 373
64 26 373
27 97 567
97 27 567
27 38 36
38 27 36
27 27 954
27 27 954
27 43 261
43 27 261
27 37 901
37 27 901
27 36 847
36 27 847
28 39 535
39 28 535
28 62 502
62 28 502
28 79 218
79 28 218
28 66 993
66 28 993
28 34 294
34 28 294
28 68 857
68 28 857
28 67 173
67 28 173
28 89 738
89 28 738
28 92 133
92 28 133
28 51 489
51 28 489
28 77 293
77 28 293
29 59 562
59 29 562
29 31 651
31 29 651
29 92 236
92 29 236
29 69 542
69 29 542
29 96 455
96 29 455
29 76 41
76 29 41
29 45 903
45 29 903
29 37 362
37 29 362
29 57 370
57 29 370
29 55 693
55 29 693
29 34 925
34 29 925
29 84 214
84 29 214
29 58 475
58 29 475
29 52 966
52 29 966
29 54 596
54 29 596
30 75 450
75 30 450
30 87 153
87 30 153
30 42 661
42 30 661
30 48 878
48 30 878
30 49 685
49 30 685
30 74 535
74 30 535
30 92 476
92 30 476
30 79 29
79 30 29
31 42 897
42 31 897
31 56 746
56 31 746
31 46 884
46 31 884
31 75 360
75 31 360
31 95 870
95 31 870
31 76 673
76 31 673
31 47 244
47 31 244
31 94 432
94 31 432
31 89 585
89 31 585
31 83 544
83 31 544
31 49 448
49 31 448
31 92 763
92 31 763
31 89 524
89 31 524
32 83 658
83 32 658
32 48 159
48 32 159
32 55 522
55 32 522
32 52 176
52 32 176
32 40 339
40 32 339
33 50 896
50 33 896
33 60 695
60 33 695
33 83 16
83 33 16
33 51 608
51 33 608
33 53 869
53 33 869
33 80 815
80 33 815
33 70 133
70 33 133
33 54 740
54 33 740
33 42 254
42 33 254
33 88 870
88 33 870
33 85 856
85 33 856
34 88 17
88 34 17
34 88 125
88 34 125
34 39 882
39 34 882
34 40 82
40 34 82
34 70 140
70 34 140
34 55 747
55 34 747
34 52 353
52 34 353
34 51 776
51 34 776
35 68 18
68 35 18
35 85 330
85 35 330
35 41 25
41 35 25
35 89 159
89 35 159
35 66 441
66 35 441
35 50 527
50 35 527
35 58 329
58 35 329
35 51 127
51 35 127
35 67 180
67 35 180
35 64 100
64 35 100
35 36 395
36 35 395
35 96 180
96 35 180
35 79 503
79 35 503
35 90 187
90 35 187
35 88 863
88 35 863
35 58 319
58 35 319
36 41 372
41 36 372
36 81 234
81 36 234
36 97 74
97 36 74
36 59 12
59 36 12
36 72 497
72 36 497
36 52 714
52 36 714
36 83 943
83 36 943
36 87 435
87 36 435
36 56 544
56 36 544
36 95 755
95 36 755
37 67 121
67 37 121
37 60 673
60 37 673
37 86 587
86 37 587
37 43 403
43 37 403
38 83 150
83 38 150
38 86 600
86 38 600
38 84 160
84 38 160
38 47 343
47 38 343
38 53 498
53 38 498
38 90 586
90 38 586
38 53 638
53 38 638
38 45 149
45 38 149
38 59 220
59 38 220
38 45 692
45 38 692
38 71 604
71 38 604
38 86 26
86 38 26
38 41 315
41 38 315
38 42 671
42 38 671
38 55 170
55 38 170
38 94 8
94 38 8
39 45 737
45 39 737
39 54 76
54 39 76
39 68 258
68 39 258
39 74 744
74 39 744
39 47 589
47 39 589
39 41 841
41 39 841
39 57 292
57 39 292
40 43 257
43 40 257
40 52 578
52 40 578
40 54 418
54 40 418
40 97 680
97 40 680
40 53 991
53 40 991
40 67 998
67 40 998
40 53 793
53 40 793
41 94 99
94 41 99
41 57 556
57 41 556
41 83 173
83 41 173
41 82 539
82 41 539
41 64 373
64 41 373
41 79 879
79 41 879
41 63 781
63 41 781
41 46 53
46 41 53
42 45 327
45 42 327
42 92 643
92 42 643
42 94 361
94 42 361
42 45 901
45 42 901
42 65 559
65 42 559
42 83 742
83 42 742
42 49 43
49 42 43
42 76 898
76 42 898
42 93 478
93 42 478
43 93 479
93 43 479
43 82 419
82 43 419
43 55 59
55 43 59
43 87 24
87 43 24
43 79 817
79 43 817
44 74 639
74 44 639
44 79 928
79 44 928
44 58 131
58 44 131
44 54 339
54 44 339
44 91 699
91 44 699
44 95 996
95 44 996
44 87 580
87 44 580
44 59 999
59 44 999
45 68 118
68 45 118
45 57 581
57 45 581
45 69 86
69 45 86
45 77 55
77 45 55
45 51 796
51 45 796
45 70 613
70 45 613
46 74 790
74 46 790
46 94 808
94 46 808
46 97 386
97 46 386
46 75 159
75 46 159
46 65 897
65 46 897
46 62 101
62 46 101
46 86 16
86 46 16
46 72 442
72 46 442
46 85 637
85 46 637
47 70 964
70 47 964
47 57 878
57 47 878
47 90 89
90 47 89
47 59 224
59 47 224
47 88 352
88 47 352
47 86 679
86 47 679
47 67 459
67 47 459
47 93 449
93 47 449
47 69 155
69 47 155
47 91 395
91 47 395
48 54 44
54 48 44
48 87 202
87 48 202
48 59 34
59 48 34
48 64 639
64 48 639
48 85 823
85 48 823
48 60 851
60 48 851
48 72 6
72 48 6
48 93 152
93 48 152
48 78 947
78 48 947
48 74 987
74 48 987
49 60 45
60 49 45
49 91 769
91 49 769
49 83 770
83 49 770
49 89 461
89 49 461
49 64 864
64 49 864
49 96 660
96 49 660
49 55 272
55 49 272
50 54 441
54 50 441
50 86 782
86 50 782
50 80 594
80 50 594
50 97 255
97 50 255
50 70 72
70 50 72
50 53 458
53 50 458
50 95 547
95 50 547
50 92 766
92 50 766
50 98 10
98 50 10
51 60 715
60 51 715
51 97 179
97 51 179
51 56 995
56 51 995
51 93 572
93 51 572
51 84 21
84 51 21
51 54 391
54 51 391
51 56 795
56 51 795
52 78 925
78 52 925
52 71 666
71 52 666
52 93 417
93 52 417
52 76 956
76 52 956
52 72 441
72 52 441
52 57 186
57 52 186
52 90 557
90 52 557
52 87 280
87 52 280
53 57 915
57 53 915
53 65 861
65 53 861
53 85 809
85 53 809
53 61 283
61 53 283
53 77 248
77 53 248
53 81 843
81 53 843
54 71 483
71 54 483
54 68 763
68 54 763
54 55 831
55 54 831
54 90 472
90 54 472
54 66 980
66 54 980
54 71 42
71 54 42
55 60 656
60 55 656
55 55 24
55 55 24
55 65 152
65 55 152
55 94 596
94 55 596
55 98 893
98 55 893
55 84 985
84 55 985
55 69 890
69 55 890
56 77 719
77 56 719
56 83 814
83 56 814
56 60 767
60 56 767
56 67 343
67 56 343
56 79 610
79 56 610
56 92 644
92 56 644
56 58 580
58 56 580
56 83 766
83 56 766
56 68 68
68 56 68
57 87 469
87 57 469
57 96 457
96 57 457
57 87 205
87 57 205
57 79 639
79 57 639
57 65 176
65 57 176
58 59 770
59 58 770
58 84 437
84 58 437
58 91 621
91 58 621
58 65 732
65 58 732
58 93 195
93 58 195
58 80 323
80 58 323
58 96 295
96 58 295
59 65 63
65 59 63
59 90 683
90 59 683
59 98 211
98 59 211
59 94 413
94 59 413
59 96 431
96 59 431
59 90 905
90 59 905
59 64 10
64 59 10
60 63 890
63 60 890
60 70 665
70 60 665
60 77 340
77 60 340
60 83 119
83 60 119
61 69 964
69 61 964
61 79 706
79 61 706
61 92 780
92 61 780
61 61 311
61 61 311
61 78 460
78 61 460
61 77 376
77 61 376
61 67 83
67 61 83
61 69 489
69 61 489
62 79 679
79 62 679
62 63 814
63 62 814
62 90 195
90 62 195
62 90 348
90 62 348
62 77 443
77 62 443
62 95 733
95 62 733
62 85 170
85 62 170
62 63 116
63 62 116
62 98 526
98 62 526
62 87 593
87 62 593
62 98 821
98 62 821
63 87 681
87 63 681
63 68 993
68 63 993
63 81 460
81 63 460
63 66 435
66 63 435
63 83 193
83 63 193
63 63 484
63 63 484
63 71 812
71 63 812
64 68 602
68 64 602
64 89 765
89 64 765
64 90 942
90 64 942
64 85 804
85 64 804
64 67 866
67 64 866
64 75 961
75 64 961
64 87 794
87 64 794
64 92 836
92 64 836
64 83 865
83 64 865
64 66 288
66 64 288
65 67 827
67 65 827
65 82 938
82 65 938
65 74 821
74 65 821
65 96 733
96 65 733
65 81 99
81 65 99
65 85 130
85 65 130
65 97 657
97 65 657
65 69 670
69 65 670
65 84 585
84 65 585
66 70 767
70 66 767
66 90 466
90 66 466
66 81 431
81 66 431
66 74 558
74 66 558
66 67 122
67 66 122
66 92 118
92 66 118
67 85 535
85 67 535
67 91 917
91 67 917
67 81 392
81 67 392
67 86 927
86 67 927
67 83 576
83 67 576
67 98 102
98 67 102
68 79 361
79 68 361
68 82 101
82 68 101
69 76 639
76 69 639
69 83 832
83 69 832
70 81 83
81 70 83
70 82 200
82 70 200
70 97 415
97 70 415
71 72 52
72 71 52
71 91 445
91 71 445
71 75 370
75 71 370
72 88 657
88 72 657
72 93 277
93 72 277
72 74 10
74 72 10
73 95 477
95 73 477
73 74 757
74 73 757
73 74 173
74 73 173
73 86 971
86 73 971
74 92 35
92 74 35
74 98 811
98 74 811
74 81 461
81 74 461
76 85 435
85 76 435
76 81 952
81 76 952
77 83 90
83 77 90
77 95 75
95 77 75
79 89 357
89 79 357
79 91 200
91 79 200
79 81 436
81 79 436
80 84 811
84 80 811
80 90 768
90 80 768
80 83 395
83 80 395
81 96 301
96 81 301
81 86 114
86 81 114
81 82 65
82 81 65
81 95 990
95 81 990
81 94 317
94 81 317
81 92 123
92 81 123
81 82 978
82 81 978
82 96 716
96 82 716
82 83 277
83 82 277
82 89 230
89 82 230
83 98 752
98 83 752
83 98 150
98 83 150
83 84 136
84 83 136
83 94 748
94 83 748
84 84 562
84 84 562
85 94 242
94 85 242
85 97 73
97 85 73
85 85 997
85 85 997
86 88 230
88 86 230
86 93 222
93 86 222
86 92 379
92 86 379
86 93 538
93 86 538
87 89 816
89 87 816
87 94 705
94 87 705
88 91 867
91 88 867
88 93 382
93 88 382
88 98 249
98 88 249
88 98 802
98 88 802
89 95 910
95 89 910
90 98 817
98 90 817
91 98 650
98 91 650
92 94 342
94 92 342
92 97 736
97 92 736
92 95 550
95 92 550
93 95 411
95 93 411
95 98 333
98 95 333
