96

0 1 95
1 0 95
0 7 174
7 0 174
0 21 654
21 0 654
0 24 449
24 0 449
0 25 742
25 0 742
0 58 475
58 0 475
0 5 782
5 0 782
0 14 59
14 0 59
0 11 876
11 0 876
0 2 973
2 0 973
0 40 393
40 0 393
1 2 903
2 1 903
1 4 47
4 1 47
1 6 381
6 1 381
1 47 892
47 1 892
1 67 335
67 1 335
1 62 541
62 1 541
1 5 969
5 1 969
1 44 290
44 1 290
1 43 245
43 1 245
2 3 460
3 2 460
2 23 468
23 2 468
2 39 436
39 2 436
2 48 732
48 2 732
2 41 270
41 2 270
2 45 339
45 2 339
2 35 189
35 2 189
2 12 942
12 2 942
2 17 259
17 2 259
2 35 773
35 2 773
2 92 16
92 2 16
2 7 149
7 2 149
2 89 377
89 2 377
3 5 628
5 3 628
3 8 866
8 3 866
3 67 312
67 3 312
3 24 22
24 3 22
3 65 824
65 3 824
3 11 452
11 3 452
3 23 129
23 3 129
3 56 692
56 3 692
3 18 393
18 3 393
3 8 269
8 3 269
4 67 576
67 4 576
4 53 231
53 4 231
4 56 660
56 4 660
4 47 331
47 4 331
4 23 661
23 4 661
5 35 915
35 5 915
5 92 817
92 5 817
5 16 205
16 5 205
5 62 920
62 5 920
5 29 634
29 5 634
5 57 520
57 5 520
5 48 487
48 5 487
5 51 337
51 5 337
5 55 622
55 5 622
5 37 1000
37 5 1000
6 9 930
9 6 930
6 10 985
10 6 985
6 13 615
13 6 615
6 17 224
17 6 224
6 59 540
59 6 540
6 77 38
77 6 38
6 94 449
94 6 449
6 30 703
30 6 703
6 43 342
43 6 342
6 63 89
63 6 89
6 23 49
23 6 49
6 92 381
92 6 381
6 90 637
90 6 637
6 51 464
51 6 464
6 8 152
8 6 152
7 14 936
14 7 936
7 30 789
30 7 789
7 32 291
32 7 291
7 50 178
50 7 178
7 52 808
52 7 808
7 71 598
71 7 598
7 43 382
43 7 382
7 53 531
53 7 531
7 22 376
22 7 376
7 22 715
22 7 715
7 23 197
23 7 197
8 11 689
11 8 689
8 48 871
48 8 871
8 59 174
59 8 174
8 24 939
24 8 939
8 81 480
81 8 480
8 25 586
25 8 586
8 66 853
66 8 853
8 74 16
74 8 16
8 20 6
20 8 6
8 44 58
44 8 58
8 23 895
23 8 895
8 73 263
73 8 263
8 24 137
24 8 137
9 12 897
12 9 897
9 38 627
38 9 627
9 33 665
33 9 665
9 31 643
31 9 643
9 82 633
82 9 633
9 34 498
34 9 498
10 72 675
72 10 675
10 15 69
15 10 69
10 27 387
27 10 387
10 66 7
66 10 7
10 21 955
21 10 955
10 34 856
34 10 856
10 67 550
67 10 550
10 56 208
56 10 208
10 38 502
38 10 502
10 26 599
26 10 599
11 88 889
88 11 889
11 29 198
29 11 198
11 77 230
77 11 230
11 74 967
74 11 967
11 42 280
42 11 280
11 33 608
33 11 608
11 95 80
95 11 80
12 15 871
15 12 871
12 22 442
22 12 442
12 33 61
33 12 61
12 66 295
66 12 295
12 31 699
31 12 699
12 19 179
19 12 179
12 31 379
31 12 379
12 45 865
45 12 865
12 43 117
43 12 117
12 34 142
34 12 142
12 30 363
30 12 363
12 24 619
24 12 619
12 86 686
86 12 686
12 66 318
66 12 318
12 23 604
23 12 604
13 16 504
16 13 504
13 42 197
42 13 197
13 65 629
65 13 629
13 87 385
87 13 385
13 78 180
78 13 180
13 88 56
88 13 56
13 20 524
20 13 524
13 76 277
76 13 277
13 52 571
52 13 571
14 19 106
19 14 106
14 34 617
34 14 617
14 53 187
53 14 187
14 77 593
77 14 593
14 87 425
87 14 425
14 36 38
36 14 38
14 18 980
18 14 980
14 66 644
66 14 644
14 95 887
95 14 887
14 92 989
92 14 989
15 26 862
26 15 862
15 40 72
40 15 72
15 29 36
29 15 36
15 72 736
72 15 736
15 43 536
43 15 536
15 18 152
18 15 152
15 50 946
50 15 946
15 46 801
46 15 801
15 52 991
52 15 991
16 69 887
69 16 887
16 88 664
88 16 664
16 90 700
90 16 700
16 18 985
18 16 985
16 68 473
68 16 473
16 71 563
71 16 563
16 63 680
63 16 680
16 58 401
58 16 401
17 18 935
18 17 935
17 71 285
71 17 285
17 46 354
46 17 354
17 52 573
52 17 573
17 62 778
62 17 778
17 38 781
38 17 781
17 59 866
59 17 866
17 62 331
62 17 331
18 20 544
20 18 544
18 49 824
49 18 824
18 87 14
87 18 14
18 23 450
23 18 450
18 89 742
89 18 742
18 70 803
70 18 803
18 56 375
56 18 375
18 40 864
40 18 864
18 93 183
93 18 183
18 29 924
29 18 924
18 56 276
56 18 276
18 29 501
29 18 501
19 68 561
68 19 561
19 20 17
20 19 17
19 87 503
87 19 503
19 83 99
83 19 99
19 85 13
85 19 13
19 46 660
46 19 660
19 29 403
29 19 403
19 35 982
35 19 982
19 69 599
69 19 599
20 27 355
27 20 355
20 27 438
27 20 438
20 89 148
89 20 148
20 56 755
56 20 755
20 22 762
22 20 762
20 85 15
85 20 15
20 64 466
64 20 466
20 26 45
26 20 45
20 23 108
23 20 108
20 79 443
79 20 443
20 80 417
80 20 417
20 40 157
40 20 157
20 94 431
94 20 431
21 37 643
37 21 643
21 25 393
25 21 393
21 38 605
38 21 605
21 33 366
33 21 366
21 77 537
77 21 537
21 27 913
27 21 913
21 85 305
85 21 305
21 56 152
56 21 152
22 29 449
29 22 449
22 44 639
44 22 639
22 64 563
64 22 563
22 43 294
43 22 294
22 65 373
65 22 373
22 60 252
60 22 252
22 32 558
32 22 558
22 90 799
90 22 799
22 29 443
29 22 443
22 84 972
84 22 972
22 81 610
81 22 610
23 35 521
35 23 521
23 49 225
49 23 225
23 24 534
24 23 534
23 90 189
90 23 189
24 28 876
28 24 876
24 79 418
79 24 418
24 25 652
25 24 652
25 63 9
63 25 9
25 45 58
45 25 58
25 38 317
38 25 317
26 55 945
55 26 945
26 27 40
27 26 40
26 83 493
83 26 493
26 40 677
40 26 677
26 85 61
85 26 61
26 64 149
64 26 149
27 90 544
90 27 544
27 36 260
36 27 260
27 88 662
88 27 662
28 31 393
31 28 393
28 37 24
37 28 24
28 55 712
55 28 712
28 90 128
90 28 128
28 76 687
76 28 687
28 36 994
36 28 994
28 35 777
35 28 777
28 57 886
57 28 886
29 76 287
76 29 287
29 69 357
69 29 357
29 64 795
64 29 795
29 85 508
85 29 508
29 71 658
71 29 658
29 42 437
42 29 437
30 43 890
43 30 890
30 61 766
61 30 766
30 70 538
70 30 538
30 38 106
38 30 106
30 41 64
41 30 64
30 90 174
90 30 174
30 71 649
71 30 649
31 54 973
54 31 973
31 60 132
60 31 132
31 66 156
66 31 156
31 42 88
42 31 88
31 93 137
93 31 137
31 76 57
76 31 57
31 52 950
52 31 950
31 90 766
90 31 766
31 82 593
82 31 593
31 92 113
92 31 113
31 62 486
62 31 486
32 70 386
70 32 386
32 82 932
82 32 932
32 90 170
90 32 170
32 57 802
57 32 802
32 35 958
35 32 958
32 79 622
79 32 622
32 38 652
38 32 652
32 62 79
62 32 79
33 41 92
41 33 92
33 89 316
89 33 316
33 37 420
37 33 420
33 80 779
80 33 779
33 55 62
55 33 62
33 81 896
81 33 896
33 34 895
34 33 895
33 52 115
52 33 115
34 57 254
57 34 254
34 71 866
71 34 866
34 89 969
89 34 969
34 48 305
48 34 305
34 66 851
66 34 851
34 67 75
67 34 75
34 53 502
53 34 502
34 85 301
85 34 301
34 56 50
56 34 50
35 36 483
36 35 483
35 45 920
45 35 920
35 51 374
51 35 374
35 61 367
61 35 367
36 64 108
64 36 108
36 46 118
46 36 118
36 78 92
78 36 92
36 59 169
59 36 169
36 71 778
71 36 778
36 47 908
47 36 908
36 74 453
74 36 453
37 74 596
74 37 596
38 51 592
51 38 592
38 84 65
84 38 65
38 48 471
48 38 471
38 80 905
80 38 905
38 55 721
55 38 721
38 69 421
69 38 421
39 76 687
76 39 687
39 74 388
74 39 388
39 46 628
46 39 628
40 76 513
76 40 513
40 86 786
86 40 786
40 76 172
76 40 172
41 52 377
52 41 377
41 45 994
45 41 994
41 84 589
84 41 589
41 79 792
79 41 792
42 51 858
51 42 858
42 45 949
45 42 949
42 74 822
74 42 822
42 56 392
56 42 392
42 73 338
73 42 338
42 42 612
42 42 612
42 56 538
56 42 538
42 79 994
79 42 994
42 79 17
79 42 17
43 46 26
46 43 26
43 94 941
94 43 941
43 79 211
79 43 211
43 56 969
56 43 969
44 47 911
47 44 911
44 55 96
55 44 96
45 92 27
92 45 27
45 95 686
95 45 686
45 47 13
47 45 13
45 92 26
92 45 26
45 84 429
84 45 429
45 54 301
54 45 301
46 90 406
90 46 406
46 70 654
70 46 654
47 56 560
56 47 560
47 90 952
90 47 952
47 65 274
65 47 274
47 66 401
66 47 401
47 61 487
61 47 487
47 66 282
66 47 282
47 93 594
93 47 594
47 63 607
63 47 607
47 51 830
51 47 830
47 72 471
72 47 471
47 62 214
62 47 214
48 79 157
79 48 157
48 70 866
70 48 866
48 74 987
74 48 987
48 62 296
62 48 296
48 95 461
95 48 461
48 53 16
53 48 16
49 86 857
86 49 857
49 91 235
91 49 235
49 79 888
79 49 888
49 68 899
68 49 899
49 95 461
95 49 461
50 62 585
62 50 585
50 63 161
63 50 161
50 70 243
70 50 243
50 72 394
72 50 394
50 53 855
53 50 855
50 92 831
92 50 831
50 94 895
94 50 895
50 85 330
85 50 330
51 80 161
80 51 161
51 91 259
91 51 259
51 61 882
61 51 882
51 94 948
94 51 948
51 77 99
77 51 99
51 95 894
95 51 894
52 64 530
64 52 530
52 62 563
62 52 563
52 91 175
91 52 175
53 76 319
76 53 319
53 73 825
73 53 825
54 63 585
63 54 585
54 89 901
89 54 901
54 77 924
77 54 924
54 94 78
94 54 78
54 68 937
68 54 937
55 85 713
85 55 713
55 56 822
56 55 822
55 65 441
65 55 441
55 79 452
79 55 452
56 67 609
67 56 609
56 88 451
88 56 451
56 65 495
65 56 495
56 78 395
78 56 395
56 79 668
79 56 668
57 71 298
71 57 298
57 58 710
58 57 710
58 76 711
76 58 711
58 76 249
76 58 249
58 95 977
95 58 977
59 87 969
87 59 969
59 73 80
73 59 80
59 64 296
64 59 296
59 95 530
95 59 530
60 81 471
81 60 471
60 86 403
86 60 403
60 84 892
84 60 892
60 83 689
83 60 689
60 91 23
91 60 23
61 75 633
75 61 633
61 95 498
95 61 498
61 68 961
68 61 961
61 65 747
65 61 747
62 86 621
86 62 621
62 69 397
69 62 397
62 92 499
92 62 499
63 77 372
77 63 372
63 74 382
74 63 382
64 83 679
83 64 679
64 77 575
77 64 575
64 73 774
73 64 774
65 81 804
81 65 804
66 79 626
79 66 626
66 92 310
92 66 310
67 84 924
84 67 924
68 93 8
93 68 8
68 82 790
82 68 790
69 73 74
73 69 74
69 85 297
85 69 297
70 74 769
74 70 769
70 79 74
79 70 74
70 85 877
85 70 877
70 81 662
81 70 662
70 76 385
76 70 385
70 82 352
82 70 352
71 86 185
86 71 185
71 95 222
95 71 222
71 94 956
94 71 956
71 84 233
84 71 233
72 81 958
81 72 958
72 80 606
80 72 606
72 86 572
86 72 572
73 95 504
95 73 504
73 83 416
83 73 416
73 83 87
83 73 87
73 78 853
78 73 853
73 85 508
85 73 508
74 78 200
78 74 200
74 79 642
79 74 642
75 92 693
92 75 693
75 81 90
81 75 90
75 85 108
85 75 108
75 81 380
81 75 380
75 89 128
89 75 128
76 79 322
79 76 322
76 91 176
91 76 176
76 95 671
95 76 671
77 88 938
88 77 938
78 88 574
88 78 574
78 82 992
82 78 992
78 78 982
78 78 982
79 86 834
86 79 834
80 82 840
82 80 840
80 88 766
88 80 766
81 84 807
84 81 807
82 91 213
91 82 213
83 88 357
88 83 357
84 87 697
87 84 697
86 87 666
87 86 666
87 94 902
94 87 902
88 92 470
92 88 470
88 89 97
89 88 97
88 92 820
92 88 820
89 90 913
90 89 913
89 95 444
95 89 444
92 93 201
93 92 201
