77

0 1 545
1 0 545
0 5 633
5 0 633
0 16 276
16 0 276
0 42 324
42 0 324
0 38 110
38 0 110
0 8 124
8 0 124
0 17 494
17 0 494
0 46 384
46 0 384
0 26 669
26 0 669
0 26 717
26 0 717
0 37 866
37 0 866
0 47 553
47 0 553
0 63 423
63 0 423
0 15 338
15 0 338
0 63 911
63 0 911
0 63 594
63 0 594
0 63 169
63 0 169
1 2 671
2 1 671
1 33 549
33 1 549
1 38 868
38 1 868
1 61 465
61 1 465
1 38 743
38 1 743
1 71 3
71 1 3
1 59 632
59 1 632
1 28 663
28 1 663
1 73 684
73 1 684
1 39 443
39 1 443
1 43 897
43 1 897
1 62 625
62 1 625
1 51 66
51 1 66
1 69 318
69 1 318
2 3 388
3 2 388
2 10 397
10 2 397
2 11 875
11 2 875
2 15 704
15 2 704
2 30 351
30 2 351
2 60 901
60 2 901
2 63 13
63 2 13
2 57 71
57 2 71
2 59 457
59 2 457
2 13 996
13 2 996
2 24 225
24 2 225
2 8 448
8 2 448
2 13 910
13 2 910
2 58 358
58 2 358
2 60 508
60 2 508
3 4 938
4 3 938
3 8 717
8 3 717
3 12 77
12 3 77
3 52 453
52 3 453
3 62 930
62 3 930
3 8 617
8 3 617
3 63 870
63 3 870
3 22 80
22 3 80
3 23 755
23 3 755
3 60 617
60 3 617
3 45 243
45 3 243
3 39 872
39 3 872
3 62 812
62 3 812
3 72 304
72 3 304
3 52 137
52 3 137
3 31 566
31 3 566
3 74 946
74 3 946
4 7 653
7 4 653
4 19 532
19 4 532
4 20 455
20 4 455
4 61 498
61 4 498
4 29 810
29 4 810
4 75 755
75 4 755
4 48 549
48 4 549
4 43 184
43 4 184
4 24 65
24 4 65
4 61 736
61 4 736
4 45 94
45 4 94
4 37 66
37 4 66
4 33 263
33 4 263
4 60 421
60 4 421
4 5 936
5 4 936
4 48 641
48 4 641
4 53 132
53 4 132
4 64 860
64 4 860
5 6 326
6 5 326
5 9 791
9 5 791
5 61 705
61 5 705
5 54 832
54 5 832
5 72 953
72 5 953
5 60 564
60 5 564
5 19 156
19 5 156
5 68 625
68 5 625
5 43 342
43 5 342
5 12 549
12 5 549
5 7 231
7 5 231
5 20 171
20 5 171
5 48 485
48 5 485
5 57 989
57 5 989
5 40 499
40 5 499
5 58 257
58 5 257
5 69 573
69 5 573
5 14 496
14 5 496
5 10 99
10 5 99
5 24 952
24 5 952
6 13 892
13 6 892
6 26 268
26 6 268
6 34 65
34 6 65
6 47 240
47 6 240
6 35 517
35 6 517
6 16 368
16 6 368
6 32 620
32 6 620
6 63 943
63 6 943
6 16 255
16 6 255
6 31 563
31 6 563
7 76 275
76 7 275
7 46 209
46 7 209
7 34 467
34 7 467
7 10 223
10 7 223
7 26 396
26 7 396
7 35 587
35 7 587
7 61 981
61 7 981
7 54 839
54 7 839
7 61 911
61 7 911
7 69 310
69 7 310
7 52 688
52 7 688
7 34 140
34 7 140
7 48 497
48 7 497
8 18 528
18 8 528
8 22 285
22 8 285
8 31 415
31 8 415
8 11 716
11 8 716
8 63 980
63 8 980
8 56 512
56 8 512
8 43 19
43 8 19
8 45 727
45 8 727
8 17 282
17 8 282
8 40 979
40 8 979
8 34 765
34 8 765
8 67 886
67 8 886
8 76 863
76 8 863
8 24 739
24 8 739
8 50 3
50 8 3
9 27 375
27 9 375
9 53 673
53 9 673
9 27 465
27 9 465
9 31 960
31 9 960
9 67 704
67 9 704
9 43 484
43 9 484
9 19 689
19 9 689
9 24 923
24 9 923
9 33 233
33 9 233
10 55 325
55 10 325
10 65 948
65 10 948
10 72 942
72 10 942
10 15 856
15 10 856
10 35 565
35 10 565
10 54 917
54 10 917
10 29 106
29 10 106
10 52 696
52 10 696
10 76 462
76 10 462
10 29 433
29 10 433
10 53 700
53 10 700
10 31 670
31 10 670
10 13 497
13 10 497
10 57 867
57 10 867
10 36 73
36 10 73
10 37 46
37 10 46
10 62 100
62 10 100
10 33 684
33 10 684
10 43 350
43 10 350
11 25 945
25 11 945
11 28 84
28 11 84
11 29 605
29 11 605
11 69 114
69 11 114
11 17 448
17 11 448
11 50 509
50 11 509
11 37 415
37 11 415
11 68 535
68 11 535
11 47 729
47 11 729
11 61 1
61 11 1
11 63 220
63 11 220
11 63 221
63 11 221
11 40 318
40 11 318
11 58 895
58 11 895
11 52 85
52 11 85
11 21 990
21 11 990
11 74 805
74 11 805
12 17 383
17 12 383
12 68 198
68 12 198
12 48 21
48 12 21
12 40 42
40 12 42
12 50 790
50 12 790
12 76 277
76 12 277
12 33 528
33 12 528
12 64 749
64 12 749
12 13 409
13 12 409
12 60 598
60 12 598
12 47 586
47 12 586
12 38 969
38 12 969
12 55 629
55 12 629
12 23 829
23 12 829
12 64 230
64 12 230
13 14 965
14 13 965
13 27 905
27 13 905
13 50 786
50 13 786
13 40 277
40 13 277
13 58 522
58 13 522
13 59 6
59 13 6
13 60 639
60 13 639
13 60 640
60 13 640
13 55 95
55 13 95
13 76 503
76 13 503
13 25 734
25 13 734
13 61 328
61 13 328
14 72 583
72 14 583
14 35 718
35 14 718
14 56 614
56 14 614
15 62 776
62 15 776
15 71 960
71 15 960
15 28 917
28 15 917
15 52 595
52 15 595
15 67 985
67 15 985
15 29 724
29 15 724
15 21 985
21 15 985
16 36 585
36 16 585
16 39 674
39 16 674
16 68 576
68 16 576
16 45 326
45 16 326
16 70 387
70 16 387
16 61 662
61 16 662
16 28 179
28 16 179
16 51 971
51 16 971
16 18 577
18 16 577
16 17 881
17 16 881
16 62 278
62 16 278
16 16 516
16 16 516
16 40 780
40 16 780
16 40 969
40 16 969
16 60 139
60 16 139
16 70 843
70 16 843
16 69 234
69 16 234
16 34 455
34 16 455
17 41 913
41 17 913
17 52 487
52 17 487
17 35 485
35 17 485
17 70 190
70 17 190
17 64 841
64 17 841
17 31 490
31 17 490
17 36 244
36 17 244
17 49 598
49 17 598
17 63 533
63 17 533
17 64 123
64 17 123
17 43 777
43 17 777
17 48 21
48 17 21
17 23 917
23 17 917
17 73 853
73 17 853
17 40 442
40 17 442
17 42 810
42 17 810
17 39 890
39 17 890
18 21 117
21 18 117
18 24 244
24 18 244
18 45 590
45 18 590
18 47 328
47 18 328
18 68 550
68 18 550
18 19 186
19 18 186
18 65 621
65 18 621
18 30 100
30 18 100
18 34 364
34 18 364
18 70 536
70 18 536
18 58 295
58 18 295
18 54 864
54 18 864
18 50 969
50 18 969
18 46 729
46 18 729
18 45 370
45 18 370
18 54 919
54 18 919
19 33 723
33 19 723
19 70 290
70 19 290
19 32 705
32 19 705
19 69 412
69 19 412
19 76 286
76 19 286
19 60 552
60 19 552
19 23 220
23 19 220
20 40 35
40 20 35
20 22 636
22 20 636
20 50 73
50 20 73
20 35 742
35 20 742
20 64 434
64 20 434
20 56 44
56 20 44
20 76 39
76 20 39
20 32 908
32 20 908
20 71 391
71 20 391
21 61 124
61 21 124
21 65 197
65 21 197
21 47 815
47 21 815
21 60 698
60 21 698
21 49 375
49 21 375
21 41 553
41 21 553
21 59 898
59 21 898
21 59 494
59 21 494
22 23 734
23 22 734
22 35 999
35 22 999
22 46 24
46 22 24
22 70 387
70 22 387
22 23 609
23 22 609
22 70 676
70 22 676
22 39 730
39 22 730
22 34 573
34 22 573
22 69 379
69 22 379
23 34 443
34 23 443
23 26 780
26 23 780
23 66 403
66 23 403
23 38 797
38 23 797
23 23 535
23 23 535
23 61 635
61 23 635
23 74 112
74 23 112
23 54 404
54 23 404
23 52 373
52 23 373
24 63 535
63 24 535
24 31 342
31 24 342
24 35 974
35 24 974
24 47 914
47 24 914
24 66 810
66 24 810
24 71 706
71 24 706
24 30 463
30 24 463
24 60 480
60 24 480
24 25 523
25 24 523
24 50 885
50 24 885
24 30 155
30 24 155
24 68 680
68 24 680
24 60 856
60 24 856
24 69 219
69 24 219
24 51 955
51 24 955
25 57 710
57 25 710
25 70 97
70 25 97
25 26 822
26 25 822
25 33 518
33 25 518
25 34 872
34 25 872
25 48 372
48 25 372
25 65 82
65 25 82
25 28 697
28 25 697
25 51 994
51 25 994
25 28 277
28 25 277
25 63 878
63 25 878
25 38 796
38 25 796
26 67 15
67 26 15
26 39 875
39 26 875
26 36 491
36 26 491
27 37 172
37 27 172
27 60 990
60 27 990
27 68 935
68 27 935
27 28 689
28 27 689
27 59 840
59 27 840
27 75 870
75 27 870
27 35 710
35 27 710
27 60 834
60 27 834
27 27 463
27 27 463
27 71 272
71 27 272
27 43 714
43 27 714
27 52 175
52 27 175
27 28 909
28 27 909
27 28 691
28 27 691
27 68 627
68 27 627
27 46 291
46 27 291
28 45 678
45 28 678
28 38 24
38 28 24
28 53 626
53 28 626
28 60 451
60 28 451
28 70 298
70 28 298
28 41 138
41 28 138
28 53 688
53 28 688
28 51 574
51 28 574
28 56 445
56 28 445
28 35 820
35 28 820
29 38 981
38 29 981
29 29 508
29 29 508
29 70 454
70 29 454
29 49 719
49 29 719
29 36 917
36 29 917
29 57 240
57 29 240
30 32 968
32 30 968
30 52 641
52 30 641
30 38 527
38 30 527
30 74 670
74 30 670
30 62 643
62 30 643
30 39 678
39 30 678
31 47 228
47 31 228
31 71 645
71 31 645
31 40 829
40 31 829
31 64 270
64 31 270
31 34 544
34 31 544
31 61 111
61 31 111
31 70 327
70 31 327
31 56 486
56 31 486
31 49 51
49 31 51
31 74 437
74 31 437
31 54 323
54 31 323
31 70 974
70 31 974
31 48 563
48 31 563
32 43 724
43 32 724
32 52 500
52 32 500
32 61 894
61 32 894
32 59 293
59 32 293
32 32 895
32 32 895
32 50 672
50 32 672
32 63 692
63 32 692
32 63 201
63 32 201
32 54 459
54 32 459
32 42 731
42 32 731
33 62 745
62 33 745
33 33 668
33 33 668
33 49 936
49 33 936
33 73 478
73 33 478
33 43 571
43 33 571
33 69 243
69 33 243
34 44 931
44 34 931
34 68 430
68 34 430
34 56 228
56 34 228
34 57 876
57 34 876
35 70 433
70 35 433
35 41 526
41 35 526
35 52 946
52 35 946
35 64 851
64 35 851
35 42 981
42 35 981
35 69 648
69 35 648
35 59 250
59 35 250
35 75 186
75 35 186
36 47 558
47 36 558
36 47 394
47 36 394
36 75 410
75 36 410
36 76 860
76 36 860
36 49 126
49 36 126
36 39 890
39 36 890
36 51 257
51 36 257
36 61 192
61 36 192
36 40 230
40 36 230
36 69 901
69 36 901
36 63 7
63 36 7
36 73 807
73 36 807
37 50 505
50 37 505
37 51 829
51 37 829
37 56 519
56 37 519
37 68 803
68 37 803
37 61 773
61 37 773
37 43 781
43 37 781
37 40 629
40 37 629
38 74 872
74 38 872
38 41 328
41 38 328
38 42 319
42 38 319
38 71 370
71 38 370
38 66 209
66 38 209
38 56 488
56 38 488
38 54 369
54 38 369
38 48 815
48 38 815
38 71 138
71 38 138
38 42 48
42 38 48
39 49 771
49 39 771
39 65 979
65 39 979
39 46 8
46 39 8
39 65 998
65 39 998
39 42 65
42 39 65
39 71 650
71 39 650
39 76 535
76 39 535
40 41 971
41 40 971
40 73 465
73 40 465
40 45 697
45 40 697
40 58 238
58 40 238
40 73 26
73 40 26
40 48 776
48 40 776
41 55 124
55 41 124
41 76 931
76 41 931
42 69 32
69 42 32
42 55 357
55 42 357
43 74 367
74 43 367
43 76 848
76 43 848
43 49 710
49 43 710
43 71 191
71 43 191
43 62 640
62 43 640
43 74 116
74 43 116
44 57 696
57 44 696
44 54 25
54 44 25
44 75 497
75 44 497
44 63 406
63 44 406
44 66 501
66 44 501
44 75 902
75 44 902
45 71 589
71 45 589
45 53 233
53 45 233
45 57 452
57 45 452
45 58 784
58 45 784
45 73 829
73 45 829
45 50 119
50 45 119
45 74 613
74 45 613
46 75 51
75 46 51
46 58 788
58 46 788
46 55 195
55 46 195
46 52 87
52 46 87
46 56 402
56 46 402
47 48 51
48 47 51
47 67 864
67 47 864
47 51 568
51 47 568
47 59 982
59 47 982
47 55 786
55 47 786
47 73 75
73 47 75
48 58 576
58 48 576
48 64 212
64 48 212
48 74 972
74 48 972
48 60 753
60 48 753
48 55 547
55 48 547
48 49 559
49 48 559
48 54 165
54 48 165
48 48 787
48 48 787
49 60 512
60 49 512
49 56 856
56 49 856
49 76 528
76 49 528
49 63 575
63 49 575
49 69 71
69 49 71
50 67 341
67 50 341
50 70 591
70 50 591
50 72 603
72 50 603
50 63 88
63 50 88
50 61 713
61 50 713
50 59 751
59 50 751
50 64 247
64 50 247
50 54 913
54 50 913
50 56 781
56 50 781
51 66 849
66 51 849
51 66 980
66 51 980
51 72 42
72 51 42
51 68 782
68 51 782
51 76 592
76 51 592
51 51 506
51 51 506
51 73 845
73 51 845
52 54 987
54 52 987
52 73 786
73 52 786
53 76 753
76 53 753
53 72 833
72 53 833
53 60 770
60 53 770
53 54 276
54 53 276
53 62 174
62 53 174
54 61 646
61 54 646
55 59 689
59 55 689
55 55 988
55 55 988
55 57 261
57 55 261
55 62 755
62 55 755
56 57 734
57 56 734
56 62 932
62 56 932
57 60 68
60 57 68
57 72 159
72 57 159
57 70 926
70 57 926
57 64 862
64 57 862
58 67 465
67 58 465
58 71 721
71 58 721
58 64 912
64 58 912
59 59 664
59 59 664
60 63 508
63 60 508
61 66 130
66 61 130
61 62 205
62 61 205
61 72 660
72 61 660
61 64 462
64 61 462
62 64 340
64 62 340
62 69 182
69 62 182
62 74 657
74 62 657
62 62 114
62 62 114
63 76 773
76 63 773
64 75 968
75 64 968
64 67 602
67 64 602
65 67 805
67 65 805
65 69 320
69 65 320
65 75 47
75 65 47
65 68 915
68 65 915
66 72 394
72 66 394
66 75 764
75 66 764
66 69 266
69 66 266
66 74 102
74 66 102
67 72 705
72 67 705
68 71 287
71 68 287
68 76 363
76 68 363
68 73 663
73 68 663
69 73 786
73 69 786
70 73 339
73 70 339
71 76 228
76 71 228
74 76 292
76 74 292
