83

0 1 795
1 0 795
0 2 694
2 0 694
0 4 334
4 0 334
0 13 795
13 0 795
0 25 64
25 0 64
0 61 219
61 0 219
0 15 193
15 0 193
0 58 510
58 0 510
0 44 1
44 0 1
0 64 747
64 0 747
1 3 776
3 1 776
1 5 322
5 1 322
1 9 786
9 1 786
1 72 203
72 1 203
1 68 147
68 1 147
1 35 9
35 1 9
1 33 860
33 1 860
1 31 506
31 1 506
1 63 301
63 1 301
1 12 334
12 1 334
1 75 494
75 1 494
1 1 948
1 1 948
1 67 861
67 1 861
1 76 616
76 1 616
1 14 679
14 1 679
1 75 170
75 1 170
1 81 712
81 1 712
1 46 162
46 1 162
1 16 546
16 1 546
2 8 739
8 2 739
2 11 769
11 2 769
2 28 837
28 2 837
2 57 315
57 2 315
2 60 141
60 2 141
2 44 960
44 2 960
2 56 317
56 2 317
2 49 450
49 2 450
2 25 834
25 2 834
2 6 16
6 2 16
2 40 574
40 2 574
2 21 679
21 2 679
2 50 813
50 2 813
3 6 51
6 3 51
3 7 308
7 3 308
3 12 952
12 3 952
3 75 607
75 3 607
3 10 107
10 3 107
3 17 712
17 3 712
3 35 49
35 3 49
3 31 108
31 3 108
3 69 609
69 3 609
3 33 176
33 3 176
3 23 699
23 3 699
3 46 601
46 3 601
3 10 923
10 3 923
4 44 600
44 4 600
4 71 288
71 4 288
4 72 566
72 4 566
4 55 990
55 4 990
4 5 11
5 4 11
4 31 610
31 4 610
4 40 57
40 4 57
4 44 760
44 4 760
4 47 199
47 4 199
4 16 667
16 4 667
4 69 534
69 4 534
5 14 590
14 5 590
5 42 866
42 5 866
5 40 16
40 5 16
5 71 689
71 5 689
5 14 346
14 5 346
5 9 953
9 5 953
5 7 947
7 5 947
5 27 766
27 5 766
5 23 820
23 5 820
5 15 789
15 5 789
5 48 600
48 5 600
5 44 237
44 5 237
5 55 791
55 5 791
6 19 674
19 6 674
6 22 340
22 6 340
6 27 496
27 6 496
6 6 231
6 6 231
6 15 218
15 6 218
6 9 781
9 6 781
6 58 611
58 6 611
6 59 766
59 6 766
6 22 654
22 6 654
6 49 337
49 6 337
7 26 339
26 7 339
7 30 261
30 7 261
7 34 681
34 7 681
7 73 804
73 7 804
7 17 929
17 7 929
7 58 280
58 7 280
7 49 33
49 7 33
7 55 76
55 7 76
7 79 131
79 7 131
7 54 866
54 7 866
7 13 511
13 7 511
7 56 552
56 7 552
7 27 57
27 7 57
7 39 832
39 7 832
7 77 385
77 7 385
8 10 853
10 8 853
8 16 794
16 8 794
8 21 263
21 8 263
8 59 352
59 8 352
8 61 649
61 8 649
8 22 19
22 8 19
8 12 278
12 8 278
8 68 139
68 8 139
8 35 842
35 8 842
8 71 108
71 8 108
8 63 142
63 8 142
8 35 412
35 8 412
9 29 609
29 9 609
9 21 509
21 9 509
9 27 36
27 9 36
9 20 565
20 9 565
9 54 322
54 9 322
10 75 360
75 10 360
10 56 287
56 10 287
10 39 434
39 10 434
10 47 467
47 10 467
10 21 832
21 10 832
10 16 193
16 10 193
10 61 631
61 10 631
10 50 250
50 10 250
11 17 165
17 11 165
11 24 711
24 11 711
11 27 225
27 11 225
11 47 119
47 11 119
11 41 694
41 11 694
11 28 484
28 11 484
11 72 510
72 11 510
11 22 757
22 11 757
11 65 781
65 11 781
11 44 707
44 11 707
11 24 880
24 11 880
11 81 4
81 11 4
11 35 776
35 11 776
11 34 5
34 11 5
11 41 1
41 11 1
11 44 70
44 11 70
11 29 665
29 11 665
11 13 269
13 11 269
11 28 911
28 11 911
12 15 403
15 12 403
12 18 1000
18 12 1000
12 35 600
35 12 600
12 46 865
46 12 865
12 34 219
34 12 219
12 34 916
34 12 916
12 60 497
60 12 497
12 65 708
65 12 708
12 37 632
37 12 632
12 14 798
14 12 798
12 34 364
34 12 364
13 67 631
67 13 631
13 69 324
69 13 324
13 34 752
34 13 752
13 29 64
29 13 64
13 62 879
62 13 879
13 73 442
73 13 442
13 71 315
71 13 315
13 48 259
48 13 259
13 25 444
25 13 444
14 64 890
64 14 890
14 77 910
77 14 910
14 78 845
78 14 845
14 69 679
69 14 679
14 64 358
64 14 358
14 72 707
72 14 707
14 49 161
49 14 161
15 65 431
65 15 431
15 23 301
23 15 301
15 37 256
37 15 256
15 79 202
79 15 202
15 16 600
16 15 600
15 40 979
40 15 979
15 41 488
41 15 488
15 24 451
24 15 451
15 30 706
30 15 706
15 76 553
76 15 553
16 32 276
32 16 276
16 55 42
55 16 42
16 66 675
66 16 675
16 25 381
25 16 381
16 24 978
24 16 978
16 80 440
80 16 440
16 56 459
56 16 459
16 54 268
54 16 268
16 72 998
72 16 998
16 73 197
73 16 197
16 20 343
20 16 343
16 23 109
23 16 109
16 42 673
42 16 673
17 63 93
63 17 93
17 46 279
46 17 279
17 45 819
45 17 819
17 78 56
78 17 56
17 23 541
23 17 541
18 31 570
31 18 570
18 75 578
75 18 578
18 41 930
41 18 930
18 82 824
82 18 824
18 32 280
32 18 280
18 25 296
25 18 296
18 71 750
71 18 750
18 49 479
49 18 479
18 32 617
32 18 617
18 21 866
21 18 866
18 35 204
35 18 204
19 20 923
20 19 923
19 56 44
56 19 44
19 59 776
59 19 776
19 24 429
24 19 429
19 47 546
47 19 546
19 58 856
58 19 856
19 53 709
53 19 709
19 29 882
29 19 882
19 31 11
31 19 11
19 74 777
74 19 777
19 67 962
67 19 962
19 56 357
56 19 357
19 57 824
57 19 824
19 65 38
65 19 38
20 69 635
69 20 635
20 26 521
26 20 521
20 71 934
71 20 934
20 53 140
53 20 140
20 23 187
23 20 187
20 73 700
73 20 700
20 51 198
51 20 198
20 22 977
22 20 977
20 57 868
57 20 868
20 55 751
55 20 751
21 23 553
23 21 553
21 80 838
80 21 838
21 70 115
70 21 115
21 62 682
62 21 682
21 51 742
51 21 742
21 68 875
68 21 875
21 23 497
23 21 497
21 55 310
55 21 310
21 77 943
77 21 943
21 37 248
37 21 248
21 46 111
46 21 111
22 42 11
42 22 11
22 60 350
60 22 350
22 56 834
56 22 834
22 63 261
63 22 261
22 56 276
56 22 276
22 60 893
60 22 893
22 24 885
24 22 885
22 51 862
51 22 862
22 64 380
64 22 380
23 37 379
37 23 379
23 41 226
41 23 226
23 63 709
63 23 709
23 55 667
55 23 667
23 47 512
47 23 512
23 77 198
77 23 198
23 47 397
47 23 397
23 62 90
62 23 90
23 59 944
59 23 944
23 75 246
75 23 246
23 76 120
76 23 120
23 56 493
56 23 493
24 40 577
40 24 577
24 51 210
51 24 210
24 61 958
61 24 958
24 55 597
55 24 597
24 62 288
62 24 288
24 30 193
30 24 193
24 71 866
71 24 866
25 43 814
43 25 814
25 33 557
33 25 557
25 77 348
77 25 348
25 82 757
82 25 757
25 28 757
28 25 757
25 33 237
33 25 237
25 34 868
34 25 868
25 76 360
76 25 360
26 33 594
33 26 594
26 61 205
61 26 205
26 55 154
55 26 154
26 54 165
54 26 165
26 33 721
33 26 721
26 36 597
36 26 597
26 81 139
81 26 139
26 44 626
44 26 626
26 63 53
63 26 53
26 36 898
36 26 898
27 38 479
38 27 479
27 48 83
48 27 83
27 53 720
53 27 720
27 58 779
58 27 779
27 74 213
74 27 213
27 62 634
62 27 634
27 65 474
65 27 474
27 67 694
67 27 694
27 80 949
80 27 949
27 51 150
51 27 150
28 49 101
49 28 101
28 56 978
56 28 978
28 39 154
39 28 154
28 58 171
58 28 171
28 78 28
78 28 28
28 79 154
79 28 154
28 78 400
78 28 400
29 43 144
43 29 144
29 41 557
41 29 557
29 52 829
52 29 829
29 39 270
39 29 270
29 65 932
65 29 932
29 52 440
52 29 440
29 76 464
76 29 464
30 45 994
45 30 994
30 82 944
82 30 944
30 77 51
77 30 51
30 34 105
34 30 105
30 45 113
45 30 113
30 60 3
60 30 3
31 72 820
72 31 820
31 81 842
81 31 842
31 68 593
68 31 593
31 53 393
53 31 393
32 81 869
81 32 869
32 77 165
77 32 165
32 59 606
59 32 606
32 38 425
38 32 425
32 47 246
47 32 246
32 44 466
44 32 466
32 70 495
70 32 495
32 76 596
76 32 596
32 47 848
47 32 848
33 74 339
74 33 339
33 47 225
47 33 225
33 34 868
34 33 868
33 65 512
65 33 512
33 74 960
74 33 960
33 70 545
70 33 545
33 64 91
64 33 91
33 45 805
45 33 805
34 36 850
36 34 850
34 46 567
46 34 567
34 35 506
35 34 506
34 44 733
44 34 733
34 43 521
43 34 521
34 70 417
70 34 417
34 53 967
53 34 967
34 41 960
41 34 960
34 51 234
51 34 234
35 39 346
39 35 346
35 79 832
79 35 832
35 47 27
47 35 27
35 40 788
40 35 788
35 60 621
60 35 621
35 69 102
69 35 102
35 39 442
39 35 442
35 39 78
39 35 78
36 46 405
46 36 405
36 54 661
54 36 661
36 80 574
80 36 574
36 69 306
69 36 306
37 73 512
73 37 512
37 78 727
78 37 727
37 43 597
43 37 597
37 78 815
78 37 815
37 52 985
52 37 985
37 46 499
46 37 499
38 62 731
62 38 731
38 52 823
52 38 823
38 49 981
49 38 981
38 54 923
54 38 923
38 72 574
72 38 574
38 52 210
52 38 210
39 50 865
50 39 865
39 80 780
80 39 780
39 76 872
76 39 872
39 69 755
69 39 755
40 59 90
59 40 90
40 69 705
69 40 705
40 41 155
41 40 155
40 78 750
78 40 750
40 78 149
78 40 149
40 78 795
78 40 795
40 45 528
45 40 528
41 76 577
76 41 577
41 64 845
64 41 845
41 42 827
42 41 827
41 69 663
69 41 663
41 69 875
69 41 875
41 48 185
48 41 185
41 57 227
57 41 227
42 44 262
44 42 262
42 49 557
49 42 557
42 73 137
73 42 137
42 46 53
46 42 53
42 71 14
71 42 14
43 52 748
52 43 748
43 62 752
62 43 752
43 49 750
49 43 750
43 64 775
64 43 775
43 79 269
79 43 269
43 48 101
48 43 101
44 53 333
53 44 333
44 51 671
51 44 671
44 80 793
80 44 793
44 63 887
63 44 887
44 57 4
57 44 4
44 65 463
65 44 463
45 52 853
52 45 853
45 64 262
64 45 262
45 68 964
68 45 964
45 73 416
73 45 416
45 55 178
55 45 178
45 67 113
67 45 113
45 58 390
58 45 390
45 60 234
60 45 234
46 54 790
54 46 790
46 79 123
79 46 123
46 71 399
71 46 399
46 64 173
64 46 173
46 47 434
47 46 434
46 50 371
50 46 371
47 61 409
61 47 409
47 73 469
73 47 469
47 80 885
80 47 885
47 57 679
57 47 679
47 60 653
60 47 653
47 78 780
78 47 780
47 51 462
51 47 462
48 71 369
71 48 369
48 69 98
69 48 98
48 71 496
71 48 496
48 49 777
49 48 777
48 60 500
60 48 500
49 59 565
59 49 565
49 63 182
63 49 182
49 68 394
68 49 394
50 65 36
65 50 36
50 76 862
76 50 862
50 63 134
63 50 134
51 79 164
79 51 164
51 57 46
57 51 46
51 57 166
57 51 166
51 69 167
69 51 167
52 73 405
73 52 405
52 54 822
54 52 822
52 59 138
59 52 138
52 59 935
59 52 935
53 62 302
62 53 302
53 63 853
63 53 853
53 73 462
73 53 462
54 78 124
78 54 124
54 72 959
72 54 959
55 68 573
68 55 573
55 75 408
75 55 408
55 72 78
72 55 78
55 78 789
78 55 789
56 61 311
61 56 311
56 66 616
66 56 616
56 63 812
63 56 812
56 79 662
79 56 662
56 75 159
75 56 159
57 78 831
78 57 831
57 68 170
68 57 170
57 74 469
74 57 469
57 60 352
60 57 352
58 69 572
69 58 572
60 71 427
71 60 427
61 82 289
82 61 289
61 74 863
74 61 863
61 62 897
62 61 897
62 75 234
75 62 234
62 77 739
77 62 739
63 72 618
72 63 618
63 82 642
82 63 642
63 67 444
67 63 444
63 81 526
81 63 526
64 73 643
73 64 643
64 67 182
67 64 182
65 68 579
68 65 579
65 66 640
66 65 640
66 80 735
80 66 735
66 69 751
69 66 751
66 74 456
74 66 456
66 66 430
66 66 430
67 70 388
70 67 388
67 81 238
81 67 238
67 78 103
78 67 103
68 69 268
69 68 268
68 77 284
77 68 284
69 69 29
69 69 29
69 70 652
70 69 652
69 81 552
81 69 552
71 82 536
82 71 536
71 81 612
81 71 612
71 76 163
76 71 163
71 73 386
73 71 386
72 79 153
79 72 153
72 73 926
73 72 926
73 74 196
74 73 196
73 81 439
81 73 439
74 77 9
77 74 9
74 81 993
81 74 993
74 81 586
81 74 586
75 82 955
82 75 955
76 79 756
79 76 756
77 82 44
82 77 44
