98

0 1 411
1 0 411
0 5 591
5 0 591
0 21 83
21 0 83
0 28 498
28 0 498
0 68 974
68 0 974
0 82 245
82 0 245
0 13 890
13 0 890
0 46 113
46 0 113
0 30 715
30 0 715
1 2 906
2 1 906
1 7 550
7 1 550
1 8 34
8 1 34
1 12 220
12 1 220
1 71 711
71 1 711
1 92 946
92 1 946
1 19 340
19 1 340
1 39 227
39 1 227
1 30 759
30 1 759
1 15 314
15 1 314
1 13 721
13 1 721
2 3 585
3 2 585
2 4 25
4 2 25
2 60 193
60 2 193
2 32 699
32 2 699
2 81 12
81 2 12
2 23 866
23 2 866
3 6 960
6 3 960
3 19 939
19 3 939
3 40 786
40 3 786
3 94 195
94 3 195
3 34 769
34 3 769
3 60 695
60 3 695
3 25 543
25 3 543
4 9 593
9 4 593
4 10 384
10 4 384
4 24 880
24 4 880
4 29 904
29 4 904
4 77 471
77 4 471
4 41 732
41 4 732
4 29 631
29 4 631
5 35 780
35 5 780
5 17 525
17 5 525
5 76 801
76 5 801
5 96 579
96 5 579
5 68 1
68 5 1
5 82 576
82 5 576
6 17 343
17 6 343
6 18 285
18 6 285
6 34 343
34 6 343
6 77 477
77 6 477
7 14 956
14 7 956
7 15 517
15 7 517
7 47 438
47 7 438
7 48 29
48 7 29
7 41 822
41 7 822
7 8 342
8 7 342
7 83 718
83 7 718
8 11 526
11 8 526
8 25 970
25 8 970
8 45 966
45 8 966
8 84 676
84 8 676
8 87 683
87 8 683
8 31 65
31 8 65
9 27 91
27 9 91
9 42 69
42 9 69
9 48 804
48 9 804
9 94 766
94 9 766
9 95 995
95 9 995
9 10 40
10 9 40
9 23 600
23 9 600
9 30 519
30 9 519
9 9 81
9 9 81
10 41 757
41 10 757
10 11 950
11 10 950
10 49 171
49 10 171
11 22 760
22 11 760
11 73 957
73 11 957
11 59 262
59 11 262
12 13 748
13 12 748
12 37 100
37 12 100
12 52 88
52 12 88
12 72 788
72 12 788
12 27 514
27 12 514
12 25 856
25 12 856
12 31 483
31 12 483
12 56 928
56 12 928
12 14 989
14 12 989
13 16 670
16 13 670
13 38 348
38 13 348
13 41 863
41 13 863
13 15 654
15 13 654
13 54 793
54 13 793
13 68 176
68 13 176
14 44 505
44 14 505
14 40 84
40 14 84
14 60 783
60 14 783
14 16 150
16 14 150
14 84 632
84 14 632
14 43 85
43 14 85
15 62 399
62 15 399
15 69 249
69 15 249
16 36 787
36 16 787
16 91 944
91 16 944
16 17 567
17 16 567
16 64 181
64 16 181
17 20 259
20 17 259
17 33 895
33 17 895
17 39 205
39 17 205
18 49 895
49 18 895
18 67 854
67 18 854
18 62 966
62 18 966
18 78 531
78 18 531
18 66 612
66 18 612
18 25 918
25 18 918
18 50 446
50 18 446
19 52 125
52 19 125
19 95 822
95 19 822
20 44 441
44 20 441
20 70 41
70 20 41
21 23 383
23 21 383
21 84 662
84 21 662
21 93 158
93 21 158
21 56 335
56 21 335
22 31 12
31 22 12
22 76 874
76 22 874
22 78 153
78 22 153
22 83 450
83 22 450
22 23 936
23 22 936
23 34 693
34 23 693
24 26 33
26 24 33
24 61 188
61 24 188
24 34 646
34 24 646
24 56 43
56 24 43
24 56 384
56 24 384
24 93 574
93 24 574
24 28 840
28 24 840
24 89 10
89 24 10
25 74 849
74 25 849
25 28 493
28 25 493
25 66 471
66 25 471
25 58 797
58 25 797
25 56 563
56 25 563
26 30 585
30 26 585
26 32 437
32 26 437
26 39 255
39 26 255
26 50 785
50 26 785
26 49 836
49 26 836
26 35 673
35 26 673
27 88 852
88 27 852
28 95 853
95 28 853
29 89 379
89 29 379
29 96 625
96 29 625
29 83 712
83 29 712
29 38 861
38 29 861
30 61 718
61 30 718
30 70 243
70 30 243
30 39 875
39 30 875
31 56 665
56 31 665
31 95 196
95 31 196
31 60 687
60 31 687
32 46 478
46 32 478
32 71 907
71 32 907
33 43 986
43 33 986
33 59 127
59 33 127
33 66 602
66 33 602
33 74 51
74 33 51
33 94 871
94 33 871
33 57 615
57 33 615
34 55 910
55 34 910
34 93 760
93 34 760
34 60 210
60 34 210
35 73 116
73 35 116
37 66 619
66 37 619
37 41 436
41 37 436
38 45 136
45 38 136
38 81 920
81 38 920
38 61 35
61 38 35
39 58 894
58 39 894
39 52 710
52 39 710
39 87 320
87 39 320
39 60 930
60 39 930
40 54 559
54 40 559
40 64 556
64 40 556
40 72 543
72 40 543
40 41 472
41 40 472
41 63 598
63 41 598
41 66 649
66 41 649
42 83 50
83 42 50
43 51 243
51 43 243
43 85 368
85 43 368
43 62 779
62 43 779
43 47 435
47 43 435
43 48 538
48 43 538
43 68 288
68 43 288
44 64 625
64 44 625
44 47 473
47 44 473
44 76 781
76 44 781
45 78 13
78 45 13
45 77 629
77 45 629
46 65 444
65 46 444
46 81 50
81 46 50
46 58 934
58 46 934
46 48 890
48 46 890
48 53 311
53 48 311
48 86 290
86 48 290
48 87 584
87 48 584
48 83 722
83 48 722
48 65 708
65 48 708
48 86 436
86 48 436
48 60 299
60 48 299
49 61 306
61 49 306
50 80 31
80 50 31
51 57 772
57 51 772
51 80 429
80 51 429
52 69 823
69 52 823
53 94 605
94 53 605
53 72 307
72 53 307
54 56 8
56 54 8
54 93 400
93 54 400
54 62 233
62 54 233
55 81 871
81 55 871
55 82 238
82 55 238
55 56 856
56 55 856
56 66 971
66 56 971
56 86 573
86 56 573
57 60 740
60 57 740
58 89 160
89 58 160
59 96 98
96 59 98
59 78 489
78 59 489
59 74 776
74 59 776
60 79 321
79 60 321
60 80 117
80 60 117
60 82 1
82 60 1
60 80 223
80 60 223
62 78 521
78 62 521
62 91 979
91 62 979
62 75 552
75 62 552
65 77 979
77 65 979
65 78 593
78 65 593
66 75 300
75 66 300
67 70 467
70 67 467
68 83 117
83 68 117
68 81 406
81 68 406
69 78 386
78 69 386
72 81 951
81 72 951
72 94 87
94 72 87
74 95 752
95 74 752
76 85 526
85 76 526
76 79 297
79 76 297
78 82 691
82 78 691
78 91 796
91 78 796
82 97 809
97 82 809
86 96 275
96 86 275
88 90 210
90 88 210
88 97 811
97 88 811
91 96 542
96 91 542
92 97 490
97 92 490
92 94 826
94 92 826
95 97 706
97 95 706
