97

0 1 803
1 0 803
0 4 794
4 0 794
0 6 710
6 0 710
0 24 1000
24 0 1000
0 34 923
34 0 923
0 45 922
45 0 922
0 87 511
87 0 511
0 25 722
25 0 722
0 19 25
19 0 25
0 82 662
82 0 662
0 30 25
30 0 25
0 70 705
70 0 705
0 81 64
81 0 64
0 58 70
58 0 70
0 55 873
55 0 873
0 88 196
88 0 196
0 17 688
17 0 688
0 31 818
31 0 818
0 69 739
69 0 739
0 2 404
2 0 404
0 59 468
59 0 468
1 2 993
2 1 993
1 3 967
3 1 967
1 11 498
11 1 498
1 54 611
54 1 611
1 30 335
30 1 335
1 94 587
94 1 587
1 6 53
6 1 53
1 19 290
19 1 290
1 29 297
29 1 297
1 51 33
51 1 33
1 92 476
92 1 476
1 36 768
36 1 768
1 88 507
88 1 507
1 38 259
38 1 259
1 41 67
41 1 67
1 87 651
87 1 651
1 22 350
22 1 350
1 84 184
84 1 184
2 13 536
13 2 536
2 17 358
17 2 358
2 14 778
14 2 778
2 70 446
70 2 446
2 19 422
19 2 422
2 66 228
66 2 228
2 25 571
25 2 571
2 9 278
9 2 278
2 90 432
90 2 432
2 49 342
49 2 342
2 3 945
3 2 945
2 13 517
13 2 517
2 20 647
20 2 647
2 49 677
49 2 677
2 9 669
9 2 669
2 78 719
78 2 719
3 5 52
5 3 52
3 71 843
71 3 843
3 89 535
89 3 535
3 42 244
42 3 244
3 15 412
15 3 412
3 11 949
11 3 949
3 50 922
50 3 922
3 96 309
96 3 309
3 47 306
47 3 306
3 69 671
69 3 671
3 8 767
8 3 767
3 75 5
75 3 5
3 78 86
78 3 86
4 7 270
7 4 270
4 8 721
8 4 721
4 30 541
30 4 541
4 40 873
40 4 873
4 66 822
66 4 822
4 68 233
68 4 233
4 47 579
47 4 579
4 76 102
76 4 102
4 89 957
89 4 957
4 49 993
49 4 993
4 58 851
58 4 851
4 85 787
85 4 787
4 76 589
76 4 589
4 39 427
39 4 427
4 74 969
74 4 969
4 65 875
65 4 875
4 95 506
95 4 506
4 53 234
53 4 234
4 75 722
75 4 722
5 9 477
9 5 477
5 14 373
14 5 373
5 26 933
26 5 933
5 79 454
79 5 454
5 96 388
96 5 388
5 18 353
18 5 353
5 13 278
13 5 278
5 7 934
7 5 934
5 44 568
44 5 568
5 49 398
49 5 398
5 26 871
26 5 871
5 95 7
95 5 7
5 8 226
8 5 226
5 45 406
45 5 406
5 46 948
46 5 948
5 80 202
80 5 202
5 33 764
33 5 764
5 61 386
61 5 386
5 52 740
52 5 740
5 44 293
44 5 293
5 11 105
11 5 105
6 62 329
62 6 329
6 31 850
31 6 850
6 57 263
57 6 263
6 47 211
47 6 211
6 76 969
76 6 969
6 85 849
85 6 849
6 64 691
64 6 691
6 13 836
13 6 836
6 51 506
51 6 506
6 19 550
19 6 550
6 67 518
67 6 518
6 64 323
64 6 323
6 81 579
81 6 579
7 23 61
23 7 61
7 49 967
49 7 967
7 62 397
62 7 397
7 29 67
29 7 67
7 51 875
51 7 875
7 29 367
29 7 367
7 36 116
36 7 116
7 40 353
40 7 353
7 45 104
45 7 104
7 52 394
52 7 394
7 81 936
81 7 936
7 40 480
40 7 480
7 46 411
46 7 411
7 89 707
89 7 707
8 10 869
10 8 869
8 18 275
18 8 275
8 25 593
25 8 593
8 80 469
80 8 469
8 60 352
60 8 352
8 43 470
43 8 470
8 31 552
31 8 552
8 83 409
83 8 409
8 93 465
93 8 465
8 85 134
85 8 134
8 47 469
47 8 469
8 55 96
55 8 96
8 49 244
49 8 244
8 68 932
68 8 932
8 42 280
42 8 280
9 21 656
21 9 656
9 35 122
35 9 122
9 61 32
61 9 32
9 17 990
17 9 990
9 72 432
72 9 432
9 14 365
14 9 365
9 33 303
33 9 303
9 10 962
10 9 962
9 33 369
33 9 369
9 88 64
88 9 64
10 15 783
15 10 783
10 20 239
20 10 239
10 29 736
29 10 736
10 63 202
63 10 202
10 76 479
76 10 479
10 79 649
79 10 649
10 23 523
23 10 523
10 25 204
25 10 204
10 11 429
11 10 429
10 90 840
90 10 840
10 22 868
22 10 868
10 64 260
64 10 260
11 12 294
12 11 294
11 16 820
16 11 820
11 93 181
93 11 181
11 71 749
71 11 749
11 40 899
40 11 899
11 50 49
50 11 49
11 87 870
87 11 870
11 16 971
16 11 971
11 59 630
59 11 630
11 20 762
20 11 762
11 93 962
93 11 962
11 88 871
88 11 871
11 20 627
20 11 627
11 56 506
56 11 506
11 86 813
86 11 813
11 17 195
17 11 195
11 34 263
34 11 263
12 42 864
42 12 864
12 57 732
57 12 732
12 81 406
81 12 406
12 39 813
39 12 813
12 43 982
43 12 982
12 50 489
50 12 489
12 30 360
30 12 360
12 64 208
64 12 208
12 87 852
87 12 852
13 95 531
95 13 531
13 28 377
28 13 377
13 74 49
74 13 49
13 61 415
61 13 415
13 69 990
69 13 990
13 28 102
28 13 102
13 23 694
23 13 694
13 21 730
21 13 730
13 36 636
36 13 636
13 50 599
50 13 599
13 51 904
51 13 904
13 32 284
32 13 284
13 67 211
67 13 211
14 19 763
19 14 763
14 22 731
22 14 731
14 33 617
33 14 617
14 48 785
48 14 785
14 27 528
27 14 528
14 49 775
49 14 775
14 93 436
93 14 436
14 37 319
37 14 319
14 61 89
61 14 89
14 40 803
40 14 803
14 30 270
30 14 270
14 68 579
68 14 579
14 81 372
81 14 372
15 48 268
48 15 268
15 82 799
82 15 799
15 42 679
42 15 679
15 19 205
19 15 205
15 46 481
46 15 481
15 27 8
27 15 8
15 90 626
90 15 626
15 68 1
68 15 1
15 46 435
46 15 435
15 96 844
96 15 844
15 31 336
31 15 336
16 92 40
92 16 40
16 69 438
69 16 438
16 47 821
47 16 821
16 31 158
31 16 158
16 62 477
62 16 477
16 90 417
90 16 417
16 31 99
31 16 99
16 76 272
76 16 272
16 35 576
35 16 576
16 78 169
78 16 169
16 89 373
89 16 373
16 47 739
47 16 739
16 81 784
81 16 784
16 36 27
36 16 27
16 60 499
60 16 499
17 31 590
31 17 590
17 74 320
74 17 320
17 82 643
82 17 643
17 95 542
95 17 542
17 42 202
42 17 202
17 33 220
33 17 220
17 70 113
70 17 113
17 83 202
83 17 202
17 22 323
22 17 323
17 26 83
26 17 83
17 62 521
62 17 521
17 43 262
43 17 262
17 35 707
35 17 707
17 41 512
41 17 512
17 83 853
83 17 853
17 25 530
25 17 530
17 51 16
51 17 16
17 66 546
66 17 546
17 86 432
86 17 432
17 61 692
61 17 692
17 93 487
93 17 487
17 95 793
95 17 793
18 27 634
27 18 634
18 52 44
52 18 44
18 81 292
81 18 292
18 25 589
25 18 589
18 66 531
66 18 531
18 42 228
42 18 228
18 70 343
70 18 343
18 67 831
67 18 831
18 39 253
39 18 253
18 78 239
78 18 239
18 82 903
82 18 903
18 94 266
94 18 266
18 50 108
50 18 108
18 32 682
32 18 682
18 65 93
65 18 93
18 48 974
48 18 974
19 59 894
59 19 894
19 33 801
33 19 801
19 30 380
30 19 380
19 24 501
24 19 501
19 96 206
96 19 206
19 29 882
29 19 882
19 48 841
48 19 841
19 91 613
91 19 613
19 67 696
67 19 696
20 32 247
32 20 247
20 51 193
51 20 193
20 37 484
37 20 484
20 21 478
21 20 478
20 62 732
62 20 732
20 85 201
85 20 201
20 53 37
53 20 37
20 49 962
49 20 962
20 54 786
54 20 786
20 42 738
42 20 738
21 28 110
28 21 110
21 50 394
50 21 394
21 53 677
53 21 677
21 63 31
63 21 31
21 23 592
23 21 592
21 27 213
27 21 213
21 79 889
79 21 889
21 33 729
33 21 729
21 34 387
34 21 387
21 83 527
83 21 527
21 86 807
86 21 807
21 71 4
71 21 4
21 22 619
22 21 619
21 82 409
82 21 409
21 77 9
77 21 9
21 22 236
22 21 236
21 32 303
32 21 303
21 39 371
39 21 371
21 41 92
41 21 92
22 43 956
43 22 956
22 67 139
67 22 139
22 31 263
31 22 263
22 90 926
90 22 926
22 57 567
57 22 567
22 68 902
68 22 902
22 24 165
24 22 165
22 27 881
27 22 881
22 22 770
22 22 770
22 55 142
55 22 142
22 86 783
86 22 783
22 92 245
92 22 245
22 59 215
59 22 215
22 42 564
42 22 564
23 70 849
70 23 849
23 87 472
87 23 472
23 59 218
59 23 218
23 25 344
25 23 344
23 65 349
65 23 349
23 26 127
26 23 127
23 34 362
34 23 362
23 49 876
49 23 876
23 35 475
35 23 475
23 65 605
65 23 605
23 78 180
78 23 180
24 68 432
68 24 432
24 75 985
75 24 985
24 81 427
81 24 427
24 53 955
53 24 955
24 88 989
88 24 989
24 83 415
83 24 415
25 85 584
85 25 584
25 46 119
46 25 119
25 92 839
92 25 839
25 83 693
83 25 693
25 31 304
31 25 304
25 45 607
45 25 607
25 38 442
38 25 442
25 62 802
62 25 802
25 40 357
40 25 357
25 51 393
51 25 393
25 70 35
70 25 35
25 91 133
91 25 133
25 83 480
83 25 480
25 60 802
60 25 802
25 32 214
32 25 214
25 27 908
27 25 908
25 74 895
74 25 895
25 79 312
79 25 312
26 38 513
38 26 513
26 48 833
48 26 833
26 37 37
37 26 37
26 90 874
90 26 874
26 84 44
84 26 44
26 47 31
47 26 31
26 78 889
78 26 889
26 60 125
60 26 125
26 76 381
76 26 381
26 42 415
42 26 415
27 37 283
37 27 283
27 39 340
39 27 340
27 78 547
78 27 547
27 56 241
56 27 241
27 51 383
51 27 383
27 55 710
55 27 710
27 44 263
44 27 263
27 46 184
46 27 184
27 48 709
48 27 709
27 75 679
75 27 679
27 40 502
40 27 502
28 92 909
92 28 909
28 86 257
86 28 257
28 68 928
68 28 928
28 64 370
64 28 370
28 77 874
77 28 874
28 67 460
67 28 460
28 70 571
70 28 571
28 90 226
90 28 226
28 77 775
77 28 775
28 90 323
90 28 323
28 93 50
93 28 50
28 73 490
73 28 490
29 76 691
76 29 691
29 93 980
93 29 980
29 34 147
34 29 147
29 52 645
52 29 645
29 78 214
78 29 214
30 36 394
36 30 394
30 54 37
54 30 37
30 37 233
37 30 233
30 46 492
46 30 492
30 70 820
70 30 820
30 57 80
57 30 80
30 96 770
96 30 770
30 56 38
56 30 38
30 65 880
65 30 880
30 91 792
91 30 792
31 51 980
51 31 980
31 57 350
57 31 350
31 32 204
32 31 204
31 81 44
81 31 44
31 81 741
81 31 741
31 68 156
68 31 156
31 93 363
93 31 363
31 64 572
64 31 572
31 31 257
31 31 257
31 64 574
64 31 574
31 66 685
66 31 685
31 33 441
33 31 441
32 60 414
60 32 414
32 50 512
50 32 512
32 96 961
96 32 961
32 95 937
95 32 937
32 33 449
33 32 449
32 52 155
52 32 155
32 48 253
48 32 253
32 57 333
57 32 333
33 77 651
77 33 651
33 52 682
52 33 682
33 66 458
66 33 458
33 61 926
61 33 926
33 35 670
35 33 670
33 46 538
46 33 538
33 39 149
39 33 149
33 44 1
44 33 1
33 52 559
52 33 559
33 48 746
48 33 746
33 84 44
84 33 44
34 89 504
89 34 504
34 56 303
56 34 303
34 86 137
86 34 137
34 43 500
43 34 500
34 69 269
69 34 269
34 42 851
42 34 851
34 59 917
59 34 917
34 54 228
54 34 228
34 68 751
68 34 751
35 54 131
54 35 131
35 91 290
91 35 290
35 40 475
40 35 475
35 37 784
37 35 784
35 88 859
88 35 859
35 82 606
82 35 606
35 71 696
71 35 696
35 48 861
48 35 861
35 79 904
79 35 904
35 63 319
63 35 319
35 83 869
83 35 869
35 69 955
69 35 955
35 75 209
75 35 209
36 41 821
41 36 821
36 57 69
57 36 69
36 95 287
95 36 287
36 91 797
91 36 797
36 78 366
78 36 366
36 56 410
56 36 410
36 39 645
39 36 645
36 81 840
81 36 840
36 40 870
40 36 870
36 61 780
61 36 780
37 49 38
49 37 38
37 53 496
53 37 496
37 83 109
83 37 109
37 49 192
49 37 192
37 88 818
88 37 818
37 53 256
53 37 256
37 60 727
60 37 727
37 60 770
60 37 770
37 53 554
53 37 554
37 44 921
44 37 921
37 65 804
65 37 804
37 93 362
93 37 362
37 81 321
81 37 321
37 84 224
84 37 224
37 88 615
88 37 615
37 65 234
65 37 234
38 64 987
64 38 987
38 90 449
90 38 449
38 79 772
79 38 772
38 73 877
73 38 877
38 89 280
89 38 280
38 46 502
46 38 502
38 63 251
63 38 251
38 88 407
88 38 407
38 95 630
95 38 630
38 94 872
94 38 872
38 85 324
85 38 324
38 49 448
49 38 448
38 40 831
40 38 831
39 44 967
44 39 967
39 56 358
56 39 358
39 57 782
57 39 782
39 56 265
56 39 265
39 74 383
74 39 383
39 66 712
66 39 712
40 46 744
46 40 744
40 75 898
75 40 898
40 69 210
69 40 210
40 48 338
48 40 338
40 68 303
68 40 303
40 94 839
94 40 839
40 80 947
80 40 947
40 96 803
96 40 803
40 68 156
68 40 156
41 63 56
63 41 56
41 61 99
61 41 99
41 72 989
72 41 989
41 62 952
62 41 952
41 64 733
64 41 733
41 65 447
65 41 447
41 49 986
49 41 986
41 70 933
70 41 933
41 62 244
62 41 244
41 83 482
83 41 482
41 50 270
50 41 270
41 42 864
42 41 864
42 88 847
88 42 847
42 55 755
55 42 755
42 46 476
46 42 476
42 70 487
70 42 487
42 80 917
80 42 917
42 72 359
72 42 359
43 66 448
66 43 448
43 50 90
50 43 90
43 65 56
65 43 56
43 78 683
78 43 683
43 95 326
95 43 326
43 59 290
59 43 290
43 45 493
45 43 493
43 96 581
96 43 581
43 91 820
91 43 820
43 47 910
47 43 910
43 60 522
60 43 522
44 80 640
80 44 640
44 70 831
70 44 831
44 67 743
67 44 743
44 62 381
62 44 381
44 73 781
73 44 781
44 75 655
75 44 655
44 92 454
92 44 454
44 61 208
61 44 208
44 68 871
68 44 871
44 68 189
68 44 189
44 45 701
45 44 701
44 96 702
96 44 702
44 47 815
47 44 815
45 83 26
83 45 26
45 48 648
48 45 648
45 47 76
47 45 76
45 61 170
61 45 170
45 92 113
92 45 113
45 53 787
53 45 787
45 65 579
65 45 579
45 83 623
83 45 623
45 78 344
78 45 344
46 47 903
47 46 903
46 53 754
53 46 754
46 88 866
88 46 866
46 68 944
68 46 944
47 87 891
87 47 891
47 56 328
56 47 328
47 77 646
77 47 646
47 70 862
70 47 862
48 55 680
55 48 680
48 48 885
48 48 885
48 71 506
71 48 506
48 50 466
50 48 466
48 74 479
74 48 479
48 60 400
60 48 400
48 51 620
51 48 620
48 59 687
59 48 687
48 94 649
94 48 649
48 52 484
52 48 484
48 71 573
71 48 573
48 55 2
55 48 2
49 60 271
60 49 271
49 62 627
62 49 627
49 65 432
65 49 432
49 72 538
72 49 538
49 88 207
88 49 207
49 83 535
83 49 535
49 54 163
54 49 163
49 56 574
56 49 574
49 56 704
56 49 704
49 49 996
49 49 996
49 88 701
88 49 701
49 64 606
64 49 606
49 71 679
71 49 679
49 84 623
84 49 623
50 93 835
93 50 835
50 71 144
71 50 144
50 75 281
75 50 281
50 92 239
92 50 239
50 83 292
83 50 292
51 86 179
86 51 179
51 89 43
89 51 43
51 81 224
81 51 224
51 69 245
69 51 245
51 64 937
64 51 937
52 54 588
54 52 588
52 89 622
89 52 622
52 60 267
60 52 267
52 54 826
54 52 826
52 88 740
88 52 740
52 59 960
59 52 960
52 63 100
63 52 100
52 56 399
56 52 399
53 62 38
62 53 38
53 79 274
79 53 274
53 70 166
70 53 166
53 75 378
75 53 378
53 55 237
55 53 237
54 90 765
90 54 765
54 93 970
93 54 970
54 58 792
58 54 792
54 80 464
80 54 464
55 85 978
85 55 978
55 62 353
62 55 353
55 72 319
72 55 319
55 78 961
78 55 961
55 85 60
85 55 60
56 83 55
83 56 55
56 92 760
92 56 760
56 66 707
66 56 707
56 62 526
62 56 526
57 58 209
58 57 209
57 88 687
88 57 687
57 80 336
80 57 336
58 73 480
73 58 480
58 66 919
66 58 919
58 90 970
90 58 970
58 59 198
59 58 198
58 60 570
60 58 570
58 94 858
94 58 858
58 92 757
92 58 757
59 91 320
91 59 320
59 70 746
70 59 746
59 66 437
66 59 437
59 63 151
63 59 151
59 71 98
71 59 98
60 64 810
64 60 810
60 70 609
70 60 609
60 66 474
66 60 474
60 84 165
84 60 165
60 62 706
62 60 706
60 84 276
84 60 276
61 94 493
94 61 493
61 84 688
84 61 688
61 79 220
79 61 220
61 82 673
82 61 673
61 93 981
93 61 981
61 91 765
91 61 765
62 71 777
71 62 777
62 92 591
92 62 591
62 81 319
81 62 319
62 77 797
77 62 797
62 85 692
85 62 692
62 82 457
82 62 457
62 72 629
72 62 629
62 77 896
77 62 896
63 67 426
67 63 426
63 70 854
70 63 854
63 93 899
93 63 899
63 67 91
67 63 91
63 92 977
92 63 977
63 72 782
72 63 782
63 63 643
63 63 643
63 79 547
79 63 547
63 83 755
83 63 755
63 76 709
76 63 709
63 75 528
75 63 528
64 92 415
92 64 415
64 72 601
72 64 601
64 71 124
71 64 124
64 71 458
71 64 458
64 96 138
96 64 138
65 88 843
88 65 843
65 80 171
80 65 171
65 84 921
84 65 921
65 77 999
77 65 999
65 86 558
86 65 558
66 69 757
69 66 757
66 76 649
76 66 649
66 76 740
76 66 740
66 84 844
84 66 844
66 93 930
93 66 930
66 76 29
76 66 29
66 83 905
83 66 905
66 82 914
82 66 914
66 68 216
68 66 216
66 70 543
70 66 543
66 88 213
88 66 213
66 68 423
68 66 423
66 95 829
95 66 829
66 94 202
94 66 202
67 91 227
91 67 227
67 83 586
83 67 586
67 93 542
93 67 542
67 78 858
78 67 858
67 69 191
69 67 191
67 86 846
86 67 846
68 81 48
81 68 48
68 77 301
77 68 301
68 73 719
73 68 719
68 77 336
77 68 336
68 87 239
87 68 239
68 85 414
85 68 414
69 79 516
79 69 516
69 82 552
82 69 552
70 88 699
88 70 699
70 95 734
95 70 734
70 93 260
93 70 260
70 90 990
90 70 990
71 90 200
90 71 200
71 80 359
80 71 359
71 95 195
95 71 195
72 78 698
78 72 698
72 80 598
80 72 598
72 80 668
80 72 668
72 80 833
80 72 833
72 82 329
82 72 329
73 85 508
85 73 508
73 74 708
74 73 708
73 74 1000
74 73 1000
73 83 40
83 73 40
73 81 773
81 73 773
74 88 81
88 74 81
74 91 29
91 74 29
74 78 819
78 74 819
75 79 171
79 75 171
75 82 956
82 75 956
75 80 810
80 75 810
75 91 260
91 75 260
75 78 989
78 75 989
76 88 723
88 76 723
76 92 968
92 76 968
77 92 760
92 77 760
77 85 117
85 77 117
77 89 63
89 77 63
77 95 963
95 77 963
79 83 396
83 79 396
79 96 971
96 79 971
79 88 634
88 79 634
79 96 852
96 79 852
80 94 661
94 80 661
81 92 471
92 81 471
82 90 652
90 82 652
82 89 772
89 82 772
83 84 764
84 83 764
85 96 613
96 85 613
87 91 611
91 87 611
87 89 37
89 87 37
88 90 548
90 88 548
89 90 846
90 89 846
91 94 435
94 91 435
