86

0 1 400
1 0 400
0 2 84
2 0 84
0 3 467
3 0 467
0 57 13
57 0 13
0 83 871
83 0 871
0 4 482
4 0 482
0 59 334
59 0 334
0 27 958
27 0 958
0 72 662
72 0 662
0 51 949
51 0 949
1 9 29
9 1 29
1 42 71
42 1 71
1 46 647
46 1 647
1 42 417
42 1 417
1 9 913
9 1 913
1 80 534
80 1 534
1 73 671
73 1 671
1 48 460
48 1 460
1 22 155
22 1 155
1 42 197
42 1 197
1 4 447
4 1 447
1 23 266
23 1 266
1 79 559
79 1 559
1 29 14
29 1 14
1 50 533
50 1 533
1 82 954
82 1 954
1 34 262
34 1 262
2 4 660
4 2 660
2 14 382
14 2 382
2 82 680
82 2 680
2 77 288
77 2 288
2 3 488
3 2 488
2 55 842
55 2 842
2 62 221
62 2 221
2 75 927
75 2 927
2 32 240
32 2 240
2 4 135
4 2 135
2 75 805
75 2 805
2 7 597
7 2 597
2 64 658
64 2 658
2 73 116
73 2 116
2 28 414
28 2 414
3 8 167
8 3 167
3 18 478
18 3 478
3 34 413
34 3 413
3 84 150
84 3 150
3 45 135
45 3 135
3 78 851
78 3 851
3 47 455
47 3 455
3 50 317
50 3 317
3 33 618
33 3 618
3 65 650
65 3 650
3 64 999
64 3 999
3 46 479
46 3 479
3 36 908
36 3 908
3 55 138
55 3 138
3 10 676
10 3 676
3 24 199
24 3 199
3 26 698
26 3 698
4 5 763
5 4 763
4 6 150
6 4 150
4 25 286
25 4 286
4 55 826
55 4 826
4 27 706
27 4 706
4 53 570
53 4 570
4 8 86
8 4 86
4 18 8
18 4 8
4 78 444
78 4 444
4 69 527
69 4 527
4 73 718
73 4 718
4 75 693
75 4 693
4 44 514
44 4 514
4 38 171
38 4 171
4 22 192
22 4 192
4 71 127
71 4 127
4 76 45
76 4 45
4 74 796
74 4 796
4 17 533
17 4 533
4 75 171
75 4 171
4 53 533
53 4 533
4 72 98
72 4 98
4 11 576
11 4 576
5 45 786
45 5 786
5 58 735
58 5 735
5 8 244
8 5 244
5 40 637
40 5 637
5 6 517
6 5 517
5 44 347
44 5 347
5 45 450
45 5 450
5 36 672
36 5 672
5 44 761
44 5 761
5 24 370
24 5 370
5 16 589
16 5 589
5 19 692
19 5 692
6 7 913
7 6 913
6 43 988
43 6 988
6 81 62
81 6 62
6 49 450
49 6 450
6 7 650
7 6 650
6 55 280
55 6 280
6 52 910
52 6 910
6 38 551
38 6 551
6 67 874
67 6 874
6 68 674
68 6 674
6 30 760
30 6 760
6 17 843
17 6 843
6 18 563
18 6 563
6 44 896
44 6 896
6 27 48
27 6 48
6 16 256
16 6 256
7 11 762
11 7 762
7 13 627
13 7 627
7 16 869
16 7 869
7 17 632
17 7 632
7 22 866
22 7 866
7 61 463
61 7 463
7 58 192
58 7 192
7 61 811
61 7 811
7 71 578
71 7 578
7 51 300
51 7 300
7 53 755
53 7 755
7 26 820
26 7 820
7 69 227
69 7 227
7 70 513
70 7 513
7 82 125
82 7 125
7 39 459
39 7 459
7 35 527
35 7 527
8 10 980
10 8 980
8 12 885
12 8 885
8 33 45
33 8 45
8 83 746
83 8 746
8 34 741
34 8 741
8 40 547
40 8 547
8 21 872
21 8 872
8 33 433
33 8 433
8 82 272
82 8 272
8 54 587
54 8 587
8 76 642
76 8 642
8 13 393
13 8 393
8 35 161
35 8 161
8 76 750
76 8 750
9 35 823
35 9 823
9 38 888
38 9 888
9 57 475
57 9 475
9 20 311
20 9 311
9 59 144
59 9 144
9 57 720
57 9 720
9 73 570
73 9 570
9 59 691
59 9 691
9 69 259
69 9 259
9 30 148
30 9 148
9 15 656
15 9 656
9 21 267
21 9 267
9 55 728
55 9 728
9 70 248
70 9 248
9 83 980
83 9 980
9 76 792
76 9 792
9 80 294
80 9 294
10 23 944
23 10 944
10 70 9
70 10 9
10 49 394
49 10 394
10 29 766
29 10 766
10 28 852
28 10 852
10 45 766
45 10 766
10 84 471
84 10 471
10 80 598
80 10 598
10 32 971
32 10 971
10 53 366
53 10 366
10 60 654
60 10 654
10 78 787
78 10 787
10 56 654
56 10 654
10 21 9
21 10 9
11 77 105
77 11 105
11 53 924
53 11 924
11 52 862
52 11 862
11 81 150
81 11 150
11 25 438
25 11 438
11 43 400
43 11 400
12 15 232
15 12 232
12 19 461
19 12 461
12 52 969
52 12 969
12 38 193
38 12 193
12 81 629
81 12 629
12 39 365
39 12 365
12 20 448
20 12 448
12 21 403
21 12 403
12 80 55
80 12 55
13 59 61
59 13 61
13 71 131
71 13 131
13 14 357
14 13 357
13 84 592
84 13 592
13 65 460
65 13 460
13 54 228
54 13 228
13 62 274
62 13 274
13 26 792
26 13 792
13 49 953
49 13 953
13 84 854
84 13 854
13 70 304
70 13 304
13 34 234
34 13 234
13 46 105
46 13 105
13 14 77
14 13 77
13 73 666
73 13 666
13 73 957
73 13 957
13 78 2
78 13 2
13 77 649
77 13 649
13 38 398
38 13 398
14 20 361
20 14 361
14 26 34
26 14 34
14 28 140
28 14 140
14 77 667
77 14 667
14 40 225
40 14 225
14 29 726
29 14 726
14 43 444
43 14 444
14 54 253
54 14 253
14 81 48
81 14 48
14 16 45
16 14 45
14 47 475
47 14 475
14 61 347
61 14 347
14 25 507
25 14 507
15 41 882
41 15 882
15 29 481
29 15 481
15 77 746
77 15 746
15 16 183
16 15 183
15 76 904
76 15 904
15 30 168
30 15 168
15 62 948
62 15 948
15 49 482
49 15 482
15 84 41
84 15 41
15 82 767
82 15 767
15 64 894
64 15 894
15 74 842
74 15 842
15 41 764
41 15 764
15 18 405
18 15 405
16 30 704
30 16 704
16 27 435
27 16 435
16 45 838
45 16 838
16 72 487
72 16 487
16 20 748
20 16 748
16 58 988
58 16 988
16 78 842
78 16 842
16 74 650
74 16 650
16 71 514
71 16 514
16 58 370
58 16 370
16 78 328
78 16 328
17 31 927
31 17 927
17 52 685
52 17 685
17 69 417
69 17 417
17 75 411
75 17 411
17 63 337
63 17 337
17 85 72
85 17 72
17 78 624
78 17 624
17 35 527
35 17 527
17 62 595
62 17 595
17 24 64
24 17 64
17 83 893
83 17 893
17 48 147
48 17 147
17 26 476
26 17 476
18 49 855
49 18 855
18 50 624
50 18 624
18 81 216
81 18 216
18 52 436
52 18 436
18 73 660
73 18 660
18 36 967
36 18 967
18 32 896
32 18 896
18 37 861
37 18 861
18 43 348
43 18 348
18 38 66
38 18 66
18 58 709
58 18 709
18 48 783
48 18 783
18 71 987
71 18 987
18 65 375
65 18 375
18 19 280
19 18 280
18 46 650
46 18 650
19 21 783
21 19 783
19 37 777
37 19 777
19 53 493
53 19 493
19 79 612
79 19 612
19 56 893
56 19 893
19 76 524
76 19 524
19 83 616
83 19 616
19 82 271
82 19 271
19 85 356
85 19 356
19 82 915
82 19 915
19 60 974
60 19 974
19 78 457
78 19 457
19 47 457
47 19 457
19 36 376
36 19 376
19 51 826
51 19 826
19 58 477
58 19 477
20 36 9
36 20 9
20 62 594
62 20 594
20 64 21
64 20 21
20 64 950
64 20 950
20 51 723
51 20 723
20 44 354
44 20 354
20 70 703
70 20 703
20 45 581
45 20 581
20 32 265
32 20 265
20 21 866
21 20 866
20 38 313
38 20 313
20 45 201
45 20 201
20 46 232
46 20 232
20 45 219
45 20 219
20 35 587
35 20 587
21 32 668
32 21 668
21 85 114
85 21 114
21 43 541
43 21 541
21 84 847
84 21 847
21 23 956
23 21 956
21 31 378
31 21 378
21 45 41
45 21 41
21 71 378
71 21 378
21 64 751
64 21 751
21 76 106
76 21 106
21 50 825
50 21 825
21 32 874
32 21 874
21 26 386
26 21 386
21 76 308
76 21 308
21 62 109
62 21 109
21 30 924
30 21 924
21 69 529
69 21 529
21 24 182
24 21 182
22 27 307
27 22 307
22 29 929
29 22 929
22 80 2
80 22 2
22 81 678
81 22 678
22 61 811
61 22 811
22 36 162
36 22 162
22 73 120
73 22 120
22 82 886
82 22 886
22 54 620
54 22 620
22 66 744
66 22 744
22 73 88
73 22 88
22 73 946
73 22 946
22 42 618
42 22 618
22 52 80
52 22 80
22 51 437
51 22 437
22 55 313
55 22 313
22 36 500
36 22 500
23 24 509
24 23 509
23 51 371
51 23 371
23 82 166
82 23 166
23 28 210
28 23 210
23 31 297
31 23 297
23 59 129
59 23 129
23 36 896
36 23 896
23 74 380
74 23 380
23 82 601
82 23 601
23 83 516
83 23 516
23 41 959
41 23 959
23 79 317
79 23 317
23 71 436
71 23 436
24 47 8
47 24 8
24 73 133
73 24 133
24 28 386
28 24 386
24 31 972
31 24 972
24 55 461
55 24 461
24 59 681
59 24 681
24 29 508
29 24 508
24 48 214
48 24 214
24 32 267
32 24 267
24 51 161
51 24 161
24 27 917
27 24 917
25 47 659
47 25 659
25 58 43
58 25 43
25 51 287
51 25 287
25 83 324
83 25 324
25 37 835
37 25 835
25 63 894
63 25 894
25 39 446
39 25 446
26 53 775
53 26 775
26 67 891
67 26 891
26 50 678
50 26 678
26 67 936
67 26 936
26 37 830
37 26 830
26 78 996
78 26 996
26 60 740
60 26 740
26 28 522
28 26 522
26 45 533
45 26 533
26 76 924
76 26 924
27 35 578
35 27 578
27 30 231
30 27 231
27 65 445
65 27 445
27 40 941
40 27 941
27 27 655
27 27 655
27 47 828
47 27 828
27 50 801
50 27 801
27 60 235
60 27 235
27 69 138
69 27 138
27 29 587
29 27 587
27 82 704
82 27 704
27 48 95
48 27 95
27 55 619
55 27 619
27 63 146
63 27 146
27 55 375
55 27 375
28 79 570
79 28 570
28 64 790
64 28 790
28 41 771
41 28 771
28 83 765
83 28 765
28 82 815
82 28 815
28 29 248
29 28 248
28 51 650
51 28 650
28 66 828
66 28 828
28 50 490
50 28 490
28 37 77
37 28 77
28 62 115
62 28 115
29 39 554
39 29 554
29 44 973
44 29 973
29 39 13
39 29 13
29 40 323
40 29 323
29 35 829
35 29 829
29 44 706
44 29 706
29 48 493
48 29 493
29 59 78
59 29 78
29 68 215
68 29 215
29 80 600
80 29 600
29 83 240
83 29 240
29 32 377
32 29 377
29 71 339
71 29 339
29 43 468
43 29 468
29 51 649
51 29 649
30 77 305
77 30 305
30 62 887
62 30 887
30 55 245
55 30 245
30 84 365
84 30 365
30 64 791
64 30 791
30 77 376
77 30 376
30 36 713
36 30 713
30 33 597
33 30 597
30 70 880
70 30 880
30 85 117
85 30 117
30 69 396
69 30 396
31 48 340
48 31 340
31 68 170
68 31 170
31 60 636
60 31 636
31 85 314
85 31 314
31 78 644
78 31 644
31 37 88
37 31 88
32 43 235
43 32 235
32 73 749
73 32 749
32 44 882
44 32 882
32 52 195
52 32 195
32 39 890
39 32 890
32 41 585
41 32 585
33 55 853
55 33 853
33 65 184
65 33 184
33 54 319
54 33 319
33 45 508
45 33 508
33 43 725
43 33 725
33 46 494
46 33 494
33 39 641
39 33 641
33 49 640
49 33 640
33 52 748
52 33 748
33 39 847
39 33 847
33 67 738
67 33 738
33 63 199
63 33 199
33 80 858
80 33 858
33 52 227
52 33 227
34 41 512
41 34 512
34 59 958
59 34 958
34 76 544
76 34 544
34 46 619
46 34 619
34 70 429
70 34 429
34 42 99
42 34 99
34 36 531
36 34 531
34 38 857
38 34 857
34 80 584
80 34 584
34 74 628
74 34 628
35 39 375
39 35 375
35 51 961
51 35 961
35 60 117
60 35 117
35 73 487
73 35 487
35 48 701
48 35 701
35 41 895
41 35 895
35 54 19
54 35 19
35 57 595
57 35 595
35 73 921
73 35 921
35 45 483
45 35 483
36 70 876
70 36 876
36 85 379
85 36 379
36 81 364
81 36 364
36 52 610
52 36 610
36 73 323
73 36 323
36 74 586
74 36 586
36 81 387
81 36 387
36 47 134
47 36 134
36 49 821
49 36 821
36 77 679
77 36 679
36 55 724
55 36 724
37 43 709
43 37 709
37 66 351
66 37 351
37 45 328
45 37 328
37 55 238
55 37 238
37 43 795
43 37 795
37 46 255
46 37 255
37 61 612
61 37 612
37 67 702
67 37 702
37 72 105
72 37 105
37 58 113
58 37 113
38 48 879
48 38 879
38 80 738
80 38 738
38 61 606
61 38 606
38 84 464
84 38 464
38 57 351
57 38 351
38 44 354
44 38 354
39 40 31
40 39 31
39 66 799
66 39 799
39 72 496
72 39 496
39 69 602
69 39 602
39 54 568
54 39 568
40 66 256
66 40 256
40 78 856
78 40 856
40 80 191
80 40 191
40 71 366
71 40 366
40 82 513
82 40 513
40 71 472
71 40 472
40 65 291
65 40 291
41 72 624
72 41 624
41 73 410
73 41 410
41 60 445
60 41 445
41 70 630
70 41 630
41 49 475
49 41 475
41 60 537
60 41 537
41 51 596
51 41 596
41 83 359
83 41 359
42 43 418
43 42 418
42 67 154
67 42 154
42 83 788
83 42 788
42 82 116
82 42 116
42 75 168
75 42 168
42 57 154
57 42 154
42 80 303
80 42 303
43 64 826
64 43 826
43 68 68
68 43 68
43 84 316
84 43 316
43 58 682
58 43 682
43 63 895
63 43 895
44 60 779
60 44 779
44 68 706
68 44 706
44 54 701
54 44 701
44 46 794
46 44 794
44 82 460
82 44 460
44 63 826
63 44 826
44 46 186
46 44 186
45 54 564
54 45 564
45 47 69
47 45 69
45 53 418
53 45 418
45 83 534
83 45 534
45 58 371
58 45 371
46 60 726
60 46 726
46 76 677
76 46 677
46 78 180
78 46 180
47 72 564
72 47 564
47 74 259
74 47 259
47 67 114
67 47 114
47 68 677
68 47 677
47 57 880
57 47 880
47 77 753
77 47 753
47 57 965
57 47 965
47 76 211
76 47 211
47 80 179
80 47 179
48 56 585
56 48 585
48 83 62
83 48 62
48 83 873
83 48 873
48 75 636
75 48 636
48 73 423
73 48 423
48 81 996
81 48 996
48 70 982
70 48 982
49 51 705
51 49 705
49 83 663
83 49 663
49 62 466
62 49 466
49 63 202
63 49 202
49 50 478
50 49 478
50 60 567
60 50 567
50 54 226
54 50 226
50 73 149
73 50 149
51 76 456
76 51 456
51 62 523
62 51 523
51 63 187
63 51 187
52 67 163
67 52 163
52 60 683
60 52 683
52 54 365
54 52 365
53 70 970
70 53 970
53 71 966
71 53 966
53 74 169
74 53 169
53 60 293
60 53 293
53 79 130
79 53 130
53 72 563
72 53 563
54 79 392
79 54 392
54 66 274
66 54 274
54 65 428
65 54 428
54 76 799
76 54 799
54 59 975
59 54 975
54 64 95
64 54 95
54 63 280
63 54 280
54 79 798
79 54 798
55 70 541
70 55 541
55 60 609
60 55 609
55 70 438
70 55 438
55 70 294
70 55 294
55 64 882
64 55 882
56 69 146
69 56 146
56 69 460
69 56 460
57 81 84
81 57 84
57 74 186
74 57 186
57 76 528
76 57 528
57 78 240
78 57 240
57 58 775
58 57 775
57 64 254
64 57 254
57 65 428
65 57 428
58 67 665
67 58 665
58 62 353
62 58 353
58 64 320
64 58 320
58 69 890
69 58 890
58 76 366
76 58 366
58 64 59
64 58 59
58 58 757
58 58 757
59 63 884
63 59 884
59 75 258
75 59 258
59 60 987
60 59 987
59 85 565
85 59 565
60 76 812
76 60 812
60 78 6
78 60 6
60 78 792
78 60 792
60 64 80
64 60 80
60 63 272
63 60 272
60 75 518
75 60 518
62 68 987
68 62 987
62 71 231
71 62 231
62 74 910
74 62 910
62 67 625
67 62 625
62 74 190
74 62 190
63 65 105
65 63 105
63 64 129
64 63 129
63 81 354
81 63 354
63 72 646
72 63 646
63 70 924
70 63 924
63 83 177
83 63 177
63 71 947
71 63 947
64 84 851
84 64 851
64 74 427
74 64 427
64 82 422
82 64 422
64 68 395
68 64 395
64 81 636
81 64 636
64 78 43
78 64 43
65 67 49
67 65 49
65 65 331
65 65 331
65 68 822
68 65 822
65 82 303
82 65 303
65 85 265
85 65 265
65 67 851
67 65 851
65 82 540
82 65 540
65 66 623
66 65 623
66 85 633
85 66 633
66 71 515
71 66 515
66 73 763
73 66 763
66 77 65
77 66 65
67 73 367
73 67 367
67 74 653
74 67 653
67 67 400
67 67 400
67 81 358
81 67 358
68 84 1000
84 68 1000
68 79 190
79 68 190
68 84 273
84 68 273
68 83 46
83 68 46
69 84 673
84 69 673
69 83 272
83 69 272
69 70 428
70 69 428
69 74 870
74 69 870
70 74 520
74 70 520
71 75 596
75 71 596
72 85 483
85 72 483
72 73 292
73 72 292
72 80 637
80 72 637
73 76 109
76 73 109
73 77 195
77 73 195
73 77 572
77 73 572
73 77 54
77 73 54
73 82 120
82 73 120
73 81 155
81 73 155
74 80 594
80 74 594
74 82 867
82 74 867
75 85 36
85 75 36
75 80 875
80 75 875
76 78 33
78 76 33
78 83 843
83 78 843
79 82 866
82 79 866
80 84 696
84 80 696
80 83 303
83 80 303
80 84 825
84 80 825
