80

0 1 443
1 0 443
0 2 661
2 0 661
0 28 775
28 0 775
0 46 82
46 0 82
0 30 387
30 0 387
0 23 475
23 0 475
0 54 790
54 0 790
0 34 837
34 0 837
0 20 107
20 0 107
0 69 842
69 0 842
0 34 710
34 0 710
0 20 623
20 0 623
0 63 209
63 0 209
0 45 210
45 0 210
0 41 943
41 0 943
0 48 953
48 0 953
1 4 518
4 1 518
1 13 754
13 1 754
1 37 247
37 1 247
1 38 224
38 1 224
1 12 235
12 1 235
1 26 192
26 1 192
1 33 233
33 1 233
1 58 695
58 1 695
1 32 517
32 1 517
1 9 399
9 1 399
1 43 396
43 1 396
1 73 970
73 1 970
1 50 306
50 1 306
1 9 286
9 1 286
1 61 776
61 1 776
1 28 829
28 1 829
1 58 999
58 1 999
1 19 764
19 1 764
2 3 191
3 2 191
2 9 317
9 2 317
2 14 427
14 2 427
2 15 631
15 2 631
2 22 746
22 2 746
2 25 163
25 2 163
2 68 271
68 2 271
2 16 220
16 2 220
2 79 492
79 2 492
2 10 682
10 2 682
2 70 162
70 2 162
2 47 179
47 2 179
2 75 894
75 2 894
2 75 683
75 2 683
2 52 513
52 2 513
2 56 93
56 2 93
3 5 894
5 3 894
3 8 287
8 3 287
3 55 53
55 3 53
3 48 483
48 3 483
3 32 960
32 3 960
3 30 551
30 3 551
3 48 6
48 3 6
3 23 962
23 3 962
3 27 100
27 3 100
3 32 155
32 3 155
3 3 926
3 3 926
3 32 123
32 3 123
3 46 8
46 3 8
3 8 205
8 3 205
3 42 572
42 3 572
3 36 71
36 3 71
3 78 923
78 3 923
4 11 782
11 4 782
4 77 960
77 4 960
4 48 400
48 4 400
4 61 487
61 4 487
4 50 176
50 4 176
4 29 678
29 4 678
4 69 493
69 4 493
4 52 370
52 4 370
4 5 778
5 4 778
4 54 142
54 4 142
4 14 206
14 4 206
4 27 512
27 4 512
4 10 275
10 4 275
5 6 634
6 5 634
5 7 491
7 5 491
5 18 963
18 5 963
5 23 547
23 5 547
5 46 808
46 5 808
5 45 54
45 5 54
5 21 194
21 5 194
5 19 191
19 5 191
5 40 981
40 5 981
5 52 285
52 5 285
5 52 812
52 5 812
5 65 959
65 5 959
5 59 545
59 5 545
6 12 135
12 6 135
6 16 814
16 6 814
6 56 609
56 6 609
6 12 71
12 6 71
6 78 730
78 6 730
6 12 620
12 6 620
6 75 971
75 6 971
6 11 504
11 6 504
6 63 251
63 6 251
6 73 449
73 6 449
6 26 636
26 6 636
7 10 335
10 7 335
7 36 783
36 7 783
7 51 800
51 7 800
7 47 288
47 7 288
7 41 648
41 7 648
7 69 172
69 7 172
7 23 119
23 7 119
7 65 251
65 7 251
7 53 281
53 7 281
7 43 676
43 7 676
7 33 346
33 7 346
7 48 418
48 7 418
7 35 317
35 7 317
7 26 389
26 7 389
7 24 733
24 7 733
7 70 615
70 7 615
7 63 477
63 7 477
8 49 384
49 8 384
8 53 437
53 8 437
8 11 76
11 8 76
8 29 422
29 8 422
8 51 382
51 8 382
8 36 638
36 8 638
8 30 556
30 8 556
8 54 965
54 8 965
9 54 958
54 9 958
9 73 421
73 9 421
9 63 729
63 9 729
9 12 286
12 9 286
9 71 815
71 9 815
9 25 74
25 9 74
9 26 805
26 9 805
9 58 450
58 9 450
9 36 36
36 9 36
9 56 416
56 9 416
9 41 55
41 9 55
9 50 235
50 9 235
9 30 329
30 9 329
9 50 98
50 9 98
9 49 204
49 9 204
10 34 889
34 10 889
10 20 924
20 10 924
10 48 900
48 10 900
10 13 878
13 10 878
10 42 623
42 10 623
10 15 260
15 10 260
10 71 79
71 10 79
11 30 948
30 11 948
11 41 585
41 11 585
11 71 569
71 11 569
11 54 10
54 11 10
11 38 657
38 11 657
11 60 376
60 11 376
11 39 516
39 11 516
12 32 106
32 12 106
12 39 241
39 12 241
12 50 684
50 12 684
12 49 250
49 12 250
12 79 157
79 12 157
12 76 825
76 12 825
12 78 574
78 12 574
13 17 32
17 13 32
13 19 500
19 13 500
13 20 321
20 13 321
13 21 946
21 13 946
13 43 709
43 13 709
13 68 786
68 13 786
13 76 594
76 13 594
13 35 97
35 13 97
13 41 627
41 13 627
13 37 194
37 13 194
13 59 871
59 13 871
13 66 585
66 13 585
13 30 219
30 13 219
13 61 214
61 13 214
13 21 839
21 13 839
13 37 380
37 13 380
14 50 811
50 14 811
14 63 517
63 14 517
14 34 207
34 14 207
14 34 352
34 14 352
14 30 229
30 14 229
14 22 647
22 14 647
14 34 315
34 14 315
14 71 109
71 14 109
15 65 560
65 15 560
15 67 289
67 15 289
15 76 444
76 15 444
15 23 179
23 15 179
15 53 236
53 15 236
15 63 306
63 15 306
15 18 345
18 15 345
15 24 589
24 15 589
15 37 831
37 15 831
16 62 882
62 16 882
16 32 300
32 16 300
16 27 970
27 16 970
16 73 212
73 16 212
16 37 521
37 16 521
16 51 813
51 16 813
16 50 364
50 16 364
16 79 597
79 16 597
16 60 277
60 16 277
16 69 545
69 16 545
16 27 448
27 16 448
16 38 391
38 16 391
16 61 512
61 16 512
17 27 164
27 17 164
17 33 319
33 17 319
17 76 314
76 17 314
17 35 403
35 17 403
17 69 806
69 17 806
17 65 625
65 17 625
17 79 207
79 17 207
17 45 601
45 17 601
17 34 235
34 17 235
17 18 672
18 17 672
18 42 888
42 18 888
18 61 185
61 18 185
18 57 744
57 18 744
18 43 914
43 18 914
18 44 465
44 18 465
18 29 42
29 18 42
18 26 642
26 18 642
18 33 79
33 18 79
18 26 366
26 18 366
18 51 645
51 18 645
18 63 312
63 18 312
18 78 24
78 18 24
19 29 660
29 19 660
19 37 76
37 19 76
19 20 411
20 19 411
19 43 620
43 19 620
19 34 516
34 19 516
19 39 598
39 19 598
19 72 338
72 19 338
19 64 973
64 19 973
19 32 777
32 19 777
19 34 547
34 19 547
19 30 725
30 19 725
20 24 917
24 20 917
20 28 543
28 20 543
20 47 140
47 20 140
20 62 447
62 20 447
20 59 535
59 20 535
20 70 474
70 20 474
20 20 173
20 20 173
20 43 557
43 20 557
21 53 54
53 21 54
21 47 611
47 21 611
21 37 679
37 21 679
21 65 374
65 21 374
21 70 805
70 21 805
21 71 78
71 21 78
21 68 886
68 21 886
21 35 709
35 21 709
22 26 152
26 22 152
22 31 338
31 22 338
22 74 649
74 22 649
22 50 302
50 22 302
22 73 798
73 22 798
22 55 304
55 22 304
22 53 824
53 22 824
23 46 754
46 23 754
23 47 30
47 23 30
23 71 15
71 23 15
23 56 865
56 23 865
23 74 362
74 23 362
23 76 65
76 23 65
23 36 137
36 23 137
24 47 152
47 24 152
24 39 177
39 24 177
24 79 944
79 24 944
24 76 127
76 24 127
24 64 332
64 24 332
24 49 125
49 24 125
24 69 582
69 24 582
24 33 109
33 24 109
25 48 707
48 25 707
25 58 73
58 25 73
25 55 606
55 25 606
25 77 47
77 25 47
25 71 773
71 25 773
25 63 508
63 25 508
25 50 747
50 25 747
25 56 831
56 25 831
25 45 100
45 25 100
25 40 723
40 25 723
26 49 790
49 26 790
26 28 408
28 26 408
26 68 480
68 26 480
26 47 14
47 26 14
26 78 848
78 26 848
26 42 4
42 26 4
27 35 975
35 27 975
27 39 753
39 27 753
27 79 18
79 27 18
27 40 865
40 27 865
27 51 257
51 27 257
27 51 220
51 27 220
28 44 690
44 28 690
28 50 990
50 28 990
28 49 925
49 28 925
28 73 403
73 28 403
29 52 736
52 29 736
29 75 807
75 29 807
29 47 442
47 29 442
29 47 867
47 29 867
29 50 528
50 29 528
29 41 645
41 29 645
29 54 718
54 29 718
29 32 819
32 29 819
30 53 880
53 30 880
30 62 154
62 30 154
30 55 892
55 30 892
30 46 276
46 30 276
30 79 466
79 30 466
30 36 639
36 30 639
30 37 624
37 30 624
30 40 506
40 30 506
30 67 336
67 30 336
30 64 172
64 30 172
30 69 78
69 30 78
31 48 516
48 31 516
31 75 709
75 31 709
31 69 584
69 31 584
31 39 923
39 31 923
31 35 211
35 31 211
31 77 801
77 31 801
31 56 296
56 31 296
32 70 294
70 32 294
32 57 745
57 32 745
32 67 701
67 32 701
32 59 542
59 32 542
32 54 441
54 32 441
32 62 3
62 32 3
33 40 138
40 33 138
33 41 987
41 33 987
33 73 570
73 33 570
33 56 75
56 33 75
33 76 278
76 33 278
33 60 199
60 33 199
33 38 190
38 33 190
33 43 419
43 33 419
33 73 471
73 33 471
33 65 493
65 33 493
34 45 988
45 34 988
34 54 152
54 34 152
34 47 200
47 34 200
34 45 358
45 34 358
34 53 24
53 34 24
34 46 458
46 34 458
34 54 626
54 34 626
34 71 84
71 34 84
34 67 781
67 34 781
34 68 242
68 34 242
34 58 729
58 34 729
35 58 314
58 35 314
35 70 892
70 35 892
35 66 248
66 35 248
35 47 718
47 35 718
35 60 532
60 35 532
35 62 784
62 35 784
36 55 63
55 36 63
36 46 644
46 36 644
36 78 549
78 36 549
36 62 867
62 36 867
37 72 674
72 37 674
37 67 942
67 37 942
37 63 94
63 37 94
37 53 844
53 37 844
38 69 956
69 38 956
38 60 979
60 38 979
39 45 424
45 39 424
39 57 545
57 39 545
39 58 113
58 39 113
39 57 232
57 39 232
39 45 630
45 39 630
40 58 555
58 40 555
40 72 144
72 40 144
40 70 268
70 40 268
40 75 640
75 40 640
40 51 405
51 40 405
40 71 483
71 40 483
41 69 466
69 41 466
41 48 839
48 41 839
41 56 324
56 41 324
41 63 775
63 41 775
41 65 359
65 41 359
42 50 421
50 42 421
42 71 181
71 42 181
42 79 175
79 42 175
42 49 144
49 42 144
42 67 894
67 42 894
43 79 297
79 43 297
43 47 465
47 43 465
44 53 73
53 44 73
44 58 222
58 44 222
44 68 131
68 44 131
44 64 58
64 44 58
44 50 418
50 44 418
44 58 722
58 44 722
45 59 569
59 45 569
45 65 563
65 45 563
45 58 946
58 45 946
45 48 726
48 45 726
45 75 65
75 45 65
45 74 801
74 45 801
45 75 57
75 45 57
45 58 93
58 45 93
46 65 962
65 46 962
46 68 992
68 46 992
46 50 491
50 46 491
47 63 164
63 47 164
47 58 604
58 47 604
47 50 193
50 47 193
47 51 738
51 47 738
47 56 617
56 47 617
48 76 426
76 48 426
48 53 586
53 48 586
49 79 480
79 49 480
50 64 504
64 50 504
50 54 993
54 50 993
51 77 244
77 51 244
51 73 573
73 51 573
52 76 365
76 52 365
52 63 779
63 52 779
52 57 212
57 52 212
52 63 660
63 52 660
52 69 881
69 52 881
52 67 205
67 52 205
53 74 424
74 53 424
53 64 66
64 53 66
53 68 388
68 53 388
53 54 120
54 53 120
54 65 770
65 54 770
54 76 819
76 54 819
54 62 528
62 54 528
55 57 42
57 55 42
55 63 408
63 55 408
55 66 735
66 55 735
56 72 579
72 56 579
56 68 481
68 56 481
57 60 112
60 57 112
57 76 57
76 57 57
57 61 868
61 57 868
58 59 435
59 58 435
59 70 505
70 59 505
59 59 666
59 59 666
60 77 205
77 60 205
60 70 887
70 60 887
60 64 216
64 60 216
61 63 953
63 61 953
61 79 583
79 61 583
61 66 429
66 61 429
61 79 899
79 61 899
63 78 461
78 63 461
63 66 805
66 63 805
64 66 467
66 64 467
65 66 686
66 65 686
65 72 290
72 65 290
65 73 772
73 65 772
66 70 159
70 66 159
67 68 622
68 67 622
68 74 947
74 68 947
69 75 338
75 69 338
70 72 98
72 70 98
71 72 280
72 71 280
72 74 283
74 72 283
72 75 689
75 72 689
75 76 775
76 75 775
