96

0 1 855
1 0 855
0 2 132
2 0 132
0 4 440
4 0 440
0 5 445
5 0 445
0 17 157
17 0 157
0 79 747
79 0 747
0 62 621
62 0 621
0 25 933
25 0 933
0 68 528
68 0 528
0 4 161
4 0 161
0 88 517
88 0 517
0 21 980
21 0 980
1 7 960
7 1 960
1 43 997
43 1 997
1 61 814
61 1 814
1 25 444
25 1 444
1 38 21
38 1 21
1 70 935
70 1 935
1 45 23
45 1 23
1 84 693
84 1 693
1 23 198
23 1 198
1 69 710
69 1 710
1 3 81
3 1 81
2 3 573
3 2 573
2 63 814
63 2 814
2 93 214
93 2 214
2 48 792
48 2 792
2 59 179
59 2 179
2 39 512
39 2 512
2 30 927
30 2 927
2 79 367
79 2 367
3 12 970
12 3 970
3 18 11
18 3 11
3 28 481
28 3 481
3 54 187
54 3 187
3 92 522
92 3 522
3 84 907
84 3 907
3 8 672
8 3 672
3 18 52
18 3 52
3 34 404
34 3 404
3 18 192
18 3 192
4 10 630
10 4 630
4 11 787
11 4 787
4 19 788
19 4 788
4 32 472
32 4 472
4 33 749
33 4 749
4 72 791
72 4 791
4 12 261
12 4 261
4 67 607
67 4 607
4 95 966
95 4 966
4 45 15
45 4 15
4 71 722
71 4 722
5 6 228
6 5 228
5 9 960
9 5 960
5 31 624
31 5 624
5 46 445
46 5 445
5 83 247
83 5 247
5 94 740
94 5 740
5 11 986
11 5 986
5 65 317
65 5 317
5 85 517
85 5 517
5 95 844
95 5 844
5 30 907
30 5 907
5 93 104
93 5 104
6 14 790
14 6 790
6 21 186
21 6 186
6 34 550
34 6 550
6 82 839
82 6 839
6 89 102
89 6 102
6 82 691
82 6 691
6 68 669
68 6 669
6 27 424
27 6 424
7 8 309
8 7 309
7 50 420
50 7 420
7 73 558
73 7 558
7 61 364
61 7 364
7 44 765
44 7 765
7 25 158
25 7 158
7 66 439
66 7 439
7 73 856
73 7 856
7 12 262
12 7 262
8 35 798
35 8 798
8 35 410
35 8 410
8 74 976
74 8 976
8 65 412
65 8 412
9 13 980
13 9 980
9 38 300
38 9 300
9 76 562
76 9 562
9 89 857
89 9 857
9 9 539
9 9 539
9 93 44
93 9 44
10 60 228
60 10 228
10 13 418
13 10 418
10 56 447
56 10 447
10 73 120
73 10 120
10 53 830
53 10 830
10 41 485
41 10 485
11 85 689
85 11 689
11 63 759
63 11 759
11 54 319
54 11 319
11 57 691
57 11 691
11 93 170
93 11 170
12 22 909
22 12 909
12 26 838
26 12 838
12 90 414
90 12 414
12 13 266
13 12 266
12 40 376
40 12 376
13 15 475
15 13 475
13 16 15
16 13 15
13 29 932
29 13 932
13 64 388
64 13 388
13 69 465
69 13 465
13 15 472
15 13 472
13 26 415
26 13 415
13 59 506
59 13 506
14 53 685
53 14 685
14 53 267
53 14 267
14 84 531
84 14 531
14 29 705
29 14 705
15 27 47
27 15 47
15 52 760
52 15 760
15 27 743
27 15 743
15 40 363
40 15 363
15 35 717
35 15 717
15 67 597
67 15 597
16 23 349
23 16 349
16 30 376
30 16 376
16 57 79
57 16 79
16 20 65
20 16 65
16 17 723
17 16 723
17 24 376
24 17 376
17 25 518
25 17 518
17 84 581
84 17 581
17 89 427
89 17 427
17 80 83
80 17 83
17 53 312
53 17 312
17 64 893
64 17 893
17 34 402
34 17 402
18 20 77
20 18 77
18 56 731
56 18 731
18 26 175
26 18 175
18 75 827
75 18 827
18 63 459
63 18 459
19 92 436
92 19 436
19 95 813
95 19 813
20 42 877
42 20 877
20 47 313
47 20 313
20 67 301
67 20 301
20 83 87
83 20 87
20 70 917
70 20 917
21 74 991
74 21 991
21 94 214
94 21 214
21 48 303
48 21 303
22 40 669
40 22 669
22 36 405
36 22 405
22 78 524
78 22 524
22 28 304
28 22 304
22 58 685
58 22 685
22 52 527
52 22 527
22 60 410
60 22 410
23 89 202
89 23 202
23 83 56
83 23 56
23 58 44
58 23 44
23 87 239
87 23 239
23 45 498
45 23 498
23 49 488
49 23 488
24 59 791
59 24 791
24 93 496
93 24 496
24 81 292
81 24 292
24 86 494
86 24 494
25 87 290
87 25 290
25 64 360
64 25 360
25 30 230
30 25 230
25 63 478
63 25 478
26 58 943
58 26 943
26 52 395
52 26 395
26 38 321
38 26 321
26 87 652
87 26 652
26 76 809
76 26 809
26 65 932
65 26 932
26 79 109
79 26 109
26 27 780
27 26 780
26 53 88
53 26 88
26 92 816
92 26 816
27 57 98
57 27 98
27 48 255
48 27 255
27 89 859
89 27 859
27 79 171
79 27 171
27 41 347
41 27 347
28 75 662
75 28 662
28 86 907
86 28 907
28 74 956
74 28 956
28 90 779
90 28 779
28 36 590
36 28 590
29 36 722
36 29 722
29 84 486
84 29 486
29 83 174
83 29 174
29 82 719
82 29 719
29 49 535
49 29 535
30 41 878
41 30 878
30 81 839
81 30 839
30 75 181
75 30 181
30 64 79
64 30 79
30 34 719
34 30 719
30 48 11
48 30 11
31 48 741
48 31 741
31 83 711
83 31 711
31 36 66
36 31 66
31 34 369
34 31 369
32 51 65
51 32 65
32 55 166
55 32 166
32 60 1
60 32 1
32 74 639
74 32 639
33 37 645
37 33 645
33 39 641
39 33 641
33 88 861
88 33 861
34 68 448
68 34 448
35 36 272
36 35 272
35 82 808
82 35 808
35 66 863
66 35 863
36 82 618
82 36 618
36 93 141
93 36 141
37 65 829
65 37 829
37 91 912
91 37 912
37 91 843
91 37 843
37 85 441
85 37 441
37 58 273
58 37 273
37 57 36
57 37 36
38 73 883
73 38 883
38 69 157
69 38 157
38 43 512
43 38 512
38 60 476
60 38 476
38 74 657
74 38 657
38 93 867
93 38 867
38 71 632
71 38 632
38 65 371
65 38 371
39 64 781
64 39 781
39 49 176
49 39 176
39 85 335
85 39 335
41 44 391
44 41 391
41 45 308
45 41 308
41 81 5
81 41 5
41 69 802
69 41 802
41 48 392
48 41 392
41 46 362
46 41 362
41 51 652
51 41 652
42 48 951
48 42 951
42 53 809
53 42 809
42 66 260
66 42 260
42 51 531
51 42 531
43 81 750
81 43 750
45 49 501
49 45 501
45 87 211
87 45 211
46 50 33
50 46 33
46 87 443
87 46 443
46 54 710
54 46 710
46 93 240
93 46 240
47 77 182
77 47 182
47 79 41
79 47 41
47 87 839
87 47 839
47 83 44
83 47 44
48 66 378
66 48 378
49 61 223
61 49 223
49 78 952
78 49 952
50 55 228
55 50 228
50 86 725
86 50 725
51 68 180
68 51 180
51 52 197
52 51 197
52 69 916
69 52 916
52 70 563
70 52 563
52 73 992
73 52 992
52 72 146
72 52 146
52 93 115
93 52 115
52 76 738
76 52 738
53 57 693
57 53 693
53 69 217
69 53 217
53 89 158
89 53 158
54 64 560
64 54 560
54 94 658
94 54 658
56 63 406
63 56 406
56 73 918
73 56 918
57 72 636
72 57 636
58 61 869
61 58 869
58 87 848
87 58 848
58 89 995
89 58 995
59 62 563
62 59 563
59 90 971
90 59 971
59 63 334
63 59 334
60 69 948
69 60 948
60 86 841
86 60 841
61 65 344
65 61 344
61 71 880
71 61 880
61 85 197
85 61 197
61 75 936
75 61 936
62 94 381
94 62 381
62 75 321
75 62 321
63 67 614
67 63 614
64 83 426
83 64 426
64 65 810
65 64 810
65 71 89
71 65 89
65 78 573
78 65 573
65 86 987
86 65 987
65 68 440
68 65 440
65 77 434
77 65 434
66 85 520
85 66 520
66 68 496
68 66 496
66 81 113
81 66 113
67 70 89
70 67 89
67 91 338
91 67 338
67 73 384
73 67 384
67 81 214
81 67 214
68 83 533
83 68 533
68 94 39
94 68 39
68 90 139
90 68 139
70 76 931
76 70 931
70 85 833
85 70 833
70 81 788
81 70 788
71 74 414
74 71 414
72 87 392
87 72 392
72 73 674
73 72 674
72 77 165
77 72 165
72 89 874
89 72 874
73 79 664
79 73 664
74 95 853
95 74 853
74 85 156
85 74 156
74 83 713
83 74 713
74 91 664
91 74 664
77 80 184
80 77 184
78 91 779
91 78 779
78 82 87
82 78 87
79 80 661
80 79 661
79 84 369
84 79 369
79 91 370
91 79 370
79 86 901
86 79 901
80 83 601
83 80 601
82 95 727
95 82 727
83 87 29
87 83 29
83 88 440
88 83 440
87 87 977
87 87 977
