76

0 1 334
1 0 334
0 2 83
2 0 83
0 4 918
4 0 918
0 5 867
5 0 867
0 6 722
6 0 722
0 11 472
11 0 472
0 41 374
41 0 374
0 67 159
67 0 159
0 70 205
70 0 205
1 3 453
3 1 453
1 8 562
8 1 562
1 12 161
12 1 161
1 19 824
19 1 824
1 30 380
30 1 380
1 59 611
59 1 611
2 7 229
7 2 229
2 8 20
8 2 20
3 13 955
13 3 955
3 20 826
20 3 826
3 21 333
21 3 333
3 20 203
20 3 203
3 62 617
62 3 617
3 31 858
31 3 858
4 14 98
14 4 98
4 32 986
32 4 986
4 66 434
66 4 434
4 36 165
36 4 165
4 54 865
54 4 865
4 9 155
9 4 155
5 37 963
37 5 963
5 44 485
44 5 485
5 66 908
66 5 908
6 28 692
28 6 692
7 15 540
15 7 540
7 39 882
39 7 882
7 52 515
52 7 515
7 61 836
61 7 836
7 11 455
11 7 455
7 57 516
57 7 516
8 9 233
9 8 233
8 10 819
10 8 819
8 26 668
26 8 668
8 57 608
57 8 608
8 23 261
23 8 261
9 23 661
23 9 661
9 34 312
34 9 312
10 17 534
17 10 534
10 50 299
50 10 299
10 70 12
70 10 12
10 46 354
46 10 354
11 49 37
49 11 37
11 33 6
33 11 6
12 16 31
16 12 31
12 31 57
31 12 57
12 71 486
71 12 486
13 30 275
30 13 275
13 43 286
43 13 286
13 72 494
72 13 494
13 28 712
28 13 712
14 25 304
25 14 304
14 34 488
34 14 488
15 41 337
41 15 337
16 56 79
56 16 79
17 18 16
18 17 16
17 18 520
18 17 520
18 22 624
22 18 624
18 22 117
22 18 117
18 69 178
69 18 178
20 33 766
33 20 766
20 68 197
68 20 197
21 53 693
53 21 693
21 70 605
70 21 605
22 24 948
24 22 948
22 36 601
36 22 601
22 64 794
64 22 794
22 64 68
64 22 68
24 60 366
60 24 366
25 27 380
27 25 380
25 61 154
61 25 154
25 33 859
33 25 859
26 72 560
72 26 560
27 58 525
58 27 525
28 29 936
29 28 936
28 48 601
48 28 601
29 73 597
73 29 597
30 49 17
49 30 17
31 35 343
35 31 343
31 38 384
38 31 384
31 40 277
40 31 277
32 55 287
55 32 287
32 69 627
69 32 627
33 45 632
45 33 632
33 51 564
51 33 564
33 54 850
54 33 850
34 63 752
63 34 752
34 46 406
46 34 406
35 53 640
53 35 640
37 39 331
39 37 331
38 42 961
42 38 961
38 46 359
46 38 359
38 75 251
75 38 251
38 41 675
41 38 675
39 40 27
40 39 27
41 47 4
47 41 4
42 59 283
59 42 283
44 62 848
62 44 848
45 47 478
47 45 478
45 53 826
53 45 826
47 71 994
71 47 994
48 57 50
57 48 50
48 56 70
56 48 70
49 63 308
63 49 308
49 75 24
75 49 24
51 71 545
71 51 545
52 68 161
68 52 161
55 72 584
72 55 584
56 72 253
72 56 253
57 63 255
63 57 255
59 65 345
65 59 345
60 69 317
69 60 317
62 75 667
75 62 667
64 74 306
74 64 306
66 73 403
73 66 403
68 69 862
69 68 862
68 70 934
70 68 934
70 73 648
73 70 648
