90

0 1 638
1 0 638
0 2 865
2 0 865
0 5 683
5 0 683
0 15 733
15 0 733
1 4 840
4 1 840
1 9 910
9 1 910
1 12 269
12 1 269
1 50 888
50 1 888
2 3 759
3 2 759
2 21 670
21 2 670
2 25 859
25 2 859
3 7 912
7 3 912
3 8 759
8 3 759
3 13 672
13 3 672
3 26 970
26 3 970
3 41 80
41 3 80
4 11 961
11 4 961
4 85 74
85 4 74
5 6 492
6 5 492
5 33 664
33 5 664
6 18 636
18 6 636
6 63 250
63 6 250
7 34 766
34 7 766
8 10 156
10 8 156
8 14 544
14 8 544
8 29 582
29 8 582
9 40 743
40 9 743
10 15 426
15 10 426
10 17 759
17 10 759
10 36 275
36 10 275
10 59 328
59 10 328
11 24 960
24 11 960
11 82 953
82 11 953
12 16 157
16 12 157
12 46 450
46 12 450
14 20 949
20 14 949
14 30 476
30 14 476
14 37 417
37 14 417
15 28 869
28 15 869
15 43 696
43 15 696
15 57 24
57 15 24
16 22 181
22 16 181
16 60 197
60 16 197
16 61 937
61 16 937
17 19 575
19 17 575
17 42 865
42 17 865
17 64 950
64 17 950
18 72 173
72 18 173
19 32 115
32 19 115
20 78 781
78 20 781
20 41 774
41 20 774
21 27 949
27 21 949
22 23 379
23 22 379
22 35 488
35 22 488
22 49 918
49 22 918
22 51 354
51 22 354
22 53 896
53 22 896
22 74 681
74 22 681
23 54 545
54 23 545
23 67 679
67 23 679
24 45 172
45 24 172
24 65 301
65 24 301
25 31 566
31 25 566
26 68 751
68 26 751
27 69 138
69 27 138
27 75 705
75 27 705
31 48 786
48 31 786
32 38 390
38 32 390
32 58 77
58 32 77
33 47 545
47 33 545
38 39 465
39 38 465
38 71 769
71 38 769
40 66 956
66 40 956
43 44 793
44 43 793
43 62 30
62 43 30
45 52 570
52 45 570
48 56 702
56 48 702
50 89 647
89 50 647
51 55 950
55 51 950
52 86 307
86 52 307
53 84 934
84 53 934
56 71 784
71 56 784
59 80 186
80 59 186
59 81 932
81 59 932
63 73 180
73 63 180
65 77 44
77 65 44
68 70 398
70 68 398
70 88 228
88 70 228
74 79 104
79 74 104
75 76 250
76 75 250
77 83 535
83 77 535
83 87 896
87 83 896
