9

0 1 211
1 0 211
0 2 644
2 0 644
1 3 488
3 1 488
1 2 427
2 1 427
1 7 610
7 1 610
1 8 26
8 1 26
2 4 133
4 2 133
2 2 385
2 2 385
3 6 424
6 3 424
3 8 802
8 3 802
4 5 282
5 4 282
4 8 496
8 4 496
5 8 319
8 5 319
6 7 256
7 6 256
6 6 616
6 6 616
6 8 927
8 6 927
8 8 66
8 8 66
