76

0 1 538
1 0 538
0 39 70
39 0 70
0 55 830
55 0 830
0 57 830
57 0 830
0 35 648
35 0 648
0 13 617
13 0 617
0 57 139
57 0 139
1 2 109
2 1 109
1 3 316
3 1 316
1 4 378
4 1 378
1 5 703
5 1 703
1 15 804
15 1 804
1 17 573
17 1 573
1 69 427
69 1 427
1 11 235
11 1 235
1 17 628
17 1 628
1 55 226
55 1 226
1 52 547
52 1 547
2 7 739
7 2 739
2 12 354
12 2 354
2 40 391
40 2 391
2 57 940
57 2 940
2 66 738
66 2 738
2 64 566
64 2 566
2 60 254
60 2 254
3 6 623
6 3 623
3 8 283
8 3 283
3 33 167
33 3 167
3 4 354
4 3 354
3 64 502
64 3 502
3 48 277
48 3 277
3 6 193
6 3 193
4 12 644
12 4 644
5 9 40
9 5 40
5 18 872
18 5 872
5 20 74
20 5 74
5 40 138
40 5 138
6 10 873
10 6 873
6 50 426
50 6 426
6 41 171
41 6 171
6 8 168
8 6 168
7 22 953
22 7 953
7 47 282
47 7 282
7 54 410
54 7 410
7 48 105
48 7 105
7 58 782
58 7 782
7 52 625
52 7 625
8 65 160
65 8 160
8 60 615
60 8 615
8 24 268
24 8 268
9 13 545
13 9 545
9 44 895
44 9 895
9 45 920
45 9 920
9 14 604
14 9 604
9 18 559
18 9 559
9 38 570
38 9 570
9 73 371
73 9 371
9 68 149
68 9 149
9 14 239
14 9 239
10 11 470
11 10 470
10 19 840
19 10 840
10 23 295
23 10 295
10 72 224
72 10 224
10 73 340
73 10 340
10 54 396
54 10 396
10 17 896
17 10 896
10 41 325
41 10 325
10 20 909
20 10 909
11 62 670
62 11 670
11 37 125
37 11 125
11 42 523
42 11 523
11 23 630
23 11 630
11 32 961
32 11 961
12 14 245
14 12 245
12 59 306
59 12 306
12 38 11
38 12 11
13 25 507
25 13 507
13 60 256
60 13 256
13 38 818
38 13 818
13 25 17
25 13 17
13 44 901
44 13 901
13 63 221
63 13 221
13 32 943
32 13 943
14 31 508
31 14 508
14 75 409
75 14 409
14 74 134
74 14 134
14 74 512
74 14 512
15 16 174
16 15 174
15 52 938
52 15 938
15 60 141
60 15 141
15 30 218
30 15 218
15 22 305
22 15 305
15 53 387
53 15 387
15 55 588
55 15 588
15 60 655
60 15 655
16 21 201
21 16 201
16 28 171
28 16 171
16 51 771
51 16 771
16 68 867
68 16 867
16 36 523
36 16 523
16 53 244
53 16 244
17 29 423
29 17 423
17 30 294
30 17 294
17 35 260
35 17 260
17 73 402
73 17 402
17 34 220
34 17 220
17 57 653
57 17 653
18 34 841
34 18 841
18 40 908
40 18 908
18 20 864
20 18 864
18 66 330
66 18 330
19 36 831
36 19 831
19 56 822
56 19 822
19 44 519
44 19 519
19 61 992
61 19 992
20 37 688
37 20 688
20 41 742
41 20 742
20 54 793
54 20 793
20 52 852
52 20 852
21 24 271
24 21 271
21 27 83
27 21 83
21 49 753
49 21 753
21 26 534
26 21 534
21 66 108
66 21 108
22 40 890
40 22 890
22 44 916
44 22 916
22 57 407
57 22 407
22 47 88
47 22 88
24 24 926
24 24 926
24 75 97
75 24 97
24 25 4
25 24 4
25 26 489
26 25 489
25 58 400
58 25 400
25 75 293
75 25 293
25 51 379
51 25 379
25 47 29
47 25 29
25 64 552
64 25 552
25 27 91
27 25 91
26 67 228
67 26 228
26 45 313
45 26 313
26 39 420
39 26 420
27 46 919
46 27 919
27 73 796
73 27 796
27 33 36
33 27 36
27 39 928
39 27 928
28 38 626
38 28 626
28 66 865
66 28 865
28 71 275
71 28 275
28 47 973
47 28 973
29 65 954
65 29 954
29 60 297
60 29 297
29 61 780
61 29 780
29 58 551
58 29 551
30 32 380
32 30 380
30 57 401
57 30 401
30 59 179
59 30 179
30 68 460
68 30 460
31 74 321
74 31 321
31 54 571
54 31 571
31 51 688
51 31 688
31 34 757
34 31 757
31 63 263
63 31 263
32 46 580
46 32 580
32 48 593
48 32 593
33 43 798
43 33 798
33 36 209
36 33 209
33 54 40
54 33 40
33 58 748
58 33 748
33 63 442
63 33 442
33 71 516
71 33 516
33 75 714
75 33 714
34 55 645
55 34 645
34 49 348
49 34 348
34 43 430
43 34 430
34 46 277
46 34 277
35 67 975
67 35 975
35 46 863
46 35 863
35 52 63
52 35 63
36 61 420
61 36 420
36 60 188
60 36 188
36 48 677
48 36 677
36 45 827
45 36 827
37 43 963
43 37 963
37 62 37
62 37 37
37 47 349
47 37 349
37 74 625
74 37 625
38 67 191
67 38 191
38 72 271
72 38 271
39 42 438
42 39 438
39 49 716
49 39 716
39 43 968
43 39 968
40 64 908
64 40 908
40 58 444
58 40 444
41 48 989
48 41 989
41 50 68
50 41 68
42 53 929
53 42 929
42 61 889
61 42 889
42 58 392
58 42 392
42 48 766
48 42 766
42 74 762
74 42 762
42 49 809
49 42 809
42 58 656
58 42 656
43 66 23
66 43 23
43 48 38
48 43 38
44 45 711
45 44 711
44 46 118
46 44 118
46 69 45
69 46 45
47 54 234
54 47 234
48 63 858
63 48 858
48 68 14
68 48 14
50 50 648
50 50 648
50 51 396
51 50 396
50 55 574
55 50 574
51 71 24
71 51 24
53 56 976
56 53 976
54 69 181
69 54 181
54 71 674
71 54 674
55 58 864
58 55 864
55 62 143
62 55 143
56 67 387
67 56 387
59 68 313
68 59 313
59 68 311
68 59 311
60 74 708
74 60 708
60 70 272
70 60 272
61 63 960
63 61 960
61 63 249
63 61 249
62 70 563
70 62 563
66 69 785
69 66 785
67 70 471
70 67 471
69 73 752
73 69 752
