37

0 1 54
1 0 54
0 2 132
2 0 132
0 3 421
3 0 421
0 9 367
9 0 367
0 18 439
18 0 439
0 32 197
32 0 197
0 10 19
10 0 19
1 5 118
5 1 118
1 11 858
11 1 858
1 28 538
28 1 538
2 13 800
13 2 800
2 36 245
36 2 245
3 4 347
4 3 347
3 16 861
16 3 861
4 10 292
10 4 292
4 26 239
26 4 239
5 6 50
6 5 50
5 7 348
7 5 348
5 15 77
15 5 77
5 21 711
21 5 711
5 33 684
33 5 684
6 8 317
8 6 317
6 12 125
12 6 125
7 22 482
22 7 482
8 16 276
16 8 276
9 30 900
30 9 900
10 12 707
12 10 707
12 17 64
17 12 64
12 19 773
19 12 773
12 29 672
29 12 672
13 14 135
14 13 135
14 33 287
33 14 287
15 31 866
31 15 866
15 28 352
28 15 352
15 24 832
24 15 832
16 20 694
20 16 694
17 19 834
19 17 834
20 23 958
23 20 958
21 25 612
25 21 612
21 31 125
31 21 125
21 28 638
28 21 638
23 24 754
24 23 754
26 27 748
27 26 748
27 35 56
35 27 56
28 30 877
30 28 877
29 32 90
32 29 90
31 34 159
34 31 159
31 32 244
32 31 244
