17

0 1 285
1 0 285
0 3 813
3 0 813
0 4 504
4 0 504
0 16 581
16 0 581
0 1 687
1 0 687
0 13 983
13 0 983
0 8 847
8 0 847
1 2 260
2 1 260
1 7 644
7 1 644
1 10 34
10 1 34
1 14 749
14 1 749
1 12 245
12 1 245
1 15 574
15 1 574
2 15 963
15 2 963
3 5 945
5 3 945
3 6 900
6 3 900
3 14 137
14 3 137
4 8 856
8 4 856
4 14 612
14 4 612
4 16 976
16 4 976
5 16 870
16 5 870
5 15 257
15 5 257
6 11 895
11 6 895
6 8 755
8 6 755
6 7 939
7 6 939
6 9 55
9 6 55
7 9 299
9 7 299
7 12 517
12 7 517
7 8 321
8 7 321
7 9 511
9 7 511
7 10 38
10 7 38
8 8 510
8 8 510
9 13 650
13 9 650
9 13 454
13 9 454
9 10 479
10 9 479
11 16 325
16 11 325
12 16 781
16 12 781
12 14 872
14 12 872
13 15 924
15 13 924
13 16 473
16 13 473
14 15 331
15 14 331
14 14 246
14 14 246
