79

0 1 367
1 0 367
0 2 126
2 0 126
0 17 749
17 0 749
0 25 337
25 0 337
0 16 197
16 0 197
0 37 746
37 0 746
0 37 82
37 0 82
0 37 188
37 0 188
0 20 374
20 0 374
0 64 196
64 0 196
0 37 487
37 0 487
0 2 708
2 0 708
0 2 135
2 0 135
0 49 74
49 0 74
1 8 465
8 1 465
1 13 302
13 1 302
1 19 435
19 1 435
1 27 765
27 1 765
1 49 661
49 1 661
1 27 777
27 1 777
1 18 436
18 1 436
1 67 552
67 1 552
1 55 939
55 1 939
1 31 12
31 1 12
1 64 484
64 1 484
1 41 820
41 1 820
1 4 957
4 1 957
1 52 551
52 1 551
1 23 420
23 1 420
1 3 422
3 1 422
1 53 444
53 1 444
1 9 238
9 1 238
1 49 713
49 1 713
1 69 139
69 1 139
1 72 577
72 1 577
1 28 710
28 1 710
1 69 154
69 1 154
1 25 678
25 1 678
2 3 43
3 2 43
2 9 441
9 2 441
2 10 61
10 2 61
2 15 775
15 2 775
2 73 417
73 2 417
2 62 290
62 2 290
2 17 153
17 2 153
2 8 612
8 2 612
2 3 695
3 2 695
2 7 266
7 2 266
2 11 348
11 2 348
2 59 490
59 2 490
2 33 557
33 2 557
2 62 418
62 2 418
2 24 277
24 2 277
2 63 926
63 2 926
2 5 576
5 2 576
2 2 888
2 2 888
2 17 206
17 2 206
2 71 608
71 2 608
3 4 258
4 3 258
3 5 415
5 3 415
3 7 167
7 3 167
3 12 760
12 3 760
3 37 633
37 3 633
3 78 511
78 3 511
3 55 407
55 3 407
3 56 326
56 3 326
3 18 801
18 3 801
3 37 811
37 3 811
3 52 807
52 3 807
3 58 665
58 3 665
3 50 129
50 3 129
3 21 920
21 3 920
3 15 60
15 3 60
3 14 990
14 3 990
3 29 344
29 3 344
3 65 269
65 3 269
3 51 213
51 3 213
3 15 576
15 3 576
4 25 680
25 4 680
4 7 17
7 4 17
4 15 865
15 4 865
4 58 387
58 4 387
4 21 858
21 4 858
4 33 275
33 4 275
4 47 412
47 4 412
4 7 233
7 4 233
4 12 746
12 4 746
4 50 160
50 4 160
4 5 397
5 4 397
5 6 625
6 5 625
5 20 723
20 5 723
5 32 673
32 5 673
5 36 723
36 5 723
5 32 584
32 5 584
5 49 849
49 5 849
5 64 273
64 5 273
5 38 892
38 5 892
5 58 711
58 5 711
5 57 175
57 5 175
5 21 339
21 5 339
6 11 126
11 6 126
6 44 655
44 6 655
6 58 778
58 6 778
6 9 999
9 6 999
6 20 395
20 6 395
6 66 244
66 6 244
6 37 559
37 6 559
6 10 558
10 6 558
6 56 379
56 6 379
6 37 562
37 6 562
6 28 353
28 6 353
6 48 343
48 6 343
6 14 680
14 6 680
6 73 828
73 6 828
7 16 876
16 7 876
7 34 701
34 7 701
7 40 736
40 7 736
7 74 813
74 7 813
7 7 960
7 7 960
7 47 776
47 7 776
7 53 650
53 7 650
7 62 180
62 7 180
7 45 423
45 7 423
8 47 770
47 8 770
8 10 541
10 8 541
8 16 886
16 8 886
8 12 962
12 8 962
8 42 363
42 8 363
8 14 448
14 8 448
8 56 916
56 8 916
8 28 508
28 8 508
8 33 224
33 8 224
8 33 210
33 8 210
8 34 212
34 8 212
9 63 404
63 9 404
9 52 90
52 9 90
9 26 640
26 9 640
9 71 569
71 9 569
9 45 733
45 9 733
9 25 231
25 9 231
9 19 759
19 9 759
9 40 732
40 9 732
9 72 757
72 9 757
9 74 797
74 9 797
9 36 690
36 9 690
9 53 730
53 9 730
9 21 685
21 9 685
9 15 841
15 9 841
9 18 991
18 9 991
9 61 39
61 9 39
9 25 484
25 9 484
9 62 916
62 9 916
9 67 303
67 9 303
10 18 889
18 10 889
10 21 656
21 10 656
10 35 293
35 10 293
10 56 241
56 10 241
10 37 389
37 10 389
10 17 844
17 10 844
10 64 803
64 10 803
10 46 952
46 10 952
10 57 946
57 10 946
10 53 727
53 10 727
10 44 682
44 10 682
10 52 471
52 10 471
10 26 154
26 10 154
11 64 261
64 11 261
11 71 140
71 11 140
11 65 242
65 11 242
11 47 654
47 11 654
11 67 893
67 11 893
11 76 572
76 11 572
11 47 999
47 11 999
11 41 994
41 11 994
11 32 665
32 11 665
11 42 783
42 11 783
12 14 223
14 12 223
12 75 639
75 12 639
12 14 935
14 12 935
12 28 770
28 12 770
12 71 509
71 12 509
12 63 47
63 12 47
12 47 967
47 12 967
12 68 101
68 12 101
12 59 770
59 12 770
12 49 194
49 12 194
12 37 718
37 12 718
13 23 571
23 13 571
13 62 290
62 13 290
13 73 380
73 13 380
13 68 914
68 13 914
13 53 238
53 13 238
13 70 590
70 13 590
13 51 176
51 13 176
13 55 908
55 13 908
13 21 127
21 13 127
13 17 60
17 13 60
13 39 691
39 13 691
14 38 362
38 14 362
14 72 712
72 14 712
14 55 494
55 14 494
14 55 911
55 14 911
14 31 700
31 14 700
14 15 132
15 14 132
14 61 986
61 14 986
14 70 92
70 14 92
15 22 237
22 15 237
15 41 43
41 15 43
15 38 96
38 15 96
15 71 883
71 15 883
15 37 928
37 15 928
15 41 899
41 15 899
15 66 854
66 15 854
15 49 50
49 15 50
15 42 445
42 15 445
15 49 77
49 15 77
15 54 10
54 15 10
15 68 595
68 15 595
15 21 745
21 15 745
16 31 617
31 16 617
16 22 978
22 16 978
16 26 136
26 16 136
16 18 801
18 16 801
16 61 169
61 16 169
16 52 928
52 16 928
16 58 106
58 16 106
16 62 52
62 16 52
16 68 378
68 16 378
16 26 32
26 16 32
16 69 406
69 16 406
16 39 197
39 16 197
16 22 343
22 16 343
16 21 787
21 16 787
16 36 752
36 16 752
17 49 693
49 17 693
17 47 591
47 17 591
17 72 532
72 17 532
17 61 116
61 17 116
17 67 877
67 17 877
17 22 840
22 17 840
17 46 613
46 17 613
18 74 521
74 18 521
18 48 142
48 18 142
18 56 36
56 18 36
18 22 890
22 18 890
18 48 866
48 18 866
18 29 830
29 18 830
18 25 620
25 18 620
18 53 445
53 18 445
18 49 437
49 18 437
18 62 198
62 18 198
18 57 352
57 18 352
18 33 980
33 18 980
18 19 389
19 18 389
19 26 307
26 19 307
19 33 12
33 19 12
19 53 715
53 19 715
19 38 3
38 19 3
19 55 580
55 19 580
19 28 991
28 19 991
19 31 750
31 19 750
19 40 371
40 19 371
19 76 373
76 19 373
19 60 174
60 19 174
19 40 672
40 19 672
19 50 430
50 19 430
19 54 354
54 19 354
19 74 749
74 19 749
20 56 374
56 20 374
20 45 185
45 20 185
20 24 111
24 20 111
20 62 680
62 20 680
20 74 941
74 20 941
20 74 936
74 20 936
20 35 130
35 20 130
20 32 81
32 20 81
20 21 145
21 20 145
20 31 731
31 20 731
20 58 131
58 20 131
20 44 645
44 20 645
20 52 971
52 20 971
20 68 901
68 20 901
20 22 446
22 20 446
21 28 95
28 21 95
21 36 353
36 21 353
21 55 330
55 21 330
21 59 487
59 21 487
21 71 810
71 21 810
21 72 698
72 21 698
21 27 266
27 21 266
21 60 289
60 21 289
21 44 393
44 21 393
21 76 506
76 21 506
21 42 120
42 21 120
21 67 386
67 21 386
21 66 621
66 21 621
21 24 61
24 21 61
22 24 201
24 22 201
22 77 237
77 22 237
22 37 37
37 22 37
22 34 37
34 22 37
22 26 910
26 22 910
23 30 254
30 23 254
23 44 323
44 23 323
23 25 270
25 23 270
23 43 89
43 23 89
23 31 106
31 23 106
23 69 718
69 23 718
23 32 181
32 23 181
23 34 406
34 23 406
23 41 982
41 23 982
23 30 839
30 23 839
23 54 563
54 23 563
23 37 800
37 23 800
24 60 613
60 24 613
24 49 976
49 24 976
24 49 406
49 24 406
24 36 5
36 24 5
24 66 32
66 24 32
24 65 973
65 24 973
25 54 745
54 25 745
25 61 433
61 25 433
25 41 684
41 25 684
25 50 602
50 25 602
25 78 331
78 25 331
25 55 183
55 25 183
25 77 804
77 25 804
25 43 92
43 25 92
25 38 432
38 25 432
25 77 641
77 25 641
25 39 340
39 25 340
25 54 1
54 25 1
25 26 60
26 25 60
26 45 454
45 26 454
26 48 212
48 26 212
26 35 964
35 26 964
26 64 797
64 26 797
26 69 879
69 26 879
26 42 752
42 26 752
26 39 317
39 26 317
26 62 993
62 26 993
26 68 381
68 26 381
26 31 684
31 26 684
27 34 159
34 27 159
27 61 669
61 27 669
27 70 401
70 27 401
27 69 227
69 27 227
27 64 469
64 27 469
27 45 425
45 27 425
27 39 784
39 27 784
27 46 550
46 27 550
27 58 378
58 27 378
28 29 383
29 28 383
28 48 240
48 28 240
28 37 104
37 28 104
28 34 316
34 28 316
28 64 397
64 28 397
28 39 627
39 28 627
28 54 852
54 28 852
28 59 696
59 28 696
28 78 333
78 28 333
28 52 826
52 28 826
28 47 783
47 28 783
28 59 859
59 28 859
28 47 811
47 28 811
29 70 976
70 29 976
29 59 845
59 29 845
29 78 497
78 29 497
29 50 919
50 29 919
29 30 911
30 29 911
30 67 22
67 30 22
30 72 442
72 30 442
30 42 769
42 30 769
30 43 365
43 30 365
30 68 991
68 30 991
30 37 414
37 30 414
30 40 936
40 30 936
31 44 159
44 31 159
31 69 47
69 31 47
31 46 648
46 31 648
31 43 326
43 31 326
31 77 586
77 31 586
31 70 181
70 31 181
31 46 547
46 31 547
31 45 916
45 31 916
31 35 821
35 31 821
31 36 94
36 31 94
31 67 727
67 31 727
31 51 74
51 31 74
31 71 431
71 31 431
32 73 264
73 32 264
32 42 447
42 32 447
32 77 711
77 32 711
32 71 993
71 32 993
32 33 597
33 32 597
32 34 800
34 32 800
32 76 225
76 32 225
32 44 71
44 32 71
33 39 507
39 33 507
33 61 526
61 33 526
33 39 825
39 33 825
33 58 974
58 33 974
33 35 12
35 33 12
33 49 473
49 33 473
33 44 727
44 33 727
33 55 540
55 33 540
33 39 471
39 33 471
33 41 88
41 33 88
34 70 863
70 34 863
34 36 533
36 34 533
34 40 528
40 34 528
34 57 376
57 34 376
34 41 634
41 34 634
34 72 919
72 34 919
34 34 392
34 34 392
34 68 88
68 34 88
35 62 757
62 35 757
35 39 399
39 35 399
35 72 497
72 35 497
35 44 891
44 35 891
35 63 888
63 35 888
35 68 516
68 35 516
35 39 133
39 35 133
35 41 901
41 35 901
36 52 520
52 36 520
36 76 513
76 36 513
36 67 334
67 36 334
36 72 691
72 36 691
36 41 75
41 36 75
36 57 592
57 36 592
36 51 77
51 36 77
36 54 946
54 36 946
36 58 326
58 36 326
37 60 416
60 37 416
37 72 310
72 37 310
37 44 995
44 37 995
37 75 238
75 37 238
37 76 92
76 37 92
38 51 404
51 38 404
38 58 747
58 38 747
38 64 183
64 38 183
38 52 640
52 38 640
38 73 589
73 38 589
38 67 659
67 38 659
38 69 113
69 38 113
38 43 702
43 38 702
38 49 880
49 38 880
39 67 403
67 39 403
39 77 554
77 39 554
39 52 940
52 39 940
39 73 944
73 39 944
39 76 658
76 39 658
39 47 467
47 39 467
39 76 411
76 39 411
39 63 419
63 39 419
39 54 161
54 39 161
39 58 929
58 39 929
40 42 690
42 40 690
40 43 130
43 40 130
40 49 147
49 40 147
40 57 615
57 40 615
40 76 701
76 40 701
40 66 305
66 40 305
40 68 146
68 40 146
40 53 206
53 40 206
41 57 541
57 41 541
41 76 517
76 41 517
41 48 569
48 41 569
41 62 563
62 41 563
41 48 233
48 41 233
41 72 133
72 41 133
42 73 52
73 42 52
42 51 945
51 42 945
42 63 331
63 42 331
42 78 528
78 42 528
42 71 453
71 42 453
42 76 250
76 42 250
42 65 252
65 42 252
42 57 150
57 42 150
43 63 617
63 43 617
43 58 248
58 43 248
43 71 734
71 43 734
43 72 748
72 43 748
43 65 628
65 43 628
43 47 338
47 43 338
44 46 840
46 44 840
44 73 730
73 44 730
44 72 977
72 44 977
44 67 22
67 44 22
44 66 767
66 44 767
44 45 294
45 44 294
44 62 879
62 44 879
44 70 846
70 44 846
45 51 865
51 45 865
45 76 104
76 45 104
45 50 604
50 45 604
45 51 139
51 45 139
45 65 831
65 45 831
45 58 365
58 45 365
45 67 299
67 45 299
45 51 848
51 45 848
45 59 140
59 45 140
45 58 441
58 45 441
46 59 716
59 46 716
46 63 606
63 46 606
47 50 205
50 47 205
47 61 20
61 47 20
47 72 176
72 47 176
47 65 32
65 47 32
47 62 696
62 47 696
47 60 196
60 47 196
48 67 46
67 48 46
48 59 637
59 48 637
48 72 377
72 48 377
48 62 896
62 48 896
48 68 717
68 48 717
48 58 436
58 48 436
48 55 323
55 48 323
48 55 307
55 48 307
48 76 791
76 48 791
48 77 388
77 48 388
48 70 418
70 48 418
48 77 915
77 48 915
48 71 597
71 48 597
48 57 847
57 48 847
48 51 688
51 48 688
49 76 368
76 49 368
49 77 878
77 49 878
49 55 384
55 49 384
49 64 629
64 49 629
49 52 917
52 49 917
49 73 456
73 49 456
50 68 181
68 50 181
50 55 282
55 50 282
50 74 998
74 50 998
50 64 280
64 50 280
50 51 713
51 50 713
51 77 87
77 51 87
51 66 671
66 51 671
52 77 28
77 52 28
52 60 559
60 52 559
52 66 219
66 52 219
52 62 918
62 52 918
53 73 845
73 53 845
53 72 174
72 53 174
54 57 650
57 54 650
54 63 79
63 54 79
54 66 758
66 54 758
55 74 447
74 55 447
55 60 216
60 55 216
56 76 391
76 56 391
56 59 220
59 56 220
56 77 751
77 56 751
56 69 221
69 56 221
56 60 462
60 56 462
56 63 884
63 56 884
57 71 634
71 57 634
57 61 228
61 57 228
57 74 447
74 57 447
57 64 211
64 57 211
57 60 263
60 57 263
59 75 726
75 59 726
59 70 792
70 59 792
60 66 612
66 60 612
60 67 655
67 60 655
60 66 788
66 60 788
61 65 881
65 61 881
61 69 357
69 61 357
61 68 989
68 61 989
61 75 524
75 61 524
61 62 927
62 61 927
62 66 274
66 62 274
62 70 807
70 62 807
62 68 981
68 62 981
62 71 388
71 62 388
62 67 965
67 62 965
63 69 560
69 63 560
63 65 768
65 63 768
63 78 763
78 63 763
63 73 395
73 63 395
64 69 864
69 64 864
64 69 624
69 64 624
65 75 27
75 65 27
65 75 279
75 65 279
65 74 657
74 65 657
65 76 857
76 65 857
67 69 991
69 67 991
67 76 98
76 67 98
67 77 138
77 67 138
67 67 768
67 67 768
68 69 359
69 68 359
69 78 428
78 69 428
70 77 845
77 70 845
70 78 552
78 70 552
72 74 535
74 72 535
72 76 272
76 72 272
74 76 577
76 74 577
75 75 194
75 75 194
