50

0 1 115
1 0 115
0 4 276
4 0 276
0 5 653
5 0 653
0 16 492
16 0 492
0 10 190
10 0 190
0 5 744
5 0 744
0 42 647
42 0 647
0 0 378
0 0 378
1 2 465
2 1 465
1 3 833
3 1 833
1 9 704
9 1 704
1 17 828
17 1 828
1 44 3
44 1 3
1 15 62
15 1 62
1 30 815
30 1 815
1 47 791
47 1 791
1 14 296
14 1 296
1 12 870
12 1 870
1 30 38
30 1 38
1 3 967
3 1 967
1 31 542
31 1 542
2 19 22
19 2 22
2 29 247
29 2 247
2 25 605
25 2 605
2 6 91
6 2 91
2 22 975
22 2 975
2 26 152
26 2 152
2 8 520
8 2 520
2 49 279
49 2 279
3 6 762
6 3 762
3 48 589
48 3 589
3 46 511
46 3 511
3 39 916
39 3 916
3 16 377
16 3 377
3 26 844
26 3 844
4 7 1000
7 4 1000
4 49 878
49 4 878
4 11 850
11 4 850
4 23 493
23 4 493
4 18 411
18 4 411
4 46 818
46 4 818
5 8 235
8 5 235
5 22 671
22 5 671
5 26 258
26 5 258
5 34 142
34 5 142
5 42 867
42 5 867
5 44 401
44 5 401
5 19 331
19 5 331
5 23 835
23 5 835
5 21 701
21 5 701
5 26 958
26 5 958
5 34 499
34 5 499
6 10 984
10 6 984
6 47 373
47 6 373
6 33 851
33 6 851
6 15 339
15 6 339
6 28 926
28 6 926
6 45 877
45 6 877
7 15 610
15 7 610
7 24 320
24 7 320
7 41 376
41 7 376
7 9 629
9 7 629
7 45 208
45 7 208
7 34 95
34 7 95
7 39 752
39 7 752
7 18 715
18 7 715
7 27 289
27 7 289
7 8 964
8 7 964
7 33 519
33 7 519
7 37 588
37 7 588
8 12 891
12 8 891
8 14 26
14 8 26
8 18 78
18 8 78
8 21 938
21 8 938
8 25 981
25 8 981
8 9 113
9 8 113
8 27 82
27 8 82
8 11 76
11 8 76
8 34 473
34 8 473
8 44 101
44 8 101
8 10 661
10 8 661
8 12 487
12 8 487
8 49 823
49 8 823
8 43 359
43 8 359
8 37 150
37 8 150
8 43 589
43 8 589
8 35 190
35 8 190
9 11 541
11 9 541
9 13 227
13 9 227
9 39 241
39 9 241
9 26 714
26 9 714
9 20 443
20 9 443
9 21 900
21 9 900
9 23 440
23 9 440
9 45 423
45 9 423
10 30 753
30 10 753
10 43 484
43 10 484
10 45 514
45 10 514
10 49 482
49 10 482
10 17 510
17 10 510
10 43 304
43 10 304
10 33 694
33 10 694
11 34 498
34 11 498
11 44 434
44 11 434
11 33 660
33 11 660
11 31 164
31 11 164
11 25 655
25 11 655
11 47 130
47 11 130
12 36 912
36 12 912
12 37 684
37 12 684
12 45 262
45 12 262
12 22 172
22 12 172
12 43 487
43 12 487
13 38 795
38 13 795
13 25 232
25 13 232
13 42 648
42 13 648
13 48 233
48 13 233
13 36 806
36 13 806
13 35 843
35 13 843
13 21 940
21 13 940
14 23 528
23 14 528
14 40 454
40 14 454
14 25 156
25 14 156
14 25 842
25 14 842
14 39 488
39 14 488
14 29 934
29 14 934
14 18 428
18 14 428
15 16 201
16 15 201
15 20 687
20 15 687
15 41 149
41 15 149
15 44 364
44 15 364
15 17 91
17 15 91
16 37 595
37 16 595
16 43 305
43 16 305
16 40 403
40 16 403
16 19 472
19 16 472
16 47 404
47 16 404
16 25 786
25 16 786
16 21 424
21 16 424
17 42 153
42 17 153
17 33 793
33 17 793
17 27 842
27 17 842
17 26 264
26 17 264
18 33 517
33 18 517
18 35 276
35 18 276
18 39 233
39 18 233
18 49 608
49 18 608
19 28 554
28 19 554
19 45 118
45 19 118
19 27 377
27 19 377
19 44 805
44 19 805
19 38 795
38 19 795
19 47 939
47 19 939
19 27 33
27 19 33
20 29 544
29 20 544
20 43 605
43 20 605
20 39 585
39 20 585
20 22 665
22 20 665
21 24 403
24 21 403
22 29 117
29 22 117
22 31 319
31 22 319
22 41 694
41 22 694
22 32 139
32 22 139
22 41 661
41 22 661
22 42 969
42 22 969
22 45 668
45 22 668
23 40 715
40 23 715
23 42 854
42 23 854
23 33 213
33 23 213
23 29 507
29 23 507
23 49 224
49 23 224
23 32 922
32 23 922
24 32 421
32 24 421
24 39 699
39 24 699
24 31 311
31 24 311
24 27 750
27 24 750
24 49 48
49 24 48
25 26 328
26 25 328
25 40 670
40 25 670
25 49 472
49 25 472
25 46 774
46 25 774
25 27 183
27 25 183
26 27 517
27 26 517
26 40 17
40 26 17
26 44 246
44 26 246
26 39 173
39 26 173
26 29 741
29 26 741
26 48 319
48 26 319
26 29 949
29 26 949
27 29 108
29 27 108
27 29 176
29 27 176
27 41 361
41 27 361
27 47 303
47 27 303
27 34 52
34 27 52
28 45 625
45 28 625
28 46 34
46 28 34
28 29 900
29 28 900
28 49 811
49 28 811
28 45 902
45 28 902
29 43 469
43 29 469
29 42 632
42 29 632
29 41 649
41 29 649
29 45 867
45 29 867
30 44 425
44 30 425
30 47 120
47 30 120
30 49 35
49 30 35
30 46 527
46 30 527
30 47 845
47 30 845
31 34 275
34 31 275
31 46 462
46 31 462
31 32 655
32 31 655
31 43 215
43 31 215
31 46 790
46 31 790
31 39 990
39 31 990
32 45 500
45 32 500
32 48 634
48 32 634
32 39 987
39 32 987
32 49 387
49 32 387
33 38 558
38 33 558
33 38 667
38 33 667
34 36 628
36 34 628
34 36 846
36 34 846
34 39 656
39 34 656
35 45 901
45 35 901
36 44 65
44 36 65
36 41 394
41 36 394
36 39 351
39 36 351
37 42 139
42 37 139
37 47 94
47 37 94
37 46 850
46 37 850
38 46 654
46 38 654
39 48 609
48 39 609
39 46 227
46 39 227
39 41 640
41 39 640
39 39 317
39 39 317
40 43 513
43 40 513
40 46 159
46 40 159
41 44 202
44 41 202
41 46 464
46 41 464
41 44 701
44 41 701
41 43 293
43 41 293
41 48 557
48 41 557
41 49 113
49 41 113
43 45 232
45 43 232
43 46 744
46 43 744
45 47 401
47 45 401
46 49 947
49 46 947
48 49 649
49 48 649
