22

0 1 991
1 0 991
0 7 170
7 0 170
0 9 181
9 0 181
0 13 986
13 0 986
1 2 877
2 1 877
1 4 729
4 1 729
1 6 855
6 1 855
1 9 486
9 1 486
1 15 196
15 1 196
1 14 400
14 1 400
2 3 375
3 2 375
2 5 402
5 2 402
2 7 695
7 2 695
3 11 843
11 3 843
4 12 585
12 4 585
4 17 686
17 4 686
4 20 394
20 4 394
4 15 866
15 4 866
5 21 526
21 5 526
5 11 588
11 5 588
5 11 811
11 5 811
6 8 933
8 6 933
6 11 324
11 6 324
6 13 529
13 6 529
6 13 748
13 6 748
6 16 916
16 6 916
7 10 906
10 7 906
7 8 708
8 7 708
7 9 883
9 7 883
7 12 383
12 7 383
8 16 514
16 8 514
8 13 61
13 8 61
9 19 718
19 9 718
9 15 588
15 9 588
10 10 450
10 10 450
10 20 201
20 10 201
12 14 82
14 12 82
12 18 464
18 12 464
12 21 139
21 12 139
12 18 640
18 12 640
14 14 946
14 14 946
15 18 259
18 15 259
17 20 25
20 17 25
19 20 858
20 19 858
19 21 4
21 19 4
