47

0 1 127
1 0 127
0 2 833
2 0 833
0 3 252
3 0 252
0 23 608
23 0 608
0 27 776
27 0 776
0 32 88
32 0 88
0 36 319
36 0 319
0 37 318
37 0 318
0 6 79
6 0 79
0 8 743
8 0 743
0 34 283
34 0 283
1 5 290
5 1 290
1 10 672
10 1 672
1 12 261
12 1 261
1 13 950
13 1 950
1 20 340
20 1 340
1 44 493
44 1 493
1 12 583
12 1 583
2 4 3
4 2 3
2 15 501
15 2 501
2 37 471
37 2 471
2 40 322
40 2 322
2 31 828
31 2 828
2 19 994
19 2 994
2 40 818
40 2 818
2 13 216
13 2 216
2 33 864
33 2 864
2 33 434
33 2 434
2 8 321
8 2 321
3 7 151
7 3 151
3 8 265
8 3 265
3 17 978
17 3 978
3 17 896
17 3 896
3 25 566
25 3 566
3 19 299
19 3 299
3 44 103
44 3 103
3 9 275
9 3 275
3 37 994
37 3 994
4 6 534
6 4 534
4 9 144
9 4 144
4 39 677
39 4 677
4 46 698
46 4 698
4 6 753
6 4 753
4 18 53
18 4 53
4 12 200
12 4 200
4 8 641
8 4 641
4 4 579
4 4 579
5 16 642
16 5 642
5 34 431
34 5 431
5 15 337
15 5 337
5 11 198
11 5 198
5 28 361
28 5 361
6 11 699
11 6 699
6 28 3
28 6 3
6 38 314
38 6 314
6 14 371
14 6 371
6 38 5
38 6 5
6 23 552
23 6 552
6 26 803
26 6 803
6 35 326
35 6 326
6 27 474
27 6 474
7 19 954
19 7 954
7 29 531
29 7 531
7 23 947
23 7 947
7 15 519
15 7 519
8 21 594
21 8 594
8 22 673
22 8 673
8 19 439
19 8 439
8 11 217
11 8 217
8 11 874
11 8 874
8 43 735
43 8 735
9 32 437
32 9 437
9 44 927
44 9 927
9 15 909
15 9 909
9 45 166
45 9 166
10 30 668
30 10 668
10 46 66
46 10 66
10 36 434
36 10 434
10 28 301
28 10 301
11 14 168
14 11 168
12 20 603
20 12 603
12 45 725
45 12 725
12 15 60
15 12 60
12 13 59
13 12 59
12 41 716
41 12 716
13 14 128
14 13 128
13 35 406
35 13 406
13 40 620
40 13 620
13 14 974
14 13 974
14 20 576
20 14 576
14 40 189
40 14 189
14 26 351
26 14 351
14 18 609
18 14 609
14 30 695
30 14 695
14 29 796
29 14 796
14 24 772
24 14 772
15 25 236
25 15 236
15 26 398
26 15 398
15 32 985
32 15 985
15 41 87
41 15 87
15 16 299
16 15 299
15 45 595
45 15 595
16 19 961
19 16 961
16 33 550
33 16 550
16 20 758
20 16 758
17 18 533
18 17 533
17 44 548
44 17 548
17 43 642
43 17 642
17 19 801
19 17 801
17 25 649
25 17 649
18 36 556
36 18 556
18 21 201
21 18 201
18 18 910
18 18 910
18 42 101
42 18 101
19 24 327
24 19 327
19 35 747
35 19 747
19 43 660
43 19 660
19 27 817
27 19 817
19 45 948
45 19 948
19 35 79
35 19 79
19 30 121
30 19 121
19 29 275
29 19 275
19 36 948
36 19 948
20 38 695
38 20 695
20 34 654
34 20 654
20 45 807
45 20 807
21 33 261
33 21 261
21 29 454
29 21 454
21 42 158
42 21 158
21 38 497
38 21 497
22 26 907
26 22 907
22 41 765
41 22 765
22 35 590
35 22 590
22 39 300
39 22 300
22 31 312
31 22 312
24 31 449
31 24 449
24 42 390
42 24 390
25 36 535
36 25 535
26 29 20
29 26 20
27 42 540
42 27 540
27 38 482
38 27 482
27 33 123
33 27 123
27 44 112
44 27 112
28 35 266
35 28 266
28 44 544
44 28 544
28 41 684
41 28 684
29 31 744
31 29 744
29 31 414
31 29 414
30 38 538
38 30 538
30 44 125
44 30 125
30 38 473
38 30 473
31 42 723
42 31 723
31 37 623
37 31 623
33 41 1
41 33 1
33 41 590
41 33 590
35 46 763
46 35 763
37 43 907
43 37 907
37 38 833
38 37 833
37 41 164
41 37 164
38 42 701
42 38 701
38 38 941
38 38 941
40 46 42
46 40 42
40 45 307
45 40 307
41 45 754
45 41 754
42 44 488
44 42 488
46 46 282
46 46 282
