83

0 1 632
1 0 632
0 19 89
19 0 89
0 66 533
66 0 533
0 58 129
58 0 129
0 45 556
45 0 556
0 69 373
69 0 373
0 50 436
50 0 436
0 47 465
47 0 465
0 71 65
71 0 65
0 32 812
32 0 812
0 82 329
82 0 329
1 2 169
2 1 169
1 4 440
4 1 440
1 7 89
7 1 89
1 37 208
37 1 208
1 41 663
41 1 663
1 75 701
75 1 701
1 25 443
25 1 443
1 77 564
77 1 564
1 5 583
5 1 583
1 27 926
27 1 926
1 41 476
41 1 476
2 3 916
3 2 916
2 5 713
5 2 713
2 8 196
8 2 196
2 22 605
22 2 605
2 48 300
48 2 300
2 80 709
80 2 709
2 31 120
31 2 120
2 79 257
79 2 257
2 82 477
82 2 477
2 57 648
57 2 648
2 68 1000
68 2 1000
2 70 600
70 2 600
2 8 895
8 2 895
2 38 282
38 2 282
2 34 434
34 2 434
2 62 589
62 2 589
3 6 550
6 3 550
3 11 561
11 3 561
3 21 140
21 3 140
3 27 518
27 3 518
3 72 988
72 3 988
3 37 572
37 3 572
3 53 774
53 3 774
3 50 991
50 3 991
3 6 446
6 3 446
3 14 530
14 3 530
3 24 57
24 3 57
3 74 149
74 3 149
4 16 903
16 4 903
4 17 90
17 4 90
4 25 940
25 4 940
4 70 777
70 4 777
4 60 686
60 4 686
4 61 918
61 4 918
4 72 104
72 4 104
4 53 487
53 4 487
4 53 858
53 4 858
5 13 458
13 5 458
5 18 958
18 5 958
5 43 479
43 5 479
5 45 867
45 5 867
5 16 20
16 5 20
5 74 427
74 5 427
5 76 629
76 5 629
5 80 645
80 5 645
5 23 444
23 5 444
5 27 657
27 5 657
5 22 932
22 5 932
5 7 77
7 5 77
5 18 461
18 5 461
5 19 674
19 5 674
5 35 209
35 5 209
5 30 894
30 5 894
5 54 452
54 5 452
5 27 61
27 5 61
5 20 842
20 5 842
6 9 140
9 6 140
6 14 720
14 6 720
6 47 605
47 6 605
6 26 412
26 6 412
6 73 793
73 6 793
6 21 712
21 6 712
6 16 973
16 6 973
6 82 120
82 6 120
6 41 890
41 6 890
7 10 345
10 7 345
7 66 195
66 7 195
7 16 1
16 7 1
7 57 433
57 7 433
7 53 1000
53 7 1000
7 31 270
31 7 270
7 12 676
12 7 676
7 51 340
51 7 340
7 74 107
74 7 107
7 67 102
67 7 102
7 44 549
44 7 549
7 61 881
61 7 881
7 69 314
69 7 314
7 35 625
35 7 625
8 13 207
13 8 207
8 37 29
37 8 29
8 62 940
62 8 940
8 46 862
46 8 862
9 12 162
12 9 162
9 30 759
30 9 759
9 49 108
49 9 108
9 79 83
79 9 83
9 51 156
51 9 156
9 63 989
63 9 989
9 60 223
60 9 223
9 9 33
9 9 33
9 36 71
36 9 71
9 73 475
73 9 475
9 75 345
75 9 345
10 23 116
23 10 116
10 32 292
32 10 292
10 40 616
40 10 616
10 35 545
35 10 545
10 27 936
27 10 936
10 66 912
66 10 912
11 15 431
15 11 431
11 24 195
24 11 195
11 31 868
31 11 868
11 45 100
45 11 100
11 39 763
39 11 763
11 34 809
34 11 809
11 22 386
22 11 386
11 70 707
70 11 707
11 81 741
81 11 741
11 14 580
14 11 580
11 41 50
41 11 50
11 44 478
44 11 478
12 14 105
14 12 105
12 26 31
26 12 31
12 29 356
29 12 356
12 38 770
38 12 770
12 78 169
78 12 169
12 49 148
49 12 148
12 36 465
36 12 465
13 23 5
23 13 5
13 57 745
57 13 745
13 73 206
73 13 206
13 24 725
24 13 725
13 17 908
17 13 908
13 42 572
42 13 572
14 76 306
76 14 306
14 72 754
72 14 754
14 41 242
41 14 242
14 69 449
69 14 449
14 52 145
52 14 145
14 15 441
15 14 441
14 20 331
20 14 331
14 70 907
70 14 907
15 76 352
76 15 352
15 23 885
23 15 885
15 75 386
75 15 386
15 74 252
74 15 252
16 25 831
25 16 831
16 42 430
42 16 430
16 55 968
55 16 968
16 65 633
65 16 633
16 62 198
62 16 198
16 50 538
50 16 538
16 37 5
37 16 5
16 17 210
17 16 210
16 45 551
45 16 551
16 62 288
62 16 288
16 66 209
66 16 209
16 59 329
59 16 329
16 29 144
29 16 144
17 20 459
20 17 459
17 71 760
71 17 760
17 71 230
71 17 230
17 34 895
34 17 895
17 61 799
61 17 799
17 30 821
30 17 821
17 60 592
60 17 592
18 75 783
75 18 783
18 32 459
32 18 459
18 62 807
62 18 807
18 18 89
18 18 89
18 27 209
27 18 209
18 20 972
20 18 972
19 44 958
44 19 958
19 53 339
53 19 339
19 72 77
72 19 77
19 71 882
71 19 882
19 73 800
73 19 800
19 64 901
64 19 901
19 39 738
39 19 738
19 69 54
69 19 54
20 72 722
72 20 722
20 68 629
68 20 629
20 54 796
54 20 796
20 39 552
39 20 552
20 79 203
79 20 203
20 72 563
72 20 563
20 44 991
44 20 991
20 36 621
36 20 621
20 32 38
32 20 38
20 28 986
28 20 986
20 79 810
79 20 810
21 21 885
21 21 885
21 58 280
58 21 280
21 33 778
33 21 778
21 65 734
65 21 734
22 64 522
64 22 522
22 75 932
75 22 932
22 38 470
38 22 470
22 76 771
76 22 771
22 48 535
48 22 535
22 25 848
25 22 848
22 33 562
33 22 562
22 42 37
42 22 37
22 40 654
40 22 654
22 57 863
57 22 863
22 77 283
77 22 283
23 44 739
44 23 739
23 32 793
32 23 793
23 42 908
42 23 908
24 34 874
34 24 874
24 79 519
79 24 519
24 27 662
27 24 662
24 51 81
51 24 81
24 48 260
48 24 260
24 39 1000
39 24 1000
25 28 692
28 25 692
25 56 402
56 25 402
25 58 157
58 25 157
25 26 497
26 25 497
25 26 396
26 25 396
25 63 80
63 25 80
26 35 388
35 26 388
26 51 66
51 26 66
26 71 38
71 26 38
26 80 446
80 26 446
26 53 647
53 26 647
26 58 835
58 26 835
26 55 702
55 26 702
27 33 211
33 27 211
27 34 217
34 27 217
27 48 952
48 27 952
27 69 847
69 27 847
27 41 108
41 27 108
27 76 22
76 27 22
27 78 413
78 27 413
27 64 383
64 27 383
27 68 428
68 27 428
27 33 201
33 27 201
28 60 771
60 28 771
28 71 763
71 28 763
28 62 864
62 28 864
28 60 115
60 28 115
28 30 480
30 28 480
28 31 194
31 28 194
29 47 209
47 29 209
29 75 146
75 29 146
29 79 149
79 29 149
29 35 753
35 29 753
29 42 76
42 29 76
29 73 443
73 29 443
29 77 732
77 29 732
29 29 423
29 29 423
30 71 815
71 30 815
30 39 900
39 30 900
30 52 438
52 30 438
30 78 89
78 30 89
31 36 60
36 31 60
31 39 551
39 31 551
31 65 119
65 31 119
31 38 219
38 31 219
31 69 383
69 31 383
31 41 588
41 31 588
32 70 680
70 32 680
32 78 246
78 32 246
32 81 838
81 32 838
32 68 939
68 32 939
32 70 726
70 32 726
32 51 673
51 32 673
32 62 932
62 32 932
32 82 148
82 32 148
32 71 154
71 32 154
32 53 782
53 32 782
32 71 13
71 32 13
32 57 408
57 32 408
33 52 337
52 33 337
33 57 569
57 33 569
33 74 218
74 33 218
33 46 430
46 33 430
33 42 767
42 33 767
33 79 740
79 33 740
33 40 713
40 33 713
34 81 217
81 34 217
35 46 825
46 35 825
35 74 619
74 35 619
35 71 765
71 35 765
35 38 59
38 35 59
35 43 314
43 35 314
35 74 370
74 35 370
35 78 461
78 35 461
35 82 65
82 35 65
35 72 92
72 35 92
37 41 93
41 37 93
37 81 452
81 37 452
37 50 267
50 37 267
37 55 612
55 37 612
37 42 557
42 37 557
38 59 134
59 38 134
38 63 800
63 38 800
38 67 601
67 38 601
38 77 699
77 38 699
38 47 456
47 38 456
38 57 75
57 38 75
38 49 796
49 38 796
38 52 998
52 38 998
38 52 101
52 38 101
39 59 587
59 39 587
39 46 229
46 39 229
39 78 939
78 39 939
40 69 445
69 40 445
40 68 661
68 40 661
40 47 465
47 40 465
41 50 964
50 41 964
41 64 852
64 41 852
41 82 111
82 41 111
42 61 383
61 42 383
42 59 772
59 42 772
42 54 659
54 42 659
42 82 622
82 42 622
43 82 468
82 43 468
43 57 613
57 43 613
43 46 682
46 43 682
43 80 862
80 43 862
43 76 542
76 43 542
44 73 358
73 44 358
44 66 717
66 44 717
45 67 587
67 45 587
45 68 952
68 45 952
45 59 209
59 45 209
45 56 342
56 45 342
45 67 301
67 45 301
46 54 816
54 46 816
46 56 863
56 46 863
46 62 80
62 46 80
46 75 439
75 46 439
46 50 509
50 46 509
46 55 35
55 46 35
46 64 918
64 46 918
47 58 530
58 47 530
47 74 867
74 47 867
47 57 884
57 47 884
47 50 874
50 47 874
47 55 308
55 47 308
47 73 450
73 47 450
48 58 860
58 48 860
48 66 809
66 48 809
48 67 72
67 48 72
49 53 988
53 49 988
49 60 536
60 49 536
49 80 575
80 49 575
49 70 33
70 49 33
49 74 469
74 49 469
49 60 600
60 49 600
50 51 764
51 50 764
50 66 905
66 50 905
50 58 709
58 50 709
50 53 638
53 50 638
51 58 336
58 51 336
52 60 211
60 52 211
52 66 896
66 52 896
52 73 164
73 52 164
52 60 579
60 52 579
52 55 467
55 52 467
52 74 106
74 52 106
53 63 378
63 53 378
53 56 802
56 53 802
55 75 153
75 55 153
55 77 838
77 55 838
55 69 215
69 55 215
55 58 471
58 55 471
55 58 183
58 55 183
56 74 770
74 56 770
56 63 260
63 56 260
57 68 853
68 57 853
57 66 223
66 57 223
57 64 186
64 57 186
57 80 797
80 57 797
58 79 462
79 58 462
58 66 88
66 58 88
58 71 548
71 58 548
59 60 676
60 59 676
61 62 383
62 61 383
62 64 179
64 62 179
62 76 869
76 62 869
63 78 118
78 63 118
63 68 551
68 63 551
63 82 3
82 63 3
63 81 296
81 63 296
64 66 290
66 64 290
64 79 296
79 64 296
64 72 505
72 64 505
64 66 902
66 64 902
65 72 86
72 65 86
65 80 413
80 65 413
65 76 246
76 65 246
66 80 301
80 66 301
66 77 660
77 66 660
66 76 879
76 66 879
67 67 17
67 67 17
68 74 111
74 68 111
69 75 875
75 69 875
70 80 938
80 70 938
71 73 792
73 71 792
72 74 939
74 72 939
72 74 444
74 72 444
72 73 520
73 72 520
73 81 237
81 73 237
75 81 291
81 75 291
75 76 380
76 75 380
76 81 708
81 76 708
77 77 624
77 77 624
79 81 180
81 79 180
79 82 784
82 79 784
80 81 409
81 80 409
81 82 214
82 81 214
