80

0 1 315
1 0 315
0 6 138
6 0 138
0 8 784
8 0 784
0 14 528
14 0 528
0 17 297
17 0 297
0 21 766
21 0 766
0 42 965
42 0 965
0 20 163
20 0 163
0 19 568
19 0 568
0 49 366
49 0 366
0 2 492
2 0 492
0 60 642
60 0 642
0 15 324
15 0 324
0 7 515
7 0 515
0 55 872
55 0 872
0 32 966
32 0 966
0 61 473
61 0 473
0 59 669
59 0 669
0 57 103
57 0 103
0 68 264
68 0 264
0 66 887
66 0 887
0 78 279
78 0 279
0 59 416
59 0 416
0 63 110
63 0 110
0 52 796
52 0 796
1 2 560
2 1 560
1 3 436
3 1 436
1 11 99
11 1 99
1 39 711
39 1 711
1 79 446
79 1 446
1 56 569
56 1 569
1 9 673
9 1 673
1 20 904
20 1 904
1 1 215
1 1 215
1 25 839
25 1 839
1 36 814
36 1 814
1 33 187
33 1 187
1 71 211
71 1 211
1 25 394
25 1 394
1 67 359
67 1 359
1 16 976
16 1 976
1 52 82
52 1 82
1 18 516
18 1 516
1 46 631
46 1 631
1 77 643
77 1 643
2 4 911
4 2 911
2 20 691
20 2 691
2 26 440
26 2 440
2 28 540
28 2 540
2 66 44
66 2 44
2 14 661
14 2 661
2 40 383
40 2 383
2 67 256
67 2 256
2 78 83
78 2 83
2 34 806
34 2 806
2 40 621
40 2 621
2 65 975
65 2 975
2 6 26
6 2 26
2 13 617
13 2 617
2 48 842
48 2 842
2 64 745
64 2 745
2 26 314
26 2 314
2 11 713
11 2 713
2 30 166
30 2 166
2 73 399
73 2 399
2 8 272
8 2 272
2 33 21
33 2 21
2 38 233
38 2 233
2 55 573
55 2 573
2 9 176
9 2 176
2 41 789
41 2 789
2 50 172
50 2 172
3 5 362
5 3 362
3 13 171
13 3 171
3 15 580
15 3 580
3 19 769
19 3 769
3 56 30
56 3 30
3 61 142
61 3 142
3 35 444
35 3 444
3 73 937
73 3 937
3 64 733
64 3 733
3 9 355
9 3 355
3 44 745
44 3 745
3 71 361
71 3 361
3 7 724
7 3 724
3 11 681
11 3 681
3 59 754
59 3 754
3 45 322
45 3 322
3 27 569
27 3 569
3 12 741
12 3 741
3 59 153
59 3 153
3 77 636
77 3 636
3 44 417
44 3 417
3 19 124
19 3 124
3 60 516
60 3 516
3 47 299
47 3 299
4 9 712
9 4 712
4 27 256
27 4 256
4 67 708
67 4 708
4 78 742
78 4 742
4 54 953
54 4 953
4 73 330
73 4 330
4 48 627
48 4 627
4 43 92
43 4 92
4 62 531
62 4 531
4 39 817
39 4 817
4 74 299
74 4 299
4 66 407
66 4 407
4 79 665
79 4 665
4 60 526
60 4 526
4 8 175
8 4 175
4 43 543
43 4 543
4 37 77
37 4 77
4 21 979
21 4 979
4 37 939
37 4 939
4 40 438
40 4 438
4 16 566
16 4 566
4 70 321
70 4 321
4 78 243
78 4 243
5 37 369
37 5 369
5 24 824
24 5 824
5 18 743
18 5 743
5 10 832
10 5 832
5 48 12
48 5 12
5 69 528
69 5 528
5 61 489
61 5 489
5 19 341
19 5 341
5 79 46
79 5 46
5 76 771
76 5 771
5 28 660
28 5 660
5 33 394
33 5 394
5 17 983
17 5 983
6 7 631
7 6 631
6 45 840
45 6 840
6 50 911
50 6 911
6 19 166
19 6 166
6 72 314
72 6 314
6 51 185
51 6 185
6 69 827
69 6 827
6 41 166
41 6 166
6 18 193
18 6 193
6 68 883
68 6 883
6 35 787
35 6 787
6 52 740
52 6 740
6 74 485
74 6 485
6 27 847
27 6 847
6 51 619
51 6 619
6 51 780
51 6 780
6 12 901
12 6 901
6 76 797
76 6 797
6 63 176
63 6 176
6 69 561
69 6 561
7 40 325
40 7 325
7 49 89
49 7 89
7 66 941
66 7 941
7 48 157
48 7 157
7 28 50
28 7 50
7 19 11
19 7 11
7 43 716
43 7 716
7 29 368
29 7 368
7 25 424
25 7 424
7 42 606
42 7 606
7 62 498
62 7 498
7 12 723
12 7 723
7 47 620
47 7 620
7 14 706
14 7 706
8 10 132
10 8 132
8 12 108
12 8 108
8 18 59
18 8 59
8 30 635
30 8 635
8 73 721
73 8 721
8 59 863
59 8 863
8 39 360
39 8 360
8 64 107
64 8 107
8 56 978
56 8 978
8 56 99
56 8 99
8 74 755
74 8 755
8 58 383
58 8 383
8 49 290
49 8 290
8 45 279
45 8 279
8 37 629
37 8 629
9 55 379
55 9 379
9 76 544
76 9 544
9 79 81
79 9 81
9 20 132
20 9 132
9 11 782
11 9 782
9 76 405
76 9 405
9 70 188
70 9 188
9 21 801
21 9 801
9 72 125
72 9 125
9 19 566
19 9 566
9 26 560
26 9 560
9 17 280
17 9 280
9 77 85
77 9 85
9 56 978
56 9 978
9 28 268
28 9 268
10 72 355
72 10 355
10 12 32
12 10 32
10 40 257
40 10 257
10 71 598
71 10 598
10 63 722
63 10 722
10 53 135
53 10 135
10 51 98
51 10 98
10 44 996
44 10 996
10 45 779
45 10 779
10 44 316
44 10 316
10 28 75
28 10 75
10 18 299
18 10 299
11 31 969
31 11 969
11 40 782
40 11 782
11 44 815
44 11 815
11 58 332
58 11 332
11 69 162
69 11 162
11 71 307
71 11 307
11 49 467
49 11 467
11 21 878
21 11 878
11 33 387
33 11 387
11 23 508
23 11 508
11 41 36
41 11 36
11 62 528
62 11 528
11 42 70
42 11 70
11 74 434
74 11 434
11 19 452
19 11 452
11 46 521
46 11 521
11 69 998
69 11 998
11 16 350
16 11 350
11 50 864
50 11 864
11 62 578
62 11 578
11 58 631
58 11 631
12 16 719
16 12 719
12 65 97
65 12 97
12 22 593
22 12 593
12 13 673
13 12 673
12 61 509
61 12 509
12 55 345
55 12 345
12 26 956
26 12 956
12 42 658
42 12 658
12 35 609
35 12 609
12 68 429
68 12 429
12 58 991
58 12 991
12 48 356
48 12 356
12 60 130
60 12 130
12 12 268
12 12 268
12 66 517
66 12 517
12 25 29
25 12 29
12 76 450
76 12 450
12 31 271
31 12 271
13 76 682
76 13 682
13 26 638
26 13 638
13 79 949
79 13 949
13 59 376
59 13 376
13 48 349
48 13 349
13 62 420
62 13 420
13 74 845
74 13 845
13 61 889
61 13 889
13 48 982
48 13 982
13 56 589
56 13 589
13 52 440
52 13 440
13 39 145
39 13 145
13 18 701
18 13 701
13 33 349
33 13 349
13 42 346
42 13 346
13 17 522
17 13 522
13 42 581
42 13 581
14 40 845
40 14 845
14 24 650
24 14 650
14 50 593
50 14 593
14 36 424
36 14 424
14 28 313
28 14 313
14 77 121
77 14 121
14 64 164
64 14 164
14 34 117
34 14 117
14 60 115
60 14 115
14 72 515
72 14 515
14 30 239
30 14 239
14 62 911
62 14 911
14 41 791
41 14 791
14 40 861
40 14 861
14 22 449
22 14 449
15 38 725
38 15 725
15 49 962
49 15 962
15 28 925
28 15 925
15 49 295
49 15 295
15 33 814
33 15 814
15 71 340
71 15 340
15 72 219
72 15 219
15 52 294
52 15 294
15 52 402
52 15 402
15 30 780
30 15 780
15 50 846
50 15 846
15 66 719
66 15 719
15 55 488
55 15 488
15 15 864
15 15 864
15 19 235
19 15 235
15 74 793
74 15 793
15 76 529
76 15 529
15 30 911
30 15 911
16 24 322
24 16 322
16 75 231
75 16 231
16 56 680
56 16 680
16 71 846
71 16 846
16 56 516
56 16 516
16 24 383
24 16 383
16 73 842
73 16 842
16 45 947
45 16 947
16 39 907
39 16 907
16 69 714
69 16 714
16 77 885
77 16 885
17 23 192
23 17 192
17 53 223
53 17 223
17 58 566
58 17 566
17 37 851
37 17 851
17 54 508
54 17 508
17 37 755
37 17 755
17 46 340
46 17 340
17 48 534
48 17 534
17 63 754
63 17 754
17 63 500
63 17 500
17 69 873
69 17 873
17 33 54
33 17 54
17 60 621
60 17 621
17 28 430
28 17 430
17 67 63
67 17 63
17 45 742
45 17 742
17 33 636
33 17 636
17 42 205
42 17 205
17 56 964
56 17 964
17 53 573
53 17 573
17 76 779
76 17 779
17 31 564
31 17 564
17 46 670
46 17 670
18 65 56
65 18 56
18 66 253
66 18 253
18 77 884
77 18 884
18 68 970
68 18 970
18 38 462
38 18 462
18 48 133
48 18 133
18 49 573
49 18 573
18 51 999
51 18 999
18 40 248
40 18 248
18 34 607
34 18 607
18 25 712
25 18 712
19 22 817
22 19 817
19 34 675
34 19 675
19 59 589
59 19 589
19 66 701
66 19 701
19 24 117
24 19 117
19 54 937
54 19 937
19 58 159
58 19 159
19 77 970
77 19 970
19 58 497
58 19 497
19 56 233
56 19 233
19 49 84
49 19 84
19 72 92
72 19 92
19 56 756
56 19 756
19 48 516
48 19 516
20 32 257
32 20 257
20 41 315
41 20 315
20 43 147
43 20 147
20 65 789
65 20 789
20 77 983
77 20 983
20 40 915
40 20 915
20 32 128
32 20 128
20 30 65
30 20 65
20 21 484
21 20 484
20 31 74
31 20 74
20 21 958
21 20 958
20 38 489
38 20 489
20 61 112
61 20 112
20 61 266
61 20 266
20 47 864
47 20 864
20 41 36
41 20 36
20 46 586
46 20 586
20 20 140
20 20 140
20 51 689
51 20 689
20 28 536
28 20 536
20 69 803
69 20 803
20 52 422
52 20 422
20 40 844
40 20 844
21 75 51
75 21 51
21 30 682
30 21 682
21 61 375
61 21 375
21 57 896
57 21 896
21 76 825
76 21 825
21 54 492
54 21 492
21 22 693
22 21 693
21 46 154
46 21 154
21 54 843
54 21 843
21 28 961
28 21 961
21 45 244
45 21 244
21 38 44
38 21 44
21 73 640
73 21 640
22 25 728
25 22 728
22 34 537
34 22 537
22 52 266
52 22 266
22 72 103
72 22 103
22 68 718
68 22 718
22 38 599
38 22 599
22 68 981
68 22 981
22 35 978
35 22 978
22 29 368
29 22 368
22 59 939
59 22 939
22 37 953
37 22 953
22 70 433
70 22 433
22 56 305
56 22 305
22 23 175
23 22 175
22 31 677
31 22 677
22 59 637
59 22 637
22 57 583
57 22 583
22 71 720
71 22 720
23 59 937
59 23 937
23 74 518
74 23 518
23 54 13
54 23 13
23 74 835
74 23 835
23 63 924
63 23 924
23 57 812
57 23 812
23 55 58
55 23 58
23 72 939
72 23 939
23 42 879
42 23 879
23 25 767
25 23 767
23 69 86
69 23 86
23 28 925
28 23 925
24 48 974
48 24 974
24 51 759
51 24 759
24 58 568
58 24 568
24 51 509
51 24 509
24 75 96
75 24 96
24 54 795
54 24 795
24 58 628
58 24 628
24 56 53
56 24 53
24 39 334
39 24 334
24 29 115
29 24 115
24 53 400
53 24 400
24 67 458
67 24 458
24 72 775
72 24 775
24 66 193
66 24 193
24 48 858
48 24 858
24 46 951
46 24 951
24 40 354
40 24 354
24 41 184
41 24 184
24 67 43
67 24 43
24 57 508
57 24 508
25 46 756
46 25 756
25 73 83
73 25 83
25 32 916
32 25 916
25 38 275
38 25 275
25 72 113
72 25 113
25 55 792
55 25 792
25 30 760
30 25 760
25 37 442
37 25 442
26 29 157
29 26 157
26 36 530
36 26 530
26 62 74
62 26 74
26 52 323
52 26 323
26 67 257
67 26 257
26 46 657
46 26 657
26 79 166
79 26 166
26 67 650
67 26 650
26 41 418
41 26 418
26 38 947
38 26 947
26 57 190
57 26 190
26 32 357
32 26 357
26 36 95
36 26 95
26 46 516
46 26 516
27 62 520
62 27 520
27 45 314
45 27 314
27 62 755
62 27 755
27 63 110
63 27 110
27 38 963
38 27 963
27 60 456
60 27 456
27 28 561
28 27 561
28 69 311
69 28 311
28 51 942
51 28 942
28 31 847
31 28 847
28 58 970
58 28 970
28 46 890
46 28 890
28 71 408
71 28 408
28 60 552
60 28 552
28 65 334
65 28 334
28 52 825
52 28 825
28 56 148
56 28 148
28 40 648
40 28 648
28 61 345
61 28 345
28 69 97
69 28 97
29 47 728
47 29 728
29 36 960
36 29 960
29 39 463
39 29 463
29 58 63
58 29 63
29 70 488
70 29 488
29 58 372
58 29 372
29 31 214
31 29 214
29 42 328
42 29 328
29 62 994
62 29 994
29 32 377
32 29 377
29 62 799
62 29 799
30 54 821
54 30 821
30 35 605
35 30 605
30 66 375
66 30 375
30 76 349
76 30 349
30 38 808
38 30 808
30 42 168
42 30 168
30 37 179
37 30 179
30 70 658
70 30 658
30 33 947
33 30 947
30 39 660
39 30 660
30 46 949
46 30 949
30 42 896
42 30 896
31 33 817
33 31 817
31 75 300
75 31 300
31 74 207
74 31 207
31 67 25
67 31 25
31 63 458
63 31 458
31 63 821
63 31 821
31 61 347
61 31 347
31 68 882
68 31 882
31 49 645
49 31 645
31 77 970
77 31 970
31 55 56
55 31 56
31 65 959
65 31 959
32 40 350
40 32 350
32 72 65
72 32 65
32 65 133
65 32 133
32 55 77
55 32 77
32 59 853
59 32 853
32 43 367
43 32 367
32 47 451
47 32 451
32 78 611
78 32 611
32 59 408
59 32 408
33 35 58
35 33 58
33 40 152
40 33 152
33 77 117
77 33 117
33 61 189
61 33 189
33 71 493
71 33 493
33 56 247
56 33 247
33 36 304
36 33 304
33 50 677
50 33 677
33 59 710
59 33 710
33 38 473
38 33 473
34 54 566
54 34 566
34 49 692
49 34 692
34 76 201
76 34 201
34 37 579
37 34 579
34 63 984
63 34 984
34 44 592
44 34 592
34 53 616
53 34 616
34 42 915
42 34 915
34 41 274
41 34 274
35 60 961
60 35 961
35 75 124
75 35 124
35 70 420
70 35 420
35 36 637
36 35 637
35 39 850
39 35 850
36 38 811
38 36 811
36 76 17
76 36 17
36 51 763
51 36 763
36 63 759
63 36 759
36 42 792
42 36 792
36 49 975
49 36 975
37 60 488
60 37 488
37 51 652
51 37 652
37 72 20
72 37 20
37 79 862
79 37 862
37 52 839
52 37 839
37 42 323
42 37 323
37 61 637
61 37 637
38 73 151
73 38 151
38 75 22
75 38 22
38 46 755
46 38 755
38 41 271
41 38 271
38 42 412
42 38 412
38 39 165
39 38 165
38 53 947
53 38 947
38 66 314
66 38 314
38 74 143
74 38 143
38 55 265
55 38 265
38 61 97
61 38 97
38 53 304
53 38 304
38 40 717
40 38 717
39 47 69
47 39 69
39 54 556
54 39 556
39 52 167
52 39 167
39 74 53
74 39 53
39 52 397
52 39 397
39 79 431
79 39 431
39 57 431
57 39 431
39 48 786
48 39 786
39 66 838
66 39 838
39 70 202
70 39 202
39 55 207
55 39 207
39 42 845
42 39 845
39 59 726
59 39 726
40 70 569
70 40 569
40 71 59
71 40 59
40 43 154
43 40 154
40 71 914
71 40 914
40 56 596
56 40 596
40 50 171
50 40 171
40 69 894
69 40 894
40 57 668
57 40 668
40 73 651
73 40 651
40 63 80
63 40 80
40 48 764
48 40 764
40 76 66
76 40 66
40 57 914
57 40 914
40 58 852
58 40 852
41 62 674
62 41 674
41 75 316
75 41 316
41 65 335
65 41 335
41 74 678
74 41 678
41 45 194
45 41 194
41 44 295
44 41 295
41 61 426
61 41 426
42 62 64
62 42 64
42 54 392
54 42 392
42 42 630
42 42 630
42 68 383
68 42 383
42 65 304
65 42 304
42 46 264
46 42 264
42 58 912
58 42 912
42 74 289
74 42 289
43 49 450
49 43 450
43 55 767
55 43 767
43 67 44
67 43 44
43 45 589
45 43 589
43 47 466
47 43 466
43 64 466
64 43 466
43 75 740
75 43 740
43 61 831
61 43 831
43 62 815
62 43 815
43 58 788
58 43 788
43 79 326
79 43 326
43 57 126
57 43 126
44 69 179
69 44 179
44 64 580
64 44 580
44 55 333
55 44 333
44 63 732
63 44 732
44 45 570
45 44 570
44 77 625
77 44 625
45 76 711
76 45 711
45 51 928
51 45 928
45 66 798
66 45 798
45 53 477
53 45 477
45 60 137
60 45 137
45 60 985
60 45 985
45 69 684
69 45 684
45 64 676
64 45 676
45 71 204
71 45 204
45 54 171
54 45 171
45 61 665
61 45 665
45 61 79
61 45 79
45 62 866
62 45 866
45 48 643
48 45 643
46 61 246
61 46 246
46 65 139
65 46 139
46 52 361
52 46 361
46 79 127
79 46 127
46 62 885
62 46 885
46 64 565
64 46 565
46 72 375
72 46 375
46 70 415
70 46 415
47 79 199
79 47 199
47 60 356
60 47 356
47 73 891
73 47 891
47 75 445
75 47 445
48 49 203
49 48 203
48 77 43
77 48 43
48 53 467
53 48 467
48 79 508
79 48 508
49 57 342
57 49 342
49 72 605
72 49 605
49 56 767
56 49 767
50 57 615
57 50 615
50 70 150
70 50 150
50 79 60
79 50 60
50 77 843
77 50 843
51 55 773
55 51 773
51 57 838
57 51 838
51 73 448
73 51 448
51 64 919
64 51 919
52 63 651
63 52 651
52 53 217
53 52 217
52 77 223
77 52 223
52 75 690
75 52 690
52 56 959
56 52 959
52 79 756
79 52 756
53 69 147
69 53 147
53 62 848
62 53 848
53 56 93
56 53 93
53 70 907
70 53 907
53 78 341
78 53 341
53 74 910
74 53 910
54 59 844
59 54 844
54 71 736
71 54 736
54 63 88
63 54 88
54 58 218
58 54 218
55 58 940
58 55 940
55 65 185
65 55 185
55 79 325
79 55 325
55 79 810
79 55 810
55 79 78
79 55 78
55 58 45
58 55 45
55 59 659
59 55 659
56 68 821
68 56 821
56 72 708
72 56 708
56 76 666
76 56 666
56 57 182
57 56 182
57 64 112
64 57 112
57 79 255
79 57 255
57 61 475
61 57 475
57 72 706
72 57 706
57 63 195
63 57 195
57 70 120
70 57 120
58 79 840
79 58 840
58 72 62
72 58 62
58 70 280
70 58 280
58 74 470
74 58 470
58 79 76
79 58 76
59 70 422
70 59 422
59 67 830
67 59 830
59 70 433
70 59 433
59 72 580
72 59 580
59 62 556
62 59 556
60 66 693
66 60 693
60 64 281
64 60 281
60 75 466
75 60 466
61 64 529
64 61 529
61 70 335
70 61 335
62 69 140
69 62 140
63 79 302
79 63 302
63 76 501
76 63 501
63 76 366
76 63 366
63 68 914
68 63 914
63 70 872
70 63 872
64 68 274
68 64 274
64 76 242
76 64 242
64 66 471
66 64 471
64 65 652
65 64 652
65 69 395
69 65 395
65 74 460
74 65 460
65 76 359
76 65 359
66 78 775
78 66 775
66 73 156
73 66 156
67 73 542
73 67 542
67 74 77
74 67 77
67 76 887
76 67 887
67 68 169
68 67 169
67 73 560
73 67 560
67 71 859
71 67 859
68 73 471
73 68 471
68 75 284
75 68 284
69 74 918
74 69 918
71 72 323
72 71 323
71 72 431
72 71 431
72 73 235
73 72 235
73 76 517
76 73 517
73 79 462
79 73 462
73 76 980
76 73 980
74 76 82
76 74 82
74 75 935
75 74 935
74 79 315
79 74 315
74 76 733
76 74 733
