100

0 1 196
1 0 196
0 58 514
58 0 514
0 20 297
20 0 297
0 56 841
56 0 841
0 71 310
71 0 310
1 2 312
2 1 312
1 23 891
23 1 891
1 35 30
35 1 30
1 49 238
49 1 238
1 50 381
50 1 381
2 3 770
3 2 770
2 4 155
4 2 155
2 7 199
7 2 199
2 12 438
12 2 438
2 21 220
21 2 220
2 31 191
31 2 191
2 99 578
99 2 578
2 50 508
50 2 508
2 67 14
67 2 14
2 36 622
36 2 622
2 84 350
84 2 350
2 79 259
79 2 259
2 65 223
65 2 223
2 27 467
27 2 467
3 5 876
5 3 876
3 8 486
8 3 486
3 10 143
10 3 143
3 11 286
11 3 286
3 18 114
18 3 114
3 93 417
93 3 417
3 14 729
14 3 729
3 49 873
49 3 873
3 29 108
29 3 108
4 29 176
29 4 176
4 93 124
93 4 124
4 89 607
89 4 607
4 7 192
7 4 192
4 17 387
17 4 387
4 38 508
38 4 508
5 6 728
6 5 728
5 16 938
16 5 938
5 17 952
17 5 952
5 19 813
19 5 813
5 20 235
20 5 235
5 25 417
25 5 417
5 61 365
61 5 365
5 63 22
63 5 22
5 62 78
62 5 78
5 99 177
99 5 177
5 51 915
51 5 915
5 15 673
15 5 673
5 64 445
64 5 445
5 20 92
20 5 92
5 73 866
73 5 866
5 84 748
84 5 748
5 66 760
66 5 760
6 13 547
13 6 547
6 26 686
26 6 686
6 85 929
85 6 929
6 12 561
12 6 561
6 43 131
43 6 131
6 76 166
76 6 166
6 64 634
64 6 634
7 9 334
9 7 334
7 51 112
51 7 112
7 95 171
95 7 171
7 12 774
12 7 774
7 90 383
90 7 383
7 85 475
85 7 475
7 35 121
35 7 121
8 14 40
14 8 40
8 65 998
65 8 998
8 69 839
69 8 839
8 83 914
83 8 914
8 60 835
60 8 835
8 20 137
20 8 137
8 10 125
10 8 125
9 60 151
60 9 151
9 34 70
34 9 70
9 91 174
91 9 174
9 14 105
14 9 105
9 62 12
62 9 12
9 41 740
41 9 740
9 74 207
74 9 207
9 20 979
20 9 979
10 15 884
15 10 884
10 39 714
39 10 714
10 39 145
39 10 145
10 86 109
86 10 109
11 24 578
24 11 578
11 71 617
71 11 617
11 25 912
25 11 912
11 36 247
36 11 247
11 98 658
98 11 658
11 45 892
45 11 892
11 35 57
35 11 57
11 77 761
77 11 761
12 77 891
77 12 891
12 99 66
99 12 66
12 86 99
86 12 99
12 65 565
65 12 565
13 86 280
86 13 280
13 53 881
53 13 881
13 43 964
43 13 964
14 77 607
77 14 607
14 64 982
64 14 982
14 40 247
40 14 247
14 95 108
95 14 108
15 42 632
42 15 632
15 49 251
49 15 251
15 57 248
57 15 248
15 82 449
82 15 449
15 25 495
25 15 495
16 82 153
82 16 153
16 28 308
28 16 308
16 40 789
40 16 789
16 91 846
91 16 846
16 77 269
77 16 269
17 22 761
22 17 761
17 68 638
68 17 638
18 88 909
88 18 909
18 26 585
26 18 585
18 88 205
88 18 205
19 46 12
46 19 12
19 72 90
72 19 90
19 87 722
87 19 722
20 33 272
33 20 272
20 36 844
36 20 844
20 40 404
40 20 404
20 87 815
87 20 815
20 48 155
48 20 155
20 89 252
89 20 252
20 47 934
47 20 934
21 40 331
40 21 331
21 64 682
64 21 682
21 85 456
85 21 456
21 25 667
25 21 667
21 63 207
63 21 207
21 74 900
74 21 900
21 92 697
92 21 697
22 98 168
98 22 168
22 97 477
97 22 477
22 26 125
26 22 125
22 59 338
59 22 338
22 94 183
94 22 183
22 25 735
25 22 735
23 47 522
47 23 522
23 53 430
53 23 430
23 97 601
97 23 601
23 78 224
78 23 224
23 25 858
25 23 858
23 66 841
66 23 841
23 59 740
59 23 740
23 31 105
31 23 105
24 76 893
76 24 893
24 78 362
78 24 362
25 27 608
27 25 608
25 30 735
30 25 735
25 54 530
54 25 530
25 57 716
57 25 716
25 99 982
99 25 982
25 40 108
40 25 108
25 79 828
79 25 828
25 45 902
45 25 902
26 34 909
34 26 909
26 28 337
28 26 337
27 28 233
28 27 233
27 38 32
38 27 32
27 64 625
64 27 625
27 46 537
46 27 537
27 76 962
76 27 962
27 67 944
67 27 944
27 77 599
77 27 599
28 32 173
32 28 173
28 58 431
58 28 431
28 96 37
96 28 37
28 92 297
92 28 297
28 78 687
78 28 687
28 62 323
62 28 323
29 49 98
49 29 98
30 75 825
75 30 825
30 36 778
36 30 778
31 84 79
84 31 79
31 93 171
93 31 171
31 63 57
63 31 57
31 51 589
51 31 589
31 42 122
42 31 122
32 37 980
37 32 980
32 50 132
50 32 132
32 87 629
87 32 629
32 90 92
90 32 92
32 97 263
97 32 263
32 48 654
48 32 654
32 36 758
36 32 758
32 36 601
36 32 601
32 63 79
63 32 79
33 45 433
45 33 433
33 86 632
86 33 632
33 80 727
80 33 727
33 47 374
47 33 374
34 56 425
56 34 425
34 42 992
42 34 992
35 52 244
52 35 244
35 67 59
67 35 59
35 42 670
42 35 670
35 63 835
63 35 835
35 51 493
51 35 493
35 54 888
54 35 888
35 46 582
46 35 582
35 43 147
43 35 147
35 42 373
42 35 373
35 50 4
50 35 4
36 88 24
88 36 24
37 55 839
55 37 839
37 71 960
71 37 960
37 47 164
47 37 164
37 51 774
51 37 774
38 41 1
41 38 1
38 88 598
88 38 598
38 63 861
63 38 861
39 70 12
70 39 12
39 55 796
55 39 796
39 70 717
70 39 717
39 60 821
60 39 821
39 77 237
77 39 237
39 53 168
53 39 168
39 83 378
83 39 378
40 44 6
44 40 6
40 77 95
77 40 95
40 67 181
67 40 181
41 48 22
48 41 22
41 53 228
53 41 228
42 43 829
43 42 829
42 48 680
48 42 680
42 62 622
62 42 622
42 89 225
89 42 225
42 61 508
61 42 508
42 46 459
46 42 459
43 48 343
48 43 343
43 65 954
65 43 954
43 73 409
73 43 409
44 68 928
68 44 928
44 61 455
61 44 455
44 57 504
57 44 504
44 60 590
60 44 590
45 80 922
80 45 922
45 45 755
45 45 755
45 91 822
91 45 822
45 64 16
64 45 16
45 72 930
72 45 930
46 74 256
74 46 256
46 90 417
90 46 417
46 71 996
71 46 996
47 66 796
66 47 796
47 79 175
79 47 175
47 92 671
92 47 671
47 99 829
99 47 829
49 59 730
59 49 730
49 79 517
79 49 517
49 66 359
66 49 359
49 80 454
80 49 454
49 56 241
56 49 241
50 71 611
71 50 611
50 83 689
83 50 689
50 92 15
92 50 15
50 62 748
62 50 748
50 58 10
58 50 10
51 70 545
70 51 545
51 58 825
58 51 825
52 89 34
89 52 34
52 80 582
80 52 582
52 58 505
58 52 505
53 90 121
90 53 121
53 59 449
59 53 449
53 77 279
77 53 279
54 62 320
62 54 320
54 67 925
67 54 925
54 96 666
96 54 666
54 59 844
59 54 844
54 91 68
91 54 68
54 84 173
84 54 173
54 94 609
94 54 609
54 97 155
97 54 155
55 80 485
80 55 485
56 61 624
61 56 624
56 60 994
60 56 994
56 73 330
73 56 330
57 65 280
65 57 280
58 92 964
92 58 964
58 61 541
61 58 541
58 64 409
64 58 409
59 86 995
86 59 995
59 71 793
71 59 793
59 83 304
83 59 304
60 88 930
88 60 930
60 60 777
60 60 777
60 70 143
70 60 143
61 69 878
69 61 878
61 78 674
78 61 674
61 95 928
95 61 928
61 91 167
91 61 167
61 91 26
91 61 26
61 90 847
90 61 847
62 92 510
92 62 510
62 69 530
69 62 530
62 84 968
84 62 968
62 63 18
63 62 18
62 80 400
80 62 400
63 66 516
66 63 516
65 90 644
90 65 644
65 98 281
98 65 281
65 66 150
66 65 150
66 97 3
97 66 3
66 77 272
77 66 272
66 91 217
91 66 217
67 91 331
91 67 331
67 98 538
98 67 538
67 73 587
73 67 587
69 82 284
82 69 284
70 76 104
76 70 104
70 77 231
77 70 231
70 71 485
71 70 485
70 98 575
98 70 575
71 76 550
76 71 550
71 72 232
72 71 232
71 97 484
97 71 484
71 81 55
81 71 55
72 73 403
73 72 403
72 83 958
83 72 958
72 82 521
82 72 521
72 97 599
97 72 599
72 85 63
85 72 63
73 75 563
75 73 563
74 83 119
83 74 119
75 76 762
76 75 762
78 79 913
79 78 913
79 79 972
79 79 972
79 83 325
83 79 325
80 81 667
81 80 667
80 90 837
90 80 837
80 88 789
88 80 789
81 93 653
93 81 653
82 96 841
96 82 841
83 96 319
96 83 319
84 86 319
86 84 319
85 93 787
93 85 787
85 91 2
91 85 2
87 94 690
94 87 690
90 99 352
99 90 352
92 96 719
96 92 719
92 95 952
95 92 952
98 99 905
99 98 905
