58

0 1 130
1 0 130
0 3 913
3 0 913
0 13 38
13 0 38
0 41 818
41 0 818
0 5 730
5 0 730
0 7 717
7 0 717
0 51 476
51 0 476
0 25 606
25 0 606
0 43 913
43 0 913
0 20 925
20 0 925
0 30 688
30 0 688
1 2 14
2 1 14
1 5 90
5 1 90
1 6 884
6 1 884
1 25 791
25 1 791
1 29 978
29 1 978
1 40 229
40 1 229
1 20 890
20 1 890
1 55 776
55 1 776
1 1 434
1 1 434
1 42 768
42 1 768
1 1 720
1 1 720
1 10 542
10 1 542
1 35 452
35 1 452
2 10 656
10 2 656
2 33 935
33 2 935
2 29 876
29 2 876
2 30 894
30 2 894
3 4 945
4 3 945
3 9 611
9 3 611
3 19 604
19 3 604
3 27 353
27 3 353
3 19 841
19 3 841
3 7 830
7 3 830
3 23 196
23 3 196
3 45 626
45 3 626
3 30 897
30 3 897
3 8 45
8 3 45
4 7 936
7 4 936
4 15 898
15 4 898
4 51 261
51 4 261
4 17 570
17 4 570
4 18 329
18 4 329
4 35 424
35 4 424
4 50 689
50 4 689
5 8 154
8 5 154
5 35 43
35 5 43
5 48 928
48 5 928
5 55 953
55 5 953
5 32 887
32 5 887
5 21 19
21 5 19
5 13 298
13 5 298
5 41 950
41 5 950
5 23 661
23 5 661
6 11 288
11 6 288
6 33 850
33 6 850
6 16 116
16 6 116
6 41 188
41 6 188
6 18 495
18 6 495
6 32 124
32 6 124
7 12 15
12 7 15
7 14 632
14 7 632
7 23 304
23 7 304
7 32 213
32 7 213
7 44 303
44 7 303
7 47 430
47 7 430
7 30 353
30 7 353
7 55 440
55 7 440
8 24 393
24 8 393
8 11 138
11 8 138
8 49 653
49 8 653
9 34 121
34 9 121
9 45 470
45 9 470
9 31 849
31 9 849
9 20 935
20 9 935
9 46 702
46 9 702
9 57 334
57 9 334
9 17 7
17 9 7
10 18 487
18 10 487
10 33 858
33 10 858
10 52 741
52 10 741
10 50 650
50 10 650
10 12 101
12 10 101
10 15 737
15 10 737
10 50 10
50 10 10
11 21 684
21 11 684
11 44 251
44 11 251
11 47 546
47 11 546
11 30 258
30 11 258
11 50 928
50 11 928
12 18 784
18 12 784
12 41 477
41 12 477
12 52 399
52 12 399
12 29 491
29 12 491
12 44 199
44 12 199
12 15 478
15 12 478
12 54 101
54 12 101
12 40 744
40 12 744
12 53 71
53 12 71
12 33 351
33 12 351
13 17 111
17 13 111
13 22 961
22 13 961
13 43 980
43 13 980
13 56 929
56 13 929
13 27 253
27 13 253
13 34 80
34 13 80
14 30 405
30 14 405
14 30 654
30 14 654
15 16 73
16 15 73
15 26 94
26 15 94
15 30 842
30 15 842
15 44 373
44 15 373
15 47 666
47 15 666
15 49 638
49 15 638
15 23 434
23 15 434
16 47 509
47 16 509
16 25 471
25 16 471
16 20 45
20 16 45
16 29 447
29 16 447
17 30 698
30 17 698
17 50 990
50 17 990
17 24 212
24 17 212
18 31 830
31 18 830
18 33 339
33 18 339
18 38 981
38 18 981
18 24 212
24 18 212
19 20 21
20 19 21
19 37 28
37 19 28
19 56 236
56 19 236
19 44 47
44 19 47
19 25 855
25 19 855
19 42 492
42 19 492
19 52 288
52 19 288
19 26 49
26 19 49
20 39 650
39 20 650
20 31 132
31 20 132
20 26 213
26 20 213
20 54 107
54 20 107
21 28 253
28 21 253
21 36 150
36 21 150
21 28 87
28 21 87
21 40 401
40 21 401
21 45 328
45 21 328
21 24 803
24 21 803
21 33 783
33 21 783
21 40 581
40 21 581
21 48 738
48 21 738
22 42 904
42 22 904
22 38 21
38 22 21
22 28 640
28 22 640
22 30 102
30 22 102
22 42 867
42 22 867
22 52 241
52 22 241
22 27 397
27 22 397
23 46 46
46 23 46
23 39 35
39 23 35
23 48 705
48 23 705
23 45 483
45 23 483
24 44 524
44 24 524
24 45 28
45 24 28
24 55 553
55 24 553
25 42 121
42 25 121
25 42 39
42 25 39
25 53 148
53 25 148
26 32 379
32 26 379
26 34 298
34 26 298
26 42 60
42 26 60
27 38 862
38 27 862
27 35 295
35 27 295
27 37 804
37 27 804
27 54 945
54 27 945
28 41 415
41 28 415
28 39 1
39 28 1
28 38 379
38 28 379
28 41 656
41 28 656
29 42 872
42 29 872
29 29 268
29 29 268
30 54 467
54 30 467
30 41 471
41 30 471
30 55 158
55 30 158
30 38 391
38 30 391
30 44 672
44 30 672
31 45 783
45 31 783
31 55 120
55 31 120
31 44 777
44 31 777
31 51 751
51 31 751
31 34 569
34 31 569
32 52 52
52 32 52
32 54 378
54 32 378
32 43 298
43 32 298
32 46 89
46 32 89
32 33 636
33 32 636
32 49 267
49 32 267
33 55 807
55 33 807
33 56 996
56 33 996
33 47 660
47 33 660
33 48 970
48 33 970
33 55 278
55 33 278
34 45 54
45 34 54
34 50 241
50 34 241
35 52 506
52 35 506
35 40 375
40 35 375
37 47 409
47 37 409
37 50 328
50 37 328
37 53 754
53 37 754
37 54 721
54 37 721
37 46 946
46 37 946
38 57 26
57 38 26
38 43 467
43 38 467
38 55 575
55 38 575
38 54 208
54 38 208
38 39 978
39 38 978
38 48 51
48 38 51
39 53 853
53 39 853
39 48 385
48 39 385
39 54 244
54 39 244
39 43 502
43 39 502
40 55 873
55 40 873
40 42 294
42 40 294
40 56 273
56 40 273
40 45 118
45 40 118
41 45 533
45 41 533
41 55 416
55 41 416
42 49 226
49 42 226
42 47 636
47 42 636
42 49 769
49 42 769
43 48 872
48 43 872
44 46 304
46 44 304
44 49 276
49 44 276
44 57 375
57 44 375
44 46 989
46 44 989
45 53 438
53 45 438
46 50 532
50 46 532
47 51 426
51 47 426
48 49 748
49 48 748
48 55 872
55 48 872
49 52 165
52 49 165
49 56 729
56 49 729
49 55 487
55 49 487
50 50 860
50 50 860
50 53 559
53 50 559
50 51 371
51 50 371
52 57 263
57 52 263
