29

0 1 680
1 0 680
0 6 997
6 0 997
0 11 260
11 0 260
0 23 932
23 0 932
0 25 267
25 0 267
1 2 280
2 1 280
1 13 218
13 1 218
1 15 914
15 1 914
2 3 452
3 2 452
2 4 317
4 2 317
2 24 937
24 2 937
3 9 623
9 3 623
4 5 718
5 4 718
4 20 177
20 4 177
5 7 423
7 5 423
5 8 494
8 5 494
5 16 232
16 5 232
5 17 106
17 5 106
5 27 757
27 5 757
7 14 305
14 7 305
8 10 137
10 8 137
8 18 631
18 8 631
8 19 125
19 8 125
8 26 784
26 8 784
10 12 156
12 10 156
11 21 597
21 11 597
14 21 929
21 14 929
15 22 837
22 15 837
23 28 537
28 23 537
