93

0 1 484
1 0 484
0 2 266
2 0 266
0 8 282
8 0 282
0 9 599
9 0 599
0 20 319
20 0 319
0 26 264
26 0 264
0 39 105
39 0 105
0 60 628
60 0 628
0 26 431
26 0 431
0 68 162
68 0 162
0 3 407
3 0 407
0 8 192
8 0 192
0 64 726
64 0 726
1 3 723
3 1 723
1 4 73
4 1 73
1 5 962
5 1 962
1 23 722
23 1 722
1 22 630
22 1 630
1 59 8
59 1 8
1 30 790
30 1 790
1 7 893
7 1 893
1 57 901
57 1 901
1 46 283
46 1 283
1 5 164
5 1 164
2 38 898
38 2 898
2 43 906
43 2 906
2 62 286
62 2 286
2 77 150
77 2 150
2 32 112
32 2 112
2 28 107
28 2 107
2 72 276
72 2 276
2 37 389
37 2 389
3 15 323
15 3 323
3 19 818
19 3 818
3 49 544
49 3 544
3 17 436
17 3 436
3 65 999
65 3 999
3 60 763
60 3 763
4 7 699
7 4 699
4 12 675
12 4 675
4 25 442
25 4 442
4 73 634
73 4 634
4 17 145
17 4 145
4 31 755
31 4 755
4 25 866
25 4 866
4 10 993
10 4 993
4 44 402
44 4 402
4 38 506
38 4 506
5 6 522
6 5 522
5 11 100
11 5 100
5 28 195
28 5 195
5 43 348
43 5 348
5 84 388
84 5 388
5 79 708
79 5 708
5 52 232
52 5 232
5 58 61
58 5 61
5 62 55
62 5 55
6 10 310
10 6 310
6 57 822
57 6 822
6 18 790
18 6 790
6 40 950
40 6 950
6 44 132
44 6 132
6 61 664
61 6 664
6 32 886
32 6 886
6 16 785
16 6 785
6 67 237
67 6 237
7 24 38
24 7 38
7 27 589
27 7 589
7 37 337
37 7 337
7 45 366
45 7 366
7 70 799
70 7 799
7 75 921
75 7 921
7 64 153
64 7 153
7 62 345
62 7 345
8 48 662
48 8 662
8 51 710
51 8 710
8 44 531
44 8 531
8 70 970
70 8 970
8 87 260
87 8 260
8 12 32
12 8 32
8 22 569
22 8 569
8 78 316
78 8 316
9 18 578
18 9 578
9 10 518
10 9 518
9 12 440
12 9 440
9 64 618
64 9 618
9 49 708
49 9 708
9 83 999
83 9 999
9 65 836
65 9 836
9 16 295
16 9 295
9 86 171
86 9 171
10 13 241
13 10 241
10 51 436
51 10 436
10 39 628
39 10 628
10 60 451
60 10 451
10 20 535
20 10 535
10 83 765
83 10 765
10 79 971
79 10 971
10 60 967
60 10 967
11 14 738
14 11 738
11 49 948
49 11 948
11 79 634
79 11 634
11 92 608
92 11 608
11 30 944
30 11 944
11 74 380
74 11 380
11 81 401
81 11 401
12 35 829
35 12 829
12 46 30
46 12 30
12 43 765
43 12 765
12 79 15
79 12 15
13 21 298
21 13 298
13 42 412
42 13 412
13 48 293
48 13 293
13 59 416
59 13 416
14 52 581
52 14 581
14 17 131
17 14 131
14 75 296
75 14 296
14 65 154
65 14 154
14 36 636
36 14 636
14 60 897
60 14 897
14 74 386
74 14 386
14 67 845
67 14 845
14 68 715
68 14 715
15 16 865
16 15 865
15 17 939
17 15 939
15 31 151
31 15 151
15 41 349
41 15 349
15 54 668
54 15 668
15 20 369
20 15 369
15 28 636
28 15 636
15 54 257
54 15 257
15 40 766
40 15 766
15 73 141
73 15 141
15 67 476
67 15 476
16 91 812
91 16 812
16 31 951
31 16 951
17 36 412
36 17 412
17 80 624
80 17 624
17 35 110
35 17 110
17 52 478
52 17 478
17 65 512
65 17 512
17 18 274
18 17 274
17 75 306
75 17 306
17 84 271
84 17 271
17 31 630
31 17 630
17 73 457
73 17 457
18 28 320
28 18 320
18 47 330
47 18 330
18 50 315
50 18 315
18 51 423
51 18 423
18 31 786
31 18 786
18 85 127
85 18 127
18 63 434
63 18 434
18 45 527
45 18 527
18 59 904
59 18 904
18 82 284
82 18 284
19 32 471
32 19 471
19 65 158
65 19 158
19 54 960
54 19 960
19 70 404
70 19 404
19 74 567
74 19 567
20 30 96
30 20 96
20 84 742
84 20 742
21 22 454
22 21 454
21 55 88
55 21 88
21 27 278
27 21 278
21 49 843
49 21 843
21 39 519
39 21 519
22 29 552
29 22 552
22 34 669
34 22 669
22 86 59
86 22 59
22 46 174
46 22 174
22 29 48
29 22 48
22 90 280
90 22 280
22 47 548
47 22 548
23 91 945
91 23 945
23 92 518
92 23 518
23 25 764
25 23 764
23 41 291
41 23 291
24 33 548
33 24 548
24 56 565
56 24 565
24 67 253
67 24 253
24 65 849
65 24 849
24 55 902
55 24 902
24 44 13
44 24 13
24 79 553
79 24 553
25 65 363
65 25 363
25 52 718
52 25 718
25 35 688
35 25 688
25 40 531
40 25 531
25 83 654
83 25 654
26 65 784
65 26 784
26 90 388
90 26 388
26 66 184
66 26 184
26 32 850
32 26 850
27 89 829
89 27 829
27 85 636
85 27 636
27 90 27
90 27 27
27 61 88
61 27 88
28 46 696
46 28 696
28 31 61
31 28 61
29 81 632
81 29 632
29 40 888
40 29 888
29 36 205
36 29 205
30 76 75
76 30 75
30 39 25
39 30 25
30 31 182
31 30 182
31 57 124
57 31 124
31 64 209
64 31 209
31 89 790
89 31 790
31 56 444
56 31 444
32 58 38
58 32 38
33 64 628
64 33 628
33 84 38
84 33 38
34 57 834
57 34 834
35 40 955
40 35 955
35 44 358
44 35 358
35 72 293
72 35 293
35 74 786
74 35 786
35 49 734
49 35 734
36 55 754
55 36 754
36 53 986
53 36 986
36 79 729
79 36 729
36 83 491
83 36 491
37 61 289
61 37 289
37 83 98
83 37 98
37 43 188
43 37 188
37 68 562
68 37 562
37 60 306
60 37 306
38 78 945
78 38 945
38 70 634
70 38 634
39 54 940
54 39 940
39 54 133
54 39 133
39 79 780
79 39 780
40 66 548
66 40 548
40 83 783
83 40 783
40 66 672
66 40 672
41 71 96
71 41 96
41 73 593
73 41 593
41 81 590
81 41 590
41 46 195
46 41 195
41 53 788
53 41 788
42 74 660
74 42 660
42 90 762
90 42 762
42 51 334
51 42 334
43 69 323
69 43 323
43 86 752
86 43 752
43 52 874
52 43 874
43 51 461
51 43 461
43 67 93
67 43 93
44 53 959
53 44 959
44 69 667
69 44 667
44 71 445
71 44 445
45 59 231
59 45 231
45 74 533
74 45 533
45 66 85
66 45 85
45 80 601
80 45 601
46 68 895
68 46 895
46 52 603
52 46 603
46 68 573
68 46 573
47 88 706
88 47 706
48 85 314
85 48 314
48 55 658
55 48 658
48 72 493
72 48 493
49 82 943
82 49 943
49 88 689
88 49 689
49 76 551
76 49 551
49 73 368
73 49 368
49 54 453
54 49 453
50 87 186
87 50 186
50 62 955
62 50 955
51 63 48
63 51 48
52 76 722
76 52 722
53 77 501
77 53 501
53 80 441
80 53 441
54 68 545
68 54 545
54 59 275
59 54 275
54 89 50
89 54 50
54 75 116
75 54 116
55 65 623
65 55 623
56 60 147
60 56 147
57 78 535
78 57 535
58 70 529
70 58 529
58 77 828
77 58 828
58 87 835
87 58 835
59 64 769
64 59 769
60 72 973
72 60 973
60 64 520
64 60 520
61 68 580
68 61 580
62 71 57
71 62 57
62 67 397
67 62 397
62 86 322
86 62 322
62 90 14
90 62 14
63 91 581
91 63 581
63 90 892
90 63 892
64 78 302
78 64 302
64 72 156
72 64 156
65 70 438
70 65 438
65 84 769
84 65 769
66 79 194
79 66 194
67 68 248
68 67 248
68 79 746
79 68 746
68 88 87
88 68 87
68 82 549
82 68 549
70 86 875
86 70 875
71 75 182
75 71 182
71 79 529
79 71 529
71 79 191
79 71 191
72 86 211
86 72 211
74 87 350
87 74 350
74 89 288
89 74 288
76 79 406
79 76 406
76 78 1000
78 76 1000
76 89 939
89 76 939
77 88 742
88 77 742
77 78 830
78 77 830
81 82 744
82 81 744
84 87 450
87 84 450
85 88 719
88 85 719
86 88 200
88 86 200
90 91 634
91 90 634
91 92 792
92 91 792
