59

0 1 160
1 0 160
0 2 771
2 0 771
0 6 839
6 0 839
0 13 51
13 0 51
0 23 668
23 0 668
0 33 402
33 0 402
0 13 79
13 0 79
0 43 73
43 0 73
0 23 919
23 0 919
0 20 607
20 0 607
0 11 224
11 0 224
0 30 88
30 0 88
0 23 602
23 0 602
0 10 314
10 0 314
0 48 881
48 0 881
0 45 992
45 0 992
1 3 600
3 1 600
1 5 283
5 1 283
1 11 241
11 1 241
1 16 745
16 1 745
1 18 649
18 1 649
1 32 226
32 1 226
1 48 65
48 1 65
1 37 197
37 1 197
1 2 505
2 1 505
1 19 110
19 1 110
1 12 435
12 1 435
2 4 777
4 2 777
2 25 23
25 2 23
2 41 426
41 2 426
2 36 973
36 2 973
2 10 428
10 2 428
2 30 378
30 2 378
3 7 876
7 3 876
3 24 873
24 3 873
3 35 113
35 3 113
3 58 154
58 3 154
3 6 965
6 3 965
3 47 227
47 3 227
3 5 868
5 3 868
3 14 910
14 3 910
3 55 428
55 3 428
3 36 95
36 3 95
3 54 154
54 3 154
3 33 315
33 3 315
4 35 516
35 4 516
4 18 226
18 4 226
4 11 507
11 4 507
4 26 408
26 4 408
4 25 461
25 4 461
4 44 809
44 4 809
4 16 23
16 4 23
4 32 103
32 4 103
4 34 930
34 4 930
5 14 340
14 5 340
5 18 324
18 5 324
5 6 724
6 5 724
5 57 631
57 5 631
5 12 409
12 5 409
5 24 939
24 5 939
5 19 168
19 5 168
5 56 753
56 5 753
5 52 714
52 5 714
6 8 186
8 6 186
6 9 134
9 6 134
6 19 307
19 6 307
6 22 977
22 6 977
6 34 919
34 6 919
6 34 577
34 6 577
6 23 133
23 6 133
6 58 26
58 6 26
6 55 758
55 6 758
6 23 415
23 6 415
7 45 371
45 7 371
7 55 221
55 7 221
7 57 667
57 7 667
7 49 338
49 7 338
7 31 814
31 7 814
7 17 142
17 7 142
7 48 726
48 7 726
7 38 441
38 7 441
7 54 121
54 7 121
7 47 101
47 7 101
8 10 848
10 8 848
8 50 568
50 8 568
8 52 86
52 8 86
8 54 137
54 8 137
8 9 496
9 8 496
8 11 936
11 8 936
9 37 908
37 9 908
9 42 395
42 9 395
9 33 381
33 9 381
9 20 980
20 9 980
9 31 154
31 9 154
9 54 33
54 9 33
9 42 558
42 9 558
9 30 18
30 9 18
9 15 925
15 9 925
9 41 921
41 9 921
10 53 302
53 10 302
10 40 826
40 10 826
10 51 904
51 10 904
10 35 928
35 10 928
10 20 998
20 10 998
10 35 427
35 10 427
11 12 871
12 11 871
11 15 913
15 11 913
11 30 459
30 11 459
11 22 489
22 11 489
11 47 108
47 11 108
11 30 908
30 11 908
11 54 658
54 11 658
12 17 239
17 12 239
12 45 938
45 12 938
12 43 898
43 12 898
12 52 440
52 12 440
12 17 398
17 12 398
12 49 652
49 12 652
12 22 328
22 12 328
12 51 739
51 12 739
12 20 286
20 12 286
12 33 431
33 12 431
12 33 758
33 12 758
13 21 88
21 13 88
13 57 40
57 13 40
13 28 318
28 13 318
13 41 820
41 13 820
13 33 262
33 13 262
14 20 941
20 14 941
14 36 597
36 14 597
14 31 562
31 14 562
14 39 258
39 14 258
14 15 401
15 14 401
14 22 702
22 14 702
14 47 874
47 14 874
14 34 937
34 14 937
15 42 673
42 15 673
15 20 443
20 15 443
15 24 212
24 15 212
15 48 826
48 15 826
15 45 63
45 15 63
15 30 373
30 15 373
15 50 529
50 15 529
15 36 989
36 15 989
16 26 734
26 16 734
16 27 497
27 16 497
16 26 517
26 16 517
16 42 860
42 16 860
16 38 592
38 16 592
16 39 511
39 16 511
17 43 966
43 17 966
17 34 925
34 17 925
17 27 97
27 17 97
17 56 510
56 17 510
18 35 946
35 18 946
18 46 122
46 18 122
18 38 482
38 18 482
18 37 751
37 18 751
18 25 747
25 18 747
18 50 333
50 18 333
19 53 161
53 19 161
19 58 64
58 19 64
19 58 382
58 19 382
19 28 469
28 19 469
19 23 235
23 19 235
20 28 729
28 20 729
20 21 790
21 20 790
20 44 251
44 20 251
20 48 247
48 20 247
21 31 873
31 21 873
21 53 352
53 21 352
21 22 437
22 21 437
21 22 914
22 21 914
21 51 729
51 21 729
21 48 339
48 21 339
21 55 867
55 21 867
22 38 787
38 22 787
22 56 836
56 22 836
22 31 879
31 22 879
22 54 80
54 22 80
23 40 737
40 23 737
23 33 497
33 23 497
23 25 384
25 23 384
23 52 111
52 23 111
23 56 167
56 23 167
23 49 296
49 23 296
23 45 762
45 23 762
24 47 981
47 24 981
24 30 869
30 24 869
24 29 226
29 24 226
24 30 990
30 24 990
24 35 926
35 24 926
24 39 513
39 24 513
24 53 506
53 24 506
24 29 579
29 24 579
25 43 170
43 25 170
25 29 781
29 25 781
25 57 328
57 25 328
25 38 227
38 25 227
26 29 8
29 26 8
26 39 746
39 26 746
26 37 636
37 26 636
26 44 350
44 26 350
27 51 762
51 27 762
27 56 246
56 27 246
28 39 573
39 28 573
28 36 500
36 28 500
28 37 459
37 28 459
28 49 356
49 28 356
28 52 145
52 28 145
29 41 483
41 29 483
29 46 445
46 29 445
29 55 157
55 29 157
30 43 871
43 30 871
30 36 301
36 30 301
30 47 209
47 30 209
30 57 154
57 30 154
30 41 439
41 30 439
30 33 647
33 30 647
30 49 272
49 30 272
30 31 772
31 30 772
31 35 259
35 31 259
31 46 537
46 31 537
31 35 979
35 31 979
32 58 218
58 32 218
32 43 10
43 32 10
32 55 724
55 32 724
32 35 494
35 32 494
32 52 826
52 32 826
33 34 708
34 33 708
34 41 597
41 34 597
35 48 824
48 35 824
35 39 600
39 35 600
35 36 132
36 35 132
36 42 284
42 36 284
36 48 846
48 36 846
36 58 536
58 36 536
37 42 677
42 37 677
37 47 776
47 37 776
37 47 241
47 37 241
37 40 953
40 37 953
38 46 960
46 38 960
38 49 779
49 38 779
38 41 16
41 38 16
39 44 850
44 39 850
39 52 672
52 39 672
39 52 369
52 39 369
39 51 870
51 39 870
39 57 924
57 39 924
40 40 857
40 40 857
40 51 393
51 40 393
41 42 646
42 41 646
41 56 371
56 41 371
42 44 672
44 42 672
42 46 800
46 42 800
43 58 920
58 43 920
44 45 34
45 44 34
44 45 333
45 44 333
44 58 872
58 44 872
45 50 304
50 45 304
45 51 851
51 45 851
46 57 765
57 46 765
47 49 485
49 47 485
48 55 586
55 48 586
48 51 931
51 48 931
48 55 14
55 48 14
48 50 248
50 48 248
49 56 918
56 49 918
49 54 598
54 49 598
51 54 773
54 51 773
52 56 641
56 52 641
54 57 403
57 54 403
55 56 808
56 55 808
55 58 486
58 55 486
