87

0 1 125
1 0 125
0 3 823
3 0 823
0 54 204
54 0 204
0 60 494
60 0 494
0 80 782
80 0 782
0 86 278
86 0 278
0 48 261
48 0 261
0 83 868
83 0 868
0 69 539
69 0 539
0 50 199
50 0 199
0 86 73
86 0 73
0 8 869
8 0 869
0 19 390
19 0 390
0 40 109
40 0 109
0 46 114
46 0 114
0 66 305
66 0 305
0 16 403
16 0 403
0 38 232
38 0 232
0 61 431
61 0 431
0 51 295
51 0 295
0 73 154
73 0 154
0 51 45
51 0 45
0 43 215
43 0 215
0 59 663
59 0 663
1 2 253
2 1 253
1 7 235
7 1 235
1 50 943
50 1 943
1 25 966
25 1 966
1 75 966
75 1 966
1 16 742
16 1 742
1 50 915
50 1 915
1 83 807
83 1 807
1 83 393
83 1 393
1 37 38
37 1 38
1 18 831
18 1 831
1 70 173
70 1 173
1 78 352
78 1 352
1 32 442
32 1 442
2 13 47
13 2 47
2 34 529
34 2 529
2 59 950
59 2 950
2 46 518
46 2 518
2 10 110
10 2 110
2 38 170
38 2 170
2 50 32
50 2 32
2 69 896
69 2 896
2 67 189
67 2 189
2 76 499
76 2 499
2 7 208
7 2 208
2 78 735
78 2 735
2 25 629
25 2 629
2 72 906
72 2 906
2 51 729
51 2 729
2 52 16
52 2 16
2 5 546
5 2 546
3 4 477
4 3 477
3 5 101
5 3 101
3 6 958
6 3 958
3 9 242
9 3 242
3 18 188
18 3 188
3 26 362
26 3 362
3 33 664
33 3 664
3 78 839
78 3 839
3 72 843
72 3 843
3 49 801
49 3 801
3 51 221
51 3 221
3 81 257
81 3 257
3 71 512
71 3 512
3 20 188
20 3 188
3 41 939
41 3 939
3 9 398
9 3 398
4 19 419
19 4 419
4 20 815
20 4 815
4 49 700
49 4 700
4 77 574
77 4 574
4 70 1000
70 4 1000
4 85 463
85 4 463
4 46 524
46 4 524
4 62 708
62 4 708
4 10 227
10 4 227
4 61 641
61 4 641
4 58 127
58 4 127
4 54 685
54 4 685
4 52 206
52 4 206
4 67 59
67 4 59
4 67 772
67 4 772
4 53 963
53 4 963
4 45 985
45 4 985
4 78 486
78 4 486
4 47 418
47 4 418
4 33 117
33 4 117
4 85 900
85 4 900
4 69 397
69 4 397
4 9 351
9 4 351
4 73 371
73 4 371
4 64 984
64 4 984
5 10 429
10 5 429
5 16 906
16 5 906
5 35 241
35 5 241
5 72 83
72 5 83
5 80 866
80 5 866
5 54 916
54 5 916
5 50 766
50 5 766
5 74 746
74 5 746
5 22 442
22 5 442
5 8 643
8 5 643
5 77 178
77 5 178
5 85 943
85 5 943
5 8 497
8 5 497
5 9 775
9 5 775
5 60 657
60 5 657
5 5 225
5 5 225
5 35 163
35 5 163
6 22 183
22 6 183
6 75 276
75 6 276
6 86 70
86 6 70
6 67 57
67 6 57
6 24 551
24 6 551
6 39 425
39 6 425
6 50 239
50 6 239
6 45 997
45 6 997
6 11 661
11 6 661
6 66 441
66 6 441
6 55 570
55 6 570
6 66 618
66 6 618
6 83 72
83 6 72
6 82 886
82 6 886
6 9 637
9 6 637
7 8 320
8 7 320
7 47 950
47 7 950
7 63 524
63 7 524
7 37 957
37 7 957
7 75 554
75 7 554
7 61 182
61 7 182
7 27 211
27 7 211
7 78 36
78 7 36
7 37 884
37 7 884
7 29 21
29 7 21
8 15 131
15 8 131
8 46 893
46 8 893
8 56 243
56 8 243
8 20 491
20 8 491
8 64 860
64 8 860
8 73 314
73 8 314
8 42 502
42 8 502
8 17 908
17 8 908
8 34 612
34 8 612
8 52 653
52 8 653
8 18 589
18 8 589
8 80 924
80 8 924
8 66 732
66 8 732
8 22 529
22 8 529
8 25 889
25 8 889
8 65 70
65 8 70
8 83 135
83 8 135
9 11 758
11 9 758
9 12 472
12 9 472
9 43 810
43 9 810
9 74 932
74 9 932
9 86 303
86 9 303
9 84 996
84 9 996
9 16 771
16 9 771
9 81 307
81 9 307
9 19 865
19 9 865
9 63 248
63 9 248
9 69 569
69 9 569
9 12 705
12 9 705
9 77 491
77 9 491
9 44 127
44 9 127
9 49 555
49 9 555
9 26 56
26 9 56
9 66 288
66 9 288
10 26 791
26 10 791
10 42 119
42 10 119
10 23 431
23 10 431
10 68 249
68 10 249
10 56 657
56 10 657
10 54 565
54 10 565
10 82 918
82 10 918
10 49 283
49 10 283
10 80 540
80 10 540
10 86 457
86 10 457
10 42 181
42 10 181
10 63 511
63 10 511
10 62 513
62 10 513
10 58 325
58 10 325
11 25 744
25 11 744
11 72 438
72 11 438
11 72 987
72 11 987
11 15 273
15 11 273
11 13 883
13 11 883
11 32 462
32 11 462
11 25 530
25 11 530
11 39 72
39 11 72
11 40 458
40 11 458
11 45 561
45 11 561
11 42 547
42 11 547
11 73 334
73 11 334
11 19 476
19 11 476
11 46 705
46 11 705
11 19 398
19 11 398
11 78 503
78 11 503
11 29 303
29 11 303
12 23 651
23 12 651
12 24 956
24 12 956
12 33 928
33 12 928
12 66 179
66 12 179
12 42 648
42 12 648
12 33 335
33 12 335
12 69 279
69 12 279
12 83 854
83 12 854
12 16 978
16 12 978
12 20 39
20 12 39
12 70 119
70 12 119
12 57 648
57 12 648
12 27 28
27 12 28
12 66 785
66 12 785
12 22 875
22 12 875
12 54 661
54 12 661
12 13 256
13 12 256
12 75 665
75 12 665
12 41 623
41 12 623
12 74 702
74 12 702
13 14 43
14 13 43
13 17 384
17 13 384
13 83 979
83 13 979
13 74 9
74 13 9
13 45 535
45 13 535
13 56 446
56 13 446
13 65 959
65 13 959
13 72 607
72 13 607
13 60 243
60 13 243
13 17 280
17 13 280
13 30 419
30 13 419
13 79 598
79 13 598
13 19 926
19 13 926
13 42 193
42 13 193
13 22 328
22 13 328
13 86 795
86 13 795
13 21 409
21 13 409
14 31 698
31 14 698
14 20 259
20 14 259
14 41 18
41 14 18
14 24 987
24 14 987
14 49 363
49 14 363
14 72 115
72 14 115
14 44 71
44 14 71
14 17 165
17 14 165
14 26 91
26 14 91
14 42 7
42 14 7
14 29 665
29 14 665
14 49 519
49 14 519
14 24 338
24 14 338
14 30 200
30 14 200
14 55 67
55 14 67
14 63 573
63 14 573
14 39 87
39 14 87
14 37 420
37 14 420
14 34 404
34 14 404
15 35 584
35 15 584
15 64 798
64 15 798
15 29 447
29 15 447
15 52 339
52 15 339
15 68 94
68 15 94
15 54 265
54 15 265
15 74 158
74 15 158
15 76 550
76 15 550
15 71 190
71 15 190
15 70 251
70 15 251
15 77 413
77 15 413
15 72 763
72 15 763
16 27 647
27 16 647
16 44 253
44 16 253
16 85 182
85 16 182
16 32 912
32 16 912
16 53 212
53 16 212
16 33 617
33 16 617
16 51 966
51 16 966
16 65 909
65 16 909
16 58 417
58 16 417
16 19 658
19 16 658
16 37 32
37 16 32
17 28 849
28 17 849
17 29 170
29 17 170
17 36 409
36 17 409
17 77 52
77 17 52
17 28 310
28 17 310
17 85 734
85 17 734
17 71 287
71 17 287
17 67 685
67 17 685
17 19 185
19 17 185
17 48 684
48 17 684
18 65 718
65 18 718
18 72 40
72 18 40
18 59 884
59 18 884
18 49 183
49 18 183
18 43 134
43 18 134
18 26 598
26 18 598
18 35 382
35 18 382
18 68 987
68 18 987
18 33 776
33 18 776
18 37 528
37 18 528
18 78 317
78 18 317
18 39 270
39 18 270
18 78 23
78 18 23
18 84 286
84 18 286
18 66 860
66 18 860
19 34 808
34 19 808
19 31 111
31 19 111
19 73 632
73 19 632
19 41 356
41 19 356
19 51 38
51 19 38
19 79 321
79 19 321
19 76 342
76 19 342
19 33 235
33 19 235
19 52 338
52 19 338
19 49 307
49 19 307
19 67 19
67 19 19
19 35 822
35 19 822
19 53 793
53 19 793
19 49 159
49 19 159
19 36 214
36 19 214
20 21 441
21 20 441
20 53 430
53 20 430
20 56 268
56 20 268
20 62 539
62 20 539
20 33 453
33 20 453
20 76 425
76 20 425
20 51 855
51 20 855
20 34 324
34 20 324
20 76 652
76 20 652
20 54 825
54 20 825
20 35 517
35 20 517
20 54 904
54 20 904
20 85 886
85 20 886
20 67 189
67 20 189
20 27 550
27 20 550
20 31 114
31 20 114
20 48 500
48 20 500
20 39 124
39 20 124
20 50 459
50 20 459
20 26 720
26 20 720
20 29 460
29 20 460
20 72 257
72 20 257
20 34 648
34 20 648
21 30 30
30 21 30
21 43 503
43 21 503
21 55 211
55 21 211
21 39 160
39 21 160
21 58 561
58 21 561
21 35 874
35 21 874
21 79 848
79 21 848
21 43 510
43 21 510
21 48 714
48 21 714
21 53 369
53 21 369
21 83 520
83 21 520
21 50 843
50 21 843
21 78 314
78 21 314
21 25 276
25 21 276
22 41 829
41 22 829
22 47 946
47 22 946
22 31 742
31 22 742
22 61 518
61 22 518
22 46 516
46 22 516
22 86 214
86 22 214
22 76 476
76 22 476
22 66 463
66 22 463
22 39 119
39 22 119
22 70 79
70 22 79
22 64 761
64 22 761
22 81 897
81 22 897
22 59 150
59 22 150
23 32 128
32 23 128
23 70 482
70 23 482
23 83 226
83 23 226
23 65 836
65 23 836
23 66 114
66 23 114
23 43 314
43 23 314
23 38 930
38 23 930
23 27 361
27 23 361
23 61 507
61 23 507
23 58 838
58 23 838
23 23 127
23 23 127
23 47 151
47 23 151
23 34 222
34 23 222
23 41 823
41 23 823
23 63 19
63 23 19
23 52 934
52 23 934
23 67 194
67 23 194
23 61 614
61 23 614
24 54 100
54 24 100
24 47 216
47 24 216
24 58 903
58 24 903
24 52 4
52 24 4
24 67 309
67 24 309
24 53 706
53 24 706
24 68 915
68 24 915
24 58 573
58 24 573
24 49 694
49 24 694
24 69 762
69 24 762
24 44 901
44 24 901
24 75 764
75 24 764
24 27 189
27 24 189
24 25 886
25 24 886
25 79 515
79 25 515
25 85 921
85 25 921
25 82 372
82 25 372
25 55 979
55 25 979
25 61 759
61 25 759
25 61 492
61 25 492
25 59 565
59 25 565
25 75 670
75 25 670
25 64 886
64 25 886
25 50 503
50 25 503
25 66 953
66 25 953
25 44 352
44 25 352
25 26 902
26 25 902
25 70 886
70 25 886
25 60 421
60 25 421
25 40 462
40 25 462
25 57 932
57 25 932
25 71 905
71 25 905
25 26 40
26 25 40
26 37 845
37 26 845
26 50 650
50 26 650
26 58 320
58 26 320
26 60 42
60 26 42
26 32 967
32 26 967
26 82 355
82 26 355
26 50 764
50 26 764
26 45 263
45 26 263
26 47 339
47 26 339
26 47 135
47 26 135
26 55 795
55 26 795
26 65 745
65 26 745
26 37 302
37 26 302
27 38 55
38 27 55
27 84 867
84 27 867
27 33 81
33 27 81
27 75 16
75 27 16
27 84 681
84 27 681
27 82 325
82 27 325
27 33 678
33 27 678
27 47 740
47 27 740
27 83 170
83 27 170
27 48 227
48 27 227
27 82 436
82 27 436
27 42 561
42 27 561
27 43 829
43 27 829
28 67 107
67 28 107
28 70 236
70 28 236
28 77 123
77 28 123
28 32 399
32 28 399
28 30 437
30 28 437
28 35 147
35 28 147
28 53 816
53 28 816
28 83 859
83 28 859
28 62 827
62 28 827
28 32 849
32 28 849
28 29 233
29 28 233
28 58 62
58 28 62
28 55 767
55 28 767
28 34 639
34 28 639
28 78 860
78 28 860
29 58 540
58 29 540
29 44 410
44 29 410
29 50 720
50 29 720
29 38 211
38 29 211
29 35 581
35 29 581
29 74 60
74 29 60
29 85 855
85 29 855
29 74 41
74 29 41
29 40 868
40 29 868
30 65 795
65 30 795
30 37 567
37 30 567
30 44 2
44 30 2
30 50 37
50 30 37
30 54 932
54 30 932
30 66 306
66 30 306
31 39 324
39 31 324
31 40 27
40 31 27
31 69 394
69 31 394
31 67 604
67 31 604
31 63 530
63 31 530
31 63 885
63 31 885
31 38 498
38 31 498
31 84 439
84 31 439
31 51 930
51 31 930
31 79 178
79 31 178
32 52 71
52 32 71
32 80 360
80 32 360
32 40 617
40 32 617
32 66 556
66 32 556
32 81 849
81 32 849
32 45 177
45 32 177
32 83 97
83 32 97
32 79 252
79 32 252
32 69 766
69 32 766
33 55 775
55 33 775
33 61 180
61 33 180
33 76 814
76 33 814
33 53 957
53 33 957
33 84 121
84 33 121
33 72 507
72 33 507
33 39 85
39 33 85
33 60 812
60 33 812
33 50 650
50 33 650
33 58 701
58 33 701
33 44 540
44 33 540
33 80 34
80 33 34
33 51 706
51 33 706
33 40 839
40 33 839
34 35 872
35 34 872
34 43 396
43 34 396
34 55 923
55 34 923
34 38 834
38 34 834
34 58 766
58 34 766
34 53 38
53 34 38
34 54 946
54 34 946
34 73 893
73 34 893
35 59 925
59 35 925
35 71 122
71 35 122
35 85 272
85 35 272
35 81 325
81 35 325
35 36 2
36 35 2
35 36 937
36 35 937
35 70 518
70 35 518
35 39 472
39 35 472
35 65 119
65 35 119
35 52 470
52 35 470
35 51 239
51 35 239
35 65 476
65 35 476
35 84 30
84 35 30
35 85 200
85 35 200
35 42 116
42 35 116
36 51 30
51 36 30
36 57 684
57 36 684
36 73 494
73 36 494
36 72 540
72 36 540
36 65 40
65 36 40
36 65 390
65 36 390
36 67 962
67 36 962
36 44 467
44 36 467
36 59 107
59 36 107
36 69 21
69 36 21
36 43 963
43 36 963
36 76 406
76 36 406
36 73 158
73 36 158
36 62 525
62 36 525
37 58 79
58 37 79
37 68 81
68 37 81
37 48 26
48 37 26
37 76 138
76 37 138
37 51 391
51 37 391
37 40 692
40 37 692
38 82 873
82 38 873
38 54 188
54 38 188
38 50 751
50 38 751
38 62 277
62 38 277
38 82 62
82 38 62
38 86 226
86 38 226
38 81 198
81 38 198
38 42 529
42 38 529
38 75 505
75 38 505
38 39 794
39 38 794
39 71 197
71 39 197
39 57 448
57 39 448
39 53 174
53 39 174
39 79 77
79 39 77
39 69 115
69 39 115
39 60 109
60 39 109
39 85 446
85 39 446
39 64 4
64 39 4
39 39 214
39 39 214
39 73 621
73 39 621
40 63 659
63 40 659
40 48 407
48 40 407
40 73 980
73 40 980
40 74 515
74 40 515
40 67 806
67 40 806
40 53 835
53 40 835
40 59 878
59 40 878
40 72 799
72 40 799
40 71 807
71 40 807
41 66 235
66 41 235
41 58 681
58 41 681
41 72 804
72 41 804
41 76 729
76 41 729
41 43 781
43 41 781
41 70 131
70 41 131
41 60 945
60 41 945
41 46 775
46 41 775
42 86 552
86 42 552
42 58 586
58 42 586
42 72 359
72 42 359
42 45 190
45 42 190
42 75 84
75 42 84
42 46 434
46 42 434
42 80 778
80 42 778
42 72 15
72 42 15
42 78 725
78 42 725
42 86 75
86 42 75
42 45 110
45 42 110
43 45 210
45 43 210
43 72 347
72 43 347
43 81 511
81 43 511
43 83 360
83 43 360
43 49 631
49 43 631
43 81 236
81 43 236
43 50 863
50 43 863
43 53 334
53 43 334
43 67 152
67 43 152
43 80 803
80 43 803
44 48 582
48 44 582
44 73 683
73 44 683
44 69 406
69 44 406
44 59 172
59 44 172
44 57 112
57 44 112
44 63 8
63 44 8
44 79 836
79 44 836
44 70 206
70 44 206
44 81 257
81 44 257
44 59 41
59 44 41
44 86 886
86 44 886
44 66 248
66 44 248
44 66 368
66 44 368
44 69 963
69 44 963
45 68 885
68 45 885
45 66 588
66 45 588
45 46 100
46 45 100
45 82 59
82 45 59
45 78 972
78 45 972
45 46 183
46 45 183
46 54 897
54 46 897
46 68 495
68 46 495
46 70 188
70 46 188
46 56 579
56 46 579
46 51 606
51 46 606
46 48 377
48 46 377
46 57 823
57 46 823
46 75 371
75 46 371
47 64 517
64 47 517
47 55 677
55 47 677
47 52 367
52 47 367
47 79 968
79 47 968
47 68 604
68 47 604
47 58 380
58 47 380
47 81 745
81 47 745
47 55 805
55 47 805
47 65 211
65 47 211
48 66 185
66 48 185
48 75 62
75 48 62
48 82 526
82 48 526
48 80 587
80 48 587
48 85 429
85 48 429
48 78 605
78 48 605
48 67 104
67 48 104
48 49 824
49 48 824
48 58 324
58 48 324
49 54 709
54 49 709
49 65 931
65 49 931
49 74 948
74 49 948
49 80 944
80 49 944
49 77 67
77 49 67
49 72 194
72 49 194
49 73 849
73 49 849
49 65 432
65 49 432
50 74 721
74 50 721
50 57 761
57 50 761
50 59 661
59 50 661
50 58 340
58 50 340
51 80 195
80 51 195
51 76 294
76 51 294
51 62 82
62 51 82
51 75 480
75 51 480
51 63 214
63 51 214
51 79 898
79 51 898
51 57 911
57 51 911
51 57 564
57 51 564
51 64 207
64 51 207
51 84 541
84 51 541
52 68 791
68 52 791
52 85 842
85 52 842
52 58 427
58 52 427
52 60 724
60 52 724
52 81 240
81 52 240
53 67 406
67 53 406
53 66 334
66 53 334
53 65 709
65 53 709
53 78 360
78 53 360
53 71 652
71 53 652
53 85 939
85 53 939
53 83 727
83 53 727
53 80 476
80 53 476
54 77 699
77 54 699
54 67 184
67 54 184
54 83 216
83 54 216
54 68 207
68 54 207
54 55 119
55 54 119
54 58 97
58 54 97
55 78 265
78 55 265
55 86 834
86 55 834
55 84 791
84 55 791
55 62 655
62 55 655
55 55 149
55 55 149
55 61 936
61 55 936
55 59 834
59 55 834
55 84 744
84 55 744
55 69 194
69 55 194
56 81 302
81 56 302
56 65 19
65 56 19
56 66 660
66 56 660
56 61 293
61 56 293
56 85 819
85 56 819
56 72 662
72 56 662
57 81 824
81 57 824
57 73 899
73 57 899
57 59 74
59 57 74
57 68 789
68 57 789
57 66 866
66 57 866
57 86 748
86 57 748
57 80 124
80 57 124
57 59 184
59 57 184
58 69 632
69 58 632
58 66 230
66 58 230
58 59 637
59 58 637
58 76 790
76 58 790
58 78 786
78 58 786
58 60 970
60 58 970
58 68 180
68 58 180
58 69 113
69 58 113
59 62 191
62 59 191
59 79 611
79 59 611
60 85 360
85 60 360
60 70 828
70 60 828
61 69 750
69 61 750
61 65 429
65 61 429
62 66 234
66 62 234
62 64 427
64 62 427
62 71 756
71 62 756
62 76 619
76 62 619
63 71 75
71 63 75
63 65 759
65 63 759
63 76 541
76 63 541
63 77 697
77 63 697
63 68 15
68 63 15
63 74 228
74 63 228
63 73 510
73 63 510
64 78 798
78 64 798
64 78 641
78 64 641
64 84 425
84 64 425
64 83 707
83 64 707
65 78 395
78 65 395
66 81 135
81 66 135
66 81 974
81 66 974
66 69 596
69 66 596
67 69 171
69 67 171
67 84 951
84 67 951
67 67 352
67 67 352
67 83 89
83 67 89
67 72 95
72 67 95
67 67 261
67 67 261
68 80 472
80 68 472
68 82 372
82 68 372
68 78 608
78 68 608
68 82 494
82 68 494
68 71 564
71 68 564
69 80 677
80 69 677
69 79 545
79 69 545
69 82 479
82 69 479
69 73 285
73 69 285
69 82 9
82 69 9
69 84 286
84 69 286
69 73 159
73 69 159
70 83 917
83 70 917
70 71 731
71 70 731
70 81 456
81 70 456
70 70 782
70 70 782
70 75 948
75 70 948
70 80 349
80 70 349
71 72 792
72 71 792
71 78 331
78 71 331
71 74 425
74 71 425
72 84 901
84 72 901
72 80 665
80 72 665
73 77 265
77 73 265
73 76 439
76 73 439
73 86 657
86 73 657
74 82 251
82 74 251
75 78 337
78 75 337
75 77 821
77 75 821
76 80 51
80 76 51
77 83 18
83 77 18
78 84 415
84 78 415
78 83 704
83 78 704
78 81 870
81 78 870
78 81 594
81 78 594
78 79 99
79 78 99
85 85 612
85 85 612
