64

0 1 372
1 0 372
0 2 716
2 0 716
0 3 225
3 0 225
0 5 356
5 0 356
0 29 437
29 0 437
0 56 531
56 0 531
1 6 154
6 1 154
1 10 777
10 1 777
1 46 257
46 1 257
1 32 439
32 1 439
1 37 375
37 1 375
1 12 312
12 1 312
2 8 854
8 2 854
2 17 521
17 2 521
3 4 841
4 3 841
3 18 826
18 3 826
3 26 552
26 3 552
3 27 282
27 3 282
3 39 543
39 3 543
3 57 725
57 3 725
5 7 186
7 5 186
5 12 847
12 5 847
5 14 331
14 5 331
5 51 109
51 5 109
6 9 624
9 6 624
6 22 986
22 6 986
6 33 617
33 6 617
7 11 673
11 7 673
7 13 964
13 7 964
7 54 271
54 7 271
7 22 132
22 7 132
9 15 951
15 9 951
9 31 259
31 9 259
9 48 403
48 9 403
9 50 87
50 9 87
10 25 102
25 10 102
10 42 250
42 10 250
10 42 517
42 10 517
11 28 343
28 11 343
11 59 307
59 11 307
12 16 136
16 12 136
12 21 592
21 12 592
13 17 639
17 13 639
13 20 287
20 13 287
13 33 202
33 13 202
14 59 366
59 14 366
15 19 854
19 15 854
16 23 458
23 16 458
16 49 463
49 16 463
16 61 410
61 16 410
17 24 939
24 17 939
17 35 8
35 17 8
18 30 843
30 18 843
18 51 722
51 18 722
18 43 208
43 18 208
22 32 512
32 22 512
22 36 475
36 22 475
22 52 85
52 22 85
23 61 387
61 23 387
24 38 655
38 24 655
24 43 152
43 24 152
24 46 676
46 24 676
26 55 36
55 26 36
28 40 388
40 28 388
29 58 857
58 29 857
31 59 213
59 31 213
33 34 611
34 33 611
33 37 588
37 33 588
33 40 188
40 33 188
35 41 956
41 35 956
37 63 477
63 37 477
39 45 238
45 39 238
41 44 252
44 41 252
41 53 169
53 41 169
42 62 634
62 42 634
44 47 71
47 44 71
44 63 386
63 44 386
51 57 813
57 51 813
52 57 704
57 52 704
52 62 588
62 52 588
54 60 35
60 54 35
59 60 337
60 59 337
