98

0 1 13
1 0 13
0 3 532
3 0 532
0 12 535
12 0 535
0 29 380
29 0 380
0 55 248
55 0 248
0 62 372
62 0 372
0 58 100
58 0 100
0 70 729
70 0 729
0 72 950
72 0 950
0 21 830
21 0 830
0 90 717
90 0 717
0 18 298
18 0 298
0 29 269
29 0 269
1 2 70
2 1 70
1 4 678
4 1 678
1 7 834
7 1 834
1 9 494
9 1 494
1 18 131
18 1 131
1 67 835
67 1 835
1 87 1000
87 1 1000
1 49 509
49 1 509
1 5 928
5 1 928
1 6 915
6 1 915
1 8 151
8 1 151
1 49 210
49 1 210
1 46 463
46 1 463
1 95 294
95 1 294
2 5 416
5 2 416
2 16 995
16 2 995
2 35 653
35 2 653
2 40 565
40 2 565
2 64 439
64 2 439
2 68 632
68 2 632
2 41 388
41 2 388
2 62 631
62 2 631
2 39 544
39 2 544
2 32 886
32 2 886
3 36 750
36 3 750
3 56 712
56 3 712
3 63 154
63 3 154
3 95 245
95 3 245
3 74 263
74 3 263
3 92 97
92 3 97
3 84 438
84 3 438
3 14 201
14 3 201
3 76 712
76 3 712
3 62 912
62 3 912
3 78 221
78 3 221
4 6 734
6 4 734
4 10 386
10 4 386
4 14 542
14 4 542
4 93 703
93 4 703
4 43 539
43 4 539
4 66 347
66 4 347
4 10 940
10 4 940
4 38 613
38 4 613
4 81 992
81 4 992
4 14 277
14 4 277
4 87 727
87 4 727
5 8 665
8 5 665
5 13 385
13 5 385
5 17 527
17 5 527
5 66 867
66 5 867
5 82 150
82 5 150
5 47 132
47 5 132
5 11 724
11 5 724
5 5 318
5 5 318
5 95 319
95 5 319
5 72 618
72 5 618
6 63 651
63 6 651
6 84 538
84 6 538
6 21 698
21 6 698
6 44 879
44 6 879
6 74 747
74 6 747
6 80 977
80 6 977
6 45 864
45 6 864
6 17 827
17 6 827
7 11 924
11 7 924
7 15 807
15 7 807
7 26 315
26 7 315
7 17 709
17 7 709
7 62 847
62 7 847
7 43 559
43 7 559
7 47 523
47 7 523
7 13 101
13 7 101
8 45 1000
45 8 1000
8 26 907
26 8 907
8 62 770
62 8 770
8 53 410
53 8 410
8 23 762
23 8 762
8 27 386
27 8 386
8 85 835
85 8 835
8 84 537
84 8 537
8 50 132
50 8 132
8 66 184
66 8 184
8 38 811
38 8 811
8 43 489
43 8 489
9 30 142
30 9 142
9 51 613
51 9 613
9 89 768
89 9 768
9 13 126
13 9 126
9 16 174
16 9 174
9 10 295
10 9 295
9 42 886
42 9 886
9 80 211
80 9 211
9 77 939
77 9 939
10 22 225
22 10 225
10 29 190
29 10 190
10 40 380
40 10 380
10 58 909
58 10 909
10 90 388
90 10 388
10 75 797
75 10 797
10 26 803
26 10 803
10 45 793
45 10 793
10 42 17
42 10 17
10 31 726
31 10 726
10 85 276
85 10 276
11 25 805
25 11 805
11 33 203
33 11 203
11 72 991
72 11 991
11 19 599
19 11 599
11 62 555
62 11 555
11 14 280
14 11 280
11 20 155
20 11 155
11 49 742
49 11 742
11 42 71
42 11 71
12 14 483
14 12 483
12 20 111
20 12 111
12 45 154
45 12 154
12 89 876
89 12 876
12 84 601
84 12 601
12 35 652
35 12 652
12 41 34
41 12 34
13 28 502
28 13 502
13 31 671
31 13 671
13 38 764
38 13 764
13 53 431
53 13 431
13 59 413
59 13 413
13 72 412
72 13 412
13 35 45
35 13 45
13 36 749
36 13 749
13 43 184
43 13 184
13 52 954
52 13 954
13 29 706
29 13 706
13 85 210
85 13 210
13 34 743
34 13 743
13 87 452
87 13 452
14 37 17
37 14 17
14 80 475
80 14 475
14 64 298
64 14 298
14 51 434
51 14 434
14 30 360
30 14 360
14 40 761
40 14 761
15 27 461
27 15 461
15 92 553
92 15 553
15 78 350
78 15 350
15 56 625
56 15 625
15 72 245
72 15 245
15 43 281
43 15 281
15 21 754
21 15 754
15 63 820
63 15 820
16 23 869
23 16 869
16 50 976
50 16 976
16 30 663
30 16 663
16 66 528
66 16 528
16 75 464
75 16 464
17 44 540
44 17 540
17 90 158
90 17 158
17 17 207
17 17 207
17 42 633
42 17 633
17 93 286
93 17 286
17 44 986
44 17 986
17 73 263
73 17 263
17 96 885
96 17 885
17 92 23
92 17 23
17 81 814
81 17 814
17 75 971
75 17 971
17 29 14
29 17 14
17 21 154
21 17 154
17 91 501
91 17 501
18 19 112
19 18 112
18 74 674
74 18 674
18 80 340
80 18 340
18 68 611
68 18 611
18 64 207
64 18 207
18 23 681
23 18 681
18 56 464
56 18 464
18 68 872
68 18 872
18 46 951
46 18 951
18 26 780
26 18 780
18 88 206
88 18 206
18 97 92
97 18 92
19 58 495
58 19 495
19 65 51
65 19 51
19 48 906
48 19 906
19 56 131
56 19 131
19 25 299
25 19 299
20 21 555
21 20 555
20 32 860
32 20 860
20 76 493
76 20 493
20 87 639
87 20 639
20 62 928
62 20 928
20 50 941
50 20 941
20 87 532
87 20 532
20 31 798
31 20 798
21 24 367
24 21 367
21 84 472
84 21 472
21 50 840
50 21 840
21 58 976
58 21 976
21 46 37
46 21 37
21 26 136
26 21 136
21 78 371
78 21 371
21 47 145
47 21 145
22 26 69
26 22 69
22 58 584
58 22 584
22 40 198
40 22 198
22 37 805
37 22 805
22 83 573
83 22 573
22 26 678
26 22 678
22 57 555
57 22 555
22 88 111
88 22 111
23 34 516
34 23 516
23 52 732
52 23 732
23 72 186
72 23 186
23 72 666
72 23 666
23 37 771
37 23 771
23 68 662
68 23 662
23 93 934
93 23 934
23 63 359
63 23 359
23 82 9
82 23 9
23 57 351
57 23 351
24 57 986
57 24 986
24 72 939
72 24 939
24 54 977
54 24 977
24 84 246
84 24 246
24 46 230
46 24 230
24 52 840
52 24 840
24 58 504
58 24 504
25 61 981
61 25 981
25 31 44
31 25 44
25 85 381
85 25 381
25 31 858
31 25 858
25 84 51
84 25 51
26 47 711
47 26 711
26 81 87
81 26 87
26 60 676
60 26 676
26 71 26
71 26 26
26 60 175
60 26 175
26 69 812
69 26 812
26 97 355
97 26 355
26 85 294
85 26 294
27 68 539
68 27 539
27 41 204
41 27 204
27 46 444
46 27 444
27 51 160
51 27 160
27 95 79
95 27 79
28 39 36
39 28 36
28 73 215
73 28 215
28 88 249
88 28 249
28 97 555
97 28 555
28 75 40
75 28 40
28 34 38
34 28 38
28 73 928
73 28 928
28 56 999
56 28 999
29 41 67
41 29 67
29 59 386
59 29 386
29 83 211
83 29 211
29 73 257
73 29 257
29 82 768
82 29 768
29 79 221
79 29 221
29 35 399
35 29 399
29 46 8
46 29 8
29 90 72
90 29 72
29 45 292
45 29 292
29 56 351
56 29 351
29 75 115
75 29 115
29 56 86
56 29 86
30 54 368
54 30 368
30 62 959
62 30 959
30 81 156
81 30 156
30 42 236
42 30 236
31 31 933
31 31 933
31 50 186
50 31 186
31 52 949
52 31 949
31 50 423
50 31 423
31 60 806
60 31 806
31 97 210
97 31 210
31 71 605
71 31 605
31 48 261
48 31 261
31 68 408
68 31 408
31 85 152
85 31 152
32 43 570
43 32 570
32 73 883
73 32 883
32 54 631
54 32 631
32 91 96
91 32 96
32 75 61
75 32 61
32 85 393
85 32 393
32 32 880
32 32 880
33 48 70
48 33 70
33 60 952
60 33 952
33 42 851
42 33 851
33 43 639
43 33 639
33 74 13
74 33 13
33 89 777
89 33 777
33 74 101
74 33 101
34 64 663
64 34 663
34 70 516
70 34 516
34 46 102
46 34 102
34 80 430
80 34 430
34 56 738
56 34 738
35 96 813
96 35 813
35 92 492
92 35 492
35 73 937
73 35 937
35 75 223
75 35 223
35 57 590
57 35 590
36 59 819
59 36 819
36 83 411
83 36 411
36 86 722
86 36 722
36 71 749
71 36 749
36 37 160
37 36 160
37 42 70
42 37 70
37 49 221
49 37 221
37 53 474
53 37 474
37 72 11
72 37 11
37 83 692
83 37 692
37 60 378
60 37 378
37 68 876
68 37 876
38 46 392
46 38 392
38 79 373
79 38 373
38 54 631
54 38 631
38 86 664
86 38 664
39 56 811
56 39 811
40 71 839
71 40 839
40 43 134
43 40 134
40 50 58
50 40 58
40 81 603
81 40 603
41 77 43
77 41 43
41 47 523
47 41 523
41 46 607
46 41 607
41 61 829
61 41 829
41 91 49
91 41 49
41 52 885
52 41 885
41 78 851
78 41 851
41 70 724
70 41 724
42 60 628
60 42 628
42 70 367
70 42 367
42 44 986
44 42 986
42 83 385
83 42 385
43 89 973
89 43 973
43 90 794
90 43 794
43 59 479
59 43 479
43 90 400
90 43 400
44 75 834
75 44 834
44 89 111
89 44 111
44 74 672
74 44 672
44 64 608
64 44 608
44 91 910
91 44 910
44 54 382
54 44 382
44 93 798
93 44 798
45 69 786
69 45 786
45 65 384
65 45 384
45 66 685
66 45 685
45 77 498
77 45 498
45 70 644
70 45 644
46 79 965
79 46 965
46 59 912
59 46 912
47 57 599
57 47 599
47 82 909
82 47 909
47 58 450
58 47 450
47 76 574
76 47 574
47 78 625
78 47 625
48 53 560
53 48 560
48 52 868
52 48 868
48 93 500
93 48 500
49 73 306
73 49 306
49 60 163
60 49 163
49 72 174
72 49 174
50 79 158
79 50 158
50 94 970
94 50 970
50 50 281
50 50 281
51 80 969
80 51 969
52 83 510
83 52 510
52 57 104
57 52 104
53 93 14
93 53 14
53 76 473
76 53 473
53 70 507
70 53 507
53 63 171
63 53 171
53 88 876
88 53 876
53 56 765
56 53 765
53 94 856
94 53 856
53 96 471
96 53 471
54 78 325
78 54 325
54 59 615
59 54 615
54 77 319
77 54 319
54 60 849
60 54 849
54 91 598
91 54 598
56 60 562
60 56 562
57 72 761
72 57 761
57 80 907
80 57 907
58 91 48
91 58 48
58 61 163
61 58 163
59 94 114
94 59 114
59 68 804
68 59 804
59 67 582
67 59 582
59 75 347
75 59 347
59 94 255
94 59 255
60 81 802
81 60 802
60 79 597
79 60 597
60 92 827
92 60 827
61 71 60
71 61 60
62 70 516
70 62 516
62 82 766
82 62 766
62 92 278
92 62 278
62 95 669
95 62 669
63 86 805
86 63 805
63 97 695
97 63 695
63 67 486
67 63 486
63 75 698
75 63 698
63 67 754
67 63 754
64 82 960
82 64 960
64 68 228
68 64 228
65 85 666
85 65 666
65 71 573
71 65 573
65 93 744
93 65 744
65 76 988
76 65 988
66 75 147
75 66 147
66 73 521
73 66 521
67 70 293
70 67 293
68 97 132
97 68 132
68 68 132
68 68 132
68 72 931
72 68 931
69 78 440
78 69 440
70 73 302
73 70 302
71 78 295
78 71 295
73 88 143
88 73 143
73 76 603
76 73 603
73 86 411
86 73 411
73 94 369
94 73 369
74 85 855
85 74 855
74 83 937
83 74 937
74 79 961
79 74 961
75 90 534
90 75 534
76 81 678
81 76 678
78 84 667
84 78 667
78 95 520
95 78 520
79 83 637
83 79 637
79 79 608
79 79 608
79 88 44
88 79 44
80 88 438
88 80 438
81 91 158
91 81 158
81 96 57
96 81 57
82 86 988
86 82 988
82 90 697
90 82 697
82 94 504
94 82 504
83 93 180
93 83 180
83 94 652
94 83 652
83 94 984
94 83 984
84 95 742
95 84 742
85 94 997
94 85 997
86 87 426
87 86 426
86 96 583
96 86 583
87 93 546
93 87 546
88 88 693
88 88 693
