62

0 1 496
1 0 496
0 7 319
7 0 319
0 20 748
20 0 748
1 2 579
2 1 579
1 3 646
3 1 646
1 28 585
28 1 585
1 39 922
39 1 922
1 52 837
52 1 837
1 3 809
3 1 809
2 4 42
4 2 42
2 6 176
6 2 176
2 9 843
9 2 843
2 10 405
10 2 405
2 16 967
16 2 967
2 44 618
44 2 618
2 26 425
26 2 425
2 53 36
53 2 36
2 50 500
50 2 500
2 12 294
12 2 294
3 5 352
5 3 352
3 13 347
13 3 347
3 42 709
42 3 709
3 60 106
60 3 106
4 56 300
56 4 300
5 14 855
14 5 855
5 24 500
24 5 500
5 45 745
45 5 745
5 37 280
37 5 280
6 8 883
8 6 883
6 12 162
12 6 162
7 11 495
11 7 495
7 29 272
29 7 272
8 15 920
15 8 920
8 46 953
46 8 953
9 25 663
25 9 663
9 57 158
57 9 158
9 36 573
36 9 573
9 25 101
25 9 101
9 32 54
32 9 54
10 39 764
39 10 764
11 19 331
19 11 331
11 30 127
30 11 127
11 34 321
34 11 321
11 60 286
60 11 286
12 49 347
49 12 347
13 17 462
17 13 462
13 36 774
36 13 774
13 37 307
37 13 307
14 18 763
18 14 763
14 59 113
59 14 113
14 45 112
45 14 112
16 55 112
55 16 112
16 57 131
57 16 131
16 59 585
59 16 585
17 22 938
22 17 938
17 33 855
33 17 855
19 45 729
45 19 729
20 21 116
21 20 116
20 43 169
43 20 169
21 26 643
26 21 643
21 27 841
27 21 841
21 58 760
58 21 760
22 23 974
23 22 974
22 37 608
37 22 608
22 28 214
28 22 214
24 35 245
35 24 245
24 39 990
39 24 990
24 28 927
28 24 927
25 57 969
57 25 969
26 31 268
31 26 268
26 40 322
40 26 322
26 50 854
50 26 854
27 29 553
29 27 553
27 32 96
32 27 96
33 53 352
53 33 352
33 56 861
56 33 861
33 37 493
37 33 493
34 40 53
40 34 53
35 47 542
47 35 542
35 55 69
55 35 69
36 38 606
38 36 606
37 48 943
48 37 943
38 41 231
41 38 231
43 54 321
54 43 321
45 56 176
56 45 176
45 51 186
51 45 186
46 51 223
51 46 223
49 61 267
61 49 267
