66

0 1 368
1 0 368
0 2 217
2 0 217
0 4 879
4 0 879
0 8 783
8 0 783
0 13 641
13 0 641
0 14 274
14 0 274
0 63 149
63 0 149
0 37 332
37 0 332
0 26 963
26 0 963
0 25 142
25 0 142
0 24 179
24 0 179
0 44 157
44 0 157
0 37 646
37 0 646
0 9 10
9 0 10
0 26 282
26 0 282
0 7 522
7 0 522
1 3 829
3 1 829
1 6 983
6 1 983
1 24 694
24 1 694
1 25 96
25 1 96
1 37 34
37 1 34
1 2 702
2 1 702
1 58 624
58 1 624
1 39 891
39 1 891
1 55 880
55 1 880
1 3 154
3 1 154
1 27 400
27 1 400
2 9 463
9 2 463
2 16 4
16 2 4
2 17 198
17 2 198
2 43 695
43 2 695
2 54 692
54 2 692
2 58 266
58 2 266
2 62 99
62 2 99
2 15 745
15 2 745
2 25 859
25 2 859
3 7 156
7 3 156
3 23 213
23 3 213
3 13 981
13 3 981
3 15 629
15 3 629
3 18 28
18 3 28
3 63 464
63 3 464
3 29 649
29 3 649
4 5 921
5 4 921
4 10 259
10 4 259
4 11 146
11 4 146
4 30 657
30 4 657
4 35 37
35 4 37
4 57 533
57 4 533
4 65 674
65 4 674
4 4 931
4 4 931
4 59 465
59 4 465
4 57 38
57 4 38
4 8 424
8 4 424
4 49 771
49 4 771
4 10 65
10 4 65
4 44 689
44 4 689
4 41 193
41 4 193
4 26 3
26 4 3
4 36 236
36 4 236
4 40 628
40 4 628
5 22 992
22 5 992
5 34 935
34 5 935
5 49 197
49 5 197
5 61 427
61 5 427
5 19 210
19 5 210
5 8 1000
8 5 1000
5 20 807
20 5 807
5 41 120
41 5 120
5 65 1
65 5 1
6 62 920
62 6 920
6 55 31
55 6 31
6 40 986
40 6 986
6 7 444
7 6 444
6 30 720
30 6 720
6 42 347
42 6 347
7 52 676
52 7 676
7 62 597
62 7 597
7 17 778
17 7 778
7 27 12
27 7 12
7 36 746
36 7 746
7 7 950
7 7 950
7 59 42
59 7 42
7 13 39
13 7 39
7 8 126
8 7 126
7 52 184
52 7 184
8 15 688
15 8 688
8 32 410
32 8 410
8 16 314
16 8 314
8 62 785
62 8 785
8 39 593
39 8 593
8 51 167
51 8 167
8 15 314
15 8 314
9 36 690
36 9 690
9 31 765
31 9 765
9 40 615
40 9 615
9 41 703
41 9 703
9 23 20
23 9 20
9 58 849
58 9 849
9 63 588
63 9 588
9 19 592
19 9 592
9 31 400
31 9 400
9 40 143
40 9 143
10 12 391
12 10 391
10 19 599
19 10 599
10 21 902
21 10 902
10 47 23
47 10 23
10 58 59
58 10 59
10 48 900
48 10 900
10 57 119
57 10 119
10 25 869
25 10 869
10 12 215
12 10 215
10 11 450
11 10 450
10 46 870
46 10 870
10 61 448
61 10 448
10 19 527
19 10 527
10 26 237
26 10 237
10 36 659
36 10 659
10 17 971
17 10 971
11 33 366
33 11 366
11 28 552
28 11 552
11 29 179
29 11 179
11 35 588
35 11 588
11 58 138
58 11 138
11 18 548
18 11 548
11 31 742
31 11 742
11 58 229
58 11 229
11 16 393
16 11 393
12 18 438
18 12 438
12 28 696
28 12 696
12 42 336
42 12 336
12 22 863
22 12 863
12 45 846
45 12 846
12 63 417
63 12 417
12 23 335
23 12 335
13 27 461
27 13 461
13 28 666
28 13 666
13 23 582
23 13 582
13 40 500
40 13 500
13 54 35
54 13 35
13 61 917
61 13 917
13 24 332
24 13 332
13 57 331
57 13 331
13 42 538
42 13 538
14 20 53
20 14 53
14 14 793
14 14 793
14 34 154
34 14 154
14 28 32
28 14 32
14 20 560
20 14 560
14 15 367
15 14 367
14 58 710
58 14 710
15 37 124
37 15 124
15 53 939
53 15 939
15 46 872
46 15 872
15 15 768
15 15 768
15 50 233
50 15 233
15 44 468
44 15 468
15 44 30
44 15 30
15 65 130
65 15 130
16 59 640
59 16 640
16 63 453
63 16 453
16 50 946
50 16 946
16 36 876
36 16 876
16 33 65
33 16 65
16 33 777
33 16 777
17 26 738
26 17 738
17 38 337
38 17 337
17 58 750
58 17 750
17 48 830
48 17 830
17 18 413
18 17 413
17 42 743
42 17 743
17 49 425
49 17 425
17 27 52
27 17 52
18 65 457
65 18 457
18 29 261
29 18 261
18 20 431
20 18 431
18 24 402
24 18 402
18 59 925
59 18 925
18 42 56
42 18 56
18 42 157
42 18 157
18 65 898
65 18 898
19 63 173
63 19 173
19 54 131
54 19 131
19 34 758
34 19 758
19 59 885
59 19 885
20 29 605
29 20 605
20 63 952
63 20 952
20 27 91
27 20 91
20 25 375
25 20 375
20 39 597
39 20 597
21 33 142
33 21 142
21 43 396
43 21 396
21 31 70
31 21 70
21 50 147
50 21 147
22 39 384
39 22 384
22 38 511
38 22 511
22 57 167
57 22 167
23 31 615
31 23 615
23 35 782
35 23 782
23 57 985
57 23 985
23 40 965
40 23 965
23 41 849
41 23 849
23 46 368
46 23 368
23 35 280
35 23 280
23 36 567
36 23 567
23 61 744
61 23 744
24 25 314
25 24 314
24 50 303
50 24 303
24 58 248
58 24 248
24 62 82
62 24 82
24 37 6
37 24 6
24 28 576
28 24 576
24 57 263
57 24 263
24 61 343
61 24 343
24 60 351
60 24 351
25 48 256
48 25 256
25 28 946
28 25 946
25 28 216
28 25 216
25 60 139
60 25 139
25 27 785
27 25 785
26 48 752
48 26 752
26 32 421
32 26 421
26 36 647
36 26 647
26 53 658
53 26 658
26 40 527
40 26 527
27 34 38
34 27 38
27 63 901
63 27 901
27 37 410
37 27 410
27 32 579
32 27 579
27 51 172
51 27 172
27 51 526
51 27 526
27 61 213
61 27 213
27 36 747
36 27 747
28 37 874
37 28 874
28 59 697
59 28 697
28 37 499
37 28 499
29 54 615
54 29 615
29 52 80
52 29 80
29 35 400
35 29 400
29 30 799
30 29 799
30 41 423
41 30 423
30 63 54
63 30 54
30 58 457
58 30 457
30 34 472
34 30 472
30 38 743
38 30 743
31 43 493
43 31 493
31 55 132
55 31 132
32 60 632
60 32 632
32 58 861
58 32 861
32 33 650
33 32 650
32 35 986
35 32 986
33 57 884
57 33 884
33 38 218
38 33 218
33 44 634
44 33 634
33 43 811
43 33 811
34 48 657
48 34 657
34 65 666
65 34 666
34 58 448
58 34 448
34 60 111
60 34 111
34 63 264
63 34 264
34 36 13
36 34 13
35 64 300
64 35 300
35 47 4
47 35 4
35 47 692
47 35 692
35 42 305
42 35 305
35 39 893
39 35 893
35 39 406
39 35 406
35 55 619
55 35 619
36 58 543
58 36 543
37 58 718
58 37 718
37 37 24
37 37 24
38 45 526
45 38 526
38 49 180
49 38 180
38 49 932
49 38 932
38 51 217
51 38 217
39 40 390
40 39 390
39 64 301
64 39 301
39 54 520
54 39 520
40 51 768
51 40 768
40 61 631
61 40 631
40 53 891
53 40 891
41 46 341
46 41 341
41 42 574
42 41 574
42 55 990
55 42 990
43 44 315
44 43 315
43 60 637
60 43 637
43 57 512
57 43 512
43 53 301
53 43 301
43 64 113
64 43 113
44 45 856
45 44 856
45 55 81
55 45 81
45 46 910
46 45 910
45 59 73
59 45 73
46 56 828
56 46 828
46 51 633
51 46 633
47 63 457
63 47 457
47 56 957
56 47 957
48 60 809
60 48 809
48 65 610
65 48 610
48 64 740
64 48 740
48 53 270
53 48 270
48 57 130
57 48 130
48 51 317
51 48 317
48 50 706
50 48 706
49 64 308
64 49 308
49 62 235
62 49 235
49 55 95
55 49 95
51 62 782
62 51 782
51 52 375
52 51 375
52 56 576
56 52 576
52 56 241
56 52 241
53 59 27
59 53 27
53 57 917
57 53 917
53 55 100
55 53 100
54 65 68
65 54 68
57 58 786
58 57 786
58 62 721
62 58 721
61 62 853
62 61 853
