94

0 1 567
1 0 567
0 3 234
3 0 234
0 6 995
6 0 995
0 18 554
18 0 554
0 45 170
45 0 170
0 41 316
41 0 316
1 2 506
2 1 506
1 7 260
7 1 260
1 29 6
29 1 6
1 49 477
49 1 477
1 21 178
21 1 178
1 31 729
31 1 729
1 55 744
55 1 744
1 85 291
85 1 291
2 8 138
8 2 138
2 21 901
21 2 901
2 39 868
39 2 868
2 47 585
47 2 585
2 37 57
37 2 57
3 4 291
4 3 291
3 5 104
5 3 104
3 10 936
10 3 936
3 64 162
64 3 162
3 40 11
40 3 11
4 11 682
11 4 682
4 17 170
17 4 170
4 22 512
22 4 512
4 36 52
36 4 52
4 88 687
88 4 687
4 82 556
82 4 556
5 51 403
51 5 403
5 53 386
53 5 386
5 78 390
78 5 390
6 9 421
9 6 421
6 83 975
83 6 975
6 82 370
82 6 370
6 70 867
70 6 867
6 61 551
61 6 551
6 60 131
60 6 131
6 15 924
15 6 924
7 37 114
37 7 114
7 56 896
56 7 896
7 74 410
74 7 410
7 61 184
61 7 184
7 55 821
55 7 821
8 13 919
13 8 919
8 15 367
15 8 367
8 55 770
55 8 770
8 79 275
79 8 275
8 25 692
25 8 692
8 12 144
12 8 144
9 16 713
16 9 713
9 19 245
19 9 245
9 86 370
86 9 370
9 47 877
47 9 877
10 12 148
12 10 148
10 47 218
47 10 218
10 19 758
19 10 758
10 25 156
25 10 156
10 34 588
34 10 588
11 26 759
26 11 759
11 82 881
82 11 881
12 24 887
24 12 887
12 27 560
27 12 560
12 63 795
63 12 795
13 14 550
14 13 550
13 28 238
28 13 238
13 30 592
30 13 592
13 35 950
35 13 950
13 92 125
92 13 125
13 68 680
68 13 680
13 15 868
15 13 868
13 80 802
80 13 802
14 25 236
25 14 236
14 43 596
43 14 596
14 69 915
69 14 915
14 73 241
73 14 241
14 23 10
23 14 10
14 27 804
27 14 804
14 32 696
32 14 696
14 64 572
64 14 572
14 17 843
17 14 843
15 23 10
23 15 10
15 42 837
42 15 837
15 30 618
30 15 618
15 81 785
81 15 785
17 18 877
18 17 877
17 46 392
46 17 392
18 20 990
20 18 990
18 34 900
34 18 900
18 40 659
40 18 659
18 57 326
57 18 326
18 47 996
47 18 996
18 84 540
84 18 540
19 33 708
33 19 708
19 40 31
40 19 31
20 74 373
74 20 373
20 54 123
54 20 123
20 91 788
91 20 788
21 64 239
64 21 239
22 32 921
32 22 921
22 50 514
50 22 514
22 51 303
51 22 303
23 31 303
31 23 303
23 38 891
38 23 891
23 90 122
90 23 122
24 27 334
27 24 334
26 29 173
29 26 173
26 83 37
83 26 37
27 64 49
64 27 49
28 46 710
46 28 710
28 93 850
93 28 850
28 77 596
77 28 596
29 29 177
29 29 177
29 92 335
92 29 335
29 46 637
46 29 637
29 56 648
56 29 648
29 56 216
56 29 216
30 67 161
67 30 161
31 54 767
54 31 767
31 62 942
62 31 942
32 49 542
49 32 542
33 59 740
59 33 740
33 81 952
81 33 952
34 76 763
76 34 763
34 62 84
62 34 84
34 54 45
54 34 45
35 41 854
41 35 854
35 46 985
46 35 985
36 82 773
82 36 773
36 39 334
39 36 334
37 48 262
48 37 262
37 75 21
75 37 21
37 51 814
51 37 814
38 68 890
68 38 890
39 44 143
44 39 143
39 43 29
43 39 29
39 58 398
58 39 398
39 47 719
47 39 719
40 91 685
91 40 685
40 48 603
48 40 603
40 63 195
63 40 195
40 57 534
57 40 534
41 52 340
52 41 340
41 47 499
47 41 499
41 45 60
45 41 60
42 45 802
45 42 802
42 44 324
44 42 324
42 80 370
80 42 370
44 70 267
70 44 267
44 81 354
81 44 354
44 70 681
70 44 681
44 57 132
57 44 132
44 88 913
88 44 913
45 77 410
77 45 410
46 59 14
59 46 14
46 67 983
67 46 983
46 70 452
70 46 452
46 74 226
74 46 226
46 84 258
84 46 258
47 60 219
60 47 219
48 62 28
62 48 28
48 88 1000
88 48 1000
48 83 701
83 48 701
48 49 386
49 48 386
49 64 878
64 49 878
49 54 899
54 49 899
50 56 317
56 50 317
51 91 927
91 51 927
51 88 136
88 51 136
51 88 164
88 51 164
53 82 660
82 53 660
53 87 136
87 53 136
54 65 385
65 54 385
54 88 253
88 54 253
55 72 706
72 55 706
55 74 797
74 55 797
56 58 912
58 56 912
56 70 89
70 56 89
56 82 730
82 56 730
56 72 763
72 56 763
57 78 596
78 57 596
58 61 528
61 58 528
58 61 359
61 58 359
58 70 173
70 58 173
59 76 1
76 59 1
59 77 367
77 59 367
60 80 582
80 60 582
60 90 500
90 60 500
61 66 462
66 61 462
61 85 686
85 61 686
62 82 394
82 62 394
62 64 479
64 62 479
63 75 223
75 63 223
63 72 370
72 63 370
63 84 668
84 63 668
64 78 929
78 64 929
65 87 433
87 65 433
66 71 373
71 66 373
66 68 115
68 66 115
67 68 634
68 67 634
68 84 567
84 68 567
68 78 259
78 68 259
68 85 237
85 68 237
68 74 767
74 68 767
69 72 956
72 69 956
70 86 222
86 70 222
72 93 739
93 72 739
73 82 83
82 73 83
73 86 140
86 73 140
74 92 261
92 74 261
74 85 248
85 74 248
77 86 493
86 77 493
80 89 438
89 80 438
81 85 811
85 81 811
82 87 157
87 82 157
83 91 76
91 83 76
87 88 427
88 87 427
89 93 560
93 89 560
