87

0 1 187
1 0 187
0 2 570
2 0 570
0 3 313
3 0 313
0 6 644
6 0 644
0 22 361
22 0 361
0 75 123
75 0 123
0 77 401
77 0 401
0 54 801
54 0 801
0 61 170
61 0 170
0 59 224
59 0 224
0 38 295
38 0 295
0 20 190
20 0 190
0 6 943
6 0 943
0 53 471
53 0 471
0 42 199
42 0 199
0 8 110
8 0 110
0 37 355
37 0 355
0 50 914
50 0 914
0 15 23
15 0 23
0 25 854
25 0 854
0 75 611
75 0 611
0 19 59
19 0 59
1 5 936
5 1 936
1 7 7
7 1 7
1 46 594
46 1 594
1 10 261
10 1 261
1 39 498
39 1 498
1 53 130
53 1 130
1 22 893
22 1 893
1 62 775
62 1 775
1 59 79
59 1 79
1 22 287
22 1 287
1 55 772
55 1 772
1 42 57
42 1 57
2 8 283
8 2 283
2 9 289
9 2 289
2 41 162
41 2 162
2 74 440
74 2 440
2 82 100
82 2 100
2 49 610
49 2 610
2 11 587
11 2 587
2 25 40
25 2 40
2 5 664
5 2 664
2 48 450
48 2 450
2 74 921
74 2 921
3 4 77
4 3 77
3 10 531
10 3 531
3 18 984
18 3 984
3 25 391
25 3 391
3 10 554
10 3 554
3 52 584
52 3 584
3 67 476
67 3 476
3 56 773
56 3 773
3 72 661
72 3 661
3 55 761
55 3 761
3 32 269
32 3 269
3 35 651
35 3 651
3 57 623
57 3 623
3 68 199
68 3 199
4 85 605
85 4 605
4 58 133
58 4 133
4 68 157
68 4 157
4 43 72
43 4 72
4 75 11
75 4 11
4 18 529
18 4 529
4 85 920
85 4 920
4 19 488
19 4 488
5 19 943
19 5 943
5 49 604
49 5 604
5 71 863
71 5 863
5 40 948
40 5 948
5 31 260
31 5 260
5 7 646
7 5 646
5 12 632
12 5 632
5 17 590
17 5 590
6 11 360
11 6 360
6 13 849
13 6 849
6 20 252
20 6 252
6 35 215
35 6 215
6 67 914
67 6 914
6 13 472
13 6 472
6 49 966
49 6 966
6 9 784
9 6 784
6 47 424
47 6 424
7 54 738
54 7 738
7 13 243
13 7 243
7 23 609
23 7 609
7 64 879
64 7 879
7 60 225
60 7 225
7 33 580
33 7 580
7 59 978
59 7 978
7 46 222
46 7 222
8 16 882
16 8 882
8 23 735
23 8 735
8 34 354
34 8 354
8 72 705
72 8 705
8 34 980
34 8 980
8 18 261
18 8 261
8 67 435
67 8 435
8 25 191
25 8 191
8 22 882
22 8 882
8 69 918
69 8 918
8 25 344
25 8 344
8 35 458
35 8 458
9 62 659
62 9 659
9 14 86
14 9 86
9 64 951
64 9 951
9 14 118
14 9 118
9 24 415
24 9 415
9 50 737
50 9 737
9 59 794
59 9 794
9 36 446
36 9 446
10 12 606
12 10 606
10 50 752
50 10 752
10 75 247
75 10 247
10 81 643
81 10 643
10 78 51
78 10 51
10 43 608
43 10 608
10 11 100
11 10 100
10 41 797
41 10 797
11 24 442
24 11 442
11 33 675
33 11 675
11 26 405
26 11 405
11 82 807
82 11 807
11 59 747
59 11 747
11 50 106
50 11 106
11 29 254
29 11 254
11 48 766
48 11 766
11 11 631
11 11 631
11 51 627
51 11 627
11 75 358
75 11 358
11 35 750
35 11 750
11 71 710
71 11 710
12 15 98
15 12 98
12 27 352
27 12 352
12 38 105
38 12 105
12 34 73
34 12 73
12 16 26
16 12 26
12 35 175
35 12 175
12 76 938
76 12 938
12 32 163
32 12 163
12 24 20
24 12 20
12 54 429
54 12 429
12 20 839
20 12 839
13 14 898
14 13 898
13 17 4
17 13 4
13 31 276
31 13 276
13 36 747
36 13 747
13 71 959
71 13 959
13 53 271
53 13 271
13 31 4
31 13 4
13 30 177
30 13 177
13 31 1000
31 13 1000
13 56 978
56 13 978
13 42 146
42 13 146
13 62 349
62 13 349
13 82 7
82 13 7
13 26 879
26 13 879
13 41 138
41 13 138
13 71 657
71 13 657
13 67 870
67 13 870
14 29 60
29 14 60
14 67 391
67 14 391
14 45 215
45 14 215
14 80 791
80 14 791
14 84 253
84 14 253
14 80 155
80 14 155
15 21 61
21 15 61
15 51 999
51 15 999
15 34 908
34 15 908
15 62 131
62 15 131
15 66 71
66 15 71
15 29 994
29 15 994
15 46 834
46 15 834
16 42 251
42 16 251
16 44 306
44 16 306
16 67 334
67 16 334
16 24 498
24 16 498
16 32 259
32 16 259
17 47 825
47 17 825
17 52 687
52 17 687
17 64 305
64 17 305
17 35 594
35 17 594
17 79 66
79 17 66
17 44 230
44 17 230
17 71 478
71 17 478
18 61 586
61 18 586
18 51 555
51 18 555
18 71 63
71 18 63
18 39 481
39 18 481
18 48 540
48 18 540
18 65 579
65 18 579
19 28 909
28 19 909
19 45 488
45 19 488
19 65 639
65 19 639
19 71 982
71 19 982
19 35 517
35 19 517
19 33 251
33 19 251
19 44 101
44 19 101
19 48 911
48 19 911
19 56 275
56 19 275
19 55 244
55 19 244
19 57 335
57 19 335
19 20 415
20 19 415
19 61 142
61 19 142
19 54 111
54 19 111
19 75 353
75 19 353
20 56 300
56 20 300
20 44 806
44 20 806
20 42 63
42 20 63
20 76 738
76 20 738
20 81 844
81 20 844
20 31 833
31 20 833
21 23 453
23 21 453
21 57 889
57 21 889
21 73 103
73 21 103
21 22 804
22 21 804
22 30 71
30 22 71
22 27 267
27 22 267
22 38 275
38 22 275
22 49 831
49 22 831
22 42 151
42 22 151
22 37 804
37 22 804
22 55 270
55 22 270
22 60 955
60 22 955
22 33 154
33 22 154
23 34 57
34 23 57
23 39 661
39 23 661
23 52 966
52 23 966
23 38 111
38 23 111
23 55 857
55 23 857
23 59 113
59 23 113
24 26 89
26 24 89
24 36 695
36 24 695
24 76 883
76 24 883
24 40 203
40 24 203
24 85 885
85 24 885
24 36 363
36 24 363
24 48 79
48 24 79
24 61 288
61 24 288
24 73 750
73 24 750
24 78 95
78 24 95
25 57 100
57 25 100
25 39 670
39 25 670
25 60 817
60 25 817
25 39 137
39 25 137
25 75 235
75 25 235
25 84 810
84 25 810
25 49 307
49 25 307
25 79 987
79 25 987
25 62 174
62 25 174
25 74 252
74 25 252
25 28 355
28 25 355
25 27 129
27 25 129
25 48 585
48 25 585
26 44 314
44 26 314
26 55 335
55 26 335
26 49 20
49 26 20
26 52 144
52 26 144
26 81 12
81 26 12
27 32 546
32 27 546
27 63 248
63 27 248
27 27 657
27 27 657
27 79 236
79 27 236
27 81 8
81 27 8
27 30 268
30 27 268
28 28 628
28 28 628
28 80 425
80 28 425
28 44 259
44 28 259
28 33 184
33 28 184
29 37 669
37 29 669
29 43 953
43 29 953
29 74 900
74 29 900
29 49 167
49 29 167
29 68 333
68 29 333
29 51 356
51 29 356
29 56 864
56 29 864
30 41 849
41 30 849
30 83 392
83 30 392
30 37 204
37 30 204
30 31 372
31 30 372
30 81 27
81 30 27
30 81 486
81 30 486
30 59 579
59 30 579
31 33 812
33 31 812
31 83 845
83 31 845
31 53 193
53 31 193
31 32 485
32 31 485
32 60 393
60 32 393
32 74 814
74 32 814
32 67 646
67 32 646
32 79 45
79 32 45
32 76 282
76 32 282
33 40 958
40 33 958
33 68 179
68 33 179
33 38 574
38 33 574
33 36 708
36 33 708
33 42 1
42 33 1
33 60 620
60 33 620
33 42 808
42 33 808
33 57 677
57 33 677
33 63 841
63 33 841
34 56 656
56 34 656
34 85 355
85 34 355
34 73 970
73 34 970
34 36 998
36 34 998
34 73 348
73 34 348
34 46 632
46 34 632
34 65 1
65 34 1
34 71 579
71 34 579
34 52 607
52 34 607
35 51 581
51 35 581
35 46 832
46 35 832
35 73 859
73 35 859
35 49 96
49 35 96
35 47 623
47 35 623
35 45 84
45 35 84
36 68 234
68 36 234
36 53 373
53 36 373
36 68 747
68 36 747
36 45 626
45 36 626
36 55 493
55 36 493
36 52 911
52 36 911
36 79 864
79 36 864
37 86 750
86 37 750
37 66 328
66 37 328
37 58 181
58 37 181
37 43 42
43 37 42
37 62 884
62 37 884
37 78 691
78 37 691
37 64 948
64 37 948
37 55 753
55 37 753
38 42 836
42 38 836
39 61 471
61 39 471
39 58 710
58 39 710
39 57 521
57 39 521
39 76 836
76 39 836
39 53 207
53 39 207
39 76 960
76 39 960
40 48 992
48 40 992
40 55 123
55 40 123
40 70 953
70 40 953
41 62 299
62 41 299
41 66 284
66 41 284
41 83 708
83 41 708
41 57 681
57 41 681
41 77 508
77 41 508
41 80 367
80 41 367
41 77 476
77 41 476
41 63 934
63 41 934
41 82 433
82 41 433
42 58 904
58 42 904
42 44 842
44 42 842
42 61 931
61 42 931
43 63 727
63 43 727
43 67 387
67 43 387
43 57 593
57 43 593
44 53 470
53 44 470
44 50 495
50 44 495
44 44 472
44 44 472
44 44 221
44 44 221
45 74 233
74 45 233
45 64 103
64 45 103
45 85 934
85 45 934
45 73 540
73 45 540
45 68 441
68 45 441
45 58 213
58 45 213
45 60 229
60 45 229
46 69 912
69 46 912
46 76 237
76 46 237
46 51 639
51 46 639
46 66 299
66 46 299
46 71 402
71 46 402
46 53 858
53 46 858
46 82 153
82 46 153
46 56 244
56 46 244
46 69 340
69 46 340
46 79 691
79 46 691
46 80 320
80 46 320
47 62 449
62 47 449
47 69 420
69 47 420
47 55 316
55 47 316
48 69 213
69 48 213
48 62 541
62 48 541
49 58 518
58 49 518
49 80 603
80 49 603
49 62 254
62 49 254
49 82 128
82 49 128
50 81 22
81 50 22
50 76 282
76 50 282
50 68 264
68 50 264
51 61 546
61 51 546
51 82 329
82 51 329
51 83 16
83 51 16
51 63 525
63 51 525
51 84 99
84 51 99
51 70 821
70 51 821
52 84 601
84 52 601
52 84 216
84 52 216
53 63 773
63 53 773
53 79 41
79 53 41
53 76 708
76 53 708
53 57 222
57 53 222
54 82 40
82 54 40
54 69 738
69 54 738
55 59 761
59 55 761
56 79 762
79 56 762
56 76 91
76 56 91
56 86 644
86 56 644
56 65 807
65 56 807
56 74 403
74 56 403
56 57 579
57 56 579
56 76 314
76 56 314
57 65 14
65 57 14
57 72 526
72 57 526
57 73 846
73 57 846
57 70 844
70 57 844
58 65 866
65 58 866
58 82 605
82 58 605
58 79 327
79 58 327
58 79 336
79 58 336
58 81 800
81 58 800
59 73 30
73 59 30
59 68 590
68 59 590
59 81 768
81 59 768
60 66 859
66 60 859
60 68 395
68 60 395
61 80 496
80 61 496
61 66 741
66 61 741
62 78 968
78 62 968
62 84 766
84 62 766
62 74 909
74 62 909
63 76 363
76 63 363
63 80 397
80 63 397
63 73 531
73 63 531
63 63 967
63 63 967
65 77 444
77 65 444
65 84 718
84 65 718
67 70 697
70 67 697
67 76 338
76 67 338
67 71 631
71 67 631
67 79 437
79 67 437
67 82 429
82 67 429
68 77 193
77 68 193
68 86 714
86 68 714
69 70 567
70 69 567
70 85 436
85 70 436
70 77 203
77 70 203
71 75 676
75 71 676
71 73 655
73 71 655
71 74 517
74 71 517
71 73 148
73 71 148
72 83 357
83 72 357
72 83 325
83 72 325
73 78 774
78 73 774
73 75 376
75 73 376
73 84 167
84 73 167
74 78 13
78 74 13
74 82 819
82 74 819
74 79 30
79 74 30
75 83 565
83 75 565
75 78 726
78 75 726
75 76 735
76 75 735
75 82 948
82 75 948
77 79 516
79 77 516
80 84 86
84 80 86
