99

0 1 141
1 0 141
0 2 351
2 0 351
0 4 864
4 0 864
0 15 948
15 0 948
0 53 212
53 0 212
0 52 835
52 0 835
0 22 710
22 0 710
1 40 107
40 1 107
1 71 828
71 1 828
1 72 80
72 1 80
1 45 929
45 1 929
1 69 10
69 1 10
2 3 457
3 2 457
2 5 71
5 2 71
2 18 520
18 2 520
2 33 246
33 2 246
2 44 522
44 2 522
2 69 808
69 2 808
2 45 557
45 2 557
2 22 375
22 2 375
3 6 769
6 3 769
3 9 993
9 3 993
3 29 141
29 3 141
3 30 317
30 3 317
3 37 3
37 3 3
3 97 481
97 3 481
3 74 365
74 3 365
3 28 371
28 3 371
3 25 236
25 3 236
4 25 628
25 4 628
4 14 271
14 4 271
5 14 150
14 5 150
5 20 806
20 5 806
5 35 803
35 5 803
5 41 425
41 5 425
5 30 109
30 5 109
5 29 283
29 5 283
5 77 40
77 5 40
5 95 786
95 5 786
6 7 169
7 6 169
6 11 761
11 6 761
6 12 609
12 6 609
6 32 564
32 6 564
6 51 948
51 6 948
6 46 138
46 6 138
6 7 677
7 6 677
6 25 952
25 6 952
6 68 433
68 6 433
6 77 663
77 6 663
6 63 481
63 6 481
6 35 669
35 6 669
7 8 25
8 7 25
7 38 462
38 7 462
7 85 873
85 7 873
7 33 188
33 7 188
7 85 631
85 7 631
7 91 540
91 7 540
8 16 671
16 8 671
8 25 184
25 8 184
8 63 203
63 8 203
8 68 422
68 8 422
8 94 944
94 8 944
8 88 833
88 8 833
8 60 304
60 8 304
9 10 463
10 9 463
9 92 592
92 9 592
9 56 986
56 9 986
10 24 389
24 10 389
10 92 549
92 10 549
10 48 981
48 10 981
11 42 130
42 11 130
11 78 481
78 11 481
11 59 498
59 11 498
11 91 794
91 11 794
11 88 163
88 11 163
11 49 527
49 11 527
11 40 850
40 11 850
11 26 740
26 11 740
12 13 249
13 12 249
12 17 57
17 12 57
12 64 917
64 12 917
12 43 367
43 12 367
12 79 841
79 12 841
12 28 832
28 12 832
12 68 448
68 12 448
12 78 319
78 12 319
12 27 818
27 12 818
13 68 210
68 13 210
13 17 728
17 13 728
13 23 864
23 13 864
13 42 40
42 13 40
13 47 354
47 13 354
13 23 608
23 13 608
13 83 32
83 13 32
13 80 562
80 13 562
14 26 228
26 14 228
14 59 614
59 14 614
14 70 194
70 14 194
14 51 241
51 14 241
15 19 624
19 15 624
15 22 419
22 15 419
15 88 336
88 15 336
15 59 501
59 15 501
15 24 23
24 15 23
15 79 422
79 15 422
15 89 858
89 15 858
15 93 150
93 15 150
16 21 882
21 16 882
16 52 460
52 16 460
16 24 210
24 16 210
16 93 824
93 16 824
16 75 910
75 16 910
17 78 249
78 17 249
17 82 836
82 17 836
17 88 780
88 17 780
17 42 279
42 17 279
17 18 490
18 17 490
17 89 768
89 17 768
18 31 229
31 18 229
18 36 154
36 18 154
18 39 961
39 18 961
18 45 58
45 18 58
18 31 791
31 18 791
19 95 810
95 19 810
19 33 762
33 19 762
19 86 859
86 19 859
20 48 645
48 20 645
20 52 796
52 20 796
20 67 251
67 20 251
20 32 414
32 20 414
20 72 742
72 20 742
20 61 8
61 20 8
20 78 39
78 20 39
21 23 826
23 21 826
21 77 480
77 21 480
21 42 204
42 21 204
21 24 390
24 21 390
21 73 196
73 21 196
22 27 733
27 22 733
23 34 386
34 23 386
23 50 87
50 23 87
23 32 736
32 23 736
24 46 382
46 24 382
24 76 436
76 24 436
24 53 374
53 24 374
24 79 337
79 24 337
24 79 272
79 24 272
24 57 149
57 24 149
25 56 49
56 25 49
25 37 438
37 25 438
26 45 356
45 26 356
26 68 932
68 26 932
26 85 586
85 26 586
26 79 646
79 26 646
26 72 730
72 26 730
27 28 262
28 27 262
27 29 824
29 27 824
27 74 262
74 27 262
27 59 126
59 27 126
28 49 987
49 28 987
28 54 979
54 28 979
28 71 267
71 28 267
28 52 515
52 28 515
28 39 521
39 28 521
29 40 457
40 29 457
30 61 360
61 30 360
30 80 644
80 30 644
31 55 712
55 31 712
31 50 767
50 31 767
32 80 372
80 32 372
32 86 477
86 32 477
32 77 611
77 32 611
33 60 631
60 33 631
33 68 19
68 33 19
33 48 284
48 33 284
34 48 35
48 34 35
34 86 136
86 34 136
34 40 764
40 34 764
34 37 442
37 34 442
35 43 52
43 35 52
35 72 64
72 35 64
35 47 275
47 35 275
35 52 385
52 35 385
35 96 314
96 35 314
36 62 635
62 36 635
36 66 446
66 36 446
36 63 272
63 36 272
36 86 975
86 36 975
37 73 696
73 37 696
37 42 713
42 37 713
37 74 66
74 37 66
37 93 704
93 37 704
38 57 949
57 38 949
38 58 138
58 38 138
39 82 974
82 39 974
40 86 498
86 40 498
40 49 255
49 40 255
40 88 303
88 40 303
42 97 456
97 42 456
42 64 262
64 42 262
43 73 903
73 43 903
43 94 490
94 43 490
44 60 115
60 44 115
45 47 850
47 45 850
45 89 868
89 45 868
45 80 717
80 45 717
45 94 813
94 45 813
46 90 569
90 46 569
46 98 635
98 46 635
46 77 801
77 46 801
46 76 577
76 46 577
46 50 281
50 46 281
47 62 441
62 47 441
47 72 32
72 47 32
47 96 684
96 47 684
48 83 359
83 48 359
48 50 934
50 48 934
48 63 578
63 48 578
49 70 558
70 49 558
49 77 347
77 49 347
49 57 992
57 49 992
49 73 799
73 49 799
49 86 534
86 49 534
50 86 460
86 50 460
50 73 58
73 50 58
50 74 746
74 50 746
51 75 527
75 51 527
51 75 432
75 51 432
52 92 14
92 52 14
52 84 819
84 52 819
52 53 457
53 52 457
52 69 308
69 52 308
52 56 787
56 52 787
52 76 130
76 52 130
53 78 804
78 53 804
53 64 50
64 53 50
53 65 952
65 53 952
53 95 533
95 53 533
54 89 735
89 54 735
54 64 631
64 54 631
54 81 341
81 54 341
54 75 365
75 54 365
54 81 836
81 54 836
55 97 817
97 55 817
55 98 679
98 55 679
55 61 399
61 55 399
56 82 930
82 56 930
57 98 152
98 57 152
57 81 941
81 57 941
57 77 582
77 57 582
58 84 73
84 58 73
58 80 589
80 58 589
59 69 884
69 59 884
59 72 254
72 59 254
59 88 965
88 59 965
59 61 155
61 59 155
59 76 405
76 59 405
60 74 920
74 60 920
60 79 551
79 60 551
60 74 541
74 60 541
61 73 966
73 61 966
62 81 861
81 62 861
62 81 923
81 62 923
62 73 459
73 62 459
63 77 620
77 63 620
63 74 707
74 63 707
64 65 815
65 64 815
64 97 536
97 64 536
65 75 384
75 65 384
65 96 487
96 65 487
65 87 1000
87 65 1000
65 97 687
97 65 687
66 73 354
73 66 354
67 95 880
95 67 880
67 92 594
92 67 594
69 84 305
84 69 305
69 88 931
88 69 931
69 93 329
93 69 329
69 87 812
87 69 812
69 88 991
88 69 991
70 94 703
94 70 703
70 90 580
90 70 580
70 97 231
97 70 231
71 83 882
83 71 882
71 89 636
89 71 636
71 98 841
98 71 841
71 95 280
95 71 280
74 94 197
94 74 197
74 76 727
76 74 727
76 81 894
81 76 894
76 94 753
94 76 753
78 87 309
87 78 309
79 91 680
91 79 680
82 87 875
87 82 875
85 96 73
96 85 73
88 97 450
97 88 450
91 93 517
93 91 517
91 92 414
92 91 414
