48

0 1 724
1 0 724
0 2 345
2 0 345
0 8 587
8 0 587
0 18 306
18 0 306
0 46 875
46 0 875
1 3 937
3 1 937
1 7 320
7 1 320
1 14 679
14 1 679
2 5 479
5 2 479
2 9 941
9 2 941
2 16 758
16 2 758
3 4 81
4 3 81
3 10 612
10 3 612
3 15 201
15 3 201
3 31 234
31 3 234
4 41 745
41 4 745
4 45 870
45 4 870
5 6 607
6 5 607
5 11 284
11 5 284
5 13 486
13 5 486
5 28 971
28 5 971
6 20 514
20 6 514
6 23 720
23 6 720
6 43 522
43 6 522
7 19 892
19 7 892
7 29 745
29 7 745
7 34 256
34 7 256
7 47 633
47 7 633
9 25 726
25 9 726
11 12 517
12 11 517
11 32 559
32 11 559
12 21 448
21 12 448
12 33 462
33 12 462
14 17 996
17 14 996
14 26 196
26 14 196
16 36 382
36 16 382
16 37 13
37 16 13
19 22 379
22 19 379
19 38 240
38 19 240
21 27 302
27 21 302
23 24 91
24 23 91
24 30 228
30 24 228
26 39 180
39 26 180
27 35 483
35 27 483
28 40 442
40 28 442
28 42 100
42 28 100
31 44 549
44 31 549
