94

0 1 863
1 0 863
0 7 782
7 0 782
0 13 412
13 0 412
0 26 763
26 0 763
0 13 858
13 0 858
0 45 169
45 0 169
0 32 351
32 0 351
0 43 804
43 0 804
0 61 423
61 0 423
0 3 105
3 0 105
0 67 439
67 0 439
0 5 523
5 0 523
0 41 706
41 0 706
0 40 171
40 0 171
0 36 539
36 0 539
0 61 723
61 0 723
1 2 844
2 1 844
1 3 931
3 1 931
1 6 152
6 1 152
1 14 363
14 1 363
1 4 271
4 1 271
1 87 936
87 1 936
1 48 875
48 1 875
1 44 82
44 1 82
1 15 715
15 1 715
1 50 417
50 1 417
1 6 889
6 1 889
1 55 360
55 1 360
2 4 29
4 2 29
2 13 518
13 2 518
2 20 788
20 2 788
2 23 276
23 2 276
2 81 870
81 2 870
2 34 868
34 2 868
2 85 436
85 2 436
3 5 174
5 3 174
3 10 1
10 3 1
3 15 513
15 3 513
3 84 916
84 3 916
3 19 492
19 3 492
3 64 636
64 3 636
3 75 437
75 3 437
3 51 766
51 3 766
3 67 747
67 3 747
4 8 202
8 4 202
4 12 849
12 4 849
4 48 66
48 4 66
4 69 169
69 4 169
4 92 193
92 4 193
4 55 664
55 4 664
4 45 455
45 4 455
4 6 884
6 4 884
4 59 626
59 4 626
4 52 487
52 4 487
4 32 267
32 4 267
4 66 128
66 4 128
4 43 171
43 4 171
5 9 103
9 5 103
5 29 623
29 5 623
5 65 283
65 5 283
5 80 675
80 5 675
5 54 603
54 5 603
5 73 967
73 5 967
5 27 386
27 5 386
5 45 281
45 5 281
5 74 190
74 5 190
5 18 254
18 5 254
5 27 688
27 5 688
6 42 909
42 6 909
6 51 274
51 6 274
6 92 168
92 6 168
6 31 435
31 6 435
6 49 447
49 6 447
6 47 258
47 6 258
7 61 234
61 7 234
7 65 388
65 7 388
7 86 807
86 7 807
7 84 741
84 7 741
7 37 696
37 7 696
7 77 587
77 7 587
7 64 371
64 7 371
7 79 606
79 7 606
7 20 90
20 7 90
7 42 923
42 7 923
7 39 241
39 7 241
7 49 589
49 7 589
7 37 293
37 7 293
7 79 290
79 7 290
7 40 87
40 7 87
7 36 157
36 7 157
8 11 675
11 8 675
8 91 729
91 8 729
8 90 42
90 8 42
8 72 617
72 8 617
8 41 486
41 8 486
8 50 875
50 8 875
8 81 881
81 8 881
8 79 698
79 8 698
9 22 689
22 9 689
9 32 956
32 9 956
9 73 539
73 9 539
9 62 182
62 9 182
9 92 736
92 9 736
9 60 178
60 9 178
9 29 779
29 9 779
9 35 275
35 9 275
9 60 613
60 9 613
9 82 509
82 9 509
9 59 516
59 9 516
9 25 21
25 9 21
9 77 903
77 9 903
10 21 802
21 10 802
10 49 398
49 10 398
10 81 468
81 10 468
10 77 854
77 10 854
10 69 187
69 10 187
10 41 54
41 10 54
10 37 556
37 10 556
10 93 95
93 10 95
10 62 747
62 10 747
10 21 910
21 10 910
10 31 510
31 10 510
11 72 356
72 11 356
11 61 887
61 11 887
11 88 819
88 11 819
11 17 509
17 11 509
12 17 918
17 12 918
12 18 338
18 12 338
12 36 186
36 12 186
12 42 457
42 12 457
12 17 333
17 12 333
12 59 561
59 12 561
12 78 757
78 12 757
12 46 741
46 12 741
12 47 863
47 12 863
13 16 775
16 13 775
13 34 902
34 13 902
13 39 992
39 13 992
13 89 240
89 13 240
13 68 412
68 13 412
13 77 756
77 13 756
13 76 733
76 13 733
13 47 598
47 13 598
13 74 159
74 13 159
13 64 359
64 13 359
14 19 208
19 14 208
14 24 343
24 14 343
14 25 815
25 14 815
14 35 230
35 14 230
14 63 504
63 14 504
14 28 795
28 14 795
14 25 569
25 14 569
14 62 337
62 14 337
14 46 829
46 14 829
14 19 540
19 14 540
14 56 21
56 14 21
14 44 671
44 14 671
14 57 639
57 14 639
15 26 980
26 15 980
15 50 55
50 15 55
15 81 52
81 15 52
15 77 751
77 15 751
15 53 349
53 15 349
15 71 56
71 15 56
15 51 982
51 15 982
16 60 581
60 16 581
16 64 145
64 16 145
16 88 669
88 16 669
16 24 613
24 16 613
16 45 380
45 16 380
16 92 520
92 16 520
16 30 664
30 16 664
16 82 155
82 16 155
16 16 739
16 16 739
17 81 789
81 17 789
17 29 485
29 17 485
17 87 869
87 17 869
17 86 561
86 17 561
17 93 558
93 17 558
17 91 858
91 17 858
17 27 50
27 17 50
17 31 438
31 17 438
17 32 553
32 17 553
17 37 893
37 17 893
17 90 594
90 17 594
18 52 169
52 18 169
18 60 26
60 18 26
18 46 327
46 18 327
18 88 817
88 18 817
18 38 56
38 18 56
18 91 798
91 18 798
18 90 853
90 18 853
18 58 51
58 18 51
18 39 700
39 18 700
18 61 652
61 18 652
19 54 127
54 19 127
19 21 158
21 19 158
19 35 382
35 19 382
19 91 382
91 19 382
20 40 782
40 20 782
20 56 36
56 20 36
20 22 636
22 20 636
20 55 981
55 20 981
20 28 24
28 20 24
20 27 446
27 20 446
20 72 524
72 20 524
20 29 448
29 20 448
20 72 621
72 20 621
21 56 441
56 21 441
21 93 903
93 21 903
21 60 476
60 21 476
21 78 418
78 21 418
21 82 667
82 21 667
21 68 167
68 21 167
21 51 403
51 21 403
21 24 4
24 21 4
21 85 855
85 21 855
21 75 723
75 21 723
21 71 479
71 21 479
22 27 131
27 22 131
22 31 767
31 22 767
22 36 868
36 22 868
22 55 456
55 22 456
22 79 231
79 22 231
22 39 144
39 22 144
22 62 242
62 22 242
22 66 760
66 22 760
22 85 454
85 22 454
22 28 732
28 22 732
23 45 941
45 23 941
23 50 991
50 23 991
23 47 701
47 23 701
23 32 298
32 23 298
23 52 933
52 23 933
23 90 231
90 23 231
23 85 967
85 23 967
23 72 982
72 23 982
23 39 589
39 23 589
23 30 642
30 23 642
24 25 858
25 24 858
24 39 416
39 24 416
24 51 324
51 24 324
25 30 819
30 25 819
25 41 78
41 25 78
25 66 660
66 25 660
25 71 738
71 25 738
25 80 531
80 25 531
25 81 673
81 25 673
25 42 375
42 25 375
25 61 538
61 25 538
25 73 536
73 25 536
25 46 280
46 25 280
26 28 559
28 26 559
26 37 851
37 26 851
26 54 188
54 26 188
26 34 159
34 26 159
26 75 856
75 26 856
26 30 372
30 26 372
26 60 302
60 26 302
27 87 173
87 27 173
27 91 967
91 27 967
27 38 92
38 27 92
27 78 286
78 27 286
27 74 915
74 27 915
27 67 328
67 27 328
27 57 929
57 27 929
28 33 244
33 28 244
28 76 33
76 28 33
28 90 39
90 28 39
28 53 821
53 28 821
28 70 958
70 28 958
28 44 421
44 28 421
28 52 621
52 28 621
28 62 645
62 28 645
28 58 463
58 28 463
28 35 65
35 28 65
28 80 223
80 28 223
29 59 962
59 29 962
29 65 706
65 29 706
29 46 324
46 29 324
29 74 817
74 29 817
29 52 209
52 29 209
29 53 790
53 29 790
30 70 644
70 30 644
30 32 132
32 30 132
30 89 624
89 30 624
30 51 739
51 30 739
30 64 82
64 30 82
30 76 492
76 30 492
30 55 976
55 30 976
30 46 500
46 30 500
31 44 627
44 31 627
31 91 567
91 31 567
31 37 59
37 31 59
31 78 824
78 31 824
31 65 955
65 31 955
31 60 8
60 31 8
31 83 928
83 31 928
31 72 568
72 31 568
32 57 696
57 32 696
32 73 12
73 32 12
32 47 963
47 32 963
32 43 948
43 32 948
32 51 62
51 32 62
32 52 780
52 32 780
32 62 40
62 32 40
33 59 874
59 33 874
33 37 572
37 33 572
33 61 954
61 33 954
33 78 838
78 33 838
33 78 194
78 33 194
33 71 143
71 33 143
34 38 620
38 34 620
34 78 998
78 34 998
34 61 924
61 34 924
34 42 720
42 34 720
34 38 869
38 34 869
35 78 14
78 35 14
35 63 827
63 35 827
35 58 773
58 35 773
35 86 371
86 35 371
35 87 752
87 35 752
35 46 847
46 35 847
35 47 416
47 35 416
35 89 359
89 35 359
36 63 840
63 36 840
36 92 304
92 36 304
36 68 725
68 36 725
36 72 282
72 36 282
36 85 314
85 36 314
36 69 927
69 36 927
36 69 386
69 36 386
36 45 707
45 36 707
37 75 837
75 37 837
37 66 859
66 37 859
37 64 352
64 37 352
37 53 384
53 37 384
38 58 530
58 38 530
38 59 11
59 38 11
38 57 23
57 38 23
38 90 903
90 38 903
38 50 255
50 38 255
39 87 470
87 39 470
39 82 218
82 39 218
39 52 867
52 39 867
39 55 527
55 39 527
39 65 130
65 39 130
39 91 593
91 39 593
40 47 637
47 40 637
40 76 302
76 40 302
40 80 472
80 40 472
40 82 832
82 40 832
40 90 863
90 40 863
40 75 911
75 40 911
40 40 420
40 40 420
40 53 19
53 40 19
41 46 317
46 41 317
41 61 819
61 41 819
41 60 799
60 41 799
41 43 577
43 41 577
41 66 676
66 41 676
41 64 139
64 41 139
41 72 420
72 41 420
41 90 638
90 41 638
41 53 548
53 41 548
41 62 210
62 41 210
42 43 204
43 42 204
42 63 403
63 42 403
42 77 688
77 42 688
42 57 206
57 42 206
42 49 942
49 42 942
42 56 170
56 42 170
42 51 85
51 42 85
42 71 186
71 42 186
42 61 942
61 42 942
42 56 378
56 42 378
42 76 476
76 42 476
42 84 306
84 42 306
43 88 780
88 43 780
43 45 606
45 43 606
43 83 954
83 43 954
43 51 435
51 43 435
43 73 199
73 43 199
43 65 999
65 43 999
44 53 743
53 44 743
44 54 467
54 44 467
45 91 949
91 45 949
45 74 900
74 45 900
45 74 825
74 45 825
45 79 653
79 45 653
45 58 860
58 45 860
46 72 870
72 46 870
46 82 984
82 46 984
46 85 736
85 46 736
46 60 849
60 46 849
46 58 908
58 46 908
47 83 135
83 47 135
47 89 355
89 47 355
47 80 290
80 47 290
47 79 574
79 47 574
47 84 512
84 47 512
47 90 721
90 47 721
47 74 327
74 47 327
47 76 296
76 47 296
48 72 430
72 48 430
48 93 934
93 48 934
48 85 802
85 48 802
48 60 593
60 48 593
48 52 426
52 48 426
48 84 115
84 48 115
49 58 54
58 49 54
49 74 667
74 49 667
49 52 431
52 49 431
49 66 802
66 49 802
50 70 165
70 50 165
50 74 643
74 50 643
50 82 245
82 50 245
51 60 99
60 51 99
52 79 770
79 52 770
52 55 158
55 52 158
52 70 605
70 52 605
52 64 678
64 52 678
52 81 290
81 52 290
53 67 373
67 53 373
53 66 508
66 53 508
53 62 922
62 53 922
53 65 449
65 53 449
53 74 631
74 53 631
54 78 360
78 54 360
54 68 522
68 54 522
55 76 966
76 55 966
55 89 339
89 55 339
55 72 316
72 55 316
56 68 943
68 56 943
56 62 782
62 56 782
56 79 347
79 56 347
56 75 11
75 56 11
56 77 99
77 56 99
57 64 241
64 57 241
57 75 816
75 57 816
57 76 303
76 57 303
57 80 874
80 57 874
57 65 362
65 57 362
58 69 305
69 58 305
58 87 770
87 58 770
58 83 210
83 58 210
59 68 35
68 59 35
59 89 268
89 59 268
59 59 661
59 59 661
59 75 869
75 59 869
60 62 772
62 60 772
60 72 906
72 60 906
60 80 387
80 60 387
60 72 43
72 60 43
60 73 129
73 60 129
60 74 90
74 60 90
60 75 976
75 60 976
61 91 775
91 61 775
61 77 702
77 61 702
61 89 866
89 61 866
61 83 183
83 61 183
61 87 884
87 61 884
61 72 132
72 61 132
62 69 5
69 62 5
62 72 550
72 62 550
62 76 418
76 62 418
62 68 610
68 62 610
62 90 907
90 62 907
63 92 710
92 63 710
63 88 827
88 63 827
63 69 512
69 63 512
64 82 582
82 64 582
65 76 56
76 65 56
65 72 439
72 65 439
65 75 975
75 65 975
65 70 256
70 65 256
66 93 760
93 66 760
66 73 57
73 66 57
66 93 237
93 66 237
66 93 378
93 66 378
66 87 736
87 66 736
66 87 542
87 66 542
67 84 865
84 67 865
68 84 615
84 68 615
68 73 968
73 68 968
68 93 82
93 68 82
68 84 91
84 68 91
68 88 215
88 68 215
68 69 660
69 68 660
69 83 474
83 69 474
70 87 891
87 70 891
70 71 270
71 70 270
70 75 292
75 70 292
71 87 789
87 71 789
71 84 765
84 71 765
72 88 551
88 72 551
72 90 847
90 72 847
73 85 962
85 73 962
73 73 768
73 73 768
74 76 392
76 74 392
74 84 933
84 74 933
74 88 473
88 74 473
74 93 3
93 74 3
75 85 531
85 75 531
75 88 364
88 75 364
76 86 477
86 76 477
76 87 944
87 76 944
76 82 747
82 76 747
78 88 697
88 78 697
80 81 57
81 80 57
81 93 113
93 81 113
81 93 97
93 81 97
82 90 346
90 82 346
82 83 342
83 82 342
83 85 218
85 83 218
83 88 983
88 83 983
85 93 556
93 85 556
89 91 686
91 89 686
