83

0 1 729
1 0 729
0 2 181
2 0 181
0 5 806
5 0 806
0 8 687
8 0 687
0 12 494
12 0 494
0 69 461
69 0 461
0 11 519
11 0 519
1 9 645
9 1 645
1 17 825
17 1 825
2 3 261
3 2 261
2 4 386
4 2 386
2 7 67
7 2 67
3 6 928
6 3 928
3 65 817
65 3 817
4 22 351
22 4 351
4 28 880
28 4 880
4 49 800
49 4 800
5 13 232
13 5 232
5 14 560
14 5 560
5 19 361
19 5 361
6 18 211
18 6 211
6 23 303
23 6 303
6 39 183
39 6 183
7 11 746
11 7 746
8 10 673
10 8 673
8 36 275
36 8 275
9 27 893
27 9 893
9 38 72
38 9 72
9 67 31
67 9 31
9 50 49
50 9 49
11 15 732
15 11 732
11 33 217
33 11 217
11 43 478
43 11 478
11 61 684
61 11 684
11 25 345
25 11 345
11 30 717
30 11 717
11 39 485
39 11 485
13 67 727
67 13 727
14 44 736
44 14 736
14 17 73
17 14 73
15 16 763
16 15 763
15 31 625
31 15 625
15 35 616
35 15 616
16 25 9
25 16 9
16 50 2
50 16 2
16 43 478
43 16 478
17 40 472
40 17 472
17 49 117
49 17 117
17 75 437
75 17 437
17 77 458
77 17 458
17 21 613
21 17 613
17 48 877
48 17 877
18 21 933
21 18 933
18 24 917
24 18 917
18 29 488
29 18 488
18 23 51
23 18 51
19 20 546
20 19 546
20 70 498
70 20 498
20 26 836
26 20 836
21 54 27
54 21 27
21 63 534
63 21 534
22 26 655
26 22 655
22 41 431
41 22 431
22 58 121
58 22 121
22 66 119
66 22 119
23 30 332
30 23 332
23 55 289
55 23 289
23 68 9
68 23 9
24 47 153
47 24 153
24 53 469
53 24 469
24 71 195
71 24 195
24 42 779
42 24 779
25 34 507
34 25 507
25 67 139
67 25 139
25 38 144
38 25 144
25 68 305
68 25 305
26 37 746
37 26 746
26 51 693
51 26 693
26 72 277
72 26 277
26 79 889
79 26 889
27 47 849
47 27 849
28 32 212
32 28 212
28 38 980
38 28 980
28 46 714
46 28 714
28 35 787
35 28 787
29 45 574
45 29 574
29 49 686
49 29 686
30 33 9
33 30 9
30 71 513
71 30 513
30 38 540
38 30 540
31 76 675
76 31 675
32 57 816
57 32 816
32 52 157
52 32 157
33 74 481
74 33 481
33 72 803
72 33 803
34 56 341
56 34 341
34 44 833
44 34 833
35 73 596
73 35 596
35 78 401
78 35 401
37 43 476
43 37 476
38 42 268
42 38 268
38 60 983
60 38 983
40 52 800
52 40 800
40 47 125
47 40 125
40 81 163
81 40 163
40 48 557
48 40 557
40 47 876
47 40 876
42 58 605
58 42 605
45 48 634
48 45 634
46 61 243
61 46 243
46 73 603
73 46 603
48 51 988
51 48 988
49 62 462
62 49 462
49 53 276
53 49 276
50 62 228
62 50 228
50 82 826
82 50 826
51 64 229
64 51 229
53 59 340
59 53 340
55 79 768
79 55 768
58 65 637
65 58 637
60 71 350
71 60 350
61 76 624
76 61 624
62 76 895
76 62 895
65 78 786
78 65 786
66 81 31
81 66 31
66 73 890
73 66 890
70 80 528
80 70 528
