72

0 1 963
1 0 963
0 2 471
2 0 471
0 16 448
16 0 448
0 68 397
68 0 397
0 17 56
17 0 56
0 36 859
36 0 859
0 68 898
68 0 898
0 57 548
57 0 548
0 59 872
59 0 872
0 59 230
59 0 230
0 69 172
69 0 172
1 3 769
3 1 769
1 6 775
6 1 775
1 8 907
8 1 907
1 12 122
12 1 122
1 22 148
22 1 148
1 29 890
29 1 890
1 36 179
36 1 179
1 37 518
37 1 518
1 54 59
54 1 59
1 6 121
6 1 121
1 61 688
61 1 688
1 23 738
23 1 738
2 4 44
4 2 44
2 18 649
18 2 649
2 19 780
19 2 780
2 58 413
58 2 413
2 54 397
54 2 397
2 6 663
6 2 663
2 16 905
16 2 905
2 3 599
3 2 599
2 68 808
68 2 808
3 5 348
5 3 348
3 7 392
7 3 392
3 71 957
71 3 957
3 43 975
43 3 975
3 15 626
15 3 626
3 16 95
16 3 95
3 58 789
58 3 789
3 65 551
65 3 551
3 62 682
62 3 682
4 40 665
40 4 665
4 16 877
16 4 877
4 28 424
28 4 424
4 25 358
25 4 358
4 41 533
41 4 533
4 55 142
55 4 142
4 4 613
4 4 613
4 33 425
33 4 425
5 9 435
9 5 435
5 23 886
23 5 886
5 70 1
70 5 1
5 36 653
36 5 653
5 64 380
64 5 380
5 21 56
21 5 56
5 46 579
46 5 579
5 21 513
21 5 513
5 31 856
31 5 856
5 55 481
55 5 481
5 43 445
43 5 445
6 11 507
11 6 507
6 25 241
25 6 241
6 30 95
30 6 95
6 69 852
69 6 852
6 37 266
37 6 266
6 60 836
60 6 836
6 50 329
50 6 329
6 55 719
55 6 719
6 69 652
69 6 652
6 26 830
26 6 830
6 22 192
22 6 192
7 11 357
11 7 357
7 37 796
37 7 796
7 48 659
48 7 659
7 50 134
50 7 134
7 42 927
42 7 927
8 10 744
10 8 744
8 14 377
14 8 377
8 21 337
21 8 337
8 33 467
33 8 467
8 37 821
37 8 821
8 60 417
60 8 417
9 46 254
46 9 254
9 19 81
19 9 81
9 18 76
18 9 76
10 24 484
24 10 484
10 49 711
49 10 711
10 37 24
37 10 24
10 23 666
23 10 666
10 42 82
42 10 82
10 12 542
12 10 542
10 16 244
16 10 244
10 70 715
70 10 715
10 36 843
36 10 843
11 13 548
13 11 548
11 26 912
26 11 912
11 31 552
31 11 552
11 46 736
46 11 736
11 47 346
47 11 346
11 47 629
47 11 629
11 20 479
20 11 479
11 18 418
18 11 418
11 17 214
17 11 214
11 67 923
67 11 923
11 67 129
67 11 129
11 33 408
33 11 408
12 28 769
28 12 769
12 50 862
50 12 862
12 24 997
24 12 997
12 63 444
63 12 444
12 32 553
32 12 553
13 21 508
21 13 508
13 64 692
64 13 692
13 64 418
64 13 418
13 53 712
53 13 712
13 43 575
43 13 575
14 15 292
15 14 292
14 17 590
17 14 590
14 57 306
57 14 306
14 28 339
28 14 339
14 71 342
71 14 342
14 22 994
22 14 994
15 51 382
51 15 382
15 51 485
51 15 485
15 71 82
71 15 82
15 36 661
36 15 661
15 42 719
42 15 719
15 36 285
36 15 285
15 16 9
16 15 9
15 39 906
39 15 906
15 65 598
65 15 598
16 27 466
27 16 466
16 45 706
45 16 706
16 52 310
52 16 310
16 56 848
56 16 848
16 69 179
69 16 179
16 64 863
64 16 863
16 67 684
67 16 684
16 68 39
68 16 39
17 43 807
43 17 807
17 65 565
65 17 565
17 47 28
47 17 28
17 66 608
66 17 608
17 68 495
68 17 495
18 20 119
20 18 119
18 61 353
61 18 353
18 24 700
24 18 700
18 32 812
32 18 812
18 71 542
71 18 542
18 69 198
69 18 198
18 25 863
25 18 863
19 19 114
19 19 114
19 29 7
29 19 7
19 58 318
58 19 318
19 47 117
47 19 117
19 21 645
21 19 645
19 38 284
38 19 284
20 36 125
36 20 125
20 24 96
24 20 96
20 23 375
23 20 375
21 34 784
34 21 784
21 27 474
27 21 474
21 54 251
54 21 251
21 70 323
70 21 323
22 63 518
63 22 518
22 43 162
43 22 162
22 67 813
67 22 813
22 27 266
27 22 266
22 31 44
31 22 44
22 54 798
54 22 798
22 40 931
40 22 931
23 65 213
65 23 213
23 52 963
52 23 963
23 41 342
41 23 342
24 37 872
37 24 872
24 33 979
33 24 979
25 44 740
44 25 740
25 70 691
70 25 691
25 64 966
64 25 966
25 67 190
67 25 190
25 49 842
49 25 842
25 52 404
52 25 404
25 42 395
42 25 395
25 52 345
52 25 345
26 66 930
66 26 930
26 70 95
70 26 95
26 64 547
64 26 547
26 31 841
31 26 841
26 32 287
32 26 287
27 32 923
32 27 923
27 42 691
42 27 691
27 65 6
65 27 6
27 67 628
67 27 628
27 48 957
48 27 957
28 35 826
35 28 826
28 30 915
30 28 915
28 34 379
34 28 379
28 46 456
46 28 456
28 52 440
52 28 440
28 35 232
35 28 232
28 44 174
44 28 174
28 67 350
67 28 350
29 36 466
36 29 466
29 52 541
52 29 541
29 60 477
60 29 477
29 57 949
57 29 949
30 31 643
31 30 643
30 39 629
39 30 629
30 50 796
50 30 796
30 51 558
51 30 558
30 32 852
32 30 852
31 63 658
63 31 658
31 61 68
61 31 68
31 66 493
66 31 493
31 42 796
42 31 796
31 65 171
65 31 171
31 59 877
59 31 877
31 71 68
71 31 68
32 48 146
48 32 146
32 63 218
63 32 218
32 67 780
67 32 780
32 50 709
50 32 709
32 45 826
45 32 826
32 64 138
64 32 138
33 37 819
37 33 819
33 39 469
39 33 469
33 68 74
68 33 74
33 37 185
37 33 185
33 43 537
43 33 537
34 55 750
55 34 750
34 69 932
69 34 932
34 61 998
61 34 998
35 38 494
38 35 494
35 60 160
60 35 160
35 58 191
58 35 191
35 45 93
45 35 93
35 54 675
54 35 675
35 58 957
58 35 957
35 50 302
50 35 302
36 65 584
65 36 584
36 49 747
49 36 747
36 38 580
38 36 580
36 65 854
65 36 854
36 64 3
64 36 3
36 67 332
67 36 332
37 59 720
59 37 720
37 60 160
60 37 160
37 55 328
55 37 328
37 71 217
71 37 217
37 68 87
68 37 87
37 60 916
60 37 916
38 63 428
63 38 428
38 63 719
63 38 719
38 50 932
50 38 932
38 54 643
54 38 643
39 64 344
64 39 344
39 58 321
58 39 321
39 56 604
56 39 604
39 61 689
61 39 689
39 57 433
57 39 433
39 55 503
55 39 503
39 64 785
64 39 785
40 41 990
41 40 990
40 53 567
53 40 567
40 50 375
50 40 375
40 69 481
69 40 481
41 54 1000
54 41 1000
41 68 531
68 41 531
41 46 83
46 41 83
42 55 2
55 42 2
43 62 435
62 43 435
43 66 774
66 43 774
43 52 665
52 43 665
43 67 738
67 43 738
44 58 522
58 44 522
44 51 51
51 44 51
44 51 984
51 44 984
44 71 396
71 44 396
44 51 696
51 44 696
45 49 392
49 45 392
45 67 832
67 45 832
46 60 32
60 46 32
46 55 690
55 46 690
48 49 885
49 48 885
48 59 377
59 48 377
49 64 626
64 49 626
49 59 361
59 49 361
49 55 576
55 49 576
49 60 41
60 49 41
49 49 334
49 49 334
50 56 427
56 50 427
52 55 466
55 52 466
53 61 119
61 53 119
53 57 940
57 53 940
53 59 870
59 53 870
53 59 850
59 53 850
53 54 239
54 53 239
54 54 711
54 54 711
54 55 732
55 54 732
54 67 441
67 54 441
56 67 198
67 56 198
57 69 212
69 57 212
57 67 292
67 57 292
57 68 309
68 57 309
60 63 895
63 60 895
61 62 994
62 61 994
61 68 488
68 61 488
61 67 371
67 61 371
62 70 400
70 62 400
63 69 191
69 63 191
63 64 371
64 63 371
64 68 183
68 64 183
65 66 65
66 65 65
69 70 748
70 69 748
