69

0 1 408
1 0 408
0 2 918
2 0 918
0 3 451
3 0 451
0 13 328
13 0 328
0 19 773
19 0 773
0 60 146
60 0 146
1 4 492
4 1 492
1 11 819
11 1 819
1 16 676
16 1 676
1 39 334
39 1 334
2 5 775
5 2 775
2 8 762
8 2 762
2 18 893
18 2 893
2 25 251
25 2 251
2 65 46
65 2 46
2 53 426
53 2 426
2 67 44
67 2 44
3 9 760
9 3 760
3 15 185
15 3 185
4 6 51
6 4 51
4 7 856
7 4 856
4 21 286
21 4 286
4 41 696
41 4 696
4 14 769
14 4 769
5 20 69
20 5 69
6 52 951
52 6 951
7 37 168
37 7 168
8 10 346
10 8 346
9 22 249
22 9 249
9 23 784
23 9 784
10 12 261
12 10 261
10 14 466
14 10 466
11 40 526
40 11 526
11 63 538
63 11 538
12 17 619
17 12 619
12 66 871
66 12 871
12 22 955
22 12 955
13 28 396
28 13 396
13 62 514
62 13 514
13 54 587
54 13 587
14 26 972
26 14 972
14 34 679
34 14 679
14 51 970
51 14 970
14 61 51
61 14 51
15 30 655
30 15 655
15 24 245
24 15 245
16 35 733
35 16 733
16 38 913
38 16 913
17 29 811
29 17 811
17 64 369
64 17 369
17 46 619
46 17 619
18 24 789
24 18 789
18 36 313
36 18 313
19 33 516
33 19 516
19 46 376
46 19 376
20 51 269
51 20 269
21 27 290
27 21 290
21 48 417
48 21 417
22 59 347
59 22 347
23 31 776
31 23 776
23 53 864
53 23 864
24 49 853
49 24 853
24 63 234
63 24 234
24 66 351
66 24 351
25 43 419
43 25 419
26 42 577
42 26 577
26 27 491
27 26 491
27 43 208
43 27 208
29 44 254
44 29 254
30 32 238
32 30 238
31 57 300
57 31 300
31 58 587
58 31 587
32 38 42
38 32 42
34 47 976
47 34 976
34 50 604
50 34 604
34 68 942
68 34 942
34 59 89
59 34 89
35 67 37
67 35 37
35 41 69
41 35 69
41 45 507
45 41 507
42 65 37
65 42 37
45 54 837
54 45 837
47 56 414
56 47 414
48 55 418
55 48 418
51 58 80
58 51 80
53 61 498
61 53 498
54 60 517
60 54 517
58 66 582
66 58 582
