100

0 1 147
1 0 147
0 13 560
13 0 560
0 14 412
14 0 412
0 17 847
17 0 847
0 4 155
4 0 155
0 82 841
82 0 841
0 81 653
81 0 653
0 86 421
86 0 421
0 4 815
4 0 815
0 47 931
47 0 931
0 29 572
29 0 572
0 91 48
91 0 48
0 57 145
57 0 145
0 65 776
65 0 776
0 83 277
83 0 277
0 90 237
90 0 237
1 2 472
2 1 472
1 4 598
4 1 598
1 6 629
6 1 629
1 9 854
9 1 854
1 85 202
85 1 202
1 80 87
80 1 87
1 73 516
73 1 516
1 93 569
93 1 569
1 64 469
64 1 469
1 80 646
80 1 646
1 97 350
97 1 350
1 62 508
62 1 508
1 36 90
36 1 90
1 19 33
19 1 33
1 5 709
5 1 709
1 54 96
54 1 96
1 86 673
86 1 673
1 61 744
61 1 744
1 5 539
5 1 539
2 3 190
3 2 190
2 7 412
7 2 412
2 45 839
45 2 839
2 78 62
78 2 62
2 38 297
38 2 297
2 62 502
62 2 502
2 89 184
89 2 184
2 96 674
96 2 674
2 10 669
10 2 669
2 5 662
5 2 662
2 8 9
8 2 9
2 79 974
79 2 974
2 42 254
42 2 254
2 48 896
48 2 896
2 68 15
68 2 15
2 55 540
55 2 540
2 99 902
99 2 902
2 53 983
53 2 983
2 82 153
82 2 153
2 34 126
34 2 126
2 49 340
49 2 340
2 57 140
57 2 140
3 15 352
15 3 352
3 24 183
24 3 183
3 99 296
99 3 296
3 96 310
96 3 310
3 4 734
4 3 734
3 42 611
42 3 611
3 64 363
64 3 363
3 26 563
26 3 563
3 18 970
18 3 970
3 49 272
49 3 272
3 55 417
55 3 417
4 5 678
5 4 678
4 22 956
22 4 956
4 40 176
40 4 176
4 63 625
63 4 625
4 77 684
77 4 684
4 11 701
11 4 701
4 26 337
26 4 337
4 64 13
64 4 13
4 73 163
73 4 163
4 62 519
62 4 519
5 8 501
8 5 501
5 21 524
21 5 524
5 29 100
29 5 100
5 62 611
62 5 611
5 82 462
82 5 462
5 50 963
50 5 963
5 18 573
18 5 573
5 73 316
73 5 316
5 85 615
85 5 615
5 74 544
74 5 544
5 79 906
79 5 906
5 96 624
96 5 624
5 91 61
91 5 61
5 24 854
24 5 854
5 95 253
95 5 253
6 16 416
16 6 416
6 25 803
25 6 803
6 31 260
31 6 260
6 41 699
41 6 699
6 75 739
75 6 739
6 16 847
16 6 847
6 59 488
59 6 488
6 53 447
53 6 447
6 30 311
30 6 311
6 48 132
48 6 132
6 8 258
8 6 258
6 42 97
42 6 97
6 38 27
38 6 27
6 34 247
34 6 247
6 30 213
30 6 213
6 37 510
37 6 510
6 46 167
46 6 167
7 10 567
10 7 567
7 20 431
20 7 431
7 23 867
23 7 867
7 43 818
43 7 818
7 18 502
18 7 502
7 26 980
26 7 980
7 32 654
32 7 654
7 99 999
99 7 999
7 51 78
51 7 78
7 81 391
81 7 391
7 49 444
49 7 444
8 28 103
28 8 103
8 37 34
37 8 34
8 44 244
44 8 244
8 28 745
28 8 745
8 9 572
9 8 572
8 41 404
41 8 404
8 61 447
61 8 447
8 26 719
26 8 719
8 34 335
34 8 335
8 91 932
91 8 932
8 61 534
61 8 534
8 71 882
71 8 882
9 96 590
96 9 590
9 77 767
77 9 767
9 25 30
25 9 30
9 22 750
22 9 750
9 27 788
27 9 788
9 42 424
42 9 424
9 85 901
85 9 901
9 91 669
91 9 669
9 78 171
78 9 171
9 80 377
80 9 377
9 52 63
52 9 63
9 75 617
75 9 617
9 57 909
57 9 909
9 70 535
70 9 535
9 92 38
92 9 38
9 79 885
79 9 885
10 11 11
11 10 11
10 12 77
12 10 77
10 47 458
47 10 458
10 95 51
95 10 51
10 57 157
57 10 157
10 72 291
72 10 291
10 35 893
35 10 893
10 87 111
87 10 111
10 13 632
13 10 632
10 95 295
95 10 295
10 75 203
75 10 203
10 47 605
47 10 605
10 78 212
78 10 212
10 62 742
62 10 742
10 29 439
29 10 439
11 18 976
18 11 976
11 89 806
89 11 806
11 53 788
53 11 788
11 91 263
91 11 263
11 37 16
37 11 16
11 67 547
67 11 547
11 44 713
44 11 713
11 14 944
14 11 944
11 35 259
35 11 259
11 63 291
63 11 291
11 36 146
36 11 146
11 48 304
48 11 304
11 82 824
82 11 824
11 50 864
50 11 864
11 95 297
95 11 297
12 39 99
39 12 99
12 97 992
97 12 992
12 20 572
20 12 572
12 50 991
50 12 991
12 33 790
33 12 790
12 49 817
49 12 817
12 71 773
71 12 773
12 48 329
48 12 329
12 31 799
31 12 799
12 62 634
62 12 634
12 75 268
75 12 268
12 21 168
21 12 168
13 19 190
19 13 190
13 32 60
32 13 60
13 33 288
33 13 288
13 61 824
61 13 824
13 15 760
15 13 760
13 43 551
43 13 551
13 83 614
83 13 614
13 14 293
14 13 293
13 69 726
69 13 726
13 45 192
45 13 192
13 85 633
85 13 633
13 42 812
42 13 812
13 94 420
94 13 420
14 70 597
70 14 597
14 88 220
88 14 220
14 59 645
59 14 645
14 14 973
14 14 973
14 55 819
55 14 819
14 20 881
20 14 881
14 61 999
61 14 999
14 69 505
69 14 505
14 27 777
27 14 777
14 21 140
21 14 140
14 90 926
90 14 926
15 77 431
77 15 431
15 67 344
67 15 344
15 93 133
93 15 133
15 44 397
44 15 397
15 62 564
62 15 564
15 50 720
50 15 720
15 57 832
57 15 832
15 87 445
87 15 445
15 40 376
40 15 376
15 23 70
23 15 70
15 84 43
84 15 43
15 79 983
79 15 983
15 37 917
37 15 917
15 34 165
34 15 165
15 35 357
35 15 357
15 58 43
58 15 43
16 35 950
35 16 950
16 49 977
49 16 977
16 52 24
52 16 24
16 91 988
91 16 988
16 58 980
58 16 980
16 90 163
90 16 163
16 65 571
65 16 571
16 76 352
76 16 352
16 34 627
34 16 627
16 51 915
51 16 915
16 26 914
26 16 914
16 20 280
20 16 280
17 26 855
26 17 855
17 70 994
70 17 994
17 87 714
87 17 714
17 59 564
59 17 564
17 63 208
63 17 208
17 21 925
21 17 925
17 33 75
33 17 75
17 62 765
62 17 765
17 79 762
79 17 762
17 40 326
40 17 326
18 67 853
67 18 853
18 19 98
19 18 98
18 90 385
90 18 385
18 26 232
26 18 232
18 89 503
89 18 503
18 59 974
59 18 974
18 46 353
46 18 353
18 97 755
97 18 755
18 39 467
39 18 467
18 65 544
65 18 544
18 41 43
41 18 43
18 44 692
44 18 692
18 74 257
74 18 257
18 87 125
87 18 125
18 19 70
19 18 70
18 98 355
98 18 355
19 33 75
33 19 75
19 57 675
57 19 675
19 34 570
34 19 570
19 38 643
38 19 643
19 38 657
38 19 657
19 36 809
36 19 809
19 60 122
60 19 122
20 27 997
27 20 997
20 34 518
34 20 518
20 54 899
54 20 899
20 60 292
60 20 292
20 92 422
92 20 422
20 68 999
68 20 999
20 31 465
31 20 465
20 51 336
51 20 336
20 25 752
25 20 752
20 41 844
41 20 844
20 71 409
71 20 409
20 87 56
87 20 56
20 53 889
53 20 889
20 97 84
97 20 84
20 46 205
46 20 205
20 23 393
23 20 393
20 98 169
98 20 169
20 89 283
89 20 283
20 98 810
98 20 810
21 69 240
69 21 240
21 94 842
94 21 842
21 87 273
87 21 273
21 95 407
95 21 407
21 99 266
99 21 266
21 47 218
47 21 218
21 87 767
87 21 767
21 22 982
22 21 982
21 98 296
98 21 296
21 33 603
33 21 603
21 80 532
80 21 532
21 46 740
46 21 740
21 55 138
55 21 138
21 95 163
95 21 163
21 60 279
60 21 279
21 86 134
86 21 134
21 82 753
82 21 753
21 37 611
37 21 611
22 30 402
30 22 402
22 90 514
90 22 514
22 60 402
60 22 402
22 69 544
69 22 544
22 89 469
89 22 469
22 37 782
37 22 782
22 40 824
40 22 824
22 96 742
96 22 742
22 24 100
24 22 100
22 91 58
91 22 58
22 72 851
72 22 851
22 73 778
73 22 778
22 87 914
87 22 914
22 91 264
91 22 264
22 25 282
25 22 282
22 96 565
96 22 565
22 58 585
58 22 585
23 34 61
34 23 61
23 80 232
80 23 232
23 38 826
38 23 826
23 45 108
45 23 108
23 99 64
99 23 64
23 65 102
65 23 102
23 67 286
67 23 286
23 56 320
56 23 320
23 37 391
37 23 391
23 60 130
60 23 130
23 73 473
73 23 473
24 58 792
58 24 792
24 64 526
64 24 526
24 93 791
93 24 791
24 90 994
90 24 994
24 59 161
59 24 161
24 31 958
31 24 958
24 83 246
83 24 246
24 97 849
97 24 849
24 54 989
54 24 989
24 92 593
92 24 593
25 57 187
57 25 187
25 46 597
46 25 597
25 55 331
55 25 331
25 74 168
74 25 168
25 39 865
39 25 865
25 43 227
43 25 227
25 77 962
77 25 962
25 58 655
58 25 655
25 49 286
49 25 286
25 97 806
97 25 806
25 92 884
92 25 884
25 62 326
62 25 326
25 76 546
76 25 546
25 86 789
86 25 789
25 79 755
79 25 755
26 70 542
70 26 542
26 75 185
75 26 185
26 36 445
36 26 445
26 90 110
90 26 110
26 63 204
63 26 204
26 38 554
38 26 554
26 68 915
68 26 915
27 36 629
36 27 629
27 57 862
57 27 862
27 80 659
80 27 659
27 43 372
43 27 372
27 31 819
31 27 819
27 48 639
48 27 639
27 87 374
87 27 374
27 99 413
99 27 413
27 93 721
93 27 721
27 63 780
63 27 780
28 80 62
80 28 62
28 93 127
93 28 127
28 64 372
64 28 372
28 72 517
72 28 517
28 46 716
46 28 716
28 66 863
66 28 863
28 40 225
40 28 225
28 59 714
59 28 714
29 85 981
85 29 981
29 71 829
71 29 829
29 49 56
49 29 56
29 79 106
79 29 106
29 41 355
41 29 355
29 36 731
36 29 731
29 62 52
62 29 52
29 72 137
72 29 137
29 52 348
52 29 348
29 98 504
98 29 504
29 45 463
45 29 463
30 43 541
43 30 541
30 46 67
46 30 67
30 80 595
80 30 595
30 43 481
43 30 481
30 72 460
72 30 460
30 43 17
43 30 17
30 81 198
81 30 198
30 99 309
99 30 309
30 39 949
39 30 949
30 84 751
84 30 751
30 69 770
69 30 770
30 41 596
41 30 596
30 42 641
42 30 641
31 38 243
38 31 243
31 62 622
62 31 622
31 69 511
69 31 511
31 79 838
79 31 838
31 94 953
94 31 953
31 92 3
92 31 3
31 71 602
71 31 602
31 34 523
34 31 523
31 65 378
65 31 378
31 82 970
82 31 970
31 95 790
95 31 790
32 47 265
47 32 265
32 43 811
43 32 811
32 57 878
57 32 878
32 43 595
43 32 595
32 48 799
48 32 799
32 40 716
40 32 716
32 98 340
98 32 340
32 74 96
74 32 96
32 50 635
50 32 635
32 39 615
39 32 615
32 87 748
87 32 748
32 95 731
95 32 731
32 86 102
86 32 102
32 34 415
34 32 415
32 72 547
72 32 547
33 86 896
86 33 896
33 73 536
73 33 536
33 84 970
84 33 970
33 99 884
99 33 884
33 75 31
75 33 31
33 65 725
65 33 725
33 65 702
65 33 702
33 45 865
45 33 865
33 62 979
62 33 979
33 96 331
96 33 331
33 38 862
38 33 862
34 46 848
46 34 848
34 75 713
75 34 713
34 70 740
70 34 740
35 44 502
44 35 502
35 44 782
44 35 782
35 55 880
55 35 880
35 58 217
58 35 217
35 89 212
89 35 212
35 89 31
89 35 31
36 82 285
82 36 285
36 41 618
41 36 618
36 87 93
87 36 93
36 80 960
80 36 960
36 45 307
45 36 307
37 71 334
71 37 334
37 73 266
73 37 266
37 53 754
53 37 754
37 76 27
76 37 27
37 51 215
51 37 215
37 72 290
72 37 290
37 65 395
65 37 395
38 68 186
68 38 186
38 70 84
70 38 84
38 45 122
45 38 122
38 99 498
99 38 498
38 39 160
39 38 160
38 93 43
93 38 43
38 51 869
51 38 869
38 60 940
60 38 940
38 66 435
66 38 435
38 90 357
90 38 357
38 87 222
87 38 222
38 56 488
56 38 488
38 88 966
88 38 966
39 50 333
50 39 333
39 85 118
85 39 118
39 74 63
74 39 63
39 69 30
69 39 30
39 99 892
99 39 892
39 80 647
80 39 647
39 54 995
54 39 995
40 50 777
50 40 777
40 66 796
66 40 796
40 59 380
59 40 380
40 44 308
44 40 308
40 81 956
81 40 956
40 79 266
79 40 266
41 42 456
42 41 456
41 51 489
51 41 489
41 51 269
51 41 269
41 93 983
93 41 983
41 42 4
42 41 4
41 83 241
83 41 241
41 81 820
81 41 820
41 65 416
65 41 416
41 92 380
92 41 380
41 81 115
81 41 115
42 75 260
75 42 260
42 75 305
75 42 305
42 93 525
93 42 525
42 88 979
88 42 979
42 72 11
72 42 11
42 66 798
66 42 798
42 96 109
96 42 109
42 68 337
68 42 337
43 66 201
66 43 201
43 62 284
62 43 284
43 87 922
87 43 922
43 95 196
95 43 196
44 48 40
48 44 40
44 91 647
91 44 647
44 52 961
52 44 961
44 77 202
77 44 202
44 93 317
93 44 317
44 61 909
61 44 909
44 51 893
51 44 893
44 59 254
59 44 254
45 55 979
55 45 979
45 56 700
56 45 700
45 87 85
87 45 85
45 61 370
61 45 370
45 79 614
79 45 614
45 76 839
76 45 839
45 70 92
70 45 92
45 74 766
74 45 766
45 89 513
89 45 513
45 56 292
56 45 292
45 98 506
98 45 506
45 55 798
55 45 798
45 47 902
47 45 902
45 68 534
68 45 534
46 65 998
65 46 998
46 80 507
80 46 507
46 50 306
50 46 306
46 67 687
67 46 687
46 51 248
51 46 248
46 55 654
55 46 654
46 47 928
47 46 928
46 55 680
55 46 680
46 88 826
88 46 826
47 74 406
74 47 406
47 76 486
76 47 486
47 78 547
78 47 547
47 51 28
51 47 28
47 63 364
63 47 364
47 54 244
54 47 244
47 70 259
70 47 259
47 49 139
49 47 139
47 81 33
81 47 33
48 74 832
74 48 832
48 66 213
66 48 213
48 76 846
76 48 846
48 60 617
60 48 617
48 86 841
86 48 841
48 63 363
63 48 363
48 53 871
53 48 871
49 53 339
53 49 339
49 72 910
72 49 910
49 66 843
66 49 843
49 53 515
53 49 515
49 54 586
54 49 586
50 61 638
61 50 638
50 87 890
87 50 890
50 55 699
55 50 699
50 83 219
83 50 219
50 61 322
61 50 322
50 77 465
77 50 465
50 74 11
74 50 11
50 55 331
55 50 331
51 83 519
83 51 519
51 99 172
99 51 172
51 97 214
97 51 214
51 64 449
64 51 449
51 59 53
59 51 53
51 55 511
55 51 511
51 99 353
99 51 353
52 52 107
52 52 107
52 72 536
72 52 536
52 57 699
57 52 699
52 91 434
91 52 434
52 92 87
92 52 87
52 94 263
94 52 263
52 96 217
96 52 217
52 57 139
57 52 139
53 56 16
56 53 16
53 65 210
65 53 210
53 69 802
69 53 802
53 63 311
63 53 311
53 59 707
59 53 707
53 82 742
82 53 742
54 66 703
66 54 703
54 70 878
70 54 878
54 63 387
63 54 387
54 65 356
65 54 356
55 91 90
91 55 90
55 87 114
87 55 114
55 79 388
79 55 388
55 98 815
98 55 815
55 57 852
57 55 852
55 68 11
68 55 11
55 62 55
62 55 55
55 70 24
70 55 24
55 89 544
89 55 544
55 91 768
91 55 768
56 74 89
74 56 89
56 69 676
69 56 676
56 76 554
76 56 554
56 82 310
82 56 310
57 59 486
59 57 486
57 76 170
76 57 170
57 82 754
82 57 754
57 71 170
71 57 170
57 59 114
59 57 114
57 88 249
88 57 249
57 98 165
98 57 165
57 74 127
74 57 127
58 64 267
64 58 267
58 79 881
79 58 881
58 94 106
94 58 106
58 66 963
66 58 963
59 64 240
64 59 240
59 59 780
59 59 780
59 73 575
73 59 575
59 80 988
80 59 988
59 89 999
89 59 999
59 64 810
64 59 810
59 71 817
71 59 817
60 99 967
99 60 967
60 92 720
92 60 720
60 77 61
77 60 61
60 79 427
79 60 427
61 66 704
66 61 704
61 75 390
75 61 390
61 67 132
67 61 132
61 62 423
62 61 423
61 93 984
93 61 984
61 91 212
91 61 212
61 80 992
80 61 992
62 89 212
89 62 212
63 84 873
84 63 873
63 66 447
66 63 447
63 89 172
89 63 172
63 71 100
71 63 100
63 86 235
86 63 235
63 69 766
69 63 766
64 67 929
67 64 929
64 65 771
65 64 771
64 86 38
86 64 38
64 77 911
77 64 911
64 75 628
75 64 628
64 97 427
97 64 427
64 95 23
95 64 23
65 89 240
89 65 240
65 87 290
87 65 290
65 91 749
91 65 749
66 70 154
70 66 154
67 98 270
98 67 270
67 94 376
94 67 376
67 85 73
85 67 73
67 92 453
92 67 453
68 75 96
75 68 96
68 77 758
77 68 758
68 77 486
77 68 486
69 79 756
79 69 756
69 91 14
91 69 14
69 78 900
78 69 900
69 82 503
82 69 503
69 97 730
97 69 730
69 92 995
92 69 995
70 97 595
97 70 595
70 81 54
81 70 54
70 99 120
99 70 120
70 99 459
99 70 459
70 75 68
75 70 68
70 97 535
97 70 535
70 99 946
99 70 946
71 88 665
88 71 665
71 99 634
99 71 634
71 72 397
72 71 397
71 75 310
75 71 310
71 76 874
76 71 874
71 76 232
76 71 232
71 93 753
93 71 753
72 96 440
96 72 440
73 88 362
88 73 362
73 81 42
81 73 42
74 81 818
81 74 818
75 92 791
92 75 791
76 99 243
99 76 243
76 79 617
79 76 617
77 91 847
91 77 847
77 95 366
95 77 366
77 91 868
91 77 868
78 87 265
87 78 265
79 81 407
81 79 407
79 91 174
91 79 174
79 96 940
96 79 940
79 86 495
86 79 495
79 91 793
91 79 793
80 82 657
82 80 657
80 88 627
88 80 627
80 82 793
82 80 793
81 92 232
92 81 232
81 86 413
86 81 413
81 97 488
97 81 488
81 89 603
89 81 603
82 83 675
83 82 675
83 98 601
98 83 601
83 88 640
88 83 640
84 88 829
88 84 829
84 94 373
94 84 373
84 89 608
89 84 608
85 94 615
94 85 615
85 94 560
94 85 560
86 94 101
94 86 101
87 94 875
94 87 875
88 96 77
96 88 77
88 89 252
89 88 252
88 98 561
98 88 561
90 94 758
94 90 758
90 91 700
91 90 700
90 91 456
91 90 456
91 97 470
97 91 470
93 95 392
95 93 392
93 98 987
98 93 987
95 97 843
97 95 843
