99

0 1 856
1 0 856
0 2 345
2 0 345
0 4 944
4 0 944
0 9 181
9 0 181
0 12 774
12 0 774
0 61 146
61 0 146
0 1 278
1 0 278
0 11 144
11 0 144
0 29 117
29 0 117
0 9 813
9 0 813
0 63 179
63 0 179
0 80 594
80 0 594
0 1 492
1 0 492
0 94 949
94 0 949
1 6 341
6 1 341
1 41 55
41 1 55
1 3 729
3 1 729
1 42 618
42 1 618
1 6 422
6 1 422
1 14 520
14 1 520
1 83 853
83 1 853
1 34 272
34 1 272
1 67 87
67 1 87
1 25 224
25 1 224
1 6 299
6 1 299
1 16 746
16 1 746
1 52 375
52 1 375
1 25 618
25 1 618
1 88 338
88 1 338
1 96 778
96 1 778
1 71 810
71 1 810
1 22 869
22 1 869
1 40 743
40 1 743
1 54 251
54 1 251
2 3 979
3 2 979
2 10 709
10 2 709
2 14 545
14 2 545
2 17 129
17 2 129
2 18 370
18 2 370
2 88 155
88 2 155
2 84 601
84 2 601
2 90 932
90 2 932
2 70 900
70 2 900
2 19 883
19 2 883
2 30 787
30 2 787
2 64 471
64 2 471
2 47 357
47 2 357
2 70 901
70 2 901
2 58 578
58 2 578
2 7 921
7 2 921
2 30 819
30 2 819
2 45 119
45 2 119
2 91 595
91 2 595
2 50 232
50 2 232
2 43 749
43 2 749
3 7 850
7 3 850
3 8 7
8 3 7
3 13 60
13 3 60
3 20 150
20 3 150
3 25 639
25 3 639
3 60 154
60 3 154
3 78 2
78 3 2
3 85 717
85 3 717
3 76 737
76 3 737
3 64 271
64 3 271
3 56 880
56 3 880
3 90 385
90 3 385
3 11 990
11 3 990
3 60 962
60 3 962
3 28 492
28 3 492
3 49 101
49 3 101
4 5 262
5 4 262
4 11 328
11 4 328
4 16 531
16 4 531
4 39 542
39 4 542
4 51 590
51 4 590
4 49 509
49 4 509
4 72 203
72 4 203
4 4 267
4 4 267
4 60 253
60 4 253
4 10 128
10 4 128
4 73 402
73 4 402
4 91 253
91 4 253
4 51 669
51 4 669
4 54 392
54 4 392
4 98 970
98 4 970
4 19 890
19 4 890
4 42 830
42 4 830
4 40 98
40 4 98
5 67 596
67 5 596
5 39 183
39 5 183
5 18 561
18 5 561
5 56 177
56 5 177
5 8 347
8 5 347
5 53 989
53 5 989
5 31 874
31 5 874
5 63 252
63 5 252
5 51 436
51 5 436
5 26 431
26 5 431
5 46 941
46 5 941
5 81 456
81 5 456
5 77 699
77 5 699
5 11 308
11 5 308
5 29 605
29 5 605
6 31 538
31 6 538
6 68 711
68 6 711
6 51 893
51 6 893
6 33 706
33 6 706
6 18 248
18 6 248
6 55 177
55 6 177
6 31 256
31 6 256
6 37 421
37 6 421
6 26 914
26 6 914
6 62 228
62 6 228
6 90 484
90 6 484
6 52 470
52 6 470
6 57 712
57 6 712
7 44 207
44 7 207
7 75 783
75 7 783
7 66 886
66 7 886
7 56 751
56 7 751
7 31 954
31 7 954
7 48 659
48 7 659
7 59 134
59 7 134
7 29 250
29 7 250
7 8 859
8 7 859
7 69 360
69 7 360
7 36 531
36 7 531
7 95 940
95 7 940
7 96 748
96 7 748
7 23 588
23 7 588
7 17 681
17 7 681
7 59 815
59 7 815
7 33 925
33 7 925
7 18 473
18 7 473
7 55 750
55 7 750
7 81 985
81 7 985
8 71 288
71 8 288
8 27 781
27 8 781
8 70 670
70 8 670
8 17 76
17 8 76
8 82 504
82 8 504
8 27 312
27 8 312
8 14 440
14 8 440
8 22 322
22 8 322
8 31 413
31 8 413
8 59 615
59 8 615
8 45 56
45 8 56
8 67 338
67 8 338
8 11 877
11 8 877
9 86 530
86 9 530
9 31 115
31 9 115
9 42 253
42 9 253
9 42 587
42 9 587
9 65 474
65 9 474
9 92 181
92 9 181
9 68 231
68 9 231
9 13 858
13 9 858
9 9 929
9 9 929
9 85 926
85 9 926
9 85 666
85 9 666
9 47 194
47 9 194
9 22 309
22 9 309
9 45 683
45 9 683
9 48 424
48 9 424
9 11 232
11 9 232
9 85 411
85 9 411
9 54 32
54 9 32
10 21 536
21 10 536
10 48 888
48 10 888
10 77 78
77 10 78
10 17 698
17 10 698
10 63 245
63 10 245
10 78 953
78 10 953
10 60 373
60 10 373
10 30 219
30 10 219
10 31 101
31 10 101
10 37 943
37 10 943
10 85 411
85 10 411
10 17 657
17 10 657
10 81 771
81 10 771
10 12 552
12 10 552
10 18 410
18 10 410
10 91 220
91 10 220
11 84 71
84 11 71
11 25 210
25 11 210
11 52 655
52 11 655
11 32 187
32 11 187
11 78 703
78 11 703
11 17 516
17 11 516
11 53 874
53 11 874
11 39 927
39 11 927
11 98 689
98 11 689
11 86 145
86 11 145
11 71 84
71 11 84
11 83 40
83 11 40
11 95 973
95 11 973
11 32 562
32 11 562
11 74 620
74 11 620
11 58 719
58 11 719
11 98 201
98 11 201
11 29 174
29 11 174
12 15 750
15 12 750
12 19 329
19 12 329
12 65 914
65 12 914
12 80 444
80 12 444
12 60 775
60 12 775
12 18 631
18 12 631
12 58 467
58 12 467
12 29 880
29 12 880
12 66 11
66 12 11
12 93 651
93 12 651
12 42 713
42 12 713
12 67 852
67 12 852
12 85 19
85 12 19
12 79 400
79 12 400
12 23 895
23 12 895
13 30 604
30 13 604
13 50 925
50 13 925
13 57 647
57 13 647
13 75 927
75 13 927
13 96 186
96 13 186
13 24 41
24 13 41
13 39 120
39 13 120
13 25 803
25 13 803
13 45 435
45 13 435
13 90 734
90 13 734
13 83 615
83 13 615
13 43 493
43 13 493
13 51 466
51 13 466
13 93 908
93 13 908
13 85 532
85 13 532
13 37 143
37 13 143
13 79 454
79 13 454
13 88 692
88 13 692
14 40 174
40 14 174
14 61 960
61 14 960
14 26 889
26 14 889
14 88 102
88 14 102
14 77 137
77 14 137
14 90 922
90 14 922
14 37 741
37 14 741
14 94 20
94 14 20
15 23 807
23 15 807
15 79 92
79 15 92
15 34 222
34 15 222
15 59 10
59 15 10
15 17 915
17 15 915
15 95 135
95 15 135
15 52 214
52 15 214
15 64 616
64 15 616
15 54 725
54 15 725
15 58 270
58 15 270
15 80 141
80 15 141
15 56 666
56 15 666
15 97 644
97 15 644
15 62 846
62 15 846
15 86 794
86 15 794
15 65 735
65 15 735
15 21 983
21 15 983
15 68 411
68 15 411
16 35 209
35 16 209
16 34 53
34 16 53
16 95 360
95 16 360
16 70 936
70 16 936
16 33 31
33 16 31
16 51 152
51 16 152
16 52 315
52 16 315
16 70 513
70 16 513
16 96 916
96 16 916
16 46 695
46 16 695
16 37 394
37 16 394
17 27 3
27 17 3
17 28 804
28 17 804
17 42 352
42 17 352
17 59 979
59 17 979
17 54 342
54 17 342
17 57 576
57 17 576
17 93 354
93 17 354
17 50 425
50 17 425
17 74 769
74 17 769
17 97 342
97 17 342
17 62 989
62 17 989
17 98 567
98 17 567
17 51 937
51 17 937
17 55 219
55 17 219
17 67 802
67 17 802
17 58 928
58 17 928
17 64 837
64 17 837
17 79 673
79 17 673
17 19 40
19 17 40
17 59 400
59 17 400
17 97 184
97 17 184
17 41 287
41 17 287
17 17 865
17 17 865
18 22 266
22 18 266
18 62 612
62 18 612
18 97 983
97 18 983
18 41 55
41 18 55
18 62 17
62 18 17
18 25 906
25 18 906
18 76 688
76 18 688
18 75 337
75 18 337
18 56 993
56 18 993
18 43 978
43 18 978
19 31 230
31 19 230
19 22 927
22 19 927
19 71 84
71 19 84
19 27 656
27 19 656
19 38 19
38 19 19
19 31 33
31 19 33
19 87 37
87 19 37
19 70 858
70 19 858
20 90 912
90 20 912
20 98 288
98 20 288
20 31 293
31 20 293
20 55 867
55 20 867
20 25 929
25 20 929
20 24 326
24 20 326
20 42 755
42 20 755
20 58 861
58 20 861
20 21 669
21 20 669
21 26 265
26 21 265
21 36 276
36 21 276
21 46 91
46 21 91
21 49 28
49 21 28
21 73 712
73 21 712
21 41 581
41 21 581
21 96 923
96 21 923
21 21 853
21 21 853
21 22 107
22 21 107
21 78 38
78 21 38
21 41 796
41 21 796
21 38 858
38 21 858
21 70 720
70 21 720
21 86 464
86 21 464
21 43 47
43 21 47
21 97 724
97 21 724
21 70 198
70 21 198
21 88 237
88 21 237
21 69 507
69 21 507
21 30 61
30 21 61
21 93 736
93 21 736
22 93 613
93 22 613
22 79 478
79 22 478
22 37 805
37 22 805
22 81 778
81 22 778
22 47 421
47 22 421
22 75 590
75 22 590
22 43 458
43 22 458
22 87 559
87 22 559
22 63 891
63 22 891
22 94 574
94 22 574
22 71 611
71 22 611
22 37 896
37 22 896
22 24 114
24 22 114
22 28 292
28 22 292
23 24 708
24 23 708
23 34 460
34 23 460
23 69 918
69 23 918
23 72 566
72 23 566
23 98 621
98 23 621
23 66 404
66 23 404
23 69 935
69 23 935
23 33 115
33 23 115
23 84 175
84 23 175
23 89 308
89 23 308
23 48 818
48 23 818
23 44 629
44 23 629
23 51 612
51 23 612
23 57 894
57 23 894
23 81 576
81 23 576
23 88 867
88 23 867
23 24 739
24 23 739
23 65 190
65 23 190
23 42 810
42 23 810
23 65 826
65 23 826
23 80 394
80 23 394
24 83 28
83 24 28
24 76 630
76 24 630
24 34 210
34 24 210
24 70 136
70 24 136
24 90 764
90 24 764
24 98 774
98 24 774
24 81 460
81 24 460
24 30 265
30 24 265
24 72 117
72 24 117
24 46 719
46 24 719
24 64 936
64 24 936
24 90 768
90 24 768
25 60 816
60 25 816
25 52 311
52 25 311
25 77 806
77 25 806
25 69 276
69 25 276
25 50 721
50 25 721
25 48 354
48 25 354
25 55 890
55 25 890
25 60 564
60 25 564
25 41 918
41 25 918
25 96 878
96 25 878
25 63 349
63 25 349
26 29 283
29 26 283
26 74 819
74 26 819
26 67 548
67 26 548
26 28 41
28 26 41
26 29 165
29 26 165
26 59 968
59 26 968
26 46 369
46 26 369
26 71 347
71 26 347
26 62 895
62 26 895
26 29 914
29 26 914
26 40 936
40 26 936
26 41 778
41 26 778
26 35 568
35 26 568
27 32 386
32 27 386
27 48 192
48 27 192
27 27 879
27 27 879
27 94 294
94 27 294
27 77 703
77 27 703
27 47 406
47 27 406
27 36 298
36 27 298
27 70 504
70 27 504
27 40 13
40 27 13
27 34 478
34 27 478
27 85 730
85 27 730
27 46 585
46 27 585
28 80 132
80 28 132
28 63 96
63 28 96
28 81 914
81 28 914
28 71 263
71 28 263
28 72 806
72 28 806
28 80 51
80 28 51
28 52 802
52 28 802
28 97 924
97 28 924
28 46 90
46 28 90
29 38 128
38 29 128
29 53 320
53 29 320
29 39 969
39 29 969
29 65 579
65 29 579
29 76 588
76 29 588
29 44 213
44 29 213
30 62 944
62 30 944
30 66 749
66 30 749
30 81 629
81 30 629
30 43 418
43 30 418
30 75 750
75 30 750
30 62 125
62 30 125
30 74 601
74 30 601
30 72 623
72 30 623
30 32 626
32 30 626
30 45 979
45 30 979
30 70 253
70 30 253
30 32 397
32 30 397
30 31 573
31 30 573
30 68 351
68 30 351
31 56 699
56 31 699
31 50 903
50 31 903
31 46 699
46 31 699
31 68 168
68 31 168
31 80 230
80 31 230
31 36 768
36 31 768
31 69 584
69 31 584
32 33 352
33 32 352
32 57 989
57 32 989
32 32 512
32 32 512
32 33 135
33 32 135
32 86 38
86 32 38
32 57 549
57 32 549
32 97 709
97 32 709
32 37 77
37 32 77
33 84 502
84 33 502
33 48 113
48 33 113
33 37 861
37 33 861
33 78 375
78 33 375
33 60 107
60 33 107
33 56 939
56 33 939
33 45 955
45 33 955
33 44 431
44 33 431
33 38 236
38 33 236
33 62 554
62 33 554
33 51 753
51 33 753
33 51 649
51 33 649
34 84 909
84 34 909
34 60 663
60 34 663
34 45 7
45 34 7
34 48 820
48 34 820
34 59 252
59 34 252
34 59 738
59 34 738
34 77 221
77 34 221
34 72 33
72 34 33
34 55 514
55 34 514
34 84 891
84 34 891
35 53 210
53 35 210
35 74 423
74 35 423
35 77 401
77 35 401
35 85 145
85 35 145
35 46 610
46 35 610
35 42 225
42 35 225
35 37 445
37 35 445
35 45 175
45 35 175
35 59 202
59 35 202
35 63 646
63 35 646
35 95 477
95 35 477
35 86 859
86 35 859
35 73 328
73 35 328
36 37 74
37 36 74
36 91 999
91 36 999
36 70 367
70 36 367
36 58 210
58 36 210
36 89 138
89 36 138
36 55 491
55 36 491
36 50 330
50 36 330
36 84 865
84 36 865
36 64 784
64 36 784
36 52 256
52 36 256
36 83 952
83 36 952
36 46 648
46 36 648
36 81 863
81 36 863
36 79 11
79 36 11
36 91 284
91 36 284
36 46 258
46 36 258
36 90 323
90 36 323
37 78 549
78 37 549
37 70 637
70 37 637
37 60 448
60 37 448
37 91 91
91 37 91
37 48 15
48 37 15
37 96 426
96 37 426
37 39 732
39 37 732
37 98 618
98 37 618
37 71 525
71 37 525
37 64 492
64 37 492
37 64 294
64 37 294
38 58 56
58 38 56
38 58 391
58 38 391
38 98 910
98 38 910
38 95 748
95 38 748
38 77 378
77 38 378
38 53 157
53 38 157
39 47 963
47 39 963
39 58 160
58 39 160
39 78 785
78 39 785
39 75 737
75 39 737
39 46 529
46 39 529
39 87 401
87 39 401
39 98 51
98 39 51
40 43 623
43 40 623
40 53 735
53 40 735
40 76 65
76 40 65
40 87 286
87 40 286
40 65 270
65 40 270
40 47 215
47 40 215
40 57 49
57 40 49
40 51 130
51 40 130
40 52 64
52 40 64
41 69 696
69 41 696
41 86 677
86 41 677
41 87 560
87 41 560
41 52 723
52 41 723
41 84 696
84 41 696
41 49 582
49 41 582
41 44 74
44 41 74
41 86 99
86 41 99
42 58 375
58 42 375
42 75 651
75 42 651
42 61 154
61 42 154
42 80 56
80 42 56
42 65 383
65 42 383
42 70 541
70 42 541
43 45 821
45 43 821
43 49 428
49 43 428
43 93 116
93 43 116
43 84 313
84 43 313
43 61 315
61 43 315
43 62 43
62 43 43
43 87 294
87 43 294
43 54 139
54 43 139
44 73 714
73 44 714
44 91 945
91 44 945
44 77 615
77 44 615
44 50 907
50 44 907
44 91 1
91 44 1
44 67 259
67 44 259
44 85 871
85 44 871
45 52 939
52 45 939
45 94 89
94 45 89
45 61 37
61 45 37
45 78 282
78 45 282
45 81 753
81 45 753
45 94 908
94 45 908
45 72 120
72 45 120
45 62 905
62 45 905
45 66 855
66 45 855
45 61 832
61 45 832
45 61 99
61 45 99
45 88 986
88 45 986
45 53 323
53 45 323
45 61 883
61 45 883
46 68 293
68 46 293
46 56 230
56 46 230
46 68 885
68 46 885
46 96 896
96 46 896
46 86 869
86 46 869
47 54 435
54 47 435
47 70 164
70 47 164
47 50 250
50 47 250
47 80 45
80 47 45
47 69 854
69 47 854
47 55 235
55 47 235
47 59 81
59 47 81
47 62 922
62 47 922
47 76 760
76 47 760
47 64 289
64 47 289
47 76 179
76 47 179
48 50 122
50 48 122
48 65 230
65 48 230
48 81 683
81 48 683
48 55 935
55 48 935
48 72 21
72 48 21
48 92 464
92 48 464
48 61 320
61 48 320
48 68 283
68 48 283
49 79 678
79 49 678
49 61 873
61 49 873
49 68 834
68 49 834
49 56 514
56 49 514
49 87 814
87 49 814
49 58 892
58 49 892
49 50 457
50 49 457
50 55 936
55 50 936
50 85 514
85 50 514
50 61 135
61 50 135
50 87 668
87 50 668
50 74 655
74 50 655
50 85 564
85 50 564
50 82 499
82 50 499
51 83 453
83 51 453
51 92 895
92 51 895
51 62 179
62 51 179
51 72 1
72 51 1
52 77 384
77 52 384
52 67 639
67 52 639
52 67 615
67 52 615
52 56 829
56 52 829
52 60 336
60 52 336
52 67 209
67 52 209
52 88 627
88 52 627
52 59 854
59 52 854
52 67 224
67 52 224
52 59 577
59 52 577
53 69 418
69 53 418
53 83 985
83 53 985
53 64 749
64 53 749
53 92 437
92 53 437
53 94 124
94 53 124
53 88 927
88 53 927
54 70 316
70 54 316
54 79 74
79 54 74
54 90 638
90 54 638
54 54 538
54 54 538
54 78 469
78 54 469
54 78 676
78 54 676
55 56 519
56 55 519
55 92 922
92 55 922
55 88 258
88 55 258
55 86 540
86 55 540
55 82 911
82 55 911
55 72 951
72 55 951
55 98 385
98 55 385
55 72 563
72 55 563
55 56 794
56 55 794
56 63 78
63 56 78
56 94 809
94 56 809
56 75 266
75 56 266
56 96 274
96 56 274
56 98 616
98 56 616
56 86 997
86 56 997
57 82 52
82 57 52
57 91 548
91 57 548
57 89 710
89 57 710
57 60 524
60 57 524
57 68 500
68 57 500
57 70 637
70 57 637
57 64 114
64 57 114
57 62 755
62 57 755
57 80 214
80 57 214
58 67 556
67 58 556
58 91 219
91 58 219
59 79 14
79 59 14
59 91 119
91 59 119
59 69 725
69 59 725
59 93 87
93 59 87
60 83 957
83 60 957
60 83 768
83 60 768
60 79 604
79 60 604
60 95 37
95 60 37
61 82 322
82 61 322
61 75 857
75 61 857
61 70 403
70 61 403
61 62 615
62 61 615
61 90 851
90 61 851
62 64 781
64 62 781
62 85 950
85 62 950
62 68 548
68 62 548
62 85 824
85 62 824
62 66 275
66 62 275
62 90 287
90 62 287
62 78 588
78 62 588
62 94 289
94 62 289
63 96 527
96 63 527
63 67 294
67 63 294
63 77 310
77 63 310
63 87 77
87 63 77
63 78 663
78 63 663
63 65 414
65 63 414
63 95 256
95 63 256
63 85 639
85 63 639
64 74 825
74 64 825
65 86 332
86 65 332
65 95 719
95 65 719
65 74 566
74 65 566
65 70 546
70 65 546
65 69 717
69 65 717
65 77 284
77 65 284
66 84 499
84 66 499
66 87 33
87 66 33
66 77 47
77 66 47
67 96 825
96 67 825
68 97 755
97 68 755
68 83 81
83 68 81
68 82 170
82 68 170
68 90 922
90 68 922
68 69 514
69 68 514
69 78 559
78 69 559
69 88 889
88 69 889
70 82 77
82 70 77
70 90 642
90 70 642
71 97 43
97 71 43
71 84 909
84 71 909
72 74 6
74 72 6
72 83 456
83 72 456
72 85 83
85 72 83
72 90 46
90 72 46
72 86 457
86 72 457
72 83 449
83 72 449
73 74 321
74 73 321
73 75 688
75 73 688
73 95 11
95 73 11
74 87 470
87 74 470
74 90 203
90 74 203
74 82 353
82 74 353
74 74 675
74 74 675
74 93 240
93 74 240
75 83 201
83 75 201
75 83 766
83 75 766
75 95 328
95 75 328
75 86 498
86 75 498
76 97 908
97 76 908
76 95 351
95 76 351
76 92 56
92 76 56
77 89 242
89 77 242
77 92 781
92 77 781
77 80 823
80 77 823
77 90 709
90 77 709
78 92 813
92 78 813
79 88 902
88 79 902
79 83 858
83 79 858
79 89 528
89 79 528
79 89 525
89 79 525
80 91 964
91 80 964
80 90 31
90 80 31
80 92 572
92 80 572
81 92 935
92 81 935
81 98 483
98 81 483
82 92 593
92 82 593
82 97 839
97 82 839
82 87 452
87 82 452
82 95 58
95 82 58
83 93 30
93 83 30
83 94 735
94 83 735
83 83 57
83 83 57
84 86 10
86 84 10
84 95 37
95 84 37
84 89 774
89 84 774
85 92 582
92 85 582
85 98 442
98 85 442
85 91 277
91 85 277
86 88 69
88 86 69
86 92 900
92 86 900
87 89 294
89 87 294
87 92 792
92 87 792
88 92 467
92 88 467
88 91 45
91 88 45
88 93 442
93 88 442
89 89 865
89 89 865
90 93 300
93 90 300
91 92 388
92 91 388
92 97 378
97 92 378
96 98 713
98 96 713
