76

0 1 435
1 0 435
0 27 706
27 0 706
0 3 580
3 0 580
0 74 574
74 0 574
0 2 805
2 0 805
0 5 176
5 0 176
1 2 853
2 1 853
1 8 71
8 1 71
1 10 5
10 1 5
1 14 609
14 1 609
1 36 64
36 1 64
1 64 228
64 1 228
1 13 781
13 1 781
1 35 875
35 1 875
1 67 942
67 1 942
1 12 301
12 1 301
1 38 1000
38 1 1000
1 27 665
27 1 665
1 70 612
70 1 612
2 3 986
3 2 986
2 5 656
5 2 656
2 9 623
9 2 623
2 24 998
24 2 998
2 39 562
39 2 562
2 60 217
60 2 217
2 55 70
55 2 70
2 40 497
40 2 497
2 61 863
61 2 863
3 4 951
4 3 951
3 6 393
6 3 393
3 13 570
13 3 570
3 67 114
67 3 114
3 22 8
22 3 8
3 75 650
75 3 650
3 60 530
60 3 530
4 25 321
25 4 321
4 32 514
32 4 514
4 61 820
61 4 820
4 40 514
40 4 514
4 58 190
58 4 190
4 52 214
52 4 214
4 27 4
27 4 4
5 7 103
7 5 103
5 12 941
12 5 941
5 19 143
19 5 143
5 21 39
21 5 39
5 39 921
39 5 921
5 64 48
64 5 48
5 24 235
24 5 235
5 59 639
59 5 639
5 53 5
53 5 5
5 74 803
74 5 803
5 36 454
36 5 454
5 8 453
8 5 453
5 16 266
16 5 266
6 29 493
29 6 493
6 61 223
61 6 223
6 59 261
59 6 261
6 37 557
37 6 557
6 34 435
34 6 435
7 28 602
28 7 602
7 40 807
40 7 807
7 33 23
33 7 23
7 33 357
33 7 357
7 10 159
10 7 159
7 18 479
18 7 479
8 11 114
11 8 114
8 23 235
23 8 235
8 40 919
40 8 919
8 45 61
45 8 61
8 47 138
47 8 138
8 52 861
52 8 861
8 59 614
59 8 614
8 41 165
41 8 165
8 18 791
18 8 791
8 74 755
74 8 755
8 70 119
70 8 119
9 15 628
15 9 628
9 34 859
34 9 859
9 40 900
40 9 900
10 66 608
66 10 608
10 20 863
20 10 863
10 64 651
64 10 651
10 14 264
14 10 264
10 62 238
62 10 238
11 16 740
16 11 740
11 68 595
68 11 595
11 61 868
61 11 868
11 46 693
46 11 693
11 21 635
21 11 635
11 61 514
61 11 514
11 56 807
56 11 807
12 17 603
17 12 603
12 18 94
18 12 94
12 30 271
30 12 271
12 37 434
37 12 434
12 54 889
54 12 889
12 15 213
15 12 213
12 25 268
25 12 268
12 64 275
64 12 275
12 48 663
48 12 663
12 27 707
27 12 707
13 31 108
31 13 108
13 56 604
56 13 604
13 69 232
69 13 232
13 54 237
54 13 237
13 68 325
68 13 325
13 64 543
64 13 543
13 46 168
46 13 168
13 16 68
16 13 68
14 43 213
43 14 213
14 20 911
20 14 911
14 66 210
66 14 210
14 75 646
75 14 646
14 72 994
72 14 994
14 49 727
49 14 727
15 49 405
49 15 405
15 20 17
20 15 17
15 56 898
56 15 898
15 18 499
18 15 499
15 65 813
65 15 813
15 50 318
50 15 318
15 29 621
29 15 621
16 34 586
34 16 586
16 39 774
39 16 774
16 17 917
17 16 917
16 64 442
64 16 442
17 33 241
33 17 241
17 66 263
66 17 263
17 28 115
28 17 115
17 20 649
20 17 649
17 56 828
56 17 828
17 59 797
59 17 797
17 45 920
45 17 920
18 68 271
68 18 271
18 66 188
66 18 188
18 70 794
70 18 794
18 61 392
61 18 392
19 20 429
20 19 429
19 22 520
22 19 520
19 48 870
48 19 870
19 57 693
57 19 693
19 52 813
52 19 813
20 26 441
26 20 441
20 57 14
57 20 14
20 31 137
31 20 137
20 27 298
27 20 298
20 65 977
65 20 977
20 49 439
49 20 439
20 58 678
58 20 678
21 58 1
58 21 1
21 53 987
53 21 987
22 62 478
62 22 478
22 52 423
52 22 423
23 42 895
42 23 895
23 43 521
43 23 521
23 24 780
24 23 780
23 65 157
65 23 157
23 60 149
60 23 149
24 42 645
42 24 645
24 36 916
36 24 916
24 60 420
60 24 420
24 31 494
31 24 494
25 38 129
38 25 129
25 34 145
34 25 145
25 33 38
33 25 38
25 59 895
59 25 895
25 53 131
53 25 131
25 35 848
35 25 848
26 54 716
54 26 716
26 67 378
67 26 378
26 63 528
63 26 528
27 67 976
67 27 976
27 41 726
41 27 726
27 29 913
29 27 913
27 38 434
38 27 434
27 61 67
61 27 67
27 71 73
71 27 73
27 53 531
53 27 531
27 61 710
61 27 710
28 34 971
34 28 971
29 48 196
48 29 196
29 70 538
70 29 538
29 45 974
45 29 974
29 51 764
51 29 764
29 50 807
50 29 807
30 63 130
63 30 130
30 66 766
66 30 766
30 35 783
35 30 783
30 46 355
46 30 355
30 68 881
68 30 881
30 35 80
35 30 80
31 51 626
51 31 626
31 50 47
50 31 47
31 43 577
43 31 577
31 69 188
69 31 188
31 32 360
32 31 360
31 65 5
65 31 5
31 38 577
38 31 577
31 39 278
39 31 278
32 35 588
35 32 588
32 41 378
41 32 378
32 43 850
43 32 850
32 46 942
46 32 942
33 71 624
71 33 624
33 45 433
45 33 433
33 54 261
54 33 261
34 50 533
50 34 533
34 73 18
73 34 18
35 53 925
53 35 925
35 74 708
74 35 708
35 60 310
60 35 310
35 57 356
57 35 356
35 54 891
54 35 891
35 41 816
41 35 816
36 46 179
46 36 179
36 66 195
66 36 195
36 45 580
45 36 580
37 44 475
44 37 475
37 50 865
50 37 865
37 43 535
43 37 535
37 48 28
48 37 28
37 70 648
70 37 648
37 75 933
75 37 933
37 46 885
46 37 885
38 65 939
65 38 939
38 66 679
66 38 679
38 71 814
71 38 814
38 75 71
75 38 71
39 55 755
55 39 755
40 75 839
75 40 839
40 70 224
70 40 224
40 75 55
75 40 55
41 73 532
73 41 532
41 69 439
69 41 439
41 41 619
41 41 619
42 55 769
55 42 769
42 51 229
51 42 229
42 48 273
48 42 273
43 46 184
46 43 184
43 70 348
70 43 348
44 45 5
45 44 5
45 54 218
54 45 218
45 45 857
45 45 857
45 62 883
62 45 883
45 71 191
71 45 191
46 53 410
53 46 410
46 48 550
48 46 550
46 50 699
50 46 699
47 53 595
53 47 595
47 68 269
68 47 269
47 74 861
74 47 861
47 48 741
48 47 741
48 57 791
57 48 791
48 48 551
48 48 551
48 55 404
55 48 404
48 74 927
74 48 927
48 68 462
68 48 462
49 50 435
50 49 435
50 63 907
63 50 907
50 59 700
59 50 700
50 66 291
66 50 291
50 56 667
56 50 667
50 56 309
56 50 309
51 56 96
56 51 96
52 74 414
74 52 414
53 71 743
71 53 743
54 60 93
60 54 93
55 63 769
63 55 769
55 59 592
59 55 592
56 57 720
57 56 720
56 73 536
73 56 536
56 63 209
63 56 209
56 67 526
67 56 526
57 70 104
70 57 104
57 64 350
64 57 350
57 64 699
64 57 699
57 66 931
66 57 931
57 60 826
60 57 826
58 65 928
65 58 928
58 71 735
71 58 735
61 62 461
62 61 461
61 64 121
64 61 121
62 72 201
72 62 201
62 74 139
74 62 139
63 69 739
69 63 739
63 67 771
67 63 771
64 68 353
68 64 353
65 75 92
75 65 92
66 73 851
73 66 851
67 72 708
72 67 708
70 71 504
71 70 504
72 74 668
74 72 668
