82

0 1 867
1 0 867
0 5 668
5 0 668
0 9 765
9 0 765
0 22 174
22 0 174
0 41 801
41 0 801
0 50 275
50 0 275
0 53 464
53 0 464
0 42 140
42 0 140
0 76 415
76 0 415
0 22 680
22 0 680
0 24 337
24 0 337
0 76 522
76 0 522
0 22 451
22 0 451
0 61 992
61 0 992
0 5 359
5 0 359
0 42 140
42 0 140
0 64 641
64 0 641
0 53 813
53 0 813
0 13 804
13 0 804
0 34 488
34 0 488
0 23 220
23 0 220
0 3 473
3 0 473
1 2 831
2 1 831
1 6 16
6 1 16
1 17 976
17 1 976
1 11 941
11 1 941
1 59 280
59 1 280
1 46 600
46 1 600
1 5 825
5 1 825
1 79 884
79 1 884
1 19 548
19 1 548
1 64 77
64 1 77
1 3 114
3 1 114
1 39 668
39 1 668
1 41 833
41 1 833
1 6 617
6 1 617
2 3 648
3 2 648
2 10 616
10 2 616
2 14 731
14 2 731
2 74 847
74 2 847
2 25 895
25 2 895
2 52 852
52 2 852
2 35 559
35 2 559
2 55 576
55 2 576
2 79 22
79 2 22
2 17 890
17 2 890
3 4 108
4 3 108
3 15 24
15 3 24
3 56 356
56 3 356
3 14 623
14 3 623
3 49 437
49 3 437
3 24 747
24 3 747
3 20 314
20 3 314
3 56 832
56 3 832
3 15 938
15 3 938
3 57 967
57 3 967
3 77 745
77 3 745
3 22 758
22 3 758
3 66 167
66 3 167
4 8 422
8 4 422
4 28 400
28 4 400
4 80 860
80 4 860
4 46 22
46 4 22
4 57 501
57 4 501
4 31 393
31 4 393
4 24 499
24 4 499
4 27 31
27 4 31
4 32 280
32 4 280
4 54 791
54 4 791
4 64 643
64 4 643
4 73 61
73 4 61
4 79 923
79 4 923
5 7 350
7 5 350
5 11 311
11 5 311
5 49 12
49 5 12
5 42 26
42 5 26
5 48 428
48 5 428
5 68 246
68 5 246
5 61 528
61 5 528
5 35 876
35 5 876
5 52 150
52 5 150
5 18 150
18 5 150
5 41 743
41 5 743
5 14 217
14 5 217
5 34 853
34 5 853
6 17 625
17 6 625
6 31 635
31 6 635
6 64 859
64 6 859
6 48 169
48 6 169
6 55 894
55 6 894
6 16 787
16 6 787
6 75 342
75 6 342
6 75 119
75 6 119
6 32 866
32 6 866
6 76 67
76 6 67
6 11 168
11 6 168
6 34 407
34 6 407
6 45 186
45 6 186
6 39 576
39 6 576
6 27 870
27 6 870
6 69 886
69 6 886
7 76 572
76 7 572
7 40 299
40 7 299
7 26 510
26 7 510
7 61 775
61 7 775
7 43 243
43 7 243
7 74 387
74 7 387
7 26 598
26 7 598
7 75 798
75 7 798
7 79 157
79 7 157
7 76 533
76 7 533
7 77 146
77 7 146
7 26 162
26 7 162
8 18 790
18 8 790
8 79 769
79 8 769
8 43 976
43 8 976
8 60 437
60 8 437
8 56 639
56 8 639
8 48 600
48 8 600
8 8 329
8 8 329
8 14 24
14 8 24
9 12 922
12 9 922
9 16 142
16 9 142
9 34 875
34 9 875
9 58 721
58 9 721
9 53 36
53 9 36
9 12 960
12 9 960
9 18 55
18 9 55
9 41 269
41 9 269
9 65 335
65 9 335
9 62 808
62 9 808
9 32 183
32 9 183
9 41 647
41 9 647
10 20 330
20 10 330
10 37 342
37 10 342
10 62 449
62 10 449
10 72 517
72 10 517
10 57 1
57 10 1
10 30 731
30 10 731
10 15 946
15 10 946
10 40 518
40 10 518
10 22 139
22 10 139
10 16 736
16 10 736
10 46 683
46 10 683
10 43 631
43 10 631
10 80 613
80 10 613
10 71 651
71 10 651
10 33 96
33 10 96
10 29 575
29 10 575
11 28 519
28 11 519
11 46 789
46 11 789
11 54 256
54 11 256
12 13 204
13 12 204
12 23 199
23 12 199
12 71 410
71 12 410
12 77 57
77 12 57
12 13 470
13 12 470
12 36 928
36 12 928
12 15 69
15 12 69
12 70 973
70 12 973
12 39 847
39 12 847
12 69 447
69 12 447
12 79 404
79 12 404
12 31 797
31 12 797
12 62 171
62 12 171
12 45 538
45 12 538
13 25 103
25 13 103
13 38 164
38 13 164
13 40 185
40 13 185
13 74 941
74 13 941
13 41 92
41 13 92
13 45 947
45 13 947
13 27 986
27 13 986
13 80 90
80 13 90
13 54 378
54 13 378
13 34 554
34 13 554
13 67 233
67 13 233
13 63 49
63 13 49
14 77 325
77 14 325
14 80 105
80 14 105
14 71 869
71 14 869
14 53 913
53 14 913
14 50 807
50 14 807
14 42 423
42 14 423
14 66 254
66 14 254
14 27 466
27 14 466
14 22 82
22 14 82
14 28 511
28 14 511
14 30 237
30 14 237
15 19 765
19 15 765
15 35 416
35 15 416
15 29 597
29 15 597
15 71 125
71 15 125
15 24 590
24 15 590
15 44 574
44 15 574
15 16 714
16 15 714
15 62 967
62 15 967
15 29 68
29 15 68
16 21 973
21 16 973
16 40 538
40 16 538
16 42 298
42 16 298
16 69 443
69 16 443
16 74 380
74 16 380
16 63 633
63 16 633
16 55 322
55 16 322
16 63 353
63 16 353
16 17 726
17 16 726
16 22 732
22 16 732
16 60 978
60 16 978
16 75 429
75 16 429
16 34 849
34 16 849
16 75 77
75 16 77
17 27 574
27 17 574
17 58 390
58 17 390
17 33 90
33 17 90
17 48 1000
48 17 1000
17 65 245
65 17 245
17 77 929
77 17 929
17 36 423
36 17 423
17 21 325
21 17 325
17 72 549
72 17 549
17 29 553
29 17 553
17 31 594
31 17 594
17 67 168
67 17 168
18 39 132
39 18 132
18 44 691
44 18 691
18 55 885
55 18 885
18 56 874
56 18 874
18 75 858
75 18 858
18 19 367
19 18 367
18 64 840
64 18 840
18 45 435
45 18 435
18 74 688
74 18 688
18 24 237
24 18 237
18 76 541
76 18 541
18 61 817
61 18 817
19 24 121
24 19 121
19 27 304
27 19 304
19 35 71
35 19 71
19 80 4
80 19 4
19 32 363
32 19 363
19 77 361
77 19 361
19 74 163
74 19 163
19 26 597
26 19 597
19 65 610
65 19 610
19 80 324
80 19 324
19 43 178
43 19 178
19 65 10
65 19 10
19 57 928
57 19 928
19 42 15
42 19 15
19 27 349
27 19 349
19 29 608
29 19 608
19 51 839
51 19 839
19 70 835
70 19 835
19 46 32
46 19 32
19 54 167
54 19 167
19 80 828
80 19 828
19 64 47
64 19 47
20 34 179
34 20 179
20 46 903
46 20 903
20 62 226
62 20 226
20 79 220
79 20 220
20 45 927
45 20 927
20 47 449
47 20 449
20 38 724
38 20 724
20 30 525
30 20 525
20 42 293
42 20 293
20 44 204
44 20 204
20 60 186
60 20 186
21 26 564
26 21 564
21 49 573
49 21 573
21 57 129
57 21 129
21 51 804
51 21 804
21 65 835
65 21 835
21 52 189
52 21 189
21 33 176
33 21 176
21 37 289
37 21 289
22 43 526
43 22 526
22 24 574
24 22 574
22 77 497
77 22 497
22 53 170
53 22 170
22 39 160
39 22 160
23 29 648
29 23 648
23 30 687
30 23 687
23 54 178
54 23 178
23 74 623
74 23 623
23 44 96
44 23 96
23 42 88
42 23 88
23 39 289
39 23 289
23 61 892
61 23 892
23 43 996
43 23 996
23 57 12
57 23 12
23 56 172
56 23 172
23 29 765
29 23 765
24 74 433
74 24 433
24 46 757
46 24 757
24 66 23
66 24 23
24 43 648
43 24 648
24 27 571
27 24 571
24 28 353
28 24 353
24 27 104
27 24 104
24 58 80
58 24 80
24 81 601
81 24 601
24 40 629
40 24 629
24 30 579
30 24 579
24 27 201
27 24 201
25 33 796
33 25 796
25 47 274
47 25 274
25 75 631
75 25 631
25 81 640
81 25 640
25 67 155
67 25 155
25 56 762
56 25 762
26 36 799
36 26 799
26 30 967
30 26 967
26 62 41
62 26 41
27 51 801
51 27 801
27 52 980
52 27 980
27 64 787
64 27 787
27 27 290
27 27 290
27 74 117
74 27 117
27 29 578
29 27 578
27 28 124
28 27 124
28 64 55
64 28 55
28 51 114
51 28 114
28 53 275
53 28 275
28 35 787
35 28 787
29 36 192
36 29 192
29 48 488
48 29 488
29 73 523
73 29 523
29 76 224
76 29 224
29 43 207
43 29 207
29 48 964
48 29 964
29 64 231
64 29 231
29 44 900
44 29 900
30 65 597
65 30 597
30 74 918
74 30 918
30 77 796
77 30 796
30 47 553
47 30 553
30 58 512
58 30 512
30 61 190
61 30 190
30 75 112
75 30 112
30 43 336
43 30 336
30 37 125
37 30 125
30 37 294
37 30 294
31 32 659
32 31 659
31 45 29
45 31 29
31 46 586
46 31 586
31 51 575
51 31 575
31 35 31
35 31 31
31 80 738
80 31 738
31 48 991
48 31 991
31 74 947
74 31 947
31 66 292
66 31 292
31 65 365
65 31 365
31 73 82
73 31 82
31 70 682
70 31 682
31 74 136
74 31 136
32 40 42
40 32 42
32 33 496
33 32 496
32 33 153
33 32 153
32 35 192
35 32 192
33 65 168
65 33 168
33 54 868
54 33 868
33 47 83
47 33 83
33 49 47
49 33 47
33 61 976
61 33 976
33 37 454
37 33 454
33 81 843
81 33 843
33 54 246
54 33 246
33 76 568
76 33 568
33 54 832
54 33 832
33 69 605
69 33 605
34 45 498
45 34 498
34 37 876
37 34 876
34 37 14
37 34 14
34 39 105
39 34 105
34 42 999
42 34 999
34 46 9
46 34 9
34 44 68
44 34 68
34 64 394
64 34 394
34 56 836
56 34 836
34 67 346
67 34 346
35 76 571
76 35 571
35 71 838
71 35 838
35 51 119
51 35 119
35 46 301
46 35 301
35 68 396
68 35 396
35 38 376
38 35 376
35 38 20
38 35 20
35 79 784
79 35 784
35 55 204
55 35 204
36 51 105
51 36 105
36 68 368
68 36 368
36 45 64
45 36 64
36 80 480
80 36 480
36 60 720
60 36 720
36 81 41
81 36 41
36 65 465
65 36 465
36 39 999
39 36 999
36 36 403
36 36 403
36 69 923
69 36 923
36 58 894
58 36 894
37 40 781
40 37 781
37 71 557
71 37 557
37 45 998
45 37 998
37 52 769
52 37 769
37 67 965
67 37 965
37 42 244
42 37 244
37 61 741
61 37 741
37 55 327
55 37 327
37 42 61
42 37 61
37 51 89
51 37 89
38 66 954
66 38 954
38 48 725
48 38 725
38 46 489
46 38 489
38 59 702
59 38 702
38 39 48
39 38 48
39 72 302
72 39 302
39 73 468
73 39 468
39 58 26
58 39 26
39 81 115
81 39 115
40 67 735
67 40 735
40 59 604
59 40 604
40 57 450
57 40 450
40 69 211
69 40 211
40 46 133
46 40 133
41 42 770
42 41 770
41 45 896
45 41 896
41 42 220
42 41 220
41 55 556
55 41 556
41 67 927
67 41 927
42 46 875
46 42 875
42 63 621
63 42 621
42 59 597
59 42 597
42 79 635
79 42 635
42 42 543
42 42 543
42 62 444
62 42 444
42 52 956
52 42 956
42 56 981
56 42 981
43 61 443
61 43 443
44 79 590
79 44 590
44 67 70
67 44 70
44 70 313
70 44 313
45 60 220
60 45 220
45 66 679
66 45 679
45 75 175
75 45 175
45 52 874
52 45 874
45 58 70
58 45 70
45 68 552
68 45 552
45 47 28
47 45 28
45 74 579
74 45 579
45 54 373
54 45 373
45 70 931
70 45 931
45 48 600
48 45 600
46 59 525
59 46 525
46 68 893
68 46 893
47 70 520
70 47 520
47 57 654
57 47 654
47 60 740
60 47 740
47 47 634
47 47 634
47 65 498
65 47 498
47 61 901
61 47 901
48 58 737
58 48 737
48 52 935
52 48 935
49 72 350
72 49 350
49 65 222
65 49 222
49 65 526
65 49 526
50 61 401
61 50 401
50 69 895
69 50 895
50 69 325
69 50 325
50 74 547
74 50 547
50 63 686
63 50 686
51 58 149
58 51 149
51 75 72
75 51 72
51 54 76
54 51 76
52 73 209
73 52 209
52 54 551
54 52 551
52 70 724
70 52 724
52 60 637
60 52 637
52 79 607
79 52 607
52 78 619
78 52 619
52 64 676
64 52 676
53 67 115
67 53 115
53 78 731
78 53 731
53 56 960
56 53 960
53 69 348
69 53 348
53 81 484
81 53 484
54 63 602
63 54 602
54 80 314
80 54 314
54 55 842
55 54 842
54 54 31
54 54 31
54 57 900
57 54 900
54 78 233
78 54 233
54 70 918
70 54 918
55 67 287
67 55 287
55 57 409
57 55 409
55 67 897
67 55 897
55 57 255
57 55 255
56 68 779
68 56 779
56 59 376
59 56 376
56 57 68
57 56 68
57 77 428
77 57 428
57 64 420
64 57 420
57 60 528
60 57 528
57 59 870
59 57 870
57 77 701
77 57 701
57 75 990
75 57 990
58 81 54
81 58 54
58 71 501
71 58 501
58 61 479
61 58 479
59 74 450
74 59 450
60 71 99
71 60 99
60 81 769
81 60 769
60 72 969
72 60 969
61 73 564
73 61 564
61 72 936
72 61 936
62 80 298
80 62 298
62 76 535
76 62 535
62 74 268
74 62 268
62 69 701
69 62 701
62 68 928
68 62 928
63 78 125
78 63 125
64 80 704
80 64 704
64 66 271
66 64 271
64 72 144
72 64 144
65 76 215
76 65 215
65 80 918
80 65 918
65 79 538
79 65 538
65 75 812
75 65 812
65 80 245
80 65 245
66 81 124
81 66 124
66 76 574
76 66 574
66 73 626
73 66 626
66 68 14
68 66 14
66 67 660
67 66 660
66 69 689
69 66 689
67 69 242
69 67 242
68 77 865
77 68 865
69 75 726
75 69 726
69 81 950
81 69 950
69 71 287
71 69 287
70 78 87
78 70 87
70 78 927
78 70 927
71 74 634
74 71 634
72 73 490
73 72 490
74 75 345
75 74 345
74 74 521
74 74 521
75 79 128
79 75 128
75 79 658
79 75 658
77 81 979
81 77 979
78 81 266
81 78 266
78 80 333
80 78 333
78 78 613
78 78 613
79 81 423
81 79 423
81 81 834
81 81 834
