88

0 1 382
1 0 382
0 2 199
2 0 199
0 3 704
3 0 704
0 4 783
4 0 783
0 17 59
17 0 59
0 25 778
25 0 778
0 33 657
33 0 657
0 41 441
41 0 441
1 2 115
2 1 115
1 55 974
55 1 974
1 43 467
43 1 467
2 6 281
6 2 281
2 20 874
20 2 874
2 23 635
23 2 635
2 78 1000
78 2 1000
2 36 128
36 2 128
2 63 141
63 2 141
2 72 323
72 2 323
3 5 122
5 3 122
3 7 345
7 3 345
3 48 254
48 3 254
3 68 586
68 3 586
3 6 791
6 3 791
3 84 631
84 3 631
4 8 418
8 4 418
4 21 495
21 4 495
4 36 933
36 4 933
4 50 307
50 4 307
4 52 839
52 4 839
4 61 820
61 4 820
4 78 325
78 4 325
4 22 896
22 4 896
4 33 625
33 4 625
5 12 58
12 5 58
5 27 425
27 5 425
5 76 790
76 5 790
5 40 168
40 5 168
5 40 296
40 5 296
6 14 573
14 6 573
6 82 569
82 6 569
6 12 681
12 6 681
6 51 140
51 6 140
7 9 993
9 7 993
7 10 493
10 7 493
7 62 65
62 7 65
8 11 54
11 8 54
8 13 730
13 8 730
8 57 804
57 8 804
8 86 138
86 8 138
8 86 23
86 8 23
8 40 94
40 8 94
9 24 742
24 9 742
9 66 388
66 9 388
9 81 570
81 9 570
9 51 474
51 9 474
10 58 365
58 10 365
10 52 177
52 10 177
10 24 383
24 10 383
10 13 130
13 10 130
10 44 459
44 10 459
11 32 514
32 11 514
11 86 691
86 11 691
11 28 958
28 11 958
11 47 687
47 11 687
11 81 412
81 11 412
11 21 825
21 11 825
12 18 178
18 12 178
12 35 873
35 12 873
12 40 92
40 12 92
12 64 366
64 12 366
13 15 891
15 13 891
13 19 606
19 13 606
13 24 901
24 13 901
13 21 509
21 13 509
13 79 121
79 13 121
14 16 950
16 14 950
14 64 143
64 14 143
14 68 4
68 14 4
15 34 109
34 15 109
15 59 23
59 15 23
17 39 178
39 17 178
17 72 969
72 17 969
17 73 290
73 17 290
17 57 425
57 17 425
18 25 820
25 18 820
19 22 940
22 19 940
19 80 156
80 19 156
20 30 141
30 20 141
20 80 739
80 20 739
20 28 169
28 20 169
20 61 24
61 20 24
21 79 720
79 21 720
21 86 304
86 21 304
21 31 438
31 21 438
22 45 193
45 22 193
22 58 80
58 22 80
23 37 614
37 23 614
23 38 335
38 23 335
23 81 980
81 23 980
23 79 256
79 23 256
24 26 408
26 24 408
24 81 156
81 24 156
25 31 466
31 25 466
25 74 639
74 25 639
26 80 410
80 26 410
26 28 121
28 26 121
27 28 302
28 27 302
27 29 624
29 27 624
27 51 273
51 27 273
27 58 59
58 27 59
27 70 180
70 27 180
27 60 134
60 27 134
29 87 634
87 29 634
29 62 770
62 29 770
29 32 148
32 29 148
29 50 883
50 29 883
30 65 188
65 30 188
30 82 608
82 30 608
30 60 346
60 30 346
31 42 70
42 31 70
31 62 774
62 31 774
31 32 353
32 31 353
31 83 655
83 31 655
33 43 803
43 33 803
33 37 410
37 33 410
33 76 430
76 33 430
34 53 180
53 34 180
34 54 955
54 34 955
34 63 800
63 34 800
36 68 452
68 36 452
36 82 700
82 36 700
37 44 124
44 37 124
37 47 963
47 37 963
37 60 208
60 37 208
38 77 824
77 38 824
38 40 876
40 38 876
39 55 955
55 39 955
39 75 663
75 39 663
40 49 75
49 40 75
40 50 622
50 40 622
40 71 290
71 40 290
40 42 977
42 40 977
41 46 741
46 41 741
41 65 2
65 41 2
42 58 69
58 42 69
42 87 670
87 42 670
44 76 730
76 44 730
44 46 368
46 44 368
45 56 808
56 45 808
47 63 287
63 47 287
48 64 373
64 48 373
49 50 978
50 49 978
50 75 839
75 50 839
50 86 514
86 50 514
51 67 968
67 51 968
52 60 376
60 52 376
52 70 111
70 52 111
52 82 963
82 52 963
54 75 139
75 54 139
54 66 253
66 54 253
54 84 465
84 54 465
55 77 84
77 55 84
55 82 73
82 55 73
56 71 456
71 56 456
56 56 701
56 56 701
56 61 296
61 56 296
58 83 707
83 58 707
58 84 87
84 58 87
59 69 333
69 59 333
62 70 383
70 62 383
62 78 83
78 62 83
62 85 75
85 62 75
63 67 449
67 63 449
64 78 502
78 64 502
64 75 592
75 64 592
65 74 328
74 65 328
65 85 810
85 65 810
66 76 350
76 66 350
68 81 73
81 68 73
69 72 785
72 69 785
69 72 104
72 69 104
75 84 13
84 75 13
79 83 338
83 79 338
81 86 470
86 81 470
