41

0 1 796
1 0 796
0 5 79
5 0 79
0 10 72
10 0 72
1 2 303
2 1 303
1 3 466
3 1 466
1 4 763
4 1 763
1 6 964
6 1 964
1 14 556
14 1 556
2 7 392
7 2 392
3 21 710
21 3 710
4 8 253
8 4 253
4 9 431
9 4 431
4 15 998
15 4 998
5 16 653
16 5 653
5 17 628
17 5 628
5 25 676
25 5 676
6 38 191
38 6 191
7 11 845
11 7 845
7 12 294
12 7 294
7 18 719
18 7 719
7 28 772
28 7 772
9 13 584
13 9 584
9 22 954
22 9 954
9 32 575
32 9 575
11 35 29
35 11 29
11 40 824
40 11 824
14 20 878
20 14 878
14 36 488
36 14 488
16 34 724
34 16 724
17 19 859
19 17 859
17 39 478
39 17 478
18 29 421
29 18 421
20 23 758
23 20 758
21 24 789
24 21 789
23 26 260
26 23 260
23 27 593
27 23 593
23 30 497
30 23 497
30 31 869
31 30 869
31 33 140
33 31 140
31 37 721
37 31 721
