14

0 1 795
1 0 795
0 5 970
5 0 970
0 6 93
6 0 93
0 12 706
12 0 706
0 13 396
13 0 396
0 5 120
5 0 120
1 2 136
2 1 136
1 8 84
8 1 84
1 7 852
7 1 852
2 3 333
3 2 333
2 7 322
7 2 322
2 3 422
3 2 422
3 4 223
4 3 223
4 7 918
7 4 918
4 13 168
13 4 168
5 9 525
9 5 525
5 12 426
12 5 426
5 8 362
8 5 362
7 9 3
9 7 3
7 12 675
12 7 675
8 11 750
11 8 750
9 10 78
10 9 78
