70

0 1 147
1 0 147
0 5 216
5 0 216
0 6 143
6 0 143
0 18 769
18 0 769
0 25 172
25 0 172
0 54 631
54 0 631
0 61 787
61 0 787
0 63 1
63 0 1
0 30 435
30 0 435
0 29 294
29 0 294
0 67 550
67 0 550
0 30 361
30 0 361
0 39 394
39 0 394
0 23 109
23 0 109
1 2 679
2 1 679
1 3 660
3 1 660
1 9 306
9 1 306
1 61 320
61 1 320
1 69 404
69 1 404
1 46 242
46 1 242
1 45 580
45 1 580
1 43 816
43 1 816
2 17 735
17 2 735
2 26 535
26 2 535
2 28 33
28 2 33
2 35 772
35 2 772
2 65 9
65 2 9
2 56 291
56 2 291
2 56 282
56 2 282
2 56 734
56 2 734
2 41 420
41 2 420
2 29 520
29 2 520
2 57 148
57 2 148
2 52 847
52 2 847
2 60 314
60 2 314
2 64 765
64 2 765
2 31 544
31 2 544
2 65 79
65 2 79
2 8 282
8 2 282
2 46 204
46 2 204
2 3 189
3 2 189
2 62 704
62 2 704
3 4 213
4 3 213
3 38 964
38 3 964
3 55 523
55 3 523
3 47 708
47 3 708
3 41 358
41 3 358
3 35 892
35 3 892
3 12 498
12 3 498
3 67 195
67 3 195
3 16 653
16 3 653
3 20 616
20 3 616
4 10 204
10 4 204
4 11 720
11 4 720
4 14 34
14 4 34
4 67 338
67 4 338
4 42 778
42 4 778
4 62 816
62 4 816
4 47 487
47 4 487
4 10 980
10 4 980
4 9 637
9 4 637
4 47 428
47 4 428
4 27 721
27 4 721
5 7 272
7 5 272
5 8 201
8 5 201
5 16 519
16 5 519
5 28 26
28 5 26
5 6 62
6 5 62
5 50 37
50 5 37
5 12 601
12 5 601
5 19 733
19 5 733
5 8 819
8 5 819
5 59 501
59 5 501
5 10 505
10 5 505
5 60 722
60 5 722
5 7 57
7 5 57
6 13 264
13 6 264
6 39 367
39 6 367
6 42 34
42 6 34
6 10 229
10 6 229
6 10 58
10 6 58
6 29 490
29 6 490
6 52 296
52 6 296
6 63 224
63 6 224
6 65 34
65 6 34
6 8 138
8 6 138
6 58 972
58 6 972
6 65 804
65 6 804
6 56 520
56 6 520
6 69 572
69 6 572
6 14 928
14 6 928
6 30 626
30 6 626
7 62 191
62 7 191
7 18 425
18 7 425
7 62 245
62 7 245
7 56 379
56 7 379
7 22 21
22 7 21
7 49 343
49 7 343
7 46 902
46 7 902
7 55 241
55 7 241
7 65 28
65 7 28
7 62 499
62 7 499
7 45 802
45 7 802
7 34 53
34 7 53
7 56 619
56 7 619
8 15 288
15 8 288
8 22 512
22 8 512
8 29 100
29 8 100
8 36 966
36 8 966
8 43 930
43 8 930
8 17 671
17 8 671
8 65 286
65 8 286
8 22 746
22 8 746
8 59 558
59 8 558
8 47 578
47 8 578
8 11 405
11 8 405
8 38 611
38 8 611
8 60 236
60 8 236
8 59 509
59 8 509
8 23 487
23 8 487
8 57 538
57 8 538
9 12 464
12 9 464
9 19 760
19 9 760
9 21 613
21 9 613
9 38 260
38 9 260
9 47 705
47 9 705
9 31 203
31 9 203
9 24 459
24 9 459
9 29 714
29 9 714
9 45 255
45 9 255
10 53 642
53 10 642
10 66 230
66 10 230
10 44 251
44 10 251
10 24 825
24 10 825
10 67 870
67 10 870
10 29 92
29 10 92
10 53 258
53 10 258
10 66 336
66 10 336
10 44 720
44 10 720
10 17 326
17 10 326
10 12 832
12 10 832
10 23 489
23 10 489
11 41 970
41 11 970
11 52 498
52 11 498
11 32 882
32 11 882
11 67 718
67 11 718
11 32 540
32 11 540
11 60 851
60 11 851
11 46 99
46 11 99
11 43 175
43 11 175
11 50 395
50 11 395
11 43 115
43 11 115
11 21 783
21 11 783
11 61 885
61 11 885
11 22 275
22 11 275
12 17 904
17 12 904
12 26 827
26 12 827
12 54 516
54 12 516
12 33 107
33 12 107
12 34 551
34 12 551
12 23 35
23 12 35
12 20 908
20 12 908
12 32 635
32 12 635
12 67 222
67 12 222
13 23 73
23 13 73
13 47 756
47 13 756
13 67 683
67 13 683
13 24 711
24 13 711
13 39 968
39 13 968
13 28 898
28 13 898
13 39 678
39 13 678
13 55 730
55 13 730
13 58 827
58 13 827
13 40 305
40 13 305
13 57 34
57 13 34
13 35 455
35 13 455
14 68 420
68 14 420
14 17 572
17 14 572
14 65 271
65 14 271
14 23 952
23 14 952
14 66 700
66 14 700
14 55 220
55 14 220
14 46 292
46 14 292
15 30 726
30 15 726
15 43 553
43 15 553
15 34 917
34 15 917
15 31 764
31 15 764
15 44 971
44 15 971
15 31 532
31 15 532
15 68 22
68 15 22
15 46 346
46 15 346
15 39 248
39 15 248
15 64 456
64 15 456
15 16 378
16 15 378
16 20 455
20 16 455
16 22 709
22 16 709
16 69 62
69 16 62
16 35 181
35 16 181
16 20 535
20 16 535
17 33 970
33 17 970
17 44 154
44 17 154
17 50 487
50 17 487
17 62 937
62 17 937
18 20 733
20 18 733
18 24 450
24 18 450
18 34 101
34 18 101
18 65 115
65 18 115
18 40 366
40 18 366
18 37 207
37 18 207
18 54 312
54 18 312
18 58 8
58 18 8
18 44 504
44 18 504
19 51 894
51 19 894
19 23 556
23 19 556
19 69 560
69 19 560
19 63 10
63 19 10
19 19 157
19 19 157
19 47 284
47 19 284
19 31 345
31 19 345
19 21 742
21 19 742
20 37 119
37 20 119
20 30 314
30 20 314
20 65 690
65 20 690
20 42 764
42 20 764
20 45 441
45 20 441
20 35 231
35 20 231
21 24 877
24 21 877
21 60 108
60 21 108
21 29 356
29 21 356
22 49 687
49 22 687
22 50 520
50 22 520
22 41 736
41 22 736
22 29 689
29 22 689
23 27 256
27 23 256
23 40 305
40 23 305
23 59 450
59 23 450
23 62 93
62 23 93
23 35 248
35 23 248
23 45 201
45 23 201
23 41 313
41 23 313
23 50 775
50 23 775
23 44 650
44 23 650
23 39 766
39 23 766
23 42 334
42 23 334
24 31 127
31 24 127
24 57 940
57 24 940
24 68 481
68 24 481
24 62 811
62 24 811
24 61 613
61 24 613
24 34 617
34 24 617
24 64 294
64 24 294
24 25 140
25 24 140
25 44 577
44 25 577
25 33 106
33 25 106
25 40 796
40 25 796
25 62 367
62 25 367
25 29 87
29 25 87
25 35 153
35 25 153
25 69 827
69 25 827
26 46 857
46 26 857
26 30 440
30 26 440
26 68 489
68 26 489
26 42 397
42 26 397
26 57 722
57 26 722
26 69 308
69 26 308
26 50 778
50 26 778
26 37 421
37 26 421
26 54 94
54 26 94
26 68 966
68 26 966
26 41 933
41 26 933
26 43 288
43 26 288
26 37 722
37 26 722
27 32 976
32 27 976
27 56 627
56 27 627
27 49 110
49 27 110
27 63 216
63 27 216
27 51 962
51 27 962
27 53 41
53 27 41
27 28 304
28 27 304
27 32 718
32 27 718
27 53 157
53 27 157
27 65 102
65 27 102
27 34 357
34 27 357
28 57 469
57 28 469
28 42 419
42 28 419
29 48 481
48 29 481
29 62 32
62 29 32
29 63 914
63 29 914
29 34 285
34 29 285
29 52 830
52 29 830
29 51 210
51 29 210
29 39 98
39 29 98
29 56 493
56 29 493
30 47 578
47 30 578
30 35 702
35 30 702
31 46 55
46 31 55
32 56 698
56 32 698
32 40 947
40 32 947
33 64 622
64 33 622
33 60 518
60 33 518
33 57 790
57 33 790
33 35 901
35 33 901
33 35 326
35 33 326
34 42 853
42 34 853
34 43 188
43 34 188
34 40 514
40 34 514
34 65 641
65 34 641
34 45 67
45 34 67
35 65 555
65 35 555
35 48 695
48 35 695
35 43 145
43 35 145
35 50 776
50 35 776
35 41 814
41 35 814
35 66 238
66 35 238
35 55 366
55 35 366
35 51 241
51 35 241
35 53 20
53 35 20
36 49 729
49 36 729
36 44 877
44 36 877
36 44 115
44 36 115
36 45 765
45 36 765
36 64 644
64 36 644
36 65 887
65 36 887
36 55 526
55 36 526
37 58 181
58 37 181
37 46 319
46 37 319
37 55 531
55 37 531
37 66 528
66 37 528
37 38 983
38 37 983
37 60 54
60 37 54
37 58 100
58 37 100
38 45 961
45 38 961
38 42 229
42 38 229
38 39 363
39 38 363
38 55 54
55 38 54
38 68 364
68 38 364
38 54 33
54 38 33
38 59 45
59 38 45
38 61 517
61 38 517
38 42 478
42 38 478
38 69 655
69 38 655
39 59 819
59 39 819
39 50 712
50 39 712
39 62 947
62 39 947
39 61 970
61 39 970
39 40 275
40 39 275
40 60 513
60 40 513
40 43 130
43 40 130
40 50 619
50 40 619
40 48 140
48 40 140
40 50 537
50 40 537
41 56 263
56 41 263
41 62 579
62 41 579
41 56 306
56 41 306
41 68 694
68 41 694
41 51 8
51 41 8
41 66 578
66 41 578
41 64 782
64 41 782
42 52 860
52 42 860
42 46 327
46 42 327
42 45 205
45 42 205
43 51 202
51 43 202
43 68 698
68 43 698
44 45 220
45 44 220
44 66 853
66 44 853
44 60 814
60 44 814
44 57 667
57 44 667
44 62 336
62 44 336
44 67 931
67 44 931
45 47 122
47 45 122
45 59 419
59 45 419
45 68 847
68 45 847
46 68 511
68 46 511
46 58 1000
58 46 1000
46 67 140
67 46 140
46 58 429
58 46 429
47 68 121
68 47 121
48 69 153
69 48 153
48 57 593
57 48 593
48 65 322
65 48 322
49 64 162
64 49 162
49 63 733
63 49 733
50 69 64
69 50 64
50 53 590
53 50 590
50 58 215
58 50 215
50 54 296
54 50 296
53 57 282
57 53 282
53 67 49
67 53 49
53 55 191
55 53 191
53 58 348
58 53 348
53 68 266
68 53 266
54 55 912
55 54 912
54 61 662
61 54 662
55 63 365
63 55 365
55 65 972
65 55 972
55 60 419
60 55 419
55 65 674
65 55 674
56 69 551
69 56 551
56 60 864
60 56 864
56 67 73
67 56 73
57 69 603
69 57 603
57 64 225
64 57 225
58 62 639
62 58 639
58 66 657
66 58 657
58 68 799
68 58 799
59 67 165
67 59 165
59 61 755
61 59 755
59 69 529
69 59 529
61 66 686
66 61 686
62 68 278
68 62 278
62 65 547
65 62 547
62 66 288
66 62 288
63 69 182
69 63 182
64 65 66
65 64 66
64 66 21
66 64 21
64 69 230
69 64 230
