70

0 1 971
1 0 971
0 10 451
10 0 451
0 16 982
16 0 982
0 18 50
18 0 50
0 19 277
19 0 277
0 43 798
43 0 798
0 67 862
67 0 862
0 17 1000
17 0 1000
0 12 140
12 0 140
1 2 21
2 1 21
1 37 540
37 1 540
1 33 416
33 1 416
1 28 604
28 1 604
2 3 87
3 2 87
2 7 622
7 2 622
2 28 241
28 2 241
2 46 510
46 2 510
2 15 60
15 2 60
2 43 861
43 2 861
3 4 949
4 3 949
3 6 899
6 3 899
3 20 126
20 3 126
3 27 953
27 3 953
3 34 358
34 3 358
3 36 11
36 3 11
3 41 460
41 3 460
3 27 175
27 3 175
3 13 790
13 3 790
3 61 478
61 3 478
4 5 893
5 4 893
4 12 363
12 4 363
4 22 144
22 4 144
4 50 156
50 4 156
4 58 69
58 4 69
4 57 236
57 4 236
4 57 808
57 4 808
4 60 925
60 4 925
5 8 184
8 5 184
5 9 85
9 5 85
5 11 839
11 5 839
5 63 771
63 5 771
5 51 469
51 5 469
5 26 784
26 5 784
5 42 946
42 5 946
5 7 87
7 5 87
6 52 797
52 6 797
6 45 480
45 6 480
6 21 614
21 6 614
6 29 478
29 6 478
6 8 82
8 6 82
7 32 574
32 7 574
7 39 342
39 7 342
7 66 47
66 7 47
7 60 136
60 7 136
7 66 737
66 7 737
7 61 38
61 7 38
7 65 212
65 7 212
8 44 283
44 8 283
8 61 516
61 8 516
8 52 897
52 8 897
8 17 264
17 8 264
8 34 693
34 8 693
8 26 185
26 8 185
8 42 362
42 8 362
9 23 722
23 9 722
9 41 559
41 9 559
10 17 428
17 10 428
10 63 650
63 10 650
10 43 371
43 10 371
10 64 328
64 10 328
11 13 551
13 11 551
11 29 22
29 11 22
11 30 225
30 11 225
11 64 319
64 11 319
11 66 844
66 11 844
11 40 533
40 11 533
11 16 405
16 11 405
11 43 98
43 11 98
11 12 463
12 11 463
11 11 903
11 11 903
11 56 675
56 11 675
12 15 124
15 12 124
12 26 594
26 12 594
12 44 388
44 12 388
12 19 401
19 12 401
12 15 100
15 12 100
13 14 519
14 13 519
13 27 92
27 13 92
13 30 589
30 13 589
13 58 317
58 13 317
13 44 410
44 13 410
13 53 285
53 13 285
13 20 816
20 13 816
13 34 480
34 13 480
13 13 318
13 13 318
15 49 95
49 15 95
15 56 430
56 15 430
15 46 73
46 15 73
15 36 784
36 15 784
15 55 347
55 15 347
15 58 273
58 15 273
15 18 821
18 15 821
16 21 128
21 16 128
16 35 608
35 16 608
16 41 488
41 16 488
16 44 475
44 16 475
16 62 155
62 16 155
16 39 107
39 16 107
17 25 359
25 17 359
17 43 981
43 17 981
17 19 510
19 17 510
17 38 781
38 17 781
17 54 283
54 17 283
17 61 849
61 17 849
17 62 618
62 17 618
18 38 151
38 18 151
18 56 926
56 18 926
18 62 476
62 18 476
18 57 596
57 18 596
18 51 959
51 18 959
18 58 934
58 18 934
18 49 920
49 18 920
19 33 28
33 19 28
19 38 142
38 19 142
19 42 287
42 19 287
20 21 887
21 20 887
20 57 852
57 20 852
20 25 37
25 20 37
21 24 873
24 21 873
21 56 667
56 21 667
21 30 992
30 21 992
21 50 837
50 21 837
22 47 602
47 22 602
22 55 396
55 22 396
22 65 286
65 22 286
22 52 190
52 22 190
22 56 601
56 22 601
23 59 421
59 23 421
23 45 113
45 23 113
23 25 13
25 23 13
24 42 655
42 24 655
24 27 491
27 24 491
25 66 810
66 25 810
25 26 264
26 25 264
25 66 578
66 25 578
26 31 539
31 26 539
26 45 342
45 26 342
26 62 627
62 26 627
26 54 212
54 26 212
26 44 768
44 26 768
26 59 519
59 26 519
27 46 446
46 27 446
27 47 34
47 27 34
28 33 35
33 28 35
28 35 442
35 28 442
28 65 833
65 28 833
28 36 868
36 28 868
28 68 175
68 28 175
29 37 255
37 29 255
29 67 952
67 29 952
29 38 575
38 29 575
30 68 101
68 30 101
30 62 655
62 30 655
31 69 622
69 31 622
31 64 84
64 31 84
31 49 883
49 31 883
32 59 769
59 32 769
32 69 722
69 32 722
32 38 105
38 32 105
32 68 507
68 32 507
32 50 615
50 32 615
33 52 193
52 33 193
33 60 859
60 33 859
33 59 148
59 33 148
33 34 246
34 33 246
33 37 857
37 33 857
35 40 429
40 35 429
36 57 656
57 36 656
36 55 875
55 36 875
37 42 547
42 37 547
37 57 944
57 37 944
38 58 189
58 38 189
38 69 896
69 38 896
39 65 244
65 39 244
39 52 596
52 39 596
39 56 737
56 39 737
39 41 581
41 39 581
39 51 349
51 39 349
40 48 120
48 40 120
40 62 207
62 40 207
40 44 435
44 40 435
40 42 406
42 40 406
41 54 534
54 41 534
41 62 1000
62 41 1000
41 63 494
63 41 494
41 68 436
68 41 436
42 67 240
67 42 240
42 61 99
61 42 99
43 54 80
54 43 80
43 53 496
53 43 496
43 65 385
65 43 385
43 61 382
61 43 382
44 60 890
60 44 890
44 52 218
52 44 218
45 51 972
51 45 972
45 51 495
51 45 495
45 61 178
61 45 178
48 65 344
65 48 344
49 68 399
68 49 399
50 53 862
53 50 862
50 61 763
61 50 763
50 66 157
66 50 157
50 51 511
51 50 511
54 57 819
57 54 819
55 67 591
67 55 591
56 65 991
65 56 991
61 68 985
68 61 985
62 69 764
69 62 764
62 65 498
65 62 498
64 69 905
69 64 905
64 65 919
65 64 919
66 68 302
68 66 302
66 68 945
68 66 945
69 69 378
69 69 378
