71

0 1 100
1 0 100
0 2 476
2 0 476
0 3 395
3 0 395
0 6 680
6 0 680
0 8 489
8 0 489
0 9 792
9 0 792
0 20 607
20 0 607
0 64 440
64 0 440
0 44 997
44 0 997
0 61 744
61 0 744
0 43 163
43 0 163
0 38 437
38 0 437
0 62 217
62 0 217
0 43 898
43 0 898
0 21 996
21 0 996
1 29 492
29 1 492
1 26 467
26 1 467
1 23 649
23 1 649
1 9 160
9 1 160
1 13 902
13 1 902
1 17 347
17 1 347
1 45 136
45 1 136
1 48 655
48 1 655
1 50 423
50 1 423
1 50 602
50 1 602
1 47 29
47 1 29
1 65 378
65 1 378
1 51 614
51 1 614
2 4 644
4 2 644
2 37 55
37 2 55
2 24 648
24 2 648
2 46 782
46 2 782
2 15 86
15 2 86
2 31 324
31 2 324
2 59 455
59 2 455
2 5 450
5 2 450
2 13 741
13 2 741
2 3 505
3 2 505
2 19 897
19 2 897
2 23 803
23 2 803
3 5 431
5 3 431
3 10 190
10 3 190
3 32 13
32 3 13
3 8 72
8 3 72
3 69 487
69 3 487
3 58 427
58 3 427
3 25 991
25 3 991
3 5 999
5 3 999
3 40 633
40 3 633
3 52 868
52 3 868
3 66 98
66 3 98
3 39 974
39 3 974
3 59 556
59 3 556
3 20 592
20 3 592
3 44 400
44 3 400
4 7 24
7 4 24
4 13 549
13 4 549
4 54 78
54 4 78
4 33 869
33 4 869
4 10 240
10 4 240
4 63 736
63 4 736
4 18 357
18 4 357
4 54 266
54 4 266
5 23 723
23 5 723
5 37 717
37 5 717
5 55 604
55 5 604
5 33 913
33 5 913
5 48 522
48 5 522
5 30 800
30 5 800
5 13 641
13 5 641
5 62 830
62 5 830
5 23 747
23 5 747
5 13 164
13 5 164
5 13 742
13 5 742
5 12 500
12 5 500
6 26 661
26 6 661
6 68 201
68 6 201
6 14 383
14 6 383
6 25 859
25 6 859
6 21 274
21 6 274
6 41 935
41 6 935
6 22 774
22 6 774
7 11 908
11 7 908
7 24 931
24 7 931
7 25 340
25 7 340
7 62 818
62 7 818
7 8 46
8 7 46
7 56 837
56 7 837
7 51 207
51 7 207
7 50 930
50 7 930
7 45 636
45 7 636
7 20 59
20 7 59
7 55 813
55 7 813
7 32 252
32 7 252
7 20 628
20 7 628
7 53 908
53 7 908
7 36 829
36 7 829
7 41 467
41 7 467
8 17 552
17 8 552
8 39 197
39 8 197
8 68 814
68 8 814
8 38 772
38 8 772
8 37 90
37 8 90
8 46 311
46 8 311
8 34 867
34 8 867
8 46 34
46 8 34
8 9 821
9 8 821
8 37 355
37 8 355
8 61 682
61 8 682
9 12 317
12 9 317
9 15 116
15 9 116
9 16 327
16 9 327
9 27 657
27 9 657
9 50 593
50 9 593
9 62 68
62 9 68
9 29 77
29 9 77
9 25 132
25 9 132
9 64 76
64 9 76
9 46 320
46 9 320
9 54 763
54 9 763
10 14 855
14 10 855
10 18 984
18 10 984
10 40 262
40 10 262
10 53 291
53 10 291
10 59 38
59 10 38
10 33 890
33 10 890
10 42 706
42 10 706
10 45 400
45 10 400
10 59 129
59 10 129
10 21 165
21 10 165
10 62 781
62 10 781
10 27 872
27 10 872
11 52 129
52 11 129
11 26 897
26 11 897
11 19 972
19 11 972
11 27 468
27 11 468
11 36 34
36 11 34
11 46 92
46 11 92
12 55 391
55 12 391
12 26 562
26 12 562
12 34 797
34 12 797
12 56 571
56 12 571
12 53 844
53 12 844
12 27 490
27 12 490
12 19 13
19 12 13
12 46 859
46 12 859
12 43 211
43 12 211
12 31 913
31 12 913
12 38 863
38 12 863
13 54 804
54 13 804
13 51 894
51 13 894
13 36 214
36 13 214
13 47 181
47 13 181
13 60 354
60 13 354
13 64 465
64 13 465
13 45 130
45 13 130
14 67 400
67 14 400
14 44 725
44 14 725
14 31 463
31 14 463
14 23 998
23 14 998
14 32 609
32 14 609
14 38 791
38 14 791
14 39 635
39 14 635
14 29 611
29 14 611
14 32 264
32 14 264
14 42 487
42 14 487
14 17 375
17 14 375
15 19 320
19 15 320
15 70 276
70 15 276
15 18 317
18 15 317
15 38 628
38 15 628
15 42 657
42 15 657
15 30 823
30 15 823
15 46 303
46 15 303
15 31 977
31 15 977
15 21 113
21 15 113
15 54 897
54 15 897
15 20 391
20 15 391
15 45 698
45 15 698
15 53 348
53 15 348
16 22 742
22 16 742
16 63 298
63 16 298
16 27 664
27 16 664
16 43 506
43 16 506
16 46 775
46 16 775
16 37 208
37 16 208
16 68 147
68 16 147
16 42 341
42 16 341
16 24 861
24 16 861
16 49 181
49 16 181
16 47 757
47 16 757
16 62 61
62 16 61
16 32 499
32 16 499
17 30 92
30 17 92
17 38 71
38 17 71
17 28 423
28 17 423
17 35 155
35 17 155
17 21 526
21 17 526
17 22 298
22 17 298
17 24 619
24 17 619
17 65 247
65 17 247
17 60 583
60 17 583
18 35 100
35 18 100
18 68 951
68 18 951
18 60 924
60 18 924
18 26 26
26 18 26
18 18 962
18 18 962
18 66 849
66 18 849
18 18 267
18 18 267
18 70 512
70 18 512
19 40 670
40 19 670
19 66 590
66 19 590
19 28 931
28 19 931
19 21 334
21 19 334
19 40 785
40 19 785
19 51 121
51 19 121
19 55 462
55 19 462
20 21 750
21 20 750
20 33 147
33 20 147
20 44 246
44 20 246
20 70 916
70 20 916
20 44 458
44 20 458
20 35 481
35 20 481
21 28 889
28 21 889
21 66 897
66 21 897
21 70 307
70 21 307
21 47 531
47 21 531
21 48 769
48 21 769
21 51 784
51 21 784
21 62 332
62 21 332
21 65 685
65 21 685
21 64 39
64 21 39
21 67 213
67 21 213
21 36 423
36 21 423
21 28 736
28 21 736
21 32 778
32 21 778
21 32 203
32 21 203
22 27 147
27 22 147
22 31 124
31 22 124
22 54 386
54 22 386
22 29 144
29 22 144
22 62 263
62 22 263
22 64 28
64 22 28
22 57 249
57 22 249
23 58 657
58 23 657
23 48 742
48 23 742
23 24 375
24 23 375
23 69 604
69 23 604
23 46 311
46 23 311
23 60 734
60 23 734
23 34 969
34 23 969
23 49 341
49 23 341
23 64 702
64 23 702
24 41 590
41 24 590
24 52 393
52 24 393
24 44 92
44 24 92
24 35 706
35 24 706
24 63 698
63 24 698
24 34 707
34 24 707
24 26 200
26 24 200
24 63 222
63 24 222
24 29 426
29 24 426
24 41 190
41 24 190
24 59 303
59 24 303
24 51 558
51 24 558
24 44 225
44 24 225
25 45 349
45 25 349
25 29 398
29 25 398
25 38 592
38 25 592
25 32 705
32 25 705
25 52 989
52 25 989
26 62 247
62 26 247
26 61 709
61 26 709
26 37 762
37 26 762
26 33 559
33 26 559
26 57 778
57 26 778
26 35 760
35 26 760
26 33 608
33 26 608
26 53 214
53 26 214
26 41 714
41 26 714
26 42 722
42 26 722
26 56 110
56 26 110
27 49 407
49 27 407
27 43 679
43 27 679
27 43 90
43 27 90
27 69 111
69 27 111
27 68 978
68 27 978
27 35 547
35 27 547
27 42 239
42 27 239
27 53 440
53 27 440
28 34 719
34 28 719
28 44 64
44 28 64
28 44 282
44 28 282
28 58 450
58 28 450
28 36 615
36 28 615
28 55 69
55 28 69
28 58 782
58 28 782
28 57 655
57 28 655
28 30 959
30 28 959
28 53 700
53 28 700
28 47 905
47 28 905
29 37 747
37 29 747
29 53 523
53 29 523
29 70 10
70 29 10
29 64 861
64 29 861
29 64 867
64 29 867
30 42 536
42 30 536
30 50 521
50 30 521
30 59 842
59 30 842
30 65 37
65 30 37
30 68 904
68 30 904
30 61 247
61 30 247
30 54 167
54 30 167
30 32 373
32 30 373
31 47 889
47 31 889
31 45 94
45 31 94
31 35 503
35 31 503
31 65 851
65 31 851
31 54 601
54 31 601
32 61 330
61 32 330
32 39 842
39 32 842
32 59 357
59 32 357
32 67 530
67 32 530
32 52 952
52 32 952
33 36 490
36 33 490
33 45 263
45 33 263
33 40 223
40 33 223
33 52 18
52 33 18
33 35 169
35 33 169
33 69 763
69 33 763
33 54 579
54 33 579
33 41 173
41 33 173
34 48 654
48 34 654
34 37 857
37 34 857
34 41 15
41 34 15
34 70 80
70 34 80
34 42 557
42 34 557
34 48 771
48 34 771
35 43 966
43 35 966
35 51 913
51 35 913
35 56 90
56 35 90
35 63 523
63 35 523
35 45 337
45 35 337
35 38 543
38 35 543
36 46 669
46 36 669
36 68 578
68 36 578
36 50 26
50 36 26
36 60 519
60 36 519
36 44 373
44 36 373
37 53 676
53 37 676
37 48 217
48 37 217
37 57 428
57 37 428
38 67 479
67 38 479
38 54 429
54 38 429
38 60 440
60 38 440
38 47 954
47 38 954
38 41 772
41 38 772
38 52 244
52 38 244
38 62 154
62 38 154
39 69 518
69 39 518
39 68 319
68 39 319
39 54 27
54 39 27
40 50 891
50 40 891
40 67 470
67 40 470
40 59 594
59 40 594
40 57 233
57 40 233
40 59 586
59 40 586
41 44 317
44 41 317
41 69 415
69 41 415
41 51 456
51 41 456
41 66 946
66 41 946
41 53 932
53 41 932
41 48 340
48 41 340
41 70 465
70 41 465
42 65 699
65 42 699
42 63 290
63 42 290
42 47 852
47 42 852
43 61 905
61 43 905
43 43 541
43 43 541
43 61 802
61 43 802
44 47 387
47 44 387
44 66 354
66 44 354
44 68 63
68 44 63
44 62 534
62 44 534
44 64 962
64 44 962
44 57 296
57 44 296
44 68 74
68 44 74
45 66 185
66 45 185
45 67 27
67 45 27
45 48 352
48 45 352
45 66 911
66 45 911
46 58 964
58 46 964
46 69 494
69 46 494
46 60 993
60 46 993
46 46 680
46 46 680
47 48 142
48 47 142
47 63 233
63 47 233
47 59 482
59 47 482
48 57 646
57 48 646
48 70 659
70 48 659
48 66 268
66 48 268
48 60 196
60 48 196
48 48 552
48 48 552
48 55 625
55 48 625
48 55 479
55 48 479
48 54 484
54 48 484
49 55 443
55 49 443
50 63 343
63 50 343
50 62 855
62 50 855
50 68 437
68 50 437
51 64 971
64 51 971
51 65 270
65 51 270
51 64 676
64 51 676
51 69 252
69 51 252
52 65 779
65 52 779
53 66 224
66 53 224
53 70 390
70 53 390
54 67 345
67 54 345
54 59 66
59 54 66
54 59 879
59 54 879
55 64 436
64 55 436
56 64 902
64 56 902
56 59 372
59 56 372
57 60 329
60 57 329
57 62 888
62 57 888
57 68 506
68 57 506
57 70 112
70 57 112
57 65 272
65 57 272
57 68 774
68 57 774
58 60 945
60 58 945
59 61 228
61 59 228
60 66 617
66 60 617
61 65 191
65 61 191
61 69 639
69 61 639
65 67 647
67 65 647
66 70 210
70 66 210
68 70 795
70 68 795
