95

0 1 537
1 0 537
0 3 898
3 0 898
0 5 551
5 0 551
0 29 427
29 0 427
0 85 787
85 0 787
0 64 196
64 0 196
0 63 715
63 0 715
0 60 637
60 0 637
0 59 661
59 0 661
0 87 646
87 0 646
0 15 408
15 0 408
0 72 508
72 0 508
0 69 919
69 0 919
0 74 606
74 0 606
0 93 15
93 0 15
0 54 225
54 0 225
0 32 371
32 0 371
0 16 3
16 0 3
0 62 850
62 0 850
0 66 498
66 0 498
0 45 641
45 0 641
0 29 813
29 0 813
0 94 451
94 0 451
1 2 619
2 1 619
1 4 980
4 1 980
1 8 512
8 1 512
1 2 455
2 1 455
1 63 275
63 1 275
1 4 274
4 1 274
1 75 889
75 1 889
1 46 61
46 1 61
1 51 476
51 1 476
1 6 299
6 1 299
1 87 41
87 1 41
1 16 699
16 1 699
1 49 943
49 1 943
1 72 502
72 1 502
1 92 161
92 1 161
1 28 87
28 1 87
1 22 494
22 1 494
1 80 635
80 1 635
1 64 524
64 1 524
1 24 870
24 1 870
2 20 497
20 2 497
2 74 4
74 2 4
2 24 660
24 2 660
2 73 68
73 2 68
2 27 805
27 2 805
2 68 970
68 2 970
2 9 726
9 2 726
2 20 139
20 2 139
2 69 518
69 2 518
2 82 869
82 2 869
2 43 968
43 2 968
2 8 169
8 2 169
2 81 443
81 2 443
2 6 636
6 2 636
2 9 235
9 2 235
2 80 341
80 2 341
2 32 937
32 2 937
2 74 976
74 2 976
2 41 205
41 2 205
2 15 10
15 2 10
2 94 98
94 2 98
3 6 287
6 3 287
3 18 938
18 3 938
3 30 355
30 3 355
3 50 460
50 3 460
3 9 567
9 3 567
3 29 249
29 3 249
3 30 378
30 3 378
3 84 378
84 3 378
3 90 27
90 3 27
3 4 270
4 3 270
3 5 576
5 3 576
3 58 72
58 3 72
3 10 736
10 3 736
3 56 668
56 3 668
4 9 754
9 4 754
4 21 981
21 4 981
4 47 493
47 4 493
4 88 72
88 4 72
4 52 992
52 4 992
4 69 616
69 4 616
4 37 956
37 4 956
4 83 405
83 4 405
4 65 274
65 4 274
4 87 186
87 4 186
4 27 939
27 4 939
4 20 690
20 4 690
4 92 693
92 4 693
4 69 487
69 4 487
4 44 609
44 4 609
4 26 283
26 4 283
4 85 739
85 4 739
4 56 468
56 4 468
4 84 427
84 4 427
4 23 382
23 4 382
4 27 298
27 4 298
4 80 519
80 4 519
4 62 839
62 4 839
4 74 922
74 4 922
4 21 385
21 4 385
4 32 675
32 4 675
4 24 96
24 4 96
4 87 856
87 4 856
4 33 800
33 4 800
5 7 580
7 5 580
5 10 373
10 5 373
5 43 443
43 5 443
5 56 895
56 5 895
5 87 965
87 5 965
5 42 369
42 5 369
5 55 463
55 5 463
5 81 47
81 5 47
5 84 36
84 5 36
5 36 810
36 5 810
5 87 738
87 5 738
5 93 876
93 5 876
5 77 854
77 5 854
5 41 58
41 5 58
5 17 230
17 5 230
5 89 145
89 5 145
5 91 199
91 5 199
5 56 957
56 5 957
5 90 366
90 5 366
5 7 946
7 5 946
5 41 366
41 5 366
5 83 951
83 5 951
5 90 676
90 5 676
6 12 805
12 6 805
6 13 191
13 6 191
6 31 173
31 6 173
6 37 861
37 6 861
6 94 23
94 6 23
6 66 305
66 6 305
6 39 769
39 6 769
6 45 531
45 6 531
6 46 523
46 6 523
6 8 119
8 6 119
6 39 301
39 6 301
6 53 912
53 6 912
6 27 459
27 6 459
7 11 464
11 7 464
7 16 41
16 7 41
7 35 801
35 7 801
7 54 241
54 7 241
7 91 610
91 7 610
7 89 542
89 7 542
7 17 923
17 7 923
7 25 531
25 7 531
7 34 680
34 7 680
7 71 206
71 7 206
7 89 739
89 7 739
7 74 567
74 7 567
7 15 760
15 7 760
7 83 774
83 7 774
7 10 459
10 7 459
7 64 883
64 7 883
7 31 64
31 7 64
7 16 336
16 7 336
7 91 419
91 7 419
7 94 376
94 7 376
7 30 824
30 7 824
7 11 923
11 7 923
7 32 149
32 7 149
8 32 894
32 8 894
8 58 418
58 8 418
8 36 450
36 8 450
8 70 952
70 8 952
8 83 929
83 8 929
8 77 723
77 8 723
8 52 957
52 8 957
8 81 556
81 8 556
8 52 378
52 8 378
8 59 303
59 8 303
8 86 946
86 8 946
8 82 345
82 8 345
8 31 576
31 8 576
8 21 151
21 8 151
8 53 452
53 8 452
8 49 58
49 8 58
8 68 168
68 8 168
8 59 664
59 8 664
8 42 936
42 8 936
8 66 814
66 8 814
8 94 411
94 8 411
9 68 955
68 9 955
9 80 435
80 9 435
9 93 35
93 9 35
9 35 825
35 9 825
9 51 947
51 9 947
9 60 199
60 9 199
9 64 687
64 9 687
9 92 490
92 9 490
9 29 14
29 9 14
9 19 644
19 9 644
9 79 326
79 9 326
9 44 41
44 9 41
9 86 963
86 9 963
9 47 171
47 9 171
9 43 280
43 9 280
9 61 480
61 9 480
9 48 622
48 9 622
9 81 991
81 9 991
9 25 550
25 9 550
10 14 730
14 10 730
10 39 771
39 10 771
10 47 874
47 10 874
10 75 720
75 10 720
10 86 734
86 10 734
10 92 117
92 10 117
10 90 724
90 10 724
10 34 823
34 10 823
10 48 830
48 10 830
10 59 387
59 10 387
10 28 969
28 10 969
10 84 309
84 10 309
10 60 832
60 10 832
10 25 83
25 10 83
10 80 682
80 10 682
10 29 176
29 10 176
10 41 7
41 10 7
10 36 849
36 10 849
11 26 332
26 11 332
11 27 93
27 11 93
11 29 750
29 11 750
11 92 979
92 11 979
11 39 282
39 11 282
11 70 419
70 11 419
11 43 363
43 11 363
11 44 316
44 11 316
11 51 439
51 11 439
11 24 461
24 11 461
11 70 475
70 11 475
11 48 419
48 11 419
11 89 560
89 11 560
11 34 174
34 11 174
11 41 52
41 11 52
11 77 766
77 11 766
11 74 102
74 11 102
11 93 485
93 11 485
11 27 88
27 11 88
11 42 304
42 11 304
11 77 317
77 11 317
11 14 702
14 11 702
11 87 109
87 11 109
11 15 12
15 11 12
11 36 446
36 11 446
11 41 39
41 11 39
11 89 766
89 11 766
11 82 887
82 11 887
11 33 708
33 11 708
11 28 673
28 11 673
12 36 821
36 12 821
12 31 702
31 12 702
12 49 751
49 12 751
12 50 313
50 12 313
12 62 797
62 12 797
12 81 20
81 12 20
12 82 434
82 12 434
12 12 293
12 12 293
12 64 57
64 12 57
12 92 698
92 12 698
12 93 189
93 12 189
12 42 522
42 12 522
12 34 195
34 12 195
12 81 179
81 12 179
12 18 336
18 12 336
12 26 326
26 12 326
12 21 270
21 12 270
12 84 718
84 12 718
12 36 140
36 12 140
12 43 403
43 12 403
12 55 818
55 12 818
13 15 221
15 13 221
13 62 812
62 13 812
13 49 618
49 13 618
13 42 522
42 13 522
13 79 749
79 13 749
13 29 474
29 13 474
13 39 325
39 13 325
13 73 238
73 13 238
13 49 275
49 13 275
14 17 157
17 14 157
14 19 173
19 14 173
14 92 714
92 14 714
14 64 837
64 14 837
14 59 811
59 14 811
14 32 316
32 14 316
14 73 497
73 14 497
14 70 724
70 14 724
14 55 667
55 14 667
14 25 847
25 14 847
14 48 218
48 14 218
14 36 925
36 14 925
14 14 344
14 14 344
14 18 865
18 14 865
15 17 931
17 15 931
15 78 735
78 15 735
15 80 702
80 15 702
15 16 141
16 15 141
15 81 564
81 15 564
15 70 370
70 15 370
15 64 609
64 15 609
15 39 709
39 15 709
15 22 557
22 15 557
15 28 476
28 15 476
15 21 812
21 15 812
15 53 495
53 15 495
15 15 665
15 15 665
15 60 354
60 15 354
15 36 261
36 15 261
15 89 494
89 15 494
15 82 686
82 15 686
16 28 825
28 16 825
16 81 471
81 16 471
16 76 909
76 16 909
16 81 974
81 16 974
16 32 104
32 16 104
16 92 527
92 16 527
16 35 872
35 16 872
16 82 142
82 16 142
16 92 819
92 16 819
16 18 661
18 16 661
16 54 101
54 16 101
16 34 704
34 16 704
16 29 590
29 16 590
16 25 62
25 16 62
16 63 125
63 16 125
16 27 549
27 16 549
16 24 168
24 16 168
16 19 23
19 16 23
16 62 588
62 16 588
16 89 121
89 16 121
16 68 804
68 16 804
17 23 391
23 17 391
17 63 744
63 17 744
17 36 743
36 17 743
17 88 142
88 17 142
17 60 143
60 17 143
17 27 303
27 17 303
17 70 965
70 17 965
17 60 536
60 17 536
17 83 520
83 17 520
17 59 553
59 17 553
17 44 197
44 17 197
17 62 660
62 17 660
17 19 565
19 17 565
17 70 167
70 17 167
17 28 820
28 17 820
17 61 618
61 17 618
18 22 183
22 18 183
18 24 88
24 18 88
18 85 770
85 18 770
18 91 534
91 18 534
18 32 880
32 18 880
18 90 455
90 18 455
18 78 993
78 18 993
18 47 257
47 18 257
18 81 430
81 18 430
18 74 813
74 18 813
18 45 103
45 18 103
18 27 835
27 18 835
18 33 742
33 18 742
18 46 97
46 18 97
18 70 406
70 18 406
18 49 181
49 18 181
18 78 130
78 18 130
18 78 376
78 18 376
18 85 17
85 18 17
18 65 636
65 18 636
18 18 161
18 18 161
19 73 172
73 19 172
19 76 58
76 19 58
19 51 790
51 19 790
19 62 411
62 19 411
19 78 339
78 19 339
19 47 653
47 19 653
19 66 726
66 19 726
19 78 644
78 19 644
19 94 191
94 19 191
19 37 259
37 19 259
19 70 303
70 19 303
19 21 40
21 19 40
19 61 619
61 19 619
19 83 373
83 19 373
19 80 919
80 19 919
19 52 301
52 19 301
19 90 831
90 19 831
19 26 280
26 19 280
19 92 677
92 19 677
19 86 438
86 19 438
19 36 918
36 19 918
20 34 784
34 20 784
20 48 285
48 20 285
20 61 727
61 20 727
20 63 723
63 20 723
20 50 180
50 20 180
20 85 161
85 20 161
20 34 564
34 20 564
20 72 67
72 20 67
20 58 640
58 20 640
20 84 594
84 20 594
20 88 947
88 20 947
20 20 246
20 20 246
20 58 26
58 20 26
20 79 729
79 20 729
20 93 798
93 20 798
20 60 208
60 20 208
20 71 759
71 20 759
20 91 311
91 20 311
20 45 626
45 20 626
20 86 43
86 20 43
20 59 726
59 20 726
21 45 786
45 21 786
21 89 350
89 21 350
21 65 228
65 21 228
21 24 665
24 21 665
21 93 442
93 21 442
21 84 80
84 21 80
21 56 699
56 21 699
21 24 947
24 21 947
21 92 941
92 21 941
21 74 111
74 21 111
21 53 470
53 21 470
21 49 162
49 21 162
21 92 67
92 21 67
22 40 651
40 22 651
22 52 317
52 22 317
22 58 518
58 22 518
22 72 877
72 22 877
22 89 437
89 22 437
22 93 274
93 22 274
22 80 820
80 22 820
22 92 701
92 22 701
22 75 907
75 22 907
22 81 796
81 22 796
22 44 301
44 22 301
22 23 141
23 22 141
22 46 854
46 22 854
22 63 728
63 22 728
22 59 961
59 22 961
23 25 63
25 23 63
23 38 325
38 23 325
23 87 183
87 23 183
23 30 968
30 23 968
23 72 342
72 23 342
23 78 145
78 23 145
23 74 728
74 23 728
23 85 236
85 23 236
23 57 11
57 23 11
23 59 816
59 23 816
23 94 6
94 23 6
23 78 741
78 23 741
23 74 2
74 23 2
23 24 990
24 23 990
23 62 585
62 23 585
23 27 12
27 23 12
23 38 264
38 23 264
24 65 113
65 24 113
24 79 570
79 24 570
24 57 328
57 24 328
24 36 659
36 24 659
24 91 83
91 24 83
24 29 535
29 24 535
24 94 611
94 24 611
24 61 530
61 24 530
24 48 574
48 24 574
24 91 845
91 24 845
24 47 190
47 24 190
24 28 542
28 24 542
24 29 133
29 24 133
24 90 199
90 24 199
24 78 649
78 24 649
24 86 442
86 24 442
24 61 398
61 24 398
24 41 700
41 24 700
24 73 332
73 24 332
24 62 116
62 24 116
25 82 241
82 25 241
25 28 860
28 25 860
25 34 653
34 25 653
25 49 105
49 25 105
25 85 627
85 25 627
25 63 836
63 25 836
25 51 683
51 25 683
25 78 455
78 25 455
25 42 128
42 25 128
25 53 244
53 25 244
25 29 508
29 25 508
25 27 132
27 25 132
25 77 732
77 25 732
25 75 655
75 25 655
26 33 171
33 26 171
26 42 45
42 26 45
26 58 248
58 26 248
26 87 458
87 26 458
26 28 29
28 26 29
26 90 814
90 26 814
26 52 456
52 26 456
26 49 500
49 26 500
26 29 492
29 26 492
26 43 679
43 26 679
26 90 210
90 26 210
26 50 388
50 26 388
26 78 480
78 26 480
26 49 581
49 26 581
26 39 92
39 26 92
26 36 589
36 26 589
26 68 735
68 26 735
26 41 810
41 26 810
27 41 663
41 27 663
27 42 9
42 27 9
27 92 577
92 27 577
27 44 965
44 27 965
27 77 668
77 27 668
27 37 47
37 27 47
27 79 581
79 27 581
27 47 387
47 27 387
27 69 329
69 27 329
27 67 43
67 27 43
27 44 390
44 27 390
27 62 732
62 27 732
27 28 175
28 27 175
27 30 868
30 27 868
27 33 726
33 27 726
27 63 839
63 27 839
27 37 186
37 27 186
27 57 911
57 27 911
27 47 930
47 27 930
27 66 154
66 27 154
28 36 472
36 28 472
28 57 167
57 28 167
28 35 324
35 28 324
28 68 817
68 28 817
28 38 199
38 28 199
28 50 570
50 28 570
28 90 238
90 28 238
28 34 874
34 28 874
28 64 851
64 28 851
29 89 622
89 29 622
29 62 120
62 29 120
29 61 184
61 29 184
29 93 575
93 29 575
29 85 217
85 29 217
29 71 683
71 29 683
29 46 458
46 29 458
29 87 946
87 29 946
29 57 205
57 29 205
29 81 321
81 29 321
29 63 707
63 29 707
29 82 876
82 29 876
29 78 717
78 29 717
29 57 480
57 29 480
29 78 369
78 29 369
29 44 507
44 29 507
29 33 286
33 29 286
29 34 23
34 29 23
29 38 516
38 29 516
29 32 237
32 29 237
30 42 594
42 30 594
30 58 352
58 30 352
30 48 634
48 30 634
30 62 54
62 30 54
30 83 711
83 30 711
30 67 150
67 30 150
30 55 577
55 30 577
30 82 849
82 30 849
30 53 23
53 30 23
30 31 496
31 30 496
30 67 546
67 30 546
31 51 364
51 31 364
31 56 528
56 31 528
31 66 115
66 31 115
31 84 924
84 31 924
31 38 406
38 31 406
31 75 32
75 31 32
31 58 417
58 31 417
31 56 328
56 31 328
31 76 584
76 31 584
31 91 303
91 31 303
31 78 227
78 31 227
31 81 120
81 31 120
31 64 930
64 31 930
31 60 667
60 31 667
31 80 989
80 31 989
32 44 241
44 32 241
32 45 74
45 32 74
32 32 310
32 32 310
32 75 673
75 32 673
32 41 41
41 32 41
32 80 962
80 32 962
32 40 466
40 32 466
32 55 179
55 32 179
32 46 50
46 32 50
32 87 147
87 32 147
32 71 105
71 32 105
32 51 55
51 32 55
32 77 664
77 32 664
32 81 691
81 32 691
32 86 380
86 32 380
33 77 391
77 33 391
33 58 328
58 33 328
33 76 93
76 33 93
33 39 983
39 33 983
33 61 773
61 33 773
33 68 70
68 33 70
33 69 989
69 33 989
33 90 433
90 33 433
33 66 770
66 33 770
33 39 43
39 33 43
33 89 400
89 33 400
34 79 980
79 34 980
34 85 115
85 34 115
34 81 437
81 34 437
34 65 132
65 34 132
34 79 952
79 34 952
34 72 47
72 34 47
34 79 128
79 34 128
34 65 453
65 34 453
34 73 614
73 34 614
35 88 135
88 35 135
35 77 660
77 35 660
35 61 457
61 35 457
35 89 287
89 35 287
35 56 795
56 35 795
35 41 489
41 35 489
35 36 295
36 35 295
35 60 439
60 35 439
35 70 946
70 35 946
35 43 234
43 35 234
35 65 337
65 35 337
36 61 604
61 36 604
36 45 44
45 36 44
36 91 129
91 36 129
36 69 599
69 36 599
36 47 269
47 36 269
36 60 622
60 36 622
36 42 205
42 36 205
36 67 289
67 36 289
36 38 468
38 36 468
37 60 326
60 37 326
37 68 807
68 37 807
37 80 864
80 37 864
37 53 200
53 37 200
37 43 908
43 37 908
37 39 324
39 37 324
37 88 564
88 37 564
37 61 696
61 37 696
37 87 62
87 37 62
37 65 423
65 37 423
37 50 37
50 37 37
38 59 75
59 38 75
38 60 678
60 38 678
38 83 594
83 38 594
38 56 185
56 38 185
38 57 942
57 38 942
38 67 464
67 38 464
38 61 408
61 38 408
39 46 523
46 39 523
39 70 345
70 39 345
39 86 725
86 39 725
39 52 50
52 39 50
39 62 39
62 39 39
39 51 863
51 39 863
39 54 504
54 39 504
39 43 778
43 39 778
39 58 330
58 39 330
39 47 183
47 39 183
39 66 456
66 39 456
39 94 299
94 39 299
39 78 293
78 39 293
39 57 26
57 39 26
39 78 682
78 39 682
39 60 98
60 39 98
39 72 577
72 39 577
39 93 234
93 39 234
39 45 281
45 39 281
40 75 513
75 40 513
40 41 638
41 40 638
40 56 899
56 40 899
40 54 80
54 40 80
40 56 822
56 40 822
40 72 366
72 40 366
40 45 867
45 40 867
40 71 235
71 40 235
40 70 675
70 40 675
41 75 151
75 41 151
41 62 230
62 41 230
41 88 742
88 41 742
41 47 454
47 41 454
41 93 201
93 41 201
41 93 997
93 41 997
41 90 339
90 41 339
41 84 629
84 41 629
41 45 531
45 41 531
42 53 53
53 42 53
42 70 253
70 42 253
42 82 449
82 42 449
42 84 737
84 42 737
42 61 214
61 42 214
42 55 920
55 42 920
42 55 345
55 42 345
42 78 749
78 42 749
42 62 38
62 42 38
42 81 364
81 42 364
43 53 879
53 43 879
43 63 858
63 43 858
43 78 566
78 43 566
43 65 164
65 43 164
43 53 488
53 43 488
43 86 945
86 43 945
43 62 27
62 43 27
43 55 977
55 43 977
43 56 46
56 43 46
43 52 254
52 43 254
43 62 202
62 43 202
44 92 414
92 44 414
44 48 136
48 44 136
44 77 239
77 44 239
44 61 71
61 44 71
44 50 687
50 44 687
44 64 927
64 44 927
44 74 784
74 44 784
44 87 595
87 44 595
45 61 696
61 45 696
45 63 617
63 45 617
45 89 486
89 45 486
45 56 707
56 45 707
45 92 668
92 45 668
46 64 343
64 46 343
46 83 185
83 46 185
46 58 105
58 46 105
46 48 679
48 46 679
46 60 790
60 46 790
46 55 147
55 46 147
46 73 71
73 46 71
46 63 945
63 46 945
47 66 719
66 47 719
47 79 536
79 47 536
47 94 869
94 47 869
47 50 220
50 47 220
47 90 729
90 47 729
48 49 506
49 48 506
48 49 29
49 48 29
48 66 764
66 48 764
48 94 889
94 48 889
48 89 630
89 48 630
48 91 258
91 48 258
48 80 335
80 48 335
49 78 379
78 49 379
49 83 706
83 49 706
49 56 965
56 49 965
49 61 814
61 49 814
49 94 292
94 49 292
49 81 362
81 49 362
49 64 12
64 49 12
50 55 236
55 50 236
50 61 938
61 50 938
50 61 246
61 50 246
50 69 535
69 50 535
50 87 979
87 50 979
50 92 86
92 50 86
50 57 618
57 50 618
50 76 425
76 50 425
50 92 352
92 50 352
50 57 559
57 50 559
50 80 53
80 50 53
51 55 846
55 51 846
51 66 442
66 51 442
51 94 103
94 51 103
51 59 674
59 51 674
51 54 833
54 51 833
51 80 211
80 51 211
51 80 749
80 51 749
51 73 357
73 51 357
51 88 774
88 51 774
52 54 687
54 52 687
52 54 548
54 52 548
52 86 267
86 52 267
52 69 748
69 52 748
52 68 988
68 52 988
52 57 83
57 52 83
52 86 927
86 52 927
52 76 583
76 52 583
52 74 405
74 52 405
52 62 15
62 52 15
52 80 325
80 52 325
53 86 902
86 53 902
53 56 374
56 53 374
53 64 717
64 53 717
53 86 383
86 53 383
53 80 732
80 53 732
53 92 123
92 53 123
53 87 844
87 53 844
53 82 424
82 53 424
54 83 458
83 54 458
54 55 59
55 54 59
54 88 653
88 54 653
54 86 488
86 54 488
54 65 712
65 54 712
54 62 544
62 54 544
54 77 901
77 54 901
54 89 933
89 54 933
54 84 429
84 54 429
54 76 108
76 54 108
54 85 581
85 54 581
54 57 864
57 54 864
54 92 451
92 54 451
54 81 916
81 54 916
55 58 506
58 55 506
55 92 116
92 55 116
55 74 848
74 55 848
55 93 493
93 55 493
55 72 659
72 55 659
55 57 537
57 55 537
55 71 756
71 55 756
55 85 728
85 55 728
55 89 949
89 55 949
55 69 985
69 55 985
55 62 607
62 55 607
55 88 555
88 55 555
55 69 552
69 55 552
55 94 5
94 55 5
55 91 440
91 55 440
56 93 339
93 56 339
56 87 103
87 56 103
56 68 382
68 56 382
56 78 540
78 56 540
56 81 667
81 56 667
57 67 841
67 57 841
57 70 453
70 57 453
57 67 253
67 57 253
57 87 370
87 57 370
57 62 948
62 57 948
57 86 677
86 57 677
57 90 294
90 57 294
57 58 426
58 57 426
58 64 426
64 58 426
58 71 145
71 58 145
58 68 33
68 58 33
58 84 658
84 58 658
58 81 958
81 58 958
59 93 299
93 59 299
59 78 479
78 59 479
59 66 66
66 59 66
59 68 255
68 59 255
59 60 49
60 59 49
59 62 741
62 59 741
59 81 41
81 59 41
59 94 924
94 59 924
59 69 233
69 59 233
59 81 465
81 59 465
60 64 179
64 60 179
60 72 306
72 60 306
61 74 10
74 61 10
61 84 636
84 61 636
61 65 927
65 61 927
61 63 849
63 61 849
61 79 273
79 61 273
61 68 5
68 61 5
61 79 377
79 61 377
62 65 861
65 62 861
62 64 874
64 62 874
62 80 150
80 62 150
62 75 901
75 62 901
62 80 160
80 62 160
62 80 389
80 62 389
62 68 389
68 62 389
62 87 787
87 62 787
62 68 363
68 62 363
63 69 685
69 63 685
63 69 269
69 63 269
63 79 202
79 63 202
63 73 246
73 63 246
63 79 875
79 63 875
63 72 350
72 63 350
64 80 245
80 64 245
64 74 762
74 64 762
64 76 695
76 64 695
64 78 467
78 64 467
64 88 510
88 64 510
64 66 264
66 64 264
64 79 856
79 64 856
65 74 637
74 65 637
65 67 138
67 65 138
65 81 316
81 65 316
65 92 240
92 65 240
65 67 582
67 65 582
65 68 50
68 65 50
65 81 458
81 65 458
65 83 962
83 65 962
66 68 534
68 66 534
66 91 991
91 66 991
66 71 89
71 66 89
67 78 252
78 67 252
67 94 395
94 67 395
67 75 387
75 67 387
67 82 364
82 67 364
68 72 921
72 68 921
68 93 580
93 68 580
68 88 787
88 68 787
68 85 548
85 68 548
68 89 157
89 68 157
68 90 346
90 68 346
69 71 968
71 69 968
69 76 799
76 69 799
69 86 398
86 69 398
69 85 280
85 69 280
70 84 823
84 70 823
70 82 859
82 70 859
70 70 942
70 70 942
70 88 603
88 70 603
70 89 468
89 70 468
70 94 67
94 70 67
70 78 79
78 70 79
70 85 31
85 70 31
70 87 531
87 70 531
70 72 933
72 70 933
70 94 95
94 70 95
70 72 773
72 70 773
71 90 421
90 71 421
71 94 221
94 71 221
71 86 77
86 71 77
71 90 352
90 71 352
71 81 895
81 71 895
72 94 368
94 72 368
72 87 167
87 72 167
72 87 629
87 72 629
72 77 106
77 72 106
73 87 467
87 73 467
73 80 862
80 73 862
74 90 221
90 74 221
74 76 735
76 74 735
74 84 108
84 74 108
74 79 986
79 74 986
74 80 358
80 74 358
75 88 866
88 75 866
75 77 381
77 75 381
76 84 672
84 76 672
76 91 256
91 76 256
76 88 655
88 76 655
76 93 227
93 76 227
77 88 45
88 77 45
77 81 604
81 77 604
77 93 468
93 77 468
78 92 42
92 78 42
78 79 168
79 78 168
78 92 897
92 78 897
78 89 366
89 78 366
78 88 251
88 78 251
79 82 137
82 79 137
79 80 874
80 79 874
80 94 122
94 80 122
80 84 634
84 80 634
80 81 776
81 80 776
80 86 758
86 80 758
80 87 420
87 80 420
80 82 613
82 80 613
81 83 425
83 81 425
81 88 747
88 81 747
81 92 297
92 81 297
81 84 483
84 81 483
82 83 931
83 82 931
83 91 120
91 83 120
83 94 290
94 83 290
83 88 317
88 83 317
84 88 341
88 84 341
84 87 273
87 84 273
84 84 582
84 84 582
84 90 935
90 84 935
85 92 399
92 85 399
86 91 733
91 86 733
87 92 616
92 87 616
88 94 156
94 88 156
89 91 639
91 89 639
91 92 924
92 91 924
92 94 991
94 92 991
