34

0 1 611
1 0 611
0 2 527
2 0 527
0 3 185
3 0 185
0 9 87
9 0 87
0 16 835
16 0 835
0 4 706
4 0 706
1 5 532
5 1 532
2 4 587
4 2 587
2 30 787
30 2 787
2 33 117
33 2 117
2 7 503
7 2 503
2 33 948
33 2 948
2 22 792
22 2 792
3 10 140
10 3 140
3 14 198
14 3 198
4 8 773
8 4 773
4 11 719
11 4 719
4 26 980
26 4 980
4 32 379
32 4 379
5 6 538
6 5 538
5 7 689
7 5 689
5 29 613
29 5 613
5 30 738
30 5 738
5 14 356
14 5 356
6 28 411
28 6 411
6 32 561
32 6 561
6 20 146
20 6 146
7 12 496
12 7 496
7 17 191
17 7 191
9 15 398
15 9 398
9 19 209
19 9 209
9 20 356
20 9 356
9 23 869
23 9 869
9 19 812
19 9 812
10 13 555
13 10 555
10 18 273
18 10 273
10 15 772
15 10 772
10 31 180
31 10 180
11 29 110
29 11 110
13 16 898
16 13 898
13 24 123
24 13 123
13 29 191
29 13 191
13 31 339
31 13 339
14 21 531
21 14 531
16 25 966
25 16 966
16 16 980
16 16 980
18 27 461
27 18 461
18 19 691
19 18 691
19 22 416
22 19 416
21 22 568
22 21 568
22 26 895
26 22 895
24 28 278
28 24 278
24 26 7
26 24 7
24 25 120
25 24 120
