33

0 1 716
1 0 716
0 2 198
2 0 198
0 8 675
8 0 675
0 25 338
25 0 338
0 10 86
10 0 86
1 3 953
3 1 953
1 5 574
5 1 574
1 12 553
12 1 553
1 24 754
24 1 754
1 30 639
30 1 639
2 9 345
9 2 345
2 13 895
13 2 895
2 21 634
21 2 634
2 32 862
32 2 862
2 11 58
11 2 58
3 4 213
4 3 213
3 6 323
6 3 323
3 15 343
15 3 343
3 17 853
17 3 853
4 10 992
10 4 992
4 11 257
11 4 257
4 16 294
16 4 294
5 7 1000
7 5 1000
6 14 863
14 6 863
6 20 205
20 6 205
6 32 246
32 6 246
9 18 604
18 9 604
9 28 362
28 9 362
10 28 847
28 10 847
11 16 602
16 11 602
12 22 989
22 12 989
12 21 149
21 12 149
15 27 626
27 15 626
16 26 449
26 16 449
17 19 413
19 17 413
17 23 158
23 17 158
21 26 557
26 21 557
23 31 216
31 23 216
27 29 945
29 27 945
