69

0 1 566
1 0 566
0 5 994
5 0 994
0 15 194
15 0 194
0 19 53
19 0 53
0 46 2
46 0 2
1 2 373
2 1 373
1 4 285
4 1 285
1 8 212
8 1 212
1 12 960
12 1 960
1 14 451
14 1 451
1 23 200
23 1 200
1 28 293
28 1 293
1 63 481
63 1 481
2 3 25
3 2 25
2 13 902
13 2 902
2 26 856
26 2 856
2 61 363
61 2 363
2 66 546
66 2 546
3 6 150
6 3 150
3 7 730
7 3 730
3 10 741
10 3 741
3 29 331
29 3 331
4 9 855
9 4 855
4 11 902
11 4 902
4 29 31
29 4 31
4 36 512
36 4 512
4 58 221
58 4 221
4 28 6
28 4 6
4 45 434
45 4 434
4 18 654
18 4 654
5 39 255
39 5 255
5 6 990
6 5 990
6 37 644
37 6 644
7 50 802
50 7 802
7 62 862
62 7 862
8 59 283
59 8 283
9 24 538
24 9 538
9 34 665
34 9 665
9 45 606
45 9 606
9 59 642
59 9 642
10 16 973
16 10 973
10 17 669
17 10 669
10 18 999
18 10 999
10 35 654
35 10 654
10 43 737
43 10 737
10 29 507
29 10 507
10 29 927
29 10 927
11 22 653
22 11 653
11 27 570
27 11 570
11 62 127
62 11 127
13 38 786
38 13 786
14 21 696
21 14 696
14 20 487
20 14 487
15 59 866
59 15 866
15 35 299
35 15 299
16 57 706
57 16 706
16 33 402
33 16 402
16 42 729
42 16 729
17 55 832
55 17 832
18 25 555
25 18 555
18 52 973
52 18 973
18 29 414
29 18 414
18 42 441
42 18 441
19 20 600
20 19 600
19 53 698
53 19 698
19 65 468
65 19 468
19 42 123
42 19 123
19 52 868
52 19 868
19 67 900
67 19 900
19 52 636
52 19 636
19 66 208
66 19 208
20 52 911
52 20 911
21 30 375
30 21 375
21 33 591
33 21 591
21 57 576
57 21 576
21 48 671
48 21 671
22 52 48
52 22 48
22 42 959
42 22 959
22 25 529
25 22 529
23 41 961
41 23 961
23 39 567
39 23 567
23 56 484
56 23 484
23 43 260
43 23 260
24 56 52
56 24 52
25 67 165
67 25 165
26 32 819
32 26 819
26 39 138
39 26 138
27 44 393
44 27 393
27 54 232
54 27 232
28 37 675
37 28 675
29 31 462
31 29 462
30 47 843
47 30 843
30 45 389
45 30 389
30 37 676
37 30 676
31 55 961
55 31 961
32 40 931
40 32 931
32 58 994
58 32 994
32 62 113
62 32 113
33 49 871
49 33 871
33 47 36
47 33 36
34 47 898
47 34 898
35 51 434
51 35 434
36 40 140
40 36 140
36 42 443
42 36 443
36 68 695
68 36 695
37 46 627
46 37 627
37 63 573
63 37 573
38 41 771
41 38 771
39 51 388
51 39 388
41 44 330
44 41 330
42 54 753
54 42 753
43 60 834
60 43 834
43 62 236
62 43 236
43 68 404
68 43 404
44 48 787
48 44 787
48 59 610
59 48 610
54 54 295
54 54 295
56 64 554
64 56 554
57 60 280
60 57 280
58 59 37
59 58 37
59 59 163
59 59 163
59 61 676
61 59 676
61 63 674
63 61 674
62 65 347
65 62 347
64 64 222
64 64 222
