59

0 1 385
1 0 385
0 2 201
2 0 201
0 3 446
3 0 446
0 13 203
13 0 203
0 14 913
14 0 913
0 19 184
19 0 184
0 25 986
25 0 986
0 42 292
42 0 292
0 27 852
27 0 852
0 14 440
14 0 440
0 54 168
54 0 168
0 15 127
15 0 127
0 3 705
3 0 705
0 52 801
52 0 801
0 20 649
20 0 649
1 4 859
4 1 859
1 7 183
7 1 183
1 10 226
10 1 226
1 37 842
37 1 842
1 48 738
48 1 738
1 2 232
2 1 232
1 17 133
17 1 133
1 15 979
15 1 979
1 39 619
39 1 619
1 58 31
58 1 31
1 36 141
36 1 141
1 25 247
25 1 247
1 29 31
29 1 31
1 49 460
49 1 460
2 30 30
30 2 30
2 40 543
40 2 543
2 11 455
11 2 455
2 25 984
25 2 984
2 44 104
44 2 104
2 18 570
18 2 570
2 21 834
21 2 834
3 6 108
6 3 108
3 50 514
50 3 514
3 29 72
29 3 72
3 45 45
45 3 45
3 6 14
6 3 14
3 53 281
53 3 281
3 15 470
15 3 470
3 4 337
4 3 337
3 45 981
45 3 981
3 25 53
25 3 53
3 3 484
3 3 484
3 6 616
6 3 616
4 5 39
5 4 39
4 15 821
15 4 821
4 27 312
27 4 312
4 33 275
33 4 275
4 25 544
25 4 544
4 52 524
52 4 524
4 48 93
48 4 93
4 33 913
33 4 913
4 30 24
30 4 24
4 38 329
38 4 329
5 16 434
16 5 434
5 43 673
43 5 673
5 19 551
19 5 551
5 41 575
41 5 575
5 15 495
15 5 495
5 15 383
15 5 383
5 33 218
33 5 218
5 25 663
25 5 663
5 15 163
15 5 163
5 40 595
40 5 595
5 41 529
41 5 529
5 55 524
55 5 524
6 9 953
9 6 953
6 17 610
17 6 610
6 18 901
18 6 901
6 22 625
22 6 625
6 48 718
48 6 718
6 35 997
35 6 997
6 46 251
46 6 251
6 50 210
50 6 210
6 38 83
38 6 83
6 40 882
40 6 882
6 16 543
16 6 543
6 8 264
8 6 264
6 26 873
26 6 873
6 7 421
7 6 421
7 8 447
8 7 447
7 31 359
31 7 359
7 22 676
22 7 676
7 51 495
51 7 495
7 29 377
29 7 377
8 12 731
12 8 731
8 35 566
35 8 566
8 52 445
52 8 445
8 40 760
40 8 760
8 26 113
26 8 113
8 27 479
27 8 479
8 27 290
27 8 290
8 13 851
13 8 851
9 30 421
30 9 421
9 20 276
20 9 276
9 16 691
16 9 691
9 36 113
36 9 113
9 11 273
11 9 273
9 24 847
24 9 847
9 15 659
15 9 659
9 21 982
21 9 982
10 11 564
11 10 564
10 25 444
25 10 444
10 26 32
26 10 32
10 44 628
44 10 628
10 19 919
19 10 919
10 37 15
37 10 15
10 27 195
27 10 195
10 31 215
31 10 215
10 53 972
53 10 972
10 46 498
46 10 498
10 23 754
23 10 754
10 25 398
25 10 398
10 47 390
47 10 390
11 33 458
33 11 458
11 16 300
16 11 300
11 35 213
35 11 213
11 14 173
14 11 173
11 48 292
48 11 292
11 31 736
31 11 736
11 52 838
52 11 838
11 29 705
29 11 705
11 25 504
25 11 504
11 49 749
49 11 749
11 12 888
12 11 888
11 55 288
55 11 288
11 36 31
36 11 31
11 36 361
36 11 361
12 43 819
43 12 819
12 57 760
57 12 760
12 20 316
20 12 316
12 22 544
22 12 544
12 20 944
20 12 944
12 57 79
57 12 79
12 39 33
39 12 33
12 18 743
18 12 743
12 12 229
12 12 229
12 47 208
47 12 208
12 27 348
27 12 348
13 19 865
19 13 865
13 41 50
41 13 50
13 57 437
57 13 437
13 51 378
51 13 378
13 41 808
41 13 808
13 21 205
21 13 205
13 34 587
34 13 587
13 16 894
16 13 894
13 56 973
56 13 973
13 23 386
23 13 386
13 44 825
44 13 825
14 20 963
20 14 963
14 43 332
43 14 332
14 15 834
15 14 834
14 49 994
49 14 994
14 31 386
31 14 386
14 57 370
57 14 370
14 51 679
51 14 679
14 31 595
31 14 595
14 18 810
18 14 810
14 57 320
57 14 320
14 21 608
21 14 608
15 17 945
17 15 945
15 33 943
33 15 943
15 37 630
37 15 630
15 31 538
31 15 538
15 35 892
35 15 892
15 29 519
29 15 519
15 27 284
27 15 284
15 45 647
45 15 647
15 19 942
19 15 942
16 18 928
18 16 928
16 28 970
28 16 970
16 34 931
34 16 931
16 20 495
20 16 495
16 36 600
36 16 600
16 31 508
31 16 508
16 24 93
24 16 93
16 27 96
27 16 96
16 47 313
47 16 313
16 37 105
37 16 105
16 21 955
21 16 955
16 20 928
20 16 928
17 23 746
23 17 746
17 55 122
55 17 122
17 32 416
32 17 416
17 43 677
43 17 677
17 18 863
18 17 863
17 31 895
31 17 895
17 21 945
21 17 945
17 39 784
39 17 784
17 52 468
52 17 468
18 24 302
24 18 302
18 46 464
46 18 464
18 51 581
51 18 581
18 49 564
49 18 564
18 49 313
49 18 313
18 39 190
39 18 190
18 52 948
52 18 948
19 21 25
21 19 25
19 22 707
22 19 707
19 45 589
45 19 589
19 27 904
27 19 904
19 48 397
48 19 397
19 35 80
35 19 80
20 30 104
30 20 104
20 35 381
35 20 381
20 37 857
37 20 857
20 58 872
58 20 872
20 45 408
45 20 408
20 56 556
56 20 556
21 58 791
58 21 791
21 31 11
31 21 11
21 34 71
34 21 71
21 24 958
24 21 958
21 37 141
37 21 141
21 53 183
53 21 183
21 51 523
51 21 523
21 53 530
53 21 530
21 33 873
33 21 873
21 39 277
39 21 277
21 23 222
23 21 222
21 40 294
40 21 294
21 58 456
58 21 456
21 40 986
40 21 986
21 32 168
32 21 168
22 36 990
36 22 990
22 38 237
38 22 237
22 54 477
54 22 477
22 58 933
58 22 933
22 35 10
35 22 10
22 32 182
32 22 182
22 56 980
56 22 980
22 47 178
47 22 178
22 44 109
44 22 109
23 48 365
48 23 365
23 44 708
44 23 708
23 25 36
25 23 36
23 40 53
40 23 53
24 29 48
29 24 48
24 42 193
42 24 193
24 51 135
51 24 135
24 57 312
57 24 312
24 24 906
24 24 906
24 55 910
55 24 910
25 48 367
48 25 367
25 47 401
47 25 401
25 27 284
27 25 284
25 30 954
30 25 954
26 40 225
40 26 225
26 28 296
28 26 296
26 37 79
37 26 79
26 46 8
46 26 8
26 29 100
29 26 100
26 54 885
54 26 885
27 42 186
42 27 186
27 47 443
47 27 443
27 38 112
38 27 112
27 33 777
33 27 777
28 57 455
57 28 455
28 44 884
44 28 884
28 57 275
57 28 275
28 34 14
34 28 14
28 52 783
52 28 783
29 32 229
32 29 229
29 57 4
57 29 4
29 42 362
42 29 362
29 40 76
40 29 76
29 31 406
31 29 406
29 52 144
52 29 144
29 45 647
45 29 647
30 53 291
53 30 291
30 42 225
42 30 225
30 56 958
56 30 958
30 54 420
54 30 420
30 41 326
41 30 326
30 33 874
33 30 874
31 50 856
50 31 856
31 33 976
33 31 976
31 55 269
55 31 269
31 37 56
37 31 56
32 51 138
51 32 138
32 34 198
34 32 198
32 42 432
42 32 432
32 43 294
43 32 294
33 34 573
34 33 573
33 37 445
37 33 445
34 42 384
42 34 384
34 47 735
47 34 735
34 53 604
53 34 604
35 35 337
35 35 337
35 44 656
44 35 656
37 52 669
52 37 669
37 55 755
55 37 755
38 39 598
39 38 598
38 51 679
51 38 679
38 48 188
48 38 188
39 45 603
45 39 603
39 48 826
48 39 826
39 51 564
51 39 564
39 43 234
43 39 234
39 49 670
49 39 670
40 55 166
55 40 166
41 47 721
47 41 721
41 49 514
49 41 514
41 51 529
51 41 529
41 48 913
48 41 913
42 50 845
50 42 845
42 53 292
53 42 292
42 54 829
54 42 829
42 46 372
46 42 372
43 58 812
58 43 812
43 49 918
49 43 918
43 52 884
52 43 884
44 56 422
56 44 422
44 47 196
47 44 196
44 45 921
45 44 921
44 58 218
58 44 218
44 56 353
56 44 353
45 57 259
57 45 259
45 55 413
55 45 413
46 49 291
49 46 291
47 55 143
55 47 143
49 52 400
52 49 400
50 52 846
52 50 846
50 54 882
54 50 882
50 55 125
55 50 125
51 56 314
56 51 314
52 54 734
54 52 734
54 58 873
58 54 873
56 57 372
57 56 372
58 58 486
58 58 486
