73

0 1 303
1 0 303
0 2 691
2 0 691
0 5 582
5 0 582
0 12 490
12 0 490
0 17 982
17 0 982
0 23 837
23 0 837
0 38 13
38 0 13
0 44 668
44 0 668
0 65 153
65 0 153
0 51 498
51 0 498
1 3 314
3 1 314
1 6 369
6 1 369
1 27 219
27 1 219
1 36 714
36 1 714
1 54 852
54 1 852
1 69 178
69 1 178
2 10 422
10 2 422
3 4 387
4 3 387
3 11 182
11 3 182
3 43 905
43 3 905
3 24 523
24 3 523
3 19 327
19 3 327
3 51 924
51 3 924
3 63 937
63 3 937
3 9 54
9 3 54
4 7 493
7 4 493
4 41 110
41 4 110
4 49 246
49 4 246
4 28 291
28 4 291
5 13 118
13 5 118
5 14 871
14 5 871
5 60 225
60 5 225
6 9 50
9 6 50
6 24 617
24 6 617
6 30 103
30 6 103
6 43 743
43 6 743
6 54 792
54 6 792
6 34 360
34 6 360
6 63 282
63 6 282
6 54 355
54 6 355
6 33 805
33 6 805
6 23 579
23 6 579
7 8 178
8 7 178
7 14 719
14 7 719
7 26 65
26 7 65
7 32 68
32 7 68
7 65 656
65 7 656
7 35 103
35 7 103
7 53 950
53 7 950
8 65 503
65 8 503
8 31 364
31 8 364
8 14 927
14 8 927
8 63 964
63 8 964
9 22 398
22 9 398
9 32 81
32 9 81
9 19 546
19 9 546
9 14 769
14 9 769
9 35 38
35 9 38
10 15 551
15 10 551
10 53 22
53 10 22
10 29 273
29 10 273
10 48 783
48 10 783
10 39 201
39 10 201
11 38 260
38 11 260
11 15 802
15 11 802
11 25 659
25 11 659
11 72 242
72 11 242
12 51 369
51 12 369
12 12 580
12 12 580
12 69 341
69 12 341
13 16 821
16 13 821
13 66 659
66 13 659
13 32 623
32 13 623
14 29 735
29 14 735
14 34 245
34 14 245
14 49 240
49 14 240
14 62 728
62 14 728
15 18 463
18 15 463
15 19 593
19 15 593
15 20 154
20 15 154
15 26 470
26 15 470
15 47 841
47 15 841
15 69 961
69 15 961
15 56 788
56 15 788
15 20 854
20 15 854
16 21 610
21 16 610
16 23 380
23 16 380
16 58 805
58 16 805
16 35 691
35 16 691
17 70 708
70 17 708
17 27 865
27 17 865
17 60 584
60 17 584
17 69 231
69 17 231
18 39 686
39 18 686
18 44 367
44 18 367
18 63 607
63 18 607
18 40 356
40 18 356
18 45 710
45 18 710
21 66 437
66 21 437
21 56 70
56 21 70
21 69 372
69 21 372
21 33 277
33 21 277
22 25 514
25 22 514
22 23 862
23 22 862
23 28 800
28 23 800
23 56 362
56 23 362
23 56 714
56 23 714
24 45 491
45 24 491
24 67 627
67 24 627
24 37 381
37 24 381
24 49 734
49 24 734
24 60 859
60 24 859
24 36 726
36 24 726
24 37 108
37 24 108
25 47 457
47 25 457
25 43 555
43 25 555
26 33 414
33 26 414
27 61 326
61 27 326
27 28 806
28 27 806
27 53 103
53 27 103
27 45 298
45 27 298
28 40 12
40 28 12
28 66 492
66 28 492
28 33 592
33 28 592
28 48 414
48 28 414
28 65 194
65 28 194
28 53 388
53 28 388
29 46 433
46 29 433
29 43 486
43 29 486
29 34 385
34 29 385
29 61 659
61 29 659
29 41 609
41 29 609
30 31 206
31 30 206
30 35 415
35 30 415
30 37 343
37 30 343
30 69 629
69 30 629
30 55 867
55 30 867
31 68 491
68 31 491
31 71 177
71 31 177
31 33 73
33 31 73
31 50 705
50 31 705
32 55 847
55 32 847
32 35 167
35 32 167
32 45 316
45 32 316
32 48 618
48 32 618
33 49 29
49 33 29
33 70 895
70 33 895
33 41 823
41 33 823
34 52 826
52 34 826
34 64 77
64 34 77
34 45 306
45 34 306
35 66 62
66 35 62
35 42 723
42 35 723
36 38 492
38 36 492
36 37 836
37 36 836
36 47 917
47 36 917
37 49 311
49 37 311
37 61 614
61 37 614
37 57 94
57 37 94
38 50 73
50 38 73
38 56 436
56 38 436
38 45 405
45 38 405
39 42 96
42 39 96
39 65 888
65 39 888
39 64 543
64 39 543
40 52 603
52 40 603
40 72 807
72 40 807
40 72 218
72 40 218
41 52 514
52 41 514
41 50 451
50 41 451
42 48 231
48 42 231
42 61 251
61 42 251
42 62 647
62 42 647
42 57 158
57 42 158
42 47 110
47 42 110
43 52 134
52 43 134
43 58 252
58 43 252
44 68 934
68 44 934
45 72 838
72 45 838
46 47 481
47 46 481
47 49 996
49 47 996
47 57 815
57 47 815
47 59 172
59 47 172
47 51 237
51 47 237
48 53 824
53 48 824
48 50 83
50 48 83
49 53 198
53 49 198
49 69 987
69 49 987
50 60 232
60 50 232
50 56 13
56 50 13
50 59 509
59 50 509
52 56 245
56 52 245
52 66 943
66 52 943
52 69 374
69 52 374
53 62 123
62 53 123
54 68 450
68 54 450
55 60 311
60 55 311
55 64 570
64 55 570
56 71 83
71 56 83
57 72 881
72 57 881
57 68 386
68 57 386
59 61 844
61 59 844
60 62 642
62 60 642
60 72 871
72 60 871
62 62 443
62 62 443
63 65 375
65 63 375
65 67 209
67 65 209
