98

0 1 345
1 0 345
0 4 112
4 0 112
0 12 833
12 0 833
0 44 981
44 0 981
0 75 684
75 0 684
0 70 129
70 0 129
0 5 825
5 0 825
1 2 438
2 1 438
1 3 218
3 1 218
1 10 939
10 1 939
1 17 369
17 1 369
1 18 347
18 1 347
1 48 803
48 1 803
1 42 631
42 1 631
1 41 269
41 1 269
2 6 993
6 2 993
2 9 128
9 2 128
2 19 383
19 2 383
2 31 286
31 2 286
2 60 681
60 2 681
2 83 744
83 2 744
3 7 27
7 3 27
3 23 802
23 3 802
3 72 32
72 3 32
3 63 379
63 3 379
4 5 595
5 4 595
4 13 213
13 4 213
4 47 754
47 4 754
4 20 934
20 4 934
4 12 976
12 4 976
5 11 699
11 5 699
5 43 161
43 5 161
5 74 116
74 5 116
5 90 613
90 5 613
6 8 752
8 6 752
6 21 543
21 6 543
6 13 550
13 6 550
6 77 363
77 6 363
6 30 135
30 6 135
6 35 849
35 6 849
7 20 217
20 7 217
7 91 730
91 7 730
7 46 961
46 7 961
8 52 346
52 8 346
8 93 16
93 8 16
8 81 336
81 8 336
9 16 557
16 9 557
9 92 139
92 9 139
9 45 424
45 9 424
9 32 637
32 9 637
9 65 445
65 9 445
9 24 643
24 9 643
10 14 939
14 10 939
10 41 23
41 10 23
10 28 378
28 10 378
10 82 370
82 10 370
10 23 990
23 10 990
10 33 475
33 10 475
11 47 43
47 11 43
11 25 804
25 11 804
11 90 348
90 11 348
11 41 232
41 11 232
11 57 648
57 11 648
12 15 319
15 12 319
12 72 406
72 12 406
12 97 616
97 12 616
12 48 669
48 12 669
13 57 494
57 13 494
13 84 161
84 13 161
13 61 529
61 13 529
14 45 101
45 14 101
15 29 917
29 15 917
15 40 808
40 15 808
15 53 938
53 15 938
15 59 692
59 15 692
15 85 347
85 15 347
16 63 655
63 16 655
16 79 521
79 16 521
16 86 631
86 16 631
16 59 173
59 16 173
16 89 687
89 16 687
16 91 650
91 16 650
17 91 851
91 17 851
17 40 747
40 17 747
17 42 59
42 17 59
18 61 298
61 18 298
19 22 337
22 19 337
19 24 542
24 19 542
19 25 322
25 19 322
20 35 826
35 20 826
20 38 332
38 20 332
20 75 655
75 20 655
21 38 73
38 21 73
21 86 570
86 21 570
21 60 462
60 21 462
21 93 259
93 21 259
21 96 334
96 21 334
22 26 385
26 22 385
22 27 387
27 22 387
22 28 693
28 22 693
22 69 259
69 22 259
22 47 702
47 22 702
22 30 732
30 22 732
23 45 337
45 23 337
23 46 827
46 23 827
23 55 245
55 23 245
23 62 702
62 23 702
24 37 240
37 24 240
24 96 97
96 24 97
24 75 79
75 24 79
25 34 987
34 25 987
25 39 30
39 25 30
25 42 155
42 25 155
25 69 747
69 25 747
25 97 333
97 25 333
25 53 636
53 25 636
26 30 270
30 26 270
26 32 987
32 26 987
26 58 642
58 26 642
26 83 655
83 26 655
27 87 854
87 27 854
28 47 229
47 28 229
29 31 195
31 29 195
30 33 486
33 30 486
31 36 651
36 31 651
31 91 849
91 31 849
32 54 582
54 32 582
32 34 216
34 32 216
32 96 866
96 32 866
33 56 953
56 33 953
34 51 434
51 34 434
35 88 724
88 35 724
35 43 65
43 35 65
36 76 20
76 36 20
36 87 357
87 36 357
36 74 449
74 36 449
36 80 58
80 36 58
37 77 14
77 37 14
37 41 444
41 37 444
38 81 443
81 38 443
38 48 367
48 38 367
38 95 534
95 38 534
38 54 316
54 38 316
39 70 128
70 39 128
39 82 755
82 39 755
40 97 644
97 40 644
41 73 360
73 41 360
41 66 300
66 41 300
41 90 156
90 41 156
42 44 536
44 42 536
42 95 694
95 42 694
42 53 623
53 42 623
43 50 527
50 43 527
43 71 738
71 43 738
43 57 988
57 43 988
46 75 574
75 46 574
46 78 209
78 46 209
46 59 945
59 46 945
47 49 159
49 47 159
48 66 816
66 48 816
48 88 243
88 48 243
48 93 341
93 48 341
49 80 392
80 49 392
49 92 52
92 49 52
49 71 570
71 49 570
50 57 560
57 50 560
50 80 360
80 50 360
51 65 774
65 51 774
51 75 335
75 51 335
51 91 571
91 51 571
52 93 28
93 52 28
52 58 291
58 52 291
52 79 579
79 52 579
53 69 324
69 53 324
53 54 688
54 53 688
55 64 204
64 55 204
55 90 216
90 55 216
56 67 6
67 56 6
56 89 995
89 56 995
57 68 418
68 57 418
57 97 588
97 57 588
57 90 103
90 57 103
57 74 125
74 57 125
59 86 321
86 59 321
59 93 630
93 59 630
60 63 627
63 60 627
61 83 934
83 61 934
64 94 817
94 64 817
66 94 862
94 66 862
66 88 75
88 66 75
68 94 726
94 68 726
69 78 90
78 69 90
70 90 153
90 70 153
70 94 325
94 70 325
70 74 3
74 70 3
70 87 678
87 70 678
72 89 137
89 72 137
73 94 424
94 73 424
74 96 843
96 74 843
75 96 347
96 75 347
78 95 431
95 78 431
84 93 610
93 84 610
85 88 833
88 85 833
90 92 164
92 90 164
91 91 544
91 91 544
