83

0 1 790
1 0 790
0 2 12
2 0 12
0 4 629
4 0 629
0 5 178
5 0 178
0 33 583
33 0 583
0 44 627
44 0 627
0 38 274
38 0 274
0 79 67
79 0 67
0 6 519
6 0 519
0 64 404
64 0 404
0 16 996
16 0 996
0 13 188
13 0 188
0 21 805
21 0 805
0 2 423
2 0 423
0 17 224
17 0 224
0 62 451
62 0 451
0 14 872
14 0 872
0 62 15
62 0 15
0 79 572
79 0 572
0 69 571
69 0 571
1 18 124
18 1 124
1 30 818
30 1 818
1 36 1000
36 1 1000
1 44 751
44 1 751
1 73 43
73 1 43
1 66 848
66 1 848
1 44 537
44 1 537
1 61 235
61 1 235
1 68 783
68 1 783
1 78 965
78 1 965
1 4 185
4 1 185
2 3 47
3 2 47
2 9 106
9 2 106
2 10 622
10 2 622
2 22 431
22 2 431
2 24 742
24 2 742
2 26 507
26 2 507
2 32 474
32 2 474
2 5 477
5 2 477
2 51 270
51 2 270
2 77 883
77 2 883
2 75 348
75 2 348
2 60 468
60 2 468
2 30 926
30 2 926
2 28 133
28 2 133
2 18 62
18 2 62
2 6 384
6 2 384
2 51 82
51 2 82
3 7 250
7 3 250
3 8 128
8 3 128
3 23 219
23 3 219
3 49 307
49 3 307
3 58 50
58 3 50
3 18 857
18 3 857
3 45 732
45 3 732
3 11 904
11 3 904
3 73 271
73 3 271
3 29 626
29 3 626
3 41 891
41 3 891
4 6 638
6 4 638
4 12 717
12 4 717
4 15 169
15 4 169
4 16 593
16 4 593
4 61 967
61 4 967
4 38 551
38 4 551
4 70 640
70 4 640
4 33 966
33 4 966
4 21 501
21 4 501
4 72 569
72 4 569
4 17 197
17 4 197
4 24 147
24 4 147
4 32 937
32 4 937
4 12 486
12 4 486
4 23 167
23 4 167
5 27 556
27 5 556
5 45 621
45 5 621
5 7 776
7 5 776
5 48 547
48 5 547
5 54 565
54 5 565
5 10 438
10 5 438
5 68 231
68 5 231
5 80 409
80 5 409
5 75 465
75 5 465
6 20 506
20 6 506
6 67 608
67 6 608
6 36 389
36 6 389
6 81 900
81 6 900
6 19 277
19 6 277
6 70 593
70 6 593
6 24 219
24 6 219
6 20 994
20 6 994
6 26 78
26 6 78
7 13 157
13 7 157
7 21 173
21 7 173
7 20 685
20 7 685
7 19 88
19 7 88
7 76 569
76 7 569
7 11 914
11 7 914
7 52 801
52 7 801
7 29 797
29 7 797
7 61 641
61 7 641
7 42 198
42 7 198
7 59 92
59 7 92
8 11 153
11 8 153
8 18 662
18 8 662
8 74 277
74 8 277
8 33 397
33 8 397
8 65 756
65 8 756
8 36 829
36 8 829
8 60 22
60 8 22
8 58 461
58 8 461
8 39 685
39 8 685
8 15 770
15 8 770
8 38 385
38 8 385
8 76 644
76 8 644
8 38 129
38 8 129
8 71 842
71 8 842
8 41 12
41 8 12
8 38 651
38 8 651
8 28 42
28 8 42
8 31 642
31 8 642
8 21 766
21 8 766
9 17 218
17 9 218
9 20 576
20 9 576
9 31 44
31 9 44
9 29 70
29 9 70
9 41 373
41 9 373
9 58 457
58 9 457
10 35 676
35 10 676
10 52 41
52 10 41
10 46 36
46 10 36
10 44 292
44 10 292
10 38 697
38 10 697
10 28 989
28 10 989
10 51 564
51 10 564
10 55 586
55 10 586
11 17 363
17 11 363
11 19 362
19 11 362
11 51 822
51 11 822
11 48 49
48 11 49
11 67 431
67 11 431
11 42 15
42 11 15
11 60 195
60 11 195
11 43 623
43 11 623
11 39 639
39 11 639
11 70 451
70 11 451
11 64 474
64 11 474
11 66 673
66 11 673
11 52 529
52 11 529
11 47 568
47 11 568
12 14 70
14 12 70
12 37 918
37 12 918
12 29 236
29 12 236
12 53 983
53 12 983
12 19 320
19 12 320
12 50 891
50 12 891
12 35 562
35 12 562
12 22 291
22 12 291
12 65 923
65 12 923
12 29 22
29 12 22
12 55 327
55 12 327
12 27 775
27 12 775
13 48 166
48 13 166
13 61 75
61 13 75
13 42 725
42 13 725
13 76 477
76 13 477
13 62 693
62 13 693
13 58 897
58 13 897
13 15 163
15 13 163
14 25 738
25 14 738
14 80 314
80 14 314
14 74 447
74 14 447
14 48 785
48 14 785
14 22 214
22 14 214
14 60 875
60 14 875
14 60 557
60 14 557
14 14 605
14 14 605
15 57 94
57 15 94
15 21 640
21 15 640
15 27 145
27 15 145
15 41 535
41 15 535
15 80 423
80 15 423
15 51 374
51 15 374
15 53 479
53 15 479
15 37 498
37 15 498
15 77 43
77 15 43
16 29 292
29 16 292
16 27 726
27 16 726
16 75 26
75 16 26
16 82 464
82 16 464
16 40 406
40 16 406
16 24 150
24 16 150
16 50 596
50 16 596
16 56 858
56 16 858
17 51 526
51 17 526
17 60 448
60 17 448
17 25 87
25 17 87
17 47 61
47 17 61
17 33 626
33 17 626
17 28 488
28 17 488
17 21 198
21 17 198
17 21 445
21 17 445
17 68 92
68 17 92
17 61 777
61 17 777
18 28 181
28 18 181
18 31 2
31 18 2
18 47 891
47 18 891
18 58 411
58 18 411
18 71 199
71 18 199
18 75 23
75 18 23
18 27 652
27 18 652
18 29 449
29 18 449
18 65 970
65 18 970
18 20 811
20 18 811
18 18 308
18 18 308
18 62 717
62 18 717
18 53 168
53 18 168
18 59 274
59 18 274
19 29 421
29 19 421
19 81 86
81 19 86
19 26 639
26 19 639
19 41 961
41 19 961
20 50 488
50 20 488
20 27 365
27 20 365
20 41 685
41 20 685
20 28 907
28 20 907
20 31 914
31 20 914
20 42 360
42 20 360
20 36 617
36 20 617
20 65 962
65 20 962
20 45 172
45 20 172
21 38 827
38 21 827
21 43 571
43 21 571
21 65 458
65 21 458
21 65 758
65 21 758
21 27 678
27 21 678
21 71 431
71 21 431
21 80 191
80 21 191
21 28 940
28 21 940
21 38 863
38 21 863
21 82 659
82 21 659
21 80 296
80 21 296
22 53 549
53 22 549
22 56 728
56 22 728
22 40 358
40 22 358
22 50 968
50 22 968
22 47 355
47 22 355
22 79 736
79 22 736
23 74 716
74 23 716
23 33 793
33 23 793
23 37 935
37 23 935
23 67 867
67 23 867
23 24 647
24 23 647
23 57 868
57 23 868
23 57 351
57 23 351
23 36 883
36 23 883
23 69 152
69 23 152
23 68 120
68 23 120
23 73 991
73 23 991
24 45 380
45 24 380
24 71 244
71 24 244
24 76 24
76 24 24
24 59 193
59 24 193
25 77 162
77 25 162
25 42 449
42 25 449
25 71 419
71 25 419
25 65 71
65 25 71
25 25 775
25 25 775
25 48 229
48 25 229
25 65 601
65 25 601
25 60 871
60 25 871
26 40 687
40 26 687
26 60 438
60 26 438
26 81 774
81 26 774
26 42 214
42 26 214
26 71 530
71 26 530
26 81 931
81 26 931
26 78 210
78 26 210
26 76 505
76 26 505
26 29 676
29 26 676
26 79 573
79 26 573
26 28 968
28 26 968
27 46 409
46 27 409
27 73 327
73 27 327
27 27 904
27 27 904
27 52 341
52 27 341
27 38 457
38 27 457
27 43 397
43 27 397
27 29 556
29 27 556
27 54 632
54 27 632
28 50 751
50 28 751
28 78 426
78 28 426
28 70 730
70 28 730
28 69 160
69 28 160
28 56 208
56 28 208
28 38 625
38 28 625
28 65 291
65 28 291
29 59 408
59 29 408
29 68 180
68 29 180
29 71 607
71 29 607
29 58 156
58 29 156
29 61 820
61 29 820
29 73 385
73 29 385
29 58 275
58 29 275
29 48 675
48 29 675
30 34 551
34 30 551
30 41 163
41 30 163
30 82 908
82 30 908
30 79 647
79 30 647
30 72 725
72 30 725
30 79 89
79 30 89
30 82 56
82 30 56
30 66 5
66 30 5
31 45 788
45 31 788
31 74 215
74 31 215
31 63 287
63 31 287
31 56 665
56 31 665
31 61 91
61 31 91
31 34 169
34 31 169
31 64 614
64 31 614
31 66 151
66 31 151
31 57 958
57 31 958
31 37 67
37 31 67
32 63 633
63 32 633
32 79 174
79 32 174
32 35 64
35 32 64
32 72 228
72 32 228
32 50 124
50 32 124
32 72 727
72 32 727
32 72 476
72 32 476
32 58 828
58 32 828
32 32 680
32 32 680
32 65 763
65 32 763
32 37 679
37 32 679
32 63 761
63 32 761
33 42 375
42 33 375
33 64 115
64 33 115
33 46 350
46 33 350
33 42 541
42 33 541
33 48 191
48 33 191
33 37 167
37 33 167
34 55 323
55 34 323
34 62 640
62 34 640
34 76 478
76 34 478
34 79 702
79 34 702
34 68 576
68 34 576
34 67 738
67 34 738
34 51 360
51 34 360
35 71 809
71 35 809
35 70 850
70 35 850
35 79 969
79 35 969
35 65 87
65 35 87
35 51 218
51 35 218
35 78 691
78 35 691
35 42 1
42 35 1
35 55 731
55 35 731
35 61 413
61 35 413
35 78 358
78 35 358
36 45 380
45 36 380
37 66 580
66 37 580
37 39 650
39 37 650
37 71 453
71 37 453
37 81 834
81 37 834
37 67 161
67 37 161
37 47 158
47 37 158
38 39 381
39 38 381
38 82 781
82 38 781
38 65 433
65 38 433
38 47 756
47 38 756
38 39 253
39 38 253
38 48 436
48 38 436
38 53 971
53 38 971
38 74 374
74 38 374
38 71 657
71 38 657
38 68 631
68 38 631
38 72 400
72 38 400
39 71 252
71 39 252
39 47 404
47 39 404
39 82 821
82 39 821
39 73 689
73 39 689
40 55 332
55 40 332
40 62 549
62 40 549
40 67 219
67 40 219
40 61 362
61 40 362
40 52 951
52 40 951
40 45 414
45 40 414
40 71 708
71 40 708
40 51 138
51 40 138
40 50 68
50 40 68
41 63 88
63 41 88
41 50 520
50 41 520
41 60 747
60 41 747
42 54 452
54 42 452
42 46 220
46 42 220
42 77 664
77 42 664
42 74 551
74 42 551
42 71 288
71 42 288
42 44 922
44 42 922
42 49 76
49 42 76
43 68 675
68 43 675
43 44 829
44 43 829
43 79 487
79 43 487
43 59 778
59 43 778
43 45 91
45 43 91
43 48 769
48 43 769
43 80 596
80 43 596
44 54 539
54 44 539
45 66 148
66 45 148
45 66 641
66 45 641
45 75 317
75 45 317
45 58 812
58 45 812
45 58 958
58 45 958
46 65 369
65 46 369
46 59 281
59 46 281
46 49 842
49 46 842
46 63 633
63 46 633
47 72 443
72 47 443
47 64 920
64 47 920
47 79 341
79 47 341
47 54 227
54 47 227
48 80 112
80 48 112
48 56 601
56 48 601
48 51 384
51 48 384
48 49 453
49 48 453
49 53 17
53 49 17
49 77 540
77 49 540
49 64 281
64 49 281
49 55 71
55 49 71
50 70 627
70 50 627
50 59 703
59 50 703
50 81 874
81 50 874
50 58 558
58 50 558
50 51 199
51 50 199
51 67 866
67 51 866
51 58 796
58 51 796
51 80 698
80 51 698
52 69 114
69 52 114
52 75 948
75 52 948
52 77 539
77 52 539
52 63 354
63 52 354
52 75 857
75 52 857
52 60 726
60 52 726
53 63 606
63 53 606
53 62 712
62 53 712
54 75 21
75 54 21
54 74 225
74 54 225
54 69 314
69 54 314
55 56 118
56 55 118
55 78 639
78 55 639
55 71 389
71 55 389
55 65 741
65 55 741
55 70 690
70 55 690
55 64 548
64 55 548
55 65 18
65 55 18
56 81 570
81 56 570
57 58 444
58 57 444
57 68 863
68 57 863
58 61 182
61 58 182
58 71 948
71 58 948
58 62 763
62 58 763
59 76 245
76 59 245
59 63 196
63 59 196
60 67 806
67 60 806
60 79 885
79 60 885
60 67 937
67 60 937
61 72 523
72 61 523
62 64 771
64 62 771
62 78 774
78 62 774
62 69 95
69 62 95
62 69 494
69 62 494
62 75 183
75 62 183
62 67 716
67 62 716
64 65 362
65 64 362
64 80 752
80 64 752
65 75 440
75 65 440
65 68 916
68 65 916
66 75 844
75 66 844
68 70 798
70 68 798
68 78 608
78 68 608
69 81 863
81 69 863
70 72 854
72 70 854
70 72 94
72 70 94
71 79 354
79 71 354
72 82 888
82 72 888
73 76 255
76 73 255
74 76 479
76 74 479
74 81 204
81 74 204
74 75 562
75 74 562
75 77 106
77 75 106
75 82 512
82 75 512
76 80 585
80 76 585
76 82 783
82 76 783
78 80 965
80 78 965
79 81 178
81 79 178
