88

0 1 312
1 0 312
0 2 175
2 0 175
0 3 911
3 0 911
0 4 153
4 0 153
0 5 853
5 0 853
0 31 75
31 0 75
0 79 443
79 0 443
0 84 372
84 0 372
0 78 991
78 0 991
0 83 757
83 0 757
0 57 720
57 0 720
0 40 59
40 0 59
0 7 499
7 0 499
0 53 259
53 0 259
1 9 980
9 1 980
1 13 231
13 1 231
1 26 84
26 1 84
1 27 992
27 1 992
1 43 884
43 1 884
1 53 188
53 1 188
1 20 970
20 1 970
1 1 46
1 1 46
2 6 174
6 2 174
2 37 93
37 2 93
2 5 869
5 2 869
2 41 641
41 2 641
2 30 793
30 2 793
2 46 531
46 2 531
2 87 266
87 2 266
3 15 213
15 3 213
3 16 591
16 3 591
3 60 901
60 3 901
3 84 226
84 3 226
3 68 651
68 3 651
4 7 328
7 4 328
4 29 558
29 4 558
4 70 151
70 4 151
4 15 77
15 4 77
4 82 94
82 4 94
4 68 920
68 4 920
4 13 376
13 4 376
4 69 882
69 4 882
5 23 900
23 5 900
5 35 491
35 5 491
5 29 730
29 5 730
5 17 786
17 5 786
5 11 35
11 5 35
5 25 44
25 5 44
5 17 415
17 5 415
5 59 904
59 5 904
5 53 517
53 5 517
6 8 387
8 6 387
6 12 154
12 6 154
6 14 495
14 6 495
6 34 728
34 6 728
6 39 784
39 6 784
6 53 126
53 6 126
6 56 447
56 6 447
6 77 661
77 6 661
6 80 962
80 6 962
6 59 152
59 6 152
6 71 670
71 6 670
6 56 356
56 6 356
7 49 579
49 7 579
7 43 493
43 7 493
7 37 952
37 7 952
7 57 24
57 7 24
7 25 873
25 7 873
7 79 222
79 7 222
7 63 147
63 7 147
8 30 410
30 8 410
8 77 500
77 8 500
8 67 775
67 8 775
8 58 107
58 8 107
8 83 533
83 8 533
8 61 794
61 8 794
9 10 668
10 9 668
9 11 749
11 9 749
9 21 622
21 9 622
9 64 624
64 9 624
9 43 428
43 9 428
9 45 83
45 9 83
9 60 776
60 9 776
9 18 935
18 9 935
10 25 365
25 10 365
10 46 374
46 10 374
10 87 429
87 10 429
10 33 972
33 10 972
10 29 407
29 10 407
10 41 940
41 10 940
10 18 904
18 10 904
10 19 964
19 10 964
11 18 129
18 11 129
11 66 146
66 11 146
11 13 823
13 11 823
11 41 865
41 11 865
11 19 417
19 11 417
11 61 329
61 11 329
11 20 69
20 11 69
11 25 121
25 11 121
11 61 357
61 11 357
12 17 31
17 12 31
12 24 914
24 12 914
12 42 124
42 12 124
12 75 318
75 12 318
12 77 586
77 12 586
12 54 685
54 12 685
12 56 258
56 12 258
12 77 330
77 12 330
13 50 800
50 13 800
13 82 489
82 13 489
13 62 395
62 13 395
13 75 271
75 13 271
13 87 167
87 13 167
13 47 683
47 13 683
13 84 46
84 13 46
13 37 751
37 13 751
14 28 322
28 14 322
14 51 168
51 14 168
14 66 343
66 14 343
14 26 367
26 14 367
14 24 500
24 14 500
14 17 70
17 14 70
14 44 403
44 14 403
14 81 785
81 14 785
15 32 765
32 15 765
15 52 765
52 15 765
15 50 551
50 15 551
15 26 330
26 15 330
15 26 765
26 15 765
15 18 122
18 15 122
15 85 176
85 15 176
15 41 665
41 15 665
15 26 470
26 15 470
16 19 463
19 16 463
16 22 571
22 16 571
16 63 322
63 16 322
16 86 750
86 16 750
16 44 844
44 16 844
16 42 732
42 16 732
17 83 243
83 17 243
18 60 20
60 18 20
18 55 884
55 18 884
18 73 439
73 18 439
18 40 743
40 18 743
19 20 943
20 19 943
19 69 438
69 19 438
19 81 810
81 19 810
19 27 589
27 19 589
20 40 956
40 20 956
20 58 684
58 20 684
20 30 380
30 20 380
20 62 738
62 20 738
20 71 822
71 20 822
21 59 429
59 21 429
21 42 810
42 21 810
21 43 640
43 21 640
21 57 386
57 21 386
21 42 449
42 21 449
21 21 445
21 21 445
21 87 148
87 21 148
21 23 140
23 21 140
21 65 959
65 21 959
22 27 698
27 22 698
22 56 150
56 22 150
22 82 455
82 22 455
22 28 45
28 22 45
22 36 760
36 22 760
22 43 694
43 22 694
23 47 694
47 23 694
23 65 854
65 23 854
23 68 679
68 23 679
23 45 85
45 23 85
23 79 840
79 23 840
23 34 807
34 23 807
23 53 773
53 23 773
24 36 197
36 24 197
24 59 701
59 24 701
24 42 891
42 24 891
24 31 401
31 24 401
24 51 377
51 24 377
25 74 963
74 25 963
25 79 130
79 25 130
25 64 837
64 25 837
25 85 701
85 25 701
25 32 451
32 25 451
25 43 128
43 25 128
25 54 859
54 25 859
26 33 86
33 26 86
26 36 834
36 26 834
26 68 901
68 26 901
26 36 187
36 26 187
26 39 70
39 26 70
27 70 860
70 27 860
27 59 389
59 27 389
27 87 303
87 27 303
27 64 62
64 27 62
27 84 179
84 27 179
27 44 119
44 27 119
28 44 414
44 28 414
28 37 326
37 28 326
28 58 387
58 28 387
28 55 485
55 28 485
28 45 505
45 28 505
28 56 584
56 28 584
28 60 527
60 28 527
29 57 648
57 29 648
29 77 529
77 29 529
29 87 599
87 29 599
29 51 726
51 29 726
29 56 980
56 29 980
29 33 20
33 29 20
29 81 648
81 29 648
29 63 539
63 29 539
29 31 996
31 29 996
30 48 143
48 30 143
30 54 137
54 30 137
30 55 912
55 30 912
30 61 799
61 30 799
30 37 767
37 30 767
30 75 663
75 30 663
30 86 929
86 30 929
31 31 310
31 31 310
31 42 329
42 31 329
31 37 338
37 31 338
31 33 917
33 31 917
31 79 216
79 31 216
32 44 304
44 32 304
32 81 310
81 32 310
32 36 102
36 32 102
32 33 532
33 32 532
33 41 253
41 33 253
33 75 853
75 33 853
33 84 175
84 33 175
33 45 840
45 33 840
33 73 880
73 33 880
34 75 967
75 34 967
34 52 394
52 34 394
34 87 485
87 34 485
34 38 440
38 34 440
34 36 971
36 34 971
34 61 587
61 34 587
35 58 679
58 35 679
35 84 15
84 35 15
35 83 350
83 35 350
36 61 615
61 36 615
36 42 76
42 36 76
36 87 763
87 36 763
36 69 80
69 36 80
36 44 666
44 36 666
36 81 163
81 36 163
37 38 70
38 37 70
37 58 237
58 37 237
37 81 17
81 37 17
37 44 102
44 37 102
37 87 849
87 37 849
38 72 676
72 38 676
38 43 709
43 38 709
38 81 884
81 38 884
38 64 712
64 38 712
38 44 357
44 38 357
38 75 681
75 38 681
39 76 297
76 39 297
39 84 939
84 39 939
39 71 573
71 39 573
39 45 388
45 39 388
39 43 856
43 39 856
40 65 83
65 40 83
40 61 901
61 40 901
41 82 896
82 41 896
41 53 573
53 41 573
42 67 594
67 42 594
42 84 967
84 42 967
42 65 83
65 42 83
43 60 640
60 43 640
43 55 14
55 43 14
43 55 349
55 43 349
43 60 725
60 43 725
43 51 526
51 43 526
43 63 420
63 43 420
44 45 195
45 44 195
44 62 132
62 44 132
44 85 440
85 44 440
44 71 174
71 44 174
44 62 36
62 44 36
45 73 251
73 45 251
45 66 256
66 45 256
45 79 168
79 45 168
46 47 27
47 46 27
46 66 392
66 46 392
47 62 629
62 47 629
48 64 631
64 48 631
48 57 707
57 48 707
49 58 161
58 49 161
49 50 585
50 49 585
49 76 950
76 49 950
49 54 453
54 49 453
49 55 789
55 49 789
49 59 274
59 49 274
50 65 467
65 50 467
52 79 425
79 52 425
52 55 725
55 52 725
52 56 315
56 52 315
52 68 176
68 52 176
53 74 387
74 53 387
53 63 437
63 53 437
54 81 268
81 54 268
54 79 658
79 54 658
55 59 656
59 55 656
55 86 705
86 55 705
56 71 944
71 56 944
57 71 640
71 57 640
57 71 843
71 57 843
57 76 637
76 57 637
57 68 541
68 57 541
58 63 241
63 58 241
59 64 271
64 59 271
59 66 952
66 59 952
60 79 700
79 60 700
60 67 642
67 60 642
60 85 533
85 60 533
61 71 604
71 61 604
62 83 660
83 62 660
63 67 506
67 63 506
63 71 832
71 63 832
63 66 168
66 63 168
63 74 386
74 63 386
63 69 917
69 63 917
63 69 872
69 63 872
63 84 488
84 63 488
64 75 232
75 64 232
64 75 278
75 64 278
65 78 689
78 65 689
65 78 847
78 65 847
65 84 35
84 65 35
65 84 962
84 65 962
66 67 943
67 66 943
66 71 699
71 66 699
66 78 150
78 66 150
67 74 293
74 67 293
67 81 123
81 67 123
68 71 402
71 68 402
68 83 373
83 68 373
68 87 985
87 68 985
68 68 857
68 68 857
68 87 898
87 68 898
69 71 99
71 69 99
70 84 459
84 70 459
71 87 604
87 71 604
71 78 684
78 71 684
71 72 892
72 71 892
72 75 58
75 72 58
72 76 678
76 72 678
72 76 617
76 72 617
73 80 750
80 73 750
74 77 229
77 74 229
74 87 228
87 74 228
75 81 561
81 75 561
75 80 593
80 75 593
75 75 259
75 75 259
76 82 950
82 76 950
76 78 690
78 76 690
76 80 829
80 76 829
76 79 424
79 76 424
79 86 326
86 79 326
