71

0 1 32
1 0 32
0 9 174
9 0 174
0 38 98
38 0 98
0 56 596
56 0 596
0 56 738
56 0 738
0 33 909
33 0 909
0 13 13
13 0 13
0 23 459
23 0 459
1 2 368
2 1 368
1 3 294
3 1 294
1 4 520
4 1 520
1 63 177
63 1 177
1 56 151
56 1 151
1 58 450
58 1 450
1 18 3
18 1 3
1 23 788
23 1 788
1 63 333
63 1 333
1 22 858
22 1 858
1 59 870
59 1 870
2 7 393
7 2 393
2 31 553
31 2 553
2 69 795
69 2 795
2 51 790
51 2 790
2 30 580
30 2 580
2 56 55
56 2 55
2 53 694
53 2 694
2 37 503
37 2 503
2 49 175
49 2 175
3 5 972
5 3 972
3 14 784
14 3 784
3 16 990
16 3 990
3 27 573
27 3 573
3 37 661
37 3 661
3 37 632
37 3 632
3 61 317
61 3 317
3 8 456
8 3 456
3 29 694
29 3 694
3 6 979
6 3 979
3 60 341
60 3 341
3 13 164
13 3 164
3 4 823
4 3 823
3 35 62
35 3 62
4 6 707
6 4 707
4 36 18
36 4 18
4 41 835
41 4 835
4 49 518
49 4 518
4 50 290
50 4 290
4 52 619
52 4 619
4 40 859
40 4 859
4 19 802
19 4 802
5 62 435
62 5 435
5 70 865
70 5 865
5 13 333
13 5 333
5 57 284
57 5 284
5 34 175
34 5 175
5 57 870
57 5 870
5 19 149
19 5 149
5 54 650
54 5 650
5 18 671
18 5 671
5 47 187
47 5 187
6 8 771
8 6 771
6 15 170
15 6 170
6 38 603
38 6 603
6 9 542
9 6 542
6 40 279
40 6 279
7 12 160
12 7 160
7 13 10
13 7 10
7 28 581
28 7 581
7 43 490
43 7 490
7 52 882
52 7 882
7 12 522
12 7 522
7 63 745
63 7 745
7 65 565
65 7 565
8 10 117
10 8 117
8 20 44
20 8 44
8 30 229
30 8 229
8 60 433
60 8 433
8 32 588
32 8 588
8 48 851
48 8 851
8 11 796
11 8 796
8 57 664
57 8 664
8 47 787
47 8 787
8 18 73
18 8 73
8 25 880
25 8 880
9 17 131
17 9 131
9 50 928
50 9 928
9 15 157
15 9 157
9 65 971
65 9 971
9 59 693
59 9 693
9 13 904
13 9 904
9 30 736
30 9 736
9 33 489
33 9 489
9 51 520
51 9 520
9 22 958
22 9 958
9 35 175
35 9 175
9 69 860
69 9 860
10 11 902
11 10 902
10 21 104
21 10 104
10 23 701
23 10 701
10 29 626
29 10 626
10 64 12
64 10 12
10 39 724
39 10 724
10 38 686
38 10 686
10 51 579
51 10 579
10 61 676
61 10 676
10 67 5
67 10 5
10 22 276
22 10 276
10 67 558
67 10 558
10 16 151
16 10 151
10 25 396
25 10 396
10 41 646
41 10 646
10 25 266
25 10 266
11 19 348
19 11 348
11 33 671
33 11 671
11 65 561
65 11 561
11 36 837
36 11 837
11 52 589
52 11 589
11 18 212
18 11 212
11 54 885
54 11 885
11 13 974
13 11 974
11 35 241
35 11 241
11 28 318
28 11 318
11 24 667
24 11 667
12 19 446
19 12 446
12 37 405
37 12 405
12 17 221
17 12 221
12 21 334
21 12 334
12 25 45
25 12 45
12 41 502
41 12 502
13 18 459
18 13 459
13 25 208
25 13 208
13 57 645
57 13 645
13 21 368
21 13 368
13 43 970
43 13 970
13 47 72
47 13 72
13 62 364
62 13 364
13 32 704
32 13 704
13 64 449
64 13 449
13 47 452
47 13 452
13 31 347
31 13 347
13 52 700
52 13 700
13 62 126
62 13 126
13 19 182
19 13 182
14 24 135
24 14 135
14 15 858
15 14 858
14 63 709
63 14 709
14 41 691
41 14 691
14 61 113
61 14 113
14 44 129
44 14 129
14 26 823
26 14 823
14 70 754
70 14 754
14 20 604
20 14 604
14 66 984
66 14 984
14 46 506
46 14 506
14 35 397
35 14 397
14 68 546
68 14 546
15 37 147
37 15 147
15 56 427
56 15 427
15 63 166
63 15 166
15 48 925
48 15 925
15 60 803
60 15 803
15 23 323
23 15 323
15 23 153
23 15 153
16 18 300
18 16 300
16 39 397
39 16 397
16 22 397
22 16 397
16 66 210
66 16 210
16 48 995
48 16 995
16 26 198
26 16 198
17 22 383
22 17 383
17 34 729
34 17 729
17 21 668
21 17 668
17 29 277
29 17 277
17 24 451
24 17 451
17 28 725
28 17 725
18 58 899
58 18 899
18 59 239
59 18 239
18 40 752
40 18 752
19 52 164
52 19 164
19 58 561
58 19 561
19 67 626
67 19 626
19 23 156
23 19 156
20 29 800
29 20 800
20 27 202
27 20 202
20 32 857
32 20 857
20 52 238
52 20 238
20 32 384
32 20 384
20 35 741
35 20 741
20 65 99
65 20 99
20 28 407
28 20 407
20 35 379
35 20 379
20 26 227
26 20 227
21 40 162
40 21 162
21 59 414
59 21 414
21 66 788
66 21 788
21 28 675
28 21 675
21 60 443
60 21 443
21 62 257
62 21 257
21 41 653
41 21 653
22 61 990
61 22 990
22 25 593
25 22 593
22 32 810
32 22 810
22 42 366
42 22 366
22 63 432
63 22 432
22 60 469
60 22 469
23 25 705
25 23 705
23 47 516
47 23 516
24 26 997
26 24 997
24 63 938
63 24 938
24 32 940
32 24 940
24 25 73
25 24 73
24 50 834
50 24 834
24 70 687
70 24 687
24 33 671
33 24 671
24 27 492
27 24 492
24 54 155
54 24 155
24 35 260
35 24 260
25 32 259
32 25 259
25 33 694
33 25 694
25 47 741
47 25 741
25 51 666
51 25 666
25 49 957
49 25 957
25 66 431
66 25 431
25 66 148
66 25 148
26 44 27
44 26 27
26 45 303
45 26 303
26 58 794
58 26 794
26 37 428
37 26 428
26 37 203
37 26 203
26 67 111
67 26 111
27 52 770
52 27 770
27 30 17
30 27 17
27 45 750
45 27 750
28 69 829
69 28 829
28 53 505
53 28 505
28 43 743
43 28 743
28 49 965
49 28 965
28 67 395
67 28 395
29 64 478
64 29 478
29 68 85
68 29 85
29 62 458
62 29 458
29 40 65
40 29 65
29 57 305
57 29 305
29 52 582
52 29 582
29 47 84
47 29 84
29 45 683
45 29 683
30 39 35
39 30 35
31 55 815
55 31 815
31 65 948
65 31 948
31 64 580
64 31 580
31 39 654
39 31 654
31 47 894
47 31 894
31 69 927
69 31 927
31 47 694
47 31 694
32 41 95
41 32 95
32 55 251
55 32 251
33 46 406
46 33 406
33 54 469
54 33 469
33 45 368
45 33 368
33 64 209
64 33 209
33 35 225
35 33 225
33 50 631
50 33 631
34 35 90
35 34 90
34 36 147
36 34 147
34 54 191
54 34 191
34 55 845
55 34 845
34 46 913
46 34 913
34 55 859
55 34 859
34 45 426
45 34 426
35 47 81
47 35 81
35 41 510
41 35 510
36 46 602
46 36 602
36 37 893
37 36 893
36 47 264
47 36 264
36 44 98
44 36 98
36 43 371
43 36 371
37 50 338
50 37 338
37 68 286
68 37 286
37 69 658
69 37 658
38 39 839
39 38 839
38 54 405
54 38 405
38 68 815
68 38 815
39 56 943
56 39 943
39 53 466
53 39 466
40 48 928
48 40 928
40 64 499
64 40 499
40 59 996
59 40 996
40 54 746
54 40 746
41 42 337
42 41 337
41 50 725
50 41 725
42 48 66
48 42 66
42 66 696
66 42 696
42 45 724
45 42 724
42 54 179
54 42 179
42 67 100
67 42 100
42 66 909
66 42 909
43 62 208
62 43 208
44 53 827
53 44 827
44 49 954
49 44 954
44 48 81
48 44 81
44 61 858
61 44 858
44 58 235
58 44 235
45 53 521
53 45 521
45 62 963
62 45 963
45 52 777
52 45 777
45 69 579
69 45 579
46 63 46
63 46 46
47 53 674
53 47 674
47 53 614
53 47 614
47 49 15
49 47 15
48 68 557
68 48 557
48 62 174
62 48 174
49 59 70
59 49 70
49 49 295
49 49 295
50 54 770
54 50 770
50 67 381
67 50 381
50 55 591
55 50 591
50 62 894
62 50 894
50 56 61
56 50 61
50 68 936
68 50 936
51 69 384
69 51 384
51 67 944
67 51 944
52 63 140
63 52 140
52 62 489
62 52 489
53 68 411
68 53 411
54 64 688
64 54 688
54 57 398
57 54 398
55 60 526
60 55 526
56 61 542
61 56 542
57 67 586
67 57 586
59 70 647
70 59 647
59 60 170
60 59 170
60 65 89
65 60 89
60 64 817
64 60 817
60 70 702
70 60 702
61 67 993
67 61 993
61 68 774
68 61 774
65 67 795
67 65 795
66 70 847
70 66 847
67 68 787
68 67 787
