81

0 1 122
1 0 122
0 2 476
2 0 476
0 4 24
4 0 24
0 6 111
6 0 111
0 7 678
7 0 678
0 8 528
8 0 528
0 15 851
15 0 851
0 17 761
17 0 761
0 51 320
51 0 320
0 78 176
78 0 176
0 18 877
18 0 877
0 2 156
2 0 156
0 14 757
14 0 757
0 21 439
21 0 439
0 56 145
56 0 145
0 43 619
43 0 619
0 47 589
47 0 589
0 73 892
73 0 892
0 76 261
76 0 261
0 77 142
77 0 142
1 5 372
5 1 372
1 14 939
14 1 939
1 74 533
74 1 533
1 41 807
41 1 807
1 13 297
13 1 297
1 15 135
15 1 135
1 5 657
5 1 657
1 78 552
78 1 552
1 32 453
32 1 453
1 49 531
49 1 531
1 37 826
37 1 826
1 6 541
6 1 541
2 3 566
3 2 566
2 37 346
37 2 346
2 42 898
42 2 898
2 35 973
35 2 973
2 17 325
17 2 325
2 40 240
40 2 240
2 40 940
40 2 940
2 48 544
48 2 544
2 68 741
68 2 741
2 33 158
33 2 158
2 49 754
49 2 754
2 5 173
5 2 173
2 57 859
57 2 859
2 76 255
76 2 255
2 8 608
8 2 608
2 19 399
19 2 399
2 79 797
79 2 797
2 10 346
10 2 346
3 12 57
12 3 57
3 16 417
16 3 417
3 42 113
42 3 113
3 72 706
72 3 706
3 11 992
11 3 992
3 49 523
49 3 523
3 50 927
50 3 927
3 50 809
50 3 809
3 56 497
56 3 497
3 18 346
18 3 346
3 78 264
78 3 264
3 39 254
39 3 254
3 74 710
74 3 710
3 35 655
35 3 655
3 64 231
64 3 231
3 19 903
19 3 903
4 9 191
9 4 191
4 50 425
50 4 425
4 36 70
36 4 70
4 42 754
42 4 754
4 42 488
42 4 488
4 54 124
54 4 124
4 18 857
18 4 857
4 73 503
73 4 503
4 57 910
57 4 910
4 59 70
59 4 70
4 61 667
61 4 667
4 35 478
35 4 478
4 68 396
68 4 396
4 48 809
48 4 809
4 30 977
30 4 977
5 11 941
11 5 941
5 69 119
69 5 119
5 60 66
60 5 66
5 22 695
22 5 695
5 34 570
34 5 570
5 15 96
15 5 96
5 29 915
29 5 915
5 38 943
38 5 943
5 76 651
76 5 651
5 14 131
14 5 131
5 70 453
70 5 453
5 59 77
59 5 77
6 59 874
59 6 874
6 20 944
20 6 944
6 50 802
50 6 802
6 40 813
40 6 813
6 53 794
53 6 794
6 48 71
48 6 71
6 46 351
46 6 351
6 40 652
40 6 652
6 45 241
45 6 241
6 28 689
28 6 689
6 53 906
53 6 906
6 25 136
25 6 136
7 10 444
10 7 444
7 13 823
13 7 823
7 23 537
23 7 537
7 64 767
64 7 767
7 39 844
39 7 844
7 78 953
78 7 953
7 65 328
65 7 328
7 59 896
59 7 896
7 26 411
26 7 411
7 16 195
16 7 195
7 37 252
37 7 252
7 33 32
33 7 32
7 54 92
54 7 92
8 22 473
22 8 473
8 62 582
62 8 582
8 20 916
20 8 916
8 29 133
29 8 133
8 23 794
23 8 794
8 68 3
68 8 3
8 74 507
74 8 507
8 44 519
44 8 519
9 19 586
19 9 586
9 21 581
21 9 581
9 32 52
32 9 52
9 56 742
56 9 742
9 62 863
62 9 863
9 67 780
67 9 780
9 26 1
26 9 1
9 56 176
56 9 176
9 77 423
77 9 423
9 64 981
64 9 981
9 17 786
17 9 786
9 41 709
41 9 709
9 79 76
79 9 76
9 50 703
50 9 703
9 70 43
70 9 43
9 70 886
70 9 886
9 32 743
32 9 743
9 45 993
45 9 993
10 27 92
27 10 92
10 28 601
28 10 601
10 26 771
26 10 771
10 56 709
56 10 709
10 76 283
76 10 283
10 47 17
47 10 17
10 32 587
32 10 587
10 55 153
55 10 153
10 71 137
71 10 137
10 28 257
28 10 257
10 66 494
66 10 494
10 16 499
16 10 499
10 51 687
51 10 687
10 32 481
32 10 481
10 49 572
49 10 572
11 24 562
24 11 562
11 33 349
33 11 349
11 39 814
39 11 814
11 77 438
77 11 438
11 63 136
63 11 136
11 52 69
52 11 69
11 49 99
49 11 99
11 49 622
49 11 622
11 24 96
24 11 96
11 29 573
29 11 573
11 58 861
58 11 861
11 36 146
36 11 146
11 12 329
12 11 329
11 49 963
49 11 963
11 68 329
68 11 329
11 25 771
25 11 771
12 30 434
30 12 434
12 68 976
68 12 976
12 51 456
51 12 456
12 70 965
70 12 965
12 69 959
69 12 959
12 38 21
38 12 21
12 63 249
63 12 249
12 20 284
20 12 284
12 73 791
73 12 791
12 77 157
77 12 157
12 46 284
46 12 284
12 47 94
47 12 94
13 35 408
35 13 408
13 44 501
44 13 501
13 63 800
63 13 800
13 43 496
43 13 496
13 75 499
75 13 499
13 17 189
17 13 189
13 62 816
62 13 816
13 19 774
19 13 774
13 23 422
23 13 422
14 48 363
48 14 363
14 22 629
22 14 629
14 58 703
58 14 703
14 51 24
51 14 24
14 73 27
73 14 27
14 17 885
17 14 885
14 66 258
66 14 258
14 43 729
43 14 729
14 34 759
34 14 759
14 40 821
40 14 821
14 67 951
67 14 951
15 20 404
20 15 404
15 34 338
34 15 338
15 78 694
78 15 694
15 65 965
65 15 965
15 30 546
30 15 546
15 65 562
65 15 562
15 28 113
28 15 113
15 29 846
29 15 846
15 20 763
20 15 763
15 34 103
34 15 103
15 68 162
68 15 162
15 46 488
46 15 488
15 29 500
29 15 500
15 74 733
74 15 733
16 18 79
18 16 79
16 26 486
26 16 486
16 46 351
46 16 351
16 70 399
70 16 399
16 45 314
45 16 314
16 67 38
67 16 38
16 75 694
75 16 694
16 48 511
48 16 511
16 77 629
77 16 629
16 41 417
41 16 417
16 28 391
28 16 391
16 38 164
38 16 164
16 54 345
54 16 345
16 64 303
64 16 303
16 49 84
49 16 84
16 69 631
69 16 631
17 72 112
72 17 112
17 25 207
25 17 207
17 60 233
60 17 233
17 74 155
74 17 155
17 26 497
26 17 497
17 77 316
77 17 316
17 35 384
35 17 384
17 79 409
79 17 409
17 54 378
54 17 378
17 54 595
54 17 595
18 52 581
52 18 581
18 54 330
54 18 330
18 49 110
49 18 110
18 40 719
40 18 719
18 39 332
39 18 332
18 31 565
31 18 565
18 60 664
60 18 664
18 25 530
25 18 530
18 43 144
43 18 144
18 41 103
41 18 103
19 43 791
43 19 791
19 31 580
31 19 580
19 60 263
60 19 263
19 27 975
27 19 975
19 77 633
77 19 633
19 34 880
34 19 880
19 41 191
41 19 191
19 20 201
20 19 201
19 39 895
39 19 895
19 24 516
24 19 516
20 41 977
41 20 977
20 66 603
66 20 603
20 47 745
47 20 745
20 75 356
75 20 356
20 78 374
78 20 374
20 47 173
47 20 173
20 62 614
62 20 614
21 25 359
25 21 359
21 58 705
58 21 705
21 71 58
71 21 58
21 23 540
23 21 540
21 62 676
62 21 676
21 74 682
74 21 682
21 58 281
58 21 281
21 36 665
36 21 665
21 47 955
47 21 955
21 55 191
55 21 191
21 67 100
67 21 100
22 31 581
31 22 581
22 54 413
54 22 413
22 70 134
70 22 134
22 44 534
44 22 534
22 33 123
33 22 123
22 57 910
57 22 910
22 54 130
54 22 130
22 72 360
72 22 360
22 54 668
54 22 668
22 71 942
71 22 942
22 80 909
80 22 909
22 42 458
42 22 458
22 73 216
73 22 216
22 46 424
46 22 424
23 61 375
61 23 375
23 67 418
67 23 418
23 23 98
23 23 98
23 75 231
75 23 231
23 30 80
30 23 80
24 36 428
36 24 428
24 47 303
47 24 303
24 72 160
72 24 160
24 39 15
39 24 15
24 34 119
34 24 119
24 46 494
46 24 494
24 40 227
40 24 227
24 52 247
52 24 247
24 63 886
63 24 886
24 56 898
56 24 898
24 28 820
28 24 820
24 40 54
40 24 54
24 73 295
73 24 295
25 45 58
45 25 58
25 53 3
53 25 3
25 61 512
61 25 512
25 78 736
78 25 736
25 71 690
71 25 690
25 28 824
28 25 824
25 72 171
72 25 171
25 30 31
30 25 31
25 39 538
39 25 538
25 34 782
34 25 782
25 44 11
44 25 11
26 29 215
29 26 215
26 38 424
38 26 424
26 37 825
37 26 825
26 29 375
29 26 375
26 80 530
80 26 530
26 62 750
62 26 750
27 57 520
57 27 520
27 61 914
61 27 914
27 77 348
77 27 348
27 70 813
70 27 813
27 37 574
37 27 574
27 54 139
54 27 139
27 71 906
71 27 906
27 75 505
75 27 505
27 72 262
72 27 262
27 39 901
39 27 901
27 73 815
73 27 815
28 49 308
49 28 308
28 48 414
48 28 414
28 54 384
54 28 384
28 62 70
62 28 70
28 63 67
63 28 67
28 59 830
59 28 830
28 44 612
44 28 612
28 68 741
68 28 741
28 80 837
80 28 837
28 66 629
66 28 629
29 40 858
40 29 858
29 42 166
42 29 166
29 50 169
50 29 169
29 67 441
67 29 441
29 75 918
75 29 918
29 57 210
57 29 210
29 38 821
38 29 821
29 47 458
47 29 458
29 33 223
33 29 223
29 41 717
41 29 717
30 54 133
54 30 133
30 53 575
53 30 575
30 67 26
67 30 26
30 77 157
77 30 157
30 76 392
76 30 392
30 60 929
60 30 929
31 33 4
33 31 4
31 70 763
70 31 763
31 63 783
63 31 783
31 53 821
53 31 821
31 43 457
43 31 457
31 59 92
59 31 92
31 59 548
59 31 548
31 41 455
41 31 455
31 61 703
61 31 703
31 41 127
41 31 127
32 71 32
71 32 32
32 67 598
67 32 598
33 65 426
65 33 426
33 40 72
40 33 72
33 51 489
51 33 489
33 44 790
44 33 790
33 47 225
47 33 225
33 75 371
75 33 371
33 73 500
73 33 500
33 55 141
55 33 141
33 72 302
72 33 302
33 68 958
68 33 958
33 55 853
55 33 853
34 77 133
77 34 133
34 55 664
55 34 664
34 63 827
63 34 827
34 42 699
42 34 699
34 57 25
57 34 25
34 80 719
80 34 719
34 38 891
38 34 891
35 65 849
65 35 849
35 47 408
47 35 408
35 46 432
46 35 432
35 73 200
73 35 200
35 37 195
37 35 195
35 54 336
54 35 336
36 38 601
38 36 601
36 60 253
60 36 253
36 47 416
47 36 416
36 39 694
39 36 694
36 61 415
61 36 415
36 76 64
76 36 64
37 63 639
63 37 639
37 67 198
67 37 198
37 49 540
49 37 540
37 75 287
75 37 287
37 44 187
44 37 187
38 75 907
75 38 907
38 59 864
59 38 864
38 60 508
60 38 508
38 54 780
54 38 780
38 40 62
40 38 62
38 58 944
58 38 944
38 55 1000
55 38 1000
38 68 663
68 38 663
39 65 723
65 39 723
39 77 895
77 39 895
39 40 346
40 39 346
39 57 524
57 39 524
39 66 35
66 39 35
39 55 948
55 39 948
39 75 610
75 39 610
40 44 743
44 40 743
40 78 142
78 40 142
40 70 726
70 40 726
40 79 669
79 40 669
40 44 957
44 40 957
40 77 274
77 40 274
40 55 681
55 40 681
40 67 612
67 40 612
40 52 409
52 40 409
41 66 431
66 41 431
41 66 278
66 41 278
41 62 466
62 41 466
41 73 256
73 41 256
42 60 843
60 42 843
42 75 236
75 42 236
42 52 935
52 42 935
42 75 760
75 42 760
42 55 27
55 42 27
42 74 443
74 42 443
43 73 811
73 43 811
43 79 200
79 43 200
44 69 11
69 44 11
44 55 937
55 44 937
44 61 333
61 44 333
44 69 667
69 44 667
44 55 631
55 44 631
44 47 879
47 44 879
45 48 438
48 45 438
45 51 340
51 45 340
45 64 21
64 45 21
45 60 737
60 45 737
45 73 248
73 45 248
45 47 532
47 45 532
45 75 211
75 45 211
45 48 215
48 45 215
45 50 314
50 45 314
46 47 649
47 46 649
46 73 812
73 46 812
46 48 145
48 46 145
46 66 458
66 46 458
46 59 656
59 46 656
46 79 747
79 46 747
46 55 179
55 46 179
47 49 871
49 47 871
47 75 182
75 47 182
47 50 980
50 47 980
47 62 974
62 47 974
47 55 325
55 47 325
47 54 218
54 47 218
48 75 99
75 48 99
48 70 904
70 48 904
48 75 115
75 48 115
49 50 962
50 49 962
49 50 165
50 49 165
49 59 867
59 49 867
49 61 867
61 49 867
49 73 561
73 49 561
50 62 307
62 50 307
50 80 130
80 50 130
50 69 582
69 50 582
50 53 961
53 50 961
50 62 848
62 50 848
50 70 109
70 50 109
51 55 317
55 51 317
51 61 635
61 51 635
51 51 485
51 51 485
51 77 979
77 51 979
51 68 691
68 51 691
51 52 208
52 51 208
52 53 210
53 52 210
52 75 886
75 52 886
52 78 34
78 52 34
52 62 255
62 52 255
53 54 249
54 53 249
53 70 109
70 53 109
53 78 715
78 53 715
53 80 276
80 53 276
53 53 758
53 53 758
53 68 351
68 53 351
53 69 357
69 53 357
54 63 432
63 54 432
54 72 530
72 54 530
54 71 759
71 54 759
54 57 290
57 54 290
55 69 719
69 55 719
55 66 881
66 55 881
55 73 345
73 55 345
55 62 319
62 55 319
56 76 283
76 56 283
56 79 792
79 56 792
56 62 330
62 56 330
57 79 356
79 57 356
57 57 713
57 57 713
57 80 665
80 57 665
57 74 539
74 57 539
57 77 91
77 57 91
57 67 881
67 57 881
58 71 543
71 58 543
58 60 162
60 58 162
59 77 638
77 59 638
59 66 853
66 59 853
59 75 498
75 59 498
59 61 782
61 59 782
60 65 470
65 60 470
61 80 221
80 61 221
61 64 175
64 61 175
61 76 329
76 61 329
62 72 381
72 62 381
62 72 390
72 62 390
63 76 627
76 63 627
63 64 80
64 63 80
63 64 487
64 63 487
63 72 970
72 63 970
63 65 987
65 63 987
63 77 406
77 63 406
64 72 66
72 64 66
64 72 819
72 64 819
65 73 6
73 65 6
65 79 43
79 65 43
65 73 636
73 65 636
66 80 170
80 66 170
66 68 560
68 66 560
66 78 514
78 66 514
66 67 188
67 66 188
67 80 863
80 67 863
67 68 321
68 67 321
67 77 993
77 67 993
68 76 90
76 68 90
68 79 223
79 68 223
68 80 650
80 68 650
68 68 80
68 68 80
69 75 693
75 69 693
70 79 905
79 70 905
71 72 561
72 71 561
71 76 548
76 71 548
71 77 873
77 71 873
72 75 14
75 72 14
72 75 703
75 72 703
74 80 964
80 74 964
75 77 70
77 75 70
80 80 203
80 80 203
