41

0 1 502
1 0 502
0 7 723
7 0 723
0 8 857
8 0 857
0 21 447
21 0 447
0 4 618
4 0 618
1 2 101
2 1 101
1 11 262
11 1 262
1 17 243
17 1 243
1 28 256
28 1 256
1 40 961
40 1 961
1 18 327
18 1 327
2 3 755
3 2 755
2 4 367
4 2 367
2 24 380
24 2 380
2 36 822
36 2 822
2 33 983
33 2 983
3 5 400
5 3 400
3 14 838
14 3 838
3 36 746
36 3 746
3 39 122
39 3 122
4 12 364
12 4 364
4 13 235
13 4 235
4 25 24
25 4 24
4 31 692
31 4 692
4 19 720
19 4 720
4 14 520
14 4 520
4 29 489
29 4 489
5 6 86
6 5 86
5 9 403
9 5 403
5 18 880
18 5 880
5 25 929
25 5 929
6 30 505
30 6 505
7 15 390
15 7 390
8 10 529
10 8 529
8 19 972
19 8 972
9 36 195
36 9 195
9 11 467
11 9 467
9 35 490
35 9 490
10 35 728
35 10 728
12 32 502
32 12 502
12 28 101
28 12 101
13 22 591
22 13 591
14 26 865
26 14 865
14 33 126
33 14 126
14 19 61
19 14 61
15 16 190
16 15 190
15 27 854
27 15 854
15 28 571
28 15 571
16 20 950
20 16 950
16 34 738
34 16 738
17 33 57
33 17 57
17 25 518
25 17 518
19 22 36
22 19 36
20 23 517
23 20 517
22 39 589
39 22 589
22 39 825
39 22 825
23 26 936
26 23 936
23 30 653
30 23 653
24 34 245
34 24 245
25 29 196
29 25 196
26 32 900
32 26 900
27 39 836
39 27 836
28 29 955
29 28 955
29 33 516
33 29 516
29 38 827
38 29 827
32 35 238
35 32 238
32 35 152
35 32 152
32 34 458
34 32 458
34 37 178
37 34 178
