94

0 1 563
1 0 563
0 3 651
3 0 651
0 44 44
44 0 44
0 67 747
67 0 747
0 50 435
50 0 435
0 32 120
32 0 120
1 2 620
2 1 620
1 9 945
9 1 945
1 26 497
26 1 497
1 78 798
78 1 798
1 48 785
48 1 785
1 89 164
89 1 164
2 6 407
6 2 407
2 7 841
7 2 841
2 35 185
35 2 185
2 51 22
51 2 22
2 76 564
76 2 564
2 9 275
9 2 275
2 88 729
88 2 729
2 21 722
21 2 722
3 4 208
4 3 208
3 39 351
39 3 351
3 37 780
37 3 780
3 83 72
83 3 72
3 59 26
59 3 26
4 5 218
5 4 218
4 14 406
14 4 406
4 18 223
18 4 223
4 80 191
80 4 191
4 5 560
5 4 560
4 64 173
64 4 173
4 46 431
46 4 431
5 60 952
60 5 952
5 80 561
80 5 561
5 44 499
44 5 499
6 10 934
10 6 934
6 15 486
15 6 486
6 36 109
36 6 109
6 57 239
57 6 239
6 84 544
84 6 544
7 8 760
8 7 760
7 11 16
11 7 16
7 22 715
22 7 715
7 45 509
45 7 509
7 75 947
75 7 947
7 21 240
21 7 240
7 32 289
32 7 289
7 63 230
63 7 230
8 40 112
40 8 112
8 60 910
60 8 910
8 91 222
91 8 222
8 73 712
73 8 712
8 14 516
14 8 516
8 34 196
34 8 196
9 16 760
16 9 760
10 12 377
12 10 377
10 13 209
13 10 209
10 59 70
59 10 70
10 57 870
57 10 870
10 77 62
77 10 62
11 30 853
30 11 853
11 81 695
81 11 695
11 86 343
86 11 343
11 88 141
88 11 141
11 16 702
16 11 702
12 17 76
17 12 76
12 27 366
27 12 366
12 56 417
56 12 417
12 65 629
65 12 629
12 48 490
48 12 490
13 31 502
31 13 502
13 37 824
37 13 824
13 34 679
34 13 679
13 81 908
81 13 908
14 24 654
24 14 654
14 43 888
43 14 888
14 24 216
24 14 216
15 84 310
84 15 310
15 57 803
57 15 803
15 74 115
74 15 115
16 19 167
19 16 167
17 21 853
21 17 853
17 29 680
29 17 680
17 38 259
38 17 259
17 52 232
52 17 232
17 87 144
87 17 144
17 34 317
34 17 317
17 46 994
46 17 994
17 54 816
54 17 816
17 78 291
78 17 291
18 68 398
68 18 398
18 27 692
27 18 692
18 74 793
74 18 793
19 20 919
20 19 919
19 23 75
23 19 75
19 79 906
79 19 906
19 62 94
62 19 94
19 61 264
61 19 264
19 47 409
47 19 409
20 59 645
59 20 645
20 48 236
48 20 236
21 28 212
28 21 212
22 25 773
25 22 773
22 71 440
71 22 440
23 34 874
34 23 874
23 32 289
32 23 289
23 83 521
83 23 521
24 48 971
48 24 971
24 65 896
65 24 896
24 71 677
71 24 677
25 42 232
42 25 232
25 54 920
54 25 920
25 73 685
73 25 685
25 91 574
91 25 574
25 46 536
46 25 536
26 53 279
53 26 279
27 33 630
33 27 630
27 69 788
69 27 788
27 47 825
47 27 825
28 32 742
32 28 742
28 41 972
41 28 972
28 50 418
50 28 418
28 88 896
88 28 896
28 72 48
72 28 48
28 69 235
69 28 235
28 90 804
90 28 804
29 58 642
58 29 642
29 56 42
56 29 42
29 34 801
34 29 801
32 46 960
46 32 960
32 73 105
73 32 105
32 36 937
36 32 937
33 85 982
85 33 982
33 38 559
38 33 559
33 58 214
58 33 214
33 36 688
36 33 688
34 49 118
49 34 118
34 48 131
48 34 131
35 74 705
74 35 705
35 40 529
40 35 529
36 75 924
75 36 924
36 80 84
80 36 84
36 48 506
48 36 506
36 49 90
49 36 90
37 72 593
72 37 593
38 53 248
53 38 248
40 86 856
86 40 856
40 71 357
71 40 357
42 53 384
53 42 384
42 93 296
93 42 296
42 53 54
53 42 54
43 67 917
67 43 917
43 63 720
63 43 720
43 88 714
88 43 714
44 55 847
55 44 847
44 64 245
64 44 245
44 76 666
76 44 666
44 50 344
50 44 344
44 67 561
67 44 561
45 68 216
68 45 216
45 85 959
85 45 959
46 47 767
47 46 767
46 80 11
80 46 11
47 93 38
93 47 38
47 86 827
86 47 827
48 61 807
61 48 807
48 58 280
58 48 280
49 57 935
57 49 935
49 87 340
87 49 340
50 66 264
66 50 264
50 74 602
74 50 602
51 91 28
91 51 28
52 61 302
61 52 302
52 92 551
92 52 551
52 82 353
82 52 353
53 63 287
63 53 287
54 92 864
92 54 864
54 70 342
70 54 342
55 85 614
85 55 614
55 70 289
70 55 289
56 90 631
90 56 631
56 84 485
84 56 485
56 77 260
77 56 260
58 70 994
70 58 994
59 62 850
62 59 850
59 86 567
86 59 567
59 62 296
62 59 296
60 77 279
77 60 279
61 76 928
76 61 928
63 78 753
78 63 753
63 83 113
83 63 113
63 88 102
88 63 102
65 76 190
76 65 190
67 70 786
70 67 786
67 75 958
75 67 958
67 84 573
84 67 573
69 71 400
71 69 400
69 74 637
74 69 637
70 93 787
93 70 787
74 77 169
77 74 169
78 83 730
83 78 730
80 82 149
82 80 149
82 87 731
87 82 731
83 89 575
89 83 575
88 91 342
91 88 342
90 92 71
92 90 71
