95

0 1 10
1 0 10
0 8 767
8 0 767
0 18 42
18 0 42
0 29 860
29 0 860
0 67 324
67 0 324
0 74 954
74 0 954
0 35 693
35 0 693
1 2 845
2 1 845
1 3 72
3 1 72
1 13 836
13 1 836
1 14 66
14 1 66
1 20 680
20 1 680
2 5 874
5 2 874
2 6 586
6 2 586
2 37 145
37 2 145
2 39 226
39 2 226
2 92 11
92 2 11
2 89 499
89 2 499
3 4 952
4 3 952
3 17 981
17 3 981
3 38 450
38 3 450
3 46 693
46 3 693
3 91 886
91 3 886
4 9 921
9 4 921
4 10 1000
10 4 1000
4 28 528
28 4 528
4 62 421
62 4 421
4 83 937
83 4 937
5 11 80
11 5 80
5 12 429
12 5 429
5 88 748
88 5 748
5 56 795
56 5 795
5 55 533
55 5 533
5 78 771
78 5 771
5 64 653
64 5 653
5 37 728
37 5 728
5 50 776
50 5 776
5 47 714
47 5 714
6 7 575
7 6 575
6 22 381
22 6 381
6 56 48
56 6 48
6 56 214
56 6 214
6 6 777
6 6 777
6 6 712
6 6 712
6 90 861
90 6 861
6 17 718
17 6 718
6 42 19
42 6 19
7 15 665
15 7 665
7 16 150
16 7 150
7 58 278
58 7 278
7 14 941
14 7 941
8 25 202
25 8 202
8 40 509
40 8 509
8 70 714
70 8 714
8 8 678
8 8 678
9 19 575
19 9 575
9 41 848
41 9 848
9 16 432
16 9 432
9 62 770
62 9 770
10 43 64
43 10 64
10 33 660
33 10 660
10 44 457
44 10 457
10 17 943
17 10 943
11 77 445
77 11 445
11 25 696
25 11 696
12 32 313
32 12 313
12 67 464
67 12 464
12 29 908
29 12 908
12 19 848
19 12 848
12 42 860
42 12 860
13 30 398
30 13 398
13 45 998
45 13 998
13 17 796
17 13 796
13 45 359
45 13 359
14 27 734
27 14 734
14 75 365
75 14 365
14 92 101
92 14 101
14 93 803
93 14 803
14 63 717
63 14 717
15 39 30
39 15 30
15 87 788
87 15 788
15 28 210
28 15 210
15 31 936
31 15 936
15 82 165
82 15 165
16 21 362
21 16 362
16 88 487
88 16 487
16 40 611
40 16 611
17 33 108
33 17 108
17 25 415
25 17 415
17 61 367
61 17 367
17 26 432
26 17 432
19 26 954
26 19 954
19 36 655
36 19 655
19 44 547
44 19 547
19 61 862
61 19 862
19 72 337
72 19 337
19 60 678
60 19 678
19 74 830
74 19 830
19 92 808
92 19 808
19 91 767
91 19 767
19 46 4
46 19 4
20 79 773
79 20 773
20 60 440
60 20 440
21 34 730
34 21 730
21 55 167
55 21 167
21 39 603
39 21 603
21 54 893
54 21 893
21 39 431
39 21 431
22 23 732
23 22 732
22 49 380
49 22 380
22 57 44
57 22 44
22 23 264
23 22 264
22 50 890
50 22 890
22 88 278
88 22 278
23 24 720
24 23 720
23 47 574
47 23 574
23 78 685
78 23 685
23 86 554
86 23 554
24 46 439
46 24 439
24 53 488
53 24 488
24 27 685
27 24 685
24 27 3
27 24 3
25 65 506
65 25 506
25 83 284
83 25 284
25 64 411
64 25 411
25 40 38
40 25 38
25 52 222
52 25 222
25 73 684
73 25 684
26 87 753
87 26 753
26 56 385
56 26 385
26 38 864
38 26 864
27 31 374
31 27 374
27 59 241
59 27 241
27 74 671
74 27 671
27 78 127
78 27 127
28 32 996
32 28 996
28 76 467
76 28 467
28 65 718
65 28 718
29 35 1
35 29 1
29 51 643
51 29 643
29 93 396
93 29 396
29 87 795
87 29 795
29 47 808
47 29 808
29 93 872
93 29 872
30 90 479
90 30 479
30 73 505
73 30 505
31 63 357
63 31 357
31 71 561
71 31 561
31 47 868
47 31 868
31 47 944
47 31 944
31 36 518
36 31 518
31 32 23
32 31 23
32 75 174
75 32 174
32 45 565
45 32 565
33 60 586
60 33 586
34 42 475
42 34 475
34 64 224
64 34 224
35 73 750
73 35 750
35 64 920
64 35 920
35 60 187
60 35 187
35 91 778
91 35 778
35 66 212
66 35 212
35 89 743
89 35 743
36 55 213
55 36 213
36 60 107
60 36 107
37 53 522
53 37 522
37 82 312
82 37 312
37 50 580
50 37 580
37 56 55
56 37 55
38 77 171
77 38 171
38 80 432
80 38 432
38 84 462
84 38 462
38 83 838
83 38 838
39 48 835
48 39 835
39 64 644
64 39 644
39 85 437
85 39 437
39 86 643
86 39 643
39 64 497
64 39 497
39 81 56
81 39 56
40 68 730
68 40 730
41 58 161
58 41 161
42 69 344
69 42 344
42 76 96
76 42 96
42 84 159
84 42 159
42 94 210
94 42 210
42 74 511
74 42 511
43 49 27
49 43 27
44 88 272
88 44 272
44 88 893
88 44 893
44 91 454
91 44 454
45 52 424
52 45 424
45 77 925
77 45 925
45 79 290
79 45 290
46 60 769
60 46 769
46 63 460
63 46 460
47 58 130
58 47 130
47 70 719
70 47 719
47 79 532
79 47 532
48 50 953
50 48 953
48 81 916
81 48 916
48 84 223
84 48 223
48 94 793
94 48 793
48 79 610
79 48 610
49 70 931
70 49 931
49 69 36
69 49 36
51 59 346
59 51 346
52 54 611
54 52 611
52 82 140
82 52 140
52 86 352
86 52 352
53 89 819
89 53 819
54 85 621
85 54 621
54 70 268
70 54 268
54 83 345
83 54 345
56 66 280
66 56 280
58 84 395
84 58 395
60 79 173
79 60 173
62 86 296
86 62 296
62 77 94
77 62 94
64 89 492
89 64 492
64 69 811
69 64 811
64 93 74
93 64 74
65 73 679
73 65 679
65 84 725
84 65 725
65 75 75
75 65 75
65 74 789
74 65 789
66 73 517
73 66 517
67 68 33
68 67 33
67 90 830
90 67 830
67 81 110
81 67 110
68 86 256
86 68 256
69 78 339
78 69 339
70 90 976
90 70 976
74 90 752
90 74 752
74 88 883
88 74 883
75 75 347
75 75 347
79 83 94
83 79 94
80 88 803
88 80 803
81 86 878
86 81 878
82 85 786
85 82 786
83 87 484
87 83 484
83 84 351
84 83 351
85 90 840
90 85 840
