12

0 1 788
1 0 788
0 2 463
2 0 463
0 4 482
4 0 482
0 7 394
7 0 394
1 3 398
3 1 398
1 6 764
6 1 764
1 10 357
10 1 357
1 11 250
11 1 250
1 10 297
10 1 297
1 5 431
5 1 431
2 3 953
3 2 953
2 4 184
4 2 184
3 5 797
5 3 797
3 7 393
7 3 393
4 8 363
8 4 363
6 9 140
9 6 140
6 8 116
8 6 116
8 11 40
11 8 40
9 11 728
11 9 728
