79

0 1 966
1 0 966
0 3 614
3 0 614
0 5 149
5 0 149
0 8 872
8 0 872
0 11 795
11 0 795
0 13 693
13 0 693
0 26 541
26 0 541
0 43 674
43 0 674
0 1 784
1 0 784
0 19 47
19 0 47
0 54 595
54 0 595
0 61 956
61 0 956
0 6 255
6 0 255
0 34 191
34 0 191
1 2 539
2 1 539
1 6 697
6 1 697
1 9 798
9 1 798
1 12 535
12 1 535
1 40 40
40 1 40
1 71 310
71 1 310
1 52 596
52 1 596
1 47 869
47 1 869
1 2 560
2 1 560
1 56 697
56 1 697
1 7 639
7 1 639
1 29 771
29 1 771
1 29 546
29 1 546
1 45 397
45 1 397
1 74 278
74 1 278
1 18 513
18 1 513
1 1 241
1 1 241
1 38 617
38 1 617
2 4 647
4 2 647
2 47 61
47 2 61
2 57 225
57 2 225
2 5 361
5 2 361
2 52 388
52 2 388
2 42 978
42 2 978
2 49 482
49 2 482
2 61 926
61 2 926
3 59 477
59 3 477
3 52 540
52 3 540
3 8 428
8 3 428
3 39 333
39 3 333
3 15 141
15 3 141
3 69 245
69 3 245
3 49 693
49 3 693
3 51 351
51 3 351
3 23 726
23 3 726
3 76 433
76 3 433
3 70 383
70 3 383
3 14 421
14 3 421
3 63 196
63 3 196
3 9 781
9 3 781
4 16 473
16 4 473
4 31 884
31 4 884
4 28 584
28 4 584
4 57 328
57 4 328
4 57 746
57 4 746
4 16 710
16 4 710
4 21 851
21 4 851
4 12 651
12 4 651
4 19 385
19 4 385
5 7 375
7 5 375
5 17 331
17 5 331
5 20 197
20 5 197
5 32 308
32 5 308
5 64 30
64 5 30
5 29 26
29 5 26
5 24 197
24 5 197
5 44 304
44 5 304
5 31 629
31 5 629
5 37 181
37 5 181
5 53 37
53 5 37
5 42 548
42 5 548
6 10 904
10 6 904
6 28 622
28 6 622
6 48 291
48 6 291
6 36 791
36 6 791
6 50 786
50 6 786
6 68 735
68 6 735
6 25 664
25 6 664
6 62 954
62 6 954
6 77 548
77 6 548
6 29 929
29 6 929
6 74 300
74 6 300
7 72 179
72 7 179
7 51 280
51 7 280
7 60 443
60 7 443
7 22 481
22 7 481
7 34 241
34 7 241
7 70 257
70 7 257
7 26 726
26 7 726
8 43 452
43 8 452
8 9 695
9 8 695
8 38 679
38 8 679
8 23 103
23 8 103
8 45 563
45 8 563
8 71 82
71 8 82
8 26 897
26 8 897
8 49 536
49 8 536
9 15 306
15 9 306
9 21 528
21 9 528
9 33 332
33 9 332
9 44 949
44 9 949
9 50 15
50 9 15
9 57 717
57 9 717
9 42 63
42 9 63
9 27 752
27 9 752
10 19 305
19 10 305
10 27 281
27 10 281
10 34 464
34 10 464
10 35 970
35 10 970
10 70 303
70 10 303
10 30 262
30 10 262
10 56 429
56 10 429
10 76 701
76 10 701
10 13 12
13 10 12
10 15 761
15 10 761
10 31 419
31 10 419
11 14 82
14 11 82
11 29 962
29 11 962
11 48 703
48 11 703
11 42 465
42 11 465
11 39 955
39 11 955
11 33 300
33 11 300
11 17 814
17 11 814
12 32 589
32 12 589
12 13 607
13 12 607
12 58 356
58 12 356
12 26 709
26 12 709
12 40 511
40 12 511
12 28 570
28 12 570
13 51 711
51 13 711
13 17 360
17 13 360
13 58 996
58 13 996
13 47 699
47 13 699
13 68 312
68 13 312
13 68 357
68 13 357
13 43 396
43 13 396
14 32 788
32 14 788
14 51 653
51 14 653
14 69 57
69 14 57
14 56 913
56 14 913
14 75 305
75 14 305
14 38 325
38 14 325
14 61 662
61 14 662
14 17 266
17 14 266
14 46 293
46 14 293
14 47 211
47 14 211
14 54 706
54 14 706
15 61 93
61 15 93
15 26 853
26 15 853
15 49 132
49 15 132
15 22 946
22 15 946
15 58 726
58 15 726
15 51 492
51 15 492
15 72 169
72 15 169
15 56 393
56 15 393
15 61 444
61 15 444
16 18 309
18 16 309
16 63 343
63 16 343
16 53 192
53 16 192
17 41 916
41 17 916
17 34 378
34 17 378
17 45 168
45 17 168
18 18 651
18 18 651
18 45 489
45 18 489
18 71 933
71 18 933
18 31 188
31 18 188
19 22 476
22 19 476
19 38 172
38 19 172
19 60 779
60 19 779
19 67 412
67 19 412
19 45 909
45 19 909
19 53 124
53 19 124
19 41 392
41 19 392
20 30 466
30 20 466
20 46 620
46 20 620
20 76 687
76 20 687
20 27 867
27 20 867
20 38 2
38 20 2
21 23 779
23 21 779
21 24 39
24 21 39
21 58 993
58 21 993
21 78 504
78 21 504
21 35 223
35 21 223
21 32 26
32 21 26
21 48 805
48 21 805
22 55 106
55 22 106
22 29 979
29 22 979
22 60 70
60 22 70
22 28 292
28 22 292
22 77 632
77 22 632
22 41 24
41 22 24
23 25 291
25 23 291
23 75 914
75 23 914
23 29 13
29 23 13
23 67 756
67 23 756
23 33 534
33 23 534
24 42 902
42 24 902
24 77 609
77 24 609
24 77 896
77 24 896
24 74 660
74 24 660
24 65 837
65 24 837
24 70 665
70 24 665
24 31 253
31 24 253
24 43 915
43 24 915
25 45 156
45 25 156
25 57 156
57 25 156
25 58 344
58 25 344
25 35 44
35 25 44
25 31 941
31 25 941
25 63 460
63 25 460
25 29 242
29 25 242
25 53 391
53 25 391
25 55 165
55 25 165
26 53 978
53 26 978
26 73 750
73 26 750
26 42 393
42 26 393
26 62 449
62 26 449
26 45 963
45 26 963
26 59 270
59 26 270
27 66 844
66 27 844
27 74 905
74 27 905
27 32 825
32 27 825
27 39 610
39 27 610
27 54 65
54 27 65
27 70 297
70 27 297
27 34 392
34 27 392
28 49 504
49 28 504
28 74 625
74 28 625
28 60 899
60 28 899
29 72 339
72 29 339
29 37 261
37 29 261
30 36 926
36 30 926
30 54 74
54 30 74
30 35 865
35 30 865
30 72 720
72 30 720
30 74 69
74 30 69
30 36 991
36 30 991
30 43 31
43 30 31
31 52 323
52 31 323
31 53 85
53 31 85
31 78 623
78 31 623
31 31 642
31 31 642
31 65 594
65 31 594
31 60 921
60 31 921
31 57 642
57 31 642
31 50 712
50 31 712
32 66 237
66 32 237
32 45 698
45 32 698
32 70 226
70 32 226
32 62 180
62 32 180
32 75 518
75 32 518
33 37 790
37 33 790
33 72 858
72 33 858
33 39 566
39 33 566
33 69 15
69 33 15
33 34 773
34 33 773
33 55 309
55 33 309
34 68 891
68 34 891
34 64 112
64 34 112
34 74 920
74 34 920
34 58 102
58 34 102
34 36 957
36 34 957
35 70 882
70 35 882
35 78 372
78 35 372
35 51 592
51 35 592
36 39 744
39 36 744
36 58 362
58 36 362
36 40 296
40 36 296
36 77 168
77 36 168
36 42 910
42 36 910
37 54 406
54 37 406
37 77 956
77 37 956
37 77 803
77 37 803
37 50 893
50 37 893
38 77 479
77 38 479
38 61 594
61 38 594
38 70 668
70 38 668
38 45 576
45 38 576
38 66 522
66 38 522
38 78 362
78 38 362
39 45 989
45 39 989
39 76 32
76 39 32
40 44 688
44 40 688
40 48 355
48 40 355
40 47 816
47 40 816
40 65 932
65 40 932
40 40 329
40 40 329
40 73 301
73 40 301
40 66 399
66 40 399
41 42 142
42 41 142
41 73 877
73 41 877
42 59 841
59 42 841
42 57 29
57 42 29
42 48 228
48 42 228
42 51 585
51 42 585
42 61 273
61 42 273
42 54 652
54 42 652
43 44 682
44 43 682
43 60 297
60 43 297
43 64 323
64 43 323
43 47 114
47 43 114
44 56 24
56 44 24
44 68 179
68 44 179
44 52 371
52 44 371
44 54 958
54 44 958
45 58 725
58 45 725
45 60 850
60 45 850
45 76 696
76 45 696
45 56 859
56 45 859
45 52 739
52 45 739
46 76 814
76 46 814
46 71 193
71 46 193
46 69 820
69 46 820
47 62 579
62 47 579
47 58 532
58 47 532
47 64 375
64 47 375
47 53 517
53 47 517
47 61 21
61 47 21
48 69 280
69 48 280
48 63 333
63 48 333
48 57 214
57 48 214
48 53 293
53 48 293
48 66 887
66 48 887
49 58 93
58 49 93
49 54 824
54 49 824
50 74 681
74 50 681
50 71 534
71 50 534
51 65 902
65 51 902
51 71 658
71 51 658
52 65 315
65 52 315
52 72 541
72 52 541
53 56 166
56 53 166
53 61 517
61 53 517
53 57 726
57 53 726
54 58 170
58 54 170
55 57 414
57 55 414
55 61 987
61 55 987
55 74 484
74 55 484
55 70 813
70 55 813
55 58 510
58 55 510
56 63 846
63 56 846
56 71 701
71 56 701
57 67 318
67 57 318
57 76 79
76 57 79
57 63 508
63 57 508
57 62 21
62 57 21
57 74 700
74 57 700
58 73 384
73 58 384
58 67 172
67 58 172
58 74 720
74 58 720
59 77 792
77 59 792
60 68 203
68 60 203
61 63 202
63 61 202
62 73 33
73 62 33
62 75 625
75 62 625
63 67 350
67 63 350
63 74 862
74 63 862
64 76 237
76 64 237
64 65 856
65 64 856
64 68 738
68 64 738
64 76 267
76 64 267
65 77 756
77 65 756
66 77 793
77 66 793
66 71 867
71 66 867
66 71 785
71 66 785
73 74 213
74 73 213
77 77 657
77 77 657
