96

0 1 148
1 0 148
0 2 98
2 0 98
0 4 205
4 0 205
0 7 355
7 0 355
0 10 737
10 0 737
0 28 262
28 0 262
0 62 360
62 0 360
0 24 495
24 0 495
0 7 209
7 0 209
0 82 367
82 0 367
0 93 385
93 0 385
0 33 740
33 0 740
1 3 357
3 1 357
1 41 699
41 1 699
1 44 645
44 1 645
1 7 22
7 1 22
1 13 759
13 1 759
1 82 496
82 1 496
1 78 90
78 1 90
2 6 253
6 2 253
2 14 937
14 2 937
2 42 208
42 2 208
2 11 239
11 2 239
2 47 629
47 2 629
2 42 354
42 2 354
2 52 852
52 2 852
2 37 496
37 2 496
2 79 719
79 2 719
2 41 270
41 2 270
2 79 947
79 2 947
3 15 831
15 3 831
3 24 215
24 3 215
3 40 724
40 3 724
3 16 685
16 3 685
3 88 839
88 3 839
3 87 108
87 3 108
3 94 737
94 3 737
3 66 580
66 3 580
3 86 622
86 3 622
3 27 935
27 3 935
3 79 575
79 3 575
4 5 996
5 4 996
4 9 745
9 4 745
4 13 376
13 4 376
4 59 149
59 4 149
4 23 38
23 4 38
4 20 236
20 4 236
4 82 951
82 4 951
4 47 13
47 4 13
5 8 263
8 5 263
5 88 808
88 5 808
5 90 352
90 5 352
5 14 362
14 5 362
5 85 257
85 5 257
5 23 987
23 5 987
5 88 886
88 5 886
5 65 9
65 5 9
5 62 625
62 5 625
6 48 950
48 6 950
6 95 130
95 6 130
6 31 50
31 6 50
6 90 16
90 6 16
6 33 913
33 6 913
6 47 410
47 6 410
6 51 368
51 6 368
6 29 79
29 6 79
7 74 128
74 7 128
7 51 348
51 7 348
7 80 60
80 7 60
7 78 360
78 7 360
7 62 693
62 7 693
7 51 3
51 7 3
7 72 337
72 7 337
7 17 640
17 7 640
7 17 497
17 7 497
7 25 32
25 7 32
7 18 537
18 7 537
8 26 311
26 8 311
8 29 725
29 8 725
8 60 112
60 8 112
8 65 457
65 8 457
8 78 875
78 8 875
8 82 86
82 8 86
8 90 269
90 8 269
8 30 373
30 8 373
8 14 442
14 8 442
8 31 26
31 8 26
8 9 835
9 8 835
8 79 862
79 8 862
8 66 747
66 8 747
8 48 707
48 8 707
9 11 108
11 9 108
9 36 256
36 9 256
9 41 686
41 9 686
9 74 932
74 9 932
9 85 604
85 9 604
9 63 76
63 9 76
9 35 927
35 9 927
9 41 264
41 9 264
9 56 809
56 9 809
10 30 616
30 10 616
10 39 775
39 10 775
10 66 392
66 10 392
10 47 192
47 10 192
10 12 385
12 10 385
10 36 927
36 10 927
11 12 221
12 11 221
11 21 311
21 11 311
11 12 555
12 11 555
11 64 911
64 11 911
11 57 766
57 11 766
11 43 978
43 11 978
11 49 281
49 11 281
11 39 910
39 11 910
11 61 542
61 11 542
11 68 17
68 11 17
12 17 194
17 12 194
12 19 778
19 12 778
12 38 709
38 12 709
12 88 699
88 12 699
12 52 718
52 12 718
12 37 933
37 12 933
12 20 95
20 12 95
12 67 657
67 12 657
12 18 549
18 12 549
12 75 950
75 12 950
13 16 71
16 13 71
13 76 821
76 13 821
13 53 55
53 13 55
13 37 522
37 13 522
13 75 494
75 13 494
13 83 668
83 13 668
13 16 84
16 13 84
13 21 415
21 13 415
13 67 296
67 13 296
14 18 95
18 14 95
14 76 415
76 14 415
14 55 780
55 14 780
14 79 908
79 14 908
14 79 185
79 14 185
14 77 904
77 14 904
14 71 145
71 14 145
15 20 764
20 15 764
15 83 913
83 15 913
15 89 150
89 15 150
15 28 576
28 15 576
15 64 725
64 15 725
15 73 27
73 15 27
15 44 177
44 15 177
15 25 884
25 15 884
15 81 644
81 15 644
16 31 883
31 16 883
16 33 657
33 16 657
16 46 118
46 16 118
16 78 589
78 16 589
16 58 901
58 16 901
16 95 519
95 16 519
16 20 314
20 16 314
16 72 978
72 16 978
17 25 741
25 17 741
17 61 817
61 17 817
17 79 869
79 17 869
17 93 360
93 17 360
17 66 289
66 17 289
17 71 166
71 17 166
17 91 449
91 17 449
17 36 919
36 17 919
17 71 972
71 17 972
18 44 180
44 18 180
18 24 372
24 18 372
18 77 210
77 18 210
18 40 581
40 18 581
18 42 731
42 18 731
18 80 795
80 18 795
18 85 13
85 18 13
18 40 984
40 18 984
18 85 167
85 18 167
19 58 199
58 19 199
19 20 940
20 19 940
19 46 150
46 19 150
20 23 591
23 20 591
20 27 799
27 20 799
20 69 802
69 20 802
20 80 879
80 20 879
20 89 654
89 20 654
20 47 274
47 20 274
20 91 888
91 20 888
20 48 66
48 20 66
20 23 537
23 20 537
20 77 913
77 20 913
21 22 2
22 21 2
21 73 289
73 21 289
21 33 801
33 21 801
21 68 612
68 21 612
21 62 508
62 21 508
21 50 159
50 21 159
21 34 870
34 21 870
21 77 706
77 21 706
21 60 399
60 21 399
22 35 149
35 22 149
22 23 626
23 22 626
22 77 345
77 22 345
22 35 506
35 22 506
23 81 469
81 23 469
23 43 945
43 23 945
23 87 523
87 23 523
23 79 523
79 23 523
23 73 820
73 23 820
23 80 786
80 23 786
23 51 240
51 23 240
23 62 127
62 23 127
23 30 146
30 23 146
23 49 337
49 23 337
23 55 691
55 23 691
24 30 618
30 24 618
24 29 209
29 24 209
24 90 152
90 24 152
24 30 672
30 24 672
24 79 480
79 24 480
24 65 436
65 24 436
24 33 238
33 24 238
24 60 213
60 24 213
24 79 917
79 24 917
24 95 46
95 24 46
25 25 282
25 25 282
25 61 199
61 25 199
25 80 431
80 25 431
25 82 835
82 25 835
25 41 175
41 25 175
26 53 72
53 26 72
26 59 160
59 26 160
26 63 11
63 26 11
26 70 758
70 26 758
26 42 913
42 26 913
26 61 722
61 26 722
26 53 366
53 26 366
27 63 307
63 27 307
27 64 767
64 27 767
27 59 624
59 27 624
27 55 232
55 27 232
27 82 356
82 27 356
28 32 945
32 28 945
28 57 379
57 28 379
28 57 357
57 28 357
28 89 478
89 28 478
28 53 280
53 28 280
29 37 498
37 29 498
29 51 538
51 29 538
29 77 153
77 29 153
29 87 671
87 29 671
29 78 323
78 29 323
29 60 140
60 29 140
30 63 794
63 30 794
30 66 939
66 30 939
30 40 441
40 30 441
30 54 269
54 30 269
30 53 487
53 30 487
31 55 933
55 31 933
31 75 208
75 31 208
31 44 143
44 31 143
31 62 267
62 31 267
31 33 579
33 31 579
31 84 767
84 31 767
32 54 683
54 32 683
32 85 978
85 32 978
32 59 639
59 32 639
32 33 898
33 32 898
32 47 617
47 32 617
32 36 946
36 32 946
33 34 896
34 33 896
33 56 251
56 33 251
33 76 204
76 33 204
33 38 668
38 33 668
34 79 529
79 34 529
34 66 47
66 34 47
34 80 858
80 34 858
34 53 809
53 34 809
34 57 449
57 34 449
35 55 988
55 35 988
35 65 127
65 35 127
36 43 13
43 36 13
36 85 487
85 36 487
36 70 983
70 36 983
36 90 264
90 36 264
37 41 680
41 37 680
37 80 760
80 37 760
37 43 503
43 37 503
37 92 335
92 37 335
37 94 551
94 37 551
37 43 589
43 37 589
37 74 575
74 37 575
37 63 544
63 37 544
37 81 206
81 37 206
37 73 922
73 37 922
38 70 731
70 38 731
38 87 26
87 38 26
38 59 251
59 38 251
38 42 296
42 38 296
39 64 542
64 39 542
39 53 730
53 39 730
39 40 263
40 39 263
39 48 771
48 39 771
40 47 794
47 40 794
40 53 591
53 40 591
40 47 535
47 40 535
40 49 988
49 40 988
40 95 310
95 40 310
41 49 891
49 41 891
41 52 869
52 41 869
41 62 952
62 41 952
41 67 925
67 41 925
41 50 155
50 41 155
41 84 160
84 41 160
41 59 476
59 41 476
41 43 768
43 41 768
41 66 435
66 41 435
42 45 169
45 42 169
42 94 968
94 42 968
42 53 7
53 42 7
42 69 288
69 42 288
42 80 353
80 42 353
42 75 479
75 42 479
43 84 358
84 43 358
43 69 145
69 43 145
43 72 457
72 43 457
43 71 343
71 43 343
43 71 734
71 43 734
43 64 584
64 43 584
44 49 609
49 44 609
44 60 756
60 44 756
44 86 726
86 44 726
44 53 111
53 44 111
44 73 846
73 44 846
44 70 30
70 44 30
45 75 408
75 45 408
45 61 784
61 45 784
45 82 882
82 45 882
46 50 609
50 46 609
46 73 910
73 46 910
46 76 398
76 46 398
46 95 242
95 46 242
46 47 43
47 46 43
46 47 916
47 46 916
47 91 578
91 47 578
47 83 421
83 47 421
47 84 482
84 47 482
47 64 14
64 47 14
48 85 114
85 48 114
48 70 450
70 48 450
48 94 676
94 48 676
48 68 906
68 48 906
48 72 497
72 48 497
48 94 892
94 48 892
48 93 994
93 48 994
48 85 403
85 48 403
49 66 885
66 49 885
49 56 39
56 49 39
49 69 446
69 49 446
49 90 737
90 49 737
49 74 10
74 49 10
49 94 623
94 49 623
50 76 272
76 50 272
50 93 161
93 50 161
50 77 494
77 50 494
51 86 409
86 51 409
52 88 341
88 52 341
52 54 229
54 52 229
52 68 546
68 52 546
52 61 233
61 52 233
52 90 762
90 52 762
52 75 957
75 52 957
53 72 255
72 53 255
53 81 205
81 53 205
53 81 678
81 53 678
53 63 722
63 53 722
53 93 712
93 53 712
53 71 617
71 53 617
53 87 564
87 53 564
53 89 95
89 53 95
53 60 357
60 53 357
53 71 515
71 53 515
55 84 67
84 55 67
55 66 605
66 55 605
55 77 46
77 55 46
55 92 645
92 55 645
55 80 408
80 55 408
56 64 649
64 56 649
56 68 294
68 56 294
56 69 389
69 56 389
56 69 19
69 56 19
57 66 667
66 57 667
57 60 744
60 57 744
57 95 9
95 57 9
59 70 185
70 59 185
59 62 500
62 59 500
59 78 158
78 59 158
60 87 699
87 60 699
61 82 64
82 61 64
62 66 672
66 62 672
63 79 418
79 63 418
64 71 989
71 64 989
64 81 748
81 64 748
65 87 573
87 65 573
65 77 690
77 65 690
66 71 759
71 66 759
66 94 569
94 66 569
66 86 231
86 66 231
66 84 363
84 66 363
67 68 442
68 67 442
67 71 754
71 67 754
67 80 211
80 67 211
67 89 343
89 67 343
68 87 378
87 68 378
69 92 241
92 69 241
69 91 863
91 69 863
69 92 740
92 69 740
70 71 324
71 70 324
71 89 172
89 71 172
71 87 451
87 71 451
71 80 262
80 71 262
72 86 157
86 72 157
72 73 259
73 72 259
72 91 461
91 72 461
73 75 605
75 73 605
73 77 475
77 73 475
74 90 925
90 74 925
74 95 192
95 74 192
74 85 752
85 74 752
75 91 273
91 75 273
76 91 478
91 76 478
76 80 64
80 76 64
76 88 131
88 76 131
76 84 66
84 76 66
77 92 614
92 77 614
79 88 815
88 79 815
79 90 728
90 79 728
79 89 490
89 79 490
80 81 799
81 80 799
82 94 80
94 82 80
82 83 86
83 82 86
83 90 954
90 83 954
85 94 758
94 85 758
87 94 97
94 87 97
89 92 513
92 89 513
