97

0 1 762
1 0 762
0 2 714
2 0 714
0 4 628
4 0 628
0 9 657
9 0 657
0 32 511
32 0 511
0 82 777
82 0 777
0 37 960
37 0 960
0 63 431
63 0 431
0 67 251
67 0 251
0 74 703
74 0 703
1 3 462
3 1 462
1 17 698
17 1 698
1 23 970
23 1 970
1 9 585
9 1 585
1 54 318
54 1 318
1 42 687
42 1 687
2 8 430
8 2 430
2 14 607
14 2 607
2 22 250
22 2 250
2 46 470
46 2 470
2 62 410
62 2 410
2 76 845
76 2 845
2 86 37
86 2 37
2 83 625
83 2 625
2 96 851
96 2 851
2 92 967
92 2 967
2 22 37
22 2 37
2 81 828
81 2 828
2 96 784
96 2 784
2 73 449
73 2 449
2 21 820
21 2 820
2 35 90
35 2 90
2 28 554
28 2 554
3 5 192
5 3 192
3 6 333
6 3 333
3 43 965
43 3 965
3 68 436
68 3 436
3 20 508
20 3 508
3 23 166
23 3 166
3 56 368
56 3 368
3 50 10
50 3 10
3 27 643
27 3 643
3 48 200
48 3 200
4 10 134
10 4 134
4 35 480
35 4 480
4 50 850
50 4 850
4 90 925
90 4 925
4 41 787
41 4 787
4 94 814
94 4 814
4 27 931
27 4 931
4 94 194
94 4 194
4 81 502
81 4 502
4 21 168
21 4 168
4 49 282
49 4 282
4 37 153
37 4 153
5 54 281
54 5 281
5 84 748
84 5 748
5 17 32
17 5 32
5 65 768
65 5 768
5 45 868
45 5 868
5 67 454
67 5 454
6 7 235
7 6 235
6 40 858
40 6 858
6 47 159
47 6 159
6 70 498
70 6 498
6 17 163
17 6 163
6 30 157
30 6 157
6 20 568
20 6 568
6 85 337
85 6 337
6 39 686
39 6 686
7 15 147
15 7 147
7 31 948
31 7 948
7 79 827
79 7 827
7 27 391
27 7 391
7 67 171
67 7 171
7 72 717
72 7 717
7 19 499
19 7 499
7 13 81
13 7 81
7 10 9
10 7 9
8 11 917
11 8 917
8 37 823
37 8 823
8 48 979
48 8 979
9 64 330
64 9 330
9 78 61
78 9 61
9 90 332
90 9 332
9 96 276
96 9 276
9 92 359
92 9 359
9 10 903
10 9 903
9 70 69
70 9 69
9 58 774
58 9 774
10 16 698
16 10 698
10 34 478
34 10 478
10 32 511
32 10 511
10 73 802
73 10 802
10 21 2
21 10 2
11 12 841
12 11 841
11 13 570
13 11 570
11 18 897
18 11 897
11 72 565
72 11 565
11 15 540
15 11 540
11 56 565
56 11 565
11 44 622
44 11 622
11 72 417
72 11 417
12 21 257
21 12 257
12 81 138
81 12 138
13 66 865
66 13 865
13 78 859
78 13 859
13 32 102
32 13 102
14 29 29
29 14 29
14 77 262
77 14 262
14 35 387
35 14 387
14 57 270
57 14 270
14 71 822
71 14 822
14 21 793
21 14 793
15 19 41
19 15 41
15 89 234
89 15 234
15 48 942
48 15 942
15 18 358
18 15 358
15 86 455
86 15 455
15 45 369
45 15 369
15 32 777
32 15 777
15 88 778
88 15 778
16 36 511
36 16 511
16 52 562
52 16 562
16 79 410
79 16 410
16 86 889
86 16 889
16 45 886
45 16 886
16 52 9
52 16 9
16 66 9
66 16 9
17 25 2
25 17 2
17 84 306
84 17 306
17 29 10
29 17 10
17 75 776
75 17 776
17 45 902
45 17 902
17 64 552
64 17 552
17 79 688
79 17 688
18 20 64
20 18 64
18 60 393
60 18 393
18 56 70
56 18 70
18 83 323
83 18 323
18 90 8
90 18 8
19 37 5
37 19 5
19 41 552
41 19 552
19 45 463
45 19 463
19 80 1000
80 19 1000
19 91 480
91 19 480
19 67 481
67 19 481
20 27 191
27 20 191
20 38 461
38 20 461
20 78 10
78 20 10
20 31 271
31 20 271
20 82 834
82 20 834
20 26 52
26 20 52
20 48 522
48 20 522
20 29 351
29 20 351
21 33 143
33 21 143
21 47 944
47 21 944
21 22 275
22 21 275
21 73 601
73 21 601
22 24 4
24 22 4
22 42 816
42 22 816
22 44 471
44 22 471
22 53 380
53 22 380
22 62 814
62 22 814
22 58 235
58 22 235
22 42 314
42 22 314
22 67 540
67 22 540
22 86 684
86 22 684
22 81 80
81 22 80
22 38 58
38 22 58
23 48 81
48 23 81
23 26 36
26 23 36
23 61 681
61 23 681
23 96 93
96 23 93
23 94 578
94 23 578
23 88 185
88 23 185
23 26 555
26 23 555
24 73 17
73 24 17
24 86 524
86 24 524
24 42 37
42 24 37
24 29 213
29 24 213
24 89 617
89 24 617
24 56 111
56 24 111
25 26 962
26 25 962
25 28 762
28 25 762
25 94 647
94 25 647
25 70 560
70 25 560
25 61 510
61 25 510
25 49 745
49 25 745
25 49 734
49 25 734
25 61 725
61 25 725
26 30 405
30 26 405
26 67 45
67 26 45
26 47 730
47 26 730
26 48 648
48 26 648
26 51 62
51 26 62
26 68 678
68 26 678
26 59 53
59 26 53
27 87 857
87 27 857
27 28 895
28 27 895
27 78 177
78 27 177
27 84 671
84 27 671
27 56 953
56 27 953
27 53 712
53 27 712
27 91 731
91 27 731
28 76 386
76 28 386
28 28 177
28 28 177
28 55 40
55 28 40
28 66 353
66 28 353
28 38 860
38 28 860
28 79 903
79 28 903
28 72 384
72 28 384
29 59 732
59 29 732
29 94 179
94 29 179
29 69 693
69 29 693
29 32 868
32 29 868
29 30 527
30 29 527
29 77 59
77 29 59
29 87 768
87 29 768
30 77 366
77 30 366
30 44 578
44 30 578
30 96 752
96 30 752
30 70 574
70 30 574
30 54 710
54 30 710
30 56 771
56 30 771
30 74 300
74 30 300
31 51 444
51 31 444
31 71 820
71 31 820
31 71 649
71 31 649
31 92 282
92 31 282
31 87 887
87 31 887
31 84 440
84 31 440
32 89 169
89 32 169
32 83 682
83 32 682
32 74 957
74 32 957
33 39 41
39 33 41
33 34 747
34 33 747
33 62 200
62 33 200
34 69 530
69 34 530
34 46 807
46 34 807
34 80 255
80 34 255
35 49 510
49 35 510
35 57 305
57 35 305
35 62 735
62 35 735
36 87 878
87 36 878
36 41 952
41 36 952
36 90 726
90 36 726
36 49 175
49 36 175
36 40 120
40 36 120
36 93 264
93 36 264
37 55 900
55 37 900
37 94 724
94 37 724
37 93 224
93 37 224
37 82 226
82 37 226
37 42 983
42 37 983
38 39 945
39 38 945
38 59 277
59 38 277
38 68 210
68 38 210
38 50 791
50 38 791
38 40 53
40 38 53
39 93 777
93 39 777
39 87 621
87 39 621
39 54 66
54 39 66
39 85 625
85 39 625
39 77 398
77 39 398
40 79 471
79 40 471
40 91 11
91 40 11
41 65 232
65 41 232
41 49 402
49 41 402
41 79 58
79 41 58
41 68 747
68 41 747
41 72 91
72 41 91
41 75 125
75 41 125
41 61 20
61 41 20
42 77 305
77 42 305
42 70 572
70 42 572
42 59 982
59 42 982
43 58 236
58 43 236
43 66 646
66 43 646
44 79 671
79 44 671
46 74 431
74 46 431
46 78 456
78 46 456
46 48 63
48 46 63
47 58 729
58 47 729
47 89 917
89 47 917
47 81 946
81 47 946
48 63 446
63 48 446
48 83 986
83 48 986
48 88 184
88 48 184
49 56 292
56 49 292
49 96 416
96 49 416
49 74 91
74 49 91
49 91 915
91 49 915
49 52 268
52 49 268
50 77 877
77 50 877
50 69 861
69 50 861
51 61 9
61 51 9
51 95 254
95 51 254
51 68 611
68 51 611
51 70 219
70 51 219
51 96 259
96 51 259
51 86 481
86 51 481
52 75 167
75 52 167
53 75 91
75 53 91
53 73 219
73 53 219
54 75 457
75 54 457
54 84 561
84 54 561
54 75 44
75 54 44
54 58 20
58 54 20
54 80 674
80 54 674
55 92 186
92 55 186
55 76 204
76 55 204
57 92 254
92 57 254
57 87 374
87 57 374
57 76 192
76 57 192
58 76 647
76 58 647
58 78 450
78 58 450
58 77 184
77 58 184
58 89 233
89 58 233
59 85 136
85 59 136
59 88 200
88 59 200
59 79 225
79 59 225
59 92 763
92 59 763
59 77 28
77 59 28
60 96 280
96 60 280
60 60 111
60 60 111
60 75 894
75 60 894
60 72 220
72 60 220
60 83 267
83 60 267
61 77 287
77 61 287
61 86 992
86 61 992
62 91 810
91 62 810
62 90 381
90 62 381
63 81 661
81 63 661
63 70 289
70 63 289
65 90 871
90 65 871
66 95 116
95 66 116
66 91 377
91 66 377
68 90 852
90 68 852
69 96 624
96 69 624
70 83 923
83 70 923
71 90 560
90 71 560
72 92 556
92 72 556
72 92 509
92 72 509
73 77 342
77 73 342
73 75 141
75 73 141
74 95 492
95 74 492
74 79 925
79 74 925
74 88 521
88 74 521
77 90 499
90 77 499
77 95 204
95 77 204
78 91 433
91 78 433
79 88 43
88 79 43
79 92 727
92 79 727
79 81 469
81 79 469
80 87 437
87 80 437
80 81 448
81 80 448
83 91 925
91 83 925
83 90 9
90 83 9
83 86 197
86 83 197
83 94 877
94 83 877
86 96 955
96 86 955
86 90 123
90 86 123
87 89 747
89 87 747
95 96 735
96 95 735
