32

0 1 272
1 0 272
0 9 168
9 0 168
0 10 938
10 0 938
0 13 95
13 0 95
0 10 480
10 0 480
1 2 267
2 1 267
1 3 720
3 1 720
1 5 626
5 1 626
1 18 530
18 1 530
1 29 988
29 1 988
2 4 907
4 2 907
3 20 948
20 3 948
3 17 573
17 3 573
4 6 538
6 4 538
4 14 53
14 4 53
5 8 954
8 5 954
6 7 841
7 6 841
6 12 438
12 6 438
6 17 313
17 6 313
6 23 161
23 6 161
6 26 157
26 6 157
6 8 425
8 6 425
8 28 739
28 8 739
9 11 110
11 9 110
9 16 726
16 9 726
9 26 699
26 9 699
9 24 738
24 9 738
10 25 861
25 10 861
11 22 950
22 11 950
11 30 701
30 11 701
12 19 18
19 12 18
12 20 106
20 12 106
13 15 797
15 13 797
13 27 821
27 13 821
13 28 384
28 13 384
16 21 816
21 16 816
19 20 851
20 19 851
21 24 57
24 21 57
25 31 976
31 25 976
29 31 947
31 29 947
