99

0 1 439
1 0 439
0 2 19
2 0 19
0 8 623
8 0 623
0 14 197
14 0 197
0 29 692
29 0 692
0 32 585
32 0 585
0 40 793
40 0 793
0 56 693
56 0 693
0 66 34
66 0 34
0 90 244
90 0 244
0 84 878
84 0 878
0 42 686
42 0 686
1 5 800
5 1 800
1 17 868
17 1 868
1 25 102
25 1 102
1 62 881
62 1 881
1 87 591
87 1 591
2 3 77
3 2 77
2 15 606
15 2 606
2 49 429
49 2 429
2 54 318
54 2 318
2 87 471
87 2 471
2 84 459
84 2 459
2 76 567
76 2 567
3 4 429
4 3 429
3 6 102
6 3 102
3 23 605
23 3 605
3 91 762
91 3 762
3 91 74
91 3 74
4 13 949
13 4 949
4 89 784
89 4 784
4 75 900
75 4 900
5 9 983
9 5 983
5 16 837
16 5 837
5 18 47
18 5 47
6 7 404
7 6 404
6 18 4
18 6 4
6 19 308
19 6 308
6 20 252
20 6 252
7 11 120
11 7 120
7 46 185
46 7 185
7 47 565
47 7 565
7 67 929
67 7 929
7 90 176
90 7 176
8 21 598
21 8 598
8 39 619
39 8 619
8 73 799
73 8 799
8 77 725
77 8 725
8 46 592
46 8 592
8 92 740
92 8 740
9 10 931
10 9 931
9 12 686
12 9 686
9 22 926
22 9 926
9 27 91
27 9 91
9 93 154
93 9 154
10 35 333
35 10 333
10 54 460
54 10 460
11 78 211
78 11 211
11 56 337
56 11 337
12 43 441
43 12 441
12 36 337
36 12 337
13 51 134
51 13 134
13 82 771
82 13 771
13 86 526
86 13 526
13 96 473
96 13 473
14 43 939
43 14 939
17 24 315
24 17 315
17 45 715
45 17 715
17 51 959
51 17 959
18 41 108
41 18 108
18 59 378
59 18 378
18 60 161
60 18 161
18 62 822
62 18 822
18 60 351
60 18 351
18 60 305
60 18 305
18 29 649
29 18 649
19 34 742
34 19 742
19 44 703
44 19 703
19 53 287
53 19 287
19 63 522
63 19 522
19 48 542
48 19 542
19 29 913
29 19 913
19 57 536
57 19 536
20 26 109
26 20 109
20 61 265
61 20 265
21 69 932
69 21 932
21 47 379
47 21 379
21 62 740
62 21 740
22 48 545
48 22 545
22 75 293
75 22 293
22 98 767
98 22 767
23 87 144
87 23 144
23 69 363
69 23 363
24 70 439
70 24 439
24 49 139
49 24 139
24 65 345
65 24 345
25 30 879
30 25 879
25 31 1
31 25 1
25 45 389
45 25 389
25 27 413
27 25 413
26 38 320
38 26 320
26 75 316
75 26 316
26 83 908
83 26 908
27 28 373
28 27 373
27 33 403
33 27 403
27 36 163
36 27 163
27 67 822
67 27 822
28 50 810
50 28 810
28 89 597
89 28 597
29 37 937
37 29 937
29 52 435
52 29 435
29 72 47
72 29 47
30 92 643
92 30 643
31 95 474
95 31 474
34 98 241
98 34 241
36 88 69
88 36 69
37 74 181
74 37 181
37 71 301
71 37 301
38 44 119
44 38 119
39 42 922
42 39 922
39 57 771
57 39 771
40 55 762
55 40 762
41 87 69
87 41 69
42 72 889
72 42 889
43 85 347
85 43 347
43 51 778
51 43 778
44 44 936
44 44 936
45 93 922
93 45 922
47 81 627
81 47 627
48 52 227
52 48 227
49 97 389
97 49 389
49 74 772
74 49 772
50 58 242
58 50 242
50 80 17
80 50 17
50 72 799
72 50 799
52 88 244
88 52 244
52 70 458
70 52 458
52 71 533
71 52 533
52 91 138
91 52 138
53 68 969
68 53 969
53 77 532
77 53 532
53 94 236
94 53 236
56 83 234
83 56 234
58 85 633
85 58 633
59 65 781
65 59 781
61 71 583
71 61 583
62 64 257
64 62 257
62 86 344
86 62 344
63 79 567
79 63 567
63 81 920
81 63 920
63 65 920
65 63 920
67 77 4
77 67 4
69 76 766
76 69 766
70 78 196
78 70 196
71 93 465
93 71 465
79 84 933
84 79 933
88 95 283
95 88 283
91 96 643
96 91 643
