97

0 1 282
1 0 282
0 2 946
2 0 946
0 4 751
4 0 751
0 26 886
26 0 886
1 3 563
3 1 563
1 8 75
8 1 75
1 11 87
11 1 87
1 19 938
19 1 938
1 68 448
68 1 448
1 73 799
73 1 799
1 50 699
50 1 699
1 16 648
16 1 648
1 27 293
27 1 293
1 25 870
25 1 870
1 23 684
23 1 684
1 45 727
45 1 727
2 56 745
56 2 745
2 65 809
65 2 809
2 42 334
42 2 334
2 74 125
74 2 125
3 15 495
15 3 495
3 16 643
16 3 643
3 20 345
20 3 345
3 40 835
40 3 835
3 53 359
53 3 359
3 75 149
75 3 149
3 18 548
18 3 548
4 5 512
5 4 512
4 6 445
6 4 445
4 61 903
61 4 903
4 6 488
6 4 488
4 36 200
36 4 200
4 96 168
96 4 168
5 27 892
27 5 892
5 29 868
29 5 868
5 80 425
80 5 425
5 19 352
19 5 352
5 9 180
9 5 180
6 7 383
7 6 383
6 10 785
10 6 785
6 28 406
28 6 406
6 46 219
46 6 219
6 60 388
60 6 388
6 63 186
63 6 186
6 10 299
10 6 299
7 47 621
47 7 621
7 86 63
86 7 63
7 14 615
14 7 615
7 53 208
53 7 208
8 9 735
9 8 735
8 14 697
14 8 697
8 33 744
33 8 744
8 50 40
50 8 40
8 63 174
63 8 174
8 25 440
25 8 440
9 13 186
13 9 186
9 54 737
54 9 737
10 12 167
12 10 167
10 22 797
22 10 797
10 23 567
23 10 567
10 70 564
70 10 564
10 74 384
74 10 384
10 32 701
32 10 701
11 82 32
82 11 32
11 18 212
18 11 212
12 17 130
17 12 130
12 51 236
51 12 236
12 83 621
83 12 621
13 17 216
17 13 216
14 52 929
52 14 929
14 54 133
54 14 133
14 96 303
96 14 303
15 18 421
18 15 421
15 21 20
21 15 20
15 21 536
21 15 536
16 24 149
24 16 149
16 31 309
31 16 309
17 67 299
67 17 299
18 44 230
44 18 230
18 41 119
41 18 119
18 48 87
48 18 87
19 34 848
34 19 848
19 76 890
76 19 890
19 32 15
32 19 15
19 91 684
91 19 684
20 25 266
25 20 266
20 36 334
36 20 334
20 81 628
81 20 628
21 64 794
64 21 794
21 42 193
42 21 193
21 28 76
28 21 76
22 79 645
79 22 645
24 48 248
48 24 248
24 66 730
66 24 730
24 74 188
74 24 188
24 46 2
46 24 2
25 67 345
67 25 345
25 31 503
31 25 503
26 32 135
32 26 135
26 69 21
69 26 21
27 35 409
35 27 409
27 38 483
38 27 483
27 71 650
71 27 650
27 51 586
51 27 586
27 68 585
68 27 585
29 30 788
30 29 788
29 45 265
45 29 265
30 49 493
49 30 493
30 49 734
49 30 734
31 37 644
37 31 644
31 39 842
39 31 842
31 50 932
50 31 932
32 42 51
42 32 51
32 43 392
43 32 392
32 91 484
91 32 484
33 78 865
78 33 865
33 73 484
73 33 484
33 86 889
86 33 889
33 74 804
74 33 804
34 91 450
91 34 450
35 43 216
43 35 216
35 95 20
95 35 20
35 83 563
83 35 563
35 90 177
90 35 177
36 84 784
84 36 784
36 87 621
87 36 621
37 41 299
41 37 299
37 75 492
75 37 492
37 86 51
86 37 51
38 94 266
94 38 266
38 64 932
64 38 932
38 92 138
92 38 138
39 75 692
75 39 692
40 87 239
87 40 239
41 79 260
79 41 260
41 48 685
48 41 685
41 80 824
80 41 824
42 65 103
65 42 103
42 58 271
58 42 271
42 45 971
45 42 971
43 83 151
83 43 151
43 52 932
52 43 932
44 45 862
45 44 862
44 88 517
88 44 517
44 44 858
44 44 858
45 62 280
62 45 280
45 84 507
84 45 507
46 55 736
55 46 736
46 55 332
55 46 332
46 67 994
67 46 994
47 64 608
64 47 608
49 76 597
76 49 597
50 83 713
83 50 713
51 57 510
57 51 510
51 74 977
74 51 977
52 93 726
93 52 726
53 60 17
60 53 17
55 85 361
85 55 361
56 58 290
58 56 290
56 71 290
71 56 290
56 61 853
61 56 853
56 77 730
77 56 730
57 90 998
90 57 998
57 74 422
74 57 422
57 86 714
86 57 714
57 60 142
60 57 142
58 59 535
59 58 535
59 89 628
89 59 628
59 75 567
75 59 567
60 79 835
79 60 835
62 92 977
92 62 977
62 94 673
94 62 673
63 80 848
80 63 848
65 78 123
78 65 123
65 81 153
81 65 153
68 72 110
72 68 110
68 77 786
77 68 786
70 77 885
77 70 885
71 85 278
85 71 278
71 91 675
91 71 675
72 91 669
91 72 669
72 90 701
90 72 701
73 83 275
83 73 275
73 77 211
77 73 211
74 96 40
96 74 40
76 86 2
86 76 2
76 83 202
83 76 202
76 83 877
83 76 877
77 95 262
95 77 262
78 85 42
85 78 42
80 80 59
80 80 59
82 92 57
92 82 57
86 95 791
95 86 791
