75

0 1 451
1 0 451
0 4 37
4 0 37
0 5 605
5 0 605
0 18 485
18 0 485
0 37 478
37 0 478
0 68 561
68 0 561
0 20 569
20 0 569
0 21 155
21 0 155
0 58 381
58 0 381
0 35 951
35 0 951
0 47 306
47 0 306
1 2 235
2 1 235
1 3 717
3 1 717
1 9 793
9 1 793
1 17 605
17 1 605
1 20 659
20 1 659
1 68 110
68 1 110
1 22 744
22 1 744
1 52 391
52 1 391
1 6 77
6 1 77
1 22 394
22 1 394
1 56 986
56 1 986
1 17 166
17 1 166
1 10 208
10 1 208
1 39 210
39 1 210
2 19 306
19 2 306
2 33 237
33 2 237
2 44 984
44 2 984
2 3 808
3 2 808
2 48 607
48 2 607
2 74 142
74 2 142
2 32 977
32 2 977
2 38 693
38 2 693
2 15 388
15 2 388
2 48 797
48 2 797
2 34 24
34 2 24
2 46 602
46 2 602
3 6 53
6 3 53
3 16 933
16 3 933
3 21 721
21 3 721
3 26 166
26 3 166
3 36 409
36 3 409
3 54 686
54 3 686
3 74 785
74 3 785
3 60 566
60 3 566
3 32 865
32 3 865
3 43 534
43 3 534
3 44 564
44 3 564
3 25 47
25 3 47
4 31 199
31 4 199
4 45 648
45 4 648
4 59 131
59 4 131
4 44 386
44 4 386
4 72 105
72 4 105
4 74 302
74 4 302
4 24 355
24 4 355
4 54 706
54 4 706
5 8 41
8 5 41
5 66 604
66 5 604
5 53 876
53 5 876
5 53 368
53 5 368
5 47 952
47 5 952
5 39 324
39 5 324
5 57 93
57 5 93
5 56 380
56 5 380
5 68 895
68 5 895
6 7 394
7 6 394
6 10 35
10 6 35
6 66 395
66 6 395
6 42 775
42 6 775
6 43 725
43 6 725
6 70 574
70 6 574
6 35 807
35 6 807
6 53 350
53 6 350
6 22 226
22 6 226
6 15 864
15 6 864
6 38 270
38 6 270
7 27 493
27 7 493
7 40 198
40 7 198
7 47 659
47 7 659
7 67 338
67 7 338
7 68 851
68 7 851
7 54 471
54 7 471
7 15 671
15 7 671
7 45 844
45 7 844
7 14 24
14 7 24
7 12 660
12 7 660
7 20 964
20 7 964
7 41 597
41 7 597
7 68 268
68 7 268
7 29 406
29 7 406
8 12 181
12 8 181
8 63 877
63 8 877
8 18 668
18 8 668
8 18 97
18 8 97
8 59 682
59 8 682
8 59 737
59 8 737
8 11 831
11 8 831
9 11 580
11 9 580
9 67 342
67 9 342
9 55 742
55 9 742
9 25 809
25 9 809
9 49 192
49 9 192
9 15 1
15 9 1
9 65 981
65 9 981
9 47 927
47 9 927
9 42 567
42 9 567
10 28 32
28 10 32
10 30 550
30 10 550
10 68 311
68 10 311
10 53 844
53 10 844
10 22 290
22 10 290
10 53 572
53 10 572
10 10 64
10 10 64
10 12 236
12 10 236
11 13 386
13 11 386
11 49 340
49 11 340
11 20 478
20 11 478
11 57 797
57 11 797
11 35 928
35 11 928
11 29 606
29 11 606
11 51 183
51 11 183
11 55 834
55 11 834
11 43 444
43 11 444
11 71 587
71 11 587
12 38 177
38 12 177
12 69 493
69 12 493
12 30 607
30 12 607
12 49 397
49 12 397
12 42 594
42 12 594
12 63 931
63 12 931
12 39 44
39 12 44
12 27 976
27 12 976
12 47 121
47 12 121
12 45 643
45 12 643
12 50 651
50 12 651
12 17 593
17 12 593
13 14 466
14 13 466
13 15 438
15 13 438
13 35 438
35 13 438
13 31 640
31 13 640
13 71 475
71 13 475
13 34 786
34 13 786
13 50 489
50 13 489
13 59 755
59 13 755
13 35 679
35 13 679
13 64 78
64 13 78
13 66 559
66 13 559
13 14 754
14 13 754
14 25 370
25 14 370
14 52 674
52 14 674
14 39 433
39 14 433
14 22 560
22 14 560
14 46 528
46 14 528
14 65 70
65 14 70
14 62 847
62 14 847
15 23 222
23 15 222
15 48 254
48 15 254
15 60 730
60 15 730
15 63 661
63 15 661
15 26 569
26 15 569
15 20 223
20 15 223
15 38 796
38 15 796
15 72 386
72 15 386
15 30 332
30 15 332
15 62 520
62 15 520
15 52 353
52 15 353
15 16 815
16 15 815
16 22 536
22 16 536
16 45 189
45 16 189
16 18 274
18 16 274
16 27 800
27 16 800
16 61 368
61 16 368
16 43 184
43 16 184
16 35 615
35 16 615
16 31 255
31 16 255
16 39 544
39 16 544
16 54 575
54 16 575
16 25 650
25 16 650
16 25 396
25 16 396
17 57 159
57 17 159
17 39 839
39 17 839
17 41 829
41 17 829
17 24 604
24 17 604
17 40 257
40 17 257
17 64 13
64 17 13
17 19 131
19 17 131
18 42 475
42 18 475
18 56 911
56 18 911
18 63 368
63 18 368
18 49 515
49 18 515
18 31 663
31 18 663
18 21 662
21 18 662
18 31 797
31 18 797
18 33 755
33 18 755
18 26 433
26 18 433
18 42 685
42 18 685
18 37 766
37 18 766
19 20 226
20 19 226
19 55 900
55 19 900
19 22 609
22 19 609
19 53 188
53 19 188
19 53 536
53 19 536
19 61 87
61 19 87
19 23 159
23 19 159
19 21 998
21 19 998
19 44 591
44 19 591
19 29 363
29 19 363
19 49 46
49 19 46
20 43 45
43 20 45
20 37 455
37 20 455
20 69 290
69 20 290
20 43 471
43 20 471
20 42 879
42 20 879
20 22 741
22 20 741
20 39 1000
39 20 1000
20 32 39
32 20 39
21 24 801
24 21 801
21 60 384
60 21 384
21 24 720
24 21 720
21 29 353
29 21 353
21 48 211
48 21 211
21 43 705
43 21 705
21 23 982
23 21 982
21 72 397
72 21 397
22 31 620
31 22 620
22 69 51
69 22 51
22 61 614
61 22 614
22 42 506
42 22 506
22 29 87
29 22 87
22 63 852
63 22 852
22 62 505
62 22 505
22 52 300
52 22 300
22 26 508
26 22 508
22 33 353
33 22 353
23 29 602
29 23 602
23 69 544
69 23 544
23 25 397
25 23 397
23 74 251
74 23 251
23 34 333
34 23 333
23 59 886
59 23 886
24 27 82
27 24 82
24 68 855
68 24 855
24 66 396
66 24 396
24 45 767
45 24 767
24 74 178
74 24 178
24 29 95
29 24 95
24 53 595
53 24 595
25 26 74
26 25 74
25 64 465
64 25 465
25 71 475
71 25 475
25 68 285
68 25 285
25 48 731
48 25 731
25 47 564
47 25 564
26 32 299
32 26 299
26 39 763
39 26 763
26 52 268
52 26 268
26 37 198
37 26 198
26 55 517
55 26 517
26 35 21
35 26 21
26 34 759
34 26 759
27 51 60
51 27 60
27 32 316
32 27 316
27 60 940
60 27 940
27 38 481
38 27 481
27 28 261
28 27 261
27 42 242
42 27 242
27 66 804
66 27 804
27 34 462
34 27 462
27 30 833
30 27 833
27 53 49
53 27 49
27 51 47
51 27 47
27 57 349
57 27 349
28 54 401
54 28 401
28 59 303
59 28 303
28 45 989
45 28 989
28 69 294
69 28 294
28 71 351
71 28 351
28 40 430
40 28 430
29 34 581
34 29 581
29 64 780
64 29 780
29 40 491
40 29 491
29 55 199
55 29 199
30 49 247
49 30 247
30 62 87
62 30 87
30 40 245
40 30 245
30 52 488
52 30 488
30 50 683
50 30 683
30 65 141
65 30 141
31 65 124
65 31 124
31 60 458
60 31 458
31 37 537
37 31 537
31 36 684
36 31 684
31 54 176
54 31 176
31 61 463
61 31 463
32 36 483
36 32 483
32 36 146
36 32 146
32 65 574
65 32 574
32 47 6
47 32 6
33 41 37
41 33 37
33 46 130
46 33 130
33 49 396
49 33 396
33 69 353
69 33 353
33 73 455
73 33 455
34 45 113
45 34 113
34 39 773
39 34 773
34 68 378
68 34 378
35 68 94
68 35 94
35 44 255
44 35 255
35 65 322
65 35 322
35 43 275
43 35 275
35 71 138
71 35 138
35 45 848
45 35 848
35 67 856
67 35 856
35 66 158
66 35 158
35 60 998
60 35 998
36 58 273
58 36 273
36 74 220
74 36 220
36 54 473
54 36 473
36 59 766
59 36 766
36 42 164
42 36 164
36 40 845
40 36 845
36 48 497
48 36 497
37 62 240
62 37 240
37 59 903
59 37 903
37 44 841
44 37 841
38 50 589
50 38 589
38 57 178
57 38 178
38 71 153
71 38 153
38 62 497
62 38 497
38 69 842
69 38 842
39 67 493
67 39 493
39 55 494
55 39 494
39 56 332
56 39 332
39 56 753
56 39 753
39 53 211
53 39 211
39 46 776
46 39 776
39 48 163
48 39 163
40 48 632
48 40 632
40 73 883
73 40 883
40 59 213
59 40 213
40 52 579
52 40 579
41 65 285
65 41 285
41 73 700
73 41 700
41 52 866
52 41 866
42 60 874
60 42 874
42 73 291
73 42 291
43 51 439
51 43 439
43 58 702
58 43 702
43 50 769
50 43 769
43 54 314
54 43 314
43 62 6
62 43 6
43 44 243
44 43 243
44 62 341
62 44 341
44 70 174
70 44 174
44 50 209
50 44 209
45 50 710
50 45 710
46 56 580
56 46 580
46 55 165
55 46 165
46 50 180
50 46 180
46 47 731
47 46 731
46 68 211
68 46 211
47 63 800
63 47 800
47 74 699
74 47 699
47 63 80
63 47 80
47 57 523
57 47 523
48 63 132
63 48 132
48 54 233
54 48 233
48 64 95
64 48 95
49 64 791
64 49 791
49 54 317
54 49 317
49 66 604
66 49 604
49 72 280
72 49 280
49 73 928
73 49 928
50 71 225
71 50 225
50 71 86
71 50 86
50 74 19
74 50 19
51 70 82
70 51 82
51 74 82
74 51 82
51 68 976
68 51 976
51 56 755
56 51 755
51 61 211
61 51 211
52 53 93
53 52 93
52 58 170
58 52 170
52 54 410
54 52 410
52 65 696
65 52 696
52 57 827
57 52 827
52 53 605
53 52 605
53 69 202
69 53 202
53 55 220
55 53 220
53 71 513
71 53 513
54 57 580
57 54 580
54 61 316
61 54 316
54 61 446
61 54 446
54 59 754
59 54 754
54 58 13
58 54 13
54 72 255
72 54 255
54 55 883
55 54 883
55 62 483
62 55 483
55 55 386
55 55 386
55 74 172
74 55 172
56 61 258
61 56 258
56 72 461
72 56 461
56 61 345
61 56 345
56 64 313
64 56 313
56 74 387
74 56 387
57 74 458
74 57 458
57 64 320
64 57 320
57 62 160
62 57 160
57 61 563
61 57 563
57 58 435
58 57 435
57 71 816
71 57 816
58 68 679
68 58 679
58 63 75
63 58 75
58 74 834
74 58 834
59 68 344
68 59 344
60 62 204
62 60 204
60 68 900
68 60 900
61 66 672
66 61 672
61 67 467
67 61 467
61 72 729
72 61 729
61 68 405
68 61 405
62 63 685
63 62 685
63 73 67
73 63 67
64 68 527
68 64 527
64 68 967
68 64 967
64 66 417
66 64 417
64 67 4
67 64 4
65 72 71
72 65 71
65 71 684
71 65 684
66 70 433
70 66 433
67 70 936
70 67 936
67 74 27
74 67 27
70 74 904
74 70 904
70 74 375
74 70 375
70 71 793
71 70 793
70 73 523
73 70 523
71 73 668
73 71 668
