90

0 1 549
1 0 549
0 2 205
2 0 205
0 48 36
48 0 36
0 58 337
58 0 337
0 82 181
82 0 181
0 28 167
28 0 167
0 38 844
38 0 844
0 67 549
67 0 549
0 13 310
13 0 310
0 17 650
17 0 650
0 44 620
44 0 620
0 63 732
63 0 732
0 49 382
49 0 382
0 76 915
76 0 915
0 48 515
48 0 515
0 57 146
57 0 146
0 47 757
47 0 757
0 35 313
35 0 313
0 1 447
1 0 447
1 3 57
3 1 57
1 4 919
4 1 919
1 6 152
6 1 152
1 16 392
16 1 392
1 28 229
28 1 229
1 31 222
31 1 222
1 64 813
64 1 813
1 68 721
68 1 721
1 42 105
42 1 105
1 81 812
81 1 812
1 78 562
78 1 562
1 14 687
14 1 687
1 43 641
43 1 641
1 55 959
55 1 959
1 6 571
6 1 571
1 51 443
51 1 443
1 5 986
5 1 986
1 8 792
8 1 792
2 5 25
5 2 25
2 9 141
9 2 141
2 67 505
67 2 505
2 86 330
86 2 330
2 88 272
88 2 272
2 68 558
68 2 558
2 48 632
48 2 632
2 33 831
33 2 831
2 71 266
71 2 266
2 56 193
56 2 193
2 87 140
87 2 140
2 3 160
3 2 160
2 53 163
53 2 163
2 69 3
69 2 3
2 13 830
13 2 830
2 54 503
54 2 503
2 78 615
78 2 615
3 10 921
10 3 921
3 71 443
71 3 443
3 17 663
17 3 663
3 50 744
50 3 744
3 80 371
80 3 371
3 48 521
48 3 521
3 32 415
32 3 415
3 25 346
25 3 346
3 79 965
79 3 965
3 32 258
32 3 258
3 15 551
15 3 551
3 43 803
43 3 803
3 70 596
70 3 596
3 58 212
58 3 212
3 6 416
6 3 416
3 25 778
25 3 778
3 4 837
4 3 837
4 88 347
88 4 347
4 82 949
82 4 949
4 73 885
73 4 885
4 79 574
79 4 574
4 75 779
75 4 779
4 25 242
25 4 242
4 30 368
30 4 368
4 86 37
86 4 37
4 64 135
64 4 135
4 51 923
51 4 923
4 54 19
54 4 19
4 8 106
8 4 106
4 47 224
47 4 224
4 17 316
17 4 316
4 85 93
85 4 93
4 60 676
60 4 676
4 40 78
40 4 78
4 33 455
33 4 455
4 49 524
49 4 524
4 19 117
19 4 117
5 32 250
32 5 250
5 62 509
62 5 509
5 71 411
71 5 411
5 89 255
89 5 255
5 45 330
45 5 330
5 49 806
49 5 806
5 73 573
73 5 573
5 12 129
12 5 129
5 43 108
43 5 108
5 38 759
38 5 759
5 74 86
74 5 86
5 17 255
17 5 255
6 7 167
7 6 167
6 8 963
8 6 963
6 23 543
23 6 543
6 49 526
49 6 526
6 57 608
57 6 608
6 63 128
63 6 128
6 35 262
35 6 262
6 10 770
10 6 770
6 87 948
87 6 948
6 61 56
61 6 56
6 26 914
26 6 914
6 83 6
83 6 6
6 73 416
73 6 416
6 69 308
69 6 308
6 38 186
38 6 186
6 26 53
26 6 53
6 77 389
77 6 389
6 88 310
88 6 310
6 72 407
72 6 407
6 74 428
74 6 428
6 16 956
16 6 956
7 11 242
11 7 242
7 13 634
13 7 634
7 15 657
15 7 657
7 88 958
88 7 958
7 54 505
54 7 505
7 74 1
74 7 1
7 88 430
88 7 430
7 31 605
31 7 605
7 87 102
87 7 102
7 82 235
82 7 235
7 28 313
28 7 313
7 57 368
57 7 368
7 31 52
31 7 52
7 88 875
88 7 875
7 76 601
76 7 601
7 84 483
84 7 483
7 83 783
83 7 783
7 51 65
51 7 65
7 84 826
84 7 826
7 68 773
68 7 773
8 21 223
21 8 223
8 61 901
61 8 901
8 49 86
49 8 86
8 66 545
66 8 545
8 61 496
61 8 496
8 64 838
64 8 838
8 27 22
27 8 22
8 14 455
14 8 455
8 34 199
34 8 199
8 22 750
22 8 750
8 79 835
79 8 835
8 84 635
84 8 635
8 86 450
86 8 450
8 58 19
58 8 19
8 56 671
56 8 671
8 9 942
9 8 942
8 45 778
45 8 778
8 33 954
33 8 954
9 13 212
13 9 212
9 15 191
15 9 191
9 34 868
34 9 868
9 79 227
79 9 227
9 62 175
62 9 175
9 19 629
19 9 629
9 19 458
19 9 458
9 14 639
14 9 639
9 88 584
88 9 584
9 38 785
38 9 785
9 38 908
38 9 908
9 60 813
60 9 813
9 70 404
70 9 404
9 16 969
16 9 969
9 85 312
85 9 312
9 64 420
64 9 420
9 71 755
71 9 755
9 51 34
51 9 34
9 76 662
76 9 662
10 43 476
43 10 476
10 58 942
58 10 942
10 67 197
67 10 197
10 27 665
27 10 665
10 61 626
61 10 626
10 76 275
76 10 275
10 62 971
62 10 971
10 24 616
24 10 616
10 11 735
11 10 735
10 29 625
29 10 625
10 42 554
42 10 554
10 42 527
42 10 527
10 18 158
18 10 158
10 32 191
32 10 191
10 52 898
52 10 898
10 21 642
21 10 642
10 56 5
56 10 5
10 35 163
35 10 163
10 37 219
37 10 219
10 33 168
33 10 168
10 10 259
10 10 259
10 89 367
89 10 367
10 83 836
83 10 836
11 12 920
12 11 920
11 69 237
69 11 237
11 32 675
32 11 675
11 34 739
34 11 739
11 85 17
85 11 17
11 88 368
88 11 368
11 57 465
57 11 465
11 21 854
21 11 854
11 59 365
59 11 365
11 84 4
84 11 4
12 14 190
14 12 190
12 46 111
46 12 111
12 12 614
12 12 614
12 81 708
81 12 708
12 76 928
76 12 928
12 75 440
75 12 440
12 39 553
39 12 553
12 15 319
15 12 319
12 89 423
89 12 423
12 79 700
79 12 700
12 27 3
27 12 3
12 59 881
59 12 881
12 51 638
51 12 638
12 33 648
33 12 648
12 12 991
12 12 991
12 40 603
40 12 603
12 30 108
30 12 108
12 88 278
88 12 278
13 17 42
17 13 42
13 35 396
35 13 396
13 45 557
45 13 557
13 20 684
20 13 684
13 42 376
42 13 376
13 33 119
33 13 119
13 59 976
59 13 976
13 36 466
36 13 466
13 30 747
30 13 747
13 21 385
21 13 385
13 42 687
42 13 687
13 58 469
58 13 469
13 60 709
60 13 709
13 48 333
48 13 333
13 34 691
34 13 691
13 60 913
60 13 913
13 50 270
50 13 270
13 50 458
50 13 458
13 27 671
27 13 671
14 52 842
52 14 842
14 25 751
25 14 751
14 88 382
88 14 382
14 57 932
57 14 932
14 24 91
24 14 91
14 80 191
80 14 191
14 31 487
31 14 487
14 74 878
74 14 878
14 49 637
49 14 637
14 44 663
44 14 663
14 33 619
33 14 619
14 52 717
52 14 717
14 82 556
82 14 556
14 49 38
49 14 38
14 34 637
34 14 637
15 19 82
19 15 82
15 27 26
27 15 26
15 53 178
53 15 178
15 88 327
88 15 327
15 25 26
25 15 26
15 67 479
67 15 479
15 78 669
78 15 669
15 16 156
16 15 156
15 19 66
19 15 66
15 46 587
46 15 587
15 63 468
63 15 468
15 27 641
27 15 641
15 55 517
55 15 517
15 37 963
37 15 963
15 68 478
68 15 478
15 54 269
54 15 269
15 15 139
15 15 139
16 22 181
22 16 181
16 89 807
89 16 807
16 26 434
26 16 434
16 43 594
43 16 594
16 87 294
87 16 294
16 17 849
17 16 849
16 32 593
32 16 593
16 56 684
56 16 684
16 53 379
53 16 379
16 26 801
26 16 801
17 18 401
18 17 401
17 26 151
26 17 151
17 56 10
56 17 10
17 84 357
84 17 357
17 26 950
26 17 950
17 37 466
37 17 466
17 47 739
47 17 739
17 25 27
25 17 27
17 29 157
29 17 157
17 80 866
80 17 866
17 89 658
89 17 658
17 48 640
48 17 640
17 41 42
41 17 42
18 20 834
20 18 834
18 29 674
29 18 674
18 71 553
71 18 553
18 78 629
78 18 629
18 18 815
18 18 815
18 65 177
65 18 177
18 76 76
76 18 76
18 37 870
37 18 870
18 55 958
55 18 958
18 33 873
33 18 873
18 50 139
50 18 139
18 28 724
28 18 724
18 31 38
31 18 38
18 75 767
75 18 767
19 24 237
24 19 237
19 51 383
51 19 383
19 54 968
54 19 968
19 44 949
44 19 949
19 29 597
29 19 597
19 65 601
65 19 601
19 78 317
78 19 317
19 69 201
69 19 201
19 44 911
44 19 911
19 76 620
76 19 620
19 34 23
34 19 23
19 24 64
24 19 64
19 85 916
85 19 916
19 25 231
25 19 231
19 23 936
23 19 936
19 24 341
24 19 341
19 42 364
42 19 364
19 47 992
47 19 992
20 25 480
25 20 480
20 59 281
59 20 281
20 34 476
34 20 476
20 30 882
30 20 882
20 26 332
26 20 332
20 36 976
36 20 976
20 54 554
54 20 554
20 64 527
64 20 527
20 43 913
43 20 913
20 81 58
81 20 58
20 33 376
33 20 376
21 33 855
33 21 855
21 73 493
73 21 493
21 80 489
80 21 489
21 72 641
72 21 641
21 26 522
26 21 522
21 58 236
58 21 236
21 65 764
65 21 764
21 62 65
62 21 65
21 39 154
39 21 154
21 35 247
35 21 247
21 25 523
25 21 523
21 79 737
79 21 737
21 88 379
88 21 379
21 32 599
32 21 599
22 38 480
38 22 480
22 46 5
46 22 5
22 47 899
47 22 899
22 77 682
77 22 682
22 48 47
48 22 47
22 47 203
47 22 203
22 85 720
85 22 720
22 47 436
47 22 436
22 55 842
55 22 842
22 38 79
38 22 79
22 47 279
47 22 279
22 71 611
71 22 611
22 22 762
22 22 762
22 69 326
69 22 326
22 42 61
42 22 61
22 23 9
23 22 9
23 30 444
30 23 444
23 61 364
61 23 364
23 55 115
55 23 115
23 31 665
31 23 665
23 85 830
85 23 830
23 62 425
62 23 425
23 85 848
85 23 848
23 60 559
60 23 559
23 49 971
49 23 971
23 88 446
88 23 446
23 83 557
83 23 557
23 33 521
33 23 521
23 85 326
85 23 326
23 73 637
73 23 637
23 47 794
47 23 794
23 62 270
62 23 270
24 55 378
55 24 378
24 39 740
39 24 740
24 74 336
74 24 336
24 28 105
28 24 105
24 74 700
74 24 700
24 41 690
41 24 690
24 40 398
40 24 398
24 54 343
54 24 343
24 86 627
86 24 627
24 60 132
60 24 132
25 63 796
63 25 796
25 43 580
43 25 580
25 44 736
44 25 736
25 41 381
41 25 381
25 38 574
38 25 574
25 52 167
52 25 167
25 57 555
57 25 555
25 44 925
44 25 925
25 25 17
25 25 17
25 82 36
82 25 36
26 38 370
38 26 370
26 56 882
56 26 882
26 86 769
86 26 769
26 44 298
44 26 298
26 42 826
42 26 826
26 52 733
52 26 733
26 62 652
62 26 652
26 71 574
71 26 574
26 50 230
50 26 230
26 64 210
64 26 210
26 89 444
89 26 444
26 84 462
84 26 462
26 37 865
37 26 865
26 49 155
49 26 155
26 89 86
89 26 86
26 68 724
68 26 724
26 59 947
59 26 947
27 41 715
41 27 715
27 50 504
50 27 504
27 83 310
83 27 310
27 38 177
38 27 177
27 59 478
59 27 478
27 80 469
80 27 469
27 34 828
34 27 828
27 67 30
67 27 30
27 34 648
34 27 648
27 33 99
33 27 99
27 37 570
37 27 570
28 70 480
70 28 480
28 36 812
36 28 812
28 61 869
61 28 869
28 35 511
35 28 511
28 68 67
68 28 67
28 74 928
74 28 928
28 77 479
77 28 479
28 75 869
75 28 869
29 72 405
72 29 405
29 74 580
74 29 580
29 48 23
48 29 23
29 48 972
48 29 972
29 39 573
39 29 573
29 89 204
89 29 204
29 63 839
63 29 839
29 36 911
36 29 911
29 33 508
33 29 508
29 29 888
29 29 888
29 43 224
43 29 224
30 36 345
36 30 345
30 37 150
37 30 150
30 51 641
51 30 641
30 77 254
77 30 254
30 53 120
53 30 120
30 47 774
47 30 774
30 56 976
56 30 976
30 48 675
48 30 675
30 83 126
83 30 126
30 59 557
59 30 557
30 57 570
57 30 570
30 41 249
41 30 249
31 39 526
39 31 526
31 46 331
46 31 331
31 81 598
81 31 598
31 64 45
64 31 45
31 54 206
54 31 206
31 83 260
83 31 260
31 84 213
84 31 213
31 39 455
39 31 455
31 51 166
51 31 166
31 56 371
56 31 371
31 78 226
78 31 226
31 79 968
79 31 968
32 83 86
83 32 86
32 76 925
76 32 925
32 47 628
47 32 628
32 87 540
87 32 540
32 75 866
75 32 866
32 33 797
33 32 797
32 63 713
63 32 713
32 39 205
39 32 205
32 35 216
35 32 216
32 57 522
57 32 522
32 51 335
51 32 335
33 73 643
73 33 643
33 68 730
68 33 730
33 85 955
85 33 955
33 46 222
46 33 222
33 58 280
58 33 280
33 36 97
36 33 97
33 86 988
86 33 988
33 60 607
60 33 607
33 52 857
52 33 857
33 45 173
45 33 173
33 79 894
79 33 894
33 60 575
60 33 575
33 33 776
33 33 776
33 55 506
55 33 506
33 87 306
87 33 306
33 35 660
35 33 660
34 81 619
81 34 619
34 56 667
56 34 667
34 49 164
49 34 164
34 36 875
36 34 875
34 49 641
49 34 641
34 77 637
77 34 637
34 42 807
42 34 807
34 43 346
43 34 346
34 83 948
83 34 948
34 53 891
53 34 891
34 68 423
68 34 423
34 40 525
40 34 525
34 34 359
34 34 359
34 70 116
70 34 116
35 87 961
87 35 961
35 89 705
89 35 705
35 66 539
66 35 539
35 63 862
63 35 862
35 81 896
81 35 896
35 69 749
69 35 749
35 64 571
64 35 571
35 68 161
68 35 161
35 79 806
79 35 806
36 85 503
85 36 503
36 83 937
83 36 937
36 43 967
43 36 967
36 76 953
76 36 953
36 67 68
67 36 68
36 57 847
57 36 847
36 81 676
81 36 676
36 68 594
68 36 594
36 70 375
70 36 375
37 57 9
57 37 9
37 73 221
73 37 221
37 87 157
87 37 157
37 67 65
67 37 65
37 57 600
57 37 600
37 61 926
61 37 926
37 42 21
42 37 21
37 64 703
64 37 703
37 49 337
49 37 337
37 77 452
77 37 452
37 63 825
63 37 825
37 40 870
40 37 870
37 60 183
60 37 183
38 76 147
76 38 147
38 79 258
79 38 258
38 88 533
88 38 533
38 39 964
39 38 964
38 56 410
56 38 410
38 89 483
89 38 483
38 84 799
84 38 799
38 71 266
71 38 266
38 79 378
79 38 378
38 50 259
50 38 259
39 40 546
40 39 546
39 83 891
83 39 891
39 81 54
81 39 54
39 87 738
87 39 738
39 87 915
87 39 915
39 64 876
64 39 876
39 46 392
46 39 392
39 80 802
80 39 802
39 78 418
78 39 418
40 78 890
78 40 890
40 49 414
49 40 414
40 63 59
63 40 59
40 72 39
72 40 39
40 56 318
56 40 318
40 61 422
61 40 422
40 42 939
42 40 939
40 87 945
87 40 945
40 83 37
83 40 37
41 42 914
42 41 914
41 67 417
67 41 417
41 53 575
53 41 575
41 76 185
76 41 185
41 51 999
51 41 999
41 43 176
43 41 176
42 52 784
52 42 784
42 78 399
78 42 399
42 83 169
83 42 169
43 44 759
44 43 759
43 60 718
60 43 718
43 60 414
60 43 414
43 70 790
70 43 790
43 54 882
54 43 882
43 76 529
76 43 529
43 68 790
68 43 790
43 67 962
67 43 962
43 60 338
60 43 338
44 52 825
52 44 825
44 52 154
52 44 154
44 77 150
77 44 150
44 84 572
84 44 572
44 88 775
88 44 775
44 52 763
52 44 763
44 62 983
62 44 983
44 80 98
80 44 98
44 55 17
55 44 17
44 65 774
65 44 774
44 73 872
73 44 872
44 61 505
61 44 505
45 85 926
85 45 926
45 68 2
68 45 2
45 62 912
62 45 912
45 85 726
85 45 726
45 71 340
71 45 340
45 63 245
63 45 245
45 84 997
84 45 997
45 82 383
82 45 383
45 67 618
67 45 618
45 73 969
73 45 969
45 54 790
54 45 790
45 72 316
72 45 316
45 88 71
88 45 71
45 48 105
48 45 105
45 82 349
82 45 349
45 59 944
59 45 944
45 82 455
82 45 455
45 46 867
46 45 867
46 62 340
62 46 340
46 49 781
49 46 781
46 60 749
60 46 749
46 87 673
87 46 673
46 58 910
58 46 910
46 61 409
61 46 409
46 79 194
79 46 194
47 89 245
89 47 245
47 69 252
69 47 252
47 55 932
55 47 932
47 87 877
87 47 877
47 48 426
48 47 426
47 79 711
79 47 711
47 73 209
73 47 209
47 85 550
85 47 550
48 49 966
49 48 966
48 69 980
69 48 980
48 55 332
55 48 332
48 75 763
75 48 763
48 58 608
58 48 608
48 74 133
74 48 133
48 61 358
61 48 358
48 71 258
71 48 258
48 79 146
79 48 146
49 79 17
79 49 17
49 76 668
76 49 668
49 84 835
84 49 835
49 67 785
67 49 785
49 69 685
69 49 685
49 81 170
81 49 170
49 80 749
80 49 749
49 76 904
76 49 904
50 52 132
52 50 132
50 87 927
87 50 927
50 77 193
77 50 193
50 64 795
64 50 795
50 52 775
52 50 775
50 64 988
64 50 988
50 75 446
75 50 446
51 62 88
62 51 88
51 81 262
81 51 262
51 61 892
61 51 892
51 63 85
63 51 85
51 80 283
80 51 283
51 79 113
79 51 113
51 51 326
51 51 326
51 56 824
56 51 824
51 58 931
58 51 931
52 59 355
59 52 355
52 65 971
65 52 971
52 56 22
56 52 22
52 60 643
60 52 643
52 52 65
52 52 65
53 65 261
65 53 261
53 84 698
84 53 698
53 74 994
74 53 994
53 70 479
70 53 479
53 68 90
68 53 90
53 69 135
69 53 135
54 55 473
55 54 473
54 62 828
62 54 828
54 56 694
56 54 694
54 71 666
71 54 666
54 57 674
57 54 674
55 65 634
65 55 634
55 79 467
79 55 467
55 83 576
83 55 576
55 69 252
69 55 252
55 80 397
80 55 397
55 73 749
73 55 749
55 82 85
82 55 85
55 76 972
76 55 972
56 77 273
77 56 273
56 58 112
58 56 112
56 62 456
62 56 456
56 64 308
64 56 308
57 83 806
83 57 806
57 81 258
81 57 258
57 88 342
88 57 342
57 74 232
74 57 232
57 84 254
84 57 254
57 76 214
76 57 214
57 62 876
62 57 876
57 87 659
87 57 659
58 65 847
65 58 847
58 66 22
66 58 22
58 76 230
76 58 230
58 86 157
86 58 157
59 62 238
62 59 238
59 65 725
65 59 725
59 60 192
60 59 192
59 69 713
69 59 713
59 77 750
77 59 750
59 84 614
84 59 614
59 70 382
70 59 382
59 88 581
88 59 581
59 83 513
83 59 513
59 85 847
85 59 847
60 65 437
65 60 437
60 67 756
67 60 756
60 73 78
73 60 78
60 80 207
80 60 207
60 74 641
74 60 641
60 78 691
78 60 691
60 73 72
73 60 72
61 80 968
80 61 968
61 72 709
72 61 709
61 79 496
79 61 496
61 69 317
69 61 317
61 72 48
72 61 48
62 82 47
82 62 47
62 85 468
85 62 468
62 71 150
71 62 150
62 71 141
71 62 141
62 81 529
81 62 529
62 77 61
77 62 61
63 71 156
71 63 156
63 82 324
82 63 324
63 67 7
67 63 7
63 80 72
80 63 72
64 73 287
73 64 287
64 79 19
79 64 19
65 66 429
66 65 429
65 67 18
67 65 18
65 69 999
69 65 999
65 68 864
68 65 864
65 74 680
74 65 680
65 73 467
73 65 467
65 69 653
69 65 653
66 84 268
84 66 268
66 82 325
82 66 325
66 80 156
80 66 156
66 73 466
73 66 466
66 68 772
68 66 772
66 67 395
67 66 395
66 69 941
69 66 941
66 89 127
89 66 127
67 75 804
75 67 804
67 75 224
75 67 224
67 73 468
73 67 468
67 83 975
83 67 975
68 78 724
78 68 724
68 72 517
72 68 517
68 76 173
76 68 173
68 73 818
73 68 818
68 73 353
73 68 353
69 81 323
81 69 323
69 89 99
89 69 99
70 78 747
78 70 747
70 78 444
78 70 444
70 84 297
84 70 297
70 81 354
81 70 354
71 87 950
87 71 950
72 89 378
89 72 378
72 77 816
77 72 816
72 79 918
79 72 918
72 75 448
75 72 448
73 89 907
89 73 907
73 86 863
86 73 863
73 73 339
73 73 339
73 81 433
81 73 433
74 82 898
82 74 898
74 77 252
77 74 252
74 75 994
75 74 994
74 81 96
81 74 96
75 76 671
76 75 671
75 88 941
88 75 941
75 86 213
86 75 213
76 89 18
89 76 18
76 79 622
79 76 622
76 82 400
82 76 400
77 84 853
84 77 853
77 86 683
86 77 683
77 78 429
78 77 429
77 80 591
80 77 591
78 87 405
87 78 405
78 86 312
86 78 312
78 83 392
83 78 392
78 87 632
87 78 632
78 82 667
82 78 667
80 84 820
84 80 820
80 89 735
89 80 735
80 84 356
84 80 356
81 82 768
82 81 768
81 88 114
88 81 114
83 86 222
86 83 222
83 86 340
86 83 340
84 87 346
87 84 346
85 89 715
89 85 715
85 88 579
88 85 579
