83

0 1 703
1 0 703
0 3 782
3 0 782
0 23 682
23 0 682
0 35 512
35 0 512
0 12 833
12 0 833
0 35 522
35 0 522
0 56 535
56 0 535
0 10 733
10 0 733
0 39 709
39 0 709
0 0 878
0 0 878
0 54 872
54 0 872
0 78 265
78 0 265
0 30 621
30 0 621
1 2 766
2 1 766
1 7 148
7 1 148
1 33 284
33 1 284
1 26 335
26 1 335
1 63 155
63 1 155
1 26 176
26 1 176
1 26 263
26 1 263
1 47 420
47 1 420
1 66 208
66 1 208
1 78 705
78 1 705
1 50 180
50 1 180
1 71 427
71 1 427
2 6 479
6 2 479
2 10 50
10 2 50
2 12 604
12 2 604
2 45 852
45 2 852
2 43 81
43 2 81
2 45 412
45 2 412
2 72 455
72 2 455
2 67 3
67 2 3
2 76 43
76 2 43
2 17 671
17 2 671
2 77 652
77 2 652
3 4 157
4 3 157
3 5 973
5 3 973
3 8 461
8 3 461
3 45 364
45 3 364
3 69 519
69 3 519
3 29 713
29 3 713
3 50 537
50 3 537
3 57 760
57 3 760
3 28 804
28 3 804
3 11 374
11 3 374
3 10 650
10 3 650
3 4 259
4 3 259
3 10 152
10 3 152
3 66 238
66 3 238
4 9 532
9 4 532
4 40 968
40 4 968
4 77 246
77 4 246
4 37 894
37 4 894
4 30 696
30 4 696
4 9 304
9 4 304
4 10 866
10 4 866
4 81 394
81 4 394
4 57 525
57 4 525
4 29 571
29 4 571
4 10 914
10 4 914
4 73 410
73 4 410
4 12 54
12 4 54
5 9 482
9 5 482
5 22 677
22 5 677
5 25 555
25 5 555
5 48 534
48 5 534
5 47 971
47 5 971
5 18 467
18 5 467
5 21 235
21 5 235
5 64 68
64 5 68
5 24 97
24 5 97
5 34 853
34 5 853
5 13 961
13 5 961
6 13 89
13 6 89
6 14 588
14 6 588
6 36 921
36 6 921
6 44 130
44 6 130
6 60 374
60 6 374
6 36 313
36 6 313
6 39 165
39 6 165
6 78 604
78 6 604
6 24 862
24 6 862
6 19 567
19 6 567
6 55 736
55 6 736
6 66 785
66 6 785
6 66 133
66 6 133
6 82 81
82 6 81
6 55 482
55 6 482
6 46 667
46 6 667
6 34 660
34 6 660
7 31 548
31 7 548
7 42 314
42 7 314
7 64 276
64 7 276
7 41 365
41 7 365
7 71 52
71 7 52
7 27 74
27 7 74
7 77 922
77 7 922
8 19 137
19 8 137
8 21 211
21 8 211
8 34 230
34 8 230
8 14 941
14 8 941
8 61 820
61 8 820
8 47 720
47 8 720
9 11 874
11 9 874
9 41 523
41 9 523
9 32 15
32 9 15
9 32 462
32 9 462
9 75 794
75 9 794
9 70 302
70 9 302
9 58 556
58 9 556
9 76 637
76 9 637
9 39 776
39 9 776
9 21 684
21 9 684
10 44 905
44 10 905
10 35 460
35 10 460
10 34 895
34 10 895
10 36 125
36 10 125
10 73 252
73 10 252
10 53 530
53 10 530
11 15 575
15 11 575
11 40 239
40 11 239
11 77 172
77 11 172
11 71 711
71 11 711
11 72 835
72 11 835
11 18 246
18 11 246
11 36 209
36 11 209
11 28 381
28 11 381
11 42 779
42 11 779
11 82 705
82 11 705
11 31 552
31 11 552
11 68 282
68 11 282
12 19 236
19 12 236
12 35 107
35 12 107
12 46 195
46 12 195
12 34 356
34 12 356
12 75 946
75 12 946
12 75 818
75 12 818
12 23 671
23 12 671
12 55 518
55 12 518
13 18 715
18 13 715
13 32 315
32 13 315
13 52 836
52 13 836
13 70 474
70 13 474
13 45 884
45 13 884
13 21 349
21 13 349
14 16 251
16 14 251
14 17 327
17 14 327
14 46 200
46 14 200
14 65 42
65 14 42
14 57 561
57 14 561
14 51 113
51 14 113
14 71 677
71 14 677
14 74 768
74 14 768
14 25 955
25 14 955
14 26 310
26 14 310
14 32 911
32 14 911
14 34 158
34 14 158
14 23 424
23 14 424
15 63 947
63 15 947
15 17 629
17 15 629
15 45 662
45 15 662
15 24 91
24 15 91
15 17 380
17 15 380
15 38 238
38 15 238
15 34 604
34 15 604
15 64 162
64 15 162
15 48 643
48 15 643
15 62 200
62 15 200
15 80 430
80 15 430
15 27 892
27 15 892
15 24 515
24 15 515
15 56 949
56 15 949
16 29 167
29 16 167
16 72 505
72 16 505
16 72 315
72 16 315
16 19 368
19 16 368
16 74 709
74 16 709
16 79 472
79 16 472
16 28 584
28 16 584
16 79 927
79 16 927
16 30 956
30 16 956
17 20 598
20 17 598
17 61 495
61 17 495
17 75 298
75 17 298
17 76 208
76 17 208
17 38 178
38 17 178
17 73 728
73 17 728
17 72 115
72 17 115
17 27 406
27 17 406
17 35 60
35 17 60
18 24 480
24 18 480
18 26 701
26 18 701
18 57 54
57 18 54
18 82 155
82 18 155
18 66 329
66 18 329
18 41 134
41 18 134
18 51 867
51 18 867
19 42 655
42 19 655
19 81 785
81 19 785
19 30 223
30 19 223
19 73 811
73 19 811
19 19 851
19 19 851
19 77 376
77 19 376
19 59 480
59 19 480
19 53 636
53 19 636
19 55 969
55 19 969
19 28 419
28 19 419
20 28 527
28 20 527
20 37 539
37 20 539
20 20 572
20 20 572
20 60 988
60 20 988
20 49 448
49 20 448
21 50 40
50 21 40
21 81 518
81 21 518
21 56 809
56 21 809
21 52 844
52 21 844
21 57 608
57 21 608
22 27 338
27 22 338
22 38 857
38 22 857
22 82 502
82 22 502
22 52 589
52 22 589
22 46 245
46 22 245
22 81 827
81 22 827
22 47 512
47 22 512
22 57 664
57 22 664
22 81 72
81 22 72
22 71 625
71 22 625
22 62 829
62 22 829
22 37 179
37 22 179
23 30 591
30 23 591
23 73 391
73 23 391
23 35 400
35 23 400
23 67 109
67 23 109
23 24 964
24 23 964
23 32 39
32 23 39
23 55 315
55 23 315
23 46 930
46 23 930
23 39 2
39 23 2
23 26 244
26 23 244
24 49 32
49 24 32
24 68 496
68 24 496
24 64 30
64 24 30
24 40 276
40 24 276
24 31 528
31 24 528
24 82 423
82 24 423
24 75 962
75 24 962
24 60 72
60 24 72
25 62 960
62 25 960
25 62 307
62 25 307
25 40 634
40 25 634
25 73 804
73 25 804
25 63 777
63 25 777
25 58 382
58 25 382
26 47 318
47 26 318
26 28 377
28 26 377
26 39 775
39 26 775
26 27 979
27 26 979
26 34 163
34 26 163
26 69 1
69 26 1
26 78 683
78 26 683
26 27 698
27 26 698
26 74 600
74 26 600
26 45 235
45 26 235
26 38 777
38 26 777
26 62 719
62 26 719
26 82 980
82 26 980
27 39 565
39 27 565
27 48 72
48 27 72
27 59 845
59 27 845
27 70 815
70 27 815
27 82 826
82 27 826
28 36 417
36 28 417
28 74 502
74 28 502
28 35 933
35 28 933
28 42 956
42 28 956
28 74 513
74 28 513
28 45 351
45 28 351
28 59 781
59 28 781
29 71 481
71 29 481
29 31 207
31 29 207
29 56 618
56 29 618
29 55 710
55 29 710
30 40 633
40 30 633
30 75 950
75 30 950
30 31 215
31 30 215
30 77 210
77 30 210
30 76 490
76 30 490
30 57 628
57 30 628
30 55 943
55 30 943
30 70 605
70 30 605
30 42 565
42 30 565
30 32 344
32 30 344
30 39 718
39 30 718
30 30 773
30 30 773
31 76 327
76 31 327
31 67 344
67 31 344
31 55 162
55 31 162
31 40 892
40 31 892
32 51 34
51 32 34
32 67 930
67 32 930
32 36 323
36 32 323
32 75 425
75 32 425
32 36 556
36 32 556
32 80 864
80 32 864
32 33 447
33 32 447
32 53 63
53 32 63
32 57 455
57 32 455
32 61 396
61 32 396
32 69 695
69 32 695
32 58 597
58 32 597
33 77 451
77 33 451
33 52 165
52 33 165
33 41 450
41 33 450
33 60 676
60 33 676
33 61 169
61 33 169
33 42 911
42 33 911
33 49 97
49 33 97
33 76 528
76 33 528
33 41 802
41 33 802
34 68 596
68 34 596
34 82 422
82 34 422
34 40 643
40 34 643
35 50 203
50 35 203
35 77 495
77 35 495
35 73 8
73 35 8
35 80 646
80 35 646
35 36 672
36 35 672
35 56 506
56 35 506
36 43 923
43 36 923
36 71 680
71 36 680
36 78 376
78 36 376
36 43 517
43 36 517
36 51 146
51 36 146
36 48 791
48 36 791
36 49 349
49 36 349
36 55 973
55 36 973
36 58 940
58 36 940
36 40 488
40 36 488
37 38 638
38 37 638
37 82 703
82 37 703
37 81 892
81 37 892
38 60 954
60 38 954
38 73 377
73 38 377
38 61 894
61 38 894
38 46 193
46 38 193
38 52 869
52 38 869
38 71 788
71 38 788
39 68 211
68 39 211
39 52 15
52 39 15
39 66 45
66 39 45
39 78 9
78 39 9
39 60 42
60 39 42
39 53 425
53 39 425
39 54 69
54 39 69
39 49 392
49 39 392
40 50 115
50 40 115
40 80 729
80 40 729
40 68 721
68 40 721
40 42 873
42 40 873
40 53 110
53 40 110
40 76 828
76 40 828
40 55 841
55 40 841
41 50 270
50 41 270
41 50 165
50 41 165
41 70 189
70 41 189
41 61 978
61 41 978
41 51 944
51 41 944
42 79 769
79 42 769
42 80 658
80 42 658
42 82 73
82 42 73
42 66 417
66 42 417
42 44 107
44 42 107
43 53 189
53 43 189
43 53 702
53 43 702
43 67 894
67 43 894
43 45 760
45 43 760
44 74 176
74 44 176
44 82 649
82 44 649
44 66 489
66 44 489
44 51 866
51 44 866
44 44 434
44 44 434
44 56 693
56 44 693
44 49 214
49 44 214
45 59 85
59 45 85
45 55 756
55 45 756
45 53 673
53 45 673
45 58 474
58 45 474
45 57 926
57 45 926
45 70 803
70 45 803
46 56 353
56 46 353
46 60 746
60 46 746
46 79 700
79 46 700
46 64 834
64 46 834
46 77 821
77 46 821
46 52 997
52 46 997
46 79 812
79 46 812
46 74 83
74 46 83
46 78 379
78 46 379
46 54 469
54 46 469
46 72 643
72 46 643
47 54 879
54 47 879
47 71 164
71 47 164
47 53 524
53 47 524
47 61 853
61 47 853
48 81 710
81 48 710
48 62 360
62 48 360
48 61 664
61 48 664
48 51 943
51 48 943
49 67 937
67 49 937
49 49 646
49 49 646
49 75 574
75 49 574
50 59 914
59 50 914
50 53 969
53 50 969
50 50 896
50 50 896
50 51 437
51 50 437
51 55 843
55 51 843
51 58 441
58 51 441
51 63 35
63 51 35
51 59 61
59 51 61
51 70 423
70 51 423
51 52 29
52 51 29
51 54 518
54 51 518
51 65 470
65 51 470
51 68 420
68 51 420
52 63 852
63 52 852
52 68 131
68 52 131
52 81 277
81 52 277
52 71 201
71 52 201
52 70 23
70 52 23
53 70 668
70 53 668
53 55 93
55 53 93
54 80 267
80 54 267
54 66 673
66 54 673
54 55 502
55 54 502
54 78 493
78 54 493
55 71 736
71 55 736
56 82 744
82 56 744
56 58 550
58 56 550
57 66 407
66 57 407
57 68 642
68 57 642
57 62 100
62 57 100
57 68 816
68 57 816
57 58 818
58 57 818
57 82 208
82 57 208
58 61 712
61 58 712
58 62 324
62 58 324
58 78 904
78 58 904
59 69 566
69 59 566
59 73 439
73 59 439
60 64 709
64 60 709
60 80 737
80 60 737
60 64 498
64 60 498
60 76 390
76 60 390
60 80 143
80 60 143
60 75 461
75 60 461
60 76 186
76 60 186
60 66 31
66 60 31
61 69 728
69 61 728
61 82 224
82 61 224
62 77 26
77 62 26
62 79 386
79 62 386
63 65 60
65 63 60
63 81 764
81 63 764
63 67 770
67 63 770
63 74 564
74 63 564
64 70 567
70 64 567
65 79 580
79 65 580
65 76 611
76 65 611
65 79 599
79 65 599
65 70 294
70 65 294
65 78 635
78 65 635
66 81 302
81 66 302
66 69 217
69 66 217
67 78 64
78 67 64
67 81 521
81 67 521
68 70 645
70 68 645
68 79 89
79 68 89
69 78 218
78 69 218
69 79 284
79 69 284
70 78 70
78 70 70
70 82 104
82 70 104
71 75 494
75 71 494
72 75 190
75 72 190
73 79 506
79 73 506
73 75 512
75 73 512
74 79 518
79 74 518
74 75 574
75 74 574
75 79 231
79 75 231
76 79 257
79 76 257
77 79 147
79 77 147
79 80 457
80 79 457
