95

0 1 281
1 0 281
0 2 785
2 0 785
0 4 826
4 0 826
0 11 848
11 0 848
0 36 15
36 0 15
0 80 130
80 0 130
1 3 895
3 1 895
1 17 346
17 1 346
1 21 914
21 1 914
1 25 130
25 1 130
1 44 75
44 1 75
1 71 708
71 1 708
1 5 668
5 1 668
2 6 722
6 2 722
2 12 598
12 2 598
2 67 738
67 2 738
2 19 63
19 2 63
3 5 580
5 3 580
3 8 931
8 3 931
3 19 110
19 3 110
3 78 947
78 3 947
4 45 727
45 4 727
4 65 927
65 4 927
4 93 928
93 4 928
5 7 656
7 5 656
5 22 975
22 5 975
5 61 430
61 5 430
5 19 325
19 5 325
6 10 800
10 6 800
6 13 241
13 6 241
6 94 638
94 6 638
6 88 275
88 6 275
7 36 784
36 7 784
8 9 519
9 8 519
8 15 917
15 8 917
8 30 363
30 8 363
8 38 561
38 8 561
8 55 835
55 8 835
8 90 189
90 8 189
9 18 916
18 9 916
10 14 742
14 10 742
10 86 68
86 10 68
10 10 992
10 10 992
10 10 147
10 10 147
11 78 312
78 11 312
12 16 611
16 12 611
12 77 647
77 12 647
13 24 385
24 13 385
13 81 325
81 13 325
13 36 902
36 13 902
14 46 45
46 14 45
14 62 371
62 14 371
14 83 183
83 14 183
15 37 139
37 15 139
16 20 933
20 16 933
16 29 615
29 16 615
16 41 762
41 16 762
16 55 626
55 16 626
16 37 668
37 16 668
17 23 219
23 17 219
18 27 19
27 18 19
18 75 13
75 18 13
18 63 69
63 18 69
18 50 964
50 18 964
18 24 63
24 18 63
19 28 359
28 19 359
19 43 597
43 19 597
20 31 88
31 20 88
20 35 280
35 20 280
20 76 369
76 20 369
21 32 662
32 21 662
21 72 673
72 21 673
22 34 26
34 22 26
22 40 974
40 22 974
22 56 700
56 22 700
22 68 393
68 22 393
23 49 485
49 23 485
23 50 17
50 23 17
23 85 786
85 23 786
24 26 100
26 24 100
24 48 270
48 24 270
24 58 550
58 24 550
25 51 389
51 25 389
25 64 122
64 25 122
26 83 232
83 26 232
28 54 915
54 28 915
30 33 351
33 30 351
30 35 234
35 30 234
30 76 472
76 30 472
31 39 37
39 31 37
32 69 939
69 32 939
33 65 15
65 33 15
33 69 787
69 33 787
33 85 169
85 33 169
33 70 183
70 33 183
33 90 629
90 33 629
35 92 203
92 35 203
36 77 821
77 36 821
37 47 623
47 37 623
37 60 679
60 37 679
38 39 159
39 38 159
38 94 46
94 38 46
39 42 623
42 39 623
39 90 222
90 39 222
39 51 537
51 39 537
40 64 733
64 40 733
41 68 165
68 41 165
42 52 112
52 42 112
43 57 702
57 43 702
43 77 547
77 43 547
44 73 524
73 44 524
44 56 715
56 44 715
46 87 231
87 46 231
47 53 366
53 47 366
47 72 993
72 47 993
48 85 205
85 48 205
49 58 907
58 49 907
49 74 157
74 49 157
49 79 411
79 49 411
49 91 936
91 49 936
50 85 259
85 50 259
51 82 400
82 51 400
51 85 845
85 51 845
51 88 471
88 51 471
53 66 814
66 53 814
53 93 883
93 53 883
53 74 983
74 53 983
55 59 126
59 55 126
55 88 216
88 55 216
56 66 321
66 56 321
56 91 880
91 56 880
57 82 30
82 57 30
59 63 277
63 59 277
60 65 785
65 60 785
62 78 938
78 62 938
63 81 467
81 63 467
67 84 706
84 67 706
68 70 965
70 68 965
69 83 117
83 69 117
70 78 351
78 70 351
75 89 506
89 75 506
76 88 313
88 76 313
88 92 133
92 88 133
