97

0 1 513
1 0 513
0 2 41
2 0 41
0 5 629
5 0 629
0 6 1000
6 0 1000
0 9 535
9 0 535
0 24 353
24 0 353
0 29 600
29 0 600
0 13 361
13 0 361
1 3 425
3 1 425
1 4 607
4 1 607
1 10 100
10 1 100
1 18 314
18 1 314
1 20 108
20 1 108
1 66 856
66 1 856
1 95 569
95 1 569
2 76 834
76 2 834
3 7 22
7 3 22
3 63 466
63 3 466
3 72 888
72 3 888
3 37 578
37 3 578
3 68 715
68 3 715
4 17 569
17 4 569
4 25 273
25 4 273
4 61 926
61 4 926
5 8 943
8 5 943
5 33 906
33 5 906
5 51 674
51 5 674
5 54 452
54 5 452
6 64 611
64 6 611
7 16 494
16 7 494
7 21 139
21 7 139
8 12 830
12 8 830
8 13 223
13 8 223
8 48 851
48 8 851
8 77 162
77 8 162
8 20 882
20 8 882
9 19 532
19 9 532
9 79 702
79 9 702
9 63 30
63 9 30
9 59 282
59 9 282
10 11 381
11 10 381
10 14 66
14 10 66
10 23 36
23 10 36
10 26 333
26 10 333
10 44 692
44 10 692
10 49 719
49 10 719
11 58 603
58 11 603
12 38 831
38 12 831
13 15 565
15 13 565
13 50 882
50 13 882
13 87 331
87 13 331
14 87 663
87 14 663
15 83 201
83 15 201
16 36 538
36 16 538
16 53 993
53 16 993
16 83 427
83 16 427
17 39 257
39 17 257
17 83 346
83 17 346
17 53 939
53 17 939
18 65 71
65 18 71
18 66 73
66 18 73
19 28 46
28 19 46
20 22 554
22 20 554
20 59 142
59 20 142
21 36 990
36 21 990
22 42 374
42 22 374
22 43 536
43 22 536
22 85 307
85 22 307
23 34 374
34 23 374
23 55 914
55 23 914
24 27 584
27 24 584
24 50 892
50 24 892
25 38 214
38 25 214
25 48 811
48 25 811
26 40 191
40 26 191
28 60 759
60 28 759
28 70 29
70 28 29
29 30 68
30 29 68
29 31 186
31 29 186
29 37 746
37 29 746
29 41 26
41 29 26
30 32 473
32 30 473
31 82 200
82 31 200
32 45 864
45 32 864
33 35 383
35 33 383
33 45 57
45 33 57
34 84 887
84 34 887
35 46 12
46 35 12
35 56 669
56 35 669
35 82 897
82 35 897
37 62 815
62 37 815
37 68 610
68 37 610
37 80 473
80 37 473
38 57 185
57 38 185
38 92 278
92 38 278
38 85 416
85 38 416
39 47 417
47 39 417
39 55 141
55 39 141
39 67 558
67 39 558
39 40 527
40 39 527
40 43 274
43 40 274
40 61 489
61 40 489
41 52 608
52 41 608
42 68 522
68 42 522
42 84 568
84 42 568
42 70 830
70 42 830
43 91 41
91 43 41
44 72 791
72 44 791
49 59 158
59 49 158
49 89 613
89 49 613
50 73 831
73 50 831
50 93 511
93 50 511
51 59 219
59 51 219
54 89 720
89 54 720
54 70 731
70 54 731
56 72 594
72 56 594
56 74 889
74 56 889
56 93 486
93 56 486
58 93 461
93 58 461
60 74 667
74 60 667
61 81 299
81 61 299
64 74 222
74 64 222
65 71 524
71 65 524
65 75 803
75 65 803
66 69 558
69 66 558
66 84 199
84 66 199
68 70 732
70 68 732
70 90 538
90 70 538
71 78 490
78 71 490
71 86 813
86 71 813
73 88 101
88 73 101
73 91 572
91 73 572
74 94 764
94 74 764
81 90 751
90 81 751
81 94 808
94 81 808
89 95 386
95 89 386
90 91 706
91 90 706
95 96 47
96 95 47
