87

0 1 426
1 0 426
0 2 325
2 0 325
0 5 101
5 0 101
0 10 912
10 0 912
0 35 270
35 0 270
0 79 94
79 0 94
0 60 845
60 0 845
0 10 499
10 0 499
0 30 800
30 0 800
0 38 997
38 0 997
0 67 843
67 0 843
0 20 797
20 0 797
0 19 858
19 0 858
0 32 243
32 0 243
0 79 485
79 0 485
0 81 349
81 0 349
0 27 706
27 0 706
1 4 757
4 1 757
1 6 664
6 1 664
1 7 602
7 1 602
1 8 681
8 1 681
1 9 73
9 1 73
1 13 892
13 1 892
1 70 952
70 1 952
1 5 341
5 1 341
1 35 651
35 1 651
1 71 702
71 1 702
1 68 412
68 1 412
1 18 971
18 1 971
1 62 544
62 1 544
1 60 589
60 1 589
1 70 545
70 1 545
1 62 374
62 1 374
1 14 204
14 1 204
1 8 217
8 1 217
1 80 965
80 1 965
2 3 399
3 2 399
2 14 771
14 2 771
2 16 896
16 2 896
2 33 620
33 2 620
2 57 353
57 2 353
2 38 8
38 2 8
2 42 101
42 2 101
2 75 376
75 2 376
2 52 491
52 2 491
2 2 891
2 2 891
2 17 723
17 2 723
2 10 571
10 2 571
2 6 238
6 2 238
2 3 241
3 2 241
2 81 583
81 2 583
2 21 583
21 2 583
2 69 28
69 2 28
2 69 695
69 2 695
2 55 385
55 2 385
2 72 288
72 2 288
2 68 330
68 2 330
2 67 330
67 2 330
2 56 481
56 2 481
3 18 116
18 3 116
3 23 852
23 3 852
3 44 402
44 3 402
3 66 615
66 3 615
3 42 540
42 3 540
3 41 517
41 3 517
3 22 211
22 3 211
3 17 932
17 3 932
3 81 767
81 3 767
3 26 351
26 3 351
3 44 848
44 3 848
3 69 733
69 3 733
3 71 247
71 3 247
3 65 415
65 3 415
3 22 91
22 3 91
3 4 201
4 3 201
3 19 408
19 3 408
4 71 124
71 4 124
4 57 897
57 4 897
4 34 845
34 4 845
4 52 713
52 4 713
4 50 452
50 4 452
4 38 21
38 4 21
4 74 437
74 4 437
4 78 295
78 4 295
4 77 531
77 4 531
4 14 762
14 4 762
4 53 780
53 4 780
4 45 171
45 4 171
4 22 690
22 4 690
4 72 495
72 4 495
5 12 42
12 5 42
5 62 686
62 5 686
5 24 982
24 5 982
5 36 419
36 5 419
5 57 828
57 5 828
5 67 683
67 5 683
5 32 172
32 5 172
5 11 957
11 5 957
5 21 466
21 5 466
5 64 648
64 5 648
5 62 139
62 5 139
5 60 671
60 5 671
5 59 526
59 5 526
5 35 680
35 5 680
5 40 701
40 5 701
5 63 223
63 5 223
5 20 122
20 5 122
5 58 688
58 5 688
5 45 270
45 5 270
6 15 392
15 6 392
6 28 905
28 6 905
6 48 650
48 6 650
6 78 798
78 6 798
6 27 259
27 6 259
6 66 631
66 6 631
6 28 427
28 6 427
6 73 65
73 6 65
6 68 627
68 6 627
6 85 407
85 6 407
6 69 583
69 6 583
6 35 132
35 6 132
6 50 50
50 6 50
6 25 408
25 6 408
6 83 918
83 6 918
6 84 415
84 6 415
6 53 693
53 6 693
6 58 336
58 6 336
6 40 508
40 6 508
6 25 329
25 6 329
6 33 184
33 6 184
7 17 265
17 7 265
7 19 347
19 7 347
7 31 4
31 7 4
7 16 613
16 7 613
7 62 862
62 7 862
7 65 3
65 7 3
7 81 490
81 7 490
7 30 641
30 7 641
7 53 817
53 7 817
8 11 999
11 8 999
8 25 502
25 8 502
8 49 952
49 8 952
8 75 763
75 8 763
8 49 202
49 8 202
8 66 600
66 8 600
8 47 407
47 8 407
8 42 131
42 8 131
8 83 482
83 8 482
8 56 653
56 8 653
8 68 171
68 8 171
8 66 489
66 8 489
8 81 630
81 8 630
8 42 289
42 8 289
8 26 141
26 8 141
9 20 379
20 9 379
9 41 379
41 9 379
9 63 543
63 9 543
9 24 730
24 9 730
9 32 725
32 9 725
9 86 345
86 9 345
9 50 386
50 9 386
9 34 263
34 9 263
9 62 283
62 9 283
9 39 969
39 9 969
9 13 543
13 9 543
9 69 154
69 9 154
9 45 276
45 9 276
10 37 39
37 10 39
10 39 582
39 10 582
10 37 914
37 10 914
10 46 47
46 10 47
10 42 915
42 10 915
10 78 852
78 10 852
10 24 522
24 10 522
11 29 560
29 11 560
11 56 873
56 11 873
11 58 531
58 11 531
11 57 647
57 11 647
11 29 269
29 11 269
11 13 109
13 11 109
11 60 77
60 11 77
11 83 259
83 11 259
11 45 237
45 11 237
11 32 941
32 11 941
11 41 240
41 11 240
11 67 980
67 11 980
11 39 442
39 11 442
12 50 87
50 12 87
12 71 90
71 12 90
12 22 244
22 12 244
12 35 797
35 12 797
12 58 352
58 12 352
12 18 660
18 12 660
12 65 763
65 12 763
12 70 774
70 12 774
12 39 391
39 12 391
12 75 573
75 12 573
12 46 286
46 12 286
12 30 219
30 12 219
12 51 880
51 12 880
12 44 76
44 12 76
13 66 609
66 13 609
13 47 149
47 13 149
13 57 589
57 13 589
13 33 268
33 13 268
13 65 897
65 13 897
13 78 206
78 13 206
13 58 712
58 13 712
13 47 670
47 13 670
13 19 709
19 13 709
14 24 711
24 14 711
14 31 15
31 14 15
14 26 488
26 14 488
14 52 610
52 14 610
14 36 549
36 14 549
14 16 665
16 14 665
14 55 183
55 14 183
14 28 504
28 14 504
14 35 940
35 14 940
14 23 475
23 14 475
14 33 508
33 14 508
14 76 559
76 14 559
14 56 800
56 14 800
14 77 995
77 14 995
14 45 61
45 14 61
14 69 842
69 14 842
14 29 528
29 14 528
15 27 79
27 15 79
15 47 164
47 15 164
15 68 272
68 15 272
15 67 456
67 15 456
15 58 37
58 15 37
15 61 488
61 15 488
15 38 695
38 15 695
15 58 160
58 15 160
15 35 32
35 15 32
15 54 783
54 15 783
15 69 293
69 15 293
15 30 681
30 15 681
15 55 941
55 15 941
15 23 797
23 15 797
16 37 358
37 16 358
16 39 744
39 16 744
16 37 439
37 16 439
16 33 822
33 16 822
16 27 952
27 16 952
16 62 558
62 16 558
16 43 937
43 16 937
16 72 367
72 16 367
16 58 104
58 16 104
16 86 386
86 16 386
16 45 187
45 16 187
16 65 627
65 16 627
16 40 393
40 16 393
16 49 507
49 16 507
16 71 952
71 16 952
16 22 123
22 16 123
16 60 236
60 16 236
17 54 807
54 17 807
17 67 996
67 17 996
17 85 448
85 17 448
17 35 954
35 17 954
17 30 465
30 17 465
17 34 477
34 17 477
17 67 455
67 17 455
17 54 117
54 17 117
17 56 157
56 17 157
17 50 535
50 17 535
17 18 583
18 17 583
17 40 433
40 17 433
18 42 7
42 18 7
18 30 373
30 18 373
18 31 879
31 18 879
18 18 787
18 18 787
18 52 132
52 18 132
18 67 712
67 18 712
18 86 122
86 18 122
19 21 857
21 19 857
19 30 879
30 19 879
19 55 460
55 19 460
19 85 149
85 19 149
19 75 366
75 19 366
19 59 128
59 19 128
19 73 651
73 19 651
19 43 203
43 19 203
19 55 146
55 19 146
19 58 283
58 19 283
19 40 417
40 19 417
19 35 693
35 19 693
19 44 14
44 19 14
19 63 749
63 19 749
20 22 864
22 20 864
20 26 761
26 20 761
20 70 288
70 20 288
20 54 150
54 20 150
20 28 943
28 20 943
20 51 706
51 20 706
20 33 378
33 20 378
20 27 631
27 20 631
20 61 246
61 20 246
20 55 62
55 20 62
20 82 767
82 20 767
20 58 117
58 20 117
20 49 236
49 20 236
21 43 82
43 21 82
21 63 912
63 21 912
21 68 360
68 21 360
21 31 515
31 21 515
21 61 727
61 21 727
21 46 695
46 21 695
21 38 799
38 21 799
21 44 235
44 21 235
21 25 463
25 21 463
21 77 287
77 21 287
21 57 530
57 21 530
21 86 356
86 21 356
22 76 943
76 22 943
22 60 532
60 22 532
22 47 630
47 22 630
22 41 577
41 22 577
22 49 900
49 22 900
22 44 792
44 22 792
22 67 152
67 22 152
22 86 910
86 22 910
22 62 317
62 22 317
22 76 890
76 22 890
22 33 181
33 22 181
22 33 167
33 22 167
22 25 359
25 22 359
22 43 570
43 22 570
22 37 703
37 22 703
22 84 1000
84 22 1000
22 79 377
79 22 377
23 34 65
34 23 65
23 62 587
62 23 587
23 73 247
73 23 247
23 58 355
58 23 355
23 84 516
84 23 516
23 63 392
63 23 392
23 82 255
82 23 255
24 36 651
36 24 651
24 59 213
59 24 213
24 33 988
33 24 988
24 83 771
83 24 771
24 54 273
54 24 273
24 58 374
58 24 374
24 30 106
30 24 106
24 58 21
58 24 21
24 55 705
55 24 705
25 40 243
40 25 243
25 60 502
60 25 502
25 65 892
65 25 892
25 85 988
85 25 988
25 40 526
40 25 526
25 51 199
51 25 199
25 55 776
55 25 776
25 82 490
82 25 490
25 86 377
86 25 377
26 32 935
32 26 935
26 59 296
59 26 296
26 71 148
71 26 148
26 67 430
67 26 430
26 70 6
70 26 6
26 70 491
70 26 491
26 37 186
37 26 186
26 53 852
53 26 852
26 62 207
62 26 207
26 28 136
28 26 136
26 68 463
68 26 463
27 84 1
84 27 1
27 86 666
86 27 666
27 33 338
33 27 338
27 32 730
32 27 730
27 61 510
61 27 510
27 36 940
36 27 940
27 82 110
82 27 110
27 32 902
32 27 902
27 64 527
64 27 527
27 73 16
73 27 16
27 55 432
55 27 432
27 52 462
52 27 462
27 79 629
79 27 629
27 80 507
80 27 507
27 60 325
60 27 325
27 80 334
80 27 334
28 83 131
83 28 131
28 52 740
52 28 740
28 58 362
58 28 362
28 81 699
81 28 699
28 76 128
76 28 128
28 77 76
77 28 76
28 61 682
61 28 682
28 85 336
85 28 336
28 60 400
60 28 400
28 82 918
82 28 918
29 69 262
69 29 262
29 84 105
84 29 105
29 80 450
80 29 450
29 49 164
49 29 164
29 50 495
50 29 495
29 38 606
38 29 606
29 70 849
70 29 849
30 37 838
37 30 838
30 77 9
77 30 9
30 39 988
39 30 988
30 65 960
65 30 960
30 51 847
51 30 847
30 82 412
82 30 412
31 38 630
38 31 630
31 58 538
58 31 538
31 38 573
38 31 573
31 86 980
86 31 980
31 61 982
61 31 982
32 79 42
79 32 42
32 39 446
39 32 446
32 40 360
40 32 360
33 78 494
78 33 494
33 61 399
61 33 399
33 48 296
48 33 296
33 46 450
46 33 450
33 48 718
48 33 718
33 52 345
52 33 345
33 84 581
84 33 581
33 75 573
75 33 573
33 79 285
79 33 285
34 53 512
53 34 512
34 68 983
68 34 983
34 82 132
82 34 132
34 76 865
76 34 865
34 40 694
40 34 694
34 69 32
69 34 32
34 40 621
40 34 621
34 62 627
62 34 627
35 46 593
46 35 593
35 40 159
40 35 159
35 83 554
83 35 554
35 73 644
73 35 644
35 54 368
54 35 368
35 46 231
46 35 231
35 70 720
70 35 720
35 86 405
86 35 405
36 45 462
45 36 462
36 65 572
65 36 572
36 81 279
81 36 279
36 53 57
53 36 57
36 52 271
52 36 271
36 85 540
85 36 540
36 63 799
63 36 799
36 56 589
56 36 589
36 48 678
48 36 678
37 52 181
52 37 181
37 58 845
58 37 845
37 74 661
74 37 661
37 72 627
72 37 627
37 71 888
71 37 888
37 37 426
37 37 426
37 48 928
48 37 928
37 45 539
45 37 539
37 39 199
39 37 199
37 60 310
60 37 310
37 46 258
46 37 258
37 79 85
79 37 85
38 55 245
55 38 245
38 66 984
66 38 984
38 79 473
79 38 473
38 67 116
67 38 116
38 74 116
74 38 116
38 43 703
43 38 703
38 60 924
60 38 924
39 60 382
60 39 382
39 45 571
45 39 571
39 47 263
47 39 263
39 54 629
54 39 629
39 82 834
82 39 834
39 63 496
63 39 496
39 55 696
55 39 696
39 69 894
69 39 894
39 66 259
66 39 259
40 42 751
42 40 751
40 51 708
51 40 708
40 65 272
65 40 272
40 60 976
60 40 976
40 75 824
75 40 824
40 70 608
70 40 608
40 81 285
81 40 285
40 43 103
43 40 103
40 61 613
61 40 613
40 49 629
49 40 629
41 61 917
61 41 917
41 69 142
69 41 142
41 59 274
59 41 274
41 61 725
61 41 725
41 83 403
83 41 403
41 67 995
67 41 995
41 76 957
76 41 957
42 44 583
44 42 583
42 48 342
48 42 342
43 76 250
76 43 250
43 60 993
60 43 993
43 55 389
55 43 389
43 57 935
57 43 935
43 55 938
55 43 938
43 57 874
57 43 874
43 82 655
82 43 655
43 61 586
61 43 586
44 86 884
86 44 884
44 51 377
51 44 377
44 58 315
58 44 315
44 64 900
64 44 900
44 82 680
82 44 680
44 57 477
57 44 477
44 73 733
73 44 733
44 46 968
46 44 968
44 85 385
85 44 385
44 77 492
77 44 492
44 53 494
53 44 494
44 55 233
55 44 233
45 72 311
72 45 311
45 48 386
48 45 386
45 63 484
63 45 484
45 64 535
64 45 535
46 86 933
86 46 933
46 46 484
46 46 484
46 46 771
46 46 771
46 70 359
70 46 359
46 81 731
81 46 731
46 85 501
85 46 501
46 66 598
66 46 598
46 67 913
67 46 913
47 55 303
55 47 303
47 71 99
71 47 99
47 52 25
52 47 25
48 64 748
64 48 748
48 74 321
74 48 321
48 53 66
53 48 66
48 52 881
52 48 881
48 73 538
73 48 538
48 60 89
60 48 89
48 63 180
63 48 180
48 72 367
72 48 367
49 83 833
83 49 833
49 77 650
77 49 650
49 65 840
65 49 840
49 50 472
50 49 472
49 68 708
68 49 708
49 80 425
80 49 425
50 51 506
51 50 506
50 86 686
86 50 686
50 74 550
74 50 550
50 51 480
51 50 480
51 73 844
73 51 844
51 80 262
80 51 262
51 66 18
66 51 18
52 68 107
68 52 107
52 55 720
55 52 720
52 53 825
53 52 825
52 68 924
68 52 924
53 60 598
60 53 598
53 80 793
80 53 793
53 54 300
54 53 300
54 61 238
61 54 238
54 68 305
68 54 305
55 86 805
86 55 805
55 80 735
80 55 735
55 80 609
80 55 609
55 63 940
63 55 940
55 80 347
80 55 347
55 84 654
84 55 654
56 76 449
76 56 449
56 59 414
59 56 414
56 60 706
60 56 706
57 74 733
74 57 733
57 68 673
68 57 673
57 61 370
61 57 370
57 68 936
68 57 936
57 64 394
64 57 394
58 73 726
73 58 726
58 60 453
60 58 453
58 67 28
67 58 28
58 77 387
77 58 387
58 66 565
66 58 565
58 74 657
74 58 657
58 77 194
77 58 194
58 66 666
66 58 666
58 72 786
72 58 786
59 77 523
77 59 523
59 84 305
84 59 305
59 68 101
68 59 101
59 63 246
63 59 246
59 78 312
78 59 312
59 78 988
78 59 988
59 72 9
72 59 9
59 85 158
85 59 158
60 81 265
81 60 265
61 62 64
62 61 64
61 68 201
68 61 201
61 67 295
67 61 295
62 80 230
80 62 230
62 78 169
78 62 169
62 66 760
66 62 760
63 82 762
82 63 762
63 80 125
80 63 125
63 83 272
83 63 272
63 85 491
85 63 491
63 68 8
68 63 8
64 78 410
78 64 410
64 73 78
73 64 78
64 74 921
74 64 921
64 76 1000
76 64 1000
64 72 195
72 64 195
64 76 623
76 64 623
64 74 548
74 64 548
64 67 832
67 64 832
65 80 440
80 65 440
65 82 849
82 65 849
65 75 739
75 65 739
65 85 590
85 65 590
65 84 903
84 65 903
65 76 450
76 65 450
65 71 936
71 65 936
65 70 720
70 65 720
66 78 260
78 66 260
66 72 193
72 66 193
66 67 547
67 66 547
66 86 605
86 66 605
68 69 330
69 68 330
68 85 184
85 68 184
68 71 75
71 68 75
69 73 999
73 69 999
69 79 582
79 69 582
70 74 457
74 70 457
70 82 592
82 70 592
71 85 111
85 71 111
71 77 318
77 71 318
71 79 599
79 71 599
72 84 842
84 72 842
73 81 38
81 73 38
73 78 704
78 73 704
73 81 140
81 73 140
73 82 48
82 73 48
73 80 752
80 73 752
75 82 123
82 75 123
75 81 689
81 75 689
76 83 643
83 76 643
76 84 241
84 76 241
76 78 691
78 76 691
76 81 78
81 76 78
77 86 372
86 77 372
81 84 224
84 81 224
83 86 779
86 83 779
83 86 606
86 83 606
85 86 914
86 85 914
