31

0 1 380
1 0 380
0 2 274
2 0 274
0 3 423
3 0 423
0 24 739
24 0 739
0 20 190
20 0 190
0 14 974
14 0 974
1 10 493
10 1 493
1 30 385
30 1 385
1 4 443
4 1 443
1 9 595
9 1 595
2 4 970
4 2 970
2 5 615
5 2 615
2 7 437
7 2 437
2 8 93
8 2 93
2 4 485
4 2 485
2 17 34
17 2 34
3 6 873
6 3 873
3 9 945
9 3 945
3 11 188
11 3 188
3 24 584
24 3 584
3 9 689
9 3 689
3 25 648
25 3 648
4 27 363
27 4 363
4 26 87
26 4 87
4 10 680
10 4 680
4 26 80
26 4 80
4 5 684
5 4 684
4 15 721
15 4 721
4 26 24
26 4 24
5 18 280
18 5 280
5 27 267
27 5 267
5 24 853
24 5 853
5 9 542
9 5 542
6 16 665
16 6 665
6 21 308
21 6 308
6 13 493
13 6 493
6 16 760
16 6 760
6 19 365
19 6 365
6 12 43
12 6 43
6 26 753
26 6 753
7 12 891
12 7 891
7 13 715
13 7 715
7 18 13
18 7 13
7 8 271
8 7 271
8 25 704
25 8 704
8 9 787
9 8 787
9 23 485
23 9 485
10 14 884
14 10 884
10 27 973
27 10 973
10 27 575
27 10 575
11 17 223
17 11 223
11 28 56
28 11 56
12 22 220
22 12 220
12 25 270
25 12 270
12 28 116
28 12 116
13 15 173
15 13 173
13 19 174
19 13 174
13 13 428
13 13 428
13 25 643
25 13 643
13 21 673
21 13 673
14 20 178
20 14 178
14 19 241
19 14 241
14 27 282
27 14 282
16 19 321
19 16 321
17 24 423
24 17 423
17 21 336
21 17 336
19 27 35
27 19 35
20 25 446
25 20 446
20 26 1000
26 20 1000
20 24 629
24 20 629
20 23 916
23 20 916
20 28 704
28 20 704
22 25 10
25 22 10
23 29 160
29 23 160
24 26 929
26 24 929
24 29 68
29 24 68
24 29 990
29 24 990
25 30 816
30 25 816
25 27 136
27 25 136
25 28 177
28 25 177
