64

0 1 869
1 0 869
0 6 682
6 0 682
0 11 885
11 0 885
0 13 919
13 0 919
0 17 799
17 0 799
0 33 246
33 0 246
0 11 649
11 0 649
0 56 979
56 0 979
0 38 306
38 0 306
1 2 797
2 1 797
1 3 247
3 1 247
1 50 984
50 1 984
1 54 272
54 1 272
1 33 258
33 1 258
1 57 493
57 1 493
1 18 937
18 1 937
1 8 850
8 1 850
2 4 118
4 2 118
2 16 922
16 2 922
2 33 643
33 2 643
2 49 637
49 2 637
2 54 399
54 2 399
2 46 645
46 2 645
2 13 672
13 2 672
2 37 667
37 2 667
3 5 255
5 3 255
3 16 872
16 3 872
3 56 10
56 3 10
3 59 418
59 3 418
3 16 220
16 3 220
3 17 724
17 3 724
4 9 781
9 4 781
4 30 443
30 4 443
4 31 326
31 4 326
4 46 144
46 4 144
4 48 821
48 4 821
4 61 829
61 4 829
4 34 330
34 4 330
4 24 25
24 4 25
4 47 996
47 4 996
5 24 445
24 5 445
5 41 327
41 5 327
5 42 598
42 5 598
5 57 439
57 5 439
5 41 558
41 5 558
6 7 814
7 6 814
6 21 740
21 6 740
6 14 498
14 6 498
6 36 295
36 6 295
6 59 650
59 6 650
6 8 129
8 6 129
7 8 721
8 7 721
7 54 386
54 7 386
7 54 669
54 7 669
8 10 396
10 8 396
8 14 900
14 8 900
8 54 861
54 8 861
8 16 173
16 8 173
9 12 971
12 9 971
9 15 166
15 9 166
9 28 24
28 9 24
9 38 480
38 9 480
9 44 869
44 9 869
9 36 108
36 9 108
9 46 550
46 9 550
10 48 256
48 10 256
10 59 609
59 10 609
10 49 848
49 10 848
10 52 229
52 10 229
10 57 233
57 10 233
10 26 526
26 10 526
11 20 660
20 11 660
11 35 471
35 11 471
11 40 557
40 11 557
11 61 809
61 11 809
11 15 342
15 11 342
11 47 888
47 11 888
11 45 957
45 11 957
11 11 116
11 11 116
11 63 398
63 11 398
11 31 741
31 11 741
11 58 876
58 11 876
11 40 19
40 11 19
12 19 919
19 12 919
12 23 849
23 12 849
12 37 988
37 12 988
12 39 720
39 12 720
12 37 259
37 12 259
12 23 113
23 12 113
12 24 387
24 12 387
12 29 305
29 12 305
13 17 485
17 13 485
13 32 487
32 13 487
13 37 970
37 13 970
13 47 312
47 13 312
13 16 847
16 13 847
13 38 736
38 13 736
13 31 140
31 13 140
13 13 2
13 13 2
13 40 811
40 13 811
14 18 287
18 14 287
14 29 577
29 14 577
14 45 769
45 14 769
14 28 730
28 14 730
14 42 463
42 14 463
14 40 346
40 14 346
15 25 662
25 15 662
15 35 862
35 15 862
15 42 232
42 15 232
15 59 422
59 15 422
15 38 80
38 15 80
15 17 410
17 15 410
16 56 735
56 16 735
16 32 881
32 16 881
16 46 918
46 16 918
16 53 89
53 16 89
16 48 352
48 16 352
16 60 806
60 16 806
17 45 476
45 17 476
17 43 931
43 17 931
17 60 725
60 17 725
17 51 921
51 17 921
17 33 149
33 17 149
17 27 43
27 17 43
18 38 950
38 18 950
18 34 880
34 18 880
18 23 550
23 18 550
19 44 272
44 19 272
19 22 967
22 19 967
19 39 866
39 19 866
19 37 795
37 19 795
19 34 781
34 19 781
20 22 295
22 20 295
20 46 914
46 20 914
20 27 145
27 20 145
20 39 90
39 20 90
21 25 962
25 21 962
21 28 302
28 21 302
21 31 22
31 21 22
22 26 193
26 22 193
22 27 283
27 22 283
22 63 787
63 22 787
22 40 512
40 22 512
22 46 891
46 22 891
23 36 664
36 23 664
23 57 797
57 23 797
24 39 631
39 24 631
24 37 294
37 24 294
24 55 199
55 24 199
25 51 461
51 25 461
25 47 551
47 25 551
25 58 676
58 25 676
25 58 14
58 25 14
26 34 378
34 26 378
26 40 22
40 26 22
26 57 540
57 26 540
27 58 482
58 27 482
27 56 872
56 27 872
27 34 423
34 27 423
27 61 332
61 27 332
27 28 97
28 27 97
28 39 736
39 28 736
28 63 739
63 28 739
29 55 318
55 29 318
29 31 796
31 29 796
29 42 517
42 29 517
30 55 680
55 30 680
30 60 623
60 30 623
30 54 845
54 30 845
30 54 74
54 30 74
30 31 379
31 30 379
30 40 247
40 30 247
30 43 121
43 30 121
30 32 448
32 30 448
31 34 397
34 31 397
31 31 804
31 31 804
31 33 26
33 31 26
31 54 121
54 31 121
31 40 390
40 31 390
32 37 30
37 32 30
32 57 88
57 32 88
33 39 152
39 33 152
33 43 277
43 33 277
33 62 435
62 33 435
33 57 470
57 33 470
33 41 402
41 33 402
33 55 549
55 33 549
33 59 360
59 33 360
34 60 19
60 34 19
34 63 643
63 34 643
35 47 189
47 35 189
35 55 872
55 35 872
36 54 19
54 36 19
36 47 169
47 36 169
38 45 183
45 38 183
39 41 199
41 39 199
39 62 820
62 39 820
39 44 737
44 39 737
40 57 885
57 40 885
40 49 485
49 40 485
41 52 210
52 41 210
42 55 979
55 42 979
43 61 606
61 43 606
44 48 462
48 44 462
45 54 700
54 45 700
45 56 131
56 45 131
46 58 764
58 46 764
47 63 537
63 47 537
47 61 37
61 47 37
47 48 958
48 47 958
48 51 993
51 48 993
48 59 14
59 48 14
48 62 260
62 48 260
48 60 687
60 48 687
48 58 412
58 48 412
49 53 612
53 49 612
50 61 157
61 50 157
50 55 698
55 50 698
52 53 603
53 52 603
54 60 214
60 54 214
54 61 758
61 54 758
56 63 648
63 56 648
56 63 837
63 56 837
