91

0 1 991
1 0 991
0 4 621
4 0 621
0 5 244
5 0 244
0 11 978
11 0 978
0 77 485
77 0 485
0 89 256
89 0 256
1 2 991
2 1 991
1 7 435
7 1 435
1 8 445
8 1 445
1 14 205
14 1 205
1 34 155
34 1 155
1 80 673
80 1 673
2 3 355
3 2 355
2 16 915
16 2 915
2 26 589
26 2 589
2 32 43
32 2 43
2 82 238
82 2 238
3 6 951
6 3 951
3 25 720
25 3 720
3 38 627
38 3 627
4 10 356
10 4 356
4 18 689
18 4 689
4 68 385
68 4 385
4 39 494
39 4 494
6 9 41
9 6 41
6 44 121
44 6 121
6 10 456
10 6 456
7 20 369
20 7 369
7 51 610
51 7 610
7 55 163
55 7 163
7 56 306
56 7 306
7 59 7
59 7 7
8 23 201
23 8 201
9 13 219
13 9 219
9 15 547
15 9 547
9 17 626
17 9 626
9 21 527
21 9 527
9 27 904
27 9 904
9 76 902
76 9 902
9 26 177
26 9 177
10 12 293
12 10 293
10 90 386
90 10 386
11 29 294
29 11 294
11 46 21
46 11 21
12 61 839
61 12 839
13 42 41
42 13 41
13 36 360
36 13 360
14 19 367
19 14 367
14 78 670
78 14 670
15 33 520
33 15 520
15 45 923
45 15 923
15 65 479
65 15 479
15 22 286
22 15 286
16 39 982
39 16 982
16 30 144
30 16 144
17 63 76
63 17 76
17 56 926
56 17 926
18 53 666
53 18 666
18 56 29
56 18 29
18 67 857
67 18 857
18 84 383
84 18 383
19 22 915
22 19 915
19 28 841
28 19 841
19 31 182
31 19 182
21 82 810
82 21 810
22 24 801
24 22 801
22 35 871
35 22 871
22 37 741
37 22 741
22 77 539
77 22 539
22 37 176
37 22 176
23 62 378
62 23 378
25 73 707
73 25 707
26 36 214
36 26 214
26 48 411
48 26 411
26 67 414
67 26 414
28 85 952
85 28 952
29 30 617
30 29 617
29 58 507
58 29 507
30 42 351
42 30 351
30 83 715
83 30 715
31 79 269
79 31 269
31 34 200
34 31 200
34 49 829
49 34 829
34 50 89
50 34 89
34 77 52
77 34 52
35 71 592
71 35 592
35 77 644
77 35 644
35 59 74
59 35 74
36 38 103
38 36 103
36 41 925
41 36 925
37 47 868
47 37 868
39 40 319
40 39 319
39 87 825
87 39 825
40 43 478
43 40 478
41 43 892
43 41 892
41 80 559
80 41 559
41 80 634
80 41 634
42 50 329
50 42 329
42 72 392
72 42 392
42 90 727
90 42 727
43 50 26
50 43 26
44 74 813
74 44 813
44 64 929
64 44 929
44 74 126
74 44 126
45 69 87
69 45 87
46 52 66
52 46 66
46 60 875
60 46 875
46 70 91
70 46 91
46 73 202
73 46 202
47 54 43
54 47 43
47 75 710
75 47 710
47 89 954
89 47 954
47 87 75
87 47 75
47 62 295
62 47 295
49 57 472
57 49 472
50 72 924
72 50 924
50 85 407
85 50 407
50 88 300
88 50 300
50 76 161
76 50 161
52 59 877
59 52 877
52 66 963
66 52 963
54 87 763
87 54 763
55 64 432
64 55 432
55 90 416
90 55 416
56 77 585
77 56 585
57 79 997
79 57 997
57 81 414
81 57 414
59 61 438
61 59 438
59 66 200
66 59 200
60 78 380
78 60 380
61 78 944
78 61 944
64 85 985
85 64 985
65 86 975
86 65 975
65 82 990
82 65 990
69 83 441
83 69 441
69 88 223
88 69 223
71 73 763
73 71 763
73 81 497
81 73 497
78 90 824
90 78 824
