95

0 1 363
1 0 363
0 11 375
11 0 375
0 43 802
43 0 802
0 94 957
94 0 957
0 56 962
56 0 962
0 64 552
64 0 552
0 88 731
88 0 731
0 18 832
18 0 832
1 2 1000
2 1 1000
1 3 605
3 1 605
1 4 818
4 1 818
1 8 425
8 1 425
1 24 168
24 1 168
1 70 908
70 1 908
1 85 443
85 1 443
1 87 235
87 1 235
1 1 431
1 1 431
1 13 533
13 1 533
1 35 282
35 1 282
1 53 881
53 1 881
1 72 234
72 1 234
1 69 492
69 1 492
1 55 736
55 1 736
2 5 301
5 2 301
2 12 316
12 2 316
2 40 20
40 2 20
2 43 580
43 2 580
2 79 411
79 2 411
2 74 979
74 2 979
2 4 617
4 2 617
2 26 75
26 2 75
2 11 206
11 2 206
2 10 974
10 2 974
2 8 757
8 2 757
3 6 11
6 3 11
3 17 106
17 3 106
3 34 588
34 3 588
3 51 967
51 3 967
3 62 295
62 3 295
3 83 662
83 3 662
3 29 353
29 3 353
3 48 224
48 3 224
3 32 432
32 3 432
4 7 952
7 4 952
4 29 287
29 4 287
4 45 302
45 4 302
4 30 783
30 4 783
4 21 9
21 4 9
4 62 292
62 4 292
4 25 55
25 4 55
4 38 964
38 4 964
4 94 472
94 4 472
4 9 881
9 4 881
4 31 865
31 4 865
4 25 606
25 4 606
4 52 182
52 4 182
5 10 605
10 5 605
5 7 350
7 5 350
5 93 457
93 5 457
5 49 353
49 5 353
5 37 989
37 5 989
5 29 48
29 5 48
5 77 711
77 5 711
5 80 852
80 5 852
5 19 731
19 5 731
5 43 130
43 5 130
5 30 421
30 5 421
5 92 256
92 5 256
6 85 737
85 6 737
6 12 711
12 6 711
6 57 583
57 6 583
6 22 71
22 6 71
7 9 483
9 7 483
7 46 833
46 7 833
7 84 232
84 7 232
7 80 491
80 7 491
7 12 733
12 7 733
7 29 801
29 7 801
8 59 111
59 8 111
8 30 97
30 8 97
8 74 253
74 8 253
8 66 536
66 8 536
8 32 733
32 8 733
8 28 135
28 8 135
8 19 459
19 8 459
8 94 172
94 8 172
9 13 166
13 9 166
9 15 41
15 9 41
9 30 508
30 9 508
9 37 207
37 9 207
9 11 491
11 9 491
9 56 623
56 9 623
9 93 395
93 9 395
9 29 577
29 9 577
9 59 660
59 9 660
9 63 791
63 9 791
9 31 387
31 9 387
9 14 247
14 9 247
9 28 784
28 9 784
9 75 192
75 9 192
9 59 170
59 9 170
9 19 501
19 9 501
10 21 617
21 10 617
10 31 208
31 10 208
10 36 750
36 10 750
10 41 459
41 10 459
10 42 904
42 10 904
10 84 104
84 10 104
10 37 711
37 10 711
10 76 388
76 10 388
10 25 836
25 10 836
10 29 325
29 10 325
10 57 629
57 10 629
10 48 423
48 10 423
10 32 966
32 10 966
10 22 460
22 10 460
10 77 457
77 10 457
11 14 880
14 11 880
11 55 663
55 11 663
11 50 819
50 11 819
11 59 463
59 11 463
11 42 855
42 11 855
11 30 110
30 11 110
11 44 343
44 11 343
11 62 445
62 11 445
11 63 471
63 11 471
11 77 166
77 11 166
11 52 635
52 11 635
12 22 684
22 12 684
12 35 366
35 12 366
12 60 895
60 12 895
12 48 87
48 12 87
12 36 831
36 12 831
12 53 452
53 12 452
12 50 366
50 12 366
12 41 520
41 12 520
12 47 821
47 12 821
13 54 49
54 13 49
13 82 275
82 13 275
13 31 970
31 13 970
13 84 797
84 13 797
13 41 763
41 13 763
13 33 256
33 13 256
14 16 693
16 14 693
14 18 336
18 14 336
14 45 260
45 14 260
14 46 491
46 14 491
14 20 924
20 14 924
14 16 209
16 14 209
15 19 72
19 15 72
15 38 183
38 15 183
15 57 108
57 15 108
15 39 205
39 15 205
15 84 707
84 15 707
15 62 141
62 15 141
15 64 543
64 15 543
15 16 511
16 15 511
15 33 289
33 15 289
15 94 102
94 15 102
16 25 781
25 16 781
16 26 759
26 16 759
16 27 303
27 16 303
16 82 158
82 16 158
16 69 651
69 16 651
16 57 831
57 16 831
16 39 593
39 16 593
16 70 29
70 16 29
16 40 126
40 16 126
16 61 946
61 16 946
16 87 687
87 16 687
16 86 655
86 16 655
17 20 887
20 17 887
17 45 396
45 17 396
17 72 748
72 17 748
17 56 430
56 17 430
17 63 463
63 17 463
17 86 648
86 17 648
18 44 895
44 18 895
18 63 519
63 18 519
18 28 611
28 18 611
18 72 513
72 18 513
18 30 607
30 18 607
18 92 460
92 18 460
18 53 499
53 18 499
19 23 765
23 19 765
19 46 181
46 19 181
19 84 293
84 19 293
19 36 742
36 19 742
20 33 851
33 20 851
20 52 851
52 20 851
20 68 303
68 20 303
20 32 210
32 20 210
20 43 948
43 20 948
20 80 666
80 20 666
20 37 13
37 20 13
20 60 709
60 20 709
20 61 562
61 20 562
20 45 70
45 20 70
20 24 722
24 20 722
20 81 690
81 20 690
21 68 197
68 21 197
21 56 116
56 21 116
21 60 62
60 21 62
21 46 941
46 21 941
22 81 594
81 22 594
22 29 728
29 22 728
22 69 533
69 22 533
22 77 3
77 22 3
22 23 966
23 22 966
22 37 961
37 22 961
22 50 805
50 22 805
23 25 352
25 23 352
23 37 111
37 23 111
23 32 228
32 23 228
23 70 930
70 23 930
23 88 283
88 23 283
23 60 976
60 23 976
24 28 5
28 24 5
24 49 861
49 24 861
24 50 603
50 24 603
24 69 850
69 24 850
24 78 126
78 24 126
24 90 275
90 24 275
24 39 199
39 24 199
24 31 316
31 24 316
24 75 854
75 24 854
25 71 52
71 25 52
25 77 888
77 25 888
25 81 972
81 25 972
25 94 391
94 25 391
25 40 40
40 25 40
25 90 987
90 25 987
25 67 761
67 25 761
25 85 931
85 25 931
26 77 428
77 26 428
26 85 13
85 26 13
26 79 672
79 26 672
26 66 220
66 26 220
26 90 243
90 26 243
26 55 961
55 26 961
27 94 770
94 27 770
27 66 281
66 27 281
27 94 132
94 27 132
27 76 473
76 27 473
28 54 72
54 28 72
28 46 109
46 28 109
29 32 358
32 29 358
29 53 801
53 29 801
29 32 144
32 29 144
29 81 358
81 29 358
29 69 225
69 29 225
29 47 224
47 29 224
30 37 712
37 30 712
30 60 655
60 30 655
30 68 963
68 30 963
30 83 730
83 30 730
30 75 576
75 30 576
31 39 159
39 31 159
31 55 625
55 31 625
31 93 484
93 31 484
31 88 983
88 31 983
31 36 760
36 31 760
32 67 789
67 32 789
32 51 806
51 32 806
32 58 321
58 32 321
33 65 222
65 33 222
33 68 533
68 33 533
33 76 728
76 33 728
33 62 569
62 33 569
33 52 339
52 33 339
34 74 736
74 34 736
34 94 777
94 34 777
34 35 305
35 34 305
34 77 947
77 34 947
34 79 276
79 34 276
34 41 200
41 34 200
34 70 343
70 34 343
34 49 941
49 34 941
34 89 506
89 34 506
35 47 280
47 35 280
35 49 774
49 35 774
35 88 252
88 35 252
36 84 65
84 36 65
36 61 488
61 36 488
36 47 618
47 36 618
36 72 762
72 36 762
36 49 829
49 36 829
36 75 713
75 36 713
37 80 216
80 37 216
37 44 86
44 37 86
37 53 667
53 37 667
37 77 569
77 37 569
37 45 935
45 37 935
37 74 165
74 37 165
38 48 964
48 38 964
38 57 10
57 38 10
38 90 396
90 38 396
38 85 956
85 38 956
38 74 883
74 38 883
38 89 101
89 38 101
38 80 364
80 38 364
39 63 685
63 39 685
39 75 197
75 39 197
39 77 585
77 39 585
39 45 918
45 39 918
39 80 399
80 39 399
39 47 679
47 39 679
39 92 911
92 39 911
39 91 756
91 39 756
39 74 17
74 39 17
40 49 287
49 40 287
40 61 327
61 40 327
40 82 832
82 40 832
41 64 265
64 41 265
41 66 650
66 41 650
41 73 356
73 41 356
41 87 184
87 41 184
41 77 316
77 41 316
41 81 628
81 41 628
41 44 725
44 41 725
41 64 987
64 41 987
41 71 257
71 41 257
42 90 282
90 42 282
42 86 43
86 42 43
42 55 199
55 42 199
42 61 615
61 42 615
42 70 54
70 42 54
42 72 153
72 42 153
42 72 428
72 42 428
43 92 609
92 43 609
43 77 816
77 43 816
43 53 837
53 43 837
43 67 290
67 43 290
43 58 463
58 43 463
43 89 774
89 43 774
44 88 512
88 44 512
44 50 837
50 44 837
44 53 190
53 44 190
44 82 86
82 44 86
44 85 719
85 44 719
44 50 147
50 44 147
44 90 599
90 44 599
44 89 770
89 44 770
44 55 676
55 44 676
45 58 113
58 45 113
45 89 361
89 45 361
45 72 319
72 45 319
45 62 288
62 45 288
45 53 12
53 45 12
46 60 784
60 46 784
46 82 658
82 46 658
46 90 282
90 46 282
47 50 452
50 47 452
47 67 859
67 47 859
47 94 833
94 47 833
47 48 287
48 47 287
47 91 734
91 47 734
47 63 312
63 47 312
47 87 403
87 47 403
48 93 567
93 48 567
48 50 237
50 48 237
48 59 545
59 48 545
49 62 213
62 49 213
49 69 969
69 49 969
49 50 906
50 49 906
49 92 303
92 49 303
49 77 285
77 49 285
49 66 667
66 49 667
49 62 440
62 49 440
50 89 420
89 50 420
50 93 189
93 50 189
50 92 527
92 50 527
51 53 815
53 51 815
51 71 74
71 51 74
51 55 325
55 51 325
52 56 172
56 52 172
52 90 287
90 52 287
52 77 796
77 52 796
52 63 80
63 52 80
52 58 144
58 52 144
53 92 253
92 53 253
53 74 123
74 53 123
53 62 393
62 53 393
53 60 238
60 53 238
54 63 727
63 54 727
54 75 64
75 54 64
54 77 999
77 54 999
55 61 602
61 55 602
55 80 947
80 55 947
56 72 542
72 56 542
56 76 61
76 56 61
56 88 900
88 56 900
56 85 139
85 56 139
57 72 282
72 57 282
57 77 667
77 57 667
57 80 481
80 57 481
57 60 664
60 57 664
58 89 665
89 58 665
59 78 707
78 59 707
59 86 682
86 59 682
59 85 792
85 59 792
59 72 567
72 59 567
59 81 238
81 59 238
60 64 505
64 60 505
60 84 351
84 60 351
61 66 789
66 61 789
61 68 590
68 61 590
62 82 492
82 62 492
63 78 676
78 63 676
64 65 882
65 64 882
64 88 820
88 64 820
64 65 237
65 64 237
65 71 377
71 65 377
66 79 378
79 66 378
66 81 372
81 66 372
67 69 15
69 67 15
67 85 884
85 67 884
67 75 398
75 67 398
68 89 276
89 68 276
68 79 671
79 68 671
68 75 770
75 68 770
69 83 920
83 69 920
70 75 418
75 70 418
70 83 645
83 70 645
71 72 680
72 71 680
72 76 543
76 72 543
73 75 730
75 73 730
74 85 963
85 74 963
74 86 792
86 74 792
74 77 465
77 74 465
75 93 644
93 75 644
75 91 924
91 75 924
76 86 892
86 76 892
77 93 698
93 77 698
78 94 178
94 78 178
78 94 350
94 78 350
80 85 190
85 80 190
80 87 779
87 80 779
80 93 502
93 80 502
81 87 277
87 81 277
81 84 127
84 81 127
83 89 818
89 83 818
83 94 101
94 83 101
84 90 460
90 84 460
85 93 667
93 85 667
86 90 457
90 86 457
87 91 423
91 87 423
92 94 429
94 92 429
