80

0 1 472
1 0 472
0 2 741
2 0 741
0 3 804
3 0 804
0 9 856
9 0 856
0 13 452
13 0 452
0 24 339
24 0 339
0 27 245
27 0 245
0 40 589
40 0 589
0 60 38
60 0 38
0 65 968
65 0 968
0 14 912
14 0 912
0 35 327
35 0 327
0 34 401
34 0 401
0 72 995
72 0 995
0 52 778
52 0 778
0 37 426
37 0 426
0 47 529
47 0 529
0 71 10
71 0 10
0 31 115
31 0 115
0 22 304
22 0 304
0 64 874
64 0 874
0 30 682
30 0 682
0 67 210
67 0 210
0 20 494
20 0 494
0 2 256
2 0 256
0 37 861
37 0 861
1 5 883
5 1 883
1 10 301
10 1 301
1 11 506
11 1 506
1 35 569
35 1 569
1 16 44
16 1 44
1 70 109
70 1 109
1 45 886
45 1 886
1 42 556
42 1 556
1 60 995
60 1 995
1 18 213
18 1 213
1 77 954
77 1 954
1 63 369
63 1 369
1 30 334
30 1 334
1 77 476
77 1 476
1 27 938
27 1 938
1 24 311
24 1 311
1 50 402
50 1 402
1 64 797
64 1 797
2 7 604
7 2 604
2 12 299
12 2 299
2 20 139
20 2 139
2 65 309
65 2 309
2 24 546
24 2 546
2 60 198
60 2 198
2 58 74
58 2 74
2 65 752
65 2 752
2 20 805
20 2 805
2 49 288
49 2 288
2 32 703
32 2 703
2 5 629
5 2 629
2 22 14
22 2 14
2 65 620
65 2 620
2 44 150
44 2 150
2 46 837
46 2 837
2 5 358
5 2 358
2 73 346
73 2 346
2 73 436
73 2 436
3 4 246
4 3 246
3 16 491
16 3 491
3 37 41
37 3 41
3 38 334
38 3 334
3 41 377
41 3 377
3 43 326
43 3 326
3 62 303
62 3 303
3 55 513
55 3 513
3 66 298
66 3 298
3 15 697
15 3 697
3 69 677
69 3 677
3 61 190
61 3 190
3 14 762
14 3 762
4 6 611
6 4 611
4 58 751
58 4 751
4 45 911
45 4 911
4 9 905
9 4 905
4 49 8
49 4 8
4 52 629
52 4 629
4 56 168
56 4 168
4 29 210
29 4 210
4 27 716
27 4 716
5 79 651
79 5 651
5 28 633
28 5 633
5 67 574
67 5 574
5 51 139
51 5 139
5 23 883
23 5 883
5 24 587
24 5 587
5 70 538
70 5 538
5 76 894
76 5 894
5 39 545
39 5 545
6 8 415
8 6 415
6 21 224
21 6 224
6 23 898
23 6 898
6 55 133
55 6 133
6 18 739
18 6 739
6 22 81
22 6 81
6 61 154
61 6 154
6 36 319
36 6 319
6 49 250
49 6 250
6 40 216
40 6 216
6 52 333
52 6 333
6 43 151
43 6 151
6 33 739
33 6 739
6 64 365
64 6 365
6 28 900
28 6 900
7 44 124
44 7 124
7 12 492
12 7 492
7 13 878
13 7 878
7 52 424
52 7 424
7 76 615
76 7 615
7 15 253
15 7 253
7 39 199
39 7 199
7 43 708
43 7 708
7 36 742
36 7 742
7 78 95
78 7 95
7 23 855
23 7 855
7 22 934
22 7 934
7 70 15
70 7 15
7 40 997
40 7 997
8 15 201
15 8 201
8 21 914
21 8 914
8 48 775
48 8 775
8 29 787
29 8 787
8 19 469
19 8 469
8 71 423
71 8 423
8 52 936
52 8 936
8 42 372
42 8 372
8 74 412
74 8 412
8 32 711
32 8 711
8 51 642
51 8 642
8 70 335
70 8 335
8 20 122
20 8 122
8 50 320
50 8 320
8 68 279
68 8 279
8 39 315
39 8 315
8 45 144
45 8 144
8 16 165
16 8 165
8 68 80
68 8 80
8 52 574
52 8 574
8 41 649
41 8 649
8 30 544
30 8 544
8 43 703
43 8 703
8 74 108
74 8 108
8 39 28
39 8 28
9 18 373
18 9 373
9 58 385
58 9 385
9 65 387
65 9 387
9 47 650
47 9 650
9 71 618
71 9 618
9 49 859
49 9 859
9 56 238
56 9 238
9 42 573
42 9 573
10 14 490
14 10 490
10 26 323
26 10 323
10 28 398
28 10 398
10 33 105
33 10 105
10 46 776
46 10 776
10 64 141
64 10 141
10 68 99
68 10 99
10 16 368
16 10 368
10 32 803
32 10 803
10 51 860
51 10 860
10 77 306
77 10 306
10 61 153
61 10 153
10 16 776
16 10 776
10 31 741
31 10 741
10 71 800
71 10 800
10 68 428
68 10 428
11 25 988
25 11 988
11 55 703
55 11 703
11 35 897
35 11 897
11 36 678
36 11 678
11 49 720
49 11 720
11 37 35
37 11 35
11 78 23
78 11 23
11 41 374
41 11 374
11 45 493
45 11 493
11 54 228
54 11 228
11 68 277
68 11 277
11 29 457
29 11 457
11 42 335
42 11 335
12 19 17
19 12 17
12 55 50
55 12 50
12 50 761
50 12 761
12 22 841
22 12 841
12 68 953
68 12 953
13 45 222
45 13 222
13 37 403
37 13 403
13 36 579
36 13 579
13 51 779
51 13 779
13 61 640
61 13 640
13 36 163
36 13 163
13 47 828
47 13 828
13 76 809
76 13 809
13 22 722
22 13 722
13 74 28
74 13 28
14 32 362
32 14 362
14 70 139
70 14 139
14 53 242
53 14 242
14 39 454
39 14 454
14 52 501
52 14 501
14 19 691
19 14 691
14 56 668
56 14 668
14 22 828
22 14 828
15 17 877
17 15 877
15 55 574
55 15 574
15 47 732
47 15 732
15 41 480
41 15 480
15 18 858
18 15 858
15 29 263
29 15 263
15 61 267
61 15 267
16 17 900
17 16 900
16 41 948
41 16 948
16 72 257
72 16 257
16 68 529
68 16 529
16 48 826
48 16 826
16 39 883
39 16 883
16 68 317
68 16 317
16 76 258
76 16 258
17 74 577
74 17 577
17 77 876
77 17 876
17 19 533
19 17 533
17 39 539
39 17 539
17 78 424
78 17 424
17 73 938
73 17 938
17 56 36
56 17 36
17 36 626
36 17 626
17 61 150
61 17 150
17 73 747
73 17 747
18 22 795
22 18 795
18 23 466
23 18 466
18 55 621
55 18 621
18 21 644
21 18 644
18 65 866
65 18 866
18 52 367
52 18 367
18 46 65
46 18 65
18 72 297
72 18 297
18 48 119
48 18 119
18 45 127
45 18 127
18 28 18
28 18 18
18 36 743
36 18 743
18 53 141
53 18 141
18 60 916
60 18 916
18 79 178
79 18 178
18 40 775
40 18 775
18 30 371
30 18 371
19 50 929
50 19 929
19 30 687
30 19 687
19 74 641
74 19 641
19 46 714
46 19 714
19 78 430
78 19 430
19 69 930
69 19 930
19 48 653
48 19 653
19 58 688
58 19 688
19 26 140
26 19 140
19 65 598
65 19 598
19 47 850
47 19 850
19 29 151
29 19 151
20 29 270
29 20 270
20 65 52
65 20 52
20 54 636
54 20 636
20 66 929
66 20 929
20 31 619
31 20 619
20 57 840
57 20 840
20 42 410
42 20 410
20 79 287
79 20 287
20 61 955
61 20 955
20 48 927
48 20 927
20 23 800
23 20 800
20 23 305
23 20 305
20 51 907
51 20 907
20 46 69
46 20 69
21 34 181
34 21 181
21 36 124
36 21 124
21 66 70
66 21 70
21 76 47
76 21 47
21 76 605
76 21 605
21 48 233
48 21 233
21 40 928
40 21 928
21 50 550
50 21 550
21 44 277
44 21 277
21 65 618
65 21 618
21 78 472
78 21 472
21 48 307
48 21 307
22 37 729
37 22 729
22 26 197
26 22 197
22 49 467
49 22 467
22 69 789
69 22 789
22 49 786
49 22 786
22 60 740
60 22 740
22 66 970
66 22 970
22 27 220
27 22 220
22 27 301
27 22 301
22 27 365
27 22 365
23 57 773
57 23 773
23 61 210
61 23 210
23 69 211
69 23 211
23 78 349
78 23 349
23 52 207
52 23 207
23 61 11
61 23 11
23 65 113
65 23 113
23 31 148
31 23 148
23 72 270
72 23 270
23 34 483
34 23 483
23 29 595
29 23 595
23 47 726
47 23 726
24 45 99
45 24 99
24 69 39
69 24 39
24 69 299
69 24 299
24 28 830
28 24 830
24 55 257
55 24 257
24 64 765
64 24 765
25 38 946
38 25 946
25 71 413
71 25 413
25 55 566
55 25 566
25 47 824
47 25 824
25 57 116
57 25 116
25 31 486
31 25 486
25 49 492
49 25 492
25 53 208
53 25 208
25 40 105
40 25 105
25 45 726
45 25 726
26 43 964
43 26 964
26 62 35
62 26 35
26 69 3
69 26 3
26 40 57
40 26 57
26 33 535
33 26 535
26 51 791
51 26 791
26 52 766
52 26 766
26 69 619
69 26 619
26 74 644
74 26 644
26 50 52
50 26 52
27 57 424
57 27 424
27 31 208
31 27 208
27 53 55
53 27 55
27 65 196
65 27 196
27 57 839
57 27 839
27 43 320
43 27 320
27 75 137
75 27 137
27 76 146
76 27 146
27 58 407
58 27 407
27 49 948
49 27 948
27 49 225
49 27 225
27 28 882
28 27 882
28 30 394
30 28 394
28 46 384
46 28 384
28 44 492
44 28 492
28 32 302
32 28 302
28 38 552
38 28 552
28 39 265
39 28 265
28 61 655
61 28 655
28 79 696
79 28 696
28 56 117
56 28 117
28 55 375
55 28 375
28 37 611
37 28 611
28 54 866
54 28 866
28 51 586
51 28 586
28 42 144
42 28 144
29 31 189
31 29 189
29 56 250
56 29 250
29 34 726
34 29 726
29 61 719
61 29 719
29 42 545
42 29 545
29 57 806
57 29 806
29 69 514
69 29 514
29 51 1
51 29 1
29 53 603
53 29 603
29 48 32
48 29 32
29 72 546
72 29 546
29 45 291
45 29 291
29 30 791
30 29 791
29 43 777
43 29 777
30 54 334
54 30 334
30 75 414
75 30 414
30 63 627
63 30 627
30 45 10
45 30 10
30 61 386
61 30 386
30 71 126
71 30 126
30 43 651
43 30 651
30 75 171
75 30 171
31 37 978
37 31 978
31 34 214
34 31 214
31 33 787
33 31 787
31 34 597
34 31 597
31 64 827
64 31 827
31 48 483
48 31 483
31 66 505
66 31 505
31 77 417
77 31 417
31 34 395
34 31 395
32 63 297
63 32 297
32 59 174
59 32 174
32 55 820
55 32 820
32 59 555
59 32 555
32 52 179
52 32 179
32 43 573
43 32 573
32 67 999
67 32 999
32 63 278
63 32 278
33 58 117
58 33 117
33 74 870
74 33 870
33 35 53
35 33 53
33 66 328
66 33 328
33 33 117
33 33 117
33 34 345
34 33 345
33 65 752
65 33 752
33 45 778
45 33 778
34 42 118
42 34 118
34 72 526
72 34 526
34 60 409
60 34 409
34 67 407
67 34 407
34 48 349
48 34 349
34 49 936
49 34 936
34 65 199
65 34 199
34 37 925
37 34 925
34 58 177
58 34 177
34 63 670
63 34 670
34 51 641
51 34 641
35 39 1
39 35 1
35 41 755
41 35 755
35 51 161
51 35 161
35 66 790
66 35 790
35 50 391
50 35 391
35 57 92
57 35 92
35 66 260
66 35 260
35 46 963
46 35 963
35 42 158
42 35 158
36 49 198
49 36 198
36 70 967
70 36 967
36 57 959
57 36 959
36 40 530
40 36 530
36 56 561
56 36 561
36 50 238
50 36 238
36 77 589
77 36 589
36 48 933
48 36 933
36 71 194
71 36 194
36 56 304
56 36 304
36 44 920
44 36 920
37 53 913
53 37 913
37 65 838
65 37 838
37 68 250
68 37 250
37 69 19
69 37 19
37 54 771
54 37 771
37 52 413
52 37 413
38 47 538
47 38 538
38 44 591
44 38 591
38 55 277
55 38 277
38 63 455
63 38 455
38 52 662
52 38 662
38 56 716
56 38 716
38 43 544
43 38 544
38 67 424
67 38 424
38 69 880
69 38 880
38 48 112
48 38 112
38 69 130
69 38 130
39 72 191
72 39 191
39 55 462
55 39 462
39 64 953
64 39 953
39 73 971
73 39 971
39 69 930
69 39 930
39 50 372
50 39 372
39 41 152
41 39 152
39 40 487
40 39 487
39 45 690
45 39 690
39 42 402
42 39 402
40 49 803
49 40 803
40 75 261
75 40 261
40 40 25
40 40 25
40 61 899
61 40 899
40 73 665
73 40 665
40 68 525
68 40 525
40 52 213
52 40 213
41 78 568
78 41 568
41 42 389
42 41 389
41 57 616
57 41 616
41 54 789
54 41 789
41 47 928
47 41 928
41 47 800
47 41 800
42 52 693
52 42 693
42 62 737
62 42 737
42 53 648
53 42 648
42 71 959
71 42 959
42 63 312
63 42 312
42 50 363
50 42 363
43 75 546
75 43 546
43 71 720
71 43 720
43 69 512
69 43 512
43 55 279
55 43 279
43 49 581
49 43 581
43 65 926
65 43 926
43 68 387
68 43 387
43 46 334
46 43 334
43 71 58
71 43 58
43 46 602
46 43 602
44 50 852
50 44 852
44 77 137
77 44 137
44 47 203
47 44 203
45 47 513
47 45 513
45 53 59
53 45 59
45 50 526
50 45 526
45 78 930
78 45 930
45 45 460
45 45 460
45 66 267
66 45 267
45 68 697
68 45 697
46 54 134
54 46 134
46 54 265
54 46 265
46 56 329
56 46 329
46 48 266
48 46 266
46 65 833
65 46 833
46 58 669
58 46 669
47 59 723
59 47 723
47 69 821
69 47 821
47 50 621
50 47 621
47 52 751
52 47 751
47 78 269
78 47 269
47 71 132
71 47 132
47 68 160
68 47 160
47 65 767
65 47 767
47 75 577
75 47 577
47 49 608
49 47 608
48 78 347
78 48 347
48 79 991
79 48 991
48 76 372
76 48 372
48 79 710
79 48 710
49 65 556
65 49 556
49 63 347
63 49 347
49 57 440
57 49 440
49 65 569
65 49 569
49 68 754
68 49 754
49 58 824
58 49 824
49 67 81
67 49 81
49 68 925
68 49 925
50 79 146
79 50 146
50 72 510
72 50 510
50 60 195
60 50 195
50 69 867
69 50 867
50 63 248
63 50 248
50 77 594
77 50 594
50 75 485
75 50 485
51 76 295
76 51 295
51 78 243
78 51 243
51 61 123
61 51 123
51 63 79
63 51 79
51 53 748
53 51 748
51 51 488
51 51 488
51 73 93
73 51 93
52 54 126
54 52 126
52 75 537
75 52 537
52 54 608
54 52 608
53 73 380
73 53 380
53 70 330
70 53 330
53 78 432
78 53 432
53 62 192
62 53 192
53 60 253
60 53 253
53 65 860
65 53 860
54 75 955
75 54 955
54 56 649
56 54 649
54 58 75
58 54 75
54 61 223
61 54 223
54 74 570
74 54 570
55 56 341
56 55 341
55 72 614
72 55 614
55 79 249
79 55 249
55 78 224
78 55 224
55 75 607
75 55 607
56 75 931
75 56 931
56 65 239
65 56 239
57 75 727
75 57 727
57 66 379
66 57 379
57 60 128
60 57 128
57 59 543
59 57 543
57 67 925
67 57 925
57 76 266
76 57 266
58 58 718
58 58 718
58 61 430
61 58 430
58 66 620
66 58 620
58 66 859
66 58 859
59 70 375
70 59 375
59 75 719
75 59 719
59 61 178
61 59 178
59 66 407
66 59 407
59 78 141
78 59 141
59 63 342
63 59 342
60 62 114
62 60 114
61 73 151
73 61 151
61 69 23
69 61 23
62 65 385
65 62 385
62 69 522
69 62 522
62 67 119
67 62 119
62 74 960
74 62 960
62 68 742
68 62 742
62 77 658
77 62 658
63 67 549
67 63 549
63 72 612
72 63 612
63 78 390
78 63 390
64 64 934
64 64 934
65 65 573
65 65 573
65 78 625
78 65 625
65 72 820
72 65 820
65 68 91
68 65 91
67 71 72
71 67 72
67 68 391
68 67 391
67 71 512
71 67 512
68 77 318
77 68 318
70 70 384
70 70 384
70 77 335
77 70 335
70 77 122
77 70 122
70 77 370
77 70 370
72 78 320
78 72 320
75 76 853
76 75 853
76 78 591
78 76 591
76 77 659
77 76 659
