61

0 1 454
1 0 454
0 22 955
22 0 955
0 19 144
19 0 144
0 10 193
10 0 193
0 14 561
14 0 561
0 13 176
13 0 176
0 50 414
50 0 414
0 9 756
9 0 756
0 41 619
41 0 619
0 29 686
29 0 686
0 23 205
23 0 205
0 17 12
17 0 12
1 2 895
2 1 895
1 4 839
4 1 839
1 14 606
14 1 606
1 45 688
45 1 688
1 46 291
46 1 291
1 47 629
47 1 629
1 14 832
14 1 832
1 45 356
45 1 356
1 37 762
37 1 762
1 28 546
28 1 546
1 58 501
58 1 501
1 4 818
4 1 818
1 50 533
50 1 533
1 57 801
57 1 801
1 33 487
33 1 487
1 14 343
14 1 343
1 34 135
34 1 135
1 53 30
53 1 30
1 31 153
31 1 153
2 3 898
3 2 898
2 44 504
44 2 504
2 48 126
48 2 126
2 60 642
60 2 642
2 24 667
24 2 667
2 25 898
25 2 898
2 45 179
45 2 179
2 11 944
11 2 944
2 59 721
59 2 721
2 55 564
55 2 564
2 41 144
41 2 144
2 43 37
43 2 37
2 30 299
30 2 299
2 46 113
46 2 113
2 28 554
28 2 554
2 57 437
57 2 437
3 6 552
6 3 552
3 7 25
7 3 25
3 9 994
9 3 994
3 33 382
33 3 382
3 22 833
22 3 833
3 38 860
38 3 860
3 19 64
19 3 64
3 19 454
19 3 454
3 37 178
37 3 178
3 5 885
5 3 885
3 17 866
17 3 866
3 60 472
60 3 472
3 13 104
13 3 104
3 35 408
35 3 408
3 6 762
6 3 762
4 5 600
5 4 600
4 58 300
58 4 300
4 49 537
49 4 537
4 16 614
16 4 614
4 11 575
11 4 575
4 49 734
49 4 734
4 32 582
32 4 582
4 14 488
14 4 488
4 58 682
58 4 682
4 38 873
38 4 873
4 10 262
10 4 262
5 11 445
11 5 445
5 25 152
25 5 152
5 26 126
26 5 126
5 43 140
43 5 140
5 43 113
43 5 113
5 43 426
43 5 426
5 46 135
46 5 135
6 10 748
10 6 748
6 15 716
15 6 716
6 18 968
18 6 968
6 41 505
41 6 505
6 51 393
51 6 393
6 16 972
16 6 972
6 40 608
40 6 608
6 31 945
31 6 945
6 19 764
19 6 764
6 50 996
50 6 996
6 18 653
18 6 653
6 13 64
13 6 64
6 16 516
16 6 516
6 23 735
23 6 735
6 28 482
28 6 482
6 54 336
54 6 336
6 50 294
50 6 294
7 8 209
8 7 209
7 10 940
10 7 940
7 57 541
57 7 541
7 41 709
41 7 709
7 18 530
18 7 530
7 11 781
11 7 781
7 37 616
37 7 616
7 41 828
41 7 828
7 53 977
53 7 977
7 47 96
47 7 96
8 18 128
18 8 128
8 38 890
38 8 890
8 21 850
21 8 850
8 55 812
55 8 812
8 57 439
57 8 439
8 40 260
40 8 260
8 20 417
20 8 417
8 30 507
30 8 507
8 17 299
17 8 299
8 19 480
19 8 480
8 34 619
34 8 619
8 45 804
45 8 804
9 12 144
12 9 144
9 13 421
13 9 421
9 38 591
38 9 591
9 11 657
11 9 657
9 44 109
44 9 109
9 47 330
47 9 330
9 48 853
48 9 853
9 29 887
29 9 887
9 31 739
31 9 739
10 17 322
17 10 322
10 21 976
21 10 976
10 24 641
24 10 641
10 37 710
37 10 710
10 50 614
50 10 614
10 15 414
15 10 414
10 56 642
56 10 642
10 24 343
24 10 343
10 28 815
28 10 815
10 29 726
29 10 726
10 35 38
35 10 38
10 45 923
45 10 923
10 18 522
18 10 522
10 55 61
55 10 61
10 55 142
55 10 142
10 20 494
20 10 494
10 49 972
49 10 972
11 23 289
23 11 289
11 25 870
25 11 870
11 29 290
29 11 290
11 34 716
34 11 716
11 51 607
51 11 607
11 50 751
50 11 751
11 30 120
30 11 120
11 20 276
20 11 276
11 46 787
46 11 787
11 17 776
17 11 776
12 31 849
31 12 849
12 22 787
22 12 787
12 53 239
53 12 239
12 12 710
12 12 710
12 55 254
55 12 254
12 59 828
59 12 828
12 14 514
14 12 514
13 16 492
16 13 492
13 20 789
20 13 789
13 38 864
38 13 864
13 37 780
37 13 780
13 17 225
17 13 225
13 32 724
32 13 724
13 50 292
50 13 292
13 30 553
30 13 553
13 48 883
48 13 883
13 19 734
19 13 734
13 15 95
15 13 95
14 19 680
19 14 680
14 30 320
30 14 320
14 33 665
33 14 665
14 59 547
59 14 547
14 19 679
19 14 679
14 17 277
17 14 277
14 32 30
32 14 30
14 48 237
48 14 237
14 33 131
33 14 131
14 22 330
22 14 330
14 24 676
24 14 676
14 35 760
35 14 760
14 37 6
37 14 6
14 21 973
21 14 973
15 26 590
26 15 590
15 41 768
41 15 768
15 42 49
42 15 49
15 50 827
50 15 827
15 34 902
34 15 902
15 44 863
44 15 863
15 36 189
36 15 189
15 24 934
24 15 934
16 50 235
50 16 235
16 49 193
49 16 193
16 40 826
40 16 826
16 32 908
32 16 908
16 53 682
53 16 682
16 52 49
52 16 49
16 54 933
54 16 933
16 54 723
54 16 723
17 27 386
27 17 386
17 32 738
32 17 738
17 42 68
42 17 68
17 54 56
54 17 56
17 28 949
28 17 949
17 51 208
51 17 208
17 46 253
46 17 253
17 22 815
22 17 815
17 38 896
38 17 896
17 53 927
53 17 927
17 33 52
33 17 52
17 45 294
45 17 294
18 38 586
38 18 586
18 41 165
41 18 165
18 60 187
60 18 187
18 45 57
45 18 57
18 49 435
49 18 435
18 56 172
56 18 172
18 53 61
53 18 61
18 29 887
29 18 887
19 43 214
43 19 214
19 50 328
50 19 328
19 22 493
22 19 493
20 36 844
36 20 844
20 32 701
32 20 701
20 42 87
42 20 87
20 27 656
27 20 656
20 32 19
32 20 19
20 20 120
20 20 120
21 30 197
30 21 197
21 28 59
28 21 59
21 57 880
57 21 880
21 39 593
39 21 593
21 47 945
47 21 945
21 53 507
53 21 507
21 57 121
57 21 121
21 33 985
33 21 985
21 26 383
26 21 383
21 38 826
38 21 826
21 37 185
37 21 185
21 29 492
29 21 492
21 25 92
25 21 92
22 38 564
38 22 564
22 40 336
40 22 336
22 31 967
31 22 967
22 24 682
24 22 682
22 60 12
60 22 12
22 50 459
50 22 459
22 58 33
58 22 33
22 56 615
56 22 615
22 22 607
22 22 607
23 39 874
39 23 874
23 28 644
28 23 644
23 28 781
28 23 781
23 53 280
53 23 280
23 60 608
60 23 608
23 36 150
36 23 150
24 34 232
34 24 232
24 30 812
30 24 812
24 58 295
58 24 295
24 25 322
25 24 322
24 46 730
46 24 730
24 60 57
60 24 57
24 35 320
35 24 320
24 41 816
41 24 816
24 48 364
48 24 364
24 50 111
50 24 111
25 57 589
57 25 589
25 32 919
32 25 919
25 40 668
40 25 668
25 54 514
54 25 514
25 47 821
47 25 821
25 31 243
31 25 243
25 42 109
42 25 109
26 45 239
45 26 239
26 35 969
35 26 969
26 31 119
31 26 119
26 34 40
34 26 40
26 36 890
36 26 890
26 50 695
50 26 695
27 28 722
28 27 722
27 35 718
35 27 718
27 58 43
58 27 43
27 40 780
40 27 780
27 47 345
47 27 345
27 40 416
40 27 416
27 47 515
47 27 515
27 28 193
28 27 193
27 38 166
38 27 166
28 47 296
47 28 296
28 59 218
59 28 218
28 34 36
34 28 36
28 60 991
60 28 991
28 46 744
46 28 744
28 45 498
45 28 498
28 43 88
43 28 88
28 50 79
50 28 79
29 56 698
56 29 698
29 33 204
33 29 204
29 49 319
49 29 319
29 55 255
55 29 255
29 46 886
46 29 886
30 42 265
42 30 265
30 51 898
51 30 898
30 44 633
44 30 633
30 40 486
40 30 486
30 41 466
41 30 466
30 48 578
48 30 578
30 41 742
41 30 742
31 58 781
58 31 781
31 52 963
52 31 963
31 46 801
46 31 801
31 50 925
50 31 925
32 35 79
35 32 79
32 34 782
34 32 782
32 48 955
48 32 955
32 32 726
32 32 726
32 39 559
39 32 559
33 46 44
46 33 44
34 36 911
36 34 911
34 60 63
60 34 63
34 56 76
56 34 76
34 38 51
38 34 51
34 56 389
56 34 389
35 56 416
56 35 416
35 51 338
51 35 338
35 38 211
38 35 211
35 57 430
57 35 430
35 39 548
39 35 548
36 57 58
57 36 58
36 37 924
37 36 924
36 52 447
52 36 447
36 48 986
48 36 986
36 51 451
51 36 451
36 49 575
49 36 575
36 41 666
41 36 666
36 44 539
44 36 539
36 46 825
46 36 825
37 52 956
52 37 956
37 45 815
45 37 815
37 44 480
44 37 480
37 49 278
49 37 278
37 50 482
50 37 482
37 38 119
38 37 119
37 48 29
48 37 29
37 55 45
55 37 45
37 50 482
50 37 482
37 40 582
40 37 582
38 59 305
59 38 305
38 43 188
43 38 188
38 53 144
53 38 144
38 56 902
56 38 902
38 58 495
58 38 495
38 57 274
57 38 274
39 46 178
46 39 178
39 41 290
41 39 290
39 48 64
48 39 64
39 49 717
49 39 717
40 53 2
53 40 2
40 60 622
60 40 622
40 60 574
60 40 574
41 51 950
51 41 950
41 46 596
46 41 596
41 55 190
55 41 190
42 49 44
49 42 44
42 60 863
60 42 863
42 47 685
47 42 685
43 49 485
49 43 485
44 60 492
60 44 492
44 52 750
52 44 750
45 58 857
58 45 857
45 49 951
49 45 951
46 52 762
52 46 762
46 60 127
60 46 127
46 47 661
47 46 661
46 59 325
59 46 325
47 59 488
59 47 488
48 49 198
49 48 198
48 51 443
51 48 443
48 58 743
58 48 743
48 49 870
49 48 870
48 55 820
55 48 820
48 51 282
51 48 282
49 54 357
54 49 357
49 52 200
52 49 200
49 56 242
56 49 242
50 55 503
55 50 503
50 55 232
55 50 232
51 55 204
55 51 204
51 59 350
59 51 350
52 60 227
60 52 227
52 53 199
53 52 199
53 56 761
56 53 761
53 58 556
58 53 556
53 58 193
58 53 193
53 54 563
54 53 563
55 55 178
55 55 178
56 59 475
59 56 475
56 56 286
56 56 286
56 58 123
58 56 123
56 58 897
58 56 897
58 59 431
59 58 431
59 59 877
59 59 877
