82

0 1 579
1 0 579
0 2 648
2 0 648
0 3 1
3 0 1
0 5 515
5 0 515
0 27 554
27 0 554
0 38 740
38 0 740
0 64 323
64 0 323
0 67 626
67 0 626
0 37 630
37 0 630
0 45 482
45 0 482
1 4 854
4 1 854
1 12 12
12 1 12
1 69 818
69 1 818
1 52 573
52 1 573
2 7 244
7 2 244
2 8 893
8 2 893
2 9 365
9 2 365
2 77 906
77 2 906
2 11 388
11 2 388
3 13 492
13 3 492
3 15 203
15 3 203
3 37 124
37 3 124
3 44 177
44 3 177
3 58 529
58 3 529
3 70 850
70 3 850
3 60 689
60 3 689
4 6 605
6 4 605
4 10 839
10 4 839
4 11 380
11 4 380
4 14 119
14 4 119
4 17 30
17 4 30
4 19 593
19 4 593
4 24 516
24 4 516
4 23 111
23 4 111
4 58 803
58 4 803
5 41 390
41 5 390
5 55 542
55 5 542
5 64 752
64 5 752
5 48 126
48 5 126
5 46 240
46 5 240
5 13 673
13 5 673
6 49 205
49 6 205
6 66 667
66 6 667
7 16 621
16 7 621
8 28 958
28 8 958
8 66 180
66 8 180
9 22 837
22 9 837
9 23 94
23 9 94
9 74 225
74 9 225
9 27 934
27 9 934
10 67 692
67 10 692
11 72 774
72 11 774
11 52 85
52 11 85
11 29 783
29 11 783
12 18 874
18 12 874
12 25 912
25 12 912
12 69 350
69 12 350
12 56 496
56 12 496
12 31 204
31 12 204
13 29 279
29 13 279
13 60 734
60 13 734
13 76 765
76 13 765
15 33 569
33 15 569
15 22 274
22 15 274
15 36 772
36 15 772
15 78 234
78 15 234
16 30 255
30 16 255
16 76 97
76 16 97
16 71 394
71 16 394
16 59 796
59 16 796
17 50 86
50 17 86
17 54 583
54 17 583
17 65 355
65 17 355
18 20 639
20 18 639
18 39 741
39 18 741
18 57 984
57 18 984
19 21 31
21 19 31
19 32 700
32 19 700
19 27 854
27 19 854
19 57 127
57 19 127
19 60 586
60 19 586
19 80 242
80 19 242
20 36 607
36 20 607
20 43 885
43 20 885
20 37 335
37 20 335
20 47 197
47 20 197
21 39 778
39 21 778
22 26 618
26 22 618
23 31 196
31 23 196
23 78 502
78 23 502
24 33 538
33 24 538
26 27 115
27 26 115
27 35 936
35 27 936
27 51 553
51 27 553
28 46 440
46 28 440
29 48 807
48 29 807
29 55 934
55 29 934
29 78 995
78 29 995
29 31 539
31 29 539
30 39 388
39 30 388
31 40 491
40 31 491
31 53 642
53 31 642
32 34 422
34 32 422
32 55 884
55 32 884
33 53 873
53 33 873
33 80 144
80 33 144
34 49 166
49 34 166
35 63 982
63 35 982
37 56 188
56 37 188
38 42 60
42 38 60
38 45 551
45 38 551
38 44 323
44 38 323
39 47 411
47 39 411
39 52 529
52 39 529
39 69 16
69 39 16
41 68 967
68 41 967
41 55 996
55 41 996
42 45 935
45 42 935
42 74 147
74 42 147
43 45 739
45 43 739
44 68 271
68 44 271
44 58 674
58 44 674
45 61 879
61 45 879
45 81 112
81 45 112
45 73 425
73 45 425
46 58 81
58 46 81
47 48 795
48 47 795
47 75 225
75 47 225
48 56 934
56 48 934
49 62 156
62 49 156
50 51 415
51 50 415
51 71 812
71 51 812
51 80 147
80 51 147
51 74 937
74 51 937
51 54 395
54 51 395
53 59 678
59 53 678
53 72 278
72 53 278
54 60 227
60 54 227
54 57 606
57 54 606
57 77 328
77 57 328
58 77 864
77 58 864
59 62 410
62 59 410
62 63 157
63 62 157
64 73 336
73 64 336
64 79 23
79 64 23
64 72 126
72 64 126
65 71 808
71 65 808
66 70 169
70 66 169
68 68 287
68 68 287
68 70 776
70 68 776
69 70 566
70 69 566
71 75 148
75 71 148
74 78 259
78 74 259
77 79 949
79 77 949
