100

0 1 181
1 0 181
0 3 654
3 0 654
0 6 354
6 0 354
0 7 13
7 0 13
0 8 106
8 0 106
0 35 628
35 0 628
0 47 239
47 0 239
0 53 548
53 0 548
0 64 469
64 0 469
0 20 172
20 0 172
0 87 120
87 0 120
0 53 949
53 0 949
0 61 470
61 0 470
0 59 663
59 0 663
0 77 69
77 0 69
0 18 233
18 0 233
0 42 869
42 0 869
0 11 628
11 0 628
1 2 293
2 1 293
1 30 460
30 1 460
1 46 757
46 1 757
1 40 838
40 1 838
2 4 117
4 2 117
2 69 20
69 2 20
2 99 542
99 2 542
3 5 962
5 3 962
3 36 448
36 3 448
3 62 935
62 3 935
3 82 472
82 3 472
3 57 855
57 3 855
3 66 657
66 3 657
3 68 578
68 3 578
3 19 445
19 3 445
3 52 658
52 3 658
4 9 65
9 4 65
4 11 656
11 4 656
4 17 514
17 4 514
4 95 433
95 4 433
4 22 638
22 4 638
4 54 508
54 4 508
4 89 100
89 4 100
4 97 100
97 4 100
5 10 183
10 5 183
5 16 924
16 5 924
5 19 64
19 5 64
5 28 270
28 5 270
5 77 201
77 5 201
5 92 35
92 5 35
5 12 260
12 5 260
5 93 416
93 5 416
5 72 75
72 5 75
5 36 997
36 5 997
5 55 755
55 5 755
6 14 525
14 6 525
6 58 473
58 6 473
6 83 321
83 6 321
6 65 793
65 6 793
6 26 300
26 6 300
6 84 822
84 6 822
6 87 218
87 6 218
6 28 50
28 6 50
6 8 250
8 6 250
6 10 79
10 6 79
7 18 275
18 7 275
7 94 105
94 7 105
7 68 548
68 7 548
7 14 733
14 7 733
7 78 612
78 7 612
7 26 586
26 7 586
7 35 632
35 7 632
7 77 126
77 7 126
7 31 497
31 7 497
7 94 385
94 7 385
8 32 649
32 8 649
8 75 49
75 8 49
8 73 102
73 8 102
8 19 264
19 8 264
8 62 181
62 8 181
8 28 572
28 8 572
8 53 267
53 8 267
9 12 113
12 9 113
9 13 562
13 9 562
9 21 57
21 9 57
9 31 756
31 9 756
9 52 339
52 9 339
9 82 383
82 9 383
9 35 516
35 9 516
9 38 93
38 9 93
10 27 112
27 10 112
10 48 303
48 10 303
10 49 640
49 10 640
10 48 602
48 10 602
10 85 557
85 10 557
10 83 638
83 10 638
10 76 800
76 10 800
11 79 885
79 11 885
11 35 316
35 11 316
11 60 154
60 11 154
12 26 906
26 12 906
12 43 258
43 12 258
12 74 504
74 12 504
12 69 854
69 12 854
12 16 258
16 12 258
12 45 632
45 12 632
13 37 646
37 13 646
13 79 127
79 13 127
14 15 177
15 14 177
14 20 880
20 14 880
14 41 628
41 14 628
14 46 620
46 14 620
14 75 284
75 14 284
14 25 21
25 14 21
14 77 137
77 14 137
14 54 828
54 14 828
14 43 216
43 14 216
15 83 685
83 15 685
15 36 858
36 15 858
15 71 109
71 15 109
16 25 609
25 16 609
17 23 858
23 17 858
17 29 773
29 17 773
17 34 467
34 17 467
17 59 396
59 17 396
17 53 50
53 17 50
18 24 761
24 18 761
18 45 527
45 18 527
18 68 135
68 18 135
18 51 435
51 18 435
18 53 291
53 18 291
18 91 688
91 18 688
19 54 582
54 19 582
19 57 897
57 19 897
19 82 7
82 19 7
19 73 478
73 19 478
19 77 399
77 19 399
19 39 520
39 19 520
19 93 580
93 19 580
20 33 487
33 20 487
20 51 568
51 20 568
20 28 702
28 20 702
20 33 585
33 20 585
20 35 60
35 20 60
20 77 68
77 20 68
20 59 856
59 20 856
21 22 15
22 21 15
21 37 605
37 21 605
21 63 899
63 21 899
21 29 120
29 21 120
21 23 841
23 21 841
21 65 514
65 21 514
21 38 319
38 21 319
21 94 148
94 21 148
22 89 678
89 22 678
22 37 85
37 22 85
23 39 620
39 23 620
24 95 12
95 24 12
24 80 254
80 24 254
24 54 888
54 24 888
24 75 727
75 24 727
25 55 363
55 25 363
25 26 559
26 25 559
27 96 218
96 27 218
27 30 954
30 27 954
28 40 49
40 28 49
29 88 189
88 29 189
29 50 948
50 29 948
29 70 413
70 29 413
29 66 154
66 29 154
29 54 76
54 29 76
30 38 988
38 30 988
30 87 796
87 30 796
31 98 711
98 31 711
31 62 54
62 31 54
31 95 846
95 31 846
31 84 107
84 31 107
31 46 92
46 31 92
31 45 592
45 31 592
32 60 398
60 32 398
33 50 681
50 33 681
33 67 843
67 33 843
33 41 619
41 33 619
33 52 362
52 33 362
33 40 626
40 33 626
34 42 33
42 34 33
34 70 904
70 34 904
34 97 66
97 34 66
34 92 382
92 34 382
34 97 677
97 34 677
34 51 70
51 34 70
35 95 634
95 35 634
35 66 826
66 35 826
36 61 938
61 36 938
36 77 324
77 36 324
36 89 267
89 36 267
36 40 43
40 36 43
37 44 456
44 37 456
37 84 742
84 37 742
37 76 108
76 37 108
37 81 729
81 37 729
37 67 179
67 37 179
37 90 866
90 37 866
38 60 13
60 38 13
38 68 269
68 38 269
38 64 910
64 38 910
38 85 235
85 38 235
39 98 860
98 39 860
39 69 792
69 39 792
39 70 333
70 39 333
39 58 339
58 39 339
39 64 719
64 39 719
39 95 797
95 39 797
40 65 626
65 40 626
40 66 413
66 40 413
41 71 119
71 41 119
41 87 682
87 41 682
41 56 937
56 41 937
41 84 447
84 41 447
42 56 685
56 42 685
42 71 987
71 42 987
42 90 986
90 42 986
42 46 195
46 42 195
42 44 790
44 42 790
42 79 528
79 42 528
42 77 210
77 42 210
42 99 490
99 42 490
43 88 518
88 43 518
44 72 691
72 44 691
44 64 698
64 44 698
44 81 365
81 44 365
45 67 554
67 45 554
45 85 79
85 45 79
46 76 857
76 46 857
46 95 163
95 46 163
46 64 507
64 46 507
47 86 736
86 47 736
48 52 197
52 48 197
48 65 988
65 48 988
48 91 738
91 48 738
49 86 235
86 49 235
50 83 371
83 50 371
50 87 901
87 50 901
51 67 498
67 51 498
51 64 745
64 51 745
51 81 495
81 51 495
51 61 738
61 51 738
51 65 908
65 51 908
51 76 304
76 51 304
52 94 744
94 52 744
52 91 776
91 52 776
53 59 387
59 53 387
53 64 924
64 53 924
53 57 152
57 53 152
53 67 465
67 53 465
54 85 171
85 54 171
54 59 773
59 54 773
54 91 440
91 54 440
54 83 144
83 54 144
55 78 376
78 55 376
55 92 878
92 55 878
55 60 370
60 55 370
56 73 631
73 56 631
56 59 730
59 56 730
56 80 317
80 56 317
56 95 730
95 56 730
56 85 811
85 56 811
58 66 497
66 58 497
59 65 925
65 59 925
60 95 634
95 60 634
60 92 12
92 60 12
60 81 617
81 60 617
60 77 970
77 60 970
61 68 395
68 61 395
61 79 785
79 61 785
61 98 893
98 61 893
63 67 541
67 63 541
63 81 888
81 63 888
65 89 1
89 65 1
65 85 404
85 65 404
65 84 161
84 65 161
65 72 127
72 65 127
66 70 94
70 66 94
66 93 250
93 66 250
66 76 92
76 66 92
67 93 104
93 67 104
67 90 181
90 67 181
68 74 697
74 68 697
68 77 486
77 68 486
69 91 452
91 69 452
69 97 984
97 69 984
70 72 396
72 70 396
70 96 427
96 70 427
70 79 152
79 70 152
70 89 987
89 70 987
71 76 916
76 71 916
71 95 110
95 71 110
73 87 191
87 73 191
73 86 651
86 73 651
76 88 833
88 76 833
77 80 205
80 77 205
77 97 318
97 77 318
77 92 348
92 77 348
77 89 199
89 77 199
77 81 979
81 77 979
77 84 378
84 77 378
80 80 802
80 80 802
81 86 919
86 81 919
82 91 202
91 82 202
82 84 574
84 82 574
83 97 282
97 83 282
85 87 381
87 85 381
85 92 686
92 85 686
86 90 886
90 86 886
88 98 599
98 88 599
89 98 42
98 89 42
91 98 525
98 91 525
95 95 922
95 95 922
