89

0 1 749
1 0 749
0 2 547
2 0 547
0 3 295
3 0 295
0 5 855
5 0 855
0 6 627
6 0 627
0 19 547
19 0 547
0 46 585
46 0 585
0 13 32
13 0 32
0 65 893
65 0 893
0 13 681
13 0 681
0 65 388
65 0 388
0 0 48
0 0 48
0 73 406
73 0 406
0 54 551
54 0 551
0 36 981
36 0 981
0 9 701
9 0 701
1 4 297
4 1 297
1 7 684
7 1 684
1 85 524
85 1 524
1 80 682
80 1 682
1 60 844
60 1 844
1 73 32
73 1 32
1 11 976
11 1 976
1 2 424
2 1 424
1 5 947
5 1 947
1 51 53
51 1 53
1 56 936
56 1 936
1 38 381
38 1 381
2 12 348
12 2 348
2 31 714
31 2 714
2 53 723
53 2 723
2 81 54
81 2 54
2 75 121
75 2 121
2 35 684
35 2 684
2 25 234
25 2 234
2 63 831
63 2 831
2 31 558
31 2 558
2 49 887
49 2 887
2 87 421
87 2 421
2 33 873
33 2 873
2 13 123
13 2 123
2 28 646
28 2 646
3 8 797
8 3 797
3 42 948
42 3 948
3 78 705
78 3 705
3 62 426
62 3 426
3 31 218
31 3 218
3 18 590
18 3 590
3 82 950
82 3 950
3 45 387
45 3 387
3 57 786
57 3 786
3 63 686
63 3 686
4 9 514
9 4 514
4 16 346
16 4 346
4 30 149
30 4 149
4 64 514
64 4 514
4 46 356
46 4 356
4 5 665
5 4 665
4 27 266
27 4 266
4 18 969
18 4 969
4 35 647
35 4 647
4 51 687
51 4 687
5 14 431
14 5 431
5 15 457
15 5 457
5 28 421
28 5 421
5 31 8
31 5 8
5 28 618
28 5 618
5 42 906
42 5 906
5 53 591
53 5 591
5 30 423
30 5 423
5 47 227
47 5 227
6 26 484
26 6 484
6 35 16
35 6 16
6 43 388
43 6 388
6 15 776
15 6 776
6 38 672
38 6 672
6 34 427
34 6 427
6 88 579
88 6 579
6 26 197
26 6 197
6 35 365
35 6 365
6 41 830
41 6 830
6 53 834
53 6 834
6 36 625
36 6 625
6 43 145
43 6 145
7 28 214
28 7 214
7 25 33
25 7 33
7 71 186
71 7 186
7 9 767
9 7 767
7 67 841
67 7 841
7 86 78
86 7 78
8 10 686
10 8 686
8 20 166
20 8 166
8 27 753
27 8 753
8 33 485
33 8 485
8 63 53
63 8 53
8 66 929
66 8 929
8 24 369
24 8 369
8 39 989
39 8 989
8 60 180
60 8 180
8 10 604
10 8 604
8 78 139
78 8 139
8 51 805
51 8 805
8 8 305
8 8 305
9 17 263
17 9 263
9 51 139
51 9 139
9 55 656
55 9 656
9 77 653
77 9 653
9 55 266
55 9 266
9 24 306
24 9 306
9 67 545
67 9 545
9 24 725
24 9 725
10 11 571
11 10 571
10 18 22
18 10 22
10 22 801
22 10 801
10 50 415
50 10 415
10 80 604
80 10 604
10 57 171
57 10 171
10 74 731
74 10 731
10 17 336
17 10 336
10 87 445
87 10 445
10 66 212
66 10 212
10 48 876
48 10 876
10 84 641
84 10 641
11 13 391
13 11 391
11 25 631
25 11 631
11 49 837
49 11 837
11 15 792
15 11 792
11 17 467
17 11 467
11 18 492
18 11 492
11 68 989
68 11 989
11 50 6
50 11 6
12 85 31
85 12 31
12 59 435
59 12 435
12 60 676
60 12 676
12 59 906
59 12 906
12 83 820
83 12 820
12 36 266
36 12 266
12 50 773
50 12 773
12 14 586
14 12 586
12 67 139
67 12 139
12 34 133
34 12 133
13 44 594
44 13 594
13 56 951
56 13 951
13 82 611
82 13 611
13 69 412
69 13 412
13 47 428
47 13 428
13 14 474
14 13 474
13 69 685
69 13 685
13 24 399
24 13 399
14 60 853
60 14 853
14 65 809
65 14 809
14 83 859
83 14 859
14 40 581
40 14 581
14 44 805
44 14 805
14 32 695
32 14 695
14 59 406
59 14 406
15 41 344
41 15 344
15 75 202
75 15 202
15 28 172
28 15 172
15 61 943
61 15 943
15 54 270
54 15 270
15 47 485
47 15 485
15 71 331
71 15 331
15 63 481
63 15 481
15 72 640
72 15 640
16 21 403
21 16 403
16 88 196
88 16 196
16 54 215
54 16 215
16 54 529
54 16 529
16 55 240
55 16 240
16 88 377
88 16 377
16 75 568
75 16 568
16 36 802
36 16 802
17 36 222
36 17 222
17 27 582
27 17 582
17 27 237
27 17 237
17 23 916
23 17 916
17 52 499
52 17 499
17 30 796
30 17 796
17 57 78
57 17 78
17 46 926
46 17 926
18 37 74
37 18 74
18 62 161
62 18 161
18 36 719
36 18 719
18 35 541
35 18 541
18 67 952
67 18 952
18 43 833
43 18 833
18 24 689
24 18 689
18 49 822
49 18 822
18 67 511
67 18 511
18 65 633
65 18 633
19 88 145
88 19 145
19 29 466
29 19 466
19 87 828
87 19 828
19 80 995
80 19 995
19 83 90
83 19 90
19 21 748
21 19 748
19 69 722
69 19 722
19 35 729
35 19 729
19 52 464
52 19 464
20 23 772
23 20 772
20 24 604
24 20 604
20 40 183
40 20 183
20 42 676
42 20 676
20 79 350
79 20 350
20 52 140
52 20 140
20 20 638
20 20 638
20 33 599
33 20 599
20 87 694
87 20 694
20 28 187
28 20 187
20 28 148
28 20 148
20 39 693
39 20 693
20 28 549
28 20 549
20 49 964
49 20 964
20 41 152
41 20 152
20 35 491
35 20 491
20 71 698
71 20 698
21 28 585
28 21 585
21 34 258
34 21 258
21 39 619
39 21 619
21 48 971
48 21 971
21 86 952
86 21 952
21 76 885
76 21 885
21 74 150
74 21 150
21 40 703
40 21 703
21 72 856
72 21 856
21 31 486
31 21 486
21 41 528
41 21 528
21 75 173
75 21 173
21 62 550
62 21 550
21 38 870
38 21 870
22 47 191
47 22 191
22 84 196
84 22 196
22 69 13
69 22 13
22 56 791
56 22 791
22 68 933
68 22 933
22 76 604
76 22 604
22 37 90
37 22 90
22 85 157
85 22 157
22 77 455
77 22 455
23 29 422
29 23 422
23 38 574
38 23 574
23 45 184
45 23 184
23 39 41
39 23 41
23 33 463
33 23 463
23 69 693
69 23 693
23 60 429
60 23 429
23 46 825
46 23 825
23 65 614
65 23 614
23 67 984
67 23 984
23 77 893
77 23 893
23 58 481
58 23 481
23 25 813
25 23 813
24 74 746
74 24 746
24 67 426
67 24 426
24 24 17
24 24 17
24 73 601
73 24 601
24 83 260
83 24 260
24 87 226
87 24 226
25 41 595
41 25 595
25 78 322
78 25 322
25 76 339
76 25 339
25 70 703
70 25 703
25 37 399
37 25 399
25 31 549
31 25 549
25 79 240
79 25 240
26 71 252
71 26 252
26 47 841
47 26 841
26 87 564
87 26 564
26 62 310
62 26 310
26 38 163
38 26 163
27 88 451
88 27 451
27 30 692
30 27 692
27 30 667
30 27 667
27 53 160
53 27 160
28 59 449
59 28 449
28 62 90
62 28 90
28 78 315
78 28 315
28 39 492
39 28 492
28 61 114
61 28 114
28 86 319
86 28 319
28 75 768
75 28 768
28 58 906
58 28 906
28 57 397
57 28 397
29 72 690
72 29 690
29 34 930
34 29 930
29 40 511
40 29 511
29 74 82
74 29 82
29 35 451
35 29 451
29 37 660
37 29 660
30 32 195
32 30 195
30 57 977
57 30 977
30 53 826
53 30 826
30 76 827
76 30 827
30 48 296
48 30 296
30 83 254
83 30 254
30 79 728
79 30 728
30 82 408
82 30 408
31 36 751
36 31 751
31 70 956
70 31 956
31 46 674
46 31 674
31 49 567
49 31 567
31 34 583
34 31 583
31 63 917
63 31 917
31 53 559
53 31 559
32 72 184
72 32 184
32 36 472
36 32 472
32 69 68
69 32 68
32 42 204
42 32 204
32 46 39
46 32 39
33 78 726
78 33 726
33 69 736
69 33 736
33 76 437
76 33 437
33 40 63
40 33 63
33 82 822
82 33 822
34 58 448
58 34 448
34 73 231
73 34 231
34 40 463
40 34 463
34 48 323
48 34 323
34 53 976
53 34 976
35 42 27
42 35 27
35 58 321
58 35 321
35 58 148
58 35 148
35 63 122
63 35 122
35 57 724
57 35 724
35 50 559
50 35 559
35 36 233
36 35 233
36 69 335
69 36 335
36 70 835
70 36 835
36 71 193
71 36 193
36 84 28
84 36 28
36 50 992
50 36 992
36 83 648
83 36 648
36 82 508
82 36 508
37 54 403
54 37 403
37 48 112
48 37 112
37 38 784
38 37 784
37 55 973
55 37 973
37 79 291
79 37 291
37 87 449
87 37 449
37 47 231
47 37 231
37 74 875
74 37 875
38 84 339
84 38 339
38 47 92
47 38 92
38 52 590
52 38 590
38 82 325
82 38 325
38 58 403
58 38 403
38 46 590
46 38 590
39 44 616
44 39 616
39 72 991
72 39 991
39 80 590
80 39 590
39 86 829
86 39 829
39 56 908
56 39 908
39 77 900
77 39 900
39 61 1000
61 39 1000
39 83 787
83 39 787
40 65 403
65 40 403
40 44 500
44 40 500
40 74 961
74 40 961
41 87 921
87 41 921
41 68 727
68 41 727
41 47 120
47 41 120
41 64 986
64 41 986
41 53 573
53 41 573
41 54 138
54 41 138
41 41 643
41 41 643
41 65 866
65 41 866
41 51 397
51 41 397
42 78 139
78 42 139
42 85 700
85 42 700
42 86 333
86 42 333
42 81 753
81 42 753
42 64 395
64 42 395
42 78 401
78 42 401
43 76 215
76 43 215
43 55 119
55 43 119
43 72 739
72 43 739
43 67 644
67 43 644
43 72 638
72 43 638
43 88 6
88 43 6
44 76 34
76 44 34
44 82 662
82 44 662
44 57 465
57 44 465
44 47 155
47 44 155
44 46 859
46 44 859
45 66 701
66 45 701
45 62 602
62 45 602
45 54 421
54 45 421
45 57 100
57 45 100
45 78 493
78 45 493
46 67 318
67 46 318
46 77 233
77 46 233
46 56 430
56 46 430
46 68 933
68 46 933
46 72 384
72 46 384
46 53 193
53 46 193
47 77 434
77 47 434
47 62 412
62 47 412
47 87 443
87 47 443
47 76 163
76 47 163
47 66 57
66 47 57
47 80 610
80 47 610
48 69 487
69 48 487
48 53 830
53 48 830
48 66 454
66 48 454
48 66 939
66 48 939
48 59 119
59 48 119
48 60 122
60 48 122
48 74 424
74 48 424
49 83 696
83 49 696
49 77 770
77 49 770
49 59 13
59 49 13
49 74 433
74 49 433
49 71 568
71 49 568
49 71 515
71 49 515
50 61 579
61 50 579
50 52 990
52 50 990
50 68 545
68 50 545
51 52 552
52 51 552
51 54 238
54 51 238
51 88 282
88 51 282
51 78 14
78 51 14
51 72 690
72 51 690
51 64 153
64 51 153
51 54 779
54 51 779
52 82 552
82 52 552
52 76 258
76 52 258
52 54 991
54 52 991
52 87 441
87 52 441
53 55 537
55 53 537
53 55 607
55 53 607
53 56 689
56 53 689
53 72 185
72 53 185
53 63 469
63 53 469
53 79 132
79 53 132
53 70 462
70 53 462
54 78 850
78 54 850
54 71 338
71 54 338
55 86 573
86 55 573
55 79 800
79 55 800
55 85 145
85 55 145
56 83 656
83 56 656
56 79 760
79 56 760
56 86 827
86 56 827
56 60 107
60 56 107
56 72 410
72 56 410
56 71 509
71 56 509
56 82 344
82 56 344
57 72 57
72 57 57
57 58 192
58 57 192
58 70 526
70 58 526
58 67 221
67 58 221
58 84 521
84 58 521
58 66 879
66 58 879
58 64 285
64 58 285
59 83 448
83 59 448
59 71 102
71 59 102
59 59 215
59 59 215
59 69 639
69 59 639
60 68 701
68 60 701
60 77 736
77 60 736
60 72 586
72 60 586
61 80 19
80 61 19
61 87 111
87 61 111
61 64 337
64 61 337
62 79 629
79 62 629
62 67 994
67 62 994
62 71 537
71 62 537
62 65 635
65 62 635
62 82 818
82 62 818
62 79 258
79 62 258
63 68 580
68 63 580
64 85 161
85 64 161
64 72 59
72 64 59
64 66 66
66 64 66
65 86 946
86 65 946
68 85 33
85 68 33
68 85 752
85 68 752
69 87 157
87 69 157
69 83 98
83 69 98
69 82 308
82 69 308
70 78 247
78 70 247
70 80 587
80 70 587
70 81 595
81 70 595
70 78 60
78 70 60
71 74 696
74 71 696
71 81 481
81 71 481
72 74 216
74 72 216
72 72 455
72 72 455
73 85 836
85 73 836
73 79 279
79 73 279
74 81 930
81 74 930
74 83 614
83 74 614
74 88 859
88 74 859
75 87 788
87 75 788
75 83 320
83 75 320
75 83 53
83 75 53
75 88 889
88 75 889
76 82 746
82 76 746
76 83 26
83 76 26
77 86 738
86 77 738
78 82 662
82 78 662
78 84 210
84 78 210
78 82 312
82 78 312
78 80 897
80 78 897
79 83 936
83 79 936
79 81 184
81 79 184
80 84 386
84 80 386
80 80 803
80 80 803
81 85 127
85 81 127
84 88 571
88 84 571
84 88 798
88 84 798
84 86 156
86 84 156
