97

0 1 960
1 0 960
0 2 594
2 0 594
0 40 532
40 0 532
0 44 732
44 0 732
0 35 237
35 0 237
0 13 363
13 0 363
0 57 700
57 0 700
1 3 816
3 1 816
1 13 856
13 1 856
1 15 540
15 1 540
1 94 310
94 1 310
1 45 576
45 1 576
1 54 406
54 1 406
1 57 3
57 1 3
1 52 53
52 1 53
1 13 525
13 1 525
1 88 267
88 1 267
1 37 125
37 1 125
1 8 852
8 1 852
1 43 904
43 1 904
2 4 559
4 2 559
2 8 304
8 2 304
2 11 848
11 2 848
2 33 448
33 2 448
2 53 23
53 2 23
2 39 179
39 2 179
2 59 546
59 2 546
2 63 893
63 2 893
2 21 168
21 2 168
2 62 223
62 2 223
2 59 782
59 2 782
2 16 109
16 2 109
3 5 790
5 3 790
3 7 645
7 3 645
3 14 999
14 3 999
3 18 519
18 3 519
3 35 665
35 3 665
3 66 813
66 3 813
3 21 170
21 3 170
3 8 248
8 3 248
3 53 470
53 3 470
3 69 804
69 3 804
3 9 344
9 3 344
3 65 398
65 3 398
3 9 41
9 3 41
4 6 733
6 4 733
4 52 358
52 4 358
4 60 377
60 4 377
4 63 643
63 4 643
4 8 320
8 4 320
4 95 658
95 4 658
4 81 952
81 4 952
4 12 530
12 4 530
4 61 527
61 4 527
4 19 995
19 4 995
4 18 794
18 4 794
5 27 704
27 5 704
5 53 279
53 5 279
5 56 231
56 5 231
5 59 704
59 5 704
5 27 357
27 5 357
5 35 910
35 5 910
5 84 545
84 5 545
5 57 657
57 5 657
5 33 236
33 5 236
5 84 952
84 5 952
5 78 121
78 5 121
5 57 884
57 5 884
5 29 903
29 5 903
5 8 654
8 5 654
5 11 669
11 5 669
5 42 14
42 5 14
5 79 694
79 5 694
6 10 27
10 6 27
6 25 623
25 6 623
6 70 825
70 6 825
6 67 426
67 6 426
6 15 839
15 6 839
6 43 438
43 6 438
6 30 165
30 6 165
6 15 612
15 6 612
7 9 29
9 7 29
7 19 33
19 7 33
7 21 411
21 7 411
7 23 274
23 7 274
7 55 793
55 7 793
7 58 387
58 7 387
7 65 406
65 7 406
7 38 360
38 7 360
7 37 395
37 7 395
7 20 202
20 7 202
7 71 991
71 7 991
7 11 980
11 7 980
7 39 358
39 7 358
7 92 692
92 7 692
7 81 813
81 7 813
7 8 307
8 7 307
7 19 645
19 7 645
8 12 265
12 8 265
8 94 982
94 8 982
8 28 890
28 8 890
8 32 248
32 8 248
8 84 203
84 8 203
8 74 248
74 8 248
8 25 334
25 8 334
8 82 922
82 8 922
8 87 414
87 8 414
8 53 489
53 8 489
8 12 873
12 8 873
9 16 517
16 9 517
9 93 563
93 9 563
9 68 869
68 9 869
9 46 773
46 9 773
9 32 277
32 9 277
9 16 386
16 9 386
9 24 295
24 9 295
9 89 226
89 9 226
9 28 208
28 9 208
9 45 200
45 9 200
9 87 258
87 9 258
10 86 758
86 10 758
10 58 663
58 10 663
10 28 83
28 10 83
10 27 773
27 10 773
10 70 586
70 10 586
10 66 862
66 10 862
10 26 71
26 10 71
10 75 775
75 10 775
10 71 11
71 10 11
10 60 99
60 10 99
10 69 204
69 10 204
11 17 902
17 11 902
11 96 255
96 11 255
11 25 904
25 11 904
11 35 78
35 11 78
11 90 510
90 11 510
11 55 610
55 11 610
12 30 87
30 12 87
12 51 852
51 12 852
12 52 415
52 12 415
12 76 569
76 12 569
12 34 246
34 12 246
12 61 447
61 12 447
12 81 925
81 12 925
12 94 619
94 12 619
12 59 238
59 12 238
12 61 324
61 12 324
12 58 17
58 12 17
12 48 437
48 12 437
12 36 930
36 12 930
12 47 785
47 12 785
13 78 949
78 13 949
13 84 676
84 13 676
13 38 417
38 13 417
13 93 581
93 13 581
13 25 549
25 13 549
13 86 169
86 13 169
13 37 425
37 13 425
13 68 203
68 13 203
13 68 486
68 13 486
14 20 130
20 14 130
14 34 905
34 14 905
14 93 311
93 14 311
14 20 642
20 14 642
14 39 672
39 14 672
14 31 542
31 14 542
14 21 655
21 14 655
14 96 346
96 14 346
14 32 218
32 14 218
14 18 57
18 14 57
15 31 101
31 15 101
15 46 574
46 15 574
15 27 804
27 15 804
15 54 127
54 15 127
15 59 804
59 15 804
15 53 312
53 15 312
15 73 1
73 15 1
15 86 664
86 15 664
15 69 463
69 15 463
15 89 624
89 15 624
15 67 410
67 15 410
15 24 557
24 15 557
15 83 784
83 15 784
15 37 805
37 15 805
16 22 257
22 16 257
16 36 908
36 16 908
16 41 891
41 16 891
16 89 121
89 16 121
16 56 490
56 16 490
16 34 405
34 16 405
16 71 402
71 16 402
16 66 487
66 16 487
16 35 736
35 16 736
16 34 799
34 16 799
17 38 589
38 17 589
17 39 725
39 17 725
17 67 683
67 17 683
17 21 816
21 17 816
17 72 712
72 17 712
17 69 83
69 17 83
17 33 694
33 17 694
17 72 889
72 17 889
17 35 951
35 17 951
17 83 736
83 17 736
17 31 270
31 17 270
17 86 677
86 17 677
18 76 212
76 18 212
18 87 368
87 18 368
18 40 700
40 18 700
18 72 485
72 18 485
18 81 794
81 18 794
18 36 64
36 18 64
18 33 791
33 18 791
18 72 239
72 18 239
18 23 162
23 18 162
19 47 798
47 19 798
19 84 454
84 19 454
19 29 771
29 19 771
19 38 571
38 19 571
19 44 762
44 19 762
19 31 833
31 19 833
20 24 344
24 20 344
20 68 98
68 20 98
20 55 264
55 20 264
20 78 783
78 20 783
20 90 788
90 20 788
20 24 356
24 20 356
20 42 43
42 20 43
20 60 407
60 20 407
20 33 618
33 20 618
20 63 236
63 20 236
20 78 380
78 20 380
20 78 259
78 20 259
21 45 869
45 21 869
21 92 7
92 21 7
21 80 597
80 21 597
21 68 311
68 21 311
21 40 827
40 21 827
21 82 454
82 21 454
21 57 912
57 21 912
21 63 280
63 21 280
22 32 136
32 22 136
22 57 474
57 22 474
22 80 770
80 22 770
22 46 865
46 22 865
22 40 538
40 22 538
22 78 382
78 22 382
22 22 428
22 22 428
22 78 996
78 22 996
22 83 21
83 22 21
22 51 108
51 22 108
22 75 607
75 22 607
23 27 732
27 23 732
23 57 359
57 23 359
23 42 815
42 23 815
23 67 842
67 23 842
23 69 341
69 23 341
23 58 250
58 23 250
23 91 374
91 23 374
23 42 638
42 23 638
23 53 909
53 23 909
24 26 454
26 24 454
24 47 634
47 24 634
24 45 628
45 24 628
24 91 418
91 24 418
24 76 779
76 24 779
24 69 44
69 24 44
24 86 999
86 24 999
24 42 845
42 24 845
25 28 706
28 25 706
25 29 124
29 25 124
25 79 259
79 25 259
25 86 352
86 25 352
25 50 245
50 25 245
25 50 235
50 25 235
25 75 787
75 25 787
25 68 187
68 25 187
25 93 147
93 25 147
25 86 404
86 25 404
25 52 914
52 25 914
26 47 388
47 26 388
26 81 956
81 26 956
26 30 60
30 26 60
26 55 240
55 26 240
26 49 142
49 26 142
26 71 14
71 26 14
26 37 303
37 26 303
26 96 330
96 26 330
27 70 830
70 27 830
27 71 847
71 27 847
27 75 950
75 27 950
27 91 13
91 27 13
27 40 981
40 27 981
27 85 976
85 27 976
27 56 887
56 27 887
27 84 960
84 27 960
27 66 178
66 27 178
27 88 567
88 27 567
27 90 607
90 27 607
27 60 115
60 27 115
28 54 38
54 28 38
28 55 889
55 28 889
28 44 195
44 28 195
28 68 554
68 28 554
28 72 871
72 28 871
28 96 352
96 28 352
29 88 946
88 29 946
29 80 284
80 29 284
29 94 171
94 29 171
29 60 832
60 29 832
29 94 18
94 29 18
29 69 93
69 29 93
29 35 115
35 29 115
29 67 736
67 29 736
30 82 342
82 30 342
30 77 586
77 30 586
30 89 894
89 30 894
30 59 493
59 30 493
30 33 261
33 30 261
30 77 675
77 30 675
30 79 216
79 30 216
30 36 767
36 30 767
30 90 718
90 30 718
30 74 71
74 30 71
31 37 709
37 31 709
31 63 500
63 31 500
31 58 166
58 31 166
31 49 249
49 31 249
31 73 948
73 31 948
31 64 907
64 31 907
31 65 384
65 31 384
31 81 616
81 31 616
31 40 812
40 31 812
31 93 307
93 31 307
32 33 962
33 32 962
32 43 679
43 32 679
32 49 360
49 32 360
32 69 511
69 32 511
32 34 212
34 32 212
33 96 3
96 33 3
33 71 320
71 33 320
33 75 476
75 33 476
33 85 52
85 33 52
33 66 851
66 33 851
33 53 934
53 33 934
34 42 840
42 34 840
34 85 142
85 34 142
34 70 634
70 34 634
34 38 946
38 34 946
34 75 403
75 34 403
34 86 859
86 34 859
34 43 550
43 34 550
34 66 54
66 34 54
34 47 164
47 34 164
34 64 488
64 34 488
35 43 504
43 35 504
35 81 524
81 35 524
35 80 895
80 35 895
35 79 507
79 35 507
36 71 981
71 36 981
36 53 136
53 36 136
36 49 198
49 36 198
36 54 100
54 36 100
36 73 131
73 36 131
37 44 121
44 37 121
37 57 524
57 37 524
37 45 535
45 37 535
37 73 492
73 37 492
37 64 456
64 37 456
38 48 217
48 38 217
38 69 880
69 38 880
38 91 583
91 38 583
38 46 473
46 38 473
38 40 959
40 38 959
38 49 250
49 38 250
38 46 754
46 38 754
38 52 327
52 38 327
38 44 540
44 38 540
38 61 28
61 38 28
39 61 756
61 39 756
39 44 373
44 39 373
39 91 472
91 39 472
40 90 635
90 40 635
40 92 837
92 40 837
40 94 60
94 40 60
40 77 557
77 40 557
40 81 57
81 40 57
40 58 377
58 40 377
40 81 519
81 40 519
40 45 763
45 40 763
40 68 444
68 40 444
40 60 855
60 40 855
40 83 615
83 40 615
40 87 830
87 40 830
40 84 3
84 40 3
40 43 669
43 40 669
41 94 206
94 41 206
41 58 368
58 41 368
41 95 419
95 41 419
41 84 226
84 41 226
41 77 307
77 41 307
41 45 972
45 41 972
42 96 914
96 42 914
43 81 148
81 43 148
43 46 613
46 43 613
43 67 439
67 43 439
43 79 757
79 43 757
43 80 708
80 43 708
43 76 457
76 43 457
44 91 634
91 44 634
44 77 803
77 44 803
44 53 577
53 44 577
44 60 590
60 44 590
44 61 28
61 44 28
45 46 165
46 45 165
45 62 535
62 45 535
45 52 93
52 45 93
45 85 896
85 45 896
45 87 934
87 45 934
45 60 611
60 45 611
45 94 521
94 45 521
45 71 986
71 45 986
45 59 549
59 45 549
46 93 980
93 46 980
46 69 176
69 46 176
46 93 778
93 46 778
46 93 576
93 46 576
46 71 8
71 46 8
46 67 652
67 46 652
46 81 819
81 46 819
47 50 553
50 47 553
47 59 624
59 47 624
47 76 805
76 47 805
47 67 124
67 47 124
47 62 281
62 47 281
47 69 209
69 47 209
47 55 567
55 47 567
47 95 138
95 47 138
47 67 42
67 47 42
48 62 877
62 48 877
48 53 338
53 48 338
48 58 143
58 48 143
48 89 3
89 48 3
48 81 157
81 48 157
48 89 806
89 48 806
48 64 744
64 48 744
48 71 772
71 48 772
48 75 553
75 48 553
48 78 224
78 48 224
48 77 608
77 48 608
48 79 946
79 48 946
49 51 291
51 49 291
49 61 914
61 49 914
49 87 816
87 49 816
50 96 333
96 50 333
50 76 362
76 50 362
50 88 723
88 50 723
50 92 380
92 50 380
51 89 825
89 51 825
51 62 652
62 51 652
51 92 209
92 51 209
51 65 141
65 51 141
51 75 609
75 51 609
51 93 110
93 51 110
52 73 560
73 52 560
52 58 445
58 52 445
52 54 679
54 52 679
53 75 453
75 53 453
53 71 514
71 53 514
53 72 723
72 53 723
53 89 277
89 53 277
53 62 221
62 53 221
53 67 601
67 53 601
54 82 356
82 54 356
54 70 851
70 54 851
54 81 661
81 54 661
54 95 194
95 54 194
55 65 182
65 55 182
55 76 545
76 55 545
55 77 909
77 55 909
56 65 421
65 56 421
56 61 883
61 56 883
56 58 479
58 56 479
56 89 143
89 56 143
56 60 232
60 56 232
56 78 134
78 56 134
57 72 118
72 57 118
57 91 724
91 57 724
57 85 596
85 57 596
57 91 117
91 57 117
57 75 324
75 57 324
58 91 263
91 58 263
58 77 101
77 58 101
58 93 191
93 58 191
59 64 7
64 59 7
59 87 218
87 59 218
59 78 246
78 59 246
59 94 660
94 59 660
59 88 693
88 59 693
60 77 87
77 60 87
60 60 166
60 60 166
60 68 628
68 60 628
60 66 446
66 60 446
60 71 818
71 60 818
60 88 894
88 60 894
60 96 727
96 60 727
61 73 576
73 61 576
61 88 463
88 61 463
61 70 726
70 61 726
62 69 331
69 62 331
62 70 788
70 62 788
62 93 388
93 62 388
62 68 566
68 62 566
62 86 323
86 62 323
63 64 758
64 63 758
63 68 803
68 63 803
63 65 735
65 63 735
63 74 493
74 63 493
64 69 41
69 64 41
65 66 171
66 65 171
65 82 447
82 65 447
66 93 469
93 66 469
67 94 222
94 67 222
67 82 6
82 67 6
69 86 1
86 69 1
69 71 146
71 69 146
69 76 565
76 69 565
70 74 194
74 70 194
70 95 790
95 70 790
70 89 421
89 70 421
71 74 683
74 71 683
71 76 150
76 71 150
71 75 252
75 71 252
71 91 15
91 71 15
71 90 12
90 71 12
72 90 309
90 72 309
74 80 712
80 74 712
74 81 542
81 74 542
74 81 265
81 74 265
74 79 656
79 74 656
74 92 456
92 74 456
74 77 690
77 74 690
74 94 643
94 74 643
75 87 863
87 75 863
75 95 39
95 75 39
76 77 675
77 76 675
76 77 477
77 76 477
76 82 377
82 76 377
76 82 516
82 76 516
77 88 457
88 77 457
77 79 243
79 77 243
78 89 746
89 78 746
79 83 499
83 79 499
79 85 629
85 79 629
79 84 164
84 79 164
79 80 115
80 79 115
79 80 554
80 79 554
80 85 923
85 80 923
81 84 816
84 81 816
84 92 276
92 84 276
87 93 64
93 87 64
88 95 824
95 88 824
88 90 967
90 88 967
94 96 237
96 94 237
