77

0 1 943
1 0 943
0 46 908
46 0 908
0 72 691
72 0 691
1 2 209
2 1 209
1 5 899
5 1 899
1 22 870
22 1 870
1 23 664
23 1 664
1 9 358
9 1 358
1 70 64
70 1 64
2 3 631
3 2 631
2 4 125
4 2 125
2 24 332
24 2 332
2 41 499
41 2 499
2 61 292
61 2 292
2 2 187
2 2 187
2 15 907
15 2 907
2 19 954
19 2 954
3 6 204
6 3 204
3 11 947
11 3 947
3 52 923
52 3 923
3 37 770
37 3 770
3 33 782
33 3 782
3 57 758
57 3 758
3 16 970
16 3 970
4 9 745
9 4 745
4 10 807
10 4 807
4 69 981
69 4 981
4 34 752
34 4 752
4 34 929
34 4 929
5 12 987
12 5 987
5 60 103
60 5 103
5 62 266
62 5 266
5 70 334
70 5 334
5 7 514
7 5 514
5 7 365
7 5 365
6 7 643
7 6 643
6 44 963
44 6 963
6 76 956
76 6 956
7 8 38
8 7 38
7 14 260
14 7 260
7 21 542
21 7 542
7 36 938
36 7 938
7 59 256
59 7 256
7 68 620
68 7 620
8 16 132
16 8 132
8 19 370
19 8 370
8 30 190
30 8 190
8 34 194
34 8 194
8 65 998
65 8 998
9 13 782
13 9 782
9 54 8
54 9 8
9 16 469
16 9 469
10 18 492
18 10 492
10 41 988
41 10 988
10 35 981
35 10 981
11 40 302
40 11 302
12 33 274
33 12 274
13 15 389
15 13 389
13 20 42
20 13 42
13 58 918
58 13 918
13 70 228
70 13 228
13 23 455
23 13 455
13 66 664
66 13 664
13 19 897
19 13 897
14 51 53
51 14 53
14 15 426
15 14 426
14 60 81
60 14 81
16 17 104
17 16 104
16 39 904
39 16 904
16 27 340
27 16 340
16 43 484
43 16 484
17 51 923
51 17 923
17 45 11
45 17 11
18 31 390
31 18 390
18 46 451
46 18 451
18 27 558
27 18 558
19 25 978
25 19 978
19 27 261
27 19 261
19 40 675
40 19 675
19 26 234
26 19 234
20 32 717
32 20 717
20 76 61
76 20 61
20 38 411
38 20 411
21 37 768
37 21 768
21 34 837
34 21 837
22 28 829
28 22 829
22 29 590
29 22 590
22 31 926
31 22 926
22 38 678
38 22 678
22 52 302
52 22 302
22 22 856
22 22 856
22 53 361
53 22 361
22 22 991
22 22 991
22 30 673
30 22 673
22 51 679
51 22 679
22 74 104
74 22 104
22 44 16
44 22 16
23 26 1
26 23 1
23 50 980
50 23 980
24 57 229
57 24 229
24 64 149
64 24 149
25 49 734
49 25 734
25 50 86
50 25 86
25 35 573
35 25 573
26 43 2
43 26 2
26 45 948
45 26 948
26 59 60
59 26 60
26 42 913
42 26 913
27 57 509
57 27 509
29 70 455
70 29 455
29 72 485
72 29 485
30 31 109
31 30 109
30 68 896
68 30 896
31 35 173
35 31 173
31 55 379
55 31 379
31 38 591
38 31 591
31 70 45
70 31 45
31 60 119
60 31 119
32 63 233
63 32 233
33 45 432
45 33 432
33 64 587
64 33 587
33 67 779
67 33 779
34 42 504
42 34 504
35 48 435
48 35 435
37 50 44
50 37 44
37 53 911
53 37 911
37 37 573
37 37 573
38 74 509
74 38 509
38 65 184
65 38 184
39 74 28
74 39 28
41 47 311
47 41 311
42 75 572
75 42 572
42 51 387
51 42 387
43 74 461
74 43 461
45 67 773
67 45 773
45 75 303
75 45 303
45 54 219
54 45 219
45 47 503
47 45 503
46 76 772
76 46 772
46 66 507
66 46 507
49 56 489
56 49 489
51 69 388
69 51 388
52 60 455
60 52 455
54 68 351
68 54 351
55 64 403
64 55 403
55 63 451
63 55 451
57 64 923
64 57 923
57 65 665
65 57 665
58 71 255
71 58 255
58 59 76
59 58 76
58 62 152
62 58 152
59 60 3
60 59 3
60 61 185
61 60 185
61 66 838
66 61 838
61 73 465
73 61 465
62 74 446
74 62 446
62 69 814
69 62 814
64 72 650
72 64 650
65 73 183
73 65 183
65 71 75
71 65 75
68 68 836
68 68 836
69 73 294
73 69 294
73 74 61
74 73 61
