63

0 1 643
1 0 643
0 2 728
2 0 728
0 3 817
3 0 817
0 11 139
11 0 139
0 39 308
39 0 308
0 47 935
47 0 935
0 45 103
45 0 103
0 3 693
3 0 693
0 14 403
14 0 403
0 26 511
26 0 511
0 18 113
18 0 113
1 5 635
5 1 635
1 6 222
6 1 222
1 9 289
9 1 289
1 22 415
22 1 415
1 30 219
30 1 219
1 44 370
44 1 370
1 40 6
40 1 6
2 4 18
4 2 18
2 26 357
26 2 357
2 33 900
33 2 900
2 42 914
42 2 914
2 54 353
54 2 353
2 4 855
4 2 855
3 7 548
7 3 548
3 8 903
8 3 903
3 10 828
10 3 828
3 17 202
17 3 202
3 35 167
35 3 167
3 4 393
4 3 393
3 59 956
59 3 956
3 60 661
60 3 661
3 38 135
38 3 135
3 8 820
8 3 820
3 42 231
42 3 231
3 20 705
20 3 705
4 59 597
59 4 597
5 16 44
16 5 44
6 14 588
14 6 588
6 61 158
61 6 158
6 57 443
57 6 443
7 17 782
17 7 782
7 14 703
14 7 703
7 33 27
33 7 27
8 49 949
49 8 949
8 23 552
23 8 552
9 36 302
36 9 302
9 46 113
46 9 113
9 55 239
55 9 239
9 29 158
29 9 158
9 25 744
25 9 744
9 46 795
46 9 795
10 34 114
34 10 114
10 52 520
52 10 520
10 24 231
24 10 231
10 16 858
16 10 858
10 36 585
36 10 585
10 26 964
26 10 964
11 12 677
12 11 677
11 13 666
13 11 666
11 14 45
14 11 45
11 20 27
20 11 27
11 28 647
28 11 647
11 44 659
44 11 659
11 27 197
27 11 197
11 30 500
30 11 500
11 51 780
51 11 780
11 58 462
58 11 462
11 45 85
45 11 85
11 31 336
31 11 336
12 24 45
24 12 45
12 54 323
54 12 323
12 20 980
20 12 980
12 16 132
16 12 132
13 15 694
15 13 694
13 21 169
21 13 169
13 38 863
38 13 863
13 30 84
30 13 84
13 29 270
29 13 270
15 27 609
27 15 609
15 53 593
53 15 593
15 41 134
41 15 134
16 18 464
18 16 464
16 29 394
29 16 394
16 46 998
46 16 998
16 34 782
34 16 782
17 59 464
59 17 464
17 34 242
34 17 242
17 52 965
52 17 965
18 19 489
19 18 489
18 23 356
23 18 356
18 41 849
41 18 849
18 55 549
55 18 549
18 36 912
36 18 912
19 34 953
34 19 953
20 42 159
42 20 159
21 25 90
25 21 90
21 48 821
48 21 821
21 46 461
46 21 461
22 27 919
27 22 919
23 31 795
31 23 795
23 37 259
37 23 259
23 44 894
44 23 894
24 41 999
41 24 999
24 58 325
58 24 325
24 47 539
47 24 539
24 39 960
39 24 960
25 44 658
44 25 658
25 60 851
60 25 851
25 36 977
36 25 977
25 51 101
51 25 101
26 57 137
57 26 137
26 36 543
36 26 543
27 54 610
54 27 610
27 59 518
59 27 518
28 50 214
50 28 214
28 59 250
59 28 250
28 59 336
59 28 336
29 48 575
48 29 575
29 45 807
45 29 807
29 36 96
36 29 96
30 32 336
32 30 336
30 43 174
43 30 174
31 35 471
35 31 471
32 40 341
40 32 341
32 49 402
49 32 402
32 50 542
50 32 542
32 61 118
61 32 118
32 35 26
35 32 26
32 61 854
61 32 854
32 52 395
52 32 395
33 43 597
43 33 597
33 45 785
45 33 785
33 48 913
48 33 913
33 45 964
45 33 964
33 55 117
55 33 117
33 39 542
39 33 542
33 59 559
59 33 559
34 37 205
37 34 205
34 42 356
42 34 356
34 41 909
41 34 909
37 39 12
39 37 12
37 60 642
60 37 642
38 49 326
49 38 326
38 44 875
44 38 875
39 40 570
40 39 570
39 47 327
47 39 327
41 60 748
60 41 748
41 57 595
57 41 595
42 54 37
54 42 37
42 46 732
46 42 732
43 48 725
48 43 725
43 54 944
54 43 944
45 58 368
58 45 368
45 46 956
46 45 956
46 51 915
51 46 915
48 60 173
60 48 173
49 51 644
51 49 644
49 55 621
55 49 621
50 61 407
61 50 407
53 56 894
56 53 894
54 56 179
56 54 179
54 59 582
59 54 582
54 60 647
60 54 647
56 62 944
62 56 944
57 62 48
62 57 48
