92

0 1 775
1 0 775
0 3 891
3 0 891
0 10 888
10 0 888
0 55 544
55 0 544
0 64 390
64 0 390
0 65 661
65 0 661
0 78 341
78 0 341
0 42 44
42 0 44
0 12 483
12 0 483
0 89 78
89 0 78
0 11 356
11 0 356
0 12 102
12 0 102
0 75 522
75 0 522
0 72 662
72 0 662
0 18 191
18 0 191
0 75 108
75 0 108
1 2 865
2 1 865
1 19 899
19 1 899
1 50 736
50 1 736
1 86 279
86 1 279
1 72 518
72 1 518
1 53 459
53 1 459
1 67 667
67 1 667
2 4 225
4 2 225
2 5 346
5 2 346
2 6 395
6 2 395
2 20 872
20 2 872
2 22 981
22 2 981
2 45 486
45 2 486
2 43 534
43 2 534
2 86 993
86 2 993
2 48 670
48 2 670
2 68 751
68 2 751
2 75 904
75 2 904
2 74 575
74 2 575
2 14 785
14 2 785
3 8 590
8 3 590
3 17 247
17 3 247
3 32 805
32 3 805
3 45 546
45 3 546
3 57 387
57 3 387
3 67 309
67 3 309
3 32 199
32 3 199
3 69 713
69 3 713
4 21 31
21 4 31
4 24 435
24 4 435
4 33 647
33 4 647
4 8 111
8 4 111
4 76 81
76 4 81
5 11 230
11 5 230
5 81 14
81 5 14
5 65 512
65 5 512
5 32 224
32 5 224
5 26 62
26 5 62
5 47 843
47 5 843
5 27 983
27 5 983
6 7 727
7 6 727
6 9 759
9 6 759
6 14 632
14 6 632
6 15 886
15 6 886
6 41 895
41 6 895
6 68 468
68 6 468
6 39 380
39 6 380
6 78 615
78 6 615
6 76 159
76 6 159
6 47 290
47 6 290
7 31 76
31 7 76
7 30 689
30 7 689
7 66 91
66 7 91
7 79 158
79 7 158
8 13 540
13 8 540
8 28 496
28 8 496
8 48 267
48 8 267
8 16 255
16 8 255
8 52 3
52 8 3
8 54 859
54 8 859
8 31 14
31 8 14
8 85 154
85 8 154
8 84 29
84 8 29
8 25 440
25 8 440
9 12 69
12 9 69
9 27 317
27 9 317
9 37 677
37 9 677
9 88 707
88 9 707
9 65 194
65 9 194
9 13 945
13 9 945
9 57 173
57 9 173
9 29 697
29 9 697
9 19 147
19 9 147
9 19 671
19 9 671
9 90 324
90 9 324
9 74 846
74 9 846
9 52 761
52 9 761
10 63 303
63 10 303
10 37 269
37 10 269
10 20 500
20 10 500
11 23 626
23 11 626
11 28 187
28 11 187
11 32 407
32 11 407
11 25 921
25 11 921
11 87 431
87 11 431
11 82 851
82 11 851
11 22 216
22 11 216
11 21 670
21 11 670
11 84 362
84 11 362
11 79 74
79 11 74
12 34 838
34 12 838
12 61 469
61 12 469
12 71 900
71 12 900
12 91 697
91 12 697
12 13 229
13 12 229
12 19 579
19 12 579
12 57 904
57 12 904
12 24 371
24 12 371
12 84 638
84 12 638
12 84 252
84 12 252
12 62 489
62 12 489
12 74 938
74 12 938
12 61 835
61 12 835
13 33 368
33 13 368
13 26 383
26 13 383
13 45 94
45 13 94
14 16 823
16 14 823
14 35 421
35 14 421
14 40 944
40 14 944
14 42 112
42 14 112
14 52 341
52 14 341
14 91 572
91 14 572
14 48 503
48 14 503
14 84 558
84 14 558
14 43 176
43 14 176
14 81 649
81 14 649
15 39 688
39 15 688
15 53 837
53 15 837
15 29 187
29 15 187
15 60 822
60 15 822
15 77 850
77 15 850
15 53 883
53 15 883
16 18 747
18 16 747
16 66 163
66 16 163
16 83 886
83 16 886
16 47 216
47 16 216
16 40 299
40 16 299
16 26 19
26 16 19
17 82 460
82 17 460
17 18 463
18 17 463
17 82 361
82 17 361
17 40 807
40 17 807
17 21 486
21 17 486
17 72 335
72 17 335
17 33 191
33 17 191
17 39 783
39 17 783
18 36 333
36 18 333
18 89 901
89 18 901
18 87 52
87 18 52
18 38 195
38 18 195
18 65 284
65 18 284
19 30 40
30 19 40
19 22 295
22 19 295
19 80 834
80 19 834
19 59 658
59 19 658
19 71 769
71 19 769
19 82 82
82 19 82
19 76 767
76 19 767
19 26 372
26 19 372
20 69 60
69 20 60
20 76 171
76 20 171
20 58 381
58 20 381
20 58 792
58 20 792
20 61 837
61 20 837
20 20 580
20 20 580
20 91 53
91 20 53
21 49 340
49 21 340
21 48 932
48 21 932
21 71 730
71 21 730
21 88 526
88 21 526
22 25 882
25 22 882
22 32 327
32 22 327
22 56 640
56 22 640
22 88 507
88 22 507
22 79 880
79 22 880
22 86 446
86 22 446
23 35 439
35 23 439
23 32 114
32 23 114
23 38 304
38 23 304
23 41 9
41 23 9
23 71 292
71 23 292
23 78 527
78 23 527
24 47 403
47 24 403
24 81 126
81 24 126
24 49 601
49 24 601
24 32 237
32 24 237
24 50 309
50 24 309
24 29 582
29 24 582
24 76 772
76 24 772
25 26 64
26 25 64
25 75 370
75 25 370
25 47 872
47 25 872
25 64 340
64 25 340
25 46 916
46 25 916
25 75 322
75 25 322
25 27 654
27 25 654
25 32 409
32 25 409
26 69 957
69 26 957
26 88 527
88 26 527
26 46 383
46 26 383
26 70 126
70 26 126
27 74 24
74 27 24
27 49 811
49 27 811
27 30 496
30 27 496
27 37 393
37 27 393
28 29 496
29 28 496
28 64 210
64 28 210
28 38 350
38 28 350
28 56 225
56 28 225
28 90 721
90 28 721
28 33 298
33 28 298
28 40 817
40 28 817
28 32 880
32 28 880
28 49 503
49 28 503
28 38 573
38 28 573
28 84 325
84 28 325
29 43 193
43 29 193
29 60 882
60 29 882
29 82 800
82 29 800
29 48 845
48 29 845
29 44 388
44 29 388
29 66 227
66 29 227
30 54 301
54 30 301
30 67 913
67 30 913
30 71 294
71 30 294
30 56 700
56 30 700
30 83 460
83 30 460
30 81 727
81 30 727
30 89 72
89 30 72
31 76 923
76 31 923
31 77 956
77 31 956
31 51 887
51 31 887
31 55 553
55 31 553
31 31 439
31 31 439
31 79 523
79 31 523
32 46 851
46 32 851
32 83 450
83 32 450
32 53 898
53 32 898
32 50 743
50 32 743
32 37 360
37 32 360
32 71 42
71 32 42
33 79 935
79 33 935
33 41 512
41 33 512
33 38 427
38 33 427
33 38 537
38 33 537
33 45 989
45 33 989
34 85 501
85 34 501
34 69 974
69 34 974
34 91 426
91 34 426
34 80 572
80 34 572
34 61 109
61 34 109
34 80 694
80 34 694
34 87 873
87 34 873
35 38 952
38 35 952
35 62 223
62 35 223
35 91 245
91 35 245
35 72 261
72 35 261
35 47 728
47 35 728
35 84 7
84 35 7
35 59 856
59 35 856
35 90 576
90 35 576
35 75 804
75 35 804
37 70 386
70 37 386
37 55 59
55 37 59
37 53 27
53 37 27
37 54 476
54 37 476
37 79 937
79 37 937
38 42 416
42 38 416
39 74 330
74 39 330
39 81 88
81 39 88
39 51 611
51 39 611
40 82 39
82 40 39
40 49 869
49 40 869
41 58 575
58 41 575
41 91 509
91 41 509
41 81 9
81 41 9
42 44 124
44 42 124
42 83 961
83 42 961
42 83 656
83 42 656
42 44 999
44 42 999
42 74 327
74 42 327
42 50 485
50 42 485
43 60 667
60 43 667
43 87 340
87 43 340
43 54 734
54 43 734
44 49 955
49 44 955
44 67 303
67 44 303
44 59 944
59 44 944
44 77 593
77 44 593
44 82 547
82 44 547
45 49 728
49 45 728
45 74 652
74 45 652
46 51 796
51 46 796
46 72 302
72 46 302
46 86 135
86 46 135
46 63 191
63 46 191
46 49 867
49 46 867
47 89 668
89 47 668
47 74 905
74 47 905
47 51 372
51 47 372
47 69 577
69 47 577
47 49 219
49 47 219
47 67 605
67 47 605
48 85 673
85 48 673
49 59 734
59 49 734
49 64 451
64 49 451
49 59 561
59 49 561
49 50 236
50 49 236
49 56 240
56 49 240
49 56 698
56 49 698
50 51 340
51 50 340
50 84 279
84 50 279
50 79 274
79 50 274
51 72 788
72 51 788
51 53 528
53 51 528
51 60 299
60 51 299
51 87 245
87 51 245
52 76 884
76 52 884
52 85 754
85 52 754
53 64 986
64 53 986
53 76 903
76 53 903
53 60 708
60 53 708
53 56 629
56 53 629
54 66 17
66 54 17
54 82 247
82 54 247
54 74 978
74 54 978
54 86 759
86 54 759
54 57 567
57 54 567
54 81 810
81 54 810
54 88 758
88 54 758
55 86 528
86 55 528
55 89 861
89 55 861
55 90 237
90 55 237
55 59 318
59 55 318
55 56 153
56 55 153
55 84 11
84 55 11
56 57 252
57 56 252
56 75 153
75 56 153
56 76 535
76 56 535
57 58 571
58 57 571
57 91 523
91 57 523
57 84 273
84 57 273
58 76 711
76 58 711
58 66 557
66 58 557
60 73 956
73 60 956
60 89 791
89 60 791
60 74 147
74 60 147
61 71 51
71 61 51
62 82 483
82 62 483
62 88 795
88 62 795
63 89 232
89 63 232
63 69 246
69 63 246
63 74 418
74 63 418
64 87 299
87 64 299
64 86 616
86 64 616
65 79 391
79 65 391
65 87 288
87 65 288
65 66 496
66 65 496
65 82 598
82 65 598
65 76 717
76 65 717
65 87 169
87 65 169
66 76 30
76 66 30
66 74 699
74 66 699
66 78 567
78 66 567
67 77 658
77 67 658
67 83 368
83 67 368
67 83 345
83 67 345
68 73 141
73 68 141
69 70 397
70 69 397
69 72 171
72 69 171
69 88 334
88 69 334
69 72 302
72 69 302
72 80 822
80 72 822
72 73 781
73 72 781
74 91 549
91 74 549
75 91 472
91 75 472
76 90 440
90 76 440
76 84 508
84 76 508
79 82 310
82 79 310
79 87 98
87 79 98
81 87 583
87 81 583
82 86 814
86 82 814
82 86 391
86 82 391
83 89 689
89 83 689
84 91 711
91 84 711
85 91 630
91 85 630
85 88 438
88 85 438
88 90 750
90 88 750
88 91 338
91 88 338
90 90 477
90 90 477
