85

0 1 73
1 0 73
0 2 596
2 0 596
0 3 15
3 0 15
0 4 215
4 0 215
0 13 225
13 0 225
0 23 930
23 0 930
0 37 708
37 0 708
0 67 332
67 0 332
0 57 451
57 0 451
0 43 572
43 0 572
0 29 462
29 0 462
0 54 283
54 0 283
0 7 597
7 0 597
0 81 747
81 0 747
0 55 132
55 0 132
0 32 284
32 0 284
0 8 895
8 0 895
0 2 608
2 0 608
0 5 256
5 0 256
0 24 390
24 0 390
0 42 252
42 0 252
0 80 242
80 0 242
1 19 490
19 1 490
1 50 624
50 1 624
1 14 491
14 1 491
1 24 722
24 1 722
1 58 328
58 1 328
1 63 939
63 1 939
1 28 204
28 1 204
1 70 962
70 1 962
1 68 271
68 1 271
1 28 676
28 1 676
1 29 742
29 1 742
1 76 439
76 1 439
1 52 263
52 1 263
1 65 504
65 1 504
1 82 888
82 1 888
1 53 591
53 1 591
1 15 37
15 1 37
2 64 195
64 2 195
2 13 533
13 2 533
2 33 196
33 2 196
2 30 539
30 2 539
2 4 822
4 2 822
2 6 332
6 2 332
2 10 141
10 2 141
2 78 734
78 2 734
2 70 583
70 2 583
2 37 504
37 2 504
2 24 87
24 2 87
2 79 967
79 2 967
2 47 519
47 2 519
3 5 650
5 3 650
3 6 654
6 3 654
3 10 803
10 3 803
3 15 155
15 3 155
3 27 4
27 3 4
3 31 432
31 3 432
3 45 539
45 3 539
3 73 594
73 3 594
3 41 103
41 3 103
3 44 176
44 3 176
3 6 582
6 3 582
3 42 399
42 3 399
3 32 86
32 3 86
3 56 305
56 3 305
3 59 162
59 3 162
3 62 566
62 3 566
3 76 743
76 3 743
3 13 178
13 3 178
4 11 641
11 4 641
4 16 329
16 4 329
4 29 238
29 4 238
4 56 152
56 4 152
4 59 964
59 4 964
4 73 972
73 4 972
4 49 954
49 4 954
4 80 392
80 4 392
4 78 949
78 4 949
4 13 960
13 4 960
4 20 415
20 4 415
4 45 670
45 4 670
4 18 172
18 4 172
4 17 528
17 4 528
4 54 1
54 4 1
4 48 909
48 4 909
4 28 528
28 4 528
4 19 207
19 4 207
5 36 788
36 5 788
5 6 663
6 5 663
5 21 142
21 5 142
5 42 985
42 5 985
5 18 106
18 5 106
5 19 278
19 5 278
5 7 488
7 5 488
5 22 956
22 5 956
5 20 892
20 5 892
5 23 854
23 5 854
5 53 677
53 5 677
6 7 26
7 6 26
6 8 797
8 6 797
6 9 209
9 6 209
6 12 124
12 6 124
6 74 372
74 6 372
6 76 663
76 6 663
6 80 36
80 6 36
6 78 830
78 6 830
6 68 970
68 6 970
6 80 806
80 6 806
6 61 541
61 6 541
6 72 71
72 6 71
6 62 487
62 6 487
6 8 950
8 6 950
6 31 34
31 6 34
6 54 88
54 6 88
6 20 114
20 6 114
6 13 877
13 6 877
6 39 604
39 6 604
6 22 139
22 6 139
6 63 775
63 6 775
6 59 700
59 6 700
7 47 503
47 7 503
7 49 35
49 7 35
7 34 981
34 7 981
7 48 443
48 7 443
7 26 299
26 7 299
7 48 238
48 7 238
7 76 14
76 7 14
7 7 397
7 7 397
7 25 981
25 7 981
7 20 142
20 7 142
7 51 856
51 7 856
7 27 926
27 7 926
7 62 19
62 7 19
8 22 20
22 8 20
8 58 575
58 8 575
8 48 982
48 8 982
8 30 204
30 8 204
8 38 469
38 8 469
8 72 341
72 8 341
8 73 52
73 8 52
8 53 442
53 8 442
8 27 467
27 8 467
8 66 508
66 8 508
8 9 408
9 8 408
8 49 877
49 8 877
8 15 386
15 8 386
9 29 520
29 9 520
9 82 327
82 9 327
9 45 9
45 9 9
9 11 187
11 9 187
9 75 46
75 9 46
9 30 375
30 9 375
9 54 441
54 9 441
9 53 631
53 9 631
9 41 770
41 9 770
10 21 231
21 10 231
10 24 166
24 10 166
10 38 123
38 10 123
10 53 592
53 10 592
10 54 401
54 10 401
10 58 740
58 10 740
10 40 608
40 10 608
10 42 531
42 10 531
10 67 313
67 10 313
10 78 158
78 10 158
11 20 992
20 11 992
11 81 807
81 11 807
11 33 493
33 11 493
11 14 281
14 11 281
11 23 361
23 11 361
11 84 658
84 11 658
11 46 598
46 11 598
12 14 461
14 12 461
12 17 605
17 12 605
12 28 864
28 12 864
12 33 511
33 12 511
12 40 612
40 12 612
12 61 72
61 12 72
12 56 245
56 12 245
12 14 656
14 12 656
12 35 356
35 12 356
12 76 381
76 12 381
12 55 367
55 12 367
12 65 898
65 12 898
12 21 371
21 12 371
12 31 29
31 12 29
12 17 842
17 12 842
12 47 998
47 12 998
12 76 316
76 12 316
12 35 940
35 12 940
13 53 862
53 13 862
13 69 842
69 13 842
13 39 918
39 13 918
13 82 581
82 13 581
13 27 375
27 13 375
13 69 791
69 13 791
13 47 62
47 13 62
14 35 116
35 14 116
14 63 572
63 14 572
14 51 42
51 14 42
14 14 947
14 14 947
14 71 15
71 14 15
14 36 904
36 14 904
14 74 932
74 14 932
14 35 114
35 14 114
14 49 994
49 14 994
14 64 219
64 14 219
14 48 569
48 14 569
14 72 408
72 14 408
14 44 304
44 14 304
14 73 815
73 14 815
15 44 218
44 15 218
15 57 139
57 15 139
15 25 184
25 15 184
15 53 168
53 15 168
15 22 630
22 15 630
15 20 399
20 15 399
15 19 282
19 15 282
15 52 6
52 15 6
15 30 679
30 15 679
15 37 67
37 15 67
15 20 922
20 15 922
15 32 515
32 15 515
15 28 264
28 15 264
16 18 82
18 16 82
16 25 724
25 16 724
16 30 916
30 16 916
16 62 448
62 16 448
16 76 758
76 16 758
16 84 158
84 16 158
16 19 784
19 16 784
16 21 850
21 16 850
16 73 349
73 16 349
16 29 537
29 16 537
16 81 931
81 16 931
16 22 603
22 16 603
16 68 443
68 16 443
17 58 101
58 17 101
17 53 129
53 17 129
17 28 648
28 17 648
17 36 427
36 17 427
17 67 691
67 17 691
17 25 771
25 17 771
17 30 319
30 17 319
17 20 972
20 17 972
17 40 603
40 17 603
17 48 126
48 17 126
18 32 581
32 18 581
18 60 797
60 18 797
18 30 171
30 18 171
18 49 940
49 18 940
18 45 588
45 18 588
18 55 313
55 18 313
18 38 536
38 18 536
18 58 647
58 18 647
18 26 652
26 18 652
19 39 171
39 19 171
19 56 991
56 19 991
19 38 140
38 19 140
19 51 103
51 19 103
19 71 527
71 19 527
20 66 672
66 20 672
20 28 143
28 20 143
20 37 164
37 20 164
20 55 155
55 20 155
20 83 11
83 20 11
20 21 742
21 20 742
20 42 570
42 20 570
20 66 937
66 20 937
20 55 190
55 20 190
21 34 512
34 21 512
21 48 231
48 21 231
21 52 331
52 21 331
21 83 837
83 21 837
21 28 27
28 21 27
21 40 630
40 21 630
21 55 74
55 21 74
21 31 69
31 21 69
21 79 72
79 21 72
21 42 109
42 21 109
21 33 533
33 21 533
21 78 621
78 21 621
22 70 771
70 22 771
22 50 553
50 22 553
22 26 688
26 22 688
22 24 248
24 22 248
22 54 681
54 22 681
22 47 300
47 22 300
22 76 927
76 22 927
22 59 319
59 22 319
22 33 913
33 22 913
23 54 832
54 23 832
23 32 144
32 23 144
23 55 682
55 23 682
23 76 117
76 23 117
23 83 437
83 23 437
23 34 617
34 23 617
23 57 585
57 23 585
23 75 573
75 23 573
23 48 335
48 23 335
23 70 8
70 23 8
23 75 924
75 23 924
23 71 48
71 23 48
23 39 976
39 23 976
23 23 259
23 23 259
23 82 910
82 23 910
24 53 703
53 24 703
24 73 403
73 24 403
24 32 17
32 24 17
24 32 198
32 24 198
24 62 784
62 24 784
24 65 212
65 24 212
24 66 411
66 24 411
24 44 732
44 24 732
25 26 390
26 25 390
25 55 725
55 25 725
25 79 5
79 25 5
25 83 595
83 25 595
25 29 480
29 25 480
25 64 13
64 25 13
25 41 979
41 25 979
25 61 692
61 25 692
25 47 545
47 25 545
25 79 600
79 25 600
25 45 835
45 25 835
25 75 935
75 25 935
25 60 583
60 25 583
25 50 393
50 25 393
25 80 81
80 25 81
26 74 591
74 26 591
26 57 880
57 26 880
26 64 649
64 26 649
26 59 17
59 26 17
26 39 575
39 26 575
26 56 256
56 26 256
26 32 184
32 26 184
26 70 555
70 26 555
26 61 550
61 26 550
26 50 613
50 26 613
27 68 960
68 27 960
27 77 75
77 27 75
27 71 514
71 27 514
27 51 709
51 27 709
27 43 959
43 27 959
27 67 539
67 27 539
27 78 656
78 27 656
27 82 653
82 27 653
27 33 117
33 27 117
27 80 12
80 27 12
28 39 939
39 28 939
28 43 225
43 28 225
28 44 228
44 28 228
28 73 478
73 28 478
28 72 435
72 28 435
28 71 644
71 28 644
28 62 705
62 28 705
28 76 689
76 28 689
28 40 901
40 28 901
28 69 219
69 28 219
28 36 113
36 28 113
28 82 84
82 28 84
29 61 247
61 29 247
29 76 994
76 29 994
29 53 759
53 29 759
29 62 771
62 29 771
29 39 862
39 29 862
29 44 609
44 29 609
29 72 735
72 29 735
29 34 163
34 29 163
29 37 99
37 29 99
29 43 47
43 29 47
29 83 807
83 29 807
29 42 462
42 29 462
30 51 206
51 30 206
30 73 772
73 30 772
30 78 645
78 30 645
30 59 655
59 30 655
30 51 41
51 30 41
30 72 167
72 30 167
30 80 375
80 30 375
30 71 630
71 30 630
30 77 977
77 30 977
31 38 822
38 31 822
31 54 948
54 31 948
31 52 636
52 31 636
31 52 504
52 31 504
31 53 433
53 31 433
31 42 398
42 31 398
31 73 535
73 31 535
31 33 958
33 31 958
31 72 412
72 31 412
31 55 989
55 31 989
31 67 641
67 31 641
31 57 126
57 31 126
31 74 211
74 31 211
31 68 865
68 31 865
31 39 916
39 31 916
32 41 640
41 32 640
32 38 292
38 32 292
32 75 668
75 32 668
32 34 967
34 32 967
32 49 3
49 32 3
33 45 303
45 33 303
33 46 25
46 33 25
33 40 939
40 33 939
33 56 138
56 33 138
33 64 251
64 33 251
33 59 76
59 33 76
33 55 356
55 33 356
33 34 513
34 33 513
33 73 353
73 33 353
34 42 383
42 34 383
34 42 340
42 34 340
34 42 509
42 34 509
34 50 111
50 34 111
34 51 895
51 34 895
34 64 145
64 34 145
34 71 574
71 34 574
34 70 458
70 34 458
34 83 152
83 34 152
34 53 192
53 34 192
34 51 878
51 34 878
35 64 498
64 35 498
35 68 172
68 35 172
35 37 395
37 35 395
35 50 419
50 35 419
35 64 543
64 35 543
35 36 87
36 35 87
35 72 686
72 35 686
35 49 826
49 35 826
35 67 831
67 35 831
36 72 42
72 36 42
36 80 906
80 36 906
36 61 978
61 36 978
36 37 659
37 36 659
36 51 543
51 36 543
36 73 662
73 36 662
36 46 297
46 36 297
36 60 669
60 36 669
36 79 936
79 36 936
36 81 409
81 36 409
36 55 775
55 36 775
37 84 468
84 37 468
37 53 243
53 37 243
37 72 552
72 37 552
37 63 586
63 37 586
37 49 435
49 37 435
37 67 961
67 37 961
38 58 980
58 38 980
38 55 767
55 38 767
38 51 406
51 38 406
38 82 580
82 38 580
38 78 778
78 38 778
38 75 395
75 38 395
38 56 871
56 38 871
39 75 921
75 39 921
39 83 78
83 39 78
39 60 140
60 39 140
39 76 140
76 39 140
39 84 576
84 39 576
39 63 661
63 39 661
39 39 189
39 39 189
40 67 362
67 40 362
40 69 388
69 40 388
40 53 30
53 40 30
40 61 174
61 40 174
40 83 894
83 40 894
40 40 517
40 40 517
40 82 106
82 40 106
40 70 61
70 40 61
41 54 61
54 41 61
41 43 53
43 41 53
41 45 590
45 41 590
41 67 491
67 41 491
41 59 768
59 41 768
41 78 299
78 41 299
41 81 455
81 41 455
41 50 763
50 41 763
41 79 558
79 41 558
41 84 752
84 41 752
41 84 964
84 41 964
41 78 596
78 41 596
41 62 924
62 41 924
41 74 884
74 41 884
42 75 603
75 42 603
42 55 190
55 42 190
42 77 708
77 42 708
42 70 3
70 42 3
42 48 933
48 42 933
42 43 464
43 42 464
42 81 753
81 42 753
42 81 928
81 42 928
43 52 172
52 43 172
43 70 648
70 43 648
43 54 404
54 43 404
43 61 2
61 43 2
44 61 245
61 44 245
45 77 778
77 45 778
45 79 389
79 45 389
45 69 998
69 45 998
45 73 955
73 45 955
45 67 749
67 45 749
45 74 827
74 45 827
46 73 483
73 46 483
46 52 26
52 46 26
46 57 869
57 46 869
46 60 314
60 46 314
47 78 806
78 47 806
47 82 330
82 47 330
47 53 619
53 47 619
47 79 938
79 47 938
47 59 327
59 47 327
47 64 62
64 47 62
47 82 869
82 47 869
47 68 619
68 47 619
47 72 770
72 47 770
47 76 871
76 47 871
48 63 952
63 48 952
48 69 606
69 48 606
48 66 400
66 48 400
48 56 499
56 48 499
48 66 117
66 48 117
48 50 756
50 48 756
48 70 537
70 48 537
48 53 915
53 48 915
48 82 453
82 48 453
49 72 730
72 49 730
49 66 658
66 49 658
49 73 665
73 49 665
49 82 29
82 49 29
50 64 210
64 50 210
50 78 805
78 50 805
51 53 786
53 51 786
51 66 532
66 51 532
51 59 528
59 51 528
51 51 200
51 51 200
51 84 634
84 51 634
51 56 711
56 51 711
51 83 883
83 51 883
51 79 365
79 51 365
52 59 826
59 52 826
52 56 156
56 52 156
52 67 136
67 52 136
53 68 907
68 53 907
54 61 243
61 54 243
54 70 117
70 54 117
54 60 900
60 54 900
54 61 907
61 54 907
55 64 375
64 55 375
55 59 887
59 55 887
55 61 963
61 55 963
55 74 823
74 55 823
55 78 258
78 55 258
55 73 362
73 55 362
55 71 605
71 55 605
56 68 494
68 56 494
56 63 243
63 56 243
56 71 428
71 56 428
56 56 842
56 56 842
56 69 529
69 56 529
56 69 26
69 56 26
56 75 772
75 56 772
56 59 835
59 56 835
56 59 582
59 56 582
57 62 797
62 57 797
57 62 540
62 57 540
57 59 164
59 57 164
57 68 183
68 57 183
58 69 541
69 58 541
58 69 573
69 58 573
58 84 565
84 58 565
58 84 509
84 58 509
58 70 904
70 58 904
59 65 84
65 59 84
59 69 36
69 59 36
59 61 234
61 59 234
59 60 281
60 59 281
59 79 372
79 59 372
59 67 948
67 59 948
60 70 429
70 60 429
60 84 570
84 60 570
60 76 996
76 60 996
60 65 191
65 60 191
60 79 391
79 60 391
60 80 64
80 60 64
60 63 968
63 60 968
60 69 47
69 60 47
61 82 137
82 61 137
61 68 13
68 61 13
62 82 679
82 62 679
62 72 839
72 62 839
62 70 48
70 62 48
62 65 49
65 62 49
62 78 34
78 62 34
63 71 581
71 63 581
63 67 733
67 63 733
63 74 155
74 63 155
63 83 479
83 63 479
63 64 224
64 63 224
63 65 629
65 63 629
63 83 842
83 63 842
63 83 430
83 63 430
63 71 741
71 63 741
63 80 391
80 63 391
64 84 275
84 64 275
65 78 533
78 65 533
65 75 914
75 65 914
65 65 373
65 65 373
66 75 325
75 66 325
66 71 262
71 66 262
66 82 857
82 66 857
66 83 975
83 66 975
67 75 54
75 67 54
67 69 649
69 67 649
67 77 682
77 67 682
67 69 981
69 67 981
69 70 175
70 69 175
69 81 285
81 69 285
69 81 841
81 69 841
69 77 1
77 69 1
69 83 24
83 69 24
69 82 548
82 69 548
70 76 160
76 70 160
70 80 978
80 70 978
70 75 330
75 70 330
71 73 251
73 71 251
71 71 858
71 71 858
71 84 932
84 71 932
72 82 219
82 72 219
72 76 542
76 72 542
73 74 602
74 73 602
76 82 952
82 76 952
77 80 803
80 77 803
78 83 951
83 78 951
78 82 840
82 78 840
79 81 833
81 79 833
82 84 807
84 82 807
82 82 675
82 82 675
