53

0 1 538
1 0 538
0 3 844
3 0 844
0 5 370
5 0 370
0 10 303
10 0 303
0 22 236
22 0 236
0 39 905
39 0 905
0 44 121
44 0 121
0 26 358
26 0 358
0 22 587
22 0 587
0 52 314
52 0 314
0 42 223
42 0 223
0 12 857
12 0 857
0 5 371
5 0 371
1 2 65
2 1 65
1 43 256
43 1 256
1 8 310
8 1 310
1 3 659
3 1 659
1 6 753
6 1 753
2 4 997
4 2 997
2 6 991
6 2 991
2 8 113
8 2 113
2 11 527
11 2 527
2 17 659
17 2 659
2 29 37
29 2 37
2 51 503
51 2 503
2 45 354
45 2 354
2 42 741
42 2 741
2 23 954
23 2 954
2 4 874
4 2 874
3 16 778
16 3 778
3 20 59
20 3 59
3 23 452
23 3 452
3 5 115
5 3 115
4 14 862
14 4 862
4 15 827
15 4 827
4 17 590
17 4 590
4 6 67
6 4 67
4 37 391
37 4 391
5 7 727
7 5 727
5 9 386
9 5 386
5 38 944
38 5 944
5 42 832
42 5 832
5 16 225
16 5 225
5 10 477
10 5 477
5 52 877
52 5 877
5 30 985
30 5 985
6 12 828
12 6 828
6 13 346
13 6 346
6 50 316
50 6 316
6 22 671
22 6 671
6 48 826
48 6 826
6 18 658
18 6 658
6 32 909
32 6 909
6 20 329
20 6 329
7 18 451
18 7 451
7 24 279
24 7 279
7 52 33
52 7 33
7 11 807
11 7 807
7 19 176
19 7 176
7 41 718
41 7 718
8 25 382
25 8 382
8 44 966
44 8 966
8 31 209
31 8 209
8 12 541
12 8 541
8 49 226
49 8 226
8 23 7
23 8 7
9 30 97
30 9 97
9 19 644
19 9 644
9 30 756
30 9 756
9 30 180
30 9 180
9 42 173
42 9 173
9 39 820
39 9 820
9 20 920
20 9 920
10 21 776
21 10 776
10 37 402
37 10 402
10 14 298
14 10 298
10 42 366
42 10 366
10 15 946
15 10 946
11 23 355
23 11 355
11 41 760
41 11 760
11 38 677
38 11 677
11 43 308
43 11 308
11 17 334
17 11 334
12 43 573
43 12 573
12 46 497
46 12 497
12 41 88
41 12 88
12 19 233
19 12 233
12 20 384
20 12 384
13 14 20
14 13 20
14 46 274
46 14 274
14 51 998
51 14 998
14 33 55
33 14 55
14 52 612
52 14 612
15 27 564
27 15 564
15 17 994
17 15 994
15 19 244
19 15 244
15 16 154
16 15 154
16 19 764
19 16 764
16 34 694
34 16 694
16 19 863
19 16 863
16 26 905
26 16 905
16 19 14
19 16 14
16 17 540
17 16 540
17 26 595
26 17 595
17 45 540
45 17 540
17 20 768
20 17 768
18 20 324
20 18 324
18 18 978
18 18 978
19 31 398
31 19 398
19 27 64
27 19 64
19 36 502
36 19 502
19 22 814
22 19 814
19 36 618
36 19 618
20 28 463
28 20 463
20 27 328
27 20 328
20 34 555
34 20 555
20 52 943
52 20 943
20 28 408
28 20 408
20 32 792
32 20 792
20 31 178
31 20 178
21 40 252
40 21 252
21 47 469
47 21 469
21 43 632
43 21 632
21 39 938
39 21 938
22 29 730
29 22 730
22 33 9
33 22 9
23 48 896
48 23 896
23 29 823
29 23 823
23 52 562
52 23 562
23 47 485
47 23 485
24 38 355
38 24 355
24 33 945
33 24 945
24 52 889
52 24 889
24 39 830
39 24 830
25 28 487
28 25 487
25 35 29
35 25 29
26 32 898
32 26 898
26 51 364
51 26 364
26 50 930
50 26 930
27 36 370
36 27 370
27 36 24
36 27 24
28 30 338
30 28 338
28 39 676
39 28 676
28 33 956
33 28 956
29 35 883
35 29 883
29 36 259
36 29 259
29 45 815
45 29 815
29 46 927
46 29 927
29 29 394
29 29 394
30 52 64
52 30 64
31 34 517
34 31 517
31 40 668
40 31 668
31 43 241
43 31 241
32 41 105
41 32 105
32 45 350
45 32 350
32 37 651
37 32 651
33 40 820
40 33 820
34 44 97
44 34 97
34 38 165
38 34 165
36 49 252
49 36 252
36 38 614
38 36 614
37 41 990
41 37 990
39 46 947
46 39 947
40 48 349
48 40 349
40 40 293
40 40 293
41 51 161
51 41 161
41 49 220
49 41 220
45 47 142
47 45 142
46 46 7
46 46 7
46 48 370
48 46 370
47 49 258
49 47 258
50 52 392
52 50 392
50 50 442
50 50 442
