65

0 1 896
1 0 896
0 4 264
4 0 264
0 7 593
7 0 593
0 27 866
27 0 866
0 29 682
29 0 682
0 37 643
37 0 643
0 58 280
58 0 280
0 54 352
54 0 352
0 7 648
7 0 648
1 2 490
2 1 490
1 9 663
9 1 663
1 19 866
19 1 866
1 28 158
28 1 158
1 14 688
14 1 688
1 53 274
53 1 274
2 3 464
3 2 464
2 10 168
10 2 168
2 50 792
50 2 792
2 22 534
22 2 534
2 21 99
21 2 99
2 3 823
3 2 823
2 20 471
20 2 471
2 57 961
57 2 961
2 26 953
26 2 953
3 6 237
6 3 237
3 31 412
31 3 412
3 53 389
53 3 389
3 19 18
19 3 18
3 3 196
3 3 196
3 4 685
4 3 685
3 56 916
56 3 916
3 42 501
42 3 501
3 8 886
8 3 886
4 5 917
5 4 917
4 11 271
11 4 271
4 16 32
16 4 32
4 52 998
52 4 998
5 23 647
23 5 647
5 33 580
33 5 580
5 56 181
56 5 181
5 6 337
6 5 337
5 20 619
20 5 619
5 20 985
20 5 985
6 24 935
24 6 935
6 41 833
41 6 833
6 51 583
51 6 583
6 46 901
46 6 901
6 42 101
42 6 101
6 35 880
35 6 880
6 63 729
63 6 729
7 8 83
8 7 83
7 12 458
12 7 458
7 26 256
26 7 256
7 39 406
39 7 406
7 39 541
39 7 541
7 60 765
60 7 765
7 59 698
59 7 698
7 40 47
40 7 47
7 48 709
48 7 709
8 14 8
14 8 8
8 15 385
15 8 385
8 28 507
28 8 507
8 59 97
59 8 97
8 58 404
58 8 404
8 40 921
40 8 921
8 9 285
9 8 285
9 25 946
25 9 946
9 27 835
27 9 835
9 59 316
59 9 316
9 32 111
32 9 111
9 41 594
41 9 594
10 21 421
21 10 421
10 51 830
51 10 830
10 39 720
39 10 720
10 11 770
11 10 770
10 49 551
49 10 551
11 13 574
13 11 574
11 51 532
51 11 532
11 46 719
46 11 719
12 29 944
29 12 944
12 27 780
27 12 780
13 32 400
32 13 400
13 57 692
57 13 692
13 55 227
55 13 227
13 18 613
18 13 613
13 36 100
36 13 100
13 57 989
57 13 989
14 20 467
20 14 467
14 57 715
57 14 715
14 60 912
60 14 912
14 44 381
44 14 381
14 55 962
55 14 962
14 54 293
54 14 293
14 19 14
19 14 14
15 18 910
18 15 910
15 62 308
62 15 308
15 27 492
27 15 492
16 17 134
17 16 134
16 23 369
23 16 369
16 33 203
33 16 203
16 51 33
51 16 33
16 17 542
17 16 542
16 29 66
29 16 66
16 64 803
64 16 803
17 27 484
27 17 484
17 28 112
28 17 112
18 35 470
35 18 470
18 29 679
29 18 679
18 32 566
32 18 566
18 63 673
63 18 673
18 46 986
46 18 986
18 52 120
52 18 120
18 47 981
47 18 981
18 25 107
25 18 107
18 24 476
24 18 476
19 61 451
61 19 451
19 26 125
26 19 125
19 52 340
52 19 340
20 22 61
22 20 61
20 44 41
44 20 41
20 47 292
47 20 292
20 54 742
54 20 742
20 55 29
55 20 29
20 52 94
52 20 94
20 56 857
56 20 857
21 28 623
28 21 623
21 37 199
37 21 199
21 39 79
39 21 79
22 55 257
55 22 257
22 34 674
34 22 674
22 37 122
37 22 122
22 46 115
46 22 115
23 30 126
30 23 126
23 52 504
52 23 504
23 56 503
56 23 503
23 26 229
26 23 229
23 23 212
23 23 212
24 34 210
34 24 210
24 31 360
31 24 360
24 38 938
38 24 938
25 50 935
50 25 935
25 54 335
54 25 335
26 36 499
36 26 499
26 35 292
35 26 292
26 56 879
56 26 879
27 54 588
54 27 588
28 43 736
43 28 736
28 33 160
33 28 160
29 53 602
53 29 602
29 64 41
64 29 41
30 56 616
56 30 616
30 40 874
40 30 874
30 55 421
55 30 421
31 42 774
42 31 774
31 46 293
46 31 293
31 50 878
50 31 878
32 37 193
37 32 193
32 37 656
37 32 656
33 40 909
40 33 909
33 51 457
51 33 457
33 41 580
41 33 580
34 36 796
36 34 796
34 54 127
54 34 127
35 38 194
38 35 194
35 51 613
51 35 613
36 38 834
38 36 834
36 48 330
48 36 330
37 45 432
45 37 432
37 49 996
49 37 996
38 49 405
49 38 405
38 64 849
64 38 849
38 58 667
58 38 667
39 40 988
40 39 988
39 41 229
41 39 229
39 59 257
59 39 257
40 48 694
48 40 694
40 48 431
48 40 431
41 51 512
51 41 512
42 47 582
47 42 582
43 48 110
48 43 110
43 45 558
45 43 558
43 56 819
56 43 819
45 58 665
58 45 665
45 46 503
46 45 503
45 53 285
53 45 285
46 52 80
52 46 80
47 64 923
64 47 923
47 49 913
49 47 913
48 53 941
53 48 941
48 50 605
50 48 605
48 49 369
49 48 369
49 63 12
63 49 12
50 60 992
60 50 992
51 57 373
57 51 373
52 62 912
62 52 912
54 62 838
62 54 838
54 57 825
57 54 825
54 55 803
55 54 803
54 59 400
59 54 400
55 59 933
59 55 933
56 64 945
64 56 945
57 62 698
62 57 698
58 61 803
61 58 803
59 61 968
61 59 968
61 62 989
62 61 989
