90

0 1 379
1 0 379
0 2 905
2 0 905
0 10 159
10 0 159
0 11 344
11 0 344
0 23 845
23 0 845
0 86 13
86 0 13
0 68 495
68 0 495
0 62 769
62 0 769
0 75 729
75 0 729
0 8 130
8 0 130
0 70 180
70 0 180
0 25 876
25 0 876
0 12 665
12 0 665
1 3 628
3 1 628
1 4 746
4 1 746
1 54 582
54 1 582
1 31 938
31 1 938
1 36 552
36 1 552
1 9 972
9 1 972
2 6 495
6 2 495
2 7 34
7 2 34
2 18 788
18 2 788
2 27 284
27 2 284
2 37 791
37 2 791
2 51 958
51 2 958
2 60 508
60 2 508
2 88 503
88 2 503
2 64 189
64 2 189
2 84 711
84 2 711
2 74 820
74 2 820
3 5 376
5 3 376
3 8 229
8 3 229
3 64 198
64 3 198
3 5 776
5 3 776
3 10 131
10 3 131
3 52 799
52 3 799
3 6 101
6 3 101
3 88 301
88 3 301
3 63 403
63 3 403
3 66 779
66 3 779
4 85 507
85 4 507
4 39 860
39 4 860
5 9 708
9 5 708
5 26 645
26 5 645
5 42 805
42 5 805
5 89 759
89 5 759
5 47 715
47 5 715
5 44 147
44 5 147
5 64 728
64 5 728
5 81 11
81 5 11
6 17 394
17 6 394
6 7 524
7 6 524
6 55 399
55 6 399
6 9 446
9 6 446
6 71 888
71 6 888
6 85 573
85 6 573
7 36 687
36 7 687
7 46 138
46 7 138
7 61 898
61 7 898
7 13 297
13 7 297
8 32 232
32 8 232
8 11 645
11 8 645
8 60 99
60 8 99
8 75 776
75 8 776
8 76 84
76 8 84
9 60 610
60 9 610
9 13 654
13 9 654
9 48 994
48 9 994
10 12 721
12 10 721
10 14 474
14 10 474
10 83 919
83 10 919
10 76 272
76 10 272
10 20 536
20 10 536
10 76 429
76 10 429
10 54 662
54 10 662
10 43 259
43 10 259
10 37 486
37 10 486
11 70 227
70 11 227
11 67 477
67 11 477
11 85 866
85 11 866
11 18 151
18 11 151
11 62 304
62 11 304
12 13 138
13 12 138
12 31 228
31 12 228
12 41 674
41 12 674
12 58 850
58 12 850
12 47 204
47 12 204
12 82 858
82 12 858
12 53 923
53 12 923
12 51 890
51 12 890
13 15 851
15 13 851
13 21 430
21 13 430
13 35 683
35 13 683
13 74 654
74 13 654
13 44 604
44 13 604
13 56 383
56 13 383
14 16 427
16 14 427
14 20 923
20 14 923
14 38 94
38 14 94
14 39 801
39 14 801
14 32 437
32 14 437
15 19 65
19 15 65
15 85 459
85 15 459
15 42 517
42 15 517
15 58 928
58 15 928
15 53 367
53 15 367
15 88 507
88 15 507
16 24 156
24 16 156
16 29 648
29 16 648
16 39 377
39 16 377
16 72 317
72 16 317
16 45 656
45 16 656
17 72 111
72 17 111
17 76 913
76 17 913
17 49 461
49 17 461
17 81 274
81 17 274
18 25 60
25 18 60
18 71 925
71 18 925
18 55 796
55 18 796
19 22 242
22 19 242
19 47 743
47 19 743
19 74 742
74 19 742
19 60 133
60 19 133
19 72 812
72 19 812
20 65 583
65 20 583
20 45 493
45 20 493
20 71 295
71 20 295
20 70 651
70 20 651
21 62 36
62 21 36
22 28 229
28 22 229
22 43 316
43 22 316
22 74 35
74 22 35
22 77 511
77 22 511
22 57 328
57 22 328
22 66 547
66 22 547
22 25 963
25 22 963
23 33 103
33 23 103
23 63 946
63 23 946
23 81 890
81 23 890
23 69 315
69 23 315
23 82 946
82 23 946
24 34 508
34 24 508
24 43 757
43 24 757
24 67 642
67 24 642
25 44 524
44 25 524
25 77 809
77 25 809
25 37 889
37 25 889
25 71 291
71 25 291
25 55 481
55 25 481
26 53 326
53 26 326
26 39 769
39 26 769
27 30 618
30 27 618
27 58 306
58 27 306
27 80 582
80 27 582
27 87 550
87 27 550
27 29 546
29 27 546
28 49 439
49 28 439
28 40 986
40 28 986
28 82 902
82 28 902
29 40 598
40 29 598
29 86 127
86 29 127
30 84 766
84 30 766
30 46 307
46 30 307
30 39 506
39 30 506
31 74 191
74 31 191
31 32 580
32 31 580
31 74 151
74 31 151
32 35 987
35 32 987
33 67 449
67 33 449
33 61 789
61 33 789
33 62 560
62 33 560
34 48 576
48 34 576
34 52 901
52 34 901
35 56 616
56 35 616
35 73 655
73 35 655
35 43 185
43 35 185
35 44 521
44 35 521
36 46 584
46 36 584
37 75 690
75 37 690
37 72 170
72 37 170
37 49 949
49 37 949
37 66 237
66 37 237
38 45 234
45 38 234
38 59 212
59 38 212
38 47 631
47 38 631
38 57 161
57 38 161
38 86 93
86 38 93
38 48 241
48 38 241
38 59 936
59 38 936
38 69 403
69 38 403
38 38 825
38 38 825
39 55 11
55 39 11
39 66 557
66 39 557
39 83 72
83 39 72
39 48 5
48 39 5
39 68 964
68 39 964
40 50 187
50 40 187
40 60 919
60 40 919
40 76 150
76 40 150
40 71 263
71 40 263
41 61 607
61 41 607
41 76 301
76 41 301
42 56 383
56 42 383
43 57 701
57 43 701
43 71 418
71 43 418
44 64 182
64 44 182
44 74 144
74 44 144
44 89 51
89 44 51
44 73 344
73 44 344
44 77 896
77 44 896
44 70 511
70 44 511
44 51 943
51 44 943
45 49 243
49 45 243
45 78 918
78 45 918
45 60 149
60 45 149
45 55 9
55 45 9
46 55 526
55 46 526
48 66 514
66 48 514
48 83 161
83 48 161
49 85 255
85 49 255
49 50 139
50 49 139
51 79 985
79 51 985
51 71 55
71 51 55
52 89 308
89 52 308
53 85 131
85 53 131
54 67 663
67 54 663
55 57 541
57 55 541
55 69 241
69 55 241
56 86 471
86 56 471
58 67 220
67 58 220
58 69 72
69 58 72
59 82 210
82 59 210
59 68 607
68 59 607
59 83 755
83 59 755
59 74 825
74 59 825
60 62 402
62 60 402
60 64 324
64 60 324
60 67 675
67 60 675
61 77 926
77 61 926
61 79 278
79 61 278
62 68 314
68 62 314
62 70 591
70 62 591
62 78 317
78 62 317
62 79 742
79 62 742
64 65 226
65 64 226
64 85 435
85 64 435
64 80 600
80 64 600
66 85 351
85 66 351
67 72 255
72 67 255
68 68 897
68 68 897
69 83 855
83 69 855
70 89 420
89 70 420
72 89 180
89 72 180
73 77 31
77 73 31
73 76 208
76 73 208
73 76 936
76 73 936
79 88 427
88 79 427
80 84 221
84 80 221
81 83 134
83 81 134
84 89 590
89 84 590
86 88 856
88 86 856
