95

0 1 423
1 0 423
0 2 951
2 0 951
0 6 934
6 0 934
0 7 374
7 0 374
0 10 253
10 0 253
0 22 771
22 0 771
0 48 112
48 0 112
0 77 657
77 0 657
0 88 591
88 0 591
0 93 875
93 0 875
0 44 868
44 0 868
0 13 265
13 0 265
0 16 49
16 0 49
0 64 125
64 0 125
0 69 81
69 0 81
0 69 993
69 0 993
0 41 103
41 0 103
1 3 958
3 1 958
1 43 861
43 1 861
1 49 919
49 1 919
1 90 898
90 1 898
1 47 717
47 1 717
1 24 589
24 1 589
1 20 905
20 1 905
1 48 665
48 1 665
1 75 906
75 1 906
1 63 932
63 1 932
1 22 647
22 1 647
1 10 562
10 1 562
1 68 89
68 1 89
1 12 539
12 1 539
2 4 433
4 2 433
2 46 73
46 2 73
2 52 206
52 2 206
2 55 964
55 2 964
2 68 974
68 2 974
2 94 197
94 2 197
2 47 336
47 2 336
2 70 306
70 2 306
2 11 632
11 2 632
2 74 581
74 2 581
2 73 305
73 2 305
2 42 919
42 2 919
2 57 422
57 2 422
2 71 890
71 2 890
2 16 145
16 2 145
2 37 676
37 2 676
2 36 701
36 2 701
3 5 3
5 3 3
3 9 976
9 3 976
3 13 151
13 3 151
3 63 433
63 3 433
3 18 125
18 3 125
3 75 410
75 3 410
3 88 245
88 3 245
3 46 667
46 3 667
3 28 52
28 3 52
3 55 436
55 3 436
3 93 195
93 3 195
3 50 42
50 3 42
3 23 386
23 3 386
3 7 889
7 3 889
3 56 836
56 3 836
3 50 511
50 3 511
3 67 302
67 3 302
3 13 257
13 3 257
3 91 738
91 3 738
3 14 568
14 3 568
3 77 669
77 3 669
4 21 710
21 4 710
4 79 262
79 4 262
4 71 27
71 4 27
4 78 381
78 4 381
4 16 449
16 4 449
4 76 591
76 4 591
4 51 501
51 4 501
4 66 407
66 4 407
4 73 465
73 4 465
4 44 248
44 4 248
4 79 869
79 4 869
4 9 266
9 4 266
4 5 928
5 4 928
4 89 488
89 4 488
4 58 945
58 4 945
4 21 773
21 4 773
4 70 13
70 4 13
5 20 140
20 5 140
5 24 719
24 5 719
5 25 747
25 5 747
5 43 662
43 5 662
5 47 3
47 5 3
5 90 244
90 5 244
5 41 749
41 5 749
5 57 753
57 5 753
5 92 643
92 5 643
5 34 924
34 5 924
5 21 738
21 5 738
5 22 917
22 5 917
6 12 524
12 6 524
6 35 594
35 6 594
6 59 594
59 6 594
6 75 923
75 6 923
6 10 49
10 6 49
6 75 479
75 6 479
6 72 1000
72 6 1000
6 20 437
20 6 437
6 38 739
38 6 739
6 54 404
54 6 404
7 8 250
8 7 250
7 14 947
14 7 947
7 32 2
32 7 2
7 74 556
74 7 556
7 20 282
20 7 282
7 31 631
31 7 631
7 47 211
47 7 211
7 61 622
61 7 622
7 77 959
77 7 959
7 52 97
52 7 97
7 61 333
61 7 333
8 17 576
17 8 576
8 45 285
45 8 285
8 13 387
13 8 387
8 90 319
90 8 319
8 93 775
93 8 775
8 76 200
76 8 200
8 15 228
15 8 228
8 10 206
10 8 206
8 37 404
37 8 404
8 23 613
23 8 613
8 34 121
34 8 121
8 73 224
73 8 224
9 11 427
11 9 427
9 15 542
15 9 542
9 28 717
28 9 717
9 50 722
50 9 722
9 51 959
51 9 959
9 80 218
80 9 218
9 49 113
49 9 113
9 37 818
37 9 818
9 40 74
40 9 74
9 71 141
71 9 141
9 85 522
85 9 522
9 85 279
85 9 279
9 27 374
27 9 374
9 63 634
63 9 634
9 75 766
75 9 766
9 65 537
65 9 537
9 23 334
23 9 334
9 18 246
18 9 246
9 49 926
49 9 926
10 21 723
21 10 723
10 36 824
36 10 824
10 75 8
75 10 8
10 65 318
65 10 318
10 17 462
17 10 462
10 51 475
51 10 475
10 43 642
43 10 642
10 18 770
18 10 770
10 53 378
53 10 378
10 69 226
69 10 226
10 32 732
32 10 732
10 53 749
53 10 749
10 54 841
54 10 841
10 72 357
72 10 357
10 49 323
49 10 323
10 84 658
84 10 658
11 29 946
29 11 946
11 26 703
26 11 703
11 29 421
29 11 421
11 66 282
66 11 282
11 24 479
24 11 479
11 66 933
66 11 933
11 24 66
24 11 66
12 41 127
41 12 127
12 32 635
32 12 635
12 58 278
58 12 278
12 47 475
47 12 475
12 53 575
53 12 575
12 66 314
66 12 314
12 30 192
30 12 192
12 27 69
27 12 69
12 72 666
72 12 666
12 12 541
12 12 541
13 44 934
44 13 934
13 39 130
39 13 130
13 27 229
27 13 229
13 33 879
33 13 879
13 74 20
74 13 20
13 54 494
54 13 494
13 93 436
93 13 436
13 90 371
90 13 371
13 58 252
58 13 252
14 27 523
27 14 523
14 80 687
80 14 687
14 83 812
83 14 812
14 78 936
78 14 936
14 48 672
48 14 672
14 48 800
48 14 800
14 27 53
27 14 53
14 20 444
20 14 444
14 15 45
15 14 45
15 16 472
16 15 472
15 27 836
27 15 836
15 39 429
39 15 429
15 24 13
24 15 13
15 83 330
83 15 330
15 76 830
76 15 830
15 68 862
68 15 862
15 82 248
82 15 248
15 51 760
51 15 760
15 71 338
71 15 338
16 19 94
19 16 94
16 23 351
23 16 351
16 53 789
53 16 789
16 60 435
60 16 435
16 64 323
64 16 323
16 44 945
44 16 945
16 75 805
75 16 805
16 93 812
93 16 812
16 32 331
32 16 331
16 27 847
27 16 847
16 91 719
91 16 719
16 45 327
45 16 327
16 42 237
42 16 237
16 76 742
76 16 742
16 59 638
59 16 638
16 75 341
75 16 341
17 18 769
18 17 769
17 30 425
30 17 425
17 72 55
72 17 55
17 50 137
50 17 137
17 73 954
73 17 954
17 61 438
61 17 438
17 63 246
63 17 246
17 73 837
73 17 837
18 31 156
31 18 156
18 57 761
57 18 761
18 64 753
64 18 753
18 82 12
82 18 12
18 36 398
36 18 398
18 72 421
72 18 421
18 77 144
77 18 144
18 28 903
28 18 903
19 25 630
25 19 630
19 83 893
83 19 893
19 73 652
73 19 652
19 28 733
28 19 733
19 29 71
29 19 71
19 49 552
49 19 552
19 80 847
80 19 847
19 61 31
61 19 31
19 41 932
41 19 932
19 67 656
67 19 656
19 73 149
73 19 149
19 21 427
21 19 427
19 37 174
37 19 174
19 51 444
51 19 444
20 66 442
66 20 442
20 70 868
70 20 868
20 24 618
24 20 618
20 33 268
33 20 268
20 60 570
60 20 570
20 29 389
29 20 389
20 73 563
73 20 563
20 80 437
80 20 437
20 24 262
24 20 262
20 68 532
68 20 532
21 35 216
35 21 216
21 68 888
68 21 888
21 63 234
63 21 234
21 30 757
30 21 757
21 70 833
70 21 833
21 48 42
48 21 42
21 33 204
33 21 204
21 41 564
41 21 564
21 76 539
76 21 539
22 26 650
26 22 650
22 41 416
41 22 416
22 56 668
56 22 668
22 60 267
60 22 267
22 49 4
49 22 4
22 54 758
54 22 758
22 31 507
31 22 507
22 82 363
82 22 363
22 53 926
53 22 926
22 84 994
84 22 994
22 89 345
89 22 345
23 33 348
33 23 348
23 73 430
73 23 430
23 72 769
72 23 769
23 65 263
65 23 263
23 73 677
73 23 677
23 54 956
54 23 956
23 74 997
74 23 997
23 24 315
24 23 315
23 89 386
89 23 386
23 55 681
55 23 681
23 79 668
79 23 668
23 33 60
33 23 60
24 38 406
38 24 406
24 40 980
40 24 980
24 42 218
42 24 218
24 49 694
49 24 694
24 46 971
46 24 971
24 46 351
46 24 351
24 88 399
88 24 399
24 78 206
78 24 206
24 84 179
84 24 179
24 46 690
46 24 690
24 89 948
89 24 948
24 47 599
47 24 599
25 59 440
59 25 440
25 78 631
78 25 631
25 29 613
29 25 613
25 42 822
42 25 822
25 68 714
68 25 714
25 69 922
69 25 922
25 58 768
58 25 768
25 58 889
58 25 889
25 43 412
43 25 412
25 91 739
91 25 739
25 90 755
90 25 755
25 31 100
31 25 100
25 85 471
85 25 471
26 35 429
35 26 429
26 90 282
90 26 282
26 50 615
50 26 615
26 64 88
64 26 88
26 76 317
76 26 317
26 79 472
79 26 472
26 82 892
82 26 892
27 60 337
60 27 337
27 60 925
60 27 925
27 80 201
80 27 201
27 69 710
69 27 710
27 58 460
58 27 460
27 56 43
56 27 43
27 62 521
62 27 521
27 87 316
87 27 316
27 75 396
75 27 396
27 32 923
32 27 923
28 37 700
37 28 700
28 56 251
56 28 251
28 71 450
71 28 450
28 94 770
94 28 770
28 50 217
50 28 217
28 63 845
63 28 845
28 72 978
72 28 978
28 53 312
53 28 312
28 93 587
93 28 587
28 62 617
62 28 617
28 51 696
51 28 696
28 41 786
41 28 786
28 81 612
81 28 612
29 53 798
53 29 798
29 34 749
34 29 749
29 65 205
65 29 205
29 29 686
29 29 686
29 72 124
72 29 124
29 65 757
65 29 757
29 63 687
63 29 687
29 80 847
80 29 847
29 53 352
53 29 352
30 56 550
56 30 550
30 59 588
59 30 588
30 77 945
77 30 945
30 59 641
59 30 641
30 35 9
35 30 9
30 60 706
60 30 706
30 81 738
81 30 738
31 34 865
34 31 865
31 76 120
76 31 120
31 78 235
78 31 235
31 71 989
71 31 989
31 81 831
81 31 831
31 46 603
46 31 603
31 72 186
72 31 186
31 62 644
62 31 644
32 91 258
91 32 258
32 87 752
87 32 752
32 54 409
54 32 409
32 56 592
56 32 592
32 64 862
64 32 862
32 91 231
91 32 231
32 68 210
68 32 210
32 67 294
67 32 294
33 60 566
60 33 566
33 34 281
34 33 281
33 33 437
33 33 437
33 88 475
88 33 475
33 71 546
71 33 546
33 43 45
43 33 45
33 42 351
42 33 351
33 90 396
90 33 396
33 34 495
34 33 495
33 75 915
75 33 915
34 70 615
70 34 615
34 63 828
63 34 828
34 56 273
56 34 273
35 54 867
54 35 867
35 63 797
63 35 797
35 59 398
59 35 398
35 76 687
76 35 687
35 85 463
85 35 463
35 39 982
39 35 982
35 63 942
63 35 942
36 47 290
47 36 290
36 77 872
77 36 872
36 74 683
74 36 683
36 58 386
58 36 386
36 94 961
94 36 961
36 75 738
75 36 738
36 61 186
61 36 186
36 88 325
88 36 325
36 44 338
44 36 338
36 61 821
61 36 821
37 38 39
38 37 39
37 53 140
53 37 140
37 52 421
52 37 421
37 93 494
93 37 494
37 46 144
46 37 144
37 77 36
77 37 36
38 69 499
69 38 499
38 60 520
60 38 520
38 91 664
91 38 664
38 85 420
85 38 420
38 73 863
73 38 863
38 87 56
87 38 56
38 54 428
54 38 428
39 88 194
88 39 194
39 68 705
68 39 705
40 63 33
63 40 33
40 92 255
92 40 255
40 73 599
73 40 599
40 54 156
54 40 156
40 79 793
79 40 793
40 47 50
47 40 50
40 69 935
69 40 935
40 59 564
59 40 564
40 56 418
56 40 418
40 94 165
94 40 165
41 88 256
88 41 256
41 69 470
69 41 470
42 58 934
58 42 934
42 92 800
92 42 800
42 69 864
69 42 864
42 65 377
65 42 377
42 56 305
56 42 305
42 84 78
84 42 78
42 59 798
59 42 798
42 71 128
71 42 128
42 70 354
70 42 354
42 47 879
47 42 879
42 57 56
57 42 56
42 62 438
62 42 438
42 46 876
46 42 876
43 61 711
61 43 711
43 82 761
82 43 761
43 61 765
61 43 765
44 89 768
89 44 768
44 47 505
47 44 505
44 89 677
89 44 677
44 77 308
77 44 308
44 87 689
87 44 689
45 94 135
94 45 135
45 83 454
83 45 454
45 91 660
91 45 660
45 75 316
75 45 316
46 82 470
82 46 470
46 51 471
51 46 471
47 84 842
84 47 842
47 59 429
59 47 429
47 82 153
82 47 153
47 59 248
59 47 248
48 73 969
73 48 969
48 49 824
49 48 824
48 68 530
68 48 530
48 57 374
57 48 374
48 55 737
55 48 737
48 79 555
79 48 555
48 67 981
67 48 981
48 48 503
48 48 503
49 58 554
58 49 554
49 55 134
55 49 134
49 75 509
75 49 509
49 71 339
71 49 339
49 87 789
87 49 789
50 83 219
83 50 219
50 88 211
88 50 211
50 89 539
89 50 539
50 71 21
71 50 21
50 82 481
82 50 481
50 66 919
66 50 919
50 71 87
71 50 87
50 68 699
68 50 699
50 56 819
56 50 819
50 76 66
76 50 66
50 76 984
76 50 984
51 66 666
66 51 666
51 56 88
56 51 88
51 89 938
89 51 938
51 68 374
68 51 374
51 89 892
89 51 892
51 59 418
59 51 418
52 65 860
65 52 860
52 80 138
80 52 138
52 69 137
69 52 137
52 94 330
94 52 330
52 94 647
94 52 647
52 55 854
55 52 854
53 66 876
66 53 876
53 75 470
75 53 470
53 71 364
71 53 364
53 86 755
86 53 755
54 73 698
73 54 698
54 87 15
87 54 15
54 72 528
72 54 528
55 93 994
93 55 994
55 64 96
64 55 96
55 91 864
91 55 864
55 89 411
89 55 411
55 78 523
78 55 523
55 83 853
83 55 853
56 62 959
62 56 959
56 73 42
73 56 42
56 66 788
66 56 788
56 71 474
71 56 474
56 84 776
84 56 776
57 89 560
89 57 560
57 60 762
60 57 762
57 66 777
66 57 777
57 74 458
74 57 458
57 59 330
59 57 330
58 67 847
67 58 847
58 62 541
62 58 541
58 93 900
93 58 900
58 62 562
62 58 562
58 73 337
73 58 337
58 73 435
73 58 435
58 75 184
75 58 184
59 83 859
83 59 859
59 64 109
64 59 109
60 82 505
82 60 505
60 84 194
84 60 194
61 75 107
75 61 107
61 87 219
87 61 219
61 88 544
88 61 544
61 85 793
85 61 793
61 67 175
67 61 175
61 67 986
67 61 986
62 64 271
64 62 271
62 85 219
85 62 219
63 88 265
88 63 265
63 66 30
66 63 30
63 65 817
65 63 817
63 66 1000
66 63 1000
63 75 316
75 63 316
64 71 578
71 64 578
64 91 924
91 64 924
64 86 895
86 64 895
65 70 162
70 65 162
65 92 843
92 65 843
66 69 321
69 66 321
66 93 731
93 66 731
66 82 272
82 66 272
67 85 257
85 67 257
67 81 170
81 67 170
67 76 393
76 67 393
67 84 569
84 67 569
67 85 35
85 67 35
67 89 529
89 67 529
68 78 337
78 68 337
68 80 278
80 68 278
68 69 753
69 68 753
68 77 515
77 68 515
69 90 638
90 69 638
69 73 342
73 69 342
70 77 541
77 70 541
70 78 692
78 70 692
70 94 858
94 70 858
70 88 806
88 70 806
70 73 260
73 70 260
70 79 234
79 70 234
70 71 980
71 70 980
71 78 252
78 71 252
71 77 210
77 71 210
71 89 548
89 71 548
72 81 909
81 72 909
72 86 6
86 72 6
72 89 843
89 72 843
72 79 562
79 72 562
72 94 727
94 72 727
72 81 149
81 72 149
73 79 731
79 73 731
73 94 788
94 73 788
73 82 575
82 73 575
73 75 356
75 73 356
73 75 505
75 73 505
75 85 643
85 75 643
75 79 14
79 75 14
75 80 817
80 75 817
76 86 391
86 76 391
77 79 537
79 77 537
78 79 100
79 78 100
79 88 390
88 79 390
79 93 88
93 79 88
79 82 406
82 79 406
80 90 729
90 80 729
80 91 175
91 80 175
80 84 5
84 80 5
80 89 599
89 80 599
82 83 804
83 82 804
82 83 70
83 82 70
83 88 599
88 83 599
83 94 676
94 83 676
83 85 952
85 83 952
83 92 735
92 83 735
89 90 449
90 89 449
89 91 425
91 89 425
90 91 741
91 90 741
90 90 14
90 90 14
91 93 173
93 91 173
