83

0 1 820
1 0 820
0 3 241
3 0 241
0 9 47
9 0 47
0 56 222
56 0 222
0 60 732
60 0 732
0 76 124
76 0 124
0 42 678
42 0 678
0 2 690
2 0 690
0 60 516
60 0 516
0 43 992
43 0 992
0 21 725
21 0 725
0 2 87
2 0 87
0 19 703
19 0 703
0 50 308
50 0 308
0 82 512
82 0 512
1 2 823
2 1 823
1 4 104
4 1 104
1 8 880
8 1 880
1 37 513
37 1 513
1 81 351
81 1 351
1 30 455
30 1 455
1 22 142
22 1 142
1 19 49
19 1 49
1 33 668
33 1 668
1 19 652
19 1 652
1 19 163
19 1 163
1 20 323
20 1 323
1 57 809
57 1 809
1 38 528
38 1 528
1 33 842
33 1 842
1 82 331
82 1 331
1 41 91
41 1 91
1 57 882
57 1 882
1 38 686
38 1 686
2 15 820
15 2 820
2 20 633
20 2 633
2 22 672
22 2 672
2 75 364
75 2 364
2 40 718
40 2 718
2 13 286
13 2 286
2 11 425
11 2 425
2 67 785
67 2 785
2 41 955
41 2 955
2 50 115
50 2 115
2 42 595
42 2 595
3 10 252
10 3 252
3 11 327
11 3 327
3 14 153
14 3 153
3 23 353
23 3 353
3 70 962
70 3 962
3 79 896
79 3 896
3 33 549
33 3 549
3 27 16
27 3 16
3 36 463
36 3 463
3 81 397
81 3 397
3 53 156
53 3 156
3 34 899
34 3 899
3 4 513
4 3 513
3 68 966
68 3 966
3 19 377
19 3 377
3 42 756
42 3 756
3 30 4
30 3 4
4 5 471
5 4 471
4 53 1
53 4 1
4 6 860
6 4 860
4 71 935
71 4 935
4 79 756
79 4 756
4 8 750
8 4 750
4 23 961
23 4 961
4 28 71
28 4 71
4 31 390
31 4 390
4 33 28
33 4 28
4 69 281
69 4 281
5 6 32
6 5 32
5 7 559
7 5 559
5 13 76
13 5 76
5 25 375
25 5 375
5 46 546
46 5 546
5 45 107
45 5 107
5 68 450
68 5 450
5 41 100
41 5 100
5 7 533
7 5 533
5 36 777
36 5 777
5 33 757
33 5 757
5 21 625
21 5 625
5 35 359
35 5 359
5 40 650
40 5 650
6 35 596
35 6 596
6 42 93
42 6 93
6 51 844
51 6 844
6 49 607
49 6 607
6 24 872
24 6 872
6 78 856
78 6 856
6 52 252
52 6 252
6 15 647
15 6 647
6 67 354
67 6 354
6 70 428
70 6 428
6 77 873
77 6 873
6 17 308
17 6 308
6 9 896
9 6 896
6 57 289
57 6 289
6 42 564
42 6 564
7 24 710
24 7 710
7 80 544
80 7 544
7 52 663
52 7 663
7 71 774
71 7 774
7 60 4
60 7 4
7 24 496
24 7 496
7 72 426
72 7 426
7 39 440
39 7 440
7 54 936
54 7 936
7 79 302
79 7 302
7 70 169
70 7 169
7 17 165
17 7 165
8 21 558
21 8 558
8 73 333
73 8 333
8 46 92
46 8 92
8 54 757
54 8 757
8 13 549
13 8 549
8 41 916
41 8 916
8 50 640
50 8 640
8 36 195
36 8 195
8 57 767
57 8 767
8 46 183
46 8 183
9 12 138
12 9 138
9 48 919
48 9 919
9 20 967
20 9 967
9 13 710
13 9 710
9 10 175
10 9 175
9 26 398
26 9 398
9 79 734
79 9 734
9 77 983
77 9 983
9 52 682
52 9 682
9 57 624
57 9 624
9 25 616
25 9 616
9 82 600
82 9 600
9 14 382
14 9 382
10 19 484
19 10 484
10 24 756
24 10 756
10 38 514
38 10 514
10 45 864
45 10 864
10 59 557
59 10 557
10 77 128
77 10 128
10 72 157
72 10 157
10 41 896
41 10 896
10 70 976
70 10 976
11 31 522
31 11 522
11 32 825
32 11 825
11 70 617
70 11 617
11 54 595
54 11 595
11 50 530
50 11 530
11 34 554
34 11 554
11 78 876
78 11 876
11 66 174
66 11 174
11 74 273
74 11 273
11 29 938
29 11 938
11 17 977
17 11 977
12 16 224
16 12 224
12 17 13
17 12 13
12 18 193
18 12 193
12 30 724
30 12 724
12 45 880
45 12 880
12 44 749
44 12 749
12 75 863
75 12 863
12 58 530
58 12 530
12 38 792
38 12 792
12 62 290
62 12 290
12 20 210
20 12 210
13 26 853
26 13 853
13 28 127
28 13 127
13 29 478
29 13 478
13 20 95
20 13 95
13 59 381
59 13 381
13 80 125
80 13 125
13 70 515
70 13 515
13 13 499
13 13 499
13 60 647
60 13 647
13 66 489
66 13 489
13 73 985
73 13 985
13 41 883
41 13 883
13 82 139
82 13 139
13 48 375
48 13 375
13 74 583
74 13 583
14 23 75
23 14 75
14 69 536
69 14 536
14 48 741
48 14 741
14 73 948
73 14 948
14 58 541
58 14 541
14 55 612
55 14 612
14 54 127
54 14 127
14 58 717
58 14 717
14 36 994
36 14 994
14 66 837
66 14 837
14 32 62
32 14 62
15 55 634
55 15 634
15 35 736
35 15 736
15 67 189
67 15 189
15 43 37
43 15 37
15 43 212
43 15 212
16 75 616
75 16 616
16 22 513
22 16 513
16 76 582
76 16 582
16 71 720
71 16 720
16 53 499
53 16 499
16 29 273
29 16 273
17 39 296
39 17 296
17 39 772
39 17 772
17 76 340
76 17 340
17 50 811
50 17 811
17 29 200
29 17 200
17 68 594
68 17 594
18 40 100
40 18 100
18 39 498
39 18 498
18 24 773
24 18 773
18 40 274
40 18 274
18 62 45
62 18 45
18 50 576
50 18 576
18 27 893
27 18 893
18 57 975
57 18 975
18 76 491
76 18 491
18 42 234
42 18 234
19 69 692
69 19 692
19 44 932
44 19 932
19 46 95
46 19 95
19 32 712
32 19 712
19 52 421
52 19 421
19 48 230
48 19 230
19 24 418
24 19 418
19 60 659
60 19 659
19 30 816
30 19 816
20 23 663
23 20 663
20 56 170
56 20 170
20 21 751
21 20 751
20 33 639
33 20 639
20 36 765
36 20 765
20 53 931
53 20 931
20 58 149
58 20 149
21 54 393
54 21 393
21 59 929
59 21 929
21 61 265
61 21 265
21 41 351
41 21 351
21 60 807
60 21 807
21 39 514
39 21 514
21 71 983
71 21 983
21 36 11
36 21 11
21 45 616
45 21 616
21 64 881
64 21 881
21 64 768
64 21 768
22 49 598
49 22 598
22 46 516
46 22 516
22 52 376
52 22 376
22 29 988
29 22 988
23 59 651
59 23 651
23 35 31
35 23 31
23 34 548
34 23 548
23 23 404
23 23 404
23 28 441
28 23 441
23 73 257
73 23 257
23 33 767
33 23 767
23 61 431
61 23 431
23 65 735
65 23 735
23 52 714
52 23 714
24 27 617
27 24 617
24 47 783
47 24 783
24 47 359
47 24 359
24 36 497
36 24 497
24 49 46
49 24 46
24 25 205
25 24 205
24 62 552
62 24 552
24 43 967
43 24 967
25 33 124
33 25 124
25 46 678
46 25 678
25 53 950
53 25 950
25 68 943
68 25 943
25 27 85
27 25 85
25 42 46
42 25 46
25 78 396
78 25 396
25 62 950
62 25 950
26 36 157
36 26 157
26 37 492
37 26 492
26 41 797
41 26 797
26 50 889
50 26 889
26 70 429
70 26 429
26 37 194
37 26 194
26 60 38
60 26 38
26 33 69
33 26 69
26 68 866
68 26 866
26 68 723
68 26 723
26 30 458
30 26 458
27 53 196
53 27 196
27 73 137
73 27 137
27 49 314
49 27 314
27 62 852
62 27 852
27 67 820
67 27 820
27 74 460
74 27 460
27 52 216
52 27 216
27 82 179
82 27 179
27 32 748
32 27 748
27 30 956
30 27 956
28 72 624
72 28 624
29 44 954
44 29 954
29 55 482
55 29 482
29 70 343
70 29 343
29 58 94
58 29 94
29 51 793
51 29 793
29 81 68
81 29 68
29 34 59
34 29 59
30 68 375
68 30 375
30 44 953
44 30 953
30 70 911
70 30 911
30 69 758
69 30 758
30 72 976
72 30 976
30 46 468
46 30 468
30 75 8
75 30 8
30 53 421
53 30 421
31 32 240
32 31 240
31 33 674
33 31 674
31 34 516
34 31 516
31 61 691
61 31 691
31 81 247
81 31 247
31 57 342
57 31 342
31 49 34
49 31 34
31 45 795
45 31 795
31 73 384
73 31 384
32 76 416
76 32 416
32 53 972
53 32 972
32 62 279
62 32 279
32 80 931
80 32 931
32 45 486
45 32 486
32 37 868
37 32 868
32 60 894
60 32 894
33 66 129
66 33 129
33 72 52
72 33 52
33 77 127
77 33 127
33 81 157
81 33 157
33 54 442
54 33 442
33 38 916
38 33 916
34 62 121
62 34 121
34 75 504
75 34 504
34 54 21
54 34 21
34 43 343
43 34 343
34 47 950
47 34 950
34 79 878
79 34 878
34 73 113
73 34 113
35 45 924
45 35 924
35 36 469
36 35 469
36 41 743
41 36 743
36 47 794
47 36 794
36 45 688
45 36 688
36 41 804
41 36 804
36 80 249
80 36 249
36 68 215
68 36 215
36 69 602
69 36 602
37 72 929
72 37 929
37 78 419
78 37 419
37 53 409
53 37 409
37 39 476
39 37 476
37 78 158
78 37 158
37 71 795
71 37 795
37 73 196
73 37 196
38 52 424
52 38 424
38 39 362
39 38 362
38 49 421
49 38 421
38 61 350
61 38 350
38 65 912
65 38 912
38 39 671
39 38 671
38 51 882
51 38 882
38 67 409
67 38 409
38 74 135
74 38 135
39 43 406
43 39 406
39 43 901
43 39 901
39 81 945
81 39 945
39 66 993
66 39 993
39 55 543
55 39 543
39 74 974
74 39 974
39 79 252
79 39 252
40 61 180
61 40 180
40 76 907
76 40 907
40 56 125
56 40 125
40 50 313
50 40 313
41 57 566
57 41 566
41 73 659
73 41 659
41 42 616
42 41 616
41 60 74
60 41 74
41 48 505
48 41 505
41 64 141
64 41 141
42 73 32
73 42 32
42 71 547
71 42 547
42 78 116
78 42 116
42 54 51
54 42 51
42 72 532
72 42 532
42 55 851
55 42 851
42 47 596
47 42 596
42 55 564
55 42 564
42 54 773
54 42 773
43 80 960
80 43 960
43 58 962
58 43 962
43 69 620
69 43 620
43 56 708
56 43 708
43 82 569
82 43 569
43 73 196
73 43 196
43 76 677
76 43 677
43 77 70
77 43 70
43 52 604
52 43 604
44 53 721
53 44 721
44 77 85
77 44 85
44 58 89
58 44 89
44 67 293
67 44 293
44 78 266
78 44 266
44 59 977
59 44 977
44 47 525
47 44 525
44 60 371
60 44 371
45 63 712
63 45 712
45 48 917
48 45 917
45 67 253
67 45 253
45 77 583
77 45 583
45 74 541
74 45 541
45 70 808
70 45 808
46 50 110
50 46 110
46 82 285
82 46 285
46 51 834
51 46 834
46 69 101
69 46 101
46 46 986
46 46 986
46 77 396
77 46 396
47 48 136
48 47 136
47 82 623
82 47 623
47 82 369
82 47 369
48 67 672
67 48 672
48 80 365
80 48 365
48 69 840
69 48 840
48 55 358
55 48 358
48 49 940
49 48 940
48 76 583
76 48 583
48 76 183
76 48 183
48 82 948
82 48 948
48 53 448
53 48 448
48 57 753
57 48 753
48 77 443
77 48 443
49 75 754
75 49 754
49 70 952
70 49 952
49 81 537
81 49 537
49 81 283
81 49 283
49 82 93
82 49 93
49 76 784
76 49 784
49 71 370
71 49 370
49 53 761
53 49 761
50 56 460
56 50 460
50 82 841
82 50 841
50 68 702
68 50 702
50 59 338
59 50 338
50 65 692
65 50 692
50 67 81
67 50 81
51 78 698
78 51 698
51 72 13
72 51 13
52 60 111
60 52 111
52 54 880
54 52 880
52 56 379
56 52 379
52 54 877
54 52 877
53 67 421
67 53 421
53 56 319
56 53 319
54 64 346
64 54 346
54 78 732
78 54 732
54 61 608
61 54 608
54 67 351
67 54 351
54 59 58
59 54 58
54 58 275
58 54 275
55 58 520
58 55 520
55 68 580
68 55 580
55 69 239
69 55 239
55 70 491
70 55 491
55 61 278
61 55 278
55 67 987
67 55 987
55 77 806
77 55 806
56 72 162
72 56 162
56 77 426
77 56 426
56 61 54
61 56 54
56 57 602
57 56 602
56 70 75
70 56 75
57 68 946
68 57 946
57 82 386
82 57 386
58 65 994
65 58 994
58 69 809
69 58 809
59 59 264
59 59 264
59 67 245
67 59 245
59 71 286
71 59 286
60 61 64
61 60 64
60 79 494
79 60 494
61 67 219
67 61 219
61 78 77
78 61 77
61 65 379
65 61 379
61 63 270
63 61 270
61 73 466
73 61 466
61 65 536
65 61 536
62 67 712
67 62 712
62 71 36
71 62 36
62 78 559
78 62 559
63 74 560
74 63 560
64 65 49
65 64 49
64 75 277
75 64 277
64 81 352
81 64 352
64 74 365
74 64 365
65 76 668
76 65 668
65 82 508
82 65 508
65 76 572
76 65 572
66 79 481
79 66 481
66 81 4
81 66 4
67 80 312
80 67 312
68 69 890
69 68 890
68 77 229
77 68 229
68 81 20
81 68 20
68 80 238
80 68 238
68 81 569
81 68 569
69 76 628
76 69 628
70 72 46
72 70 46
70 82 770
82 70 770
71 82 232
82 71 232
71 80 120
80 71 120
71 71 347
71 71 347
72 77 791
77 72 791
74 78 637
78 74 637
77 80 763
80 77 763
77 77 979
77 77 979
79 80 738
80 79 738
80 81 479
81 80 479
