76

0 1 370
1 0 370
0 2 917
2 0 917
0 3 662
3 0 662
0 17 991
17 0 991
0 32 675
32 0 675
0 55 794
55 0 794
0 70 208
70 0 208
0 0 590
0 0 590
1 4 602
4 1 602
1 56 17
56 1 17
1 14 508
14 1 508
1 43 579
43 1 579
1 68 257
68 1 257
2 10 35
10 2 35
2 28 263
28 2 263
2 35 877
35 2 877
2 74 47
74 2 47
2 38 998
38 2 998
2 62 580
62 2 580
2 31 47
31 2 47
2 68 872
68 2 872
3 6 502
6 3 502
3 7 809
7 3 809
3 11 347
11 3 347
3 13 725
13 3 725
3 19 53
19 3 53
3 63 984
63 3 984
3 57 686
57 3 686
3 7 715
7 3 715
3 4 217
4 3 217
3 55 975
55 3 975
4 5 651
5 4 651
4 20 308
20 4 308
4 73 41
73 4 41
4 50 209
50 4 209
5 9 467
9 5 467
5 60 695
60 5 695
5 68 300
68 5 300
6 27 333
27 6 333
6 58 787
58 6 787
6 68 774
68 6 774
6 41 616
41 6 616
6 59 315
59 6 315
6 34 449
34 6 449
7 8 169
8 7 169
7 14 682
14 7 682
7 74 186
74 7 186
7 14 939
14 7 939
7 64 354
64 7 354
8 22 882
22 8 882
8 61 234
61 8 234
8 57 15
57 8 15
8 30 875
30 8 875
8 43 964
43 8 964
9 21 821
21 9 821
10 15 781
15 10 781
10 33 492
33 10 492
10 45 926
45 10 926
10 20 149
20 10 149
11 12 659
12 11 659
11 18 418
18 11 418
11 36 103
36 11 103
11 46 201
46 11 201
11 39 794
39 11 794
12 23 639
23 12 639
12 26 255
26 12 255
13 16 789
16 13 789
13 41 860
41 13 860
13 33 712
33 13 712
13 69 721
69 13 721
13 45 861
45 13 861
14 72 34
72 14 34
14 36 239
36 14 239
15 68 605
68 15 605
15 40 80
40 15 80
15 17 953
17 15 953
16 53 6
53 16 6
17 44 427
44 17 427
17 33 645
33 17 645
17 54 642
54 17 642
17 42 217
42 17 217
17 75 857
75 17 857
17 29 606
29 17 606
18 38 574
38 18 574
18 58 71
58 18 71
18 64 766
64 18 766
18 69 760
69 18 760
19 21 234
21 19 234
19 25 575
25 19 575
19 60 718
60 19 718
20 59 958
59 20 958
20 28 979
28 20 979
20 20 545
20 20 545
20 73 470
73 20 470
21 24 759
24 21 759
21 29 6
29 21 6
21 66 236
66 21 236
21 67 326
67 21 326
22 33 399
33 22 399
22 30 892
30 22 892
22 71 164
71 22 164
23 37 529
37 23 529
23 34 81
34 23 81
23 27 432
27 23 432
24 31 873
31 24 873
24 41 25
41 24 25
25 44 50
44 25 50
25 74 176
74 25 176
26 30 174
30 26 174
26 42 321
42 26 321
26 71 277
71 26 277
26 65 377
65 26 377
27 68 406
68 27 406
28 31 805
31 28 805
29 38 436
38 29 436
29 40 974
40 29 974
29 45 932
45 29 932
29 67 193
67 29 193
30 50 37
50 30 37
30 54 839
54 30 839
30 42 161
42 30 161
30 55 413
55 30 413
30 65 365
65 30 365
31 34 53
34 31 53
32 39 432
39 32 432
33 52 156
52 33 156
33 57 728
57 33 728
33 72 412
72 33 412
33 42 735
42 33 735
33 58 67
58 33 67
34 62 237
62 34 237
34 63 964
63 34 964
34 61 751
61 34 751
35 57 893
57 35 893
36 53 118
53 36 118
36 72 185
72 36 185
36 52 160
52 36 160
37 65 324
65 37 324
38 43 221
43 38 221
39 54 86
54 39 86
41 70 373
70 41 373
42 45 122
45 42 122
42 48 562
48 42 562
43 49 616
49 43 616
45 47 184
47 45 184
46 51 346
51 46 346
46 47 477
47 46 477
46 51 780
51 46 780
48 56 81
56 48 81
49 50 605
50 49 605
51 69 151
69 51 151
52 56 389
56 52 389
54 68 548
68 54 548
55 68 426
68 55 426
56 57 776
57 56 776
57 72 965
72 57 965
57 70 545
70 57 545
58 75 462
75 58 462
59 64 671
64 59 671
60 70 780
70 60 780
61 72 578
72 61 578
63 67 65
67 63 65
63 69 985
69 63 985
63 70 334
70 63 334
68 70 72
70 68 72
70 75 814
75 70 814
