95

0 1 115
1 0 115
0 5 835
5 0 835
0 7 651
7 0 651
0 8 473
8 0 473
0 11 944
11 0 944
0 26 311
26 0 311
0 63 28
63 0 28
0 20 979
20 0 979
0 92 382
92 0 382
0 90 320
90 0 320
0 67 995
67 0 995
0 8 897
8 0 897
0 87 531
87 0 531
1 2 848
2 1 848
1 3 14
3 1 14
1 6 766
6 1 766
1 10 300
10 1 300
1 18 576
18 1 576
1 73 253
73 1 253
1 76 428
76 1 428
1 67 679
67 1 679
1 57 349
57 1 349
1 87 57
87 1 57
2 4 125
4 2 125
2 24 178
24 2 178
2 58 902
58 2 902
2 36 405
36 2 405
2 81 409
81 2 409
2 11 945
11 2 945
2 44 371
44 2 371
2 21 930
21 2 930
2 12 576
12 2 576
2 66 355
66 2 355
2 62 22
62 2 22
2 23 293
23 2 293
3 14 506
14 3 506
3 44 767
44 3 767
3 59 352
59 3 352
3 34 746
34 3 746
3 72 604
72 3 604
3 7 410
7 3 410
3 90 80
90 3 80
3 37 552
37 3 552
3 49 594
49 3 594
4 17 229
17 4 229
4 43 647
43 4 647
4 88 768
88 4 768
4 18 864
18 4 864
4 39 653
39 4 653
4 51 269
51 4 269
4 9 957
9 4 957
4 19 46
19 4 46
4 15 754
15 4 754
5 9 537
9 5 537
5 13 485
13 5 485
5 19 280
19 5 280
5 82 763
82 5 763
5 69 957
69 5 957
5 32 510
32 5 510
5 75 162
75 5 162
5 36 588
36 5 588
5 74 339
74 5 339
5 43 119
43 5 119
5 35 240
35 5 240
5 92 969
92 5 969
5 50 430
50 5 430
5 39 835
39 5 835
6 30 350
30 6 350
6 35 481
35 6 481
6 71 845
71 6 845
6 89 417
89 6 417
6 81 272
81 6 272
6 54 652
54 6 652
6 37 442
37 6 442
6 11 557
11 6 557
6 65 514
65 6 514
6 90 193
90 6 193
6 60 985
60 6 985
6 31 777
31 6 777
7 48 841
48 7 841
7 12 638
12 7 638
7 12 777
12 7 777
7 30 579
30 7 579
7 66 432
66 7 432
7 71 65
71 7 65
7 69 646
69 7 646
7 75 592
75 7 592
7 41 758
41 7 758
7 92 224
92 7 224
7 51 312
51 7 312
7 79 42
79 7 42
7 25 184
25 7 184
8 20 291
20 8 291
8 11 706
11 8 706
8 70 8
70 8 8
8 53 355
53 8 355
9 12 256
12 9 256
9 67 696
67 9 696
9 51 14
51 9 14
9 52 495
52 9 495
9 9 415
9 9 415
9 46 32
46 9 32
9 20 303
20 9 303
9 47 93
47 9 93
9 12 199
12 9 199
9 42 287
42 9 287
10 22 443
22 10 443
10 45 6
45 10 6
10 69 98
69 10 98
10 50 116
50 10 116
10 89 238
89 10 238
10 39 138
39 10 138
10 86 761
86 10 761
10 43 378
43 10 378
10 78 245
78 10 245
11 28 793
28 11 793
11 34 569
34 11 569
11 41 248
41 11 248
11 89 680
89 11 680
11 71 853
71 11 853
11 27 648
27 11 648
11 48 796
48 11 796
12 42 528
42 12 528
12 48 152
48 12 152
12 58 229
58 12 229
12 48 527
48 12 527
12 30 883
30 12 883
12 59 884
59 12 884
12 81 920
81 12 920
13 15 60
15 13 60
13 25 184
25 13 184
13 36 202
36 13 202
13 51 586
51 13 586
13 88 471
88 13 471
13 76 580
76 13 580
13 81 118
81 13 118
13 24 182
24 13 182
13 28 564
28 13 564
13 87 991
87 13 991
13 32 538
32 13 538
13 88 308
88 13 308
13 19 789
19 13 789
13 65 272
65 13 272
14 16 355
16 14 355
14 21 416
21 14 416
14 78 909
78 14 909
14 79 823
79 14 823
14 63 338
63 14 338
14 14 932
14 14 932
14 90 245
90 14 245
14 78 442
78 14 442
15 20 651
20 15 651
15 23 546
23 15 546
15 27 268
27 15 268
15 21 842
21 15 842
15 64 719
64 15 719
15 66 680
66 15 680
15 19 112
19 15 112
15 54 821
54 15 821
15 35 813
35 15 813
15 61 456
61 15 456
15 47 24
47 15 24
16 87 43
87 16 43
16 42 410
42 16 410
16 28 66
28 16 66
16 65 168
65 16 168
16 50 631
50 16 631
16 45 435
45 16 435
16 53 552
53 16 552
16 78 549
78 16 549
17 24 980
24 17 980
17 47 16
47 17 16
17 52 400
52 17 400
17 94 932
94 17 932
18 46 252
46 18 252
18 59 839
59 18 839
18 83 950
83 18 950
19 44 708
44 19 708
19 84 917
84 19 917
19 27 16
27 19 16
19 23 275
23 19 275
20 33 353
33 20 353
20 40 964
40 20 964
20 56 253
56 20 253
20 39 730
39 20 730
20 44 828
44 20 828
20 28 367
28 20 367
20 27 346
27 20 346
20 54 442
54 20 442
20 67 14
67 20 14
21 55 102
55 21 102
21 75 523
75 21 523
21 51 742
51 21 742
21 44 243
44 21 243
21 40 561
40 21 561
21 85 91
85 21 91
21 25 418
25 21 418
21 22 257
22 21 257
21 74 114
74 21 114
22 32 681
32 22 681
22 67 703
67 22 703
22 79 455
79 22 455
22 38 536
38 22 536
22 76 4
76 22 4
22 38 829
38 22 829
22 37 943
37 22 943
23 31 917
31 23 917
23 28 523
28 23 523
23 32 221
32 23 221
23 80 324
80 23 324
23 80 356
80 23 356
23 24 77
24 23 77
23 54 159
54 23 159
23 84 904
84 23 904
23 45 111
45 23 111
23 35 778
35 23 778
23 94 80
94 23 80
23 45 751
45 23 751
24 93 395
93 24 395
24 50 802
50 24 802
24 76 247
76 24 247
25 43 59
43 25 59
25 47 997
47 25 997
25 53 135
53 25 135
25 69 970
69 25 970
25 37 565
37 25 565
25 29 188
29 25 188
26 29 154
29 26 154
26 76 384
76 26 384
26 47 36
47 26 36
27 39 916
39 27 916
27 87 42
87 27 42
27 29 669
29 27 669
27 30 932
30 27 932
27 92 978
92 27 978
28 64 499
64 28 499
28 72 539
72 28 539
28 79 689
79 28 689
28 46 307
46 28 307
29 52 854
52 29 854
29 88 678
88 29 678
29 51 531
51 29 531
29 34 72
34 29 72
30 37 688
37 30 688
30 68 41
68 30 41
30 94 574
94 30 574
30 57 814
57 30 814
30 66 854
66 30 854
30 43 643
43 30 643
30 47 998
47 30 998
30 52 369
52 30 369
30 80 666
80 30 666
30 66 290
66 30 290
31 59 641
59 31 641
31 73 461
73 31 461
31 52 175
52 31 175
31 79 803
79 31 803
31 53 767
53 31 767
31 71 625
71 31 625
31 41 186
41 31 186
31 54 593
54 31 593
31 45 843
45 31 843
32 91 904
91 32 904
33 73 977
73 33 977
33 93 912
93 33 912
33 61 34
61 33 34
33 54 558
54 33 558
33 60 519
60 33 519
33 39 772
39 33 772
33 43 413
43 33 413
34 61 862
61 34 862
34 70 131
70 34 131
34 91 184
91 34 184
34 63 931
63 34 931
34 70 893
70 34 893
34 84 860
84 34 860
34 70 491
70 34 491
34 83 133
83 34 133
35 38 948
38 35 948
35 41 176
41 35 176
35 65 992
65 35 992
35 43 941
43 35 941
35 83 913
83 35 913
35 78 968
78 35 968
35 69 486
69 35 486
36 66 603
66 36 603
36 64 155
64 36 155
36 92 857
92 36 857
36 78 362
78 36 362
37 89 389
89 37 389
37 61 42
61 37 42
37 39 518
39 37 518
37 65 848
65 37 848
38 50 683
50 38 683
38 83 974
83 38 974
38 45 1000
45 38 1000
38 66 781
66 38 781
39 86 435
86 39 435
39 89 624
89 39 624
39 59 252
59 39 252
39 75 683
75 39 683
40 70 854
70 40 854
40 76 351
76 40 351
40 73 238
73 40 238
40 62 324
62 40 324
41 80 648
80 41 648
41 46 459
46 41 459
41 90 7
90 41 7
41 69 524
69 41 524
41 88 789
88 41 789
41 42 331
42 41 331
41 83 554
83 41 554
41 83 79
83 41 79
41 91 892
91 41 892
42 90 315
90 42 315
42 73 381
73 42 381
42 53 637
53 42 637
42 91 982
91 42 982
42 60 324
60 42 324
42 81 50
81 42 50
42 71 975
71 42 975
43 49 657
49 43 657
43 65 665
65 43 665
43 74 300
74 43 300
43 59 848
59 43 848
44 74 38
74 44 38
44 64 171
64 44 171
44 87 128
87 44 128
44 81 168
81 44 168
44 54 909
54 44 909
45 57 407
57 45 407
45 71 407
71 45 407
46 76 613
76 46 613
46 77 705
77 46 705
46 90 324
90 46 324
47 75 720
75 47 720
47 80 664
80 47 664
47 85 454
85 47 454
47 82 340
82 47 340
47 91 660
91 47 660
47 49 928
49 47 928
47 90 652
90 47 652
48 84 970
84 48 970
48 93 615
93 48 615
49 86 646
86 49 646
49 72 247
72 49 247
50 73 486
73 50 486
50 63 519
63 50 519
50 70 898
70 50 898
50 50 46
50 50 46
50 81 106
81 50 106
50 89 328
89 50 328
51 54 334
54 51 334
51 60 140
60 51 140
51 56 637
56 51 637
51 52 64
52 51 64
51 63 192
63 51 192
51 89 461
89 51 461
52 54 853
54 52 853
52 79 577
79 52 577
52 79 749
79 52 749
52 84 563
84 52 563
52 84 96
84 52 96
53 89 85
89 53 85
53 75 436
75 53 436
54 57 478
57 54 478
54 58 2
58 54 2
54 64 926
64 54 926
54 60 650
60 54 650
54 84 437
84 54 437
54 70 855
70 54 855
55 62 393
62 55 393
55 60 288
60 55 288
55 64 63
64 55 63
56 77 32
77 56 32
56 59 366
59 56 366
57 70 638
70 57 638
57 92 960
92 57 960
57 90 8
90 57 8
57 76 77
76 57 77
58 62 812
62 58 812
58 77 545
77 58 545
58 85 713
85 58 713
58 88 510
88 58 510
59 77 314
77 59 314
59 75 874
75 59 874
60 64 274
64 60 274
60 70 549
70 60 549
61 81 776
81 61 776
61 93 61
93 61 61
62 89 8
89 62 8
62 94 37
94 62 37
63 82 301
82 63 301
64 72 764
72 64 764
65 88 677
88 65 677
65 73 697
73 65 697
65 88 110
88 65 110
65 90 746
90 65 746
65 73 645
73 65 645
66 84 659
84 66 659
66 76 56
76 66 56
66 71 134
71 66 134
66 85 154
85 66 154
67 76 625
76 67 625
68 90 316
90 68 316
68 73 964
73 68 964
70 92 788
92 70 788
70 78 547
78 70 547
70 71 832
71 70 832
71 84 942
84 71 942
72 85 55
85 72 55
72 94 512
94 72 512
73 85 321
85 73 321
73 78 709
78 73 709
73 82 980
82 73 980
75 89 773
89 75 773
76 92 492
92 76 492
76 91 664
91 76 664
79 83 747
83 79 747
79 87 659
87 79 659
80 83 470
83 80 470
81 85 297
85 81 297
83 89 502
89 83 502
83 92 963
92 83 963
85 94 484
94 85 484
85 94 417
94 85 417
86 93 619
93 86 619
87 90 985
90 87 985
87 92 431
92 87 431
87 88 99
88 87 99
90 93 432
93 90 432
91 92 142
92 91 142
91 92 195
92 91 195
92 92 255
92 92 255
92 94 669
94 92 669
