97

0 1 1
1 0 1
0 2 308
2 0 308
0 10 18
10 0 18
0 16 658
16 0 658
0 21 733
21 0 733
0 63 974
63 0 974
0 19 517
19 0 517
0 40 442
40 0 442
0 59 380
59 0 380
0 11 723
11 0 723
0 17 98
17 0 98
0 71 475
71 0 475
0 59 333
59 0 333
0 2 977
2 0 977
0 51 326
51 0 326
0 30 492
30 0 492
1 11 220
11 1 220
1 28 436
28 1 436
1 39 647
39 1 647
1 75 933
75 1 933
1 13 970
13 1 970
1 89 482
89 1 482
1 7 570
7 1 570
1 47 671
47 1 671
1 58 866
58 1 866
1 94 951
94 1 951
1 21 18
21 1 18
1 59 686
59 1 686
1 86 809
86 1 809
1 59 44
59 1 44
1 48 306
48 1 306
1 79 631
79 1 631
1 90 153
90 1 153
1 30 462
30 1 462
2 3 400
3 2 400
2 7 895
7 2 895
2 17 429
17 2 429
2 30 654
30 2 654
2 59 653
59 2 653
2 7 283
7 2 283
2 9 294
9 2 294
2 48 256
48 2 256
2 32 501
32 2 501
2 14 284
14 2 284
2 52 228
52 2 228
2 64 55
64 2 55
2 19 309
19 2 309
2 35 226
35 2 226
2 49 367
49 2 367
2 95 293
95 2 293
2 86 313
86 2 313
2 72 245
72 2 245
3 4 773
4 3 773
3 8 939
8 3 939
3 13 182
13 3 182
3 60 238
60 3 238
3 89 219
89 3 219
3 78 817
78 3 817
3 29 664
29 3 664
3 89 500
89 3 500
3 52 430
52 3 430
3 82 798
82 3 798
3 27 690
27 3 690
3 33 789
33 3 789
3 38 474
38 3 474
3 82 898
82 3 898
3 46 708
46 3 708
3 9 723
9 3 723
3 49 149
49 3 149
4 5 165
5 4 165
4 42 730
42 4 730
4 66 987
66 4 987
4 33 559
33 4 559
4 47 503
47 4 503
4 71 500
71 4 500
4 65 611
65 4 611
4 80 69
80 4 69
4 48 498
48 4 498
4 30 178
30 4 178
4 52 28
52 4 28
4 47 897
47 4 897
4 36 41
36 4 41
4 26 528
26 4 528
4 80 975
80 4 975
4 53 895
53 4 895
5 6 450
6 5 450
5 12 370
12 5 370
5 34 193
34 5 193
5 88 55
88 5 55
5 91 759
91 5 759
5 69 933
69 5 933
5 59 146
59 5 146
5 63 401
63 5 401
5 84 416
84 5 416
5 77 237
77 5 237
5 20 468
20 5 468
5 6 214
6 5 214
5 62 632
62 5 632
5 42 153
42 5 153
5 64 482
64 5 482
5 41 909
41 5 909
5 78 762
78 5 762
5 59 766
59 5 766
5 43 441
43 5 441
5 85 53
85 5 53
5 70 823
70 5 823
5 42 897
42 5 897
5 73 738
73 5 738
5 80 523
80 5 523
5 30 208
30 5 208
5 20 837
20 5 837
5 58 399
58 5 399
6 48 144
48 6 144
6 47 485
47 6 485
6 87 245
87 6 245
6 57 164
57 6 164
6 11 827
11 6 827
6 35 437
35 6 437
6 84 199
84 6 199
6 76 426
76 6 426
6 71 160
71 6 160
6 58 564
58 6 564
6 83 672
83 6 672
6 25 887
25 6 887
6 37 889
37 6 889
6 42 421
42 6 421
6 23 664
23 6 664
6 8 891
8 6 891
6 51 489
51 6 489
6 21 472
21 6 472
6 28 840
28 6 840
6 81 204
81 6 204
7 9 751
9 7 751
7 23 980
23 7 980
7 24 166
24 7 166
7 31 922
31 7 922
7 32 77
32 7 77
7 43 565
43 7 565
7 52 735
52 7 735
7 34 966
34 7 966
7 8 667
8 7 667
7 60 669
60 7 669
7 28 927
28 7 927
7 70 992
70 7 992
7 37 593
37 7 593
7 13 393
13 7 393
7 34 906
34 7 906
7 18 581
18 7 581
7 10 675
10 7 675
8 26 695
26 8 695
8 40 293
40 8 293
8 45 922
45 8 922
8 56 909
56 8 909
8 64 567
64 8 567
8 83 51
83 8 51
8 77 287
77 8 287
8 60 899
60 8 899
8 9 759
9 8 759
8 24 261
24 8 261
8 94 464
94 8 464
8 32 221
32 8 221
8 70 174
70 8 174
8 42 497
42 8 497
8 50 203
50 8 203
8 18 239
18 8 239
8 60 799
60 8 799
8 87 100
87 8 100
8 44 198
44 8 198
8 69 943
69 8 943
8 54 335
54 8 335
8 37 15
37 8 15
9 15 938
15 9 938
9 27 478
27 9 478
9 92 140
92 9 140
9 16 555
16 9 555
9 19 707
19 9 707
9 14 279
14 9 279
9 26 700
26 9 700
9 28 654
28 9 654
9 21 240
21 9 240
9 87 953
87 9 953
9 33 361
33 9 361
9 10 622
10 9 622
9 49 275
49 9 275
9 85 627
85 9 627
9 38 296
38 9 296
9 29 163
29 9 163
9 56 11
56 9 11
10 83 65
83 10 65
10 65 584
65 10 584
10 61 876
61 10 876
10 85 681
85 10 681
10 75 750
75 10 750
10 25 82
25 10 82
10 33 554
33 10 554
10 45 7
45 10 7
10 32 270
32 10 270
10 55 21
55 10 21
10 55 394
55 10 394
10 43 242
43 10 242
10 13 112
13 10 112
10 15 299
15 10 299
10 91 614
91 10 614
10 18 770
18 10 770
10 29 185
29 10 185
10 84 854
84 10 854
11 27 134
27 11 134
11 16 954
16 11 954
11 38 693
38 11 693
11 55 522
55 11 522
11 15 657
15 11 657
11 45 468
45 11 468
11 36 412
36 11 412
11 21 959
21 11 959
11 17 144
17 11 144
11 70 188
70 11 188
11 86 490
86 11 490
12 14 372
14 12 372
12 19 944
19 12 944
12 20 956
20 12 956
12 66 639
66 12 639
12 15 666
15 12 666
12 52 155
52 12 155
12 67 204
67 12 204
12 37 536
37 12 536
12 48 884
48 12 884
12 49 660
49 12 660
13 25 510
25 13 510
13 71 513
71 13 513
13 53 426
53 13 426
13 42 839
42 13 839
13 83 168
83 13 168
13 62 425
62 13 425
13 21 132
21 13 132
13 37 170
37 13 170
13 29 931
29 13 931
13 37 65
37 13 65
13 44 831
44 13 831
13 30 78
30 13 78
13 22 397
22 13 397
13 65 906
65 13 906
13 86 802
86 13 802
13 80 274
80 13 274
14 29 982
29 14 982
14 85 712
85 14 712
14 52 180
52 14 180
14 15 151
15 14 151
14 41 764
41 14 764
14 66 805
66 14 805
14 46 132
46 14 132
14 20 774
20 14 774
14 27 739
27 14 739
14 63 764
63 14 764
14 24 419
24 14 419
14 96 854
96 14 854
14 17 533
17 14 533
14 79 48
79 14 48
15 37 518
37 15 518
15 27 181
27 15 181
15 66 154
66 15 154
15 56 131
56 15 131
15 79 269
79 15 269
15 48 366
48 15 366
15 95 509
95 15 509
15 89 796
89 15 796
15 86 71
86 15 71
15 91 133
91 15 133
15 90 33
90 15 33
15 51 617
51 15 617
15 32 353
32 15 353
15 58 806
58 15 806
15 49 306
49 15 306
15 39 744
39 15 744
15 61 594
61 15 594
15 67 608
67 15 608
15 89 547
89 15 547
15 39 143
39 15 143
15 67 178
67 15 178
15 95 922
95 15 922
15 47 845
47 15 845
15 39 834
39 15 834
15 18 373
18 15 373
15 85 305
85 15 305
16 95 666
95 16 666
16 30 490
30 16 490
16 44 240
44 16 240
16 37 761
37 16 761
16 16 849
16 16 849
16 67 812
67 16 812
16 59 864
59 16 864
16 50 469
50 16 469
16 75 714
75 16 714
16 20 305
20 16 305
16 58 584
58 16 584
16 52 380
52 16 380
16 55 85
55 16 85
16 39 449
39 16 449
16 25 298
25 16 298
16 33 698
33 16 698
17 18 318
18 17 318
17 33 338
33 17 338
17 70 122
70 17 122
17 85 558
85 17 558
17 22 215
22 17 215
17 20 729
20 17 729
17 91 674
91 17 674
17 68 201
68 17 201
17 87 233
87 17 233
17 84 665
84 17 665
17 62 268
62 17 268
17 28 588
28 17 588
17 23 876
23 17 876
17 88 367
88 17 367
17 54 561
54 17 561
17 77 191
77 17 191
18 35 785
35 18 785
18 47 654
47 18 654
18 68 635
68 18 635
18 84 880
84 18 880
18 82 969
82 18 969
18 76 96
76 18 96
18 47 597
47 18 597
18 21 787
21 18 787
18 37 496
37 18 496
18 22 505
22 18 505
18 49 461
49 18 461
18 51 774
51 18 774
18 90 151
90 18 151
18 64 68
64 18 68
18 94 701
94 18 701
18 38 425
38 18 425
18 41 69
41 18 69
18 46 616
46 18 616
18 76 909
76 18 909
18 80 648
80 18 648
19 38 34
38 19 34
19 74 28
74 19 28
19 94 204
94 19 204
19 61 214
61 19 214
19 41 16
41 19 16
19 33 16
33 19 16
19 90 443
90 19 443
19 47 961
47 19 961
19 93 696
93 19 696
19 44 839
44 19 839
19 49 363
49 19 363
19 26 862
26 19 862
20 61 518
61 20 518
20 54 864
54 20 864
20 52 504
52 20 504
20 79 464
79 20 464
20 87 389
87 20 389
20 70 140
70 20 140
20 40 586
40 20 586
20 67 7
67 20 7
20 56 176
56 20 176
21 22 33
22 21 33
21 67 422
67 21 422
21 55 441
55 21 441
21 50 564
50 21 564
21 62 662
62 21 662
21 69 190
69 21 190
21 44 287
44 21 287
21 84 260
84 21 260
21 36 313
36 21 313
21 32 703
32 21 703
21 35 899
35 21 899
21 56 281
56 21 281
21 88 862
88 21 862
21 93 479
93 21 479
21 40 588
40 21 588
21 32 208
32 21 208
21 42 985
42 21 985
21 83 390
83 21 390
21 77 289
77 21 289
21 42 122
42 21 122
22 49 654
49 22 654
22 42 11
42 22 11
22 57 819
57 22 819
22 76 622
76 22 622
22 49 965
49 22 965
22 87 30
87 22 30
22 48 556
48 22 556
22 47 133
47 22 133
22 79 156
79 22 156
22 26 644
26 22 644
22 43 506
43 22 506
22 83 43
83 22 43
22 90 916
90 22 916
22 80 230
80 22 230
22 29 398
29 22 398
22 65 99
65 22 99
23 37 970
37 23 970
23 84 753
84 23 753
23 65 697
65 23 697
23 63 392
63 23 392
23 80 188
80 23 188
23 25 996
25 23 996
23 30 622
30 23 622
23 26 316
26 23 316
23 87 279
87 23 279
23 77 736
77 23 736
24 57 398
57 24 398
24 72 745
72 24 745
24 72 863
72 24 863
24 43 333
43 24 333
24 68 266
68 24 266
24 56 949
56 24 949
24 86 286
86 24 286
24 36 317
36 24 317
24 85 272
85 24 272
24 88 68
88 24 68
24 36 453
36 24 453
24 78 695
78 24 695
24 36 294
36 24 294
24 80 895
80 24 895
24 50 311
50 24 311
24 27 1000
27 24 1000
24 86 447
86 24 447
25 29 181
29 25 181
25 61 470
61 25 470
25 77 296
77 25 296
25 95 659
95 25 659
25 78 212
78 25 212
25 26 619
26 25 619
25 33 650
33 25 650
25 77 797
77 25 797
25 71 86
71 25 86
25 69 916
69 25 916
25 28 552
28 25 552
25 34 379
34 25 379
26 55 625
55 26 625
26 94 367
94 26 367
26 69 915
69 26 915
26 85 191
85 26 191
26 60 953
60 26 953
26 73 579
73 26 579
26 43 507
43 26 507
26 92 45
92 26 45
26 45 816
45 26 816
26 68 406
68 26 406
26 38 383
38 26 383
26 30 842
30 26 842
26 29 675
29 26 675
26 58 436
58 26 436
27 44 278
44 27 278
27 71 289
71 27 289
27 40 862
40 27 862
27 66 707
66 27 707
27 43 213
43 27 213
27 84 62
84 27 62
27 29 992
29 27 992
27 46 446
46 27 446
27 79 75
79 27 75
27 78 960
78 27 960
27 40 767
40 27 767
27 62 299
62 27 299
28 90 260
90 28 260
28 45 104
45 28 104
28 89 917
89 28 917
28 30 478
30 28 478
28 76 874
76 28 874
28 79 133
79 28 133
28 67 252
67 28 252
28 62 111
62 28 111
28 53 671
53 28 671
28 73 181
73 28 181
28 63 176
63 28 176
28 31 442
31 28 442
28 74 901
74 28 901
28 57 999
57 28 999
28 49 351
49 28 351
28 41 352
41 28 352
29 48 524
48 29 524
29 78 375
78 29 375
29 29 323
29 29 323
29 62 41
62 29 41
29 32 980
32 29 980
29 33 881
33 29 881
29 88 141
88 29 141
29 47 120
47 29 120
29 94 469
94 29 469
29 34 795
34 29 795
29 91 876
91 29 876
30 53 841
53 30 841
30 55 593
55 30 593
30 55 810
55 30 810
30 66 529
66 30 529
30 49 46
49 30 46
30 51 160
51 30 160
30 61 803
61 30 803
30 43 738
43 30 738
30 34 377
34 30 377
30 31 151
31 30 151
30 61 534
61 30 534
30 77 12
77 30 12
30 85 311
85 30 311
30 54 601
54 30 601
31 89 995
89 31 995
31 79 517
79 31 517
31 53 231
53 31 231
31 69 165
69 31 165
31 94 409
94 31 409
31 32 602
32 31 602
31 82 353
82 31 353
31 84 332
84 31 332
31 72 867
72 31 867
31 45 666
45 31 666
31 69 191
69 31 191
32 82 901
82 32 901
32 35 910
35 32 910
32 62 242
62 32 242
32 82 921
82 32 921
32 75 444
75 32 444
32 48 178
48 32 178
32 40 49
40 32 49
32 42 77
42 32 77
32 83 442
83 32 442
32 36 472
36 32 472
33 74 430
74 33 430
33 86 642
86 33 642
33 77 250
77 33 250
33 38 786
38 33 786
33 46 484
46 33 484
33 74 633
74 33 633
33 90 927
90 33 927
33 58 872
58 33 872
33 76 694
76 33 694
33 95 973
95 33 973
33 53 25
53 33 25
33 63 395
63 33 395
33 89 70
89 33 70
33 66 349
66 33 349
34 36 603
36 34 603
34 49 163
49 34 163
34 80 420
80 34 420
34 92 344
92 34 344
34 70 119
70 34 119
34 46 416
46 34 416
34 92 182
92 34 182
34 44 187
44 34 187
34 46 569
46 34 569
34 59 299
59 34 299
34 82 686
82 34 686
34 89 781
89 34 781
34 37 937
37 34 937
34 75 626
75 34 626
34 59 820
59 34 820
34 45 798
45 34 798
34 80 916
80 34 916
34 87 156
87 34 156
34 70 539
70 34 539
35 56 298
56 35 298
35 70 474
70 35 474
35 90 733
90 35 733
35 83 802
83 35 802
35 62 25
62 35 25
35 44 143
44 35 143
35 64 670
64 35 670
35 73 103
73 35 103
35 75 91
75 35 91
35 70 392
70 35 392
36 51 594
51 36 594
36 43 532
43 36 532
36 73 732
73 36 732
36 42 677
42 36 677
36 67 680
67 36 680
36 72 492
72 36 492
36 48 325
48 36 325
36 47 940
47 36 940
36 70 392
70 36 392
36 82 691
82 36 691
37 87 67
87 37 67
37 80 15
80 37 15
37 65 322
65 37 322
37 42 738
42 37 738
37 85 303
85 37 303
37 62 380
62 37 380
37 76 768
76 37 768
37 77 732
77 37 732
37 86 171
86 37 171
37 39 466
39 37 466
37 81 362
81 37 362
38 46 221
46 38 221
38 76 190
76 38 190
38 75 750
75 38 750
38 71 562
71 38 562
38 68 621
68 38 621
38 87 816
87 38 816
38 54 132
54 38 132
38 80 359
80 38 359
38 49 750
49 38 750
38 80 283
80 38 283
39 94 252
94 39 252
39 83 466
83 39 466
39 69 219
69 39 219
39 76 584
76 39 584
39 51 273
51 39 273
39 81 758
81 39 758
39 61 331
61 39 331
39 83 257
83 39 257
39 75 507
75 39 507
39 95 943
95 39 943
40 41 153
41 40 153
40 92 224
92 40 224
40 57 795
57 40 795
40 55 150
55 40 150
40 52 373
52 40 373
40 53 639
53 40 639
40 66 840
66 40 840
40 47 1
47 40 1
40 59 741
59 40 741
40 87 174
87 40 174
40 50 192
50 40 192
40 55 899
55 40 899
40 87 920
87 40 920
40 46 365
46 40 365
41 73 294
73 41 294
41 50 75
50 41 75
41 46 211
46 41 211
41 52 16
52 41 16
41 73 110
73 41 110
41 53 366
53 41 366
41 57 919
57 41 919
41 90 240
90 41 240
41 45 423
45 41 423
41 46 295
46 41 295
41 67 512
67 41 512
42 53 31
53 42 31
42 65 168
65 42 168
42 84 183
84 42 183
42 56 306
56 42 306
42 61 534
61 42 534
42 68 592
68 42 592
42 66 605
66 42 605
42 86 724
86 42 724
43 52 790
52 43 790
43 54 407
54 43 407
43 62 318
62 43 318
43 53 284
53 43 284
43 90 698
90 43 698
43 45 940
45 43 940
43 58 298
58 43 298
43 50 235
50 43 235
43 80 720
80 43 720
43 43 47
43 43 47
43 50 866
50 43 866
43 50 844
50 43 844
43 96 821
96 43 821
44 48 538
48 44 538
44 90 18
90 44 18
44 56 448
56 44 448
44 68 31
68 44 31
44 76 197
76 44 197
44 66 319
66 44 319
44 93 308
93 44 308
44 79 282
79 44 282
44 82 753
82 44 753
45 46 38
46 45 38
45 95 977
95 45 977
45 48 279
48 45 279
45 60 524
60 45 524
45 54 535
54 45 535
45 79 229
79 45 229
45 65 153
65 45 153
45 89 261
89 45 261
45 55 820
55 45 820
45 77 502
77 45 502
45 87 863
87 45 863
45 58 417
58 45 417
46 50 526
50 46 526
46 84 337
84 46 337
46 50 752
50 46 752
46 73 672
73 46 672
46 75 161
75 46 161
46 85 654
85 46 654
46 53 654
53 46 654
46 63 775
63 46 775
46 51 748
51 46 748
46 47 384
47 46 384
46 48 421
48 46 421
46 74 388
74 46 388
47 58 765
58 47 765
47 79 103
79 47 103
47 94 54
94 47 54
47 76 257
76 47 257
47 75 216
75 47 216
47 75 274
75 47 274
47 70 976
70 47 976
47 50 684
50 47 684
48 62 66
62 48 66
48 52 109
52 48 109
48 81 877
81 48 877
48 90 222
90 48 222
48 50 824
50 48 824
48 78 206
78 48 206
48 74 644
74 48 644
48 80 156
80 48 156
48 65 640
65 48 640
49 57 680
57 49 680
49 55 50
55 49 50
49 83 438
83 49 438
49 87 315
87 49 315
49 70 768
70 49 768
50 82 983
82 50 983
50 91 416
91 50 416
50 86 941
86 50 941
50 61 296
61 50 296
50 56 161
56 50 161
50 66 700
66 50 700
50 88 262
88 50 262
51 88 595
88 51 595
51 92 871
92 51 871
51 67 825
67 51 825
51 71 286
71 51 286
51 73 269
73 51 269
52 65 489
65 52 489
52 90 10
90 52 10
52 89 476
89 52 476
52 87 789
87 52 789
52 92 622
92 52 622
52 62 505
62 52 505
52 84 852
84 52 852
53 63 595
63 53 595
53 96 331
96 53 331
53 70 439
70 53 439
53 84 466
84 53 466
53 65 114
65 53 114
53 68 298
68 53 298
53 86 467
86 53 467
53 55 111
55 53 111
53 64 710
64 53 710
54 72 303
72 54 303
55 85 444
85 55 444
55 86 77
86 55 77
55 79 895
79 55 895
55 76 564
76 55 564
55 58 264
58 55 264
55 62 74
62 55 74
56 75 331
75 56 331
56 92 825
92 56 825
56 73 962
73 56 962
56 83 835
83 56 835
56 94 24
94 56 24
56 76 158
76 56 158
56 90 407
90 56 407
57 78 266
78 57 266
57 66 804
66 57 804
57 72 442
72 57 442
57 61 577
61 57 577
57 62 460
62 57 460
57 89 63
89 57 63
57 59 714
59 57 714
57 66 202
66 57 202
57 68 425
68 57 425
57 95 150
95 57 150
57 94 195
94 57 195
57 60 603
60 57 603
57 85 559
85 57 559
57 79 766
79 57 766
58 69 732
69 58 732
58 58 380
58 58 380
58 92 287
92 58 287
58 84 613
84 58 613
58 84 79
84 58 79
58 81 495
81 58 495
58 80 633
80 58 633
58 93 82
93 58 82
58 70 531
70 58 531
58 72 119
72 58 119
59 59 104
59 59 104
59 61 586
61 59 586
59 90 337
90 59 337
60 94 596
94 60 596
60 96 44
96 60 44
60 93 850
93 60 850
61 76 132
76 61 132
61 73 563
73 61 563
61 74 624
74 61 624
61 81 28
81 61 28
61 75 96
75 61 96
61 88 563
88 61 563
61 78 507
78 61 507
61 76 284
76 61 284
61 96 902
96 61 902
61 78 523
78 61 523
62 96 20
96 62 20
62 93 427
93 62 427
62 66 677
66 62 677
63 81 705
81 63 705
63 72 810
72 63 810
63 67 550
67 63 550
63 69 716
69 63 716
63 90 322
90 63 322
63 85 90
85 63 90
63 79 795
79 63 795
63 75 112
75 63 112
64 77 665
77 64 665
64 85 959
85 64 959
64 64 863
64 64 863
64 78 115
78 64 115
64 65 189
65 64 189
65 84 634
84 65 634
65 91 851
91 65 851
65 84 282
84 65 282
65 84 618
84 65 618
65 75 35
75 65 35
65 70 851
70 65 851
65 84 669
84 65 669
65 74 126
74 65 126
65 72 2
72 65 2
66 77 986
77 66 986
66 80 369
80 66 369
66 75 338
75 66 338
66 94 46
94 66 46
66 93 965
93 66 965
66 76 257
76 66 257
66 67 218
67 66 218
67 75 604
75 67 604
67 91 464
91 67 464
67 89 544
89 67 544
67 68 634
68 67 634
67 79 280
79 67 280
68 82 576
82 68 576
68 91 415
91 68 415
68 82 744
82 68 744
68 96 347
96 68 347
68 90 819
90 68 819
69 94 570
94 69 570
69 89 899
89 69 899
69 96 635
96 69 635
69 83 173
83 69 173
69 89 478
89 69 478
69 91 791
91 69 791
70 82 322
82 70 322
70 77 260
77 70 260
70 89 842
89 70 842
71 75 283
75 71 283
71 84 819
84 71 819
71 75 632
75 71 632
72 79 518
79 72 518
72 89 833
89 72 833
72 94 96
94 72 96
72 96 183
96 72 183
72 89 737
89 72 737
73 78 308
78 73 308
73 84 160
84 73 160
73 92 784
92 73 784
73 80 46
80 73 46
73 95 468
95 73 468
74 85 995
85 74 995
74 86 282
86 74 282
74 93 810
93 74 810
74 84 254
84 74 254
75 93 646
93 75 646
75 80 147
80 75 147
75 76 739
76 75 739
75 87 707
87 75 707
76 96 273
96 76 273
76 93 935
93 76 935
76 85 446
85 76 446
76 78 87
78 76 87
77 93 643
93 77 643
77 90 991
90 77 991
78 92 868
92 78 868
78 90 544
90 78 544
78 81 253
81 78 253
78 82 300
82 78 300
78 82 775
82 78 775
79 83 902
83 79 902
79 87 49
87 79 49
79 86 973
86 79 973
80 89 251
89 80 251
80 80 59
80 80 59
80 88 868
88 80 868
82 87 116
87 82 116
83 87 790
87 83 790
83 84 140
84 83 140
83 90 32
90 83 32
84 84 376
84 84 376
85 88 25
88 85 25
86 89 957
89 86 957
86 96 489
96 86 489
88 96 92
96 88 92
89 92 268
92 89 268
90 93 285
93 90 285
92 96 200
96 92 200
93 94 925
94 93 925
95 96 731
96 95 731
