94

0 1 226
1 0 226
0 4 407
4 0 407
0 6 245
6 0 245
0 8 100
8 0 100
0 14 566
14 0 566
0 69 599
69 0 599
0 37 734
37 0 734
0 67 480
67 0 480
0 69 749
69 0 749
0 45 859
45 0 859
0 57 439
57 0 439
0 64 934
64 0 934
0 57 945
57 0 945
0 54 433
54 0 433
0 11 124
11 0 124
0 23 41
23 0 41
0 29 352
29 0 352
0 77 567
77 0 567
0 84 578
84 0 578
0 92 849
92 0 849
0 28 503
28 0 503
0 30 275
30 0 275
0 21 236
21 0 236
0 79 965
79 0 965
1 2 995
2 1 995
1 29 553
29 1 553
1 52 696
52 1 696
1 14 451
14 1 451
1 12 508
12 1 508
1 14 376
14 1 376
1 75 128
75 1 128
1 9 670
9 1 670
1 40 582
40 1 582
1 49 486
49 1 486
1 35 342
35 1 342
1 14 111
14 1 111
1 51 701
51 1 701
1 2 578
2 1 578
1 34 415
34 1 415
1 44 542
44 1 542
1 72 321
72 1 321
1 39 229
39 1 229
1 10 263
10 1 263
2 3 279
3 2 279
2 7 483
7 2 483
2 18 621
18 2 621
2 28 753
28 2 753
2 74 449
74 2 449
2 27 238
27 2 238
2 84 414
84 2 414
2 2 489
2 2 489
2 51 443
51 2 443
2 74 442
74 2 442
2 40 662
40 2 662
2 58 640
58 2 640
2 30 421
30 2 421
2 73 908
73 2 908
2 40 976
40 2 976
2 80 104
80 2 104
2 22 463
22 2 463
3 5 735
5 3 735
3 19 50
19 3 50
3 20 313
20 3 313
3 48 894
48 3 894
3 81 40
81 3 40
3 38 792
38 3 792
3 67 148
67 3 148
3 35 935
35 3 935
3 42 455
42 3 455
3 19 133
19 3 133
3 20 755
20 3 755
3 49 527
49 3 527
3 47 367
47 3 367
3 71 569
71 3 569
3 46 524
46 3 524
3 22 555
22 3 555
3 31 972
31 3 972
4 9 385
9 4 385
4 21 387
21 4 387
4 41 164
41 4 164
4 91 973
91 4 973
4 9 175
9 4 175
4 75 438
75 4 438
4 74 784
74 4 784
4 7 972
7 4 972
4 26 730
26 4 730
4 52 819
52 4 819
4 38 813
38 4 813
4 10 128
10 4 128
4 32 726
32 4 726
4 32 110
32 4 110
4 45 865
45 4 865
4 8 462
8 4 462
5 12 188
12 5 188
5 13 203
13 5 203
5 56 328
56 5 328
5 29 342
29 5 342
5 45 472
45 5 472
5 27 673
27 5 673
5 80 608
80 5 608
5 61 643
61 5 643
5 71 701
71 5 701
5 87 334
87 5 334
5 75 792
75 5 792
5 13 794
13 5 794
5 66 318
66 5 318
5 67 295
67 5 295
5 8 150
8 5 150
5 64 367
64 5 367
5 23 755
23 5 755
6 15 739
15 6 739
6 80 119
80 6 119
6 52 357
52 6 357
6 36 796
36 6 796
6 86 49
86 6 49
6 62 95
62 6 95
6 55 398
55 6 398
6 10 832
10 6 832
6 74 360
74 6 360
6 52 133
52 6 133
6 55 149
55 6 149
7 8 399
8 7 399
7 55 114
55 7 114
7 16 317
16 7 317
7 89 193
89 7 193
7 26 241
26 7 241
7 46 516
46 7 516
7 32 930
32 7 930
7 86 526
86 7 526
7 72 287
72 7 287
7 11 497
11 7 497
7 10 106
10 7 106
7 41 922
41 7 922
7 40 969
40 7 969
7 23 55
23 7 55
7 40 875
40 7 875
8 10 728
10 8 728
8 11 447
11 8 447
8 75 497
75 8 497
8 60 817
60 8 817
8 78 675
78 8 675
8 35 775
35 8 775
8 89 770
89 8 770
8 20 136
20 8 136
8 35 819
35 8 819
8 82 464
82 8 464
8 29 69
29 8 69
8 42 43
42 8 43
8 62 604
62 8 604
8 90 209
90 8 209
8 75 198
75 8 198
8 89 18
89 8 18
9 37 768
37 9 768
9 34 492
34 9 492
9 87 233
87 9 233
9 31 577
31 9 577
9 24 797
24 9 797
9 91 904
91 9 904
9 35 91
35 9 91
9 24 150
24 9 150
9 69 391
69 9 391
9 15 828
15 9 828
9 28 817
28 9 817
9 66 460
66 9 460
9 91 175
91 9 175
9 41 188
41 9 188
9 19 164
19 9 164
10 57 976
57 10 976
10 22 224
22 10 224
10 51 592
51 10 592
10 38 332
38 10 332
10 40 120
40 10 120
10 74 162
74 10 162
10 86 702
86 10 702
10 45 812
45 10 812
10 41 818
41 10 818
10 71 869
71 10 869
11 38 459
38 11 459
11 50 471
50 11 471
11 72 256
72 11 256
11 63 485
63 11 485
11 13 825
13 11 825
11 84 322
84 11 322
11 39 327
39 11 327
11 93 918
93 11 918
12 65 786
65 12 786
12 30 120
30 12 120
12 76 875
76 12 875
12 65 258
65 12 258
12 48 561
48 12 561
12 81 878
81 12 878
12 51 677
51 12 677
12 34 701
34 12 701
12 25 75
25 12 75
12 90 738
90 12 738
12 41 871
41 12 871
12 89 496
89 12 496
12 90 977
90 12 977
13 81 296
81 13 296
13 35 227
35 13 227
13 80 468
80 13 468
13 42 678
42 13 678
13 39 227
39 13 227
13 86 727
86 13 727
13 19 450
19 13 450
13 24 145
24 13 145
13 66 878
66 13 878
13 18 589
18 13 589
14 16 987
16 14 987
14 30 938
30 14 938
14 52 665
52 14 665
14 83 162
83 14 162
14 48 42
48 14 42
14 67 978
67 14 978
14 61 629
61 14 629
14 76 982
76 14 982
14 79 724
79 14 724
14 17 656
17 14 656
14 67 822
67 14 822
14 47 470
47 14 470
14 21 116
21 14 116
14 18 437
18 14 437
15 32 440
32 15 440
15 71 663
71 15 663
15 80 706
80 15 706
15 26 410
26 15 410
15 93 716
93 15 716
15 41 190
41 15 190
15 84 74
84 15 74
15 60 672
60 15 672
15 31 149
31 15 149
15 68 518
68 15 518
16 17 664
17 16 664
16 59 583
59 16 583
16 75 670
75 16 670
16 83 158
83 16 158
16 47 91
47 16 91
16 30 171
30 16 171
16 24 15
24 16 15
16 87 516
87 16 516
16 31 810
31 16 810
16 80 654
80 16 654
16 18 197
18 16 197
16 38 155
38 16 155
16 26 890
26 16 890
16 34 506
34 16 506
16 84 482
84 16 482
16 31 549
31 16 549
17 26 547
26 17 547
17 36 803
36 17 803
17 47 760
47 17 760
17 37 737
37 17 737
17 66 759
66 17 759
17 78 935
78 17 935
17 83 269
83 17 269
17 74 189
74 17 189
17 20 958
20 17 958
17 80 70
80 17 70
17 63 895
63 17 895
18 22 127
22 18 127
18 77 794
77 18 794
18 75 278
75 18 278
18 66 21
66 18 21
18 60 273
60 18 273
18 74 363
74 18 363
18 74 39
74 18 39
18 70 825
70 18 825
19 23 278
23 19 278
19 24 894
24 19 894
19 25 605
25 19 605
19 27 908
27 19 908
19 69 994
69 19 994
19 62 183
62 19 183
19 76 326
76 19 326
19 49 675
49 19 675
19 52 805
52 19 805
19 39 832
39 19 832
19 55 465
55 19 465
20 35 415
35 20 415
20 49 806
49 20 806
20 92 604
92 20 604
20 93 44
93 20 44
20 61 840
61 20 840
20 69 267
69 20 267
20 63 104
63 20 104
20 76 496
76 20 496
20 75 363
75 20 363
20 90 743
90 20 743
20 49 978
49 20 978
20 27 663
27 20 663
20 46 837
46 20 837
21 55 282
55 21 282
21 60 86
60 21 86
21 36 216
36 21 216
21 48 85
48 21 85
21 69 333
69 21 333
21 30 593
30 21 593
21 54 805
54 21 805
21 75 573
75 21 573
22 44 741
44 22 741
22 72 586
72 22 586
22 28 240
28 22 240
22 58 795
58 22 795
22 43 818
43 22 818
22 44 971
44 22 971
22 52 798
52 22 798
22 77 152
77 22 152
23 31 405
31 23 405
23 52 104
52 23 104
23 41 524
41 23 524
23 52 297
52 23 297
23 30 145
30 23 145
23 82 207
82 23 207
23 65 249
65 23 249
23 73 557
73 23 557
23 93 994
93 23 994
23 92 729
92 23 729
23 71 354
71 23 354
24 33 105
33 24 105
24 61 457
61 24 457
24 41 97
41 24 97
24 28 373
28 24 373
24 65 564
65 24 564
24 79 195
79 24 195
24 42 49
42 24 49
24 39 157
39 24 157
24 36 552
36 24 552
25 77 619
77 25 619
25 48 438
48 25 438
25 89 866
89 25 866
25 86 443
86 25 443
25 48 408
48 25 408
25 50 287
50 25 287
25 60 612
60 25 612
25 38 796
38 25 796
25 33 623
33 25 623
25 60 33
60 25 33
25 66 792
66 25 792
26 74 46
74 26 46
26 27 196
27 26 196
26 64 851
64 26 851
26 86 687
86 26 687
26 89 669
89 26 669
26 55 971
55 26 971
27 40 804
40 27 804
27 46 530
46 27 530
27 86 942
86 27 942
27 51 177
51 27 177
27 28 658
28 27 658
27 52 104
52 27 104
27 64 763
64 27 763
27 59 240
59 27 240
27 86 295
86 27 295
27 74 967
74 27 967
28 34 302
34 28 302
28 66 481
66 28 481
28 82 674
82 28 674
28 55 545
55 28 545
28 40 418
40 28 418
28 88 91
88 28 91
28 70 858
70 28 858
29 42 127
42 29 127
29 81 147
81 29 147
29 82 333
82 29 333
29 89 106
89 29 106
29 93 333
93 29 333
29 79 190
79 29 190
29 69 943
69 29 943
29 49 385
49 29 385
29 32 429
32 29 429
29 62 880
62 29 880
29 86 250
86 29 250
29 88 445
88 29 445
29 49 465
49 29 465
29 46 775
46 29 775
29 63 435
63 29 435
29 87 916
87 29 916
29 45 133
45 29 133
30 35 996
35 30 996
30 83 236
83 30 236
30 45 295
45 30 295
30 78 556
78 30 556
30 35 917
35 30 917
30 87 481
87 30 481
30 48 701
48 30 701
31 51 425
51 31 425
31 76 708
76 31 708
31 34 22
34 31 22
31 64 890
64 31 890
31 42 468
42 31 468
31 50 843
50 31 843
31 41 625
41 31 625
31 41 556
41 31 556
32 78 582
78 32 582
32 69 425
69 32 425
32 38 632
38 32 632
32 83 274
83 32 274
32 62 138
62 32 138
32 54 320
54 32 320
32 74 501
74 32 501
33 64 764
64 33 764
33 76 497
76 33 497
33 37 998
37 33 998
33 44 149
44 33 149
33 38 290
38 33 290
33 43 933
43 33 933
33 55 588
55 33 588
34 64 688
64 34 688
34 90 928
90 34 928
34 93 250
93 34 250
34 46 874
46 34 874
34 60 373
60 34 373
34 82 377
82 34 377
34 59 879
59 34 879
35 54 307
54 35 307
35 79 945
79 35 945
35 46 101
46 35 101
35 65 258
65 35 258
35 92 539
92 35 539
35 72 980
72 35 980
35 66 547
66 35 547
35 41 479
41 35 479
35 45 413
45 35 413
35 81 210
81 35 210
35 39 955
39 35 955
36 60 151
60 36 151
36 51 768
51 36 768
36 41 605
41 36 605
36 86 446
86 36 446
37 75 963
75 37 963
37 91 325
91 37 325
37 93 941
93 37 941
37 85 612
85 37 612
37 46 830
46 37 830
38 39 644
39 38 644
38 42 56
42 38 56
38 74 985
74 38 985
38 57 578
57 38 578
38 48 114
48 38 114
39 56 473
56 39 473
39 89 455
89 39 455
39 47 924
47 39 924
39 40 561
40 39 561
39 50 767
50 39 767
39 51 781
51 39 781
39 58 623
58 39 623
39 44 2
44 39 2
39 64 140
64 39 140
39 88 953
88 39 953
39 53 157
53 39 157
40 41 289
41 40 289
40 74 677
74 40 677
40 47 291
47 40 291
40 71 128
71 40 128
40 54 631
54 40 631
41 43 782
43 41 782
41 44 758
44 41 758
41 66 852
66 41 852
41 82 861
82 41 861
41 57 692
57 41 692
41 50 927
50 41 927
41 78 475
78 41 475
42 47 465
47 42 465
42 68 405
68 42 405
42 45 309
45 42 309
42 85 480
85 42 480
42 67 832
67 42 832
42 81 318
81 42 318
43 45 693
45 43 693
43 83 748
83 43 748
43 64 496
64 43 496
43 43 25
43 43 25
43 72 75
72 43 75
43 61 116
61 43 116
43 50 872
50 43 872
43 93 224
93 43 224
43 79 493
79 43 493
43 57 145
57 43 145
43 63 860
63 43 860
43 71 775
71 43 775
43 67 470
67 43 470
43 70 342
70 43 342
43 84 642
84 43 642
43 49 164
49 43 164
44 78 675
78 44 675
44 80 373
80 44 373
44 45 617
45 44 617
44 81 622
81 44 622
44 87 145
87 44 145
45 61 87
61 45 87
45 66 885
66 45 885
45 61 26
61 45 26
45 57 520
57 45 520
45 59 229
59 45 229
45 51 566
51 45 566
45 65 867
65 45 867
46 53 734
53 46 734
46 91 642
91 46 642
46 64 687
64 46 687
46 50 935
50 46 935
46 82 285
82 46 285
46 54 981
54 46 981
46 86 670
86 46 670
47 82 563
82 47 563
47 56 901
56 47 901
47 62 640
62 47 640
47 53 880
53 47 880
47 69 626
69 47 626
47 52 181
52 47 181
47 88 842
88 47 842
47 48 370
48 47 370
47 74 254
74 47 254
48 54 818
54 48 818
48 89 988
89 48 988
48 83 345
83 48 345
49 79 695
79 49 695
49 51 953
51 49 953
49 51 284
51 49 284
49 61 963
61 49 963
49 63 34
63 49 34
50 55 467
55 50 467
50 61 899
61 50 899
50 91 67
91 50 67
50 84 398
84 50 398
50 79 671
79 50 671
51 70 714
70 51 714
51 83 412
83 51 412
51 82 785
82 51 785
51 85 493
85 51 493
51 60 934
60 51 934
51 90 6
90 51 6
51 83 563
83 51 563
51 74 936
74 51 936
52 58 219
58 52 219
52 59 179
59 52 179
52 84 550
84 52 550
52 61 851
61 52 851
52 90 255
90 52 255
52 55 294
55 52 294
52 91 406
91 52 406
52 54 709
54 52 709
53 62 302
62 53 302
53 68 9
68 53 9
53 64 107
64 53 107
53 67 116
67 53 116
53 65 11
65 53 11
53 74 677
74 53 677
53 69 409
69 53 409
53 67 423
67 53 423
54 61 518
61 54 518
54 88 971
88 54 971
54 67 300
67 54 300
54 67 595
67 54 595
54 71 56
71 54 56
55 67 34
67 55 34
55 87 328
87 55 328
55 84 410
84 55 410
55 71 108
71 55 108
55 57 412
57 55 412
55 70 733
70 55 733
55 79 366
79 55 366
55 56 906
56 55 906
56 78 272
78 56 272
56 74 818
74 56 818
56 70 342
70 56 342
56 82 580
82 56 580
57 63 160
63 57 160
57 86 332
86 57 332
57 68 571
68 57 571
57 60 19
60 57 19
57 59 520
59 57 520
57 83 292
83 57 292
58 67 167
67 58 167
58 69 483
69 58 483
58 83 860
83 58 860
58 89 438
89 58 438
58 76 587
76 58 587
59 90 553
90 59 553
59 91 32
91 59 32
59 90 880
90 59 880
59 80 805
80 59 805
59 89 893
89 59 893
59 92 596
92 59 596
59 60 244
60 59 244
60 91 767
91 60 767
60 84 862
84 60 862
60 76 399
76 60 399
60 82 826
82 60 826
61 81 637
81 61 637
61 64 834
64 61 834
61 63 246
63 61 246
61 74 966
74 61 966
61 79 345
79 61 345
62 75 94
75 62 94
62 73 274
73 62 274
62 70 36
70 62 36
62 70 208
70 62 208
62 63 910
63 62 910
62 68 549
68 62 549
62 70 762
70 62 762
63 84 932
84 63 932
63 73 666
73 63 666
63 80 551
80 63 551
63 72 66
72 63 66
63 88 584
88 63 584
63 89 694
89 63 694
63 91 792
91 63 792
63 77 594
77 63 594
63 78 921
78 63 921
63 69 657
69 63 657
65 77 597
77 65 597
65 71 970
71 65 970
65 83 64
83 65 64
65 66 753
66 65 753
65 80 408
80 65 408
65 87 154
87 65 154
66 73 148
73 66 148
66 87 826
87 66 826
66 84 226
84 66 226
66 69 808
69 66 808
66 82 410
82 66 410
66 71 95
71 66 95
66 86 477
86 66 477
68 85 497
85 68 497
68 68 53
68 68 53
68 93 452
93 68 452
68 91 688
91 68 688
69 70 999
70 69 999
69 92 854
92 69 854
70 76 675
76 70 675
71 82 382
82 71 382
71 75 351
75 71 351
71 83 965
83 71 965
71 87 33
87 71 33
71 74 608
74 71 608
72 77 47
77 72 47
72 93 826
93 72 826
73 91 149
91 73 149
73 81 357
81 73 357
73 90 276
90 73 276
73 90 972
90 73 972
73 87 660
87 73 660
73 77 549
77 73 549
74 81 888
81 74 888
74 75 398
75 74 398
74 89 328
89 74 328
75 92 229
92 75 229
75 82 265
82 75 265
77 81 585
81 77 585
77 77 123
77 77 123
79 89 781
89 79 781
80 84 114
84 80 114
86 93 673
93 86 673
86 88 463
88 86 463
88 88 863
88 88 863
89 89 846
89 89 846
89 90 381
90 89 381
