97

0 1 264
1 0 264
0 2 214
2 0 214
0 6 535
6 0 535
0 45 20
45 0 20
0 54 12
54 0 12
0 81 683
81 0 683
0 11 240
11 0 240
0 76 433
76 0 433
0 29 194
29 0 194
1 3 703
3 1 703
1 4 280
4 1 280
1 7 968
7 1 968
1 10 977
10 1 977
1 13 340
13 1 340
1 56 992
56 1 992
1 69 106
69 1 106
1 35 771
35 1 771
1 62 818
62 1 818
2 18 897
18 2 897
2 35 128
35 2 128
2 38 444
38 2 444
2 47 404
47 2 404
2 37 57
37 2 57
3 5 937
5 3 937
3 26 203
26 3 203
3 23 975
23 3 975
3 39 4
39 3 4
3 8 474
8 3 474
3 80 125
80 3 125
3 79 218
79 3 218
4 8 48
8 4 48
4 16 574
16 4 574
4 31 761
31 4 761
4 18 338
18 4 338
4 32 26
32 4 26
4 42 758
42 4 758
4 85 862
85 4 862
4 16 35
16 4 35
5 15 965
15 5 965
5 47 132
47 5 132
5 19 561
19 5 561
5 26 214
26 5 214
5 90 631
90 5 631
5 74 900
74 5 900
5 76 470
76 5 470
6 9 892
9 6 892
6 23 642
23 6 642
6 25 832
25 6 832
6 30 686
30 6 686
6 32 484
32 6 484
6 91 355
91 6 355
6 91 178
91 6 178
6 29 172
29 6 172
6 88 984
88 6 984
6 26 864
26 6 864
7 14 36
14 7 36
7 87 671
87 7 671
7 55 228
55 7 228
7 59 95
59 7 95
7 51 375
51 7 375
8 11 852
11 8 852
8 33 686
33 8 686
8 52 544
52 8 544
8 13 405
13 8 405
8 40 993
40 8 993
8 44 179
44 8 179
9 12 546
12 9 546
9 20 803
20 9 803
9 79 163
79 9 163
9 86 64
86 9 64
9 65 881
65 9 881
10 22 526
22 10 526
10 57 437
57 10 437
10 73 559
73 10 559
10 76 822
76 10 822
10 42 211
42 10 211
10 42 766
42 10 766
10 40 628
40 10 628
10 49 675
49 10 675
10 39 554
39 10 554
10 48 724
48 10 724
11 17 448
17 11 448
11 40 35
40 11 35
11 68 931
68 11 931
11 72 290
72 11 290
11 32 461
32 11 461
11 67 482
67 11 482
11 37 355
37 11 355
12 35 707
35 12 707
12 55 749
55 12 749
12 78 342
78 12 342
12 92 84
92 12 84
12 31 316
31 12 316
12 27 227
27 12 227
12 90 823
90 12 823
12 22 317
22 12 317
13 88 49
88 13 49
13 74 909
74 13 909
13 16 633
16 13 633
13 39 481
39 13 481
13 46 295
46 13 295
13 77 116
77 13 116
13 77 503
77 13 503
14 19 367
19 14 367
14 24 296
24 14 296
14 28 43
28 14 43
14 40 337
40 14 337
14 91 290
91 14 290
14 93 321
93 14 321
14 88 8
88 14 8
14 27 386
27 14 386
14 95 962
95 14 962
14 41 802
41 14 802
14 38 334
38 14 334
15 44 29
44 15 29
15 29 498
29 15 498
15 46 242
46 15 242
15 65 424
65 15 424
15 94 275
94 15 275
16 21 503
21 16 503
16 29 688
29 16 688
16 72 11
72 16 11
16 74 154
74 16 154
16 27 422
27 16 422
16 38 102
38 16 102
17 84 711
84 17 711
17 56 562
56 17 562
18 53 243
53 18 243
18 61 507
61 18 507
18 94 142
94 18 142
18 54 213
54 18 213
18 27 870
27 18 870
18 44 87
44 18 87
18 50 104
50 18 104
18 91 865
91 18 865
18 93 206
93 18 206
18 87 518
87 18 518
19 41 324
41 19 324
19 48 607
48 19 607
19 47 516
47 19 516
19 93 961
93 19 961
19 96 995
96 19 995
19 36 1000
36 19 1000
19 92 446
92 19 446
19 78 499
78 19 499
19 25 198
25 19 198
19 50 654
50 19 654
19 59 683
59 19 683
20 92 673
92 20 673
20 25 4
25 20 4
20 34 5
34 20 5
21 38 23
38 21 23
21 43 132
43 21 132
21 82 332
82 21 332
21 90 740
90 21 740
21 36 51
36 21 51
21 53 126
53 21 126
21 85 649
85 21 649
21 92 983
92 21 983
21 49 620
49 21 620
21 21 819
21 21 819
22 54 105
54 22 105
22 94 782
94 22 782
22 30 96
30 22 96
22 51 254
51 22 254
22 78 286
78 22 286
22 90 135
90 22 135
23 27 567
27 23 567
23 77 909
77 23 909
23 62 311
62 23 311
23 44 976
44 23 976
24 37 699
37 24 699
24 52 208
52 24 208
24 30 931
30 24 931
24 83 874
83 24 874
24 34 424
34 24 424
24 65 999
65 24 999
25 63 356
63 25 356
25 82 858
82 25 858
25 90 647
90 25 647
25 91 731
91 25 731
25 66 119
66 25 119
25 62 469
62 25 469
25 40 518
40 25 518
25 72 368
72 25 368
25 34 588
34 25 588
26 63 424
63 26 424
26 56 789
56 26 789
27 36 512
36 27 512
27 90 179
90 27 179
27 45 713
45 27 713
27 36 388
36 27 388
27 89 163
89 27 163
27 52 183
52 27 183
27 38 809
38 27 809
27 60 973
60 27 973
27 32 113
32 27 113
28 40 261
40 28 261
28 63 727
63 28 727
28 70 321
70 28 321
28 94 745
94 28 745
28 29 334
29 28 334
28 54 867
54 28 867
28 51 606
51 28 606
28 71 241
71 28 241
29 72 572
72 29 572
29 49 456
49 29 456
29 31 64
31 29 64
29 64 871
64 29 871
29 68 569
68 29 569
29 78 344
78 29 344
29 42 909
42 29 909
30 54 585
54 30 585
30 59 154
59 30 154
30 65 525
65 30 525
31 39 727
39 31 727
31 55 566
55 31 566
31 72 496
72 31 496
31 39 980
39 31 980
32 34 153
34 32 153
32 65 633
65 32 633
32 37 957
37 32 957
32 47 34
47 32 34
32 38 747
38 32 747
33 49 183
49 33 183
33 44 431
44 33 431
33 78 193
78 33 193
33 81 934
81 33 934
33 67 741
67 33 741
33 39 461
39 33 461
34 64 692
64 34 692
34 96 207
96 34 207
34 86 978
86 34 978
35 42 225
42 35 225
35 89 174
89 35 174
35 48 729
48 35 729
35 73 7
73 35 7
36 46 811
46 36 811
36 79 291
79 36 291
36 62 909
62 36 909
36 54 914
54 36 914
36 41 553
41 36 553
37 96 23
96 37 23
37 82 104
82 37 104
37 50 640
50 37 640
38 69 714
69 38 714
38 62 690
62 38 690
38 96 986
96 38 986
39 56 121
56 39 121
39 58 899
58 39 899
39 67 866
67 39 866
39 91 867
91 39 867
39 69 808
69 39 808
39 58 540
58 39 540
39 46 137
46 39 137
39 48 40
48 39 40
40 71 168
71 40 168
41 67 915
67 41 915
41 64 779
64 41 779
41 96 30
96 41 30
41 91 208
91 41 208
42 93 415
93 42 415
42 87 674
87 42 674
42 70 550
70 42 550
42 68 38
68 42 38
43 86 807
86 43 807
43 71 387
71 43 387
44 60 943
60 44 943
44 94 686
94 44 686
44 53 58
53 44 58
44 88 774
88 44 774
44 65 898
65 44 898
44 75 17
75 44 17
45 52 236
52 45 236
45 56 886
56 45 886
45 54 970
54 45 970
45 91 254
91 45 254
45 77 261
77 45 261
46 80 713
80 46 713
46 81 107
81 46 107
46 91 6
91 46 6
46 84 49
84 46 49
46 62 815
62 46 815
47 51 444
51 47 444
47 95 383
95 47 383
47 67 676
67 47 676
47 49 302
49 47 302
47 79 898
79 47 898
48 74 791
74 48 791
48 77 138
77 48 138
49 50 634
50 49 634
49 90 941
90 49 941
49 52 166
52 49 166
49 70 46
70 49 46
49 70 7
70 49 7
50 78 359
78 50 359
50 89 817
89 50 817
50 78 29
78 50 29
51 70 333
70 51 333
52 70 364
70 52 364
52 84 571
84 52 571
52 74 916
74 52 916
53 78 453
78 53 453
53 63 373
63 53 373
53 56 279
56 53 279
53 82 743
82 53 743
53 81 257
81 53 257
54 81 102
81 54 102
54 92 656
92 54 656
54 57 182
57 54 182
55 82 788
82 55 788
55 79 406
79 55 406
55 91 315
91 55 315
55 87 22
87 55 22
56 61 529
61 56 529
56 64 380
64 56 380
56 92 164
92 56 164
57 75 599
75 57 599
57 74 116
74 57 116
57 60 292
60 57 292
57 74 257
74 57 257
58 82 255
82 58 255
58 69 201
69 58 201
59 89 223
89 59 223
59 92 577
92 59 577
59 65 975
65 59 975
59 82 238
82 59 238
59 86 48
86 59 48
60 62 617
62 60 617
60 90 190
90 60 190
60 69 857
69 60 857
60 68 279
68 60 279
61 80 685
80 61 685
61 78 196
78 61 196
61 85 388
85 61 388
62 66 160
66 62 160
62 84 793
84 62 793
62 67 961
67 62 961
62 66 149
66 62 149
62 81 703
81 62 703
63 95 67
95 63 67
63 87 354
87 63 354
63 79 395
79 63 395
64 69 12
69 64 12
65 92 150
92 65 150
65 67 315
67 65 315
66 89 611
89 66 611
66 96 959
96 66 959
66 83 696
83 66 696
67 68 186
68 67 186
67 71 681
71 67 681
67 81 239
81 67 239
67 94 429
94 67 429
67 74 266
74 67 266
67 68 155
68 67 155
67 93 862
93 67 862
68 79 644
79 68 644
70 76 518
76 70 518
70 77 609
77 70 609
70 86 485
86 70 485
70 96 283
96 70 283
71 92 199
92 71 199
72 91 321
91 72 321
72 89 24
89 72 24
73 78 663
78 73 663
73 81 217
81 73 217
74 83 481
83 74 481
75 91 597
91 75 597
76 96 352
96 76 352
76 91 629
91 76 629
77 82 925
82 77 925
77 81 731
81 77 731
78 95 449
95 78 449
78 82 745
82 78 745
79 94 837
94 79 837
81 92 508
92 81 508
82 83 529
83 82 529
82 93 628
93 82 628
83 85 154
85 83 154
83 96 395
96 83 395
84 93 218
93 84 218
85 92 802
92 85 802
85 89 662
89 85 662
85 86 284
86 85 284
87 87 735
87 87 735
89 92 830
92 89 830
91 93 158
93 91 158
93 94 982
94 93 982
