66

0 1 492
1 0 492
0 10 915
10 0 915
0 12 885
12 0 885
0 13 899
13 0 899
0 16 276
16 0 276
0 20 164
20 0 164
0 55 331
55 0 331
0 5 342
5 0 342
1 2 535
2 1 535
1 3 774
3 1 774
1 4 730
4 1 730
1 7 656
7 1 656
1 15 439
15 1 439
1 43 19
43 1 19
2 8 881
8 2 881
2 30 519
30 2 519
2 32 184
32 2 184
3 5 5
5 3 5
3 6 626
6 3 626
3 11 910
11 3 910
3 17 619
17 3 619
4 14 815
14 4 815
4 21 737
21 4 737
4 28 761
28 4 761
4 35 23
35 4 23
5 23 163
23 5 163
5 59 121
59 5 121
5 37 132
37 5 132
6 9 985
9 6 985
6 18 880
18 6 880
6 22 167
22 6 167
6 42 205
42 6 205
6 63 25
63 6 25
6 37 68
37 6 68
7 19 656
19 7 656
8 27 599
27 8 599
9 37 774
37 9 774
9 56 917
56 9 917
10 33 120
33 10 120
10 45 12
45 10 12
10 21 572
21 10 572
11 17 318
17 11 318
11 29 586
29 11 586
11 51 822
51 11 822
11 58 770
58 11 770
11 17 899
17 11 899
12 40 657
40 12 657
12 49 49
49 12 49
12 37 715
37 12 715
13 44 94
44 13 94
14 34 596
34 14 596
14 48 826
48 14 826
15 62 569
62 15 569
16 31 950
31 16 950
16 54 206
54 16 206
17 29 701
29 17 701
18 46 437
46 18 437
19 24 172
24 19 172
19 57 594
57 19 594
20 25 73
25 20 73
20 21 590
21 20 590
20 23 712
23 20 712
21 26 137
26 21 137
21 50 971
50 21 971
22 51 990
51 22 990
23 65 186
65 23 186
23 52 758
52 23 758
24 41 874
41 24 874
24 47 271
47 24 271
24 53 57
53 24 57
25 39 894
39 25 894
25 51 638
51 25 638
25 47 222
47 25 222
25 51 313
51 25 313
26 53 995
53 26 995
26 64 224
64 26 224
26 56 647
56 26 647
27 42 395
42 27 395
28 36 110
36 28 110
28 62 745
62 28 745
29 44 832
44 29 832
30 60 730
60 30 730
30 38 691
38 30 691
31 48 76
48 31 76
32 52 659
52 32 659
32 63 183
63 32 183
32 55 383
55 32 383
33 59 160
59 33 160
34 38 490
38 34 490
35 39 754
39 35 754
36 61 976
61 36 976
37 47 838
47 37 838
38 39 331
39 38 331
38 60 287
60 38 287
40 47 544
47 40 544
40 64 314
64 40 314
41 62 570
62 41 570
42 65 356
65 42 356
42 60 491
60 42 491
43 49 458
49 43 458
44 46 575
46 44 575
44 58 708
58 44 708
45 52 937
52 45 937
45 62 51
62 45 51
52 64 800
64 52 800
53 56 740
56 53 740
57 65 443
65 57 443
