96

0 1 84
1 0 84
0 2 246
2 0 246
0 5 806
5 0 806
0 14 285
14 0 285
0 20 256
20 0 256
0 32 132
32 0 132
0 38 485
38 0 485
0 19 790
19 0 790
0 12 832
12 0 832
0 21 133
21 0 133
0 88 148
88 0 148
0 45 247
45 0 247
0 17 315
17 0 315
0 23 926
23 0 926
0 7 971
7 0 971
0 47 968
47 0 968
0 9 785
9 0 785
0 46 782
46 0 782
0 28 97
28 0 97
0 87 515
87 0 515
0 91 774
91 0 774
0 50 207
50 0 207
0 1 348
1 0 348
0 5 790
5 0 790
1 3 661
3 1 661
1 4 373
4 1 373
1 9 63
9 1 63
1 18 586
18 1 586
1 25 217
25 1 217
1 57 521
57 1 521
1 27 439
27 1 439
1 93 562
93 1 562
1 17 850
17 1 850
1 38 200
38 1 200
1 46 702
46 1 702
1 31 180
31 1 180
1 23 163
23 1 163
1 92 683
92 1 683
1 87 724
87 1 724
1 3 266
3 1 266
1 43 229
43 1 229
1 6 859
6 1 859
1 56 727
56 1 727
1 18 522
18 1 522
1 35 316
35 1 316
2 10 818
10 2 818
2 13 100
13 2 100
2 50 869
50 2 869
2 93 864
93 2 864
2 73 762
73 2 762
2 55 380
55 2 380
2 15 898
15 2 898
2 28 371
28 2 371
2 95 307
95 2 307
2 28 924
28 2 924
2 49 635
49 2 635
2 65 646
65 2 646
2 2 822
2 2 822
2 58 106
58 2 106
2 57 908
57 2 908
2 47 470
47 2 470
2 17 162
17 2 162
3 12 4
12 3 4
3 15 70
15 3 70
3 42 744
42 3 744
3 56 154
56 3 154
3 55 999
55 3 999
3 45 371
45 3 371
3 9 574
9 3 574
3 25 60
25 3 60
3 70 662
70 3 662
3 43 665
43 3 665
3 91 480
91 3 480
3 24 430
24 3 430
3 91 99
91 3 99
3 77 66
77 3 66
3 72 643
72 3 643
3 85 257
85 3 257
3 84 705
84 3 705
3 57 791
57 3 791
3 82 265
82 3 265
3 86 988
86 3 988
4 7 928
7 4 928
4 17 157
17 4 157
4 73 806
73 4 806
4 83 927
83 4 927
4 78 458
78 4 458
4 60 169
60 4 169
4 56 369
56 4 369
4 62 43
62 4 43
4 53 416
53 4 416
4 23 504
23 4 504
4 15 717
15 4 717
4 88 924
88 4 924
4 24 745
24 4 745
4 87 648
87 4 648
4 43 76
43 4 76
4 7 346
7 4 346
5 6 600
6 5 600
5 51 438
51 5 438
5 19 401
19 5 401
5 89 557
89 5 557
5 39 45
39 5 45
5 66 938
66 5 938
5 29 172
29 5 172
5 22 148
22 5 148
5 10 216
10 5 216
5 31 917
31 5 917
5 54 67
54 5 67
5 50 692
50 5 692
5 82 294
82 5 294
5 43 548
43 5 548
5 49 477
49 5 477
5 24 657
24 5 657
5 92 192
92 5 192
5 25 782
25 5 782
5 53 121
53 5 121
6 11 158
11 6 158
6 19 611
19 6 611
6 60 679
60 6 679
6 63 85
63 6 85
6 84 875
84 6 875
6 60 550
60 6 550
6 33 325
33 6 325
6 10 593
10 6 593
6 66 715
66 6 715
6 44 910
44 6 910
6 59 191
59 6 191
6 91 969
91 6 969
6 25 168
25 6 168
6 28 242
28 6 242
6 25 252
25 6 252
7 8 517
8 7 517
7 21 265
21 7 265
7 86 433
86 7 433
7 47 341
47 7 341
7 17 251
17 7 251
7 73 350
73 7 350
7 72 786
72 7 786
7 28 40
28 7 40
7 20 333
20 7 333
7 82 379
82 7 379
7 92 645
92 7 645
7 83 117
83 7 117
7 13 150
13 7 150
7 54 12
54 7 12
7 89 370
89 7 370
7 11 529
11 7 529
8 16 441
16 8 441
8 29 926
29 8 926
8 66 269
66 8 269
8 25 303
25 8 303
8 26 855
26 8 855
8 15 135
15 8 135
8 86 159
86 8 159
8 35 644
35 8 644
8 51 178
51 8 178
8 28 694
28 8 694
8 60 466
60 8 466
8 62 479
62 8 479
8 67 697
67 8 697
8 48 942
48 8 942
9 28 51
28 9 51
9 44 765
44 9 765
9 90 746
90 9 746
9 76 372
76 9 372
9 95 558
95 9 558
9 68 336
68 9 336
9 80 861
80 9 861
9 85 567
85 9 567
9 94 402
94 9 402
9 28 123
28 9 123
9 87 450
87 9 450
9 76 782
76 9 782
9 40 279
40 9 279
9 40 212
40 9 212
9 59 641
59 9 641
9 71 145
71 9 145
9 17 729
17 9 729
9 42 179
42 9 179
10 45 206
45 10 206
10 75 229
75 10 229
10 91 314
91 10 314
10 49 235
49 10 235
10 82 185
82 10 185
10 50 874
50 10 874
10 46 839
46 10 839
10 91 597
91 10 597
10 82 793
82 10 793
10 59 823
59 10 823
10 86 135
86 10 135
10 46 205
46 10 205
10 88 788
88 10 788
10 93 689
93 10 689
10 24 817
24 10 817
11 72 779
72 11 779
11 29 370
29 11 370
11 72 475
72 11 475
11 31 296
31 11 296
11 43 732
43 11 732
11 81 138
81 11 138
11 56 112
56 11 112
11 17 911
17 11 911
11 23 489
23 11 489
11 25 750
25 11 750
11 77 955
77 11 955
11 86 869
86 11 869
11 35 504
35 11 504
11 68 447
68 11 447
11 25 724
25 11 724
11 67 229
67 11 229
11 71 916
71 11 916
11 49 791
49 11 791
11 52 350
52 11 350
11 22 44
22 11 44
11 14 68
14 11 68
12 39 617
39 12 617
12 62 907
62 12 907
12 43 206
43 12 206
12 75 480
75 12 480
12 19 416
19 12 416
12 44 890
44 12 890
12 71 969
71 12 969
12 59 290
59 12 290
12 77 946
77 12 946
12 63 285
63 12 285
12 65 905
65 12 905
12 14 590
14 12 590
12 27 641
27 12 641
13 22 747
22 13 747
13 23 63
23 13 63
13 46 886
46 13 886
13 63 110
63 13 110
13 42 193
42 13 193
13 43 438
43 13 438
13 94 381
94 13 381
13 61 921
61 13 921
13 52 741
52 13 741
13 22 718
22 13 718
13 57 978
57 13 978
13 82 923
82 13 923
13 78 957
78 13 957
13 51 806
51 13 806
14 30 87
30 14 87
14 88 96
88 14 96
14 59 60
59 14 60
14 67 274
67 14 274
14 28 543
28 14 543
14 68 401
68 14 401
14 28 190
28 14 190
14 48 677
48 14 677
14 54 790
54 14 790
14 40 872
40 14 872
14 59 331
59 14 331
14 32 596
32 14 596
14 19 4
19 14 4
14 46 941
46 14 941
14 72 545
72 14 545
14 91 892
91 14 892
15 49 994
49 15 994
15 52 369
52 15 369
15 61 872
61 15 872
15 70 13
70 15 13
15 27 784
27 15 784
15 46 619
46 15 619
15 22 901
22 15 901
15 63 119
63 15 119
15 56 463
56 15 463
15 67 829
67 15 829
15 39 736
39 15 736
15 47 428
47 15 428
15 54 95
54 15 95
15 43 839
43 15 839
15 42 33
42 15 33
15 55 655
55 15 655
15 95 214
95 15 214
15 22 323
22 15 323
15 93 147
93 15 147
15 23 87
23 15 87
16 81 956
81 16 956
16 55 466
55 16 466
16 84 488
84 16 488
16 88 212
88 16 212
16 57 48
57 16 48
16 87 5
87 16 5
16 82 496
82 16 496
16 74 204
74 16 204
16 53 13
53 16 13
17 36 815
36 17 815
17 54 470
54 17 470
17 69 664
69 17 664
17 20 789
20 17 789
17 51 991
51 17 991
17 56 676
56 17 676
17 83 669
83 17 669
17 79 8
79 17 8
17 73 546
73 17 546
17 77 533
77 17 533
17 91 559
91 17 559
17 30 299
30 17 299
17 90 188
90 17 188
17 79 504
79 17 504
18 48 485
48 18 485
18 22 957
22 18 957
18 49 222
49 18 222
18 69 621
69 18 621
18 68 823
68 18 823
18 27 495
27 18 495
18 63 360
63 18 360
18 94 648
94 18 648
18 75 673
75 18 673
18 26 757
26 18 757
18 85 766
85 18 766
18 93 381
93 18 381
19 48 967
48 19 967
19 81 119
81 19 119
19 36 828
36 19 828
19 71 342
71 19 342
19 89 585
89 19 585
19 74 147
74 19 147
19 42 969
42 19 969
19 40 53
40 19 53
19 95 260
95 19 260
19 20 310
20 19 310
19 86 473
86 19 473
19 88 144
88 19 144
19 28 592
28 19 592
19 33 371
33 19 371
19 69 247
69 19 247
19 63 286
63 19 286
19 78 127
78 19 127
19 41 59
41 19 59
20 26 713
26 20 713
20 26 140
26 20 140
20 73 273
73 20 273
20 87 455
87 20 455
20 61 860
61 20 860
20 55 779
55 20 779
20 61 758
61 20 758
20 23 343
23 20 343
20 59 998
59 20 998
20 31 453
31 20 453
20 79 70
79 20 70
20 37 868
37 20 868
20 85 947
85 20 947
20 61 248
61 20 248
20 30 696
30 20 696
20 68 105
68 20 105
21 24 987
24 21 987
21 27 252
27 21 252
21 31 850
31 21 850
21 70 321
70 21 321
21 82 151
82 21 151
21 77 548
77 21 548
21 66 832
66 21 832
21 32 983
32 21 983
21 55 85
55 21 85
21 41 859
41 21 859
21 53 906
53 21 906
21 60 197
60 21 197
21 26 477
26 21 477
21 93 855
93 21 855
21 29 743
29 21 743
21 90 957
90 21 957
21 39 732
39 21 732
21 81 329
81 21 329
21 56 187
56 21 187
22 59 469
59 22 469
22 63 104
63 22 104
22 61 873
61 22 873
22 30 457
30 22 457
22 73 976
73 22 976
22 35 635
35 22 635
22 26 169
26 22 169
22 55 886
55 22 886
22 81 469
81 22 469
22 86 331
86 22 331
22 81 420
81 22 420
22 58 350
58 22 350
22 52 458
52 22 458
23 34 834
34 23 834
23 35 41
35 23 41
23 40 462
40 23 462
23 79 86
79 23 86
23 41 198
41 23 198
23 77 383
77 23 383
23 73 464
73 23 464
23 93 609
93 23 609
23 34 850
34 23 850
23 67 359
67 23 359
23 86 529
86 23 529
24 60 835
60 24 835
24 27 48
27 24 48
24 95 660
95 24 660
24 50 68
50 24 68
24 66 54
66 24 54
24 42 968
42 24 968
24 29 55
29 24 55
24 81 393
81 24 393
24 68 593
68 24 593
24 71 660
71 24 660
24 68 848
68 24 848
24 61 860
61 24 860
25 67 183
67 25 183
25 32 455
32 25 455
25 85 448
85 25 448
25 55 327
55 25 327
25 66 650
66 25 650
25 60 187
60 25 187
25 73 154
73 25 154
25 67 107
67 25 107
25 68 538
68 25 538
26 61 920
61 26 920
26 81 283
81 26 283
26 51 752
51 26 752
26 77 443
77 26 443
26 65 109
65 26 109
26 65 310
65 26 310
26 67 377
67 26 377
26 93 989
93 26 989
26 63 585
63 26 585
26 45 592
45 26 592
26 54 266
54 26 266
26 69 249
69 26 249
26 76 28
76 26 28
27 85 953
85 27 953
27 47 94
47 27 94
27 35 724
35 27 724
27 91 99
91 27 99
27 32 580
32 27 580
27 63 799
63 27 799
27 63 875
63 27 875
27 74 134
74 27 134
27 40 989
40 27 989
28 78 43
78 28 43
28 33 766
33 28 766
28 36 602
36 28 602
28 42 883
42 28 883
28 77 430
77 28 430
28 54 541
54 28 541
28 55 786
55 28 786
28 44 44
44 28 44
28 49 757
49 28 757
28 59 911
59 28 911
28 57 481
57 28 481
28 70 334
70 28 334
28 80 620
80 28 620
29 33 860
33 29 860
29 68 684
68 29 684
29 64 648
64 29 648
29 74 975
74 29 975
29 78 397
78 29 397
29 58 1
58 29 1
29 88 230
88 29 230
29 51 827
51 29 827
29 53 939
53 29 939
29 44 417
44 29 417
29 56 12
56 29 12
29 31 325
31 29 325
29 63 904
63 29 904
30 58 626
58 30 626
30 53 456
53 30 456
30 50 828
50 30 828
30 80 173
80 30 173
30 50 175
50 30 175
30 86 81
86 30 81
30 68 582
68 30 582
30 79 961
79 30 961
30 63 225
63 30 225
30 60 899
60 30 899
30 61 689
61 30 689
31 50 332
50 31 332
31 57 226
57 31 226
31 55 873
55 31 873
31 38 125
38 31 125
31 91 143
91 31 143
31 59 380
59 31 380
31 85 47
85 31 47
31 61 510
61 31 510
31 64 760
64 31 760
31 43 432
43 31 432
31 43 499
43 31 499
31 68 322
68 31 322
31 62 772
62 31 772
32 73 342
73 32 342
32 64 684
64 32 684
32 39 927
39 32 927
32 77 70
77 32 70
32 38 958
38 32 958
32 53 996
53 32 996
32 35 456
35 32 456
32 62 512
62 32 512
33 37 747
37 33 747
33 41 177
41 33 177
33 95 143
95 33 143
33 38 39
38 33 39
33 64 858
64 33 858
33 40 115
40 33 115
33 87 235
87 33 235
33 81 420
81 33 420
33 54 184
54 33 184
33 41 579
41 33 579
33 37 944
37 33 944
33 61 933
61 33 933
33 49 115
49 33 115
34 65 878
65 34 878
34 35 411
35 34 411
34 42 236
42 34 236
34 88 651
88 34 651
34 41 549
41 34 549
34 41 396
41 34 396
34 67 511
67 34 511
34 79 294
79 34 294
34 67 148
67 34 148
34 88 427
88 34 427
34 46 88
46 34 88
34 36 345
36 34 345
34 46 907
46 34 907
34 85 836
85 34 836
34 56 844
56 34 844
34 43 953
43 34 953
34 57 798
57 34 798
35 55 933
55 35 933
35 95 429
95 35 429
35 88 135
88 35 135
35 73 364
73 35 364
35 74 996
74 35 996
35 43 835
43 35 835
35 84 504
84 35 504
35 86 762
86 35 762
35 95 783
95 35 783
35 54 570
54 35 570
35 89 91
89 35 91
35 47 115
47 35 115
35 47 299
47 35 299
36 41 381
41 36 381
36 93 882
93 36 882
36 80 964
80 36 964
36 59 178
59 36 178
36 84 141
84 36 141
36 67 712
67 36 712
36 54 276
54 36 276
36 59 276
59 36 276
36 80 270
80 36 270
37 87 438
87 37 438
37 74 85
74 37 85
37 44 44
44 37 44
37 76 926
76 37 926
37 40 319
40 37 319
37 76 467
76 37 467
37 81 164
81 37 164
37 62 504
62 37 504
37 45 800
45 37 800
38 80 174
80 38 174
38 57 78
57 38 78
38 91 290
91 38 290
38 65 150
65 38 150
38 87 579
87 38 579
38 45 747
45 38 747
38 78 69
78 38 69
38 53 353
53 38 353
38 78 854
78 38 854
38 69 824
69 38 824
38 77 669
77 38 669
38 43 768
43 38 768
38 49 851
49 38 851
38 69 637
69 38 637
38 46 52
46 38 52
39 93 770
93 39 770
39 63 292
63 39 292
39 48 306
48 39 306
39 53 639
53 39 639
39 42 411
42 39 411
39 88 810
88 39 810
39 66 362
66 39 362
39 74 959
74 39 959
39 57 154
57 39 154
39 66 974
66 39 974
39 91 543
91 39 543
39 68 727
68 39 727
39 63 930
63 39 930
39 62 960
62 39 960
39 74 945
74 39 945
40 43 496
43 40 496
40 43 129
43 40 129
40 89 845
89 40 845
40 43 375
43 40 375
40 41 364
41 40 364
40 88 414
88 40 414
41 47 29
47 41 29
41 79 136
79 41 136
41 71 689
71 41 689
41 56 858
56 41 858
41 62 914
62 41 914
41 51 404
51 41 404
41 62 441
62 41 441
41 72 166
72 41 166
41 72 875
72 41 875
42 74 665
74 42 665
42 76 410
76 42 410
42 87 470
87 42 470
42 49 553
49 42 553
42 90 463
90 42 463
42 73 659
73 42 659
42 75 52
75 42 52
42 62 604
62 42 604
42 78 461
78 42 461
42 53 203
53 42 203
43 85 909
85 43 909
43 50 82
50 43 82
43 47 121
47 43 121
43 65 749
65 43 749
43 64 586
64 43 586
43 80 269
80 43 269
43 86 837
86 43 837
43 75 644
75 43 644
43 78 262
78 43 262
44 66 953
66 44 953
44 77 100
77 44 100
44 61 59
61 44 59
44 51 70
51 44 70
44 54 100
54 44 100
44 59 925
59 44 925
44 47 36
47 44 36
45 53 626
53 45 626
45 60 761
60 45 761
45 65 936
65 45 936
45 86 449
86 45 449
45 74 686
74 45 686
45 73 253
73 45 253
45 90 717
90 45 717
45 64 99
64 45 99
45 95 490
95 45 490
45 67 587
67 45 587
45 57 872
57 45 872
45 81 585
81 45 585
46 91 46
91 46 46
46 56 601
56 46 601
46 49 62
49 46 62
46 68 628
68 46 628
46 81 448
81 46 448
46 84 312
84 46 312
46 84 454
84 46 454
46 55 342
55 46 342
46 48 729
48 46 729
46 78 832
78 46 832
46 72 493
72 46 493
47 66 199
66 47 199
47 76 649
76 47 649
47 53 464
53 47 464
47 63 978
63 47 978
47 68 256
68 47 256
47 52 215
52 47 215
47 52 715
52 47 715
47 49 940
49 47 940
47 68 714
68 47 714
48 69 370
69 48 370
48 79 163
79 48 163
48 82 679
82 48 679
48 81 208
81 48 208
48 54 890
54 48 890
49 79 702
79 49 702
49 64 421
64 49 421
49 94 790
94 49 790
49 51 585
51 49 585
49 54 57
54 49 57
50 54 608
54 50 608
50 79 449
79 50 449
50 79 576
79 50 576
50 59 705
59 50 705
50 51 678
51 50 678
50 64 344
64 50 344
50 79 50
79 50 50
50 54 265
54 50 265
51 69 403
69 51 403
51 92 359
92 51 359
51 87 682
87 51 682
51 53 53
53 51 53
51 66 195
66 51 195
51 63 281
63 51 281
51 52 378
52 51 378
51 63 794
63 51 794
51 94 902
94 51 902
52 76 383
76 52 383
52 92 66
92 52 66
52 85 346
85 52 346
52 74 380
74 52 380
52 79 627
79 52 627
52 80 823
80 52 823
52 87 2
87 52 2
52 64 179
64 52 179
53 94 806
94 53 806
53 91 330
91 53 330
53 74 82
74 53 82
53 78 592
78 53 592
54 71 168
71 54 168
54 63 527
63 54 527
54 95 141
95 54 141
54 81 349
81 54 349
54 64 250
64 54 250
54 92 149
92 54 149
55 64 256
64 55 256
55 84 778
84 55 778
55 78 495
78 55 495
55 87 995
87 55 995
55 83 394
83 55 394
55 83 694
83 55 694
55 89 673
89 55 673
56 79 857
79 56 857
56 65 375
65 56 375
56 61 62
61 56 62
56 90 477
90 56 477
56 94 294
94 56 294
56 67 549
67 56 549
56 82 391
82 56 391
56 83 992
83 56 992
56 95 6
95 56 6
56 82 760
82 56 760
56 62 252
62 56 252
56 83 815
83 56 815
57 83 989
83 57 989
57 94 999
94 57 999
57 86 544
86 57 544
58 66 91
66 58 91
58 66 395
66 58 395
58 82 766
82 58 766
58 65 514
65 58 514
58 69 842
69 58 842
59 68 607
68 59 607
59 66 825
66 59 825
59 69 16
69 59 16
59 83 364
83 59 364
60 91 774
91 60 774
60 66 744
66 60 744
61 81 426
81 61 426
61 85 519
85 61 519
61 62 472
62 61 472
61 90 109
90 61 109
62 66 690
66 62 690
62 91 410
91 62 410
62 70 110
70 62 110
62 89 87
89 62 87
62 65 406
65 62 406
62 77 451
77 62 451
62 72 159
72 62 159
63 73 247
73 63 247
63 76 638
76 63 638
63 69 489
69 63 489
63 89 42
89 63 42
63 75 454
75 63 454
64 74 977
74 64 977
64 86 494
86 64 494
64 82 906
82 64 906
64 84 996
84 64 996
64 85 520
85 64 520
64 79 169
79 64 169
65 83 218
83 65 218
65 89 228
89 65 228
65 91 479
91 65 479
65 75 537
75 65 537
65 78 755
78 65 755
65 66 477
66 65 477
65 94 849
94 65 849
65 83 480
83 65 480
66 78 819
78 66 819
66 86 590
86 66 590
66 70 236
70 66 236
66 89 728
89 66 728
67 68 938
68 67 938
67 79 527
79 67 527
67 80 209
80 67 209
67 78 424
78 67 424
68 84 823
84 68 823
68 75 157
75 68 157
68 86 515
86 68 515
68 77 160
77 68 160
68 69 107
69 68 107
68 89 503
89 68 503
68 92 45
92 68 45
69 81 237
81 69 237
69 84 75
84 69 75
69 93 551
93 69 551
69 90 446
90 69 446
70 78 905
78 70 905
70 87 610
87 70 610
70 73 742
73 70 742
70 86 251
86 70 251
70 73 514
73 70 514
70 90 523
90 70 523
71 94 985
94 71 985
71 81 82
81 71 82
71 78 29
78 71 29
71 91 773
91 71 773
72 88 401
88 72 401
72 95 31
95 72 31
72 94 288
94 72 288
73 78 400
78 73 400
73 93 828
93 73 828
73 81 236
81 73 236
74 79 75
79 74 75
74 82 464
82 74 464
74 82 709
82 74 709
74 87 602
87 74 602
74 88 769
88 74 769
74 92 99
92 74 99
75 92 56
92 75 56
75 83 612
83 75 612
75 90 131
90 75 131
75 77 340
77 75 340
75 91 988
91 75 988
76 86 936
86 76 936
76 77 945
77 76 945
76 88 822
88 76 822
76 95 64
95 76 64
76 95 88
95 76 88
76 90 595
90 76 595
76 76 404
76 76 404
77 91 960
91 77 960
77 87 210
87 77 210
77 92 975
92 77 975
78 83 494
83 78 494
79 82 563
82 79 563
79 82 275
82 79 275
79 92 414
92 79 414
80 91 663
91 80 663
80 93 258
93 80 258
80 84 298
84 80 298
80 82 679
82 80 679
82 91 8
91 82 8
82 85 133
85 82 133
82 86 889
86 82 889
83 93 429
93 83 429
83 91 795
91 83 795
83 92 274
92 83 274
83 95 723
95 83 723
83 85 721
85 83 721
83 92 821
92 83 821
84 95 773
95 84 773
86 90 167
90 86 167
86 88 660
88 86 660
87 89 1000
89 87 1000
87 87 983
87 87 983
87 88 922
88 87 922
87 93 116
93 87 116
87 88 796
88 87 796
88 92 58
92 88 58
89 92 782
92 89 782
90 95 433
95 90 433
91 95 387
95 91 387
92 95 82
95 92 82
