97

0 1 953
1 0 953
0 2 451
2 0 451
0 4 921
4 0 921
0 8 430
8 0 430
0 19 456
19 0 456
0 25 345
25 0 345
0 46 423
46 0 423
0 67 317
67 0 317
0 30 716
30 0 716
1 7 798
7 1 798
1 75 612
75 1 612
1 81 29
81 1 29
2 3 889
3 2 889
2 21 732
21 2 732
2 70 758
70 2 758
2 61 355
61 2 355
2 70 861
70 2 861
3 5 892
5 3 892
3 9 847
9 3 847
3 14 883
14 3 883
3 23 515
23 3 515
3 66 780
66 3 780
3 49 962
49 3 962
4 13 970
13 4 970
4 16 455
16 4 455
4 45 468
45 4 468
4 14 587
14 4 587
5 6 712
6 5 712
5 17 996
17 5 996
5 83 29
83 5 29
5 20 646
20 5 646
5 24 37
24 5 37
5 36 581
36 5 581
6 10 842
10 6 842
6 36 920
36 6 920
6 43 591
43 6 591
6 91 163
91 6 163
6 21 799
21 6 799
7 15 284
15 7 284
7 22 437
22 7 437
7 95 458
95 7 458
7 65 350
65 7 350
8 12 495
12 8 495
8 71 746
71 8 746
9 88 414
88 9 414
10 11 865
11 10 865
10 34 240
34 10 240
10 40 914
40 10 914
10 26 380
26 10 380
10 31 102
31 10 102
11 48 917
48 11 917
11 56 362
56 11 362
11 11 713
11 11 713
11 69 834
69 11 834
11 47 331
47 11 331
12 28 996
28 12 996
12 38 244
38 12 244
12 96 147
96 12 147
12 15 359
15 12 359
12 64 54
64 12 54
13 61 617
61 13 617
13 27 527
27 13 527
14 27 570
27 14 570
14 40 971
40 14 971
14 72 479
72 14 479
14 89 13
89 14 13
14 90 212
90 14 212
15 18 15
18 15 15
15 26 479
26 15 479
15 37 633
37 15 633
15 80 719
80 15 719
15 79 183
79 15 183
15 35 200
35 15 200
16 52 286
52 16 286
16 55 229
55 16 229
16 80 813
80 16 813
16 84 147
84 16 147
17 96 382
96 17 382
18 20 167
20 18 167
19 24 211
24 19 211
19 35 691
35 19 691
19 59 733
59 19 733
19 87 736
87 19 736
19 66 116
66 19 116
19 57 135
57 19 135
19 95 725
95 19 725
19 52 252
52 19 252
20 58 160
58 20 160
20 77 947
77 20 947
21 29 424
29 21 424
21 41 97
41 21 97
22 75 296
75 22 296
22 90 9
90 22 9
23 90 957
90 23 957
23 96 575
96 23 575
23 82 132
82 23 132
24 32 772
32 24 772
24 71 182
71 24 182
24 76 96
76 24 96
24 85 653
85 24 653
25 31 52
31 25 52
25 61 982
61 25 982
26 73 420
73 26 420
26 29 383
29 26 383
27 30 762
30 27 762
27 42 144
42 27 144
27 88 81
88 27 81
27 95 848
95 27 848
27 39 73
39 27 73
27 88 314
88 27 314
27 52 429
52 27 429
27 49 103
49 27 103
27 64 894
64 27 894
28 53 752
53 28 752
28 57 848
57 28 848
28 60 583
60 28 583
29 33 772
33 29 772
29 69 465
69 29 465
29 93 618
93 29 618
29 30 354
30 29 354
30 47 299
47 30 299
30 54 662
54 30 662
30 93 392
93 30 392
31 91 478
91 31 478
32 39 811
39 32 811
32 68 421
68 32 421
32 56 520
56 32 520
32 84 141
84 32 141
32 72 284
72 32 284
33 41 695
41 33 695
33 77 331
77 33 331
33 79 127
79 33 127
34 44 256
44 34 256
34 53 59
53 34 59
34 68 654
68 34 654
35 66 793
66 35 793
35 36 739
36 35 739
35 45 198
45 35 198
36 50 112
50 36 112
36 86 335
86 36 335
36 78 546
78 36 546
36 90 669
90 36 669
36 71 568
71 36 568
36 58 712
58 36 712
37 78 903
78 37 903
37 84 196
84 37 196
37 79 636
79 37 636
38 67 785
67 38 785
39 74 422
74 39 422
39 67 541
67 39 541
40 48 728
48 40 728
41 82 706
82 41 706
41 78 456
78 41 456
41 81 803
81 41 803
42 72 974
72 42 974
43 51 608
51 43 608
43 95 685
95 43 685
44 62 287
62 44 287
45 49 679
49 45 679
45 81 458
81 45 458
45 55 848
55 45 848
45 57 554
57 45 554
46 84 785
84 46 785
46 63 143
63 46 143
47 74 763
74 47 763
47 74 887
74 47 887
48 72 985
72 48 985
49 54 523
54 49 523
49 56 906
56 49 906
49 53 146
53 49 146
49 81 450
81 49 450
50 63 640
63 50 640
50 65 608
65 50 608
50 73 460
73 50 460
50 75 482
75 50 482
50 82 580
82 50 580
50 93 317
93 50 317
52 68 302
68 52 302
52 79 407
79 52 407
53 61 567
61 53 567
53 65 261
65 53 261
54 64 559
64 54 559
54 96 730
96 54 730
55 89 429
89 55 429
56 77 749
77 56 749
57 64 123
64 57 123
58 95 93
95 58 93
61 94 493
94 61 493
62 77 302
77 62 302
62 75 481
75 62 481
65 94 919
94 65 919
67 90 836
90 67 836
68 81 515
81 68 515
69 74 398
74 69 398
70 91 581
91 70 581
73 88 790
88 73 790
74 79 108
79 74 108
81 92 132
92 81 132
81 83 842
83 81 842
84 90 450
90 84 450
85 93 66
93 85 66
87 90 932
90 87 932
88 90 256
90 88 256
88 93 126
93 88 126
90 93 625
93 90 625
92 92 16
92 92 16
