50

0 1 946
1 0 946
0 17 805
17 0 805
0 30 491
30 0 491
0 45 845
45 0 845
0 16 51
16 0 51
0 46 730
46 0 730
0 5 57
5 0 57
0 18 825
18 0 825
0 33 284
33 0 284
0 49 153
49 0 153
1 2 379
2 1 379
1 4 520
4 1 520
1 5 961
5 1 961
1 11 129
11 1 129
1 22 736
22 1 736
1 11 365
11 1 365
1 8 281
8 1 281
1 8 316
8 1 316
2 3 738
3 2 738
2 18 254
18 2 254
2 39 318
39 2 318
2 11 277
11 2 277
3 7 273
7 3 273
3 8 349
8 3 349
3 41 612
41 3 612
3 34 654
34 3 654
4 6 490
6 4 490
5 13 891
13 5 891
5 14 740
14 5 740
5 23 842
23 5 842
5 42 628
42 5 628
6 16 527
16 6 527
6 36 545
36 6 545
6 26 141
26 6 141
7 9 250
9 7 250
7 21 829
21 7 829
7 34 728
34 7 728
8 35 919
35 8 919
8 44 398
44 8 398
8 17 344
17 8 344
9 10 701
10 9 701
9 39 809
39 9 809
9 33 847
33 9 847
9 38 221
38 9 221
10 24 963
24 10 963
10 18 711
18 10 711
10 34 721
34 10 721
11 12 545
12 11 545
11 21 411
21 11 411
11 26 180
26 11 180
12 34 585
34 12 585
12 37 819
37 12 819
12 16 731
16 12 731
13 15 738
15 13 738
13 48 860
48 13 860
13 14 318
14 13 318
15 19 527
19 15 527
15 16 678
16 15 678
16 20 776
20 16 776
16 25 670
25 16 670
16 26 722
26 16 722
16 37 632
37 16 632
16 24 797
24 16 797
16 48 474
48 16 474
17 46 518
46 17 518
18 27 744
27 18 744
19 33 588
33 19 588
19 22 471
22 19 471
19 41 431
41 19 431
20 32 457
32 20 457
20 20 438
20 20 438
21 46 172
46 21 172
21 38 278
38 21 278
22 23 428
23 22 428
22 31 79
31 22 79
22 45 964
45 22 964
22 44 330
44 22 330
22 23 362
23 22 362
22 37 166
37 22 166
22 38 248
38 22 248
23 39 672
39 23 672
23 35 607
35 23 607
25 29 771
29 25 771
25 38 996
38 25 996
25 35 227
35 25 227
26 40 976
40 26 976
26 43 423
43 26 423
26 47 772
47 26 772
26 46 988
46 26 988
26 44 121
44 26 121
27 28 978
28 27 978
27 46 668
46 27 668
27 47 303
47 27 303
27 37 423
37 27 423
27 42 672
42 27 672
28 41 346
41 28 346
28 31 54
31 28 54
30 42 695
42 30 695
31 42 521
42 31 521
32 49 68
49 32 68
33 43 878
43 33 878
33 43 874
43 33 874
33 43 389
43 33 389
34 42 688
42 34 688
35 43 519
43 35 519
36 49 123
49 36 123
36 40 87
40 36 87
36 46 757
46 36 757
37 49 379
49 37 379
37 47 775
47 37 775
38 40 975
40 38 975
45 48 273
48 45 273
