98

0 1 193
1 0 193
0 2 649
2 0 649
0 3 418
3 0 418
0 11 273
11 0 273
0 12 952
12 0 952
0 18 404
18 0 404
0 27 821
27 0 821
0 29 209
29 0 209
0 44 211
44 0 211
0 22 377
22 0 377
0 40 854
40 0 854
0 35 339
35 0 339
0 61 899
61 0 899
0 36 31
36 0 31
0 87 136
87 0 136
0 41 242
41 0 242
0 26 32
26 0 32
0 45 929
45 0 929
0 27 551
27 0 551
0 76 493
76 0 493
0 1 316
1 0 316
0 67 567
67 0 567
1 13 997
13 1 997
1 28 685
28 1 685
1 41 547
41 1 547
1 53 489
53 1 489
1 68 640
68 1 640
1 21 366
21 1 366
1 86 826
86 1 826
1 64 149
64 1 149
1 48 169
48 1 169
1 83 145
83 1 145
1 38 951
38 1 951
1 94 80
94 1 80
1 74 716
74 1 716
1 96 780
96 1 780
2 4 875
4 2 875
2 5 246
5 2 246
2 14 572
14 2 572
2 16 639
16 2 639
2 22 335
22 2 335
2 46 636
46 2 636
2 61 75
61 2 75
2 85 831
85 2 831
2 46 929
46 2 929
2 97 269
97 2 269
2 63 908
63 2 908
2 39 705
39 2 705
2 82 199
82 2 199
2 39 911
39 2 911
2 53 219
53 2 219
3 8 584
8 3 584
3 32 859
32 3 859
3 41 44
41 3 44
3 39 732
39 3 732
3 10 809
10 3 809
3 46 745
46 3 745
3 43 449
43 3 449
3 83 976
83 3 976
3 26 628
26 3 628
3 80 525
80 3 525
3 61 485
61 3 485
3 76 264
76 3 264
3 82 175
82 3 175
3 54 829
54 3 829
3 70 757
70 3 757
3 42 255
42 3 255
4 6 115
6 4 115
4 86 512
86 4 512
4 45 327
45 4 327
4 24 736
24 4 736
4 78 222
78 4 222
4 19 585
19 4 585
4 28 290
28 4 290
4 91 608
91 4 608
5 21 358
21 5 358
5 47 181
47 5 181
5 95 478
95 5 478
5 59 417
59 5 417
5 94 667
94 5 667
5 51 676
51 5 676
5 53 458
53 5 458
5 76 170
76 5 170
5 53 61
53 5 61
5 82 189
82 5 189
6 7 738
7 6 738
6 9 574
9 6 574
6 10 60
10 6 60
6 42 981
42 6 981
6 43 444
43 6 444
6 11 554
11 6 554
6 80 740
80 6 740
6 30 876
30 6 876
6 44 594
44 6 594
6 96 771
96 6 771
6 6 304
6 6 304
6 47 449
47 6 449
6 46 408
46 6 408
6 9 930
9 6 930
6 20 238
20 6 238
7 15 557
15 7 557
7 56 244
56 7 244
7 51 807
51 7 807
7 32 503
32 7 503
7 15 836
15 7 836
7 79 699
79 7 699
7 73 568
73 7 568
7 53 668
53 7 668
7 88 315
88 7 315
8 15 883
15 8 883
8 26 135
26 8 135
8 55 234
55 8 234
8 64 879
64 8 879
8 45 542
45 8 542
8 75 848
75 8 848
8 97 654
97 8 654
8 12 905
12 8 905
8 96 89
96 8 89
8 41 287
41 8 287
8 48 396
48 8 396
8 67 869
67 8 869
8 85 764
85 8 764
8 14 64
14 8 64
8 39 608
39 8 608
8 46 746
46 8 746
8 47 736
47 8 736
8 39 343
39 8 343
8 37 19
37 8 19
9 20 658
20 9 658
9 39 782
39 9 782
9 40 513
40 9 513
9 58 928
58 9 928
9 26 239
26 9 239
9 60 91
60 9 91
9 78 832
78 9 832
9 39 878
39 9 878
9 80 895
80 9 895
9 47 105
47 9 105
9 94 315
94 9 315
10 38 514
38 10 514
10 52 502
52 10 502
10 44 50
44 10 50
10 43 460
43 10 460
10 73 240
73 10 240
10 43 162
43 10 162
10 36 775
36 10 775
10 88 710
88 10 710
11 17 1
17 11 1
11 59 554
59 11 554
11 20 677
20 11 677
11 97 573
97 11 573
11 26 184
26 11 184
11 55 720
55 11 720
11 30 452
30 11 452
11 57 327
57 11 327
11 76 607
76 11 607
11 45 382
45 11 382
11 55 420
55 11 420
12 25 420
25 12 420
12 31 595
31 12 595
12 67 577
67 12 577
12 91 335
91 12 335
12 73 113
73 12 113
12 33 105
33 12 105
12 41 237
41 12 237
12 40 74
40 12 74
12 87 282
87 12 282
12 34 624
34 12 624
12 91 709
91 12 709
12 60 817
60 12 817
12 87 54
87 12 54
13 28 763
28 13 763
13 23 209
23 13 209
13 51 394
51 13 394
13 67 89
67 13 89
13 86 988
86 13 988
13 16 717
16 13 717
13 63 499
63 13 499
14 80 1
80 14 1
14 68 20
68 14 20
14 37 241
37 14 241
14 74 258
74 14 258
14 85 571
85 14 571
14 35 144
35 14 144
14 50 784
50 14 784
14 79 394
79 14 394
14 55 591
55 14 591
15 48 671
48 15 671
15 18 355
18 15 355
15 85 891
85 15 891
15 78 201
78 15 201
15 36 862
36 15 862
15 27 886
27 15 886
15 19 273
19 15 273
15 20 737
20 15 737
15 72 911
72 15 911
15 42 827
42 15 827
15 19 15
19 15 15
16 19 747
19 16 747
16 60 430
60 16 430
16 64 395
64 16 395
16 70 449
70 16 449
16 79 230
79 16 230
16 71 968
71 16 968
16 29 529
29 16 529
16 54 604
54 16 604
16 61 875
61 16 875
16 96 981
96 16 981
16 27 928
27 16 928
16 46 233
46 16 233
17 23 646
23 17 646
17 37 210
37 17 210
17 79 627
79 17 627
17 28 293
28 17 293
17 92 968
92 17 968
17 33 60
33 17 60
17 69 419
69 17 419
17 88 148
88 17 148
17 36 766
36 17 766
17 46 250
46 17 250
17 68 131
68 17 131
17 60 749
60 17 749
18 47 206
47 18 206
18 23 578
23 18 578
18 68 148
68 18 148
18 90 564
90 18 564
18 31 351
31 18 351
18 68 482
68 18 482
18 75 558
75 18 558
18 67 712
67 18 712
19 30 783
30 19 783
19 37 693
37 19 693
19 36 330
36 19 330
19 94 631
94 19 631
19 61 236
61 19 236
19 52 885
52 19 885
19 48 859
48 19 859
19 53 545
53 19 545
19 25 811
25 19 811
20 97 424
97 20 424
20 81 374
81 20 374
20 78 556
78 20 556
20 62 303
62 20 303
20 62 605
62 20 605
20 23 253
23 20 253
20 82 377
82 20 377
21 66 775
66 21 775
21 81 922
81 21 922
21 43 894
43 21 894
21 92 854
92 21 854
21 66 706
66 21 706
21 64 405
64 21 405
21 70 948
70 21 948
21 78 872
78 21 872
21 96 821
96 21 821
21 67 466
67 21 466
21 32 480
32 21 480
22 24 715
24 22 715
22 49 47
49 22 47
22 50 217
50 22 217
22 56 833
56 22 833
22 65 842
65 22 842
22 55 94
55 22 94
22 24 256
24 22 256
22 56 263
56 22 263
22 29 703
29 22 703
23 38 486
38 23 486
23 47 528
47 23 528
23 62 937
62 23 937
23 31 415
31 23 415
23 38 945
38 23 945
23 27 907
27 23 907
23 64 890
64 23 890
24 33 317
33 24 317
24 35 157
35 24 157
24 36 285
36 24 285
24 51 212
51 24 212
24 46 606
46 24 606
24 70 705
70 24 705
24 77 884
77 24 884
24 58 226
58 24 226
24 26 495
26 24 495
24 51 749
51 24 749
24 84 630
84 24 630
24 77 403
77 24 403
25 69 480
69 25 480
25 68 167
68 25 167
25 45 495
45 25 495
25 55 878
55 25 878
25 38 166
38 25 166
26 45 821
45 26 821
26 87 625
87 26 625
26 81 992
81 26 992
26 69 551
69 26 551
26 78 35
78 26 35
26 44 731
44 26 731
26 59 913
59 26 913
27 34 488
34 27 488
27 54 812
54 27 812
27 76 186
76 27 186
27 36 361
36 27 361
27 47 306
47 27 306
27 36 248
36 27 248
27 28 758
28 27 758
27 81 530
81 27 530
27 75 213
75 27 213
27 42 386
42 27 386
27 50 395
50 27 395
28 84 502
84 28 502
28 62 208
62 28 208
28 66 80
66 28 80
28 66 970
66 28 970
28 61 803
61 28 803
28 76 566
76 28 566
28 34 345
34 28 345
29 89 766
89 29 766
29 43 416
43 29 416
29 84 300
84 29 300
29 89 471
89 29 471
30 91 881
91 30 881
30 34 314
34 30 314
30 84 529
84 30 529
30 40 781
40 30 781
30 97 623
97 30 623
30 67 606
67 30 606
30 89 877
89 30 877
30 51 473
51 30 473
30 90 861
90 30 861
31 85 53
85 31 53
31 93 627
93 31 627
31 46 185
46 31 185
31 35 401
35 31 401
31 58 188
58 31 188
31 66 945
66 31 945
31 39 79
39 31 79
31 95 982
95 31 982
31 56 967
56 31 967
32 49 756
49 32 756
32 56 178
56 32 178
32 95 695
95 32 695
32 69 954
69 32 954
32 39 240
39 32 240
33 82 530
82 33 530
33 48 560
48 33 560
33 50 867
50 33 867
33 60 52
60 33 52
33 80 473
80 33 473
33 80 42
80 33 42
34 51 192
51 34 192
34 79 271
79 34 271
34 46 743
46 34 743
34 66 858
66 34 858
34 36 531
36 34 531
34 51 596
51 34 596
35 73 62
73 35 62
35 70 594
70 35 594
35 68 801
68 35 801
35 62 764
62 35 764
35 43 353
43 35 353
36 92 693
92 36 693
36 52 386
52 36 386
36 38 88
38 36 88
36 73 250
73 36 250
37 94 909
94 37 909
37 85 682
85 37 682
37 60 590
60 37 590
37 67 498
67 37 498
37 76 90
76 37 90
37 73 852
73 37 852
37 52 578
52 37 578
37 95 693
95 37 693
37 56 342
56 37 342
37 54 959
54 37 959
37 55 202
55 37 202
38 62 872
62 38 872
38 51 493
51 38 493
38 71 552
71 38 552
38 73 728
73 38 728
38 97 575
97 38 575
39 76 116
76 39 116
39 84 660
84 39 660
39 71 366
71 39 366
39 64 309
64 39 309
39 67 448
67 39 448
40 52 272
52 40 272
40 46 636
46 40 636
41 59 505
59 41 505
41 75 247
75 41 247
41 96 376
96 41 376
41 55 284
55 41 284
41 64 554
64 41 554
41 87 425
87 41 425
42 53 774
53 42 774
42 57 715
57 42 715
42 48 98
48 42 98
42 96 901
96 42 901
42 71 934
71 42 934
42 62 28
62 42 28
42 90 198
90 42 198
42 56 674
56 42 674
42 75 255
75 42 255
43 61 439
61 43 439
43 94 555
94 43 555
43 53 618
53 43 618
43 77 542
77 43 542
43 44 616
44 43 616
43 96 53
96 43 53
43 96 303
96 43 303
43 66 825
66 43 825
43 78 434
78 43 434
44 53 700
53 44 700
44 72 559
72 44 559
44 76 182
76 44 182
44 73 916
73 44 916
44 90 468
90 44 468
44 92 234
92 44 234
44 97 380
97 44 380
44 80 592
80 44 592
45 73 796
73 45 796
45 67 427
67 45 427
45 95 669
95 45 669
45 53 938
53 45 938
45 70 195
70 45 195
45 87 492
87 45 492
46 84 216
84 46 216
46 89 739
89 46 739
46 69 126
69 46 126
46 97 529
97 46 529
46 95 898
95 46 898
47 85 473
85 47 473
47 49 651
49 47 651
47 64 714
64 47 714
47 56 580
56 47 580
47 49 751
49 47 751
47 76 103
76 47 103
47 57 298
57 47 298
47 56 817
56 47 817
47 80 786
80 47 786
47 84 919
84 47 919
47 97 579
97 47 579
48 59 409
59 48 409
48 71 667
71 48 667
48 77 120
77 48 120
48 78 170
78 48 170
48 80 576
80 48 576
48 79 856
79 48 856
48 66 396
66 48 396
48 93 629
93 48 629
49 62 12
62 49 12
49 59 135
59 49 135
49 65 625
65 49 625
49 72 974
72 49 974
49 86 566
86 49 566
50 68 74
68 50 74
50 83 239
83 50 239
50 51 652
51 50 652
50 70 754
70 50 754
50 92 225
92 50 225
50 78 972
78 50 972
51 87 1
87 51 1
51 54 428
54 51 428
52 69 611
69 52 611
52 76 401
76 52 401
52 61 470
61 52 470
52 82 905
82 52 905
52 97 382
97 52 382
53 57 702
57 53 702
53 70 257
70 53 257
53 72 430
72 53 430
53 86 255
86 53 255
54 86 90
86 54 90
54 97 482
97 54 482
54 93 521
93 54 521
54 57 358
57 54 358
55 64 764
64 55 764
55 57 551
57 55 551
55 55 122
55 55 122
56 88 606
88 56 606
56 60 528
60 56 528
56 85 165
85 56 165
56 97 138
97 56 138
56 78 316
78 56 316
57 82 818
82 57 818
57 96 375
96 57 375
58 73 824
73 58 824
58 86 299
86 58 299
58 81 761
81 58 761
58 81 154
81 58 154
58 88 863
88 58 863
59 97 743
97 59 743
60 63 116
63 60 116
60 72 237
72 60 237
60 97 864
97 60 864
60 77 125
77 60 125
60 70 344
70 60 344
60 72 419
72 60 419
60 67 413
67 60 413
60 89 269
89 60 269
60 95 908
95 60 908
60 85 878
85 60 878
61 89 974
89 61 974
61 86 484
86 61 484
62 72 50
72 62 50
63 77 499
77 63 499
63 97 704
97 63 704
63 69 422
69 63 422
63 83 696
83 63 696
63 66 207
66 63 207
64 68 241
68 64 241
64 80 233
80 64 233
64 93 57
93 64 57
65 81 694
81 65 694
65 65 837
65 65 837
65 83 170
83 65 170
65 74 109
74 65 109
67 74 241
74 67 241
67 80 876
80 67 876
67 92 275
92 67 275
67 92 121
92 67 121
67 77 900
77 67 900
67 84 260
84 67 260
67 82 297
82 67 297
67 69 297
69 67 297
68 70 376
70 68 376
68 86 225
86 68 225
68 85 559
85 68 559
68 87 817
87 68 817
69 85 150
85 69 150
69 79 136
79 69 136
69 78 984
78 69 984
69 96 29
96 69 29
69 83 154
83 69 154
70 87 405
87 70 405
71 75 11
75 71 11
71 75 986
75 71 986
71 76 905
76 71 905
71 95 965
95 71 965
71 96 129
96 71 129
72 89 208
89 72 208
72 83 769
83 72 769
72 95 165
95 72 165
73 97 202
97 73 202
73 77 228
77 73 228
74 76 135
76 74 135
74 96 560
96 74 560
74 89 628
89 74 628
74 83 74
83 74 74
74 96 772
96 74 772
75 90 819
90 75 819
75 84 192
84 75 192
76 91 803
91 76 803
76 89 951
89 76 951
76 83 241
83 76 241
77 89 490
89 77 490
77 95 86
95 77 86
78 96 958
96 78 958
79 96 417
96 79 417
79 81 114
81 79 114
79 93 279
93 79 279
79 84 857
84 79 857
80 94 928
94 80 928
80 81 115
81 80 115
82 96 521
96 82 521
83 93 803
93 83 803
83 84 704
84 83 704
84 93 460
93 84 460
85 85 671
85 85 671
85 96 181
96 85 181
86 90 7
90 86 7
86 88 497
88 86 497
87 90 535
90 87 535
87 88 896
88 87 896
87 96 798
96 87 798
87 93 752
93 87 752
87 93 209
93 87 209
89 89 79
89 89 79
91 93 981
93 91 981
91 91 636
91 91 636
92 95 832
95 92 832
93 94 565
94 93 565
