18

0 1 967
1 0 967
0 2 714
2 0 714
0 7 105
7 0 105
0 9 927
9 0 927
0 12 784
12 0 784
0 5 23
5 0 23
1 8 517
8 1 517
2 3 745
3 2 745
2 5 494
5 2 494
2 10 493
10 2 493
2 11 513
11 2 513
2 13 434
13 2 434
2 4 993
4 2 993
2 12 529
12 2 529
3 4 943
4 3 943
3 8 799
8 3 799
3 15 36
15 3 36
4 16 313
16 4 313
4 12 355
12 4 355
5 6 302
6 5 302
5 12 130
12 5 130
6 14 260
14 6 260
6 13 962
13 6 962
7 11 827
11 7 827
7 14 823
14 7 823
9 10 884
10 9 884
9 14 686
14 9 686
10 10 748
10 10 748
10 11 923
11 10 923
11 12 863
12 11 863
12 14 288
14 12 288
13 14 952
14 13 952
13 17 746
17 13 746
15 17 356
17 15 356
