85

0 1 542
1 0 542
0 4 335
4 0 335
0 12 248
12 0 248
0 54 464
54 0 464
0 72 610
72 0 610
0 67 991
67 0 991
0 55 469
55 0 469
0 9 110
9 0 110
1 2 218
2 1 218
1 10 323
10 1 323
1 37 154
37 1 154
1 26 487
26 1 487
2 3 983
3 2 983
2 25 377
25 2 377
2 35 767
35 2 767
2 45 931
45 2 931
2 25 459
25 2 459
2 34 961
34 2 961
2 84 108
84 2 108
2 19 167
19 2 167
2 73 527
73 2 527
2 54 4
54 2 4
2 47 580
47 2 580
3 5 589
5 3 589
3 19 119
19 3 119
3 27 978
27 3 978
3 44 313
44 3 313
3 52 109
52 3 109
3 14 373
14 3 373
3 43 202
43 3 202
3 51 637
51 3 637
3 75 598
75 3 598
3 59 522
59 3 522
3 54 175
54 3 175
4 6 675
6 4 675
4 18 770
18 4 770
4 67 161
67 4 161
4 17 178
17 4 178
4 51 907
51 4 907
4 22 122
22 4 122
4 45 153
45 4 153
5 7 435
7 5 435
5 15 150
15 5 150
5 23 884
23 5 884
5 26 132
26 5 132
5 51 172
51 5 172
5 70 364
70 5 364
5 84 867
84 5 867
5 20 164
20 5 164
5 21 5
21 5 5
5 6 613
6 5 613
5 72 409
72 5 409
5 8 304
8 5 304
6 9 949
9 6 949
6 11 314
11 6 314
6 21 4
21 6 4
6 22 501
22 6 501
6 32 960
32 6 960
6 78 101
78 6 101
6 70 438
70 6 438
6 77 578
77 6 578
6 17 942
17 6 942
6 22 870
22 6 870
6 84 837
84 6 837
7 8 4
8 7 4
7 17 896
17 7 896
7 40 560
40 7 560
7 54 842
54 7 842
8 13 295
13 8 295
8 14 921
14 8 921
8 30 457
30 8 457
8 14 23
14 8 23
8 33 711
33 8 711
9 28 629
28 9 629
9 36 2
36 9 2
9 23 339
23 9 339
9 67 241
67 9 241
9 47 445
47 9 445
9 80 64
80 9 64
9 45 812
45 9 812
9 44 805
44 9 805
9 67 37
67 9 37
9 73 977
73 9 977
10 39 288
39 10 288
10 77 616
77 10 616
10 26 853
26 10 853
10 20 673
20 10 673
10 79 644
79 10 644
10 77 591
77 10 591
11 34 117
34 11 117
11 18 918
18 11 918
11 27 246
27 11 246
11 63 728
63 11 728
11 37 301
37 11 301
12 16 668
16 12 668
12 20 913
20 12 913
12 53 255
53 12 255
12 68 155
68 12 155
12 42 245
42 12 245
12 30 611
30 12 611
12 22 975
22 12 975
12 69 407
69 12 407
12 32 487
32 12 487
13 43 782
43 13 782
13 65 648
65 13 648
13 18 518
18 13 518
13 67 752
67 13 752
13 35 28
35 13 28
14 68 986
68 14 986
14 68 343
68 14 343
14 47 542
47 14 542
14 68 471
68 14 471
15 55 714
55 15 714
15 65 618
65 15 618
15 66 356
66 15 356
15 31 226
31 15 226
15 22 418
22 15 418
15 21 718
21 15 718
15 65 340
65 15 340
16 29 500
29 16 500
16 39 687
39 16 687
16 80 403
80 16 403
16 53 343
53 16 343
16 32 647
32 16 647
16 79 663
79 16 663
16 77 793
77 16 793
16 21 489
21 16 489
16 83 470
83 16 470
16 38 734
38 16 734
16 58 551
58 16 551
17 33 60
33 17 60
17 48 996
48 17 996
17 21 942
21 17 942
17 31 489
31 17 489
17 84 437
84 17 437
18 30 860
30 18 860
18 84 223
84 18 223
18 75 392
75 18 392
18 45 764
45 18 764
19 38 851
38 19 851
19 21 413
21 19 413
19 31 528
31 19 528
19 67 696
67 19 696
19 63 284
63 19 284
19 62 370
62 19 370
19 81 472
81 19 472
20 31 30
31 20 30
20 57 775
57 20 775
20 35 684
35 20 684
20 75 240
75 20 240
21 27 427
27 21 427
21 26 466
26 21 466
21 71 323
71 21 323
21 79 839
79 21 839
21 47 52
47 21 52
22 63 813
63 22 813
22 41 484
41 22 484
22 56 25
56 22 25
22 67 887
67 22 887
22 47 273
47 22 273
22 30 610
30 22 610
23 24 254
24 23 254
23 49 857
49 23 857
23 74 649
74 23 649
24 33 505
33 24 505
25 62 873
62 25 873
25 34 904
34 25 904
25 32 988
32 25 988
25 35 683
35 25 683
25 76 301
76 25 301
25 25 174
25 25 174
26 82 390
82 26 390
26 51 200
51 26 200
26 33 679
33 26 679
26 49 248
49 26 248
27 69 947
69 27 947
27 84 112
84 27 112
27 52 212
52 27 212
27 81 835
81 27 835
27 84 675
84 27 675
27 41 369
41 27 369
28 31 850
31 28 850
28 79 146
79 28 146
28 84 859
84 28 859
28 38 800
38 28 800
28 50 279
50 28 279
28 36 794
36 28 794
28 83 341
83 28 341
28 54 810
54 28 810
29 41 301
41 29 301
29 48 213
48 29 213
29 53 610
53 29 610
29 53 582
53 29 582
29 53 300
53 29 300
29 31 249
31 29 249
29 51 318
51 29 318
29 81 804
81 29 804
29 79 705
79 29 705
29 74 248
74 29 248
30 50 666
50 30 666
30 59 301
59 30 301
30 32 630
32 30 630
30 77 422
77 30 422
30 47 780
47 30 780
30 33 983
33 30 983
31 73 353
73 31 353
31 75 269
75 31 269
31 45 561
45 31 561
32 46 596
46 32 596
32 83 709
83 32 709
32 51 375
51 32 375
32 64 728
64 32 728
32 67 566
67 32 566
32 34 667
34 32 667
33 47 868
47 33 868
33 41 772
41 33 772
33 46 942
46 33 942
33 54 591
54 33 591
33 84 725
84 33 725
33 74 669
74 33 669
33 40 798
40 33 798
33 43 756
43 33 756
33 42 574
42 33 574
33 40 228
40 33 228
33 83 336
83 33 336
34 34 796
34 34 796
34 53 853
53 34 853
35 42 236
42 35 236
35 51 564
51 35 564
35 43 427
43 35 427
35 42 19
42 35 19
35 56 498
56 35 498
35 56 985
56 35 985
36 40 229
40 36 229
36 54 801
54 36 801
36 81 757
81 36 757
36 55 634
55 36 634
36 68 713
68 36 713
36 84 485
84 36 485
37 48 91
48 37 91
37 76 359
76 37 359
37 65 183
65 37 183
37 83 654
83 37 654
38 56 971
56 38 971
38 78 363
78 38 363
38 45 533
45 38 533
38 74 942
74 38 942
38 79 779
79 38 779
38 63 503
63 38 503
38 63 983
63 38 983
38 58 100
58 38 100
38 82 183
82 38 183
38 50 346
50 38 346
39 45 494
45 39 494
39 69 772
69 39 772
39 61 148
61 39 148
39 39 908
39 39 908
39 73 405
73 39 405
40 76 73
76 40 73
40 75 94
75 40 94
40 41 811
41 40 811
40 42 775
42 40 775
41 64 960
64 41 960
41 59 375
59 41 375
41 57 417
57 41 417
41 76 140
76 41 140
41 61 284
61 41 284
41 64 908
64 41 908
42 84 506
84 42 506
42 64 889
64 42 889
42 73 826
73 42 826
42 79 246
79 42 246
42 65 391
65 42 391
42 64 321
64 42 321
42 69 795
69 42 795
42 76 230
76 42 230
43 49 102
49 43 102
43 73 685
73 43 685
43 52 39
52 43 39
44 67 255
67 44 255
44 80 85
80 44 85
45 73 778
73 45 778
45 65 448
65 45 448
45 48 882
48 45 882
45 47 980
47 45 980
45 53 104
53 45 104
46 76 850
76 46 850
46 61 369
61 46 369
46 49 437
49 46 437
47 75 558
75 47 558
47 78 471
78 47 471
47 72 706
72 47 706
48 71 746
71 48 746
48 74 636
74 48 636
48 75 286
75 48 286
48 66 539
66 48 539
48 49 182
49 48 182
48 60 945
60 48 945
48 81 893
81 48 893
48 72 524
72 48 524
50 83 471
83 50 471
50 51 995
51 50 995
50 62 774
62 50 774
50 54 594
54 50 594
50 62 946
62 50 946
51 78 160
78 51 160
51 62 822
62 51 822
51 51 299
51 51 299
51 76 584
76 51 584
52 69 938
69 52 938
53 58 156
58 53 156
53 60 915
60 53 915
54 61 541
61 54 541
54 78 282
78 54 282
54 70 717
70 54 717
55 81 131
81 55 131
56 60 67
60 56 67
56 62 651
62 56 651
56 76 355
76 56 355
56 80 380
80 56 380
56 78 571
78 56 571
57 58 318
58 57 318
57 67 784
67 57 784
58 82 813
82 58 813
59 78 188
78 59 188
60 69 506
69 60 506
61 76 324
76 61 324
61 81 489
81 61 489
61 64 488
64 61 488
62 63 488
63 62 488
62 70 57
70 62 57
63 78 163
78 63 163
63 68 876
68 63 876
64 81 766
81 64 766
64 84 773
84 64 773
64 79 205
79 64 205
64 72 898
72 64 898
67 72 526
72 67 526
67 79 41
79 67 41
68 76 788
76 68 788
68 70 985
70 68 985
69 76 895
76 69 895
69 77 614
77 69 614
69 80 588
80 69 588
70 75 579
75 70 579
70 73 236
73 70 236
71 80 180
80 71 180
71 80 169
80 71 169
71 77 764
77 71 764
72 77 60
77 72 60
72 74 86
74 72 86
72 74 503
74 72 503
73 74 377
74 73 377
76 79 552
79 76 552
78 81 859
81 78 859
81 83 514
83 81 514
