86

0 1 18
1 0 18
0 2 789
2 0 789
0 5 836
5 0 836
0 9 970
9 0 970
0 53 63
53 0 63
0 62 628
62 0 628
0 17 894
17 0 894
0 50 585
50 0 585
0 66 802
66 0 802
0 40 780
40 0 780
0 39 270
39 0 270
0 33 279
33 0 279
1 18 370
18 1 370
1 44 787
44 1 787
1 71 316
71 1 316
1 53 348
53 1 348
1 20 459
20 1 459
1 10 792
10 1 792
1 65 391
65 1 391
1 38 979
38 1 979
1 85 471
85 1 471
1 32 806
32 1 806
1 66 260
66 1 260
2 3 865
3 2 865
2 11 304
11 2 304
2 16 976
16 2 976
2 16 899
16 2 899
2 78 630
78 2 630
2 14 33
14 2 33
2 6 283
6 2 283
2 65 78
65 2 78
2 56 534
56 2 534
2 79 645
79 2 645
3 4 634
4 3 634
3 7 922
7 3 922
3 13 251
13 3 251
3 26 499
26 3 499
3 24 911
24 3 911
3 36 441
36 3 441
3 84 594
84 3 594
3 15 813
15 3 813
3 21 538
21 3 538
3 37 170
37 3 170
3 46 235
46 3 235
3 71 895
71 3 895
3 35 487
35 3 487
3 27 833
27 3 833
4 6 243
6 4 243
4 78 6
78 4 6
4 80 764
80 4 764
4 69 395
69 4 395
4 82 158
82 4 158
5 75 646
75 5 646
5 27 801
27 5 801
5 40 488
40 5 488
6 41 136
41 6 136
6 74 507
74 6 507
6 22 3
22 6 3
6 82 811
82 6 811
6 68 114
68 6 114
6 27 397
27 6 397
6 40 908
40 6 908
6 63 598
63 6 598
6 16 379
16 6 379
7 8 183
8 7 183
7 12 74
12 7 74
7 14 297
14 7 297
7 17 90
17 7 90
7 20 481
20 7 481
7 48 703
48 7 703
7 24 813
24 7 813
7 73 436
73 7 436
7 78 383
78 7 383
7 43 622
43 7 622
7 22 939
22 7 939
7 43 994
43 7 994
7 9 122
9 7 122
7 70 485
70 7 485
8 10 139
10 8 139
8 15 41
15 8 41
8 42 912
42 8 912
8 61 338
61 8 338
8 46 376
46 8 376
8 64 588
64 8 588
8 57 673
57 8 673
8 42 431
42 8 431
8 46 721
46 8 721
8 56 264
56 8 264
9 31 402
31 9 402
9 65 908
65 9 908
9 39 804
39 9 804
9 33 197
33 9 197
9 47 289
47 9 289
9 69 959
69 9 959
9 24 814
24 9 814
10 37 595
37 10 595
10 19 700
19 10 700
10 71 939
71 10 939
10 13 166
13 10 166
10 42 676
42 10 676
10 38 344
38 10 344
10 29 485
29 10 485
10 14 591
14 10 591
10 26 313
26 10 313
11 38 151
38 11 151
11 34 801
34 11 801
11 42 756
42 11 756
11 21 769
21 11 769
11 69 636
69 11 636
11 70 602
70 11 602
11 69 833
69 11 833
11 47 766
47 11 766
11 60 925
60 11 925
11 66 719
66 11 719
11 40 743
40 11 743
11 13 519
13 11 519
11 77 650
77 11 650
11 59 737
59 11 737
11 55 622
55 11 622
12 38 42
38 12 42
12 46 787
46 12 787
12 42 344
42 12 344
12 82 494
82 12 494
12 65 361
65 12 361
13 73 333
73 13 333
13 23 506
23 13 506
13 32 22
32 13 22
13 25 787
25 13 787
13 21 565
21 13 565
14 27 912
27 14 912
14 31 484
31 14 484
14 26 782
26 14 782
14 22 723
22 14 723
14 45 722
45 14 722
14 66 422
66 14 422
14 28 792
28 14 792
14 47 649
47 14 649
14 62 826
62 14 826
14 63 8
63 14 8
14 48 488
48 14 488
15 19 222
19 15 222
15 32 91
32 15 91
15 71 909
71 15 909
15 21 500
21 15 500
16 25 59
25 16 59
16 47 440
47 16 440
16 49 491
49 16 491
16 76 644
76 16 644
16 81 998
81 16 998
16 35 44
35 16 44
16 43 719
43 16 719
17 40 762
40 17 762
17 38 990
38 17 990
17 75 335
75 17 335
17 64 80
64 17 80
17 66 221
66 17 221
17 77 644
77 17 644
17 57 784
57 17 784
17 21 992
21 17 992
18 22 37
22 18 37
18 50 761
50 18 761
18 57 217
57 18 217
18 66 601
66 18 601
18 57 721
57 18 721
19 43 61
43 19 61
19 42 270
42 19 270
19 60 198
60 19 198
19 68 379
68 19 379
20 21 839
21 20 839
20 23 685
23 20 685
20 67 867
67 20 867
20 69 539
69 20 539
20 77 584
77 20 584
20 77 775
77 20 775
20 69 884
69 20 884
20 68 668
68 20 668
21 24 821
24 21 821
21 30 85
30 21 85
21 52 358
52 21 358
21 84 146
84 21 146
21 84 386
84 21 386
21 43 563
43 21 563
21 41 1000
41 21 1000
21 61 890
61 21 890
21 68 85
68 21 85
21 36 655
36 21 655
22 45 987
45 22 987
22 74 33
74 22 33
22 31 930
31 22 930
22 43 271
43 22 271
22 38 427
38 22 427
22 49 842
49 22 842
22 69 721
69 22 721
23 66 854
66 23 854
23 38 432
38 23 432
23 82 715
82 23 715
24 55 121
55 24 121
24 47 48
47 24 48
24 44 120
44 24 120
24 39 923
39 24 923
24 26 515
26 24 515
25 32 90
32 25 90
25 39 787
39 25 787
25 64 250
64 25 250
25 38 159
38 25 159
25 39 320
39 25 320
25 46 111
46 25 111
25 56 633
56 25 633
26 33 272
33 26 272
26 53 426
53 26 426
26 61 420
61 26 420
26 75 61
75 26 61
26 43 718
43 26 718
27 28 115
28 27 115
27 62 86
62 27 86
27 46 594
46 27 594
27 63 619
63 27 619
27 47 720
47 27 720
27 50 167
50 27 167
27 84 771
84 27 771
27 36 588
36 27 588
28 29 353
29 28 353
28 43 620
43 28 620
28 38 522
38 28 522
28 51 596
51 28 596
28 83 814
83 28 814
28 33 420
33 28 420
29 36 814
36 29 814
29 59 926
59 29 926
29 74 159
74 29 159
29 64 858
64 29 858
29 38 254
38 29 254
31 35 359
35 31 359
31 39 432
39 31 432
31 70 513
70 31 513
31 46 173
46 31 173
31 85 444
85 31 444
32 36 724
36 32 724
32 80 673
80 32 673
33 34 688
34 33 688
33 50 319
50 33 319
33 77 139
77 33 139
34 70 388
70 34 388
34 64 268
64 34 268
34 50 453
50 34 453
34 79 383
79 34 383
34 56 883
56 34 883
36 54 54
54 36 54
36 69 421
69 36 421
36 83 865
83 36 865
36 79 56
79 36 56
36 83 936
83 36 936
37 79 401
79 37 401
37 52 282
52 37 282
37 78 993
78 37 993
37 79 90
79 37 90
37 50 534
50 37 534
37 77 486
77 37 486
37 62 140
62 37 140
37 51 472
51 37 472
38 40 217
40 38 217
38 55 219
55 38 219
38 73 840
73 38 840
38 62 567
62 38 567
38 76 558
76 38 558
39 62 813
62 39 813
39 41 167
41 39 167
39 65 670
65 39 670
39 65 698
65 39 698
40 44 155
44 40 155
40 77 265
77 40 265
40 54 224
54 40 224
40 67 539
67 40 539
40 56 652
56 40 652
40 44 689
44 40 689
40 50 898
50 40 898
40 81 678
81 40 678
40 52 76
52 40 76
41 77 530
77 41 530
43 85 405
85 43 405
43 47 540
47 43 540
43 57 680
57 43 680
43 82 579
82 43 579
44 67 386
67 44 386
44 57 988
57 44 988
44 61 975
61 44 975
44 63 735
63 44 735
45 46 202
46 45 202
45 64 36
64 45 36
46 51 562
51 46 562
46 58 13
58 46 13
46 81 538
81 46 538
46 61 409
61 46 409
46 85 35
85 46 35
46 58 384
58 46 384
47 50 279
50 47 279
47 55 671
55 47 671
48 76 301
76 48 301
48 60 99
60 48 99
48 83 322
83 48 322
48 52 646
52 48 646
48 61 709
61 48 709
48 62 504
62 48 504
48 68 343
68 48 343
48 61 611
61 48 611
49 56 404
56 49 404
49 63 344
63 49 344
49 49 462
49 49 462
50 60 49
60 50 49
50 68 403
68 50 403
50 83 828
83 50 828
50 56 258
56 50 258
50 66 257
66 50 257
50 85 544
85 50 544
51 54 976
54 51 976
51 61 867
61 51 867
51 65 752
65 51 752
51 70 680
70 51 680
53 59 425
59 53 425
53 75 580
75 53 580
53 78 339
78 53 339
54 58 192
58 54 192
55 74 938
74 55 938
55 60 977
60 55 977
55 83 767
83 55 767
55 62 581
62 55 581
56 63 889
63 56 889
56 63 220
63 56 220
56 69 744
69 56 744
56 67 879
67 56 879
57 67 790
67 57 790
57 57 554
57 57 554
57 66 434
66 57 434
57 64 294
64 57 294
57 82 69
82 57 69
58 85 436
85 58 436
58 78 302
78 58 302
58 59 511
59 58 511
58 60 532
60 58 532
59 64 533
64 59 533
60 78 951
78 60 951
61 84 529
84 61 529
62 78 940
78 62 940
63 64 321
64 63 321
63 65 144
65 63 144
63 70 181
70 63 181
65 81 761
81 65 761
65 85 714
85 65 714
66 81 993
81 66 993
67 72 114
72 67 114
67 67 436
67 67 436
67 81 960
81 67 960
67 73 643
73 67 643
71 82 864
82 71 864
71 83 32
83 71 32
72 83 544
83 72 544
72 79 362
79 72 362
72 83 767
83 72 767
73 79 950
79 73 950
74 77 89
77 74 89
78 79 95
79 78 95
79 83 495
83 79 495
81 84 899
84 81 899
