72

0 1 792
1 0 792
0 3 469
3 0 469
0 21 198
21 0 198
0 66 480
66 0 480
0 67 547
67 0 547
0 1 81
1 0 81
0 45 112
45 0 112
0 24 291
24 0 291
0 7 740
7 0 740
0 26 273
26 0 273
0 9 351
9 0 351
0 0 470
0 0 470
0 20 100
20 0 100
0 4 149
4 0 149
0 32 262
32 0 262
0 18 243
18 0 243
1 2 610
2 1 610
1 4 654
4 1 654
1 6 996
6 1 996
1 10 382
10 1 382
1 15 778
15 1 778
1 58 590
58 1 590
1 44 423
44 1 423
1 17 859
17 1 859
1 67 477
67 1 477
1 46 512
46 1 512
1 67 761
67 1 761
2 18 644
18 2 644
2 25 21
25 2 21
2 41 704
41 2 704
2 43 689
43 2 689
2 38 848
38 2 848
2 16 516
16 2 516
2 46 670
46 2 670
2 29 626
29 2 626
2 51 594
51 2 594
2 50 497
50 2 497
2 19 736
19 2 736
2 8 780
8 2 780
2 64 464
64 2 464
2 54 531
54 2 531
3 5 655
5 3 655
3 7 536
7 3 536
3 12 299
12 3 299
3 27 904
27 3 904
3 36 292
36 3 292
3 60 981
60 3 981
3 55 589
55 3 589
3 64 633
64 3 633
3 24 660
24 3 660
3 13 479
13 3 479
3 34 598
34 3 598
3 55 140
55 3 140
3 56 498
56 3 498
4 8 221
8 4 221
4 31 751
31 4 751
4 51 825
51 4 825
4 68 387
68 4 387
4 8 984
8 4 984
4 47 116
47 4 116
4 14 877
14 4 877
4 41 262
41 4 262
4 28 867
28 4 867
4 52 421
52 4 421
5 16 687
16 5 687
5 30 327
30 5 327
5 47 916
47 5 916
5 25 289
25 5 289
5 7 466
7 5 466
5 65 101
65 5 101
5 40 221
40 5 221
5 65 984
65 5 984
5 61 358
61 5 358
5 62 797
62 5 797
5 37 383
37 5 383
5 21 642
21 5 642
5 44 538
44 5 538
6 9 850
9 6 850
6 22 626
22 6 626
6 23 320
23 6 320
6 67 341
67 6 341
6 42 185
42 6 185
6 24 312
24 6 312
6 66 391
66 6 391
6 33 471
33 6 471
6 61 414
61 6 414
6 41 93
41 6 93
6 12 338
12 6 338
6 69 787
69 6 787
6 49 966
49 6 966
7 46 294
46 7 294
7 44 147
44 7 147
7 40 795
40 7 795
7 19 863
19 7 863
7 20 89
20 7 89
7 43 145
43 7 145
7 54 197
54 7 197
7 60 116
60 7 116
8 14 474
14 8 474
8 49 920
49 8 920
8 46 159
46 8 159
8 19 508
19 8 508
8 69 93
69 8 93
8 54 541
54 8 541
8 59 364
59 8 364
9 11 739
11 9 739
9 17 287
17 9 287
9 19 807
19 9 807
9 60 228
60 9 228
9 59 836
59 9 836
9 22 206
22 9 206
9 54 655
54 9 655
9 31 654
31 9 654
9 53 73
53 9 73
10 22 840
22 10 840
10 39 90
39 10 90
10 58 187
58 10 187
10 44 841
44 10 841
10 23 275
23 10 275
10 49 294
49 10 294
10 22 192
22 10 192
11 13 167
13 11 167
11 20 942
20 11 942
11 35 309
35 11 309
11 62 767
62 11 767
11 26 332
26 11 332
11 17 294
17 11 294
11 50 123
50 11 123
11 60 486
60 11 486
12 32 110
32 12 110
12 39 366
39 12 366
12 45 956
45 12 956
12 70 549
70 12 549
12 13 252
13 12 252
12 39 54
39 12 54
12 56 326
56 12 326
12 22 87
22 12 87
12 68 92
68 12 92
12 49 812
49 12 812
13 28 271
28 13 271
13 37 198
37 13 198
13 42 284
42 13 284
13 32 921
32 13 921
13 14 39
14 13 39
13 16 437
16 13 437
13 41 945
41 13 945
13 27 599
27 13 599
14 59 462
59 14 462
14 47 424
47 14 424
14 61 141
61 14 141
14 38 541
38 14 541
14 33 225
33 14 225
14 52 116
52 14 116
15 57 69
57 15 69
15 37 309
37 15 309
15 55 543
55 15 543
15 55 971
55 15 971
15 40 437
40 15 437
15 18 272
18 15 272
16 19 584
19 16 584
16 44 125
44 16 125
16 30 754
30 16 754
16 26 943
26 16 943
16 29 902
29 16 902
16 59 415
59 16 415
17 35 235
35 17 235
17 22 330
22 17 330
17 50 422
50 17 422
17 54 281
54 17 281
17 33 604
33 17 604
17 65 976
65 17 976
18 38 907
38 18 907
18 54 990
54 18 990
18 62 744
62 18 744
18 20 166
20 18 166
18 36 725
36 18 725
18 37 412
37 18 412
18 69 112
69 18 112
19 26 130
26 19 130
19 52 197
52 19 197
19 22 68
22 19 68
19 30 171
30 19 171
19 40 821
40 19 821
19 28 635
28 19 635
19 46 299
46 19 299
19 48 409
48 19 409
20 24 707
24 20 707
20 33 827
33 20 827
20 48 387
48 20 387
20 53 168
53 20 168
20 71 643
71 20 643
20 27 186
27 20 186
20 27 326
27 20 326
20 20 230
20 20 230
20 71 194
71 20 194
20 27 331
27 20 331
20 60 664
60 20 664
20 53 738
53 20 738
21 63 19
63 21 19
22 29 216
29 22 216
22 55 923
55 22 923
22 58 939
58 22 939
22 61 675
61 22 675
22 41 986
41 22 986
22 68 711
68 22 711
22 28 154
28 22 154
22 29 13
29 22 13
22 49 889
49 22 889
22 23 375
23 22 375
22 48 167
48 22 167
23 40 825
40 23 825
23 71 246
71 23 246
23 69 401
69 23 401
23 39 404
39 23 404
23 36 770
36 23 770
23 24 799
24 23 799
23 49 822
49 23 822
23 55 300
55 23 300
24 50 546
50 24 546
24 56 990
56 24 990
24 57 143
57 24 143
24 54 263
54 24 263
24 55 768
55 24 768
24 45 975
45 24 975
24 26 890
26 24 890
24 70 372
70 24 372
25 49 904
49 25 904
25 71 141
71 25 141
26 62 194
62 26 194
26 57 237
57 26 237
26 31 841
31 26 841
26 64 411
64 26 411
26 46 790
46 26 790
27 34 474
34 27 474
27 35 52
35 27 52
27 39 773
39 27 773
27 47 886
47 27 886
27 34 345
34 27 345
28 65 229
65 28 229
28 64 604
64 28 604
28 70 214
70 28 214
28 34 97
34 28 97
28 39 339
39 28 339
28 33 412
33 28 412
28 45 845
45 28 845
28 69 859
69 28 859
28 36 819
36 28 819
28 69 167
69 28 167
29 66 609
66 29 609
29 65 717
65 29 717
29 39 247
39 29 247
29 36 691
36 29 691
30 46 459
46 30 459
31 69 356
69 31 356
31 69 908
69 31 908
31 52 944
52 31 944
32 54 184
54 32 184
32 69 29
69 32 29
32 38 139
38 32 139
32 59 781
59 32 781
32 45 391
45 32 391
33 67 692
67 33 692
33 47 699
47 33 699
33 55 48
55 33 48
33 41 553
41 33 553
33 36 56
36 33 56
33 47 1000
47 33 1000
33 58 868
58 33 868
33 59 144
59 33 144
34 47 563
47 34 563
34 70 626
70 34 626
34 70 237
70 34 237
34 40 513
40 34 513
35 45 26
45 35 26
35 62 846
62 35 846
35 53 159
53 35 159
35 40 387
40 35 387
36 37 248
37 36 248
36 41 443
41 36 443
36 41 354
41 36 354
37 57 780
57 37 780
37 67 40
67 37 40
37 68 986
68 37 986
37 45 679
45 37 679
38 54 414
54 38 414
38 41 160
41 38 160
39 44 132
44 39 132
39 64 647
64 39 647
39 64 893
64 39 893
39 64 564
64 39 564
40 57 862
57 40 862
40 46 674
46 40 674
41 47 236
47 41 236
41 66 771
66 41 771
41 48 36
48 41 36
42 49 458
49 42 458
44 47 250
47 44 250
44 57 979
57 44 979
45 50 580
50 45 580
45 62 667
62 45 667
46 48 977
48 46 977
46 65 501
65 46 501
48 64 116
64 48 116
48 58 350
58 48 350
49 60 94
60 49 94
49 58 809
58 49 809
49 64 412
64 49 412
49 62 11
62 49 11
49 62 400
62 49 400
50 52 619
52 50 619
50 61 620
61 50 620
51 57 1000
57 51 1000
51 69 998
69 51 998
51 52 578
52 51 578
52 62 901
62 52 901
54 64 496
64 54 496
54 58 250
58 54 250
55 64 441
64 55 441
56 62 339
62 56 339
58 60 389
60 58 389
58 62 594
62 58 594
59 61 658
61 59 658
60 61 470
61 60 470
60 64 445
64 60 445
61 68 607
68 61 607
61 70 400
70 61 400
64 64 998
64 64 998
65 67 266
67 65 266
66 70 352
70 66 352
68 70 769
70 68 769
