59

0 1 89
1 0 89
0 5 787
5 0 787
0 24 933
24 0 933
0 53 598
53 0 598
1 2 92
2 1 92
1 6 657
6 1 657
1 8 901
8 1 901
1 53 134
53 1 134
2 3 556
3 2 556
2 4 408
4 2 408
2 50 949
50 2 949
2 2 833
2 2 833
3 7 1000
7 3 1000
3 9 475
9 3 475
3 33 130
33 3 130
3 39 770
39 3 770
3 41 545
41 3 545
4 14 441
14 4 441
4 19 196
19 4 196
4 32 313
32 4 313
4 37 753
37 4 753
4 56 574
56 4 574
4 22 165
22 4 165
5 13 202
13 5 202
5 51 496
51 5 496
5 52 823
52 5 823
5 13 733
13 5 733
6 42 496
42 6 496
7 10 235
10 7 235
7 12 954
12 7 954
7 27 779
27 7 779
7 17 732
17 7 732
7 14 384
14 7 384
8 25 824
25 8 824
8 45 80
45 8 80
8 28 346
28 8 346
10 11 230
11 10 230
10 17 429
17 10 429
10 22 833
22 10 833
10 30 46
30 10 46
11 45 499
45 11 499
11 30 390
30 11 390
12 44 463
44 12 463
13 29 559
29 13 559
13 38 244
38 13 244
14 15 220
15 14 220
14 41 273
41 14 273
14 47 265
47 14 265
14 48 186
48 14 186
14 41 213
41 14 213
15 16 387
16 15 387
15 36 788
36 15 788
15 58 283
58 15 283
17 18 877
18 17 877
18 20 186
20 18 186
18 23 597
23 18 597
18 41 380
41 18 380
18 20 78
20 18 78
19 55 128
55 19 128
19 30 50
30 19 50
20 21 822
21 20 822
20 28 663
28 20 663
20 46 634
46 20 634
21 42 404
42 21 404
21 50 864
50 21 864
21 54 408
54 21 408
23 26 963
26 23 963
24 43 303
43 24 303
24 53 744
53 24 744
24 58 6
58 24 6
25 49 467
49 25 467
25 41 480
41 25 480
26 52 74
52 26 74
28 31 875
31 28 875
29 35 981
35 29 981
29 44 558
44 29 558
29 32 730
32 29 730
30 52 49
52 30 49
31 57 317
57 31 317
32 34 868
34 32 868
32 38 594
38 32 594
32 51 482
51 32 482
33 46 935
46 33 935
37 40 51
40 37 51
37 46 352
46 37 352
38 48 920
48 38 920
42 54 104
54 42 104
42 44 58
44 42 58
47 54 120
54 47 120
50 58 264
58 50 264
