83

0 1 864
1 0 864
0 21 415
21 0 415
0 22 984
22 0 984
0 32 652
32 0 652
0 77 172
77 0 172
0 78 686
78 0 686
1 2 619
2 1 619
1 11 617
11 1 617
1 31 970
31 1 970
1 56 629
56 1 629
1 81 390
81 1 390
1 43 513
43 1 513
1 18 208
18 1 208
1 66 60
66 1 60
2 3 344
3 2 344
2 4 979
4 2 979
2 46 478
46 2 478
2 29 713
29 2 713
2 31 117
31 2 117
3 5 628
5 3 628
3 56 15
56 3 15
3 25 418
25 3 418
3 65 745
65 3 745
4 6 489
6 4 489
4 10 169
10 4 169
4 16 585
16 4 585
4 36 580
36 4 580
4 59 447
59 4 447
4 60 462
60 4 462
4 65 991
65 4 991
4 7 621
7 4 621
4 68 567
68 4 567
5 7 896
7 5 896
5 8 129
8 5 129
5 9 761
9 5 761
5 42 93
42 5 93
5 19 363
19 5 363
5 65 985
65 5 985
6 14 605
14 6 605
6 18 954
18 6 954
6 74 371
74 6 371
6 79 87
79 6 87
7 15 784
15 7 784
7 43 989
43 7 989
7 75 463
75 7 463
8 29 366
29 8 366
8 30 612
30 8 612
8 45 89
45 8 89
8 46 531
46 8 531
9 70 938
70 9 938
10 17 126
17 10 126
10 37 84
37 10 84
10 54 227
54 10 227
10 32 793
32 10 793
10 32 469
32 10 469
11 12 368
12 11 368
11 13 321
13 11 321
11 23 56
23 11 56
11 26 743
26 11 743
11 27 202
27 11 202
11 55 929
55 11 929
12 29 851
29 12 851
12 38 557
38 12 557
12 25 220
25 12 220
12 33 872
33 12 872
13 25 326
25 13 326
13 51 335
51 13 335
13 31 6
31 13 6
13 23 242
23 13 242
14 19 448
19 14 448
14 53 867
53 14 867
14 69 193
69 14 193
15 20 566
20 15 566
16 20 692
20 16 692
17 68 700
68 17 700
18 38 604
38 18 604
19 33 650
33 19 650
19 57 209
57 19 209
19 50 209
50 19 209
19 36 872
36 19 872
20 28 690
28 20 690
21 24 670
24 21 670
21 44 848
44 21 848
21 56 676
56 21 676
21 43 799
43 21 799
22 35 188
35 22 188
22 75 606
75 22 606
22 79 861
79 22 861
23 78 572
78 23 572
23 81 937
81 23 937
23 53 299
53 23 299
24 40 267
40 24 267
24 43 148
43 24 148
24 38 868
38 24 868
25 34 943
34 25 943
25 66 351
66 25 351
25 37 515
37 25 515
25 73 404
73 25 404
25 35 355
35 25 355
26 32 700
32 26 700
27 41 1
41 27 1
27 72 581
72 27 581
29 48 480
48 29 480
29 38 180
38 29 180
30 76 729
76 30 729
30 61 642
61 30 642
31 82 195
82 31 195
31 61 532
61 31 532
31 60 367
60 31 367
31 47 491
47 31 491
31 80 785
80 31 785
32 65 151
65 32 151
32 40 786
40 32 786
33 61 916
61 33 916
33 53 765
53 33 765
33 70 291
70 33 291
34 37 218
37 34 218
34 37 969
37 34 969
35 73 236
73 35 236
35 76 230
76 35 230
35 40 739
40 35 739
37 52 459
52 37 459
37 63 6
63 37 6
38 39 907
39 38 907
38 45 898
45 38 898
39 75 901
75 39 901
39 72 903
72 39 903
39 62 947
62 39 947
41 43 202
43 41 202
41 72 156
72 41 156
41 72 418
72 41 418
42 61 553
61 42 553
43 64 780
64 43 780
44 47 962
47 44 962
44 58 943
58 44 943
46 49 689
49 46 689
47 80 677
80 47 677
47 47 435
47 47 435
47 70 814
70 47 814
48 50 525
50 48 525
48 71 649
71 48 649
48 61 769
61 48 769
50 66 616
66 50 616
51 74 661
74 51 661
53 67 666
67 53 666
54 55 91
55 54 91
56 65 145
65 56 145
57 75 600
75 57 600
57 62 291
62 57 291
58 62 772
62 58 772
59 61 901
61 59 901
59 82 819
82 59 819
62 79 613
79 62 613
63 74 339
74 63 339
64 65 339
65 64 339
64 79 612
79 64 612
72 81 303
81 72 303
72 80 582
80 72 582
75 77 907
77 75 907
76 80 812
80 76 812
