36

0 1 886
1 0 886
0 30 930
30 0 930
0 23 470
23 0 470
0 26 737
26 0 737
0 6 110
6 0 110
0 34 630
34 0 630
1 2 812
2 1 812
1 13 579
13 1 579
1 18 874
18 1 874
1 5 813
5 1 813
2 3 712
3 2 712
2 4 499
4 2 499
2 5 718
5 2 718
2 7 242
7 2 242
3 6 14
6 3 14
3 12 289
12 3 289
3 15 196
15 3 196
3 35 415
35 3 415
3 14 736
14 3 736
3 16 769
16 3 769
3 23 244
23 3 244
4 8 541
8 4 541
4 10 120
10 4 120
4 17 989
17 4 989
4 9 537
9 4 537
4 35 471
35 4 471
4 16 308
16 4 308
4 33 264
33 4 264
5 9 242
9 5 242
5 16 706
16 5 706
5 18 737
18 5 737
5 11 452
11 5 452
6 11 312
11 6 312
6 20 223
20 6 223
7 14 517
14 7 517
7 22 436
22 7 436
7 24 350
24 7 350
7 16 911
16 7 911
8 32 92
32 8 92
8 13 47
13 8 47
8 11 512
11 8 512
9 19 945
19 9 945
9 21 211
21 9 211
9 35 514
35 9 514
9 24 843
24 9 843
9 12 351
12 9 351
9 17 511
17 9 511
9 17 666
17 9 666
10 25 123
25 10 123
10 19 878
19 10 878
10 32 595
32 10 595
11 28 16
28 11 16
11 31 374
31 11 374
11 28 591
28 11 591
12 20 873
20 12 873
12 34 340
34 12 340
12 26 822
26 12 822
12 26 957
26 12 957
12 19 227
19 12 227
12 16 539
16 12 539
13 24 150
24 13 150
13 22 497
22 13 497
14 27 622
27 14 622
14 34 777
34 14 777
14 35 109
35 14 109
15 35 669
35 15 669
16 20 179
20 16 179
16 17 110
17 16 110
16 18 776
18 16 776
16 24 428
24 16 428
17 34 152
34 17 152
17 30 876
30 17 876
17 23 30
23 17 30
17 30 494
30 17 494
18 20 643
20 18 643
18 35 910
35 18 910
18 28 706
28 18 706
19 22 439
22 19 439
20 23 18
23 20 18
20 27 908
27 20 908
21 23 383
23 21 383
21 25 808
25 21 808
22 33 58
33 22 58
22 31 889
31 22 889
22 26 952
26 22 952
22 29 165
29 22 165
23 30 75
30 23 75
23 32 312
32 23 312
24 26 730
26 24 730
25 31 337
31 25 337
26 29 77
29 26 77
27 34 194
34 27 194
27 34 830
34 27 830
28 33 225
33 28 225
28 30 392
30 28 392
29 30 212
30 29 212
30 32 994
32 30 994
31 32 440
32 31 440
31 33 159
33 31 159
32 35 614
35 32 614
