38

0 1 929
1 0 929
0 17 513
17 0 513
0 24 540
24 0 540
0 9 468
9 0 468
1 2 321
2 1 321
1 4 958
4 1 958
1 5 993
5 1 993
1 10 219
10 1 219
1 16 774
16 1 774
1 28 527
28 1 527
1 31 675
31 1 675
1 10 849
10 1 849
1 21 775
21 1 775
1 36 783
36 1 783
2 3 470
3 2 470
2 8 988
8 2 988
2 25 942
25 2 942
2 29 357
29 2 357
2 7 869
7 2 869
3 9 756
9 3 756
3 18 779
18 3 779
3 20 97
20 3 97
3 34 461
34 3 461
3 9 958
9 3 958
3 13 267
13 3 267
3 24 487
24 3 487
3 8 629
8 3 629
3 10 944
10 3 944
4 16 943
16 4 943
4 37 504
37 4 504
4 35 898
35 4 898
4 35 960
35 4 960
4 35 288
35 4 288
4 34 999
34 4 999
4 23 918
23 4 918
5 6 746
6 5 746
5 7 845
7 5 845
5 14 455
14 5 455
5 15 803
15 5 803
5 25 562
25 5 562
5 7 8
7 5 8
5 30 554
30 5 554
6 23 978
23 6 978
6 31 541
31 6 541
6 16 1000
16 6 1000
6 25 980
25 6 980
7 22 778
22 7 778
7 21 801
21 7 801
7 26 397
26 7 397
7 31 393
31 7 393
7 13 890
13 7 890
8 11 433
11 8 433
8 12 707
12 8 707
8 28 908
28 8 908
8 24 884
24 8 884
8 11 764
11 8 764
9 26 616
26 9 616
9 29 140
29 9 140
9 32 172
32 9 172
9 15 830
15 9 830
10 27 140
27 10 140
11 13 590
13 11 590
11 31 392
31 11 392
11 27 829
27 11 829
11 20 340
20 11 340
11 23 974
23 11 974
11 11 493
11 11 493
12 24 656
24 12 656
12 33 237
33 12 237
12 34 316
34 12 316
13 30 442
30 13 442
13 17 992
17 13 992
13 30 467
30 13 467
14 17 310
17 14 310
15 19 899
19 15 899
15 35 190
35 15 190
16 26 368
26 16 368
16 20 304
20 16 304
16 34 955
34 16 955
17 21 592
21 17 592
17 31 749
31 17 749
18 31 138
31 18 138
19 28 283
28 19 283
19 31 785
31 19 785
20 20 199
20 20 199
21 26 644
26 21 644
21 35 522
35 21 522
22 25 299
25 22 299
22 30 253
30 22 253
22 31 391
31 22 391
22 35 830
35 22 830
22 37 492
37 22 492
23 33 217
33 23 217
24 37 408
37 24 408
24 34 48
34 24 48
25 27 550
27 25 550
25 33 895
33 25 895
25 35 202
35 25 202
26 27 643
27 26 643
26 31 43
31 26 43
27 27 277
27 27 277
28 36 994
36 28 994
30 37 855
37 30 855
31 35 271
35 31 271
33 35 373
35 33 373
34 35 13
35 34 13
35 36 477
36 35 477
