98

0 1 350
1 0 350
0 2 387
2 0 387
0 3 635
3 0 635
0 55 591
55 0 591
0 81 453
81 0 453
0 88 385
88 0 385
0 12 751
12 0 751
0 18 541
18 0 541
0 41 137
41 0 137
0 82 185
82 0 185
0 30 153
30 0 153
0 84 280
84 0 280
0 65 291
65 0 291
1 8 752
8 1 752
1 21 294
21 1 294
1 25 184
25 1 184
1 28 971
28 1 971
1 70 655
70 1 655
1 41 340
41 1 340
1 54 99
54 1 99
1 33 753
33 1 753
1 73 477
73 1 477
1 48 568
48 1 568
2 5 396
5 2 396
2 10 627
10 2 627
2 12 278
12 2 278
2 34 17
34 2 17
2 94 346
94 2 346
2 58 949
58 2 949
2 90 926
90 2 926
2 90 141
90 2 141
2 96 504
96 2 504
2 80 318
80 2 318
2 91 731
91 2 731
2 53 429
53 2 429
3 4 581
4 3 581
3 6 966
6 3 966
3 26 50
26 3 50
3 45 543
45 3 543
3 20 834
20 3 834
3 71 258
71 3 258
3 7 799
7 3 799
3 85 166
85 3 166
3 61 792
61 3 792
3 61 876
61 3 876
4 7 815
7 4 815
4 9 280
9 4 280
4 22 221
22 4 221
4 24 404
24 4 404
4 52 530
52 4 530
4 89 898
89 4 898
4 37 417
37 4 417
4 82 464
82 4 464
4 74 379
74 4 379
4 51 239
51 4 239
4 5 929
5 4 929
5 17 265
17 5 265
5 75 637
75 5 637
5 93 999
93 5 999
5 82 297
82 5 297
5 35 137
35 5 137
5 10 308
10 5 308
5 55 712
55 5 712
5 10 100
10 5 100
5 83 616
83 5 616
5 61 647
61 5 647
5 50 339
50 5 339
5 21 241
21 5 241
5 51 350
51 5 350
6 11 664
11 6 664
6 38 736
38 6 736
6 50 522
50 6 522
6 65 594
65 6 594
6 6 39
6 6 39
6 43 223
43 6 223
6 17 595
17 6 595
6 29 826
29 6 826
6 34 873
34 6 873
6 81 333
81 6 333
6 81 788
81 6 788
6 75 625
75 6 625
7 27 891
27 7 891
7 94 900
94 7 900
7 52 181
52 7 181
7 29 836
29 7 836
7 83 243
83 7 243
7 33 778
33 7 778
7 50 869
50 7 869
7 40 389
40 7 389
7 42 688
42 7 688
7 60 628
60 7 628
7 63 667
63 7 667
7 89 880
89 7 880
7 55 958
55 7 958
7 49 675
49 7 675
7 16 762
16 7 762
7 66 709
66 7 709
7 54 413
54 7 413
8 20 349
20 8 349
8 46 505
46 8 505
8 12 850
12 8 850
8 43 349
43 8 349
8 69 522
69 8 522
8 58 539
58 8 539
8 72 950
72 8 950
8 39 781
39 8 781
9 14 487
14 9 487
9 84 282
84 9 282
9 11 972
11 9 972
9 44 332
44 9 332
9 61 705
61 9 705
9 67 173
67 9 173
9 79 781
79 9 781
9 36 144
36 9 144
9 43 403
43 9 403
9 92 920
92 9 920
10 15 722
15 10 722
10 19 527
19 10 527
10 95 549
95 10 549
10 25 631
25 10 631
10 39 168
39 10 168
10 69 510
69 10 510
10 46 942
46 10 942
10 85 478
85 10 478
10 77 481
77 10 481
10 95 758
95 10 758
10 37 7
37 10 7
10 30 831
30 10 831
10 37 368
37 10 368
10 76 770
76 10 770
11 13 687
13 11 687
11 16 862
16 11 862
11 48 878
48 11 878
11 85 790
85 11 790
11 68 931
68 11 931
11 33 541
33 11 541
11 27 921
27 11 921
11 23 801
23 11 801
11 56 404
56 11 404
11 51 949
51 11 949
11 48 171
48 11 171
11 34 545
34 11 545
11 26 978
26 11 978
11 12 857
12 11 857
11 47 475
47 11 475
11 28 457
28 11 457
11 45 966
45 11 966
12 39 58
39 12 58
12 51 982
51 12 982
12 28 605
28 12 605
12 47 197
47 12 197
12 71 351
71 12 351
12 79 944
79 12 944
12 29 837
29 12 837
12 71 454
71 12 454
13 30 274
30 13 274
13 41 576
41 13 576
13 32 540
32 13 540
13 72 30
72 13 30
13 47 307
47 13 307
13 51 680
51 13 680
13 73 317
73 13 317
13 45 763
45 13 763
13 27 352
27 13 352
13 17 638
17 13 638
14 18 46
18 14 46
14 59 541
59 14 541
14 17 75
17 14 75
14 70 204
70 14 204
14 39 451
39 14 451
14 96 887
96 14 887
14 89 216
89 14 216
14 51 269
51 14 269
14 25 908
25 14 908
14 17 327
17 14 327
14 70 746
70 14 746
14 66 227
66 14 227
14 22 845
22 14 845
14 95 850
95 14 850
15 31 874
31 15 874
15 58 263
58 15 263
15 69 812
69 15 812
15 38 743
38 15 743
15 96 296
96 15 296
15 29 923
29 15 923
15 33 326
33 15 326
15 60 531
60 15 531
15 20 456
20 15 456
15 60 212
60 15 212
16 34 817
34 16 817
16 32 57
32 16 57
16 51 862
51 16 862
16 95 510
95 16 510
16 69 635
69 16 635
16 65 185
65 16 185
16 64 335
64 16 335
16 34 672
34 16 672
16 53 811
53 16 811
17 33 221
33 17 221
17 46 615
46 17 615
17 47 733
47 17 733
17 61 245
61 17 245
17 50 10
50 17 10
17 76 447
76 17 447
17 69 223
69 17 223
18 23 763
23 18 763
18 72 431
72 18 431
18 48 112
48 18 112
18 83 538
83 18 538
18 57 813
57 18 813
18 96 64
96 18 64
18 78 130
78 18 130
18 70 167
70 18 167
18 34 117
34 18 117
18 94 546
94 18 546
18 59 66
59 18 66
18 74 602
74 18 602
19 42 557
42 19 557
19 33 867
33 19 867
19 29 67
29 19 67
19 55 336
55 19 336
19 71 942
71 19 942
19 53 4
53 19 4
19 23 919
23 19 919
19 75 770
75 19 770
19 23 157
23 19 157
19 83 756
83 19 756
19 23 573
23 19 573
19 54 62
54 19 62
19 32 467
32 19 467
20 33 986
33 20 986
20 78 51
78 20 51
20 75 818
75 20 818
20 83 801
83 20 801
20 91 172
91 20 172
20 43 607
43 20 607
20 83 546
83 20 546
20 22 434
22 20 434
20 31 690
31 20 690
20 28 658
28 20 658
20 47 64
47 20 64
20 88 730
88 20 730
20 61 853
61 20 853
21 78 66
78 21 66
21 88 605
88 21 605
21 60 198
60 21 198
21 84 645
84 21 645
21 88 818
88 21 818
21 39 451
39 21 451
21 27 40
27 21 40
21 72 71
72 21 71
22 36 984
36 22 984
22 43 619
43 22 619
22 80 56
80 22 56
22 45 657
45 22 657
22 88 367
88 22 367
22 86 709
86 22 709
22 88 812
88 22 812
22 51 605
51 22 605
22 72 750
72 22 750
22 95 590
95 22 590
23 29 581
29 23 581
23 80 988
80 23 988
23 56 490
56 23 490
23 69 457
69 23 457
23 93 929
93 23 929
23 75 61
75 23 61
23 49 44
49 23 44
23 82 251
82 23 251
23 71 276
71 23 276
23 68 872
68 23 872
23 27 601
27 23 601
23 65 778
65 23 778
23 46 794
46 23 794
23 94 387
94 23 387
24 37 930
37 24 930
24 88 942
88 24 942
24 86 12
86 24 12
24 44 307
44 24 307
24 57 220
57 24 220
24 50 691
50 24 691
25 73 256
73 25 256
25 37 307
37 25 307
25 51 105
51 25 105
25 78 878
78 25 878
25 70 57
70 25 57
25 35 300
35 25 300
25 36 751
36 25 751
25 47 129
47 25 129
25 95 378
95 25 378
25 69 642
69 25 642
26 82 778
82 26 778
26 34 325
34 26 325
26 78 327
78 26 327
26 75 926
75 26 926
26 56 459
56 26 459
26 83 713
83 26 713
26 47 727
47 26 727
26 41 878
41 26 878
27 40 177
40 27 177
27 28 549
28 27 549
27 67 297
67 27 297
27 93 170
93 27 170
27 46 568
46 27 568
27 57 228
57 27 228
27 43 867
43 27 867
27 63 976
63 27 976
27 71 770
71 27 770
27 74 811
74 27 811
28 77 90
77 28 90
28 80 73
80 28 73
28 83 838
83 28 838
28 94 609
94 28 609
28 85 995
85 28 995
28 97 819
97 28 819
28 28 266
28 28 266
29 83 845
83 29 845
29 86 892
86 29 892
29 97 680
97 29 680
29 75 601
75 29 601
29 97 502
97 29 502
29 66 754
66 29 754
29 81 243
81 29 243
30 44 977
44 30 977
30 40 959
40 30 959
30 49 44
49 30 44
30 41 916
41 30 916
30 60 934
60 30 934
30 54 883
54 30 883
30 90 89
90 30 89
30 49 847
49 30 847
30 73 585
73 30 585
30 79 106
79 30 106
30 94 427
94 30 427
31 32 962
32 31 962
31 51 946
51 31 946
31 79 448
79 31 448
31 72 38
72 31 38
31 73 410
73 31 410
31 54 225
54 31 225
31 78 183
78 31 183
31 65 879
65 31 879
31 72 687
72 31 687
31 71 581
71 31 581
31 34 472
34 31 472
31 76 304
76 31 304
32 62 41
62 32 41
32 81 261
81 32 261
32 83 544
83 32 544
32 41 970
41 32 970
32 79 348
79 32 348
32 88 474
88 32 474
33 35 630
35 33 630
33 54 858
54 33 858
33 74 823
74 33 823
33 56 830
56 33 830
33 94 853
94 33 853
33 86 389
86 33 389
33 58 247
58 33 247
33 54 557
54 33 557
33 88 520
88 33 520
33 40 774
40 33 774
34 53 852
53 34 852
34 49 77
49 34 77
34 83 292
83 34 292
34 51 182
51 34 182
34 86 318
86 34 318
34 88 757
88 34 757
34 96 904
96 34 904
34 69 435
69 34 435
34 75 974
75 34 974
34 77 810
77 34 810
35 87 938
87 35 938
35 87 935
87 35 935
35 53 373
53 35 373
35 93 629
93 35 629
35 37 881
37 35 881
35 89 614
89 35 614
35 43 960
43 35 960
35 67 352
67 35 352
36 89 21
89 36 21
36 71 750
71 36 750
36 62 148
62 36 148
36 57 499
57 36 499
36 39 389
39 36 389
36 80 654
80 36 654
36 63 596
63 36 596
36 54 421
54 36 421
36 92 556
92 36 556
36 40 120
40 36 120
36 89 809
89 36 809
36 69 315
69 36 315
37 95 128
95 37 128
37 78 475
78 37 475
37 43 98
43 37 98
37 78 305
78 37 305
37 75 379
75 37 379
37 65 565
65 37 565
37 77 697
77 37 697
37 65 155
65 37 155
38 41 620
41 38 620
38 62 432
62 38 432
38 54 542
54 38 542
38 87 936
87 38 936
38 58 488
58 38 488
38 73 594
73 38 594
38 68 755
68 38 755
38 43 374
43 38 374
38 92 885
92 38 885
39 50 476
50 39 476
39 79 289
79 39 289
39 61 424
61 39 424
39 96 788
96 39 788
39 42 298
42 39 298
39 60 237
60 39 237
39 50 889
50 39 889
39 67 664
67 39 664
39 85 669
85 39 669
39 60 975
60 39 975
39 92 656
92 39 656
40 60 121
60 40 121
40 63 709
63 40 709
40 49 989
49 40 989
40 83 393
83 40 393
40 86 305
86 40 305
40 50 332
50 40 332
41 76 868
76 41 868
41 70 647
70 41 647
41 71 722
71 41 722
41 83 507
83 41 507
41 67 753
67 41 753
41 70 875
70 41 875
41 55 985
55 41 985
42 85 753
85 42 753
42 50 236
50 42 236
42 81 893
81 42 893
42 90 226
90 42 226
42 50 812
50 42 812
42 52 673
52 42 673
42 91 388
91 42 388
43 57 368
57 43 368
43 66 401
66 43 401
43 54 99
54 43 99
43 69 286
69 43 286
43 75 268
75 43 268
43 69 842
69 43 842
44 60 249
60 44 249
44 47 495
47 44 495
44 75 635
75 44 635
44 78 917
78 44 917
44 51 765
51 44 765
44 85 377
85 44 377
44 76 861
76 44 861
45 47 951
47 45 951
45 76 407
76 45 407
45 56 967
56 45 967
45 79 324
79 45 324
45 62 959
62 45 959
45 79 795
79 45 795
45 77 774
77 45 774
45 77 515
77 45 515
46 49 303
49 46 303
46 96 305
96 46 305
46 60 957
60 46 957
46 60 22
60 46 22
47 48 617
48 47 617
47 91 869
91 47 869
47 74 245
74 47 245
47 67 891
67 47 891
47 49 212
49 47 212
48 86 657
86 48 657
48 49 775
49 48 775
48 87 619
87 48 619
48 61 305
61 48 305
48 56 79
56 48 79
48 60 489
60 48 489
49 57 43
57 49 43
49 60 857
60 49 857
49 60 430
60 49 430
49 49 751
49 49 751
49 64 104
64 49 104
50 56 84
56 50 84
50 63 608
63 50 608
50 79 646
79 50 646
50 95 665
95 50 665
50 51 408
51 50 408
50 62 204
62 50 204
50 59 48
59 50 48
50 62 80
62 50 80
51 53 831
53 51 831
51 74 700
74 51 700
51 51 125
51 51 125
51 86 33
86 51 33
51 93 788
93 51 788
51 54 510
54 51 510
51 87 837
87 51 837
51 76 575
76 51 575
51 82 990
82 51 990
51 97 866
97 51 866
52 57 593
57 52 593
52 97 782
97 52 782
52 87 576
87 52 576
52 64 238
64 52 238
53 79 18
79 53 18
53 66 664
66 53 664
53 77 363
77 53 363
53 75 930
75 53 930
53 82 360
82 53 360
53 89 953
89 53 953
53 75 926
75 53 926
53 87 567
87 53 567
54 69 315
69 54 315
54 83 777
83 54 777
54 85 114
85 54 114
55 67 211
67 55 211
55 89 829
89 55 829
55 70 73
70 55 73
55 57 431
57 55 431
55 69 144
69 55 144
55 69 278
69 55 278
55 75 142
75 55 142
56 68 47
68 56 47
56 77 248
77 56 248
56 65 725
65 56 725
56 67 575
67 56 575
57 58 989
58 57 989
57 67 271
67 57 271
57 71 998
71 57 998
57 82 614
82 57 614
57 86 995
86 57 995
57 81 757
81 57 757
57 80 539
80 57 539
57 96 57
96 57 57
57 80 431
80 57 431
57 81 431
81 57 431
57 61 124
61 57 124
58 64 31
64 58 31
58 69 547
69 58 547
58 79 870
79 58 870
58 83 742
83 58 742
58 77 619
77 58 619
58 75 698
75 58 698
59 71 963
71 59 963
59 91 160
91 59 160
59 84 976
84 59 976
59 65 112
65 59 112
59 75 33
75 59 33
59 95 359
95 59 359
60 61 91
61 60 91
60 63 410
63 60 410
60 94 26
94 60 26
60 60 678
60 60 678
61 92 242
92 61 242
61 93 901
93 61 901
61 66 120
66 61 120
61 73 825
73 61 825
61 85 943
85 61 943
61 71 986
71 61 986
61 78 762
78 61 762
61 65 826
65 61 826
61 92 35
92 61 35
62 67 533
67 62 533
62 97 376
97 62 376
62 78 18
78 62 18
62 77 676
77 62 676
62 73 846
73 62 846
62 66 319
66 62 319
62 87 92
87 62 92
62 76 228
76 62 228
63 94 466
94 63 466
63 95 269
95 63 269
63 76 657
76 63 657
63 64 317
64 63 317
64 65 441
65 64 441
64 77 861
77 64 861
64 73 259
73 64 259
65 76 757
76 65 757
65 86 366
86 65 366
65 92 612
92 65 612
65 88 126
88 65 126
65 81 497
81 65 497
65 71 297
71 65 297
65 89 477
89 65 477
65 88 355
88 65 355
65 91 456
91 65 456
66 74 611
74 66 611
66 89 598
89 66 598
66 74 795
74 66 795
67 80 292
80 67 292
67 76 289
76 67 289
68 79 765
79 68 765
68 72 524
72 68 524
69 95 119
95 69 119
69 94 542
94 69 542
69 74 714
74 69 714
69 76 688
76 69 688
70 90 734
90 70 734
70 80 607
80 70 607
71 85 372
85 71 372
71 90 567
90 71 567
72 82 625
82 72 625
73 88 344
88 73 344
73 93 944
93 73 944
74 94 982
94 74 982
74 95 679
95 74 679
74 77 182
77 74 182
75 78 182
78 75 182
75 92 278
92 75 278
77 86 425
86 77 425
77 89 509
89 77 509
78 78 875
78 78 875
78 97 31
97 78 31
78 80 310
80 78 310
78 97 685
97 78 685
78 86 8
86 78 8
80 87 239
87 80 239
80 88 154
88 80 154
81 97 772
97 81 772
82 94 915
94 82 915
83 88 65
88 83 65
83 91 120
91 83 120
84 96 458
96 84 458
85 97 837
97 85 837
85 91 646
91 85 646
87 95 38
95 87 38
87 93 857
93 87 857
88 91 376
91 88 376
89 90 496
90 89 496
95 96 721
96 95 721
96 97 194
97 96 194
97 97 230
97 97 230
