99

0 1 966
1 0 966
0 20 425
20 0 425
0 60 36
60 0 36
0 8 929
8 0 929
0 86 80
86 0 80
0 85 683
85 0 683
0 55 528
55 0 528
1 2 939
2 1 939
1 3 816
3 1 816
1 4 507
4 1 507
1 8 479
8 1 479
1 9 928
9 1 928
1 2 519
2 1 519
1 30 688
30 1 688
1 11 828
11 1 828
1 69 688
69 1 688
1 19 771
19 1 771
2 36 215
36 2 215
2 38 386
38 2 386
2 58 128
58 2 128
2 60 284
60 2 284
2 27 311
27 2 311
2 36 879
36 2 879
3 7 476
7 3 476
3 82 161
82 3 161
3 24 243
24 3 243
3 37 755
37 3 755
3 78 77
78 3 77
4 5 413
5 4 413
4 6 536
6 4 536
4 64 467
64 4 467
4 36 359
36 4 359
4 19 441
19 4 441
5 17 377
17 5 377
5 30 351
30 5 351
6 10 511
10 6 511
6 12 762
12 6 762
6 13 153
13 6 153
6 15 832
15 6 832
6 16 188
16 6 188
6 33 86
33 6 86
6 40 617
40 6 617
6 86 943
86 6 943
6 61 851
61 6 851
6 55 888
55 6 888
6 7 534
7 6 534
7 69 755
69 7 755
7 88 294
88 7 294
7 80 276
80 7 276
7 37 497
37 7 497
7 18 414
18 7 414
8 11 836
11 8 836
8 28 753
28 8 753
8 73 147
73 8 147
9 14 592
14 9 592
9 21 56
21 9 56
9 30 663
30 9 663
9 11 832
11 9 832
9 47 839
47 9 839
9 51 810
51 9 810
9 80 74
80 9 74
10 19 18
19 10 18
10 64 283
64 10 283
10 40 306
40 10 306
10 45 583
45 10 583
10 18 281
18 10 281
11 23 95
23 11 95
11 97 182
97 11 182
11 48 369
48 11 369
11 40 879
40 11 879
12 41 10
41 12 10
12 16 71
16 12 71
12 58 191
58 12 191
12 87 207
87 12 207
13 18 653
18 13 653
13 22 196
22 13 196
13 45 986
45 13 986
13 65 169
65 13 169
13 35 449
35 13 449
13 59 604
59 13 604
13 67 790
67 13 790
13 42 974
42 13 974
14 27 80
27 14 80
14 66 256
66 14 256
15 46 845
46 15 845
15 85 901
85 15 901
15 92 609
92 15 609
15 31 880
31 15 880
16 51 91
51 16 91
16 57 868
57 16 868
16 67 791
67 16 791
17 35 873
35 17 873
17 52 488
52 17 488
17 65 246
65 17 246
18 24 951
24 18 951
18 25 437
25 18 437
18 92 329
92 18 329
18 38 631
38 18 631
18 54 88
54 18 88
18 65 140
65 18 140
18 60 350
60 18 350
19 28 543
28 19 543
19 37 485
37 19 485
19 78 641
78 19 641
19 64 249
64 19 249
20 63 346
63 20 346
20 80 577
80 20 577
20 71 22
71 20 22
20 38 340
38 20 340
20 85 783
85 20 783
21 49 918
49 21 918
21 73 366
73 21 366
21 77 520
77 21 520
21 57 573
57 21 573
22 29 931
29 22 931
22 68 853
68 22 853
22 96 908
96 22 908
23 50 840
50 23 840
23 89 437
89 23 437
23 88 207
88 23 207
23 57 968
57 23 968
23 27 664
27 23 664
24 26 740
26 24 740
24 31 747
31 24 747
24 84 484
84 24 484
25 66 732
66 25 732
25 87 62
87 25 62
25 33 685
33 25 685
25 92 661
92 25 661
26 32 580
32 26 580
26 42 45
42 26 45
26 57 297
57 26 297
27 44 659
44 27 659
27 90 837
90 27 837
27 91 289
91 27 289
27 58 450
58 27 450
28 45 850
45 28 850
29 79 464
79 29 464
29 30 935
30 29 935
30 47 730
47 30 730
30 68 839
68 30 839
30 81 747
81 30 747
30 91 73
91 30 73
30 75 961
75 30 961
31 31 437
31 31 437
32 79 246
79 32 246
33 34 778
34 33 778
33 56 147
56 33 147
33 47 319
47 33 319
33 84 699
84 33 699
34 39 860
39 34 860
34 43 782
43 34 782
34 55 79
55 34 79
35 43 792
43 35 792
35 70 210
70 35 210
36 83 809
83 36 809
36 57 915
57 36 915
36 79 933
79 36 933
36 63 877
63 36 877
37 86 545
86 37 545
37 72 379
72 37 379
38 87 422
87 38 422
38 94 152
94 38 152
38 67 132
67 38 132
38 54 726
54 38 726
39 59 389
59 39 389
39 54 321
54 39 321
40 72 375
72 40 375
40 48 653
48 40 653
41 44 101
44 41 101
41 54 215
54 41 215
42 91 398
91 42 398
42 43 727
43 42 727
42 46 791
46 42 791
43 48 536
48 43 536
43 53 593
53 43 593
44 61 191
61 44 191
44 70 326
70 44 326
44 73 259
73 44 259
45 96 128
96 45 128
46 52 183
52 46 183
46 68 480
68 46 480
47 62 990
62 47 990
47 52 355
52 47 355
48 68 886
68 48 886
48 74 161
74 48 161
49 75 504
75 49 504
49 92 550
92 49 550
49 60 184
60 49 184
50 76 691
76 50 691
50 92 844
92 50 844
50 68 518
68 50 518
51 55 381
55 51 381
52 75 23
75 52 23
52 98 543
98 52 543
52 88 152
88 52 152
53 71 290
71 53 290
54 79 156
79 54 156
54 93 788
93 54 788
55 82 398
82 55 398
57 96 875
96 57 875
58 62 279
62 58 279
58 65 46
65 58 46
58 84 867
84 58 867
59 59 549
59 59 549
60 71 599
71 60 599
60 74 440
74 60 440
60 78 55
78 60 55
60 83 556
83 60 556
60 71 509
71 60 509
61 83 328
83 61 328
61 65 216
65 61 216
62 80 114
80 62 114
65 95 967
95 65 967
65 86 620
86 65 620
65 77 852
77 65 852
66 84 945
84 66 945
66 96 628
96 66 628
67 93 314
93 67 314
68 81 944
81 68 944
69 69 619
69 69 619
69 82 763
82 69 763
70 95 451
95 70 451
70 86 480
86 70 480
71 90 147
90 71 147
72 95 603
95 72 603
73 86 367
86 73 367
73 77 195
77 73 195
74 82 801
82 74 801
75 86 834
86 75 834
75 83 169
83 75 169
76 78 619
78 76 619
76 80 264
80 76 264
77 93 349
93 77 349
81 93 926
93 81 926
81 98 155
98 81 155
82 95 915
95 82 915
87 92 882
92 87 882
89 92 572
92 89 572
91 97 130
97 91 130
93 98 254
98 93 254
