81

0 1 38
1 0 38
0 2 583
2 0 583
0 3 140
3 0 140
0 8 570
8 0 570
0 12 508
12 0 508
0 20 616
20 0 616
0 65 769
65 0 769
0 71 286
71 0 286
0 62 580
62 0 580
0 77 507
77 0 507
0 36 469
36 0 469
0 22 135
22 0 135
1 13 972
13 1 972
1 46 644
46 1 644
1 59 50
59 1 50
1 68 261
68 1 261
1 9 647
9 1 647
1 36 401
36 1 401
1 52 85
52 1 85
2 15 853
15 2 853
2 60 130
60 2 130
2 13 130
13 2 130
2 51 63
51 2 63
2 47 386
47 2 386
2 8 282
8 2 282
2 4 593
4 2 593
3 4 679
4 3 679
3 6 830
6 3 830
3 10 734
10 3 734
3 22 652
22 3 652
3 35 646
35 3 646
3 72 366
72 3 366
3 13 662
13 3 662
3 73 958
73 3 958
3 26 432
26 3 432
3 43 595
43 3 595
3 50 734
50 3 734
3 69 820
69 3 820
3 28 543
28 3 543
4 5 782
5 4 782
4 7 717
7 4 717
4 24 174
24 4 174
4 78 308
78 4 308
4 80 792
80 4 792
4 53 186
53 4 186
4 9 563
9 4 563
4 72 258
72 4 258
5 72 974
72 5 974
5 18 351
18 5 351
5 52 134
52 5 134
5 60 636
60 5 636
5 71 849
71 5 849
5 80 20
80 5 20
6 14 506
14 6 506
6 21 735
21 6 735
6 77 888
77 6 888
6 25 204
25 6 204
6 72 720
72 6 720
6 68 884
68 6 884
7 11 628
11 7 628
7 17 375
17 7 375
7 61 587
61 7 587
7 61 848
61 7 848
7 78 920
78 7 920
7 79 869
79 7 869
7 56 139
56 7 139
7 22 412
22 7 412
8 9 239
9 8 239
8 47 159
47 8 159
8 70 411
70 8 411
8 22 738
22 8 738
8 8 545
8 8 545
8 15 328
15 8 328
8 53 725
53 8 725
8 32 929
32 8 929
8 13 351
13 8 351
8 54 886
54 8 886
8 9 999
9 8 999
9 27 645
27 9 645
9 45 677
45 9 677
9 55 7
55 9 7
9 70 97
70 9 97
9 77 20
77 9 20
9 34 14
34 9 14
9 71 272
71 9 272
9 70 184
70 9 184
10 65 120
65 10 120
10 46 755
46 10 755
10 29 486
29 10 486
10 62 1000
62 10 1000
10 47 251
47 10 251
11 30 451
30 11 451
11 64 771
64 11 771
11 35 135
35 11 135
11 13 223
13 11 223
12 18 536
18 12 536
12 19 465
19 12 465
12 25 503
25 12 503
12 68 301
68 12 301
12 64 689
64 12 689
12 46 126
46 12 126
12 60 398
60 12 398
12 16 58
16 12 58
12 78 584
78 12 584
12 19 471
19 12 471
13 16 814
16 13 814
13 52 91
52 13 91
14 41 547
41 14 547
14 37 573
37 14 573
14 78 161
78 14 161
15 39 805
39 15 805
15 67 447
67 15 447
15 20 922
20 15 922
15 51 809
51 15 809
15 25 865
25 15 865
15 72 13
72 15 13
15 25 257
25 15 257
15 46 671
46 15 671
16 23 265
23 16 265
16 60 112
60 16 112
16 64 51
64 16 51
16 60 93
60 16 93
16 69 6
69 16 6
17 39 818
39 17 818
17 47 820
47 17 820
17 69 841
69 17 841
17 23 498
23 17 498
18 38 914
38 18 914
18 40 744
40 18 744
18 69 742
69 18 742
18 79 210
79 18 210
18 50 841
50 18 841
18 50 489
50 18 489
18 37 457
37 18 457
18 64 611
64 18 611
18 62 746
62 18 746
19 27 897
27 19 897
19 39 298
39 19 298
20 34 134
34 20 134
20 42 165
42 20 165
20 28 998
28 20 998
20 33 667
33 20 667
20 45 380
45 20 380
20 35 577
35 20 577
20 68 727
68 20 727
20 34 542
34 20 542
20 59 226
59 20 226
21 33 185
33 21 185
21 57 786
57 21 786
21 26 560
26 21 560
21 78 541
78 21 541
21 27 222
27 21 222
22 67 601
67 22 601
22 29 608
29 22 608
23 75 521
75 23 521
23 26 349
26 23 349
23 28 527
28 23 527
23 77 884
77 23 884
24 28 971
28 24 971
24 69 905
69 24 905
24 65 71
65 24 71
25 26 742
26 25 742
25 31 548
31 25 548
25 40 618
40 25 618
25 67 989
67 25 989
26 32 797
32 26 797
26 79 904
79 26 904
26 77 40
77 26 40
26 68 971
68 26 971
26 51 368
51 26 368
27 29 568
29 27 568
27 36 463
36 27 463
27 43 36
43 27 36
27 62 167
62 27 167
27 67 569
67 27 569
28 37 649
37 28 649
28 30 273
30 28 273
28 62 127
62 28 127
28 41 297
41 28 297
28 45 846
45 28 846
29 73 651
73 29 651
29 76 430
76 29 430
29 30 699
30 29 699
30 57 948
57 30 948
30 49 731
49 30 731
30 43 956
43 30 956
30 35 568
35 30 568
31 62 512
62 31 512
32 48 314
48 32 314
32 43 698
43 32 698
32 69 768
69 32 768
33 44 596
44 33 596
33 54 946
54 33 946
33 75 787
75 33 787
33 54 520
54 33 520
33 40 180
40 33 180
33 77 845
77 33 845
34 40 828
40 34 828
34 36 524
36 34 524
34 65 102
65 34 102
35 71 325
71 35 325
35 72 935
72 35 935
35 68 584
68 35 584
35 77 905
77 35 905
35 74 696
74 35 696
35 51 108
51 35 108
35 44 453
44 35 453
36 49 463
49 36 463
36 51 967
51 36 967
36 78 149
78 36 149
36 56 914
56 36 914
36 60 130
60 36 130
37 69 929
69 37 929
38 73 476
73 38 476
38 42 144
42 38 144
39 57 90
57 39 90
40 58 670
58 40 670
40 42 466
42 40 466
40 46 727
46 40 727
40 46 371
46 40 371
41 50 425
50 41 425
41 50 658
50 41 658
42 63 706
63 42 706
42 77 610
77 42 610
42 78 266
78 42 266
42 68 18
68 42 18
42 74 170
74 42 170
43 77 502
77 43 502
43 78 328
78 43 328
43 59 785
59 43 785
44 70 252
70 44 252
44 78 708
78 44 708
45 62 876
62 45 876
45 66 706
66 45 706
46 53 988
53 46 988
46 55 371
55 46 371
46 58 938
58 46 938
46 61 286
61 46 286
46 80 618
80 46 618
47 74 687
74 47 687
47 77 291
77 47 291
47 50 971
50 47 971
47 70 566
70 47 566
48 50 836
50 48 836
48 56 944
56 48 944
49 74 350
74 49 350
49 78 890
78 49 890
49 55 591
55 49 591
51 52 376
52 51 376
51 78 370
78 51 370
52 53 623
53 52 623
53 72 774
72 53 774
55 68 236
68 55 236
56 57 740
57 56 740
56 64 133
64 56 133
59 80 715
80 59 715
59 72 900
72 59 900
60 68 763
68 60 763
61 74 399
74 61 399
62 65 456
65 62 456
62 72 67
72 62 67
63 80 864
80 63 864
64 80 710
80 64 710
65 73 577
73 65 577
65 70 555
70 65 555
66 72 962
72 66 962
66 69 709
69 66 709
71 73 863
73 71 863
77 79 671
79 77 671
