94

0 1 566
1 0 566
0 6 689
6 0 689
0 25 894
25 0 894
0 36 992
36 0 992
0 68 482
68 0 482
0 86 455
86 0 455
0 3 524
3 0 524
0 51 540
51 0 540
0 14 43
14 0 43
0 53 128
53 0 128
0 72 619
72 0 619
0 90 338
90 0 338
0 37 57
37 0 57
0 58 141
58 0 141
0 59 813
59 0 813
0 43 949
43 0 949
0 58 727
58 0 727
0 37 919
37 0 919
0 64 235
64 0 235
0 67 207
67 0 207
0 11 50
11 0 50
0 63 252
63 0 252
0 31 941
31 0 941
0 90 714
90 0 714
1 2 894
2 1 894
1 4 784
4 1 784
1 5 109
5 1 109
1 8 127
8 1 127
1 32 733
32 1 733
1 32 858
32 1 858
1 63 153
63 1 153
1 55 629
55 1 629
1 18 784
18 1 784
1 19 579
19 1 579
1 30 522
30 1 522
1 74 878
74 1 878
1 50 939
50 1 939
1 60 392
60 1 392
1 27 15
27 1 15
1 43 791
43 1 791
1 51 147
51 1 147
1 62 135
62 1 135
1 7 935
7 1 935
1 20 107
20 1 107
1 50 217
50 1 217
1 24 144
24 1 144
1 19 764
19 1 764
2 3 636
3 2 636
2 56 121
56 2 121
2 40 436
40 2 436
2 6 764
6 2 764
2 92 975
92 2 975
2 74 276
74 2 276
2 46 468
46 2 468
2 79 381
79 2 381
2 90 842
90 2 842
2 62 540
62 2 540
2 64 360
64 2 360
2 13 259
13 2 259
2 85 879
85 2 879
3 7 930
7 3 930
3 9 103
9 3 103
3 10 206
10 3 206
3 14 567
14 3 567
3 20 129
20 3 129
3 90 596
90 3 596
3 66 731
66 3 731
3 91 973
91 3 973
3 20 594
20 3 594
3 91 922
91 3 922
3 62 421
62 3 421
3 15 459
15 3 459
3 26 21
26 3 21
3 3 417
3 3 417
4 15 409
15 4 409
4 40 709
40 4 709
4 84 12
84 4 12
4 41 708
41 4 708
4 12 368
12 4 368
4 84 363
84 4 363
4 89 318
89 4 318
4 18 311
18 4 311
4 85 292
85 4 292
4 16 167
16 4 167
4 79 847
79 4 847
4 80 219
80 4 219
5 49 494
49 5 494
5 28 107
28 5 107
5 42 807
42 5 807
5 30 425
30 5 425
5 33 986
33 5 986
5 66 429
66 5 429
5 71 116
71 5 116
5 86 459
86 5 459
5 7 986
7 5 986
5 28 292
28 5 292
5 80 142
80 5 142
5 55 793
55 5 793
6 16 106
16 6 106
6 28 457
28 6 457
6 31 596
31 6 596
6 47 974
47 6 974
6 64 224
64 6 224
6 66 869
66 6 869
6 76 971
76 6 971
6 32 999
32 6 999
6 24 40
24 6 40
6 43 104
43 6 104
6 48 382
48 6 382
6 51 767
51 6 767
6 25 928
25 6 928
6 59 179
59 6 179
6 13 215
13 6 215
6 67 475
67 6 475
6 36 651
36 6 651
6 35 408
35 6 408
6 29 796
29 6 796
6 52 46
52 6 46
7 20 440
20 7 440
7 32 763
32 7 763
7 27 807
27 7 807
7 11 473
11 7 473
7 75 562
75 7 562
7 66 23
66 7 23
7 33 104
33 7 104
7 51 142
51 7 142
7 80 260
80 7 260
7 13 663
13 7 663
7 79 252
79 7 252
7 63 237
63 7 237
7 73 751
73 7 751
7 73 59
73 7 59
8 11 922
11 8 922
8 21 299
21 8 299
8 23 363
23 8 363
8 91 114
91 8 114
8 22 189
22 8 189
8 70 537
70 8 537
8 87 918
87 8 918
8 93 681
93 8 681
8 91 862
91 8 862
8 61 818
61 8 818
8 88 897
88 8 897
8 30 241
30 8 241
9 22 831
22 9 831
9 35 947
35 9 947
9 49 586
49 9 586
9 62 265
62 9 265
9 26 726
26 9 726
9 60 564
60 9 564
9 64 291
64 9 291
9 35 194
35 9 194
9 75 714
75 9 714
9 84 685
84 9 685
9 71 607
71 9 607
9 87 789
87 9 789
9 84 657
84 9 657
9 45 71
45 9 71
9 85 858
85 9 858
9 48 902
48 9 902
9 29 64
29 9 64
10 12 948
12 10 948
10 29 164
29 10 164
10 60 984
60 10 984
10 73 646
73 10 646
10 79 6
79 10 6
10 24 681
24 10 681
10 85 861
85 10 861
10 93 756
93 10 756
10 30 248
30 10 248
10 54 18
54 10 18
10 57 208
57 10 208
10 62 221
62 10 221
10 74 227
74 10 227
10 73 194
73 10 194
10 55 198
55 10 198
10 31 409
31 10 409
10 29 448
29 10 448
11 13 27
13 11 27
11 18 361
18 11 361
11 27 653
27 11 653
11 30 843
30 11 843
11 82 863
82 11 863
11 34 901
34 11 901
11 83 62
83 11 62
11 49 37
49 11 37
11 56 365
56 11 365
11 40 916
40 11 916
11 67 867
67 11 867
11 89 896
89 11 896
11 52 29
52 11 29
11 34 240
34 11 240
11 93 172
93 11 172
11 86 417
86 11 417
11 85 709
85 11 709
12 43 729
43 12 729
12 62 21
62 12 21
12 85 453
85 12 453
12 65 772
65 12 772
12 76 424
76 12 424
12 50 723
50 12 723
12 20 894
20 12 894
12 55 12
55 12 12
12 83 460
83 12 460
13 19 799
19 13 799
13 33 517
33 13 517
13 48 230
48 13 230
13 91 828
91 13 828
13 66 187
66 13 187
13 39 926
39 13 926
13 92 743
92 13 743
13 39 260
39 13 260
13 18 334
18 13 334
13 27 657
27 13 657
13 65 728
65 13 728
13 15 394
15 13 394
13 67 607
67 13 607
13 92 818
92 13 818
13 75 667
75 13 667
13 35 976
35 13 976
13 75 164
75 13 164
13 60 777
60 13 777
14 17 55
17 14 55
14 50 223
50 14 223
14 21 117
21 14 117
14 93 148
93 14 148
14 65 679
65 14 679
14 16 417
16 14 417
14 26 79
26 14 79
14 23 458
23 14 458
14 82 161
82 14 161
14 47 968
47 14 968
14 19 966
19 14 966
14 62 864
62 14 864
14 78 772
78 14 772
14 51 7
51 14 7
15 37 377
37 15 377
15 91 461
91 15 461
15 40 488
40 15 488
15 89 28
89 15 28
15 76 560
76 15 560
15 19 284
19 15 284
15 65 40
65 15 40
15 57 153
57 15 153
15 40 424
40 15 424
15 88 743
88 15 743
16 80 157
80 16 157
16 81 911
81 16 911
16 47 783
47 16 783
16 77 622
77 16 622
16 91 468
91 16 468
16 87 923
87 16 923
16 69 644
69 16 644
16 53 9
53 16 9
17 66 512
66 17 512
17 25 179
25 17 179
17 28 933
28 17 933
17 71 838
71 17 838
17 66 337
66 17 337
17 42 40
42 17 40
17 44 877
44 17 877
17 78 847
78 17 847
17 62 409
62 17 409
17 48 947
48 17 947
17 45 941
45 17 941
17 82 44
82 17 44
18 55 78
55 18 78
18 47 351
47 18 351
18 56 186
56 18 186
18 88 593
88 18 593
18 56 815
56 18 815
18 91 2
91 18 2
18 28 25
28 18 25
18 32 544
32 18 544
18 71 679
71 18 679
18 91 653
91 18 653
19 64 932
64 19 932
19 90 922
90 19 922
19 38 162
38 19 162
19 68 470
68 19 470
19 29 211
29 19 211
19 59 325
59 19 325
19 62 842
62 19 842
19 28 252
28 19 252
19 90 791
90 19 791
19 93 878
93 19 878
19 28 659
28 19 659
19 80 725
80 19 725
19 31 778
31 19 778
19 84 810
84 19 810
19 50 900
50 19 900
19 60 396
60 19 396
19 51 744
51 19 744
19 71 275
71 19 275
20 24 21
24 20 21
20 59 493
59 20 493
20 67 982
67 20 982
20 60 300
60 20 300
20 67 972
67 20 972
20 72 917
72 20 917
20 79 396
79 20 396
20 55 149
55 20 149
20 86 821
86 20 821
20 24 987
24 20 987
20 53 872
53 20 872
20 27 294
27 20 294
20 56 44
56 20 44
20 77 687
77 20 687
21 50 781
50 21 781
21 69 159
69 21 159
21 84 993
84 21 993
21 80 123
80 21 123
21 43 531
43 21 531
21 60 987
60 21 987
21 31 179
31 21 179
21 75 317
75 21 317
21 82 66
82 21 66
21 77 875
77 21 875
21 79 854
79 21 854
21 78 235
78 21 235
21 35 830
35 21 830
21 74 240
74 21 240
22 45 38
45 22 38
22 42 297
42 22 297
22 58 313
58 22 313
22 36 182
36 22 182
22 82 2
82 22 2
22 33 612
33 22 612
22 35 367
35 22 367
22 81 956
81 22 956
22 76 642
76 22 642
22 34 778
34 22 778
22 61 642
61 22 642
22 32 787
32 22 787
23 26 762
26 23 762
23 57 179
57 23 179
23 74 507
74 23 507
23 59 712
59 23 712
23 28 789
28 23 789
23 33 35
33 23 35
23 92 502
92 23 502
23 57 483
57 23 483
23 33 986
33 23 986
23 70 843
70 23 843
23 70 190
70 23 190
23 86 639
86 23 639
23 51 644
51 23 644
23 49 268
49 23 268
23 51 322
51 23 322
23 30 740
30 23 740
23 69 470
69 23 470
24 87 628
87 24 628
24 69 282
69 24 282
24 82 768
82 24 768
24 56 721
56 24 721
24 88 198
88 24 198
24 81 778
81 24 778
24 33 916
33 24 916
24 76 426
76 24 426
24 33 348
33 24 348
24 34 816
34 24 816
24 57 285
57 24 285
24 90 21
90 24 21
25 39 551
39 25 551
25 53 133
53 25 133
25 81 68
81 25 68
25 91 619
91 25 619
25 28 30
28 25 30
25 90 451
90 25 451
25 47 382
47 25 382
25 70 269
70 25 269
25 58 810
58 25 810
26 46 357
46 26 357
26 51 945
51 26 945
26 87 946
87 26 946
26 59 453
59 26 453
26 89 302
89 26 302
26 37 623
37 26 623
26 52 792
52 26 792
26 93 705
93 26 705
26 63 201
63 26 201
26 41 245
41 26 245
26 87 347
87 26 347
26 57 215
57 26 215
27 78 752
78 27 752
27 43 370
43 27 370
27 64 860
64 27 860
27 38 292
38 27 292
27 91 594
91 27 594
28 41 157
41 28 157
28 86 248
86 28 248
28 76 671
76 28 671
28 74 402
74 28 402
28 48 373
48 28 373
28 33 161
33 28 161
28 50 732
50 28 732
28 73 850
73 28 850
28 93 792
93 28 792
28 44 241
44 28 241
28 48 332
48 28 332
28 88 586
88 28 586
29 34 797
34 29 797
29 34 13
34 29 13
29 43 785
43 29 785
29 68 795
68 29 795
29 29 796
29 29 796
29 72 367
72 29 367
29 76 677
76 29 677
29 87 479
87 29 479
29 52 755
52 29 755
29 58 295
58 29 295
29 71 503
71 29 503
29 33 714
33 29 714
30 89 580
89 30 580
30 71 625
71 30 625
30 85 135
85 30 135
30 70 646
70 30 646
31 42 769
42 31 769
31 39 510
39 31 510
31 70 148
70 31 148
31 41 925
41 31 925
31 72 44
72 31 44
31 59 50
59 31 50
31 71 379
71 31 379
31 42 692
42 31 692
32 50 94
50 32 94
32 42 273
42 32 273
32 71 119
71 32 119
32 44 671
44 32 671
32 72 294
72 32 294
32 82 890
82 32 890
32 71 795
71 32 795
32 62 554
62 32 554
33 83 874
83 33 874
33 72 549
72 33 549
33 34 850
34 33 850
33 66 941
66 33 941
33 79 328
79 33 328
33 48 542
48 33 542
34 65 15
65 34 15
34 76 716
76 34 716
34 61 512
61 34 512
34 41 725
41 34 725
34 93 849
93 34 849
34 87 579
87 34 579
34 69 53
69 34 53
34 48 386
48 34 386
35 63 394
63 35 394
35 71 406
71 35 406
35 92 853
92 35 853
35 86 94
86 35 94
35 71 806
71 35 806
35 41 47
41 35 47
35 53 456
53 35 456
35 71 631
71 35 631
35 87 103
87 35 103
35 61 795
61 35 795
35 41 793
41 35 793
36 79 752
79 36 752
36 58 827
58 36 827
36 53 550
53 36 550
36 67 349
67 36 349
36 38 185
38 36 185
36 44 192
44 36 192
36 72 992
72 36 992
36 66 479
66 36 479
37 38 138
38 37 138
37 86 660
86 37 660
37 82 305
82 37 305
37 83 463
83 37 463
37 71 410
71 37 410
38 91 810
91 38 810
38 45 8
45 38 8
38 46 5
46 38 5
38 61 175
61 38 175
38 68 575
68 38 575
38 63 452
63 38 452
39 44 425
44 39 425
39 77 126
77 39 126
39 87 895
87 39 895
39 66 515
66 39 515
39 76 515
76 39 515
39 85 646
85 39 646
39 72 530
72 39 530
39 86 141
86 39 141
40 47 447
47 40 447
40 67 399
67 40 399
40 79 246
79 40 246
40 92 290
92 40 290
40 50 172
50 40 172
40 87 96
87 40 96
40 64 962
64 40 962
41 75 263
75 41 263
41 53 122
53 41 122
41 75 516
75 41 516
41 57 940
57 41 940
41 43 232
43 41 232
41 90 29
90 41 29
41 59 89
59 41 89
41 55 837
55 41 837
42 49 960
49 42 960
42 49 680
49 42 680
42 88 801
88 42 801
42 75 679
75 42 679
42 44 304
44 42 304
42 57 641
57 42 641
42 63 292
63 42 292
43 74 84
74 43 84
43 50 14
50 43 14
43 85 950
85 43 950
43 60 295
60 43 295
43 82 598
82 43 598
43 49 786
49 43 786
43 65 698
65 43 698
43 76 653
76 43 653
44 70 614
70 44 614
44 46 38
46 44 38
44 79 821
79 44 821
44 56 751
56 44 751
45 50 615
50 45 615
46 50 777
50 46 777
46 76 201
76 46 201
46 54 982
54 46 982
46 56 657
56 46 657
46 74 393
74 46 393
47 87 306
87 47 306
47 82 771
82 47 771
47 86 236
86 47 236
47 84 328
84 47 328
48 61 47
61 48 47
48 91 605
91 48 605
48 50 153
50 48 153
48 59 724
59 48 724
48 60 39
60 48 39
48 83 404
83 48 404
49 59 169
59 49 169
49 76 659
76 49 659
49 53 947
53 49 947
49 54 818
54 49 818
49 51 618
51 49 618
49 62 23
62 49 23
49 84 936
84 49 936
49 88 186
88 49 186
49 51 999
51 49 999
50 52 471
52 50 471
50 73 956
73 50 956
50 68 244
68 50 244
50 57 414
57 50 414
50 76 418
76 50 418
50 80 68
80 50 68
50 88 958
88 50 958
51 54 305
54 51 305
51 69 1000
69 51 1000
51 82 519
82 51 519
51 71 910
71 51 910
51 70 413
70 51 413
51 89 844
89 51 844
51 61 486
61 51 486
52 60 571
60 52 571
52 71 99
71 52 99
52 57 563
57 52 563
52 85 593
85 52 593
52 65 819
65 52 819
52 86 688
86 52 688
52 60 142
60 52 142
53 75 295
75 53 295
53 80 60
80 53 60
53 60 713
60 53 713
54 61 177
61 54 177
54 77 485
77 54 485
54 90 252
90 54 252
54 68 992
68 54 992
54 66 396
66 54 396
55 62 584
62 55 584
56 92 616
92 56 616
56 79 312
79 56 312
56 80 888
80 56 888
57 58 668
58 57 668
57 85 549
85 57 549
57 92 840
92 57 840
57 68 131
68 57 131
57 89 306
89 57 306
58 74 923
74 58 923
58 80 244
80 58 244
59 68 418
68 59 418
59 86 92
86 59 92
59 67 494
67 59 494
60 75 332
75 60 332
60 81 123
81 60 123
61 82 103
82 61 103
61 76 864
76 61 864
61 81 911
81 61 911
61 92 930
92 61 930
62 68 639
68 62 639
62 88 513
88 62 513
62 62 268
62 62 268
62 76 221
76 62 221
62 62 191
62 62 191
62 86 968
86 62 968
62 79 944
79 62 944
63 89 765
89 63 765
63 69 828
69 63 828
63 69 626
69 63 626
63 83 108
83 63 108
63 70 859
70 63 859
64 71 842
71 64 842
64 78 835
78 64 835
64 93 608
93 64 608
64 90 205
90 64 205
64 88 402
88 64 402
65 77 558
77 65 558
65 81 818
81 65 818
66 81 637
81 66 637
66 73 772
73 66 772
66 87 654
87 66 654
67 68 215
68 67 215
67 71 839
71 67 839
67 71 846
71 67 846
67 83 655
83 67 655
67 79 902
79 67 902
67 80 29
80 67 29
68 77 620
77 68 620
68 83 243
83 68 243
68 84 717
84 68 717
68 77 268
77 68 268
69 76 654
76 69 654
70 72 614
72 70 614
70 79 232
79 70 232
70 80 861
80 70 861
70 77 74
77 70 74
70 75 519
75 70 519
70 88 314
88 70 314
71 85 428
85 71 428
71 85 798
85 71 798
71 87 443
87 71 443
71 93 480
93 71 480
73 78 875
78 73 875
74 80 117
80 74 117
74 93 593
93 74 593
74 79 867
79 74 867
75 92 312
92 75 312
75 76 885
76 75 885
75 90 312
90 75 312
75 93 108
93 75 108
76 92 295
92 76 295
76 93 548
93 76 548
76 93 692
93 76 692
76 90 446
90 76 446
77 79 696
79 77 696
77 87 473
87 77 473
77 81 969
81 77 969
78 93 387
93 78 387
78 85 548
85 78 548
79 92 67
92 79 67
79 79 799
79 79 799
80 89 733
89 80 733
81 82 963
82 81 963
81 85 813
85 81 813
84 86 831
86 84 831
84 91 825
91 84 825
85 93 297
93 85 297
86 90 220
90 86 220
87 92 79
92 87 79
88 90 717
90 88 717
