73

0 1 602
1 0 602
0 2 346
2 0 346
0 3 795
3 0 795
0 4 694
4 0 694
0 5 851
5 0 851
0 7 516
7 0 516
0 72 2
72 0 2
0 56 44
56 0 44
0 44 434
44 0 434
0 14 656
14 0 656
0 63 318
63 0 318
0 52 858
52 0 858
0 60 409
60 0 409
0 20 843
20 0 843
1 9 613
9 1 613
1 23 441
23 1 441
1 33 127
33 1 127
1 60 571
60 1 571
1 62 588
62 1 588
1 45 753
45 1 753
1 40 810
40 1 810
1 3 193
3 1 193
1 69 35
69 1 35
1 59 515
59 1 515
1 55 451
55 1 451
1 17 434
17 1 434
1 4 775
4 1 775
2 24 498
24 2 498
2 56 688
56 2 688
2 64 589
64 2 589
2 61 864
61 2 864
2 26 590
26 2 590
2 33 417
33 2 417
2 19 871
19 2 871
2 9 623
9 2 623
2 20 42
20 2 42
2 18 441
18 2 441
2 63 551
63 2 551
2 30 48
30 2 48
2 5 303
5 2 303
2 12 956
12 2 956
2 25 355
25 2 355
2 14 318
14 2 318
2 19 997
19 2 997
2 54 657
54 2 657
2 44 677
44 2 677
3 6 384
6 3 384
3 19 536
19 3 536
3 21 183
21 3 183
3 43 677
43 3 677
3 69 904
69 3 904
3 33 834
33 3 834
3 27 698
27 3 698
3 46 104
46 3 104
3 23 971
23 3 971
3 53 328
53 3 328
3 21 178
21 3 178
3 5 578
5 3 578
3 37 378
37 3 378
3 24 841
24 3 841
3 23 215
23 3 215
3 58 873
58 3 873
3 15 674
15 3 674
3 20 969
20 3 969
3 42 908
42 3 908
4 8 735
8 4 735
4 49 267
49 4 267
4 21 679
21 4 679
4 12 507
12 4 507
4 20 166
20 4 166
4 14 113
14 4 113
4 31 822
31 4 822
4 29 930
29 4 930
4 18 147
18 4 147
4 47 431
47 4 431
4 51 378
51 4 378
4 64 481
64 4 481
4 23 747
23 4 747
4 68 369
68 4 369
4 11 52
11 4 52
4 71 857
71 4 857
4 13 684
13 4 684
4 60 576
60 4 576
4 69 669
69 4 669
5 16 648
16 5 648
5 71 173
71 5 173
5 68 600
68 5 600
5 72 398
72 5 398
5 36 253
36 5 253
5 54 128
54 5 128
5 22 334
22 5 334
5 54 468
54 5 468
5 54 493
54 5 493
5 32 184
32 5 184
5 50 750
50 5 750
5 34 901
34 5 901
5 70 852
70 5 852
5 12 264
12 5 264
5 37 566
37 5 566
5 11 230
11 5 230
5 54 692
54 5 692
6 14 766
14 6 766
6 22 153
22 6 153
6 72 712
72 6 712
6 63 48
63 6 48
6 64 263
64 6 263
6 23 173
23 6 173
6 11 304
11 6 304
6 72 738
72 6 738
6 29 543
29 6 543
6 48 752
48 6 752
6 69 270
69 6 270
6 31 596
31 6 596
6 41 545
41 6 545
7 15 1000
15 7 1000
7 18 864
18 7 864
7 26 647
26 7 647
7 28 929
28 7 929
7 34 993
34 7 993
7 40 533
40 7 533
7 39 357
39 7 357
7 40 537
40 7 537
7 34 264
34 7 264
7 41 729
41 7 729
7 64 218
64 7 218
7 63 896
63 7 896
7 21 769
21 7 769
7 42 273
42 7 273
7 39 530
39 7 530
7 25 874
25 7 874
7 30 883
30 7 883
8 59 48
59 8 48
8 68 389
68 8 389
8 70 936
70 8 936
8 62 621
62 8 621
8 68 448
68 8 448
9 10 659
10 9 659
9 48 936
48 9 936
9 52 260
52 9 260
9 45 715
45 9 715
9 67 587
67 9 587
9 48 974
48 9 974
9 69 605
69 9 605
9 72 157
72 9 157
9 72 301
72 9 301
9 43 803
43 9 803
9 15 943
15 9 943
9 59 102
59 9 102
9 38 400
38 9 400
9 48 448
48 9 448
9 9 624
9 9 624
10 11 975
11 10 975
10 12 170
12 10 170
10 17 140
17 10 140
10 25 926
25 10 926
10 29 763
29 10 763
10 30 41
30 10 41
10 13 261
13 10 261
10 36 454
36 10 454
10 52 456
52 10 456
10 48 56
48 10 56
10 63 20
63 10 20
10 39 582
39 10 582
10 57 475
57 10 475
10 16 233
16 10 233
10 48 745
48 10 745
10 72 83
72 10 83
10 31 823
31 10 823
11 45 48
45 11 48
11 61 254
61 11 254
11 67 96
67 11 96
11 49 915
49 11 915
11 66 838
66 11 838
11 21 489
21 11 489
11 47 559
47 11 559
11 32 831
32 11 831
11 67 562
67 11 562
11 50 712
50 11 712
11 38 164
38 11 164
11 58 284
58 11 284
11 12 864
12 11 864
12 13 703
13 12 703
12 35 4
35 12 4
12 39 504
39 12 504
12 46 763
46 12 763
12 69 525
69 12 525
12 67 463
67 12 463
12 59 504
59 12 504
12 58 263
58 12 263
13 32 229
32 13 229
13 47 422
47 13 422
13 66 595
66 13 595
13 44 806
44 13 806
13 70 692
70 13 692
13 31 43
31 13 43
13 34 625
34 13 625
13 47 954
47 13 954
13 27 128
27 13 128
13 45 95
45 13 95
14 69 697
69 14 697
14 48 697
48 14 697
14 43 839
43 14 839
14 72 730
72 14 730
14 26 147
26 14 147
14 71 923
71 14 923
14 36 9
36 14 9
14 34 79
34 14 79
14 32 616
32 14 616
15 27 72
27 15 72
15 49 565
49 15 565
15 22 640
22 15 640
15 72 952
72 15 952
15 69 379
69 15 379
15 23 689
23 15 689
15 29 942
29 15 942
15 26 387
26 15 387
15 42 738
42 15 738
15 50 218
50 15 218
15 38 884
38 15 884
15 70 468
70 15 468
16 20 274
20 16 274
16 36 376
36 16 376
16 54 925
54 16 925
16 58 589
58 16 589
16 60 673
60 16 673
16 63 845
63 16 845
16 65 555
65 16 555
16 54 667
54 16 667
16 52 93
52 16 93
16 20 477
20 16 477
16 20 331
20 16 331
16 44 529
44 16 529
16 42 204
42 16 204
16 70 322
70 16 322
17 63 531
63 17 531
17 66 642
66 17 642
17 39 902
39 17 902
17 57 947
57 17 947
18 58 987
58 18 987
18 64 388
64 18 388
18 51 889
51 18 889
18 46 272
46 18 272
18 61 888
61 18 888
18 65 787
65 18 787
18 39 515
39 18 515
18 63 162
63 18 162
19 36 813
36 19 813
19 23 785
23 19 785
19 39 723
39 19 723
19 70 858
70 19 858
19 62 328
62 19 328
19 53 178
53 19 178
19 32 251
32 19 251
19 27 999
27 19 999
19 47 905
47 19 905
19 43 154
43 19 154
20 51 280
51 20 280
20 33 827
33 20 827
20 67 650
67 20 650
20 27 999
27 20 999
20 51 802
51 20 802
20 65 370
65 20 370
21 31 124
31 21 124
21 53 745
53 21 745
21 23 411
23 21 411
21 29 23
29 21 23
21 72 728
72 21 728
22 38 702
38 22 702
22 40 395
40 22 395
22 38 455
38 22 455
22 54 670
54 22 670
22 72 347
72 22 347
22 58 231
58 22 231
22 38 159
38 22 159
23 41 419
41 23 419
23 25 620
25 23 620
23 55 995
55 23 995
23 69 667
69 23 667
23 34 908
34 23 908
23 40 581
40 23 581
23 54 113
54 23 113
23 61 302
61 23 302
23 69 888
69 23 888
23 43 46
43 23 46
23 50 243
50 23 243
23 50 366
50 23 366
23 39 947
39 23 947
24 38 356
38 24 356
24 64 259
64 24 259
24 54 885
54 24 885
24 62 586
62 24 586
24 53 370
53 24 370
24 52 389
52 24 389
25 60 656
60 25 656
25 50 64
50 25 64
25 41 354
41 25 354
25 49 152
49 25 152
25 63 778
63 25 778
26 46 149
46 26 149
26 50 119
50 26 119
26 51 288
51 26 288
26 29 745
29 26 745
26 63 834
63 26 834
26 66 533
66 26 533
26 48 480
48 26 480
26 37 679
37 26 679
27 37 344
37 27 344
27 38 418
38 27 418
27 34 675
34 27 675
27 32 430
32 27 430
27 40 38
40 27 38
27 46 542
46 27 542
28 71 629
71 28 629
28 54 601
54 28 601
28 36 487
36 28 487
28 44 929
44 28 929
28 28 905
28 28 905
28 32 125
32 28 125
28 59 39
59 28 39
28 46 95
46 28 95
28 53 287
53 28 287
28 68 779
68 28 779
29 41 237
41 29 237
29 50 252
50 29 252
29 55 98
55 29 98
29 36 649
36 29 649
29 39 426
39 29 426
30 53 450
53 30 450
30 35 134
35 30 134
30 46 601
46 30 601
30 66 71
66 30 71
30 67 658
67 30 658
30 47 417
47 30 417
30 41 230
41 30 230
31 60 259
60 31 259
31 43 860
43 31 860
31 67 829
67 31 829
31 57 505
57 31 505
31 32 978
32 31 978
31 54 319
54 31 319
32 60 569
60 32 569
32 36 837
36 32 837
32 34 737
34 32 737
32 32 98
32 32 98
32 66 316
66 32 316
32 61 107
61 32 107
32 42 768
42 32 768
32 45 681
45 32 681
33 42 412
42 33 412
33 51 159
51 33 159
33 57 666
57 33 666
33 43 319
43 33 319
33 60 686
60 33 686
33 34 80
34 33 80
33 38 102
38 33 102
33 71 571
71 33 571
33 59 345
59 33 345
33 59 118
59 33 118
33 41 396
41 33 396
34 72 435
72 34 435
34 65 721
65 34 721
34 44 404
44 34 404
34 48 868
48 34 868
34 67 854
67 34 854
34 55 476
55 34 476
34 72 709
72 34 709
35 36 907
36 35 907
35 39 44
39 35 44
35 70 767
70 35 767
35 50 693
50 35 693
35 65 390
65 35 390
35 50 308
50 35 308
35 52 724
52 35 724
36 55 536
55 36 536
36 60 248
60 36 248
36 71 682
71 36 682
36 70 518
70 36 518
37 54 151
54 37 151
37 60 88
60 37 88
37 68 260
68 37 260
38 57 980
57 38 980
38 70 989
70 38 989
38 55 206
55 38 206
38 66 224
66 38 224
38 71 186
71 38 186
38 68 7
68 38 7
38 65 389
65 38 389
38 66 216
66 38 216
39 65 582
65 39 582
39 40 536
40 39 536
39 61 181
61 39 181
39 43 55
43 39 55
39 41 101
41 39 101
39 55 239
55 39 239
39 51 216
51 39 216
39 59 296
59 39 296
39 51 691
51 39 691
40 67 713
67 40 713
40 56 546
56 40 546
40 52 340
52 40 340
41 44 554
44 41 554
41 62 848
62 41 848
41 62 149
62 41 149
41 72 79
72 41 79
42 67 601
67 42 601
42 46 116
46 42 116
42 63 336
63 42 336
42 58 739
58 42 739
42 43 925
43 42 925
43 69 483
69 43 483
43 57 888
57 43 888
43 64 136
64 43 136
43 60 86
60 43 86
43 63 259
63 43 259
44 58 350
58 44 350
44 48 677
48 44 677
45 55 299
55 45 299
45 53 383
53 45 383
45 71 416
71 45 416
45 62 426
62 45 426
45 67 437
67 45 437
45 63 170
63 45 170
45 66 613
66 45 613
45 62 671
62 45 671
46 48 171
48 46 171
47 61 683
61 47 683
47 60 988
60 47 988
47 53 412
53 47 412
47 52 513
52 47 513
47 67 456
67 47 456
48 71 696
71 48 696
48 61 302
61 48 302
48 70 648
70 48 648
48 61 976
61 48 976
48 59 378
59 48 378
49 72 741
72 49 741
50 69 96
69 50 96
50 57 309
57 50 309
50 72 183
72 50 183
51 66 397
66 51 397
51 69 209
69 51 209
51 59 25
59 51 25
51 70 562
70 51 562
52 57 548
57 52 548
52 54 495
54 52 495
52 66 895
66 52 895
52 70 640
70 52 640
53 67 380
67 53 380
53 64 446
64 53 446
53 57 900
57 53 900
53 57 610
57 53 610
53 72 618
72 53 618
54 69 503
69 54 503
54 65 173
65 54 173
55 56 881
56 55 881
55 72 34
72 55 34
55 68 832
68 55 832
55 66 616
66 55 616
56 69 166
69 56 166
57 68 36
68 57 36
57 57 324
57 57 324
57 63 967
63 57 967
57 65 708
65 57 708
57 65 833
65 57 833
58 66 709
66 58 709
58 61 940
61 58 940
59 63 309
63 59 309
59 62 891
62 59 891
59 60 92
60 59 92
60 62 163
62 60 163
60 62 748
62 60 748
61 66 845
66 61 845
62 68 733
68 62 733
62 65 457
65 62 457
63 72 933
72 63 933
63 64 659
64 63 659
64 65 246
65 64 246
64 68 18
68 64 18
65 72 582
72 65 582
65 65 367
65 65 367
67 72 19
72 67 19
68 72 518
72 68 518
68 71 292
71 68 292
