73

0 1 912
1 0 912
0 2 520
2 0 520
0 32 998
32 0 998
0 50 148
50 0 148
0 56 358
56 0 358
0 34 365
34 0 365
0 44 660
44 0 660
0 27 403
27 0 403
0 25 831
25 0 831
0 12 270
12 0 270
1 3 271
3 1 271
1 8 482
8 1 482
1 37 140
37 1 140
1 43 962
43 1 962
1 70 833
70 1 833
1 38 818
38 1 818
1 9 176
9 1 176
1 33 186
33 1 186
1 58 205
58 1 205
1 36 454
36 1 454
2 4 390
4 2 390
2 9 693
9 2 693
2 12 645
12 2 645
2 23 491
23 2 491
2 38 201
38 2 201
2 29 624
29 2 624
2 11 615
11 2 615
2 32 225
32 2 225
2 43 29
43 2 29
2 18 387
18 2 387
3 6 893
6 3 893
3 29 60
29 3 60
3 35 407
35 3 407
3 55 903
55 3 903
3 26 242
26 3 242
3 16 873
16 3 873
3 16 208
16 3 208
3 71 295
71 3 295
3 49 66
49 3 66
3 62 306
62 3 306
3 68 281
68 3 281
4 5 515
5 4 515
4 15 801
15 4 801
4 49 79
49 4 79
4 20 166
20 4 166
4 17 838
17 4 838
5 25 618
25 5 618
5 66 651
66 5 651
5 70 932
70 5 932
5 64 396
64 5 396
5 12 148
12 5 148
6 7 837
7 6 837
6 16 295
16 6 295
6 17 145
17 6 145
6 20 623
20 6 623
6 24 146
24 6 146
6 70 380
70 6 380
6 37 139
37 6 139
6 21 74
21 6 74
6 16 504
16 6 504
7 14 590
14 7 590
7 64 96
64 7 96
7 40 700
40 7 700
7 32 311
32 7 311
8 10 927
10 8 927
8 35 410
35 8 410
8 38 886
38 8 886
8 61 284
61 8 284
8 54 80
54 8 80
9 11 667
11 9 667
9 13 134
13 9 134
9 18 603
18 9 603
9 51 260
51 9 260
9 69 620
69 9 620
9 53 419
53 9 419
9 20 532
20 9 532
9 36 192
36 9 192
10 22 952
22 10 952
10 26 271
26 10 271
10 48 856
48 10 856
11 39 67
39 11 67
11 24 490
24 11 490
11 59 873
59 11 873
12 21 357
21 12 357
12 48 508
48 12 508
12 29 44
29 12 44
12 38 954
38 12 954
12 56 970
56 12 970
12 26 772
26 12 772
12 17 657
17 12 657
13 34 159
34 13 159
13 41 322
41 13 322
13 70 530
70 13 530
14 47 634
47 14 634
14 28 738
28 14 738
14 35 196
35 14 196
14 23 944
23 14 944
14 60 979
60 14 979
15 42 137
42 15 137
15 52 18
52 15 18
15 69 361
69 15 361
16 30 140
30 16 140
16 52 184
52 16 184
16 24 300
24 16 300
16 45 638
45 16 638
16 60 651
60 16 651
16 48 837
48 16 837
16 59 587
59 16 587
17 58 532
58 17 532
17 66 366
66 17 366
17 67 261
67 17 261
17 47 361
47 17 361
17 26 590
26 17 590
18 19 227
19 18 227
19 36 35
36 19 35
19 64 392
64 19 392
19 37 171
37 19 171
19 63 856
63 19 856
19 70 184
70 19 184
20 33 91
33 20 91
20 41 134
41 20 134
20 44 564
44 20 564
20 49 126
49 20 126
21 28 147
28 21 147
21 39 216
39 21 216
21 25 224
25 21 224
23 26 456
26 23 456
23 55 303
55 23 303
23 34 798
34 23 798
24 27 418
27 24 418
24 24 853
24 24 853
25 65 975
65 25 975
25 66 157
66 25 157
25 71 618
71 25 618
26 51 744
51 26 744
26 68 989
68 26 989
27 57 288
57 27 288
27 32 725
32 27 725
27 34 947
34 27 947
27 48 459
48 27 459
27 57 81
57 27 81
28 61 548
61 28 548
28 42 433
42 28 433
29 31 652
31 29 652
29 57 652
57 29 652
30 46 713
46 30 713
31 45 757
45 31 757
31 52 740
52 31 740
32 72 845
72 32 845
32 68 152
68 32 152
33 44 267
44 33 267
33 64 701
64 33 701
35 40 744
40 35 744
35 62 804
62 35 804
35 69 581
69 35 581
37 53 593
53 37 593
37 59 517
59 37 517
41 66 209
66 41 209
42 54 234
54 42 234
42 70 611
70 42 611
42 68 27
68 42 27
42 67 630
67 42 630
42 53 732
53 42 732
42 64 953
64 42 953
44 60 401
60 44 401
44 67 962
67 44 962
44 68 451
68 44 451
44 46 10
46 44 10
44 44 573
44 44 573
45 62 624
62 45 624
46 65 29
65 46 29
47 56 7
56 47 7
47 63 141
63 47 141
48 69 973
69 48 973
48 71 246
71 48 246
50 63 530
63 50 530
50 68 387
68 50 387
50 55 136
55 50 136
50 68 443
68 50 443
51 61 900
61 51 900
52 71 81
71 52 81
52 66 959
66 52 959
53 55 505
55 53 505
53 71 519
71 53 519
53 72 554
72 53 554
54 66 97
66 54 97
55 62 740
62 55 740
55 68 668
68 55 668
57 67 512
67 57 512
58 59 81
59 58 81
60 71 498
71 60 498
65 66 420
66 65 420
