77

0 1 820
1 0 820
0 4 854
4 0 854
0 19 1000
19 0 1000
0 58 289
58 0 289
0 15 319
15 0 319
0 60 539
60 0 539
0 54 532
54 0 532
0 47 483
47 0 483
0 37 818
37 0 818
0 53 981
53 0 981
0 24 463
24 0 463
0 50 846
50 0 846
0 17 214
17 0 214
0 47 829
47 0 829
1 2 857
2 1 857
1 5 8
5 1 8
1 8 30
8 1 30
1 16 816
16 1 816
1 52 355
52 1 355
1 30 536
30 1 536
1 46 497
46 1 497
1 22 787
22 1 787
1 36 728
36 1 728
1 33 410
33 1 410
1 59 275
59 1 275
1 50 520
50 1 520
2 3 370
3 2 370
2 6 678
6 2 678
2 7 230
7 2 230
2 13 581
13 2 581
2 15 329
15 2 329
2 68 882
68 2 882
2 18 980
18 2 980
2 26 887
26 2 887
2 71 752
71 2 752
2 6 779
6 2 779
2 65 181
65 2 181
2 22 986
22 2 986
2 74 557
74 2 557
2 5 714
5 2 714
3 9 537
9 3 537
3 18 679
18 3 679
3 26 269
26 3 269
3 39 917
39 3 917
3 60 703
60 3 703
3 68 454
68 3 454
3 27 784
27 3 784
3 61 2
61 3 2
3 62 615
62 3 615
3 65 624
65 3 624
3 8 72
8 3 72
3 54 824
54 3 824
3 15 375
15 3 375
3 18 991
18 3 991
3 55 14
55 3 14
3 63 449
63 3 449
3 56 551
56 3 551
3 44 842
44 3 842
4 14 76
14 4 76
4 11 872
11 4 872
4 8 770
8 4 770
4 28 534
28 4 534
4 37 566
37 4 566
4 72 640
72 4 640
4 32 109
32 4 109
4 52 306
52 4 306
4 4 613
4 4 613
4 5 618
5 4 618
4 43 813
43 4 813
4 29 128
29 4 128
4 72 708
72 4 708
5 57 646
57 5 646
5 69 85
69 5 85
5 54 730
54 5 730
5 43 486
43 5 486
5 58 18
58 5 18
5 57 260
57 5 260
5 52 814
52 5 814
5 35 531
35 5 531
5 60 439
60 5 439
6 12 500
12 6 500
6 41 404
41 6 404
6 50 630
50 6 630
6 63 943
63 6 943
6 75 234
75 6 234
6 7 744
7 6 744
6 56 221
56 6 221
6 64 372
64 6 372
6 23 977
23 6 977
6 76 513
76 6 513
7 11 104
11 7 104
7 24 611
24 7 611
7 27 522
27 7 522
7 22 416
22 7 416
7 12 207
12 7 207
7 40 241
40 7 241
7 54 267
54 7 267
7 23 864
23 7 864
7 39 111
39 7 111
7 67 935
67 7 935
8 10 925
10 8 925
8 22 958
22 8 958
8 36 960
36 8 960
8 53 310
53 8 310
8 64 826
64 8 826
8 32 739
32 8 739
8 45 14
45 8 14
9 34 827
34 9 827
9 56 371
56 9 371
9 55 228
55 9 228
9 11 609
11 9 609
9 36 610
36 9 610
9 57 567
57 9 567
9 14 577
14 9 577
9 21 700
21 9 700
9 33 567
33 9 567
9 16 847
16 9 847
9 11 2
11 9 2
10 21 794
21 10 794
10 64 839
64 10 839
10 17 654
17 10 654
10 48 675
48 10 675
11 62 48
62 11 48
11 33 584
33 11 584
11 48 229
48 11 229
12 38 217
38 12 217
12 64 835
64 12 835
12 22 762
22 12 762
12 27 794
27 12 794
12 38 155
38 12 155
12 24 393
24 12 393
12 14 1000
14 12 1000
12 69 398
69 12 398
13 63 955
63 13 955
13 30 299
30 13 299
13 53 278
53 13 278
13 25 818
25 13 818
13 72 46
72 13 46
13 29 5
29 13 5
13 65 203
65 13 203
13 42 178
42 13 178
14 35 168
35 14 168
14 38 947
38 14 947
14 69 228
69 14 228
15 20 885
20 15 885
15 48 664
48 15 664
15 73 642
73 15 642
15 32 284
32 15 284
15 64 463
64 15 463
16 17 818
17 16 818
16 42 222
42 16 222
16 55 686
55 16 686
16 37 216
37 16 216
17 32 186
32 17 186
17 76 337
76 17 337
17 51 831
51 17 831
17 50 482
50 17 482
17 63 500
63 17 500
18 31 644
31 18 644
18 54 857
54 18 857
18 34 369
34 18 369
18 28 658
28 18 658
18 30 269
30 18 269
18 37 383
37 18 383
18 38 129
38 18 129
18 38 465
38 18 465
18 54 290
54 18 290
19 63 277
63 19 277
19 32 655
32 19 655
19 30 474
30 19 474
19 67 838
67 19 838
20 44 95
44 20 95
20 23 106
23 20 106
20 70 681
70 20 681
20 40 904
40 20 904
20 38 87
38 20 87
20 54 331
54 20 331
20 45 862
45 20 862
20 67 161
67 20 161
21 25 446
25 21 446
21 42 343
42 21 343
21 51 478
51 21 478
21 46 788
46 21 788
21 34 805
34 21 805
21 64 508
64 21 508
21 74 232
74 21 232
22 23 299
23 22 299
22 29 534
29 22 534
22 40 90
40 22 90
22 66 385
66 22 385
22 42 153
42 22 153
22 51 505
51 22 505
22 76 332
76 22 332
23 48 651
48 23 651
23 48 130
48 23 130
23 72 172
72 23 172
23 30 357
30 23 357
23 46 372
46 23 372
23 49 559
49 23 559
23 74 961
74 23 961
23 68 343
68 23 343
24 28 24
28 24 24
24 37 926
37 24 926
24 49 33
49 24 33
24 35 812
35 24 812
24 49 577
49 24 577
25 68 362
68 25 362
25 29 359
29 25 359
25 58 212
58 25 212
25 49 758
49 25 758
25 28 823
28 25 823
26 43 775
43 26 775
26 62 873
62 26 873
26 72 770
72 26 770
26 54 426
54 26 426
26 30 618
30 26 618
26 70 628
70 26 628
26 43 941
43 26 941
26 28 556
28 26 556
27 45 666
45 27 666
27 48 748
48 27 748
27 71 99
71 27 99
27 70 857
70 27 857
27 30 762
30 27 762
28 55 212
55 28 212
28 47 771
47 28 771
28 73 570
73 28 570
28 55 282
55 28 282
28 36 216
36 28 216
28 62 821
62 28 821
28 37 736
37 28 736
29 30 746
30 29 746
29 32 738
32 29 738
29 54 876
54 29 876
29 52 36
52 29 36
29 61 712
61 29 712
29 38 142
38 29 142
29 51 238
51 29 238
30 33 360
33 30 360
30 59 406
59 30 406
30 49 320
49 30 320
30 44 468
44 30 468
31 32 917
32 31 917
31 76 634
76 31 634
31 69 787
69 31 787
31 31 553
31 31 553
31 35 568
35 31 568
31 68 731
68 31 731
32 35 601
35 32 601
32 68 573
68 32 573
32 65 372
65 32 372
32 58 933
58 32 933
32 74 464
74 32 464
33 66 270
66 33 270
33 36 392
36 33 392
33 57 69
57 33 69
33 43 497
43 33 497
33 63 395
63 33 395
34 71 163
71 34 163
34 73 613
73 34 613
34 75 159
75 34 159
34 53 317
53 34 317
35 47 71
47 35 71
35 65 689
65 35 689
35 53 317
53 35 317
35 39 376
39 35 376
35 68 557
68 35 557
35 39 419
39 35 419
35 60 386
60 35 386
35 71 26
71 35 26
36 38 31
38 36 31
36 45 878
45 36 878
36 70 143
70 36 143
36 76 557
76 36 557
37 54 415
54 37 415
37 38 986
38 37 986
37 46 799
46 37 799
37 59 751
59 37 751
38 49 532
49 38 532
38 72 730
72 38 730
38 55 36
55 38 36
38 42 161
42 38 161
38 51 702
51 38 702
38 42 259
42 38 259
38 67 285
67 38 285
39 47 591
47 39 591
39 50 840
50 39 840
40 46 894
46 40 894
40 44 9
44 40 9
40 60 755
60 40 755
40 72 142
72 40 142
40 48 1000
48 40 1000
41 61 635
61 41 635
41 60 684
60 41 684
41 60 496
60 41 496
41 70 536
70 41 536
42 51 537
51 42 537
42 53 129
53 42 129
43 65 2
65 43 2
43 64 48
64 43 48
44 50 978
50 44 978
44 62 172
62 44 172
44 67 812
67 44 812
45 66 40
66 45 40
45 60 354
60 45 354
45 59 777
59 45 777
45 74 486
74 45 486
46 50 44
50 46 44
46 63 748
63 46 748
48 75 548
75 48 548
48 60 350
60 48 350
48 70 737
70 48 737
49 74 438
74 49 438
50 62 155
62 50 155
50 55 145
55 50 145
50 58 330
58 50 330
50 65 48
65 50 48
51 52 173
52 51 173
51 60 344
60 51 344
52 60 330
60 52 330
53 72 201
72 53 201
54 71 15
71 54 15
54 66 394
66 54 394
55 67 153
67 55 153
55 61 264
61 55 264
55 61 284
61 55 284
55 74 412
74 55 412
55 60 685
60 55 685
56 74 462
74 56 462
56 58 450
58 56 450
56 69 938
69 56 938
57 69 614
69 57 614
57 65 483
65 57 483
58 63 308
63 58 308
59 72 600
72 59 600
59 69 143
69 59 143
60 74 121
74 60 121
61 61 473
61 61 473
61 67 283
67 61 283
61 63 275
63 61 275
62 72 927
72 62 927
65 73 799
73 65 799
68 70 374
70 68 374
68 73 709
73 68 709
68 69 604
69 68 604
68 71 755
71 68 755
69 75 60
75 69 60
69 71 701
71 69 701
