51

0 1 983
1 0 983
0 3 538
3 0 538
0 7 921
7 0 921
0 8 235
8 0 235
0 18 553
18 0 553
0 23 520
23 0 520
0 31 727
31 0 727
0 39 16
39 0 16
0 41 23
41 0 23
0 2 852
2 0 852
0 10 131
10 0 131
0 42 450
42 0 450
0 36 489
36 0 489
0 11 846
11 0 846
0 16 257
16 0 257
0 31 777
31 0 777
0 27 850
27 0 850
0 13 823
13 0 823
0 17 130
17 0 130
0 43 624
43 0 624
0 34 94
34 0 94
0 26 891
26 0 891
1 2 262
2 1 262
1 9 417
9 1 417
1 15 111
15 1 111
1 21 641
21 1 641
1 43 902
43 1 902
1 46 292
46 1 292
1 34 877
34 1 877
1 5 109
5 1 109
1 15 755
15 1 755
1 48 107
48 1 107
1 23 682
23 1 682
1 32 570
32 1 570
1 9 757
9 1 757
1 19 191
19 1 191
1 9 927
9 1 927
1 16 274
16 1 274
1 40 419
40 1 419
1 44 16
44 1 16
1 8 258
8 1 258
1 20 474
20 1 474
2 4 783
4 2 783
2 5 737
5 2 737
2 30 222
30 2 222
2 36 978
36 2 978
2 10 145
10 2 145
2 39 894
39 2 894
2 3 149
3 2 149
2 42 857
42 2 857
2 32 80
32 2 80
2 22 801
22 2 801
2 34 797
34 2 797
2 35 523
35 2 523
2 21 181
21 2 181
2 5 726
5 2 726
2 14 394
14 2 394
3 22 267
22 3 267
3 33 446
33 3 446
3 36 535
36 3 535
3 31 363
31 3 363
3 46 446
46 3 446
3 28 287
28 3 287
3 25 998
25 3 998
3 20 987
20 3 987
3 11 710
11 3 710
4 6 313
6 4 313
4 40 795
40 4 795
4 49 341
49 4 341
4 30 249
30 4 249
4 31 801
31 4 801
4 46 482
46 4 482
4 42 727
42 4 727
4 24 182
24 4 182
4 40 399
40 4 399
4 35 753
35 4 753
4 11 499
11 4 499
4 36 403
36 4 403
4 20 301
20 4 301
5 12 888
12 5 888
5 20 599
20 5 599
5 34 381
34 5 381
5 50 861
50 5 861
5 45 267
45 5 267
5 8 377
8 5 377
5 24 896
24 5 896
5 33 82
33 5 82
5 23 505
23 5 505
5 13 18
13 5 18
5 41 547
41 5 547
5 41 114
41 5 114
6 10 379
10 6 379
6 46 680
46 6 680
6 15 571
15 6 571
6 17 610
17 6 610
6 23 521
23 6 521
6 40 589
40 6 589
6 11 784
11 6 784
6 30 679
30 6 679
6 34 852
34 6 852
6 44 872
44 6 872
6 24 378
24 6 378
6 15 502
15 6 502
6 30 981
30 6 981
6 47 180
47 6 180
7 45 207
45 7 207
7 8 467
8 7 467
7 18 164
18 7 164
7 37 770
37 7 770
7 17 999
17 7 999
7 9 866
9 7 866
7 13 328
13 7 328
7 20 420
20 7 420
7 33 472
33 7 472
7 34 829
34 7 829
7 21 752
21 7 752
7 41 730
41 7 730
7 49 891
49 7 891
8 11 153
11 8 153
8 30 955
30 8 955
8 45 429
45 8 429
8 32 811
32 8 811
8 36 234
36 8 234
8 46 349
46 8 349
8 19 824
19 8 824
8 13 871
13 8 871
8 14 991
14 8 991
9 11 407
11 9 407
9 25 893
25 9 893
9 28 344
28 9 344
9 20 349
20 9 349
9 15 845
15 9 845
9 47 894
47 9 894
9 39 138
39 9 138
9 34 714
34 9 714
9 21 464
21 9 464
9 19 630
19 9 630
9 41 962
41 9 962
9 45 315
45 9 315
9 46 19
46 9 19
9 12 998
12 9 998
10 17 465
17 10 465
10 14 722
14 10 722
10 17 932
17 10 932
10 32 612
32 10 612
10 50 486
50 10 486
10 34 437
34 10 437
10 47 853
47 10 853
10 45 395
45 10 395
10 26 453
26 10 453
11 16 634
16 11 634
11 31 877
31 11 877
11 40 396
40 11 396
11 50 642
50 11 642
11 20 907
20 11 907
11 34 197
34 11 197
11 36 98
36 11 98
12 13 724
13 12 724
12 16 747
16 12 747
12 40 243
40 12 243
12 46 785
46 12 785
12 32 571
32 12 571
12 30 846
30 12 846
12 30 805
30 12 805
12 43 127
43 12 127
12 17 992
17 12 992
13 14 976
14 13 976
13 48 56
48 13 56
13 37 231
37 13 231
13 44 239
44 13 239
13 35 377
35 13 377
13 18 597
18 13 597
13 15 579
15 13 579
13 14 239
14 13 239
13 24 720
24 13 720
13 28 241
28 13 241
13 50 978
50 13 978
13 43 241
43 13 241
13 48 377
48 13 377
14 19 370
19 14 370
14 26 721
26 14 721
14 48 430
48 14 430
14 17 148
17 14 148
14 42 871
42 14 871
14 20 25
20 14 25
14 34 840
34 14 840
14 16 689
16 14 689
14 44 662
44 14 662
15 42 503
42 15 503
15 40 181
40 15 181
15 37 310
37 15 310
15 24 249
24 15 249
15 18 349
18 15 349
15 49 489
49 15 489
15 32 500
32 15 500
15 36 931
36 15 931
15 22 251
22 15 251
15 46 180
46 15 180
15 39 129
39 15 129
16 27 197
27 16 197
16 48 729
48 16 729
16 28 341
28 16 341
16 22 972
22 16 972
16 34 854
34 16 854
16 16 427
16 16 427
16 43 521
43 16 521
16 26 865
26 16 865
16 42 854
42 16 854
16 32 446
32 16 446
16 31 458
31 16 458
16 49 889
49 16 889
16 19 504
19 16 504
17 25 20
25 17 20
17 29 871
29 17 871
17 23 88
23 17 88
17 18 639
18 17 639
17 36 979
36 17 979
17 31 708
31 17 708
17 30 989
30 17 989
17 22 766
22 17 766
17 39 662
39 17 662
18 39 642
39 18 642
18 20 58
20 18 58
18 25 324
25 18 324
18 22 765
22 18 765
18 47 640
47 18 640
18 45 876
45 18 876
18 19 244
19 18 244
18 23 139
23 18 139
19 38 990
38 19 990
19 32 823
32 19 823
19 44 240
44 19 240
19 29 512
29 19 512
19 21 697
21 19 697
19 23 96
23 19 96
19 45 293
45 19 293
19 27 884
27 19 884
19 40 273
40 19 273
19 44 82
44 19 82
19 26 353
26 19 353
19 24 809
24 19 809
20 24 78
24 20 78
20 48 38
48 20 38
20 26 358
26 20 358
20 26 311
26 20 311
20 27 527
27 20 527
20 26 931
26 20 931
20 23 691
23 20 691
21 23 717
23 21 717
21 48 112
48 21 112
21 30 155
30 21 155
21 24 759
24 21 759
21 42 391
42 21 391
21 27 817
27 21 817
21 37 618
37 21 618
22 49 301
49 22 301
22 33 960
33 22 960
22 44 13
44 22 13
22 27 614
27 22 614
22 45 545
45 22 545
22 32 693
32 22 693
22 37 45
37 22 45
22 43 842
43 22 842
22 49 590
49 22 590
22 26 594
26 22 594
22 44 503
44 22 503
22 26 757
26 22 757
22 49 319
49 22 319
23 32 170
32 23 170
23 47 219
47 23 219
23 41 45
41 23 45
23 33 380
33 23 380
24 26 190
26 24 190
24 42 688
42 24 688
24 31 442
31 24 442
25 42 91
42 25 91
25 42 344
42 25 344
25 27 138
27 25 138
25 50 134
50 25 134
25 43 279
43 25 279
25 48 955
48 25 955
26 29 794
29 26 794
26 35 51
35 26 51
26 45 191
45 26 191
26 44 509
44 26 509
26 36 52
36 26 52
26 35 692
35 26 692
26 26 748
26 26 748
27 42 504
42 27 504
27 47 33
47 27 33
27 46 548
46 27 548
27 37 75
37 27 75
27 38 55
38 27 55
27 28 459
28 27 459
27 33 276
33 27 276
27 32 436
32 27 436
28 44 369
44 28 369
28 46 76
46 28 76
28 45 647
45 28 647
28 43 240
43 28 240
28 31 539
31 28 539
28 30 327
30 28 327
29 50 839
50 29 839
29 40 840
40 29 840
29 49 444
49 29 444
29 39 618
39 29 618
29 33 638
33 29 638
29 36 911
36 29 911
29 36 653
36 29 653
30 36 665
36 30 665
31 50 704
50 31 704
31 40 252
40 31 252
31 34 281
34 31 281
31 33 765
33 31 765
31 33 429
33 31 429
31 39 71
39 31 71
32 48 744
48 32 744
32 50 886
50 32 886
32 43 660
43 32 660
32 44 100
44 32 100
32 32 325
32 32 325
33 41 421
41 33 421
33 40 916
40 33 916
33 35 840
35 33 840
33 36 614
36 33 614
33 34 899
34 33 899
33 43 510
43 33 510
34 40 511
40 34 511
34 45 811
45 34 811
34 36 794
36 34 794
34 50 155
50 34 155
35 46 501
46 35 501
35 48 583
48 35 583
35 42 371
42 35 371
36 37 516
37 36 516
36 45 490
45 36 490
36 41 484
41 36 484
37 42 470
42 37 470
37 38 64
38 37 64
37 47 382
47 37 382
37 38 277
38 37 277
38 40 143
40 38 143
39 41 818
41 39 818
39 46 66
46 39 66
39 47 495
47 39 495
39 39 3
39 39 3
40 42 831
42 40 831
40 41 260
41 40 260
40 49 179
49 40 179
40 47 294
47 40 294
41 48 432
48 41 432
41 48 682
48 41 682
41 47 890
47 41 890
42 46 999
46 42 999
42 42 743
42 42 743
43 44 146
44 43 146
45 47 721
47 45 721
45 46 132
46 45 132
49 50 706
50 49 706
49 49 711
49 49 711
50 50 283
50 50 283
