82

0 1 669
1 0 669
0 2 800
2 0 800
0 3 359
3 0 359
0 5 152
5 0 152
0 10 573
10 0 573
0 68 447
68 0 447
0 19 505
19 0 505
0 60 510
60 0 510
0 8 657
8 0 657
0 63 623
63 0 623
0 13 282
13 0 282
0 1 3
1 0 3
0 13 523
13 0 523
0 34 257
34 0 257
0 81 639
81 0 639
0 16 153
16 0 153
0 80 245
80 0 245
0 21 783
21 0 783
0 27 287
27 0 287
0 32 165
32 0 165
0 20 429
20 0 429
1 8 275
8 1 275
1 62 368
62 1 368
1 62 887
62 1 887
1 79 889
79 1 889
1 60 849
60 1 849
1 62 86
62 1 86
1 45 579
45 1 579
1 81 421
81 1 421
1 32 803
32 1 803
1 37 866
37 1 866
1 7 163
7 1 163
1 56 288
56 1 288
1 34 67
34 1 67
1 5 595
5 1 595
2 12 140
12 2 140
2 27 581
27 2 581
2 18 781
18 2 781
2 38 441
38 2 441
2 79 377
79 2 377
2 31 453
31 2 453
2 64 26
64 2 26
2 53 146
53 2 146
2 62 106
62 2 106
2 62 983
62 2 983
2 68 913
68 2 913
2 23 426
23 2 426
2 29 32
29 2 32
2 9 452
9 2 452
2 13 746
13 2 746
3 4 150
4 3 150
3 6 97
6 3 97
3 11 189
11 3 189
3 36 809
36 3 809
3 49 882
49 3 882
3 51 28
51 3 28
3 75 911
75 3 911
3 72 995
72 3 995
3 17 90
17 3 90
3 44 288
44 3 288
3 56 104
56 3 104
3 20 225
20 3 225
3 7 636
7 3 636
3 69 74
69 3 74
3 55 606
55 3 606
3 45 864
45 3 864
3 60 634
60 3 634
3 28 524
28 3 524
3 81 282
81 3 282
4 22 402
22 4 402
4 47 541
47 4 541
4 15 105
15 4 105
4 61 200
61 4 200
4 29 387
29 4 387
4 16 934
16 4 934
4 18 283
18 4 283
4 64 504
64 4 504
4 47 713
47 4 713
4 27 131
27 4 131
4 68 393
68 4 393
4 81 710
81 4 710
4 38 407
38 4 407
5 13 631
13 5 631
5 46 747
46 5 747
5 63 633
63 5 633
5 68 744
68 5 744
5 72 527
72 5 527
5 46 348
46 5 348
5 53 986
53 5 986
5 24 761
24 5 761
5 78 300
78 5 300
5 36 623
36 5 623
5 16 498
16 5 498
5 17 983
17 5 983
5 36 515
36 5 515
5 50 991
50 5 991
5 7 417
7 5 417
5 41 159
41 5 159
6 7 401
7 6 401
6 14 759
14 6 759
6 15 463
15 6 463
6 26 433
26 6 433
6 64 571
64 6 571
6 73 434
73 6 434
6 18 177
18 6 177
6 26 978
26 6 978
6 40 763
40 6 763
6 50 490
50 6 490
6 69 60
69 6 60
6 26 911
26 6 911
6 53 98
53 6 98
6 34 113
34 6 113
6 33 515
33 6 515
6 44 307
44 6 307
6 61 219
61 6 219
6 30 327
30 6 327
6 10 836
10 6 836
6 53 647
53 6 647
6 72 913
72 6 913
6 60 19
60 6 19
7 21 845
21 7 845
7 41 911
41 7 911
7 16 83
16 7 83
7 23 460
23 7 460
7 54 85
54 7 85
7 53 36
53 7 36
7 25 135
25 7 135
7 22 708
22 7 708
7 22 129
22 7 129
7 72 679
72 7 679
7 81 323
81 7 323
7 9 579
9 7 579
7 55 944
55 7 944
7 20 319
20 7 319
7 24 126
24 7 126
7 7 253
7 7 253
8 9 516
9 8 516
8 23 60
23 8 60
8 24 230
24 8 230
8 41 558
41 8 558
8 28 956
28 8 956
8 62 696
62 8 696
8 19 896
19 8 896
8 59 415
59 8 415
8 9 516
9 8 516
8 55 396
55 8 396
8 79 869
79 8 869
8 69 646
69 8 646
8 11 356
11 8 356
8 27 225
27 8 225
8 58 140
58 8 140
9 43 691
43 9 691
9 33 390
33 9 390
9 15 398
15 9 398
9 34 191
34 9 191
9 73 267
73 9 267
9 64 613
64 9 613
9 61 981
61 9 981
9 81 918
81 9 918
10 20 691
20 10 691
10 25 959
25 10 959
10 42 937
42 10 937
10 67 20
67 10 20
10 28 658
28 10 658
10 38 339
38 10 339
10 77 782
77 10 782
10 13 407
13 10 407
10 24 276
24 10 276
10 24 429
24 10 429
10 61 98
61 10 98
10 73 414
73 10 414
10 74 877
74 10 877
11 17 74
17 11 74
11 50 857
50 11 857
11 24 624
24 11 624
11 53 524
53 11 524
11 48 759
48 11 759
11 72 929
72 11 929
11 27 404
27 11 404
11 13 976
13 11 976
11 23 742
23 11 742
11 41 926
41 11 926
11 77 72
77 11 72
11 73 494
73 11 494
11 78 608
78 11 608
11 78 205
78 11 205
11 66 550
66 11 550
11 38 891
38 11 891
11 40 897
40 11 897
12 16 322
16 12 322
12 81 635
81 12 635
12 77 972
77 12 972
12 16 951
16 12 951
12 61 996
61 12 996
12 25 405
25 12 405
12 55 745
55 12 745
12 23 542
23 12 542
12 59 752
59 12 752
12 42 887
42 12 887
12 36 16
36 12 16
12 71 257
71 12 257
12 59 222
59 12 222
12 79 598
79 12 598
13 18 414
18 13 414
13 57 688
57 13 688
13 77 92
77 13 92
13 51 802
51 13 802
13 72 422
72 13 422
13 57 480
57 13 480
13 17 696
17 13 696
13 50 17
50 13 17
13 55 856
55 13 856
13 80 71
80 13 71
13 36 22
36 13 22
13 52 830
52 13 830
13 48 611
48 13 611
14 66 79
66 14 79
14 69 567
69 14 567
14 80 135
80 14 135
14 64 938
64 14 938
14 21 38
21 14 38
14 37 32
37 14 32
14 47 716
47 14 716
14 52 160
52 14 160
14 20 611
20 14 611
14 80 255
80 14 255
14 81 304
81 14 304
14 47 650
47 14 650
15 31 707
31 15 707
15 48 573
48 15 573
15 42 514
42 15 514
15 23 762
23 15 762
15 58 188
58 15 188
15 40 23
40 15 23
15 32 962
32 15 962
15 64 894
64 15 894
15 37 572
37 15 572
16 35 978
35 16 978
16 80 874
80 16 874
16 45 582
45 16 582
16 61 980
61 16 980
16 36 380
36 16 380
16 43 968
43 16 968
16 27 328
27 16 328
16 26 438
26 16 438
16 52 289
52 16 289
16 49 375
49 16 375
17 31 633
31 17 633
17 28 151
28 17 151
17 53 486
53 17 486
17 79 615
79 17 615
17 51 969
51 17 969
17 73 944
73 17 944
17 37 501
37 17 501
17 52 871
52 17 871
17 81 75
81 17 75
17 40 923
40 17 923
17 40 759
40 17 759
18 19 700
19 18 700
18 62 319
62 18 319
18 50 339
50 18 339
18 50 53
50 18 53
18 34 334
34 18 334
18 75 973
75 18 973
18 64 862
64 18 862
18 67 523
67 18 523
18 28 647
28 18 647
18 50 270
50 18 270
19 32 558
32 19 558
19 34 534
34 19 534
19 38 971
38 19 971
19 39 741
39 19 741
19 33 418
33 19 418
19 70 678
70 19 678
19 51 291
51 19 291
19 47 761
47 19 761
19 26 355
26 19 355
19 47 893
47 19 893
19 42 321
42 19 321
19 64 51
64 19 51
19 44 206
44 19 206
19 67 103
67 19 103
20 32 583
32 20 583
20 36 589
36 20 589
20 64 505
64 20 505
20 46 475
46 20 475
20 53 481
53 20 481
20 28 640
28 20 640
20 72 76
72 20 76
20 29 951
29 20 951
20 34 286
34 20 286
20 36 727
36 20 727
20 74 32
74 20 32
20 44 178
44 20 178
21 30 497
30 21 497
21 46 431
46 21 431
21 67 20
67 21 20
21 64 581
64 21 581
21 30 591
30 21 591
21 73 623
73 21 623
21 47 874
47 21 874
21 40 701
40 21 701
22 63 898
63 22 898
22 37 337
37 22 337
22 29 54
29 22 54
22 40 583
40 22 583
22 59 650
59 22 650
22 78 945
78 22 945
22 65 541
65 22 541
22 73 104
73 22 104
22 49 475
49 22 475
23 29 326
29 23 326
23 78 431
78 23 431
23 28 807
28 23 807
23 42 650
42 23 650
23 68 69
68 23 69
23 47 602
47 23 602
23 41 615
41 23 615
23 29 937
29 23 937
23 26 351
26 23 351
23 81 859
81 23 859
23 27 666
27 23 666
23 75 158
75 23 158
23 56 239
56 23 239
23 27 274
27 23 274
24 40 240
40 24 240
24 63 37
63 24 37
24 29 423
29 24 423
24 55 551
55 24 551
24 29 511
29 24 511
24 80 607
80 24 607
24 77 129
77 24 129
24 34 333
34 24 333
25 27 570
27 25 570
25 40 782
40 25 782
25 49 317
49 25 317
25 40 158
40 25 158
25 48 344
48 25 344
25 41 919
41 25 919
25 42 888
42 25 888
25 49 161
49 25 161
25 70 583
70 25 583
26 71 386
71 26 386
26 44 962
44 26 962
26 48 995
48 26 995
26 39 756
39 26 756
27 28 247
28 27 247
27 41 517
41 27 517
27 74 208
74 27 208
27 38 76
38 27 76
27 36 427
36 27 427
27 44 85
44 27 85
27 73 220
73 27 220
27 65 992
65 27 992
27 46 653
46 27 653
27 77 718
77 27 718
27 31 124
31 27 124
28 61 452
61 28 452
28 81 817
81 28 817
28 65 421
65 28 421
28 36 557
36 28 557
28 46 886
46 28 886
28 67 389
67 28 389
28 60 944
60 28 944
28 44 992
44 28 992
28 53 956
53 28 956
28 46 242
46 28 242
28 78 97
78 28 97
29 37 669
37 29 669
29 76 693
76 29 693
29 59 719
59 29 719
29 39 580
39 29 580
29 60 178
60 29 178
29 45 74
45 29 74
29 65 159
65 29 159
29 75 281
75 29 281
29 52 794
52 29 794
29 31 189
31 29 189
29 46 864
46 29 864
29 42 674
42 29 674
29 74 653
74 29 653
30 33 491
33 30 491
30 59 660
59 30 660
30 41 55
41 30 55
30 69 281
69 30 281
30 45 557
45 30 557
30 37 923
37 30 923
30 48 540
48 30 540
30 48 977
48 30 977
30 49 692
49 30 692
30 30 824
30 30 824
31 45 840
45 31 840
31 53 220
53 31 220
31 74 145
74 31 145
31 75 815
75 31 815
31 53 35
53 31 35
31 69 20
69 31 20
31 49 926
49 31 926
31 38 432
38 31 432
31 67 364
67 31 364
32 79 629
79 32 629
32 51 726
51 32 726
32 79 991
79 32 991
32 58 896
58 32 896
32 71 645
71 32 645
32 50 327
50 32 327
32 35 758
35 32 758
32 61 439
61 32 439
33 72 248
72 33 248
33 80 468
80 33 468
33 66 584
66 33 584
33 56 717
56 33 717
33 44 500
44 33 500
33 55 660
55 33 660
33 69 250
69 33 250
33 72 977
72 33 977
34 38 326
38 34 326
34 77 657
77 34 657
34 66 736
66 34 736
34 78 886
78 34 886
34 53 47
53 34 47
34 59 793
59 34 793
34 54 765
54 34 765
35 35 238
35 35 238
35 63 948
63 35 948
35 66 115
66 35 115
35 54 545
54 35 545
36 67 752
67 36 752
36 73 358
73 36 358
36 80 1000
80 36 1000
36 77 372
77 36 372
36 67 796
67 36 796
36 76 403
76 36 403
36 55 675
55 36 675
36 46 585
46 36 585
36 80 103
80 36 103
37 40 12
40 37 12
37 44 699
44 37 699
37 56 470
56 37 470
37 38 173
38 37 173
37 63 691
63 37 691
37 46 130
46 37 130
37 75 355
75 37 355
37 73 424
73 37 424
37 68 554
68 37 554
37 57 444
57 37 444
38 42 269
42 38 269
38 73 6
73 38 6
38 52 93
52 38 93
38 41 904
41 38 904
38 39 625
39 38 625
38 75 450
75 38 450
39 51 755
51 39 755
39 44 742
44 39 742
39 75 791
75 39 791
39 79 645
79 39 645
39 74 725
74 39 725
40 77 886
77 40 886
40 75 325
75 40 325
40 52 530
52 40 530
40 70 803
70 40 803
40 68 241
68 40 241
41 52 921
52 41 921
42 54 679
54 42 679
42 65 896
65 42 896
42 74 281
74 42 281
42 72 40
72 42 40
43 50 839
50 43 839
43 44 48
44 43 48
43 75 364
75 43 364
43 72 716
72 43 716
43 48 199
48 43 199
43 76 579
76 43 579
43 77 170
77 43 170
43 66 697
66 43 697
43 73 950
73 43 950
44 55 870
55 44 870
44 65 336
65 44 336
44 75 733
75 44 733
44 63 611
63 44 611
44 47 728
47 44 728
44 80 81
80 44 81
44 50 668
50 44 668
45 60 259
60 45 259
45 76 319
76 45 319
45 75 648
75 45 648
45 64 261
64 45 261
45 81 246
81 45 246
45 77 75
77 45 75
45 60 753
60 45 753
45 79 99
79 45 99
45 72 345
72 45 345
45 56 879
56 45 879
46 67 678
67 46 678
46 50 836
50 46 836
46 59 681
59 46 681
46 73 40
73 46 40
46 59 813
59 46 813
46 80 168
80 46 168
46 77 467
77 46 467
47 79 405
79 47 405
47 64 101
64 47 101
47 75 599
75 47 599
47 62 945
62 47 945
47 78 122
78 47 122
47 73 46
73 47 46
47 57 628
57 47 628
47 50 723
50 47 723
47 71 55
71 47 55
47 69 203
69 47 203
47 80 89
80 47 89
48 64 205
64 48 205
48 70 785
70 48 785
48 69 733
69 48 733
48 72 427
72 48 427
49 65 779
65 49 779
49 52 765
52 49 765
49 67 385
67 49 385
49 69 924
69 49 924
50 52 109
52 50 109
50 73 608
73 50 608
50 63 835
63 50 835
50 58 503
58 50 503
51 69 722
69 51 722
51 65 849
65 51 849
51 67 783
67 51 783
51 57 392
57 51 392
51 65 19
65 51 19
51 58 68
58 51 68
51 78 900
78 51 900
52 57 128
57 52 128
52 71 690
71 52 690
52 79 439
79 52 439
52 52 97
52 52 97
52 74 217
74 52 217
52 52 230
52 52 230
53 54 812
54 53 812
53 66 107
66 53 107
53 57 447
57 53 447
53 60 958
60 53 958
53 78 167
78 53 167
53 62 639
62 53 639
53 61 87
61 53 87
53 65 504
65 53 504
53 56 979
56 53 979
53 57 340
57 53 340
54 72 270
72 54 270
54 81 945
81 54 945
55 58 303
58 55 303
55 64 633
64 55 633
55 74 529
74 55 529
55 69 459
69 55 459
55 76 689
76 55 689
55 76 985
76 55 985
56 61 232
61 56 232
56 80 147
80 56 147
56 80 221
80 56 221
56 57 218
57 56 218
56 60 976
60 56 976
57 60 612
60 57 612
57 63 57
63 57 57
57 71 266
71 57 266
58 65 333
65 58 333
58 76 566
76 58 566
58 64 106
64 58 106
58 64 164
64 58 164
59 72 258
72 59 258
59 71 5
71 59 5
59 60 824
60 59 824
59 72 691
72 59 691
60 78 579
78 60 579
60 79 801
79 60 801
60 64 166
64 60 166
60 67 59
67 60 59
61 70 548
70 61 548
61 73 520
73 61 520
62 79 397
79 62 397
62 79 749
79 62 749
62 65 211
65 62 211
62 72 299
72 62 299
62 76 515
76 62 515
64 75 505
75 64 505
64 81 127
81 64 127
64 76 147
76 64 147
64 71 716
71 64 716
64 72 606
72 64 606
64 67 412
67 64 412
64 70 32
70 64 32
64 76 858
76 64 858
65 65 716
65 65 716
65 68 180
68 65 180
65 67 808
67 65 808
66 79 548
79 66 548
66 70 992
70 66 992
66 68 512
68 66 512
66 74 328
74 66 328
67 78 286
78 67 286
67 77 620
77 67 620
67 70 233
70 67 233
67 81 545
81 67 545
69 71 580
71 69 580
69 77 741
77 69 741
69 70 335
70 69 335
70 76 531
76 70 531
71 79 6
79 71 6
71 76 288
76 71 288
72 78 109
78 72 109
73 75 635
75 73 635
73 77 240
77 73 240
76 80 594
80 76 594
77 79 390
79 77 390
79 80 966
80 79 966
