79

0 1 877
1 0 877
0 2 265
2 0 265
0 3 147
3 0 147
0 7 450
7 0 450
0 13 177
13 0 177
0 14 556
14 0 556
0 34 711
34 0 711
0 64 346
64 0 346
0 28 482
28 0 482
0 8 601
8 0 601
0 49 946
49 0 946
0 38 663
38 0 663
0 48 167
48 0 167
0 13 423
13 0 423
0 10 624
10 0 624
1 8 229
8 1 229
1 20 849
20 1 849
1 28 348
28 1 348
1 56 63
56 1 63
1 15 407
15 1 407
1 64 568
64 1 568
1 47 202
47 1 202
1 39 244
39 1 244
1 46 200
46 1 200
1 49 689
49 1 689
1 41 197
41 1 197
1 21 379
21 1 379
1 27 807
27 1 807
1 19 805
19 1 805
2 4 726
4 2 726
2 18 300
18 2 300
2 30 627
30 2 627
2 61 53
61 2 53
2 37 796
37 2 796
2 8 999
8 2 999
2 22 474
22 2 474
2 11 311
11 2 311
2 41 178
41 2 178
2 60 918
60 2 918
2 77 39
77 2 39
2 68 106
68 2 106
2 57 857
57 2 857
2 16 708
16 2 708
2 49 132
49 2 132
3 15 926
15 3 926
3 30 627
30 3 627
3 47 91
47 3 91
3 12 670
12 3 670
3 48 832
48 3 832
3 54 419
54 3 419
3 10 276
10 3 276
3 38 734
38 3 734
3 34 817
34 3 817
3 7 569
7 3 569
3 6 968
6 3 968
3 49 589
49 3 589
3 58 948
58 3 948
3 54 516
54 3 516
4 5 596
5 4 596
4 6 884
6 4 884
4 11 994
11 4 994
4 22 386
22 4 386
4 35 641
35 4 641
4 41 453
41 4 453
4 58 473
58 4 473
4 8 70
8 4 70
4 35 455
35 4 455
4 59 744
59 4 744
4 54 410
54 4 410
4 71 260
71 4 260
4 6 293
6 4 293
4 57 303
57 4 303
4 76 358
76 4 358
4 70 944
70 4 944
5 52 851
52 5 851
5 27 551
27 5 551
5 72 886
72 5 886
5 13 73
13 5 73
5 39 501
39 5 501
5 7 377
7 5 377
5 71 966
71 5 966
5 10 184
10 5 184
6 16 412
16 6 412
6 36 196
36 6 196
6 37 414
37 6 414
6 62 907
62 6 907
6 49 923
49 6 923
6 31 278
31 6 278
6 37 538
37 6 538
6 17 983
17 6 983
6 71 11
71 6 11
6 73 906
73 6 906
6 53 340
53 6 340
6 43 383
43 6 383
6 55 959
55 6 959
6 52 692
52 6 692
7 10 504
10 7 504
7 72 59
72 7 59
7 53 78
53 7 78
7 16 366
16 7 366
7 27 731
27 7 731
7 43 302
43 7 302
7 61 666
61 7 666
8 9 15
9 8 15
8 12 156
12 8 156
8 27 632
27 8 632
8 54 265
54 8 265
8 63 494
63 8 494
8 18 955
18 8 955
8 15 165
15 8 165
8 45 226
45 8 226
8 38 680
38 8 680
8 74 196
74 8 196
8 49 113
49 8 113
9 17 500
17 9 500
9 33 310
33 9 310
9 9 585
9 9 585
9 54 260
54 9 260
9 63 568
63 9 568
9 51 994
51 9 994
9 53 168
53 9 168
9 72 76
72 9 76
9 28 644
28 9 644
9 58 836
58 9 836
9 18 347
18 9 347
10 32 116
32 10 116
10 49 704
49 10 704
10 24 162
24 10 162
10 36 218
36 10 218
10 37 800
37 10 800
10 20 335
20 10 335
11 23 960
23 11 960
11 37 964
37 11 964
11 39 294
39 11 294
11 76 454
76 11 454
11 63 703
63 11 703
11 11 334
11 11 334
11 74 398
74 11 398
11 12 266
12 11 266
11 15 4
15 11 4
11 67 740
67 11 740
11 27 876
27 11 876
12 13 259
13 12 259
12 15 934
15 12 934
12 47 536
47 12 536
12 19 841
19 12 841
12 42 138
42 12 138
12 21 434
21 12 434
12 66 48
66 12 48
12 57 672
57 12 672
12 54 475
54 12 475
12 70 57
70 12 57
12 70 514
70 12 514
12 41 640
41 12 640
13 21 480
21 13 480
13 69 386
69 13 386
13 25 70
25 13 70
13 46 574
46 13 574
13 77 453
77 13 453
13 21 900
21 13 900
13 52 734
52 13 734
13 78 772
78 13 772
14 61 968
61 14 968
14 65 446
65 14 446
14 72 400
72 14 400
14 40 954
40 14 954
14 76 733
76 14 733
14 31 192
31 14 192
14 20 981
20 14 981
14 25 717
25 14 717
14 50 927
50 14 927
14 22 251
22 14 251
14 28 486
28 14 486
14 47 595
47 14 595
14 36 300
36 14 300
14 51 851
51 14 851
14 15 450
15 14 450
15 76 495
76 15 495
15 28 508
28 15 508
15 52 779
52 15 779
15 67 767
67 15 767
15 42 525
42 15 525
15 41 679
41 15 679
15 36 573
36 15 573
15 73 948
73 15 948
15 30 443
30 15 443
15 60 507
60 15 507
16 26 737
26 16 737
16 31 341
31 16 341
16 19 67
19 16 67
16 41 12
41 16 12
16 30 153
30 16 153
16 34 783
34 16 783
16 27 895
27 16 895
16 76 366
76 16 366
16 75 29
75 16 29
17 46 301
46 17 301
17 18 703
18 17 703
17 67 851
67 17 851
17 58 902
58 17 902
18 19 719
19 18 719
18 24 54
24 18 54
18 44 41
44 18 41
18 66 250
66 18 250
18 64 638
64 18 638
18 30 758
30 18 758
18 44 394
44 18 394
18 50 419
50 18 419
18 35 527
35 18 527
18 42 339
42 18 339
18 63 853
63 18 853
18 71 737
71 18 737
18 67 31
67 18 31
19 23 728
23 19 728
19 29 848
29 19 848
19 40 219
40 19 219
19 59 155
59 19 155
19 49 237
49 19 237
19 64 216
64 19 216
19 52 730
52 19 730
19 43 334
43 19 334
19 36 584
36 19 584
19 45 715
45 19 715
20 43 410
43 20 410
20 30 421
30 20 421
20 62 516
62 20 516
20 39 929
39 20 929
20 54 98
54 20 98
20 64 343
64 20 343
20 68 579
68 20 579
21 43 964
43 21 964
21 74 661
74 21 661
21 76 12
76 21 12
21 35 270
35 21 270
21 43 499
43 21 499
21 78 36
78 21 36
21 69 792
69 21 792
21 36 351
36 21 351
21 57 637
57 21 637
22 54 849
54 22 849
22 23 651
23 22 651
22 49 304
49 22 304
22 58 776
58 22 776
22 39 223
39 22 223
22 25 99
25 22 99
22 31 511
31 22 511
22 25 9
25 22 9
22 60 318
60 22 318
22 63 381
63 22 381
22 53 113
53 22 113
23 25 725
25 23 725
23 42 81
42 23 81
23 35 798
35 23 798
23 33 251
33 23 251
23 58 507
58 23 507
23 53 253
53 23 253
23 48 314
48 23 314
23 45 637
45 23 637
23 64 468
64 23 468
23 35 399
35 23 399
24 29 590
29 24 590
24 74 889
74 24 889
24 72 636
72 24 636
24 40 768
40 24 768
24 78 34
78 24 34
24 48 851
48 24 851
24 72 802
72 24 802
24 47 303
47 24 303
25 36 309
36 25 309
25 29 298
29 25 298
25 43 159
43 25 159
25 25 930
25 25 930
25 42 701
42 25 701
25 25 922
25 25 922
26 45 785
45 26 785
26 71 909
71 26 909
26 30 300
30 26 300
26 76 331
76 26 331
27 40 224
40 27 224
27 58 920
58 27 920
28 38 775
38 28 775
28 78 868
78 28 868
28 49 677
49 28 677
28 29 87
29 28 87
29 51 57
51 29 57
29 61 157
61 29 157
29 43 22
43 29 22
29 67 515
67 29 515
29 70 730
70 29 730
30 39 71
39 30 71
30 76 96
76 30 96
30 69 891
69 30 891
30 42 340
42 30 340
30 66 256
66 30 256
30 78 992
78 30 992
30 47 8
47 30 8
30 45 543
45 30 543
31 52 601
52 31 601
31 37 668
37 31 668
31 32 899
32 31 899
31 63 30
63 31 30
31 47 827
47 31 827
32 48 83
48 32 83
32 77 366
77 32 366
32 65 162
65 32 162
32 72 893
72 32 893
32 32 751
32 32 751
33 59 317
59 33 317
33 70 118
70 33 118
33 68 526
68 33 526
33 75 933
75 33 933
33 57 186
57 33 186
33 63 654
63 33 654
33 39 289
39 33 289
34 50 129
50 34 129
34 69 62
69 34 62
34 35 938
35 34 938
34 57 161
57 34 161
34 60 349
60 34 349
34 48 393
48 34 393
34 58 651
58 34 651
34 44 80
44 34 80
35 48 479
48 35 479
35 59 928
59 35 928
35 73 630
73 35 630
35 50 180
50 35 180
35 67 699
67 35 699
35 72 780
72 35 780
36 40 885
40 36 885
36 77 910
77 36 910
36 40 231
40 36 231
36 72 440
72 36 440
37 63 928
63 37 928
37 65 144
65 37 144
37 55 769
55 37 769
37 58 19
58 37 19
37 60 370
60 37 370
38 68 652
68 38 652
38 67 846
67 38 846
38 77 910
77 38 910
38 64 192
64 38 192
38 68 295
68 38 295
38 55 415
55 38 415
39 64 408
64 39 408
39 43 181
43 39 181
39 68 819
68 39 819
39 56 566
56 39 566
40 43 908
43 40 908
40 46 689
46 40 689
40 67 409
67 40 409
40 52 156
52 40 156
40 57 708
57 40 708
40 53 960
53 40 960
41 53 781
53 41 781
41 52 686
52 41 686
41 73 209
73 41 209
41 49 650
49 41 650
42 63 697
63 42 697
42 63 43
63 42 43
42 70 736
70 42 736
42 50 835
50 42 835
42 67 904
67 42 904
42 54 51
54 42 51
42 66 126
66 42 126
42 46 622
46 42 622
42 65 290
65 42 290
43 75 32
75 43 32
43 70 961
70 43 961
43 58 408
58 43 408
43 72 534
72 43 534
43 49 246
49 43 246
43 49 915
49 43 915
44 61 738
61 44 738
44 50 812
50 44 812
44 54 243
54 44 243
44 71 482
71 44 482
44 72 575
72 44 575
45 77 613
77 45 613
46 57 323
57 46 323
46 61 56
61 46 56
46 73 717
73 46 717
47 73 910
73 47 910
47 69 337
69 47 337
47 60 898
60 47 898
47 68 286
68 47 286
48 57 253
57 48 253
48 77 419
77 48 419
48 74 546
74 48 546
48 71 130
71 48 130
48 77 95
77 48 95
48 59 723
59 48 723
49 55 388
55 49 388
50 62 555
62 50 555
50 61 522
61 50 522
50 64 183
64 50 183
50 73 985
73 50 985
50 75 810
75 50 810
51 54 526
54 51 526
51 62 731
62 51 731
51 73 488
73 51 488
52 70 491
70 52 491
52 62 388
62 52 388
52 62 195
62 52 195
52 61 846
61 52 846
52 76 657
76 52 657
52 72 340
72 52 340
52 63 775
63 52 775
53 58 601
58 53 601
54 55 194
55 54 194
54 63 668
63 54 668
54 72 106
72 54 106
55 68 425
68 55 425
55 71 201
71 55 201
55 59 720
59 55 720
55 64 11
64 55 11
55 77 646
77 55 646
55 65 305
65 55 305
55 77 113
77 55 113
56 67 220
67 56 220
56 73 451
73 56 451
56 65 39
65 56 39
57 62 788
62 57 788
58 73 63
73 58 63
58 76 464
76 58 464
59 60 560
60 59 560
59 74 154
74 59 154
60 72 25
72 60 25
60 74 585
74 60 585
62 65 559
65 62 559
64 78 398
78 64 398
64 69 296
69 64 296
65 74 520
74 65 520
65 68 355
68 65 355
66 67 270
67 66 270
67 68 688
68 67 688
67 75 100
75 67 100
67 76 144
76 67 144
68 74 959
74 68 959
68 78 520
78 68 520
68 78 787
78 68 787
69 77 208
77 69 208
70 74 978
74 70 978
70 74 47
74 70 47
71 73 873
73 71 873
71 78 731
78 71 731
71 76 918
76 71 918
72 76 566
76 72 566
72 75 321
75 72 321
74 77 486
77 74 486
77 78 520
78 77 520
