97

0 1 466
1 0 466
0 4 152
4 0 152
0 22 728
22 0 728
0 27 137
27 0 137
0 28 287
28 0 287
0 32 809
32 0 809
0 81 290
81 0 290
0 42 529
42 0 529
0 17 618
17 0 618
0 37 481
37 0 481
0 42 427
42 0 427
0 84 266
84 0 266
0 77 864
77 0 864
0 55 798
55 0 798
0 43 688
43 0 688
0 11 356
11 0 356
0 76 568
76 0 568
0 61 580
61 0 580
0 49 482
49 0 482
0 48 54
48 0 54
0 54 232
54 0 232
1 2 724
2 1 724
1 3 226
3 1 226
1 7 45
7 1 45
1 47 319
47 1 319
1 55 721
55 1 721
1 89 122
89 1 122
1 12 549
12 1 549
1 83 703
83 1 703
1 96 263
96 1 263
1 55 368
55 1 368
1 24 270
24 1 270
1 50 886
50 1 886
1 4 641
4 1 641
1 63 894
63 1 894
1 75 848
75 1 848
1 49 421
49 1 421
1 67 585
67 1 585
1 19 503
19 1 503
1 52 730
52 1 730
1 14 480
14 1 480
1 34 529
34 1 529
1 85 871
85 1 871
2 15 43
15 2 43
2 40 620
40 2 620
2 72 771
72 2 771
2 23 175
23 2 175
2 30 24
30 2 24
2 39 36
39 2 36
2 49 944
49 2 944
2 12 903
12 2 903
2 30 366
30 2 366
2 64 194
64 2 194
3 5 772
5 3 772
3 6 776
6 3 776
3 31 570
31 3 570
3 37 40
37 3 40
3 46 37
46 3 37
3 72 431
72 3 431
3 48 62
48 3 62
3 24 890
24 3 890
3 76 969
76 3 969
3 76 828
76 3 828
3 57 898
57 3 898
4 29 473
29 4 473
4 38 941
38 4 941
4 25 349
25 4 349
4 57 40
57 4 40
4 87 648
87 4 648
4 14 449
14 4 449
4 43 823
43 4 823
4 22 871
22 4 871
4 11 981
11 4 981
4 42 895
42 4 895
4 72 781
72 4 781
4 54 484
54 4 484
4 76 96
76 4 96
5 48 24
48 5 24
5 71 128
71 5 128
5 68 873
68 5 873
5 96 681
96 5 681
5 57 862
57 5 862
5 50 496
50 5 496
5 89 531
89 5 531
5 32 356
32 5 356
5 29 277
29 5 277
5 47 544
47 5 544
5 56 358
56 5 358
6 9 597
9 6 597
6 10 535
10 6 535
6 16 359
16 6 359
6 80 143
80 6 143
6 77 111
77 6 111
6 29 32
29 6 32
6 56 971
56 6 971
6 72 429
72 6 429
6 86 763
86 6 763
6 77 194
77 6 194
7 8 495
8 7 495
7 12 745
12 7 745
7 26 760
26 7 760
7 83 620
83 7 620
7 10 134
10 7 134
7 62 608
62 7 608
7 84 181
84 7 181
8 18 189
18 8 189
8 19 793
19 8 793
8 39 570
39 8 570
8 44 569
44 8 569
8 82 706
82 8 706
8 45 953
45 8 953
8 14 410
14 8 410
8 49 268
49 8 268
8 27 278
27 8 278
8 60 793
60 8 793
8 84 696
84 8 696
8 42 30
42 8 30
8 16 442
16 8 442
9 24 817
24 9 817
9 11 115
11 9 115
9 86 397
86 9 397
9 24 539
24 9 539
9 43 265
43 9 265
9 87 865
87 9 865
9 13 461
13 9 461
9 20 730
20 9 730
9 37 477
37 9 477
10 11 188
11 10 188
10 13 436
13 10 436
10 36 117
36 10 117
10 42 42
42 10 42
10 57 135
57 10 135
10 64 921
64 10 921
10 78 666
78 10 666
10 33 858
33 10 858
10 51 115
51 10 115
11 33 119
33 11 119
11 49 18
49 11 18
11 73 994
73 11 994
11 69 493
69 11 493
11 90 110
90 11 110
11 21 381
21 11 381
11 77 691
77 11 691
11 95 585
95 11 585
11 51 353
51 11 353
11 22 959
22 11 959
11 85 626
85 11 626
11 56 426
56 11 426
11 74 415
74 11 415
12 14 45
14 12 45
12 30 988
30 12 988
12 53 710
53 12 710
12 56 869
56 12 869
12 58 820
58 12 820
12 84 226
84 12 226
12 41 391
41 12 391
12 96 715
96 12 715
12 51 531
51 12 531
12 52 481
52 12 481
12 83 315
83 12 315
12 55 703
55 12 703
12 87 353
87 12 353
13 17 984
17 13 984
13 20 866
20 13 866
13 92 521
92 13 521
13 45 316
45 13 316
13 40 862
40 13 862
13 26 876
26 13 876
13 36 435
36 13 435
13 79 252
79 13 252
13 85 47
85 13 47
13 82 765
82 13 765
13 57 658
57 13 658
13 79 255
79 13 255
13 32 108
32 13 108
13 22 82
22 13 82
14 23 936
23 14 936
14 24 879
24 14 879
14 56 247
56 14 247
14 68 716
68 14 716
14 37 708
37 14 708
15 21 493
21 15 493
15 69 143
69 15 143
15 85 454
85 15 454
15 62 928
62 15 928
15 72 1
72 15 1
15 66 329
66 15 329
15 90 793
90 15 793
15 73 104
73 15 104
15 68 974
68 15 974
15 36 767
36 15 767
16 41 459
41 16 459
16 46 364
46 16 364
16 40 750
40 16 750
16 54 347
54 16 347
16 80 973
80 16 973
16 58 263
58 16 263
16 88 111
88 16 111
16 23 679
23 16 679
16 30 777
30 16 777
16 78 596
78 16 596
16 19 745
19 16 745
16 90 63
90 16 63
16 65 174
65 16 174
17 63 115
63 17 115
17 69 647
69 17 647
17 21 274
21 17 274
17 40 126
40 17 126
17 95 108
95 17 108
17 86 38
86 17 38
17 80 549
80 17 549
17 28 146
28 17 146
17 64 902
64 17 902
17 22 263
22 17 263
17 25 206
25 17 206
17 81 10
81 17 10
17 50 385
50 17 385
17 91 148
91 17 148
17 58 930
58 17 930
17 42 31
42 17 31
18 25 843
25 18 843
18 59 15
59 18 15
18 72 178
72 18 178
18 43 622
43 18 622
18 88 621
88 18 621
19 96 677
96 19 677
19 36 558
36 19 558
19 81 941
81 19 941
19 72 193
72 19 193
19 76 9
76 19 9
19 65 530
65 19 530
20 84 569
84 20 569
20 28 234
28 20 234
20 67 680
67 20 680
20 78 654
78 20 654
20 29 570
29 20 570
20 95 847
95 20 847
20 47 302
47 20 302
20 94 457
94 20 457
21 77 960
77 21 960
21 72 469
72 21 469
21 22 554
22 21 554
22 88 435
88 22 435
22 24 480
24 22 480
22 50 626
50 22 626
22 80 336
80 22 336
22 48 872
48 22 872
22 72 337
72 22 337
22 61 909
61 22 909
22 47 845
47 22 845
22 92 50
92 22 50
22 28 210
28 22 210
22 39 372
39 22 372
22 28 246
28 22 246
22 45 234
45 22 234
23 95 174
95 23 174
23 74 886
74 23 886
23 77 944
77 23 944
23 24 298
24 23 298
23 40 649
40 23 649
23 92 495
92 23 495
23 77 904
77 23 904
24 91 271
91 24 271
24 93 132
93 24 132
24 32 425
32 24 425
24 47 722
47 24 722
24 34 221
34 24 221
24 29 862
29 24 862
25 33 656
33 25 656
25 51 748
51 25 748
25 67 141
67 25 141
25 37 777
37 25 777
25 86 668
86 25 668
25 87 782
87 25 782
26 91 325
91 26 325
26 54 239
54 26 239
26 30 731
30 26 731
26 31 260
31 26 260
26 82 403
82 26 403
27 45 559
45 27 559
27 67 196
67 27 196
27 50 978
50 27 978
27 65 795
65 27 795
27 43 656
43 27 656
27 55 216
55 27 216
28 87 731
87 28 731
28 37 709
37 28 709
28 83 61
83 28 61
28 61 117
61 28 117
28 41 639
41 28 639
28 45 390
45 28 390
28 84 737
84 28 737
28 59 749
59 28 749
28 92 846
92 28 846
28 78 907
78 28 907
29 79 469
79 29 469
29 56 68
56 29 68
29 77 63
77 29 63
29 37 421
37 29 421
29 80 310
80 29 310
29 34 57
34 29 57
29 29 597
29 29 597
30 52 58
52 30 58
30 73 291
73 30 291
30 93 237
93 30 237
30 88 604
88 30 604
30 54 909
54 30 909
30 55 218
55 30 218
30 33 968
33 30 968
30 69 53
69 30 53
30 82 701
82 30 701
30 71 729
71 30 729
30 58 40
58 30 40
30 62 635
62 30 635
31 75 422
75 31 422
31 92 978
92 31 978
31 87 354
87 31 354
31 62 950
62 31 950
31 87 213
87 31 213
31 86 985
86 31 985
31 38 998
38 31 998
31 49 893
49 31 893
32 34 431
34 32 431
32 95 771
95 32 771
32 80 868
80 32 868
32 71 772
71 32 772
32 53 744
53 32 744
32 59 714
59 32 714
32 81 83
81 32 83
32 74 842
74 32 842
32 83 374
83 32 374
33 35 725
35 33 725
33 94 469
94 33 469
33 43 353
43 33 353
33 40 499
40 33 499
33 76 954
76 33 954
33 76 843
76 33 843
33 85 441
85 33 441
33 46 319
46 33 319
34 71 743
71 34 743
34 68 892
68 34 892
34 84 615
84 34 615
34 44 864
44 34 864
35 61 933
61 35 933
35 91 13
91 35 13
35 61 411
61 35 411
35 93 126
93 35 126
35 55 842
55 35 842
35 68 907
68 35 907
35 75 925
75 35 925
35 52 607
52 35 607
36 38 424
38 36 424
36 69 381
69 36 381
36 76 641
76 36 641
37 54 321
54 37 321
37 88 633
88 37 633
37 65 902
65 37 902
37 58 926
58 37 926
37 60 898
60 37 898
37 83 87
83 37 87
37 89 593
89 37 593
38 42 835
42 38 835
38 66 747
66 38 747
38 95 613
95 38 613
38 59 384
59 38 384
38 65 458
65 38 458
38 40 414
40 38 414
38 44 632
44 38 632
38 72 863
72 38 863
38 54 727
54 38 727
38 51 389
51 38 389
39 50 121
50 39 121
39 51 60
51 39 60
39 68 892
68 39 892
39 48 241
48 39 241
39 66 711
66 39 711
39 64 79
64 39 79
39 49 224
49 39 224
40 81 358
81 40 358
40 40 17
40 40 17
40 59 677
59 40 677
40 76 549
76 40 549
40 50 276
50 40 276
40 71 716
71 40 716
40 59 93
59 40 93
41 77 732
77 41 732
41 94 171
94 41 171
41 95 332
95 41 332
41 74 772
74 41 772
41 73 838
73 41 838
41 90 718
90 41 718
41 66 177
66 41 177
41 57 189
57 41 189
41 61 747
61 41 747
41 91 217
91 41 217
41 77 95
77 41 95
41 64 930
64 41 930
41 94 944
94 41 944
41 71 466
71 41 466
41 53 910
53 41 910
42 43 217
43 42 217
42 56 707
56 42 707
42 51 873
51 42 873
42 90 77
90 42 77
42 56 447
56 42 447
42 68 466
68 42 466
42 62 195
62 42 195
42 65 305
65 42 305
42 76 537
76 42 537
43 72 451
72 43 451
43 77 44
77 43 44
43 63 531
63 43 531
43 90 431
90 43 431
43 91 783
91 43 783
43 71 411
71 43 411
43 76 480
76 43 480
43 52 355
52 43 355
43 86 845
86 43 845
43 92 370
92 43 370
44 84 310
84 44 310
44 65 434
65 44 434
44 77 463
77 44 463
44 57 198
57 44 198
44 55 347
55 44 347
44 72 404
72 44 404
45 76 653
76 45 653
45 88 104
88 45 104
45 58 487
58 45 487
45 73 979
73 45 979
46 76 573
76 46 573
46 58 197
58 46 197
46 51 418
51 46 418
46 58 325
58 46 325
47 96 6
96 47 6
47 85 536
85 47 536
47 89 585
89 47 585
47 85 607
85 47 607
47 92 565
92 47 565
48 86 799
86 48 799
48 88 107
88 48 107
48 80 771
80 48 771
48 84 456
84 48 456
48 81 147
81 48 147
48 95 574
95 48 574
48 72 174
72 48 174
49 50 47
50 49 47
49 59 935
59 49 935
50 85 683
85 50 683
50 63 17
63 50 17
50 60 820
60 50 820
50 83 635
83 50 635
50 54 691
54 50 691
50 83 270
83 50 270
51 62 335
62 51 335
51 87 944
87 51 944
51 58 281
58 51 281
51 73 935
73 51 935
52 64 834
64 52 834
52 90 391
90 52 391
52 54 987
54 52 987
53 75 454
75 53 454
53 61 519
61 53 519
54 63 222
63 54 222
54 90 293
90 54 293
54 59 919
59 54 919
54 93 54
93 54 54
54 63 364
63 54 364
54 82 365
82 54 365
54 81 158
81 54 158
55 85 73
85 55 73
56 60 879
60 56 879
56 94 83
94 56 83
56 96 735
96 56 735
56 95 665
95 56 665
56 57 187
57 56 187
56 66 449
66 56 449
57 57 86
57 57 86
57 70 550
70 57 550
57 89 810
89 57 810
58 93 786
93 58 786
58 64 391
64 58 391
59 65 768
65 59 768
59 82 273
82 59 273
59 94 510
94 59 510
59 91 740
91 59 740
59 87 44
87 59 44
60 75 328
75 60 328
61 74 697
74 61 697
61 66 379
66 61 379
61 88 227
88 61 227
62 94 488
94 62 488
62 64 496
64 62 496
63 65 549
65 63 549
63 70 400
70 63 400
63 88 486
88 63 486
64 69 809
69 64 809
64 86 390
86 64 390
65 66 79
66 65 79
65 89 120
89 65 120
66 87 196
87 66 196
66 94 108
94 66 108
66 87 692
87 66 692
66 81 431
81 66 431
67 86 292
86 67 292
68 70 634
70 68 634
68 76 51
76 68 51
68 81 355
81 68 355
68 72 778
72 68 778
69 90 512
90 69 512
69 93 773
93 69 773
69 75 942
75 69 942
69 88 373
88 69 373
70 79 921
79 70 921
71 91 739
91 71 739
72 82 283
82 72 283
72 87 505
87 72 505
73 80 786
80 73 786
73 94 912
94 73 912
75 79 671
79 75 671
76 86 730
86 76 730
76 83 633
83 76 633
77 83 350
83 77 350
78 85 396
85 78 396
79 94 903
94 79 903
79 83 194
83 79 194
79 88 173
88 79 173
81 84 206
84 81 206
91 94 303
94 91 303
