95

0 1 815
1 0 815
0 9 24
9 0 24
0 10 343
10 0 343
0 26 782
26 0 782
1 2 854
2 1 854
1 3 775
3 1 775
1 49 63
49 1 63
1 89 187
89 1 187
1 8 14
8 1 14
3 4 354
4 3 354
3 5 320
5 3 320
3 8 111
8 3 111
3 18 693
18 3 693
3 54 835
54 3 835
3 84 647
84 3 647
4 6 127
6 4 127
4 21 975
21 4 975
4 46 25
46 4 25
4 19 307
19 4 307
5 7 803
7 5 803
5 15 222
15 5 222
5 20 714
20 5 714
5 33 217
33 5 217
6 52 221
52 6 221
6 45 317
45 6 317
7 11 250
11 7 250
7 23 466
23 7 466
7 58 638
58 7 638
8 12 414
12 8 414
8 16 740
16 8 740
8 17 701
17 8 701
8 28 309
28 8 309
8 33 623
33 8 623
8 45 881
45 8 881
8 61 411
61 8 411
8 92 149
92 8 149
8 72 595
72 8 595
9 13 989
13 9 989
9 19 105
19 9 105
9 30 952
30 9 952
9 36 721
36 9 721
9 60 402
60 9 402
9 80 923
80 9 923
10 14 55
14 10 55
10 48 460
48 10 460
10 67 752
67 10 752
11 39 187
39 11 187
11 44 630
44 11 630
12 90 290
90 12 290
12 35 369
35 12 369
13 46 996
46 13 996
13 26 782
26 13 782
15 24 915
24 15 915
15 53 491
53 15 491
15 72 206
72 15 206
16 69 129
69 16 129
16 18 273
18 16 273
18 25 196
25 18 196
18 37 480
37 18 480
18 47 388
47 18 388
18 59 924
59 18 924
18 71 528
71 18 528
19 22 849
22 19 849
19 88 446
88 19 446
20 27 690
27 20 690
20 64 926
64 20 926
21 83 675
83 21 675
22 32 622
32 22 622
22 41 932
41 22 932
22 60 620
60 22 620
22 49 855
49 22 855
23 42 632
42 23 632
23 29 226
29 23 226
24 79 986
79 24 986
25 55 170
55 25 170
26 31 363
31 26 363
27 93 293
93 27 293
27 69 905
69 27 905
28 29 951
29 28 951
29 40 321
40 29 321
30 35 512
35 30 512
30 51 110
51 30 110
30 56 52
56 30 52
31 34 887
34 31 887
31 87 23
87 31 23
32 52 686
52 32 686
33 38 640
38 33 640
33 62 897
62 33 897
34 43 257
43 34 257
34 93 884
93 34 884
35 70 992
70 35 992
35 35 261
35 35 261
36 50 945
50 36 945
37 40 641
40 37 641
37 66 437
66 37 437
37 94 56
94 37 56
37 74 807
74 37 807
38 56 334
56 38 334
40 61 849
61 40 849
41 48 494
48 41 494
42 77 47
77 42 47
43 91 268
91 43 268
46 75 58
75 46 58
47 73 860
73 47 860
47 47 121
47 47 121
47 72 308
72 47 308
48 68 53
68 48 53
49 82 763
82 49 763
50 81 787
81 50 787
53 57 971
57 53 971
53 80 782
80 53 782
54 70 784
70 54 784
54 87 532
87 54 532
55 65 160
65 55 160
55 75 363
75 55 363
58 62 192
62 58 192
62 63 820
63 62 820
62 74 750
74 62 750
63 89 93
89 63 93
66 67 581
67 66 581
66 78 254
78 66 254
66 82 185
82 66 185
69 74 973
74 69 973
69 86 527
86 69 527
71 76 378
76 71 378
75 76 936
76 75 936
77 85 918
85 77 918
