99

0 1 402
1 0 402
0 2 435
2 0 435
0 13 340
13 0 340
0 77 272
77 0 272
0 1 992
1 0 992
0 97 509
97 0 509
0 47 307
47 0 307
0 17 34
17 0 34
1 17 167
17 1 167
1 29 898
29 1 898
1 44 377
44 1 377
1 44 32
44 1 32
1 42 626
42 1 626
1 27 903
27 1 903
1 88 485
88 1 485
2 3 516
3 2 516
2 5 405
5 2 405
2 20 152
20 2 152
2 57 680
57 2 680
2 7 321
7 2 321
2 35 239
35 2 239
2 28 464
28 2 464
3 4 149
4 3 149
3 7 764
7 3 764
3 87 990
87 3 990
3 79 487
79 3 487
3 81 917
81 3 917
3 34 636
34 3 636
3 30 580
30 3 580
4 11 885
11 4 885
4 12 369
12 4 369
4 56 731
56 4 731
4 95 857
95 4 857
4 30 789
30 4 789
4 35 379
35 4 379
4 86 201
86 4 201
5 6 999
6 5 999
5 8 718
8 5 718
5 36 145
36 5 145
5 47 304
47 5 304
5 77 646
77 5 646
5 32 920
32 5 920
5 55 977
55 5 977
5 68 442
68 5 442
5 31 925
31 5 925
6 63 327
63 6 327
6 54 594
54 6 594
6 81 405
81 6 405
6 46 4
46 6 4
6 98 78
98 6 78
7 19 5
19 7 5
7 27 417
27 7 417
7 69 798
69 7 798
7 81 433
81 7 433
7 30 135
30 7 135
8 9 37
9 8 37
8 16 42
16 8 42
8 28 968
28 8 968
8 84 292
84 8 292
8 70 984
70 8 984
9 10 761
10 9 761
9 18 913
18 9 913
9 48 567
48 9 567
9 67 134
67 9 134
9 25 824
25 9 824
9 17 182
17 9 182
9 25 684
25 9 684
10 23 636
23 10 636
10 26 756
26 10 756
10 73 867
73 10 867
10 64 206
64 10 206
10 41 391
41 10 391
11 69 863
69 11 863
11 39 70
39 11 70
12 56 881
56 12 881
12 82 361
82 12 361
12 43 739
43 12 739
12 14 462
14 12 462
13 14 720
14 13 720
13 15 749
15 13 749
13 22 319
22 13 319
13 24 860
24 13 860
13 35 800
35 13 800
13 52 803
52 13 803
13 39 771
39 13 771
13 16 595
16 13 595
13 21 642
21 13 642
14 25 349
25 14 349
14 95 43
95 14 43
14 74 248
74 14 248
14 98 450
98 14 450
14 18 743
18 14 743
15 55 562
55 15 562
15 97 641
97 15 641
15 45 764
45 15 764
15 88 412
88 15 412
15 66 207
66 15 207
16 21 880
21 16 880
16 18 697
18 16 697
16 55 244
55 16 244
16 72 824
72 16 824
17 34 696
34 17 696
17 49 830
49 17 830
17 47 151
47 17 151
18 31 678
31 18 678
18 80 997
80 18 997
18 64 626
64 18 626
18 18 264
18 18 264
18 82 82
82 18 82
19 53 931
53 19 931
19 30 497
30 19 497
19 80 876
80 19 876
20 74 401
74 20 401
20 60 778
60 20 778
20 77 278
77 20 278
20 23 377
23 20 377
21 62 915
62 21 915
21 37 903
37 21 903
21 39 77
39 21 77
22 77 158
77 22 158
22 59 710
59 22 710
23 30 538
30 23 538
23 37 75
37 23 75
23 42 166
42 23 166
23 24 16
24 23 16
24 61 746
61 24 746
24 86 932
86 24 932
25 53 814
53 25 814
25 65 167
65 25 167
25 33 681
33 25 681
25 61 992
61 25 992
26 59 843
59 26 843
26 45 618
45 26 618
27 81 283
81 27 283
27 35 166
35 27 166
27 89 538
89 27 538
27 57 626
57 27 626
27 56 494
56 27 494
27 83 468
83 27 468
28 33 791
33 28 791
28 79 117
79 28 117
28 81 445
81 28 445
28 77 455
77 28 455
29 39 477
39 29 477
29 70 371
70 29 371
29 35 951
35 29 951
29 62 97
62 29 97
29 48 3
48 29 3
30 73 777
73 30 777
30 63 78
63 30 78
30 91 226
91 30 226
31 32 25
32 31 25
31 46 312
46 31 312
31 91 600
91 31 600
31 50 269
50 31 269
32 60 464
60 32 464
32 37 339
37 32 339
32 51 857
51 32 857
32 78 700
78 32 700
33 58 290
58 33 290
33 82 872
82 33 872
33 39 489
39 33 489
33 39 281
39 33 281
34 41 704
41 34 704
34 57 92
57 34 92
35 40 42
40 35 42
35 78 275
78 35 275
35 55 373
55 35 373
36 38 275
38 36 275
36 60 854
60 36 854
37 89 675
89 37 675
37 40 739
40 37 739
37 86 659
86 37 659
37 38 410
38 37 410
37 76 805
76 37 805
38 43 315
43 38 315
38 86 241
86 38 241
38 64 731
64 38 731
38 56 532
56 38 532
39 68 756
68 39 756
40 50 490
50 40 490
40 60 396
60 40 396
40 44 230
44 40 230
40 56 891
56 40 891
41 98 367
98 41 367
41 78 179
78 41 179
42 54 737
54 42 737
43 75 916
75 43 916
44 45 79
45 44 79
44 71 815
71 44 815
44 68 530
68 44 530
45 92 86
92 45 86
46 51 310
51 46 310
46 70 673
70 46 673
46 72 465
72 46 465
46 61 629
61 46 629
47 61 813
61 47 813
48 83 966
83 48 966
48 98 390
98 48 390
48 61 750
61 48 750
48 63 451
63 48 451
49 81 697
81 49 697
50 92 515
92 50 515
50 52 35
52 50 35
51 66 348
66 51 348
51 92 299
92 51 299
51 60 245
60 51 245
52 74 511
74 52 511
52 55 551
55 52 551
52 98 139
98 52 139
53 78 210
78 53 210
54 91 34
91 54 34
54 75 670
75 54 670
56 70 615
70 56 615
56 81 467
81 56 467
57 71 717
71 57 717
57 80 573
80 57 573
58 76 278
76 58 278
58 67 926
67 58 926
58 63 877
63 58 877
59 75 14
75 59 14
59 91 798
91 59 798
60 64 951
64 60 951
61 79 41
79 61 41
61 76 402
76 61 402
62 84 74
84 62 74
64 90 792
90 64 792
65 97 886
97 65 886
66 73 826
73 66 826
66 93 6
93 66 6
67 76 967
76 67 967
67 98 622
98 67 622
68 92 936
92 68 936
69 93 260
93 69 260
70 93 859
93 70 859
70 94 550
94 70 550
71 72 408
72 71 408
71 87 939
87 71 939
74 82 991
82 74 991
77 93 449
93 77 449
80 85 75
85 80 75
81 94 252
94 81 252
81 97 596
97 81 596
82 89 879
89 82 879
82 95 740
95 82 740
83 88 255
88 83 255
84 87 202
87 84 202
85 92 181
92 85 181
85 90 580
90 85 580
90 97 217
97 90 217
93 96 534
96 93 534
93 95 506
95 93 506
95 95 214
95 95 214
96 97 62
97 96 62
