65

0 1 550
1 0 550
0 16 582
16 0 582
0 32 401
32 0 401
0 21 487
21 0 487
1 2 138
2 1 138
1 3 838
3 1 838
1 6 174
6 1 174
1 17 318
17 1 318
1 18 211
18 1 211
1 21 210
21 1 210
1 28 936
28 1 936
1 61 991
61 1 991
1 29 152
29 1 152
1 45 72
45 1 72
1 38 649
38 1 649
1 37 214
37 1 214
1 33 253
33 1 253
1 36 155
36 1 155
1 52 208
52 1 208
1 19 971
19 1 971
1 5 134
5 1 134
2 4 127
4 2 127
2 44 243
44 2 243
2 48 6
48 2 6
2 62 19
62 2 19
2 14 870
14 2 870
2 25 193
25 2 193
2 45 973
45 2 973
2 64 76
64 2 76
2 57 234
57 2 234
2 64 796
64 2 796
2 57 972
57 2 972
2 5 1
5 2 1
2 62 959
62 2 959
3 8 709
8 3 709
3 10 516
10 3 516
3 11 174
11 3 174
3 12 938
12 3 938
3 36 117
36 3 117
3 61 687
61 3 687
3 61 874
61 3 874
3 58 621
58 3 621
3 64 524
64 3 524
3 54 160
54 3 160
3 6 36
6 3 36
3 35 241
35 3 241
3 49 279
49 3 279
3 23 73
23 3 73
3 53 391
53 3 391
4 5 673
5 4 673
4 23 477
23 4 477
4 26 513
26 4 513
4 59 662
59 4 662
4 27 811
27 4 811
4 18 759
18 4 759
4 61 202
61 4 202
4 19 466
19 4 466
5 7 737
7 5 737
5 9 745
9 5 745
5 37 759
37 5 759
5 48 397
48 5 397
5 62 257
62 5 257
5 39 114
39 5 114
5 50 93
50 5 93
5 7 449
7 5 449
5 27 613
27 5 613
5 58 471
58 5 471
5 48 10
48 5 10
5 62 993
62 5 993
5 35 149
35 5 149
5 22 859
22 5 859
6 14 737
14 6 737
6 45 180
45 6 180
6 14 352
14 6 352
6 41 502
41 6 502
6 55 718
55 6 718
6 63 440
63 6 440
6 12 16
12 6 16
6 51 412
51 6 412
7 35 399
35 7 399
7 35 261
35 7 261
7 49 367
49 7 367
7 48 989
48 7 989
7 49 153
49 7 153
7 32 506
32 7 506
7 15 811
15 7 811
7 56 82
56 7 82
8 19 787
19 8 787
8 31 752
31 8 752
8 59 584
59 8 584
8 24 72
24 8 72
8 14 917
14 8 917
8 64 560
64 8 560
8 31 790
31 8 790
8 52 538
52 8 538
8 11 15
11 8 15
9 15 319
15 9 319
9 31 728
31 9 728
9 41 201
41 9 201
9 56 442
56 9 442
9 24 688
24 9 688
9 21 547
21 9 547
10 13 915
13 10 915
10 27 308
27 10 308
10 39 491
39 10 491
10 56 104
56 10 104
10 43 401
43 10 401
10 53 215
53 10 215
10 31 10
31 10 10
10 64 260
64 10 260
10 49 615
49 10 615
11 15 536
15 11 536
11 43 996
43 11 996
11 45 375
45 11 375
11 24 64
24 11 64
11 50 183
50 11 183
11 38 652
38 11 652
11 22 708
22 11 708
11 32 404
32 11 404
12 20 852
20 12 852
12 41 147
41 12 147
12 39 4
39 12 4
12 49 971
49 12 971
12 39 569
39 12 569
12 32 311
32 12 311
12 60 71
60 12 71
13 15 669
15 13 669
13 36 786
36 13 786
13 26 915
26 13 915
13 28 993
28 13 993
13 34 352
34 13 352
13 56 788
56 13 788
14 33 538
33 14 538
14 16 290
16 14 290
14 37 993
37 14 993
14 25 341
25 14 341
14 24 79
24 14 79
14 44 453
44 14 453
14 52 9
52 14 9
14 32 181
32 14 181
14 57 792
57 14 792
14 54 378
54 14 378
15 46 745
46 15 745
15 50 81
50 15 81
15 48 335
48 15 335
15 24 81
24 15 81
15 55 568
55 15 568
15 54 672
54 15 672
15 57 213
57 15 213
15 49 512
49 15 512
15 27 781
27 15 781
15 64 85
64 15 85
15 30 524
30 15 524
15 27 72
27 15 72
16 24 787
24 16 787
16 50 374
50 16 374
16 26 901
26 16 901
17 22 107
22 17 107
17 26 485
26 17 485
17 22 94
22 17 94
17 38 840
38 17 840
17 28 164
28 17 164
17 26 947
26 17 947
18 47 534
47 18 534
18 64 755
64 18 755
18 19 265
19 18 265
18 36 400
36 18 400
19 57 365
57 19 365
19 57 697
57 19 697
19 47 162
47 19 162
20 22 873
22 20 873
20 38 900
38 20 900
20 35 580
35 20 580
21 60 153
60 21 153
21 34 623
34 21 623
21 24 668
24 21 668
21 50 684
50 21 684
21 58 710
58 21 710
21 49 397
49 21 397
21 56 658
56 21 658
22 42 168
42 22 168
22 64 226
64 22 226
22 34 855
34 22 855
22 54 860
54 22 860
22 51 882
51 22 882
22 64 689
64 22 689
23 48 819
48 23 819
23 54 371
54 23 371
23 44 341
44 23 341
24 25 472
25 24 472
24 27 562
27 24 562
24 56 864
56 24 864
24 39 246
39 24 246
24 60 156
60 24 156
25 45 335
45 25 335
25 27 152
27 25 152
25 54 887
54 25 887
25 52 70
52 25 70
25 39 695
39 25 695
25 50 753
50 25 753
26 37 963
37 26 963
26 64 705
64 26 705
26 37 518
37 26 518
26 56 594
56 26 594
26 34 715
34 26 715
26 49 481
49 26 481
26 62 486
62 26 486
26 58 762
58 26 762
27 29 181
29 27 181
27 48 460
48 27 460
27 32 386
32 27 386
27 56 723
56 27 723
27 41 865
41 27 865
28 54 494
54 28 494
28 53 792
53 28 792
28 37 450
37 28 450
28 28 620
28 28 620
28 41 844
41 28 844
28 61 434
61 28 434
29 30 776
30 29 776
29 32 6
32 29 6
29 42 675
42 29 675
29 47 801
47 29 801
29 59 477
59 29 477
29 59 848
59 29 848
29 38 542
38 29 542
29 46 498
46 29 498
30 34 586
34 30 586
30 38 424
38 30 424
30 53 687
53 30 687
30 55 638
55 30 638
30 63 713
63 30 713
31 40 494
40 31 494
31 58 981
58 31 981
31 35 108
35 31 108
31 51 494
51 31 494
31 46 68
46 31 68
31 48 524
48 31 524
32 39 421
39 32 421
32 60 368
60 32 368
32 61 115
61 32 115
32 44 172
44 32 172
32 64 421
64 32 421
32 44 125
44 32 125
32 38 684
38 32 684
32 40 558
40 32 558
33 36 885
36 33 885
33 61 358
61 33 358
33 34 772
34 33 772
33 39 563
39 33 563
33 49 217
49 33 217
34 64 301
64 34 301
34 53 838
53 34 838
35 63 172
63 35 172
35 60 246
60 35 246
35 62 938
62 35 938
35 56 513
56 35 513
35 36 735
36 35 735
36 53 299
53 36 299
36 52 50
52 36 50
36 57 800
57 36 800
36 36 310
36 36 310
36 39 7
39 36 7
36 51 352
51 36 352
36 50 1
50 36 1
37 51 139
51 37 139
37 63 536
63 37 536
37 53 275
53 37 275
37 61 667
61 37 667
38 43 854
43 38 854
38 61 362
61 38 362
38 60 215
60 38 215
38 51 233
51 38 233
39 62 826
62 39 826
39 45 220
45 39 220
39 60 429
60 39 429
40 54 452
54 40 452
40 58 816
58 40 816
40 63 774
63 40 774
40 58 408
58 40 408
40 59 992
59 40 992
41 49 159
49 41 159
42 57 105
57 42 105
42 61 841
61 42 841
42 43 508
43 42 508
42 46 330
46 42 330
43 43 246
43 43 246
43 60 626
60 43 626
44 47 451
47 44 451
44 54 384
54 44 384
45 56 689
56 45 689
45 49 567
49 45 567
45 47 468
47 45 468
46 52 26
52 46 26
47 56 968
56 47 968
47 50 948
50 47 948
49 64 114
64 49 114
50 50 77
50 50 77
51 61 654
61 51 654
52 60 603
60 52 603
52 60 523
60 52 523
53 62 851
62 53 851
53 63 899
63 53 899
53 54 365
54 53 365
57 60 797
60 57 797
58 64 461
64 58 461
59 59 293
59 59 293
60 62 418
62 60 418
60 61 263
61 60 263
61 62 72
62 61 72
61 64 640
64 61 640
63 64 562
64 63 562
