90

0 1 148
1 0 148
0 2 393
2 0 393
0 82 685
82 0 685
0 38 201
38 0 201
0 45 836
45 0 836
0 82 810
82 0 810
0 11 40
11 0 40
0 48 844
48 0 844
0 45 851
45 0 851
0 68 721
68 0 721
0 83 248
83 0 248
1 3 554
3 1 554
1 4 119
4 1 119
1 5 747
5 1 747
1 7 993
7 1 993
1 13 513
13 1 513
1 38 59
38 1 59
1 54 387
54 1 387
1 61 492
61 1 492
1 62 262
62 1 262
1 74 758
74 1 758
1 7 369
7 1 369
2 12 146
12 2 146
2 16 104
16 2 104
2 86 902
86 2 902
2 50 197
50 2 197
2 15 291
15 2 291
2 29 63
29 2 63
2 79 994
79 2 994
2 51 31
51 2 31
2 59 438
59 2 438
2 51 527
51 2 527
3 11 206
11 3 206
3 22 228
22 3 228
3 29 124
29 3 124
3 73 659
73 3 659
3 22 563
22 3 563
3 53 404
53 3 404
3 85 648
85 3 648
3 32 664
32 3 664
3 32 20
32 3 20
3 80 396
80 3 396
3 45 156
45 3 156
4 6 6
6 4 6
4 8 510
8 4 510
4 10 174
10 4 174
4 37 776
37 4 776
4 5 310
5 4 310
4 89 213
89 4 213
4 13 659
13 4 659
5 9 60
9 5 60
5 56 617
56 5 617
5 16 217
16 5 217
5 33 303
33 5 303
5 60 871
60 5 871
5 41 741
41 5 741
5 37 736
37 5 736
5 56 89
56 5 89
5 43 347
43 5 347
5 29 162
29 5 162
6 35 313
35 6 313
6 7 799
7 6 799
6 18 415
18 6 415
6 30 26
30 6 26
6 88 528
88 6 528
6 73 430
73 6 430
6 42 562
42 6 562
6 42 380
42 6 380
7 15 554
15 7 554
7 17 899
17 7 899
7 21 337
21 7 337
7 23 447
23 7 447
7 26 528
26 7 528
7 48 806
48 7 806
7 14 670
14 7 670
7 57 427
57 7 427
7 64 162
64 7 162
7 37 661
37 7 661
7 74 99
74 7 99
7 86 76
86 7 76
7 45 429
45 7 429
8 46 777
46 8 777
8 22 445
22 8 445
8 30 614
30 8 614
8 66 123
66 8 123
8 47 23
47 8 23
8 64 787
64 8 787
8 70 769
70 8 769
8 28 209
28 8 209
9 14 964
14 9 964
9 30 37
30 9 37
9 51 578
51 9 578
9 61 346
61 9 346
9 68 717
68 9 717
9 38 468
38 9 468
10 80 104
80 10 104
10 56 398
56 10 398
10 38 90
38 10 90
10 51 972
51 10 972
10 69 616
69 10 616
10 77 266
77 10 266
11 31 137
31 11 137
11 62 121
62 11 121
11 30 224
30 11 224
11 58 130
58 11 130
11 43 390
43 11 390
11 42 699
42 11 699
11 17 979
17 11 979
11 34 671
34 11 671
12 68 604
68 12 604
12 67 930
67 12 930
12 55 162
55 12 162
12 84 133
84 12 133
13 19 69
19 13 69
13 28 793
28 13 793
13 55 557
55 13 557
13 75 878
75 13 878
13 71 57
71 13 57
13 81 81
81 13 81
13 27 337
27 13 337
13 84 712
84 13 712
13 23 344
23 13 344
13 87 265
87 13 265
13 56 558
56 13 558
14 20 588
20 14 588
14 57 842
57 14 842
14 46 294
46 14 294
14 76 217
76 14 217
14 20 234
20 14 234
14 17 64
17 14 64
14 38 141
38 14 141
14 76 610
76 14 610
15 18 652
18 15 652
15 25 141
25 15 141
15 32 297
32 15 297
15 86 850
86 15 850
15 78 65
78 15 65
16 30 615
30 16 615
16 43 647
43 16 647
16 48 587
48 16 587
16 26 189
26 16 189
16 65 425
65 16 425
16 26 359
26 16 359
16 43 736
43 16 736
16 19 395
19 16 395
17 24 398
24 17 398
17 44 552
44 17 552
17 50 455
50 17 455
17 49 171
49 17 171
17 52 501
52 17 501
17 64 233
64 17 233
17 87 360
87 17 360
17 33 514
33 17 514
17 45 224
45 17 224
18 35 504
35 18 504
18 22 214
22 18 214
18 69 925
69 18 925
18 51 880
51 18 880
18 35 718
35 18 718
18 67 921
67 18 921
18 83 484
83 18 484
18 64 531
64 18 531
19 20 187
20 19 187
19 20 426
20 19 426
19 42 568
42 19 568
19 29 786
29 19 786
19 28 272
28 19 272
19 65 576
65 19 576
19 55 833
55 19 833
20 71 132
71 20 132
20 51 726
51 20 726
20 88 800
88 20 800
20 53 57
53 20 57
20 73 967
73 20 967
21 27 691
27 21 691
21 37 637
37 21 637
21 71 359
71 21 359
21 46 887
46 21 887
22 46 946
46 22 946
22 79 931
79 22 931
23 36 542
36 23 542
23 39 321
39 23 321
23 37 983
37 23 983
23 52 512
52 23 512
23 57 625
57 23 625
23 24 663
24 23 663
23 65 398
65 23 398
24 49 348
49 24 348
24 45 248
45 24 248
24 44 422
44 24 422
24 53 278
53 24 278
24 79 554
79 24 554
24 71 950
71 24 950
24 62 768
62 24 768
24 28 756
28 24 756
24 46 658
46 24 658
24 54 992
54 24 992
25 40 383
40 25 383
25 41 435
41 25 435
25 47 442
47 25 442
25 43 177
43 25 177
25 42 495
42 25 495
25 76 626
76 25 626
25 67 692
67 25 692
25 67 811
67 25 811
25 60 612
60 25 612
25 41 359
41 25 359
25 28 66
28 25 66
26 77 318
77 26 318
26 59 431
59 26 431
27 75 270
75 27 270
27 59 632
59 27 632
27 61 507
61 27 507
28 34 984
34 28 984
28 62 561
62 28 561
28 84 510
84 28 510
28 38 756
38 28 756
28 82 616
82 28 616
29 32 469
32 29 469
29 41 771
41 29 771
29 58 494
58 29 494
29 37 915
37 29 915
30 72 518
72 30 518
30 35 170
35 30 170
30 39 471
39 30 471
30 36 773
36 30 773
30 84 387
84 30 387
30 87 590
87 30 590
31 46 131
46 31 131
31 53 117
53 31 117
31 64 833
64 31 833
31 85 55
85 31 55
31 35 783
35 31 783
31 76 692
76 31 692
32 33 305
33 32 305
32 48 629
48 32 629
32 49 837
49 32 837
32 52 658
52 32 658
32 58 775
58 32 775
32 44 439
44 32 439
32 32 534
32 32 534
32 57 124
57 32 124
32 66 389
66 32 389
32 50 76
50 32 76
32 73 283
73 32 283
32 85 369
85 32 369
33 63 690
63 33 690
33 68 983
68 33 983
33 87 619
87 33 619
33 77 839
77 33 839
34 66 287
66 34 287
34 39 134
39 34 134
34 83 257
83 34 257
34 54 911
54 34 911
35 42 955
42 35 955
35 77 958
77 35 958
35 81 867
81 35 867
35 56 143
56 35 143
35 79 242
79 35 242
36 86 959
86 36 959
36 64 295
64 36 295
36 79 867
79 36 867
37 50 262
50 37 262
37 89 635
89 37 635
37 39 431
39 37 431
37 74 969
74 37 969
37 88 665
88 37 665
37 56 785
56 37 785
38 61 256
61 38 256
38 69 353
69 38 353
38 40 134
40 38 134
38 72 690
72 38 690
38 42 823
42 38 823
38 76 265
76 38 265
38 85 987
85 38 987
38 84 14
84 38 14
39 63 400
63 39 400
39 74 965
74 39 965
39 43 929
43 39 929
39 48 686
48 39 686
39 43 512
43 39 512
39 42 440
42 39 440
39 80 298
80 39 298
40 43 447
43 40 447
40 58 177
58 40 177
40 67 211
67 40 211
40 71 419
71 40 419
40 84 517
84 40 517
40 85 802
85 40 802
40 43 787
43 40 787
41 75 784
75 41 784
41 75 985
75 41 985
41 53 434
53 41 434
41 87 469
87 41 469
42 45 19
45 42 19
42 65 965
65 42 965
42 64 902
64 42 902
42 86 880
86 42 880
42 82 487
82 42 487
43 71 297
71 43 297
43 67 407
67 43 407
43 73 160
73 43 160
43 86 567
86 43 567
44 78 741
78 44 741
44 81 693
81 44 693
45 54 682
54 45 682
45 68 936
68 45 936
45 47 340
47 45 340
46 50 194
50 46 194
46 63 254
63 46 254
46 73 961
73 46 961
46 60 371
60 46 371
46 51 292
51 46 292
47 51 139
51 47 139
47 77 877
77 47 877
47 64 694
64 47 694
47 70 137
70 47 137
47 64 294
64 47 294
47 50 920
50 47 920
48 74 21
74 48 21
48 73 457
73 48 457
49 56 515
56 49 515
49 82 581
82 49 581
50 88 840
88 50 840
50 54 33
54 50 33
50 66 946
66 50 946
51 70 332
70 51 332
51 89 181
89 51 181
51 54 780
54 51 780
52 87 661
87 52 661
52 76 11
76 52 11
53 87 302
87 53 302
53 55 864
55 53 864
53 60 571
60 53 571
54 74 248
74 54 248
54 80 411
80 54 411
54 84 187
84 54 187
54 81 29
81 54 29
55 60 13
60 55 13
55 62 12
62 55 12
55 70 518
70 55 518
55 75 49
75 55 49
56 78 464
78 56 464
56 61 991
61 56 991
57 71 170
71 57 170
58 59 852
59 58 852
58 60 942
60 58 942
58 65 164
65 58 164
59 85 214
85 59 214
59 78 171
78 59 171
59 69 973
69 59 973
59 64 831
64 59 831
59 76 177
76 59 177
59 64 692
64 59 692
59 88 472
88 59 472
60 68 556
68 60 556
60 62 926
62 60 926
60 61 754
61 60 754
61 69 655
69 61 655
61 67 893
67 61 893
62 70 948
70 62 948
62 89 943
89 62 943
62 73 768
73 62 768
62 73 814
73 62 814
63 87 156
87 63 156
63 88 131
88 63 131
63 64 556
64 63 556
63 85 262
85 63 262
63 67 874
67 63 874
64 83 521
83 64 521
64 74 328
74 64 328
64 68 356
68 64 356
64 76 721
76 64 721
65 85 578
85 65 578
65 69 831
69 65 831
66 84 865
84 66 865
67 85 366
85 67 366
67 77 716
77 67 716
67 70 802
70 67 802
67 73 576
73 67 576
68 89 1
89 68 1
68 88 419
88 68 419
69 78 198
78 69 198
70 79 260
79 70 260
70 74 569
74 70 569
70 86 727
86 70 727
70 89 889
89 70 889
71 76 936
76 71 936
71 83 409
83 71 409
72 79 622
79 72 622
72 84 31
84 72 31
73 76 247
76 73 247
73 87 805
87 73 805
73 88 324
88 73 324
74 84 230
84 74 230
74 82 393
82 74 393
76 76 488
76 76 488
77 82 360
82 77 360
78 80 318
80 78 318
79 81 907
81 79 907
80 86 47
86 80 47
81 87 998
87 81 998
81 88 8
88 81 8
82 89 184
89 82 184
82 88 652
88 82 652
82 88 781
88 82 781
