60

0 1 661
1 0 661
0 8 731
8 0 731
0 14 686
14 0 686
0 31 963
31 0 963
0 53 231
53 0 231
0 38 976
38 0 976
0 3 16
3 0 16
0 42 48
42 0 48
0 27 242
27 0 242
0 48 103
48 0 103
0 46 223
46 0 223
0 49 406
49 0 406
0 20 911
20 0 911
0 57 552
57 0 552
0 20 652
20 0 652
1 2 236
2 1 236
1 5 595
5 1 595
1 10 716
10 1 716
1 49 953
49 1 953
1 23 409
23 1 409
1 25 241
25 1 241
1 10 202
10 1 202
1 5 131
5 1 131
1 21 834
21 1 834
1 49 980
49 1 980
1 26 347
26 1 347
1 38 509
38 1 509
1 19 257
19 1 257
1 58 164
58 1 164
1 41 119
41 1 119
1 23 253
23 1 253
1 6 877
6 1 877
1 58 379
58 1 379
1 59 903
59 1 903
1 29 752
29 1 752
1 22 557
22 1 557
2 3 1
3 2 1
2 12 128
12 2 128
2 15 412
15 2 412
2 15 892
15 2 892
2 9 488
9 2 488
2 15 965
15 2 965
2 47 298
47 2 298
2 47 635
47 2 635
3 4 129
4 3 129
3 6 794
6 3 794
3 15 192
15 3 192
3 17 379
17 3 379
3 31 263
31 3 263
3 48 148
48 3 148
3 56 359
56 3 359
3 15 106
15 3 106
3 8 927
8 3 927
3 8 429
8 3 429
3 42 447
42 3 447
3 58 218
58 3 218
3 20 522
20 3 522
3 20 331
20 3 331
3 40 677
40 3 677
3 14 283
14 3 283
3 41 707
41 3 707
3 57 286
57 3 286
3 37 44
37 3 44
3 7 283
7 3 283
3 54 920
54 3 920
3 22 55
22 3 55
3 52 792
52 3 792
4 59 766
59 4 766
4 49 425
49 4 425
4 37 299
37 4 299
4 18 514
18 4 514
4 10 25
10 4 25
4 32 679
32 4 679
4 47 291
47 4 291
4 30 680
30 4 680
4 48 648
48 4 648
4 55 350
55 4 350
4 15 611
15 4 611
4 27 591
27 4 591
4 17 838
17 4 838
5 7 422
7 5 422
5 11 638
11 5 638
5 13 922
13 5 922
5 8 410
8 5 410
5 54 379
54 5 379
5 13 160
13 5 160
5 27 215
27 5 215
5 28 614
28 5 614
5 57 190
57 5 190
5 18 201
18 5 201
5 44 826
44 5 826
5 36 794
36 5 794
5 22 182
22 5 182
5 50 767
50 5 767
6 35 100
35 6 100
6 35 287
35 6 287
6 54 469
54 6 469
6 21 92
21 6 92
6 17 150
17 6 150
6 12 228
12 6 228
6 40 178
40 6 178
7 9 200
9 7 200
7 20 648
20 7 648
7 52 681
52 7 681
7 33 283
33 7 283
7 29 825
29 7 825
7 21 780
21 7 780
7 59 539
59 7 539
7 44 643
44 7 643
7 31 447
31 7 447
7 32 447
32 7 447
7 17 902
17 7 902
7 29 720
29 7 720
7 45 572
45 7 572
8 18 716
18 8 716
8 30 516
30 8 516
8 33 322
33 8 322
8 40 199
40 8 199
8 41 177
41 8 177
8 49 120
49 8 120
8 55 723
55 8 723
8 35 436
35 8 436
8 14 948
14 8 948
8 11 371
11 8 371
8 30 298
30 8 298
8 54 729
54 8 729
8 34 998
34 8 998
8 50 496
50 8 496
8 56 16
56 8 16
9 10 176
10 9 176
9 26 883
26 9 883
9 47 228
47 9 228
9 27 240
27 9 240
9 40 377
40 9 377
9 23 59
23 9 59
9 42 156
42 9 156
9 59 477
59 9 477
9 26 463
26 9 463
9 50 844
50 9 844
9 58 165
58 9 165
9 51 639
51 9 639
9 30 580
30 9 580
9 9 194
9 9 194
10 16 693
16 10 693
10 49 561
49 10 561
10 56 133
56 10 133
10 23 282
23 10 282
10 24 948
24 10 948
10 20 22
20 10 22
10 14 649
14 10 649
10 35 342
35 10 342
10 40 483
40 10 483
10 26 657
26 10 657
10 55 524
55 10 524
10 12 263
12 10 263
11 33 776
33 11 776
11 19 951
19 11 951
11 44 555
44 11 555
11 49 180
49 11 180
11 43 519
43 11 519
11 13 832
13 11 832
11 48 31
48 11 31
11 24 633
24 11 633
11 28 782
28 11 782
12 57 909
57 12 909
12 39 944
39 12 944
12 43 804
43 12 804
12 47 818
47 12 818
12 19 860
19 12 860
12 55 400
55 12 400
12 20 128
20 12 128
12 13 977
13 12 977
12 32 93
32 12 93
12 13 277
13 12 277
12 50 12
50 12 12
12 12 837
12 12 837
13 21 12
21 13 12
13 53 475
53 13 475
13 54 416
54 13 416
13 25 997
25 13 997
13 47 173
47 13 173
13 13 472
13 13 472
13 35 124
35 13 124
13 40 483
40 13 483
13 14 523
14 13 523
13 23 659
23 13 659
13 16 128
16 13 128
13 22 517
22 13 517
13 16 299
16 13 299
14 25 73
25 14 73
14 31 541
31 14 541
14 58 614
58 14 614
14 49 384
49 14 384
14 41 308
41 14 308
14 45 721
45 14 721
14 53 689
53 14 689
14 40 630
40 14 630
15 53 418
53 15 418
15 43 413
43 15 413
15 45 24
45 15 24
15 28 141
28 15 141
15 44 533
44 15 533
15 24 148
24 15 148
15 31 889
31 15 889
15 58 460
58 15 460
15 42 812
42 15 812
15 55 524
55 15 524
15 51 817
51 15 817
15 15 221
15 15 221
16 19 284
19 16 284
16 26 56
26 16 56
16 43 310
43 16 310
16 35 680
35 16 680
16 50 189
50 16 189
16 57 984
57 16 984
16 46 347
46 16 347
16 30 503
30 16 503
16 17 666
17 16 666
16 41 543
41 16 543
16 18 545
18 16 545
16 16 213
16 16 213
16 17 21
17 16 21
16 41 190
41 16 190
16 19 273
19 16 273
17 37 42
37 17 42
17 46 555
46 17 555
17 27 324
27 17 324
17 48 862
48 17 862
17 44 707
44 17 707
17 20 556
20 17 556
17 38 666
38 17 666
17 35 954
35 17 954
17 26 910
26 17 910
17 22 302
22 17 302
18 27 722
27 18 722
18 41 229
41 18 229
18 51 407
51 18 407
18 54 252
54 18 252
18 19 123
19 18 123
18 41 778
41 18 778
18 36 773
36 18 773
18 35 484
35 18 484
19 22 536
22 19 536
19 47 256
47 19 256
19 36 984
36 19 984
19 39 772
39 19 772
19 51 345
51 19 345
19 50 509
50 19 509
19 24 568
24 19 568
19 56 741
56 19 741
19 34 243
34 19 243
19 58 312
58 19 312
20 23 612
23 20 612
20 32 556
32 20 556
20 36 252
36 20 252
20 39 436
39 20 436
20 46 741
46 20 741
20 35 597
35 20 597
20 44 657
44 20 657
20 33 77
33 20 77
20 43 883
43 20 883
20 46 643
46 20 643
20 33 614
33 20 614
20 41 207
41 20 207
20 42 304
42 20 304
21 25 897
25 21 897
21 28 45
28 21 45
21 45 581
45 21 581
21 26 34
26 21 34
21 29 704
29 21 704
21 51 582
51 21 582
21 51 385
51 21 385
21 23 474
23 21 474
21 50 835
50 21 835
21 46 332
46 21 332
21 58 517
58 21 517
21 23 867
23 21 867
21 36 385
36 21 385
22 24 68
24 22 68
22 35 250
35 22 250
22 58 59
58 22 59
22 53 657
53 22 657
22 50 340
50 22 340
22 33 405
33 22 405
22 23 280
23 22 280
22 54 156
54 22 156
22 44 836
44 22 836
23 29 763
29 23 763
23 34 853
34 23 853
23 51 409
51 23 409
23 27 131
27 23 131
23 49 83
49 23 83
23 58 462
58 23 462
23 27 521
27 23 521
23 31 764
31 23 764
23 34 943
34 23 943
23 40 905
40 23 905
24 39 560
39 24 560
24 25 594
25 24 594
24 42 279
42 24 279
24 49 431
49 24 431
24 30 717
30 24 717
24 46 658
46 24 658
25 44 573
44 25 573
25 46 680
46 25 680
25 53 495
53 25 495
25 40 80
40 25 80
25 42 521
42 25 521
25 25 96
25 25 96
25 48 165
48 25 165
25 33 930
33 25 930
25 36 653
36 25 653
26 40 259
40 26 259
26 54 529
54 26 529
26 31 271
31 26 271
26 50 919
50 26 919
26 35 805
35 26 805
26 48 479
48 26 479
26 47 84
47 26 84
27 47 301
47 27 301
27 35 604
35 27 604
27 37 77
37 27 77
27 57 358
57 27 358
27 57 958
57 27 958
27 57 221
57 27 221
27 35 913
35 27 913
27 32 309
32 27 309
28 41 122
41 28 122
28 32 270
32 28 270
28 58 555
58 28 555
28 51 204
51 28 204
28 50 341
50 28 341
29 38 843
38 29 843
29 53 757
53 29 757
29 57 16
57 29 16
29 30 548
30 29 548
29 56 363
56 29 363
29 37 621
37 29 621
30 51 947
51 30 947
30 57 414
57 30 414
30 39 978
39 30 978
30 40 203
40 30 203
30 47 10
47 30 10
31 55 841
55 31 841
31 45 517
45 31 517
31 45 791
45 31 791
31 38 684
38 31 684
31 33 779
33 31 779
31 47 541
47 31 541
31 35 738
35 31 738
31 37 439
37 31 439
32 32 24
32 32 24
32 48 288
48 32 288
32 33 49
33 32 49
32 42 315
42 32 315
33 59 873
59 33 873
33 36 981
36 33 981
33 50 219
50 33 219
33 45 223
45 33 223
33 37 779
37 33 779
34 55 559
55 34 559
34 59 407
59 34 407
34 43 613
43 34 613
34 50 31
50 34 31
34 45 634
45 34 634
35 41 269
41 35 269
35 57 296
57 35 296
35 58 14
58 35 14
35 53 188
53 35 188
36 52 713
52 36 713
36 48 417
48 36 417
36 56 278
56 36 278
36 59 815
59 36 815
37 58 138
58 37 138
37 52 497
52 37 497
37 46 883
46 37 883
37 47 471
47 37 471
37 38 978
38 37 978
37 46 76
46 37 76
37 54 891
54 37 891
37 57 451
57 37 451
38 50 877
50 38 877
38 42 878
42 38 878
38 55 308
55 38 308
38 44 777
44 38 777
38 44 655
44 38 655
38 57 427
57 38 427
38 43 208
43 38 208
39 49 48
49 39 48
39 40 883
40 39 883
40 45 778
45 40 778
40 59 750
59 40 750
40 55 247
55 40 247
40 50 64
50 40 64
41 42 34
42 41 34
41 50 218
50 41 218
41 46 291
46 41 291
42 53 244
53 42 244
42 43 858
43 42 858
43 43 799
43 43 799
43 56 134
56 43 134
43 46 805
46 43 805
43 51 985
51 43 985
44 46 774
46 44 774
44 55 32
55 44 32
44 51 972
51 44 972
45 52 848
52 45 848
45 50 789
50 45 789
45 47 882
47 45 882
47 57 965
57 47 965
47 52 665
52 47 665
47 48 111
48 47 111
48 59 729
59 48 729
50 59 420
59 50 420
50 58 137
58 50 137
50 59 19
59 50 19
51 57 472
57 51 472
51 58 270
58 51 270
52 54 781
54 52 781
53 58 256
58 53 256
53 56 74
56 53 74
53 57 799
57 53 799
54 57 793
57 54 793
54 54 110
54 54 110
55 56 152
56 55 152
56 59 191
59 56 191
56 59 580
59 56 580
58 59 510
59 58 510
