41

0 1 784
1 0 784
0 2 369
2 0 369
1 3 458
3 1 458
1 4 456
4 1 456
1 5 40
5 1 40
1 10 73
10 1 73
1 16 300
16 1 300
2 6 920
6 2 920
2 19 149
19 2 149
2 25 855
25 2 855
2 27 117
27 2 117
3 9 184
9 3 184
3 14 705
14 3 705
3 22 56
22 3 56
3 38 244
38 3 244
4 8 904
8 4 904
4 11 426
11 4 426
4 13 965
13 4 965
4 28 447
28 4 447
5 34 499
34 5 499
6 7 481
7 6 481
6 24 983
24 6 983
6 32 959
32 6 959
6 37 435
37 6 435
7 18 224
18 7 224
7 21 240
21 7 240
7 40 598
40 7 598
8 15 21
15 8 21
8 35 194
35 8 194
9 23 61
23 9 61
9 33 303
33 9 303
10 17 940
17 10 940
10 20 675
20 10 675
10 14 520
14 10 520
11 12 812
12 11 812
12 29 755
29 12 755
12 36 328
36 12 328
13 30 758
30 13 758
15 19 377
19 15 377
16 26 523
26 16 523
16 27 831
27 16 831
23 31 411
31 23 411
36 39 890
39 36 890
