76

0 1 497
1 0 497
0 13 5
13 0 5
0 17 635
17 0 635
0 1 626
1 0 626
0 31 49
31 0 49
0 1 765
1 0 765
1 2 376
2 1 376
1 9 242
9 1 242
1 23 427
23 1 427
1 56 699
56 1 699
1 5 414
5 1 414
1 3 605
3 1 605
1 72 479
72 1 479
1 23 890
23 1 890
1 31 170
31 1 170
2 3 322
3 2 322
2 8 114
8 2 114
2 40 568
40 2 568
2 52 618
52 2 618
2 55 463
55 2 463
2 58 431
58 2 431
2 14 352
14 2 352
2 49 723
49 2 723
2 10 725
10 2 725
2 48 565
48 2 565
2 29 643
29 2 643
2 6 699
6 2 699
3 4 721
4 3 721
3 68 161
68 3 161
3 49 10
49 3 10
3 32 952
32 3 952
4 5 854
5 4 854
4 6 85
6 4 85
4 7 547
7 4 547
4 51 772
51 4 772
4 72 733
72 4 733
4 47 781
47 4 781
4 44 296
44 4 296
4 45 456
45 4 456
4 22 134
22 4 134
5 11 586
11 5 586
5 52 226
52 5 226
5 50 269
50 5 269
5 71 400
71 5 400
5 50 747
50 5 747
5 49 443
49 5 443
5 49 913
49 5 913
5 58 979
58 5 979
5 75 874
75 5 874
5 24 553
24 5 553
6 11 712
11 6 712
6 12 466
12 6 466
6 8 223
8 6 223
6 61 471
61 6 471
6 26 985
26 6 985
6 7 652
7 6 652
6 62 282
62 6 282
6 51 212
51 6 212
7 10 890
10 7 890
7 16 991
16 7 991
7 31 3
31 7 3
7 54 182
54 7 182
7 75 228
75 7 228
7 20 493
20 7 493
7 14 210
14 7 210
7 36 570
36 7 570
7 29 758
29 7 758
7 22 666
22 7 666
7 38 99
38 7 99
7 8 111
8 7 111
7 70 242
70 7 242
7 38 599
38 7 599
8 29 600
29 8 600
8 47 790
47 8 790
8 47 736
47 8 736
8 24 965
24 8 965
8 12 877
12 8 877
8 24 631
24 8 631
8 21 287
21 8 287
8 29 650
29 8 650
8 19 207
19 8 207
8 14 834
14 8 834
8 16 263
16 8 263
8 17 327
17 8 327
8 62 303
62 8 303
8 33 970
33 8 970
9 33 185
33 9 185
9 60 744
60 9 744
9 45 535
45 9 535
9 75 525
75 9 525
9 38 547
38 9 547
9 73 625
73 9 625
9 26 69
26 9 69
9 23 504
23 9 504
9 48 459
48 9 459
9 61 326
61 9 326
10 18 464
18 10 464
10 22 266
22 10 266
10 24 797
24 10 797
10 32 835
32 10 835
10 35 372
35 10 372
10 46 478
46 10 478
10 73 306
73 10 306
10 17 841
17 10 841
10 49 115
49 10 115
10 26 99
26 10 99
10 61 379
61 10 379
10 51 137
51 10 137
11 25 492
25 11 492
11 36 917
36 11 917
11 69 186
69 11 186
11 39 947
39 11 947
11 22 199
22 11 199
11 32 764
32 11 764
11 75 972
75 11 972
11 60 261
60 11 261
11 60 625
60 11 625
11 34 511
34 11 511
11 61 463
61 11 463
11 12 405
12 11 405
12 14 80
14 12 80
12 21 584
21 12 584
12 52 957
52 12 957
12 47 879
47 12 879
12 21 56
21 12 56
12 12 166
12 12 166
12 22 909
22 12 909
12 58 917
58 12 917
13 15 75
15 13 75
13 60 351
60 13 351
13 59 289
59 13 289
13 24 862
24 13 862
13 29 514
29 13 514
13 21 483
21 13 483
13 68 634
68 13 634
13 43 741
43 13 741
13 60 107
60 13 107
13 37 499
37 13 499
13 34 997
34 13 997
13 40 68
40 13 68
14 61 594
61 14 594
14 37 946
37 14 946
14 72 970
72 14 970
15 20 796
20 15 796
15 26 792
26 15 792
15 39 142
39 15 142
15 53 674
53 15 674
15 47 593
47 15 593
15 28 964
28 15 964
15 43 258
43 15 258
15 75 116
75 15 116
15 41 571
41 15 571
16 27 18
27 16 18
16 45 348
45 16 348
16 34 39
34 16 39
16 22 462
22 16 462
16 22 179
22 16 179
16 33 530
33 16 530
16 26 912
26 16 912
16 49 612
49 16 612
17 46 717
46 17 717
17 56 324
56 17 324
17 64 603
64 17 603
17 42 180
42 17 180
17 19 952
19 17 952
17 70 725
70 17 725
18 19 878
19 18 878
18 42 214
42 18 214
18 54 108
54 18 108
18 27 184
27 18 184
18 57 453
57 18 453
18 64 428
64 18 428
19 48 654
48 19 654
19 41 178
41 19 178
19 69 443
69 19 443
20 27 994
27 20 994
20 33 26
33 20 26
20 53 473
53 20 473
20 71 677
71 20 677
20 44 318
44 20 318
21 28 207
28 21 207
21 74 90
74 21 90
21 62 783
62 21 783
21 39 888
39 21 888
21 59 181
59 21 181
21 69 31
69 21 31
21 35 2
35 21 2
21 50 472
50 21 472
22 59 150
59 22 150
22 56 533
56 22 533
22 42 328
42 22 328
22 55 311
55 22 311
22 60 426
60 22 426
22 48 840
48 22 840
23 42 183
42 23 183
23 61 155
61 23 155
23 49 268
49 23 268
23 36 770
36 23 770
23 30 956
30 23 956
23 54 312
54 23 312
24 30 740
30 24 740
24 52 431
52 24 431
24 61 341
61 24 341
24 42 214
42 24 214
24 57 146
57 24 146
25 73 290
73 25 290
25 27 968
27 25 968
25 56 312
56 25 312
25 59 415
59 25 415
25 75 993
75 25 993
25 37 934
37 25 934
25 47 547
47 25 547
25 47 946
47 25 946
25 26 338
26 25 338
25 72 220
72 25 220
26 38 95
38 26 95
26 41 972
41 26 972
26 42 510
42 26 510
26 44 830
44 26 830
27 46 853
46 27 853
27 51 910
51 27 910
27 34 309
34 27 309
28 34 441
34 28 441
28 58 735
58 28 735
28 60 783
60 28 783
28 64 610
64 28 610
28 29 390
29 28 390
28 40 213
40 28 213
29 69 130
69 29 130
29 67 620
67 29 620
29 66 103
66 29 103
29 57 101
57 29 101
29 33 310
33 29 310
29 64 761
64 29 761
30 49 173
49 30 173
30 62 449
62 30 449
30 40 118
40 30 118
30 33 247
33 30 247
31 75 989
75 31 989
31 70 186
70 31 186
31 57 390
57 31 390
31 49 126
49 31 126
31 49 890
49 31 890
31 63 335
63 31 335
31 75 513
75 31 513
32 50 400
50 32 400
32 61 255
61 32 255
32 49 184
49 32 184
32 50 85
50 32 85
32 40 236
40 32 236
32 45 460
45 32 460
32 54 177
54 32 177
33 49 976
49 33 976
33 38 722
38 33 722
34 37 692
37 34 692
34 43 441
43 34 441
34 57 852
57 34 852
34 47 95
47 34 95
34 65 49
65 34 49
34 37 39
37 34 39
34 47 627
47 34 627
34 71 810
71 34 810
35 65 335
65 35 335
35 45 985
45 35 985
35 52 394
52 35 394
36 44 242
44 36 242
36 61 191
61 36 191
36 62 503
62 36 503
36 54 977
54 36 977
36 60 459
60 36 459
36 53 217
53 36 217
37 41 997
41 37 997
37 62 238
62 37 238
38 41 790
41 38 790
38 75 767
75 38 767
38 63 882
63 38 882
38 68 163
68 38 163
38 44 735
44 38 735
38 58 270
58 38 270
38 56 931
56 38 931
38 58 698
58 38 698
39 59 620
59 39 620
39 61 532
61 39 532
39 53 357
53 39 357
39 47 746
47 39 746
39 53 777
53 39 777
39 61 40
61 39 40
39 75 753
75 39 753
39 68 378
68 39 378
40 68 716
68 40 716
40 47 383
47 40 383
40 45 941
45 40 941
40 52 77
52 40 77
40 72 198
72 40 198
41 67 335
67 41 335
41 45 83
45 41 83
42 48 998
48 42 998
42 69 458
69 42 458
42 68 703
68 42 703
42 61 76
61 42 76
42 47 478
47 42 478
42 71 26
71 42 26
42 51 545
51 42 545
43 64 561
64 43 561
43 49 910
49 43 910
43 47 834
47 43 834
43 48 680
48 43 680
44 66 859
66 44 859
44 54 49
54 44 49
44 49 719
49 44 719
44 52 747
52 44 747
44 70 377
70 44 377
44 48 887
48 44 887
45 72 263
72 45 263
45 56 441
56 45 441
46 59 204
59 46 204
46 66 694
66 46 694
46 73 986
73 46 986
47 67 295
67 47 295
47 69 542
69 47 542
47 51 52
51 47 52
47 61 173
61 47 173
47 62 680
62 47 680
47 52 499
52 47 499
47 59 257
59 47 257
48 71 108
71 48 108
48 65 942
65 48 942
48 70 989
70 48 989
48 57 457
57 48 457
49 63 219
63 49 219
49 66 8
66 49 8
49 52 350
52 49 350
49 56 115
56 49 115
49 56 344
56 49 344
49 56 606
56 49 606
50 62 856
62 50 856
51 60 789
60 51 789
51 68 612
68 51 612
52 59 918
59 52 918
52 73 286
73 52 286
52 57 913
57 52 913
52 70 150
70 52 150
52 53 171
53 52 171
52 61 194
61 52 194
53 60 205
60 53 205
53 65 224
65 53 224
54 68 120
68 54 120
54 55 450
55 54 450
54 59 284
59 54 284
54 60 532
60 54 532
54 73 971
73 54 971
54 64 900
64 54 900
55 56 97
56 55 97
56 70 442
70 56 442
56 58 901
58 56 901
56 71 184
71 56 184
56 65 350
65 56 350
57 64 106
64 57 106
57 63 865
63 57 865
57 71 533
71 57 533
58 66 67
66 58 67
58 59 670
59 58 670
58 71 881
71 58 881
58 63 765
63 58 765
59 63 490
63 59 490
59 71 15
71 59 15
59 75 270
75 59 270
59 62 476
62 59 476
59 61 613
61 59 613
60 70 748
70 60 748
60 69 92
69 60 92
61 65 668
65 61 668
61 75 800
75 61 800
62 73 107
73 62 107
64 72 314
72 64 314
64 72 361
72 64 361
64 70 648
70 64 648
65 74 253
74 65 253
65 72 90
72 65 90
66 67 870
67 66 870
67 69 851
69 67 851
68 71 160
71 68 160
70 72 161
72 70 161
71 73 521
73 71 521
72 73 634
73 72 634
73 73 324
73 73 324
74 75 567
75 74 567
