91

0 1 245
1 0 245
0 4 863
4 0 863
0 8 803
8 0 803
0 13 582
13 0 582
0 14 568
14 0 568
0 77 778
77 0 778
0 80 698
80 0 698
0 36 396
36 0 396
0 19 123
19 0 123
0 15 294
15 0 294
0 51 229
51 0 229
0 18 658
18 0 658
1 2 68
2 1 68
1 5 550
5 1 550
1 6 153
6 1 153
1 15 976
15 1 976
1 22 295
22 1 295
1 64 171
64 1 171
1 17 483
17 1 483
1 4 100
4 1 100
1 87 720
87 1 720
2 3 923
3 2 923
2 56 890
56 2 890
2 59 333
59 2 333
2 3 831
3 2 831
2 12 877
12 2 877
2 33 340
33 2 340
3 7 153
7 3 153
3 12 897
12 3 897
3 53 735
53 3 735
3 79 869
79 3 869
3 85 983
85 3 983
3 21 185
21 3 185
3 20 652
20 3 652
3 56 356
56 3 356
3 11 685
11 3 685
4 82 514
82 4 514
4 39 563
39 4 563
4 55 705
55 4 705
4 54 690
54 4 690
4 76 169
76 4 169
4 66 975
66 4 975
5 10 101
10 5 101
5 24 908
24 5 908
5 50 73
50 5 73
5 50 532
50 5 532
5 41 93
41 5 93
5 81 185
81 5 185
6 20 113
20 6 113
6 35 38
35 6 38
6 73 730
73 6 730
6 28 602
28 6 602
7 9 779
9 7 779
7 17 908
17 7 908
7 33 251
33 7 251
7 38 733
38 7 733
7 47 590
47 7 590
7 67 691
67 7 691
8 16 667
16 8 667
8 39 42
39 8 42
8 60 717
60 8 717
8 86 909
86 8 909
8 48 249
48 8 249
8 52 200
52 8 200
8 17 134
17 8 134
9 11 70
11 9 70
9 21 309
21 9 309
9 30 808
30 9 808
9 69 290
69 9 290
9 87 284
87 9 284
9 90 682
90 9 682
9 81 403
81 9 403
9 56 243
56 9 243
9 21 691
21 9 691
10 31 375
31 10 375
10 42 411
42 10 411
10 89 766
89 10 766
10 66 847
66 10 847
10 62 765
62 10 765
10 47 920
47 10 920
10 24 80
24 10 80
10 53 985
53 10 985
11 29 900
29 11 900
11 40 302
40 11 302
11 15 413
15 11 413
11 54 500
54 11 500
11 56 86
56 11 86
11 86 539
86 11 539
12 18 224
18 12 224
12 23 585
23 12 585
12 46 940
46 12 940
12 28 854
28 12 854
12 37 809
37 12 809
12 31 575
31 12 575
13 19 987
19 13 987
13 83 917
83 13 917
13 87 130
87 13 130
13 44 511
44 13 511
14 23 560
23 14 560
14 70 711
70 14 711
14 56 415
56 14 415
14 73 286
73 14 286
14 59 245
59 14 245
14 60 528
60 14 528
14 74 586
74 14 586
14 46 341
46 14 341
15 57 150
57 15 150
15 51 177
51 15 177
15 45 809
45 15 809
16 90 453
90 16 453
16 69 427
69 16 427
16 19 69
19 16 69
16 54 7
54 16 7
17 27 395
27 17 395
17 28 716
28 17 716
17 45 918
45 17 918
17 48 634
48 17 634
17 71 173
71 17 173
17 60 418
60 17 418
17 59 129
59 17 129
18 43 539
43 18 539
18 82 24
82 18 24
18 57 948
57 18 948
19 34 981
34 19 981
19 62 225
62 19 225
19 40 90
40 19 90
19 20 362
20 19 362
19 65 497
65 19 497
20 42 935
42 20 935
20 53 194
53 20 194
20 24 15
24 20 15
20 36 374
36 20 374
21 25 263
25 21 263
21 26 213
26 21 213
21 36 998
36 21 998
21 46 442
46 21 442
21 85 507
85 21 507
21 43 384
43 21 384
21 79 465
79 21 465
22 37 411
37 22 411
22 55 230
55 22 230
22 68 952
68 22 952
22 78 227
78 22 227
23 32 485
32 23 485
23 44 918
44 23 918
23 63 293
63 23 293
23 68 669
68 23 669
23 65 949
65 23 949
23 73 484
73 23 484
23 78 113
78 23 113
24 80 79
80 24 79
25 81 428
81 25 428
25 49 854
49 25 854
25 70 141
70 25 141
26 54 175
54 26 175
26 70 979
70 26 979
26 56 573
56 26 573
26 29 960
29 26 960
26 39 448
39 26 448
26 59 893
59 26 893
27 65 35
65 27 35
28 29 131
29 28 131
28 28 589
28 28 589
30 58 395
58 30 395
30 76 788
76 30 788
31 51 702
51 31 702
31 36 768
36 31 768
31 60 681
60 31 681
33 81 512
81 33 512
33 62 384
62 33 384
33 56 412
56 33 412
34 80 330
80 34 330
34 54 445
54 34 445
34 52 587
52 34 587
34 65 15
65 34 15
34 41 4
41 34 4
35 46 989
46 35 989
35 57 721
57 35 721
35 63 200
63 35 200
35 40 402
40 35 402
35 55 211
55 35 211
35 54 585
54 35 585
35 62 524
62 35 524
35 90 689
90 35 689
35 86 89
86 35 89
35 45 747
45 35 747
36 71 572
71 36 572
36 48 606
48 36 606
36 76 153
76 36 153
37 84 68
84 37 68
37 40 471
40 37 471
37 39 455
39 37 455
37 78 111
78 37 111
37 87 68
87 37 68
39 41 898
41 39 898
39 64 901
64 39 901
39 69 39
69 39 39
40 47 202
47 40 202
40 78 234
78 40 234
40 82 78
82 40 78
41 49 474
49 41 474
41 75 615
75 41 615
41 47 675
47 41 675
41 70 532
70 41 532
41 53 406
53 41 406
42 84 330
84 42 330
42 66 19
66 42 19
42 54 324
54 42 324
42 72 829
72 42 829
42 50 123
50 42 123
44 82 263
82 44 263
44 83 163
83 44 163
44 79 727
79 44 727
45 74 998
74 45 998
46 46 228
46 46 228
47 88 991
88 47 991
47 48 106
48 47 106
47 82 563
82 47 563
47 90 863
90 47 863
48 52 689
52 48 689
48 82 149
82 48 149
48 85 125
85 48 125
48 71 425
71 48 425
49 67 490
67 49 490
49 52 604
52 49 604
49 87 98
87 49 98
49 71 1
71 49 1
50 52 204
52 50 204
51 74 500
74 51 500
51 89 410
89 51 410
51 58 647
58 51 647
51 66 941
66 51 941
52 52 862
52 52 862
52 65 515
65 52 515
53 55 373
55 53 373
53 58 290
58 53 290
53 65 937
65 53 937
53 83 892
83 53 892
54 85 312
85 54 312
54 76 988
76 54 988
55 61 110
61 55 110
55 74 745
74 55 745
56 81 910
81 56 910
56 73 217
73 56 217
56 72 460
72 56 460
56 87 682
87 56 682
56 84 579
84 56 579
56 56 576
56 56 576
56 88 521
88 56 521
56 89 487
89 56 487
56 88 971
88 56 971
56 88 552
88 56 552
57 89 995
89 57 995
57 78 584
78 57 584
57 67 670
67 57 670
58 61 261
61 58 261
58 66 916
66 58 916
58 62 103
62 58 103
59 69 471
69 59 471
60 90 843
90 60 843
61 89 633
89 61 633
61 75 753
75 61 753
62 86 969
86 62 969
63 87 247
87 63 247
65 81 387
81 65 387
65 80 353
80 65 353
67 74 722
74 67 722
67 85 650
85 67 650
68 84 729
84 68 729
69 72 227
72 69 227
69 74 373
74 69 373
71 85 864
85 71 864
72 85 478
85 72 478
72 89 275
89 72 275
73 76 602
76 73 602
74 82 548
82 74 548
75 90 356
90 75 356
75 88 872
88 75 872
83 87 892
87 83 892
84 85 173
85 84 173
84 85 506
85 84 506
