99

0 1 686
1 0 686
0 3 884
3 0 884
0 7 35
7 0 35
0 40 534
40 0 534
0 74 507
74 0 507
0 15 897
15 0 897
0 52 766
52 0 766
0 50 434
50 0 434
1 2 736
2 1 736
1 9 716
9 1 716
1 18 187
18 1 187
1 72 339
72 1 339
1 83 871
83 1 871
1 87 341
87 1 341
1 61 527
61 1 527
1 53 601
53 1 601
1 21 796
21 1 796
2 4 729
4 2 729
2 5 983
5 2 983
2 49 560
49 2 560
2 54 918
54 2 918
2 61 182
61 2 182
2 35 135
35 2 135
2 97 340
97 2 340
2 39 955
39 2 955
2 58 634
58 2 634
2 69 264
69 2 264
2 62 906
62 2 906
2 18 887
18 2 887
2 45 931
45 2 931
3 6 185
6 3 185
3 20 497
20 3 497
3 91 996
91 3 996
3 93 682
93 3 682
3 44 238
44 3 238
3 48 826
48 3 826
3 95 223
95 3 223
3 21 681
21 3 681
3 23 471
23 3 471
3 76 759
76 3 759
3 85 591
85 3 591
3 13 173
13 3 173
4 8 201
8 4 201
4 12 495
12 4 495
4 33 158
33 4 158
4 84 253
84 4 253
4 27 787
27 4 787
4 42 547
42 4 547
4 23 624
23 4 624
4 97 109
97 4 109
4 33 459
33 4 459
4 70 280
70 4 280
4 35 382
35 4 382
5 13 615
13 5 615
5 50 97
50 5 97
5 20 13
20 5 13
5 39 256
39 5 256
5 87 355
87 5 355
6 29 331
29 6 331
6 88 719
88 6 719
6 95 890
95 6 890
6 14 703
14 6 703
6 25 338
25 6 338
6 97 857
97 6 857
6 16 17
16 6 17
6 89 715
89 6 715
7 10 617
10 7 617
7 16 788
16 7 788
7 43 913
43 7 913
7 44 346
44 7 346
7 78 333
78 7 333
7 61 296
61 7 296
7 44 693
44 7 693
7 19 439
19 7 439
7 61 881
61 7 881
7 13 471
13 7 471
7 36 834
36 7 834
7 14 119
14 7 119
7 35 778
35 7 778
7 68 830
68 7 830
7 48 372
48 7 372
7 87 47
87 7 47
7 7 468
7 7 468
8 22 205
22 8 205
8 25 248
25 8 248
8 38 543
38 8 543
8 42 145
42 8 145
8 26 683
26 8 683
8 62 501
62 8 501
8 22 724
22 8 724
8 98 97
98 8 97
8 90 601
90 8 601
8 24 635
24 8 635
8 21 771
21 8 771
8 18 785
18 8 785
9 11 150
11 9 150
9 73 374
73 9 374
9 42 803
42 9 803
9 28 154
28 9 154
9 54 147
54 9 147
9 32 208
32 9 208
10 81 799
81 10 799
10 97 462
97 10 462
10 10 214
10 10 214
10 22 678
22 10 678
10 40 165
40 10 165
10 92 712
92 10 712
10 86 677
86 10 677
10 94 261
94 10 261
10 96 788
96 10 788
11 21 81
21 11 81
11 63 145
63 11 145
11 90 974
90 11 974
11 51 720
51 11 720
11 94 407
94 11 407
11 27 290
27 11 290
11 24 438
24 11 438
11 71 836
71 11 836
11 61 736
61 11 736
12 14 655
14 12 655
12 34 850
34 12 850
12 70 692
70 12 692
12 70 211
70 12 211
12 33 81
33 12 81
12 54 846
54 12 846
12 57 344
57 12 344
12 50 697
50 12 697
12 92 591
92 12 591
12 53 774
53 12 774
12 29 830
29 12 830
13 60 142
60 13 142
13 54 63
54 13 63
13 94 789
94 13 789
13 48 213
48 13 213
13 58 304
58 13 304
13 52 763
52 13 763
13 87 139
87 13 139
13 13 626
13 13 626
13 93 807
93 13 807
13 70 261
70 13 261
14 15 850
15 14 850
14 17 555
17 14 555
14 19 822
19 14 822
14 31 433
31 14 433
14 46 271
46 14 271
14 73 6
73 14 6
14 85 635
85 14 635
14 70 590
70 14 590
14 67 10
67 14 10
15 24 471
24 15 471
15 36 980
36 15 980
15 47 138
47 15 138
15 71 765
71 15 765
15 81 65
81 15 65
15 36 640
36 15 640
15 65 273
65 15 273
16 28 112
28 16 112
16 92 175
92 16 175
16 19 677
19 16 677
16 28 324
28 16 324
16 22 794
22 16 794
16 79 388
79 16 388
16 93 92
93 16 92
16 89 972
89 16 972
16 65 732
65 16 732
16 48 442
48 16 442
16 84 728
84 16 728
17 80 784
80 17 784
17 96 339
96 17 339
17 67 599
67 17 599
17 20 75
20 17 75
17 68 446
68 17 446
17 22 349
22 17 349
18 37 705
37 18 705
18 41 52
41 18 52
18 56 898
56 18 898
18 21 874
21 18 874
18 37 640
37 18 640
18 95 183
95 18 183
18 21 768
21 18 768
18 84 47
84 18 47
19 26 882
26 19 882
19 21 551
21 19 551
19 47 503
47 19 503
19 31 740
31 19 740
20 27 138
27 20 138
20 45 540
45 20 540
20 76 803
76 20 803
20 83 738
83 20 738
20 51 824
51 20 824
20 73 28
73 20 28
20 38 461
38 20 461
21 52 499
52 21 499
21 37 745
37 21 745
21 57 26
57 21 26
22 23 516
23 22 516
22 53 497
53 22 497
22 69 474
69 22 474
22 57 333
57 22 333
22 55 432
55 22 432
22 98 208
98 22 208
22 48 646
48 22 646
22 95 854
95 22 854
22 66 17
66 22 17
22 40 716
40 22 716
23 79 803
79 23 803
23 85 108
85 23 108
23 91 308
91 23 308
23 56 812
56 23 812
23 74 78
74 23 78
23 63 900
63 23 900
23 23 296
23 23 296
24 75 892
75 24 892
24 30 710
30 24 710
24 32 979
32 24 979
24 47 271
47 24 271
24 58 124
58 24 124
24 45 429
45 24 429
24 46 661
46 24 661
24 24 760
24 24 760
24 35 945
35 24 945
24 36 171
36 24 171
24 39 477
39 24 477
25 32 421
32 25 421
25 39 469
39 25 469
25 45 928
45 25 928
25 46 219
46 25 219
25 73 196
73 25 196
25 29 910
29 25 910
25 74 884
74 25 884
25 46 66
46 25 66
25 35 758
35 25 758
26 53 679
53 26 679
26 97 108
97 26 108
26 45 569
45 26 569
26 83 160
83 26 160
26 63 868
63 26 868
26 85 462
85 26 462
27 51 371
51 27 371
27 59 816
59 27 816
27 80 435
80 27 435
27 59 529
59 27 529
27 59 488
59 27 488
27 94 815
94 27 815
28 30 421
30 28 421
28 76 30
76 28 30
28 44 38
44 28 38
28 65 664
65 28 664
28 30 851
30 28 851
28 50 114
50 28 114
28 42 106
42 28 106
29 64 26
64 29 26
29 69 134
69 29 134
29 92 854
92 29 854
29 57 480
57 29 480
29 52 723
52 29 723
30 51 727
51 30 727
30 55 545
55 30 545
30 98 133
98 30 133
30 81 636
81 30 636
30 86 284
86 30 284
30 74 436
74 30 436
30 95 485
95 30 485
30 55 993
55 30 993
31 35 136
35 31 136
31 94 826
94 31 826
31 64 561
64 31 561
31 93 855
93 31 855
31 86 299
86 31 299
31 74 436
74 31 436
32 74 787
74 32 787
32 89 13
89 32 13
32 67 205
67 32 205
32 69 934
69 32 934
32 92 69
92 32 69
33 50 94
50 33 94
33 82 452
82 33 452
34 58 796
58 34 796
34 84 962
84 34 962
34 55 232
55 34 232
34 51 570
51 34 570
34 39 639
39 34 639
34 94 780
94 34 780
34 36 212
36 34 212
34 63 146
63 34 146
34 56 472
56 34 472
35 48 880
48 35 880
35 66 680
66 35 680
35 44 471
44 35 471
35 85 503
85 35 503
35 86 786
86 35 786
36 71 686
71 36 686
36 47 129
47 36 129
36 42 888
42 36 888
37 94 727
94 37 727
37 82 867
82 37 867
37 89 240
89 37 240
37 52 5
52 37 5
37 89 246
89 37 246
37 41 356
41 37 356
37 73 527
73 37 527
38 78 818
78 38 818
38 60 561
60 38 561
38 59 19
59 38 19
39 51 974
51 39 974
40 52 410
52 40 410
40 48 70
48 40 70
40 74 224
74 40 224
40 90 133
90 40 133
40 92 854
92 40 854
41 65 936
65 41 936
42 71 398
71 42 398
42 89 958
89 42 958
42 75 867
75 42 867
42 88 359
88 42 359
43 45 672
45 43 672
43 93 659
93 43 659
44 78 361
78 44 361
44 82 758
82 44 758
45 97 464
97 45 464
45 75 662
75 45 662
45 68 831
68 45 831
45 64 465
64 45 465
46 56 427
56 46 427
46 61 382
61 46 382
47 68 56
68 47 56
47 80 379
80 47 379
47 54 31
54 47 31
47 64 348
64 47 348
48 94 83
94 48 83
48 86 678
86 48 678
48 69 693
69 48 693
48 85 64
85 48 64
49 67 610
67 49 610
49 61 331
61 49 331
50 57 391
57 50 391
50 89 193
89 50 193
50 53 648
53 50 648
51 82 541
82 51 541
52 86 889
86 52 889
52 97 176
97 52 176
52 76 440
76 52 440
52 64 933
64 52 933
53 65 743
65 53 743
53 61 315
61 53 315
53 90 225
90 53 225
53 73 121
73 53 121
53 61 510
61 53 510
54 62 638
62 54 638
54 82 523
82 54 523
54 96 57
96 54 57
54 95 129
95 54 129
54 56 197
56 54 197
55 89 519
89 55 519
55 70 458
70 55 458
55 77 877
77 55 877
56 81 817
81 56 817
56 93 691
93 56 691
56 67 354
67 56 354
56 79 102
79 56 102
56 65 305
65 56 305
56 70 255
70 56 255
56 76 968
76 56 968
57 82 477
82 57 477
57 98 784
98 57 784
58 59 430
59 58 430
58 63 742
63 58 742
59 83 194
83 59 194
59 65 668
65 59 668
60 78 680
78 60 680
60 62 99
62 60 99
61 79 436
79 61 436
61 82 365
82 61 365
62 93 773
93 62 773
62 82 24
82 62 24
62 95 536
95 62 536
62 76 990
76 62 990
62 80 494
80 62 494
63 85 382
85 63 382
63 94 592
94 63 592
63 81 930
81 63 930
64 72 404
72 64 404
64 86 296
86 64 296
64 86 584
86 64 584
66 78 524
78 66 524
66 75 295
75 66 295
66 97 892
97 66 892
67 91 534
91 67 534
67 80 264
80 67 264
68 86 398
86 68 398
68 74 886
74 68 886
68 70 106
70 68 106
68 96 691
96 68 691
69 77 254
77 69 254
69 81 39
81 69 39
70 91 943
91 70 943
71 78 608
78 71 608
71 81 960
81 71 960
71 92 110
92 71 110
72 93 352
93 72 352
74 92 2
92 74 2
75 78 75
78 75 75
76 88 730
88 76 730
76 98 270
98 76 270
77 93 4
93 77 4
77 81 631
81 77 631
78 82 459
82 78 459
78 83 866
83 78 866
78 94 183
94 78 183
79 94 264
94 79 264
81 96 351
96 81 351
81 90 882
90 81 882
82 84 889
84 82 889
84 96 140
96 84 140
86 89 833
89 86 833
87 98 403
98 87 403
90 92 81
92 90 81
90 93 109
93 90 109
