36

0 1 441
1 0 441
0 2 783
2 0 783
0 3 811
3 0 811
0 12 353
12 0 353
0 32 615
32 0 615
0 6 290
6 0 290
1 4 404
4 1 404
1 21 638
21 1 638
1 28 644
28 1 644
2 5 550
5 2 550
2 26 948
26 2 948
2 28 184
28 2 184
3 6 375
6 3 375
5 13 941
13 5 941
5 15 569
15 5 569
5 16 1
16 5 1
6 7 757
7 6 757
6 9 101
9 6 101
6 11 302
11 6 302
6 14 546
14 6 546
6 29 17
29 6 17
6 23 427
23 6 427
7 8 891
8 7 891
7 10 742
10 7 742
7 23 506
23 7 506
9 28 450
28 9 450
9 30 964
30 9 964
10 27 256
27 10 256
10 21 983
21 10 983
11 22 727
22 11 727
11 35 375
35 11 375
12 17 315
17 12 315
13 24 749
24 13 749
14 25 604
25 14 604
14 27 850
27 14 850
15 18 820
18 15 820
15 19 979
19 15 979
15 24 535
24 15 535
16 31 817
31 16 817
17 20 965
20 17 965
18 27 151
27 18 151
19 24 906
24 19 906
19 34 350
34 19 350
22 27 367
27 22 367
23 34 106
34 23 106
24 25 341
25 24 341
26 28 489
28 26 489
27 33 287
33 27 287
29 31 383
31 29 383
29 31 913
31 29 913
30 33 177
33 30 177
