91

0 1 958
1 0 958
0 2 575
2 0 575
0 4 189
4 0 189
0 14 831
14 0 831
0 38 643
38 0 643
0 81 899
81 0 899
0 16 474
16 0 474
0 79 358
79 0 358
0 89 92
89 0 92
0 73 525
73 0 525
0 33 518
33 0 518
1 5 368
5 1 368
1 20 728
20 1 728
1 35 614
35 1 614
1 73 925
73 1 925
1 30 631
30 1 631
1 22 655
22 1 655
2 3 685
3 2 685
2 74 88
74 2 88
2 52 580
52 2 580
2 85 164
85 2 164
2 47 726
47 2 726
2 86 381
86 2 381
2 5 613
5 2 613
3 8 984
8 3 984
3 17 19
17 3 19
3 19 946
19 3 946
3 70 598
70 3 598
3 15 690
15 3 690
3 79 532
79 3 532
3 34 464
34 3 464
3 76 912
76 3 912
3 9 555
9 3 555
3 30 57
30 3 57
4 6 649
6 4 649
4 7 391
7 4 391
4 10 367
10 4 367
4 40 412
40 4 412
4 60 305
60 4 305
4 48 635
48 4 635
4 67 411
67 4 411
5 9 448
9 5 448
5 12 549
12 5 549
5 16 983
16 5 983
5 49 276
49 5 276
5 17 931
17 5 931
5 17 492
17 5 492
5 27 364
27 5 364
5 54 392
54 5 392
5 42 18
42 5 18
5 43 24
43 5 24
6 15 654
15 6 654
6 25 586
25 6 586
6 65 781
65 6 781
7 11 297
11 7 297
7 26 497
26 7 497
7 27 637
27 7 637
7 31 774
31 7 774
7 43 648
43 7 648
7 62 548
62 7 548
7 77 205
77 7 205
7 82 218
82 7 218
7 30 742
30 7 742
7 21 830
21 7 830
8 73 942
73 8 942
8 55 427
55 8 427
8 45 827
45 8 827
9 22 38
22 9 38
9 34 230
34 9 230
9 61 772
61 9 772
9 40 358
40 9 358
9 28 611
28 9 611
9 46 559
46 9 559
9 16 757
16 9 757
10 13 294
13 10 294
10 29 200
29 10 200
10 43 915
43 10 915
10 76 388
76 10 388
10 43 751
43 10 751
10 79 289
79 10 289
11 36 100
36 11 100
11 66 305
66 11 305
11 72 630
72 11 630
11 87 712
87 11 712
11 81 962
81 11 962
11 29 248
29 11 248
11 50 819
50 11 819
12 23 593
23 12 593
12 56 639
56 12 639
12 58 411
58 12 411
12 72 47
72 12 47
12 53 615
53 12 615
12 83 449
83 12 449
12 43 838
43 12 838
12 65 859
65 12 859
12 84 4
84 12 4
12 20 684
20 12 684
13 21 714
21 13 714
13 39 347
39 13 347
13 85 53
85 13 53
13 18 303
18 13 303
13 79 852
79 13 852
13 89 278
89 13 278
13 21 363
21 13 363
13 44 481
44 13 481
13 71 966
71 13 966
13 37 41
37 13 41
13 57 378
57 13 378
14 44 374
44 14 374
14 67 230
67 14 230
14 64 629
64 14 629
14 44 421
44 14 421
14 46 81
46 14 81
15 90 295
90 15 295
15 55 665
55 15 665
15 43 810
43 15 810
15 64 438
64 15 438
15 38 23
38 15 23
15 51 167
51 15 167
15 70 87
70 15 87
16 52 98
52 16 98
16 80 220
80 16 220
16 37 92
37 16 92
16 74 272
74 16 272
17 18 536
18 17 536
17 24 310
24 17 310
17 48 90
48 17 90
17 75 543
75 17 543
17 76 996
76 17 996
17 73 655
73 17 655
18 28 290
28 18 290
18 38 554
38 18 554
18 52 432
52 18 432
18 29 369
29 18 369
18 44 32
44 18 32
18 77 652
77 18 652
18 29 706
29 18 706
18 42 808
42 18 808
18 46 276
46 18 276
19 46 499
46 19 499
19 57 912
57 19 912
19 89 905
89 19 905
19 32 716
32 19 716
19 75 508
75 19 508
19 57 765
57 19 765
19 60 152
60 19 152
19 42 436
42 19 436
20 80 567
80 20 567
20 85 129
85 20 129
21 81 455
81 21 455
21 63 315
63 21 315
21 47 792
47 21 792
21 42 138
42 21 138
21 44 53
44 21 53
21 27 591
27 21 591
22 52 610
52 22 610
22 87 730
87 22 730
22 26 901
26 22 901
23 37 81
37 23 81
23 45 539
45 23 539
23 26 201
26 23 201
23 45 121
45 23 121
23 52 202
52 23 202
23 40 287
40 23 287
23 23 281
23 23 281
23 44 606
44 23 606
24 63 191
63 24 191
24 87 824
87 24 824
24 32 440
32 24 440
24 30 932
30 24 932
24 29 249
29 24 249
25 69 356
69 25 356
25 85 624
85 25 624
25 55 293
55 25 293
25 57 735
57 25 735
25 53 829
53 25 829
26 86 188
86 26 188
26 88 531
88 26 531
26 31 632
31 26 632
26 79 163
79 26 163
26 34 907
34 26 907
27 37 300
37 27 300
27 76 654
76 27 654
28 40 495
40 28 495
28 39 491
39 28 491
29 30 672
30 29 672
29 32 960
32 29 960
29 55 464
55 29 464
29 47 304
47 29 304
29 82 242
82 29 242
29 31 133
31 29 133
30 41 88
41 30 88
30 45 112
45 30 112
30 38 514
38 30 514
30 38 448
38 30 448
31 71 88
71 31 88
31 86 490
86 31 490
31 78 524
78 31 524
32 33 844
33 32 844
32 47 720
47 32 720
32 57 339
57 32 339
32 47 900
47 32 900
33 83 519
83 33 519
33 57 692
57 33 692
33 85 628
85 33 628
33 54 466
54 33 466
33 75 310
75 33 310
34 78 423
78 34 423
34 64 887
64 34 887
34 64 879
64 34 879
34 42 833
42 34 833
35 50 310
50 35 310
35 51 361
51 35 361
35 38 67
38 35 67
35 70 999
70 35 999
36 79 152
79 36 152
36 50 658
50 36 658
37 42 641
42 37 641
37 90 146
90 37 146
37 83 879
83 37 879
37 74 733
74 37 733
37 81 88
81 37 88
38 51 489
51 38 489
38 52 489
52 38 489
39 54 189
54 39 189
39 68 317
68 39 317
39 86 326
86 39 326
40 53 634
53 40 634
40 54 220
54 40 220
40 50 742
50 40 742
40 41 500
41 40 500
41 51 160
51 41 160
41 64 36
64 41 36
42 52 215
52 42 215
42 90 386
90 42 386
43 77 596
77 43 596
43 44 10
44 43 10
43 52 784
52 43 784
44 76 722
76 44 722
44 84 188
84 44 188
44 57 438
57 44 438
44 46 509
46 44 509
44 58 686
58 44 686
44 78 54
78 44 54
45 64 706
64 45 706
45 83 411
83 45 411
45 63 693
63 45 693
46 85 388
85 46 388
47 89 369
89 47 369
48 67 946
67 48 946
49 88 176
88 49 176
49 75 348
75 49 348
49 69 812
69 49 812
49 62 804
62 49 804
49 84 325
84 49 325
49 60 752
60 49 752
49 74 958
74 49 958
50 80 86
80 50 86
51 59 390
59 51 390
51 53 568
53 51 568
51 85 996
85 51 996
52 73 547
73 52 547
52 74 237
74 52 237
52 75 396
75 52 396
52 62 926
62 52 926
53 60 374
60 53 374
53 69 895
69 53 895
53 63 585
63 53 585
53 69 711
69 53 711
53 69 993
69 53 993
53 69 554
69 53 554
55 72 487
72 55 487
55 70 40
70 55 40
56 73 74
73 56 74
57 80 574
80 57 574
57 81 635
81 57 635
58 81 865
81 58 865
58 81 508
81 58 508
59 79 320
79 59 320
59 72 349
72 59 349
60 87 734
87 60 734
61 71 897
71 61 897
61 86 171
86 61 171
62 75 13
75 62 13
62 79 757
79 62 757
63 65 513
65 63 513
63 72 816
72 63 816
64 89 677
89 64 677
64 78 645
78 64 645
65 69 308
69 65 308
65 68 737
68 65 737
66 71 62
71 66 62
68 71 112
71 68 112
69 81 210
81 69 210
69 84 982
84 69 982
69 73 929
73 69 929
70 71 421
71 70 421
70 72 16
72 70 16
70 79 807
79 70 807
71 84 934
84 71 934
73 88 860
88 73 860
74 84 2
84 74 2
76 77 582
77 76 582
77 84 381
84 77 381
78 89 301
89 78 301
79 80 34
80 79 34
80 89 71
89 80 71
85 90 278
90 85 278
86 87 737
87 86 737
87 87 353
87 87 353
89 90 711
90 89 711
