96

0 1 882
1 0 882
0 2 658
2 0 658
0 16 476
16 0 476
0 33 529
33 0 529
0 41 339
41 0 339
0 49 639
49 0 639
0 13 20
13 0 20
0 16 782
16 0 782
0 62 108
62 0 108
0 50 982
50 0 982
0 32 197
32 0 197
0 40 501
40 0 501
0 31 778
31 0 778
0 63 478
63 0 478
1 5 50
5 1 50
1 11 265
11 1 265
1 58 931
58 1 931
1 12 429
12 1 429
1 41 540
41 1 540
1 62 114
62 1 114
1 38 423
38 1 423
1 26 589
26 1 589
1 43 560
43 1 560
1 70 68
70 1 68
1 30 225
30 1 225
1 31 390
31 1 390
2 3 312
3 2 312
2 4 789
4 2 789
2 8 524
8 2 524
2 18 319
18 2 319
2 29 907
29 2 907
2 62 355
62 2 355
2 9 752
9 2 752
2 77 68
77 2 68
2 44 749
44 2 749
2 9 13
9 2 13
2 34 823
34 2 823
2 87 571
87 2 571
2 24 405
24 2 405
3 13 584
13 3 584
3 70 142
70 3 142
3 91 233
91 3 233
3 73 427
73 3 427
3 31 772
31 3 772
3 52 691
52 3 691
3 59 927
59 3 927
3 53 452
53 3 452
3 84 300
84 3 300
3 88 605
88 3 605
3 51 657
51 3 657
3 17 176
17 3 176
3 45 96
45 3 96
3 36 231
36 3 231
4 6 860
6 4 860
4 14 407
14 4 407
4 62 894
62 4 894
4 91 419
91 4 419
4 90 95
90 4 95
4 69 989
69 4 989
4 84 27
84 4 27
4 27 98
27 4 98
4 53 674
53 4 674
4 86 284
86 4 284
4 46 83
46 4 83
5 7 63
7 5 63
5 10 292
10 5 292
5 12 616
12 5 616
5 63 263
63 5 263
5 85 765
85 5 765
5 62 877
62 5 877
5 12 68
12 5 68
5 79 554
79 5 554
5 44 275
44 5 275
5 17 959
17 5 959
5 69 547
69 5 547
5 58 245
58 5 245
5 93 296
93 5 296
6 24 604
24 6 604
6 49 123
49 6 123
6 71 540
71 6 540
6 21 646
21 6 646
6 87 247
87 6 247
6 8 478
8 6 478
6 41 840
41 6 840
6 22 431
22 6 431
6 17 848
17 6 848
6 44 642
44 6 642
6 83 38
83 6 38
6 86 49
86 6 49
6 80 192
80 6 192
6 74 996
74 6 996
6 36 389
36 6 389
7 25 426
25 7 426
7 37 102
37 7 102
7 50 727
50 7 727
7 48 58
48 7 58
7 51 215
51 7 215
7 17 174
17 7 174
7 51 305
51 7 305
7 60 190
60 7 190
7 62 706
62 7 706
7 27 265
27 7 265
7 30 575
30 7 575
7 41 324
41 7 324
7 63 948
63 7 948
7 12 630
12 7 630
7 65 522
65 7 522
7 61 139
61 7 139
8 9 22
9 8 22
8 15 841
15 8 841
8 26 550
26 8 550
8 39 218
39 8 218
8 53 247
53 8 247
8 36 69
36 8 69
8 31 941
31 8 941
8 91 322
91 8 322
8 13 810
13 8 810
8 95 929
95 8 929
8 47 854
47 8 854
8 79 966
79 8 966
8 94 490
94 8 490
8 37 343
37 8 343
8 69 756
69 8 756
8 68 250
68 8 250
9 17 562
17 9 562
9 22 34
22 9 34
9 21 409
21 9 409
9 19 215
19 9 215
9 34 774
34 9 774
9 47 869
47 9 869
9 51 59
51 9 59
9 55 4
55 9 4
9 93 675
93 9 675
9 42 432
42 9 432
9 32 369
32 9 369
9 80 570
80 9 570
9 61 397
61 9 397
9 12 299
12 9 299
10 65 376
65 10 376
10 41 496
41 10 496
10 81 874
81 10 874
10 87 646
87 10 646
10 86 230
86 10 230
10 53 626
53 10 626
10 29 261
29 10 261
10 31 848
31 10 848
10 26 40
26 10 40
10 20 976
20 10 976
11 19 344
19 11 344
11 60 450
60 11 450
11 81 821
81 11 821
11 15 1000
15 11 1000
11 93 822
93 11 822
11 26 18
26 11 18
11 20 720
20 11 720
11 17 120
17 11 120
11 68 745
68 11 745
11 63 716
63 11 716
11 37 908
37 11 908
11 65 794
65 11 794
11 24 590
24 11 590
12 20 309
20 12 309
12 36 481
36 12 481
12 69 551
69 12 551
12 94 1
94 12 1
12 69 884
69 12 884
12 21 366
21 12 366
12 35 522
35 12 522
12 74 3
74 12 3
12 78 728
78 12 728
12 62 448
62 12 448
12 36 546
36 12 546
12 36 60
36 12 60
12 36 364
36 12 364
13 32 179
32 13 179
13 66 829
66 13 829
13 92 459
92 13 459
13 56 808
56 13 808
13 37 225
37 13 225
13 61 168
61 13 168
13 30 933
30 13 933
13 73 787
73 13 787
13 37 331
37 13 331
13 76 566
76 13 566
13 60 348
60 13 348
13 34 995
34 13 995
13 69 397
69 13 397
13 86 734
86 13 734
14 52 621
52 14 621
14 90 585
90 14 585
14 83 904
83 14 904
14 20 28
20 14 28
14 49 396
49 14 396
14 82 916
82 14 916
15 60 77
60 15 77
15 34 264
34 15 264
15 37 533
37 15 533
15 62 661
62 15 661
15 49 317
49 15 317
16 22 350
22 16 350
16 87 690
87 16 690
16 95 298
95 16 298
16 17 976
17 16 976
16 53 131
53 16 131
16 69 410
69 16 410
16 72 777
72 16 777
16 44 155
44 16 155
17 56 486
56 17 486
17 72 154
72 17 154
17 59 449
59 17 449
17 65 86
65 17 86
17 25 884
25 17 884
17 65 104
65 17 104
17 81 757
81 17 757
17 50 563
50 17 563
17 47 487
47 17 487
17 21 811
21 17 811
17 40 77
40 17 77
18 34 798
34 18 798
18 41 301
41 18 301
18 46 867
46 18 867
18 50 694
50 18 694
18 78 170
78 18 170
18 26 359
26 18 359
18 42 993
42 18 993
18 81 583
81 18 583
18 68 960
68 18 960
18 84 902
84 18 902
18 44 23
44 18 23
19 21 513
21 19 513
19 27 196
27 19 196
19 48 984
48 19 984
19 72 85
72 19 85
19 82 522
82 19 522
19 23 889
23 19 889
19 59 506
59 19 506
19 52 794
52 19 794
19 21 393
21 19 393
19 85 874
85 19 874
19 32 424
32 19 424
20 84 111
84 20 111
20 32 12
32 20 12
20 51 688
51 20 688
20 59 731
59 20 731
20 32 801
32 20 801
20 22 713
22 20 713
20 27 448
27 20 448
20 42 201
42 20 201
20 92 793
92 20 793
20 92 672
92 20 672
21 68 204
68 21 204
21 62 898
62 21 898
21 83 331
83 21 331
21 56 409
56 21 409
21 27 705
27 21 705
21 59 981
59 21 981
21 58 400
58 21 400
21 65 843
65 21 843
21 25 742
25 21 742
21 45 668
45 21 668
22 23 475
23 22 475
22 28 751
28 22 751
22 71 477
71 22 477
22 31 1
31 22 1
23 75 805
75 23 805
23 49 721
49 23 721
23 71 187
71 23 187
23 58 502
58 23 502
23 93 818
93 23 818
23 27 906
27 23 906
24 33 456
33 24 456
24 88 315
88 24 315
24 36 272
36 24 272
24 75 945
75 24 945
24 58 153
58 24 153
25 31 604
31 25 604
25 51 639
51 25 639
25 54 34
54 25 34
25 37 43
37 25 43
25 28 258
28 25 258
25 42 737
42 25 737
25 66 180
66 25 180
25 79 640
79 25 640
26 35 572
35 26 572
26 27 218
27 26 218
26 94 798
94 26 798
26 58 695
58 26 695
26 37 149
37 26 149
26 29 389
29 26 389
27 30 35
30 27 35
27 40 379
40 27 379
27 43 376
43 27 376
27 53 717
53 27 717
27 67 720
67 27 720
27 83 69
83 27 69
27 63 981
63 27 981
27 44 550
44 27 550
27 58 562
58 27 562
27 71 30
71 27 30
27 48 769
48 27 769
27 82 672
82 27 672
27 36 35
36 27 35
28 45 182
45 28 182
28 33 760
33 28 760
28 82 703
82 28 703
28 39 201
39 28 201
28 54 75
54 28 75
28 47 505
47 28 505
28 95 789
95 28 789
28 28 352
28 28 352
28 72 987
72 28 987
28 54 528
54 28 528
28 64 777
64 28 777
29 38 898
38 29 898
29 52 244
52 29 244
29 61 105
61 29 105
29 40 842
40 29 842
29 54 280
54 29 280
29 57 66
57 29 66
29 49 417
49 29 417
29 62 645
62 29 645
30 58 947
58 30 947
30 47 6
47 30 6
30 54 708
54 30 708
30 36 586
36 30 586
30 38 622
38 30 622
30 37 95
37 30 95
30 94 34
94 30 34
31 60 414
60 31 414
31 42 591
42 31 591
31 63 855
63 31 855
31 86 43
86 31 43
31 62 583
62 31 583
31 51 635
51 31 635
32 42 89
42 32 89
32 54 81
54 32 81
32 63 190
63 32 190
32 37 192
37 32 192
32 50 90
50 32 90
32 74 744
74 32 744
32 84 372
84 32 372
32 54 662
54 32 662
32 36 503
36 32 503
33 40 694
40 33 694
33 59 862
59 33 862
33 42 71
42 33 71
33 70 822
70 33 822
33 78 772
78 33 772
33 91 738
91 33 738
34 76 410
76 34 410
34 75 563
75 34 563
34 85 589
85 34 589
35 57 878
57 35 878
35 73 67
73 35 67
35 66 61
66 35 61
35 55 992
55 35 992
35 80 822
80 35 822
35 42 900
42 35 900
35 56 991
56 35 991
35 81 92
81 35 92
35 47 733
47 35 733
36 91 150
91 36 150
36 61 413
61 36 413
36 85 69
85 36 69
37 44 638
44 37 638
37 78 450
78 37 450
37 43 334
43 37 334
37 72 937
72 37 937
37 95 999
95 37 999
37 78 150
78 37 150
37 66 956
66 37 956
38 70 742
70 38 742
38 51 827
51 38 827
38 52 162
52 38 162
38 81 260
81 38 260
38 64 281
64 38 281
38 68 139
68 38 139
39 95 350
95 39 350
39 85 768
85 39 768
39 44 216
44 39 216
39 44 584
44 39 584
39 46 525
46 39 525
40 66 6
66 40 6
40 78 779
78 40 779
40 64 190
64 40 190
40 71 709
71 40 709
41 63 844
63 41 844
41 60 702
60 41 702
41 44 61
44 41 61
41 71 586
71 41 586
41 92 595
92 41 595
42 59 375
59 42 375
42 56 763
56 42 763
42 80 5
80 42 5
42 66 588
66 42 588
42 59 573
59 42 573
42 63 202
63 42 202
42 54 382
54 42 382
43 67 627
67 43 627
43 84 523
84 43 523
43 82 412
82 43 412
43 52 492
52 43 492
43 74 958
74 43 958
43 59 255
59 43 255
43 69 190
69 43 190
43 45 523
45 43 523
44 54 499
54 44 499
44 70 800
70 44 800
44 95 48
95 44 48
44 45 70
45 44 70
45 47 851
47 45 851
45 65 888
65 45 888
45 66 775
66 45 775
45 71 522
71 45 522
45 52 619
52 45 619
45 91 280
91 45 280
45 95 474
95 45 474
45 90 890
90 45 890
46 77 315
77 46 315
46 67 821
67 46 821
46 85 581
85 46 581
46 72 951
72 46 951
46 71 85
71 46 85
46 66 740
66 46 740
46 57 356
57 46 356
46 92 350
92 46 350
47 85 900
85 47 900
47 64 169
64 47 169
47 52 963
52 47 963
47 49 937
49 47 937
47 92 846
92 47 846
47 50 697
50 47 697
47 87 614
87 47 614
48 55 338
55 48 338
48 89 856
89 48 856
48 74 669
74 48 669
48 68 460
68 48 460
48 56 276
56 48 276
48 92 368
92 48 368
48 82 180
82 48 180
48 90 926
90 48 926
48 86 217
86 48 217
49 94 880
94 49 880
49 57 120
57 49 120
49 51 333
51 49 333
49 78 76
78 49 76
49 80 135
80 49 135
49 84 897
84 49 897
50 74 167
74 50 167
50 95 206
95 50 206
50 94 615
94 50 615
50 60 509
60 50 509
50 69 745
69 50 745
50 72 822
72 50 822
50 93 237
93 50 237
50 88 781
88 50 781
50 61 287
61 50 287
50 84 79
84 50 79
51 64 780
64 51 780
51 90 967
90 51 967
51 57 948
57 51 948
51 53 707
53 51 707
51 56 11
56 51 11
51 76 904
76 51 904
51 79 712
79 51 712
51 81 911
81 51 911
52 92 288
92 52 288
52 83 23
83 52 23
52 93 142
93 52 142
52 56 470
56 52 470
52 63 237
63 52 237
53 63 587
63 53 587
53 59 140
59 53 140
53 74 744
74 53 744
53 70 776
70 53 776
53 54 588
54 53 588
53 70 600
70 53 600
53 68 900
68 53 900
53 62 780
62 53 780
54 83 669
83 54 669
54 75 501
75 54 501
54 88 110
88 54 110
54 76 271
76 54 271
54 63 166
63 54 166
55 62 156
62 55 156
55 90 946
90 55 946
55 84 729
84 55 729
56 61 751
61 56 751
56 70 130
70 56 130
56 89 270
89 56 270
57 71 19
71 57 19
57 80 854
80 57 854
57 67 766
67 57 766
57 88 177
88 57 177
57 68 240
68 57 240
58 76 390
76 58 390
58 93 979
93 58 979
58 71 113
71 58 113
58 59 410
59 58 410
59 89 796
89 59 796
59 70 277
70 59 277
60 87 379
87 60 379
60 81 794
81 60 794
60 93 248
93 60 248
60 91 476
91 60 476
61 78 373
78 61 373
61 86 130
86 61 130
61 82 204
82 61 204
63 94 878
94 63 878
63 87 283
87 63 283
63 83 338
83 63 338
63 65 709
65 63 709
63 95 767
95 63 767
63 83 550
83 63 550
63 72 728
72 63 728
64 90 499
90 64 499
64 82 908
82 64 908
65 83 891
83 65 891
65 80 300
80 65 300
65 92 344
92 65 344
65 76 361
76 65 361
65 75 712
75 65 712
65 91 134
91 65 134
65 76 444
76 65 444
65 88 431
88 65 431
66 89 553
89 66 553
66 81 493
81 66 493
66 79 951
79 66 951
66 89 710
89 66 710
66 91 973
91 66 973
67 82 492
82 67 492
67 79 249
79 67 249
68 93 446
93 68 446
69 80 475
80 69 475
69 88 725
88 69 725
69 92 65
92 69 65
69 70 533
70 69 533
69 70 628
70 69 628
70 84 767
84 70 767
70 78 76
78 70 76
70 72 198
72 70 198
71 82 333
82 71 333
72 76 818
76 72 818
72 95 312
95 72 312
72 77 858
77 72 858
73 74 817
74 73 817
73 82 685
82 73 685
73 78 799
78 73 799
73 80 624
80 73 624
73 90 928
90 73 928
73 76 745
76 73 745
74 90 219
90 74 219
74 92 935
92 74 935
74 85 383
85 74 383
74 90 755
90 74 755
75 86 117
86 75 117
75 76 364
76 75 364
76 86 465
86 76 465
76 78 632
78 76 632
76 77 381
77 76 381
76 88 334
88 76 334
77 79 766
79 77 766
78 84 682
84 78 682
78 87 339
87 78 339
79 95 417
95 79 417
81 82 409
82 81 409
81 82 581
82 81 581
81 82 33
82 81 33
81 84 98
84 81 98
82 82 317
82 82 317
82 90 481
90 82 481
83 87 420
87 83 420
85 85 260
85 85 260
85 93 147
93 85 147
85 85 167
85 85 167
90 91 861
91 90 861
91 93 83
93 91 83
92 95 473
95 92 473
