69

0 1 101
1 0 101
0 5 435
5 0 435
0 7 66
7 0 66
0 29 990
29 0 990
0 44 128
44 0 128
0 53 238
53 0 238
0 55 886
55 0 886
0 25 374
25 0 374
0 25 537
25 0 537
0 23 183
23 0 183
0 9 591
9 0 591
1 2 561
2 1 561
1 3 679
3 1 679
1 6 646
6 1 646
1 17 325
17 1 325
1 20 468
20 1 468
1 33 300
33 1 300
1 45 505
45 1 505
1 62 40
62 1 40
1 4 506
4 1 506
1 30 845
30 1 845
1 46 398
46 1 398
1 66 364
66 1 364
2 4 321
4 2 321
2 12 130
12 2 130
2 51 99
51 2 99
2 54 199
54 2 199
2 17 412
17 2 412
2 14 378
14 2 378
2 44 463
44 2 463
2 25 979
25 2 979
2 6 17
6 2 17
2 57 497
57 2 497
2 43 994
43 2 994
2 29 125
29 2 125
2 52 189
52 2 189
2 61 718
61 2 718
3 9 906
9 3 906
3 10 652
10 3 652
3 39 608
39 3 608
3 61 610
61 3 610
3 12 470
12 3 470
3 20 462
20 3 462
3 68 168
68 3 168
3 66 881
66 3 881
3 62 601
62 3 601
3 11 873
11 3 873
4 19 542
19 4 542
4 48 782
48 4 782
4 61 543
61 4 543
4 4 485
4 4 485
4 61 266
61 4 266
4 49 689
49 4 689
4 61 611
61 4 611
4 50 581
50 4 581
4 52 826
52 4 826
4 59 935
59 4 935
4 45 666
45 4 666
5 8 210
8 5 210
5 15 6
15 5 6
5 7 528
7 5 528
5 34 483
34 5 483
5 37 673
37 5 673
5 29 312
29 5 312
6 11 479
11 6 479
6 35 821
35 6 821
6 39 529
39 6 529
6 52 893
52 6 893
7 18 150
18 7 150
7 37 163
37 7 163
7 28 868
28 7 868
7 14 709
14 7 709
7 32 905
32 7 905
7 42 471
42 7 471
8 24 776
24 8 776
8 65 762
65 8 762
8 28 624
28 8 624
8 42 621
42 8 621
8 30 77
30 8 77
8 62 510
62 8 510
8 28 418
28 8 418
9 14 285
14 9 285
9 16 256
16 9 256
9 31 426
31 9 426
9 42 291
42 9 291
9 43 543
43 9 543
9 23 670
23 9 670
9 52 919
52 9 919
9 36 881
36 9 881
9 39 492
39 9 492
9 20 732
20 9 732
9 63 897
63 9 897
10 47 714
47 10 714
10 49 85
49 10 85
10 55 666
55 10 666
11 13 486
13 11 486
11 22 308
22 11 308
11 38 760
38 11 760
11 14 875
14 11 875
11 19 475
19 11 475
11 24 67
24 11 67
11 29 249
29 11 249
11 24 493
24 11 493
12 21 583
21 12 583
12 40 493
40 12 493
12 57 598
57 12 598
12 18 373
18 12 373
12 36 642
36 12 642
13 26 922
26 13 922
13 13 81
13 13 81
13 35 501
35 13 501
13 26 922
26 13 922
13 44 109
44 13 109
13 27 639
27 13 639
13 58 101
58 13 101
14 14 96
14 14 96
14 26 52
26 14 52
14 63 14
63 14 14
14 43 86
43 14 86
14 27 718
27 14 718
14 40 733
40 14 733
14 59 656
59 14 656
15 41 497
41 15 497
15 28 402
28 15 402
15 48 919
48 15 919
15 41 456
41 15 456
15 56 470
56 15 470
15 51 672
51 15 672
15 31 472
31 15 472
16 27 133
27 16 133
16 30 324
30 16 324
16 36 624
36 16 624
16 64 476
64 16 476
16 27 17
27 16 17
16 37 669
37 16 669
16 52 628
52 16 628
17 28 510
28 17 510
17 36 932
36 17 932
17 48 947
48 17 947
17 23 880
23 17 880
17 63 768
63 17 768
17 54 667
54 17 667
17 40 611
40 17 611
17 41 211
41 17 211
17 28 976
28 17 976
17 56 599
56 17 599
18 56 618
56 18 618
18 45 585
45 18 585
18 19 360
19 18 360
18 51 53
51 18 53
19 23 656
23 19 656
19 58 791
58 19 791
19 25 216
25 19 216
19 22 421
22 19 421
19 38 824
38 19 824
19 54 305
54 19 305
19 63 532
63 19 532
19 48 933
48 19 933
20 25 879
25 20 879
20 66 270
66 20 270
20 45 823
45 20 823
20 40 928
40 20 928
21 32 200
32 21 200
21 35 90
35 21 90
21 59 386
59 21 386
21 36 314
36 21 314
21 46 798
46 21 798
21 34 793
34 21 793
21 46 585
46 21 585
21 47 996
47 21 996
21 50 284
50 21 284
22 35 364
35 22 364
22 44 18
44 22 18
23 49 408
49 23 408
23 59 688
59 23 688
23 32 324
32 23 324
24 66 135
66 24 135
24 36 980
36 24 980
24 28 641
28 24 641
24 51 535
51 24 535
25 30 537
30 25 537
25 44 374
44 25 374
25 27 347
27 25 347
25 51 553
51 25 553
26 40 82
40 26 82
27 60 618
60 27 618
27 41 152
41 27 152
28 46 546
46 28 546
28 52 654
52 28 654
28 44 162
44 28 162
28 43 491
43 28 491
28 32 349
32 28 349
28 44 239
44 28 239
28 35 561
35 28 561
28 30 800
30 28 800
28 56 553
56 28 553
29 40 157
40 29 157
29 30 748
30 29 748
30 34 183
34 30 183
30 39 361
39 30 361
30 34 357
34 30 357
30 34 424
34 30 424
30 40 181
40 30 181
31 50 488
50 31 488
31 53 854
53 31 854
31 55 693
55 31 693
31 46 944
46 31 944
31 58 705
58 31 705
31 58 513
58 31 513
32 40 273
40 32 273
32 67 741
67 32 741
33 59 194
59 33 194
33 53 352
53 33 352
34 47 934
47 34 934
34 66 264
66 34 264
34 56 296
56 34 296
34 59 594
59 34 594
35 37 494
37 35 494
35 68 46
68 35 46
35 57 969
57 35 969
35 46 763
46 35 763
35 39 42
39 35 42
35 58 673
58 35 673
37 59 654
59 37 654
37 47 951
47 37 951
38 62 381
62 38 381
38 55 264
55 38 264
39 43 387
43 39 387
39 57 634
57 39 634
40 54 231
54 40 231
41 59 751
59 41 751
41 66 521
66 41 521
41 54 936
54 41 936
41 60 526
60 41 526
41 42 171
42 41 171
41 49 295
49 41 295
42 67 538
67 42 538
42 56 937
56 42 937
42 55 334
55 42 334
43 68 272
68 43 272
44 62 874
62 44 874
44 48 762
48 44 762
45 63 87
63 45 87
45 55 626
55 45 626
45 60 421
60 45 421
46 64 23
64 46 23
46 51 543
51 46 543
46 53 387
53 46 387
46 49 619
49 46 619
48 53 127
53 48 127
48 59 272
59 48 272
48 53 594
53 48 594
49 51 114
51 49 114
49 55 726
55 49 726
50 54 814
54 50 814
50 67 71
67 50 71
51 65 781
65 51 781
51 62 737
62 51 737
51 59 389
59 51 389
51 66 624
66 51 624
52 62 199
62 52 199
53 55 232
55 53 232
54 59 339
59 54 339
54 68 431
68 54 431
55 60 152
60 55 152
56 64 267
64 56 267
56 63 150
63 56 150
57 66 128
66 57 128
57 65 309
65 57 309
58 67 674
67 58 674
59 68 605
68 59 605
59 63 480
63 59 480
59 65 107
65 59 107
60 63 438
63 60 438
61 66 79
66 61 79
61 65 957
65 61 957
64 68 415
68 64 415
64 65 916
65 64 916
