80

0 1 227
1 0 227
0 2 412
2 0 412
0 3 840
3 0 840
0 7 801
7 0 801
0 35 824
35 0 824
0 54 957
54 0 957
0 5 884
5 0 884
0 38 428
38 0 428
0 72 882
72 0 882
1 6 132
6 1 132
1 18 577
18 1 577
1 19 245
19 1 245
1 40 637
40 1 637
1 30 271
30 1 271
1 22 862
22 1 862
1 8 797
8 1 797
1 16 268
16 1 268
1 70 921
70 1 921
1 71 184
71 1 184
1 28 649
28 1 649
1 73 596
73 1 596
2 4 825
4 2 825
2 16 270
16 2 270
2 23 400
23 2 400
2 35 239
35 2 239
2 78 448
78 2 448
2 14 518
14 2 518
2 13 597
13 2 597
2 70 67
70 2 67
2 78 33
78 2 33
2 8 220
8 2 220
2 16 730
16 2 730
2 74 461
74 2 461
3 8 454
8 3 454
3 26 50
26 3 50
3 63 240
63 3 240
3 33 498
33 3 498
3 42 888
42 3 888
3 61 104
61 3 104
3 70 751
70 3 751
3 48 970
48 3 970
3 63 97
63 3 97
3 24 457
24 3 457
3 21 623
21 3 623
3 62 668
62 3 668
3 15 587
15 3 587
3 66 745
66 3 745
3 53 529
53 3 529
3 26 354
26 3 354
4 5 296
5 4 296
4 34 807
34 4 807
4 66 215
66 4 215
4 19 99
19 4 99
4 67 756
67 4 756
4 32 643
32 4 643
4 70 195
70 4 195
4 60 716
60 4 716
4 38 700
38 4 700
4 61 361
61 4 361
5 12 323
12 5 323
5 31 733
31 5 733
5 48 492
48 5 492
5 23 40
23 5 40
5 39 984
39 5 984
5 33 38
33 5 38
5 78 254
78 5 254
5 66 495
66 5 495
5 74 571
74 5 571
5 41 570
41 5 570
5 38 430
38 5 430
6 57 333
57 6 333
6 9 94
9 6 94
6 73 174
73 6 174
6 19 427
19 6 427
6 59 489
59 6 489
6 63 980
63 6 980
6 19 50
19 6 50
6 51 184
51 6 184
6 40 894
40 6 894
6 66 180
66 6 180
6 53 881
53 6 881
6 23 55
23 6 55
7 10 534
10 7 534
7 14 161
14 7 161
7 23 884
23 7 884
7 8 343
8 7 343
7 65 515
65 7 515
7 34 877
34 7 877
7 65 75
65 7 75
7 35 119
35 7 119
7 35 554
35 7 554
7 39 779
39 7 779
7 66 347
66 7 347
7 49 527
49 7 527
7 30 886
30 7 886
7 53 24
53 7 24
8 9 142
9 8 142
8 29 765
29 8 765
8 47 97
47 8 97
8 64 190
64 8 190
8 51 486
51 8 486
8 30 99
30 8 99
8 46 812
46 8 812
8 48 905
48 8 905
8 36 474
36 8 474
8 76 791
76 8 791
8 22 540
22 8 540
8 79 304
79 8 304
8 33 799
33 8 799
8 52 425
52 8 425
8 13 219
13 8 219
8 64 453
64 8 453
8 64 700
64 8 700
8 37 444
37 8 444
8 23 961
23 8 961
9 11 27
11 9 27
9 58 487
58 9 487
9 39 386
39 9 386
9 29 125
29 9 125
9 12 292
12 9 292
9 53 147
53 9 147
9 18 663
18 9 663
9 59 513
59 9 513
9 25 168
25 9 168
9 57 746
57 9 746
9 79 403
79 9 403
9 46 139
46 9 139
10 13 268
13 10 268
10 15 472
15 10 472
10 55 769
55 10 769
10 35 291
35 10 291
10 42 513
42 10 513
10 12 382
12 10 382
11 22 833
22 11 833
11 46 940
46 11 940
11 69 362
69 11 362
11 64 468
64 11 468
11 54 963
54 11 963
11 54 75
54 11 75
11 42 365
42 11 365
11 43 181
43 11 181
11 75 818
75 11 818
11 57 454
57 11 454
11 66 25
66 11 25
11 31 823
31 11 823
12 17 239
17 12 239
12 28 734
28 12 734
12 41 89
41 12 89
13 55 301
55 13 301
13 29 350
29 13 350
14 33 67
33 14 67
14 60 741
60 14 741
14 69 364
69 14 364
14 43 472
43 14 472
14 65 898
65 14 898
14 20 361
20 14 361
14 64 574
64 14 574
14 19 567
19 14 567
14 51 769
51 14 769
15 53 507
53 15 507
15 61 670
61 15 670
15 45 385
45 15 385
15 74 340
74 15 340
15 25 748
25 15 748
15 54 72
54 15 72
16 20 732
20 16 732
16 54 326
54 16 326
16 20 409
20 16 409
16 55 705
55 16 705
16 46 32
46 16 32
16 58 240
58 16 240
16 42 739
42 16 739
16 70 8
70 16 8
16 34 209
34 16 209
16 77 120
77 16 120
16 37 691
37 16 691
17 43 118
43 17 118
17 28 514
28 17 514
17 60 910
60 17 910
17 38 454
38 17 454
17 45 345
45 17 345
17 18 469
18 17 469
17 41 389
41 17 389
17 61 513
61 17 513
18 30 332
30 18 332
18 29 201
29 18 201
18 34 116
34 18 116
18 26 999
26 18 999
18 59 670
59 18 670
18 19 688
19 18 688
18 68 920
68 18 920
18 61 787
61 18 787
19 24 356
24 19 356
19 60 560
60 19 560
19 26 579
26 19 579
19 31 357
31 19 357
19 30 936
30 19 936
19 75 281
75 19 281
19 43 720
43 19 720
19 70 358
70 19 358
20 21 976
21 20 976
20 36 467
36 20 467
20 39 450
39 20 450
20 79 302
79 20 302
20 21 147
21 20 147
20 52 889
52 20 889
20 46 998
46 20 998
20 70 204
70 20 204
20 29 693
29 20 693
20 72 885
72 20 885
20 48 508
48 20 508
20 48 809
48 20 809
21 40 415
40 21 415
21 73 491
73 21 491
21 78 762
78 21 762
21 52 243
52 21 243
21 71 737
71 21 737
21 39 230
39 21 230
21 45 510
45 21 510
21 50 533
50 21 533
21 58 104
58 21 104
22 27 645
27 22 645
22 38 313
38 22 313
22 71 468
71 22 468
22 54 573
54 22 573
22 27 373
27 22 373
22 43 963
43 22 963
23 37 498
37 23 498
23 44 580
44 23 580
23 68 105
68 23 105
23 28 771
28 23 771
23 23 320
23 23 320
23 30 950
30 23 950
23 29 467
29 23 467
23 47 634
47 23 634
23 41 603
41 23 603
24 25 139
25 24 139
24 68 615
68 24 615
24 62 965
62 24 965
24 58 844
58 24 844
24 34 505
34 24 505
24 79 605
79 24 605
24 44 775
44 24 775
25 42 794
42 25 794
25 49 879
49 25 879
25 29 259
29 25 259
25 37 889
37 25 889
25 67 531
67 25 531
25 39 928
39 25 928
25 32 207
32 25 207
25 71 75
71 25 75
26 56 320
56 26 320
26 73 78
73 26 78
26 55 896
55 26 896
26 42 767
42 26 767
26 28 881
28 26 881
26 58 630
58 26 630
26 55 245
55 26 245
26 30 900
30 26 900
27 39 587
39 27 587
27 55 10
55 27 10
27 57 571
57 27 571
27 53 436
53 27 436
27 31 984
31 27 984
27 51 916
51 27 916
28 52 739
52 28 739
28 66 474
66 28 474
28 41 296
41 28 296
28 51 373
51 28 373
28 28 49
28 28 49
28 61 468
61 28 468
28 35 24
35 28 24
28 43 476
43 28 476
29 45 921
45 29 921
29 45 940
45 29 940
29 35 639
35 29 639
29 54 631
54 29 631
29 30 426
30 29 426
29 33 627
33 29 627
29 78 50
78 29 50
29 74 744
74 29 744
29 57 748
57 29 748
30 32 336
32 30 336
30 61 22
61 30 22
30 69 562
69 30 562
30 46 211
46 30 211
30 70 977
70 30 977
30 74 454
74 30 454
30 52 163
52 30 163
30 72 725
72 30 725
30 32 200
32 30 200
31 70 669
70 31 669
32 77 834
77 32 834
32 61 251
61 32 251
32 77 885
77 32 885
32 52 218
52 32 218
32 38 830
38 32 830
32 64 174
64 32 174
32 42 932
42 32 932
33 41 35
41 33 35
33 58 331
58 33 331
33 43 6
43 33 6
33 43 311
43 33 311
33 36 487
36 33 487
33 38 26
38 33 26
33 58 868
58 33 868
33 49 553
49 33 553
33 71 125
71 33 125
33 54 291
54 33 291
34 65 100
65 34 100
34 71 201
71 34 201
34 77 749
77 34 749
34 42 493
42 34 493
34 45 427
45 34 427
34 62 441
62 34 441
34 52 397
52 34 397
34 46 379
46 34 379
34 48 144
48 34 144
34 55 674
55 34 674
35 44 708
44 35 708
35 40 415
40 35 415
35 39 712
39 35 712
35 40 663
40 35 663
35 47 413
47 35 413
36 51 948
51 36 948
36 77 556
77 36 556
36 44 767
44 36 767
36 69 750
69 36 750
36 77 911
77 36 911
36 57 856
57 36 856
36 38 710
38 36 710
37 75 839
75 37 839
37 57 769
57 37 769
37 72 726
72 37 726
37 57 313
57 37 313
37 44 126
44 37 126
38 73 31
73 38 31
38 73 453
73 38 453
38 68 204
68 38 204
39 73 668
73 39 668
39 75 686
75 39 686
39 62 27
62 39 27
39 66 783
66 39 783
39 73 463
73 39 463
40 77 570
77 40 570
40 70 242
70 40 242
41 59 664
59 41 664
41 70 681
70 41 681
41 56 822
56 41 822
41 79 750
79 41 750
41 75 630
75 41 630
42 75 533
75 42 533
42 67 671
67 42 671
42 65 192
65 42 192
42 72 102
72 42 102
42 74 111
74 42 111
42 74 987
74 42 987
42 43 198
43 42 198
42 63 639
63 42 639
42 67 78
67 42 78
43 52 599
52 43 599
43 57 352
57 43 352
43 62 876
62 43 876
43 49 91
49 43 91
43 64 378
64 43 378
43 43 590
43 43 590
43 44 791
44 43 791
44 50 382
50 44 382
44 49 949
49 44 949
44 67 745
67 44 745
44 75 309
75 44 309
44 71 687
71 44 687
45 73 269
73 45 269
45 72 515
72 45 515
45 67 895
67 45 895
46 55 973
55 46 973
46 72 776
72 46 776
46 51 160
51 46 160
46 76 218
76 46 218
46 68 967
68 46 967
46 47 35
47 46 35
46 48 518
48 46 518
46 60 717
60 46 717
47 73 76
73 47 76
47 72 171
72 47 171
47 53 563
53 47 563
48 76 875
76 48 875
48 56 790
56 48 790
48 62 226
62 48 226
49 59 87
59 49 87
49 62 302
62 49 302
49 67 793
67 49 793
49 74 862
74 49 862
49 78 381
78 49 381
49 53 756
53 49 756
49 79 843
79 49 843
49 66 931
66 49 931
49 52 474
52 49 474
49 50 692
50 49 692
50 53 435
53 50 435
50 54 43
54 50 43
50 56 398
56 50 398
50 71 836
71 50 836
50 67 798
67 50 798
50 75 543
75 50 543
51 67 406
67 51 406
51 67 688
67 51 688
52 63 62
63 52 62
53 70 69
70 53 69
53 68 853
68 53 853
54 60 1
60 54 1
54 66 291
66 54 291
54 67 882
67 54 882
54 63 329
63 54 329
56 71 912
71 56 912
56 78 394
78 56 394
57 69 976
69 57 976
57 74 56
74 57 56
58 59 579
59 58 579
60 65 798
65 60 798
60 72 318
72 60 318
60 74 492
74 60 492
62 62 427
62 62 427
63 63 982
63 63 982
63 76 126
76 63 126
64 78 254
78 64 254
64 68 125
68 64 125
64 71 264
71 64 264
64 75 792
75 64 792
64 76 859
76 64 859
64 73 30
73 64 30
66 72 932
72 66 932
66 72 617
72 66 617
69 79 78
79 69 78
69 73 304
73 69 304
71 74 585
74 71 585
71 77 174
77 71 174
72 79 988
79 72 988
73 75 547
75 73 547
