92

0 1 165
1 0 165
0 2 225
2 0 225
0 4 341
4 0 341
0 11 530
11 0 530
0 30 436
30 0 436
0 38 681
38 0 681
0 26 1000
26 0 1000
0 29 424
29 0 424
0 49 733
49 0 733
0 45 634
45 0 634
0 19 34
19 0 34
0 59 707
59 0 707
0 31 862
31 0 862
0 73 977
73 0 977
1 5 554
5 1 554
1 9 478
9 1 478
1 78 264
78 1 264
1 70 623
70 1 623
1 73 510
73 1 510
1 72 985
72 1 985
1 55 800
55 1 800
1 31 340
31 1 340
1 59 310
59 1 310
1 69 766
69 1 766
1 74 346
74 1 346
1 72 388
72 1 388
1 49 935
49 1 935
1 29 48
29 1 48
1 3 768
3 1 768
1 4 57
4 1 57
1 33 824
33 1 824
1 3 202
3 1 202
1 49 617
49 1 617
1 23 361
23 1 361
1 9 685
9 1 685
2 3 121
3 2 121
2 20 796
20 2 796
2 24 447
24 2 447
2 25 474
25 2 474
2 71 306
71 2 306
2 86 701
86 2 701
2 71 730
71 2 730
2 54 261
54 2 261
2 41 252
41 2 252
2 50 206
50 2 206
2 88 560
88 2 560
2 56 620
56 2 620
2 36 160
36 2 160
2 34 612
34 2 612
2 5 883
5 2 883
2 56 554
56 2 554
2 91 283
91 2 283
2 46 678
46 2 678
2 20 802
20 2 802
2 10 338
10 2 338
2 10 657
10 2 657
2 79 349
79 2 349
2 48 840
48 2 840
2 11 674
11 2 674
3 6 343
6 3 343
3 7 915
7 3 915
3 17 216
17 3 216
3 18 718
18 3 718
3 9 984
9 3 984
3 11 801
11 3 801
3 63 186
63 3 186
3 7 80
7 3 80
3 45 462
45 3 462
3 89 66
89 3 66
3 23 281
23 3 281
3 68 337
68 3 337
3 52 328
52 3 328
3 75 585
75 3 585
3 21 953
21 3 953
3 78 956
78 3 956
3 16 156
16 3 156
4 13 695
13 4 695
4 15 35
15 4 35
4 22 762
22 4 762
4 57 770
57 4 770
4 87 674
87 4 674
4 84 536
84 4 536
4 75 498
75 4 498
4 34 534
34 4 534
4 42 734
42 4 734
4 85 882
85 4 882
4 26 608
26 4 608
4 47 465
47 4 465
5 70 420
70 5 420
5 66 685
66 5 685
5 8 211
8 5 211
5 59 233
59 5 233
5 66 905
66 5 905
5 63 339
63 5 339
5 51 192
51 5 192
5 69 782
69 5 782
5 71 403
71 5 403
5 26 754
26 5 754
5 85 93
85 5 93
5 14 591
14 5 591
5 49 893
49 5 893
5 37 130
37 5 130
5 47 507
47 5 507
5 91 993
91 5 993
5 88 919
88 5 919
6 27 393
27 6 393
6 64 85
64 6 85
6 40 633
40 6 633
6 16 709
16 6 709
6 7 480
7 6 480
6 41 257
41 6 257
6 68 834
68 6 834
6 15 660
15 6 660
6 32 29
32 6 29
6 31 493
31 6 493
6 19 127
19 6 127
6 13 279
13 6 279
6 18 585
18 6 585
6 27 624
27 6 624
6 64 493
64 6 493
6 58 399
58 6 399
6 54 784
54 6 784
7 8 241
8 7 241
7 10 117
10 7 117
7 35 777
35 7 777
7 37 316
37 7 316
7 41 691
41 7 691
7 60 276
60 7 276
7 81 482
81 7 482
7 73 105
73 7 105
7 90 596
90 7 596
7 84 618
84 7 618
7 52 269
52 7 269
7 46 429
46 7 429
7 53 98
53 7 98
7 21 589
21 7 589
7 23 29
23 7 29
7 40 876
40 7 876
7 62 350
62 7 350
7 16 684
16 7 684
7 41 938
41 7 938
7 48 715
48 7 715
7 78 410
78 7 410
8 16 152
16 8 152
8 28 531
28 8 531
8 44 507
44 8 507
8 53 236
53 8 236
8 70 2
70 8 2
8 74 321
74 8 321
8 65 844
65 8 844
8 46 723
46 8 723
8 63 480
63 8 480
8 22 861
22 8 861
8 31 550
31 8 550
8 52 161
52 8 161
8 79 880
79 8 880
8 78 779
78 8 779
8 89 110
89 8 110
9 12 427
12 9 427
9 88 283
88 9 283
9 61 63
61 9 63
9 49 241
49 9 241
9 15 229
15 9 229
9 81 480
81 9 480
9 87 458
87 9 458
9 76 490
76 9 490
9 70 486
70 9 486
9 83 686
83 9 686
9 65 33
65 9 33
9 31 22
31 9 22
9 29 432
29 9 432
9 76 76
76 9 76
9 38 642
38 9 642
10 29 800
29 10 800
10 89 925
89 10 925
10 53 334
53 10 334
10 53 490
53 10 490
10 20 536
20 10 536
10 41 483
41 10 483
10 38 308
38 10 308
10 17 655
17 10 655
10 64 640
64 10 640
10 44 193
44 10 193
10 60 969
60 10 969
10 62 955
62 10 955
10 66 841
66 10 841
10 69 128
69 10 128
11 14 836
14 11 836
11 81 952
81 11 952
11 25 268
25 11 268
11 33 719
33 11 719
11 24 428
24 11 428
11 30 432
30 11 432
11 12 488
12 11 488
11 58 898
58 11 898
11 27 712
27 11 712
11 22 483
22 11 483
11 24 106
24 11 106
11 59 92
59 11 92
12 56 185
56 12 185
12 36 738
36 12 738
12 81 681
81 12 681
12 29 231
29 12 231
12 55 862
55 12 862
12 86 937
86 12 937
12 63 791
63 12 791
12 50 10
50 12 10
12 78 425
78 12 425
12 31 125
31 12 125
12 51 731
51 12 731
12 50 285
50 12 285
12 31 54
31 12 54
12 31 82
31 12 82
13 45 176
45 13 176
13 73 973
73 13 973
13 85 468
85 13 468
13 87 138
87 13 138
13 18 644
18 13 644
13 16 197
16 13 197
13 36 212
36 13 212
13 63 891
63 13 891
13 65 331
65 13 331
13 81 963
81 13 963
13 49 703
49 13 703
14 57 729
57 14 729
14 49 414
49 14 414
14 55 134
55 14 134
14 51 767
51 14 767
14 29 446
29 14 446
14 87 743
87 14 743
14 17 907
17 14 907
14 89 961
89 14 961
15 19 337
19 15 337
15 23 563
23 15 563
15 31 549
31 15 549
15 36 987
36 15 987
15 42 907
42 15 907
15 17 497
17 15 497
15 68 305
68 15 305
15 71 667
71 15 667
15 78 580
78 15 580
15 25 310
25 15 310
15 66 242
66 15 242
15 52 209
52 15 209
15 74 531
74 15 531
15 44 483
44 15 483
15 54 13
54 15 13
15 53 343
53 15 343
15 21 367
21 15 367
15 38 110
38 15 110
16 32 879
32 16 879
16 71 893
71 16 893
16 78 594
78 16 594
16 26 328
26 16 328
16 33 558
33 16 558
16 67 435
67 16 435
16 44 694
44 16 694
16 75 954
75 16 954
16 72 685
72 16 685
16 79 687
79 16 687
16 24 569
24 16 569
16 53 656
53 16 656
16 73 870
73 16 870
16 71 110
71 16 110
16 83 544
83 16 544
16 69 819
69 16 819
16 66 700
66 16 700
17 18 140
18 17 140
17 26 879
26 17 879
17 25 538
25 17 538
17 78 367
78 17 367
17 54 589
54 17 589
17 45 55
45 17 55
17 41 837
41 17 837
17 84 9
84 17 9
17 28 364
28 17 364
17 81 690
81 17 690
17 21 611
21 17 611
17 59 195
59 17 195
17 80 590
80 17 590
17 19 760
19 17 760
17 28 449
28 17 449
17 68 982
68 17 982
17 80 822
80 17 822
17 74 267
74 17 267
17 75 767
75 17 767
17 39 50
39 17 50
18 40 774
40 18 774
18 83 506
83 18 506
18 24 215
24 18 215
18 43 443
43 18 443
18 77 473
77 18 473
18 52 151
52 18 151
18 54 231
54 18 231
18 52 735
52 18 735
18 76 190
76 18 190
18 87 89
87 18 89
18 25 869
25 18 869
18 91 516
91 18 516
18 64 792
64 18 792
18 19 245
19 18 245
18 54 273
54 18 273
18 51 773
51 18 773
18 58 898
58 18 898
19 21 729
21 19 729
19 44 518
44 19 518
19 48 166
48 19 166
19 57 827
57 19 827
19 24 108
24 19 108
19 73 412
73 19 412
19 54 387
54 19 387
19 29 240
29 19 240
19 35 133
35 19 133
19 61 1
61 19 1
19 46 45
46 19 45
19 39 25
39 19 25
19 91 325
91 19 325
19 22 107
22 19 107
19 79 913
79 19 913
19 74 914
74 19 914
19 46 733
46 19 733
20 46 564
46 20 564
20 53 713
53 20 713
20 79 508
79 20 508
20 39 401
39 20 401
20 23 780
23 20 780
20 27 526
27 20 526
20 29 40
29 20 40
20 89 984
89 20 984
20 36 892
36 20 892
20 86 934
86 20 934
20 26 481
26 20 481
20 63 984
63 20 984
20 21 851
21 20 851
21 50 274
50 21 274
21 77 574
77 21 574
21 51 940
51 21 940
21 37 898
37 21 898
21 46 349
46 21 349
21 61 584
61 21 584
21 31 308
31 21 308
21 79 856
79 21 856
21 54 297
54 21 297
21 57 455
57 21 455
21 46 759
46 21 759
21 34 986
34 21 986
21 48 160
48 21 160
22 32 15
32 22 15
22 80 522
80 22 522
22 50 135
50 22 135
22 23 793
23 22 793
22 36 485
36 22 485
22 39 512
39 22 512
23 43 757
43 23 757
23 85 2
85 23 2
23 50 262
50 23 262
23 57 900
57 23 900
23 41 584
41 23 584
23 64 908
64 23 908
23 32 795
32 23 795
24 73 741
73 24 741
24 80 715
80 24 715
24 38 547
38 24 547
24 39 863
39 24 863
24 83 652
83 24 652
25 39 285
39 25 285
25 61 763
61 25 763
25 43 527
43 25 527
25 34 716
34 25 716
25 49 804
49 25 804
25 90 771
90 25 771
25 90 123
90 25 123
25 35 105
35 25 105
25 46 237
46 25 237
25 25 505
25 25 505
25 69 820
69 25 820
25 30 156
30 25 156
25 26 978
26 25 978
25 50 449
50 25 449
26 84 207
84 26 207
26 42 769
42 26 769
26 33 743
33 26 743
26 76 229
76 26 229
26 71 947
71 26 947
26 38 683
38 26 683
26 50 895
50 26 895
26 45 846
45 26 846
26 69 914
69 26 914
26 57 133
57 26 133
26 65 654
65 26 654
26 41 603
41 26 603
26 56 432
56 26 432
27 34 659
34 27 659
27 58 342
58 27 342
27 61 379
61 27 379
27 31 910
31 27 910
27 39 445
39 27 445
27 37 139
37 27 139
27 81 354
81 27 354
27 45 924
45 27 924
27 82 195
82 27 195
27 47 814
47 27 814
27 75 521
75 27 521
27 56 263
56 27 263
27 41 860
41 27 860
27 76 639
76 27 639
27 40 812
40 27 812
27 71 127
71 27 127
27 50 923
50 27 923
28 71 322
71 28 322
28 73 695
73 28 695
28 71 293
71 28 293
28 66 628
66 28 628
28 36 949
36 28 949
28 35 367
35 28 367
28 70 585
70 28 585
28 89 956
89 28 956
28 52 878
52 28 878
28 33 383
33 28 383
28 65 527
65 28 527
28 76 372
76 28 372
29 45 55
45 29 55
29 30 104
30 29 104
29 52 449
52 29 449
29 30 769
30 29 769
29 69 364
69 29 364
29 72 164
72 29 164
29 88 726
88 29 726
29 37 137
37 29 137
29 77 163
77 29 163
29 88 308
88 29 308
29 69 402
69 29 402
29 58 934
58 29 934
29 54 395
54 29 395
29 54 801
54 29 801
30 33 918
33 30 918
30 60 286
60 30 286
30 79 13
79 30 13
30 62 72
62 30 72
30 40 191
40 30 191
30 86 12
86 30 12
30 52 517
52 30 517
30 88 690
88 30 690
30 69 716
69 30 716
30 72 879
72 30 879
30 68 331
68 30 331
30 47 108
47 30 108
30 89 782
89 30 782
31 66 945
66 31 945
31 39 740
39 31 740
31 76 635
76 31 635
31 48 715
48 31 715
31 35 996
35 31 996
31 39 305
39 31 305
31 76 947
76 31 947
31 37 983
37 31 983
31 51 563
51 31 563
31 87 202
87 31 202
31 78 938
78 31 938
31 75 243
75 31 243
31 49 504
49 31 504
31 44 320
44 31 320
31 77 600
77 31 600
32 49 96
49 32 96
32 89 632
89 32 632
32 36 403
36 32 403
32 78 757
78 32 757
32 33 767
33 32 767
32 83 111
83 32 111
32 50 825
50 32 825
32 72 160
72 32 160
32 62 639
62 32 639
32 76 611
76 32 611
32 76 521
76 32 521
33 72 741
72 33 741
33 63 945
63 33 945
33 62 333
62 33 333
33 45 933
45 33 933
33 77 455
77 33 455
33 70 260
70 33 260
34 54 411
54 34 411
34 58 368
58 34 368
34 80 860
80 34 860
34 84 612
84 34 612
34 45 664
45 34 664
34 69 324
69 34 324
34 72 58
72 34 58
34 70 402
70 34 402
34 60 974
60 34 974
34 70 613
70 34 613
34 83 272
83 34 272
35 61 578
61 35 578
35 59 222
59 35 222
35 53 335
53 35 335
35 54 805
54 35 805
35 49 917
49 35 917
35 81 659
81 35 659
35 50 478
50 35 478
35 60 55
60 35 55
36 49 542
49 36 542
36 44 738
44 36 738
36 82 746
82 36 746
36 48 462
48 36 462
36 71 724
71 36 724
36 79 768
79 36 768
36 80 376
80 36 376
36 55 722
55 36 722
36 80 599
80 36 599
37 47 764
47 37 764
37 65 720
65 37 720
37 71 308
71 37 308
37 82 166
82 37 166
37 46 896
46 37 896
37 55 303
55 37 303
37 71 588
71 37 588
37 87 905
87 37 905
37 49 89
49 37 89
38 62 764
62 38 764
38 39 968
39 38 968
38 71 223
71 38 223
38 83 336
83 38 336
38 60 919
60 38 919
38 49 511
49 38 511
38 47 192
47 38 192
39 88 243
88 39 243
39 79 118
79 39 118
39 48 541
48 39 541
39 68 635
68 39 635
39 61 513
61 39 513
39 59 763
59 39 763
39 89 256
89 39 256
39 42 248
42 39 248
39 63 170
63 39 170
40 59 955
59 40 955
40 55 440
55 40 440
40 75 888
75 40 888
40 54 457
54 40 457
40 53 609
53 40 609
40 73 871
73 40 871
40 75 978
75 40 978
40 58 308
58 40 308
40 86 724
86 40 724
41 82 625
82 41 625
41 57 540
57 41 540
41 55 409
55 41 409
42 48 803
48 42 803
42 75 504
75 42 504
42 87 572
87 42 572
42 64 715
64 42 715
42 81 966
81 42 966
42 77 736
77 42 736
42 55 100
55 42 100
42 79 975
79 42 975
42 52 744
52 42 744
42 82 967
82 42 967
42 52 890
52 42 890
42 91 789
91 42 789
42 48 90
48 42 90
43 67 90
67 43 90
43 76 70
76 43 70
43 53 756
53 43 756
43 81 996
81 43 996
43 85 690
85 43 690
44 79 618
79 44 618
44 82 840
82 44 840
44 87 71
87 44 71
44 91 999
91 44 999
44 49 24
49 44 24
44 55 363
55 44 363
44 76 25
76 44 25
44 89 135
89 44 135
44 88 818
88 44 818
44 76 212
76 44 212
44 63 983
63 44 983
44 57 592
57 44 592
45 59 325
59 45 325
45 47 469
47 45 469
45 85 654
85 45 654
45 89 13
89 45 13
45 73 89
73 45 89
45 87 728
87 45 728
45 83 643
83 45 643
45 77 194
77 45 194
45 71 155
71 45 155
45 64 566
64 45 566
45 78 207
78 45 207
45 53 646
53 45 646
45 55 967
55 45 967
45 57 764
57 45 764
45 55 631
55 45 631
45 49 657
49 45 657
46 80 171
80 46 171
46 73 227
73 46 227
46 70 114
70 46 114
46 71 180
71 46 180
46 86 674
86 46 674
46 74 560
74 46 560
46 66 498
66 46 498
47 90 565
90 47 565
47 83 678
83 47 678
47 83 814
83 47 814
47 70 369
70 47 369
47 86 769
86 47 769
47 49 989
49 47 989
47 75 18
75 47 18
48 75 789
75 48 789
48 82 823
82 48 823
48 68 193
68 48 193
48 79 908
79 48 908
48 84 572
84 48 572
48 85 141
85 48 141
49 55 294
55 49 294
49 63 352
63 49 352
49 69 168
69 49 168
49 75 15
75 49 15
49 65 914
65 49 914
49 57 874
57 49 874
49 69 177
69 49 177
49 51 546
51 49 546
49 89 517
89 49 517
49 90 676
90 49 676
49 88 564
88 49 564
50 51 58
51 50 58
50 52 678
52 50 678
50 54 355
54 50 355
50 64 580
64 50 580
50 69 679
69 50 679
50 64 740
64 50 740
50 85 440
85 50 440
50 90 473
90 50 473
50 71 576
71 50 576
50 69 941
69 50 941
50 62 923
62 50 923
50 80 257
80 50 257
50 76 779
76 50 779
51 76 557
76 51 557
51 75 717
75 51 717
51 75 409
75 51 409
52 88 113
88 52 113
52 83 691
83 52 691
52 85 164
85 52 164
52 62 673
62 52 673
52 82 418
82 52 418
53 85 852
85 53 852
53 66 186
66 53 186
53 65 171
65 53 171
53 82 335
82 53 335
53 83 4
83 53 4
53 73 687
73 53 687
54 68 435
68 54 435
54 80 975
80 54 975
54 91 377
91 54 377
54 79 667
79 54 667
54 72 220
72 54 220
55 61 104
61 55 104
55 77 991
77 55 991
55 57 595
57 55 595
55 77 76
77 55 76
55 64 465
64 55 465
55 68 25
68 55 25
55 63 759
63 55 759
56 85 402
85 56 402
56 87 938
87 56 938
56 81 81
81 56 81
57 79 365
79 57 365
57 79 990
79 57 990
57 77 229
77 57 229
57 71 835
71 57 835
57 82 862
82 57 862
57 70 388
70 57 388
57 81 187
81 57 187
58 58 716
58 58 716
58 71 326
71 58 326
58 78 427
78 58 427
58 64 292
64 58 292
59 74 843
74 59 843
59 75 7
75 59 7
59 81 288
81 59 288
59 63 138
63 59 138
59 69 18
69 59 18
59 63 978
63 59 978
59 67 933
67 59 933
59 77 361
77 59 361
60 65 857
65 60 857
60 72 677
72 60 677
60 83 957
83 60 957
60 76 113
76 60 113
60 80 371
80 60 371
61 73 533
73 61 533
61 78 623
78 61 623
62 65 742
65 62 742
62 66 343
66 62 343
62 65 589
65 62 589
62 80 868
80 62 868
62 70 729
70 62 729
62 81 693
81 62 693
63 83 547
83 63 547
63 76 625
76 63 625
63 87 745
87 63 745
63 80 515
80 63 515
63 86 755
86 63 755
63 80 159
80 63 159
64 80 835
80 64 835
65 66 690
66 65 690
65 70 877
70 65 877
66 76 938
76 66 938
66 67 206
67 66 206
66 80 601
80 66 601
66 77 205
77 66 205
66 79 635
79 66 635
66 76 469
76 66 469
66 82 68
82 66 68
66 77 895
77 66 895
67 84 455
84 67 455
67 88 44
88 67 44
67 84 362
84 67 362
67 70 205
70 67 205
68 76 823
76 68 823
68 83 456
83 68 456
69 76 423
76 69 423
69 69 388
69 69 388
70 86 644
86 70 644
70 75 712
75 70 712
70 87 232
87 70 232
70 88 357
88 70 357
70 83 152
83 70 152
71 83 808
83 71 808
71 82 64
82 71 64
71 72 260
72 71 260
71 74 940
74 71 940
71 79 447
79 71 447
71 77 237
77 71 237
71 80 674
80 71 674
71 72 652
72 71 652
71 74 974
74 71 974
72 75 275
75 72 275
72 84 788
84 72 788
72 90 631
90 72 631
73 81 99
81 73 99
73 79 853
79 73 853
73 80 772
80 73 772
73 74 782
74 73 782
74 88 602
88 74 602
74 88 991
88 74 991
74 91 583
91 74 583
74 80 187
80 74 187
74 91 866
91 74 866
75 87 779
87 75 779
75 80 646
80 75 646
75 90 521
90 75 521
76 83 949
83 76 949
76 84 423
84 76 423
76 78 974
78 76 974
77 85 943
85 77 943
78 86 302
86 78 302
79 87 765
87 79 765
79 80 47
80 79 47
79 81 862
81 79 862
79 81 339
81 79 339
80 90 883
90 80 883
81 82 812
82 81 812
81 91 289
91 81 289
81 87 309
87 81 309
82 89 891
89 82 891
82 87 116
87 82 116
83 91 711
91 83 711
84 86 885
86 84 885
86 88 903
88 86 903
