78

0 1 994
1 0 994
0 3 86
3 0 86
0 5 450
5 0 450
0 37 751
37 0 751
0 29 842
29 0 842
0 52 138
52 0 138
0 74 513
74 0 513
0 26 805
26 0 805
0 69 569
69 0 569
0 17 223
17 0 223
0 63 676
63 0 676
0 14 392
14 0 392
0 73 464
73 0 464
0 62 660
62 0 660
1 2 652
2 1 652
1 4 155
4 1 155
1 9 455
9 1 455
1 25 561
25 1 561
1 58 490
58 1 490
1 44 384
44 1 384
1 77 215
77 1 215
1 5 741
5 1 741
1 29 783
29 1 783
1 13 665
13 1 665
1 67 882
67 1 882
1 37 761
37 1 761
1 58 457
58 1 457
1 8 78
8 1 78
1 30 740
30 1 740
2 7 635
7 2 635
2 67 497
67 2 497
2 44 860
44 2 860
2 60 332
60 2 332
2 18 638
18 2 638
2 60 166
60 2 166
2 29 329
29 2 329
2 41 137
41 2 137
2 42 458
42 2 458
2 70 920
70 2 920
3 10 300
10 3 300
3 53 151
53 3 151
3 71 776
71 3 776
3 21 493
21 3 493
3 57 992
57 3 992
3 70 46
70 3 46
3 17 249
17 3 249
3 29 374
29 3 374
3 54 551
54 3 551
3 40 27
40 3 27
3 49 496
49 3 496
3 49 650
49 3 650
3 71 585
71 3 585
3 18 126
18 3 126
3 25 831
25 3 831
3 52 976
52 3 976
4 15 945
15 4 945
4 28 367
28 4 367
4 55 437
55 4 437
4 62 689
62 4 689
4 33 752
33 4 752
4 69 804
69 4 804
4 22 815
22 4 815
4 30 291
30 4 291
4 35 586
35 4 586
4 11 808
11 4 808
4 76 816
76 4 816
4 4 522
4 4 522
4 72 865
72 4 865
4 20 267
20 4 267
4 16 620
16 4 620
4 54 701
54 4 701
5 6 810
6 5 810
5 8 234
8 5 234
5 11 18
11 5 18
5 21 291
21 5 291
5 23 306
23 5 306
5 50 332
50 5 332
5 69 626
69 5 626
5 15 828
15 5 828
5 41 830
41 5 830
5 75 846
75 5 846
5 32 565
32 5 565
5 77 335
77 5 335
5 6 266
6 5 266
5 16 527
16 5 527
5 64 999
64 5 999
5 27 366
27 5 366
5 23 627
23 5 627
5 48 931
48 5 931
6 27 889
27 6 889
6 51 448
51 6 448
6 73 714
73 6 714
6 46 183
46 6 183
6 51 165
51 6 165
6 14 779
14 6 779
6 29 271
29 6 271
6 36 314
36 6 314
6 31 379
31 6 379
6 53 121
53 6 121
6 14 454
14 6 454
6 65 722
65 6 722
6 18 433
18 6 433
6 27 100
27 6 100
6 26 835
26 6 835
6 39 71
39 6 71
7 20 971
20 7 971
7 41 595
41 7 595
7 12 167
12 7 167
7 38 803
38 7 803
7 52 147
52 7 147
7 19 956
19 7 956
7 58 77
58 7 77
7 13 605
13 7 605
7 15 245
15 7 245
7 41 704
41 7 704
7 35 577
35 7 577
7 57 492
57 7 492
7 56 769
56 7 769
7 24 433
24 7 433
7 18 160
18 7 160
8 12 866
12 8 866
8 13 735
13 8 735
8 33 813
33 8 813
8 76 251
76 8 251
8 27 594
27 8 594
8 74 543
74 8 543
8 75 617
75 8 617
8 71 465
71 8 465
8 50 675
50 8 675
8 26 147
26 8 147
8 13 998
13 8 998
8 48 486
48 8 486
8 17 607
17 8 607
8 43 971
43 8 971
8 37 895
37 8 895
9 18 91
18 9 91
9 65 633
65 9 633
9 67 438
67 9 438
9 75 937
75 9 937
9 26 462
26 9 462
9 26 627
26 9 627
9 27 596
27 9 596
9 58 443
58 9 443
9 32 441
32 9 441
9 29 46
29 9 46
9 21 270
21 9 270
9 23 912
23 9 912
9 71 13
71 9 13
10 69 440
69 10 440
10 76 44
76 10 44
10 55 598
55 10 598
10 33 528
33 10 528
10 68 873
68 10 873
10 23 348
23 10 348
10 68 176
68 10 176
10 59 74
59 10 74
10 44 388
44 10 388
10 51 774
51 10 774
10 26 599
26 10 599
10 17 32
17 10 32
10 33 160
33 10 160
11 59 567
59 11 567
11 23 229
23 11 229
11 54 848
54 11 848
11 13 245
13 11 245
11 25 807
25 11 807
11 68 112
68 11 112
11 68 95
68 11 95
11 39 820
39 11 820
11 16 598
16 11 598
11 19 612
19 11 612
12 14 669
14 12 669
12 59 247
59 12 247
12 42 725
42 12 725
12 29 676
29 12 676
12 56 734
56 12 734
12 21 615
21 12 615
12 37 809
37 12 809
12 54 444
54 12 444
12 66 554
66 12 554
12 58 881
58 12 881
12 41 374
41 12 374
12 67 787
67 12 787
12 29 133
29 12 133
13 32 737
32 13 737
13 77 277
77 13 277
13 35 149
35 13 149
13 36 2
36 13 2
13 46 852
46 13 852
13 13 538
13 13 538
13 55 296
55 13 296
13 26 837
26 13 837
13 18 635
18 13 635
13 70 321
70 13 321
13 63 193
63 13 193
14 19 298
19 14 298
14 24 901
24 14 901
14 27 630
27 14 630
14 58 303
58 14 303
14 71 504
71 14 504
14 76 686
76 14 686
14 73 159
73 14 159
14 41 725
41 14 725
14 51 823
51 14 823
14 75 347
75 14 347
14 44 705
44 14 705
14 15 237
15 14 237
14 31 438
31 14 438
14 62 613
62 14 613
15 16 404
16 15 404
15 17 480
17 15 480
15 22 83
22 15 83
15 29 957
29 15 957
15 34 190
34 15 190
15 60 241
60 15 241
15 74 960
74 15 960
15 74 313
74 15 313
15 15 410
15 15 410
15 42 451
42 15 451
15 29 770
29 15 770
15 20 442
20 15 442
15 73 967
73 15 967
15 59 121
59 15 121
15 72 297
72 15 297
15 43 303
43 15 303
15 47 157
47 15 157
15 75 359
75 15 359
15 57 326
57 15 326
16 26 717
26 16 717
16 30 866
30 16 866
16 31 472
31 16 472
16 63 580
63 16 580
16 33 968
33 16 968
16 21 394
21 16 394
16 35 987
35 16 987
16 75 809
75 16 809
16 77 785
77 16 785
16 56 143
56 16 143
16 55 217
55 16 217
16 67 829
67 16 829
16 23 328
23 16 328
16 33 475
33 16 475
16 27 415
27 16 415
16 19 110
19 16 110
16 57 290
57 16 290
17 46 208
46 17 208
17 54 862
54 17 862
17 44 761
44 17 761
17 67 602
67 17 602
17 62 619
62 17 619
17 76 375
76 17 375
17 56 806
56 17 806
17 26 274
26 17 274
17 54 190
54 17 190
17 53 961
53 17 961
17 55 263
55 17 263
17 22 3
22 17 3
18 39 713
39 18 713
18 49 41
49 18 41
18 57 693
57 18 693
18 64 155
64 18 155
18 60 338
60 18 338
18 72 925
72 18 925
18 31 400
31 18 400
18 34 161
34 18 161
18 70 379
70 18 379
18 48 443
48 18 443
18 33 617
33 18 617
18 21 141
21 18 141
18 70 356
70 18 356
19 43 418
43 19 418
19 59 976
59 19 976
19 70 158
70 19 158
20 24 780
24 20 780
20 74 133
74 20 133
20 28 246
28 20 246
20 66 623
66 20 623
20 29 850
29 20 850
20 58 866
58 20 866
20 23 659
23 20 659
20 61 906
61 20 906
20 37 225
37 20 225
21 46 508
46 21 508
21 66 853
66 21 853
21 72 929
72 21 929
21 69 616
69 21 616
21 29 564
29 21 564
21 45 197
45 21 197
21 38 555
38 21 555
21 42 317
42 21 317
21 56 529
56 21 529
22 48 662
48 22 662
22 53 791
53 22 791
22 46 793
46 22 793
22 72 169
72 22 169
22 62 876
62 22 876
22 33 864
33 22 864
22 59 236
59 22 236
22 44 145
44 22 145
22 54 409
54 22 409
22 29 337
29 22 337
22 52 921
52 22 921
22 34 379
34 22 379
22 22 999
22 22 999
23 38 156
38 23 156
23 75 249
75 23 249
23 76 466
76 23 466
23 26 868
26 23 868
23 53 359
53 23 359
23 55 236
55 23 236
23 39 76
39 23 76
23 65 449
65 23 449
23 40 163
40 23 163
23 55 673
55 23 673
24 36 885
36 24 885
24 70 466
70 24 466
24 77 860
77 24 860
24 64 667
64 24 667
24 39 945
39 24 945
24 48 63
48 24 63
24 54 347
54 24 347
24 42 883
42 24 883
24 35 689
35 24 689
24 60 170
60 24 170
24 66 364
66 24 364
24 51 501
51 24 501
24 27 705
27 24 705
24 36 253
36 24 253
24 64 413
64 24 413
25 73 602
73 25 602
25 74 309
74 25 309
25 77 782
77 25 782
25 41 118
41 25 118
25 33 520
33 25 520
25 43 194
43 25 194
25 74 56
74 25 56
25 52 844
52 25 844
25 50 806
50 25 806
26 66 663
66 26 663
26 71 814
71 26 814
26 28 4
28 26 4
26 48 190
48 26 190
26 38 546
38 26 546
26 77 486
77 26 486
26 28 148
28 26 148
26 63 196
63 26 196
26 26 132
26 26 132
26 58 460
58 26 460
26 50 138
50 26 138
26 31 118
31 26 118
26 71 564
71 26 564
26 37 300
37 26 300
26 56 562
56 26 562
26 56 396
56 26 396
26 65 265
65 26 265
27 68 79
68 27 79
27 40 966
40 27 966
27 69 72
69 27 72
27 42 57
42 27 57
27 74 348
74 27 348
27 28 590
28 27 590
27 60 592
60 27 592
27 71 92
71 27 92
28 42 365
42 28 365
28 40 821
40 28 821
28 63 988
63 28 988
28 46 636
46 28 636
29 40 883
40 29 883
29 42 205
42 29 205
29 65 46
65 29 46
29 72 853
72 29 853
29 64 445
64 29 445
29 68 286
68 29 286
29 65 629
65 29 629
29 30 401
30 29 401
29 71 503
71 29 503
30 43 290
43 30 290
30 73 293
73 30 293
30 74 166
74 30 166
30 39 212
39 30 212
30 32 363
32 30 363
30 43 27
43 30 27
30 58 46
58 30 46
30 71 519
71 30 519
31 54 627
54 31 627
31 66 427
66 31 427
31 68 130
68 31 130
31 65 292
65 31 292
31 50 796
50 31 796
31 66 545
66 31 545
32 57 220
57 32 220
32 62 627
62 32 627
32 40 914
40 32 914
32 34 194
34 32 194
32 36 286
36 32 286
32 38 534
38 32 534
33 35 102
35 33 102
33 43 880
43 33 880
33 33 190
33 33 190
33 46 569
46 33 569
33 46 461
46 33 461
33 52 767
52 33 767
33 67 332
67 33 332
34 40 298
40 34 298
34 52 679
52 34 679
34 58 608
58 34 608
34 66 707
66 34 707
34 43 658
43 34 658
34 56 314
56 34 314
34 45 208
45 34 208
34 59 874
59 34 874
34 43 675
43 34 675
34 76 635
76 34 635
34 61 519
61 34 519
34 63 332
63 34 332
35 44 27
44 35 27
35 65 749
65 35 749
35 65 375
65 35 375
35 57 51
57 35 51
35 75 205
75 35 205
35 76 756
76 35 756
35 57 725
57 35 725
35 47 177
47 35 177
35 63 385
63 35 385
35 38 963
38 35 963
35 70 267
70 35 267
36 57 421
57 36 421
36 59 376
59 36 376
36 52 740
52 36 740
36 65 817
65 36 817
36 73 393
73 36 393
37 62 300
62 37 300
37 39 841
39 37 841
37 46 135
46 37 135
37 65 667
65 37 667
37 43 99
43 37 99
38 45 895
45 38 895
38 69 488
69 38 488
38 65 700
65 38 700
38 48 905
48 38 905
38 72 625
72 38 625
38 65 220
65 38 220
38 76 568
76 38 568
38 63 700
63 38 700
38 54 346
54 38 346
38 60 696
60 38 696
38 39 917
39 38 917
38 76 698
76 38 698
39 76 674
76 39 674
39 67 994
67 39 994
39 72 781
72 39 781
39 51 583
51 39 583
40 58 829
58 40 829
40 50 800
50 40 800
40 56 579
56 40 579
40 47 415
47 40 415
40 60 852
60 40 852
41 47 834
47 41 834
41 74 317
74 41 317
41 70 329
70 41 329
41 54 856
54 41 856
41 47 973
47 41 973
41 57 800
57 41 800
41 63 485
63 41 485
41 72 89
72 41 89
42 69 955
69 42 955
42 71 140
71 42 140
42 66 98
66 42 98
43 73 938
73 43 938
43 74 410
74 43 410
43 56 527
56 43 527
44 60 944
60 44 944
44 57 921
57 44 921
44 72 850
72 44 850
45 68 31
68 45 31
45 62 665
62 45 665
45 52 249
52 45 249
45 51 693
51 45 693
45 51 774
51 45 774
45 61 99
61 45 99
45 77 782
77 45 782
45 56 28
56 45 28
45 59 333
59 45 333
46 75 423
75 46 423
46 48 619
48 46 619
46 66 129
66 46 129
46 62 166
62 46 166
46 62 757
62 46 757
46 51 247
51 46 247
46 52 636
52 46 636
47 71 663
71 47 663
47 57 516
57 47 516
47 77 15
77 47 15
47 67 551
67 47 551
47 67 942
67 47 942
48 56 938
56 48 938
48 63 931
63 48 931
48 61 298
61 48 298
48 74 150
74 48 150
48 58 604
58 48 604
48 57 999
57 48 999
48 74 846
74 48 846
49 67 307
67 49 307
49 74 183
74 49 183
49 58 438
58 49 438
50 56 595
56 50 595
50 69 638
69 50 638
50 69 70
69 50 70
51 72 558
72 51 558
51 72 584
72 51 584
51 72 228
72 51 228
51 64 914
64 51 914
51 76 969
76 51 969
51 61 768
61 51 768
52 58 385
58 52 385
52 56 515
56 52 515
52 61 540
61 52 540
52 65 789
65 52 789
52 75 24
75 52 24
53 74 39
74 53 39
53 74 426
74 53 426
53 67 359
67 53 359
53 65 38
65 53 38
53 63 501
63 53 501
53 64 311
64 53 311
53 77 303
77 53 303
53 62 598
62 53 598
53 61 89
61 53 89
54 71 519
71 54 519
54 66 591
66 54 591
54 56 442
56 54 442
54 59 393
59 54 393
55 58 142
58 55 142
55 63 72
63 55 72
55 67 613
67 55 613
57 61 985
61 57 985
57 73 20
73 57 20
57 61 156
61 57 156
58 62 204
62 58 204
58 63 241
63 58 241
58 73 518
73 58 518
58 70 417
70 58 417
58 66 442
66 58 442
58 65 348
65 58 348
59 68 734
68 59 734
59 62 19
62 59 19
59 74 112
74 59 112
59 63 716
63 59 716
60 69 214
69 60 214
60 66 48
66 60 48
60 61 751
61 60 751
60 63 581
63 60 581
62 69 883
69 62 883
62 66 753
66 62 753
63 72 607
72 63 607
63 64 512
64 63 512
64 65 213
65 64 213
65 77 401
77 65 401
65 77 375
77 65 375
67 69 36
69 67 36
67 68 60
68 67 60
68 76 280
76 68 280
68 71 702
71 68 702
68 73 847
73 68 847
69 71 223
71 69 223
70 77 726
77 70 726
70 77 453
77 70 453
71 72 998
72 71 998
71 77 936
77 71 936
71 72 313
72 71 313
71 71 500
71 71 500
73 77 462
77 73 462
