99

0 1 308
1 0 308
0 2 990
2 0 990
0 3 318
3 0 318
0 81 241
81 0 241
0 74 22
74 0 22
1 5 628
5 1 628
1 6 506
6 1 506
1 7 126
7 1 126
1 38 910
38 1 910
1 7 768
7 1 768
1 80 626
80 1 626
1 68 40
68 1 40
1 53 298
53 1 298
2 4 867
4 2 867
2 9 675
9 2 675
2 10 14
10 2 14
2 37 495
37 2 495
2 84 424
84 2 424
2 80 587
80 2 587
2 47 301
47 2 301
2 66 832
66 2 832
2 97 378
97 2 378
3 11 383
11 3 383
3 12 999
12 3 999
3 15 197
15 3 197
3 18 177
18 3 177
3 83 291
83 3 291
3 8 951
8 3 951
3 75 294
75 3 294
3 51 592
51 3 592
3 89 107
89 3 107
4 13 491
13 4 491
4 21 626
21 4 626
4 65 57
65 4 57
4 75 858
75 4 858
4 96 146
96 4 146
4 12 833
12 4 833
4 26 642
26 4 642
5 14 869
14 5 869
5 28 552
28 5 552
5 61 998
61 5 998
5 44 364
44 5 364
6 8 207
8 6 207
6 19 238
19 6 238
6 35 140
35 6 140
7 16 852
16 7 852
7 26 401
26 7 401
7 30 254
30 7 254
7 59 548
59 7 548
7 75 427
75 7 427
7 17 285
17 7 285
7 73 383
73 7 383
7 67 794
67 7 794
8 23 147
23 8 147
8 44 764
44 8 764
8 86 995
86 8 995
9 43 668
43 9 668
9 81 560
81 9 560
9 68 64
68 9 64
9 48 585
48 9 585
9 46 534
46 9 534
10 20 926
20 10 926
10 25 260
25 10 260
10 74 641
74 10 641
10 91 44
91 10 44
11 46 175
46 11 175
11 90 642
90 11 642
11 95 505
95 11 505
13 34 31
34 13 31
13 54 54
54 13 54
13 34 178
34 13 178
13 60 211
60 13 211
14 17 787
17 14 787
14 33 856
33 14 856
14 35 506
35 14 506
14 77 320
77 14 320
14 98 266
98 14 266
14 54 504
54 14 504
14 43 394
43 14 394
14 36 657
36 14 657
15 32 462
32 15 462
15 42 440
42 15 440
15 45 8
45 15 8
15 51 388
51 15 388
15 80 373
80 15 373
15 63 561
63 15 561
16 39 814
39 16 814
16 40 438
40 16 438
16 41 267
41 16 267
16 40 667
40 16 667
17 29 343
29 17 343
17 31 954
31 17 954
18 59 91
59 18 91
18 79 818
79 18 818
19 57 705
57 19 705
19 69 94
69 19 94
19 64 518
64 19 518
20 22 497
22 20 497
20 27 320
27 20 320
20 48 845
48 20 845
20 78 607
78 20 607
20 60 605
60 20 605
21 24 779
24 21 779
21 45 660
45 21 660
21 45 844
45 21 844
21 85 869
85 21 869
21 52 67
52 21 67
21 39 417
39 21 417
22 47 305
47 22 305
22 84 170
84 22 170
23 36 913
36 23 913
23 58 265
58 23 265
23 51 671
51 23 671
23 91 669
91 23 669
23 58 546
58 23 546
24 61 789
61 24 789
24 70 680
70 24 680
25 49 669
49 25 669
25 92 84
92 25 84
25 77 622
77 25 622
25 83 338
83 25 338
25 88 666
88 25 666
25 64 150
64 25 150
26 59 745
59 26 745
26 40 939
40 26 939
26 89 654
89 26 654
26 46 713
46 26 713
26 46 582
46 26 582
26 94 244
94 26 244
28 67 104
67 28 104
28 35 557
35 28 557
28 87 963
87 28 963
28 51 431
51 28 431
29 64 403
64 29 403
29 80 773
80 29 773
29 40 711
40 29 711
29 55 527
55 29 527
29 79 585
79 29 585
29 31 448
31 29 448
30 84 405
84 30 405
30 85 853
85 30 853
30 35 24
35 30 24
30 88 801
88 30 801
32 55 18
55 32 18
32 47 419
47 32 419
32 85 901
85 32 901
33 57 107
57 33 107
34 55 549
55 34 549
34 63 210
63 34 210
34 91 356
91 34 356
35 50 352
50 35 352
35 72 832
72 35 832
35 88 828
88 35 828
35 83 290
83 35 290
36 82 299
82 36 299
36 95 672
95 36 672
37 60 589
60 37 589
37 78 425
78 37 425
37 56 357
56 37 357
38 69 392
69 38 392
39 45 391
45 39 391
39 78 79
78 39 79
40 73 202
73 40 202
40 66 826
66 40 826
40 76 281
76 40 281
41 58 475
58 41 475
41 98 88
98 41 88
42 97 925
97 42 925
43 71 306
71 43 306
43 96 243
96 43 243
45 58 498
58 45 498
45 77 908
77 45 908
45 81 225
81 45 225
45 76 126
76 45 126
46 50 408
50 46 408
47 52 741
52 47 741
47 53 11
53 47 11
47 66 19
66 47 19
47 62 144
62 47 144
47 92 982
92 47 982
49 87 470
87 49 470
49 68 308
68 49 308
50 54 373
54 50 373
51 81 422
81 51 422
51 97 38
97 51 38
52 56 590
56 52 590
52 52 774
52 52 774
52 89 631
89 52 631
53 60 319
60 53 319
53 62 320
62 53 320
53 65 601
65 53 601
54 73 960
73 54 960
54 63 435
63 54 435
54 74 303
74 54 303
54 83 553
83 54 553
54 73 787
73 54 787
55 70 614
70 55 614
55 89 321
89 55 321
56 63 445
63 56 445
56 90 574
90 56 574
56 97 789
97 56 789
57 60 618
60 57 618
57 76 101
76 57 101
59 68 753
68 59 753
60 89 854
89 60 854
60 83 464
83 60 464
61 66 236
66 61 236
61 85 903
85 61 903
61 92 41
92 61 41
63 79 508
79 63 508
65 82 954
82 65 954
67 79 103
79 67 103
67 91 563
91 67 563
67 71 401
71 67 401
67 95 948
95 67 948
67 75 460
75 67 460
69 92 166
92 69 166
69 94 247
94 69 247
69 82 567
82 69 567
69 95 199
95 69 199
71 76 508
76 71 508
73 89 453
89 73 453
73 81 75
81 73 75
74 98 665
98 74 665
75 86 382
86 75 382
75 87 188
87 75 188
76 94 579
94 76 579
76 88 893
88 76 893
77 79 575
79 77 575
77 82 768
82 77 768
78 93 424
93 78 424
78 98 505
98 78 505
79 95 496
95 79 496
79 82 7
82 79 7
85 95 511
95 85 511
85 95 37
95 85 37
85 87 851
87 85 851
85 86 236
86 85 236
87 90 450
90 87 450
87 89 471
89 87 471
