88

0 1 114
1 0 114
0 2 313
2 0 313
0 5 571
5 0 571
0 6 79
6 0 79
0 7 767
7 0 767
0 14 953
14 0 953
0 80 420
80 0 420
0 70 603
70 0 603
0 52 286
52 0 286
0 59 690
59 0 690
0 50 384
50 0 384
0 83 341
83 0 341
0 82 33
82 0 33
0 54 26
54 0 26
0 50 250
50 0 250
0 8 670
8 0 670
1 12 29
12 1 29
1 36 732
36 1 732
1 41 263
41 1 263
1 62 475
62 1 475
1 16 149
16 1 149
1 13 378
13 1 378
1 66 618
66 1 618
1 22 800
22 1 800
1 50 994
50 1 994
1 34 251
34 1 251
1 9 554
9 1 554
1 32 199
32 1 199
1 5 177
5 1 177
1 60 481
60 1 481
1 8 781
8 1 781
1 46 949
46 1 949
1 39 629
39 1 629
2 3 996
3 2 996
2 4 301
4 2 301
2 26 441
26 2 441
2 33 295
33 2 295
2 44 88
44 2 88
2 9 531
9 2 531
2 29 808
29 2 808
2 20 96
20 2 96
2 66 729
66 2 729
2 55 879
55 2 879
2 48 340
48 2 340
2 31 679
31 2 679
2 70 248
70 2 248
2 64 400
64 2 400
2 56 431
56 2 431
2 84 122
84 2 122
2 42 227
42 2 227
2 38 619
38 2 619
2 85 467
85 2 467
3 19 785
19 3 785
3 28 714
28 3 714
3 51 442
51 3 442
3 54 89
54 3 89
3 62 39
62 3 39
3 77 63
77 3 63
3 31 499
31 3 499
3 48 940
48 3 940
3 48 395
48 3 395
3 87 36
87 3 36
3 8 285
8 3 285
3 46 657
46 3 657
3 65 182
65 3 182
3 5 904
5 3 904
3 7 296
7 3 296
3 40 943
40 3 943
3 75 746
75 3 746
3 51 617
51 3 617
3 45 861
45 3 861
3 19 748
19 3 748
3 39 566
39 3 566
3 37 918
37 3 918
3 8 855
8 3 855
3 62 734
62 3 734
3 82 409
82 3 409
3 17 499
17 3 499
3 7 809
7 3 809
3 43 788
43 3 788
3 83 69
83 3 69
4 11 334
11 4 334
4 21 318
21 4 318
4 82 331
82 4 331
4 87 123
87 4 123
4 68 984
68 4 984
4 19 168
19 4 168
4 60 733
60 4 733
4 39 385
39 4 385
4 57 504
57 4 504
4 13 532
13 4 532
4 34 27
34 4 27
4 33 997
33 4 997
5 18 740
18 5 740
5 24 610
24 5 610
5 52 269
52 5 269
5 41 266
41 5 266
5 25 316
25 5 316
5 40 486
40 5 486
5 69 41
69 5 41
5 29 154
29 5 154
5 26 133
26 5 133
5 75 278
75 5 278
5 47 19
47 5 19
5 15 814
15 5 814
5 84 657
84 5 657
5 87 8
87 5 8
5 70 33
70 5 33
5 34 921
34 5 921
5 82 671
82 5 671
5 6 831
6 5 831
5 46 799
46 5 799
6 8 478
8 6 478
6 12 496
12 6 496
6 17 836
17 6 836
6 67 327
67 6 327
6 76 748
76 6 748
6 44 498
44 6 498
6 26 367
26 6 367
6 30 617
30 6 617
6 50 544
50 6 544
6 7 407
7 6 407
6 51 527
51 6 527
6 7 885
7 6 885
6 18 800
18 6 800
6 75 893
75 6 893
6 83 446
83 6 446
6 12 731
12 6 731
6 76 666
76 6 666
6 11 106
11 6 106
6 80 264
80 6 264
7 9 528
9 7 528
7 16 106
16 7 106
7 21 989
21 7 989
7 61 389
61 7 389
7 7 93
7 7 93
7 74 957
74 7 957
7 28 336
28 7 336
7 81 229
81 7 229
7 20 787
20 7 787
7 47 401
47 7 401
7 21 976
21 7 976
7 35 923
35 7 923
7 50 535
50 7 535
7 48 572
48 7 572
7 24 29
24 7 29
7 70 935
70 7 935
7 48 155
48 7 155
7 63 758
63 7 758
8 66 970
66 8 970
8 77 514
77 8 514
8 54 546
54 8 546
8 66 370
66 8 370
8 77 707
77 8 707
8 63 252
63 8 252
8 23 786
23 8 786
8 66 875
66 8 875
8 35 571
35 8 571
8 79 524
79 8 524
8 77 713
77 8 713
8 26 72
26 8 72
8 26 616
26 8 616
8 48 730
48 8 730
8 25 891
25 8 891
8 67 418
67 8 418
8 81 126
81 8 126
8 86 498
86 8 498
8 64 398
64 8 398
8 54 834
54 8 834
8 64 372
64 8 372
8 9 954
9 8 954
9 10 813
10 9 813
9 29 506
29 9 506
9 37 831
37 9 831
9 50 27
50 9 27
9 25 216
25 9 216
9 26 247
26 9 247
9 40 207
40 9 207
9 18 434
18 9 434
9 44 716
44 9 716
9 46 743
46 9 743
9 65 477
65 9 477
9 30 241
30 9 241
9 84 178
84 9 178
9 75 631
75 9 631
9 32 189
32 9 189
9 73 55
73 9 55
9 50 281
50 9 281
9 82 512
82 9 512
9 33 192
33 9 192
9 68 683
68 9 683
9 73 866
73 9 866
9 64 558
64 9 558
9 66 63
66 9 63
9 45 483
45 9 483
9 59 897
59 9 897
9 19 157
19 9 157
9 16 673
16 9 673
9 78 866
78 9 866
9 19 542
19 9 542
10 86 705
86 10 705
10 36 282
36 10 282
10 69 684
69 10 684
10 78 684
78 10 684
10 50 972
50 10 972
10 66 837
66 10 837
10 78 839
78 10 839
10 43 882
43 10 882
10 20 106
20 10 106
10 83 204
83 10 204
10 24 459
24 10 459
11 13 535
13 11 535
11 22 841
22 11 841
11 34 715
34 11 715
11 42 565
42 11 565
11 71 826
71 11 826
11 38 185
38 11 185
11 39 668
39 11 668
11 86 148
86 11 148
11 36 573
36 11 573
11 23 509
23 11 509
11 23 352
23 11 352
11 57 563
57 11 563
12 35 775
35 12 775
12 80 121
80 12 121
12 71 84
71 12 84
12 35 151
35 12 151
12 80 855
80 12 855
12 86 857
86 12 857
12 65 22
65 12 22
12 46 887
46 12 887
12 35 276
35 12 276
12 29 342
29 12 342
12 28 717
28 12 717
12 65 433
65 12 433
12 36 793
36 12 793
12 77 460
77 12 460
12 80 478
80 12 478
12 59 715
59 12 715
12 59 488
59 12 488
12 71 498
71 12 498
12 77 843
77 12 843
13 30 827
30 13 827
13 39 697
39 13 697
13 40 134
40 13 134
13 71 88
71 13 88
13 28 818
28 13 818
13 44 652
44 13 652
13 16 393
16 13 393
13 52 215
52 13 215
13 81 831
81 13 831
13 24 993
24 13 993
13 82 899
82 13 899
13 64 764
64 13 764
13 70 951
70 13 951
13 84 672
84 13 672
13 46 561
46 13 561
13 30 122
30 13 122
13 61 396
61 13 396
13 45 72
45 13 72
13 14 617
14 13 617
13 82 189
82 13 189
13 61 704
61 13 704
14 15 750
15 14 750
14 68 465
68 14 465
14 40 163
40 14 163
14 16 20
16 14 20
14 81 71
81 14 71
14 28 745
28 14 745
14 59 980
59 14 980
14 73 818
73 14 818
14 52 463
52 14 463
14 50 605
50 14 605
14 27 800
27 14 800
15 48 705
48 15 705
15 29 383
29 15 383
15 43 258
43 15 258
15 73 365
73 15 365
15 32 280
32 15 280
15 50 83
50 15 83
15 69 153
69 15 153
15 54 405
54 15 405
15 64 203
64 15 203
15 17 602
17 15 602
15 23 842
23 15 842
15 57 469
57 15 469
15 75 101
75 15 101
15 77 859
77 15 859
15 68 178
68 15 178
16 47 409
47 16 409
16 51 705
51 16 705
16 72 486
72 16 486
16 51 513
51 16 513
16 22 798
22 16 798
16 70 185
70 16 185
16 81 331
81 16 331
16 79 303
79 16 303
16 65 942
65 16 942
16 87 307
87 16 307
16 67 126
67 16 126
16 18 341
18 16 341
17 20 1
20 17 1
17 55 658
55 17 658
17 65 926
65 17 926
17 37 426
37 17 426
17 59 35
59 17 35
17 49 896
49 17 896
17 75 522
75 17 522
17 81 756
81 17 756
17 20 215
20 17 215
18 81 647
81 18 647
18 83 111
83 18 111
18 53 638
53 18 638
18 57 172
57 18 172
18 68 969
68 18 969
18 80 743
80 18 743
18 87 366
87 18 366
18 85 787
85 18 787
19 23 175
23 19 175
19 25 863
25 19 863
19 57 45
57 19 45
19 68 957
68 19 957
19 61 316
61 19 316
19 78 152
78 19 152
19 53 817
53 19 817
19 51 956
51 19 956
19 29 16
29 19 16
19 72 19
72 19 19
20 75 419
75 20 419
20 25 895
25 20 895
20 74 894
74 20 894
20 87 709
87 20 709
20 74 937
74 20 937
20 37 282
37 20 282
20 46 841
46 20 841
20 52 256
52 20 256
20 69 468
69 20 468
21 44 303
44 21 303
21 58 346
58 21 346
21 82 198
82 21 198
21 85 514
85 21 514
21 78 621
78 21 621
21 69 492
69 21 492
21 28 624
28 21 624
21 23 694
23 21 694
21 77 823
77 21 823
21 41 769
41 21 769
21 27 642
27 21 642
21 72 99
72 21 99
22 46 840
46 22 840
22 74 994
74 22 994
22 79 948
79 22 948
22 36 897
36 22 897
22 46 694
46 22 694
22 29 943
29 22 943
22 56 573
56 22 573
22 56 609
56 22 609
22 23 405
23 22 405
22 41 668
41 22 668
22 84 713
84 22 713
22 22 950
22 22 950
23 27 999
27 23 999
23 48 918
48 23 918
23 85 466
85 23 466
23 79 434
79 23 434
23 46 944
46 23 944
23 33 90
33 23 90
23 45 993
45 23 993
23 26 812
26 23 812
23 30 480
30 23 480
23 43 457
43 23 457
23 52 608
52 23 608
23 84 796
84 23 796
23 54 624
54 23 624
23 63 865
63 23 865
24 57 713
57 24 713
24 58 664
58 24 664
24 75 132
75 24 132
24 51 470
51 24 470
24 76 216
76 24 216
24 86 314
86 24 314
24 52 314
52 24 314
24 35 202
35 24 202
24 37 539
37 24 539
24 58 905
58 24 905
25 45 509
45 25 509
25 70 395
70 25 395
25 65 161
65 25 161
25 67 625
67 25 625
25 57 790
57 25 790
26 31 307
31 26 307
26 36 569
36 26 569
26 38 703
38 26 703
26 53 221
53 26 221
26 59 843
59 26 843
26 30 705
30 26 705
26 49 482
49 26 482
26 49 452
49 26 452
26 34 247
34 26 247
26 31 585
31 26 585
26 50 690
50 26 690
26 28 204
28 26 204
26 80 758
80 26 758
26 84 132
84 26 132
26 55 982
55 26 982
27 41 410
41 27 410
27 62 125
62 27 125
27 61 592
61 27 592
27 46 118
46 27 118
27 48 323
48 27 323
27 64 405
64 27 405
27 52 536
52 27 536
27 61 614
61 27 614
27 64 253
64 27 253
27 83 984
83 27 984
27 65 560
65 27 560
27 30 546
30 27 546
27 29 340
29 27 340
27 32 550
32 27 550
27 59 995
59 27 995
27 62 336
62 27 336
27 73 941
73 27 941
28 49 465
49 28 465
28 87 117
87 28 117
28 37 61
37 28 61
28 85 28
85 28 28
28 87 941
87 28 941
28 77 55
77 28 55
28 50 289
50 28 289
28 63 532
63 28 532
28 33 699
33 28 699
28 40 221
40 28 221
29 32 735
32 29 735
29 64 230
64 29 230
29 56 620
56 29 620
29 58 684
58 29 684
29 68 326
68 29 326
29 40 856
40 29 856
29 50 965
50 29 965
29 68 117
68 29 117
29 86 524
86 29 524
29 41 355
41 29 355
29 36 95
36 29 95
29 54 804
54 29 804
30 65 71
65 30 71
30 84 599
84 30 599
30 77 742
77 30 742
30 41 111
41 30 111
30 46 551
46 30 551
30 55 395
55 30 395
30 69 68
69 30 68
30 84 78
84 30 78
31 47 643
47 31 643
31 76 860
76 31 860
31 78 184
78 31 184
31 55 534
55 31 534
31 75 882
75 31 882
31 34 53
34 31 53
32 69 121
69 32 121
32 57 648
57 32 648
32 81 261
81 32 261
32 38 361
38 32 361
32 41 461
41 32 461
32 73 684
73 32 684
32 44 106
44 32 106
32 66 377
66 32 377
32 44 741
44 32 741
32 50 62
50 32 62
32 36 702
36 32 702
32 59 372
59 32 372
32 67 148
67 32 148
33 82 536
82 33 536
33 71 898
71 33 898
33 43 607
43 33 607
33 39 206
39 33 206
33 38 174
38 33 174
33 63 814
63 33 814
33 77 245
77 33 245
33 53 938
53 33 938
33 73 317
73 33 317
33 52 842
52 33 842
33 61 666
61 33 666
33 83 530
83 33 530
34 43 301
43 34 301
34 63 817
63 34 817
34 87 946
87 34 946
34 68 93
68 34 93
34 46 953
46 34 953
34 43 234
43 34 234
34 62 759
62 34 759
34 51 774
51 34 774
34 66 48
66 34 48
34 51 434
51 34 434
35 70 756
70 35 756
35 73 865
73 35 865
35 40 529
40 35 529
35 40 933
40 35 933
35 38 242
38 35 242
35 60 567
60 35 567
35 58 822
58 35 822
35 57 775
57 35 775
35 68 615
68 35 615
35 41 13
41 35 13
36 81 722
81 36 722
36 80 161
80 36 161
36 70 704
70 36 704
36 46 363
46 36 363
36 38 73
38 36 73
36 50 330
50 36 330
36 56 639
56 36 639
36 66 820
66 36 820
36 43 477
43 36 477
36 82 63
82 36 63
36 40 653
40 36 653
36 66 530
66 36 530
37 56 777
56 37 777
37 53 146
53 37 146
37 75 266
75 37 266
37 39 509
39 37 509
37 78 757
78 37 757
37 44 666
44 37 666
37 87 714
87 37 714
38 71 692
71 38 692
38 84 137
84 38 137
38 47 993
47 38 993
38 44 885
44 38 885
38 48 521
48 38 521
39 84 389
84 39 389
39 73 553
73 39 553
39 62 677
62 39 677
39 68 630
68 39 630
39 41 77
41 39 77
39 75 859
75 39 859
39 50 817
50 39 817
39 63 31
63 39 31
39 63 70
63 39 70
40 74 129
74 40 129
40 51 449
51 40 449
40 51 586
51 40 586
40 61 764
61 40 764
40 47 113
47 40 113
40 68 538
68 40 538
40 58 326
58 40 326
40 74 756
74 40 756
41 49 407
49 41 407
41 68 297
68 41 297
41 43 554
43 41 554
41 46 699
46 41 699
41 60 971
60 41 971
41 81 342
81 41 342
41 79 485
79 41 485
41 77 842
77 41 842
41 52 765
52 41 765
41 69 760
69 41 760
42 60 311
60 42 311
42 86 203
86 42 203
42 80 681
80 42 681
42 49 447
49 42 447
42 71 153
71 42 153
42 87 983
87 42 983
42 50 385
50 42 385
42 78 141
78 42 141
42 45 434
45 42 434
42 55 392
55 42 392
43 83 124
83 43 124
43 73 47
73 43 47
43 84 399
84 43 399
43 56 394
56 43 394
43 87 816
87 43 816
43 66 869
66 43 869
43 56 575
56 43 575
44 54 17
54 44 17
44 76 489
76 44 489
44 85 501
85 44 501
44 59 582
59 44 582
44 61 51
61 44 51
44 49 561
49 44 561
45 49 95
49 45 95
45 77 381
77 45 381
45 74 998
74 45 998
45 50 710
50 45 710
45 53 172
53 45 172
45 71 550
71 45 550
45 85 209
85 45 209
45 66 291
66 45 291
46 60 383
60 46 383
46 83 394
83 46 394
46 70 394
70 46 394
46 67 199
67 46 199
46 50 238
50 46 238
46 51 183
51 46 183
46 74 170
74 46 170
46 53 36
53 46 36
46 64 278
64 46 278
46 54 562
54 46 562
46 49 162
49 46 162
46 81 974
81 46 974
46 62 719
62 46 719
47 72 393
72 47 393
47 75 537
75 47 537
47 81 244
81 47 244
47 61 682
61 47 682
47 67 825
67 47 825
47 79 450
79 47 450
48 84 601
84 48 601
48 62 259
62 48 259
48 53 535
53 48 535
48 82 381
82 48 381
48 54 19
54 48 19
48 58 746
58 48 746
48 75 165
75 48 165
48 59 509
59 48 509
48 81 264
81 48 264
48 59 611
59 48 611
48 54 690
54 48 690
48 87 428
87 48 428
48 82 107
82 48 107
49 84 439
84 49 439
49 53 667
53 49 667
49 72 666
72 49 666
49 73 443
73 49 443
49 65 214
65 49 214
49 60 830
60 49 830
50 73 841
73 50 841
50 70 396
70 50 396
50 73 311
73 50 311
50 85 311
85 50 311
50 77 289
77 50 289
50 79 796
79 50 796
50 55 952
55 50 952
50 74 877
74 50 877
51 56 62
56 51 62
51 83 59
83 51 59
51 73 648
73 51 648
51 70 293
70 51 293
51 71 392
71 51 392
51 83 780
83 51 780
51 79 503
79 51 503
51 67 230
67 51 230
52 58 817
58 52 817
52 55 265
55 52 265
52 84 907
84 52 907
52 61 48
61 52 48
52 57 889
57 52 889
53 62 755
62 53 755
53 64 567
64 53 567
53 53 651
53 53 651
53 72 496
72 53 496
53 57 877
57 53 877
53 75 326
75 53 326
53 64 261
64 53 261
53 82 771
82 53 771
53 77 53
77 53 53
53 71 318
71 53 318
54 64 816
64 54 816
54 56 340
56 54 340
55 71 69
71 55 69
55 78 236
78 55 236
55 68 439
68 55 439
55 65 548
65 55 548
55 68 245
68 55 245
56 63 803
63 56 803
56 80 780
80 56 780
56 66 649
66 56 649
56 72 67
72 56 67
56 75 141
75 56 141
57 78 302
78 57 302
57 81 428
81 57 428
57 76 858
76 57 858
57 82 27
82 57 27
57 76 473
76 57 473
57 73 479
73 57 479
57 85 117
85 57 117
57 71 875
71 57 875
57 59 356
59 57 356
57 68 651
68 57 651
57 63 34
63 57 34
57 87 909
87 57 909
57 76 146
76 57 146
57 79 926
79 57 926
57 61 365
61 57 365
58 74 395
74 58 395
58 73 280
73 58 280
58 77 842
77 58 842
58 73 938
73 58 938
58 81 794
81 58 794
58 87 664
87 58 664
58 85 912
85 58 912
58 82 893
82 58 893
58 83 12
83 58 12
58 68 878
68 58 878
58 76 450
76 58 450
59 73 891
73 59 891
59 87 264
87 59 264
59 74 624
74 59 624
59 64 750
64 59 750
59 67 894
67 59 894
60 71 95
71 60 95
60 64 557
64 60 557
60 73 153
73 60 153
60 72 584
72 60 584
61 83 915
83 61 915
61 86 286
86 61 286
61 62 767
62 61 767
62 82 660
82 62 660
62 62 520
62 62 520
62 68 800
68 62 800
63 82 750
82 63 750
63 77 199
77 63 199
63 78 482
78 63 482
64 71 876
71 64 876
64 81 149
81 64 149
64 71 83
71 64 83
64 82 749
82 64 749
64 78 518
78 64 518
65 72 572
72 65 572
66 74 98
74 66 98
66 80 502
80 66 502
67 84 827
84 67 827
67 77 683
77 67 683
67 69 628
69 67 628
67 85 33
85 67 33
67 71 181
71 67 181
67 77 253
77 67 253
68 80 288
80 68 288
68 72 73
72 68 73
68 68 831
68 68 831
68 77 358
77 68 358
68 77 367
77 68 367
68 77 272
77 68 272
68 73 372
73 68 372
69 73 939
73 69 939
69 77 276
77 69 276
70 72 916
72 70 916
71 85 942
85 71 942
71 78 351
78 71 351
72 78 68
78 72 68
73 85 219
85 73 219
73 84 606
84 73 606
74 85 266
85 74 266
74 76 890
76 74 890
74 76 935
76 74 935
75 80 182
80 75 182
75 77 195
77 75 195
75 87 619
87 75 619
77 80 509
80 77 509
78 80 688
80 78 688
78 83 905
83 78 905
78 82 40
82 78 40
81 86 591
86 81 591
82 86 910
86 82 910
83 84 538
84 83 538
84 86 96
86 84 96
84 85 11
85 84 11
86 87 799
87 86 799
