57

0 1 239
1 0 239
0 2 96
2 0 96
0 3 965
3 0 965
0 5 725
5 0 725
0 23 687
23 0 687
1 4 958
4 1 958
1 18 979
18 1 979
1 19 359
19 1 359
1 49 780
49 1 780
1 18 132
18 1 132
2 44 534
44 2 534
2 27 770
27 2 770
3 6 797
6 3 797
3 9 776
9 3 776
3 11 284
11 3 284
3 17 777
17 3 777
3 33 354
33 3 354
3 41 534
41 3 534
4 14 500
14 4 500
4 26 264
26 4 264
4 27 568
27 4 568
4 40 57
40 4 57
4 13 860
13 4 860
5 7 337
7 5 337
5 8 658
8 5 658
5 10 392
10 5 392
5 31 703
31 5 703
5 53 923
53 5 923
6 15 699
15 6 699
6 35 881
35 6 881
7 21 985
21 7 985
8 12 636
12 8 636
8 36 281
36 8 281
9 17 18
17 9 18
9 23 248
23 9 248
10 19 737
19 10 737
11 34 423
34 11 423
11 47 108
47 11 108
11 48 936
48 11 936
11 24 49
24 11 49
12 13 934
13 12 934
12 28 429
28 12 429
12 21 745
21 12 745
13 16 248
16 13 248
13 45 55
45 13 55
13 14 230
14 13 230
14 30 999
30 14 999
14 16 132
16 14 132
14 18 930
18 14 930
14 50 107
50 14 107
14 56 351
56 14 351
15 22 761
22 15 761
15 48 166
48 15 166
16 20 204
20 16 204
16 24 307
24 16 307
16 38 903
38 16 903
17 25 750
25 17 750
17 42 744
42 17 744
17 42 104
42 17 104
18 32 68
32 18 68
18 54 490
54 18 490
19 29 247
29 19 247
19 46 81
46 19 81
20 39 119
39 20 119
20 26 644
26 20 644
20 56 755
56 20 755
22 36 120
36 22 120
24 51 138
51 24 138
25 32 319
32 25 319
25 42 401
42 25 401
26 28 771
28 26 771
28 37 430
37 28 430
29 43 685
43 29 685
29 50 822
50 29 822
29 56 31
56 29 31
33 56 366
56 33 366
34 55 938
55 34 938
34 56 300
56 34 300
35 52 929
52 35 929
36 47 174
47 36 174
38 48 157
48 38 157
40 53 720
53 40 720
42 47 642
47 42 642
43 46 177
46 43 177
45 48 397
48 45 397
46 54 355
54 46 355
48 55 956
55 48 956
52 52 152
52 52 152
