80

0 1 581
1 0 581
0 2 445
2 0 445
0 10 691
10 0 691
0 11 184
11 0 184
0 12 270
12 0 270
0 32 805
32 0 805
0 78 414
78 0 414
0 12 799
12 0 799
0 61 343
61 0 343
0 47 995
47 0 995
0 26 968
26 0 968
1 3 675
3 1 675
1 8 358
8 1 358
1 13 113
13 1 113
1 76 540
76 1 540
1 75 380
75 1 380
1 24 392
24 1 392
1 48 888
48 1 888
1 50 161
50 1 161
1 6 946
6 1 946
1 62 83
62 1 83
2 15 28
15 2 28
2 22 470
22 2 470
2 22 251
22 2 251
2 64 730
64 2 730
2 6 976
6 2 976
2 79 276
79 2 276
2 44 898
44 2 898
2 59 318
59 2 318
2 16 791
16 2 791
3 4 784
4 3 784
3 5 624
5 3 624
3 6 969
6 3 969
3 20 701
20 3 701
3 24 507
24 3 507
3 41 569
41 3 569
3 41 24
41 3 24
3 7 380
7 3 380
3 14 862
14 3 862
3 11 483
11 3 483
3 54 905
54 3 905
4 53 584
53 4 584
4 78 126
78 4 126
4 57 727
57 4 727
5 7 190
7 5 190
5 16 794
16 5 794
5 40 672
40 5 672
5 66 517
66 5 517
5 5 614
5 5 614
5 27 63
27 5 63
5 13 676
13 5 676
5 38 345
38 5 345
5 13 789
13 5 789
6 61 164
61 6 164
6 48 584
48 6 584
7 9 705
9 7 705
7 18 739
18 7 739
7 44 647
44 7 647
7 57 779
57 7 779
7 73 560
73 7 560
7 43 841
43 7 841
7 21 636
21 7 636
7 57 351
57 7 351
7 31 682
31 7 682
7 56 6
56 7 6
8 21 730
21 8 730
8 23 274
23 8 274
8 75 398
75 8 398
8 53 385
53 8 385
8 72 380
72 8 380
8 48 732
48 8 732
8 70 889
70 8 889
8 23 976
23 8 976
8 18 568
18 8 568
8 47 538
47 8 538
8 43 888
43 8 888
8 55 111
55 8 111
8 21 657
21 8 657
9 27 55
27 9 55
9 30 762
30 9 762
9 21 759
21 9 759
9 40 998
40 9 998
9 34 199
34 9 199
9 60 600
60 9 600
10 14 253
14 10 253
10 38 232
38 10 232
10 50 551
50 10 551
10 40 573
40 10 573
10 52 833
52 10 833
10 25 803
25 10 803
10 24 125
24 10 125
10 56 967
56 10 967
11 41 973
41 11 973
11 43 221
43 11 221
11 45 555
45 11 555
11 64 456
64 11 456
11 30 937
30 11 937
11 15 535
15 11 535
11 74 213
74 11 213
11 23 588
23 11 588
11 57 78
57 11 78
11 43 108
43 11 108
11 39 669
39 11 669
12 17 375
17 12 375
12 36 773
36 12 773
12 53 149
53 12 149
12 25 390
25 12 390
12 38 159
38 12 159
12 58 96
58 12 96
12 62 999
62 12 999
12 20 420
20 12 420
12 61 731
61 12 731
12 38 493
38 12 493
12 24 733
24 12 733
12 13 244
13 12 244
12 38 186
38 12 186
13 78 755
78 13 755
13 55 919
55 13 919
13 39 693
39 13 693
13 61 555
61 13 555
13 52 147
52 13 147
13 48 547
48 13 547
13 67 836
67 13 836
13 53 775
53 13 775
13 48 267
48 13 267
13 17 324
17 13 324
14 31 970
31 14 970
14 35 830
35 14 830
14 24 964
24 14 964
14 50 716
50 14 716
14 44 337
44 14 337
14 74 664
74 14 664
14 54 439
54 14 439
14 63 482
63 14 482
14 15 909
15 14 909
14 21 482
21 14 482
15 34 481
34 15 481
15 63 421
63 15 421
15 18 490
18 15 490
15 60 261
60 15 261
15 37 431
37 15 431
15 19 626
19 15 626
15 25 889
25 15 889
15 79 333
79 15 333
15 18 583
18 15 583
16 37 19
37 16 19
16 31 700
31 16 700
16 51 584
51 16 584
16 30 738
30 16 738
16 74 836
74 16 836
16 66 135
66 16 135
16 26 453
26 16 453
16 76 474
76 16 474
17 39 897
39 17 897
17 62 627
62 17 627
17 23 283
23 17 283
17 41 704
41 17 704
17 31 953
31 17 953
18 19 209
19 18 209
18 25 295
25 18 295
18 28 717
28 18 717
18 62 2
62 18 2
18 72 392
72 18 392
18 39 434
39 18 434
18 41 577
41 18 577
18 66 929
66 18 929
18 52 144
52 18 144
18 18 398
18 18 398
18 41 923
41 18 923
18 34 375
34 18 375
19 26 819
26 19 819
19 21 141
21 19 141
19 33 834
33 19 834
19 59 779
59 19 779
19 60 305
60 19 305
19 23 343
23 19 343
20 33 952
33 20 952
20 30 313
30 20 313
20 77 972
77 20 972
20 64 75
64 20 75
20 78 753
78 20 753
20 21 657
21 20 657
20 55 941
55 20 941
20 38 782
38 20 782
20 51 490
51 20 490
21 68 319
68 21 319
21 25 558
25 21 558
21 39 317
39 21 317
21 73 262
73 21 262
22 29 462
29 22 462
22 51 267
51 22 267
22 79 797
79 22 797
22 73 779
73 22 779
22 61 607
61 22 607
22 50 32
50 22 32
22 61 292
61 22 292
22 32 224
32 22 224
23 59 551
59 23 551
23 76 437
76 23 437
23 37 925
37 23 925
23 46 705
46 23 705
23 37 640
37 23 640
23 47 402
47 23 402
23 45 981
45 23 981
23 63 537
63 23 537
24 49 819
49 24 819
24 70 743
70 24 743
25 51 987
51 25 987
25 54 420
54 25 420
25 47 726
47 25 726
25 53 568
53 25 568
25 67 693
67 25 693
25 74 941
74 25 941
26 57 908
57 26 908
26 58 713
58 26 713
26 73 686
73 26 686
26 66 393
66 26 393
27 36 948
36 27 948
27 30 981
30 27 981
27 43 745
43 27 745
27 52 980
52 27 980
27 52 39
52 27 39
27 33 563
33 27 563
27 31 695
31 27 695
27 78 4
78 27 4
28 71 488
71 28 488
28 76 427
76 28 427
28 78 639
78 28 639
29 34 36
34 29 36
29 60 28
60 29 28
29 51 630
51 29 630
29 68 519
68 29 519
29 50 637
50 29 637
30 67 789
67 30 789
30 52 570
52 30 570
30 36 898
36 30 898
30 72 90
72 30 90
30 37 337
37 30 337
30 79 247
79 30 247
30 61 399
61 30 399
30 75 990
75 30 990
31 32 759
32 31 759
31 43 305
43 31 305
31 70 948
70 31 948
31 56 261
56 31 261
31 77 869
77 31 869
31 76 204
76 31 204
31 47 369
47 31 369
31 58 309
58 31 309
32 58 625
58 32 625
32 68 509
68 32 509
32 34 895
34 32 895
33 70 144
70 33 144
33 51 224
51 33 224
33 63 362
63 33 362
33 59 480
59 33 480
33 64 519
64 33 519
33 48 408
48 33 408
34 37 553
37 34 553
34 57 921
57 34 921
34 61 422
61 34 422
34 44 166
44 34 166
35 58 957
58 35 957
35 48 795
48 35 795
35 72 836
72 35 836
35 74 82
74 35 82
36 46 948
46 36 948
36 45 150
45 36 150
36 68 790
68 36 790
36 46 374
46 36 374
36 70 627
70 36 627
37 42 802
42 37 802
37 79 834
79 37 834
37 68 222
68 37 222
37 77 337
77 37 337
38 56 870
56 38 870
39 52 157
52 39 157
39 41 591
41 39 591
39 39 182
39 39 182
40 47 493
47 40 493
40 77 832
77 40 832
40 52 388
52 40 388
40 62 800
62 40 800
42 46 456
46 42 456
42 49 754
49 42 754
42 48 948
48 42 948
42 64 56
64 42 56
43 48 721
48 43 721
43 57 4
57 43 4
43 54 636
54 43 636
43 73 832
73 43 832
43 73 423
73 43 423
43 77 805
77 43 805
44 74 479
74 44 479
44 75 97
75 44 97
44 79 403
79 44 403
44 50 851
50 44 851
44 79 192
79 44 192
44 57 544
57 44 544
44 70 625
70 44 625
45 61 361
61 45 361
45 77 626
77 45 626
45 48 867
48 45 867
45 56 495
56 45 495
45 70 48
70 45 48
45 49 178
49 45 178
45 69 138
69 45 138
46 64 542
64 46 542
46 55 350
55 46 350
46 49 954
49 46 954
47 79 665
79 47 665
47 67 561
67 47 561
47 57 777
57 47 777
47 62 854
62 47 854
47 68 836
68 47 836
48 55 880
55 48 880
49 62 765
62 49 765
49 69 573
69 49 573
49 79 394
79 49 394
49 61 228
61 49 228
49 64 905
64 49 905
50 55 622
55 50 622
50 55 27
55 50 27
50 52 463
52 50 463
50 58 333
58 50 333
51 76 930
76 51 930
51 76 95
76 51 95
51 52 247
52 51 247
51 54 698
54 51 698
52 62 810
62 52 810
52 56 849
56 52 849
52 52 617
52 52 617
53 62 776
62 53 776
53 72 335
72 53 335
53 67 508
67 53 508
53 66 68
66 53 68
53 79 897
79 53 897
54 66 398
66 54 398
54 77 566
77 54 566
55 73 460
73 55 460
55 74 853
74 55 853
56 59 59
59 56 59
56 79 990
79 56 990
56 72 434
72 56 434
57 70 320
70 57 320
57 59 23
59 57 23
58 60 808
60 58 808
58 73 640
73 58 640
58 63 775
63 58 775
58 74 891
74 58 891
59 63 827
63 59 827
59 69 772
69 59 772
59 70 591
70 59 591
60 65 743
65 60 743
60 68 61
68 60 61
61 75 811
75 61 811
61 75 556
75 61 556
62 72 885
72 62 885
62 73 962
73 62 962
63 69 44
69 63 44
63 69 562
69 63 562
63 79 299
79 63 299
65 67 278
67 65 278
66 75 726
75 66 726
66 78 963
78 66 963
66 69 324
69 66 324
68 79 571
79 68 571
69 72 262
72 69 262
69 79 586
79 69 586
69 73 444
73 69 444
69 71 561
71 69 561
72 79 885
79 72 885
72 77 129
77 72 129
73 79 853
79 73 853
74 78 777
78 74 777
76 77 119
77 76 119
78 79 336
79 78 336
