39

0 1 906
1 0 906
0 2 662
2 0 662
0 8 289
8 0 289
0 17 174
17 0 174
0 19 989
19 0 989
0 23 653
23 0 653
1 3 609
3 1 609
1 5 385
5 1 385
1 16 111
16 1 111
1 38 361
38 1 361
2 7 66
7 2 66
2 11 704
11 2 704
2 15 367
15 2 367
2 18 845
18 2 845
2 24 616
24 2 616
2 35 448
35 2 448
2 37 470
37 2 470
3 4 120
4 3 120
3 25 7
25 3 7
3 36 823
36 3 823
3 27 425
27 3 425
4 6 305
6 4 305
4 10 404
10 4 404
4 28 848
28 4 848
4 34 746
34 4 746
5 10 79
10 5 79
6 13 560
13 6 560
6 18 751
18 6 751
7 32 463
32 7 463
7 37 477
37 7 477
7 20 727
20 7 727
7 22 187
22 7 187
8 9 990
9 8 990
8 22 233
22 8 233
8 15 251
15 8 251
8 10 87
10 8 87
9 21 811
21 9 811
9 27 952
27 9 952
9 35 804
35 9 804
9 26 82
26 9 82
9 30 819
30 9 819
9 10 533
10 9 533
9 34 943
34 9 943
10 12 330
12 10 330
10 14 481
14 10 481
10 20 563
20 10 563
10 34 212
34 10 212
11 29 269
29 11 269
11 31 975
31 11 975
11 27 468
27 11 468
14 30 994
30 14 994
14 27 454
27 14 454
15 17 913
17 15 913
15 27 359
27 15 359
16 19 22
19 16 22
16 30 591
30 16 591
16 37 16
37 16 16
17 37 714
37 17 714
17 31 306
31 17 306
18 21 969
21 18 969
19 23 279
23 19 279
19 36 716
36 19 716
20 36 419
36 20 419
20 37 105
37 20 105
21 22 618
22 21 618
22 34 339
34 22 339
24 26 256
26 24 256
24 35 538
35 24 538
24 35 554
35 24 554
24 36 97
36 24 97
26 33 803
33 26 803
27 31 941
31 27 941
27 29 154
29 27 154
27 37 156
37 27 156
28 32 610
32 28 610
28 36 567
36 28 567
29 33 396
33 29 396
29 38 349
38 29 349
30 34 986
34 30 986
31 34 981
34 31 981
32 36 767
36 32 767
34 37 482
37 34 482
