16

0 1 789
1 0 789
0 3 402
3 0 402
0 6 74
6 0 74
1 2 164
2 1 164
1 11 100
11 1 100
2 3 405
3 2 405
2 12 566
12 2 566
2 11 319
11 2 319
2 8 717
8 2 717
2 7 308
7 2 308
2 7 517
7 2 517
3 4 125
4 3 125
3 7 426
7 3 426
3 12 392
12 3 392
3 10 739
10 3 739
4 5 967
5 4 967
4 6 627
6 4 627
4 7 342
7 4 342
4 11 130
11 4 130
5 9 516
9 5 516
6 8 47
8 6 47
6 13 730
13 6 730
6 9 703
9 6 703
8 10 836
10 8 836
8 10 1
10 8 1
9 15 641
15 9 641
10 13 356
13 10 356
11 14 620
14 11 620
