24

0 1 553
1 0 553
0 2 993
2 0 993
0 9 117
9 0 117
0 13 798
13 0 798
0 14 581
14 0 581
0 2 610
2 0 610
0 8 137
8 0 137
1 20 19
20 1 19
2 3 178
3 2 178
2 5 413
5 2 413
3 4 690
4 3 690
3 6 492
6 3 492
3 17 704
17 3 704
3 21 527
21 3 527
3 16 214
16 3 214
4 22 687
22 4 687
5 7 217
7 5 217
5 8 156
8 5 156
5 23 318
23 5 318
6 18 114
18 6 114
6 21 304
21 6 304
6 21 966
21 6 966
7 15 967
15 7 967
7 17 759
17 7 759
8 12 309
12 8 309
8 16 332
16 8 332
8 18 294
18 8 294
9 10 835
10 9 835
9 11 13
11 9 13
9 13 767
13 9 767
10 20 12
20 10 12
10 15 785
15 10 785
13 21 147
21 13 147
14 19 965
19 14 965
14 14 432
14 14 432
14 20 5
20 14 5
15 19 411
19 15 411
15 16 759
16 15 759
16 19 280
19 16 280
20 21 8
21 20 8
22 23 358
23 22 358
