72

0 1 777
1 0 777
0 2 46
2 0 46
0 4 483
4 0 483
0 46 912
46 0 912
0 60 702
60 0 702
0 61 735
61 0 735
0 3 674
3 0 674
0 15 622
15 0 622
0 22 673
22 0 673
1 3 140
3 1 140
1 9 937
9 1 937
1 26 630
26 1 630
1 39 197
39 1 197
1 44 702
44 1 702
2 6 929
6 2 929
2 10 111
10 2 111
2 11 107
11 2 107
2 53 248
53 2 248
2 64 478
64 2 478
2 70 212
70 2 212
2 54 548
54 2 548
2 8 430
8 2 430
2 60 1
60 2 1
2 59 357
59 2 357
3 8 476
8 3 476
3 13 211
13 3 211
3 14 12
14 3 12
3 34 573
34 3 573
3 22 673
22 3 673
4 5 468
5 4 468
4 7 476
7 4 476
4 20 255
20 4 255
4 22 139
22 4 139
4 47 184
47 4 184
4 55 704
55 4 704
4 64 665
64 4 665
4 8 905
8 4 905
4 26 500
26 4 500
4 18 397
18 4 397
5 8 721
8 5 721
5 52 824
52 5 824
5 48 895
48 5 895
6 62 139
62 6 139
6 32 741
32 6 741
6 21 496
21 6 496
6 19 97
19 6 97
7 31 366
31 7 366
7 41 659
41 7 659
7 44 689
44 7 689
7 54 930
54 7 930
7 10 694
10 7 694
7 34 707
34 7 707
8 24 260
24 8 260
8 39 896
39 8 896
8 42 786
42 8 786
8 39 461
39 8 461
8 36 423
36 8 423
9 12 667
12 9 667
9 17 644
17 9 644
9 40 515
40 9 515
10 28 59
28 10 59
10 33 66
33 10 66
10 43 670
43 10 670
10 44 776
44 10 776
10 47 60
47 10 60
10 44 271
44 10 271
11 50 170
50 11 170
11 38 946
38 11 946
12 16 549
16 12 549
12 18 830
18 12 830
12 23 479
23 12 479
12 13 540
13 12 540
13 15 392
15 13 392
13 38 599
38 13 599
13 38 765
38 13 765
14 21 728
21 14 728
14 37 586
37 14 586
14 54 569
54 14 569
14 28 746
28 14 746
14 63 358
63 14 358
14 34 641
34 14 641
14 51 459
51 14 459
14 56 604
56 14 604
15 27 925
27 15 925
15 25 254
25 15 254
15 18 161
18 15 161
15 41 958
41 15 958
16 58 77
58 16 77
16 26 176
26 16 176
17 48 879
48 17 879
17 20 605
20 17 605
17 24 836
24 17 836
18 19 494
19 18 494
18 29 350
29 18 350
18 33 811
33 18 811
18 36 36
36 18 36
19 49 820
49 19 820
19 25 907
25 19 907
20 46 146
46 20 146
20 64 159
64 20 159
20 42 163
42 20 163
20 26 862
26 20 862
21 42 665
42 21 665
21 68 995
68 21 995
21 39 751
39 21 751
22 25 775
25 22 775
22 32 404
32 22 404
22 49 379
49 22 379
22 54 146
54 22 146
22 58 907
58 22 907
23 62 194
62 23 194
23 66 840
66 23 840
23 28 250
28 23 250
24 27 936
27 24 936
24 30 341
30 24 341
24 28 817
28 24 817
24 31 139
31 24 139
25 56 358
56 25 358
26 63 135
63 26 135
26 58 302
58 26 302
26 67 7
67 26 7
26 37 794
37 26 794
26 71 597
71 26 597
26 65 370
65 26 370
27 46 681
46 27 681
27 29 755
29 27 755
27 67 312
67 27 312
28 35 433
35 28 433
28 43 311
43 28 311
28 68 610
68 28 610
28 32 592
32 28 592
29 47 792
47 29 792
29 55 325
55 29 325
30 44 929
44 30 929
30 57 789
57 30 789
31 57 36
57 31 36
31 41 975
41 31 975
31 51 232
51 31 232
32 53 599
53 32 599
32 39 76
39 32 76
33 45 149
45 33 149
34 38 98
38 34 98
34 56 701
56 34 701
34 56 917
56 34 917
35 57 876
57 35 876
35 60 229
60 35 229
35 60 758
60 35 758
36 64 782
64 36 782
37 40 100
40 37 100
37 58 452
58 37 452
37 58 642
58 37 642
38 48 840
48 38 840
38 54 320
54 38 320
39 51 121
51 39 121
40 59 909
59 40 909
40 67 353
67 40 353
41 67 220
67 41 220
42 65 138
65 42 138
44 45 50
45 44 50
44 69 956
69 44 956
44 63 858
63 44 858
44 66 840
66 44 840
44 69 433
69 44 433
45 52 404
52 45 404
45 70 195
70 45 195
48 55 217
55 48 217
49 53 22
53 49 22
50 54 464
54 50 464
53 57 405
57 53 405
55 68 124
68 55 124
57 64 112
64 57 112
58 64 548
64 58 548
59 65 415
65 59 415
64 70 957
70 64 957
65 71 787
71 65 787
