96

0 1 411
1 0 411
0 2 783
2 0 783
0 6 799
6 0 799
0 7 681
7 0 681
0 8 888
8 0 888
0 51 76
51 0 76
0 59 168
59 0 168
0 29 13
29 0 13
0 69 136
69 0 136
0 31 812
31 0 812
0 4 337
4 0 337
0 95 39
95 0 39
0 68 438
68 0 438
0 87 774
87 0 774
0 65 312
65 0 312
0 72 408
72 0 408
0 4 412
4 0 412
0 92 136
92 0 136
0 11 735
11 0 735
0 59 932
59 0 932
1 3 341
3 1 341
1 10 564
10 1 564
1 22 952
22 1 952
1 88 703
88 1 703
1 55 174
55 1 174
1 48 790
48 1 790
1 9 707
9 1 707
1 64 867
64 1 867
1 2 319
2 1 319
1 3 869
3 1 869
1 78 458
78 1 458
1 43 868
43 1 868
1 56 356
56 1 356
1 7 83
7 1 83
1 36 182
36 1 182
1 40 689
40 1 689
1 92 745
92 1 745
1 36 214
36 1 214
1 57 215
57 1 215
1 12 215
12 1 215
1 2 997
2 1 997
2 5 479
5 2 479
2 13 180
13 2 180
2 34 620
34 2 620
2 48 712
48 2 712
2 33 360
33 2 360
2 40 991
40 2 991
2 50 399
50 2 399
2 72 182
72 2 182
2 12 879
12 2 879
2 39 46
39 2 46
2 33 966
33 2 966
2 29 686
29 2 686
2 75 699
75 2 699
2 37 522
37 2 522
2 11 835
11 2 835
2 35 151
35 2 151
2 62 152
62 2 152
3 4 283
4 3 283
3 11 980
11 3 980
3 83 828
83 3 828
3 19 224
19 3 224
3 93 731
93 3 731
3 12 945
12 3 945
3 74 875
74 3 875
3 87 412
87 3 412
3 21 577
21 3 577
3 13 515
13 3 515
3 58 517
58 3 517
3 73 301
73 3 301
3 87 418
87 3 418
3 33 804
33 3 804
3 39 685
39 3 685
3 45 324
45 3 324
3 54 726
54 3 726
3 75 402
75 3 402
3 73 747
73 3 747
3 82 210
82 3 210
3 18 812
18 3 812
3 49 955
49 3 955
3 88 640
88 3 640
3 22 280
22 3 280
3 83 538
83 3 538
3 76 350
76 3 350
3 38 666
38 3 666
3 58 439
58 3 439
3 42 915
42 3 915
4 18 22
18 4 22
4 66 471
66 4 471
4 90 391
90 4 391
4 41 874
41 4 874
4 22 13
22 4 13
4 21 457
21 4 457
4 79 227
79 4 227
4 63 134
63 4 134
4 7 607
7 4 607
4 55 759
55 4 759
4 45 827
45 4 827
4 72 916
72 4 916
4 74 777
74 4 777
4 33 736
33 4 736
4 52 488
52 4 488
4 63 823
63 4 823
4 56 610
56 4 610
4 30 462
30 4 462
4 72 755
72 4 755
5 26 356
26 5 356
5 84 628
84 5 628
5 38 694
38 5 694
5 45 314
45 5 314
5 79 655
79 5 655
5 27 126
27 5 126
5 69 445
69 5 445
5 78 340
78 5 340
5 53 720
53 5 720
5 31 67
31 5 67
5 81 1000
81 5 1000
5 55 686
55 5 686
5 31 521
31 5 521
5 76 258
76 5 258
5 39 701
39 5 701
5 40 56
40 5 56
6 15 54
15 6 54
6 19 442
19 6 442
6 35 101
35 6 101
6 56 295
56 6 295
6 43 486
43 6 486
6 19 391
19 6 391
6 79 534
79 6 534
6 22 579
22 6 579
6 36 251
36 6 251
6 47 325
47 6 325
6 50 567
50 6 567
6 36 268
36 6 268
6 27 28
27 6 28
6 29 404
29 6 404
6 10 223
10 6 223
6 56 292
56 6 292
6 61 707
61 6 707
7 20 53
20 7 53
7 39 684
39 7 684
7 41 414
41 7 414
7 80 219
80 7 219
7 21 399
21 7 399
7 59 170
59 7 170
7 95 554
95 7 554
7 78 910
78 7 910
7 28 714
28 7 714
7 79 693
79 7 693
7 90 1000
90 7 1000
7 48 665
48 7 665
7 52 344
52 7 344
7 13 157
13 7 157
7 82 501
82 7 501
7 17 35
17 7 35
7 52 3
52 7 3
8 9 202
9 8 202
8 25 411
25 8 411
8 27 166
27 8 166
8 36 348
36 8 348
8 70 397
70 8 397
8 94 811
94 8 811
8 28 199
28 8 199
8 39 96
39 8 96
8 60 520
60 8 520
8 40 955
40 8 955
8 75 81
75 8 81
8 77 835
77 8 835
8 80 754
80 8 754
8 60 514
60 8 514
8 43 492
43 8 492
8 75 400
75 8 400
8 21 732
21 8 732
8 13 901
13 8 901
8 48 230
48 8 230
8 41 474
41 8 474
8 50 363
50 8 363
8 18 76
18 8 76
8 62 456
62 8 456
8 79 85
79 8 85
8 80 31
80 8 31
8 61 454
61 8 454
8 72 86
72 8 86
8 70 106
70 8 106
9 16 726
16 9 726
9 21 894
21 9 894
9 72 685
72 9 685
9 77 557
77 9 557
9 46 470
46 9 470
9 44 482
44 9 482
9 17 331
17 9 331
9 16 304
16 9 304
9 20 172
20 9 172
9 19 427
19 9 427
9 86 302
86 9 302
9 71 574
71 9 574
9 85 900
85 9 900
9 71 460
71 9 460
9 59 329
59 9 329
10 12 893
12 10 893
10 80 757
80 10 757
10 95 570
95 10 570
10 38 755
38 10 755
10 11 10
11 10 10
10 52 682
52 10 682
10 82 1
82 10 1
10 28 150
28 10 150
10 42 696
42 10 696
10 29 641
29 10 641
10 24 610
24 10 610
10 37 970
37 10 970
11 31 280
31 11 280
11 13 239
13 11 239
11 57 244
57 11 244
11 48 940
48 11 940
11 14 394
14 11 394
11 30 134
30 11 134
11 54 953
54 11 953
11 92 501
92 11 501
11 75 910
75 11 910
11 12 272
12 11 272
11 76 745
76 11 745
11 65 586
65 11 586
11 72 295
72 11 295
11 17 726
17 11 726
11 12 332
12 11 332
11 57 316
57 11 316
11 32 88
32 11 88
12 17 49
17 12 49
12 61 235
61 12 235
12 66 173
66 12 173
12 81 497
81 12 497
12 95 916
95 12 916
12 31 855
31 12 855
12 73 320
73 12 320
12 51 578
51 12 578
12 70 82
70 12 82
12 86 689
86 12 689
12 39 405
39 12 405
12 38 121
38 12 121
12 75 760
75 12 760
12 52 736
52 12 736
12 72 14
72 12 14
12 57 561
57 12 561
12 45 55
45 12 55
12 72 404
72 12 404
12 93 300
93 12 300
12 22 284
22 12 284
12 57 718
57 12 718
12 27 381
27 12 381
12 57 331
57 12 331
13 14 521
14 13 521
13 71 995
71 13 995
13 62 843
62 13 843
13 69 913
69 13 913
13 90 826
90 13 826
13 48 596
48 13 596
13 20 12
20 13 12
13 62 938
62 13 938
13 58 557
58 13 557
13 83 132
83 13 132
13 90 789
90 13 789
13 45 5
45 13 5
14 91 688
91 14 688
14 90 483
90 14 483
14 50 686
50 14 686
14 66 247
66 14 247
14 56 265
56 14 265
14 58 916
58 14 916
14 50 257
50 14 257
14 24 888
24 14 888
14 59 577
59 14 577
14 60 778
60 14 778
14 42 407
42 14 407
14 72 793
72 14 793
14 90 405
90 14 405
14 38 817
38 14 817
14 15 496
15 14 496
14 93 406
93 14 406
14 58 339
58 14 339
14 92 405
92 14 405
15 28 923
28 15 923
15 67 220
67 15 220
15 43 655
43 15 655
15 39 717
39 15 717
15 61 23
61 15 23
15 68 448
68 15 448
15 90 962
90 15 962
15 29 657
29 15 657
15 42 892
42 15 892
15 18 548
18 15 548
15 16 829
16 15 829
16 24 80
24 16 80
16 41 144
41 16 144
16 42 787
42 16 787
16 45 118
45 16 118
16 89 625
89 16 625
16 91 60
91 16 60
16 29 170
29 16 170
16 65 537
65 16 537
16 50 746
50 16 746
16 54 820
54 16 820
16 86 247
86 16 247
16 65 374
65 16 374
16 82 813
82 16 813
16 94 679
94 16 679
16 25 780
25 16 780
16 90 699
90 16 699
16 31 738
31 16 738
17 29 919
29 17 919
17 49 584
49 17 584
17 90 153
90 17 153
17 53 571
53 17 571
17 21 980
21 17 980
17 52 51
52 17 51
17 26 417
26 17 417
17 36 351
36 17 351
17 59 625
59 17 625
17 78 589
78 17 589
17 60 91
60 17 91
17 84 63
84 17 63
17 60 792
60 17 792
17 24 27
24 17 27
17 43 20
43 17 20
17 58 550
58 17 550
17 52 671
52 17 671
17 27 396
27 17 396
18 55 555
55 18 555
18 54 114
54 18 114
18 54 743
54 18 743
18 79 625
79 18 625
18 67 890
67 18 890
18 60 816
60 18 816
18 50 741
50 18 741
18 90 595
90 18 595
19 70 278
70 19 278
19 50 384
50 19 384
19 26 840
26 19 840
19 72 411
72 19 411
19 52 51
52 19 51
19 42 392
42 19 392
19 41 887
41 19 887
19 36 869
36 19 869
20 71 696
71 20 696
20 41 671
41 20 671
20 72 194
72 20 194
20 26 883
26 20 883
20 62 5
62 20 5
20 51 324
51 20 324
20 56 464
56 20 464
20 80 166
80 20 166
21 54 181
54 21 181
21 54 696
54 21 696
21 34 364
34 21 364
21 81 932
81 21 932
21 73 978
73 21 978
21 83 896
83 21 896
21 75 956
75 21 956
21 91 262
91 21 262
21 34 662
34 21 662
21 86 34
86 21 34
21 63 648
63 21 648
22 23 5
23 22 5
22 32 249
32 22 249
22 47 377
47 22 377
22 90 238
90 22 238
22 73 964
73 22 964
22 28 577
28 22 577
22 92 595
92 22 595
22 95 717
95 22 717
22 73 787
73 22 787
22 89 566
89 22 566
22 94 577
94 22 577
22 58 570
58 22 570
22 69 598
69 22 598
23 26 726
26 23 726
23 44 853
44 23 853
23 52 917
52 23 917
23 68 938
68 23 938
23 94 64
94 23 64
23 56 44
56 23 44
23 31 411
31 23 411
23 86 179
86 23 179
23 36 368
36 23 368
23 33 776
33 23 776
23 89 958
89 23 958
23 46 351
46 23 351
23 33 77
33 23 77
24 28 52
28 24 52
24 94 292
94 24 292
24 93 870
93 24 870
24 91 372
91 24 372
24 32 916
32 24 916
24 33 170
33 24 170
24 87 92
87 24 92
24 75 667
75 24 667
24 47 816
47 24 816
24 87 463
87 24 463
24 91 944
91 24 944
24 88 619
88 24 619
25 46 459
46 25 459
25 81 53
81 25 53
25 39 47
39 25 47
25 83 810
83 25 810
25 45 376
45 25 376
25 76 945
76 25 945
25 47 845
47 25 845
25 33 729
33 25 729
25 55 959
55 25 959
25 66 38
66 25 38
25 60 170
60 25 170
25 66 347
66 25 347
26 33 935
33 26 935
26 37 881
37 26 881
26 74 617
74 26 617
26 63 987
63 26 987
26 88 895
88 26 895
26 83 293
83 26 293
26 54 842
54 26 842
26 66 737
66 26 737
26 91 102
91 26 102
26 89 500
89 26 500
26 89 246
89 26 246
26 59 778
59 26 778
26 70 207
70 26 207
26 49 346
49 26 346
26 89 111
89 26 111
26 55 422
55 26 422
26 68 254
68 26 254
27 50 67
50 27 67
27 89 542
89 27 542
27 91 228
91 27 228
27 45 243
45 27 243
27 85 237
85 27 237
27 38 939
38 27 939
27 62 127
62 27 127
27 57 693
57 27 693
27 95 614
95 27 614
28 49 42
49 28 42
28 50 368
50 28 368
28 42 797
42 28 797
28 57 730
57 28 730
28 78 947
78 28 947
28 49 376
49 28 376
28 63 274
63 28 274
28 62 848
62 28 848
28 52 920
52 28 920
28 37 240
37 28 240
28 55 447
55 28 447
28 35 125
35 28 125
28 95 374
95 28 374
28 36 900
36 28 900
28 85 967
85 28 967
28 52 64
52 28 64
29 30 137
30 29 137
29 40 956
40 29 956
29 57 861
57 29 861
29 48 550
48 29 550
29 51 476
51 29 476
29 88 335
88 29 335
29 69 441
69 29 441
29 64 281
64 29 281
29 33 412
33 29 412
29 90 153
90 29 153
30 58 60
58 30 60
30 63 754
63 30 754
30 91 945
91 30 945
30 37 835
37 30 835
30 63 843
63 30 843
30 67 41
67 30 41
30 76 822
76 30 822
30 61 644
61 30 644
30 85 497
85 30 497
30 66 333
66 30 333
30 39 184
39 30 184
30 72 663
72 30 663
30 54 131
54 30 131
31 37 194
37 31 194
31 39 518
39 31 518
31 38 196
38 31 196
31 82 952
82 31 952
31 52 14
52 31 14
31 37 366
37 31 366
31 50 742
50 31 742
31 89 414
89 31 414
31 54 278
54 31 278
32 38 270
38 32 270
32 68 507
68 32 507
32 49 440
49 32 440
32 79 430
79 32 430
32 49 473
49 32 473
32 61 36
61 32 36
32 74 965
74 32 965
33 77 11
77 33 11
33 92 636
92 33 636
33 47 508
47 33 508
33 59 467
59 33 467
33 52 981
52 33 981
33 45 810
45 33 810
33 46 677
46 33 677
33 72 317
72 33 317
33 35 239
35 33 239
33 92 308
92 33 308
34 53 498
53 34 498
34 64 279
64 34 279
34 84 230
84 34 230
34 35 882
35 34 882
34 73 52
73 34 52
34 61 432
61 34 432
34 71 636
71 34 636
34 46 75
46 34 75
34 68 929
68 34 929
34 54 36
54 34 36
34 37 75
37 34 75
34 71 993
71 34 993
34 58 235
58 34 235
34 71 159
71 34 159
34 60 168
60 34 168
34 89 876
89 34 876
34 67 464
67 34 464
35 43 508
43 35 508
35 79 877
79 35 877
35 91 724
91 35 724
35 94 630
94 35 630
35 66 677
66 35 677
35 39 228
39 35 228
35 37 524
37 35 524
35 64 382
64 35 382
35 55 866
55 35 866
36 94 382
94 36 382
36 50 202
50 36 202
36 69 858
69 36 858
36 52 794
52 36 794
36 67 391
67 36 391
36 47 955
47 36 955
36 36 972
36 36 972
36 64 211
64 36 211
36 43 744
43 36 744
36 73 232
73 36 232
37 38 572
38 37 572
37 77 99
77 37 99
37 94 856
94 37 856
37 61 487
61 37 487
37 52 783
52 37 783
37 74 149
74 37 149
37 79 526
79 37 526
37 76 48
76 37 48
37 52 890
52 37 890
37 42 284
42 37 284
37 91 957
91 37 957
37 50 971
50 37 971
38 47 316
47 38 316
38 64 170
64 38 170
38 75 701
75 38 701
38 95 708
95 38 708
38 63 285
63 38 285
38 49 870
49 38 870
38 65 82
65 38 82
38 79 246
79 38 246
39 85 718
85 39 718
39 45 230
45 39 230
39 83 448
83 39 448
39 87 337
87 39 337
39 47 842
47 39 842
39 86 713
86 39 713
39 40 279
40 39 279
39 68 324
68 39 324
39 76 760
76 39 760
40 60 938
60 40 938
40 64 216
64 40 216
40 62 822
62 40 822
40 76 793
76 40 793
40 80 1
80 40 1
40 54 958
54 40 958
40 47 847
47 40 847
40 82 622
82 40 622
40 66 815
66 40 815
40 78 228
78 40 228
41 87 272
87 41 272
41 59 394
59 41 394
41 71 542
71 41 542
41 46 772
46 41 772
41 57 687
57 41 687
41 45 669
45 41 669
41 92 731
92 41 731
41 43 142
43 41 142
41 53 828
53 41 828
41 79 835
79 41 835
41 61 868
61 41 868
41 95 885
95 41 885
41 83 687
83 41 687
41 68 54
68 41 54
42 52 57
52 42 57
42 76 515
76 42 515
42 58 155
58 42 155
42 70 859
70 42 859
42 87 127
87 42 127
43 83 884
83 43 884
43 57 899
57 43 899
43 80 792
80 43 792
43 60 34
60 43 34
43 73 759
73 43 759
43 83 884
83 43 884
44 66 84
66 44 84
44 79 863
79 44 863
44 54 740
54 44 740
44 57 930
57 44 930
44 68 43
68 44 43
44 46 574
46 44 574
44 55 535
55 44 535
44 56 136
56 44 136
44 53 188
53 44 188
44 65 645
65 44 645
45 69 456
69 45 456
45 78 12
78 45 12
45 90 174
90 45 174
45 67 598
67 45 598
45 51 502
51 45 502
45 53 941
53 45 941
45 47 26
47 45 26
45 94 867
94 45 867
45 80 624
80 45 624
45 77 77
77 45 77
46 68 298
68 46 298
46 71 543
71 46 543
46 70 947
70 46 947
46 81 263
81 46 263
46 61 172
61 46 172
47 92 259
92 47 259
47 94 199
94 47 199
47 74 806
74 47 806
47 74 988
74 47 988
47 60 535
60 47 535
47 57 104
57 47 104
47 61 38
61 47 38
47 77 34
77 47 34
47 76 992
76 47 992
48 78 341
78 48 341
48 69 971
69 48 971
48 89 687
89 48 687
48 73 871
73 48 871
48 93 497
93 48 497
48 56 721
56 48 721
48 51 689
51 48 689
49 65 540
65 49 540
49 73 213
73 49 213
49 75 191
75 49 191
49 87 137
87 49 137
49 66 656
66 49 656
49 55 203
55 49 203
49 71 863
71 49 863
50 75 10
75 50 10
50 87 253
87 50 253
50 85 278
85 50 278
50 69 533
69 50 533
50 80 961
80 50 961
50 83 29
83 50 29
51 78 813
78 51 813
51 54 523
54 51 523
51 88 688
88 51 688
51 76 238
76 51 238
52 69 46
69 52 46
52 91 11
91 52 11
52 82 256
82 52 256
52 53 802
53 52 802
52 88 565
88 52 565
52 58 514
58 52 514
53 59 371
59 53 371
53 75 109
75 53 109
53 93 310
93 53 310
53 61 564
61 53 564
54 67 945
67 54 945
54 70 714
70 54 714
54 82 796
82 54 796
54 66 119
66 54 119
54 58 793
58 54 793
54 89 457
89 54 457
55 94 447
94 55 447
55 71 69
71 55 69
55 61 476
61 55 476
56 60 183
60 56 183
56 87 747
87 56 747
56 94 15
94 56 15
56 92 624
92 56 624
56 75 394
75 56 394
56 75 844
75 56 844
56 85 637
85 56 637
56 65 280
65 56 280
56 90 248
90 56 248
57 62 976
62 57 976
57 83 406
83 57 406
57 80 132
80 57 132
57 88 89
88 57 89
57 85 686
85 57 686
57 75 252
75 57 252
58 92 111
92 58 111
58 68 586
68 58 586
58 83 827
83 58 827
58 86 197
86 58 197
58 90 770
90 58 770
58 87 628
87 58 628
58 79 630
79 58 630
58 76 576
76 58 576
58 91 705
91 58 705
58 65 215
65 58 215
58 89 806
89 58 806
59 80 139
80 59 139
59 88 4
88 59 4
59 66 306
66 59 306
59 85 589
85 59 589
59 87 598
87 59 598
60 72 218
72 60 218
60 65 87
65 60 87
60 86 479
86 60 479
60 74 997
74 60 997
60 64 106
64 60 106
60 77 26
77 60 26
60 78 239
78 60 239
61 78 905
78 61 905
61 82 759
82 61 759
61 77 501
77 61 501
61 94 702
94 61 702
61 95 429
95 61 429
61 74 942
74 61 942
61 89 253
89 61 253
61 88 431
88 61 431
61 76 868
76 61 868
61 89 717
89 61 717
61 78 493
78 61 493
62 63 336
63 62 336
62 74 164
74 62 164
62 70 503
70 62 503
62 82 520
82 62 520
63 93 744
93 63 744
63 91 464
91 63 464
63 64 974
64 63 974
63 79 515
79 63 515
63 83 122
83 63 122
63 80 602
80 63 602
63 74 269
74 63 269
64 87 652
87 64 652
64 84 408
84 64 408
64 86 729
86 64 729
64 89 937
89 64 937
64 64 436
64 64 436
64 95 9
95 64 9
64 95 197
95 64 197
64 66 659
66 64 659
65 92 555
92 65 555
65 91 318
91 65 318
65 93 155
93 65 155
66 74 645
74 66 645
66 83 962
83 66 962
67 91 346
91 67 346
67 80 440
80 67 440
68 87 398
87 68 398
68 78 744
78 68 744
68 89 315
89 68 315
68 72 610
72 68 610
68 88 454
88 68 454
69 76 331
76 69 331
69 72 467
72 69 467
70 85 147
85 70 147
70 82 952
82 70 952
71 91 40
91 71 40
71 74 472
74 71 472
71 76 714
76 71 714
71 85 318
85 71 318
72 79 502
79 72 502
72 94 290
94 72 290
73 75 318
75 73 318
73 92 214
92 73 214
73 76 362
76 73 362
73 93 44
93 73 44
73 93 880
93 73 880
73 87 176
87 73 176
74 86 393
86 74 393
74 80 913
80 74 913
74 89 36
89 74 36
74 75 534
75 74 534
74 87 568
87 74 568
74 80 255
80 74 255
75 81 894
81 75 894
75 75 832
75 75 832
75 84 94
84 75 94
75 77 969
77 75 969
75 93 775
93 75 775
76 82 175
82 76 175
76 87 605
87 76 605
76 84 476
84 76 476
77 94 173
94 77 173
77 91 874
91 77 874
77 88 787
88 77 787
78 82 239
82 78 239
78 85 268
85 78 268
78 88 500
88 78 500
78 83 454
83 78 454
78 94 355
94 78 355
79 86 504
86 79 504
79 90 685
90 79 685
79 93 516
93 79 516
79 92 1000
92 79 1000
79 89 694
89 79 694
79 86 919
86 79 919
79 88 820
88 79 820
79 79 553
79 79 553
80 87 50
87 80 50
80 93 412
93 80 412
80 85 555
85 80 555
80 91 100
91 80 100
80 92 923
92 80 923
80 83 666
83 80 666
81 86 944
86 81 944
81 84 72
84 81 72
81 89 520
89 81 520
82 93 677
93 82 677
83 87 705
87 83 705
85 86 172
86 85 172
85 85 673
85 85 673
86 87 902
87 86 902
87 92 357
92 87 357
89 94 869
94 89 869
92 94 211
94 92 211
93 94 680
94 93 680
