35

0 1 294
1 0 294
0 2 453
2 0 453
0 3 577
3 0 577
0 4 779
4 0 779
0 7 267
7 0 267
0 15 231
15 0 231
0 3 529
3 0 529
0 13 478
13 0 478
0 17 210
17 0 210
0 30 267
30 0 267
0 17 965
17 0 965
0 20 812
20 0 812
1 5 352
5 1 352
1 8 925
8 1 925
1 6 765
6 1 765
1 21 11
21 1 11
2 11 713
11 2 713
2 27 779
27 2 779
2 6 69
6 2 69
2 7 733
7 2 733
2 20 837
20 2 837
2 22 217
22 2 217
2 33 812
33 2 812
2 7 569
7 2 569
3 10 623
10 3 623
3 12 829
12 3 829
3 22 928
22 3 928
3 8 729
8 3 729
3 14 734
14 3 734
4 24 818
24 4 818
4 25 95
25 4 95
4 30 695
30 4 695
4 31 725
31 4 725
4 7 186
7 4 186
4 22 7
22 4 7
4 18 219
18 4 219
4 26 741
26 4 741
4 6 316
6 4 316
5 6 363
6 5 363
6 8 737
8 6 737
6 18 390
18 6 390
6 16 278
16 6 278
6 33 320
33 6 320
7 19 292
19 7 292
7 17 383
17 7 383
7 23 926
23 7 926
7 33 276
33 7 276
7 16 42
16 7 42
8 9 382
9 8 382
8 27 550
27 8 550
8 31 455
31 8 455
8 16 177
16 8 177
9 14 649
14 9 649
9 19 732
19 9 732
9 13 635
13 9 635
9 32 572
32 9 572
9 34 442
34 9 442
10 13 175
13 10 175
10 16 928
16 10 928
11 17 941
17 11 941
11 22 419
22 11 419
11 20 7
20 11 7
12 17 287
17 12 287
12 18 667
18 12 667
12 26 717
26 12 717
12 34 426
34 12 426
12 27 210
27 12 210
12 27 519
27 12 519
12 17 456
17 12 456
13 21 143
21 13 143
13 33 53
33 13 53
13 20 966
20 13 966
14 27 418
27 14 418
14 26 826
26 14 826
14 21 358
21 14 358
14 19 719
19 14 719
14 16 698
16 14 698
14 32 44
32 14 44
15 24 976
24 15 976
15 19 331
19 15 331
15 18 192
18 15 192
16 25 270
25 16 270
16 31 102
31 16 102
16 19 635
19 16 635
17 23 619
23 17 619
17 32 764
32 17 764
18 29 279
29 18 279
18 32 319
32 18 319
19 20 126
20 19 126
19 29 731
29 19 731
19 24 389
24 19 389
19 27 524
27 19 524
20 26 440
26 20 440
21 23 602
23 21 602
21 29 154
29 21 154
21 29 120
29 21 120
22 28 865
28 22 865
22 34 43
34 22 43
23 31 865
31 23 865
23 28 274
28 23 274
24 29 102
29 24 102
24 28 370
28 24 370
26 32 437
32 26 437
26 32 362
32 26 362
27 30 830
30 27 830
28 34 57
34 28 57
31 31 56
31 31 56
