20

0 1 278
1 0 278
0 3 981
3 0 981
0 5 873
5 0 873
0 11 297
11 0 297
1 2 463
2 1 463
1 6 342
6 1 342
1 15 599
15 1 599
1 3 545
3 1 545
1 18 743
18 1 743
2 4 906
4 2 906
2 9 110
9 2 110
3 10 34
10 3 34
5 7 304
7 5 304
5 8 825
8 5 825
5 18 830
18 5 830
5 8 534
8 5 534
6 14 879
14 6 879
9 16 849
16 9 849
10 13 601
13 10 601
11 12 419
12 11 419
13 17 307
17 13 307
18 19 986
19 18 986
