93

0 1 549
1 0 549
0 14 814
14 0 814
0 22 555
22 0 555
0 17 160
17 0 160
0 81 102
81 0 102
0 83 205
83 0 205
0 21 962
21 0 962
0 10 37
10 0 37
0 63 937
63 0 937
0 58 398
58 0 398
0 7 495
7 0 495
0 88 67
88 0 67
0 13 543
13 0 543
0 59 583
59 0 583
0 72 451
72 0 451
0 39 145
39 0 145
0 72 811
72 0 811
0 27 171
27 0 171
0 35 312
35 0 312
0 49 985
49 0 985
0 28 717
28 0 717
0 52 618
52 0 618
0 34 209
34 0 209
1 2 555
2 1 555
1 7 26
7 1 26
1 15 243
15 1 243
1 45 670
45 1 670
1 47 564
47 1 564
1 11 911
11 1 911
1 49 555
49 1 555
1 40 853
40 1 853
1 63 324
63 1 324
1 43 326
43 1 326
1 92 784
92 1 784
1 83 271
83 1 271
1 76 602
76 1 602
1 38 166
38 1 166
1 8 179
8 1 179
1 32 114
32 1 114
1 79 896
79 1 896
1 49 971
49 1 971
1 85 482
85 1 482
1 65 634
65 1 634
1 57 468
57 1 468
2 3 139
3 2 139
2 20 373
20 2 373
2 30 901
30 2 901
2 31 754
31 2 754
2 52 491
52 2 491
2 80 837
80 2 837
2 59 805
59 2 805
2 84 619
84 2 619
2 51 566
51 2 566
2 61 403
61 2 403
2 66 657
66 2 657
2 20 465
20 2 465
2 30 484
30 2 484
2 60 749
60 2 749
2 7 57
7 2 57
2 25 492
25 2 492
2 86 331
86 2 331
2 6 515
6 2 515
2 9 547
9 2 547
2 74 411
74 2 411
2 47 507
47 2 507
2 56 504
56 2 504
3 4 490
4 3 490
3 6 921
6 3 921
3 42 885
42 3 885
3 18 170
18 3 170
3 37 669
37 3 669
3 21 308
21 3 308
3 88 599
88 3 599
3 32 641
32 3 641
3 39 833
39 3 833
3 91 856
91 3 856
3 40 434
40 3 434
3 85 573
85 3 573
3 21 855
21 3 855
3 50 667
50 3 667
4 5 491
5 4 491
4 24 226
24 4 226
4 73 478
73 4 478
4 25 559
25 4 559
4 71 506
71 4 506
4 42 527
42 4 527
4 78 881
78 4 881
4 4 422
4 4 422
4 70 122
70 4 122
4 61 25
61 4 25
4 49 488
49 4 488
4 39 936
39 4 936
4 80 625
80 4 625
4 72 527
72 4 527
4 75 858
75 4 858
4 40 8
40 4 8
4 32 197
32 4 197
5 8 148
8 5 148
5 10 532
10 5 532
5 11 656
11 5 656
5 17 577
17 5 577
5 19 744
19 5 744
5 25 556
25 5 556
5 27 140
27 5 140
5 37 800
37 5 800
5 66 820
66 5 820
5 54 839
54 5 839
5 50 85
50 5 85
5 76 434
76 5 434
5 58 674
58 5 674
5 91 308
91 5 308
5 65 881
65 5 881
5 90 663
90 5 663
5 48 27
48 5 27
6 87 816
87 6 816
6 62 145
62 6 145
6 35 91
35 6 91
6 17 853
17 6 853
6 52 504
52 6 504
6 23 927
23 6 927
6 89 480
89 6 480
6 38 349
38 6 349
6 35 30
35 6 30
6 43 541
43 6 541
6 92 504
92 6 504
6 14 473
14 6 473
6 62 371
62 6 371
6 12 953
12 6 953
6 83 303
83 6 303
6 56 869
56 6 869
6 89 774
89 6 774
6 85 522
85 6 522
7 9 342
9 7 342
7 12 518
12 7 518
7 28 4
28 7 4
7 64 626
64 7 626
7 65 508
65 7 508
7 15 916
15 7 916
7 26 370
26 7 370
7 76 179
76 7 179
7 91 396
91 7 396
7 83 978
83 7 978
7 69 422
69 7 422
7 71 462
71 7 462
7 18 271
18 7 271
7 66 62
66 7 62
7 62 733
62 7 733
7 7 233
7 7 233
7 91 404
91 7 404
7 27 124
27 7 124
7 92 932
92 7 932
7 71 999
71 7 999
8 25 397
25 8 397
8 39 933
39 8 933
8 78 526
78 8 526
8 92 210
92 8 210
8 42 926
42 8 926
8 90 208
90 8 208
8 53 550
53 8 550
8 76 418
76 8 418
8 68 999
68 8 999
8 73 680
73 8 680
8 22 8
22 8 8
8 17 67
17 8 67
9 13 357
13 9 357
9 39 705
39 9 705
9 41 9
41 9 9
9 60 244
60 9 244
9 86 544
86 9 544
9 87 676
87 9 676
9 28 352
28 9 352
9 72 679
72 9 679
9 47 799
47 9 799
9 84 383
84 9 383
9 59 886
59 9 886
9 53 492
53 9 492
9 20 599
20 9 599
9 54 908
54 9 908
9 87 45
87 9 45
9 15 127
15 9 127
9 39 506
39 9 506
9 62 738
62 9 738
9 41 805
41 9 805
10 28 978
28 10 978
10 67 684
67 10 684
10 10 225
10 10 225
10 29 105
29 10 105
10 41 710
41 10 710
10 43 515
43 10 515
10 29 532
29 10 532
10 50 582
50 10 582
10 17 478
17 10 478
10 54 651
54 10 651
10 65 789
65 10 789
10 18 296
18 10 296
10 14 233
14 10 233
10 20 911
20 10 911
10 88 481
88 10 481
10 92 767
92 10 767
10 45 100
45 10 100
11 63 871
63 11 871
11 25 35
25 11 35
11 27 22
27 11 22
11 72 985
72 11 985
11 19 694
19 11 694
11 26 461
26 11 461
11 66 917
66 11 917
11 39 607
39 11 607
11 61 975
61 11 975
11 53 843
53 11 843
11 68 726
68 11 726
11 17 223
17 11 223
11 92 373
92 11 373
11 31 607
31 11 607
11 87 378
87 11 378
11 62 7
62 11 7
11 13 771
13 11 771
11 72 428
72 11 428
11 45 902
45 11 902
11 58 614
58 11 614
11 27 561
27 11 561
11 17 249
17 11 249
11 46 126
46 11 126
12 14 452
14 12 452
12 52 200
52 12 200
12 70 327
70 12 327
12 24 919
24 12 919
12 33 384
33 12 384
12 36 925
36 12 925
12 71 672
71 12 672
12 58 636
58 12 636
12 64 40
64 12 40
12 81 313
81 12 313
12 62 908
62 12 908
12 19 748
19 12 748
12 48 649
48 12 649
12 15 894
15 12 894
12 73 429
73 12 429
12 70 813
70 12 813
12 55 97
55 12 97
12 22 741
22 12 741
13 16 145
16 13 145
13 44 346
44 13 346
13 34 624
34 13 624
13 52 190
52 13 190
13 49 587
49 13 587
13 33 744
33 13 744
13 51 986
51 13 986
13 46 376
46 13 376
13 70 867
70 13 867
13 18 601
18 13 601
13 53 938
53 13 938
14 50 808
50 14 808
14 79 88
79 14 88
14 25 469
25 14 469
14 15 598
15 14 598
14 60 705
60 14 705
14 19 265
19 14 265
14 78 235
78 14 235
14 40 337
40 14 337
14 78 121
78 14 121
14 40 895
40 14 895
14 52 371
52 14 371
14 32 583
32 14 583
14 82 228
82 14 228
14 59 76
59 14 76
15 18 96
18 15 96
15 56 888
56 15 888
15 46 871
46 15 871
15 47 293
47 15 293
15 81 965
81 15 965
15 46 313
46 15 313
15 20 752
20 15 752
15 21 657
21 15 657
15 91 77
91 15 77
15 51 575
51 15 575
16 23 147
23 16 147
16 29 634
29 16 634
16 32 432
32 16 432
16 34 209
34 16 209
16 35 34
35 16 34
16 36 821
36 16 821
16 42 236
42 16 236
16 32 477
32 16 477
16 29 913
29 16 913
16 50 685
50 16 685
16 25 855
25 16 855
17 84 954
84 17 954
17 30 363
30 17 363
17 56 235
56 17 235
17 34 338
34 17 338
17 81 648
81 17 648
17 49 509
49 17 509
17 91 116
91 17 116
18 26 428
26 18 428
18 40 305
40 18 305
18 42 977
42 18 977
18 43 868
43 18 868
18 53 824
53 18 824
18 65 776
65 18 776
18 76 130
76 18 130
18 75 421
75 18 421
18 43 947
43 18 947
18 52 41
52 18 41
18 20 50
20 18 50
19 38 509
38 19 509
19 69 47
69 19 47
19 33 597
33 19 597
19 67 553
67 19 553
19 68 509
68 19 509
19 56 139
56 19 139
19 29 104
29 19 104
19 91 939
91 19 939
19 54 846
54 19 846
19 22 440
22 19 440
19 20 342
20 19 342
19 45 831
45 19 831
20 21 243
21 20 243
20 24 541
24 20 541
20 80 765
80 20 765
20 86 207
86 20 207
20 81 365
81 20 365
20 34 452
34 20 452
20 55 294
55 20 294
20 85 589
85 20 589
21 70 425
70 21 425
21 56 114
56 21 114
21 56 96
56 21 96
21 85 975
85 21 975
21 54 413
54 21 413
21 35 565
35 21 565
21 37 481
37 21 481
21 62 54
62 21 54
21 58 153
58 21 153
21 52 874
52 21 874
21 42 604
42 21 604
21 80 133
80 21 133
21 26 402
26 21 402
21 77 277
77 21 277
21 47 569
47 21 569
21 26 3
26 21 3
21 23 657
23 21 657
22 72 317
72 22 317
22 74 337
74 22 337
22 70 300
70 22 300
22 89 986
89 22 986
22 53 704
53 22 704
22 41 70
41 22 70
22 29 54
29 22 54
22 83 196
83 22 196
22 56 969
56 22 969
22 65 191
65 22 191
22 68 302
68 22 302
22 45 178
45 22 178
22 39 62
39 22 62
22 91 212
91 22 212
22 53 69
53 22 69
22 50 7
50 22 7
22 52 692
52 22 692
22 64 652
64 22 652
22 46 204
46 22 204
22 51 554
51 22 554
23 69 102
69 23 102
23 36 843
36 23 843
23 66 933
66 23 933
23 28 295
28 23 295
23 83 6
83 23 6
23 59 347
59 23 347
23 92 85
92 23 85
23 91 862
91 23 862
23 77 876
77 23 876
23 30 148
30 23 148
23 70 382
70 23 382
23 63 637
63 23 637
24 38 508
38 24 508
24 68 510
68 24 510
24 91 29
91 24 29
24 69 985
69 24 985
24 78 842
78 24 842
24 87 102
87 24 102
24 68 793
68 24 793
24 27 717
27 24 717
24 30 775
30 24 775
24 28 377
28 24 377
24 49 277
49 24 277
24 40 34
40 24 34
24 45 334
45 24 334
24 51 303
51 24 303
25 33 835
33 25 835
25 25 3
25 25 3
25 84 32
84 25 32
25 84 850
84 25 850
25 91 43
91 25 43
25 63 604
63 25 604
25 36 672
36 25 672
25 76 712
76 25 712
25 79 526
79 25 526
25 92 755
92 25 755
25 30 852
30 25 852
25 77 996
77 25 996
26 64 504
64 26 504
26 81 466
81 26 466
26 26 16
26 26 16
26 92 688
92 26 688
26 42 701
42 26 701
26 29 975
29 26 975
26 74 455
74 26 455
26 71 199
71 26 199
26 82 283
82 26 283
26 81 761
81 26 761
26 48 953
48 26 953
26 53 835
53 26 835
26 60 279
60 26 279
26 70 275
70 26 275
26 89 316
89 26 316
26 41 497
41 26 497
26 28 387
28 26 387
27 89 125
89 27 125
27 79 908
79 27 908
27 72 458
72 27 458
27 39 916
39 27 916
27 40 107
40 27 107
27 32 483
32 27 483
27 63 389
63 27 389
27 28 629
28 27 629
27 70 759
70 27 759
27 73 902
73 27 902
27 87 743
87 27 743
27 84 900
84 27 900
27 62 424
62 27 424
27 59 762
59 27 762
27 50 990
50 27 990
27 63 609
63 27 609
27 57 349
57 27 349
27 92 579
92 27 579
28 60 46
60 28 46
28 29 687
29 28 687
28 50 523
50 28 523
28 78 577
78 28 577
28 45 428
45 28 428
28 60 46
60 28 46
28 72 569
72 28 569
29 48 432
48 29 432
29 63 145
63 29 145
29 33 635
33 29 635
29 89 479
89 29 479
29 37 585
37 29 585
29 29 710
29 29 710
29 73 966
73 29 966
29 60 756
60 29 756
29 84 920
84 29 920
29 37 699
37 29 699
29 47 720
47 29 720
29 31 376
31 29 376
30 57 491
57 30 491
30 65 37
65 30 37
30 71 844
71 30 844
30 86 512
86 30 512
30 69 705
69 30 705
30 55 442
55 30 442
30 89 588
89 30 588
30 63 296
63 30 296
30 72 361
72 30 361
30 38 933
38 30 933
30 43 686
43 30 686
30 84 881
84 30 881
30 62 469
62 30 469
30 54 262
54 30 262
30 47 856
47 30 856
31 58 816
58 31 816
31 62 636
62 31 636
31 39 402
39 31 402
31 49 466
49 31 466
31 78 612
78 31 612
31 65 290
65 31 290
31 70 558
70 31 558
31 84 575
84 31 575
31 56 235
56 31 235
32 89 785
89 32 785
32 48 28
48 32 28
32 91 687
91 32 687
32 82 449
82 32 449
32 47 123
47 32 123
32 71 44
71 32 44
32 56 47
56 32 47
32 54 630
54 32 630
32 33 594
33 32 594
32 44 104
44 32 104
32 62 438
62 32 438
33 46 593
46 33 593
33 47 149
47 33 149
33 61 314
61 33 314
33 60 503
60 33 503
33 35 631
35 33 631
33 82 324
82 33 324
33 33 250
33 33 250
33 72 669
72 33 669
33 33 901
33 33 901
33 48 332
48 33 332
33 66 198
66 33 198
33 68 721
68 33 721
33 46 465
46 33 465
33 79 187
79 33 187
33 59 482
59 33 482
33 33 686
33 33 686
33 84 776
84 33 776
33 52 173
52 33 173
33 50 464
50 33 464
34 56 924
56 34 924
34 69 958
69 34 958
34 42 515
42 34 515
34 56 560
56 34 560
34 70 1000
70 34 1000
34 90 141
90 34 141
34 91 694
91 34 694
34 89 646
89 34 646
34 39 228
39 34 228
34 60 859
60 34 859
34 60 255
60 34 255
34 71 625
71 34 625
34 87 793
87 34 793
35 74 889
74 35 889
35 78 943
78 35 943
35 54 565
54 35 565
35 55 625
55 35 625
35 57 803
57 35 803
35 90 288
90 35 288
35 50 720
50 35 720
35 83 409
83 35 409
35 81 940
81 35 940
35 66 151
66 35 151
35 50 227
50 35 227
35 45 681
45 35 681
35 43 751
43 35 751
35 56 722
56 35 722
35 46 760
46 35 760
35 67 313
67 35 313
35 72 462
72 35 462
35 65 554
65 35 554
36 90 644
90 36 644
36 44 742
44 36 742
36 47 909
47 36 909
36 73 769
73 36 769
36 64 869
64 36 869
36 66 693
66 36 693
36 71 766
71 36 766
36 71 136
71 36 136
36 72 860
72 36 860
36 62 112
62 36 112
36 74 498
74 36 498
37 61 801
61 37 801
37 53 449
53 37 449
37 91 790
91 37 790
37 49 674
49 37 674
37 61 365
61 37 365
37 52 919
52 37 919
37 78 792
78 37 792
37 44 643
44 37 643
38 50 133
50 38 133
38 63 81
63 38 81
38 90 24
90 38 24
38 59 65
59 38 65
38 50 394
50 38 394
38 92 900
92 38 900
38 42 4
42 38 4
38 85 534
85 38 534
38 45 148
45 38 148
39 54 468
54 39 468
39 77 73
77 39 73
39 46 425
46 39 425
39 59 197
59 39 197
39 56 454
56 39 454
39 72 660
72 39 660
39 91 157
91 39 157
39 88 789
88 39 789
39 52 99
52 39 99
39 80 659
80 39 659
39 64 89
64 39 89
39 41 927
41 39 927
39 66 340
66 39 340
40 45 298
45 40 298
40 59 341
59 40 341
40 41 46
41 40 46
40 43 741
43 40 741
40 72 192
72 40 192
40 67 110
67 40 110
41 55 708
55 41 708
41 66 731
66 41 731
41 71 700
71 41 700
41 68 12
68 41 12
41 75 698
75 41 698
41 48 812
48 41 812
41 85 175
85 41 175
41 83 545
83 41 545
41 69 109
69 41 109
41 62 171
62 41 171
41 84 625
84 41 625
42 51 607
51 42 607
42 52 668
52 42 668
42 53 882
53 42 882
42 87 387
87 42 387
42 53 427
53 42 427
42 68 150
68 42 150
42 48 53
48 42 53
42 82 335
82 42 335
42 81 861
81 42 861
42 43 847
43 42 847
42 57 616
57 42 616
43 77 314
77 43 314
43 50 478
50 43 478
43 47 166
47 43 166
43 72 492
72 43 492
43 63 355
63 43 355
44 45 701
45 44 701
44 83 302
83 44 302
44 62 106
62 44 106
44 47 610
47 44 610
44 56 43
56 44 43
44 75 905
75 44 905
44 52 907
52 44 907
44 89 52
89 44 52
44 74 319
74 44 319
44 84 687
84 44 687
45 71 422
71 45 422
45 61 961
61 45 961
45 86 934
86 45 934
45 51 563
51 45 563
45 48 485
48 45 485
45 50 232
50 45 232
46 78 920
78 46 920
46 68 754
68 46 754
46 84 255
84 46 255
46 87 836
87 46 836
46 78 710
78 46 710
46 68 541
68 46 541
46 89 202
89 46 202
46 79 961
79 46 961
46 58 758
58 46 758
47 49 416
49 47 416
47 57 578
57 47 578
47 81 678
81 47 678
47 84 52
84 47 52
47 87 84
87 47 84
47 65 848
65 47 848
47 78 51
78 47 51
47 55 698
55 47 698
47 57 136
57 47 136
47 74 447
74 47 447
47 80 92
80 47 92
48 60 530
60 48 530
48 79 217
79 48 217
48 52 983
52 48 983
48 92 453
92 48 453
48 71 121
71 48 121
48 91 215
91 48 215
48 62 340
62 48 340
48 80 895
80 48 895
48 49 949
49 48 949
48 84 541
84 48 541
48 65 981
65 48 981
48 90 560
90 48 560
49 56 583
56 49 583
49 50 5
50 49 5
49 66 687
66 49 687
49 89 512
89 49 512
49 70 485
70 49 485
49 76 651
76 49 651
49 65 699
65 49 699
49 72 909
72 49 909
49 87 672
87 49 672
49 58 722
58 49 722
50 61 620
61 50 620
50 90 726
90 50 726
50 61 894
61 50 894
50 59 182
59 50 182
50 51 499
51 50 499
51 91 805
91 51 805
51 79 224
79 51 224
51 56 490
56 51 490
51 69 439
69 51 439
51 83 606
83 51 606
51 88 782
88 51 782
51 73 80
73 51 80
51 52 173
52 51 173
52 65 827
65 52 827
52 54 537
54 52 537
52 73 162
73 52 162
52 68 14
68 52 14
52 84 166
84 52 166
52 55 531
55 52 531
52 52 984
52 52 984
52 80 424
80 52 424
53 59 133
59 53 133
53 92 326
92 53 326
53 85 349
85 53 349
53 89 148
89 53 148
53 65 372
65 53 372
53 75 653
75 53 653
54 68 641
68 54 641
54 80 480
80 54 480
54 72 521
72 54 521
54 80 291
80 54 291
54 76 62
76 54 62
54 58 539
58 54 539
54 68 174
68 54 174
55 82 113
82 55 113
55 60 951
60 55 951
55 88 307
88 55 307
55 83 199
83 55 199
55 70 580
70 55 580
56 69 544
69 56 544
56 75 28
75 56 28
56 69 870
69 56 870
56 81 783
81 56 783
56 61 477
61 56 477
56 61 877
61 56 877
56 61 66
61 56 66
56 64 884
64 56 884
56 67 358
67 56 358
56 59 323
59 56 323
56 91 259
91 56 259
57 64 884
64 57 884
57 74 23
74 57 23
57 64 481
64 57 481
57 74 952
74 57 952
57 65 903
65 57 903
57 58 190
58 57 190
57 90 585
90 57 585
57 65 17
65 57 17
57 84 158
84 57 158
57 65 526
65 57 526
57 64 134
64 57 134
58 84 79
84 58 79
58 88 535
88 58 535
58 83 237
83 58 237
58 80 653
80 58 653
58 69 96
69 58 96
58 89 364
89 58 364
59 76 461
76 59 461
59 92 684
92 59 684
59 77 575
77 59 575
59 85 354
85 59 354
59 86 675
86 59 675
60 86 793
86 60 793
60 78 532
78 60 532
60 90 514
90 60 514
60 91 447
91 60 447
60 78 24
78 60 24
61 77 432
77 61 432
61 70 497
70 61 497
62 91 290
91 62 290
62 78 472
78 62 472
62 70 92
70 62 92
62 77 573
77 62 573
62 84 620
84 62 620
62 72 278
72 62 278
62 62 918
62 62 918
62 85 22
85 62 22
63 92 262
92 63 262
63 83 588
83 63 588
63 71 187
71 63 187
63 80 704
80 63 704
63 68 475
68 63 475
63 66 335
66 63 335
64 91 891
91 64 891
64 77 343
77 64 343
64 91 466
91 64 466
64 88 239
88 64 239
65 81 513
81 65 513
65 86 711
86 65 711
65 84 40
84 65 40
65 71 824
71 65 824
65 76 25
76 65 25
66 82 786
82 66 786
66 78 482
78 66 482
66 69 471
69 66 471
66 87 817
87 66 817
66 81 331
81 66 331
67 77 242
77 67 242
67 84 524
84 67 524
67 90 337
90 67 337
67 74 259
74 67 259
68 88 940
88 68 940
68 89 666
89 68 666
68 83 822
83 68 822
68 86 912
86 68 912
68 70 821
70 68 821
69 71 323
71 69 323
69 89 847
89 69 847
69 71 543
71 69 543
69 84 433
84 69 433
70 85 618
85 70 618
70 81 446
81 70 446
70 91 88
91 70 88
71 75 911
75 71 911
71 76 993
76 71 993
71 83 172
83 71 172
71 80 583
80 71 583
71 88 744
88 71 744
71 72 254
72 71 254
71 81 907
81 71 907
71 79 563
79 71 563
71 78 696
78 71 696
71 75 379
75 71 379
72 91 791
91 72 791
72 90 189
90 72 189
72 77 589
77 72 589
73 76 328
76 73 328
74 75 826
75 74 826
74 87 407
87 74 407
74 86 94
86 74 94
75 86 813
86 75 813
75 79 973
79 75 973
75 86 34
86 75 34
76 76 852
76 76 852
77 82 819
82 77 819
77 85 833
85 77 833
77 89 908
89 77 908
77 91 149
91 77 149
77 83 487
83 77 487
77 78 251
78 77 251
77 88 129
88 77 129
77 81 267
81 77 267
77 81 255
81 77 255
78 84 494
84 78 494
78 90 839
90 78 839
78 91 282
91 78 282
79 90 626
90 79 626
79 89 51
89 79 51
79 89 858
89 79 858
79 83 35
83 79 35
80 80 848
80 80 848
80 86 3
86 80 3
80 81 715
81 80 715
80 86 328
86 80 328
80 87 455
87 80 455
81 86 362
86 81 362
81 86 519
86 81 519
81 88 249
88 81 249
81 85 571
85 81 571
81 86 276
86 81 276
82 87 93
87 82 93
82 87 58
87 82 58
82 84 997
84 82 997
83 92 806
92 83 806
83 91 790
91 83 790
84 91 915
91 84 915
85 89 871
89 85 871
85 92 261
92 85 261
87 88 830
88 87 830
87 91 634
91 87 634
88 91 10
91 88 10
88 92 829
92 88 829
90 92 819
92 90 819
