96

0 1 486
1 0 486
0 2 203
2 0 203
0 4 61
4 0 61
0 5 866
5 0 866
0 6 681
6 0 681
0 8 980
8 0 980
0 12 369
12 0 369
0 17 294
17 0 294
0 31 554
31 0 554
0 78 545
78 0 545
0 22 588
22 0 588
0 76 962
76 0 962
1 9 262
9 1 262
1 10 936
10 1 936
1 9 298
9 1 298
2 3 255
3 2 255
2 10 892
10 2 892
2 49 896
49 2 896
2 94 807
94 2 807
2 57 420
57 2 420
2 5 724
5 2 724
2 48 383
48 2 383
2 17 540
17 2 540
3 7 267
7 3 267
3 62 500
62 3 500
3 34 492
34 3 492
3 56 835
56 3 835
3 29 201
29 3 201
4 61 281
61 4 281
4 95 559
95 4 559
4 57 118
57 4 118
4 34 307
34 4 307
4 9 915
9 4 915
4 77 83
77 4 83
5 20 579
20 5 579
5 35 865
35 5 865
5 70 960
70 5 960
6 11 970
11 6 970
6 18 17
18 6 17
6 19 945
19 6 945
6 54 786
54 6 786
6 60 335
60 6 335
6 68 743
68 6 743
6 88 746
88 6 746
7 23 157
23 7 157
7 34 756
34 7 756
7 37 67
37 7 67
7 71 234
71 7 234
7 85 358
85 7 358
8 16 202
16 8 202
8 52 89
52 8 89
9 14 951
14 9 951
9 28 316
28 9 316
9 51 35
51 9 35
9 69 400
69 9 400
9 84 128
84 9 128
9 60 385
60 9 385
9 34 592
34 9 592
10 13 300
13 10 300
10 41 960
41 10 960
10 52 894
52 10 894
10 93 437
93 10 437
10 76 508
76 10 508
11 15 139
15 11 139
11 22 826
22 11 826
11 32 330
32 11 330
11 38 705
38 11 705
11 55 864
55 11 864
13 25 501
25 13 501
13 39 870
39 13 870
13 43 803
43 13 803
13 19 310
19 13 310
14 48 293
48 14 293
14 91 35
91 14 35
14 25 737
25 14 737
14 53 575
53 14 575
14 77 688
77 14 688
15 62 90
62 15 90
15 44 109
44 15 109
16 26 624
26 16 624
16 63 849
63 16 849
16 20 528
20 16 528
16 44 831
44 16 831
16 95 599
95 16 599
16 25 507
25 16 507
17 42 417
42 17 417
17 73 14
73 17 14
17 82 814
82 17 814
17 92 115
92 17 115
18 21 11
21 18 11
18 88 611
88 18 611
18 53 483
53 18 483
18 65 739
65 18 739
19 83 756
83 19 756
20 47 904
47 20 904
20 66 793
66 20 793
21 45 91
45 21 91
21 79 864
79 21 864
21 42 768
42 21 768
21 75 288
75 21 288
21 85 847
85 21 847
22 27 332
27 22 332
22 30 18
30 22 18
22 50 722
50 22 722
22 85 96
85 22 96
22 54 797
54 22 797
22 37 444
37 22 444
23 24 738
24 23 738
23 90 884
90 23 884
24 33 956
33 24 956
24 63 625
63 24 625
25 92 879
92 25 879
25 52 811
52 25 811
26 57 436
57 26 436
26 59 363
59 26 363
26 48 99
48 26 99
27 29 362
29 27 362
27 89 588
89 27 588
27 59 667
59 27 667
27 50 223
50 27 223
29 40 56
40 29 56
29 87 828
87 29 828
31 36 791
36 31 791
31 44 567
44 31 567
31 50 271
50 31 271
31 38 244
38 31 244
31 62 133
62 31 133
32 46 958
46 32 958
32 64 599
64 32 599
32 86 585
86 32 585
32 46 662
46 32 662
33 43 579
43 33 579
33 73 629
73 33 629
33 53 848
53 33 848
34 56 952
56 34 952
34 38 413
38 34 413
35 81 224
81 35 224
35 35 788
35 35 788
35 54 123
54 35 123
35 37 44
37 35 44
37 60 435
60 37 435
38 72 799
72 38 799
39 87 760
87 39 760
39 69 908
69 39 908
39 72 894
72 39 894
39 93 327
93 39 327
39 69 838
69 39 838
39 45 707
45 39 707
40 81 988
81 40 988
40 46 126
46 40 126
40 70 988
70 40 988
41 92 759
92 41 759
42 71 572
71 42 572
42 77 866
77 42 866
43 79 91
79 43 91
43 93 83
93 43 83
43 74 230
74 43 230
44 93 495
93 44 495
45 74 833
74 45 833
45 74 409
74 45 409
45 73 187
73 45 187
45 59 612
59 45 612
46 53 10
53 46 10
46 75 539
75 46 539
48 80 216
80 48 216
49 58 961
58 49 961
49 67 493
67 49 493
50 75 95
75 50 95
51 83 185
83 51 185
51 52 118
52 51 118
53 65 632
65 53 632
53 93 731
93 53 731
53 91 247
91 53 247
55 85 127
85 55 127
55 61 350
61 55 350
56 66 672
66 56 672
56 89 261
89 56 261
57 86 564
86 57 564
57 67 873
67 57 873
58 94 14
94 58 14
60 61 653
61 60 653
61 91 394
91 61 394
62 67 652
67 62 652
62 84 430
84 62 430
66 73 801
73 66 801
67 80 444
80 67 444
67 85 29
85 67 29
70 87 476
87 70 476
71 85 148
85 71 148
72 90 544
90 72 544
74 76 385
76 74 385
75 89 905
89 75 905
75 93 32
93 75 32
77 80 110
80 77 110
79 86 495
86 79 495
86 91 799
91 86 799
88 88 636
88 88 636
