90

0 1 311
1 0 311
0 3 273
3 0 273
0 15 496
15 0 496
0 36 461
36 0 461
0 22 285
22 0 285
1 2 367
2 1 367
1 5 552
5 1 552
1 61 688
61 1 688
1 79 572
79 1 572
2 8 274
8 2 274
2 29 416
29 2 416
2 68 459
68 2 459
2 51 103
51 2 103
2 63 165
63 2 165
2 13 4
13 2 4
3 4 856
4 3 856
3 7 713
7 3 713
3 83 155
83 3 155
3 39 143
39 3 143
3 55 641
55 3 641
3 59 99
59 3 99
3 44 87
44 3 87
3 8 565
8 3 565
3 88 592
88 3 592
4 22 231
22 4 231
4 12 602
12 4 602
5 6 574
6 5 574
5 10 714
10 5 714
5 31 850
31 5 850
5 12 53
12 5 53
5 34 452
34 5 452
5 50 11
50 5 11
6 19 510
19 6 510
6 43 310
43 6 310
6 73 660
73 6 660
6 51 490
51 6 490
6 38 372
38 6 372
6 48 987
48 6 987
6 8 156
8 6 156
7 9 361
9 7 361
7 16 246
16 7 246
7 17 747
17 7 747
7 25 443
25 7 443
7 37 418
37 7 418
7 40 794
40 7 794
7 40 152
40 7 152
8 12 654
12 8 654
8 13 318
13 8 318
8 14 625
14 8 625
8 18 62
18 8 62
8 30 620
30 8 620
8 44 346
44 8 346
8 46 784
46 8 784
8 85 386
85 8 386
8 74 267
74 8 267
8 81 317
81 8 317
8 47 471
47 8 471
8 27 728
27 8 728
9 41 728
41 9 728
9 85 236
85 9 236
9 41 643
41 9 643
9 65 759
65 9 759
9 69 339
69 9 339
9 77 640
77 9 640
10 11 362
11 10 362
10 53 578
53 10 578
10 83 413
83 10 413
10 22 120
22 10 120
10 36 945
36 10 945
10 17 146
17 10 146
11 56 634
56 11 634
11 59 243
59 11 243
11 60 924
60 11 924
11 42 301
42 11 301
11 42 257
42 11 257
11 81 322
81 11 322
12 33 20
33 12 20
12 47 649
47 12 649
12 57 827
57 12 827
12 18 889
18 12 889
12 32 751
32 12 751
12 54 13
54 12 13
13 54 641
54 13 641
13 52 692
52 13 692
13 22 681
22 13 681
14 20 950
20 14 950
14 26 683
26 14 683
14 27 905
27 14 905
14 51 817
51 14 817
14 53 741
53 14 741
14 71 23
71 14 23
14 50 979
50 14 979
15 52 267
52 15 267
15 76 653
76 15 653
15 81 428
81 15 428
15 33 934
33 15 934
15 34 991
34 15 991
15 80 218
80 15 218
15 39 432
39 15 432
15 32 129
32 15 129
15 53 915
53 15 915
15 32 37
32 15 37
16 70 831
70 16 831
16 76 929
76 16 929
16 67 760
67 16 760
16 33 702
33 16 702
16 69 518
69 16 518
17 24 248
24 17 248
17 52 581
52 17 581
17 18 92
18 17 92
17 25 268
25 17 268
17 37 554
37 17 554
17 43 408
43 17 408
18 77 294
77 18 294
18 88 683
88 18 683
18 43 840
43 18 840
18 70 705
70 18 705
19 36 999
36 19 999
19 38 849
38 19 849
19 31 364
31 19 364
19 58 759
58 19 759
20 21 903
21 20 903
20 28 539
28 20 539
21 23 905
23 21 905
21 65 393
65 21 393
21 32 844
32 21 844
21 81 693
81 21 693
21 26 738
26 21 738
21 26 118
26 21 118
21 66 490
66 21 490
21 56 585
56 21 585
21 50 760
50 21 760
21 56 569
56 21 569
22 45 703
45 22 703
22 27 727
27 22 727
22 78 123
78 22 123
22 56 44
56 22 44
22 30 965
30 22 965
23 63 858
63 23 858
23 41 799
41 23 799
23 24 133
24 23 133
24 47 10
47 24 10
24 40 2
40 24 2
25 28 758
28 25 758
25 55 656
55 25 656
25 54 643
54 25 643
25 74 924
74 25 924
25 63 348
63 25 348
25 78 904
78 25 904
26 34 464
34 26 464
26 35 447
35 26 447
26 87 503
87 26 503
26 41 130
41 26 130
26 89 718
89 26 718
26 64 513
64 26 513
27 84 121
84 27 121
27 61 779
61 27 779
27 45 409
45 27 409
28 49 777
49 28 777
28 81 959
81 28 959
28 80 497
80 28 497
28 41 419
41 28 419
29 39 844
39 29 844
29 48 739
48 29 739
29 77 513
77 29 513
29 89 707
89 29 707
30 32 970
32 30 970
30 57 969
57 30 969
30 47 874
47 30 874
31 42 537
42 31 537
31 69 445
69 31 445
31 37 423
37 31 423
31 47 572
47 31 572
31 60 442
60 31 442
31 78 395
78 31 395
32 33 836
33 32 836
32 48 694
48 32 694
32 88 392
88 32 392
32 35 98
35 32 98
33 44 840
44 33 840
33 71 76
71 33 76
33 87 20
87 33 20
34 72 5
72 34 5
34 78 825
78 34 825
34 55 51
55 34 51
34 85 756
85 34 756
35 65 698
65 35 698
35 52 708
52 35 708
35 71 518
71 35 518
36 40 864
40 36 864
37 71 291
71 37 291
37 56 21
56 37 21
38 53 617
53 38 617
39 51 172
51 39 172
39 65 136
65 39 136
39 48 210
48 39 210
39 71 128
71 39 128
40 64 632
64 40 632
40 50 477
50 40 477
40 47 847
47 40 847
40 57 826
57 40 826
41 66 305
66 41 305
41 80 395
80 41 395
41 86 614
86 41 614
41 81 811
81 41 811
41 72 799
72 41 799
42 73 340
73 42 340
42 83 192
83 42 192
42 59 334
59 42 334
43 47 36
47 43 36
43 63 937
63 43 937
43 49 883
49 43 883
44 74 558
74 44 558
44 67 399
67 44 399
46 54 271
54 46 271
46 48 572
48 46 572
47 64 756
64 47 756
47 69 752
69 47 752
48 58 701
58 48 701
48 79 208
79 48 208
48 61 461
61 48 461
48 70 77
70 48 77
49 50 468
50 49 468
49 66 770
66 49 770
49 89 363
89 49 363
50 62 515
62 50 515
50 84 257
84 50 257
50 54 874
54 50 874
51 68 686
68 51 686
51 64 363
64 51 363
51 53 491
53 51 491
51 77 487
77 51 487
52 87 251
87 52 251
52 63 503
63 52 503
52 78 784
78 52 784
53 69 518
69 53 518
54 63 916
63 54 916
55 56 687
56 55 687
55 82 616
82 55 616
55 74 869
74 55 869
56 56 188
56 56 188
56 60 185
60 56 185
56 57 1000
57 56 1000
57 68 352
68 57 352
57 80 158
80 57 158
59 62 182
62 59 182
59 67 617
67 59 617
61 89 640
89 61 640
62 69 615
69 62 615
62 66 694
66 62 694
62 84 299
84 62 299
63 75 231
75 63 231
64 76 912
76 64 912
64 79 92
79 64 92
65 84 719
84 65 719
65 77 430
77 65 430
67 73 895
73 67 895
67 88 165
88 67 165
69 83 706
83 69 706
69 82 329
82 69 329
72 78 224
78 72 224
74 75 860
75 74 860
81 82 839
82 81 839
