71

0 1 476
1 0 476
0 5 818
5 0 818
0 61 558
61 0 558
0 5 649
5 0 649
0 37 673
37 0 673
0 19 488
19 0 488
0 14 22
14 0 22
0 52 309
52 0 309
0 54 882
54 0 882
0 61 632
61 0 632
0 62 993
62 0 993
0 59 608
59 0 608
1 2 488
2 1 488
1 8 151
8 1 151
1 15 86
15 1 86
1 67 965
67 1 965
1 2 66
2 1 66
1 58 232
58 1 232
1 67 619
67 1 619
1 32 57
32 1 57
1 49 774
49 1 774
1 6 75
6 1 75
1 43 720
43 1 720
1 39 337
39 1 337
1 60 768
60 1 768
1 17 553
17 1 553
1 59 265
59 1 265
1 37 441
37 1 441
1 24 675
24 1 675
1 67 201
67 1 201
1 34 63
34 1 63
1 18 781
18 1 781
1 46 660
46 1 660
2 3 147
3 2 147
2 4 209
4 2 209
2 52 435
52 2 435
2 61 551
61 2 551
2 13 818
13 2 818
2 13 675
13 2 675
2 62 752
62 2 752
2 18 645
18 2 645
2 39 195
39 2 195
2 49 235
49 2 235
2 15 79
15 2 79
2 15 637
15 2 637
3 10 727
10 3 727
3 39 914
39 3 914
3 36 292
36 3 292
3 60 738
60 3 738
3 39 891
39 3 891
3 23 199
23 3 199
3 55 347
55 3 347
3 12 387
12 3 387
3 22 899
22 3 899
3 29 619
29 3 619
3 43 787
43 3 787
4 6 215
6 4 215
4 23 357
23 4 357
4 50 392
50 4 392
4 41 456
41 4 456
4 69 884
69 4 884
4 68 564
68 4 564
4 40 436
40 4 436
4 47 370
47 4 370
4 68 408
68 4 408
5 11 439
11 5 439
5 17 907
17 5 907
5 47 289
47 5 289
5 50 755
50 5 755
5 64 171
64 5 171
5 7 645
7 5 645
5 67 345
67 5 345
5 29 145
29 5 145
5 63 300
63 5 300
5 11 366
11 5 366
5 20 261
20 5 261
5 21 480
21 5 480
5 61 430
61 5 430
5 34 567
34 5 567
6 7 783
7 6 783
6 62 398
62 6 398
6 28 136
28 6 136
6 51 39
51 6 39
6 10 794
10 6 794
6 69 141
69 6 141
6 26 6
26 6 6
6 51 852
51 6 852
6 23 38
23 6 38
6 8 842
8 6 842
6 41 304
41 6 304
6 66 699
66 6 699
7 28 860
28 7 860
7 40 58
40 7 58
7 43 724
43 7 724
7 37 334
37 7 334
7 42 948
42 7 948
7 11 429
11 7 429
7 28 621
28 7 621
7 18 588
18 7 588
7 40 640
40 7 640
7 46 500
46 7 500
7 57 118
57 7 118
7 22 955
22 7 955
7 44 719
44 7 719
7 26 543
26 7 543
7 8 983
8 7 983
7 46 714
46 7 714
8 9 307
9 8 307
8 12 907
12 8 907
8 34 999
34 8 999
8 20 376
20 8 376
8 33 56
33 8 56
8 27 451
27 8 451
8 43 86
43 8 86
8 12 279
12 8 279
8 62 15
62 8 15
8 48 789
48 8 789
8 33 245
33 8 245
8 23 975
23 8 975
8 67 358
67 8 358
8 31 2
31 8 2
8 36 502
36 8 502
9 14 880
14 9 880
9 46 792
46 9 792
9 44 516
44 9 516
9 43 547
43 9 547
9 50 531
50 9 531
9 48 693
48 9 693
9 30 45
30 9 45
9 66 541
66 9 541
9 48 116
48 9 116
9 27 22
27 9 22
10 13 381
13 10 381
10 38 950
38 10 950
10 55 166
55 10 166
10 40 746
40 10 746
10 66 178
66 10 178
10 57 727
57 10 727
10 30 579
30 10 579
10 39 240
39 10 240
10 40 835
40 10 835
10 59 698
59 10 698
10 28 627
28 10 627
10 63 644
63 10 644
10 38 907
38 10 907
10 27 673
27 10 673
10 50 734
50 10 734
10 41 575
41 10 575
11 16 290
16 11 290
11 20 311
20 11 311
11 44 438
44 11 438
11 68 43
68 11 43
11 35 628
35 11 628
11 34 466
34 11 466
11 30 254
30 11 254
11 61 322
61 11 322
11 62 223
62 11 223
11 11 916
11 11 916
11 31 947
31 11 947
11 38 762
38 11 762
12 37 145
37 12 145
12 39 200
39 12 200
12 69 55
69 12 55
12 18 74
18 12 74
12 16 528
16 12 528
12 31 630
31 12 630
12 54 92
54 12 92
12 52 458
52 12 458
12 15 988
15 12 988
13 46 667
46 13 667
13 17 63
17 13 63
13 25 852
25 13 852
13 40 188
40 13 188
13 34 957
34 13 957
13 21 605
21 13 605
13 57 951
57 13 951
13 54 343
54 13 343
13 47 421
47 13 421
13 69 267
69 13 267
14 25 775
25 14 775
14 51 500
51 14 500
14 55 777
55 14 777
14 48 4
48 14 4
14 52 361
52 14 361
15 19 934
19 15 934
15 24 138
24 15 138
15 41 263
41 15 263
15 59 622
59 15 622
15 21 14
21 15 14
15 42 116
42 15 116
15 22 384
22 15 384
15 26 827
26 15 827
16 18 872
18 16 872
16 22 573
22 16 573
16 27 892
27 16 892
16 58 930
58 16 930
16 42 922
42 16 922
16 39 735
39 16 735
16 48 36
48 16 36
17 33 37
33 17 37
17 54 318
54 17 318
17 41 867
41 17 867
17 59 812
59 17 812
17 22 969
22 17 969
17 25 115
25 17 115
17 22 221
22 17 221
17 23 515
23 17 515
17 65 225
65 17 225
17 31 708
31 17 708
17 50 815
50 17 815
18 53 457
53 18 457
18 66 648
66 18 648
18 19 384
19 18 384
18 43 667
43 18 667
18 34 255
34 18 255
18 38 972
38 18 972
18 34 218
34 18 218
18 60 319
60 18 319
18 18 813
18 18 813
19 21 911
21 19 911
19 30 33
30 19 33
19 67 807
67 19 807
19 60 437
60 19 437
19 37 13
37 19 13
19 42 458
42 19 458
19 24 3
24 19 3
19 58 990
58 19 990
19 42 937
42 19 937
19 27 527
27 19 527
20 31 347
31 20 347
20 56 90
56 20 90
20 67 711
67 20 711
20 52 935
52 20 935
20 43 187
43 20 187
20 21 340
21 20 340
20 33 854
33 20 854
20 47 430
47 20 430
20 22 907
22 20 907
20 63 588
63 20 588
20 58 617
58 20 617
21 53 418
53 21 418
21 63 272
63 21 272
21 24 601
24 21 601
21 24 957
24 21 957
21 62 107
62 21 107
21 64 607
64 21 607
21 65 613
65 21 613
22 43 120
43 22 120
22 47 716
47 22 716
22 57 300
57 22 300
22 53 132
53 22 132
22 44 334
44 22 334
22 41 26
41 22 26
22 38 444
38 22 444
22 47 641
47 22 641
22 24 89
24 22 89
22 51 30
51 22 30
23 29 599
29 23 599
23 37 948
37 23 948
23 31 175
31 23 175
23 26 806
26 23 806
24 26 415
26 24 415
24 48 298
48 24 298
24 34 207
34 24 207
24 49 253
49 24 253
24 40 820
40 24 820
24 60 453
60 24 453
24 37 890
37 24 890
25 41 514
41 25 514
25 57 89
57 25 89
25 52 53
52 25 53
25 64 976
64 25 976
25 57 646
57 25 646
25 42 232
42 25 232
25 68 229
68 25 229
25 41 231
41 25 231
25 43 881
43 25 881
25 60 115
60 25 115
26 31 960
31 26 960
26 36 184
36 26 184
26 68 37
68 26 37
26 38 33
38 26 33
26 68 845
68 26 845
26 59 994
59 26 994
26 64 933
64 26 933
26 35 231
35 26 231
27 60 919
60 27 919
27 43 128
43 27 128
27 48 291
48 27 291
27 31 327
31 27 327
27 59 804
59 27 804
27 32 746
32 27 746
28 32 953
32 28 953
28 34 155
34 28 155
28 60 513
60 28 513
28 41 687
41 28 687
28 60 140
60 28 140
29 31 756
31 29 756
29 49 730
49 29 730
29 37 877
37 29 877
29 46 112
46 29 112
29 38 329
38 29 329
29 43 966
43 29 966
29 47 669
47 29 669
29 46 643
46 29 643
29 47 493
47 29 493
29 43 433
43 29 433
30 60 744
60 30 744
30 61 960
61 30 960
30 63 252
63 30 252
30 57 478
57 30 478
31 35 28
35 31 28
31 48 730
48 31 730
31 32 361
32 31 361
31 65 72
65 31 72
32 46 331
46 32 331
32 67 261
67 32 261
32 65 910
65 32 910
32 58 543
58 32 543
32 56 105
56 32 105
33 42 738
42 33 738
33 70 761
70 33 761
33 60 925
60 33 925
33 44 759
44 33 759
33 65 819
65 33 819
33 38 747
38 33 747
33 68 643
68 33 643
33 62 999
62 33 999
34 54 787
54 34 787
34 51 732
51 34 732
34 52 940
52 34 940
34 40 17
40 34 17
35 36 989
36 35 989
35 49 399
49 35 399
35 44 881
44 35 881
35 63 187
63 35 187
35 63 100
63 35 100
35 57 197
57 35 197
35 37 842
37 35 842
35 60 228
60 35 228
35 46 147
46 35 147
35 53 7
53 35 7
35 46 565
46 35 565
35 44 995
44 35 995
36 61 73
61 36 73
36 44 196
44 36 196
36 47 685
47 36 685
36 43 50
43 36 50
37 68 374
68 37 374
37 44 76
44 37 76
37 66 178
66 37 178
37 38 756
38 37 756
37 52 208
52 37 208
37 68 658
68 37 658
37 54 222
54 37 222
37 46 505
46 37 505
37 45 255
45 37 255
38 66 527
66 38 527
38 39 580
39 38 580
38 69 1
69 38 1
38 43 816
43 38 816
38 51 148
51 38 148
39 54 450
54 39 450
39 49 743
49 39 743
39 45 577
45 39 577
39 68 798
68 39 798
39 42 416
42 39 416
39 47 339
47 39 339
40 57 539
57 40 539
40 65 852
65 40 852
40 55 889
55 40 889
40 49 765
49 40 765
41 42 979
42 41 979
41 63 58
63 41 58
41 51 534
51 41 534
41 43 894
43 41 894
41 48 472
48 41 472
41 49 675
49 41 675
41 47 35
47 41 35
42 64 6
64 42 6
42 52 408
52 42 408
43 68 1
68 43 1
43 49 521
49 43 521
43 53 143
53 43 143
43 66 151
66 43 151
43 55 56
55 43 56
44 45 761
45 44 761
44 54 656
54 44 656
44 56 485
56 44 485
44 55 182
55 44 182
45 51 365
51 45 365
45 54 216
54 45 216
45 49 950
49 45 950
45 47 555
47 45 555
45 49 531
49 45 531
45 46 490
46 45 490
45 59 155
59 45 155
46 48 646
48 46 646
46 56 590
56 46 590
46 62 695
62 46 695
46 69 402
69 46 402
46 69 664
69 46 664
47 59 865
59 47 865
47 66 120
66 47 120
47 61 380
61 47 380
47 49 626
49 47 626
48 51 525
51 48 525
48 62 156
62 48 156
48 48 127
48 48 127
48 51 827
51 48 827
48 68 608
68 48 608
48 57 943
57 48 943
49 59 720
59 49 720
49 55 374
55 49 374
50 51 625
51 50 625
50 53 446
53 50 446
51 53 105
53 51 105
51 52 467
52 51 467
51 70 802
70 51 802
52 57 702
57 52 702
53 59 822
59 53 822
53 60 865
60 53 865
54 68 322
68 54 322
54 59 349
59 54 349
54 69 720
69 54 720
54 55 266
55 54 266
55 65 435
65 55 435
55 65 97
65 55 97
55 70 451
70 55 451
56 62 706
62 56 706
56 66 475
66 56 475
56 64 782
64 56 782
57 58 899
58 57 899
58 62 327
62 58 327
58 63 334
63 58 334
59 62 841
62 59 841
60 65 97
65 60 97
60 68 172
68 60 172
61 65 590
65 61 590
62 69 162
69 62 162
64 68 756
68 64 756
64 69 746
69 64 746
65 70 813
70 65 813
66 70 202
70 66 202
66 67 174
67 66 174
67 68 533
68 67 533
68 69 623
69 68 623
69 70 356
70 69 356
