88

0 1 509
1 0 509
0 3 613
3 0 613
0 8 128
8 0 128
0 12 168
12 0 168
0 22 796
22 0 796
0 22 712
22 0 712
0 45 556
45 0 556
0 22 425
22 0 425
0 11 10
11 0 10
0 29 146
29 0 146
0 80 249
80 0 249
0 14 635
14 0 635
0 37 543
37 0 543
0 40 367
40 0 367
0 57 637
57 0 637
0 73 964
73 0 964
0 72 691
72 0 691
1 2 634
2 1 634
1 15 534
15 1 534
1 47 422
47 1 422
1 84 198
84 1 198
1 8 935
8 1 935
1 14 613
14 1 613
1 72 900
72 1 900
1 71 220
71 1 220
1 44 823
44 1 823
1 1 183
1 1 183
1 72 922
72 1 922
1 72 83
72 1 83
1 62 106
62 1 106
1 79 318
79 1 318
2 6 320
6 2 320
2 10 511
10 2 511
2 35 71
35 2 71
2 68 393
68 2 393
2 29 145
29 2 145
2 21 947
21 2 947
2 8 831
8 2 831
2 51 449
51 2 449
2 29 624
29 2 624
2 69 135
69 2 135
3 4 205
4 3 205
3 5 713
5 3 713
3 7 834
7 3 834
3 14 986
14 3 986
3 17 359
17 3 359
3 56 220
56 3 220
3 15 674
15 3 674
3 13 139
13 3 139
3 41 193
41 3 193
3 25 515
25 3 515
3 16 652
16 3 652
3 33 875
33 3 875
4 25 945
25 4 945
4 26 699
26 4 699
4 46 236
46 4 236
4 18 733
18 4 733
4 32 323
32 4 323
4 35 286
35 4 286
4 13 753
13 4 753
4 27 990
27 4 990
4 12 885
12 4 885
4 7 705
7 4 705
5 24 383
24 5 383
5 32 787
32 5 787
5 37 765
37 5 765
5 8 307
8 5 307
5 60 537
60 5 537
5 63 579
63 5 579
5 72 253
72 5 253
5 33 522
33 5 522
6 16 603
16 6 603
6 69 252
69 6 252
6 16 51
16 6 51
6 16 57
16 6 57
6 82 830
82 6 830
6 19 314
19 6 314
6 41 281
41 6 281
6 74 256
74 6 256
6 50 253
50 6 253
6 8 370
8 6 370
7 21 594
21 7 594
7 23 581
23 7 581
7 29 823
29 7 823
7 31 212
31 7 212
7 75 725
75 7 725
7 40 68
40 7 68
7 30 35
30 7 35
7 40 194
40 7 194
7 46 624
46 7 624
7 16 95
16 7 95
7 8 564
8 7 564
7 40 411
40 7 411
7 78 671
78 7 671
7 82 773
82 7 773
7 23 511
23 7 511
7 8 451
8 7 451
8 9 475
9 8 475
8 11 668
11 8 668
8 12 85
12 8 85
8 86 971
86 8 971
8 29 105
29 8 105
8 54 736
54 8 736
8 85 4
85 8 4
8 74 343
74 8 343
8 8 994
8 8 994
9 49 83
49 9 83
9 50 382
50 9 382
9 65 945
65 9 945
9 73 302
73 9 302
9 31 616
31 9 616
9 27 319
27 9 319
9 44 496
44 9 496
9 46 499
46 9 499
9 45 890
45 9 890
10 34 597
34 10 597
10 40 744
40 10 744
10 76 735
76 10 735
10 75 93
75 10 93
10 45 646
45 10 646
10 65 147
65 10 147
10 19 549
19 10 549
10 54 397
54 10 397
10 46 153
46 10 153
10 50 742
50 10 742
10 21 655
21 10 655
10 43 236
43 10 236
10 42 362
42 10 362
10 19 478
19 10 478
11 28 240
28 11 240
11 18 499
18 11 499
11 67 260
67 11 260
11 36 669
36 11 669
11 80 984
80 11 984
11 17 494
17 11 494
11 36 207
36 11 207
12 13 112
13 12 112
12 45 962
45 12 962
12 83 410
83 12 410
12 63 646
63 12 646
12 32 501
32 12 501
12 15 57
15 12 57
12 82 492
82 12 492
12 36 873
36 12 873
12 19 864
19 12 864
12 47 250
47 12 250
12 83 300
83 12 300
13 72 166
72 13 166
13 67 454
67 13 454
13 39 858
39 13 858
13 62 740
62 13 740
13 58 194
58 13 194
13 76 980
76 13 980
14 36 89
36 14 89
14 78 306
78 14 306
14 57 59
57 14 59
14 86 173
86 14 173
14 45 510
45 14 510
14 34 427
34 14 427
14 67 401
67 14 401
14 52 443
52 14 443
14 81 414
81 14 414
14 26 228
26 14 228
14 75 114
75 14 114
14 49 866
49 14 866
14 61 69
61 14 69
14 18 333
18 14 333
14 36 775
36 14 775
14 54 733
54 14 733
14 37 110
37 14 110
15 73 659
73 15 659
15 80 213
80 15 213
15 86 267
86 15 267
15 29 739
29 15 739
15 86 373
86 15 373
15 36 41
36 15 41
15 26 558
26 15 558
15 54 599
54 15 599
15 19 741
19 15 741
15 87 592
87 15 592
15 68 167
68 15 167
15 71 327
71 15 327
16 18 99
18 16 99
16 20 405
20 16 405
16 85 998
85 16 998
16 55 339
55 16 339
16 82 755
82 16 755
16 21 989
21 16 989
16 77 174
77 16 174
16 60 9
60 16 9
16 60 179
60 16 179
16 44 58
44 16 58
17 30 307
30 17 307
17 18 738
18 17 738
17 62 683
62 17 683
17 44 930
44 17 930
17 80 986
80 17 986
17 35 558
35 17 558
17 53 209
53 17 209
17 67 73
67 17 73
17 50 336
50 17 336
18 19 473
19 18 473
18 51 538
51 18 538
18 55 270
55 18 270
18 35 505
35 18 505
18 24 750
24 18 750
18 76 734
76 18 734
18 86 968
86 18 968
18 57 328
57 18 328
19 27 551
27 19 551
19 57 25
57 19 25
19 68 547
68 19 547
19 64 992
64 19 992
19 42 546
42 19 546
19 51 362
51 19 362
20 33 321
33 20 321
20 76 339
76 20 339
20 59 527
59 20 527
20 33 602
33 20 602
20 49 16
49 20 16
20 36 570
36 20 570
20 77 928
77 20 928
20 87 107
87 20 107
20 44 63
44 20 63
21 63 268
63 21 268
21 51 517
51 21 517
21 86 848
86 21 848
21 33 934
33 21 934
22 48 148
48 22 148
22 70 807
70 22 807
22 52 667
52 22 667
22 29 717
29 22 717
22 39 404
39 22 404
22 56 319
56 22 319
22 65 754
65 22 754
22 68 523
68 22 523
22 71 369
71 22 369
22 70 480
70 22 480
22 44 972
44 22 972
22 66 860
66 22 860
23 61 629
61 23 629
23 77 966
77 23 966
23 63 750
63 23 750
23 72 932
72 23 932
23 39 127
39 23 127
23 55 204
55 23 204
24 54 866
54 24 866
24 81 441
81 24 441
24 67 60
67 24 60
24 48 257
48 24 257
24 47 899
47 24 899
24 41 684
41 24 684
24 78 977
78 24 977
24 81 153
81 24 153
25 58 309
58 25 309
25 83 15
83 25 15
25 81 391
81 25 391
25 78 654
78 25 654
25 77 918
77 25 918
25 76 896
76 25 896
25 84 826
84 25 826
25 67 285
67 25 285
25 61 860
61 25 860
25 59 137
59 25 137
26 30 132
30 26 132
26 30 353
30 26 353
26 76 545
76 26 545
26 83 509
83 26 509
26 38 288
38 26 288
26 41 502
41 26 502
26 32 836
32 26 836
26 44 772
44 26 772
27 70 487
70 27 487
27 39 602
39 27 602
27 54 390
54 27 390
27 75 943
75 27 943
27 47 118
47 27 118
28 30 705
30 28 705
28 39 7
39 28 7
28 42 133
42 28 133
28 86 928
86 28 928
28 59 201
59 28 201
28 79 25
79 28 25
28 65 979
65 28 979
28 71 145
71 28 145
29 52 519
52 29 519
29 60 943
60 29 943
29 71 10
71 29 10
29 36 792
36 29 792
29 36 345
36 29 345
29 56 468
56 29 468
29 73 704
73 29 704
29 30 879
30 29 879
29 70 417
70 29 417
29 41 855
41 29 855
30 33 380
33 30 380
30 45 910
45 30 910
30 83 766
83 30 766
30 73 550
73 30 550
30 50 721
50 30 721
30 77 900
77 30 900
30 41 174
41 30 174
30 46 442
46 30 442
30 55 353
55 30 353
30 32 97
32 30 97
30 48 320
48 30 320
31 37 116
37 31 116
31 41 830
41 31 830
31 52 385
52 31 385
31 37 405
37 31 405
31 84 863
84 31 863
31 72 13
72 31 13
31 31 262
31 31 262
32 55 565
55 32 565
32 72 851
72 32 851
32 35 362
35 32 362
32 51 684
51 32 684
32 74 229
74 32 229
33 56 303
56 33 303
33 47 252
47 33 252
33 69 731
69 33 731
33 48 661
48 33 661
33 52 267
52 33 267
33 74 584
74 33 584
33 40 443
40 33 443
33 64 250
64 33 250
33 72 511
72 33 511
33 47 613
47 33 613
34 40 508
40 34 508
34 62 50
62 34 50
34 56 928
56 34 928
34 71 988
71 34 988
34 44 270
44 34 270
34 72 140
72 34 140
34 85 421
85 34 421
34 48 885
48 34 885
35 38 822
38 35 822
35 44 366
44 35 366
35 57 327
57 35 327
35 87 421
87 35 421
35 80 577
80 35 577
35 54 132
54 35 132
35 61 168
61 35 168
35 69 432
69 35 432
35 70 666
70 35 666
36 79 826
79 36 826
36 45 482
45 36 482
36 53 965
53 36 965
37 77 214
77 37 214
37 74 900
74 37 900
37 67 895
67 37 895
37 60 492
60 37 492
37 41 749
41 37 749
37 44 79
44 37 79
37 52 199
52 37 199
38 38 352
38 38 352
38 85 971
85 38 971
38 67 953
67 38 953
38 46 912
46 38 912
39 82 433
82 39 433
39 67 209
67 39 209
39 57 351
57 39 351
39 78 512
78 39 512
39 67 86
67 39 86
39 78 767
78 39 767
40 43 105
43 40 105
40 65 774
65 40 774
40 84 72
84 40 72
40 60 705
60 40 705
40 50 390
50 40 390
40 46 349
46 40 349
40 66 272
66 40 272
40 77 848
77 40 848
41 62 985
62 41 985
41 53 818
53 41 818
41 80 41
80 41 41
41 50 49
50 41 49
41 65 628
65 41 628
42 76 965
76 42 965
42 76 27
76 42 27
42 85 856
85 42 856
42 82 215
82 42 215
42 51 488
51 42 488
43 71 547
71 43 547
43 49 878
49 43 878
43 58 491
58 43 491
43 46 819
46 43 819
43 76 968
76 43 968
44 63 175
63 44 175
44 69 923
69 44 923
44 87 359
87 44 359
44 73 145
73 44 145
45 57 211
57 45 211
45 53 195
53 45 195
45 86 927
86 45 927
45 76 418
76 45 418
45 75 984
75 45 984
45 55 538
55 45 538
46 58 329
58 46 329
46 84 408
84 46 408
46 62 657
62 46 657
46 56 958
56 46 958
46 75 167
75 46 167
47 62 664
62 47 664
47 83 45
83 47 45
47 49 504
49 47 504
47 66 639
66 47 639
48 51 574
51 48 574
48 64 748
64 48 748
48 62 379
62 48 379
49 57 260
57 49 260
49 69 362
69 49 362
49 57 921
57 49 921
49 67 402
67 49 402
49 57 457
57 49 457
50 53 392
53 50 392
50 64 260
64 50 260
50 71 628
71 50 628
50 51 462
51 50 462
50 69 433
69 50 433
51 73 623
73 51 623
51 62 845
62 51 845
52 69 484
69 52 484
52 73 202
73 52 202
52 62 327
62 52 327
53 61 423
61 53 423
53 66 767
66 53 767
53 81 243
81 53 243
53 66 425
66 53 425
54 77 973
77 54 973
54 62 94
62 54 94
54 84 854
84 54 854
54 87 446
87 54 446
55 81 706
81 55 706
55 81 947
81 55 947
55 73 946
73 55 946
55 87 595
87 55 595
55 65 972
65 55 972
55 62 542
62 55 542
56 66 201
66 56 201
57 74 370
74 57 370
57 66 773
66 57 773
57 85 814
85 57 814
58 59 569
59 58 569
58 71 632
71 58 632
58 65 987
65 58 987
59 61 706
61 59 706
59 66 303
66 59 303
59 76 633
76 59 633
59 64 238
64 59 238
59 80 317
80 59 317
59 87 714
87 59 714
60 74 305
74 60 305
61 67 960
67 61 960
61 62 648
62 61 648
61 73 528
73 61 528
61 74 90
74 61 90
62 65 439
65 62 439
62 79 682
79 62 682
63 76 331
76 63 331
63 84 907
84 63 907
64 72 255
72 64 255
64 70 82
70 64 82
64 76 818
76 64 818
64 87 162
87 64 162
65 79 809
79 65 809
65 66 779
66 65 779
66 73 588
73 66 588
66 78 324
78 66 324
67 72 697
72 67 697
67 79 811
79 67 811
67 80 949
80 67 949
68 75 249
75 68 249
68 87 973
87 68 973
68 82 252
82 68 252
69 80 689
80 69 689
69 84 641
84 69 641
69 77 294
77 69 294
71 76 378
76 71 378
71 85 145
85 71 145
72 86 290
86 72 290
72 75 824
75 72 824
72 81 467
81 72 467
73 74 455
74 73 455
73 87 867
87 73 867
77 84 30
84 77 30
77 84 345
84 77 345
77 87 676
87 77 676
79 87 879
87 79 879
80 84 495
84 80 495
83 87 886
87 83 886
85 85 836
85 85 836
85 87 435
87 85 435
