82

0 1 902
1 0 902
0 2 254
2 0 254
0 6 288
6 0 288
0 13 477
13 0 477
0 38 949
38 0 949
0 71 610
71 0 610
0 59 754
59 0 754
0 28 824
28 0 824
0 9 144
9 0 144
1 4 155
4 1 155
1 54 940
54 1 940
1 77 755
77 1 755
1 13 556
13 1 556
1 39 655
39 1 655
1 20 784
20 1 784
1 55 666
55 1 666
1 2 953
2 1 953
1 69 149
69 1 149
1 38 726
38 1 726
1 4 993
4 1 993
2 3 614
3 2 614
2 9 143
9 2 143
2 74 386
74 2 386
2 76 125
76 2 125
3 5 748
5 3 748
3 7 838
7 3 838
3 10 181
10 3 181
3 24 68
24 3 68
3 29 964
29 3 964
3 59 285
59 3 285
3 38 750
38 3 750
3 49 841
49 3 841
3 17 341
17 3 341
3 47 176
47 3 176
3 9 750
9 3 750
3 34 547
34 3 547
3 73 91
73 3 91
3 24 481
24 3 481
3 63 260
63 3 260
4 14 741
14 4 741
4 34 330
34 4 330
4 11 1
11 4 1
4 48 10
48 4 10
4 39 502
39 4 502
4 65 131
65 4 131
5 11 760
11 5 760
5 45 205
45 5 205
5 50 197
50 5 197
5 66 170
66 5 170
5 61 680
61 5 680
5 22 309
22 5 309
5 77 174
77 5 174
6 8 660
8 6 660
6 23 10
23 6 10
6 51 297
51 6 297
6 61 244
61 6 244
6 42 520
42 6 520
6 21 416
21 6 416
6 77 186
77 6 186
6 25 642
25 6 642
7 21 876
21 7 876
7 46 559
46 7 559
7 60 756
60 7 756
7 62 400
62 7 400
7 38 89
38 7 89
7 35 838
35 7 838
7 11 848
11 7 848
7 32 877
32 7 877
8 53 991
53 8 991
8 61 725
61 8 725
8 65 326
65 8 326
8 72 951
72 8 951
8 13 960
13 8 960
8 64 148
64 8 148
9 12 466
12 9 466
9 77 181
77 9 181
9 75 134
75 9 134
10 34 238
34 10 238
10 40 737
40 10 737
10 48 352
48 10 352
10 21 831
21 10 831
10 19 356
19 10 356
10 49 703
49 10 703
10 25 210
25 10 210
11 17 670
17 11 670
11 22 460
22 11 460
11 32 167
32 11 167
11 81 370
81 11 370
11 73 825
73 11 825
11 68 417
68 11 417
11 58 307
58 11 307
11 39 592
39 11 592
11 11 207
11 11 207
11 41 585
41 11 585
12 30 680
30 12 680
12 56 43
56 12 43
12 32 471
32 12 471
12 13 122
13 12 122
12 17 577
17 12 577
12 23 128
23 12 128
12 69 131
69 12 131
12 47 259
47 12 259
13 15 145
15 13 145
13 16 725
16 13 725
13 58 49
58 13 49
13 36 131
36 13 131
13 25 673
25 13 673
14 41 474
41 14 474
14 63 216
63 14 216
14 77 170
77 14 170
14 60 68
60 14 68
15 26 727
26 15 727
15 25 179
25 15 179
15 74 662
74 15 662
15 76 607
76 15 607
15 56 992
56 15 992
16 18 166
18 16 166
16 38 860
38 16 860
16 25 731
25 16 731
16 70 667
70 16 667
16 32 511
32 16 511
17 79 957
79 17 957
17 50 371
50 17 371
18 19 373
19 18 373
18 31 438
31 18 438
18 36 865
36 18 865
18 27 654
27 18 654
18 78 646
78 18 646
18 81 809
81 18 809
18 29 658
29 18 658
18 79 407
79 18 407
19 20 677
20 19 677
19 30 359
30 19 359
19 60 897
60 19 897
19 66 822
66 19 822
20 69 299
69 20 299
20 38 119
38 20 119
20 71 410
71 20 410
20 63 671
63 20 671
21 25 441
25 21 441
21 47 646
47 21 646
21 33 998
33 21 998
21 44 543
44 21 543
21 40 672
40 21 672
21 42 362
42 21 362
21 25 582
25 21 582
21 49 666
49 21 666
21 33 568
33 21 568
22 66 639
66 22 639
22 47 287
47 22 287
22 23 131
23 22 131
22 66 937
66 22 937
23 66 863
66 23 863
23 50 800
50 23 800
23 55 958
55 23 958
23 68 307
68 23 307
23 32 425
32 23 425
23 37 921
37 23 921
23 53 67
53 23 67
24 53 725
53 24 725
24 39 379
39 24 379
25 33 922
33 25 922
25 48 678
48 25 678
25 50 525
50 25 525
25 64 129
64 25 129
25 69 780
69 25 780
25 33 755
33 25 755
25 33 315
33 25 315
26 27 850
27 26 850
26 63 437
63 26 437
26 29 325
29 26 325
26 65 287
65 26 287
26 37 221
37 26 221
27 28 578
28 27 578
27 65 129
65 27 129
27 57 737
57 27 737
27 36 244
36 27 244
28 37 391
37 28 391
28 73 985
73 28 985
28 46 495
46 28 495
28 67 950
67 28 950
28 40 45
40 28 45
29 68 881
68 29 881
29 47 534
47 29 534
30 76 860
76 30 860
30 72 389
72 30 389
31 35 910
35 31 910
31 52 488
52 31 488
31 68 125
68 31 125
31 38 497
38 31 497
31 48 189
48 31 189
31 60 767
60 31 767
31 44 59
44 31 59
32 42 871
42 32 871
32 63 292
63 32 292
32 58 655
58 32 655
33 43 903
43 33 903
33 66 867
66 33 867
33 74 810
74 33 810
33 60 986
60 33 986
33 68 108
68 33 108
34 71 545
71 34 545
34 67 792
67 34 792
34 73 99
73 34 99
35 44 636
44 35 636
35 55 584
55 35 584
35 36 665
36 35 665
35 43 867
43 35 867
35 72 480
72 35 480
36 57 886
57 36 886
36 52 330
52 36 330
36 46 831
46 36 831
36 68 218
68 36 218
37 70 85
70 37 85
37 61 595
61 37 595
37 61 874
61 37 874
38 39 200
39 38 200
38 66 367
66 38 367
38 79 798
79 38 798
38 47 96
47 38 96
39 45 289
45 39 289
39 79 470
79 39 470
40 80 95
80 40 95
40 58 892
58 40 892
40 67 378
67 40 378
40 51 569
51 40 569
41 78 208
78 41 208
41 48 564
48 41 564
41 58 18
58 41 18
42 72 164
72 42 164
42 61 137
61 42 137
42 66 828
66 42 828
42 81 640
81 42 640
42 68 760
68 42 760
43 54 516
54 43 516
43 48 941
48 43 941
44 55 380
55 44 380
45 55 22
55 45 22
45 55 482
55 45 482
46 75 910
75 46 910
46 77 54
77 46 54
46 54 257
54 46 257
47 49 146
49 47 146
47 52 688
52 47 688
47 67 433
67 47 433
47 56 833
56 47 833
48 54 780
54 48 780
48 66 526
66 48 526
48 61 171
61 48 171
48 66 195
66 48 195
48 75 161
75 48 161
49 73 372
73 49 372
49 69 195
69 49 195
50 62 66
62 50 66
50 77 711
77 50 711
50 80 357
80 50 357
50 72 885
72 50 885
50 61 165
61 50 165
50 50 451
50 50 451
51 66 950
66 51 950
52 73 520
73 52 520
53 81 810
81 53 810
54 77 5
77 54 5
55 64 638
64 55 638
56 78 873
78 56 873
56 60 676
60 56 676
57 71 286
71 57 286
57 71 754
71 57 754
57 79 369
79 57 369
57 72 603
72 57 603
58 71 975
71 58 975
58 63 639
63 58 639
59 70 482
70 59 482
60 62 923
62 60 923
60 67 998
67 60 998
61 67 934
67 61 934
62 63 770
63 62 770
63 64 844
64 63 844
63 75 577
75 63 577
63 68 318
68 63 318
63 81 829
81 63 829
64 79 52
79 64 52
65 74 644
74 65 644
65 72 26
72 65 26
66 67 817
67 66 817
67 80 968
80 67 968
69 70 54
70 69 54
71 79 848
79 71 848
72 75 347
75 72 347
74 79 840
79 74 840
77 79 900
79 77 900
79 80 552
80 79 552
