73

0 1 137
1 0 137
0 11 678
11 0 678
0 31 47
31 0 47
0 5 241
5 0 241
0 57 745
57 0 745
0 21 767
21 0 767
0 16 539
16 0 539
0 63 449
63 0 449
0 9 857
9 0 857
0 1 472
1 0 472
0 61 322
61 0 322
0 52 437
52 0 437
0 25 715
25 0 715
0 2 14
2 0 14
1 2 282
2 1 282
1 3 326
3 1 326
1 4 903
4 1 903
1 14 412
14 1 412
1 16 568
16 1 568
1 4 400
4 1 400
1 18 45
18 1 45
1 11 372
11 1 372
1 19 696
19 1 696
1 30 847
30 1 847
1 32 268
32 1 268
1 69 700
69 1 700
1 47 645
47 1 645
1 68 246
68 1 246
1 52 380
52 1 380
1 13 346
13 1 346
1 33 508
33 1 508
2 35 71
35 2 71
2 70 334
70 2 334
2 6 357
6 2 357
2 56 576
56 2 576
2 32 955
32 2 955
2 45 479
45 2 479
2 5 990
5 2 990
3 26 404
26 3 404
3 42 172
42 3 172
3 45 411
45 3 411
3 14 511
14 3 511
3 25 211
25 3 211
3 72 161
72 3 161
3 17 801
17 3 801
3 18 851
18 3 851
3 35 92
35 3 92
3 10 568
10 3 568
3 50 990
50 3 990
3 30 502
30 3 502
3 60 170
60 3 170
3 54 82
54 3 82
4 5 300
5 4 300
4 6 594
6 4 594
4 20 929
20 4 929
4 59 736
59 4 736
4 60 602
60 4 602
4 55 518
55 4 518
4 66 707
66 4 707
4 38 708
38 4 708
4 8 752
8 4 752
4 70 779
70 4 779
5 7 481
7 5 481
5 9 706
9 5 706
5 10 726
10 5 726
5 22 808
22 5 808
5 10 807
10 5 807
5 22 153
22 5 153
5 47 475
47 5 475
5 12 232
12 5 232
6 8 312
8 6 312
6 15 715
15 6 715
6 18 295
18 6 295
6 63 705
63 6 705
6 23 391
23 6 391
6 7 574
7 6 574
6 52 105
52 6 105
6 20 606
20 6 606
6 45 493
45 6 493
6 18 27
18 6 27
7 33 443
33 7 443
7 50 986
50 7 986
7 47 577
47 7 577
7 53 459
53 7 459
7 46 455
46 7 455
7 14 136
14 7 136
7 68 653
68 7 653
8 49 825
49 8 825
8 45 421
45 8 421
8 61 422
61 8 422
8 56 368
56 8 368
8 54 279
54 8 279
8 31 614
31 8 614
9 12 926
12 9 926
9 21 705
21 9 705
9 36 487
36 9 487
9 50 292
50 9 292
9 37 962
37 9 962
9 29 2
29 9 2
9 12 89
12 9 89
10 13 265
13 10 265
10 44 696
44 10 696
10 46 968
46 10 968
10 56 142
56 10 142
10 48 86
48 10 86
10 48 216
48 10 216
10 65 689
65 10 689
10 25 873
25 10 873
10 35 963
35 10 963
10 18 124
18 10 124
10 35 506
35 10 506
10 53 38
53 10 38
10 59 636
59 10 636
11 30 152
30 11 152
11 32 42
32 11 42
11 54 260
54 11 260
11 64 215
64 11 215
11 51 268
51 11 268
11 32 800
32 11 800
11 56 916
56 11 916
11 65 886
65 11 886
11 34 758
34 11 758
12 39 550
39 12 550
12 39 18
39 12 18
13 23 663
23 13 663
13 45 889
45 13 889
13 27 987
27 13 987
13 42 704
42 13 704
14 19 86
19 14 86
14 38 890
38 14 890
14 24 386
24 14 386
14 33 536
33 14 536
14 19 749
19 14 749
14 51 682
51 14 682
15 24 284
24 15 284
15 70 665
70 15 665
15 34 464
34 15 464
15 71 944
71 15 944
15 69 775
69 15 775
15 65 109
65 15 109
15 52 397
52 15 397
15 65 148
65 15 148
16 17 543
17 16 543
16 38 378
38 16 378
16 41 903
41 16 903
16 64 254
64 16 254
16 62 107
62 16 107
16 70 202
70 16 202
16 65 353
65 16 353
16 44 501
44 16 501
16 38 15
38 16 15
16 50 246
50 16 246
16 64 462
64 16 462
16 28 820
28 16 820
16 34 115
34 16 115
16 35 759
35 16 759
16 71 240
71 16 240
17 25 566
25 17 566
17 51 594
51 17 594
17 62 351
62 17 351
17 64 150
64 17 150
17 27 360
27 17 360
17 39 774
39 17 774
18 28 744
28 18 744
18 69 906
69 18 906
18 47 694
47 18 694
18 24 250
24 18 250
18 21 160
21 18 160
19 41 696
41 19 696
19 51 910
51 19 910
19 56 890
56 19 890
19 46 949
46 19 949
20 47 175
47 20 175
20 51 750
51 20 750
20 20 136
20 20 136
20 23 37
23 20 37
21 35 629
35 21 629
21 40 995
40 21 995
21 63 396
63 21 396
21 52 55
52 21 55
21 70 488
70 21 488
21 57 890
57 21 890
21 43 781
43 21 781
21 47 760
47 21 760
22 27 560
27 22 560
22 48 199
48 22 199
22 64 151
64 22 151
22 70 9
70 22 9
22 26 527
26 22 527
22 34 950
34 22 950
22 69 266
69 22 266
22 61 151
61 22 151
22 50 359
50 22 359
23 26 8
26 23 8
23 47 142
47 23 142
23 61 326
61 23 326
23 42 491
42 23 491
23 23 832
23 23 832
24 69 398
69 24 398
24 59 993
59 24 993
24 64 212
64 24 212
24 67 781
67 24 781
24 38 192
38 24 192
24 43 428
43 24 428
24 50 485
50 24 485
24 55 956
55 24 956
25 48 160
48 25 160
25 55 774
55 25 774
25 52 986
52 25 986
26 29 461
29 26 461
26 52 652
52 26 652
26 71 619
71 26 619
26 35 559
35 26 559
26 35 203
35 26 203
26 70 766
70 26 766
26 53 488
53 26 488
26 53 439
53 26 439
27 50 247
50 27 247
27 49 590
49 27 590
27 31 119
31 27 119
28 34 488
34 28 488
28 53 87
53 28 87
28 36 613
36 28 613
28 44 531
44 28 531
28 31 946
31 28 946
28 67 500
67 28 500
29 46 438
46 29 438
29 60 778
60 29 778
30 36 960
36 30 960
30 65 416
65 30 416
31 66 625
66 31 625
31 71 330
71 31 330
31 59 797
59 31 797
31 42 179
42 31 179
31 41 543
41 31 543
32 50 969
50 32 969
32 68 31
68 32 31
32 37 35
37 32 35
32 56 516
56 32 516
32 36 75
36 32 75
32 33 497
33 32 497
33 36 632
36 33 632
33 55 785
55 33 785
33 60 996
60 33 996
33 56 396
56 33 396
33 57 771
57 33 771
33 60 217
60 33 217
33 60 324
60 33 324
34 43 630
43 34 630
34 57 95
57 34 95
34 46 369
46 34 369
34 51 855
51 34 855
34 65 638
65 34 638
34 43 275
43 34 275
34 61 836
61 34 836
35 35 176
35 35 176
35 58 935
58 35 935
35 72 705
72 35 705
35 59 99
59 35 99
35 69 200
69 35 200
36 37 626
37 36 626
36 56 598
56 36 598
36 57 954
57 36 954
36 65 706
65 36 706
37 56 154
56 37 154
37 62 998
62 37 998
38 60 509
60 38 509
38 61 37
61 38 37
39 57 549
57 39 549
39 61 506
61 39 506
39 59 712
59 39 712
39 59 89
59 39 89
39 56 708
56 39 708
39 67 887
67 39 887
40 53 205
53 40 205
40 65 107
65 40 107
40 72 916
72 40 916
40 61 221
61 40 221
40 67 202
67 40 202
41 54 394
54 41 394
41 64 915
64 41 915
42 56 114
56 42 114
42 56 433
56 42 433
42 59 194
59 42 194
43 45 673
45 43 673
44 68 446
68 44 446
44 47 801
47 44 801
45 72 6
72 45 6
45 64 909
64 45 909
45 49 551
49 45 551
45 60 139
60 45 139
45 51 456
51 45 456
45 64 756
64 45 756
45 67 438
67 45 438
45 60 522
60 45 522
46 53 817
53 46 817
47 50 906
50 47 906
47 72 779
72 47 779
47 66 939
66 47 939
47 69 379
69 47 379
47 60 82
60 47 82
47 50 795
50 47 795
48 59 720
59 48 720
48 62 684
62 48 684
48 64 643
64 48 643
48 49 75
49 48 75
49 71 952
71 49 952
49 56 402
56 49 402
50 55 801
55 50 801
50 53 518
53 50 518
50 61 518
61 50 518
50 71 913
71 50 913
51 62 372
62 51 372
51 64 705
64 51 705
51 59 167
59 51 167
51 62 532
62 51 532
51 58 446
58 51 446
51 66 407
66 51 407
51 66 140
66 51 140
52 58 417
58 52 417
52 71 272
71 52 272
53 56 27
56 53 27
53 62 851
62 53 851
54 59 31
59 54 31
54 67 466
67 54 466
56 56 69
56 56 69
57 62 618
62 57 618
57 66 790
66 57 790
58 72 129
72 58 129
58 62 284
62 58 284
59 70 890
70 59 890
59 61 605
61 59 605
61 65 982
65 61 982
62 71 766
71 62 766
62 67 935
67 62 935
62 62 451
62 62 451
63 69 780
69 63 780
64 67 398
67 64 398
64 71 138
71 64 138
64 70 696
70 64 696
65 65 244
65 65 244
65 69 63
69 65 63
65 65 313
65 65 313
67 68 484
68 67 484
68 69 508
69 68 508
