90

0 1 198
1 0 198
0 19 391
19 0 391
0 32 535
32 0 535
0 75 382
75 0 382
0 58 868
58 0 868
0 62 256
62 0 256
0 51 869
51 0 869
0 56 308
56 0 308
0 81 573
81 0 573
0 9 161
9 0 161
0 56 788
56 0 788
0 2 366
2 0 366
1 2 271
2 1 271
1 3 823
3 1 823
1 6 825
6 1 825
1 16 644
16 1 644
1 27 232
27 1 232
1 34 63
34 1 63
1 31 186
31 1 186
1 79 730
79 1 730
1 26 377
26 1 377
1 40 726
40 1 726
1 79 253
79 1 253
1 78 900
78 1 900
1 1 845
1 1 845
1 16 645
16 1 645
2 5 436
5 2 436
2 12 442
12 2 442
2 22 597
22 2 597
2 50 768
50 2 768
2 43 235
43 2 235
2 21 420
21 2 420
2 10 980
10 2 980
2 18 958
18 2 958
2 68 931
68 2 931
3 4 968
4 3 968
3 11 57
11 3 57
3 28 868
28 3 868
3 34 162
34 3 162
3 9 575
9 3 575
3 79 21
79 3 21
3 62 938
62 3 938
3 69 635
69 3 635
3 19 482
19 3 482
3 25 587
25 3 587
3 23 343
23 3 343
3 16 793
16 3 793
3 29 686
29 3 686
3 69 711
69 3 711
3 32 275
32 3 275
4 7 845
7 4 845
4 29 895
29 4 895
4 70 284
70 4 284
4 4 135
4 4 135
4 38 613
38 4 613
4 11 713
11 4 713
4 36 924
36 4 924
4 8 50
8 4 50
4 25 393
25 4 393
5 84 545
84 5 545
5 51 961
51 5 961
5 43 796
43 5 796
5 28 162
28 5 162
5 16 305
16 5 305
5 59 49
59 5 49
5 20 478
20 5 478
5 36 426
36 5 426
6 8 128
8 6 128
6 9 997
9 6 997
6 14 448
14 6 448
6 18 968
18 6 968
6 78 475
78 6 475
6 17 35
17 6 35
6 85 550
85 6 550
6 46 794
46 6 794
6 89 197
89 6 197
6 12 573
12 6 573
6 72 593
72 6 593
6 14 638
14 6 638
6 14 663
14 6 663
6 25 885
25 6 885
7 13 3
13 7 3
7 22 286
22 7 286
7 42 169
42 7 169
7 28 56
28 7 56
7 76 237
76 7 237
7 14 352
14 7 352
7 21 828
21 7 828
7 78 337
78 7 337
8 10 405
10 8 405
8 61 693
61 8 693
8 12 308
12 8 308
8 66 682
66 8 682
8 30 111
30 8 111
8 53 144
53 8 144
9 15 330
15 9 330
9 41 992
41 9 992
9 81 904
81 9 904
9 89 242
89 9 242
9 51 756
51 9 756
9 34 426
34 9 426
9 33 208
33 9 208
9 48 321
48 9 321
9 61 566
61 9 566
10 25 355
25 10 355
10 40 664
40 10 664
10 52 700
52 10 700
10 62 383
62 10 383
10 25 900
25 10 900
10 68 704
68 10 704
10 68 213
68 10 213
10 40 370
40 10 370
10 12 562
12 10 562
11 57 459
57 11 459
11 49 85
49 11 85
11 23 119
23 11 119
11 53 842
53 11 842
11 58 669
58 11 669
11 76 774
76 11 774
11 84 750
84 11 750
11 46 825
46 11 825
11 76 770
76 11 770
11 60 232
60 11 232
12 39 241
39 12 241
12 16 643
16 12 643
12 13 382
13 12 382
12 14 247
14 12 247
12 69 89
69 12 89
12 73 484
73 12 484
12 73 789
73 12 789
12 36 512
36 12 512
12 15 866
15 12 866
13 21 378
21 13 378
13 23 594
23 13 594
13 63 694
63 13 694
13 67 788
67 13 788
13 39 802
39 13 802
13 42 389
42 13 389
13 50 653
50 13 653
13 22 423
22 13 423
13 67 15
67 13 15
13 44 658
44 13 658
13 45 973
45 13 973
13 36 710
36 13 710
13 72 585
72 13 585
14 38 128
38 14 128
14 57 905
57 14 905
14 69 434
69 14 434
14 59 160
59 14 160
14 64 658
64 14 658
14 48 840
48 14 840
14 39 171
39 14 171
15 17 102
17 15 102
15 26 905
26 15 905
15 74 625
74 15 625
15 55 814
55 15 814
15 26 6
26 15 6
15 66 224
66 15 224
15 17 314
17 15 314
15 59 334
59 15 334
15 27 968
27 15 968
15 57 588
57 15 588
15 76 625
76 15 625
15 75 75
75 15 75
15 88 566
88 15 566
15 25 890
25 15 890
16 20 17
20 16 17
16 77 220
77 16 220
16 50 841
50 16 841
16 29 433
29 16 433
16 68 825
68 16 825
16 49 732
49 16 732
16 75 413
75 16 413
16 70 328
70 16 328
17 38 17
38 17 17
17 47 556
47 17 556
17 58 44
58 17 44
17 59 946
59 17 946
17 66 100
66 17 100
17 76 557
76 17 557
17 34 522
34 17 522
17 69 58
69 17 58
17 72 946
72 17 946
17 55 229
55 17 229
17 88 172
88 17 172
17 38 293
38 17 293
17 54 86
54 17 86
17 36 234
36 17 234
17 38 912
38 17 912
17 47 981
47 17 981
17 47 193
47 17 193
18 64 946
64 18 946
18 65 659
65 18 659
18 59 641
59 18 641
18 80 57
80 18 57
18 75 177
75 18 177
18 31 944
31 18 944
18 53 746
53 18 746
18 71 396
71 18 396
18 58 267
58 18 267
18 62 83
62 18 83
18 22 962
22 18 962
19 24 314
24 19 314
19 37 101
37 19 101
19 42 221
42 19 221
19 43 191
43 19 191
19 63 163
63 19 163
19 67 538
67 19 538
20 30 138
30 20 138
20 84 643
84 20 643
20 52 9
52 20 9
20 67 444
67 20 444
21 35 227
35 21 227
21 26 52
26 21 52
21 28 176
28 21 176
21 29 369
29 21 369
21 48 908
48 21 908
21 55 534
55 21 534
21 86 924
86 21 924
21 28 413
28 21 413
22 50 794
50 22 794
22 56 191
56 22 191
22 46 865
46 22 865
22 50 841
50 22 841
22 60 810
60 22 810
22 79 689
79 22 689
22 30 22
30 22 22
22 60 927
60 22 927
23 44 799
44 23 799
23 46 451
46 23 451
23 29 759
29 23 759
23 72 642
72 23 642
23 78 193
78 23 193
23 60 210
60 23 210
23 52 403
52 23 403
23 27 836
27 23 836
24 33 400
33 24 400
24 67 633
67 24 633
24 31 453
31 24 453
24 29 872
29 24 872
24 38 51
38 24 51
24 77 666
77 24 666
25 46 176
46 25 176
25 33 756
33 25 756
25 77 458
77 25 458
25 46 337
46 25 337
25 42 317
42 25 317
25 55 441
55 25 441
25 89 434
89 25 434
25 27 551
27 25 551
25 46 354
46 25 354
26 68 387
68 26 387
26 62 168
62 26 168
26 49 206
49 26 206
26 33 653
33 26 653
26 52 223
52 26 223
26 38 691
38 26 691
26 53 564
53 26 564
26 73 852
73 26 852
26 80 768
80 26 768
26 51 953
51 26 953
26 42 237
42 26 237
27 80 304
80 27 304
27 88 549
88 27 549
27 82 472
82 27 472
27 71 827
71 27 827
27 86 931
86 27 931
28 43 480
43 28 480
28 45 645
45 28 645
28 54 124
54 28 124
28 34 290
34 28 290
28 36 355
36 28 355
28 66 537
66 28 537
28 40 508
40 28 508
28 82 985
82 28 985
29 31 559
31 29 559
29 76 849
76 29 849
29 79 243
79 29 243
29 61 346
61 29 346
29 64 6
64 29 6
30 54 45
54 30 45
30 73 819
73 30 819
30 78 353
78 30 353
30 39 568
39 30 568
30 47 542
47 30 542
30 40 788
40 30 788
30 65 892
65 30 892
31 55 630
55 31 630
31 69 438
69 31 438
31 60 814
60 31 814
31 33 788
33 31 788
31 67 301
67 31 301
31 77 796
77 31 796
31 84 426
84 31 426
32 72 483
72 32 483
32 87 308
87 32 308
32 36 642
36 32 642
32 57 797
57 32 797
32 66 823
66 32 823
33 56 36
56 33 36
33 51 680
51 33 680
33 73 924
73 33 924
33 79 126
79 33 126
33 70 762
70 33 762
33 45 764
45 33 764
34 47 242
47 34 242
34 42 4
42 34 4
34 49 11
49 34 11
34 83 991
83 34 991
34 59 758
59 34 758
34 66 814
66 34 814
34 79 882
79 34 882
35 36 299
36 35 299
35 80 408
80 35 408
35 39 416
39 35 416
35 74 611
74 35 611
35 43 363
43 35 363
35 45 768
45 35 768
36 65 315
65 36 315
36 82 25
82 36 25
36 44 764
44 36 764
36 49 769
49 36 769
36 55 770
55 36 770
36 69 553
69 36 553
36 75 785
75 36 785
37 53 888
53 37 888
37 39 551
39 37 551
37 61 641
61 37 641
37 59 129
59 37 129
37 69 973
69 37 973
38 51 720
51 38 720
38 85 29
85 38 29
38 50 131
50 38 131
38 57 928
57 38 928
38 59 268
59 38 268
38 70 684
70 38 684
38 75 805
75 38 805
38 41 537
41 38 537
38 88 470
88 38 470
39 60 239
60 39 239
39 62 260
62 39 260
39 49 390
49 39 390
39 73 140
73 39 140
39 59 147
59 39 147
39 88 930
88 39 930
39 89 293
89 39 293
39 52 658
52 39 658
39 40 301
40 39 301
40 56 972
56 40 972
40 57 532
57 40 532
40 87 387
87 40 387
40 79 172
79 40 172
40 58 241
58 40 241
41 83 592
83 41 592
41 78 532
78 41 532
41 43 279
43 41 279
41 74 354
74 41 354
41 74 675
74 41 675
41 83 532
83 41 532
42 52 643
52 42 643
42 71 367
71 42 367
42 77 515
77 42 515
43 48 503
48 43 503
43 66 586
66 43 586
43 65 192
65 43 192
43 51 353
51 43 353
43 78 437
78 43 437
43 68 219
68 43 219
43 83 531
83 43 531
43 74 433
74 43 433
44 69 251
69 44 251
44 50 187
50 44 187
44 53 919
53 44 919
44 60 707
60 44 707
44 87 968
87 44 968
45 68 763
68 45 763
45 78 390
78 45 390
45 48 235
48 45 235
45 87 526
87 45 526
46 66 114
66 46 114
46 75 301
75 46 301
46 86 419
86 46 419
47 53 728
53 47 728
47 76 879
76 47 879
47 76 509
76 47 509
47 61 595
61 47 595
47 72 485
72 47 485
47 88 299
88 47 299
47 87 618
87 47 618
48 49 734
49 48 734
49 69 139
69 49 139
49 53 532
53 49 532
49 86 183
86 49 183
51 82 186
82 51 186
51 85 282
85 51 282
51 59 377
59 51 377
51 76 880
76 51 880
51 68 318
68 51 318
52 77 632
77 52 632
52 53 132
53 52 132
52 88 985
88 52 985
52 79 483
79 52 483
52 76 374
76 52 374
52 78 944
78 52 944
53 62 566
62 53 566
53 55 458
55 53 458
53 59 156
59 53 156
53 79 90
79 53 90
53 62 413
62 53 413
53 85 131
85 53 131
53 70 49
70 53 49
53 64 66
64 53 66
53 55 374
55 53 374
53 84 948
84 53 948
54 61 757
61 54 757
54 85 869
85 54 869
54 82 254
82 54 254
54 59 768
59 54 768
54 67 405
67 54 405
54 77 665
77 54 665
55 88 721
88 55 721
55 73 455
73 55 455
55 61 24
61 55 24
56 59 546
59 56 546
56 77 634
77 56 634
56 64 541
64 56 541
57 59 655
59 57 655
57 71 605
71 57 605
58 68 712
68 58 712
59 61 946
61 59 946
59 76 987
76 59 987
59 61 662
61 59 662
60 67 699
67 60 699
60 75 188
75 60 188
60 75 714
75 60 714
60 89 495
89 60 495
60 75 278
75 60 278
60 74 433
74 60 433
61 73 826
73 61 826
61 76 635
76 61 635
61 72 760
72 61 760
61 88 21
88 61 21
61 77 333
77 61 333
63 73 385
73 63 385
63 79 359
79 63 359
64 71 682
71 64 682
64 71 208
71 64 208
64 88 810
88 64 810
65 67 963
67 65 963
66 70 816
70 66 816
66 78 938
78 66 938
66 66 799
66 66 799
67 79 804
79 67 804
68 76 123
76 68 123
68 70 788
70 68 788
68 80 952
80 68 952
68 88 258
88 68 258
69 79 117
79 69 117
70 76 922
76 70 922
70 80 65
80 70 65
70 80 663
80 70 663
71 78 666
78 71 666
71 83 46
83 71 46
71 79 166
79 71 166
71 89 462
89 71 462
71 75 88
75 71 88
72 73 443
73 72 443
73 82 827
82 73 827
75 82 410
82 75 410
76 87 662
87 76 662
76 88 800
88 76 800
76 78 741
78 76 741
78 82 174
82 78 174
78 79 431
79 78 431
78 78 64
78 78 64
80 86 39
86 80 39
80 89 788
89 80 788
81 83 509
83 81 509
83 86 453
86 83 453
85 86 748
86 85 748
86 89 768
89 86 768
