82

0 1 642
1 0 642
0 2 631
2 0 631
0 47 464
47 0 464
0 14 371
14 0 371
0 71 631
71 0 631
0 10 345
10 0 345
0 66 942
66 0 942
0 81 4
81 0 4
0 21 224
21 0 224
0 40 547
40 0 547
0 77 727
77 0 727
0 27 545
27 0 545
1 3 62
3 1 62
1 55 693
55 1 693
1 64 266
64 1 266
1 65 141
65 1 141
1 23 911
23 1 911
1 17 306
17 1 306
1 7 794
7 1 794
1 12 253
12 1 253
1 58 323
58 1 323
1 21 535
21 1 535
1 16 670
16 1 670
1 48 741
48 1 741
1 31 518
31 1 518
1 53 315
53 1 315
1 34 746
34 1 746
2 23 350
23 2 350
2 25 784
25 2 784
2 26 511
26 2 511
2 25 386
25 2 386
2 61 235
61 2 235
2 6 341
6 2 341
2 33 221
33 2 221
2 69 439
69 2 439
3 4 126
4 3 126
3 5 74
5 3 74
3 8 832
8 3 832
3 22 321
22 3 321
3 40 830
40 3 830
3 61 494
61 3 494
3 71 72
71 3 72
3 22 284
22 3 284
3 3 608
3 3 608
3 29 738
29 3 738
3 20 491
20 3 491
3 63 833
63 3 833
4 6 283
6 4 283
4 7 713
7 4 713
4 12 284
12 4 284
4 63 67
63 4 67
4 26 81
26 4 81
4 61 584
61 4 584
4 34 146
34 4 146
4 36 119
36 4 119
4 38 602
38 4 602
4 20 14
20 4 14
4 23 704
23 4 704
4 23 864
23 4 864
4 78 386
78 4 386
4 68 921
68 4 921
4 80 87
80 4 87
4 48 300
48 4 300
4 5 484
5 4 484
5 15 729
15 5 729
5 24 746
24 5 746
5 68 63
68 5 63
5 75 986
75 5 986
5 10 746
10 5 746
5 9 719
9 5 719
5 36 40
36 5 40
5 38 741
38 5 741
5 50 834
50 5 834
5 79 476
79 5 476
6 10 183
10 6 183
6 11 890
11 6 890
6 37 350
37 6 350
6 43 275
43 6 275
6 50 990
50 6 990
6 72 420
72 6 420
6 80 925
80 6 925
6 50 162
50 6 162
6 80 125
80 6 125
6 15 657
15 6 657
6 53 150
53 6 150
6 25 492
25 6 492
7 9 141
9 7 141
7 17 952
17 7 952
7 19 492
19 7 492
7 58 339
58 7 339
7 59 999
59 7 999
7 73 880
73 7 880
7 50 749
50 7 749
7 29 696
29 7 696
7 57 611
57 7 611
8 14 935
14 8 935
8 16 181
16 8 181
8 20 695
20 8 695
8 36 329
36 8 329
8 39 573
39 8 573
8 70 628
70 8 628
8 27 526
27 8 526
8 25 845
25 8 845
8 62 22
62 8 22
8 57 283
57 8 283
8 17 838
17 8 838
8 34 173
34 8 173
9 78 850
78 9 850
9 11 341
11 9 341
9 24 507
24 9 507
9 64 627
64 9 627
9 39 73
39 9 73
9 77 255
77 9 255
10 13 157
13 10 157
10 46 292
46 10 292
10 18 884
18 10 884
10 69 358
69 10 358
10 23 71
23 10 71
10 46 730
46 10 730
11 22 778
22 11 778
11 49 321
49 11 321
11 44 585
44 11 585
11 73 472
73 11 472
11 55 723
55 11 723
11 55 708
55 11 708
12 18 920
18 12 920
12 33 730
33 12 730
12 18 968
18 12 968
12 21 508
21 12 508
12 66 105
66 12 105
12 71 915
71 12 915
12 64 91
64 12 91
12 75 812
75 12 812
12 72 588
72 12 588
12 62 512
62 12 512
12 63 492
63 12 492
12 20 538
20 12 538
12 55 716
55 12 716
13 28 865
28 13 865
13 34 641
34 13 641
13 37 399
37 13 399
13 65 42
65 13 42
13 60 910
60 13 910
13 46 7
46 13 7
13 24 626
24 13 626
13 20 238
20 13 238
13 30 431
30 13 431
13 77 512
77 13 512
14 32 963
32 14 963
14 30 460
30 14 460
14 71 742
71 14 742
14 29 298
29 14 298
14 73 691
73 14 691
14 70 335
70 14 335
15 41 751
41 15 751
15 74 580
74 15 580
15 36 321
36 15 321
15 48 385
48 15 385
15 17 419
17 15 419
15 67 726
67 15 726
15 21 253
21 15 253
16 73 223
73 16 223
16 43 519
43 16 519
16 73 358
73 16 358
16 58 912
58 16 912
16 35 675
35 16 675
16 18 533
18 16 533
16 33 786
33 16 786
16 67 750
67 16 750
17 35 233
35 17 233
17 67 833
67 17 833
17 21 366
21 17 366
17 21 633
21 17 633
17 67 604
67 17 604
17 48 79
48 17 79
17 40 968
40 17 968
17 49 539
49 17 539
17 63 475
63 17 475
17 79 295
79 17 295
18 21 107
21 18 107
18 32 483
32 18 483
18 63 391
63 18 391
18 66 827
66 18 827
18 79 656
79 18 656
18 20 410
20 18 410
18 81 284
81 18 284
18 35 102
35 18 102
19 60 920
60 19 920
19 48 137
48 19 137
19 23 605
23 19 605
19 31 298
31 19 298
19 39 420
39 19 420
19 54 434
54 19 434
19 55 430
55 19 430
19 73 705
73 19 705
19 59 402
59 19 402
19 66 821
66 19 821
20 42 240
42 20 240
20 77 508
77 20 508
20 55 782
55 20 782
20 72 937
72 20 937
20 33 238
33 20 238
20 72 651
72 20 651
20 79 922
79 20 922
20 34 925
34 20 925
20 49 508
49 20 508
20 38 171
38 20 171
21 51 962
51 21 962
21 76 172
76 21 172
21 60 257
60 21 257
21 61 199
61 21 199
21 74 915
74 21 915
21 24 275
24 21 275
21 62 135
62 21 135
21 55 766
55 21 766
21 43 445
43 21 445
21 38 74
38 21 74
22 29 662
29 22 662
22 27 78
27 22 78
22 26 387
26 22 387
22 53 624
53 22 624
22 79 868
79 22 868
22 43 26
43 22 26
23 30 56
30 23 56
23 44 285
44 23 285
23 58 868
58 23 868
23 65 320
65 23 320
23 25 900
25 23 900
23 37 823
37 23 823
23 61 967
61 23 967
24 49 457
49 24 457
24 50 187
50 24 187
24 42 955
42 24 955
24 31 40
31 24 40
24 54 118
54 24 118
24 34 929
34 24 929
24 74 789
74 24 789
24 80 847
80 24 847
24 56 773
56 24 773
25 28 639
28 25 639
25 58 929
58 25 929
25 75 245
75 25 245
25 62 336
62 25 336
26 27 612
27 26 612
26 31 525
31 26 525
26 76 738
76 26 738
26 42 513
42 26 513
26 63 732
63 26 732
26 65 33
65 26 33
26 53 421
53 26 421
26 33 237
33 26 237
27 31 40
31 27 40
27 52 146
52 27 146
27 57 880
57 27 880
28 57 683
57 28 683
28 62 523
62 28 523
28 74 384
74 28 384
28 61 130
61 28 130
28 63 268
63 28 268
28 70 863
70 28 863
29 69 840
69 29 840
29 43 704
43 29 704
29 79 13
79 29 13
29 59 17
59 29 17
29 33 640
33 29 640
30 60 94
60 30 94
30 58 591
58 30 591
30 77 668
77 30 668
31 45 682
45 31 682
32 66 565
66 32 565
32 61 880
61 32 880
32 53 565
53 32 565
32 60 610
60 32 610
32 46 302
46 32 302
32 68 274
68 32 274
33 38 912
38 33 912
33 44 474
44 33 474
33 34 643
34 33 643
33 37 827
37 33 827
33 43 693
43 33 693
34 45 122
45 34 122
34 73 812
73 34 812
34 77 618
77 34 618
34 54 124
54 34 124
34 61 914
61 34 914
35 74 672
74 35 672
35 40 344
40 35 344
35 37 691
37 35 691
35 52 551
52 35 551
36 66 22
66 36 22
36 67 658
67 36 658
36 52 330
52 36 330
36 47 399
47 36 399
37 54 886
54 37 886
37 69 928
69 37 928
37 61 840
61 37 840
37 79 942
79 37 942
37 81 541
81 37 541
38 40 766
40 38 766
38 48 137
48 38 137
38 44 650
44 38 650
38 55 539
55 38 539
39 45 6
45 39 6
39 49 224
49 39 224
39 74 986
74 39 986
39 53 78
53 39 78
40 48 967
48 40 967
40 61 575
61 40 575
40 43 737
43 40 737
40 74 254
74 40 254
41 56 526
56 41 526
41 79 444
79 41 444
41 53 392
53 41 392
41 56 666
56 41 666
41 69 822
69 41 822
42 59 665
59 42 665
42 77 444
77 42 444
42 47 965
47 42 965
42 77 23
77 42 23
42 67 885
67 42 885
43 64 330
64 43 330
43 68 864
68 43 864
44 48 210
48 44 210
44 52 293
52 44 293
44 75 166
75 44 166
44 46 573
46 44 573
44 57 834
57 44 834
45 62 618
62 45 618
45 74 1000
74 45 1000
45 73 59
73 45 59
47 77 74
77 47 74
47 80 188
80 47 188
47 53 21
53 47 21
47 58 191
58 47 191
48 53 634
53 48 634
48 48 588
48 48 588
48 69 483
69 48 483
50 52 242
52 50 242
50 78 392
78 50 392
50 57 227
57 50 227
50 61 38
61 50 38
51 52 788
52 51 788
51 81 552
81 51 552
51 56 730
56 51 730
51 66 340
66 51 340
51 78 691
78 51 691
51 57 526
57 51 526
51 60 804
60 51 804
51 81 785
81 51 785
52 65 181
65 52 181
52 54 410
54 52 410
52 80 596
80 52 596
53 56 754
56 53 754
53 63 156
63 53 156
53 77 947
77 53 947
54 63 670
63 54 670
54 68 390
68 54 390
54 59 104
59 54 104
55 66 594
66 55 594
55 59 350
59 55 350
55 64 154
64 55 154
55 60 328
60 55 328
56 73 73
73 56 73
56 77 428
77 56 428
57 78 895
78 57 895
57 79 942
79 57 942
57 60 872
60 57 872
58 67 870
67 58 870
58 75 258
75 58 258
58 78 616
78 58 616
60 80 65
80 60 65
60 66 252
66 60 252
61 74 915
74 61 915
61 72 767
72 61 767
61 66 322
66 61 322
62 64 258
64 62 258
62 76 37
76 62 37
63 77 627
77 63 627
63 69 46
69 63 46
63 71 976
71 63 976
63 64 933
64 63 933
64 75 942
75 64 942
65 71 485
71 65 485
66 78 182
78 66 182
68 69 682
69 68 682
69 73 995
73 69 995
70 80 306
80 70 306
70 79 490
79 70 490
70 77 435
77 70 435
72 75 403
75 72 403
73 74 814
74 73 814
73 74 417
74 73 417
74 80 169
80 74 169
