58

0 1 753
1 0 753
0 3 361
3 0 361
0 12 121
12 0 121
0 13 349
13 0 349
0 15 152
15 0 152
0 44 642
44 0 642
0 1 894
1 0 894
0 6 232
6 0 232
1 2 614
2 1 614
1 19 555
19 1 555
1 46 459
46 1 459
1 54 22
54 1 22
1 49 960
49 1 960
1 49 1
49 1 1
1 18 738
18 1 738
1 53 224
53 1 224
2 11 678
11 2 678
2 34 202
34 2 202
2 9 337
9 2 337
2 22 22
22 2 22
2 23 210
23 2 210
2 30 686
30 2 686
3 4 446
4 3 446
3 5 222
5 3 222
3 6 558
6 3 558
3 37 173
37 3 173
3 12 517
12 3 517
4 24 401
24 4 401
4 52 63
52 4 63
4 21 751
21 4 751
4 13 734
13 4 734
5 17 43
17 5 43
5 28 839
28 5 839
5 49 833
49 5 833
5 51 891
51 5 891
5 20 605
20 5 605
5 23 242
23 5 242
5 21 428
21 5 428
5 36 132
36 5 132
5 51 9
51 5 9
6 7 438
7 6 438
6 9 413
9 6 413
6 20 556
20 6 556
6 27 116
27 6 116
6 31 802
31 6 802
6 51 455
51 6 455
6 41 373
41 6 373
6 55 189
55 6 189
6 9 120
9 6 120
6 38 899
38 6 899
6 55 995
55 6 995
6 46 762
46 6 762
6 48 628
48 6 628
6 26 195
26 6 195
6 18 916
18 6 916
6 39 418
39 6 418
6 46 484
46 6 484
7 8 922
8 7 922
7 23 39
23 7 39
7 29 61
29 7 61
7 31 272
31 7 272
7 47 147
47 7 147
7 32 875
32 7 875
7 7 615
7 7 615
8 10 785
10 8 785
8 11 797
11 8 797
8 14 222
14 8 222
8 22 656
22 8 656
8 12 357
12 8 357
8 42 582
42 8 582
9 16 217
16 9 217
9 48 719
48 9 719
9 39 564
39 9 564
9 31 672
31 9 672
9 24 62
24 9 62
10 53 494
53 10 494
10 54 239
54 10 239
10 47 246
47 10 246
10 19 347
19 10 347
10 49 292
49 10 292
10 18 702
18 10 702
10 27 296
27 10 296
10 45 727
45 10 727
10 47 786
47 10 786
10 57 896
57 10 896
11 14 655
14 11 655
11 40 299
40 11 299
11 15 978
15 11 978
11 49 334
49 11 334
11 47 672
47 11 672
11 29 457
29 11 457
12 25 485
25 12 485
12 18 543
18 12 543
12 16 492
16 12 492
12 46 902
46 12 902
13 36 404
36 13 404
13 50 728
50 13 728
13 57 229
57 13 229
13 19 479
19 13 479
14 21 968
21 14 968
14 26 482
26 14 482
14 32 467
32 14 467
14 45 383
45 14 383
14 52 645
52 14 645
14 36 841
36 14 841
14 51 68
51 14 68
14 51 444
51 14 444
14 31 91
31 14 91
14 29 740
29 14 740
14 27 530
27 14 530
15 38 808
38 15 808
15 39 975
39 15 975
15 47 506
47 15 506
15 25 813
25 15 813
15 45 482
45 15 482
16 24 214
24 16 214
16 43 100
43 16 100
16 26 702
26 16 702
16 42 817
42 16 817
16 42 112
42 16 112
16 21 491
21 16 491
16 51 869
51 16 869
16 35 45
35 16 45
16 28 221
28 16 221
17 18 546
18 17 546
17 42 713
42 17 713
17 46 142
46 17 142
17 46 561
46 17 561
17 34 48
34 17 48
17 32 461
32 17 461
17 41 845
41 17 845
18 57 527
57 18 527
18 30 364
30 18 364
18 26 381
26 18 381
18 45 960
45 18 960
18 49 236
49 18 236
18 26 380
26 18 380
19 47 303
47 19 303
19 55 612
55 19 612
19 49 706
49 19 706
19 29 275
29 19 275
19 41 25
41 19 25
19 49 103
49 19 103
19 25 951
25 19 951
19 33 797
33 19 797
19 31 433
31 19 433
19 50 149
50 19 149
20 41 425
41 20 425
20 33 360
33 20 360
20 32 866
32 20 866
20 50 375
50 20 375
20 36 821
36 20 821
20 38 505
38 20 505
21 22 994
22 21 994
21 52 918
52 21 918
22 28 279
28 22 279
22 36 924
36 22 924
23 36 788
36 23 788
23 52 792
52 23 792
23 29 393
29 23 393
23 54 730
54 23 730
24 35 878
35 24 878
24 56 817
56 24 817
24 53 845
53 24 845
24 39 954
39 24 954
24 26 385
26 24 385
24 47 728
47 24 728
24 31 470
31 24 470
25 30 64
30 25 64
25 36 738
36 25 738
25 42 712
42 25 712
25 41 537
41 25 537
26 33 239
33 26 239
26 34 476
34 26 476
26 57 414
57 26 414
26 33 858
33 26 858
27 28 337
28 27 337
27 38 785
38 27 785
27 51 995
51 27 995
27 37 416
37 27 416
28 40 428
40 28 428
28 44 560
44 28 560
28 50 929
50 28 929
28 50 321
50 28 321
28 48 576
48 28 576
28 54 173
54 28 173
28 47 396
47 28 396
28 44 440
44 28 440
28 42 894
42 28 894
29 53 865
53 29 865
29 34 332
34 29 332
29 49 914
49 29 914
30 36 779
36 30 779
30 44 501
44 30 501
30 30 968
30 30 968
31 39 166
39 31 166
31 33 963
33 31 963
31 52 398
52 31 398
32 51 53
51 32 53
33 56 260
56 33 260
33 46 459
46 33 459
34 44 930
44 34 930
34 39 57
39 34 57
35 37 759
37 35 759
35 48 970
48 35 970
35 41 1000
41 35 1000
36 46 336
46 36 336
37 42 786
42 37 786
37 43 157
43 37 157
37 44 239
44 37 239
38 57 555
57 38 555
38 39 318
39 38 318
39 52 430
52 39 430
40 54 247
54 40 247
40 40 982
40 40 982
41 55 452
55 41 452
41 51 824
51 41 824
41 42 582
42 41 582
42 49 603
49 42 603
42 55 956
55 42 956
42 52 286
52 42 286
44 52 742
52 44 742
44 50 418
50 44 418
45 47 26
47 45 26
45 49 982
49 45 982
45 54 994
54 45 994
45 51 98
51 45 98
50 54 809
54 50 809
50 56 167
56 50 167
