84

0 1 225
1 0 225
0 3 796
3 0 796
0 20 488
20 0 488
0 40 654
40 0 654
0 50 89
50 0 89
0 76 344
76 0 344
0 11 427
11 0 427
0 54 846
54 0 846
0 67 188
67 0 188
0 68 767
68 0 767
0 78 876
78 0 876
0 38 497
38 0 497
0 46 671
46 0 671
0 70 240
70 0 240
1 2 987
2 1 987
1 13 813
13 1 813
1 10 379
10 1 379
1 8 95
8 1 95
1 72 286
72 1 286
1 74 7
74 1 7
1 79 475
79 1 475
1 46 956
46 1 956
1 57 282
57 1 282
1 3 870
3 1 870
1 41 234
41 1 234
2 4 617
4 2 617
2 14 166
14 2 166
2 19 608
19 2 608
2 48 213
48 2 213
2 72 205
72 2 205
2 72 303
72 2 303
2 81 566
81 2 566
2 14 201
14 2 201
2 56 375
56 2 375
3 46 928
46 3 928
3 82 504
82 3 504
3 30 329
30 3 329
3 43 862
43 3 862
3 10 607
10 3 607
3 41 825
41 3 825
3 28 289
28 3 289
3 36 986
36 3 986
3 20 736
20 3 736
3 47 511
47 3 511
3 13 925
13 3 925
3 10 778
10 3 778
3 52 186
52 3 186
3 62 566
62 3 566
4 5 914
5 4 914
4 8 960
8 4 960
4 10 445
10 4 445
4 22 477
22 4 477
4 75 149
75 4 149
4 43 884
43 4 884
4 32 275
32 4 275
4 37 602
37 4 602
4 49 46
49 4 46
4 48 741
48 4 741
4 57 745
57 4 745
5 6 616
6 5 616
5 7 874
7 5 874
5 9 222
9 5 222
5 19 831
19 5 831
5 68 891
68 5 891
5 11 746
11 5 746
5 70 57
70 5 57
5 28 435
28 5 435
6 33 246
33 6 246
6 36 614
36 6 614
6 19 473
19 6 473
6 59 987
59 6 987
6 13 916
13 6 916
6 58 389
58 6 389
6 80 994
80 6 994
7 12 246
12 7 246
7 82 887
82 7 887
7 8 291
8 7 291
7 71 626
71 7 626
7 54 564
54 7 564
7 70 270
70 7 270
7 49 9
49 7 9
7 64 744
64 7 744
7 11 435
11 7 435
7 40 113
40 7 113
7 57 189
57 7 189
7 11 764
11 7 764
7 20 860
20 7 860
8 18 773
18 8 773
8 10 51
10 8 51
8 59 765
59 8 765
8 8 686
8 8 686
8 41 968
41 8 968
8 54 863
54 8 863
8 61 747
61 8 747
8 76 664
76 8 664
8 71 744
71 8 744
8 54 138
54 8 138
9 11 464
11 9 464
9 16 503
16 9 503
9 42 239
42 9 239
9 35 907
35 9 907
9 57 21
57 9 21
9 19 445
19 9 445
9 82 845
82 9 845
9 75 957
75 9 957
10 79 590
79 10 590
10 57 159
57 10 159
10 35 134
35 10 134
10 77 465
77 10 465
10 38 975
38 10 975
10 33 497
33 10 497
10 32 298
32 10 298
10 64 238
64 10 238
10 58 524
58 10 524
11 79 639
79 11 639
11 36 859
36 11 859
11 22 165
22 11 165
11 49 739
49 11 739
11 39 507
39 11 507
11 26 204
26 11 204
11 22 771
22 11 771
11 28 96
28 11 96
11 36 539
36 11 539
11 62 101
62 11 101
12 53 654
53 12 654
12 29 496
29 12 496
12 77 750
77 12 750
12 17 453
17 12 453
12 51 36
51 12 36
12 36 880
36 12 880
12 62 519
62 12 519
12 30 378
30 12 378
13 15 287
15 13 287
13 17 419
17 13 419
13 77 946
77 13 946
13 48 840
48 13 840
13 35 918
35 13 918
13 83 963
83 13 963
13 21 741
21 13 741
13 63 710
63 13 710
13 74 872
74 13 872
13 48 155
48 13 155
14 44 897
44 14 897
14 21 612
21 14 612
14 46 204
46 14 204
14 46 316
46 14 316
14 74 918
74 14 918
14 16 469
16 14 469
14 16 901
16 14 901
14 53 432
53 14 432
14 44 426
44 14 426
14 69 747
69 14 747
15 24 319
24 15 319
15 25 397
25 15 397
15 57 775
57 15 775
15 32 809
32 15 809
15 38 476
38 15 476
15 62 183
62 15 183
15 62 741
62 15 741
15 67 895
67 15 895
15 80 570
80 15 570
15 31 230
31 15 230
15 43 657
43 15 657
15 22 425
22 15 425
16 75 137
75 16 137
16 55 123
55 16 123
16 61 122
61 16 122
16 53 281
53 16 281
16 23 440
23 16 440
16 73 678
73 16 678
16 28 610
28 16 610
16 61 838
61 16 838
17 28 866
28 17 866
17 35 853
35 17 853
17 72 588
72 17 588
17 21 116
21 17 116
17 30 231
30 17 231
17 21 700
21 17 700
17 74 26
74 17 26
17 83 122
83 17 122
17 23 13
23 17 13
17 30 194
30 17 194
17 19 198
19 17 198
18 21 84
21 18 84
18 73 890
73 18 890
18 38 727
38 18 727
18 58 246
58 18 246
18 27 507
27 18 507
18 57 745
57 18 745
19 29 530
29 19 530
19 60 16
60 19 16
19 80 433
80 19 433
19 21 21
21 19 21
19 76 937
76 19 937
19 54 303
54 19 303
19 47 637
47 19 637
19 29 140
29 19 140
19 29 811
29 19 811
19 52 705
52 19 705
19 83 200
83 19 200
19 70 532
70 19 532
20 71 652
71 20 652
20 20 531
20 20 531
20 23 732
23 20 732
20 32 139
32 20 139
20 83 879
83 20 879
20 51 336
51 20 336
20 36 629
36 20 629
20 22 41
22 20 41
21 27 401
27 21 401
21 31 810
31 21 810
21 64 825
64 21 825
21 81 695
81 21 695
21 74 521
74 21 521
21 25 588
25 21 588
21 65 728
65 21 728
21 35 649
35 21 649
21 21 306
21 21 306
21 31 614
31 21 614
22 23 277
23 22 277
22 61 304
61 22 304
22 66 883
66 22 883
22 35 485
35 22 485
22 62 178
62 22 178
22 74 597
74 22 597
23 26 716
26 23 716
23 73 500
73 23 500
23 61 292
61 23 292
23 73 649
73 23 649
23 23 583
23 23 583
23 32 116
32 23 116
23 56 489
56 23 489
23 54 838
54 23 838
23 77 533
77 23 533
23 29 983
29 23 983
23 69 337
69 23 337
23 27 386
27 23 386
24 38 134
38 24 134
24 32 429
32 24 429
24 26 626
26 24 626
24 25 155
25 24 155
24 67 936
67 24 936
24 55 640
55 24 640
24 52 567
52 24 567
24 42 197
42 24 197
24 41 824
41 24 824
25 55 471
55 25 471
25 42 145
42 25 145
25 80 140
80 25 140
25 35 78
35 25 78
26 30 798
30 26 798
26 49 133
49 26 133
26 53 169
53 26 169
26 66 151
66 26 151
26 62 387
62 26 387
26 73 235
73 26 235
26 48 69
48 26 69
27 73 367
73 27 367
27 41 89
41 27 89
27 51 158
51 27 158
27 55 754
55 27 754
27 39 954
39 27 954
27 70 46
70 27 46
27 48 399
48 27 399
27 38 254
38 27 254
28 37 361
37 28 361
28 56 122
56 28 122
28 28 228
28 28 228
28 63 908
63 28 908
28 33 698
33 28 698
28 38 667
38 28 667
29 41 474
41 29 474
29 44 95
44 29 95
30 45 209
45 30 209
30 68 591
68 30 591
30 56 542
56 30 542
30 81 398
81 30 398
31 32 22
32 31 22
31 37 563
37 31 563
31 50 74
50 31 74
31 76 364
76 31 364
31 71 773
71 31 773
31 34 606
34 31 606
31 78 886
78 31 886
31 64 493
64 31 493
31 38 569
38 31 569
31 72 567
72 31 567
32 51 11
51 32 11
32 69 382
69 32 382
32 52 170
52 32 170
32 35 716
35 32 716
32 51 636
51 32 636
32 59 729
59 32 729
32 57 867
57 32 867
32 50 234
50 32 234
33 34 785
34 33 785
33 52 812
52 33 812
33 42 288
42 33 288
33 82 320
82 33 320
33 53 7
53 33 7
33 48 74
48 33 74
33 53 324
53 33 324
33 41 261
41 33 261
34 38 214
38 34 214
34 42 25
42 34 25
34 83 741
83 34 741
34 77 608
77 34 608
34 52 864
52 34 864
34 73 288
73 34 288
34 55 221
55 34 221
34 74 281
74 34 281
34 58 989
58 34 989
34 81 684
81 34 684
35 39 752
39 35 752
35 63 356
63 35 356
35 60 338
60 35 338
35 53 453
53 35 453
35 40 20
40 35 20
35 77 950
77 35 950
35 62 485
62 35 485
35 74 887
74 35 887
35 64 116
64 35 116
35 55 518
55 35 518
35 43 827
43 35 827
35 53 472
53 35 472
36 67 186
67 36 186
36 53 922
53 36 922
36 80 227
80 36 227
36 79 730
79 36 730
36 49 762
49 36 762
36 64 610
64 36 610
36 72 585
72 36 585
37 72 934
72 37 934
37 40 843
40 37 843
37 82 931
82 37 931
37 48 447
48 37 447
38 43 365
43 38 365
38 72 740
72 38 740
38 65 915
65 38 915
38 47 97
47 38 97
38 53 94
53 38 94
38 56 853
56 38 853
38 76 919
76 38 919
39 52 957
52 39 957
39 73 70
73 39 70
39 51 970
51 39 970
39 41 225
41 39 225
39 44 77
44 39 77
41 47 666
47 41 666
41 81 867
81 41 867
41 81 449
81 41 449
41 64 852
64 41 852
41 75 690
75 41 690
41 82 204
82 41 204
42 70 843
70 42 843
42 75 355
75 42 355
43 73 776
73 43 776
43 48 663
48 43 663
43 73 999
73 43 999
43 62 666
62 43 666
43 44 375
44 43 375
44 60 895
60 44 895
44 46 745
46 44 745
44 52 567
52 44 567
45 57 990
57 45 990
45 54 641
54 45 641
45 78 755
78 45 755
45 47 953
47 45 953
45 59 523
59 45 523
46 80 477
80 46 477
46 47 406
47 46 406
46 67 706
67 46 706
46 49 356
49 46 356
46 57 998
57 46 998
46 71 115
71 46 115
47 65 489
65 47 489
47 50 943
50 47 943
47 49 652
49 47 652
47 51 575
51 47 575
47 64 105
64 47 105
48 81 171
81 48 171
48 83 374
83 48 374
48 80 10
80 48 10
48 67 931
67 48 931
48 70 814
70 48 814
48 80 32
80 48 32
48 57 920
57 48 920
48 75 768
75 48 768
49 54 781
54 49 781
49 79 50
79 49 50
49 79 556
79 49 556
49 67 396
67 49 396
49 53 406
53 49 406
50 59 195
59 50 195
50 67 116
67 50 116
50 71 729
71 50 729
50 77 256
77 50 256
50 70 689
70 50 689
50 54 32
54 50 32
51 73 434
73 51 434
51 83 634
83 51 634
51 65 495
65 51 495
51 68 198
68 51 198
52 81 672
81 52 672
52 74 970
74 52 970
52 56 346
56 52 346
52 56 448
56 52 448
52 72 69
72 52 69
52 70 829
70 52 829
53 78 700
78 53 700
54 60 380
60 54 380
54 61 266
61 54 266
54 59 156
59 54 156
54 54 437
54 54 437
54 78 340
78 54 340
54 58 738
58 54 738
54 73 976
73 54 976
55 63 437
63 55 437
55 61 814
61 55 814
56 58 206
58 56 206
57 67 46
67 57 46
58 75 303
75 58 303
58 69 185
69 58 185
58 69 669
69 58 669
59 59 302
59 59 302
59 61 929
61 59 929
59 76 368
76 59 368
60 62 969
62 60 969
60 69 643
69 60 643
60 77 30
77 60 30
60 72 933
72 60 933
60 75 356
75 60 356
61 82 277
82 61 277
62 64 123
64 62 123
62 64 190
64 62 190
63 71 574
71 63 574
66 68 544
68 66 544
67 76 62
76 67 62
67 80 285
80 67 285
67 67 795
67 67 795
67 68 258
68 67 258
68 77 968
77 68 968
68 80 342
80 68 342
68 76 448
76 68 448
68 75 189
75 68 189
69 74 803
74 69 803
69 83 985
83 69 985
69 69 997
69 69 997
71 73 360
73 71 360
71 77 904
77 71 904
72 81 475
81 72 475
73 79 2
79 73 2
73 74 942
74 73 942
73 82 254
82 73 254
73 75 801
75 73 801
73 75 639
75 73 639
76 80 528
80 76 528
79 79 652
79 79 652
80 81 292
81 80 292
