42

0 1 833
1 0 833
0 2 473
2 0 473
0 16 41
16 0 41
0 35 191
35 0 191
0 26 226
26 0 226
0 28 915
28 0 915
0 38 708
38 0 708
0 1 402
1 0 402
1 3 487
3 1 487
1 4 188
4 1 188
1 7 288
7 1 288
1 10 534
10 1 534
1 22 953
22 1 953
1 32 946
32 1 946
1 9 961
9 1 961
1 29 257
29 1 257
2 6 892
6 2 892
2 9 552
9 2 552
2 14 678
14 2 678
2 33 663
33 2 663
2 24 548
24 2 548
2 35 211
35 2 211
2 38 143
38 2 143
2 21 758
21 2 758
3 26 286
26 3 286
3 27 557
27 3 557
4 5 50
5 4 50
4 18 820
18 4 820
4 31 689
31 4 689
5 21 180
21 5 180
5 16 977
16 5 977
5 37 9
37 5 9
5 12 779
12 5 779
6 13 31
13 6 31
6 21 228
21 6 228
6 23 823
23 6 823
7 8 314
8 7 314
7 39 939
39 7 939
7 38 579
38 7 579
7 26 891
26 7 891
8 12 171
12 8 171
8 17 289
17 8 289
8 16 442
16 8 442
8 21 762
21 8 762
8 41 982
41 8 982
8 22 327
22 8 327
8 22 642
22 8 642
8 33 586
33 8 586
9 11 765
11 9 765
9 36 770
36 9 770
9 41 557
41 9 557
9 19 130
19 9 130
9 19 974
19 9 974
9 19 22
19 9 22
9 25 67
25 9 67
10 16 341
16 10 341
10 34 809
34 10 809
10 25 783
25 10 783
10 24 958
24 10 958
11 25 501
25 11 501
11 28 364
28 11 364
12 15 886
15 12 886
12 19 41
19 12 41
12 20 579
20 12 579
12 30 323
30 12 323
12 32 121
32 12 121
12 33 882
33 12 882
12 36 981
36 12 981
12 12 536
12 12 536
12 15 282
15 12 282
12 20 25
20 12 25
12 27 178
27 12 178
14 35 807
35 14 807
14 23 936
23 14 936
14 36 784
36 14 784
16 29 742
29 16 742
16 18 505
18 16 505
16 28 44
28 16 44
17 37 154
37 17 154
17 31 688
31 17 688
17 30 655
30 17 655
18 31 124
31 18 124
18 37 659
37 18 659
19 40 100
40 19 100
19 24 843
24 19 843
19 30 896
30 19 896
21 26 26
26 21 26
22 23 889
23 22 889
22 24 452
24 22 452
22 37 327
37 22 327
26 29 118
29 26 118
27 38 23
38 27 23
27 38 422
38 27 422
29 36 978
36 29 978
34 40 786
40 34 786
35 39 1
39 35 1
36 40 91
40 36 91
