95

0 1 60
1 0 60
0 2 516
2 0 516
0 3 22
3 0 22
0 4 750
4 0 750
0 20 261
20 0 261
0 31 371
31 0 371
0 72 595
72 0 595
0 26 817
26 0 817
1 10 796
10 1 796
1 24 567
24 1 567
1 49 649
49 1 649
2 5 808
5 2 808
2 16 780
16 2 780
2 22 642
22 2 642
2 82 986
82 2 986
2 80 445
80 2 445
3 13 882
13 3 882
3 23 343
23 3 343
4 7 836
7 4 836
4 8 625
8 4 625
4 21 747
21 4 747
4 26 864
26 4 864
4 18 519
18 4 519
5 6 547
6 5 547
5 18 108
18 5 108
5 27 288
27 5 288
5 58 85
58 5 85
5 81 430
81 5 430
5 69 8
69 5 8
5 41 128
41 5 128
6 12 775
12 6 775
6 15 539
15 6 539
6 28 382
28 6 382
6 39 524
39 6 524
6 27 273
27 6 273
6 71 535
71 6 535
6 13 486
13 6 486
6 87 251
87 6 251
7 11 817
11 7 817
7 43 928
43 7 928
7 45 403
45 7 403
7 65 449
65 7 449
7 65 274
65 7 274
8 9 100
9 8 100
8 30 718
30 8 718
8 32 365
32 8 365
8 84 466
84 8 466
8 32 703
32 8 703
8 46 983
46 8 983
8 19 887
19 8 887
8 62 911
62 8 911
8 34 136
34 8 136
9 63 74
63 9 74
9 10 83
10 9 83
9 94 461
94 9 461
10 29 972
29 10 972
10 38 930
38 10 930
10 47 366
47 10 366
10 21 262
21 10 262
10 73 971
73 10 971
11 58 706
58 11 706
11 80 117
80 11 117
12 17 447
17 12 447
12 51 883
51 12 883
12 73 841
73 12 841
12 56 492
56 12 492
12 88 744
88 12 744
13 14 744
14 13 744
13 33 874
33 13 874
13 41 504
41 13 504
13 50 715
50 13 715
13 90 630
90 13 630
13 24 667
24 13 667
14 19 130
19 14 130
14 25 144
25 14 144
14 60 293
60 14 293
14 20 243
20 14 243
15 69 139
69 15 139
15 88 704
88 15 704
15 27 26
27 15 26
16 88 597
88 16 597
16 64 787
64 16 787
17 81 238
81 17 238
17 19 832
19 17 832
18 50 951
50 18 951
18 93 163
93 18 163
19 46 775
46 19 775
19 30 975
30 19 975
20 52 491
52 20 491
20 91 107
91 20 107
20 32 533
32 20 533
21 35 153
35 21 153
21 57 123
57 21 123
21 67 808
67 21 808
21 53 630
53 21 630
21 49 180
49 21 180
22 76 350
76 22 350
22 61 859
61 22 859
23 34 820
34 23 820
24 68 990
68 24 990
24 77 469
77 24 469
25 66 626
66 25 626
26 75 822
75 26 822
26 82 446
82 26 446
26 83 197
83 26 197
26 90 727
90 26 727
27 37 183
37 27 183
28 76 111
76 28 111
28 38 556
38 28 556
28 65 298
65 28 298
28 80 920
80 28 920
29 61 782
61 29 782
29 65 576
65 29 576
29 70 474
70 29 474
29 78 421
78 29 421
29 53 576
53 29 576
30 40 608
40 30 608
30 56 753
56 30 753
31 51 970
51 31 970
32 48 775
48 32 775
32 61 868
61 32 868
33 49 555
49 33 555
33 63 935
63 33 935
34 83 94
83 34 94
35 36 733
36 35 733
35 55 531
55 35 531
35 83 182
83 35 182
35 61 385
61 35 385
36 56 702
56 36 702
36 86 942
86 36 942
36 47 380
47 36 380
36 51 23
51 36 23
37 42 279
42 37 279
37 44 540
44 37 540
37 55 476
55 37 476
37 58 817
58 37 817
37 43 892
43 37 892
38 39 215
39 38 215
38 69 16
69 38 16
39 79 66
79 39 66
40 64 45
64 40 45
40 68 194
68 40 194
41 81 587
81 41 587
41 82 966
82 41 966
42 48 16
48 42 16
42 62 817
62 42 817
42 72 193
72 42 193
42 60 994
60 42 994
42 59 233
59 42 233
43 44 520
44 43 520
44 78 997
78 44 997
45 53 423
53 45 423
46 69 918
69 46 918
46 56 875
56 46 875
47 92 477
92 47 477
48 90 110
90 48 110
48 79 36
79 48 36
49 54 13
54 49 13
49 80 783
80 49 783
51 59 836
59 51 836
52 83 809
83 52 809
53 68 71
68 53 71
54 79 462
79 54 462
55 85 994
85 55 994
57 90 663
90 57 663
58 71 532
71 58 532
58 91 590
91 58 590
59 82 653
82 59 653
60 60 613
60 60 613
61 67 972
67 61 972
61 92 62
92 61 62
62 78 673
78 62 673
62 83 322
83 62 322
63 74 526
74 63 526
63 80 571
80 63 571
63 82 697
82 63 697
63 92 910
92 63 910
64 71 752
71 64 752
64 74 275
74 64 275
64 74 193
74 64 193
65 93 340
93 65 340
65 91 36
91 65 36
65 87 784
87 65 784
66 84 643
84 66 643
66 85 248
85 66 248
69 93 758
93 69 758
70 78 812
78 70 812
70 86 573
86 70 573
70 87 120
87 70 120
71 82 558
82 71 558
72 72 775
72 72 775
72 82 212
82 72 212
73 89 877
89 73 877
73 79 136
79 73 136
75 87 483
87 75 483
76 94 907
94 76 907
80 90 694
90 80 694
82 83 310
83 82 310
83 92 952
92 83 952
84 89 716
89 84 716
85 94 815
94 85 815
88 92 564
92 88 564
