16

0 1 126
1 0 126
0 4 242
4 0 242
1 2 700
2 1 700
2 3 53
3 2 53
2 6 39
6 2 39
3 7 174
7 3 174
3 9 665
9 3 665
4 5 119
5 4 119
4 10 452
10 4 452
4 12 876
12 4 876
5 11 462
11 5 462
7 8 356
8 7 356
7 13 874
13 7 874
7 14 89
14 7 89
7 7 615
7 7 615
11 15 937
15 11 937
12 15 586
15 12 586
12 15 185
15 12 185
