30

0 1 623
1 0 623
0 2 786
2 0 786
0 8 809
8 0 809
0 10 883
10 0 883
0 2 495
2 0 495
1 3 302
3 1 302
1 12 402
12 1 402
2 4 485
4 2 485
2 5 474
5 2 474
2 11 250
11 2 250
2 20 781
20 2 781
2 28 882
28 2 882
2 21 572
21 2 572
2 12 295
12 2 295
3 22 82
22 3 82
4 6 873
6 4 873
4 15 91
15 4 91
4 28 500
28 4 500
5 7 260
7 5 260
5 13 956
13 5 956
5 23 572
23 5 572
6 18 344
18 6 344
8 9 319
9 8 319
8 14 442
14 8 442
9 15 594
15 9 594
10 21 154
21 10 154
10 19 740
19 10 740
13 17 429
17 13 429
13 19 84
19 13 84
13 24 111
24 13 111
13 24 318
24 13 318
14 16 263
16 14 263
15 28 327
28 15 327
15 29 591
29 15 591
15 18 880
18 15 880
16 18 298
18 16 298
17 18 300
18 17 300
17 26 876
26 17 876
17 24 669
24 17 669
18 24 783
24 18 783
18 25 380
25 18 380
19 23 563
23 19 563
19 19 869
19 19 869
19 22 350
22 19 350
20 29 607
29 20 607
23 27 736
27 23 736
26 27 666
27 26 666
26 29 889
29 26 889
