15

0 1 180
1 0 180
0 2 349
2 0 349
0 9 302
9 0 302
0 10 114
10 0 114
0 13 245
13 0 245
0 6 998
6 0 998
0 5 95
5 0 95
1 7 59
7 1 59
1 14 769
14 1 769
1 5 63
5 1 63
2 3 33
3 2 33
2 14 730
14 2 730
2 4 318
4 2 318
3 4 8
4 3 8
3 5 632
5 3 632
4 6 420
6 4 420
6 8 756
8 6 756
6 11 766
11 6 766
11 12 967
12 11 967
