78

0 1 734
1 0 734
0 4 80
4 0 80
0 6 475
6 0 475
0 15 876
15 0 876
0 70 62
70 0 62
0 77 229
77 0 229
0 39 567
39 0 567
0 23 752
23 0 752
0 35 621
35 0 621
0 49 602
49 0 602
0 58 659
58 0 659
0 26 76
26 0 76
0 69 370
69 0 370
1 2 204
2 1 204
1 5 646
5 1 646
1 16 467
16 1 467
1 31 241
31 1 241
1 44 176
44 1 176
1 51 378
51 1 378
1 19 1
19 1 1
1 67 539
67 1 539
1 17 592
17 1 592
1 24 39
24 1 39
1 26 876
26 1 876
1 19 622
19 1 622
1 57 253
57 1 253
1 70 852
70 1 852
1 34 195
34 1 195
1 70 176
70 1 176
1 71 67
71 1 67
1 41 912
41 1 912
1 37 972
37 1 972
1 36 47
36 1 47
1 40 583
40 1 583
1 27 78
27 1 78
1 75 128
75 1 128
2 3 238
3 2 238
2 7 587
7 2 587
2 17 503
17 2 503
2 72 16
72 2 16
2 48 766
48 2 766
2 22 875
22 2 875
2 25 3
25 2 3
2 40 230
40 2 230
2 73 140
73 2 140
2 77 525
77 2 525
2 28 733
28 2 733
2 34 300
34 2 300
2 53 357
53 2 357
2 59 832
59 2 832
2 69 704
69 2 704
2 38 195
38 2 195
2 55 154
55 2 154
2 23 514
23 2 514
2 63 559
63 2 559
2 17 960
17 2 960
3 28 315
28 3 315
3 50 773
50 3 773
3 12 701
12 3 701
3 30 958
30 3 958
3 20 246
20 3 246
3 44 185
44 3 185
3 52 468
52 3 468
3 8 232
8 3 232
3 53 699
53 3 699
3 69 415
69 3 415
3 47 58
47 3 58
4 19 648
19 4 648
4 27 550
27 4 550
4 47 283
47 4 283
4 66 658
66 4 658
4 74 532
74 4 532
4 21 729
21 4 729
4 32 690
32 4 690
4 47 793
47 4 793
4 77 233
77 4 233
4 65 316
65 4 316
4 14 347
14 4 347
4 27 278
27 4 278
4 55 672
55 4 672
4 48 684
48 4 684
4 30 567
30 4 567
4 63 882
63 4 882
4 39 101
39 4 101
4 74 642
74 4 642
5 9 746
9 5 746
5 11 273
11 5 273
5 35 62
35 5 62
5 37 814
37 5 814
5 48 487
48 5 487
5 59 283
59 5 283
5 75 928
75 5 928
5 70 425
70 5 425
5 18 933
18 5 933
5 45 544
45 5 544
5 16 64
16 5 64
6 18 865
18 6 865
6 26 902
26 6 902
6 36 712
36 6 712
6 67 12
67 6 12
6 66 371
66 6 371
6 29 797
29 6 797
6 74 489
74 6 489
6 6 201
6 6 201
6 39 955
39 6 955
6 67 729
67 6 729
6 73 383
73 6 383
6 56 869
56 6 869
6 50 249
50 6 249
6 33 720
33 6 720
6 17 347
17 6 347
6 67 345
67 6 345
7 8 70
8 7 70
7 10 235
10 7 235
7 12 755
12 7 755
7 40 590
40 7 590
7 62 28
62 7 28
7 39 884
39 7 884
7 60 143
60 7 143
7 13 74
13 7 74
7 16 202
16 7 202
7 16 320
16 7 320
8 34 775
34 8 775
8 53 195
53 8 195
8 62 739
62 8 739
8 54 138
54 8 138
8 62 929
62 8 929
8 63 619
63 8 619
8 68 986
68 8 986
8 17 708
17 8 708
8 56 806
56 8 806
8 68 427
68 8 427
8 64 242
64 8 242
8 38 837
38 8 837
8 48 82
48 8 82
8 51 379
51 8 379
8 55 521
55 8 521
8 28 208
28 8 208
9 23 510
23 9 510
9 38 755
38 9 755
9 47 199
47 9 199
9 44 814
44 9 814
9 66 10
66 9 10
9 74 529
74 9 529
9 60 739
60 9 739
9 33 113
33 9 113
9 55 780
55 9 780
9 9 9
9 9 9
9 41 684
41 9 684
9 66 962
66 9 962
9 46 419
46 9 419
9 17 40
17 9 40
10 15 376
15 10 376
10 65 983
65 10 983
10 75 423
75 10 423
10 69 523
69 10 523
10 30 528
30 10 528
10 15 956
15 10 956
10 52 958
52 10 958
10 77 795
77 10 795
10 24 367
24 10 367
10 60 971
60 10 971
11 14 650
14 11 650
11 42 527
42 11 527
11 55 228
55 11 228
11 54 947
54 11 947
11 25 484
25 11 484
11 12 513
12 11 513
11 21 928
21 11 928
11 19 567
19 11 567
11 28 113
28 11 113
11 42 55
42 11 55
11 22 670
22 11 670
11 20 525
20 11 525
11 52 180
52 11 180
11 61 353
61 11 353
11 47 400
47 11 400
12 13 117
13 12 117
12 21 112
21 12 112
12 24 692
24 12 692
12 57 89
57 12 89
12 16 41
16 12 41
12 53 573
53 12 573
12 68 836
68 12 836
12 18 13
18 12 13
12 33 370
33 12 370
12 29 986
29 12 986
12 12 61
12 12 61
12 19 951
19 12 951
13 37 507
37 13 507
13 42 232
42 13 232
13 20 804
20 13 804
13 19 452
19 13 452
13 72 398
72 13 398
13 13 515
13 13 515
13 52 552
52 13 552
13 36 747
36 13 747
13 30 781
30 13 781
13 15 28
15 13 28
13 44 310
44 13 310
13 39 384
39 13 384
14 30 240
30 14 240
14 77 372
77 14 372
14 16 638
16 14 638
14 33 149
33 14 149
14 61 484
61 14 484
14 69 939
69 14 939
14 34 637
34 14 637
14 66 918
66 14 918
14 15 660
15 14 660
14 67 406
67 14 406
14 15 851
15 14 851
14 56 987
56 14 987
14 37 580
37 14 580
14 68 1
68 14 1
14 72 92
72 14 92
15 39 273
39 15 273
15 52 701
52 15 701
15 18 387
18 15 387
15 59 203
59 15 203
15 31 456
31 15 456
15 32 822
32 15 822
15 28 385
28 15 385
15 25 305
25 15 305
15 26 648
26 15 648
16 29 10
29 16 10
16 60 55
60 16 55
16 60 657
60 16 657
16 50 328
50 16 328
16 66 361
66 16 361
16 60 907
60 16 907
16 30 119
30 16 119
16 59 273
59 16 273
16 68 706
68 16 706
16 54 89
54 16 89
16 54 832
54 16 832
16 67 466
67 16 466
16 45 471
45 16 471
17 37 891
37 17 891
17 45 815
45 17 815
17 55 99
55 17 99
17 46 551
46 17 551
17 73 795
73 17 795
17 33 998
33 17 998
17 73 448
73 17 448
17 39 923
39 17 923
17 73 753
73 17 753
17 42 376
42 17 376
17 66 949
66 17 949
18 45 721
45 18 721
18 20 377
20 18 377
18 32 546
32 18 546
18 28 272
28 18 272
18 73 951
73 18 951
18 22 320
22 18 320
18 43 881
43 18 881
18 50 541
50 18 541
19 20 884
20 19 884
19 28 177
28 19 177
19 27 34
27 19 34
19 54 576
54 19 576
19 46 739
46 19 739
19 59 177
59 19 177
19 57 606
57 19 606
19 46 168
46 19 168
19 31 765
31 19 765
19 72 861
72 19 861
19 49 477
49 19 477
19 51 850
51 19 850
19 26 262
26 19 262
19 25 966
25 19 966
19 24 823
24 19 823
19 31 804
31 19 804
19 31 315
31 19 315
20 22 790
22 20 790
20 44 170
44 20 170
20 30 118
30 20 118
20 52 686
52 20 686
20 67 400
67 20 400
20 51 128
51 20 128
20 38 77
38 20 77
20 46 836
46 20 836
20 34 377
34 20 377
20 76 940
76 20 940
20 45 457
45 20 457
21 63 736
63 21 736
21 21 998
21 21 998
21 57 405
57 21 405
21 55 888
55 21 888
21 57 876
57 21 876
21 31 333
31 21 333
21 29 361
29 21 361
21 75 269
75 21 269
22 46 967
46 22 967
22 67 341
67 22 341
22 38 172
38 22 172
22 41 564
41 22 564
22 33 612
33 22 612
22 38 308
38 22 308
22 40 457
40 22 457
22 51 942
51 22 942
22 33 282
33 22 282
22 26 465
26 22 465
22 60 348
60 22 348
22 43 718
43 22 718
23 25 301
25 23 301
23 30 106
30 23 106
23 32 842
32 23 842
23 33 127
33 23 127
23 72 289
72 23 289
23 25 456
25 23 456
23 40 641
40 23 641
23 67 331
67 23 331
23 35 300
35 23 300
23 43 859
43 23 859
23 61 665
61 23 665
23 60 57
60 23 57
24 39 928
39 24 928
24 56 483
56 24 483
24 68 624
68 24 624
24 54 523
54 24 523
24 59 77
59 24 77
24 51 906
51 24 906
24 37 908
37 24 908
24 59 694
59 24 694
24 70 346
70 24 346
24 65 162
65 24 162
25 31 544
31 25 544
25 66 578
66 25 578
25 43 548
43 25 548
25 64 963
64 25 963
26 48 58
48 26 58
26 45 491
45 26 491
26 29 863
29 26 863
26 44 556
44 26 556
26 34 987
34 26 987
26 41 801
41 26 801
26 31 157
31 26 157
26 64 56
64 26 56
26 30 394
30 26 394
26 72 269
72 26 269
26 29 459
29 26 459
27 46 109
46 27 109
27 64 752
64 27 752
27 69 675
69 27 675
27 36 480
36 27 480
27 62 693
62 27 693
27 37 487
37 27 487
27 76 603
76 27 603
27 39 103
39 27 103
27 52 754
52 27 754
27 48 144
48 27 144
27 28 604
28 27 604
28 71 409
71 28 409
28 72 90
72 28 90
28 55 350
55 28 350
28 73 870
73 28 870
28 51 614
51 28 614
28 33 652
33 28 652
28 55 585
55 28 585
29 29 93
29 29 93
29 46 973
46 29 973
29 31 679
31 29 679
29 37 647
37 29 647
29 38 577
38 29 577
29 52 462
52 29 462
29 74 14
74 29 14
29 61 477
61 29 477
29 46 789
46 29 789
29 77 999
77 29 999
29 41 223
41 29 223
29 72 183
72 29 183
29 67 675
67 29 675
30 39 457
39 30 457
30 69 340
69 30 340
30 53 90
53 30 90
30 50 737
50 30 737
30 74 691
74 30 691
30 61 902
61 30 902
30 48 54
48 30 54
30 32 978
32 30 978
30 62 958
62 30 958
30 65 543
65 30 543
30 56 248
56 30 248
30 57 559
57 30 559
31 46 110
46 31 110
31 64 99
64 31 99
31 73 992
73 31 992
31 72 707
72 31 707
31 72 884
72 31 884
31 37 393
37 31 393
31 58 759
58 31 759
31 55 89
55 31 89
31 65 96
65 31 96
32 48 128
48 32 128
32 73 543
73 32 543
32 54 485
54 32 485
32 48 799
48 32 799
32 43 148
43 32 148
32 32 35
32 32 35
32 34 815
34 32 815
32 64 981
64 32 981
32 76 630
76 32 630
33 46 249
46 33 249
33 76 900
76 33 900
33 66 160
66 33 160
33 57 256
57 33 256
33 34 719
34 33 719
33 76 48
76 33 48
33 39 775
39 33 775
33 77 461
77 33 461
33 37 380
37 33 380
33 33 227
33 33 227
34 65 815
65 34 815
34 60 875
60 34 875
34 57 167
57 34 167
34 36 439
36 34 439
34 61 597
61 34 597
34 35 990
35 34 990
34 69 26
69 34 26
34 52 949
52 34 949
34 76 83
76 34 83
35 43 90
43 35 90
35 51 596
51 35 596
35 48 927
48 35 927
35 67 679
67 35 679
35 72 275
72 35 275
36 69 746
69 36 746
36 76 296
76 36 296
36 53 700
53 36 700
36 43 14
43 36 14
36 45 793
45 36 793
37 41 100
41 37 100
37 76 790
76 37 790
37 65 747
65 37 747
37 51 43
51 37 43
37 41 260
41 37 260
37 40 259
40 37 259
37 60 27
60 37 27
37 54 637
54 37 637
37 72 575
72 37 575
37 76 604
76 37 604
37 72 670
72 37 670
37 46 902
46 37 902
37 48 737
48 37 737
37 55 316
55 37 316
38 55 594
55 38 594
38 43 110
43 38 110
38 60 560
60 38 560
38 43 243
43 38 243
38 43 331
43 38 331
38 62 167
62 38 167
39 65 852
65 39 852
39 54 430
54 39 430
39 74 703
74 39 703
39 47 789
47 39 789
39 72 106
72 39 106
39 70 587
70 39 587
39 50 520
50 39 520
39 41 107
41 39 107
39 75 622
75 39 622
39 55 310
55 39 310
39 43 927
43 39 927
39 57 382
57 39 382
40 54 443
54 40 443
40 61 782
61 40 782
40 45 527
45 40 527
40 51 264
51 40 264
40 56 232
56 40 232
40 62 860
62 40 860
40 70 96
70 40 96
40 75 340
75 40 340
40 71 684
71 40 684
40 75 288
75 40 288
40 77 613
77 40 613
41 52 274
52 41 274
41 53 684
53 41 684
41 56 897
56 41 897
41 58 166
58 41 166
41 43 718
43 41 718
41 45 124
45 41 124
41 76 601
76 41 601
41 75 504
75 41 504
41 52 973
52 41 973
41 73 200
73 41 200
41 66 681
66 41 681
41 43 278
43 41 278
41 71 523
71 41 523
42 45 996
45 42 996
42 72 585
72 42 585
42 71 97
71 42 97
42 64 789
64 42 789
42 68 639
68 42 639
42 56 180
56 42 180
42 54 543
54 42 543
42 45 334
45 42 334
42 57 221
57 42 221
43 54 74
54 43 74
43 57 332
57 43 332
43 74 372
74 43 372
43 56 137
56 43 137
44 49 82
49 44 82
44 61 160
61 44 160
44 60 759
60 44 759
44 66 438
66 44 438
44 71 147
71 44 147
44 74 3
74 44 3
44 69 70
69 44 70
44 77 392
77 44 392
44 62 12
62 44 12
44 65 950
65 44 950
44 54 286
54 44 286
45 54 542
54 45 542
45 77 972
77 45 972
45 76 419
76 45 419
45 53 628
53 45 628
46 64 829
64 46 829
46 76 482
76 46 482
47 49 568
49 47 568
47 69 28
69 47 28
47 72 790
72 47 790
47 64 320
64 47 320
47 56 971
56 47 971
47 58 932
58 47 932
48 68 154
68 48 154
48 75 80
75 48 80
48 72 680
72 48 680
48 74 393
74 48 393
48 51 304
51 48 304
48 65 821
65 48 821
48 51 405
51 48 405
49 51 314
51 49 314
49 60 203
60 49 203
49 66 569
66 49 569
49 52 934
52 49 934
49 76 910
76 49 910
50 59 872
59 50 872
50 71 273
71 50 273
51 74 897
74 51 897
51 72 275
72 51 275
51 56 221
56 51 221
52 59 824
59 52 824
52 69 107
69 52 107
52 71 181
71 52 181
52 68 325
68 52 325
52 64 419
64 52 419
53 63 270
63 53 270
53 71 755
71 53 755
53 66 239
66 53 239
54 55 173
55 54 173
54 69 267
69 54 267
54 62 376
62 54 376
55 77 139
77 55 139
55 59 229
59 55 229
55 74 560
74 55 560
55 61 828
61 55 828
55 68 744
68 55 744
56 70 989
70 56 989
56 64 123
64 56 123
56 67 389
67 56 389
56 63 434
63 56 434
56 58 679
58 56 679
56 64 7
64 56 7
57 74 367
74 57 367
57 62 441
62 57 441
57 59 637
59 57 637
57 71 375
71 57 375
57 65 594
65 57 594
57 63 900
63 57 900
58 74 523
74 58 523
58 65 526
65 58 526
59 70 99
70 59 99
59 74 587
74 59 587
59 75 394
75 59 394
60 70 738
70 60 738
60 67 10
67 60 10
60 74 957
74 60 957
60 62 605
62 60 605
61 73 680
73 61 680
61 74 797
74 61 797
61 70 648
70 61 648
61 75 45
75 61 45
61 73 777
73 61 777
62 76 283
76 62 283
62 77 975
77 62 975
62 76 716
76 62 716
62 67 971
67 62 971
63 73 359
73 63 359
63 75 859
75 63 859
63 71 172
71 63 172
63 77 86
77 63 86
63 64 43
64 63 43
64 74 776
74 64 776
64 74 76
74 64 76
64 66 720
66 64 720
64 72 333
72 64 333
64 72 175
72 64 175
64 66 616
66 64 616
64 73 916
73 64 916
65 75 646
75 65 646
65 76 156
76 65 156
66 66 962
66 66 962
66 72 918
72 66 918
66 74 398
74 66 398
68 75 755
75 68 755
69 71 302
71 69 302
69 73 40
73 69 40
69 70 442
70 69 442
70 75 969
75 70 969
70 77 997
77 70 997
71 71 858
71 71 858
71 72 994
72 71 994
71 75 174
75 71 174
71 74 717
74 71 717
71 77 476
77 71 476
71 75 132
75 71 132
72 76 534
76 72 534
74 77 154
77 74 154
