27

0 1 747
1 0 747
0 2 819
2 0 819
0 4 745
4 0 745
0 17 446
17 0 446
0 19 993
19 0 993
0 16 601
16 0 601
1 8 460
8 1 460
1 12 941
12 1 941
1 14 279
14 1 279
1 22 83
22 1 83
1 2 299
2 1 299
2 3 539
3 2 539
2 7 543
7 2 543
2 16 205
16 2 205
3 6 675
6 3 675
3 15 198
15 3 198
3 23 605
23 3 605
4 5 426
5 4 426
4 13 625
13 4 625
4 8 306
8 4 306
4 26 748
26 4 748
4 18 737
18 4 737
4 20 574
20 4 574
4 25 323
25 4 323
5 17 445
17 5 445
5 18 823
18 5 823
5 8 202
8 5 202
5 10 223
10 5 223
6 9 620
9 6 620
6 10 249
10 6 249
7 10 225
10 7 225
7 11 847
11 7 847
7 18 521
18 7 521
7 22 496
22 7 496
8 16 49
16 8 49
8 8 474
8 8 474
9 13 649
13 9 649
9 21 19
21 9 19
9 10 312
10 9 312
10 23 588
23 10 588
10 26 410
26 10 410
10 13 435
13 10 435
11 23 911
23 11 911
11 18 873
18 11 873
11 25 302
25 11 302
11 17 563
17 11 563
12 24 266
24 12 266
13 15 457
15 13 457
14 25 873
25 14 873
14 25 999
25 14 999
14 24 523
24 14 523
14 17 589
17 14 589
15 23 872
23 15 872
15 25 518
25 15 518
16 19 306
19 16 306
16 20 104
20 16 104
16 25 131
25 16 131
17 19 389
19 17 389
21 22 972
22 21 972
22 24 730
24 22 730
