64

0 1 176
1 0 176
0 6 299
6 0 299
0 8 527
8 0 527
0 29 948
29 0 948
0 30 458
30 0 458
0 34 729
34 0 729
0 14 463
14 0 463
0 39 146
39 0 146
0 11 728
11 0 728
0 61 49
61 0 49
0 25 293
25 0 293
1 2 738
2 1 738
1 3 316
3 1 316
1 11 791
11 1 791
1 15 287
15 1 287
1 18 614
18 1 614
1 37 404
37 1 404
1 22 920
22 1 920
1 57 653
57 1 653
1 11 938
11 1 938
1 9 14
9 1 14
1 57 515
57 1 515
2 5 452
5 2 452
2 28 276
28 2 276
2 38 682
38 2 682
2 37 601
37 2 601
2 47 543
47 2 543
2 15 732
15 2 732
2 10 711
10 2 711
2 45 260
45 2 260
2 59 694
59 2 694
3 4 744
4 3 744
3 45 183
45 3 183
3 53 684
53 3 684
3 15 980
15 3 980
3 25 374
25 3 374
3 57 412
57 3 412
3 35 529
35 3 529
3 41 643
41 3 643
3 55 807
55 3 807
4 37 437
37 4 437
4 46 37
46 4 37
4 42 280
42 4 280
4 56 380
56 4 380
4 17 486
17 4 486
4 37 679
37 4 679
4 25 44
25 4 44
4 22 668
22 4 668
4 46 142
46 4 142
5 7 229
7 5 229
5 9 485
9 5 485
5 13 290
13 5 290
5 16 120
16 5 120
5 9 847
9 5 847
5 8 418
8 5 418
5 37 626
37 5 626
5 14 419
14 5 419
5 56 407
56 5 407
5 21 368
21 5 368
6 12 836
12 6 836
6 48 418
48 6 418
6 49 433
49 6 433
6 8 199
8 6 199
6 42 55
42 6 55
6 22 634
22 6 634
7 10 86
10 7 86
7 49 208
49 7 208
7 31 493
31 7 493
7 24 737
24 7 737
7 46 726
46 7 726
7 33 731
33 7 731
7 62 111
62 7 111
8 55 212
55 8 212
8 44 291
44 8 291
8 30 668
30 8 668
8 21 591
21 8 591
8 40 499
40 8 499
9 14 913
14 9 913
9 21 434
21 9 434
9 25 165
25 9 165
9 45 175
45 9 175
9 58 865
58 9 865
9 34 636
34 9 636
9 44 212
44 9 212
10 57 333
57 10 333
10 63 709
63 10 709
10 43 971
43 10 971
10 21 679
21 10 679
11 19 37
19 11 37
11 24 133
24 11 133
11 63 213
63 11 213
11 52 412
52 11 412
11 50 957
50 11 957
11 19 31
19 11 31
11 52 167
52 11 167
11 17 210
17 11 210
11 56 152
56 11 152
11 41 373
41 11 373
11 51 135
51 11 135
11 52 70
52 11 70
11 29 13
29 11 13
12 17 244
17 12 244
12 20 26
20 12 26
12 14 603
14 12 603
12 13 62
13 12 62
12 59 631
59 12 631
12 32 501
32 12 501
12 23 298
23 12 298
12 51 237
51 12 237
12 42 71
42 12 71
12 20 726
20 12 726
12 57 794
57 12 794
12 60 985
60 12 985
13 62 919
62 13 919
13 37 920
37 13 920
13 49 167
49 13 167
13 50 708
50 13 708
14 23 735
23 14 735
14 39 684
39 14 684
14 40 52
40 14 52
14 59 432
59 14 432
14 40 864
40 14 864
14 61 650
61 14 650
14 35 921
35 14 921
15 26 828
26 15 828
15 45 199
45 15 199
15 21 848
21 15 848
15 19 175
19 15 175
15 26 784
26 15 784
15 15 337
15 15 337
16 22 289
22 16 289
16 44 209
44 16 209
17 36 883
36 17 883
17 44 363
44 17 363
17 63 425
63 17 425
17 55 763
55 17 763
18 23 644
23 18 644
19 26 650
26 19 650
19 27 858
27 19 858
19 31 847
31 19 847
19 58 581
58 19 581
19 53 545
53 19 545
19 62 428
62 19 428
19 47 139
47 19 139
19 43 893
43 19 893
20 35 466
35 20 466
20 63 816
63 20 816
20 20 664
20 20 664
20 46 141
46 20 141
20 49 823
49 20 823
20 38 944
38 20 944
20 50 886
50 20 886
20 62 749
62 20 749
20 55 117
55 20 117
21 55 42
55 21 42
21 21 527
21 21 527
21 45 463
45 21 463
21 52 7
52 21 7
21 57 672
57 21 672
21 62 212
62 21 212
22 56 210
56 22 210
22 61 232
61 22 232
22 34 966
34 22 966
22 25 956
25 22 956
22 46 620
46 22 620
22 35 593
35 22 593
22 61 888
61 22 888
23 35 613
35 23 613
23 34 989
34 23 989
23 58 504
58 23 504
23 53 398
53 23 398
23 39 919
39 23 919
24 33 758
33 24 758
24 38 352
38 24 352
24 26 250
26 24 250
25 32 244
32 25 244
25 47 838
47 25 838
25 46 821
46 25 821
25 28 99
28 25 99
25 32 907
32 25 907
25 39 36
39 25 36
26 46 61
46 26 61
26 47 113
47 26 113
26 57 493
57 26 493
26 59 845
59 26 845
26 42 190
42 26 190
27 62 423
62 27 423
27 57 286
57 27 286
27 51 943
51 27 943
27 37 373
37 27 373
28 61 738
61 28 738
28 60 813
60 28 813
28 54 750
54 28 750
29 40 459
40 29 459
29 54 436
54 29 436
29 38 573
38 29 573
29 32 402
32 29 402
30 56 735
56 30 735
30 42 957
42 30 957
30 32 714
32 30 714
31 43 225
43 31 225
31 40 720
40 31 720
31 50 322
50 31 322
31 56 510
56 31 510
31 40 962
40 31 962
31 54 308
54 31 308
32 42 34
42 32 34
32 59 813
59 32 813
33 47 542
47 33 542
33 48 429
48 33 429
33 43 532
43 33 532
35 63 916
63 35 916
35 44 213
44 35 213
35 43 15
43 35 15
36 49 759
49 36 759
36 36 588
36 36 588
37 41 431
41 37 431
37 38 726
38 37 726
38 62 853
62 38 853
38 50 720
50 38 720
38 44 269
44 38 269
39 54 11
54 39 11
39 42 832
42 39 832
39 59 82
59 39 82
40 52 989
52 40 989
40 63 856
63 40 856
40 49 982
49 40 982
40 55 113
55 40 113
40 56 584
56 40 584
40 52 456
52 40 456
41 44 340
44 41 340
42 50 72
50 42 72
42 51 559
51 42 559
42 48 429
48 42 429
42 43 856
43 42 856
43 47 158
47 43 158
43 51 592
51 43 592
43 56 898
56 43 898
44 55 344
55 44 344
44 46 866
46 44 866
44 44 714
44 44 714
45 58 543
58 45 543
46 55 645
55 46 645
48 57 210
57 48 210
48 60 985
60 48 985
49 60 283
60 49 283
49 59 120
59 49 120
50 51 85
51 50 85
50 54 179
54 50 179
50 56 503
56 50 503
52 58 596
58 52 596
52 55 660
55 52 660
52 54 757
54 52 757
53 58 566
58 53 566
53 55 925
55 53 925
56 60 939
60 56 939
56 58 504
58 56 504
58 59 229
59 58 229
58 62 371
62 58 371
59 60 829
60 59 829
61 61 762
61 61 762
62 62 451
62 62 451
