63

0 1 670
1 0 670
0 4 679
4 0 679
0 6 548
6 0 548
0 7 993
7 0 993
0 17 89
17 0 89
0 19 102
19 0 102
0 37 51
37 0 51
0 54 110
54 0 110
0 61 51
61 0 51
0 16 85
16 0 85
0 9 267
9 0 267
0 47 411
47 0 411
0 5 293
5 0 293
0 8 819
8 0 819
0 16 459
16 0 459
0 37 760
37 0 760
0 61 283
61 0 283
0 54 822
54 0 822
1 2 548
2 1 548
1 3 217
3 1 217
1 58 739
58 1 739
1 20 880
20 1 880
1 53 971
53 1 971
1 4 950
4 1 950
1 52 4
52 1 4
1 30 356
30 1 356
1 23 872
23 1 872
1 7 746
7 1 746
1 44 638
44 1 638
1 7 173
7 1 173
1 13 385
13 1 385
1 32 373
32 1 373
1 42 157
42 1 157
1 20 835
20 1 835
1 26 957
26 1 957
1 52 768
52 1 768
1 38 251
38 1 251
2 22 422
22 2 422
2 26 633
26 2 633
2 33 385
33 2 385
2 47 712
47 2 712
2 51 51
51 2 51
2 56 398
56 2 398
2 8 546
8 2 546
2 34 348
34 2 348
2 36 565
36 2 565
2 13 470
13 2 470
2 23 747
23 2 747
2 22 779
22 2 779
2 20 411
20 2 411
2 17 498
17 2 498
2 40 861
40 2 861
3 9 579
9 3 579
3 10 151
10 3 151
3 23 614
23 3 614
3 43 31
43 3 31
3 17 834
17 3 834
3 12 231
12 3 231
3 60 73
60 3 73
3 28 120
28 3 120
3 50 767
50 3 767
3 5 114
5 3 114
3 33 651
33 3 651
3 18 792
18 3 792
4 5 706
5 4 706
4 20 266
20 4 266
4 27 281
27 4 281
4 34 530
34 4 530
4 45 583
45 4 583
4 27 378
27 4 378
4 4 108
4 4 108
4 55 212
55 4 212
4 10 195
10 4 195
4 20 226
20 4 226
4 23 907
23 4 907
4 60 61
60 4 61
4 21 841
21 4 841
4 28 769
28 4 769
4 17 361
17 4 361
4 10 949
10 4 949
4 28 693
28 4 693
4 20 899
20 4 899
4 8 125
8 4 125
5 14 209
14 5 209
5 24 497
24 5 497
5 49 652
49 5 652
5 59 526
59 5 526
5 12 180
12 5 180
5 36 890
36 5 890
5 43 361
43 5 361
5 49 327
49 5 327
5 26 936
26 5 936
5 45 338
45 5 338
5 28 198
28 5 198
5 23 717
23 5 717
5 25 610
25 5 610
5 8 855
8 5 855
5 14 527
14 5 527
5 34 331
34 5 331
5 52 547
52 5 547
5 33 77
33 5 77
5 32 474
32 5 474
5 9 968
9 5 968
6 18 435
18 6 435
6 21 474
21 6 474
6 28 975
28 6 975
6 44 577
44 6 577
6 59 212
59 6 212
6 28 957
28 6 957
6 51 943
51 6 943
6 25 876
25 6 876
6 48 446
48 6 446
6 16 489
16 6 489
6 49 23
49 6 23
6 52 517
52 6 517
6 12 550
12 6 550
6 14 998
14 6 998
7 8 79
8 7 79
7 13 984
13 7 984
7 20 181
20 7 181
7 51 426
51 7 426
7 51 322
51 7 322
7 44 100
44 7 100
7 34 448
34 7 448
7 56 841
56 7 841
7 17 817
17 7 817
7 21 34
21 7 34
7 54 941
54 7 941
8 11 259
11 8 259
8 50 940
50 8 940
8 40 577
40 8 577
8 28 819
28 8 819
8 61 181
61 8 181
8 26 304
26 8 304
8 52 375
52 8 375
8 16 38
16 8 38
8 40 488
40 8 488
8 31 39
31 8 39
8 11 810
11 8 810
8 56 168
56 8 168
8 38 236
38 8 236
9 36 335
36 9 335
9 39 717
39 9 717
9 52 256
52 9 256
9 10 988
10 9 988
9 54 316
54 9 316
9 45 37
45 9 37
9 33 402
33 9 402
9 27 916
27 9 916
9 19 93
19 9 93
10 12 106
12 10 106
10 42 334
42 10 334
10 58 513
58 10 513
10 18 453
18 10 453
10 34 603
34 10 603
10 30 186
30 10 186
10 50 792
50 10 792
10 15 390
15 10 390
10 17 167
17 10 167
10 54 65
54 10 65
11 15 398
15 11 398
11 54 217
54 11 217
11 15 529
15 11 529
11 57 602
57 11 602
11 36 780
36 11 780
11 21 815
21 11 815
12 31 600
31 12 600
12 17 965
17 12 965
12 28 966
28 12 966
12 59 636
59 12 636
12 46 20
46 12 20
12 61 354
61 12 354
12 17 878
17 12 878
12 56 840
56 12 840
12 35 801
35 12 801
12 35 618
35 12 618
13 43 649
43 13 649
13 56 736
56 13 736
13 18 450
18 13 450
13 17 243
17 13 243
13 31 279
31 13 279
13 28 45
28 13 45
13 24 749
24 13 749
13 48 963
48 13 963
14 16 81
16 14 81
14 41 774
41 14 774
14 27 890
27 14 890
14 14 330
14 14 330
14 31 95
31 14 95
14 39 988
39 14 988
14 34 375
34 14 375
14 51 279
51 14 279
15 16 841
16 15 841
15 62 910
62 15 910
15 60 849
60 15 849
15 26 323
26 15 323
15 30 407
30 15 407
15 25 579
25 15 579
15 56 29
56 15 29
15 52 825
52 15 825
15 19 175
19 15 175
16 25 319
25 16 319
16 29 492
29 16 492
16 32 761
32 16 761
16 46 232
46 16 232
16 56 21
56 16 21
16 45 866
45 16 866
16 56 933
56 16 933
16 59 51
59 16 51
16 35 471
35 16 471
17 42 22
42 17 22
17 18 137
18 17 137
17 34 680
34 17 680
17 30 358
30 17 358
17 39 821
39 17 821
17 32 375
32 17 375
18 40 298
40 18 298
18 26 186
26 18 186
18 50 668
50 18 668
18 50 583
50 18 583
18 56 137
56 18 137
18 45 297
45 18 297
18 42 5
42 18 5
19 56 759
56 19 759
19 57 660
57 19 660
19 34 18
34 19 18
19 45 750
45 19 750
19 46 375
46 19 375
19 22 958
22 19 958
19 41 477
41 19 477
19 38 677
38 19 677
19 55 98
55 19 98
19 50 986
50 19 986
20 31 857
31 20 857
20 52 126
52 20 126
20 53 441
53 20 441
20 21 177
21 20 177
20 35 56
35 20 56
20 48 954
48 20 954
20 59 984
59 20 984
20 25 54
25 20 54
21 27 340
27 21 340
21 60 749
60 21 749
21 51 17
51 21 17
21 46 748
46 21 748
21 23 839
23 21 839
21 42 434
42 21 434
21 41 15
41 21 15
21 39 145
39 21 145
21 62 678
62 21 678
22 60 612
60 22 612
22 32 31
32 22 31
22 51 200
51 22 200
23 38 552
38 23 552
23 56 669
56 23 669
23 56 291
56 23 291
23 50 482
50 23 482
23 35 453
35 23 453
23 29 135
29 23 135
23 54 560
54 23 560
23 57 132
57 23 132
24 58 369
58 24 369
24 59 522
59 24 522
24 62 170
62 24 170
24 42 902
42 24 902
24 38 445
38 24 445
24 61 671
61 24 671
24 32 25
32 24 25
24 40 558
40 24 558
25 30 314
30 25 314
25 54 694
54 25 694
25 54 83
54 25 83
25 38 229
38 25 229
25 29 863
29 25 863
26 59 72
59 26 72
26 62 182
62 26 182
26 38 556
38 26 556
26 42 925
42 26 925
26 37 373
37 26 373
26 32 54
32 26 54
26 49 241
49 26 241
27 38 749
38 27 749
27 32 458
32 27 458
27 36 645
36 27 645
27 47 196
47 27 196
27 39 5
39 27 5
27 49 45
49 27 45
27 60 483
60 27 483
27 48 744
48 27 744
28 36 505
36 28 505
28 30 151
30 28 151
28 34 209
34 28 209
28 58 779
58 28 779
28 62 946
62 28 946
28 50 28
50 28 28
29 48 980
48 29 980
29 39 696
39 29 696
29 45 302
45 29 302
29 54 710
54 29 710
29 35 685
35 29 685
29 56 59
56 29 59
29 42 955
42 29 955
29 41 732
41 29 732
29 55 499
55 29 499
29 37 461
37 29 461
30 42 564
42 30 564
30 53 63
53 30 63
30 45 777
45 30 777
30 37 217
37 30 217
30 32 72
32 30 72
31 32 323
32 31 323
31 42 527
42 31 527
31 34 94
34 31 94
31 31 891
31 31 891
32 35 563
35 32 563
32 45 457
45 32 457
32 57 756
57 32 756
32 42 118
42 32 118
32 51 166
51 32 166
32 46 767
46 32 767
32 52 853
52 32 853
32 58 879
58 32 879
32 58 252
58 32 252
32 59 924
59 32 924
33 45 644
45 33 644
33 48 922
48 33 922
33 36 879
36 33 879
33 48 651
48 33 651
33 62 803
62 33 803
34 45 803
45 34 803
34 48 393
48 34 393
34 45 571
45 34 571
34 45 488
45 34 488
35 57 90
57 35 90
35 60 728
60 35 728
35 59 314
59 35 314
36 49 299
49 36 299
36 62 473
62 36 473
37 60 919
60 37 919
37 47 801
47 37 801
37 55 350
55 37 350
37 59 463
59 37 463
38 53 482
53 38 482
38 40 110
40 38 110
38 40 485
40 38 485
38 48 467
48 38 467
38 55 987
55 38 987
38 38 297
38 38 297
38 42 112
42 38 112
38 58 154
58 38 154
39 51 994
51 39 994
39 51 118
51 39 118
39 44 597
44 39 597
39 46 925
46 39 925
39 50 649
50 39 649
40 44 234
44 40 234
40 41 664
41 40 664
40 53 275
53 40 275
40 50 323
50 40 323
41 48 99
48 41 99
41 49 327
49 41 327
41 46 541
46 41 541
42 51 301
51 42 301
43 56 655
56 43 655
43 45 527
45 43 527
43 44 70
44 43 70
44 62 278
62 44 278
44 60 915
60 44 915
44 62 903
62 44 903
45 61 976
61 45 976
45 54 488
54 45 488
45 58 925
58 45 925
45 49 268
49 45 268
46 49 109
49 46 109
47 58 489
58 47 489
47 55 303
55 47 303
47 52 390
52 47 390
47 48 466
48 47 466
47 47 173
47 47 173
48 48 514
48 48 514
48 61 90
61 48 90
49 60 775
60 49 775
49 53 571
53 49 571
49 57 271
57 49 271
50 57 179
57 50 179
50 61 154
61 50 154
51 57 745
57 51 745
51 59 856
59 51 856
52 55 59
55 52 59
52 53 655
53 52 655
53 62 708
62 53 708
53 60 739
60 53 739
55 56 322
56 55 322
56 58 289
58 56 289
57 61 171
61 57 171
58 62 829
62 58 829
59 62 507
62 59 507
