85

0 1 343
1 0 343
0 6 122
6 0 122
0 13 541
13 0 541
0 28 421
28 0 421
0 51 663
51 0 663
0 59 220
59 0 220
0 13 98
13 0 98
0 82 437
82 0 437
0 62 529
62 0 529
0 72 34
72 0 34
1 2 662
2 1 662
1 3 611
3 1 611
1 4 338
4 1 338
1 5 876
5 1 876
1 29 297
29 1 297
1 25 948
25 1 948
1 64 672
64 1 672
1 30 434
30 1 434
1 71 808
71 1 808
1 39 272
39 1 272
1 37 20
37 1 20
1 11 299
11 1 299
1 62 824
62 1 824
1 73 763
73 1 763
2 16 832
16 2 832
2 35 481
35 2 481
2 74 14
74 2 14
2 50 334
50 2 334
2 18 640
18 2 640
2 25 270
25 2 270
3 7 121
7 3 121
3 10 590
10 3 590
3 45 321
45 3 321
3 46 196
46 3 196
3 15 127
15 3 127
3 50 835
50 3 835
3 66 251
66 3 251
3 46 181
46 3 181
3 29 2
29 3 2
4 63 453
63 4 453
4 82 40
82 4 40
4 83 832
83 4 832
4 55 886
55 4 886
4 28 922
28 4 922
4 30 956
30 4 956
4 68 941
68 4 941
5 12 339
12 5 339
5 15 119
15 5 119
5 18 931
18 5 931
5 43 61
43 5 61
5 80 200
80 5 200
5 44 271
44 5 271
5 81 425
81 5 425
5 28 908
28 5 908
5 7 728
7 5 728
6 31 372
31 6 372
6 11 800
11 6 800
6 55 39
55 6 39
6 23 675
23 6 675
7 8 921
8 7 921
7 9 24
9 7 24
7 26 302
26 7 302
7 24 744
24 7 744
7 27 467
27 7 467
8 14 802
14 8 802
8 26 320
26 8 320
8 33 243
33 8 243
8 29 23
29 8 23
9 11 371
11 9 371
9 17 909
17 9 909
9 79 813
79 9 813
9 15 784
15 9 784
10 23 946
23 10 946
10 38 897
38 10 897
10 60 633
60 10 633
11 52 395
52 11 395
11 69 769
69 11 769
11 67 183
67 11 183
11 71 518
71 11 518
11 61 293
61 11 293
12 23 986
23 12 986
12 39 28
39 12 28
12 72 645
72 12 645
12 74 48
74 12 48
12 16 320
16 12 320
12 29 976
29 12 976
12 46 113
46 12 113
12 15 541
15 12 541
13 20 931
20 13 931
13 67 570
67 13 570
13 22 21
22 13 21
13 47 773
47 13 773
13 71 157
71 13 157
14 84 369
84 14 369
14 38 192
38 14 192
14 69 666
69 14 666
14 37 502
37 14 502
15 34 767
34 15 767
15 60 746
60 15 746
15 39 969
39 15 969
15 16 793
16 15 793
15 73 24
73 15 24
16 19 985
19 16 985
16 48 384
48 16 384
16 81 314
81 16 314
16 52 48
52 16 48
16 73 564
73 16 564
16 61 224
61 16 224
16 22 165
22 16 165
17 44 468
44 17 468
17 65 128
65 17 128
17 46 522
46 17 522
18 22 202
22 18 202
18 47 892
47 18 892
18 71 750
71 18 750
18 72 679
72 18 679
18 57 604
57 18 604
18 83 201
83 18 201
19 27 935
27 19 935
19 40 822
40 19 822
19 54 498
54 19 498
19 54 879
54 19 879
19 55 163
55 19 163
19 78 998
78 19 998
20 21 907
21 20 907
20 53 706
53 20 706
20 68 658
68 20 658
21 25 46
25 21 46
21 71 381
71 21 381
22 24 354
24 22 354
22 66 47
66 22 47
22 41 866
41 22 866
23 70 95
70 23 95
23 50 965
50 23 965
23 55 644
55 23 644
23 78 405
78 23 405
24 30 857
30 24 857
24 37 676
37 24 676
24 45 873
45 24 873
24 44 813
44 24 813
24 45 56
45 24 56
24 77 120
77 24 120
24 27 949
27 24 949
24 84 806
84 24 806
24 44 135
44 24 135
25 29 364
29 25 364
25 74 352
74 25 352
25 43 570
43 25 570
25 79 945
79 25 945
26 80 992
80 26 992
26 37 54
37 26 54
26 73 585
73 26 585
27 51 944
51 27 944
27 50 426
50 27 426
27 64 808
64 27 808
27 29 539
29 27 539
27 45 143
45 27 143
27 36 986
36 27 986
28 32 748
32 28 748
28 41 300
41 28 300
28 57 972
57 28 972
28 80 749
80 28 749
29 36 436
36 29 436
29 33 898
33 29 898
29 33 866
33 29 866
30 33 274
33 30 274
30 31 665
31 30 665
30 81 663
81 30 663
30 84 259
84 30 259
31 43 868
43 31 868
31 69 622
69 31 622
31 43 564
43 31 564
32 69 979
69 32 979
32 62 476
62 32 476
33 37 833
37 33 833
34 38 315
38 34 315
34 54 952
54 34 952
34 62 889
62 34 889
34 40 80
40 34 80
35 72 172
72 35 172
35 56 745
56 35 745
35 74 421
74 35 421
35 81 487
81 35 487
35 61 240
61 35 240
35 55 222
55 35 222
36 49 554
49 36 554
37 78 234
78 37 234
37 45 683
45 37 683
37 61 816
61 37 816
37 76 608
76 37 608
38 53 833
53 38 833
38 58 898
58 38 898
39 42 729
42 39 729
39 53 95
53 39 95
39 57 422
57 39 422
40 42 588
42 40 588
40 67 824
67 40 824
40 75 866
75 40 866
40 74 439
74 40 439
41 63 318
63 41 318
42 42 691
42 42 691
42 47 952
47 42 952
44 58 718
58 44 718
44 69 452
69 44 452
45 67 659
67 45 659
47 50 871
50 47 871
47 78 681
78 47 681
47 76 785
76 47 785
47 52 197
52 47 197
48 49 853
49 48 853
48 61 211
61 48 211
48 56 691
56 48 691
48 70 775
70 48 775
48 67 793
67 48 793
50 54 402
54 50 402
50 52 35
52 50 35
50 64 384
64 50 384
50 62 418
62 50 418
51 73 390
73 51 390
51 75 183
75 51 183
52 73 633
73 52 633
53 55 461
55 53 461
53 56 123
56 53 123
54 73 171
73 54 171
54 66 23
66 54 23
54 58 47
58 54 47
54 83 275
83 54 275
54 64 346
64 54 346
55 69 904
69 55 904
55 62 1000
62 55 1000
55 81 863
81 55 863
56 63 849
63 56 849
56 67 71
67 56 71
57 76 859
76 57 859
58 81 354
81 58 354
58 73 974
73 58 974
58 69 892
69 58 892
58 72 667
72 58 667
59 77 876
77 59 876
59 74 321
74 59 321
59 70 176
70 59 176
59 79 595
79 59 595
60 75 832
75 60 832
60 83 653
83 60 653
61 76 291
76 61 291
63 64 936
64 63 936
63 68 410
68 63 410
63 78 617
78 63 617
63 84 597
84 63 597
65 78 544
78 65 544
65 77 617
77 65 617
66 79 248
79 66 248
66 67 332
67 66 332
67 79 868
79 67 868
69 78 539
78 69 539
70 71 116
71 70 116
70 83 418
83 70 418
70 70 952
70 70 952
73 83 704
83 73 704
73 82 727
82 73 727
74 83 338
83 74 338
80 84 246
84 80 246
82 83 762
83 82 762
