65

0 1 937
1 0 937
0 2 346
2 0 346
0 4 756
4 0 756
0 14 828
14 0 828
0 48 600
48 0 600
0 63 500
63 0 500
0 23 901
23 0 901
0 44 150
44 0 150
0 3 531
3 0 531
0 35 945
35 0 945
0 26 884
26 0 884
0 26 851
26 0 851
0 27 209
27 0 209
0 41 102
41 0 102
0 6 958
6 0 958
0 63 177
63 0 177
0 39 171
39 0 171
0 55 645
55 0 645
1 16 516
16 1 516
1 27 801
27 1 801
1 43 634
43 1 634
1 17 371
17 1 371
1 44 161
44 1 161
1 46 235
46 1 235
1 3 996
3 1 996
1 17 619
17 1 619
1 39 468
39 1 468
1 55 500
55 1 500
1 59 346
59 1 346
1 49 388
49 1 388
2 3 204
3 2 204
2 5 897
5 2 897
2 6 926
6 2 926
2 8 116
8 2 116
2 17 895
17 2 895
2 38 772
38 2 772
2 40 132
40 2 132
2 35 739
35 2 739
2 53 146
53 2 146
2 52 641
52 2 641
2 8 934
8 2 934
2 36 823
36 2 823
2 26 398
26 2 398
2 9 790
9 2 790
2 64 676
64 2 676
2 15 940
15 2 940
3 9 232
9 3 232
3 10 740
10 3 740
3 11 989
11 3 989
3 39 108
39 3 108
3 51 88
51 3 88
3 37 774
37 3 774
3 4 648
4 3 648
3 36 723
36 3 723
3 64 651
64 3 651
3 33 826
33 3 826
3 55 391
55 3 391
3 31 537
31 3 537
3 63 766
63 3 766
3 43 747
43 3 747
3 59 739
59 3 739
3 51 798
51 3 798
4 7 293
7 4 293
4 52 682
52 4 682
4 33 127
33 4 127
4 30 542
30 4 542
4 27 508
27 4 508
4 10 164
10 4 164
4 51 418
51 4 418
4 49 26
49 4 26
4 49 472
49 4 472
4 10 647
10 4 647
4 30 627
30 4 627
4 7 847
7 4 847
4 11 797
11 4 797
4 44 942
44 4 942
5 12 361
12 5 361
5 16 213
16 5 213
5 37 910
37 5 910
5 54 48
54 5 48
5 13 211
13 5 211
5 62 885
62 5 885
5 64 213
64 5 213
5 44 501
44 5 501
6 13 663
13 6 663
6 47 496
47 6 496
6 57 718
57 6 718
6 13 639
13 6 639
6 24 742
24 6 742
6 52 883
52 6 883
6 46 199
46 6 199
6 25 102
25 6 102
6 49 33
49 6 33
6 20 102
20 6 102
6 49 528
49 6 528
6 23 418
23 6 418
7 21 998
21 7 998
7 34 587
34 7 587
7 42 358
42 7 358
7 56 26
56 7 26
7 24 945
24 7 945
7 10 326
10 7 326
7 15 146
15 7 146
7 40 239
40 7 239
7 41 374
41 7 374
7 47 978
47 7 978
7 45 94
45 7 94
7 12 944
12 7 944
7 28 853
28 7 853
7 37 177
37 7 177
7 25 897
25 7 897
7 47 606
47 7 606
8 18 396
18 8 396
8 22 779
22 8 779
8 25 921
25 8 921
8 35 48
35 8 48
8 14 989
14 8 989
8 18 930
18 8 930
8 44 320
44 8 320
8 22 466
22 8 466
8 46 553
46 8 553
8 32 917
32 8 917
8 56 501
56 8 501
8 27 49
27 8 49
9 43 828
43 9 828
9 16 968
16 9 968
9 20 900
20 9 900
9 36 397
36 9 397
9 26 629
26 9 629
9 44 310
44 9 310
10 11 182
11 10 182
10 61 454
61 10 454
10 47 96
47 10 96
10 60 640
60 10 640
10 10 869
10 10 869
10 14 934
14 10 934
10 50 261
50 10 261
10 44 712
44 10 712
10 32 462
32 10 462
10 54 751
54 10 751
11 15 85
15 11 85
11 49 473
49 11 473
11 51 547
51 11 547
11 49 21
49 11 21
11 54 794
54 11 794
11 39 107
39 11 107
11 41 39
41 11 39
11 52 242
52 11 242
11 54 942
54 11 942
11 16 520
16 11 520
11 44 209
44 11 209
12 31 467
31 12 467
12 40 457
40 12 457
12 58 964
58 12 964
12 18 345
18 12 345
12 42 747
42 12 747
12 49 960
49 12 960
12 60 184
60 12 184
13 52 17
52 13 17
13 32 77
32 13 77
13 47 583
47 13 583
13 57 581
57 13 581
13 29 318
29 13 318
13 21 972
21 13 972
13 23 376
23 13 376
13 35 661
35 13 661
14 20 962
20 14 962
14 15 904
15 14 904
14 44 780
44 14 780
14 57 160
57 14 160
14 57 60
57 14 60
14 46 862
46 14 862
14 25 442
25 14 442
14 50 191
50 14 191
14 52 699
52 14 699
14 50 520
50 14 520
14 22 549
22 14 549
14 27 404
27 14 404
14 57 97
57 14 97
15 46 314
46 15 314
15 29 291
29 15 291
15 59 960
59 15 960
15 49 30
49 15 30
15 51 780
51 15 780
15 51 289
51 15 289
15 19 854
19 15 854
16 19 615
19 16 615
16 23 955
23 16 955
16 30 507
30 16 507
16 54 495
54 16 495
16 63 634
63 16 634
16 56 539
56 16 539
16 36 722
36 16 722
16 24 643
24 16 643
16 53 690
53 16 690
16 40 337
40 16 337
16 24 872
24 16 872
16 59 808
59 16 808
17 24 933
24 17 933
17 33 376
33 17 376
17 37 148
37 17 148
17 46 22
46 17 22
17 24 207
24 17 207
17 35 939
35 17 939
17 64 166
64 17 166
17 56 968
56 17 968
17 47 375
47 17 375
17 26 721
26 17 721
18 28 193
28 18 193
18 29 383
29 18 383
18 43 119
43 18 119
18 62 473
62 18 473
18 47 945
47 18 945
18 61 140
61 18 140
18 61 801
61 18 801
18 49 799
49 18 799
18 55 101
55 18 101
18 33 589
33 18 589
18 22 774
22 18 774
19 26 898
26 19 898
19 43 375
43 19 375
19 63 3
63 19 3
20 24 579
24 20 579
20 35 833
35 20 833
21 31 245
31 21 245
21 31 832
31 21 832
21 38 110
38 21 110
21 35 368
35 21 368
21 63 609
63 21 609
21 54 649
54 21 649
21 33 205
33 21 205
21 27 111
27 21 111
21 41 590
41 21 590
22 33 97
33 22 97
22 62 926
62 22 926
22 25 843
25 22 843
23 26 778
26 23 778
23 47 482
47 23 482
23 30 54
30 23 54
23 56 570
56 23 570
23 44 899
44 23 899
23 26 894
26 23 894
23 30 123
30 23 123
24 52 797
52 24 797
24 54 977
54 24 977
24 28 247
28 24 247
24 43 816
43 24 816
24 45 62
45 24 62
24 51 144
51 24 144
25 40 255
40 25 255
25 60 496
60 25 496
25 49 609
49 25 609
25 35 370
35 25 370
26 32 773
32 26 773
26 52 51
52 26 51
26 40 195
40 26 195
26 52 297
52 26 297
26 62 536
62 26 536
26 61 161
61 26 161
26 58 220
58 26 220
27 29 5
29 27 5
27 48 384
48 27 384
27 46 249
46 27 249
27 38 435
38 27 435
27 47 887
47 27 887
27 59 683
59 27 683
27 39 140
39 27 140
27 62 46
62 27 46
27 28 466
28 27 466
27 54 950
54 27 950
27 36 639
36 27 639
28 41 197
41 28 197
28 37 980
37 28 980
28 62 913
62 28 913
29 50 207
50 29 207
29 51 907
51 29 907
29 52 451
52 29 451
29 56 604
56 29 604
29 54 893
54 29 893
30 38 655
38 30 655
30 46 726
46 30 726
30 38 968
38 30 968
31 36 288
36 31 288
31 33 446
33 31 446
31 44 408
44 31 408
31 38 381
38 31 381
31 32 407
32 31 407
31 57 4
57 31 4
31 34 331
34 31 331
31 40 478
40 31 478
32 40 267
40 32 267
32 44 361
44 32 361
32 34 93
34 32 93
32 53 993
53 32 993
32 38 618
38 32 618
32 43 283
43 32 283
32 59 872
59 32 872
32 54 219
54 32 219
32 35 903
35 32 903
33 48 850
48 33 850
33 54 998
54 33 998
33 49 560
49 33 560
33 51 376
51 33 376
34 47 286
47 34 286
34 34 314
34 34 314
34 60 248
60 34 248
34 59 26
59 34 26
34 56 394
56 34 394
35 48 883
48 35 883
35 61 820
61 35 820
35 63 422
63 35 422
35 45 236
45 35 236
35 54 47
54 35 47
35 43 154
43 35 154
36 41 304
41 36 304
36 52 24
52 36 24
36 53 438
53 36 438
36 49 439
49 36 439
36 39 474
39 36 474
36 57 806
57 36 806
36 54 444
54 36 444
37 38 655
38 37 655
37 44 36
44 37 36
37 38 488
38 37 488
37 52 972
52 37 972
37 62 1
62 37 1
37 50 684
50 37 684
37 60 349
60 37 349
38 46 158
46 38 158
38 48 788
48 38 788
38 57 496
57 38 496
38 64 623
64 38 623
38 53 416
53 38 416
38 43 634
43 38 634
39 61 510
61 39 510
39 60 779
60 39 779
39 62 260
62 39 260
39 46 940
46 39 940
40 64 839
64 40 839
40 48 683
48 40 683
40 46 286
46 40 286
41 44 596
44 41 596
41 45 872
45 41 872
41 63 423
63 41 423
41 43 545
43 41 545
41 64 126
64 41 126
41 42 88
42 41 88
41 52 782
52 41 782
41 50 493
50 41 493
42 47 454
47 42 454
42 44 1
44 42 1
42 48 479
48 42 479
43 59 311
59 43 311
43 56 178
56 43 178
43 62 275
62 43 275
44 62 215
62 44 215
44 52 438
52 44 438
44 61 267
61 44 267
45 61 207
61 45 207
45 62 443
62 45 443
45 59 443
59 45 443
45 47 573
47 45 573
45 49 127
49 45 127
45 63 184
63 45 184
45 57 837
57 45 837
45 59 390
59 45 390
46 58 138
58 46 138
46 47 898
47 46 898
46 53 552
53 46 552
47 53 259
53 47 259
47 52 691
52 47 691
47 57 15
57 47 15
47 64 143
64 47 143
48 61 740
61 48 740
48 64 825
64 48 825
48 48 95
48 48 95
48 54 831
54 48 831
49 57 657
57 49 657
52 57 935
57 52 935
52 63 156
63 52 156
52 53 651
53 52 651
54 55 278
55 54 278
54 55 561
55 54 561
54 59 561
59 54 561
54 59 6
59 54 6
55 64 510
64 55 510
56 58 460
58 56 460
56 59 477
59 56 477
58 60 401
60 58 401
58 63 156
63 58 156
59 60 521
60 59 521
59 60 983
60 59 983
59 63 936
63 59 936
