33

0 1 797
1 0 797
0 2 801
2 0 801
0 11 472
11 0 472
0 15 873
15 0 873
0 31 180
31 0 180
0 0 299
0 0 299
0 2 600
2 0 600
0 27 993
27 0 993
1 4 221
4 1 221
2 3 835
3 2 835
2 17 681
17 2 681
2 24 946
24 2 946
2 15 667
15 2 667
2 27 274
27 2 274
3 5 305
5 3 305
3 9 368
9 3 368
3 18 579
18 3 579
3 15 907
15 3 907
3 31 383
31 3 383
4 8 971
8 4 971
4 10 140
10 4 140
5 6 496
6 5 496
5 28 615
28 5 615
6 7 524
7 6 524
6 12 824
12 6 824
7 12 114
12 7 114
7 28 59
28 7 59
8 14 148
14 8 148
8 19 864
19 8 864
8 25 414
25 8 414
9 16 84
16 9 84
9 13 440
13 9 440
10 26 168
26 10 168
10 32 377
32 10 377
10 25 361
25 10 361
11 13 222
13 11 222
11 25 402
25 11 402
13 28 95
28 13 95
14 28 508
28 14 508
15 21 527
21 15 527
15 18 728
18 15 728
15 26 106
26 15 106
16 29 580
29 16 580
17 20 77
20 17 77
18 22 184
22 18 184
18 23 314
23 18 314
18 21 66
21 18 66
19 29 677
29 19 677
20 27 898
27 20 898
22 29 852
29 22 852
22 26 265
26 22 265
24 28 796
28 24 796
25 30 776
30 25 776
