35

0 1 824
1 0 824
0 2 484
2 0 484
0 13 122
13 0 122
0 3 690
3 0 690
0 31 596
31 0 596
0 20 225
20 0 225
1 4 936
4 1 936
1 5 840
5 1 840
1 8 38
8 1 38
1 11 686
11 1 686
1 28 864
28 1 864
1 1 421
1 1 421
1 13 951
13 1 951
2 3 241
3 2 241
2 6 899
6 2 899
2 25 78
25 2 78
3 30 400
30 3 400
3 21 742
21 3 742
3 15 456
15 3 456
4 7 817
7 4 817
4 27 967
27 4 967
4 12 217
12 4 217
4 23 917
23 4 917
4 33 216
33 4 216
5 5 846
5 5 846
5 14 144
14 5 144
5 21 443
21 5 443
5 26 605
26 5 605
6 9 325
9 6 325
6 12 677
12 6 677
6 15 298
15 6 298
6 22 986
22 6 986
6 33 105
33 6 105
6 34 365
34 6 365
7 19 489
19 7 489
7 33 459
33 7 459
7 20 739
20 7 739
8 10 63
10 8 63
8 14 465
14 8 465
8 23 242
23 8 242
8 13 99
13 8 99
8 32 883
32 8 883
8 32 807
32 8 807
8 30 734
30 8 734
10 25 487
25 10 487
11 20 196
20 11 196
11 24 847
24 11 847
11 14 366
14 11 366
11 34 341
34 11 341
13 18 150
18 13 150
13 33 244
33 13 244
14 16 825
16 14 825
14 17 660
17 14 660
14 21 563
21 14 563
14 22 801
22 14 801
16 27 286
27 16 286
17 21 626
21 17 626
17 21 630
21 17 630
17 20 161
20 17 161
18 26 558
26 18 558
19 21 821
21 19 821
19 30 193
30 19 193
19 34 299
34 19 299
19 25 315
25 19 315
20 31 171
31 20 171
21 26 772
26 21 772
22 23 662
23 22 662
23 27 430
27 23 430
24 26 598
26 24 598
24 29 921
29 24 921
24 26 641
26 24 641
25 31 30
31 25 30
26 32 292
32 26 292
26 28 316
28 26 316
27 29 722
29 27 722
30 33 599
33 30 599
30 33 772
33 30 772
