95

0 1 80
1 0 80
0 4 959
4 0 959
0 78 183
78 0 183
0 1 855
1 0 855
0 76 409
76 0 409
1 2 347
2 1 347
1 3 733
3 1 733
1 5 97
5 1 97
1 12 578
12 1 578
1 20 286
20 1 286
1 37 341
37 1 341
1 60 802
60 1 802
2 35 458
35 2 458
2 48 553
48 2 553
2 22 741
22 2 741
2 31 234
31 2 234
2 49 992
49 2 992
2 87 524
87 2 524
2 48 319
48 2 319
2 68 78
68 2 78
3 10 625
10 3 625
3 28 349
28 3 349
3 54 536
54 3 536
3 10 517
10 3 517
4 6 290
6 4 290
4 7 80
7 4 80
4 13 689
13 4 689
4 69 496
69 4 496
4 20 651
20 4 651
4 64 949
64 4 949
4 91 347
91 4 347
4 69 221
69 4 221
5 8 53
8 5 53
5 18 147
18 5 147
5 25 969
25 5 969
5 72 47
72 5 47
5 72 465
72 5 465
6 30 842
30 6 842
6 34 972
34 6 972
6 49 714
49 6 714
6 67 51
67 6 51
6 93 33
93 6 33
6 75 707
75 6 707
6 21 160
21 6 160
7 14 225
14 7 225
7 15 227
15 7 227
7 22 579
22 7 579
7 83 684
83 7 684
7 23 759
23 7 759
7 69 525
69 7 525
7 33 64
33 7 64
8 9 985
9 8 985
8 17 803
17 8 803
8 33 241
33 8 241
9 11 518
11 9 518
9 85 94
85 9 94
9 41 784
41 9 784
9 54 19
54 9 19
10 61 874
61 10 874
10 63 730
63 10 730
10 24 785
24 10 785
10 91 28
91 10 28
10 47 53
47 10 53
11 16 610
16 11 610
11 47 48
47 11 48
11 57 56
57 11 56
11 31 576
31 11 576
11 87 279
87 11 279
12 32 200
32 12 200
12 38 664
38 12 664
12 70 17
70 12 17
12 16 258
16 12 258
12 23 540
23 12 540
12 13 900
13 12 900
13 26 251
26 13 251
13 93 9
93 13 9
14 19 119
19 14 119
14 40 980
40 14 980
14 43 925
43 14 925
14 88 274
88 14 274
14 54 755
54 14 755
15 87 489
87 15 489
15 53 301
53 15 301
15 42 927
42 15 927
15 54 237
54 15 237
16 49 244
49 16 244
16 79 219
79 16 219
16 69 590
69 16 590
16 50 251
50 16 251
16 77 392
77 16 392
17 33 954
33 17 954
17 62 567
62 17 567
17 18 887
18 17 887
17 91 707
91 17 707
18 21 885
21 18 885
18 23 188
23 18 188
18 29 574
29 18 574
18 89 930
89 18 930
18 62 236
62 18 236
19 48 220
48 19 220
19 36 472
36 19 472
19 38 159
38 19 159
20 24 200
24 20 200
20 27 352
27 20 352
20 31 354
31 20 354
20 93 908
93 20 908
20 78 571
78 20 571
20 49 428
49 20 428
20 87 611
87 20 611
20 86 610
86 20 610
20 75 706
75 20 706
21 26 309
26 21 309
21 55 246
55 21 246
21 45 698
45 21 698
22 81 523
81 22 523
22 90 64
90 22 64
22 68 307
68 22 307
22 79 817
79 22 817
23 39 186
39 23 186
23 73 278
73 23 278
23 40 112
40 23 112
23 56 641
56 23 641
23 72 566
72 23 566
24 42 201
42 24 201
24 50 458
50 24 458
24 82 376
82 24 376
24 92 178
92 24 178
24 29 786
29 24 786
24 28 402
28 24 402
24 78 839
78 24 839
25 53 290
53 25 290
25 25 699
25 25 699
25 40 407
40 25 407
25 53 299
53 25 299
25 85 939
85 25 939
25 53 80
53 25 80
26 78 657
78 26 657
26 43 954
43 26 954
26 94 697
94 26 697
27 51 60
51 27 60
27 74 551
74 27 551
27 91 683
91 27 683
28 43 187
43 28 187
28 80 149
80 28 149
28 36 149
36 28 149
29 71 824
71 29 824
29 52 268
52 29 268
29 78 778
78 29 778
29 53 554
53 29 554
30 77 762
77 30 762
30 51 376
51 30 376
30 54 22
54 30 22
31 72 935
72 31 935
31 73 94
73 31 94
31 37 811
37 31 811
31 58 476
58 31 476
32 46 860
46 32 860
32 92 536
92 32 536
33 44 340
44 33 340
33 58 952
58 33 952
34 45 160
45 34 160
34 35 838
35 34 838
34 87 594
87 34 594
34 83 425
83 34 425
35 36 37
36 35 37
35 41 87
41 35 87
35 61 953
61 35 953
35 90 702
90 35 702
35 44 164
44 35 164
35 42 598
42 35 598
36 61 13
61 36 13
36 69 124
69 36 124
37 37 673
37 37 673
38 91 989
91 38 989
38 72 557
72 38 557
38 49 32
49 38 32
39 46 899
46 39 899
39 59 327
59 39 327
40 61 374
61 40 374
41 91 685
91 41 685
41 53 253
53 41 253
41 44 799
44 41 799
41 76 355
76 41 355
41 63 501
63 41 501
41 49 189
49 41 189
43 86 180
86 43 180
43 51 840
51 43 840
45 82 363
82 45 363
45 70 483
70 45 483
45 45 3
45 45 3
46 51 991
51 46 991
46 74 577
74 46 577
46 60 276
60 46 276
46 49 155
49 46 155
46 85 359
85 46 359
47 54 484
54 47 484
47 57 559
57 47 559
48 52 869
52 48 869
48 76 914
76 48 914
48 49 707
49 48 707
49 64 538
64 49 538
50 65 946
65 50 946
50 66 300
66 50 300
50 79 784
79 50 784
51 71 775
71 51 775
51 68 641
68 51 641
51 58 409
58 51 409
51 54 393
54 51 393
53 56 943
56 53 943
53 68 421
68 53 421
54 67 512
67 54 512
54 57 698
57 54 698
55 62 442
62 55 442
57 82 626
82 57 626
58 70 686
70 58 686
59 85 162
85 59 162
59 89 386
89 59 386
59 90 183
90 59 183
59 91 984
91 59 984
59 70 313
70 59 313
60 63 772
63 60 772
62 88 664
88 62 664
63 72 874
72 63 874
63 71 780
71 63 780
64 83 262
83 64 262
65 76 288
76 65 288
65 94 927
94 65 927
65 90 232
90 65 232
65 74 562
74 65 562
66 75 560
75 66 560
67 87 864
87 67 864
68 94 895
94 68 895
68 69 705
69 68 705
68 85 477
85 68 477
70 94 781
94 70 781
70 93 930
93 70 930
73 81 682
81 73 682
75 84 64
84 75 64
75 88 966
88 75 966
75 84 728
84 75 728
77 86 932
86 77 932
