97

0 1 378
1 0 378
0 3 698
3 0 698
0 4 690
4 0 690
0 38 45
38 0 45
0 80 795
80 0 795
0 67 394
67 0 394
0 47 552
47 0 552
0 76 388
76 0 388
0 70 775
70 0 775
0 78 110
78 0 110
0 94 45
94 0 45
0 13 327
13 0 327
0 54 389
54 0 389
0 33 595
33 0 595
0 0 568
0 0 568
0 46 568
46 0 568
0 96 982
96 0 982
0 38 98
38 0 98
0 47 827
47 0 827
0 85 274
85 0 274
0 34 835
34 0 835
0 46 865
46 0 865
0 9 313
9 0 313
0 36 452
36 0 452
0 17 538
17 0 538
0 0 690
0 0 690
0 69 547
69 0 547
1 2 39
2 1 39
1 6 932
6 1 932
1 12 451
12 1 451
1 33 492
33 1 492
1 57 466
57 1 466
1 75 631
75 1 631
1 66 759
66 1 759
1 95 243
95 1 243
1 23 730
23 1 730
1 92 804
92 1 804
1 66 334
66 1 334
1 4 326
4 1 326
1 35 499
35 1 499
2 10 385
10 2 385
2 26 267
26 2 267
2 64 985
64 2 985
2 7 620
7 2 620
2 3 551
3 2 551
2 34 328
34 2 328
2 41 262
41 2 262
2 19 77
19 2 77
2 61 743
61 2 743
2 33 512
33 2 512
2 62 149
62 2 149
2 39 660
39 2 660
2 34 466
34 2 466
2 82 283
82 2 283
2 43 21
43 2 21
2 89 430
89 2 430
2 79 490
79 2 490
2 19 623
19 2 623
2 35 867
35 2 867
2 39 361
39 2 361
2 11 3
11 2 3
2 86 714
86 2 714
2 46 141
46 2 141
2 55 127
55 2 127
2 59 59
59 2 59
2 83 555
83 2 555
2 20 798
20 2 798
3 5 838
5 3 838
3 25 113
25 3 113
3 47 820
47 3 820
3 51 424
51 3 424
3 55 298
55 3 298
3 24 832
24 3 832
3 27 967
27 3 967
3 49 298
49 3 298
3 14 711
14 3 711
3 85 50
85 3 50
3 67 75
67 3 75
3 14 884
14 3 884
3 89 134
89 3 134
3 16 501
16 3 501
3 26 989
26 3 989
3 37 456
37 3 456
3 52 75
52 3 75
3 6 810
6 3 810
3 74 394
74 3 394
3 93 955
93 3 955
3 85 3
85 3 3
3 77 960
77 3 960
3 54 191
54 3 191
4 23 651
23 4 651
4 73 561
73 4 561
4 83 165
83 4 165
4 35 698
35 4 698
4 37 918
37 4 918
4 90 370
90 4 370
4 34 303
34 4 303
4 87 945
87 4 945
4 69 303
69 4 303
4 10 970
10 4 970
4 38 909
38 4 909
4 38 667
38 4 667
5 11 603
11 5 603
5 18 847
18 5 847
5 29 490
29 5 490
5 72 522
72 5 522
5 67 60
67 5 60
5 93 242
93 5 242
5 96 740
96 5 740
5 24 526
24 5 526
5 70 809
70 5 809
5 51 866
51 5 866
5 83 283
83 5 283
5 57 944
57 5 944
5 66 976
66 5 976
5 26 584
26 5 584
5 74 833
74 5 833
5 84 354
84 5 354
5 75 183
75 5 183
5 22 959
22 5 959
5 68 852
68 5 852
5 33 871
33 5 871
6 7 35
7 6 35
6 8 867
8 6 867
6 9 546
9 6 546
6 40 913
40 6 913
6 42 149
42 6 149
6 17 87
17 6 87
6 80 458
80 6 458
6 91 641
91 6 641
6 15 742
15 6 742
6 24 419
24 6 419
6 28 641
28 6 641
6 64 290
64 6 290
6 78 578
78 6 578
6 91 416
91 6 416
6 96 218
96 6 218
6 92 956
92 6 956
7 15 873
15 7 873
7 88 902
88 7 902
7 74 462
74 7 462
7 73 145
73 7 145
7 78 738
78 7 738
7 69 369
69 7 369
7 7 197
7 7 197
7 44 587
44 7 587
7 81 48
81 7 48
7 19 239
19 7 239
7 68 756
68 7 756
7 54 957
54 7 957
7 47 103
47 7 103
7 67 739
67 7 739
8 78 64
78 8 64
8 79 764
79 8 764
8 67 859
67 8 859
8 62 997
62 8 997
8 61 767
61 8 767
8 26 578
26 8 578
8 92 427
92 8 427
8 50 594
50 8 594
8 54 745
54 8 745
8 60 738
60 8 738
8 60 102
60 8 102
8 91 728
91 8 728
8 11 784
11 8 784
8 76 665
76 8 665
8 86 155
86 8 155
8 78 946
78 8 946
8 71 158
71 8 158
8 17 307
17 8 307
8 75 844
75 8 844
9 17 601
17 9 601
9 27 390
27 9 390
9 56 780
56 9 780
9 91 647
91 9 647
9 78 348
78 9 348
9 85 948
85 9 948
9 37 848
37 9 848
9 75 742
75 9 742
9 95 185
95 9 185
9 59 759
59 9 759
9 71 47
71 9 47
9 35 710
35 9 710
9 56 964
56 9 964
9 67 8
67 9 8
9 14 986
14 9 986
9 44 847
44 9 847
9 68 689
68 9 689
9 35 484
35 9 484
10 16 160
16 10 160
10 32 174
32 10 174
10 29 557
29 10 557
10 67 593
67 10 593
10 32 954
32 10 954
10 76 405
76 10 405
10 72 570
72 10 570
10 64 998
64 10 998
10 93 479
93 10 479
10 92 702
92 10 702
10 21 456
21 10 456
11 13 447
13 11 447
11 28 774
28 11 774
11 87 443
87 11 443
11 21 97
21 11 97
11 23 654
23 11 654
11 96 414
96 11 414
11 95 543
95 11 543
11 85 952
85 11 952
11 59 144
59 11 144
11 55 113
55 11 113
11 83 760
83 11 760
11 71 472
71 11 472
11 69 6
69 11 6
11 31 280
31 11 280
11 78 188
78 11 188
12 14 879
14 12 879
12 22 630
22 12 630
12 49 156
49 12 156
12 63 233
63 12 233
12 80 240
80 12 240
12 23 280
23 12 280
12 29 24
29 12 24
12 71 282
71 12 282
12 15 498
15 12 498
12 87 391
87 12 391
12 15 849
15 12 849
12 84 713
84 12 713
12 87 516
87 12 516
12 95 395
95 12 395
13 21 706
21 13 706
13 73 567
73 13 567
13 75 54
75 13 54
13 50 250
50 13 250
13 37 42
37 13 42
13 96 920
96 13 920
13 63 834
63 13 834
13 19 696
19 13 696
13 17 72
17 13 72
13 32 695
32 13 695
13 76 197
76 13 197
13 55 438
55 13 438
13 23 532
23 13 532
14 95 509
95 14 509
14 44 985
44 14 985
14 86 397
86 14 397
14 54 642
54 14 642
14 61 989
61 14 989
14 49 598
49 14 598
14 36 319
36 14 319
14 75 766
75 14 766
14 64 138
64 14 138
14 67 15
67 14 15
14 66 163
66 14 163
14 79 785
79 14 785
14 42 33
42 14 33
14 22 233
22 14 233
14 42 676
42 14 676
14 39 652
39 14 652
14 43 947
43 14 947
15 91 832
91 15 832
15 85 641
85 15 641
15 89 202
89 15 202
15 28 921
28 15 921
15 90 3
90 15 3
15 26 360
26 15 360
15 36 45
36 15 45
15 31 204
31 15 204
15 71 687
71 15 687
15 50 359
50 15 359
15 42 969
42 15 969
15 34 29
34 15 29
15 57 642
57 15 642
15 86 63
86 15 63
15 67 613
67 15 613
15 81 759
81 15 759
16 71 809
71 16 809
16 83 270
83 16 270
16 27 867
27 16 867
16 43 233
43 16 233
16 47 979
47 16 979
16 75 533
75 16 533
16 41 734
41 16 734
16 59 916
59 16 916
16 90 288
90 16 288
16 59 510
59 16 510
16 53 371
53 16 371
16 60 82
60 16 82
16 76 19
76 16 19
17 19 224
19 17 224
17 43 918
43 17 918
17 25 593
25 17 593
17 26 651
26 17 651
17 84 204
84 17 204
17 57 854
57 17 854
17 40 984
40 17 984
17 80 708
80 17 708
17 41 111
41 17 111
17 23 135
23 17 135
17 94 880
94 17 880
17 53 391
53 17 391
17 51 397
51 17 397
17 45 831
45 17 831
17 88 837
88 17 837
17 49 996
49 17 996
17 31 748
31 17 748
18 67 1000
67 18 1000
18 34 512
34 18 512
18 31 890
31 18 890
18 93 18
93 18 18
18 52 310
52 18 310
18 93 338
93 18 338
18 67 227
67 18 227
18 88 881
88 18 881
18 94 617
94 18 617
18 70 754
70 18 754
18 78 748
78 18 748
18 90 318
90 18 318
18 82 245
82 18 245
19 20 936
20 19 936
19 24 575
24 19 575
19 68 133
68 19 133
19 79 62
79 19 62
19 53 915
53 19 915
19 57 570
57 19 570
19 93 669
93 19 669
19 55 297
55 19 297
19 53 462
53 19 462
19 79 448
79 19 448
19 65 135
65 19 135
19 50 158
50 19 158
19 30 19
30 19 19
19 36 510
36 19 510
19 67 542
67 19 542
20 30 404
30 20 404
20 34 778
34 20 778
20 84 41
84 20 41
20 56 728
56 20 728
20 62 953
62 20 953
20 37 317
37 20 317
20 95 507
95 20 507
20 96 969
96 20 969
20 58 402
58 20 402
20 74 311
74 20 311
20 52 158
52 20 158
20 33 614
33 20 614
20 71 773
71 20 773
21 62 423
62 21 423
21 43 721
43 21 721
21 30 629
30 21 629
21 71 983
71 21 983
21 43 69
43 21 69
21 43 960
43 21 960
21 72 185
72 21 185
21 60 942
60 21 942
22 36 908
36 22 908
22 37 873
37 22 873
22 45 934
45 22 934
22 48 881
48 22 881
22 61 769
61 22 769
22 93 715
93 22 715
22 40 268
40 22 268
22 38 656
38 22 656
22 79 759
79 22 759
22 37 69
37 22 69
22 82 472
82 22 472
22 83 61
83 22 61
22 94 190
94 22 190
22 42 6
42 22 6
23 31 177
31 23 177
23 75 688
75 23 688
23 76 596
76 23 596
23 36 187
36 23 187
23 78 671
78 23 671
23 85 597
85 23 597
23 82 291
82 23 291
23 43 820
43 23 820
23 63 659
63 23 659
23 90 617
90 23 617
23 48 319
48 23 319
23 27 457
27 23 457
23 80 485
80 23 485
23 95 899
95 23 899
23 66 616
66 23 616
23 61 280
61 23 280
23 70 327
70 23 327
24 94 399
94 24 399
24 94 474
94 24 474
24 42 95
42 24 95
24 62 855
62 24 855
24 46 267
46 24 267
24 39 441
39 24 441
24 60 164
60 24 164
25 50 655
50 25 655
25 92 952
92 25 952
25 29 581
29 25 581
25 73 823
73 25 823
25 74 162
74 25 162
25 65 844
65 25 844
25 34 668
34 25 668
25 96 196
96 25 196
26 48 605
48 26 605
26 64 178
64 26 178
26 42 147
42 26 147
26 37 42
37 26 42
26 81 92
81 26 92
26 71 996
71 26 996
26 71 36
71 26 36
26 81 74
81 26 74
26 88 832
88 26 832
26 65 869
65 26 869
26 64 397
64 26 397
26 66 641
66 26 641
26 47 225
47 26 225
26 81 454
81 26 454
26 95 307
95 26 307
26 36 116
36 26 116
27 76 367
76 27 367
27 86 764
86 27 764
27 57 568
57 27 568
27 37 250
37 27 250
27 84 303
84 27 303
27 76 704
76 27 704
27 74 708
74 27 708
27 70 451
70 27 451
27 69 459
69 27 459
27 51 635
51 27 635
27 91 724
91 27 724
27 77 199
77 27 199
28 86 530
86 28 530
28 38 5
38 28 5
28 64 884
64 28 884
28 73 652
73 28 652
28 51 194
51 28 194
28 62 729
62 28 729
28 76 862
76 28 862
28 55 682
55 28 682
28 95 283
95 28 283
28 88 600
88 28 600
28 32 19
32 28 19
28 96 39
96 28 39
28 39 949
39 28 949
29 35 115
35 29 115
29 81 127
81 29 127
29 68 39
68 29 39
29 72 782
72 29 782
29 64 785
64 29 785
29 74 481
74 29 481
29 85 961
85 29 961
29 54 216
54 29 216
29 45 16
45 29 16
30 48 818
48 30 818
30 54 911
54 30 911
30 95 931
95 30 931
30 42 627
42 30 627
30 47 278
47 30 278
30 52 667
52 30 667
30 73 919
73 30 919
30 54 383
54 30 383
30 58 139
58 30 139
31 43 624
43 31 624
31 82 714
82 31 714
31 88 247
88 31 247
31 72 505
72 31 505
31 76 732
76 31 732
31 32 617
32 31 617
31 64 152
64 31 152
31 72 899
72 31 899
31 86 277
86 31 277
31 33 929
33 31 929
32 46 964
46 32 964
32 53 889
53 32 889
32 96 787
96 32 787
32 76 289
76 32 289
32 70 590
70 32 590
32 89 261
89 32 261
32 86 131
86 32 131
32 55 847
55 32 847
33 52 883
52 33 883
33 38 120
38 33 120
33 96 511
96 33 511
33 69 989
69 33 989
33 53 298
53 33 298
33 92 760
92 33 760
33 47 871
47 33 871
33 56 184
56 33 184
33 55 611
55 33 611
33 85 593
85 33 593
33 73 671
73 33 671
34 44 54
44 34 54
34 96 5
96 34 5
34 51 670
51 34 670
34 42 859
42 34 859
34 39 880
39 34 880
34 53 993
53 34 993
34 58 83
58 34 83
34 56 698
56 34 698
34 49 739
49 34 739
35 41 433
41 35 433
35 87 405
87 35 405
35 58 354
58 35 354
35 81 829
81 35 829
35 69 324
69 35 324
35 65 314
65 35 314
36 39 598
39 36 598
36 52 208
52 36 208
36 81 400
81 36 400
36 90 265
90 36 265
36 40 501
40 36 501
36 70 414
70 36 414
36 44 549
44 36 549
36 87 510
87 36 510
36 69 345
69 36 345
36 87 169
87 36 169
36 62 581
62 36 581
36 50 259
50 36 259
37 45 313
45 37 313
37 71 592
71 37 592
37 60 950
60 37 950
37 86 66
86 37 66
37 90 972
90 37 972
37 60 42
60 37 42
38 94 590
94 38 590
38 49 174
49 38 174
38 54 964
54 38 964
38 74 294
74 38 294
38 38 764
38 38 764
38 42 893
42 38 893
38 59 599
59 38 599
38 70 597
70 38 597
38 74 145
74 38 145
38 41 110
41 38 110
38 41 465
41 38 465
38 76 192
76 38 192
38 68 216
68 38 216
38 63 70
63 38 70
38 94 622
94 38 622
38 60 277
60 38 277
38 43 102
43 38 102
39 77 27
77 39 27
39 41 44
41 39 44
39 53 714
53 39 714
39 56 682
56 39 682
39 84 203
84 39 203
39 77 384
77 39 384
39 90 637
90 39 637
39 40 8
40 39 8
39 63 218
63 39 218
40 67 433
67 40 433
40 63 291
63 40 291
40 55 447
55 40 447
40 60 472
60 40 472
40 72 309
72 40 309
40 84 128
84 40 128
40 84 520
84 40 520
40 46 219
46 40 219
40 86 998
86 40 998
40 74 10
74 40 10
40 96 82
96 40 82
40 95 803
95 40 803
40 77 625
77 40 625
41 61 876
61 41 876
41 53 278
53 41 278
41 91 776
91 41 776
41 92 345
92 41 345
41 72 431
72 41 431
41 53 999
53 41 999
41 69 584
69 41 584
41 77 369
77 41 369
42 47 160
47 42 160
42 74 487
74 42 487
42 62 541
62 42 541
42 73 378
73 42 378
43 84 234
84 43 234
43 85 357
85 43 357
43 55 199
55 43 199
43 91 169
91 43 169
43 83 509
83 43 509
43 78 340
78 43 340
43 57 517
57 43 517
43 82 872
82 43 872
43 93 551
93 43 551
43 95 784
95 43 784
44 88 785
88 44 785
44 92 184
92 44 184
44 44 597
44 44 597
44 70 464
70 44 464
44 93 254
93 44 254
44 84 825
84 44 825
44 88 347
88 44 347
44 45 717
45 44 717
44 86 60
86 44 60
45 55 953
55 45 953
45 74 33
74 45 33
45 92 872
92 45 872
45 77 87
77 45 87
45 55 615
55 45 615
45 76 143
76 45 143
45 72 716
72 45 716
45 70 412
70 45 412
45 92 937
92 45 937
45 72 357
72 45 357
45 91 691
91 45 691
46 65 41
65 46 41
46 69 645
69 46 645
46 93 182
93 46 182
46 79 357
79 46 357
46 95 205
95 46 205
46 73 550
73 46 550
46 80 351
80 46 351
46 54 459
54 46 459
46 58 859
58 46 859
46 51 787
51 46 787
46 58 852
58 46 852
47 79 604
79 47 604
47 92 700
92 47 700
47 71 31
71 47 31
47 79 186
79 47 186
47 66 89
66 47 89
47 81 49
81 47 49
47 76 207
76 47 207
47 75 166
75 47 166
47 62 535
62 47 535
47 48 621
48 47 621
48 54 167
54 48 167
48 75 801
75 48 801
48 87 991
87 48 991
48 62 984
62 48 984
48 53 139
53 48 139
48 79 484
79 48 484
48 61 151
61 48 151
48 58 710
58 48 710
49 59 949
59 49 949
49 70 129
70 49 129
49 82 625
82 49 625
49 64 61
64 49 61
49 79 900
79 49 900
49 84 181
84 49 181
49 92 741
92 49 741
49 65 519
65 49 519
49 91 721
91 49 721
49 51 97
51 49 97
50 53 758
53 50 758
50 50 726
50 50 726
50 79 522
79 50 522
50 79 283
79 50 283
50 62 1000
62 50 1000
50 60 695
60 50 695
50 72 271
72 50 271
50 77 183
77 50 183
50 59 595
59 50 595
50 74 223
74 50 223
50 80 131
80 50 131
50 75 897
75 50 897
51 71 686
71 51 686
51 57 435
57 51 435
51 61 933
61 51 933
51 88 462
88 51 462
51 69 769
69 51 769
52 60 832
60 52 832
52 66 675
66 52 675
52 69 312
69 52 312
52 78 636
78 52 636
52 66 610
66 52 610
52 65 471
65 52 471
52 54 301
54 52 301
52 95 646
95 52 646
52 83 975
83 52 975
52 76 442
76 52 442
52 69 561
69 52 561
52 95 477
95 52 477
53 81 471
81 53 471
53 58 703
58 53 703
53 69 41
69 53 41
53 83 218
83 53 218
53 58 315
58 53 315
54 58 197
58 54 197
54 73 936
73 54 936
54 81 956
81 54 956
54 75 943
75 54 943
54 82 41
82 54 41
55 86 933
86 55 933
55 94 16
94 55 16
55 63 399
63 55 399
55 81 783
81 55 783
56 59 297
59 56 297
56 94 923
94 56 923
56 85 847
85 56 847
56 65 838
65 56 838
57 64 565
64 57 565
57 95 999
95 57 999
57 83 349
83 57 349
57 76 690
76 57 690
57 92 196
92 57 196
57 96 162
96 57 162
58 87 811
87 58 811
58 85 977
85 58 977
58 73 378
73 58 378
58 76 460
76 58 460
58 71 785
71 58 785
58 61 354
61 58 354
58 80 852
80 58 852
58 67 720
67 58 720
58 85 645
85 58 645
58 65 770
65 58 770
59 93 136
93 59 136
59 70 750
70 59 750
59 90 190
90 59 190
60 80 162
80 60 162
60 87 636
87 60 636
60 70 414
70 60 414
60 93 863
93 60 863
60 79 202
79 60 202
60 69 724
69 60 724
61 88 759
88 61 759
61 72 681
72 61 681
61 78 334
78 61 334
61 85 644
85 61 644
61 94 4
94 61 4
61 89 559
89 61 559
62 72 714
72 62 714
62 80 898
80 62 898
62 86 144
86 62 144
62 82 840
82 62 840
62 66 231
66 62 231
62 92 624
92 62 624
63 88 334
88 63 334
63 77 749
77 63 749
63 88 542
88 63 542
63 88 128
88 63 128
63 76 474
76 63 474
63 78 203
78 63 203
63 64 517
64 63 517
64 95 617
95 64 617
64 78 76
78 64 76
64 70 766
70 64 766
64 88 644
88 64 644
64 85 752
85 64 752
65 94 874
94 65 874
65 75 560
75 65 560
65 85 591
85 65 591
65 68 709
68 65 709
66 86 456
86 66 456
66 87 67
87 66 67
67 90 394
90 67 394
67 68 903
68 67 903
67 83 552
83 67 552
67 81 741
81 67 741
67 73 897
73 67 897
67 88 543
88 67 543
67 95 890
95 67 890
67 87 642
87 67 642
68 74 948
74 68 948
68 89 290
89 68 290
68 91 236
91 68 236
68 82 911
82 68 911
68 91 840
91 68 840
68 89 843
89 68 843
68 89 609
89 68 609
70 81 956
81 70 956
70 89 668
89 70 668
70 94 398
94 70 398
70 78 779
78 70 779
70 84 595
84 70 595
70 90 524
90 70 524
70 88 173
88 70 173
70 86 29
86 70 29
70 88 447
88 70 447
70 80 709
80 70 709
71 77 581
77 71 581
71 85 704
85 71 704
71 96 812
96 71 812
71 80 924
80 71 924
73 82 318
82 73 318
74 96 758
96 74 758
74 90 231
90 74 231
74 95 268
95 74 268
74 74 354
74 74 354
74 80 326
80 74 326
74 96 933
96 74 933
74 83 959
83 74 959
74 87 784
87 74 784
74 82 880
82 74 880
75 81 589
81 75 589
75 91 832
91 75 832
75 79 799
79 75 799
76 93 442
93 76 442
76 84 491
84 76 491
76 92 928
92 76 928
76 89 954
89 76 954
77 85 269
85 77 269
77 91 853
91 77 853
77 81 180
81 77 180
78 85 341
85 78 341
79 93 537
93 79 537
79 92 621
92 79 621
79 95 34
95 79 34
81 91 907
91 81 907
81 83 353
83 81 353
81 87 924
87 81 924
82 95 369
95 82 369
82 91 719
91 82 719
82 84 348
84 82 348
83 96 503
96 83 503
83 96 124
96 83 124
83 90 793
90 83 793
85 95 475
95 85 475
85 87 693
87 85 693
86 92 604
92 86 604
86 91 415
91 86 415
88 94 471
94 88 471
88 94 411
94 88 411
89 90 816
90 89 816
90 91 893
91 90 893
92 94 275
94 92 275
93 96 866
96 93 866
94 95 963
95 94 963
94 96 514
96 94 514
