88

0 1 350
1 0 350
0 84 708
84 0 708
0 73 493
73 0 493
0 40 362
40 0 362
0 47 751
47 0 751
0 31 633
31 0 633
0 75 760
75 0 760
0 45 998
45 0 998
0 56 480
56 0 480
0 18 198
18 0 198
0 51 264
51 0 264
1 2 797
2 1 797
1 5 698
5 1 698
1 66 69
66 1 69
1 36 926
36 1 926
1 31 81
31 1 81
1 74 212
74 1 212
1 34 487
34 1 487
1 55 661
55 1 661
1 15 444
15 1 444
1 29 584
29 1 584
1 70 714
70 1 714
2 3 873
3 2 873
2 4 780
4 2 780
2 37 451
37 2 451
2 32 83
32 2 83
2 76 797
76 2 797
2 50 725
50 2 725
2 53 786
53 2 786
2 58 165
58 2 165
2 27 873
27 2 873
2 63 448
63 2 448
2 14 116
14 2 116
3 6 111
6 3 111
3 8 462
8 3 462
3 25 901
25 3 901
3 50 708
50 3 708
3 52 544
52 3 544
3 64 806
64 3 806
3 26 777
26 3 777
3 34 84
34 3 84
3 58 474
58 3 474
3 38 473
38 3 473
4 7 653
7 4 653
4 15 197
15 4 197
4 16 42
16 4 42
4 41 892
41 4 892
4 42 323
42 4 323
4 74 195
74 4 195
4 53 758
53 4 758
4 87 65
87 4 65
4 25 814
25 4 814
4 7 989
7 4 989
4 14 41
14 4 41
4 9 617
9 4 617
4 82 24
82 4 24
5 75 248
75 5 248
5 54 509
54 5 509
5 5 940
5 5 940
5 64 804
64 5 804
5 23 690
23 5 690
5 6 208
6 5 208
5 35 276
35 5 276
5 64 963
64 5 963
5 81 347
81 5 347
5 82 730
82 5 730
6 9 933
9 6 933
6 22 938
22 6 938
6 85 489
85 6 489
6 10 575
10 6 575
6 70 36
70 6 36
6 24 657
24 6 657
6 76 223
76 6 223
6 30 743
30 6 743
6 71 891
71 6 891
7 10 828
10 7 828
7 11 520
11 7 520
7 13 80
13 7 80
7 51 75
51 7 75
7 70 44
70 7 44
7 77 907
77 7 907
7 86 281
86 7 281
7 12 160
12 7 160
7 50 974
50 7 974
7 76 321
76 7 321
8 14 111
14 8 111
8 56 585
56 8 585
8 71 61
71 8 61
8 78 383
78 8 383
8 83 49
83 8 49
8 59 436
59 8 436
8 84 590
84 8 590
8 33 982
33 8 982
8 84 56
84 8 56
8 51 138
51 8 138
8 72 826
72 8 826
8 11 42
11 8 42
9 28 451
28 9 451
9 54 412
54 9 412
9 59 964
59 9 964
9 87 614
87 9 614
9 58 479
58 9 479
9 78 486
78 9 486
9 41 653
41 9 653
9 54 521
54 9 521
9 74 816
74 9 816
10 20 709
20 10 709
10 14 807
14 10 807
10 20 46
20 10 46
10 84 52
84 10 52
10 57 942
57 10 942
10 54 507
54 10 507
10 52 360
52 10 360
10 49 940
49 10 940
10 85 332
85 10 332
10 29 640
29 10 640
10 24 869
24 10 869
10 18 722
18 10 722
11 12 541
12 11 541
11 33 377
33 11 377
11 45 493
45 11 493
11 53 663
53 11 663
11 69 352
69 11 352
11 69 893
69 11 893
11 19 248
19 11 248
11 53 908
53 11 908
11 14 864
14 11 864
11 63 135
63 11 135
11 25 91
25 11 91
11 69 457
69 11 457
11 18 456
18 11 456
11 13 970
13 11 970
11 79 320
79 11 320
12 17 122
17 12 122
12 24 45
24 12 45
12 27 474
27 12 474
12 34 300
34 12 300
12 40 369
40 12 369
12 47 743
47 12 743
12 50 614
50 12 614
12 61 40
61 12 40
12 80 30
80 12 30
12 66 236
66 12 236
12 37 715
37 12 715
12 34 938
34 12 938
12 64 205
64 12 205
12 66 255
66 12 255
12 36 376
36 12 376
13 21 625
21 13 625
13 71 490
71 13 490
13 76 626
76 13 626
13 62 598
62 13 598
13 61 9
61 13 9
13 71 247
71 13 247
13 66 844
66 13 844
14 19 444
19 14 444
14 40 142
40 14 142
14 74 405
74 14 405
14 25 788
25 14 788
14 34 633
34 14 633
15 18 228
18 15 228
15 35 322
35 15 322
15 68 955
68 15 955
15 29 35
29 15 35
15 22 114
22 15 114
15 77 933
77 15 933
15 39 593
39 15 593
15 58 192
58 15 192
15 86 457
86 15 457
15 57 170
57 15 170
15 52 134
52 15 134
16 23 903
23 16 903
16 65 37
65 16 37
16 39 663
39 16 663
16 87 574
87 16 574
17 39 797
39 17 797
17 64 853
64 17 853
17 27 443
27 17 443
17 71 855
71 17 855
17 44 358
44 17 358
17 81 771
81 17 771
17 75 637
75 17 637
17 74 803
74 17 803
17 76 988
76 17 988
17 62 898
62 17 898
17 82 916
82 17 916
18 23 486
23 18 486
18 42 247
42 18 247
18 79 375
79 18 375
18 62 906
62 18 906
19 49 662
49 19 662
19 57 801
57 19 801
19 25 739
25 19 739
19 47 255
47 19 255
19 29 301
29 19 301
19 49 945
49 19 945
19 75 911
75 19 911
19 38 963
38 19 963
19 70 219
70 19 219
19 56 886
56 19 886
20 25 898
25 20 898
20 40 854
40 20 854
20 53 158
53 20 158
21 29 619
29 21 619
21 37 555
37 21 555
21 45 364
45 21 364
21 56 590
56 21 590
21 47 437
47 21 437
21 48 830
48 21 830
21 57 293
57 21 293
21 48 374
48 21 374
21 35 14
35 21 14
21 22 957
22 21 957
22 26 69
26 22 69
22 72 777
72 22 777
22 68 254
68 22 254
22 62 987
62 22 987
22 36 75
36 22 75
22 69 743
69 22 743
22 37 435
37 22 435
23 30 194
30 23 194
23 72 884
72 23 884
23 74 909
74 23 909
23 32 731
32 23 731
23 31 322
31 23 322
23 26 282
26 23 282
23 29 541
29 23 541
23 55 51
55 23 51
23 34 907
34 23 907
24 43 661
43 24 661
24 80 425
80 24 425
24 62 150
62 24 150
24 27 607
27 24 607
24 28 335
28 24 335
24 31 350
31 24 350
25 85 827
85 25 827
25 52 416
52 25 416
25 50 591
50 25 591
25 45 496
45 25 496
25 34 417
34 25 417
25 85 602
85 25 602
25 47 170
47 25 170
25 73 853
73 25 853
26 28 735
28 26 735
26 59 404
59 26 404
26 75 472
75 26 472
26 64 457
64 26 457
27 85 313
85 27 313
27 81 156
81 27 156
27 68 301
68 27 301
27 37 708
37 27 708
27 64 629
64 27 629
27 77 884
77 27 884
27 82 980
82 27 980
27 58 352
58 27 352
27 85 880
85 27 880
27 30 150
30 27 150
28 38 667
38 28 667
28 42 990
42 28 990
28 44 56
44 28 56
28 58 950
58 28 950
28 82 300
82 28 300
28 77 322
77 28 322
28 74 316
74 28 316
28 75 17
75 28 17
28 50 80
50 28 80
28 58 186
58 28 186
28 33 612
33 28 612
28 86 792
86 28 792
29 55 195
55 29 195
29 58 910
58 29 910
29 38 524
38 29 524
29 51 438
51 29 438
29 51 502
51 29 502
30 31 449
31 30 449
30 32 203
32 30 203
30 81 550
81 30 550
30 30 512
30 30 512
30 31 889
31 30 889
30 39 41
39 30 41
30 74 131
74 30 131
30 60 849
60 30 849
30 31 521
31 30 521
30 78 929
78 30 929
30 76 975
76 30 975
31 67 323
67 31 323
31 79 595
79 31 595
31 54 901
54 31 901
31 73 143
73 31 143
32 36 447
36 32 447
32 85 405
85 32 405
32 81 963
81 32 963
32 83 825
83 32 825
32 65 984
65 32 984
32 35 123
35 32 123
32 36 950
36 32 950
32 73 549
73 32 549
33 82 331
82 33 331
33 87 319
87 33 319
33 45 582
45 33 582
33 51 596
51 33 596
33 51 879
51 33 879
33 35 719
35 33 719
34 40 598
40 34 598
34 58 792
58 34 792
34 56 553
56 34 553
34 48 768
48 34 768
34 74 532
74 34 532
34 77 431
77 34 431
34 73 427
73 34 427
35 41 463
41 35 463
35 78 617
78 35 617
35 72 537
72 35 537
35 36 916
36 35 916
35 73 602
73 35 602
36 60 927
60 36 927
36 87 431
87 36 431
36 46 735
46 36 735
36 64 73
64 36 73
37 63 961
63 37 961
37 76 175
76 37 175
37 49 862
49 37 862
37 59 560
59 37 560
38 84 982
84 38 982
38 54 863
54 38 863
38 40 230
40 38 230
38 84 464
84 38 464
39 64 889
64 39 889
39 53 827
53 39 827
40 66 879
66 40 879
40 50 601
50 40 601
40 53 821
53 40 821
40 67 997
67 40 997
40 52 936
52 40 936
40 72 978
72 40 978
40 73 861
73 40 861
41 44 868
44 41 868
41 85 956
85 41 956
41 65 73
65 41 73
41 45 492
45 41 492
41 49 93
49 41 93
42 51 931
51 42 931
42 81 373
81 42 373
42 75 138
75 42 138
42 62 889
62 42 889
43 52 952
52 43 952
43 75 485
75 43 485
43 83 697
83 43 697
43 66 473
66 43 473
43 57 191
57 43 191
43 79 706
79 43 706
44 54 426
54 44 426
44 75 826
75 44 826
44 54 362
54 44 362
44 72 298
72 44 298
45 46 88
46 45 88
45 48 393
48 45 393
45 75 821
75 45 821
45 52 776
52 45 776
45 55 900
55 45 900
46 58 596
58 46 596
46 74 113
74 46 113
46 54 65
54 46 65
46 87 976
87 46 976
46 64 237
64 46 237
46 47 806
47 46 806
47 62 44
62 47 44
47 64 292
64 47 292
47 73 854
73 47 854
47 76 424
76 47 424
47 63 504
63 47 504
47 47 54
47 47 54
47 84 373
84 47 373
47 86 358
86 47 358
48 81 270
81 48 270
48 73 530
73 48 530
48 72 761
72 48 761
48 51 952
51 48 952
48 75 999
75 48 999
49 86 147
86 49 147
49 59 625
59 49 625
50 57 705
57 50 705
51 51 501
51 51 501
51 55 644
55 51 644
51 64 852
64 51 852
51 78 979
78 51 979
52 66 57
66 52 57
52 64 568
64 52 568
52 57 698
57 52 698
52 68 713
68 52 713
52 55 133
55 52 133
52 85 953
85 52 953
52 69 588
69 52 588
53 54 151
54 53 151
53 85 108
85 53 108
54 61 297
61 54 297
54 76 895
76 54 895
54 81 537
81 54 537
54 85 123
85 54 123
54 84 688
84 54 688
55 59 737
59 55 737
55 55 65
55 55 65
55 86 986
86 55 986
55 77 674
77 55 674
55 69 651
69 55 651
55 58 225
58 55 225
56 56 578
56 56 578
57 58 734
58 57 734
57 70 377
70 57 377
57 87 790
87 57 790
58 73 302
73 58 302
58 86 410
86 58 410
59 80 70
80 59 70
59 75 898
75 59 898
59 73 627
73 59 627
59 66 109
66 59 109
60 78 501
78 60 501
60 63 293
63 60 293
60 78 775
78 60 775
60 72 863
72 60 863
60 75 445
75 60 445
61 77 430
77 61 430
61 85 39
85 61 39
62 66 301
66 62 301
62 63 925
63 62 925
63 87 553
87 63 553
64 85 87
85 64 87
64 73 750
73 64 750
64 71 518
71 64 518
64 73 200
73 64 200
65 79 883
79 65 883
65 80 186
80 65 186
65 74 670
74 65 670
66 85 694
85 66 694
66 84 174
84 66 174
67 73 248
73 67 248
67 79 133
79 67 133
67 75 31
75 67 31
68 73 948
73 68 948
68 77 959
77 68 959
68 75 46
75 68 46
68 78 171
78 68 171
69 87 899
87 69 899
71 81 270
81 71 270
73 86 333
86 73 333
73 82 513
82 73 513
73 80 230
80 73 230
74 77 266
77 74 266
75 77 23
77 75 23
75 84 360
84 75 360
79 87 105
87 79 105
79 86 41
86 79 41
82 85 99
85 82 99
