49

0 1 640
1 0 640
0 10 588
10 0 588
0 42 930
42 0 930
0 34 28
34 0 28
0 24 348
24 0 348
0 37 23
37 0 23
0 48 890
48 0 890
1 2 15
2 1 15
1 3 326
3 1 326
1 4 771
4 1 771
1 6 914
6 1 914
1 8 933
8 1 933
1 19 870
19 1 870
1 39 866
39 1 866
1 40 4
40 1 4
1 16 162
16 1 162
2 7 313
7 2 313
2 18 407
18 2 407
2 8 755
8 2 755
2 12 365
12 2 365
2 48 778
48 2 778
2 24 245
24 2 245
3 5 545
5 3 545
3 11 890
11 3 890
3 17 294
17 3 294
3 27 193
27 3 193
3 24 304
24 3 304
3 13 369
13 3 369
3 7 320
7 3 320
3 8 502
8 3 502
3 43 370
43 3 370
3 16 323
16 3 323
3 6 14
6 3 14
3 6 344
6 3 344
4 21 301
21 4 301
4 24 988
24 4 988
4 5 391
5 4 391
5 9 575
9 5 575
5 23 785
23 5 785
5 30 944
30 5 944
5 22 245
22 5 245
5 16 645
16 5 645
5 20 813
20 5 813
5 21 622
21 5 622
5 11 340
11 5 340
5 39 345
39 5 345
6 20 653
20 6 653
6 46 557
46 6 557
7 44 191
44 7 191
7 33 429
33 7 429
7 11 592
11 7 592
7 20 659
20 7 659
7 18 191
18 7 191
7 21 885
21 7 885
7 19 89
19 7 89
8 12 146
12 8 146
8 14 74
14 8 74
8 16 577
16 8 577
8 19 669
19 8 669
8 31 318
31 8 318
8 41 236
41 8 236
8 41 736
41 8 736
8 44 984
44 8 984
8 21 618
21 8 618
8 31 507
31 8 507
9 29 71
29 9 71
9 37 366
37 9 366
9 37 735
37 9 735
9 47 418
47 9 418
9 35 290
35 9 290
9 17 612
17 9 612
9 21 827
21 9 827
9 22 584
22 9 584
9 17 787
17 9 787
9 23 610
23 9 610
9 31 256
31 9 256
10 13 507
13 10 507
10 24 412
24 10 412
10 34 609
34 10 609
10 38 46
38 10 46
10 40 702
40 10 702
10 47 195
47 10 195
10 27 182
27 10 182
10 13 326
13 10 326
11 15 69
15 11 69
11 45 922
45 11 922
11 44 323
44 11 323
11 36 773
36 11 773
11 33 24
33 11 24
11 21 382
21 11 382
12 44 384
44 12 384
12 35 507
35 12 507
12 45 363
45 12 363
12 33 158
33 12 158
12 29 359
29 12 359
13 25 586
25 13 586
13 39 677
39 13 677
13 25 855
25 13 855
13 19 279
19 13 279
13 43 697
43 13 697
13 34 8
34 13 8
14 26 694
26 14 694
14 19 171
19 14 171
14 48 212
48 14 212
14 42 742
42 14 742
15 33 147
33 15 147
16 44 539
44 16 539
16 45 533
45 16 533
16 23 123
23 16 123
16 23 268
23 16 268
16 39 609
39 16 609
16 39 944
39 16 944
16 46 967
46 16 967
17 32 954
32 17 954
17 32 185
32 17 185
17 41 623
41 17 623
18 28 944
28 18 944
18 46 363
46 18 363
18 44 83
44 18 83
19 39 387
39 19 387
19 32 374
32 19 374
19 37 618
37 19 618
20 33 299
33 20 299
20 24 862
24 20 862
21 22 358
22 21 358
21 36 774
36 21 774
21 29 714
29 21 714
21 25 40
25 21 40
21 47 9
47 21 9
21 23 409
23 21 409
22 26 343
26 22 343
22 36 746
36 22 746
22 22 66
22 22 66
22 23 583
23 22 583
23 24 684
24 23 684
23 42 998
42 23 998
23 46 887
46 23 887
23 44 83
44 23 83
23 47 652
47 23 652
23 30 547
30 23 547
23 48 778
48 23 778
23 41 647
41 23 647
24 28 238
28 24 238
26 48 105
48 26 105
26 30 745
30 26 745
26 31 286
31 26 286
26 44 504
44 26 504
26 31 502
31 26 502
26 26 84
26 26 84
27 31 157
31 27 157
27 38 868
38 27 868
28 46 569
46 28 569
28 39 790
39 28 790
29 45 347
45 29 347
29 32 239
32 29 239
29 37 972
37 29 972
29 35 268
35 29 268
30 47 272
47 30 272
30 46 695
46 30 695
30 43 192
43 30 192
31 37 130
37 31 130
31 46 282
46 31 282
32 35 430
35 32 430
32 46 873
46 32 873
32 42 953
42 32 953
32 47 346
47 32 346
33 42 412
42 33 412
33 46 361
46 33 361
33 42 326
42 33 326
34 45 107
45 34 107
35 44 245
44 35 245
35 39 504
39 35 504
35 43 157
43 35 157
36 43 356
43 36 356
37 38 887
38 37 887
38 48 965
48 38 965
38 41 870
41 38 870
38 45 282
45 38 282
39 45 34
45 39 34
39 47 865
47 39 865
39 44 883
44 39 883
