36

0 1 969
1 0 969
0 5 586
5 0 586
0 10 370
10 0 370
0 23 834
23 0 834
0 13 717
13 0 717
0 26 690
26 0 690
1 2 896
2 1 896
1 3 441
3 1 441
1 19 850
19 1 850
1 33 187
33 1 187
1 25 618
25 1 618
2 4 629
4 2 629
2 6 699
6 2 699
2 8 780
8 2 780
2 11 43
11 2 43
2 14 23
14 2 23
3 14 139
14 3 139
3 20 567
20 3 567
3 13 840
13 3 840
4 34 213
34 4 213
5 7 955
7 5 955
5 35 340
35 5 340
5 32 948
32 5 948
5 25 681
25 5 681
6 12 959
12 6 959
6 28 538
28 6 538
6 31 8
31 6 8
6 27 604
27 6 604
7 9 683
9 7 683
7 13 581
13 7 581
7 11 217
11 7 217
8 30 696
30 8 696
8 15 468
15 8 468
8 21 517
21 8 517
8 32 696
32 8 696
8 13 394
13 8 394
8 35 210
35 8 210
9 16 475
16 9 475
9 21 274
21 9 274
10 34 249
34 10 249
11 20 358
20 11 358
11 26 288
26 11 288
12 15 999
15 12 999
12 22 662
22 12 662
13 27 247
27 13 247
13 14 673
14 13 673
14 17 835
17 14 835
14 29 365
29 14 365
15 24 511
24 15 511
15 16 575
16 15 575
16 18 616
18 16 616
17 32 547
32 17 547
17 21 656
21 17 656
18 25 55
25 18 55
18 33 247
33 18 247
18 19 931
19 18 931
18 19 283
19 18 283
19 22 427
22 19 427
19 34 927
34 19 927
19 31 985
31 19 985
20 34 337
34 20 337
20 31 400
31 20 400
20 30 924
30 20 924
22 26 857
26 22 857
22 27 370
27 22 370
25 26 660
26 25 660
28 31 997
31 28 997
30 34 966
34 30 966
