31

0 1 778
1 0 778
0 2 414
2 0 414
0 4 983
4 0 983
0 21 873
21 0 873
1 3 740
3 1 740
1 5 699
5 1 699
1 17 577
17 1 577
1 19 224
19 1 224
2 11 588
11 2 588
2 13 512
13 2 512
2 26 709
26 2 709
4 6 417
6 4 417
4 23 552
23 4 552
4 24 509
24 4 509
5 7 226
7 5 226
5 8 88
8 5 88
6 10 715
10 6 715
6 12 374
12 6 374
7 14 746
14 7 746
7 16 831
16 7 831
8 9 476
9 8 476
9 15 957
15 9 957
10 27 102
27 10 102
13 18 189
18 13 189
15 25 24
25 15 24
16 20 367
20 16 367
16 22 566
22 16 566
18 28 200
28 18 200
20 30 991
30 20 991
22 27 716
27 22 716
24 29 278
29 24 278
