78

0 1 374
1 0 374
0 9 122
9 0 122
0 20 522
20 0 522
0 51 710
51 0 710
0 62 208
62 0 208
0 45 491
45 0 491
0 48 300
48 0 300
0 36 314
36 0 314
1 2 923
2 1 923
1 7 938
7 1 938
1 14 775
14 1 775
1 21 719
21 1 719
1 26 766
26 1 766
1 32 528
32 1 528
1 31 670
31 1 670
1 18 95
18 1 95
1 17 622
17 1 622
1 60 221
60 1 221
2 3 791
3 2 791
2 4 204
4 2 204
2 31 636
31 2 636
2 42 387
42 2 387
2 52 1000
52 2 1000
2 19 588
19 2 588
3 5 136
5 3 136
3 8 801
8 3 801
3 54 370
54 3 370
3 5 665
5 3 665
3 13 894
13 3 894
4 10 790
10 4 790
4 11 52
11 4 52
4 60 103
60 4 103
4 57 415
57 4 415
4 23 588
23 4 588
4 10 93
10 4 93
5 6 471
6 5 471
5 37 847
37 5 847
5 53 538
53 5 538
5 29 605
29 5 605
5 41 585
41 5 585
6 18 856
18 6 856
6 34 371
34 6 371
6 58 855
58 6 855
6 46 656
46 6 656
7 23 460
23 7 460
7 24 49
24 7 49
7 56 10
56 7 10
7 61 187
61 7 187
8 13 13
13 8 13
8 22 818
22 8 818
8 28 675
28 8 675
8 73 71
73 8 71
9 33 387
33 9 387
10 11 298
11 10 298
11 12 432
12 11 432
11 38 751
38 11 751
11 73 748
73 11 748
11 40 328
40 11 328
12 36 894
36 12 894
12 27 169
27 12 169
12 50 729
50 12 729
12 23 373
23 12 373
13 71 178
71 13 178
13 44 266
44 13 266
13 71 146
71 13 146
13 54 241
54 13 241
14 15 84
15 14 84
14 16 285
16 14 285
14 19 229
19 14 229
14 49 269
49 14 269
14 70 142
70 14 142
14 72 486
72 14 486
15 36 218
36 15 218
15 72 595
72 15 595
15 68 789
68 15 789
15 47 211
47 15 211
15 37 908
37 15 908
16 17 548
17 16 548
16 25 686
25 16 686
16 35 915
35 16 915
16 45 483
45 16 483
17 18 898
18 17 898
17 48 300
48 17 300
17 65 121
65 17 121
17 59 867
59 17 867
18 27 858
27 18 858
18 33 347
33 18 347
18 72 78
72 18 78
18 60 460
60 18 460
18 35 107
35 18 107
19 49 527
49 19 527
19 29 853
29 19 853
19 74 418
74 19 418
20 32 485
32 20 485
21 29 457
29 21 457
21 50 665
50 21 665
21 59 987
59 21 987
21 65 377
65 21 377
23 76 31
76 23 31
23 62 761
62 23 761
23 31 892
31 23 892
24 30 187
30 24 187
24 34 13
34 24 13
24 44 335
44 24 335
24 41 977
41 24 977
25 40 307
40 25 307
25 61 133
61 25 133
25 66 369
66 25 369
25 38 13
38 25 13
26 69 200
69 26 200
26 50 994
50 26 994
27 60 348
60 27 348
28 41 163
41 28 163
28 34 401
34 28 401
28 50 265
50 28 265
29 39 782
39 29 782
29 58 665
58 29 665
29 51 962
51 29 962
30 34 586
34 30 586
30 30 102
30 30 102
30 34 557
34 30 557
32 63 974
63 32 974
33 64 224
64 33 224
33 72 358
72 33 358
33 42 53
42 33 53
35 68 86
68 35 86
35 49 959
49 35 959
36 50 216
50 36 216
36 61 248
61 36 248
37 42 166
42 37 166
37 72 604
72 37 604
38 55 378
55 38 378
38 47 223
47 38 223
38 51 924
51 38 924
38 69 86
69 38 86
39 43 650
43 39 650
39 46 395
46 39 395
39 57 200
57 39 200
39 60 897
60 39 897
39 62 386
62 39 386
40 47 616
47 40 616
40 64 443
64 40 443
40 59 947
59 40 947
40 50 731
50 40 731
40 45 886
45 40 886
42 60 267
60 42 267
44 58 634
58 44 634
44 71 262
71 44 262
45 67 487
67 45 487
45 75 493
75 45 493
45 66 267
66 45 267
46 77 278
77 46 278
46 67 992
67 46 992
46 49 580
49 46 580
47 63 141
63 47 141
47 70 804
70 47 804
49 55 475
55 49 475
50 50 305
50 50 305
51 61 468
61 51 468
51 64 627
64 51 627
51 61 709
61 51 709
51 64 845
64 51 845
52 64 806
64 52 806
54 67 734
67 54 734
56 74 410
74 56 410
57 60 235
60 57 235
58 66 364
66 58 364
59 61 983
61 59 983
59 75 120
75 59 120
59 77 527
77 59 527
60 66 174
66 60 174
60 62 320
62 60 320
61 74 104
74 61 104
62 77 195
77 62 195
62 75 822
75 62 822
62 65 16
65 62 16
63 71 295
71 63 295
63 71 35
71 63 35
63 77 892
77 63 892
64 77 895
77 64 895
65 69 93
69 65 93
65 73 683
73 65 683
72 77 645
77 72 645
