78

0 1 523
1 0 523
0 2 77
2 0 77
0 13 972
13 0 972
0 57 308
57 0 308
0 22 747
22 0 747
0 11 399
11 0 399
0 1 147
1 0 147
0 61 123
61 0 123
0 76 875
76 0 875
0 54 134
54 0 134
0 39 130
39 0 130
0 51 729
51 0 729
0 23 204
23 0 204
0 54 339
54 0 339
0 43 925
43 0 925
0 10 179
10 0 179
0 27 995
27 0 995
1 5 483
5 1 483
1 7 516
7 1 516
1 9 177
9 1 177
1 38 574
38 1 574
1 51 701
51 1 701
1 75 696
75 1 696
1 45 388
45 1 388
1 44 996
44 1 996
1 73 15
73 1 15
1 45 238
45 1 238
1 17 328
17 1 328
1 3 353
3 1 353
1 39 570
39 1 570
2 3 71
3 2 71
2 11 308
11 2 308
2 35 780
35 2 780
2 70 304
70 2 304
2 34 18
34 2 18
2 66 722
66 2 722
2 22 111
22 2 111
2 35 424
35 2 424
2 67 859
67 2 859
2 74 310
74 2 310
3 4 802
4 3 802
3 6 808
6 3 808
3 11 661
11 3 661
3 12 105
12 3 105
3 22 803
22 3 803
3 55 649
55 3 649
3 6 570
6 3 570
3 13 818
13 3 818
3 40 98
40 3 98
3 43 507
43 3 507
3 76 213
76 3 213
3 76 321
76 3 321
3 65 366
65 3 366
3 39 406
39 3 406
3 51 163
51 3 163
3 9 146
9 3 146
3 27 541
27 3 541
3 25 730
25 3 730
3 45 658
45 3 658
3 8 178
8 3 178
3 39 680
39 3 680
3 12 985
12 3 985
4 8 875
8 4 875
4 5 632
5 4 632
4 20 450
20 4 450
4 34 6
34 4 6
4 70 736
70 4 736
4 55 806
55 4 806
4 24 555
24 4 555
4 10 262
10 4 262
4 49 755
49 4 755
4 19 534
19 4 534
4 26 544
26 4 544
5 10 847
10 5 847
5 27 348
27 5 348
5 35 233
35 5 233
5 12 601
12 5 601
5 61 371
61 5 371
5 12 270
12 5 270
5 21 388
21 5 388
5 37 60
37 5 60
5 54 605
54 5 605
5 57 541
57 5 541
5 55 326
55 5 326
5 37 645
37 5 645
5 45 576
45 5 576
5 40 647
40 5 647
5 73 15
73 5 15
5 46 913
46 5 913
5 36 858
36 5 858
6 18 827
18 6 827
6 25 980
25 6 980
6 39 601
39 6 601
6 60 282
60 6 282
6 77 902
77 6 902
6 65 610
65 6 610
6 70 856
70 6 856
6 44 275
44 6 275
6 46 774
46 6 774
6 35 488
35 6 488
6 68 167
68 6 167
6 75 377
75 6 377
6 68 11
68 6 11
6 44 757
44 6 757
6 19 529
19 6 529
7 19 795
19 7 795
7 34 889
34 7 889
7 65 765
65 7 765
7 63 403
63 7 403
7 74 351
74 7 351
7 14 779
14 7 779
7 27 553
27 7 553
7 30 84
30 7 84
7 18 430
18 7 430
8 16 583
16 8 583
8 21 757
21 8 757
8 31 843
31 8 843
8 34 233
34 8 233
8 65 511
65 8 511
8 53 780
53 8 780
8 24 251
24 8 251
8 34 34
34 8 34
8 61 371
61 8 371
8 73 966
73 8 966
8 73 100
73 8 100
8 32 47
32 8 47
8 32 728
32 8 728
8 58 311
58 8 311
9 14 292
14 9 292
9 20 962
20 9 962
9 36 438
36 9 438
9 37 946
37 9 946
9 64 157
64 9 157
9 18 849
18 9 849
9 42 719
42 9 719
9 49 609
49 9 609
9 67 671
67 9 671
9 12 999
12 9 999
10 48 424
48 10 424
10 76 272
76 10 272
10 75 810
75 10 810
10 58 831
58 10 831
10 24 48
24 10 48
10 55 193
55 10 193
10 11 872
11 10 872
10 70 163
70 10 163
10 13 270
13 10 270
10 28 756
28 10 756
10 11 427
11 10 427
10 66 929
66 10 929
10 73 55
73 10 55
10 25 842
25 10 842
10 12 435
12 10 435
10 39 536
39 10 536
11 23 860
23 11 860
11 62 628
62 11 628
11 70 64
70 11 64
11 37 644
37 11 644
11 42 701
42 11 701
11 11 394
11 11 394
11 11 593
11 11 593
11 20 367
20 11 367
11 36 990
36 11 990
11 64 209
64 11 209
11 43 513
43 11 513
11 36 995
36 11 995
11 76 616
76 11 616
12 29 630
29 12 630
12 29 219
29 12 219
12 17 990
17 12 990
12 27 922
27 12 922
12 77 375
77 12 375
12 57 397
57 12 397
12 69 738
69 12 738
12 21 103
21 12 103
12 67 381
67 12 381
13 49 154
49 13 154
13 25 337
25 13 337
13 68 323
68 13 323
13 23 175
23 13 175
13 13 398
13 13 398
13 23 355
23 13 355
13 40 969
40 13 969
13 71 566
71 13 566
13 76 809
76 13 809
13 73 893
73 13 893
14 15 672
15 14 672
14 41 65
41 14 65
14 14 535
14 14 535
14 38 612
38 14 612
14 40 441
40 14 441
14 26 266
26 14 266
14 41 308
41 14 308
14 45 758
45 14 758
14 23 973
23 14 973
14 24 734
24 14 734
14 77 658
77 14 658
14 37 719
37 14 719
14 68 602
68 14 602
14 18 583
18 14 583
14 64 827
64 14 827
14 64 722
64 14 722
14 51 50
51 14 50
15 28 41
28 15 41
15 21 836
21 15 836
15 69 461
69 15 461
15 50 339
50 15 339
15 55 659
55 15 659
15 74 429
74 15 429
15 67 791
67 15 791
15 18 200
18 15 200
15 61 315
61 15 315
15 45 488
45 15 488
15 40 36
40 15 36
15 33 585
33 15 585
15 16 965
16 15 965
15 36 425
36 15 425
16 17 67
17 16 67
16 30 762
30 16 762
16 40 900
40 16 900
16 24 257
24 16 257
16 54 675
54 16 675
16 17 359
17 16 359
16 73 96
73 16 96
16 50 671
50 16 671
16 49 100
49 16 100
16 46 532
46 16 532
16 26 535
26 16 535
17 34 813
34 17 813
17 70 312
70 17 312
17 59 609
59 17 609
17 34 261
34 17 261
17 75 279
75 17 279
17 53 482
53 17 482
17 75 240
75 17 240
17 37 546
37 17 546
17 38 358
38 17 358
17 43 775
43 17 775
17 62 311
62 17 311
18 28 412
28 18 412
18 19 646
19 18 646
18 54 163
54 18 163
18 56 59
56 18 59
18 25 71
25 18 71
18 36 379
36 18 379
18 69 740
69 18 740
18 73 48
73 18 48
18 27 595
27 18 595
18 36 169
36 18 169
18 34 839
34 18 839
18 75 642
75 18 642
18 31 344
31 18 344
18 30 130
30 18 130
18 48 937
48 18 937
19 37 547
37 19 547
19 69 988
69 19 988
19 64 278
64 19 278
19 58 627
58 19 627
19 38 582
38 19 582
19 70 621
70 19 621
19 51 552
51 19 552
19 61 772
61 19 772
19 68 964
68 19 964
19 32 409
32 19 409
19 57 413
57 19 413
19 48 669
48 19 669
20 23 397
23 20 397
20 67 19
67 20 19
20 56 301
56 20 301
20 35 906
35 20 906
20 38 860
38 20 860
20 54 702
54 20 702
20 57 234
57 20 234
20 45 143
45 20 143
20 60 344
60 20 344
21 24 513
24 21 513
21 44 828
44 21 828
21 23 986
23 21 986
21 43 601
43 21 601
21 70 196
70 21 196
21 24 186
24 21 186
21 72 592
72 21 592
21 56 58
56 21 58
22 26 724
26 22 724
22 57 52
57 22 52
22 36 105
36 22 105
22 53 744
53 22 744
22 38 621
38 22 621
22 74 625
74 22 625
22 45 284
45 22 284
22 24 892
24 22 892
22 38 297
38 22 297
22 56 10
56 22 10
23 51 818
51 23 818
23 53 718
53 23 718
23 67 32
67 23 32
23 69 440
69 23 440
23 65 436
65 23 436
23 60 271
60 23 271
23 40 419
40 23 419
23 74 524
74 23 524
23 43 843
43 23 843
23 74 366
74 23 366
23 45 353
45 23 353
23 26 434
26 23 434
23 69 318
69 23 318
24 38 355
38 24 355
24 48 733
48 24 733
24 43 701
43 24 701
24 50 868
50 24 868
24 28 23
28 24 23
24 67 864
67 24 864
24 56 200
56 24 200
24 64 840
64 24 840
24 41 100
41 24 100
24 28 437
28 24 437
24 63 837
63 24 837
24 76 145
76 24 145
25 33 657
33 25 657
25 56 275
56 25 275
25 57 627
57 25 627
25 65 418
65 25 418
25 59 376
59 25 376
25 65 960
65 25 960
25 35 569
35 25 569
25 40 532
40 25 532
25 75 613
75 25 613
25 65 70
65 25 70
25 73 536
73 25 536
25 31 849
31 25 849
26 29 665
29 26 665
26 62 350
62 26 350
26 70 636
70 26 636
26 32 392
32 26 392
26 54 585
54 26 585
26 46 559
46 26 559
26 72 809
72 26 809
26 26 538
26 26 538
26 35 393
35 26 393
26 32 743
32 26 743
26 68 348
68 26 348
27 63 833
63 27 833
27 38 263
38 27 263
27 70 32
70 27 32
27 68 672
68 27 672
27 32 181
32 27 181
27 49 578
49 27 578
27 74 893
74 27 893
27 62 689
62 27 689
27 76 30
76 27 30
27 51 272
51 27 272
27 67 545
67 27 545
28 32 111
32 28 111
28 61 921
61 28 921
28 38 116
38 28 116
28 48 931
48 28 931
28 61 19
61 28 19
28 38 546
38 28 546
28 55 388
55 28 388
28 38 607
38 28 607
28 46 103
46 28 103
28 63 190
63 28 190
28 34 757
34 28 757
29 56 275
56 29 275
29 50 91
50 29 91
29 66 826
66 29 826
29 71 439
71 29 439
29 66 415
66 29 415
29 36 5
36 29 5
29 75 355
75 29 355
29 46 923
46 29 923
29 59 418
59 29 418
29 30 746
30 29 746
29 59 465
59 29 465
29 63 694
63 29 694
29 60 559
60 29 559
30 52 280
52 30 280
30 70 148
70 30 148
30 61 543
61 30 543
30 57 371
57 30 371
30 74 128
74 30 128
31 46 785
46 31 785
31 52 219
52 31 219
31 74 428
74 31 428
31 70 3
70 31 3
31 41 293
41 31 293
31 70 420
70 31 420
31 61 676
61 31 676
31 47 403
47 31 403
31 68 941
68 31 941
31 35 489
35 31 489
32 76 500
76 32 500
32 62 800
62 32 800
32 54 844
54 32 844
32 32 1
32 32 1
32 32 29
32 32 29
33 75 115
75 33 115
33 55 80
55 33 80
33 69 971
69 33 971
33 39 396
39 33 396
33 60 400
60 33 400
33 69 321
69 33 321
33 63 541
63 33 541
33 59 562
59 33 562
33 53 753
53 33 753
33 72 767
72 33 767
34 42 694
42 34 694
34 34 964
34 34 964
34 67 52
67 34 52
34 60 769
60 34 769
34 72 42
72 34 42
34 57 773
57 34 773
34 63 492
63 34 492
34 77 762
77 34 762
34 75 142
75 34 142
35 47 923
47 35 923
35 39 319
39 35 319
35 41 745
41 35 745
35 52 684
52 35 684
35 74 658
74 35 658
35 41 100
41 35 100
36 41 727
41 36 727
36 59 221
59 36 221
36 38 60
38 36 60
36 41 395
41 36 395
36 71 814
71 36 814
36 55 415
55 36 415
36 77 7
77 36 7
36 60 402
60 36 402
36 45 872
45 36 872
37 40 543
40 37 543
37 58 142
58 37 142
37 37 824
37 37 824
37 55 912
55 37 912
37 68 972
68 37 972
37 67 866
67 37 866
38 56 49
56 38 49
38 48 231
48 38 231
38 42 285
42 38 285
38 62 305
62 38 305
38 58 272
58 38 272
38 49 855
49 38 855
39 50 272
50 39 272
39 62 830
62 39 830
39 75 264
75 39 264
39 66 741
66 39 741
39 52 746
52 39 746
39 56 448
56 39 448
40 43 363
43 40 363
40 76 252
76 40 252
40 40 821
40 40 821
40 62 41
62 40 41
40 67 45
67 40 45
41 45 478
45 41 478
41 44 378
44 41 378
41 47 110
47 41 110
41 54 179
54 41 179
41 68 992
68 41 992
42 74 929
74 42 929
42 68 443
68 42 443
42 59 123
59 42 123
42 77 688
77 42 688
42 60 108
60 42 108
42 46 847
46 42 847
42 65 480
65 42 480
42 60 689
60 42 689
42 73 999
73 42 999
43 46 637
46 43 637
43 47 275
47 43 275
43 46 616
46 43 616
43 58 255
58 43 255
43 65 413
65 43 413
43 65 952
65 43 952
43 52 226
52 43 226
44 64 769
64 44 769
44 75 47
75 44 47
44 52 671
52 44 671
44 48 602
48 44 602
44 54 879
54 44 879
44 58 228
58 44 228
44 76 698
76 44 698
44 61 789
61 44 789
45 52 635
52 45 635
45 45 959
45 45 959
45 63 684
63 45 684
45 60 540
60 45 540
46 52 387
52 46 387
46 72 204
72 46 204
47 54 827
54 47 827
47 49 543
49 47 543
47 64 60
64 47 60
47 71 892
71 47 892
47 63 829
63 47 829
48 74 796
74 48 796
48 52 631
52 48 631
48 50 180
50 48 180
48 61 472
61 48 472
48 57 800
57 48 800
48 58 314
58 48 314
49 60 759
60 49 759
49 64 709
64 49 709
49 74 722
74 49 722
49 67 186
67 49 186
50 62 751
62 50 751
50 65 463
65 50 463
50 69 709
69 50 709
50 58 671
58 50 671
50 77 859
77 50 859
50 70 44
70 50 44
50 72 62
72 50 62
51 76 86
76 51 86
51 66 57
66 51 57
51 76 830
76 51 830
51 56 297
56 51 297
52 69 755
69 52 755
52 70 856
70 52 856
53 63 824
63 53 824
53 54 969
54 53 969
53 63 610
63 53 610
53 64 728
64 53 728
53 67 669
67 53 669
54 71 233
71 54 233
54 75 488
75 54 488
54 62 996
62 54 996
54 67 555
67 54 555
54 55 883
55 54 883
55 66 474
66 55 474
55 61 390
61 55 390
55 64 934
64 55 934
55 76 526
76 55 526
55 63 30
63 55 30
55 59 143
59 55 143
56 62 658
62 56 658
56 59 977
59 56 977
56 63 1
63 56 1
56 60 619
60 56 619
57 72 361
72 57 361
57 77 791
77 57 791
58 70 399
70 58 399
58 72 344
72 58 344
58 73 934
73 58 934
58 69 951
69 58 951
58 61 388
61 58 388
59 63 62
63 59 62
60 74 878
74 60 878
60 73 510
73 60 510
61 66 838
66 61 838
61 76 506
76 61 506
61 72 71
72 61 71
61 71 226
71 61 226
61 70 84
70 61 84
61 72 111
72 61 111
61 68 757
68 61 757
61 68 496
68 61 496
62 72 72
72 62 72
62 68 461
68 62 461
62 75 796
75 62 796
62 64 446
64 62 446
63 68 526
68 63 526
63 73 965
73 63 965
63 66 398
66 63 398
64 72 75
72 64 75
64 71 168
71 64 168
64 73 454
73 64 454
65 77 618
77 65 618
65 73 39
73 65 39
65 68 143
68 65 143
65 72 495
72 65 495
65 70 632
70 65 632
66 68 888
68 66 888
66 67 767
67 66 767
67 77 646
77 67 646
67 69 616
69 67 616
68 69 428
69 68 428
71 74 155
74 71 155
71 76 656
76 71 656
71 74 622
74 71 622
73 75 774
75 73 774
75 75 342
75 75 342
76 77 277
77 76 277
77 77 950
77 77 950
