59

0 1 699
1 0 699
0 29 17
29 0 17
0 41 870
41 0 870
0 6 649
6 0 649
0 18 536
18 0 536
0 55 625
55 0 625
0 34 480
34 0 480
0 30 284
30 0 284
1 2 67
2 1 67
1 3 785
3 1 785
1 14 226
14 1 226
1 37 397
37 1 397
1 5 316
5 1 316
1 2 774
2 1 774
1 35 82
35 1 82
1 10 604
10 1 604
1 23 146
23 1 146
1 48 547
48 1 547
1 56 412
56 1 412
1 30 346
30 1 346
2 4 526
4 2 526
2 20 953
20 2 953
2 55 27
55 2 27
2 3 300
3 2 300
2 30 453
30 2 453
2 48 42
48 2 42
2 12 256
12 2 256
2 31 874
31 2 874
2 36 284
36 2 284
2 44 579
44 2 579
2 38 201
38 2 201
3 5 570
5 3 570
3 52 584
52 3 584
3 53 306
53 3 306
3 9 366
9 3 366
3 56 564
56 3 564
3 49 433
49 3 433
3 47 262
47 3 262
3 10 826
10 3 826
3 38 833
38 3 833
3 23 773
23 3 773
4 6 5
6 4 5
4 7 608
7 4 608
4 10 793
10 4 793
4 15 174
15 4 174
4 43 920
43 4 920
4 15 872
15 4 872
4 9 460
9 4 460
5 12 897
12 5 897
5 30 328
30 5 328
5 36 510
36 5 510
5 40 648
40 5 648
5 8 3
8 5 3
5 30 152
30 5 152
5 23 500
23 5 500
5 24 226
24 5 226
5 42 444
42 5 444
6 11 613
11 6 613
6 50 845
50 6 845
6 47 302
47 6 302
6 39 402
39 6 402
6 36 626
36 6 626
6 14 499
14 6 499
6 50 342
50 6 342
6 50 791
50 6 791
6 21 618
21 6 618
6 32 548
32 6 548
6 7 652
7 6 652
6 19 263
19 6 263
6 29 605
29 6 605
7 8 17
8 7 17
7 9 856
9 7 856
7 16 8
16 7 8
7 51 711
51 7 711
7 21 500
21 7 500
7 12 338
12 7 338
7 44 454
44 7 454
7 45 545
45 7 545
7 40 645
40 7 645
8 13 848
13 8 848
8 34 46
34 8 46
8 50 713
50 8 713
8 13 772
13 8 772
9 27 114
27 9 114
9 28 170
28 9 170
9 31 334
31 9 334
9 43 637
43 9 637
9 41 991
41 9 991
9 55 659
55 9 659
9 52 635
52 9 635
9 33 964
33 9 964
9 51 163
51 9 163
9 12 524
12 9 524
9 57 150
57 9 150
9 27 775
27 9 775
10 22 845
22 10 845
10 56 760
56 10 760
10 27 77
27 10 77
10 25 976
25 10 976
10 22 970
22 10 970
10 30 661
30 10 661
10 39 857
39 10 857
11 20 352
20 11 352
11 58 436
58 11 436
11 44 473
44 11 473
11 26 627
26 11 627
11 31 63
31 11 63
12 19 368
19 12 368
12 42 163
42 12 163
12 57 54
57 12 54
12 52 254
52 12 254
12 30 912
30 12 912
12 49 972
49 12 972
12 54 724
54 12 724
13 23 436
23 13 436
13 47 997
47 13 997
13 18 904
18 13 904
14 43 649
43 14 649
14 54 699
54 14 699
14 36 636
36 14 636
14 14 196
14 14 196
14 25 467
25 14 467
14 22 477
22 14 477
14 25 816
25 14 816
14 24 204
24 14 204
14 57 958
57 14 958
14 23 992
23 14 992
14 54 964
54 14 964
14 16 954
16 14 954
14 21 33
21 14 33
14 58 361
58 14 361
14 52 513
52 14 513
14 35 167
35 14 167
15 18 895
18 15 895
15 21 424
21 15 424
15 31 635
31 15 635
15 53 795
53 15 795
15 36 134
36 15 134
15 42 120
42 15 120
15 33 957
33 15 957
15 46 227
46 15 227
16 17 636
17 16 636
16 26 925
26 16 925
16 32 454
32 16 454
16 44 50
44 16 50
16 26 475
26 16 475
16 48 654
48 16 654
16 52 540
52 16 540
16 36 566
36 16 566
16 21 517
21 16 517
16 50 157
50 16 157
16 31 370
31 16 370
16 57 610
57 16 610
17 41 401
41 17 401
17 53 948
53 17 948
17 56 661
56 17 661
18 34 781
34 18 781
18 45 181
45 18 181
18 54 791
54 18 791
18 32 781
32 18 781
19 24 154
24 19 154
19 48 201
48 19 201
19 50 268
50 19 268
19 47 479
47 19 479
19 40 986
40 19 986
19 54 894
54 19 894
19 40 660
40 19 660
20 45 574
45 20 574
20 22 855
22 20 855
20 26 81
26 20 81
20 24 767
24 20 767
20 58 231
58 20 231
20 28 175
28 20 175
20 49 270
49 20 270
21 35 217
35 21 217
21 57 20
57 21 20
21 29 78
29 21 78
21 47 772
47 21 772
21 54 272
54 21 272
21 22 956
22 21 956
22 25 515
25 22 515
22 36 568
36 22 568
22 53 569
53 22 569
23 25 309
25 23 309
23 55 77
55 23 77
24 38 36
38 24 36
24 54 484
54 24 484
24 31 990
31 24 990
25 56 823
56 25 823
25 27 21
27 25 21
25 47 103
47 25 103
25 32 552
32 25 552
25 51 253
51 25 253
25 32 844
32 25 844
26 45 90
45 26 90
26 29 377
29 26 377
26 47 285
47 26 285
27 40 675
40 27 675
27 56 634
56 27 634
27 58 165
58 27 165
27 52 986
52 27 986
27 41 879
41 27 879
28 51 349
51 28 349
28 52 955
52 28 955
28 38 841
38 28 841
28 39 648
39 28 648
28 56 944
56 28 944
28 36 420
36 28 420
28 54 977
54 28 977
28 31 205
31 28 205
28 30 71
30 28 71
29 49 430
49 29 430
29 46 970
46 29 970
29 47 849
47 29 849
29 53 769
53 29 769
30 33 214
33 30 214
30 34 998
34 30 998
30 48 456
48 30 456
30 33 527
33 30 527
30 37 534
37 30 534
31 47 19
47 31 19
31 53 164
53 31 164
31 44 402
44 31 402
31 57 931
57 31 931
32 46 433
46 32 433
32 50 903
50 32 903
32 52 560
52 32 560
32 54 999
54 32 999
32 40 868
40 32 868
33 58 272
58 33 272
33 38 642
38 33 642
33 37 725
37 33 725
33 37 402
37 33 402
33 40 220
40 33 220
33 52 708
52 33 708
33 50 45
50 33 45
33 36 549
36 33 549
34 54 896
54 34 896
34 55 353
55 34 353
35 39 850
39 35 850
35 52 537
52 35 537
36 42 940
42 36 940
36 38 856
38 36 856
36 52 724
52 36 724
36 45 97
45 36 97
36 56 627
56 36 627
37 42 88
42 37 88
37 40 429
40 37 429
37 38 758
38 37 758
37 52 380
52 37 380
38 50 686
50 38 686
38 55 219
55 38 219
38 41 309
41 38 309
38 47 766
47 38 766
39 56 590
56 39 590
40 48 397
48 40 397
40 52 409
52 40 409
40 52 415
52 40 415
40 41 570
41 40 570
41 44 753
44 41 753
42 45 970
45 42 970
43 58 555
58 43 555
44 58 512
58 44 512
44 51 525
51 44 525
44 50 68
50 44 68
45 49 931
49 45 931
46 53 574
53 46 574
46 48 400
48 46 400
46 55 965
55 46 965
48 53 988
53 48 988
49 54 176
54 49 176
49 50 250
50 49 250
51 57 598
57 51 598
52 52 385
52 52 385
53 56 752
56 53 752
54 58 777
58 54 777
55 57 712
57 55 712
55 56 585
56 55 585
58 58 503
58 58 503
