50

0 1 149
1 0 149
0 3 268
3 0 268
0 5 669
5 0 669
0 10 912
10 0 912
0 11 866
11 0 866
0 32 29
32 0 29
0 38 264
38 0 264
0 7 790
7 0 790
0 14 169
14 0 169
0 6 34
6 0 34
0 40 918
40 0 918
0 5 659
5 0 659
1 2 217
2 1 217
1 18 638
18 1 638
1 25 127
25 1 127
1 45 119
45 1 119
1 23 341
23 1 341
1 25 429
25 1 429
1 42 190
42 1 190
1 49 763
49 1 763
1 24 465
24 1 465
1 33 898
33 1 898
1 26 273
26 1 273
1 16 468
16 1 468
2 8 92
8 2 92
2 21 852
21 2 852
2 13 302
13 2 302
2 20 169
20 2 169
3 4 498
4 3 498
3 6 224
6 3 224
3 7 723
7 3 723
3 27 609
27 3 609
3 18 452
18 3 452
3 23 239
23 3 239
3 45 672
45 3 672
3 28 873
28 3 873
4 9 453
9 4 453
4 16 187
16 4 187
4 43 634
43 4 634
4 21 371
21 4 371
4 17 549
17 4 549
4 10 6
10 4 6
4 8 891
8 4 891
4 26 723
26 4 723
4 10 827
10 4 827
4 20 426
20 4 426
4 36 414
36 4 414
4 47 111
47 4 111
5 15 303
15 5 303
5 18 195
18 5 195
5 23 602
23 5 602
5 42 890
42 5 890
5 42 755
42 5 755
6 22 88
22 6 88
6 26 722
26 6 722
6 46 407
46 6 407
6 40 748
40 6 748
6 49 539
49 6 539
6 11 219
11 6 219
6 42 716
42 6 716
6 49 336
49 6 336
6 27 898
27 6 898
7 36 148
36 7 148
7 13 281
13 7 281
7 39 578
39 7 578
7 37 75
37 7 75
7 29 244
29 7 244
7 38 898
38 7 898
8 13 637
13 8 637
8 45 965
45 8 965
8 22 665
22 8 665
8 41 981
41 8 981
8 14 308
14 8 308
8 44 629
44 8 629
8 45 688
45 8 688
8 11 827
11 8 827
8 26 980
26 8 980
8 26 303
26 8 303
9 20 567
20 9 567
9 14 221
14 9 221
9 34 378
34 9 378
9 22 64
22 9 64
10 19 917
19 10 917
10 21 949
21 10 949
10 23 597
23 10 597
10 15 8
15 10 8
10 29 733
29 10 733
10 25 4
25 10 4
10 33 334
33 10 334
10 32 160
32 10 160
11 12 129
12 11 129
11 15 243
15 11 243
11 15 839
15 11 839
11 37 448
37 11 448
11 27 810
27 11 810
11 26 652
26 11 652
11 44 916
44 11 916
11 41 247
41 11 247
11 14 572
14 11 572
11 28 79
28 11 79
12 24 390
24 12 390
12 31 5
31 12 5
12 22 565
22 12 565
12 24 518
24 12 518
12 39 59
39 12 59
12 26 603
26 12 603
12 30 506
30 12 506
12 21 395
21 12 395
12 37 478
37 12 478
12 38 107
38 12 107
12 18 563
18 12 563
12 45 621
45 12 621
12 30 67
30 12 67
12 32 913
32 12 913
13 14 739
14 13 739
13 29 318
29 13 318
13 14 418
14 13 418
13 41 650
41 13 650
13 18 900
18 13 900
13 49 195
49 13 195
13 48 877
48 13 877
14 40 8
40 14 8
14 41 584
41 14 584
14 49 267
49 14 267
14 31 38
31 14 38
14 43 189
43 14 189
14 45 926
45 14 926
14 30 372
30 14 372
14 15 60
15 14 60
14 28 837
28 14 837
14 35 37
35 14 37
14 20 481
20 14 481
14 38 136
38 14 136
14 23 386
23 14 386
14 41 98
41 14 98
15 28 77
28 15 77
15 23 511
23 15 511
15 40 527
40 15 527
15 15 739
15 15 739
15 48 610
48 15 610
15 30 393
30 15 393
16 17 415
17 16 415
16 30 924
30 16 924
16 36 380
36 16 380
16 42 428
42 16 428
16 23 359
23 16 359
16 31 805
31 16 805
16 23 984
23 16 984
16 19 137
19 16 137
16 35 552
35 16 552
17 29 282
29 17 282
17 21 714
21 17 714
17 49 661
49 17 661
17 36 249
36 17 249
17 22 526
22 17 526
18 35 60
35 18 60
18 24 772
24 18 772
18 49 187
49 18 187
18 43 801
43 18 801
18 22 129
22 18 129
18 19 649
19 18 649
18 31 845
31 18 845
18 27 118
27 18 118
18 32 296
32 18 296
19 20 234
20 19 234
19 47 116
47 19 116
19 48 688
48 19 688
19 32 230
32 19 230
19 32 278
32 19 278
19 25 571
25 19 571
19 36 883
36 19 883
19 41 932
41 19 932
19 27 262
27 19 262
19 29 730
29 19 730
19 33 586
33 19 586
20 28 388
28 20 388
20 25 81
25 20 81
20 31 902
31 20 902
20 27 909
27 20 909
20 24 147
24 20 147
20 34 876
34 20 876
20 36 116
36 20 116
21 49 398
49 21 398
21 33 191
33 21 191
21 46 463
46 21 463
21 47 388
47 21 388
21 31 437
31 21 437
22 23 339
23 22 339
22 43 118
43 22 118
22 22 373
22 22 373
22 30 863
30 22 863
22 38 749
38 22 749
22 36 181
36 22 181
22 49 6
49 22 6
22 30 132
30 22 132
22 39 804
39 22 804
23 33 79
33 23 79
23 28 486
28 23 486
23 30 695
30 23 695
23 30 758
30 23 758
23 29 65
29 23 65
24 37 674
37 24 674
24 28 391
28 24 391
24 47 724
47 24 724
25 39 804
39 25 804
25 47 724
47 25 724
25 29 537
29 25 537
25 31 344
31 25 344
25 43 439
43 25 439
26 28 172
28 26 172
26 31 758
31 26 758
26 32 974
32 26 974
26 43 292
43 26 292
27 27 987
27 27 987
27 29 181
29 27 181
27 39 436
39 27 436
27 36 307
36 27 307
27 34 618
34 27 618
27 35 348
35 27 348
28 36 964
36 28 964
28 33 330
33 28 330
28 46 206
46 28 206
28 44 57
44 28 57
28 45 426
45 28 426
29 38 781
38 29 781
29 47 609
47 29 609
30 34 630
34 30 630
30 34 724
34 30 724
30 40 26
40 30 26
30 48 83
48 30 83
30 34 313
34 30 313
31 37 744
37 31 744
31 36 834
36 31 834
32 34 273
34 32 273
32 40 755
40 32 755
32 32 812
32 32 812
32 34 291
34 32 291
32 49 46
49 32 46
33 49 14
49 33 14
33 33 113
33 33 113
33 36 520
36 33 520
34 35 938
35 34 938
34 45 526
45 34 526
34 49 626
49 34 626
34 38 461
38 34 461
34 43 420
43 34 420
35 40 913
40 35 913
35 42 291
42 35 291
35 47 904
47 35 904
35 45 176
45 35 176
35 38 457
38 35 457
36 43 374
43 36 374
36 47 463
47 36 463
37 47 549
47 37 549
37 42 236
42 37 236
38 43 629
43 38 629
38 38 822
38 38 822
39 44 763
44 39 763
39 43 258
43 39 258
39 46 917
46 39 917
40 48 264
48 40 264
41 42 450
42 41 450
42 42 855
42 42 855
43 45 542
45 43 542
43 46 331
46 43 331
45 46 802
46 45 802
47 48 424
48 47 424
47 49 181
49 47 181
47 48 347
48 47 347
48 49 876
49 48 876
