82

0 1 109
1 0 109
0 13 126
13 0 126
0 19 908
19 0 908
0 70 694
70 0 694
0 11 927
11 0 927
0 43 603
43 0 603
0 73 569
73 0 569
0 50 342
50 0 342
0 3 898
3 0 898
1 2 304
2 1 304
1 3 179
3 1 179
1 7 396
7 1 396
1 10 744
10 1 744
1 36 381
36 1 381
1 66 567
66 1 567
1 36 89
36 1 89
1 35 284
35 1 284
1 27 650
27 1 650
1 48 358
48 1 358
1 66 544
66 1 544
2 4 659
4 2 659
2 6 171
6 2 171
2 26 631
26 2 631
2 46 404
46 2 404
2 76 364
76 2 364
2 29 365
29 2 365
2 63 797
63 2 797
2 65 853
65 2 853
2 51 641
51 2 641
3 8 514
8 3 514
3 27 764
27 3 764
3 28 73
28 3 73
3 15 828
15 3 828
3 49 380
49 3 380
3 15 122
15 3 122
3 44 1
44 3 1
3 42 449
42 3 449
3 22 925
22 3 925
4 5 855
5 4 855
4 11 188
11 4 188
4 25 828
25 4 828
4 52 799
52 4 799
4 26 829
26 4 829
4 17 766
17 4 766
4 17 638
17 4 638
4 67 340
67 4 340
5 9 625
9 5 625
5 17 230
17 5 230
5 74 655
74 5 655
5 77 838
77 5 838
5 18 126
18 5 126
5 66 581
66 5 581
5 58 140
58 5 140
5 35 55
35 5 55
5 15 835
15 5 835
5 15 974
15 5 974
6 30 807
30 6 807
6 44 907
44 6 907
6 56 618
56 6 618
6 54 222
54 6 222
6 27 69
27 6 69
6 66 715
66 6 715
6 40 640
40 6 640
7 14 510
14 7 510
7 51 954
51 7 954
7 10 687
10 7 687
7 69 816
69 7 816
7 78 933
78 7 933
8 18 432
18 8 432
8 59 24
59 8 24
8 19 621
19 8 621
9 12 106
12 9 106
9 16 734
16 9 734
9 21 138
21 9 138
9 53 282
53 9 282
9 77 136
77 9 136
9 74 830
74 9 830
9 38 135
38 9 135
9 72 136
72 9 136
9 36 342
36 9 342
10 33 747
33 10 747
10 56 431
56 10 431
10 28 598
28 10 598
10 15 398
15 10 398
10 75 958
75 10 958
10 70 725
70 10 725
11 15 270
15 11 270
11 71 379
71 11 379
11 56 357
56 11 357
11 57 620
57 11 620
11 73 331
73 11 331
11 21 286
21 11 286
11 44 765
44 11 765
11 66 991
66 11 991
12 24 388
24 12 388
12 28 939
28 12 939
12 51 21
51 12 21
12 19 947
19 12 947
12 21 888
21 12 888
12 61 154
61 12 154
13 32 783
32 13 783
13 33 503
33 13 503
13 47 603
47 13 603
13 67 710
67 13 710
13 57 289
57 13 289
13 40 495
40 13 495
13 73 346
73 13 346
13 75 155
75 13 155
13 36 346
36 13 346
13 73 340
73 13 340
13 40 634
40 13 634
13 52 150
52 13 150
14 22 962
22 14 962
14 34 905
34 14 905
14 15 19
15 14 19
14 63 414
63 14 414
14 45 500
45 14 500
14 46 323
46 14 323
15 20 215
20 15 215
15 80 634
80 15 634
15 24 29
24 15 29
15 27 282
27 15 282
15 38 205
38 15 205
16 54 885
54 16 885
17 70 304
70 17 304
17 78 671
78 17 671
17 51 634
51 17 634
17 18 205
18 17 205
17 61 411
61 17 411
17 32 113
32 17 113
17 31 313
31 17 313
18 39 321
39 18 321
18 39 669
39 18 669
18 56 884
56 18 884
18 47 992
47 18 992
18 28 679
28 18 679
18 36 697
36 18 697
18 63 376
63 18 376
19 41 580
41 19 580
19 46 846
46 19 846
19 41 615
41 19 615
20 23 168
23 20 168
20 38 575
38 20 575
20 57 559
57 20 559
20 21 809
21 20 809
20 46 757
46 20 757
20 45 241
45 20 241
21 53 777
53 21 777
21 32 69
32 21 69
21 28 668
28 21 668
22 29 277
29 22 277
22 32 301
32 22 301
22 65 943
65 22 943
22 76 434
76 22 434
22 57 400
57 22 400
22 77 126
77 22 126
22 32 755
32 22 755
22 72 403
72 22 403
23 37 895
37 23 895
23 58 712
58 23 712
23 65 399
65 23 399
23 71 359
71 23 359
23 73 24
73 23 24
23 35 951
35 23 951
23 61 499
61 23 499
23 34 534
34 23 534
23 64 982
64 23 982
23 51 858
51 23 858
24 49 469
49 24 469
24 62 137
62 24 137
24 75 323
75 24 323
24 37 561
37 24 561
24 52 981
52 24 981
24 26 803
26 24 803
24 27 476
27 24 476
25 68 991
68 25 991
25 73 758
73 25 758
26 31 759
31 26 759
26 54 569
54 26 569
26 75 513
75 26 513
26 33 244
33 26 244
26 52 328
52 26 328
27 42 842
42 27 842
27 55 169
55 27 169
27 61 813
61 27 813
27 44 98
44 27 98
27 69 134
69 27 134
27 64 113
64 27 113
27 77 418
77 27 418
28 31 236
31 28 236
28 28 654
28 28 654
28 40 504
40 28 504
28 71 115
71 28 115
29 35 511
35 29 511
29 56 85
56 29 85
29 65 608
65 29 608
29 74 612
74 29 612
29 76 154
76 29 154
30 66 536
66 30 536
30 73 326
73 30 326
30 51 252
51 30 252
30 59 914
59 30 914
30 54 764
54 30 764
30 39 635
39 30 635
30 77 983
77 30 983
31 64 15
64 31 15
31 70 857
70 31 857
31 66 434
66 31 434
31 74 175
74 31 175
31 53 490
53 31 490
32 76 362
76 32 362
32 72 206
72 32 206
32 43 966
43 32 966
32 81 158
81 32 158
32 54 18
54 32 18
32 75 924
75 32 924
32 55 857
55 32 857
32 66 749
66 32 749
32 32 271
32 32 271
32 74 686
74 32 686
32 47 861
47 32 861
32 59 137
59 32 137
32 39 302
39 32 302
33 39 700
39 33 700
33 70 938
70 33 938
33 45 730
45 33 730
34 50 895
50 34 895
34 36 967
36 34 967
34 46 533
46 34 533
34 71 677
71 34 677
35 57 544
57 35 544
35 74 484
74 35 484
35 68 71
68 35 71
35 50 648
50 35 648
35 60 150
60 35 150
35 61 117
61 35 117
36 40 144
40 36 144
36 43 436
43 36 436
36 78 851
78 36 851
36 80 740
80 36 740
36 49 165
49 36 165
36 40 510
40 36 510
36 65 258
65 36 258
36 51 504
51 36 504
37 44 65
44 37 65
38 59 353
59 38 353
38 77 253
77 38 253
38 47 374
47 38 374
38 58 6
58 38 6
38 79 523
79 38 523
39 79 610
79 39 610
39 74 503
74 39 503
40 79 39
79 40 39
40 59 517
59 40 517
40 54 991
54 40 991
40 67 752
67 40 752
40 64 143
64 40 143
41 45 54
45 41 54
41 69 593
69 41 593
41 78 467
78 41 467
41 57 401
57 41 401
41 69 819
69 41 819
41 72 700
72 41 700
41 76 685
76 41 685
42 48 772
48 42 772
42 65 899
65 42 899
42 55 984
55 42 984
43 56 144
56 43 144
43 50 884
50 43 884
44 81 415
81 44 415
44 80 448
80 44 448
45 78 273
78 45 273
45 77 183
77 45 183
45 60 928
60 45 928
46 73 851
73 46 851
46 76 9
76 46 9
46 74 278
74 46 278
47 52 725
52 47 725
48 79 418
79 48 418
48 55 807
55 48 807
48 80 383
80 48 383
49 53 38
53 49 38
49 54 404
54 49 404
50 52 352
52 50 352
50 69 739
69 50 739
51 63 67
63 51 67
51 66 894
66 51 894
51 80 995
80 51 995
51 58 711
58 51 711
51 59 612
59 51 612
52 72 87
72 52 87
52 52 721
52 52 721
54 77 819
77 54 819
54 55 713
55 54 713
54 80 843
80 54 843
55 67 475
67 55 475
55 74 502
74 55 502
55 57 44
57 55 44
55 77 415
77 55 415
56 64 557
64 56 557
56 62 356
62 56 356
56 75 330
75 56 330
58 72 968
72 58 968
59 60 550
60 59 550
59 72 811
72 59 811
59 66 446
66 59 446
61 76 972
76 61 972
62 80 320
80 62 320
66 76 292
76 66 292
66 66 405
66 66 405
67 79 238
79 67 238
67 79 347
79 67 347
70 79 768
79 70 768
71 71 225
71 71 225
71 75 294
75 71 294
74 75 338
75 74 338
77 81 260
81 77 260
