95

0 1 74
1 0 74
0 2 499
2 0 499
0 3 687
3 0 687
0 12 892
12 0 892
0 14 343
14 0 343
0 15 782
15 0 782
0 20 178
20 0 178
0 62 326
62 0 326
0 81 635
81 0 635
0 47 98
47 0 98
0 81 961
81 0 961
0 80 582
80 0 582
0 30 706
30 0 706
1 4 614
4 1 614
1 5 963
5 1 963
1 13 864
13 1 864
1 24 928
24 1 928
1 60 183
60 1 183
1 12 484
12 1 484
1 64 169
64 1 169
1 43 273
43 1 273
1 82 749
82 1 749
1 59 626
59 1 626
1 65 992
65 1 992
1 31 845
31 1 845
1 37 382
37 1 382
2 21 781
21 2 781
2 28 441
28 2 441
2 44 308
44 2 308
2 48 334
48 2 334
2 54 381
54 2 381
2 85 621
85 2 621
2 48 385
48 2 385
2 3 561
3 2 561
2 23 394
23 2 394
2 76 985
76 2 985
3 8 103
8 3 103
3 36 777
36 3 777
3 67 980
67 3 980
3 44 778
44 3 778
3 89 717
89 3 717
3 87 241
87 3 241
3 88 677
88 3 677
3 42 225
42 3 225
3 58 177
58 3 177
3 82 479
82 3 479
4 6 186
6 4 186
4 11 632
11 4 632
4 13 301
13 4 301
4 9 929
9 4 929
4 39 181
39 4 181
4 38 980
38 4 980
4 39 2
39 4 2
4 69 102
69 4 102
5 16 913
16 5 913
5 22 624
22 5 624
5 79 733
79 5 733
5 52 806
52 5 806
6 7 556
7 6 556
6 10 742
10 6 742
6 78 177
78 6 177
6 25 867
25 6 867
6 65 684
65 6 684
6 59 452
59 6 452
6 20 217
20 6 217
7 64 4
64 7 4
7 73 911
73 7 911
7 30 150
30 7 150
7 87 851
87 7 851
7 59 703
59 7 703
7 67 254
67 7 254
8 9 564
9 8 564
8 56 575
56 8 575
8 87 146
87 8 146
8 44 375
44 8 375
8 22 92
22 8 92
9 19 223
19 9 223
9 59 670
59 9 670
9 55 463
55 9 463
9 61 759
61 9 759
9 50 939
50 9 939
9 37 634
37 9 634
9 23 160
23 9 160
10 30 821
30 10 821
10 79 108
79 10 108
10 33 122
33 10 122
10 75 450
75 10 450
10 12 968
12 10 968
10 64 827
64 10 827
10 77 108
77 10 108
10 94 149
94 10 149
10 71 869
71 10 869
11 17 851
17 11 851
11 42 273
42 11 273
11 60 454
60 11 454
11 18 964
18 11 964
11 91 993
91 11 993
11 19 35
19 11 35
11 78 276
78 11 276
11 27 606
27 11 606
11 39 12
39 11 12
11 31 72
31 11 72
11 58 175
58 11 175
11 49 100
49 11 100
12 23 54
23 12 54
12 74 991
74 12 991
12 58 599
58 12 599
12 65 310
65 12 310
12 37 207
37 12 207
12 46 676
46 12 676
12 20 290
20 12 290
12 67 645
67 12 645
12 32 716
32 12 716
12 30 442
30 12 442
13 32 981
32 13 981
13 77 715
77 13 715
13 71 505
71 13 505
13 35 390
35 13 390
13 41 338
41 13 338
13 93 127
93 13 127
13 35 870
35 13 870
14 29 568
29 14 568
14 72 429
72 14 429
14 32 411
32 14 411
14 88 465
88 14 465
14 41 359
41 14 359
14 76 556
76 14 556
14 73 409
73 14 409
14 70 610
70 14 610
14 45 488
45 14 488
14 25 385
25 14 385
15 26 946
26 15 946
15 27 543
27 15 543
15 48 457
48 15 457
15 39 650
39 15 650
15 22 53
22 15 53
15 70 381
70 15 381
15 47 54
47 15 54
15 18 145
18 15 145
16 18 269
18 16 269
16 43 364
43 16 364
16 37 685
37 16 685
16 17 350
17 16 350
16 86 165
86 16 165
17 25 70
25 17 70
17 41 955
41 17 955
17 51 30
51 17 30
17 88 430
88 17 430
17 17 799
17 17 799
17 62 104
62 17 104
17 62 247
62 17 247
18 68 553
68 18 553
18 37 468
37 18 468
18 57 155
57 18 155
19 27 526
27 19 526
19 51 167
51 19 167
19 66 296
66 19 296
19 91 721
91 19 721
19 63 524
63 19 524
19 86 653
86 19 653
19 70 749
70 19 749
19 25 481
25 19 481
19 28 416
28 19 416
19 47 405
47 19 405
19 21 493
21 19 493
20 43 819
43 20 819
20 50 398
50 20 398
20 61 226
61 20 226
20 33 808
33 20 808
20 44 804
44 20 804
20 50 150
50 20 150
20 46 563
46 20 563
20 37 112
37 20 112
20 52 254
52 20 254
21 53 879
53 21 879
21 47 936
47 21 936
21 66 421
66 21 421
22 58 172
58 22 172
22 77 110
77 22 110
22 74 7
74 22 7
22 84 778
84 22 778
22 49 31
49 22 31
22 51 757
51 22 757
22 28 265
28 22 265
23 65 281
65 23 281
23 75 762
75 23 762
23 77 847
77 23 847
23 30 542
30 23 542
23 55 839
55 23 839
23 70 830
70 23 830
24 31 186
31 24 186
24 35 533
35 24 533
24 46 686
46 24 686
24 52 350
52 24 350
24 59 835
59 24 835
24 63 217
63 24 217
24 55 593
55 24 593
24 39 328
39 24 328
24 26 499
26 24 499
24 61 27
61 24 27
24 81 177
81 24 177
24 45 433
45 24 433
24 49 666
49 24 666
24 31 829
31 24 829
25 37 543
37 25 543
25 84 349
84 25 349
25 60 482
60 25 482
25 90 697
90 25 697
25 68 391
68 25 391
25 64 229
64 25 229
26 81 724
81 26 724
26 86 414
86 26 414
26 87 604
87 26 604
26 81 137
81 26 137
26 47 128
47 26 128
26 54 96
54 26 96
27 55 3
55 27 3
27 50 628
50 27 628
27 85 538
85 27 538
27 46 672
46 27 672
27 79 559
79 27 559
27 50 68
50 27 68
28 56 378
56 28 378
28 61 456
61 28 456
29 87 356
87 29 356
29 47 744
47 29 744
29 51 6
51 29 6
29 84 961
84 29 961
29 82 295
82 29 295
30 33 233
33 30 233
30 34 148
34 30 148
30 39 691
39 30 691
30 47 493
47 30 493
30 62 635
62 30 635
30 42 764
42 30 764
30 73 406
73 30 406
30 49 83
49 30 83
30 66 83
66 30 83
30 50 222
50 30 222
30 87 333
87 30 333
31 77 207
77 31 207
31 66 578
66 31 578
31 36 307
36 31 307
31 60 7
60 31 7
31 84 264
84 31 264
31 60 421
60 31 421
31 79 757
79 31 757
31 35 64
35 31 64
31 76 210
76 31 210
32 45 605
45 32 605
32 53 427
53 32 427
32 91 894
91 32 894
32 58 20
58 32 20
32 80 131
80 32 131
33 74 392
74 33 392
33 49 657
49 33 657
33 87 535
87 33 535
33 62 929
62 33 929
34 42 343
42 34 343
34 89 995
89 34 995
34 60 446
60 34 446
35 38 422
38 35 422
35 39 575
39 35 575
35 77 737
77 35 737
35 46 961
46 35 961
35 44 121
44 35 121
35 47 260
47 35 260
35 93 407
93 35 407
36 47 28
47 36 28
36 54 859
54 36 859
36 47 32
47 36 32
36 72 896
72 36 896
36 75 20
75 36 20
37 80 11
80 37 11
37 49 625
49 37 625
38 40 291
40 38 291
38 41 966
41 38 966
38 69 15
69 38 15
38 85 907
85 38 907
39 79 866
79 39 866
39 76 547
76 39 547
39 68 668
68 39 668
39 53 402
53 39 402
39 76 15
76 39 15
39 49 381
49 39 381
40 94 599
94 40 599
40 46 336
46 40 336
40 61 954
61 40 954
40 88 60
88 40 60
40 82 907
82 40 907
41 78 253
78 41 253
41 84 152
84 41 152
41 84 699
84 41 699
41 77 828
77 41 828
41 60 801
60 41 801
42 51 704
51 42 704
42 47 855
47 42 855
43 54 192
54 43 192
43 91 454
91 43 454
43 63 787
63 43 787
43 66 592
66 43 592
43 57 56
57 43 56
44 56 198
56 44 198
44 61 906
61 44 906
44 50 317
50 44 317
45 64 327
64 45 327
45 73 2
73 45 2
45 58 495
58 45 495
45 93 403
93 45 403
45 70 511
70 45 511
45 84 46
84 45 46
45 86 872
86 45 872
45 91 717
91 45 717
46 49 842
49 46 842
46 58 999
58 46 999
46 50 864
50 46 864
46 94 988
94 46 988
47 85 530
85 47 530
47 94 681
94 47 681
47 71 525
71 47 525
47 75 699
75 47 699
47 58 361
58 47 361
47 74 995
74 47 995
47 89 896
89 47 896
47 69 185
69 47 185
48 85 922
85 48 922
48 91 773
91 48 773
48 49 751
49 48 751
49 61 409
61 49 409
49 69 436
69 49 436
49 69 265
69 49 265
49 75 205
75 49 205
49 69 558
69 49 558
50 57 961
57 50 961
50 89 788
89 50 788
50 93 201
93 50 201
50 92 503
92 50 503
50 66 378
66 50 378
50 66 512
66 50 512
51 52 276
52 51 276
51 65 407
65 51 407
51 80 623
80 51 623
52 89 904
89 52 904
52 85 664
85 52 664
52 68 447
68 52 447
52 58 217
58 52 217
52 80 946
80 52 946
53 55 202
55 53 202
53 73 544
73 53 544
53 88 313
88 53 313
54 69 319
69 54 319
54 70 742
70 54 742
54 66 630
66 54 630
55 76 445
76 55 445
55 69 665
69 55 665
56 80 891
80 56 891
56 80 641
80 56 641
57 71 904
71 57 904
57 73 332
73 57 332
57 63 993
63 57 993
57 72 374
72 57 374
57 63 33
63 57 33
58 76 88
76 58 88
58 76 60
76 58 60
59 76 228
76 59 228
59 69 902
69 59 902
60 76 56
76 60 56
60 74 445
74 60 445
62 87 604
87 62 604
62 65 154
65 62 154
62 66 494
66 62 494
62 64 405
64 62 405
63 71 363
71 63 363
63 77 379
77 63 379
63 63 661
63 63 661
63 86 596
86 63 596
63 91 896
91 63 896
63 75 765
75 63 765
64 70 722
70 64 722
64 86 55
86 64 55
65 90 802
90 65 802
65 87 821
87 65 821
65 91 978
91 65 978
66 91 840
91 66 840
66 92 637
92 66 637
66 70 371
70 66 371
67 74 379
74 67 379
67 85 807
85 67 807
68 83 821
83 68 821
69 83 326
83 69 326
69 87 940
87 69 940
70 87 394
87 70 394
71 82 980
82 71 980
71 88 557
88 71 557
71 93 242
93 71 242
71 83 26
83 71 26
72 86 281
86 72 281
72 90 842
90 72 842
72 81 492
81 72 492
72 74 135
74 72 135
73 80 121
80 73 121
74 80 233
80 74 233
74 75 111
75 74 111
75 93 674
93 75 674
78 79 935
79 78 935
78 79 88
79 78 88
79 84 480
84 79 480
80 83 551
83 80 551
80 91 506
91 80 506
81 94 558
94 81 558
83 92 156
92 83 156
83 85 559
85 83 559
86 90 41
90 86 41
93 93 141
93 93 141
