46

0 1 377
1 0 377
0 6 60
6 0 60
0 2 505
2 0 505
0 4 447
4 0 447
0 22 17
22 0 17
0 32 289
32 0 289
0 27 600
27 0 600
0 38 944
38 0 944
1 2 413
2 1 413
1 44 153
44 1 153
1 7 334
7 1 334
2 3 364
3 2 364
2 4 422
4 2 422
2 5 305
5 2 305
2 10 89
10 2 89
2 11 280
11 2 280
2 16 972
16 2 972
2 29 722
29 2 722
2 13 498
13 2 498
2 20 210
20 2 210
2 27 159
27 2 159
3 9 988
9 3 988
3 32 947
32 3 947
3 32 997
32 3 997
3 8 918
8 3 918
3 39 522
39 3 522
3 32 293
32 3 293
3 30 674
30 3 674
4 22 805
22 4 805
4 26 713
26 4 713
4 39 261
39 4 261
4 12 302
12 4 302
4 18 664
18 4 664
4 8 47
8 4 47
4 23 35
23 4 35
5 8 377
8 5 377
5 18 285
18 5 285
5 10 874
10 5 874
5 26 731
26 5 731
5 41 33
41 5 33
6 7 314
7 6 314
6 15 740
15 6 740
6 20 13
20 6 13
6 38 181
38 6 181
6 34 338
34 6 338
6 38 315
38 6 315
7 27 991
27 7 991
7 19 518
19 7 518
8 12 298
12 8 298
8 20 946
20 8 946
8 23 602
23 8 602
8 37 473
37 8 473
8 40 499
40 8 499
9 21 71
21 9 71
9 25 467
25 9 467
9 36 586
36 9 586
10 15 813
15 10 813
10 26 154
26 10 154
10 41 346
41 10 346
11 13 173
13 11 173
11 14 403
14 11 403
11 24 413
24 11 413
11 37 844
37 11 844
11 44 493
44 11 493
11 22 67
22 11 67
11 40 899
40 11 899
11 18 524
18 11 524
12 17 702
17 12 702
12 33 98
33 12 98
12 15 606
15 12 606
12 16 2
16 12 2
12 28 349
28 12 349
12 22 68
22 12 68
13 35 234
35 13 234
13 23 581
23 13 581
13 19 388
19 13 388
13 30 539
30 13 539
14 40 198
40 14 198
14 18 773
18 14 773
14 18 88
18 14 88
14 14 123
14 14 123
14 30 856
30 14 856
15 34 977
34 15 977
16 23 783
23 16 783
16 30 234
30 16 234
16 30 787
30 16 787
16 39 824
39 16 824
17 19 750
19 17 750
17 34 621
34 17 621
17 41 254
41 17 254
17 38 47
38 17 47
19 27 75
27 19 75
19 44 656
44 19 656
20 37 134
37 20 134
20 31 217
31 20 217
20 43 675
43 20 675
21 25 697
25 21 697
22 33 403
33 22 403
22 43 728
43 22 728
22 30 474
30 22 474
22 25 166
25 22 166
22 22 177
22 22 177
23 31 198
31 23 198
23 34 190
34 23 190
23 37 3
37 23 3
24 45 72
45 24 72
25 43 792
43 25 792
25 45 579
45 25 579
25 26 468
26 25 468
26 28 772
28 26 772
26 37 402
37 26 402
26 40 470
40 26 470
27 45 743
45 27 743
28 44 466
44 28 466
28 45 968
45 28 968
30 35 624
35 30 624
33 37 236
37 33 236
33 43 588
43 33 588
34 42 677
42 34 677
34 45 140
45 34 140
36 41 795
41 36 795
36 40 473
40 36 473
36 36 479
36 36 479
37 41 733
41 37 733
39 43 859
43 39 859
39 45 71
45 39 71
40 45 521
45 40 521
