26

0 1 394
1 0 394
0 2 176
2 0 176
0 10 730
10 0 730
1 3 241
3 1 241
1 6 412
6 1 412
1 11 20
11 1 20
2 4 877
4 2 877
2 5 861
5 2 861
2 7 129
7 2 129
2 9 918
9 2 918
2 24 859
24 2 859
2 5 342
5 2 342
4 19 372
19 4 372
5 15 246
15 5 246
5 21 784
21 5 784
5 25 989
25 5 989
6 16 102
16 6 102
6 25 418
25 6 418
7 8 546
8 7 546
8 14 925
14 8 925
9 22 333
22 9 333
9 25 331
25 9 331
10 19 453
19 10 453
11 12 864
12 11 864
11 23 271
23 11 271
12 13 903
13 12 903
12 20 238
20 12 238
13 17 895
17 13 895
15 22 377
22 15 377
15 17 251
17 15 251
16 18 435
18 16 435
16 20 86
20 16 86
21 25 698
25 21 698
22 23 9
23 22 9
24 24 412
24 24 412
