79

0 1 686
1 0 686
0 2 785
2 0 785
0 3 887
3 0 887
0 25 457
25 0 457
0 54 902
54 0 902
0 49 908
49 0 908
0 27 600
27 0 600
0 51 311
51 0 311
0 49 96
49 0 96
0 20 752
20 0 752
1 5 12
5 1 12
1 27 600
27 1 600
1 52 829
52 1 829
2 10 685
10 2 685
2 38 963
38 2 963
2 13 679
13 2 679
2 36 918
36 2 918
3 4 961
4 3 961
3 6 807
6 3 807
3 7 108
7 3 108
3 18 12
18 3 12
3 33 223
33 3 223
3 44 999
44 3 999
3 13 262
13 3 262
3 46 705
46 3 705
4 9 811
9 4 811
4 42 777
42 4 777
4 51 921
51 4 921
4 41 149
41 4 149
4 5 723
5 4 723
4 69 237
69 4 237
5 12 885
12 5 885
5 13 433
13 5 433
5 36 736
36 5 736
5 59 951
59 5 951
5 67 42
67 5 42
6 8 218
8 6 218
6 16 904
16 6 904
6 17 739
17 6 739
6 70 839
70 6 839
6 57 593
57 6 593
7 11 667
11 7 667
8 15 662
15 8 662
8 27 540
27 8 540
9 46 212
46 9 212
9 55 604
55 9 604
9 60 841
60 9 841
10 21 262
21 10 262
10 67 694
67 10 694
10 47 649
47 10 649
10 69 440
69 10 440
10 73 464
73 10 464
10 26 109
26 10 109
11 56 653
56 11 653
12 19 774
19 12 774
12 23 21
23 12 21
12 45 457
45 12 457
12 50 405
50 12 405
13 14 388
14 13 388
13 20 120
20 13 120
13 47 370
47 13 370
13 47 98
47 13 98
14 22 282
22 14 282
14 32 719
32 14 719
15 26 802
26 15 802
15 28 16
28 15 16
15 43 927
43 15 927
15 52 80
52 15 80
15 75 605
75 15 605
15 53 105
53 15 105
15 61 135
61 15 135
16 40 478
40 16 478
16 69 890
69 16 890
16 34 840
34 16 840
16 76 698
76 16 698
17 62 43
62 17 43
17 58 882
58 17 882
18 37 757
37 18 757
18 38 748
38 18 748
18 48 801
48 18 801
18 31 243
31 18 243
19 24 890
24 19 890
20 20 458
20 20 458
21 30 804
30 21 804
21 53 832
53 21 832
21 58 932
58 21 932
22 24 641
24 22 641
22 53 770
53 22 770
23 70 820
70 23 820
24 58 212
58 24 212
25 61 742
61 25 742
25 61 877
61 25 877
25 30 513
30 25 513
26 29 367
29 26 367
26 30 892
30 26 892
26 67 125
67 26 125
27 35 931
35 27 931
27 68 191
68 27 191
27 39 694
39 27 694
27 69 117
69 27 117
27 29 260
29 27 260
28 62 729
62 28 729
29 31 844
31 29 844
29 39 669
39 29 669
30 34 533
34 30 533
31 73 618
73 31 618
32 64 940
64 32 940
32 37 391
37 32 391
32 57 78
57 32 78
35 41 311
41 35 311
35 46 876
46 35 876
36 60 434
60 36 434
36 38 552
38 36 552
36 40 291
40 36 291
37 57 883
57 37 883
37 71 947
71 37 947
38 63 707
63 38 707
38 62 863
62 38 863
38 48 456
48 38 456
38 42 185
42 38 185
39 40 102
40 39 102
39 76 256
76 39 256
40 54 25
54 40 25
41 49 258
49 41 258
41 58 977
58 41 977
42 47 816
47 42 816
42 60 200
60 42 200
42 54 157
54 42 157
42 47 93
47 42 93
43 74 144
74 43 144
44 65 496
65 44 496
45 74 471
74 45 471
45 75 21
75 45 21
45 65 343
65 45 343
45 63 669
63 45 669
46 55 368
55 46 368
46 70 737
70 46 737
47 51 13
51 47 13
47 49 837
49 47 837
47 74 389
74 47 389
49 64 170
64 49 170
49 65 190
65 49 190
49 74 644
74 49 644
49 53 838
53 49 838
50 55 689
55 50 689
52 63 901
63 52 901
53 53 787
53 53 787
54 70 855
70 54 855
56 66 617
66 56 617
56 68 979
68 56 979
56 63 167
63 56 167
57 78 346
78 57 346
57 58 789
58 57 789
60 76 743
76 60 743
61 74 174
74 61 174
61 77 858
77 61 858
62 63 23
63 62 23
65 72 485
72 65 485
66 71 283
71 66 283
69 77 753
77 69 753
70 72 132
72 70 132
75 75 926
75 75 926
