46

0 1 584
1 0 584
0 11 53
11 0 53
0 21 432
21 0 432
0 39 296
39 0 296
0 23 390
23 0 390
0 35 256
35 0 256
0 28 170
28 0 170
1 2 104
2 1 104
1 3 577
3 1 577
1 6 299
6 1 299
1 7 313
7 1 313
1 15 340
15 1 340
1 16 123
16 1 123
1 44 228
44 1 228
1 10 241
10 1 241
1 6 684
6 1 684
1 28 758
28 1 758
1 7 267
7 1 267
1 2 337
2 1 337
1 30 332
30 1 332
1 22 337
22 1 337
2 4 250
4 2 250
2 5 33
5 2 33
2 8 148
8 2 148
2 10 730
10 2 730
2 26 554
26 2 554
2 37 80
37 2 80
2 2 306
2 2 306
2 38 44
38 2 44
2 15 864
15 2 864
3 12 439
12 3 439
3 11 173
11 3 173
3 43 984
43 3 984
3 16 462
16 3 462
3 45 656
45 3 656
3 31 528
31 3 528
3 33 389
33 3 389
4 14 192
14 4 192
4 12 474
12 4 474
4 16 15
16 4 15
4 5 299
5 4 299
4 16 908
16 4 908
4 24 809
24 4 809
4 45 51
45 4 51
5 9 499
9 5 499
5 30 808
30 5 808
5 27 916
27 5 916
5 26 666
26 5 666
5 16 569
16 5 569
6 34 997
34 6 997
6 40 883
40 6 883
6 7 565
7 6 565
6 11 842
11 6 842
6 6 141
6 6 141
7 22 664
22 7 664
7 40 407
40 7 407
7 26 109
26 7 109
7 13 866
13 7 866
7 30 977
30 7 977
7 26 537
26 7 537
7 8 787
8 7 787
7 38 973
38 7 973
8 38 41
38 8 41
8 36 409
36 8 409
8 10 691
10 8 691
8 37 802
37 8 802
8 18 37
18 8 37
8 38 434
38 8 434
8 23 394
23 8 394
9 32 419
32 9 419
9 33 493
33 9 493
9 36 112
36 9 112
9 28 887
28 9 887
10 39 352
39 10 352
10 24 681
24 10 681
10 43 901
43 10 901
10 40 204
40 10 204
11 13 333
13 11 333
11 20 980
20 11 980
11 21 733
21 11 733
11 32 577
32 11 577
11 13 759
13 11 759
11 35 804
35 11 804
11 25 362
25 11 362
11 43 618
43 11 618
11 39 24
39 11 24
12 19 653
19 12 653
12 27 693
27 12 693
12 22 237
22 12 237
12 35 625
35 12 625
13 43 335
43 13 335
13 41 911
41 13 911
14 40 761
40 14 761
14 30 503
30 14 503
14 38 863
38 14 863
14 41 554
41 14 554
14 22 311
22 14 311
15 22 104
22 15 104
15 18 209
18 15 209
15 20 656
20 15 656
15 33 359
33 15 359
15 32 523
32 15 523
16 17 88
17 16 88
16 18 768
18 16 768
16 31 44
31 16 44
16 24 855
24 16 855
16 25 597
25 16 597
16 30 331
30 16 331
16 24 814
24 16 814
17 38 381
38 17 381
18 28 923
28 18 923
18 29 251
29 18 251
18 38 375
38 18 375
18 32 970
32 18 970
18 25 2
25 18 2
18 29 643
29 18 643
19 23 693
23 19 693
19 22 869
22 19 869
19 28 827
28 19 827
20 35 537
35 20 537
20 34 423
34 20 423
20 27 664
27 20 664
21 24 284
24 21 284
22 23 210
23 22 210
22 33 820
33 22 820
22 25 804
25 22 804
22 24 932
24 22 932
23 25 284
25 23 284
23 31 789
31 23 789
23 34 198
34 23 198
23 29 723
29 23 723
23 33 775
33 23 775
23 34 693
34 23 693
23 31 536
31 23 536
23 33 466
33 23 466
24 29 153
29 24 153
24 32 531
32 24 531
24 34 354
34 24 354
24 30 993
30 24 993
25 27 453
27 25 453
25 44 510
44 25 510
26 29 635
29 26 635
26 40 876
40 26 876
27 42 922
42 27 922
28 32 89
32 28 89
28 45 986
45 28 986
28 44 618
44 28 618
28 44 791
44 28 791
28 41 454
41 28 454
28 30 585
30 28 585
29 44 800
44 29 800
29 42 848
42 29 848
30 36 728
36 30 728
30 41 753
41 30 753
32 41 484
41 32 484
32 43 897
43 32 897
33 38 124
38 33 124
33 36 672
36 33 672
34 41 19
41 34 19
36 44 760
44 36 760
37 45 375
45 37 375
37 44 959
44 37 959
38 42 256
42 38 256
38 41 32
41 38 32
