70

0 1 268
1 0 268
0 3 610
3 0 610
0 5 55
5 0 55
0 8 609
8 0 609
0 10 226
10 0 226
0 13 286
13 0 286
0 17 131
17 0 131
0 19 28
19 0 28
0 7 678
7 0 678
0 64 953
64 0 953
0 23 685
23 0 685
0 4 552
4 0 552
1 2 415
2 1 415
1 14 277
14 1 277
1 23 607
23 1 607
1 36 872
36 1 872
1 31 573
31 1 573
1 28 548
28 1 548
1 1 745
1 1 745
2 4 751
4 2 751
2 18 252
18 2 252
2 20 169
20 2 169
2 25 818
25 2 818
2 45 477
45 2 477
2 8 309
8 2 309
2 13 784
13 2 784
3 6 21
6 3 21
3 11 547
11 3 547
3 28 946
28 3 946
3 30 398
30 3 398
3 33 432
33 3 432
3 52 139
52 3 139
3 22 31
22 3 31
3 16 37
16 3 37
3 33 58
33 3 58
3 8 726
8 3 726
4 7 415
7 4 415
4 34 49
34 4 49
4 42 316
42 4 316
4 20 676
20 4 676
4 45 531
45 4 531
4 10 59
10 4 59
5 62 82
62 5 82
5 49 849
49 5 849
5 64 639
64 5 639
5 45 448
45 5 448
5 51 696
51 5 696
5 65 80
65 5 80
5 69 451
69 5 451
6 31 740
31 6 740
6 55 207
55 6 207
6 56 809
56 6 809
6 52 296
52 6 296
6 19 846
19 6 846
7 9 374
9 7 374
7 60 903
60 7 903
8 50 506
50 8 506
9 12 574
12 9 574
9 24 231
24 9 231
9 26 8
26 9 8
9 51 607
51 9 607
9 39 411
39 9 411
9 35 886
35 9 886
10 35 586
35 10 586
10 31 311
31 10 311
10 48 424
48 10 424
10 60 608
60 10 608
11 15 716
15 11 716
11 69 139
69 11 139
11 64 847
64 11 847
11 27 761
27 11 761
12 16 852
16 12 852
12 67 174
67 12 174
12 25 38
25 12 38
12 28 628
28 12 628
13 65 22
65 13 22
13 16 641
16 13 641
13 54 175
54 13 175
14 32 667
32 14 667
14 49 619
49 14 619
14 27 35
27 14 35
15 48 400
48 15 400
15 64 867
64 15 867
15 64 274
64 15 274
16 29 503
29 16 503
16 65 922
65 16 922
16 40 217
40 16 217
17 39 96
39 17 96
17 46 940
46 17 940
17 63 94
63 17 94
17 26 566
26 17 566
17 36 490
36 17 490
17 45 776
45 17 776
17 21 290
21 17 290
17 46 886
46 17 886
17 21 899
21 17 899
18 22 449
22 18 449
18 27 793
27 18 793
18 31 50
31 18 50
19 21 186
21 19 186
19 33 499
33 19 499
19 56 324
56 19 324
20 44 482
44 20 482
20 49 979
49 20 979
20 57 187
57 20 187
20 67 601
67 20 601
20 22 440
22 20 440
20 54 990
54 20 990
20 57 985
57 20 985
21 47 536
47 21 536
21 55 867
55 21 867
21 42 362
42 21 362
22 36 391
36 22 391
22 28 192
28 22 192
23 54 686
54 23 686
23 61 541
61 23 541
23 68 162
68 23 162
23 55 998
55 23 998
23 45 561
45 23 561
23 52 320
52 23 320
25 37 894
37 25 894
26 59 19
59 26 19
26 44 730
44 26 730
26 65 761
65 26 761
26 39 106
39 26 106
27 39 934
39 27 934
27 51 191
51 27 191
28 41 393
41 28 393
28 58 44
58 28 44
28 61 690
61 28 690
28 60 617
60 28 617
29 48 469
48 29 469
29 53 850
53 29 850
29 58 331
58 29 331
30 31 502
31 30 502
30 65 609
65 30 609
31 52 200
52 31 200
31 57 501
57 31 501
31 53 416
53 31 416
32 37 328
37 32 328
32 59 660
59 32 660
32 38 162
38 32 162
32 51 216
51 32 216
32 58 425
58 32 425
33 36 458
36 33 458
33 59 829
59 33 829
34 40 195
40 34 195
34 64 394
64 34 394
34 34 632
34 34 632
35 48 8
48 35 8
35 60 652
60 35 652
36 45 455
45 36 455
36 49 40
49 36 40
36 64 916
64 36 916
36 42 871
42 36 871
37 38 875
38 37 875
37 56 544
56 37 544
37 48 922
48 37 922
39 67 8
67 39 8
39 48 166
48 39 166
41 43 765
43 41 765
41 56 106
56 41 106
41 54 671
54 41 671
41 41 750
41 41 750
42 61 968
61 42 968
42 64 894
64 42 894
42 51 324
51 42 324
43 58 927
58 43 927
43 44 687
44 43 687
43 67 438
67 43 438
44 44 839
44 44 839
47 48 884
48 47 884
47 60 727
60 47 727
50 56 275
56 50 275
52 62 310
62 52 310
53 65 279
65 53 279
54 68 42
68 54 42
57 62 67
62 57 67
58 65 252
65 58 252
61 66 430
66 61 430
63 69 129
69 63 129
64 65 324
65 64 324
