92

0 1 923
1 0 923
0 4 672
4 0 672
0 11 453
11 0 453
0 17 569
17 0 569
0 18 430
18 0 430
0 42 75
42 0 75
0 25 660
25 0 660
0 4 381
4 0 381
0 6 717
6 0 717
0 83 390
83 0 390
0 56 800
56 0 800
0 88 981
88 0 981
0 19 536
19 0 536
0 84 539
84 0 539
0 88 267
88 0 267
0 15 598
15 0 598
0 32 979
32 0 979
0 4 68
4 0 68
1 2 857
2 1 857
1 5 779
5 1 779
1 10 966
10 1 966
1 13 767
13 1 767
1 56 496
56 1 496
1 66 478
66 1 478
1 35 159
35 1 159
1 2 39
2 1 39
1 36 248
36 1 248
1 21 379
21 1 379
1 19 202
19 1 202
1 69 830
69 1 830
1 57 660
57 1 660
1 38 521
38 1 521
1 71 717
71 1 717
1 58 730
58 1 730
1 24 74
24 1 74
1 11 896
11 1 896
1 3 518
3 1 518
1 75 503
75 1 503
2 3 95
3 2 95
2 19 141
19 2 141
2 24 267
24 2 267
2 29 121
29 2 121
2 74 443
74 2 443
2 8 488
8 2 488
2 11 686
11 2 686
2 41 842
41 2 842
2 17 476
17 2 476
2 78 656
78 2 656
2 81 593
81 2 593
2 43 169
43 2 169
2 64 608
64 2 608
2 17 487
17 2 487
2 66 546
66 2 546
2 84 782
84 2 782
2 62 147
62 2 147
2 83 618
83 2 618
2 71 185
71 2 185
2 28 353
28 2 353
2 44 221
44 2 221
2 36 560
36 2 560
3 8 296
8 3 296
3 56 960
56 3 960
3 83 587
83 3 587
3 74 904
74 3 904
3 20 289
20 3 289
3 7 623
7 3 623
3 58 775
58 3 775
3 15 787
15 3 787
3 62 944
62 3 944
3 81 973
81 3 973
3 90 607
90 3 607
3 59 869
59 3 869
3 6 492
6 3 492
3 30 871
30 3 871
3 56 723
56 3 723
3 70 765
70 3 765
3 47 267
47 3 267
3 64 504
64 3 504
3 10 25
10 3 25
4 9 886
9 4 886
4 14 192
14 4 192
4 26 155
26 4 155
4 29 22
29 4 22
4 49 303
49 4 303
4 18 965
18 4 965
4 17 850
17 4 850
4 84 991
84 4 991
4 79 194
79 4 194
4 19 92
19 4 92
4 55 783
55 4 783
4 57 129
57 4 129
4 58 277
58 4 277
4 80 882
80 4 882
4 84 704
84 4 704
4 35 793
35 4 793
4 78 617
78 4 617
4 86 801
86 4 801
4 7 756
7 4 756
4 23 164
23 4 164
5 6 393
6 5 393
5 21 629
21 5 629
5 83 778
83 5 778
5 18 428
18 5 428
5 84 256
84 5 256
5 9 169
9 5 169
5 21 788
21 5 788
5 62 636
62 5 636
5 14 241
14 5 241
5 31 140
31 5 140
5 30 559
30 5 559
5 51 839
51 5 839
5 59 466
59 5 466
5 71 106
71 5 106
5 65 555
65 5 555
5 28 543
28 5 543
5 19 987
19 5 987
5 22 587
22 5 587
5 23 751
23 5 751
5 49 75
49 5 75
5 67 876
67 5 876
5 72 10
72 5 10
6 7 371
7 6 371
6 12 883
12 6 883
6 20 118
20 6 118
6 35 612
35 6 612
6 28 388
28 6 388
6 39 675
39 6 675
6 91 76
91 6 76
6 68 225
68 6 225
6 62 374
62 6 374
6 63 524
63 6 524
6 49 649
49 6 649
6 46 877
46 6 877
6 17 954
17 6 954
6 40 530
40 6 530
6 25 240
25 6 240
6 61 557
61 6 557
6 42 312
42 6 312
6 33 214
33 6 214
6 10 596
10 6 596
7 15 536
15 7 536
7 75 370
75 7 370
7 55 474
55 7 474
7 10 371
10 7 371
7 45 506
45 7 506
7 54 871
54 7 871
7 45 998
45 7 998
7 49 843
49 7 843
7 24 970
24 7 970
7 87 489
87 7 489
7 41 303
41 7 303
7 37 693
37 7 693
7 79 175
79 7 175
7 17 564
17 7 564
8 53 714
53 8 714
8 67 232
67 8 232
8 9 235
9 8 235
8 79 958
79 8 958
8 64 993
64 8 993
8 42 480
42 8 480
8 90 810
90 8 810
8 60 976
60 8 976
8 22 529
22 8 529
8 78 335
78 8 335
8 46 991
46 8 991
8 24 142
24 8 142
8 22 453
22 8 453
8 77 113
77 8 113
8 48 108
48 8 108
8 25 113
25 8 113
9 36 205
36 9 205
9 57 388
57 9 388
9 53 40
53 9 40
9 42 169
42 9 169
9 43 556
43 9 556
9 63 468
63 9 468
9 53 976
53 9 976
9 63 568
63 9 568
9 40 240
40 9 240
9 73 99
73 9 99
9 90 767
90 9 767
9 57 564
57 9 564
9 14 74
14 9 74
9 35 203
35 9 203
10 27 669
27 10 669
10 17 445
17 10 445
10 76 823
76 10 823
10 18 474
18 10 474
10 34 47
34 10 47
10 22 898
22 10 898
10 13 309
13 10 309
10 41 896
41 10 896
10 65 122
65 10 122
10 22 163
22 10 163
10 21 536
21 10 536
10 36 52
36 10 52
10 52 985
52 10 985
10 34 672
34 10 672
10 33 601
33 10 601
10 87 823
87 10 823
11 16 245
16 11 245
11 40 864
40 11 864
11 90 62
90 11 62
11 86 60
86 11 60
11 87 107
87 11 107
11 27 982
27 11 982
11 16 660
16 11 660
11 76 552
76 11 552
11 44 748
44 11 748
12 34 109
34 12 109
12 77 317
77 12 317
12 34 511
34 12 511
12 33 600
33 12 600
12 58 968
58 12 968
12 48 680
48 12 680
12 83 361
83 12 361
12 37 946
37 12 946
12 36 540
36 12 540
12 65 891
65 12 891
12 41 399
41 12 399
12 28 378
28 12 378
12 53 56
53 12 56
13 30 602
30 13 602
13 31 196
31 13 196
13 39 600
39 13 600
13 38 69
38 13 69
13 17 577
17 13 577
13 46 257
46 13 257
13 88 920
88 13 920
13 36 940
36 13 940
13 32 840
32 13 840
13 21 324
21 13 324
13 56 944
56 13 944
13 44 316
44 13 316
14 47 909
47 14 909
14 15 915
15 14 915
14 69 273
69 14 273
14 34 59
34 14 59
14 29 884
29 14 884
14 81 912
81 14 912
14 63 823
63 14 823
14 90 146
90 14 146
14 57 748
57 14 748
14 44 963
44 14 963
14 21 70
21 14 70
14 59 541
59 14 541
14 48 124
48 14 124
15 21 892
21 15 892
15 45 221
45 15 221
15 88 321
88 15 321
15 84 292
84 15 292
15 67 839
67 15 839
15 53 382
53 15 382
15 61 724
61 15 724
15 20 284
20 15 284
15 23 503
23 15 503
16 43 365
43 16 365
16 63 49
63 16 49
16 63 504
63 16 504
16 82 570
82 16 570
16 26 662
26 16 662
16 74 525
74 16 525
16 50 808
50 16 808
16 67 691
67 16 691
16 45 422
45 16 422
16 90 558
90 16 558
16 69 404
69 16 404
16 21 350
21 16 350
16 73 622
73 16 622
16 67 187
67 16 187
17 23 286
23 17 286
17 58 129
58 17 129
17 20 493
20 17 493
17 38 717
38 17 717
17 61 831
61 17 831
17 42 303
42 17 303
17 61 573
61 17 573
17 24 967
24 17 967
17 68 256
68 17 256
17 64 778
64 17 778
17 52 398
52 17 398
17 63 140
63 17 140
18 35 456
35 18 456
18 86 808
86 18 808
18 22 963
22 18 963
18 59 338
59 18 338
18 41 911
41 18 911
18 37 499
37 18 499
18 24 285
24 18 285
18 42 761
42 18 761
18 56 536
56 18 536
18 21 941
21 18 941
18 54 105
54 18 105
18 54 607
54 18 607
18 43 856
43 18 856
18 82 912
82 18 912
18 70 614
70 18 614
18 91 324
91 18 324
19 81 857
81 19 857
19 72 999
72 19 999
19 22 921
22 19 921
19 39 617
39 19 617
19 37 196
37 19 196
19 59 852
59 19 852
19 35 638
35 19 638
19 52 194
52 19 194
19 26 478
26 19 478
19 58 736
58 19 736
19 63 95
63 19 95
19 52 547
52 19 547
19 39 783
39 19 783
19 90 61
90 19 61
19 48 177
48 19 177
20 64 414
64 20 414
20 87 602
87 20 602
20 43 852
43 20 852
20 60 909
60 20 909
20 73 399
73 20 399
20 52 641
52 20 641
20 64 40
64 20 40
20 90 417
90 20 417
20 26 535
26 20 535
20 75 242
75 20 242
20 78 108
78 20 108
20 22 790
22 20 790
20 76 874
76 20 874
21 22 893
22 21 893
21 51 799
51 21 799
21 43 335
43 21 335
21 34 505
34 21 505
21 41 821
41 21 821
21 63 799
63 21 799
21 60 71
60 21 71
21 60 426
60 21 426
21 24 419
24 21 419
21 68 989
68 21 989
22 25 816
25 22 816
22 41 275
41 22 275
22 41 116
41 22 116
22 61 606
61 22 606
22 67 626
67 22 626
22 33 70
33 22 70
22 43 115
43 22 115
22 91 695
91 22 695
22 81 819
81 22 819
22 70 337
70 22 337
22 88 825
88 22 825
22 24 40
24 22 40
23 50 541
50 23 541
23 43 549
43 23 549
23 87 258
87 23 258
23 70 787
70 23 787
23 48 657
48 23 657
23 88 100
88 23 100
23 70 693
70 23 693
23 34 897
34 23 897
23 25 489
25 23 489
23 55 103
55 23 103
23 50 947
50 23 947
23 51 30
51 23 30
23 50 231
50 23 231
23 87 298
87 23 298
23 87 587
87 23 587
24 55 361
55 24 361
24 62 860
62 24 860
24 54 39
54 24 39
24 32 904
32 24 904
24 90 372
90 24 372
24 27 793
27 24 793
24 49 556
49 24 556
24 51 351
51 24 351
24 58 742
58 24 742
24 68 123
68 24 123
24 67 957
67 24 957
24 29 834
29 24 834
24 39 14
39 24 14
25 28 245
28 25 245
25 30 590
30 25 590
25 26 617
26 25 617
25 28 686
28 25 686
25 33 885
33 25 885
25 87 688
87 25 688
25 66 583
66 25 583
25 53 438
53 25 438
25 32 97
32 25 97
25 85 736
85 25 736
25 42 846
42 25 846
25 42 141
42 25 141
25 47 207
47 25 207
25 91 209
91 25 209
26 39 461
39 26 461
26 72 12
72 26 12
26 81 927
81 26 927
26 52 625
52 26 625
26 73 606
73 26 606
26 28 64
28 26 64
26 73 632
73 26 632
26 47 186
47 26 186
26 50 8
50 26 8
26 55 353
55 26 353
27 58 656
58 27 656
27 89 768
89 27 768
27 30 269
30 27 269
27 33 750
33 27 750
27 74 474
74 27 474
27 48 732
48 27 732
27 30 399
30 27 399
27 76 830
76 27 830
27 80 119
80 27 119
27 50 400
50 27 400
27 69 263
69 27 263
28 32 40
32 28 40
28 46 410
46 28 410
28 53 306
53 28 306
28 85 251
85 28 251
28 85 725
85 28 725
28 32 610
32 28 610
28 36 512
36 28 512
28 81 808
81 28 808
28 53 397
53 28 397
28 37 93
37 28 93
28 55 571
55 28 571
28 64 582
64 28 582
28 38 606
38 28 606
28 55 105
55 28 105
28 70 286
70 28 286
29 33 862
33 29 862
29 65 286
65 29 286
29 70 139
70 29 139
29 83 64
83 29 64
29 77 971
77 29 971
29 53 94
53 29 94
29 63 49
63 29 49
29 87 612
87 29 612
29 90 793
90 29 793
30 37 840
37 30 840
30 55 83
55 30 83
30 82 470
82 30 470
30 48 942
48 30 942
30 42 53
42 30 53
30 42 214
42 30 214
30 39 712
39 30 712
30 73 246
73 30 246
30 68 421
68 30 421
30 78 300
78 30 300
30 72 572
72 30 572
30 31 370
31 30 370
30 51 472
51 30 472
30 39 575
39 30 575
30 75 473
75 30 473
30 69 218
69 30 218
30 78 472
78 30 472
30 47 95
47 30 95
30 48 583
48 30 583
30 31 890
31 30 890
30 72 102
72 30 102
30 53 335
53 30 335
30 64 69
64 30 69
30 37 893
37 30 893
30 56 970
56 30 970
31 48 481
48 31 481
31 71 984
71 31 984
31 39 686
39 31 686
31 74 131
74 31 131
31 87 126
87 31 126
31 54 470
54 31 470
31 59 217
59 31 217
31 82 632
82 31 632
31 58 984
58 31 984
31 37 703
37 31 703
31 50 5
50 31 5
32 45 546
45 32 546
32 89 259
89 32 259
32 55 110
55 32 110
32 48 310
48 32 310
32 43 128
43 32 128
32 85 558
85 32 558
32 81 775
81 32 775
32 75 479
75 32 479
33 54 710
54 33 710
33 77 138
77 33 138
33 70 1
70 33 1
33 69 724
69 33 724
33 33 23
33 33 23
33 79 695
79 33 695
33 78 84
78 33 84
33 84 60
84 33 60
33 73 93
73 33 93
33 49 317
49 33 317
34 42 926
42 34 926
34 40 31
40 34 31
34 70 49
70 34 49
34 34 523
34 34 523
34 88 779
88 34 779
34 65 64
65 34 64
34 58 63
58 34 63
34 82 847
82 34 847
34 57 362
57 34 362
34 36 879
36 34 879
34 62 961
62 34 961
34 43 365
43 34 365
35 62 99
62 35 99
35 43 905
43 35 905
35 83 818
83 35 818
35 66 526
66 35 526
35 90 957
90 35 957
35 47 733
47 35 733
35 85 389
85 35 389
35 37 767
37 35 767
35 62 97
62 35 97
35 81 36
81 35 36
35 73 45
73 35 45
35 53 955
53 35 955
36 60 180
60 36 180
36 82 561
82 36 561
36 56 263
56 36 263
36 53 977
53 36 977
36 76 98
76 36 98
36 42 278
42 36 278
36 70 724
70 36 724
36 75 710
75 36 710
36 50 783
50 36 783
36 58 923
58 36 923
37 38 306
38 37 306
37 40 336
40 37 336
37 76 811
76 37 811
37 81 627
81 37 627
37 48 985
48 37 985
37 76 496
76 37 496
37 89 283
89 37 283
37 65 114
65 37 114
37 82 102
82 37 102
37 69 375
69 37 375
37 72 372
72 37 372
37 60 846
60 37 846
38 49 73
49 38 73
38 52 812
52 38 812
38 73 458
73 38 458
38 84 996
84 38 996
38 77 71
77 38 71
38 70 194
70 38 194
38 84 230
84 38 230
38 86 952
86 38 952
38 90 686
90 38 686
38 66 305
66 38 305
38 47 132
47 38 132
38 64 551
64 38 551
38 52 647
52 38 647
38 76 797
76 38 797
38 57 49
57 38 49
38 88 934
88 38 934
38 75 504
75 38 504
39 85 415
85 39 415
39 83 222
83 39 222
39 40 145
40 39 145
39 64 213
64 39 213
39 42 553
42 39 553
40 44 762
44 40 762
40 86 357
86 40 357
40 76 177
76 40 177
40 64 544
64 40 544
40 83 304
83 40 304
40 43 292
43 40 292
40 82 81
82 40 81
40 83 992
83 40 992
40 59 615
59 40 615
40 75 601
75 40 601
40 81 49
81 40 49
40 73 543
73 40 543
41 60 161
60 41 161
41 88 873
88 41 873
41 90 527
90 41 527
41 74 1000
74 41 1000
41 59 485
59 41 485
41 88 756
88 41 756
41 46 743
46 41 743
41 65 974
65 41 974
41 45 23
45 41 23
41 41 946
41 41 946
41 65 535
65 41 535
41 75 326
75 41 326
42 59 350
59 42 350
42 76 993
76 42 993
42 82 319
82 42 319
42 67 722
67 42 722
42 84 475
84 42 475
42 89 755
89 42 755
42 76 551
76 42 551
43 71 529
71 43 529
43 55 835
55 43 835
43 61 358
61 43 358
43 60 507
60 43 507
43 91 284
91 43 284
43 78 726
78 43 726
43 73 958
73 43 958
44 69 286
69 44 286
44 84 946
84 44 946
44 68 872
68 44 872
44 90 458
90 44 458
44 76 687
76 44 687
44 91 362
91 44 362
44 73 110
73 44 110
45 76 730
76 45 730
45 64 148
64 45 148
45 47 633
47 45 633
45 58 877
58 45 877
45 50 385
50 45 385
45 81 203
81 45 203
45 57 241
57 45 241
45 64 101
64 45 101
46 72 77
72 46 77
46 67 183
67 46 183
47 72 298
72 47 298
47 51 958
51 47 958
47 49 698
49 47 698
47 60 980
60 47 980
47 49 771
49 47 771
47 54 819
54 47 819
47 54 368
54 47 368
47 89 402
89 47 402
47 59 706
59 47 706
47 76 624
76 47 624
48 65 932
65 48 932
48 64 810
64 48 810
48 61 414
61 48 414
48 86 696
86 48 696
48 59 2
59 48 2
48 78 914
78 48 914
49 68 140
68 49 140
49 86 927
86 49 927
49 54 593
54 49 593
49 61 378
61 49 378
49 90 212
90 49 212
49 61 701
61 49 701
49 74 860
74 49 860
49 50 447
50 49 447
49 80 211
80 49 211
50 83 360
83 50 360
50 50 246
50 50 246
50 86 136
86 50 136
50 70 873
70 50 873
50 83 18
83 50 18
50 69 815
69 50 815
50 56 348
56 50 348
50 71 784
71 50 784
50 68 550
68 50 550
51 60 153
60 51 153
51 77 182
77 51 182
51 67 88
67 51 88
51 83 513
83 51 513
51 83 828
83 51 828
51 67 202
67 51 202
51 65 337
65 51 337
52 57 886
57 52 886
52 63 757
63 52 757
52 55 63
55 52 63
52 59 291
59 52 291
52 54 223
54 52 223
52 64 620
64 52 620
52 54 65
54 52 65
52 69 891
69 52 891
52 90 136
90 52 136
53 86 993
86 53 993
53 64 187
64 53 187
53 80 601
80 53 601
53 76 356
76 53 356
53 88 717
88 53 717
53 85 838
85 53 838
53 71 63
71 53 63
53 68 325
68 53 325
54 61 609
61 54 609
54 70 999
70 54 999
54 67 598
67 54 598
54 72 335
72 54 335
54 77 77
77 54 77
54 62 979
62 54 979
54 73 766
73 54 766
54 79 477
79 54 477
55 66 988
66 55 988
55 72 772
72 55 772
55 63 289
63 55 289
55 79 704
79 55 704
55 64 77
64 55 77
55 63 604
63 55 604
55 56 69
56 55 69
55 56 361
56 55 361
55 71 561
71 55 561
55 64 401
64 55 401
55 86 121
86 55 121
56 78 929
78 56 929
56 86 739
86 56 739
56 82 777
82 56 777
56 71 817
71 56 817
56 70 329
70 56 329
57 87 618
87 57 618
57 64 548
64 57 548
57 74 280
74 57 280
57 73 220
73 57 220
57 76 419
76 57 419
57 89 734
89 57 734
58 88 955
88 58 955
58 80 430
80 58 430
58 70 473
70 58 473
58 63 920
63 58 920
58 65 669
65 58 669
58 68 258
68 58 258
58 87 466
87 58 466
58 87 541
87 58 541
58 79 715
79 58 715
58 91 615
91 58 615
59 68 689
68 59 689
59 77 767
77 59 767
59 77 1
77 59 1
59 75 526
75 59 526
59 59 517
59 59 517
60 75 371
75 60 371
60 67 924
67 60 924
60 64 798
64 60 798
60 65 173
65 60 173
60 63 364
63 60 364
61 91 95
91 61 95
61 88 394
88 61 394
61 83 404
83 61 404
61 77 416
77 61 416
62 66 550
66 62 550
62 84 760
84 62 760
62 63 962
63 62 962
62 88 387
88 62 387
62 91 257
91 62 257
62 65 152
65 62 152
63 80 48
80 63 48
63 90 982
90 63 982
63 77 764
77 63 764
63 86 95
86 63 95
64 76 8
76 64 8
64 82 629
82 64 629
64 90 202
90 64 202
64 72 461
72 64 461
64 73 978
73 64 978
65 83 114
83 65 114
65 88 142
88 65 142
65 72 589
72 65 589
66 77 440
77 66 440
66 85 937
85 66 937
66 66 512
66 66 512
66 75 833
75 66 833
66 88 94
88 66 94
66 86 362
86 66 362
66 86 328
86 66 328
66 68 778
68 66 778
67 68 845
68 67 845
67 77 342
77 67 342
67 90 644
90 67 644
67 84 421
84 67 421
67 77 254
77 67 254
67 74 544
74 67 544
68 80 334
80 68 334
68 83 658
83 68 658
68 73 61
73 68 61
68 81 771
81 68 771
68 80 545
80 68 545
68 75 493
75 68 493
68 82 426
82 68 426
69 73 765
73 69 765
69 74 705
74 69 705
69 75 511
75 69 511
70 88 687
88 70 687
70 73 553
73 70 553
70 89 435
89 70 435
71 91 946
91 71 946
72 81 436
81 72 436
72 86 87
86 72 87
72 81 840
81 72 840
72 88 279
88 72 279
73 73 2
73 73 2
73 75 17
75 73 17
73 83 29
83 73 29
73 91 210
91 73 210
74 79 305
79 74 305
74 81 262
81 74 262
74 88 701
88 74 701
74 77 456
77 74 456
74 84 348
84 74 348
74 87 594
87 74 594
74 86 912
86 74 912
76 91 328
91 76 328
76 77 656
77 76 656
76 87 769
87 76 769
77 87 475
87 77 475
77 90 626
90 77 626
77 79 810
79 77 810
78 84 245
84 78 245
78 85 139
85 78 139
80 81 893
81 80 893
81 85 63
85 81 63
81 86 172
86 81 172
81 84 530
84 81 530
82 86 35
86 82 35
82 86 333
86 82 333
83 84 191
84 83 191
83 87 240
87 83 240
84 85 964
85 84 964
84 85 86
85 84 86
86 89 217
89 86 217
86 91 764
91 86 764
86 88 744
88 86 744
88 91 808
91 88 808
88 91 401
91 88 401
88 89 433
89 88 433
