36

0 1 269
1 0 269
0 12 810
12 0 810
0 15 76
15 0 76
0 18 204
18 0 204
1 2 991
2 1 991
1 3 764
3 1 764
1 5 424
5 1 424
1 17 45
17 1 45
1 28 478
28 1 478
2 6 520
6 2 520
2 14 956
14 2 956
2 35 747
35 2 747
2 32 848
32 2 848
3 4 727
4 3 727
3 7 999
7 3 999
3 9 769
9 3 769
3 15 611
15 3 611
3 12 821
12 3 821
4 10 812
10 4 812
4 11 125
11 4 125
4 32 107
32 4 107
5 13 542
13 5 542
5 34 532
34 5 532
6 21 120
21 6 120
6 34 376
34 6 376
7 8 383
8 7 383
7 23 834
23 7 834
8 22 593
22 8 593
8 10 122
10 8 122
9 19 343
19 9 343
9 25 322
25 9 322
9 16 835
16 9 835
11 19 244
19 11 244
13 22 584
22 13 584
13 34 542
34 13 542
13 20 505
20 13 505
14 29 360
29 14 360
15 16 740
16 15 740
15 21 137
21 15 137
15 24 946
24 15 946
16 26 660
26 16 660
16 24 807
24 16 807
17 20 556
20 17 556
19 33 209
33 19 209
20 33 530
33 20 530
21 27 381
27 21 381
21 30 203
30 21 203
24 27 341
27 24 341
24 27 559
27 24 559
24 33 991
33 24 991
27 31 640
31 27 640
28 32 143
32 28 143
32 33 170
33 32 170
