81

0 1 115
1 0 115
0 5 560
5 0 560
0 8 650
8 0 650
0 28 270
28 0 270
0 32 367
32 0 367
0 55 81
55 0 81
0 34 255
34 0 255
0 48 665
48 0 665
0 70 7
70 0 7
0 52 747
52 0 747
1 2 609
2 1 609
1 4 177
4 1 177
1 7 625
7 1 625
1 12 613
12 1 613
1 39 532
39 1 532
1 45 609
45 1 609
1 44 196
44 1 196
1 31 506
31 1 506
1 15 515
15 1 515
1 43 41
43 1 41
1 46 836
46 1 836
1 44 614
44 1 614
1 21 520
21 1 520
1 67 183
67 1 183
1 23 542
23 1 542
2 3 381
3 2 381
2 16 651
16 2 651
2 5 246
5 2 246
2 25 775
25 2 775
2 63 715
63 2 715
2 21 264
21 2 264
2 22 59
22 2 59
2 74 262
74 2 262
3 9 712
9 3 712
3 11 467
11 3 467
3 42 125
42 3 125
3 44 539
44 3 539
3 7 986
7 3 986
3 35 442
35 3 442
3 23 857
23 3 857
3 24 321
24 3 321
3 74 473
74 3 473
3 45 377
45 3 377
3 46 709
46 3 709
3 51 290
51 3 290
4 6 47
6 4 47
4 52 117
52 4 117
4 62 154
62 4 154
4 37 546
37 4 546
4 74 911
74 4 911
4 44 785
44 4 785
4 70 871
70 4 871
4 10 809
10 4 809
4 70 497
70 4 497
4 22 483
22 4 483
4 23 906
23 4 906
4 72 878
72 4 878
4 52 469
52 4 469
5 16 534
16 5 534
5 74 117
74 5 117
5 69 19
69 5 19
5 31 48
31 5 48
5 52 853
52 5 853
5 26 286
26 5 286
5 67 629
67 5 629
5 66 817
66 5 817
5 71 652
71 5 652
5 46 421
46 5 421
5 40 763
40 5 763
5 79 376
79 5 376
5 54 57
54 5 57
6 10 880
10 6 880
6 13 711
13 6 711
6 14 872
14 6 872
6 51 183
51 6 183
6 72 459
72 6 459
6 68 27
68 6 27
6 50 863
50 6 863
6 33 819
33 6 819
6 40 637
40 6 637
6 59 6
59 6 6
6 75 561
75 6 561
6 71 157
71 6 157
6 37 951
37 6 951
7 19 108
19 7 108
7 35 799
35 7 799
7 49 235
49 7 235
7 65 530
65 7 530
7 52 160
52 7 160
7 22 957
22 7 957
7 9 898
9 7 898
7 75 700
75 7 700
7 10 165
10 7 165
7 76 593
76 7 593
7 60 741
60 7 741
8 24 171
24 8 171
8 50 925
50 8 925
8 78 965
78 8 965
8 64 329
64 8 329
8 43 754
43 8 754
8 43 161
43 8 161
8 65 303
65 8 303
8 48 226
48 8 226
8 52 603
52 8 603
8 65 238
65 8 238
8 28 190
28 8 190
8 64 850
64 8 850
8 54 821
54 8 821
8 25 131
25 8 131
8 19 447
19 8 447
9 31 439
31 9 439
9 46 44
46 9 44
9 59 975
59 9 975
9 57 897
57 9 897
9 40 244
40 9 244
9 15 456
15 9 456
9 27 81
27 9 81
9 63 50
63 9 50
9 61 814
61 9 814
10 23 673
23 10 673
10 75 363
75 10 363
10 32 425
32 10 425
10 70 944
70 10 944
10 22 567
22 10 567
10 65 196
65 10 196
10 52 84
52 10 84
10 41 35
41 10 35
10 43 136
43 10 136
10 28 658
28 10 658
10 28 437
28 10 437
10 45 281
45 10 281
10 27 926
27 10 926
10 55 824
55 10 824
10 30 556
30 10 556
11 36 19
36 11 19
11 30 332
30 11 332
11 79 754
79 11 754
11 38 176
38 11 176
11 53 949
53 11 949
11 33 264
33 11 264
11 29 4
29 11 4
12 15 484
15 12 484
12 17 760
17 12 760
12 30 832
30 12 832
12 37 368
37 12 368
12 54 8
54 12 8
12 13 834
13 12 834
12 52 580
52 12 580
12 25 794
25 12 794
12 15 249
15 12 249
13 72 992
72 13 992
13 74 499
74 13 499
13 46 708
46 13 708
13 41 891
41 13 891
14 60 298
60 14 298
14 19 387
19 14 387
14 55 639
55 14 639
14 60 331
60 14 331
14 30 415
30 14 415
14 40 815
40 14 815
14 41 678
41 14 678
14 31 192
31 14 192
14 30 967
30 14 967
14 35 489
35 14 489
14 58 711
58 14 711
14 37 774
37 14 774
14 44 691
44 14 691
15 18 712
18 15 712
15 20 987
20 15 987
15 64 361
64 15 361
15 56 474
56 15 474
15 67 801
67 15 801
15 20 618
20 15 618
16 67 469
67 16 469
16 60 67
60 16 67
16 77 440
77 16 440
16 20 234
20 16 234
17 50 575
50 17 575
17 59 971
59 17 971
17 45 87
45 17 87
17 55 715
55 17 715
17 47 871
47 17 871
18 25 916
25 18 916
18 66 589
66 18 589
18 73 650
73 18 650
18 19 733
19 18 733
18 80 791
80 18 791
18 64 141
64 18 141
18 39 268
39 18 268
18 46 916
46 18 916
18 66 548
66 18 548
18 64 423
64 18 423
19 24 203
24 19 203
19 26 899
26 19 899
19 27 269
27 19 269
19 34 995
34 19 995
19 47 74
47 19 74
19 69 27
69 19 27
19 42 612
42 19 612
19 72 487
72 19 487
19 44 793
44 19 793
19 36 383
36 19 383
20 21 677
21 20 677
20 22 707
22 20 707
20 39 300
39 20 300
20 61 447
61 20 447
20 34 498
34 20 498
20 34 200
34 20 200
20 79 668
79 20 668
20 65 562
65 20 562
20 46 109
46 20 109
20 23 525
23 20 525
21 79 935
79 21 935
21 60 67
60 21 67
21 72 579
72 21 579
21 48 928
48 21 928
21 50 364
50 21 364
21 39 298
39 21 298
22 59 809
59 22 809
22 48 944
48 22 944
22 36 36
36 22 36
22 48 642
48 22 642
23 48 896
48 23 896
23 28 255
28 23 255
23 43 789
43 23 789
23 77 317
77 23 317
23 68 339
68 23 339
24 47 248
47 24 248
25 29 302
29 25 302
25 33 29
33 25 29
25 40 788
40 25 788
25 47 806
47 25 806
25 43 576
43 25 576
25 36 631
36 25 631
25 25 234
25 25 234
25 57 315
57 25 315
25 64 509
64 25 509
25 31 200
31 25 200
25 44 511
44 25 511
25 42 185
42 25 185
25 45 664
45 25 664
26 64 869
64 26 869
26 77 664
77 26 664
26 66 782
66 26 782
26 75 393
75 26 393
26 33 625
33 26 625
26 72 318
72 26 318
26 64 543
64 26 543
26 37 346
37 26 346
26 32 510
32 26 510
27 70 875
70 27 875
27 74 649
74 27 649
27 60 537
60 27 537
27 29 395
29 27 395
27 51 336
51 27 336
28 34 593
34 28 593
28 78 801
78 28 801
28 31 521
31 28 521
28 67 197
67 28 197
29 67 391
67 29 391
29 33 462
33 29 462
29 74 253
74 29 253
29 45 809
45 29 809
29 47 423
47 29 423
29 38 504
38 29 504
29 41 46
41 29 46
29 36 888
36 29 888
29 67 203
67 29 203
29 70 201
70 29 201
29 55 312
55 29 312
30 38 93
38 30 93
30 41 960
41 30 960
30 33 647
33 30 647
30 45 26
45 30 26
30 65 707
65 30 707
30 39 416
39 30 416
30 32 48
32 30 48
30 60 235
60 30 235
30 69 375
69 30 375
31 36 489
36 31 489
31 38 737
38 31 737
31 72 467
72 31 467
32 42 744
42 32 744
32 67 638
67 32 638
32 38 125
38 32 125
32 70 292
70 32 292
33 44 785
44 33 785
33 60 696
60 33 696
33 71 628
71 33 628
33 68 207
68 33 207
33 51 711
51 33 711
33 38 820
38 33 820
34 43 595
43 34 595
34 64 913
64 34 913
34 63 88
63 34 88
35 80 42
80 35 42
35 61 999
61 35 999
35 68 377
68 35 377
35 37 744
37 35 744
35 80 146
80 35 146
35 78 709
78 35 709
36 56 114
56 36 114
36 62 115
62 36 115
36 76 362
76 36 362
36 77 408
77 36 408
36 61 91
61 36 91
37 44 589
44 37 589
37 57 355
57 37 355
37 61 605
61 37 605
37 42 468
42 37 468
37 42 758
42 37 758
37 75 714
75 37 714
37 45 296
45 37 296
37 54 537
54 37 537
37 42 538
42 37 538
37 62 732
62 37 732
37 68 499
68 37 499
38 53 408
53 38 408
39 54 830
54 39 830
40 48 859
48 40 859
40 58 333
58 40 333
41 50 565
50 41 565
41 60 173
60 41 173
41 79 253
79 41 253
41 77 699
77 41 699
41 62 650
62 41 650
41 69 665
69 41 665
42 65 998
65 42 998
42 76 541
76 42 541
42 51 744
51 42 744
42 76 430
76 42 430
42 51 227
51 42 227
43 49 623
49 43 623
43 46 993
46 43 993
43 44 931
44 43 931
43 46 549
46 43 549
43 62 651
62 43 651
44 56 35
56 44 35
44 55 902
55 44 902
44 74 229
74 44 229
44 70 860
70 44 860
45 55 780
55 45 780
45 65 871
65 45 871
45 48 248
48 45 248
45 49 55
49 45 55
45 45 995
45 45 995
46 64 102
64 46 102
46 50 383
50 46 383
46 71 716
71 46 716
46 51 24
51 46 24
46 70 384
70 46 384
46 72 405
72 46 405
46 79 328
79 46 328
46 70 19
70 46 19
47 69 719
69 47 719
47 71 300
71 47 300
47 47 744
47 47 744
47 57 770
57 47 770
47 48 992
48 47 992
47 74 936
74 47 936
48 70 434
70 48 434
48 57 182
57 48 182
48 61 554
61 48 554
48 78 76
78 48 76
48 73 836
73 48 836
49 75 662
75 49 662
49 69 446
69 49 446
49 67 778
67 49 778
49 72 791
72 49 791
49 65 582
65 49 582
50 57 75
57 50 75
51 53 169
53 51 169
51 66 793
66 51 793
51 75 71
75 51 71
52 78 861
78 52 861
52 73 485
73 52 485
52 74 646
74 52 646
52 68 45
68 52 45
53 63 283
63 53 283
53 65 610
65 53 610
54 68 399
68 54 399
55 79 552
79 55 552
56 58 171
58 56 171
56 62 8
62 56 8
56 57 785
57 56 785
56 79 281
79 56 281
57 77 736
77 57 736
57 61 770
61 57 770
57 64 794
64 57 794
57 63 202
63 57 202
57 76 691
76 57 691
58 73 153
73 58 153
59 61 861
61 59 861
60 72 638
72 60 638
60 74 35
74 60 35
60 71 391
71 60 391
61 78 890
78 61 890
61 74 37
74 61 37
61 62 392
62 61 392
61 75 752
75 61 752
61 78 965
78 61 965
62 64 943
64 62 943
63 75 358
75 63 358
63 64 28
64 63 28
63 68 638
68 63 638
64 76 984
76 64 984
64 74 764
74 64 764
67 76 272
76 67 272
67 79 248
79 67 248
67 77 574
77 67 574
68 70 552
70 68 552
69 76 367
76 69 367
69 76 924
76 69 924
69 75 737
75 69 737
70 77 742
77 70 742
71 78 150
78 71 150
72 76 768
76 72 768
72 80 850
80 72 850
73 78 372
78 73 372
79 79 908
79 79 908
