58

0 1 871
1 0 871
0 6 776
6 0 776
0 9 619
9 0 619
0 46 680
46 0 680
1 2 362
2 1 362
1 3 284
3 1 284
1 5 828
5 1 828
1 10 889
10 1 889
1 22 433
22 1 433
2 4 21
4 2 21
3 19 866
19 3 866
4 21 437
21 4 437
4 55 875
55 4 875
4 34 72
34 4 72
5 7 148
7 5 148
5 14 87
14 5 87
5 23 164
23 5 164
5 24 73
24 5 73
6 8 109
8 6 109
6 12 668
12 6 668
7 25 772
25 7 772
7 28 441
28 7 441
8 11 761
11 8 761
8 39 641
39 8 641
8 53 648
53 8 648
8 45 89
45 8 89
9 15 901
15 9 901
9 43 543
43 9 543
9 44 242
44 9 242
10 20 758
20 10 758
11 18 884
18 11 884
11 51 157
51 11 157
12 13 271
13 12 271
13 17 216
17 13 216
14 16 843
16 14 843
14 26 943
26 14 943
14 34 562
34 14 562
15 36 805
36 15 805
15 37 404
37 15 404
17 31 261
31 17 261
17 33 97
33 17 97
18 38 325
38 18 325
19 28 770
28 19 770
20 52 319
52 20 319
21 32 473
32 21 473
21 35 430
35 21 430
21 49 584
49 21 584
23 27 120
27 23 120
23 30 543
30 23 543
23 41 288
41 23 288
24 38 880
38 24 880
25 33 70
33 25 70
25 42 755
42 25 755
27 45 866
45 27 866
28 29 818
29 28 818
29 44 218
44 29 218
30 40 339
40 30 339
32 42 72
42 32 72
34 47 364
47 34 364
34 50 149
50 34 149
36 48 821
48 36 821
36 44 787
44 36 787
38 57 281
57 38 281
41 42 420
42 41 420
42 56 242
56 42 242
45 54 76
54 45 76
46 46 99
46 46 99
