50

0 1 644
1 0 644
0 3 107
3 0 107
0 7 460
7 0 460
0 9 733
9 0 733
0 23 305
23 0 305
0 27 433
27 0 433
0 43 923
43 0 923
1 2 95
2 1 95
1 4 188
4 1 188
1 5 589
5 1 589
1 12 862
12 1 862
1 21 523
21 1 523
2 6 915
6 2 915
2 8 11
8 2 11
2 28 125
28 2 125
3 14 432
14 3 432
3 13 397
13 3 397
3 33 581
33 3 581
4 13 799
13 4 799
4 16 717
16 4 717
4 26 993
26 4 993
5 30 895
30 5 895
6 22 916
22 6 916
6 29 969
29 6 969
6 7 172
7 6 172
7 10 958
10 7 958
7 15 883
15 7 883
7 19 349
19 7 349
7 37 917
37 7 917
7 44 604
44 7 604
8 11 430
11 8 430
9 34 909
34 9 909
10 42 548
42 10 548
11 46 886
46 11 886
11 49 23
49 11 23
11 34 312
34 11 312
11 38 66
38 11 66
11 28 239
28 11 239
12 17 573
17 12 573
13 24 421
24 13 421
14 20 640
20 14 640
15 25 316
25 15 316
15 35 773
35 15 773
16 18 313
18 16 313
16 24 616
24 16 616
17 45 556
45 17 556
19 30 803
30 19 803
20 31 534
31 20 534
20 29 114
29 20 114
21 36 823
36 21 823
24 47 759
47 24 759
25 33 875
33 25 875
27 41 11
41 27 11
28 32 510
32 28 510
29 40 541
40 29 541
29 47 337
47 29 337
29 32 485
32 29 485
35 39 521
39 35 521
36 38 228
38 36 228
41 45 302
45 41 302
43 48 627
48 43 627
44 48 441
48 44 441
