79

0 1 7
1 0 7
0 7 221
7 0 221
0 17 563
17 0 563
0 19 936
19 0 936
0 43 977
43 0 977
0 74 337
74 0 337
0 71 416
71 0 416
0 77 326
77 0 326
0 78 247
78 0 247
1 2 635
2 1 635
1 3 673
3 1 673
1 4 827
4 1 827
1 34 980
34 1 980
1 37 851
37 1 851
1 45 772
45 1 772
1 17 213
17 1 213
2 6 909
6 2 909
2 62 44
62 2 44
2 37 895
37 2 895
2 29 556
29 2 556
3 12 875
12 3 875
3 23 181
23 3 181
3 34 804
34 3 804
3 16 519
16 3 519
3 6 76
6 3 76
3 23 360
23 3 360
4 5 821
5 4 821
4 9 233
9 4 233
4 11 50
11 4 50
4 12 910
12 4 910
4 15 883
15 4 883
4 16 371
16 4 371
4 25 757
25 4 757
4 44 259
44 4 259
4 12 562
12 4 562
4 37 862
37 4 862
4 30 252
30 4 252
4 56 281
56 4 281
4 5 683
5 4 683
4 53 842
53 4 842
4 30 81
30 4 81
5 27 87
27 5 87
5 36 716
36 5 716
5 36 394
36 5 394
5 15 604
15 5 604
5 37 133
37 5 133
5 28 862
28 5 862
5 55 569
55 5 569
5 14 580
14 5 580
6 10 511
10 6 511
6 78 108
78 6 108
6 31 707
31 6 707
7 8 746
8 7 746
7 38 230
38 7 230
7 9 397
9 7 397
7 10 119
10 7 119
7 63 503
63 7 503
7 61 917
61 7 917
7 33 839
33 7 839
7 65 636
65 7 636
8 23 737
23 8 737
8 33 195
33 8 195
8 38 387
38 8 387
8 22 167
22 8 167
8 18 882
18 8 882
8 54 414
54 8 414
8 73 385
73 8 385
8 48 189
48 8 189
8 72 382
72 8 382
9 18 788
18 9 788
9 20 82
20 9 82
9 30 757
30 9 757
9 73 798
73 9 798
9 71 197
71 9 197
9 72 320
72 9 320
9 25 643
25 9 643
10 14 119
14 10 119
10 15 796
15 10 796
10 63 49
63 10 49
10 34 479
34 10 479
10 47 622
47 10 622
10 19 472
19 10 472
10 53 902
53 10 902
10 42 508
42 10 508
11 25 253
25 11 253
11 43 853
43 11 853
11 32 736
32 11 736
11 12 598
12 11 598
11 51 976
51 11 976
12 13 404
13 12 404
12 76 347
76 12 347
12 76 99
76 12 99
12 54 647
54 12 647
12 63 654
63 12 654
13 22 587
22 13 587
13 57 742
57 13 742
13 61 163
61 13 163
13 17 305
17 13 305
13 64 268
64 13 268
13 44 410
44 13 410
13 78 129
78 13 129
14 24 746
24 14 746
14 29 179
29 14 179
14 78 755
78 14 755
14 26 172
26 14 172
14 22 974
22 14 974
15 26 282
26 15 282
15 21 647
21 15 647
15 33 643
33 15 643
15 37 556
37 15 556
16 21 951
21 16 951
16 47 120
47 16 120
16 52 973
52 16 973
16 75 789
75 16 789
16 33 660
33 16 660
16 64 235
64 16 235
16 19 62
19 16 62
16 26 628
26 16 628
16 35 148
35 16 148
16 58 234
58 16 234
17 50 60
50 17 60
17 32 791
32 17 791
17 61 8
61 17 8
17 54 323
54 17 323
18 42 213
42 18 213
18 73 128
73 18 128
18 47 463
47 18 463
18 22 198
22 18 198
18 41 372
41 18 372
19 39 419
39 19 419
19 40 289
40 19 289
19 33 962
33 19 962
20 53 5
53 20 5
20 58 208
58 20 208
20 69 735
69 20 735
21 28 407
28 21 407
21 49 267
49 21 267
21 31 523
31 21 523
21 34 278
34 21 278
21 56 833
56 21 833
22 31 648
31 22 648
22 48 352
48 22 352
22 73 280
73 22 280
22 68 38
68 22 38
22 44 272
44 22 272
22 37 468
37 22 468
22 25 105
25 22 105
23 32 606
32 23 606
23 57 105
57 23 105
23 51 526
51 23 526
23 56 906
56 23 906
24 47 628
47 24 628
25 43 782
43 25 782
25 54 938
54 25 938
26 51 384
51 26 384
26 29 509
29 26 509
26 65 582
65 26 582
27 45 433
45 27 433
27 64 237
64 27 237
27 73 934
73 27 934
28 41 250
41 28 250
28 55 1000
55 28 1000
28 48 441
48 28 441
29 35 243
35 29 243
29 56 58
56 29 58
29 77 451
77 29 451
30 65 914
65 30 914
31 64 23
64 31 23
31 71 369
71 31 369
32 71 986
71 32 986
32 43 69
43 32 69
32 46 751
46 32 751
32 46 286
46 32 286
33 59 359
59 33 359
33 69 259
69 33 259
33 51 62
51 33 62
33 51 363
51 33 363
33 68 407
68 33 407
33 77 601
77 33 601
34 57 8
57 34 8
34 35 497
35 34 497
34 43 11
43 34 11
34 62 915
62 34 915
35 77 225
77 35 225
36 72 490
72 36 490
36 39 804
39 36 804
36 43 241
43 36 241
36 37 566
37 36 566
36 49 152
49 36 152
37 58 556
58 37 556
37 58 614
58 37 614
37 59 603
59 37 603
37 45 322
45 37 322
37 41 991
41 37 991
38 53 99
53 38 99
38 54 937
54 38 937
38 64 718
64 38 718
38 40 436
40 38 436
38 38 929
38 38 929
38 46 219
46 38 219
38 60 462
60 38 462
39 50 178
50 39 178
39 52 888
52 39 888
39 56 148
56 39 148
39 71 243
71 39 243
40 45 858
45 40 858
41 50 969
50 41 969
41 71 818
71 41 818
42 46 657
46 42 657
42 73 87
73 42 87
43 70 595
70 43 595
43 73 343
73 43 343
43 67 766
67 43 766
44 68 683
68 44 683
44 68 837
68 44 837
44 76 97
76 44 97
44 49 338
49 44 338
44 56 421
56 44 421
44 74 472
74 44 472
44 73 574
73 44 574
45 55 75
55 45 75
45 60 890
60 45 890
46 56 431
56 46 431
46 68 73
68 46 73
46 77 768
77 46 768
46 76 888
76 46 888
46 78 580
78 46 580
47 68 500
68 47 500
47 73 174
73 47 174
47 75 84
75 47 84
47 65 366
65 47 366
47 50 408
50 47 408
48 64 971
64 48 971
48 52 732
52 48 732
48 57 815
57 48 815
50 54 374
54 50 374
50 61 655
61 50 655
50 78 303
78 50 303
51 67 165
67 51 165
51 69 75
69 51 75
51 72 622
72 51 622
51 74 494
74 51 494
52 63 8
63 52 8
52 59 46
59 52 46
52 58 745
58 52 745
52 66 147
66 52 147
53 69 544
69 53 544
54 66 183
66 54 183
55 69 421
69 55 421
56 57 394
57 56 394
56 70 155
70 56 155
56 61 548
61 56 548
57 60 165
60 57 165
57 76 645
76 57 645
57 77 257
77 57 257
58 65 1
65 58 1
58 64 695
64 58 695
58 62 228
62 58 228
59 59 117
59 59 117
60 64 257
64 60 257
61 65 980
65 61 980
62 76 727
76 62 727
63 67 775
67 63 775
64 71 567
71 64 567
64 73 261
73 64 261
64 68 121
68 64 121
66 76 766
76 66 766
66 67 139
67 66 139
68 69 162
69 68 162
70 70 49
70 70 49
73 73 759
73 73 759
74 74 994
74 74 994
75 77 660
77 75 660
