95

0 1 907
1 0 907
0 2 231
2 0 231
0 4 175
4 0 175
0 7 241
7 0 241
0 11 874
11 0 874
0 21 744
21 0 744
0 34 204
34 0 204
0 65 448
65 0 448
0 86 383
86 0 383
0 34 991
34 0 991
0 25 386
25 0 386
0 76 974
76 0 974
1 3 731
3 1 731
1 9 399
9 1 399
1 40 333
40 1 333
1 16 30
16 1 30
1 23 960
23 1 960
1 33 811
33 1 811
1 14 704
14 1 704
1 62 698
62 1 698
2 17 890
17 2 890
2 29 206
29 2 206
2 90 699
90 2 699
2 67 965
67 2 965
3 5 783
5 3 783
3 6 634
6 3 634
3 22 530
22 3 530
3 44 701
44 3 701
3 16 119
16 3 119
4 38 909
38 4 909
4 68 479
68 4 479
4 83 683
83 4 683
4 86 690
86 4 690
4 8 604
8 4 604
4 8 602
8 4 602
5 26 657
26 5 657
5 64 703
64 5 703
6 8 894
8 6 894
6 14 806
14 6 806
6 31 924
31 6 924
6 55 455
55 6 455
6 33 480
33 6 480
6 36 708
36 6 708
6 34 934
34 6 934
6 10 934
10 6 934
7 13 352
13 7 352
7 32 198
32 7 198
7 45 874
45 7 874
7 44 564
44 7 564
8 25 672
25 8 672
8 46 983
46 8 983
8 53 819
53 8 819
8 32 23
32 8 23
8 91 655
91 8 655
8 18 859
18 8 859
9 10 305
10 9 305
9 12 22
12 9 22
9 20 416
20 9 416
9 23 560
23 9 560
9 66 294
66 9 294
9 91 963
91 9 963
9 53 848
53 9 848
9 35 203
35 9 203
9 84 724
84 9 724
10 18 36
18 10 36
10 33 725
33 10 725
10 64 998
64 10 998
10 69 718
69 10 718
11 41 186
41 11 186
11 19 249
19 11 249
11 78 982
78 11 982
11 34 722
34 11 722
11 81 565
81 11 565
11 46 773
46 11 773
11 80 335
80 11 335
12 16 352
16 12 352
12 31 835
31 12 835
12 60 661
60 12 661
12 19 613
19 12 613
12 17 496
17 12 496
12 15 395
15 12 395
13 15 378
15 13 378
13 28 202
28 13 202
13 36 69
36 13 69
13 25 72
25 13 72
13 44 204
44 13 204
13 85 579
85 13 579
14 19 237
19 14 237
14 85 561
85 14 561
14 35 284
35 14 284
14 17 703
17 14 703
15 35 733
35 15 733
15 37 558
37 15 558
15 25 363
25 15 363
16 74 895
74 16 895
16 55 100
55 16 100
16 94 488
94 16 488
16 36 35
36 16 35
16 61 406
61 16 406
17 72 419
72 17 419
17 77 807
77 17 807
17 47 112
47 17 112
18 93 672
93 18 672
19 59 919
59 19 919
19 82 142
82 19 142
19 37 27
37 19 27
20 27 109
27 20 109
20 41 75
41 20 75
21 24 537
24 21 537
21 40 984
40 21 984
22 44 461
44 22 461
22 47 5
47 22 5
22 43 873
43 22 873
22 85 484
85 22 484
23 30 605
30 23 605
23 88 658
88 23 658
23 57 887
57 23 887
24 56 105
56 24 105
24 79 931
79 24 931
25 66 120
66 25 120
25 92 843
92 25 843
25 90 987
90 25 987
26 68 41
68 26 41
26 62 28
62 26 28
27 72 60
72 27 60
28 77 361
77 28 361
28 38 838
38 28 838
28 76 626
76 28 626
28 78 916
78 28 916
28 72 113
72 28 113
28 58 494
58 28 494
29 43 680
43 29 680
29 52 366
52 29 366
29 57 391
57 29 391
29 81 513
81 29 513
29 53 764
53 29 764
29 48 842
48 29 842
30 54 28
54 30 28
30 58 375
58 30 375
30 75 927
75 30 927
31 45 987
45 31 987
31 80 575
80 31 575
31 33 627
33 31 627
31 31 91
31 31 91
31 85 326
85 31 326
32 70 367
70 32 367
33 49 939
49 33 939
33 36 37
36 33 37
33 37 100
37 33 100
33 57 509
57 33 509
34 39 584
39 34 584
34 67 129
67 34 129
35 51 972
51 35 972
35 94 481
94 35 481
35 42 245
42 35 245
35 69 188
69 35 188
35 59 966
59 35 966
35 92 739
92 35 739
36 50 246
50 36 246
36 59 251
59 36 251
36 39 309
39 36 309
36 92 311
92 36 311
38 48 308
48 38 308
38 56 892
56 38 892
38 73 801
73 38 801
38 44 867
44 38 867
38 52 865
52 38 865
38 83 907
83 38 907
38 94 718
94 38 718
39 42 907
42 39 907
39 62 234
62 39 234
39 81 692
81 39 692
40 65 543
65 40 543
41 84 950
84 41 950
41 47 143
47 41 143
42 72 220
72 42 220
42 93 495
93 42 495
42 80 149
80 42 149
42 78 665
78 42 665
42 86 851
86 42 851
43 78 110
78 43 110
44 78 495
78 44 495
44 66 419
66 44 419
44 59 755
59 44 755
45 58 470
58 45 470
46 77 827
77 46 827
47 55 221
55 47 221
47 63 19
63 47 19
47 67 983
67 47 983
47 59 610
59 47 610
47 64 470
64 47 470
48 88 34
88 48 34
49 75 511
75 49 511
49 81 822
81 49 822
49 56 798
56 49 798
51 82 874
82 51 874
51 89 746
89 51 746
51 89 81
89 51 81
51 71 572
71 51 572
51 68 637
68 51 637
52 59 776
59 52 776
52 61 259
61 52 259
52 92 594
92 52 594
52 63 543
63 52 543
53 67 819
67 53 819
53 59 860
59 53 860
53 89 514
89 53 514
54 93 136
93 54 136
54 62 907
62 54 907
54 75 869
75 54 869
54 58 522
58 54 522
55 91 66
91 55 66
55 62 374
62 55 374
56 64 557
64 56 557
58 59 228
59 58 228
58 74 53
74 58 53
58 70 163
70 58 163
59 59 825
59 59 825
59 83 578
83 59 578
59 94 453
94 59 453
61 89 242
89 61 242
61 68 757
68 61 757
64 75 891
75 64 891
65 66 630
66 65 630
66 75 171
75 66 171
67 90 181
90 67 181
67 75 582
75 67 582
68 87 575
87 68 575
68 75 842
75 68 842
69 71 806
71 69 806
69 79 326
79 69 326
70 89 625
89 70 625
71 76 221
76 71 221
71 73 43
73 71 43
71 83 682
83 71 682
73 93 991
93 73 991
73 90 452
90 73 452
73 74 565
74 73 565
75 78 671
78 75 671
76 76 810
76 76 810
77 89 81
89 77 81
77 87 268
87 77 268
78 79 685
79 78 685
78 93 680
93 78 680
80 87 624
87 80 624
84 92 402
92 84 402
84 90 544
90 84 544
90 92 77
92 90 77
