86

0 1 754
1 0 754
0 2 467
2 0 467
0 3 905
3 0 905
0 4 982
4 0 982
0 5 348
5 0 348
0 82 58
82 0 58
0 79 372
79 0 372
0 0 152
0 0 152
0 68 503
68 0 503
0 37 200
37 0 200
0 52 246
52 0 246
0 42 179
42 0 179
0 46 900
46 0 900
0 17 675
17 0 675
0 43 949
43 0 949
0 81 255
81 0 255
0 82 180
82 0 180
0 18 248
18 0 248
0 18 559
18 0 559
0 78 497
78 0 497
0 65 145
65 0 145
1 10 503
10 1 503
1 11 570
11 1 570
1 24 133
24 1 133
1 29 605
29 1 605
1 46 590
46 1 590
1 69 966
69 1 966
1 67 45
67 1 45
1 16 555
16 1 555
1 71 283
71 1 283
1 38 170
38 1 170
1 76 801
76 1 801
1 17 762
17 1 762
1 2 645
2 1 645
1 36 142
36 1 142
1 82 660
82 1 660
1 39 590
39 1 590
1 25 215
25 1 215
1 22 191
22 1 191
1 30 908
30 1 908
1 20 4
20 1 4
1 64 600
64 1 600
1 9 165
9 1 165
2 21 595
21 2 595
2 57 423
57 2 423
2 66 130
66 2 130
2 22 872
22 2 872
2 78 653
78 2 653
2 64 588
64 2 588
2 79 653
79 2 653
2 62 766
62 2 766
2 44 394
44 2 394
2 28 532
28 2 532
2 39 515
39 2 515
2 73 358
73 2 358
2 18 630
18 2 630
2 65 583
65 2 583
2 19 462
19 2 462
3 9 118
9 3 118
3 14 571
14 3 571
3 49 233
49 3 233
3 34 361
34 3 361
3 72 178
72 3 178
3 69 775
69 3 775
3 36 15
36 3 15
3 51 253
51 3 253
3 16 11
16 3 11
3 20 390
20 3 390
3 80 231
80 3 231
3 80 69
80 3 69
3 45 335
45 3 335
3 30 949
30 3 949
3 68 728
68 3 728
3 61 894
61 3 894
4 6 301
6 4 301
4 7 747
7 4 747
4 30 888
30 4 888
4 58 415
58 4 415
4 28 30
28 4 30
4 23 303
23 4 303
4 4 546
4 4 546
4 66 449
66 4 449
4 5 978
5 4 978
4 21 7
21 4 7
4 23 517
23 4 517
5 13 601
13 5 601
5 67 188
67 5 188
5 84 527
84 5 527
5 60 416
60 5 416
5 30 800
30 5 800
5 77 533
77 5 533
5 53 213
53 5 213
5 55 119
55 5 119
5 73 773
73 5 773
5 36 67
36 5 67
5 29 83
29 5 83
5 47 956
47 5 956
5 56 165
56 5 165
5 76 795
76 5 795
5 69 449
69 5 449
5 15 704
15 5 704
5 79 714
79 5 714
5 7 184
7 5 184
5 53 663
53 5 663
6 8 568
8 6 568
6 21 991
21 6 991
6 85 769
85 6 769
6 84 462
84 6 462
6 32 526
32 6 526
6 34 231
34 6 231
6 13 131
13 6 131
6 44 292
44 6 292
6 7 8
7 6 8
6 77 904
77 6 904
6 11 971
11 6 971
7 35 778
35 7 778
7 21 87
21 7 87
7 43 874
43 7 874
7 85 602
85 7 602
7 46 901
46 7 901
7 27 989
27 7 989
7 34 157
34 7 157
7 64 612
64 7 612
7 44 869
44 7 869
7 36 596
36 7 596
7 44 189
44 7 189
7 53 774
53 7 774
7 20 199
20 7 199
7 15 914
15 7 914
7 85 110
85 7 110
7 74 1
74 7 1
7 71 892
71 7 892
8 20 930
20 8 930
8 25 183
25 8 183
8 47 186
47 8 186
8 52 127
52 8 127
8 84 239
84 8 239
8 43 668
43 8 668
8 46 908
46 8 908
8 74 874
74 8 874
8 26 817
26 8 817
8 59 999
59 8 999
8 59 754
59 8 754
8 65 464
65 8 464
8 13 807
13 8 807
8 82 687
82 8 687
9 18 185
18 9 185
9 51 553
51 9 553
9 69 585
69 9 585
9 70 204
70 9 204
9 19 982
19 9 982
9 22 101
22 9 101
9 69 31
69 9 31
9 68 669
68 9 669
9 24 259
24 9 259
9 44 977
44 9 977
9 40 527
40 9 527
9 61 756
61 9 756
9 85 198
85 9 198
9 82 569
82 9 569
10 12 253
12 10 253
10 13 838
13 10 838
10 31 92
31 10 92
10 78 127
78 10 127
10 52 376
52 10 376
10 66 124
66 10 124
10 11 47
11 10 47
10 66 52
66 10 52
10 78 713
78 10 713
10 17 401
17 10 401
10 14 774
14 10 774
10 58 765
58 10 765
10 75 599
75 10 599
10 36 954
36 10 954
10 59 921
59 10 921
10 19 346
19 10 346
10 22 965
22 10 965
10 33 948
33 10 948
10 21 477
21 10 477
10 68 430
68 10 430
11 51 22
51 11 22
11 69 794
69 11 794
11 48 988
48 11 988
11 20 544
20 11 544
11 17 879
17 11 879
11 55 20
55 11 20
11 65 145
65 11 145
11 76 566
76 11 566
11 31 63
31 11 63
11 14 276
14 11 276
11 59 462
59 11 462
11 72 264
72 11 264
12 16 271
16 12 271
12 17 769
17 12 769
12 54 837
54 12 837
12 70 497
70 12 497
12 15 504
15 12 504
12 39 801
39 12 801
12 13 517
13 12 517
12 63 970
63 12 970
12 76 475
76 12 475
12 30 732
30 12 732
12 13 666
13 12 666
12 76 972
76 12 972
12 62 658
62 12 658
12 18 645
18 12 645
13 15 891
15 13 891
13 19 934
19 13 934
13 36 863
36 13 863
13 39 473
39 13 473
13 44 216
44 13 216
13 67 538
67 13 538
13 35 841
35 13 841
13 68 524
68 13 524
13 46 377
46 13 377
13 40 385
40 13 385
13 24 800
24 13 800
13 48 334
48 13 334
13 20 866
20 13 866
14 43 32
43 14 32
14 55 609
55 14 609
14 41 958
41 14 958
14 35 815
35 14 815
14 50 675
50 14 675
14 78 914
78 14 914
14 25 894
25 14 894
14 66 210
66 14 210
14 29 520
29 14 520
14 34 933
34 14 933
14 54 14
54 14 14
14 37 759
37 14 759
15 22 28
22 15 28
15 38 684
38 15 684
15 37 1
37 15 1
15 77 323
77 15 323
15 83 1
83 15 1
15 34 461
34 15 461
15 85 143
85 15 143
15 65 774
65 15 774
15 27 220
27 15 220
15 85 818
85 15 818
15 53 985
53 15 985
15 36 972
36 15 972
15 20 544
20 15 544
15 48 638
48 15 638
15 42 914
42 15 914
15 76 692
76 15 692
15 80 6
80 15 6
15 66 464
66 15 464
15 68 161
68 15 161
15 84 91
84 15 91
16 26 605
26 16 605
16 56 688
56 16 688
16 65 137
65 16 137
16 19 381
19 16 381
16 53 936
53 16 936
16 18 8
18 16 8
16 28 310
28 16 310
16 56 591
56 16 591
16 40 575
40 16 575
16 45 66
45 16 66
16 53 208
53 16 208
16 54 572
54 16 572
16 34 55
34 16 55
16 40 173
40 16 173
16 50 719
50 16 719
16 41 953
41 16 953
17 27 578
27 17 578
17 40 38
40 17 38
17 40 889
40 17 889
17 71 418
71 17 418
17 50 451
50 17 451
17 56 240
56 17 240
17 85 868
85 17 868
17 57 589
57 17 589
17 59 939
59 17 939
17 36 246
36 17 246
17 56 904
56 17 904
17 69 658
69 17 658
17 45 944
45 17 944
17 68 309
68 17 309
18 33 974
33 18 974
18 59 623
59 18 623
18 54 132
54 18 132
18 75 530
75 18 530
18 70 480
70 18 480
18 42 664
42 18 664
18 40 627
40 18 627
18 39 311
39 18 311
18 50 960
50 18 960
18 32 103
32 18 103
18 61 171
61 18 171
18 59 777
59 18 777
18 67 152
67 18 152
18 85 666
85 18 666
18 25 311
25 18 311
18 61 950
61 18 950
19 81 182
81 19 182
19 60 183
60 19 183
19 77 701
77 19 701
19 42 976
42 19 976
19 44 719
44 19 719
19 63 619
63 19 619
19 47 522
47 19 522
19 29 576
29 19 576
19 84 572
84 19 572
20 28 342
28 20 342
20 48 854
48 20 854
20 76 264
76 20 264
20 38 213
38 20 213
20 23 801
23 20 801
20 65 82
65 20 82
20 50 556
50 20 556
20 51 597
51 20 597
20 30 563
30 20 563
20 56 667
56 20 667
20 71 222
71 20 222
20 28 115
28 20 115
20 54 68
54 20 68
20 57 396
57 20 396
20 27 238
27 20 238
20 55 765
55 20 765
20 34 553
34 20 553
21 34 667
34 21 667
21 50 462
50 21 462
21 60 270
60 21 270
21 68 199
68 21 199
21 70 188
70 21 188
21 67 676
67 21 676
21 34 475
34 21 475
21 42 397
42 21 397
21 72 806
72 21 806
21 43 377
43 21 377
21 59 35
59 21 35
21 70 924
70 21 924
21 28 953
28 21 953
21 77 713
77 21 713
21 23 633
23 21 633
22 23 64
23 22 64
22 32 56
32 22 56
22 37 430
37 22 430
22 36 398
36 22 398
22 63 329
63 22 329
22 44 929
44 22 929
22 46 445
46 22 445
22 47 975
47 22 975
22 79 13
79 22 13
22 52 144
52 22 144
23 66 617
66 23 617
23 68 523
68 23 523
23 68 588
68 23 588
23 67 554
67 23 554
23 29 978
29 23 978
23 45 149
45 23 149
23 47 498
47 23 498
23 84 980
84 23 980
23 23 321
23 23 321
23 69 874
69 23 874
24 51 176
51 24 176
24 39 256
39 24 256
24 35 969
35 24 969
24 70 964
70 24 964
24 51 467
51 24 467
24 57 765
57 24 765
24 83 945
83 24 945
24 25 650
25 24 650
25 43 174
43 25 174
25 41 58
41 25 58
25 70 628
70 25 628
25 80 179
80 25 179
25 56 401
56 25 401
25 61 102
61 25 102
25 79 952
79 25 952
25 71 836
71 25 836
25 59 518
59 25 518
25 72 388
72 25 388
25 63 418
63 25 418
25 65 876
65 25 876
25 25 312
25 25 312
25 42 182
42 25 182
25 68 784
68 25 784
26 71 780
71 26 780
26 64 7
64 26 7
26 58 23
58 26 23
26 59 686
59 26 686
26 40 962
40 26 962
26 83 153
83 26 153
26 46 708
46 26 708
26 84 347
84 26 347
26 75 643
75 26 643
26 32 535
32 26 535
27 27 47
27 27 47
27 30 156
30 27 156
27 38 226
38 27 226
27 50 87
50 27 87
27 63 458
63 27 458
27 66 988
66 27 988
27 83 677
83 27 677
27 58 570
58 27 570
27 56 899
56 27 899
27 69 654
69 27 654
27 72 492
72 27 492
27 49 903
49 27 903
28 58 276
58 28 276
28 71 629
71 28 629
28 36 84
36 28 84
28 84 600
84 28 600
28 57 720
57 28 720
28 71 276
71 28 276
28 75 562
75 28 562
29 72 144
72 29 144
29 64 653
64 29 653
29 43 423
43 29 423
29 42 696
42 29 696
29 79 576
79 29 576
29 47 566
47 29 566
30 54 782
54 30 782
30 62 249
62 30 249
30 35 672
35 30 672
30 43 536
43 30 536
30 37 105
37 30 105
30 80 324
80 30 324
31 42 543
42 31 543
31 45 582
45 31 582
31 53 107
53 31 107
31 62 740
62 31 740
31 64 758
64 31 758
31 57 8
57 31 8
31 58 988
58 31 988
31 81 185
81 31 185
31 82 647
82 31 647
31 31 613
31 31 613
31 84 527
84 31 527
31 76 993
76 31 993
31 47 31
47 31 31
32 74 619
74 32 619
32 32 84
32 32 84
32 65 467
65 32 467
32 52 422
52 32 422
32 83 953
83 32 953
32 57 52
57 32 52
33 64 35
64 33 35
33 43 140
43 33 140
33 47 120
47 33 120
33 43 504
43 33 504
33 54 348
54 33 348
34 49 91
49 34 91
34 75 640
75 34 640
34 43 180
43 34 180
34 47 541
47 34 541
34 75 515
75 34 515
34 52 33
52 34 33
34 77 827
77 34 827
34 66 238
66 34 238
34 44 523
44 34 523
34 57 833
57 34 833
35 77 584
77 35 584
35 54 911
54 35 911
35 50 816
50 35 816
35 62 977
62 35 977
35 42 350
42 35 350
35 44 332
44 35 332
35 55 799
55 35 799
35 63 416
63 35 416
35 70 810
70 35 810
35 42 108
42 35 108
35 56 704
56 35 704
35 40 667
40 35 667
35 60 395
60 35 395
36 83 266
83 36 266
36 85 202
85 36 202
36 74 533
74 36 533
36 65 649
65 36 649
36 53 874
53 36 874
36 45 774
45 36 774
36 43 491
43 36 491
36 65 81
65 36 81
36 44 681
44 36 681
37 43 431
43 37 431
37 44 97
44 37 97
37 79 934
79 37 934
37 84 169
84 37 169
37 38 296
38 37 296
37 50 381
50 37 381
37 50 991
50 37 991
38 74 491
74 38 491
38 43 987
43 38 987
38 71 410
71 38 410
38 77 328
77 38 328
39 41 394
41 39 394
39 68 528
68 39 528
39 76 183
76 39 183
39 80 921
80 39 921
39 69 598
69 39 598
39 68 268
68 39 268
39 74 69
74 39 69
39 52 102
52 39 102
39 55 258
55 39 258
40 79 436
79 40 436
40 62 692
62 40 692
40 61 496
61 40 496
40 73 957
73 40 957
40 70 251
70 40 251
40 68 37
68 40 37
40 42 560
42 40 560
40 57 832
57 40 832
40 60 978
60 40 978
41 61 883
61 41 883
41 62 920
62 41 920
41 73 719
73 41 719
41 56 762
56 41 762
41 68 728
68 41 728
41 84 995
84 41 995
41 66 447
66 41 447
41 55 283
55 41 283
41 81 987
81 41 987
41 41 746
41 41 746
41 82 677
82 41 677
41 55 602
55 41 602
42 83 717
83 42 717
42 60 123
60 42 123
42 85 102
85 42 102
42 51 566
51 42 566
42 83 485
83 42 485
42 72 488
72 42 488
43 51 581
51 43 581
43 63 28
63 43 28
43 78 563
78 43 563
43 85 970
85 43 970
44 72 680
72 44 680
44 64 710
64 44 710
44 45 734
45 44 734
44 52 569
52 44 569
45 63 947
63 45 947
45 51 138
51 45 138
45 74 822
74 45 822
45 62 843
62 45 843
45 76 2
76 45 2
45 63 578
63 45 578
45 77 11
77 45 11
45 67 73
67 45 73
45 79 261
79 45 261
45 60 697
60 45 697
46 57 847
57 46 847
46 49 306
49 46 306
46 68 557
68 46 557
46 84 773
84 46 773
46 68 237
68 46 237
46 64 851
64 46 851
46 68 362
68 46 362
47 48 515
48 47 515
47 80 356
80 47 356
47 65 692
65 47 692
47 64 392
64 47 392
47 68 836
68 47 836
47 49 695
49 47 695
48 52 3
52 48 3
48 65 354
65 48 354
48 78 288
78 48 288
48 82 581
82 48 581
48 49 927
49 48 927
48 75 81
75 48 81
49 73 629
73 49 629
49 59 131
59 49 131
49 72 579
72 49 579
49 51 459
51 49 459
49 80 687
80 49 687
50 75 898
75 50 898
50 80 141
80 50 141
50 84 471
84 50 471
50 64 403
64 50 403
50 56 42
56 50 42
50 75 828
75 50 828
50 73 533
73 50 533
50 80 430
80 50 430
51 51 178
51 51 178
51 61 683
61 51 683
51 78 879
78 51 879
51 80 872
80 51 872
51 73 82
73 51 82
51 60 985
60 51 985
52 73 361
73 52 361
52 57 210
57 52 210
52 69 189
69 52 189
52 79 466
79 52 466
53 67 207
67 53 207
53 65 534
65 53 534
53 84 685
84 53 685
53 73 747
73 53 747
53 60 222
60 53 222
53 78 355
78 53 355
53 82 658
82 53 658
54 60 732
60 54 732
54 59 543
59 54 543
54 54 136
54 54 136
54 71 591
71 54 591
54 64 782
64 54 782
55 63 420
63 55 420
55 71 566
71 55 566
55 73 861
73 55 861
56 84 977
84 56 977
56 73 230
73 56 230
56 64 839
64 56 839
56 75 752
75 56 752
56 75 632
75 56 632
56 66 470
66 56 470
57 83 277
83 57 277
57 75 276
75 57 276
57 81 775
81 57 775
57 85 561
85 57 561
57 67 168
67 57 168
58 82 684
82 58 684
58 75 657
75 58 657
58 84 47
84 58 47
58 81 275
81 58 275
58 84 141
84 58 141
59 81 209
81 59 209
59 64 674
64 59 674
59 61 255
61 59 255
59 73 379
73 59 379
60 74 795
74 60 795
60 83 917
83 60 917
60 65 153
65 60 153
60 81 895
81 60 895
60 80 622
80 60 622
61 82 142
82 61 142
61 81 951
81 61 951
61 75 611
75 61 611
62 76 617
76 62 617
62 75 997
75 62 997
62 83 864
83 62 864
62 68 870
68 62 870
63 70 389
70 63 389
63 82 522
82 63 522
63 78 955
78 63 955
64 79 592
79 64 592
64 85 416
85 64 416
64 81 41
81 64 41
65 70 357
70 65 357
65 68 281
68 65 281
65 79 568
79 65 568
66 69 115
69 66 115
66 76 739
76 66 739
66 80 155
80 66 155
67 85 568
85 67 568
68 81 217
81 68 217
68 71 960
71 68 960
69 83 430
83 69 430
69 70 595
70 69 595
69 79 868
79 69 868
69 85 96
85 69 96
69 82 383
82 69 383
69 69 815
69 69 815
70 73 340
73 70 340
70 83 431
83 70 431
70 83 730
83 70 730
70 76 762
76 70 762
70 85 39
85 70 39
71 80 23
80 71 23
74 74 507
74 74 507
74 80 772
80 74 772
78 78 282
78 78 282
78 81 632
81 78 632
80 84 624
84 80 624
81 83 428
83 81 428
81 84 714
84 81 714
82 83 852
83 82 852
