28

0 1 664
1 0 664
0 2 157
2 0 157
0 3 196
3 0 196
0 16 312
16 0 312
0 12 608
12 0 608
2 8 692
8 2 692
2 10 604
10 2 604
3 4 240
4 3 240
3 5 1000
5 3 1000
3 11 483
11 3 483
3 24 814
24 3 814
3 16 102
16 3 102
4 7 833
7 4 833
5 6 52
6 5 52
5 13 560
13 5 560
5 19 429
19 5 429
5 13 829
13 5 829
6 26 287
26 6 287
7 9 555
9 7 555
8 15 192
15 8 192
10 14 266
14 10 266
11 12 606
12 11 606
12 27 861
27 12 861
12 20 347
20 12 347
12 19 828
19 12 828
12 16 802
16 12 802
14 21 434
21 14 434
14 25 96
25 14 96
14 25 143
25 14 143
15 25 260
25 15 260
16 17 358
17 16 358
16 20 282
20 16 282
16 21 345
21 16 345
17 18 662
18 17 662
17 23 257
23 17 257
17 26 297
26 17 297
17 26 93
26 17 93
18 26 957
26 18 957
19 26 198
26 19 198
21 22 223
22 21 223
22 22 254
22 22 254
