64

0 1 397
1 0 397
0 3 27
3 0 27
0 21 601
21 0 601
0 49 542
49 0 542
0 16 296
16 0 296
0 21 274
21 0 274
0 45 326
45 0 326
0 6 272
6 0 272
0 30 862
30 0 862
1 2 648
2 1 648
1 5 784
5 1 784
1 6 793
6 1 793
1 18 661
18 1 661
1 11 241
11 1 241
1 21 444
21 1 444
1 4 689
4 1 689
1 58 847
58 1 847
1 35 649
35 1 649
1 57 692
57 1 692
1 49 620
49 1 620
1 36 336
36 1 336
2 7 463
7 2 463
2 16 869
16 2 869
2 56 162
56 2 162
2 51 776
51 2 776
2 35 985
35 2 985
2 22 205
22 2 205
2 39 521
39 2 521
2 60 984
60 2 984
3 4 179
4 3 179
3 14 106
14 3 106
3 59 869
59 3 869
3 54 962
54 3 962
3 28 478
28 3 478
4 18 432
18 4 432
4 29 638
29 4 638
4 31 433
31 4 433
4 12 547
12 4 547
4 31 568
31 4 568
4 49 647
49 4 647
4 50 589
50 4 589
4 58 724
58 4 724
5 9 205
9 5 205
5 10 28
10 5 28
5 22 254
22 5 254
5 46 84
46 5 84
5 56 160
56 5 160
5 13 305
13 5 305
5 43 626
43 5 626
5 54 977
54 5 977
6 8 122
8 6 122
6 39 914
39 6 914
6 52 417
52 6 417
6 47 290
47 6 290
6 38 510
38 6 510
7 30 209
30 7 209
8 13 805
13 8 805
8 20 996
20 8 996
8 61 311
61 8 311
8 14 178
14 8 178
8 33 240
33 8 240
8 34 816
34 8 816
8 20 623
20 8 623
9 27 383
27 9 383
9 59 322
59 9 322
9 19 199
19 9 199
9 36 442
36 9 442
10 11 727
11 10 727
10 15 478
15 10 478
10 55 383
55 10 383
10 15 786
15 10 786
10 36 636
36 10 636
10 29 325
29 10 325
11 12 307
12 11 307
11 54 902
54 11 902
11 59 916
59 11 916
12 63 488
63 12 488
12 58 74
58 12 74
12 46 58
46 12 58
12 62 178
62 12 178
13 19 41
19 13 41
13 53 528
53 13 528
13 60 34
60 13 34
13 46 761
46 13 761
13 18 540
18 13 540
14 25 394
25 14 394
14 26 924
26 14 924
14 35 646
35 14 646
14 15 33
15 14 33
14 19 259
19 14 259
14 32 549
32 14 549
14 59 138
59 14 138
14 60 900
60 14 900
14 27 187
27 14 187
14 21 198
21 14 198
14 41 838
41 14 838
15 17 838
17 15 838
15 50 746
50 15 746
15 19 982
19 15 982
15 25 773
25 15 773
15 25 54
25 15 54
15 51 509
51 15 509
15 28 238
28 15 238
16 23 136
23 16 136
16 30 838
30 16 838
16 54 197
54 16 197
16 46 402
46 16 402
16 48 950
48 16 950
16 37 367
37 16 367
17 28 77
28 17 77
17 21 973
21 17 973
17 32 559
32 17 559
17 38 656
38 17 656
18 43 579
43 18 579
18 25 464
25 18 464
18 32 972
32 18 972
19 24 63
24 19 63
19 37 583
37 19 583
19 42 162
42 19 162
19 57 137
57 19 137
20 32 540
32 20 540
20 43 7
43 20 7
20 50 46
50 20 46
20 20 787
20 20 787
20 40 798
40 20 798
21 57 258
57 21 258
21 62 28
62 21 28
22 33 578
33 22 578
22 60 249
60 22 249
22 39 424
39 22 424
23 38 454
38 23 454
23 60 226
60 23 226
23 41 57
41 23 57
23 53 127
53 23 127
24 38 808
38 24 808
25 28 719
28 25 719
25 48 233
48 25 233
25 63 213
63 25 213
25 54 649
54 25 649
25 61 263
61 25 263
25 30 438
30 25 438
26 27 232
27 26 232
26 52 740
52 26 740
26 31 268
31 26 268
27 52 60
52 27 60
27 32 9
32 27 9
27 35 29
35 27 29
27 48 75
48 27 75
27 32 628
32 27 628
27 46 79
46 27 79
27 28 500
28 27 500
27 29 635
29 27 635
28 47 316
47 28 316
28 56 885
56 28 885
28 37 102
37 28 102
28 56 800
56 28 800
29 45 358
45 29 358
29 45 26
45 29 26
30 34 52
34 30 52
30 36 102
36 30 102
30 40 711
40 30 711
31 39 851
39 31 851
32 51 863
51 32 863
32 41 211
41 32 211
32 37 103
37 32 103
32 37 935
37 32 935
32 40 140
40 32 140
32 37 99
37 32 99
33 51 869
51 33 869
33 59 401
59 33 401
33 52 737
52 33 737
34 43 105
43 34 105
34 47 740
47 34 740
34 54 957
54 34 957
34 59 340
59 34 340
35 41 985
41 35 985
35 62 355
62 35 355
35 63 860
63 35 860
35 47 550
47 35 550
35 60 247
60 35 247
36 63 501
63 36 501
36 46 30
46 36 30
36 53 329
53 36 329
37 38 327
38 37 327
37 56 529
56 37 529
38 50 208
50 38 208
39 47 781
47 39 781
40 43 89
43 40 89
40 46 227
46 40 227
40 55 444
55 40 444
41 53 600
53 41 600
41 46 672
46 41 672
42 44 832
44 42 832
42 47 222
47 42 222
42 50 866
50 42 866
43 63 283
63 43 283
43 59 878
59 43 878
44 63 402
63 44 402
47 58 213
58 47 213
47 55 965
55 47 965
48 57 943
57 48 943
49 54 736
54 49 736
50 58 303
58 50 303
50 57 738
57 50 738
51 57 624
57 51 624
51 62 920
62 51 920
51 55 612
55 51 612
53 61 595
61 53 595
54 56 930
56 54 930
55 62 666
62 55 666
