87

0 1 9
1 0 9
0 3 17
3 0 17
0 4 682
4 0 682
0 11 260
11 0 260
0 48 858
48 0 858
0 53 951
53 0 951
0 16 457
16 0 457
0 59 330
59 0 330
0 5 106
5 0 106
0 65 762
65 0 762
0 66 741
66 0 741
0 20 378
20 0 378
0 44 175
44 0 175
0 45 590
45 0 590
0 81 695
81 0 695
0 46 211
46 0 211
0 61 139
61 0 139
0 60 391
60 0 391
0 53 167
53 0 167
1 2 794
2 1 794
1 13 22
13 1 22
1 19 282
19 1 282
1 35 841
35 1 841
1 25 711
25 1 711
1 57 342
57 1 342
1 73 215
73 1 215
1 49 458
49 1 458
1 70 269
70 1 269
1 61 797
61 1 797
1 42 786
42 1 786
1 62 414
62 1 414
1 76 507
76 1 507
1 5 287
5 1 287
1 46 7
46 1 7
1 8 933
8 1 933
1 65 871
65 1 871
1 31 759
31 1 759
1 52 587
52 1 587
1 49 949
49 1 949
2 7 239
7 2 239
2 23 396
23 2 396
2 69 914
69 2 914
2 41 860
41 2 860
2 13 474
13 2 474
2 32 475
32 2 475
2 73 200
73 2 200
2 35 307
35 2 307
2 42 651
42 2 651
2 50 45
50 2 45
2 79 241
79 2 241
2 59 698
59 2 698
2 66 188
66 2 188
2 57 201
57 2 201
2 76 169
76 2 169
2 37 908
37 2 908
2 18 65
18 2 65
2 2 745
2 2 745
2 10 44
10 2 44
2 59 700
59 2 700
2 11 848
11 2 848
3 6 691
6 3 691
3 31 110
31 3 110
3 58 490
58 3 490
3 46 18
46 3 18
3 25 270
25 3 270
3 42 582
42 3 582
3 58 359
58 3 359
3 86 232
86 3 232
3 41 896
41 3 896
3 27 943
27 3 943
3 6 318
6 3 318
3 31 437
31 3 437
3 31 183
31 3 183
3 44 611
44 3 611
3 84 379
84 3 379
3 76 263
76 3 263
3 39 960
39 3 960
4 5 23
5 4 23
4 16 300
16 4 300
4 24 285
24 4 285
4 25 764
25 4 764
4 59 195
59 4 195
4 71 686
71 4 686
4 14 905
14 4 905
4 51 89
51 4 89
4 42 883
42 4 883
4 38 904
38 4 904
4 74 502
74 4 502
4 13 445
13 4 445
4 81 708
81 4 708
4 42 240
42 4 240
4 32 723
32 4 723
4 49 247
49 4 247
4 26 309
26 4 309
4 35 724
35 4 724
4 5 313
5 4 313
4 65 903
65 4 903
4 7 965
7 4 965
4 52 942
52 4 942
5 21 44
21 5 44
5 29 932
29 5 932
5 42 623
42 5 623
5 67 608
67 5 608
5 34 704
34 5 704
5 84 708
84 5 708
5 68 446
68 5 446
5 53 862
53 5 862
5 26 673
26 5 673
5 80 555
80 5 555
5 33 745
33 5 745
5 33 667
33 5 667
5 67 396
67 5 396
5 62 946
62 5 946
5 48 527
48 5 527
5 35 468
35 5 468
5 25 387
25 5 387
5 78 235
78 5 235
5 70 141
70 5 141
5 21 342
21 5 342
5 56 98
56 5 98
5 21 897
21 5 897
5 70 916
70 5 916
6 9 421
9 6 421
6 36 255
36 6 255
6 44 124
44 6 124
6 49 419
49 6 419
6 70 590
70 6 590
6 65 91
65 6 91
6 85 598
85 6 598
6 12 312
12 6 312
6 29 859
29 6 859
6 51 701
51 6 701
6 82 991
82 6 991
6 41 406
41 6 406
6 75 958
75 6 958
6 12 684
12 6 684
6 41 533
41 6 533
6 78 229
78 6 229
6 67 713
67 6 713
7 8 82
8 7 82
7 10 957
10 7 957
7 52 371
52 7 371
7 81 669
81 7 669
7 67 487
67 7 487
7 72 837
72 7 837
7 10 378
10 7 378
7 48 849
48 7 849
7 69 877
69 7 877
7 54 310
54 7 310
7 16 896
16 7 896
7 79 458
79 7 458
7 31 743
31 7 743
8 15 812
15 8 812
8 79 56
79 8 56
8 60 398
60 8 398
8 77 557
77 8 557
8 56 587
56 8 587
8 61 657
61 8 657
8 77 733
77 8 733
9 12 186
12 9 186
9 55 910
55 9 910
9 81 808
81 9 808
9 35 273
35 9 273
9 27 560
27 9 560
9 25 550
25 9 550
9 65 876
65 9 876
9 48 965
48 9 965
9 72 188
72 9 188
9 12 598
12 9 598
9 46 396
46 9 396
9 15 65
15 9 65
9 15 617
15 9 617
9 12 306
12 9 306
9 64 145
64 9 145
9 44 448
44 9 448
10 17 304
17 10 304
10 36 752
36 10 752
10 74 25
74 10 25
10 10 217
10 10 217
10 74 652
74 10 652
10 74 324
74 10 324
10 65 424
65 10 424
10 66 916
66 10 916
10 66 279
66 10 279
10 59 708
59 10 708
10 22 294
22 10 294
10 28 141
28 10 141
10 32 509
32 10 509
10 48 858
48 10 858
10 41 968
41 10 968
11 14 659
14 11 659
11 20 84
20 11 84
11 19 286
19 11 286
11 47 768
47 11 768
11 34 15
34 11 15
11 82 392
82 11 392
11 54 111
54 11 111
11 40 475
40 11 475
11 19 991
19 11 991
11 42 321
42 11 321
11 14 187
14 11 187
11 37 86
37 11 86
11 54 520
54 11 520
11 32 115
32 11 115
11 63 577
63 11 577
11 62 619
62 11 619
12 30 951
30 12 951
12 58 874
58 12 874
12 68 359
68 12 359
12 39 430
39 12 430
12 29 507
29 12 507
12 85 632
85 12 632
12 47 408
47 12 408
12 30 247
30 12 247
12 25 769
25 12 769
12 43 460
43 12 460
12 45 944
45 12 944
13 38 813
38 13 813
13 54 893
54 13 893
13 55 385
55 13 385
13 24 881
24 13 881
13 56 592
56 13 592
13 42 916
42 13 916
13 67 230
67 13 230
13 59 715
59 13 715
13 49 304
49 13 304
13 53 60
53 13 60
13 17 46
17 13 46
13 56 570
56 13 570
13 33 187
33 13 187
13 84 874
84 13 874
13 45 335
45 13 335
14 37 764
37 14 764
14 82 76
82 14 76
14 53 881
53 14 881
14 56 413
56 14 413
14 40 486
40 14 486
14 45 143
45 14 143
14 17 676
17 14 676
14 30 21
30 14 21
14 49 376
49 14 376
15 18 379
18 15 379
15 28 127
28 15 127
15 44 635
44 15 635
15 80 908
80 15 908
15 69 931
69 15 931
15 58 515
58 15 515
15 37 843
37 15 843
15 38 925
38 15 925
15 59 844
59 15 844
15 80 718
80 15 718
15 82 881
82 15 881
15 59 822
59 15 822
15 22 539
22 15 539
15 75 268
75 15 268
16 76 878
76 16 878
16 60 520
60 16 520
16 31 164
31 16 164
16 72 617
72 16 617
16 19 637
19 16 637
16 86 736
86 16 736
16 33 898
33 16 898
16 36 661
36 16 661
16 49 907
49 16 907
16 53 566
53 16 566
16 30 205
30 16 205
17 22 653
22 17 653
17 74 608
74 17 608
17 63 237
63 17 237
17 43 235
43 17 235
17 57 406
57 17 406
17 69 944
69 17 944
17 64 827
64 17 827
17 77 880
77 17 880
17 56 191
56 17 191
17 61 55
61 17 55
17 64 17
64 17 17
17 32 674
32 17 674
17 86 999
86 17 999
17 40 558
40 17 558
17 25 468
25 17 468
18 27 784
27 18 784
18 56 458
56 18 458
18 18 209
18 18 209
18 38 569
38 18 569
18 58 11
58 18 11
18 33 236
33 18 236
18 52 124
52 18 124
18 31 625
31 18 625
18 67 3
67 18 3
18 80 317
80 18 317
18 47 654
47 18 654
18 61 408
61 18 408
18 31 315
31 18 315
18 22 744
22 18 744
18 68 782
68 18 782
18 58 85
58 18 85
18 55 44
55 18 44
18 29 316
29 18 316
18 39 494
39 18 494
18 32 351
32 18 351
19 26 65
26 19 65
19 30 508
30 19 508
19 51 380
51 19 380
19 64 332
64 19 332
19 25 393
25 19 393
19 84 464
84 19 464
19 19 748
19 19 748
19 42 174
42 19 174
19 28 831
28 19 831
19 50 969
50 19 969
19 33 891
33 19 891
20 33 483
33 20 483
20 63 373
63 20 373
20 38 988
38 20 988
20 44 67
44 20 67
20 77 765
77 20 765
20 30 901
30 20 901
20 28 572
28 20 572
20 56 408
56 20 408
20 59 911
59 20 911
20 44 607
44 20 607
20 53 349
53 20 349
20 30 904
30 20 904
20 23 84
23 20 84
20 66 332
66 20 332
20 25 912
25 20 912
20 62 393
62 20 393
20 79 218
79 20 218
20 76 570
76 20 570
20 32 33
32 20 33
20 57 407
57 20 407
20 52 598
52 20 598
20 71 484
71 20 484
21 45 485
45 21 485
21 29 669
29 21 669
21 63 988
63 21 988
21 57 715
57 21 715
21 38 476
38 21 476
21 55 753
55 21 753
22 74 621
74 22 621
22 84 799
84 22 799
22 36 682
36 22 682
22 46 915
46 22 915
22 53 912
53 22 912
22 48 343
48 22 343
22 68 728
68 22 728
22 85 417
85 22 417
22 31 130
31 22 130
22 82 863
82 22 863
22 34 63
34 22 63
22 82 458
82 22 458
22 75 197
75 22 197
23 63 558
63 23 558
23 30 888
30 23 888
23 25 513
25 23 513
23 40 545
40 23 545
23 86 651
86 23 651
23 41 197
41 23 197
23 24 363
24 23 363
23 36 379
36 23 379
23 47 991
47 23 991
23 43 476
43 23 476
23 86 517
86 23 517
23 33 544
33 23 544
23 27 684
27 23 684
23 28 304
28 23 304
23 75 256
75 23 256
24 26 141
26 24 141
24 60 959
60 24 959
24 52 902
52 24 902
24 53 940
53 24 940
24 55 728
55 24 728
24 73 674
73 24 674
24 53 332
53 24 332
24 47 667
47 24 667
25 75 849
75 25 849
25 51 310
51 25 310
25 29 261
29 25 261
25 85 781
85 25 781
25 52 813
52 25 813
25 69 167
69 25 167
25 27 572
27 25 572
25 40 487
40 25 487
26 49 949
49 26 949
26 73 983
73 26 983
26 70 135
70 26 135
26 80 846
80 26 846
26 80 561
80 26 561
26 80 138
80 26 138
26 60 268
60 26 268
26 74 352
74 26 352
26 69 83
69 26 83
26 58 371
58 26 371
26 85 188
85 26 188
26 29 447
29 26 447
26 48 686
48 26 686
26 40 536
40 26 536
26 64 466
64 26 466
26 72 965
72 26 965
26 35 119
35 26 119
27 40 727
40 27 727
27 64 39
64 27 39
27 44 14
44 27 14
27 65 209
65 27 209
27 30 577
30 27 577
27 63 804
63 27 804
27 84 546
84 27 546
27 61 139
61 27 139
28 68 136
68 28 136
28 77 957
77 28 957
28 64 491
64 28 491
28 52 930
52 28 930
28 36 5
36 28 5
28 38 337
38 28 337
28 40 808
40 28 808
28 79 473
79 28 473
28 47 4
47 28 4
28 67 158
67 28 158
28 56 578
56 28 578
29 66 141
66 29 141
29 83 781
83 29 781
29 85 197
85 29 197
29 30 568
30 29 568
29 33 424
33 29 424
29 82 204
82 29 204
29 77 874
77 29 874
29 61 989
61 29 989
29 32 85
32 29 85
29 65 429
65 29 429
29 62 312
62 29 312
30 32 218
32 30 218
30 39 178
39 30 178
30 41 396
41 30 396
30 50 600
50 30 600
30 80 174
80 30 174
30 85 671
85 30 671
30 50 410
50 30 410
30 53 189
53 30 189
30 39 759
39 30 759
30 84 522
84 30 522
30 53 514
53 30 514
30 85 911
85 30 911
30 72 457
72 30 457
31 34 790
34 31 790
31 43 480
43 31 480
31 38 690
38 31 690
31 37 572
37 31 572
31 75 910
75 31 910
31 61 614
61 31 614
31 62 446
62 31 446
31 50 939
50 31 939
31 69 416
69 31 416
31 46 319
46 31 319
31 38 823
38 31 823
31 77 476
77 31 476
32 60 214
60 32 214
32 62 466
62 32 466
32 65 427
65 32 427
32 41 328
41 32 328
32 53 518
53 32 518
32 60 546
60 32 546
32 51 732
51 32 732
32 39 644
39 32 644
32 37 480
37 32 480
32 60 188
60 32 188
32 47 846
47 32 846
32 71 13
71 32 13
33 83 105
83 33 105
33 38 99
38 33 99
33 47 803
47 33 803
33 72 302
72 33 302
33 38 962
38 33 962
33 35 55
35 33 55
33 78 535
78 33 535
33 75 616
75 33 616
33 49 755
49 33 755
33 63 471
63 33 471
34 80 955
80 34 955
34 63 734
63 34 734
34 79 972
79 34 972
34 82 185
82 34 185
34 61 477
61 34 477
34 74 840
74 34 840
34 49 278
49 34 278
34 68 14
68 34 14
34 71 315
71 34 315
34 70 6
70 34 6
34 46 964
46 34 964
35 65 696
65 35 696
35 78 171
78 35 171
35 84 459
84 35 459
35 85 225
85 35 225
35 56 988
56 35 988
35 53 799
53 35 799
35 52 605
52 35 605
35 39 738
39 35 738
35 70 792
70 35 792
35 73 765
73 35 765
35 63 323
63 35 323
35 69 831
69 35 831
36 63 721
63 36 721
36 83 861
83 36 861
36 74 414
74 36 414
36 82 267
82 36 267
36 48 393
48 36 393
36 85 279
85 36 279
36 49 935
49 36 935
36 51 263
51 36 263
36 71 55
71 36 55
36 60 861
60 36 861
36 62 325
62 36 325
36 47 146
47 36 146
36 48 345
48 36 345
36 47 28
47 36 28
37 42 210
42 37 210
37 39 224
39 37 224
37 52 979
52 37 979
38 47 116
47 38 116
38 43 72
43 38 72
38 44 445
44 38 445
38 80 565
80 38 565
38 41 942
41 38 942
38 84 378
84 38 378
39 82 979
82 39 979
39 75 466
75 39 466
39 54 729
54 39 729
39 82 703
82 39 703
39 63 704
63 39 704
39 57 2
57 39 2
39 55 947
55 39 947
39 83 198
83 39 198
39 56 20
56 39 20
39 65 351
65 39 351
39 47 921
47 39 921
39 41 864
41 39 864
39 71 875
71 39 875
39 66 274
66 39 274
39 84 936
84 39 936
40 51 708
51 40 708
40 70 300
70 40 300
40 48 235
48 40 235
40 68 72
68 40 72
40 59 947
59 40 947
40 49 370
49 40 370
40 77 350
77 40 350
40 60 814
60 40 814
40 55 109
55 40 109
40 64 563
64 40 563
40 57 807
57 40 807
41 61 678
61 41 678
41 43 412
43 41 412
41 74 282
74 41 282
41 76 698
76 41 698
41 58 345
58 41 345
41 52 56
52 41 56
42 75 855
75 42 855
42 51 557
51 42 557
42 75 482
75 42 482
42 75 499
75 42 499
42 57 407
57 42 407
42 75 13
75 42 13
42 45 681
45 42 681
42 82 84
82 42 84
43 56 177
56 43 177
43 74 285
74 43 285
43 50 90
50 43 90
43 55 740
55 43 740
43 68 411
68 43 411
43 44 978
44 43 978
43 49 101
49 43 101
43 76 84
76 43 84
44 46 795
46 44 795
44 67 490
67 44 490
44 65 606
65 44 606
44 78 444
78 44 444
44 77 301
77 44 301
44 69 981
69 44 981
44 48 482
48 44 482
44 75 70
75 44 70
44 70 494
70 44 494
44 63 644
63 44 644
44 67 403
67 44 403
45 61 151
61 45 151
45 48 728
48 45 728
45 83 520
83 45 520
45 71 766
71 45 766
45 82 464
82 45 464
46 49 324
49 46 324
46 53 243
53 46 243
46 76 728
76 46 728
46 59 281
59 46 281
46 62 499
62 46 499
46 85 944
85 46 944
46 75 859
75 46 859
46 55 431
55 46 431
47 73 961
73 47 961
47 73 108
73 47 108
47 86 955
86 47 955
47 60 525
60 47 525
47 85 355
85 47 355
47 77 873
77 47 873
47 51 645
51 47 645
48 75 363
75 48 363
48 49 544
49 48 544
48 73 593
73 48 593
48 71 778
71 48 778
48 70 210
70 48 210
48 74 595
74 48 595
48 83 570
83 48 570
49 71 842
71 49 842
49 65 327
65 49 327
49 76 740
76 49 740
50 54 466
54 50 466
50 70 492
70 50 492
50 75 645
75 50 645
50 56 700
56 50 700
50 64 271
64 50 271
50 75 401
75 50 401
51 72 107
72 51 107
51 80 123
80 51 123
51 55 268
55 51 268
51 72 958
72 51 958
51 82 974
82 51 974
51 83 538
83 51 538
51 70 690
70 51 690
51 65 256
65 51 256
52 78 660
78 52 660
52 65 424
65 52 424
52 76 569
76 52 569
52 73 11
73 52 11
52 84 164
84 52 164
52 57 755
57 52 755
52 69 509
69 52 509
52 82 579
82 52 579
52 59 756
59 52 756
52 56 788
56 52 788
52 53 789
53 52 789
53 57 741
57 53 741
53 71 647
71 53 647
53 61 123
61 53 123
53 74 99
74 53 99
53 62 265
62 53 265
54 73 164
73 54 164
54 73 64
73 54 64
54 60 24
60 54 24
54 63 173
63 54 173
54 76 75
76 54 75
54 81 920
81 54 920
54 58 909
58 54 909
55 57 291
57 55 291
56 68 44
68 56 44
56 72 724
72 56 724
56 59 143
59 56 143
56 80 820
80 56 820
56 75 75
75 56 75
57 86 848
86 57 848
57 79 639
79 57 639
57 78 124
78 57 124
57 75 796
75 57 796
58 59 796
59 58 796
58 75 235
75 58 235
58 72 170
72 58 170
58 74 676
74 58 676
58 61 575
61 58 575
58 63 770
63 58 770
58 76 333
76 58 333
58 58 946
58 58 946
59 63 92
63 59 92
59 60 255
60 59 255
59 79 732
79 59 732
60 69 600
69 60 600
60 85 548
85 60 548
60 76 668
76 60 668
60 84 585
84 60 585
60 64 405
64 60 405
61 72 308
72 61 308
61 72 997
72 61 997
62 73 612
73 62 612
62 67 612
67 62 612
63 74 980
74 63 980
63 75 702
75 63 702
63 85 628
85 63 628
63 74 531
74 63 531
63 73 342
73 63 342
64 82 723
82 64 723
64 78 600
78 64 600
64 81 827
81 64 827
64 69 324
69 64 324
64 67 391
67 64 391
65 78 866
78 65 866
65 82 425
82 65 425
65 68 895
68 65 895
65 65 342
65 65 342
66 77 131
77 66 131
66 73 33
73 66 33
66 83 526
83 66 526
66 82 896
82 66 896
67 75 186
75 67 186
67 78 344
78 67 344
67 71 340
71 67 340
67 69 467
69 67 467
67 76 546
76 67 546
68 85 257
85 68 257
68 75 990
75 68 990
68 86 982
86 68 982
68 82 360
82 68 360
68 84 114
84 68 114
68 85 395
85 68 395
68 74 593
74 68 593
68 71 483
71 68 483
68 86 231
86 68 231
70 78 446
78 70 446
70 71 486
71 70 486
70 76 340
76 70 340
70 70 776
70 70 776
71 82 568
82 71 568
71 74 555
74 71 555
71 71 181
71 71 181
72 80 685
80 72 685
73 74 383
74 73 383
73 86 251
86 73 251
73 75 836
75 73 836
73 79 134
79 73 134
74 80 775
80 74 775
74 78 916
78 74 916
75 80 27
80 75 27
75 83 537
83 75 537
76 79 763
79 76 763
76 77 676
77 76 676
76 77 607
77 76 607
77 84 490
84 77 490
77 82 349
82 77 349
79 81 397
81 79 397
79 80 695
80 79 695
80 82 167
82 80 167
81 81 289
81 81 289
82 83 18
83 82 18
83 85 382
85 83 382
83 86 509
86 83 509
83 86 409
86 83 409
83 85 428
85 83 428
