87

0 1 517
1 0 517
0 2 668
2 0 668
0 3 934
3 0 934
0 10 456
10 0 456
0 11 503
11 0 503
0 15 585
15 0 585
0 23 527
23 0 527
0 42 746
42 0 746
0 52 193
52 0 193
1 12 328
12 1 328
1 49 808
49 1 808
1 51 190
51 1 190
1 84 241
84 1 241
1 22 217
22 1 217
1 37 95
37 1 95
1 16 375
16 1 375
1 84 311
84 1 311
1 10 372
10 1 372
1 66 474
66 1 474
1 43 697
43 1 697
1 31 227
31 1 227
2 43 510
43 2 510
2 19 459
19 2 459
2 55 338
55 2 338
2 2 283
2 2 283
2 73 459
73 2 459
2 41 746
41 2 746
3 4 335
4 3 335
3 6 450
6 3 450
3 38 978
38 3 978
3 65 462
65 3 462
3 13 350
13 3 350
3 20 441
20 3 441
3 35 622
35 3 622
3 23 21
23 3 21
3 76 527
76 3 527
4 5 852
5 4 852
4 18 791
18 4 791
4 69 909
69 4 909
4 68 105
68 4 105
4 42 142
42 4 142
4 20 745
20 4 745
4 29 691
29 4 691
4 77 690
77 4 690
4 82 895
82 4 895
4 85 527
85 4 527
4 56 928
56 4 928
4 73 630
73 4 630
4 85 640
85 4 640
5 7 188
7 5 188
5 9 946
9 5 946
5 22 761
22 5 761
5 27 34
27 5 34
5 42 1000
42 5 1000
5 20 486
20 5 486
5 72 58
72 5 58
6 16 510
16 6 510
6 9 950
9 6 950
6 14 398
14 6 398
6 47 221
47 6 221
6 32 147
32 6 147
7 8 982
8 7 982
7 65 382
65 7 382
7 41 215
41 7 215
7 37 292
37 7 292
7 77 357
77 7 357
7 37 99
37 7 99
7 27 586
27 7 586
7 18 146
18 7 146
8 13 755
13 8 755
8 36 804
36 8 804
8 80 599
80 8 599
8 47 486
47 8 486
9 29 945
29 9 945
9 53 471
53 9 471
9 57 862
57 9 862
9 70 528
70 9 528
9 77 999
77 9 999
9 85 75
85 9 75
9 39 738
39 9 738
9 32 522
32 9 522
9 30 818
30 9 818
9 48 510
48 9 510
9 10 53
10 9 53
9 23 140
23 9 140
9 44 848
44 9 848
9 31 296
31 9 296
10 26 630
26 10 630
10 40 659
40 10 659
10 70 375
70 10 375
10 16 582
16 10 582
10 11 678
11 10 678
10 61 800
61 10 800
11 30 641
30 11 641
11 39 569
39 11 569
11 80 603
80 11 603
11 81 578
81 11 578
11 51 265
51 11 265
12 14 47
14 12 47
12 39 998
39 12 998
12 71 954
71 12 954
12 75 861
75 12 861
12 78 505
78 12 505
12 44 415
44 12 415
12 55 794
55 12 794
12 21 139
21 12 139
12 51 742
51 12 742
12 18 564
18 12 564
12 21 811
21 12 811
12 66 582
66 12 582
12 38 785
38 12 785
13 25 532
25 13 532
13 56 891
56 13 891
13 38 378
38 13 378
14 38 638
38 14 638
14 25 744
25 14 744
14 63 502
63 14 502
14 73 950
73 14 950
14 86 341
86 14 341
14 52 533
52 14 533
14 47 889
47 14 889
14 35 300
35 14 300
14 81 499
81 14 499
14 58 58
58 14 58
14 25 175
25 14 175
15 16 14
16 15 14
15 83 929
83 15 929
15 36 516
36 15 516
15 28 98
28 15 98
15 23 847
23 15 847
15 65 90
65 15 90
16 17 653
17 16 653
16 20 514
20 16 514
16 21 17
21 16 17
16 48 917
48 16 917
16 58 807
58 16 807
16 36 518
36 16 518
16 21 110
21 16 110
16 65 513
65 16 513
16 72 701
72 16 701
16 46 371
46 16 371
16 84 146
84 16 146
17 50 356
50 17 356
17 19 478
19 17 478
17 40 208
40 17 208
17 73 485
73 17 485
17 41 273
41 17 273
18 19 874
19 18 874
18 31 460
31 18 460
18 86 542
86 18 542
18 24 806
24 18 806
18 57 118
57 18 118
19 81 491
81 19 491
19 25 964
25 19 964
19 75 549
75 19 549
19 72 240
72 19 240
20 24 566
24 20 566
20 47 650
47 20 650
20 60 194
60 20 194
20 23 933
23 20 933
20 44 473
44 20 473
20 63 554
63 20 554
20 80 867
80 20 867
20 83 743
83 20 743
20 72 746
72 20 746
21 82 214
82 21 214
21 31 294
31 21 294
21 24 24
24 21 24
21 64 220
64 21 220
22 55 192
55 22 192
22 66 937
66 22 937
22 54 186
54 22 186
22 84 343
84 22 343
22 30 167
30 22 167
23 62 782
62 23 782
23 64 372
64 23 372
23 73 921
73 23 921
23 84 238
84 23 238
23 68 643
68 23 643
23 49 167
49 23 167
23 40 177
40 23 177
23 27 58
27 23 58
24 83 163
83 24 163
24 24 109
24 24 109
24 62 292
62 24 292
24 67 564
67 24 564
24 40 608
40 24 608
25 66 161
66 25 161
25 68 974
68 25 974
25 85 635
85 25 635
25 45 91
45 25 91
26 37 375
37 26 375
26 44 218
44 26 218
26 36 136
36 26 136
27 28 483
28 27 483
27 32 132
32 27 132
27 57 968
57 27 968
27 74 258
74 27 258
28 45 935
45 28 935
28 81 204
81 28 204
28 62 648
62 28 648
28 66 791
66 28 791
28 76 898
76 28 898
28 71 699
71 28 699
29 79 325
79 29 325
29 76 818
76 29 818
30 35 696
35 30 696
30 41 250
41 30 250
30 59 413
59 30 413
30 82 839
82 30 839
31 33 474
33 31 474
31 34 55
34 31 55
31 46 52
46 31 52
31 52 828
52 31 828
31 74 344
74 31 344
31 86 738
86 31 738
32 67 204
67 32 204
32 69 421
69 32 421
32 50 125
50 32 125
32 65 279
65 32 279
32 77 108
77 32 108
32 47 450
47 32 450
32 32 142
32 32 142
32 51 123
51 32 123
32 58 563
58 32 563
33 36 193
36 33 193
33 68 527
68 33 527
34 52 857
52 34 857
34 82 533
82 34 533
34 69 24
69 34 24
35 40 172
40 35 172
35 44 119
44 35 119
35 37 17
37 35 17
35 41 91
41 35 91
35 56 706
56 35 706
35 71 656
71 35 656
35 57 267
57 35 267
35 65 79
65 35 79
36 54 286
54 36 286
36 55 93
55 36 93
36 73 279
73 36 279
36 62 391
62 36 391
36 59 617
59 36 617
36 61 440
61 36 440
36 48 849
48 36 849
36 84 413
84 36 413
37 72 690
72 37 690
37 57 482
57 37 482
37 59 33
59 37 33
37 37 321
37 37 321
37 77 804
77 37 804
37 47 195
47 37 195
37 64 529
64 37 529
38 70 515
70 38 515
38 39 377
39 38 377
38 67 633
67 38 633
38 79 200
79 38 200
38 78 857
78 38 857
39 61 538
61 39 538
39 45 496
45 39 496
39 62 81
62 39 81
40 46 293
46 40 293
40 63 47
63 40 47
40 82 102
82 40 102
40 80 116
80 40 116
40 54 300
54 40 300
40 54 485
54 40 485
41 76 344
76 41 344
41 53 685
53 41 685
41 84 566
84 41 566
41 61 288
61 41 288
42 72 735
72 42 735
42 85 98
85 42 98
42 52 910
52 42 910
42 81 384
81 42 384
43 45 46
45 43 46
43 58 724
58 43 724
43 46 448
46 43 448
44 58 785
58 44 785
44 69 308
69 44 308
44 53 577
53 44 577
45 50 818
50 45 818
45 70 802
70 45 802
46 73 727
73 46 727
46 52 214
52 46 214
46 83 736
83 46 736
46 73 435
73 46 435
46 76 467
76 46 467
49 58 46
58 49 46
49 59 336
59 49 336
49 74 65
74 49 65
49 52 331
52 49 331
50 80 527
80 50 527
50 57 916
57 50 916
51 52 70
52 51 70
51 53 649
53 51 649
51 60 457
60 51 457
51 74 207
74 51 207
51 55 638
55 51 638
51 56 151
56 51 151
52 69 246
69 52 246
53 82 991
82 53 991
53 78 266
78 53 266
53 78 752
78 53 752
54 68 577
68 54 577
54 80 89
80 54 89
54 78 320
78 54 320
55 63 973
63 55 973
56 65 32
65 56 32
56 63 69
63 56 69
56 81 995
81 56 995
57 61 435
61 57 435
58 65 59
65 58 59
60 76 677
76 60 677
60 81 423
81 60 423
61 76 33
76 61 33
62 68 333
68 62 333
63 82 979
82 63 979
64 71 205
71 64 205
64 78 225
78 64 225
65 79 415
79 65 415
65 75 173
75 65 173
66 74 532
74 66 532
66 77 204
77 66 204
66 85 650
85 66 650
67 77 211
77 67 211
68 69 882
69 68 882
69 85 510
85 69 510
69 73 927
73 69 927
69 82 861
82 69 861
70 72 371
72 70 371
72 76 387
76 72 387
73 80 55
80 73 55
74 86 323
86 74 323
77 79 91
79 77 91
78 80 708
80 78 708
