93

0 1 620
1 0 620
0 6 246
6 0 246
0 85 404
85 0 404
0 90 890
90 0 890
0 11 738
11 0 738
0 25 271
25 0 271
0 64 423
64 0 423
0 49 971
49 0 971
1 2 266
2 1 266
1 15 657
15 1 657
1 24 187
24 1 187
1 61 2
61 1 2
1 68 723
68 1 723
1 77 638
77 1 638
2 3 79
3 2 79
2 4 830
4 2 830
2 7 498
7 2 498
2 8 763
8 2 763
2 14 481
14 2 481
2 17 452
17 2 452
2 54 548
54 2 548
2 78 434
78 2 434
2 59 720
59 2 720
2 20 364
20 2 364
2 43 812
43 2 812
3 20 828
20 3 828
3 22 28
22 3 28
4 5 679
5 4 679
4 10 817
10 4 817
4 21 297
21 4 297
4 22 398
22 4 398
4 47 437
47 4 437
4 53 189
53 4 189
4 61 138
61 4 138
4 44 815
44 4 815
4 59 771
59 4 771
4 56 664
56 4 664
5 16 603
16 5 603
5 29 781
29 5 781
5 79 559
79 5 559
5 87 630
87 5 630
6 25 887
25 6 887
6 57 49
57 6 49
7 11 636
11 7 636
7 59 357
59 7 357
7 66 18
66 7 18
7 54 233
54 7 233
7 90 310
90 7 310
7 43 579
43 7 579
7 25 412
25 7 412
7 46 34
46 7 34
8 9 978
9 8 978
8 51 373
51 8 373
8 60 164
60 8 164
8 67 194
67 8 194
8 83 468
83 8 468
8 23 720
23 8 720
9 33 119
33 9 119
9 48 633
48 9 633
9 64 499
64 9 499
9 77 977
77 9 977
9 82 83
82 9 83
9 75 161
75 9 161
9 83 508
83 9 508
9 72 517
72 9 517
10 12 657
12 10 657
10 28 205
28 10 205
10 87 783
87 10 783
10 52 315
52 10 315
10 58 60
58 10 60
10 47 301
47 10 301
10 68 617
68 10 617
10 83 781
83 10 781
11 92 572
92 11 572
11 53 37
53 11 37
11 46 185
46 11 185
12 13 206
13 12 206
12 19 221
19 12 221
12 26 970
26 12 970
12 31 391
31 12 391
12 72 342
72 12 342
12 71 651
71 12 651
12 88 397
88 12 397
13 88 622
88 13 622
13 75 525
75 13 525
13 18 843
18 13 843
13 51 266
51 13 266
13 41 565
41 13 565
14 23 379
23 14 379
14 40 496
40 14 496
14 72 881
72 14 881
14 58 314
58 14 314
14 45 469
45 14 469
14 85 46
85 14 46
14 60 213
60 14 213
15 18 752
18 15 752
15 17 323
17 15 323
15 79 798
79 15 798
15 64 398
64 15 398
15 62 148
62 15 148
16 50 445
50 16 445
16 40 354
40 16 354
16 78 193
78 16 193
16 83 709
83 16 709
17 75 853
75 17 853
17 54 707
54 17 707
18 75 488
75 18 488
18 51 802
51 18 802
18 80 414
80 18 414
18 70 543
70 18 543
18 63 88
63 18 88
19 28 742
28 19 742
19 32 230
32 19 230
19 45 27
45 19 27
19 59 246
59 19 246
19 78 879
78 19 879
19 90 273
90 19 273
19 86 821
86 19 821
20 35 526
35 20 526
20 66 169
66 20 169
20 88 994
88 20 994
20 69 995
69 20 995
21 27 359
27 21 359
21 44 744
44 21 744
21 71 308
71 21 308
21 31 834
31 21 834
21 51 76
51 21 76
21 50 922
50 21 922
21 25 165
25 21 165
21 45 229
45 21 229
21 68 137
68 21 137
22 41 871
41 22 871
23 42 513
42 23 513
23 54 651
54 23 651
23 71 192
71 23 192
23 56 118
56 23 118
23 28 73
28 23 73
24 73 607
73 24 607
24 62 786
62 24 786
24 45 113
45 24 113
25 34 976
34 25 976
25 64 126
64 25 126
25 53 530
53 25 530
26 38 272
38 26 272
26 45 968
45 26 968
26 47 866
47 26 866
26 66 479
66 26 479
26 28 233
28 26 233
27 46 262
46 27 262
27 86 412
86 27 412
27 59 544
59 27 544
27 71 362
71 27 362
27 70 307
70 27 307
27 76 911
76 27 911
27 67 264
67 27 264
27 58 279
58 27 279
27 92 827
92 27 827
28 41 424
41 28 424
28 64 4
64 28 4
28 37 216
37 28 216
29 30 336
30 29 336
29 36 742
36 29 742
29 37 568
37 29 568
29 36 15
36 29 15
29 62 368
62 29 368
29 92 181
92 29 181
30 39 721
39 30 721
30 76 809
76 30 809
30 45 722
45 30 722
30 81 165
81 30 165
30 82 529
82 30 529
31 73 414
73 31 414
31 73 501
73 31 501
31 68 730
68 31 730
31 44 998
44 31 998
32 60 259
60 32 259
32 83 209
83 32 209
32 56 968
56 32 968
32 57 409
57 32 409
33 53 605
53 33 605
33 91 924
91 33 924
33 76 809
76 33 809
33 69 226
69 33 226
33 43 950
43 33 950
33 57 889
57 33 889
33 84 881
84 33 881
33 54 883
54 33 883
34 69 417
69 34 417
34 91 63
91 34 63
34 51 787
51 34 787
34 65 183
65 34 183
34 54 278
54 34 278
34 92 941
92 34 941
35 49 711
49 35 711
35 63 401
63 35 401
36 52 317
52 36 317
36 43 785
43 36 785
36 76 656
76 36 656
37 84 524
84 37 524
37 77 513
77 37 513
37 81 52
81 37 52
38 43 619
43 38 619
38 79 878
79 38 878
38 86 87
86 38 87
39 55 587
55 39 587
39 63 863
63 39 863
39 71 157
71 39 157
40 57 422
57 40 422
40 73 524
73 40 524
41 52 455
52 41 455
41 78 224
78 41 224
42 56 511
56 42 511
42 88 257
88 42 257
43 81 786
81 43 786
44 62 987
62 44 987
44 80 553
80 44 553
44 65 390
65 44 390
45 79 888
79 45 888
46 59 434
59 46 434
46 53 103
53 46 103
47 50 314
50 47 314
47 78 590
78 47 590
47 48 224
48 47 224
48 71 249
71 48 249
48 89 374
89 48 374
48 56 673
56 48 673
48 60 336
60 48 336
48 67 169
67 48 169
50 56 190
56 50 190
52 65 419
65 52 419
52 86 938
86 52 938
52 83 513
83 52 513
52 56 221
56 52 221
53 70 177
70 53 177
53 71 349
71 53 349
53 66 187
66 53 187
53 90 201
90 53 201
53 55 962
55 53 962
53 81 502
81 53 502
54 92 941
92 54 941
54 82 403
82 54 403
54 60 771
60 54 771
54 58 295
58 54 295
55 90 804
90 55 804
56 66 426
66 56 426
57 58 932
58 57 932
57 77 792
77 57 792
58 92 740
92 58 740
58 88 537
88 58 537
58 91 363
91 58 363
58 76 272
76 58 272
59 75 6
75 59 6
61 90 909
90 61 909
61 92 869
92 61 869
62 77 33
77 62 33
63 86 454
86 63 454
64 67 625
67 64 625
66 84 928
84 66 928
66 83 444
83 66 444
67 72 60
72 67 60
67 74 478
74 67 478
69 77 600
77 69 600
70 88 122
88 70 122
71 74 535
74 71 535
71 88 274
88 71 274
73 83 892
83 73 892
73 88 296
88 73 296
75 86 284
86 75 284
76 87 690
87 76 690
78 89 71
89 78 71
79 91 494
91 79 494
80 80 835
80 80 835
81 89 23
89 81 23
81 92 625
92 81 625
83 88 694
88 83 694
