75

0 1 248
1 0 248
0 3 849
3 0 849
0 5 443
5 0 443
0 18 819
18 0 819
0 20 932
20 0 932
0 23 950
23 0 950
0 25 338
25 0 338
0 57 452
57 0 452
0 47 160
47 0 160
1 2 769
2 1 769
1 26 938
26 1 938
1 24 655
24 1 655
2 30 166
30 2 166
2 51 564
51 2 564
2 54 816
54 2 816
2 64 575
64 2 575
2 67 949
67 2 949
3 4 200
4 3 200
3 7 270
7 3 270
3 47 911
47 3 911
4 6 548
6 4 548
4 44 609
44 4 609
4 62 579
62 4 579
5 9 947
9 5 947
7 8 866
8 7 866
7 28 12
28 7 12
7 61 984
61 7 984
7 26 903
26 7 903
8 10 803
10 8 803
8 19 228
19 8 228
8 34 756
34 8 756
8 42 288
42 8 288
8 45 449
45 8 449
9 13 666
13 9 666
9 14 522
14 9 522
9 33 61
33 9 61
9 48 382
48 9 382
9 55 217
55 9 217
10 11 845
11 10 845
10 15 198
15 10 198
10 27 244
27 10 244
10 28 425
28 10 425
11 12 385
12 11 385
11 17 746
17 11 746
11 21 778
21 11 778
12 16 969
16 12 969
12 63 753
63 12 753
12 21 975
21 12 975
13 40 956
40 13 956
13 41 649
41 13 649
13 72 716
72 13 716
14 37 946
37 14 946
15 24 375
24 15 375
15 31 661
31 15 661
15 50 206
50 15 206
16 17 998
17 16 998
17 22 297
22 17 297
17 36 801
36 17 801
19 73 776
73 19 776
20 35 867
35 20 867
21 32 484
32 21 484
23 29 18
29 23 18
24 66 954
66 24 954
25 56 59
56 25 59
28 53 953
53 28 953
29 65 589
65 29 589
30 32 146
32 30 146
30 63 316
63 30 316
31 39 521
39 31 521
31 61 802
61 31 802
33 38 520
38 33 520
35 49 547
49 35 547
38 43 877
43 38 877
38 58 769
58 38 769
41 74 195
74 41 195
42 50 159
50 42 159
43 46 568
46 43 568
44 59 873
59 44 873
44 60 402
60 44 402
44 58 445
58 44 445
44 50 63
50 44 63
45 52 474
52 45 474
48 71 548
71 48 548
49 70 928
70 49 928
50 69 132
69 50 132
51 68 431
68 51 431
51 56 410
56 51 410
52 67 72
67 52 72
63 72 61
72 63 61
65 74 495
74 65 495
73 74 659
74 73 659
