91

0 1 908
1 0 908
0 2 854
2 0 854
0 10 869
10 0 869
0 14 458
14 0 458
0 15 319
15 0 319
0 68 113
68 0 113
0 52 351
52 0 351
0 16 266
16 0 266
0 28 898
28 0 898
0 19 90
19 0 90
0 74 400
74 0 400
0 76 766
76 0 766
0 45 674
45 0 674
0 55 450
55 0 450
1 3 438
3 1 438
1 13 180
13 1 180
1 11 506
11 1 506
1 81 646
81 1 646
1 69 170
69 1 170
1 4 740
4 1 740
1 54 907
54 1 907
1 34 687
34 1 687
1 56 364
56 1 364
2 4 702
4 2 702
2 5 103
5 2 103
2 6 365
6 2 365
2 12 109
12 2 109
2 23 511
23 2 511
2 36 903
36 2 903
2 74 600
74 2 600
2 87 9
87 2 9
2 66 863
66 2 863
2 71 983
71 2 983
2 12 219
12 2 219
2 58 671
58 2 671
2 57 535
57 2 535
2 86 711
86 2 711
3 7 236
7 3 236
3 80 141
80 3 141
3 46 464
46 3 464
3 12 466
12 3 466
3 74 933
74 3 933
4 9 361
9 4 361
4 16 839
16 4 839
4 29 115
29 4 115
4 33 779
33 4 779
4 19 456
19 4 456
4 84 235
84 4 235
4 42 965
42 4 965
4 19 806
19 4 806
4 21 893
21 4 893
4 25 496
25 4 496
5 63 501
63 5 501
5 70 498
70 5 498
5 72 853
72 5 853
5 31 219
31 5 219
5 86 488
86 5 488
5 28 474
28 5 474
5 13 837
13 5 837
6 8 144
8 6 144
6 37 607
37 6 607
6 27 254
27 6 254
6 66 933
66 6 933
6 85 787
85 6 787
6 13 576
13 6 576
6 62 766
62 6 766
7 11 330
11 7 330
7 21 766
21 7 766
7 24 865
24 7 865
7 42 631
42 7 631
7 45 180
45 7 180
7 86 521
86 7 521
7 67 635
67 7 635
7 84 139
84 7 139
7 65 575
65 7 575
7 87 782
87 7 782
7 24 436
24 7 436
7 8 130
8 7 130
7 46 657
46 7 657
7 36 417
36 7 417
8 17 874
17 8 874
8 31 642
31 8 642
8 48 418
48 8 418
8 30 558
30 8 558
8 65 572
65 8 572
8 13 170
13 8 170
9 34 677
34 9 677
9 50 36
50 9 36
9 24 449
24 9 449
10 35 948
35 10 948
10 36 329
36 10 329
10 86 684
86 10 684
10 49 375
49 10 375
10 45 823
45 10 823
10 14 135
14 10 135
10 68 968
68 10 968
10 20 245
20 10 245
10 70 24
70 10 24
10 19 878
19 10 878
10 77 576
77 10 576
10 49 997
49 10 997
10 41 181
41 10 181
10 41 678
41 10 678
10 65 12
65 10 12
10 48 947
48 10 947
11 20 90
20 11 90
11 51 850
51 11 850
11 64 279
64 11 279
11 15 810
15 11 810
11 58 981
58 11 981
11 17 342
17 11 342
11 64 766
64 11 766
11 35 791
35 11 791
11 59 588
59 11 588
12 38 77
38 12 77
12 50 88
50 12 88
12 71 491
71 12 491
12 62 794
62 12 794
12 31 742
31 12 742
12 19 623
19 12 623
12 58 93
58 12 93
13 73 153
73 13 153
13 63 182
63 13 182
13 62 329
62 13 329
13 83 28
83 13 28
13 67 730
67 13 730
14 18 301
18 14 301
14 22 59
22 14 59
14 37 538
37 14 538
14 54 15
54 14 15
14 86 822
86 14 822
14 15 772
15 14 772
14 88 893
88 14 893
14 55 191
55 14 191
14 53 858
53 14 858
15 22 891
22 15 891
15 45 274
45 15 274
15 66 848
66 15 848
15 42 301
42 15 301
15 85 224
85 15 224
15 17 972
17 15 972
16 49 768
49 16 768
16 43 213
43 16 213
16 21 195
21 16 195
16 72 665
72 16 665
16 54 224
54 16 224
16 62 782
62 16 782
16 83 107
83 16 107
17 19 165
19 17 165
17 81 892
81 17 892
17 28 993
28 17 993
17 89 259
89 17 259
18 32 592
32 18 592
18 66 598
66 18 598
18 85 286
85 18 286
18 77 509
77 18 509
18 43 918
43 18 918
18 29 110
29 18 110
18 51 776
51 18 776
19 43 656
43 19 656
19 47 233
47 19 233
19 88 573
88 19 573
19 44 242
44 19 242
19 66 881
66 19 881
19 21 788
21 19 788
19 75 807
75 19 807
20 26 278
26 20 278
20 44 906
44 20 906
20 84 738
84 20 738
20 65 111
65 20 111
20 40 330
40 20 330
20 76 630
76 20 630
20 22 503
22 20 503
20 58 809
58 20 809
20 62 837
62 20 837
20 83 560
83 20 560
20 31 522
31 20 522
20 24 774
24 20 774
20 32 683
32 20 683
21 66 829
66 21 829
21 41 869
41 21 869
21 61 766
61 21 766
21 64 128
64 21 128
22 28 131
28 22 131
22 76 644
76 22 644
22 85 89
85 22 89
22 87 700
87 22 700
22 78 277
78 22 277
23 34 524
34 23 524
23 81 30
81 23 30
23 40 980
40 23 980
23 61 595
61 23 595
23 43 631
43 23 631
23 49 317
49 23 317
23 58 707
58 23 707
23 90 916
90 23 916
23 89 281
89 23 281
24 25 690
25 24 690
24 67 342
67 24 342
24 88 311
88 24 311
24 72 218
72 24 218
24 87 546
87 24 546
24 87 242
87 24 242
24 85 955
85 24 955
24 65 765
65 24 765
25 27 106
27 25 106
25 41 689
41 25 689
25 80 88
80 25 88
25 32 969
32 25 969
25 77 830
77 25 830
25 30 234
30 25 234
25 39 407
39 25 407
26 30 960
30 26 960
26 52 20
52 26 20
26 68 651
68 26 651
26 53 472
53 26 472
26 31 552
31 26 552
26 39 625
39 26 625
26 67 483
67 26 483
27 53 343
53 27 343
27 29 611
29 27 611
27 83 76
83 27 76
27 82 589
82 27 589
27 30 399
30 27 399
27 78 701
78 27 701
28 57 545
57 28 545
28 62 919
62 28 919
28 36 221
36 28 221
28 43 74
43 28 74
28 85 347
85 28 347
29 65 509
65 29 509
29 31 21
31 29 21
29 69 915
69 29 915
29 33 918
33 29 918
29 63 501
63 29 501
29 58 942
58 29 942
30 54 794
54 30 794
30 70 315
70 30 315
30 58 148
58 30 148
30 89 850
89 30 850
30 68 518
68 30 518
31 46 539
46 31 539
32 64 427
64 32 427
32 79 580
79 32 580
32 75 646
75 32 646
33 79 333
79 33 333
33 81 434
81 33 434
33 47 473
47 33 473
33 68 697
68 33 697
33 62 970
62 33 970
34 64 184
64 34 184
34 83 928
83 34 928
34 57 557
57 34 557
34 50 668
50 34 668
34 77 129
77 34 129
35 40 265
40 35 265
35 60 478
60 35 478
35 60 755
60 35 755
35 46 741
46 35 741
35 45 153
45 35 153
35 80 532
80 35 532
36 53 253
53 36 253
36 85 496
85 36 496
37 85 796
85 37 796
37 60 189
60 37 189
38 39 232
39 38 232
38 73 338
73 38 338
38 78 700
78 38 700
38 60 23
60 38 23
38 81 470
81 38 470
38 85 48
85 38 48
39 89 880
89 39 880
39 86 867
86 39 867
39 80 334
80 39 334
39 53 572
53 39 572
39 70 223
70 39 223
39 51 302
51 39 302
39 44 523
44 39 523
41 61 519
61 41 519
41 58 341
58 41 341
42 72 336
72 42 336
42 42 611
42 42 611
43 47 396
47 43 396
43 59 855
59 43 855
44 57 953
57 44 953
44 82 112
82 44 112
44 81 894
81 44 894
44 55 989
55 44 989
44 84 227
84 44 227
44 45 529
45 44 529
44 49 756
49 44 756
44 69 465
69 44 465
44 46 315
46 44 315
45 51 922
51 45 922
45 78 158
78 45 158
45 75 170
75 45 170
46 55 493
55 46 493
46 58 407
58 46 407
46 57 429
57 46 429
46 78 234
78 46 234
47 77 153
77 47 153
47 81 199
81 47 199
47 78 488
78 47 488
47 75 318
75 47 318
48 65 528
65 48 528
48 73 156
73 48 156
48 86 183
86 48 183
48 81 740
81 48 740
48 68 630
68 48 630
49 59 179
59 49 179
49 52 18
52 49 18
49 71 559
71 49 559
49 75 16
75 49 16
49 84 816
84 49 816
50 58 893
58 50 893
50 69 211
69 50 211
50 87 110
87 50 110
50 77 968
77 50 968
50 59 466
59 50 466
50 78 638
78 50 638
50 73 273
73 50 273
51 69 541
69 51 541
51 79 813
79 51 813
51 88 607
88 51 607
51 64 985
64 51 985
52 73 964
73 52 964
52 52 863
52 52 863
52 86 595
86 52 595
52 56 430
56 52 430
53 72 671
72 53 671
53 81 982
81 53 982
53 59 181
59 53 181
53 78 273
78 53 273
54 56 912
56 54 912
54 75 75
75 54 75
54 79 466
79 54 466
54 85 553
85 54 553
55 59 655
59 55 655
56 75 452
75 56 452
56 69 17
69 56 17
56 75 209
75 56 209
56 88 448
88 56 448
57 61 140
61 57 140
57 59 163
59 57 163
57 76 156
76 57 156
57 89 222
89 57 222
58 75 826
75 58 826
59 89 336
89 59 336
60 82 147
82 60 147
60 67 508
67 60 508
60 84 988
84 60 988
60 85 794
85 60 794
61 67 558
67 61 558
62 80 992
80 62 992
63 71 733
71 63 733
63 88 494
88 63 494
63 82 902
82 63 902
63 79 876
79 63 876
63 74 180
74 63 180
64 90 198
90 64 198
65 75 826
75 65 826
65 89 614
89 65 614
66 89 822
89 66 822
66 82 808
82 66 808
66 69 984
69 66 984
67 90 74
90 67 74
68 75 667
75 68 667
68 75 294
75 68 294
68 77 683
77 68 683
70 74 914
74 70 914
71 88 739
88 71 739
71 81 674
81 71 674
71 90 997
90 71 997
71 88 635
88 71 635
72 74 318
74 72 318
72 75 383
75 72 383
73 75 401
75 73 401
74 83 130
83 74 130
74 80 221
80 74 221
75 79 587
79 75 587
75 90 736
90 75 736
75 86 452
86 75 452
76 89 100
89 76 100
76 85 810
85 76 810
78 86 366
86 78 366
78 89 618
89 78 618
78 89 41
89 78 41
79 85 927
85 79 927
81 86 374
86 81 374
82 82 166
82 82 166
83 87 256
87 83 256
84 86 977
86 84 977
