52

0 1 196
1 0 196
0 3 404
3 0 404
0 35 573
35 0 573
0 7 605
7 0 605
0 45 77
45 0 77
0 25 885
25 0 885
0 30 205
30 0 205
1 2 426
2 1 426
1 4 389
4 1 389
1 7 755
7 1 755
1 15 34
15 1 34
1 14 866
14 1 866
1 50 893
50 1 893
2 6 270
6 2 270
2 9 38
9 2 38
2 36 952
36 2 952
2 12 316
12 2 316
2 39 480
39 2 480
3 5 546
5 3 546
3 12 468
12 3 468
4 8 184
8 4 184
4 16 707
16 4 707
4 39 500
39 4 500
4 43 479
43 4 479
4 13 149
13 4 149
4 37 298
37 4 298
4 24 772
24 4 772
4 8 527
8 4 527
5 11 747
11 5 747
5 20 29
20 5 29
5 23 539
23 5 539
5 38 562
38 5 562
5 44 107
44 5 107
5 28 677
28 5 677
5 29 192
29 5 192
5 9 89
9 5 89
5 15 220
15 5 220
6 10 520
10 6 520
6 13 506
13 6 506
6 26 198
26 6 198
6 40 710
40 6 710
6 32 110
32 6 110
6 10 168
10 6 168
6 28 905
28 6 905
6 11 14
11 6 14
6 20 110
20 6 110
6 37 94
37 6 94
7 14 852
14 7 852
7 18 121
18 7 121
7 21 271
21 7 271
7 11 361
11 7 361
7 42 984
42 7 984
7 29 222
29 7 222
7 36 740
36 7 740
7 21 305
21 7 305
8 22 574
22 8 574
8 48 374
48 8 374
8 15 535
15 8 535
8 46 151
46 8 151
8 21 616
21 8 616
8 35 156
35 8 156
9 17 168
17 9 168
9 19 446
19 9 446
9 32 418
32 9 418
9 11 509
11 9 509
9 33 473
33 9 473
9 40 948
40 9 948
9 18 33
18 9 33
10 15 989
15 10 989
10 24 721
24 10 721
10 42 337
42 10 337
10 23 283
23 10 283
11 47 653
47 11 653
11 42 136
42 11 136
11 27 242
27 11 242
11 44 752
44 11 752
11 14 760
14 11 760
11 15 285
15 11 285
12 28 434
28 12 434
12 24 306
24 12 306
12 49 229
49 12 229
12 25 824
25 12 824
12 23 716
23 12 716
12 43 565
43 12 565
13 25 196
25 13 196
13 51 276
51 13 276
14 21 42
21 14 42
14 41 258
41 14 258
14 42 370
42 14 370
14 42 73
42 14 73
15 33 240
33 15 240
15 17 870
17 15 870
16 50 180
50 16 180
16 37 913
37 16 913
16 38 656
38 16 656
16 16 777
16 16 777
16 39 714
39 16 714
16 18 341
18 16 341
16 25 403
25 16 403
17 30 916
30 17 916
17 46 860
46 17 860
17 30 842
30 17 842
17 34 746
34 17 746
17 41 957
41 17 957
18 46 314
46 18 314
18 35 8
35 18 8
18 29 467
29 18 467
18 34 21
34 18 21
18 48 555
48 18 555
19 36 137
36 19 137
20 25 608
25 20 608
20 39 639
39 20 639
20 45 446
45 20 446
21 29 28
29 21 28
21 22 94
22 21 94
21 50 7
50 21 7
21 47 3
47 21 3
21 38 859
38 21 859
22 35 215
35 22 215
23 27 600
27 23 600
23 28 555
28 23 555
23 39 588
39 23 588
25 37 916
37 25 916
25 42 685
42 25 685
26 37 735
37 26 735
26 47 511
47 26 511
26 27 18
27 26 18
27 34 471
34 27 471
27 41 531
41 27 531
27 41 114
41 27 114
28 43 973
43 28 973
29 31 334
31 29 334
29 48 606
48 29 606
29 35 48
35 29 48
30 33 580
33 30 580
30 50 882
50 30 882
30 51 446
51 30 446
30 32 72
32 30 72
31 39 155
39 31 155
32 34 254
34 32 254
32 48 250
48 32 250
33 45 802
45 33 802
33 49 662
49 33 662
34 46 858
46 34 858
36 48 2
48 36 2
38 51 403
51 38 403
38 46 944
46 38 944
38 51 967
51 38 967
39 42 692
42 39 692
40 49 403
49 40 403
42 47 506
47 42 506
44 48 376
48 44 376
46 46 266
46 46 266
