97

0 1 343
1 0 343
0 47 866
47 0 866
0 46 18
46 0 18
0 96 804
96 0 804
0 58 809
58 0 809
0 10 782
10 0 782
0 14 662
14 0 662
0 26 744
26 0 744
0 48 446
48 0 446
0 4 107
4 0 107
0 54 947
54 0 947
0 5 239
5 0 239
0 92 519
92 0 519
1 2 885
2 1 885
1 7 23
7 1 23
1 85 271
85 1 271
1 40 281
40 1 281
1 4 746
4 1 746
1 29 116
29 1 116
1 34 523
34 1 523
1 31 653
31 1 653
1 18 948
18 1 948
1 26 233
26 1 233
1 3 781
3 1 781
2 3 11
3 2 11
2 4 451
4 2 451
2 18 538
18 2 538
2 8 637
8 2 637
2 16 147
16 2 147
2 75 403
75 2 403
2 30 882
30 2 882
2 63 291
63 2 291
2 63 318
63 2 318
2 22 22
22 2 22
2 96 301
96 2 301
2 77 517
77 2 517
2 45 255
45 2 255
2 35 571
35 2 571
2 95 144
95 2 144
2 59 200
59 2 200
2 8 16
8 2 16
3 5 195
5 3 195
3 11 397
11 3 397
3 48 21
48 3 21
3 84 433
84 3 433
3 14 850
14 3 850
3 7 851
7 3 851
3 52 271
52 3 271
3 79 133
79 3 133
3 37 346
37 3 346
3 50 325
50 3 325
3 86 264
86 3 264
3 48 899
48 3 899
4 6 487
6 4 487
4 9 604
9 4 604
4 12 152
12 4 152
4 16 571
16 4 571
4 23 792
23 4 792
4 67 93
67 4 93
4 31 21
31 4 21
4 18 181
18 4 181
4 9 401
9 4 401
4 51 470
51 4 470
4 88 48
88 4 48
4 90 245
90 4 245
4 67 112
67 4 112
4 87 967
87 4 967
4 79 514
79 4 514
5 10 61
10 5 61
5 21 391
21 5 391
5 22 49
22 5 49
5 28 272
28 5 272
5 17 220
17 5 220
5 81 247
81 5 247
5 96 172
96 5 172
5 49 311
49 5 311
6 8 734
8 6 734
6 20 563
20 6 563
6 35 746
35 6 746
6 15 828
15 6 828
6 91 1000
91 6 1000
6 77 341
77 6 341
6 90 323
90 6 323
6 36 402
36 6 402
6 76 313
76 6 313
6 73 760
73 6 760
7 24 556
24 7 556
7 34 567
34 7 567
7 78 235
78 7 235
7 80 394
80 7 394
7 22 443
22 7 443
7 29 511
29 7 511
7 44 426
44 7 426
7 62 424
62 7 424
7 29 403
29 7 403
7 88 258
88 7 258
8 15 173
15 8 173
8 19 849
19 8 849
8 33 65
33 8 65
8 40 953
40 8 953
8 54 110
54 8 110
8 66 545
66 8 545
8 79 825
79 8 825
8 12 157
12 8 157
8 22 896
22 8 896
8 42 75
42 8 75
8 44 485
44 8 485
8 15 153
15 8 153
8 40 512
40 8 512
8 74 88
74 8 88
8 25 226
25 8 226
8 36 333
36 8 333
9 42 452
42 9 452
9 43 771
43 9 771
9 70 205
70 9 205
9 47 767
47 9 767
9 71 122
71 9 122
9 28 98
28 9 98
9 16 792
16 9 792
9 35 656
35 9 656
9 30 235
30 9 235
10 36 672
36 10 672
10 57 429
57 10 429
10 46 963
46 10 963
10 52 220
52 10 220
10 16 523
16 10 523
10 77 838
77 10 838
11 13 699
13 11 699
11 58 540
58 11 540
11 24 244
24 11 244
11 88 259
88 11 259
11 88 530
88 11 530
11 30 139
30 11 139
11 94 896
94 11 896
11 58 778
58 11 778
11 22 721
22 11 721
11 29 702
29 11 702
12 14 944
14 12 944
12 27 655
27 12 655
12 32 424
32 12 424
12 74 482
74 12 482
12 27 942
27 12 942
12 63 418
63 12 418
12 88 941
88 12 941
12 25 543
25 12 543
12 85 3
85 12 3
12 76 851
76 12 851
12 12 358
12 12 358
13 17 105
17 13 105
13 45 555
45 13 555
13 50 886
50 13 886
13 62 428
62 13 428
13 26 564
26 13 564
13 22 835
22 13 835
13 48 284
48 13 284
13 33 246
33 13 246
13 77 968
77 13 968
13 17 786
17 13 786
13 16 425
16 13 425
14 31 694
31 14 694
14 39 922
39 14 922
14 59 246
59 14 246
14 32 331
32 14 331
14 18 782
18 14 782
14 83 139
83 14 139
14 81 93
81 14 93
14 85 309
85 14 309
14 73 373
73 14 373
14 33 98
33 14 98
14 37 724
37 14 724
14 64 433
64 14 433
14 15 755
15 14 755
15 38 320
38 15 320
15 73 187
73 15 187
15 93 489
93 15 489
15 48 347
48 15 347
15 29 511
29 15 511
15 58 112
58 15 112
15 53 185
53 15 185
15 86 357
86 15 357
15 25 850
25 15 850
16 37 651
37 16 651
16 41 53
41 16 53
16 61 168
61 16 168
16 95 690
95 16 690
16 19 903
19 16 903
16 80 696
80 16 696
16 93 879
93 16 879
16 76 754
76 16 754
16 77 639
77 16 639
16 20 5
20 16 5
16 24 741
24 16 741
16 86 208
86 16 208
16 40 39
40 16 39
16 30 543
30 16 543
17 32 870
32 17 870
17 80 948
80 17 948
17 23 659
23 17 659
17 46 627
46 17 627
17 81 622
81 17 622
17 20 748
20 17 748
17 29 125
29 17 125
17 41 859
41 17 859
17 22 723
22 17 723
17 36 603
36 17 603
18 74 636
74 18 636
18 61 401
61 18 401
18 77 934
77 18 934
18 90 474
90 18 474
18 20 1000
20 18 1000
18 41 992
41 18 992
19 26 750
26 19 750
19 25 613
25 19 613
19 36 920
36 19 920
19 89 394
89 19 394
19 29 433
29 19 433
19 29 925
29 19 925
19 67 403
67 19 403
19 66 779
66 19 779
19 74 908
74 19 908
19 72 962
72 19 962
19 24 56
24 19 56
19 67 223
67 19 223
19 68 236
68 19 236
20 26 977
26 20 977
20 52 116
52 20 116
20 92 745
92 20 745
20 74 609
74 20 609
20 95 512
95 20 512
20 69 853
69 20 853
20 24 60
24 20 60
20 66 694
66 20 694
20 22 769
22 20 769
20 38 515
38 20 515
21 76 62
76 21 62
21 26 288
26 21 288
21 27 55
27 21 55
21 75 953
75 21 953
21 27 273
27 21 273
21 44 118
44 21 118
21 61 553
61 21 553
21 51 505
51 21 505
22 60 428
60 22 428
22 63 920
63 22 920
22 62 208
62 22 208
22 63 566
63 22 566
22 23 216
23 22 216
22 88 32
88 22 32
22 41 591
41 22 591
22 79 782
79 22 782
23 25 211
25 23 211
23 49 336
49 23 336
23 86 161
86 23 161
23 71 53
71 23 53
23 32 140
32 23 140
23 49 269
49 23 269
23 72 894
72 23 894
24 46 118
46 24 118
24 28 432
28 24 432
24 60 583
60 24 583
24 71 887
71 24 887
24 26 832
26 24 832
25 52 967
52 25 967
25 27 499
27 25 499
25 27 186
27 25 186
25 65 737
65 25 737
25 31 377
31 25 377
26 89 225
89 26 225
26 57 499
57 26 499
26 68 716
68 26 716
26 47 840
47 26 840
26 39 746
39 26 746
26 54 43
54 26 43
26 72 491
72 26 491
26 87 497
87 26 497
27 29 679
29 27 679
27 30 23
30 27 23
27 63 386
63 27 386
27 76 580
76 27 580
27 33 299
33 27 299
27 32 579
32 27 579
27 63 534
63 27 534
27 52 66
52 27 66
27 62 72
62 27 72
28 80 557
80 28 557
28 33 6
33 28 6
28 60 778
60 28 778
28 73 720
73 28 720
28 80 338
80 28 338
28 66 358
66 28 358
28 72 823
72 28 823
28 79 102
79 28 102
28 96 4
96 28 4
28 76 638
76 28 638
28 85 890
85 28 890
29 55 580
55 29 580
29 65 260
65 29 260
29 63 182
63 29 182
29 40 436
40 29 436
29 75 74
75 29 74
29 52 169
52 29 169
29 44 285
44 29 285
29 44 249
44 29 249
29 79 770
79 29 770
30 83 191
83 30 191
30 63 570
63 30 570
30 51 629
51 30 629
30 71 632
71 30 632
30 66 565
66 30 565
30 96 992
96 30 992
30 58 600
58 30 600
31 93 197
93 31 197
31 42 436
42 31 436
31 83 879
83 31 879
31 96 26
96 31 26
31 90 205
90 31 205
32 34 266
34 32 266
32 51 798
51 32 798
32 65 391
65 32 391
32 61 829
61 32 829
32 86 637
86 32 637
33 60 574
60 33 574
33 91 607
91 33 607
33 94 419
94 33 419
33 45 524
45 33 524
33 64 634
64 33 634
33 90 437
90 33 437
34 81 847
81 34 847
34 53 938
53 34 938
34 59 505
59 34 505
34 47 342
47 34 342
34 49 483
49 34 483
34 64 154
64 34 154
35 44 893
44 35 893
35 92 402
92 35 402
35 72 998
72 35 998
35 76 34
76 35 34
35 45 649
45 35 649
35 60 912
60 35 912
35 71 937
71 35 937
35 75 627
75 35 627
36 76 356
76 36 356
36 69 64
69 36 64
36 65 280
65 36 280
36 84 476
84 36 476
36 44 557
44 36 557
37 93 639
93 37 639
37 95 944
95 37 944
37 77 198
77 37 198
37 48 534
48 37 534
37 52 790
52 37 790
38 53 814
53 38 814
38 72 798
72 38 798
38 87 390
87 38 390
38 51 288
51 38 288
38 84 934
84 38 934
38 72 299
72 38 299
38 46 678
46 38 678
38 92 449
92 38 449
38 45 979
45 38 979
38 68 748
68 38 748
38 81 346
81 38 346
39 39 515
39 39 515
39 80 407
80 39 407
39 68 498
68 39 498
39 72 311
72 39 311
39 81 969
81 39 969
39 89 667
89 39 667
39 76 305
76 39 305
39 62 192
62 39 192
40 87 644
87 40 644
40 80 746
80 40 746
40 41 491
41 40 491
40 78 3
78 40 3
41 46 951
46 41 951
41 51 274
51 41 274
41 82 684
82 41 684
41 92 112
92 41 112
41 66 255
66 41 255
41 72 104
72 41 104
41 62 329
62 41 329
41 69 238
69 41 238
41 61 327
61 41 327
41 54 692
54 41 692
41 69 935
69 41 935
41 50 110
50 41 110
42 68 451
68 42 451
42 52 52
52 42 52
42 61 916
61 42 916
42 54 40
54 42 40
43 86 573
86 43 573
43 81 337
81 43 337
43 76 550
76 43 550
43 54 414
54 43 414
43 63 408
63 43 408
43 74 550
74 43 550
43 93 22
93 43 22
43 50 246
50 43 246
43 66 816
66 43 816
43 89 765
89 43 765
44 69 78
69 44 78
44 88 144
88 44 144
44 70 668
70 44 668
44 76 424
76 44 424
45 79 115
79 45 115
45 55 227
55 45 227
45 59 584
59 45 584
45 65 38
65 45 38
45 89 280
89 45 280
45 68 485
68 45 485
46 71 142
71 46 142
46 62 539
62 46 539
46 48 86
48 46 86
46 82 395
82 46 395
46 86 415
86 46 415
46 53 511
53 46 511
46 47 663
47 46 663
47 90 432
90 47 432
47 94 321
94 47 321
47 92 822
92 47 822
47 48 404
48 47 404
47 90 51
90 47 51
47 50 733
50 47 733
47 84 714
84 47 714
47 88 755
88 47 755
47 90 507
90 47 507
48 71 316
71 48 316
48 51 507
51 48 507
48 83 554
83 48 554
48 73 840
73 48 840
48 80 4
80 48 4
49 62 634
62 49 634
49 89 237
89 49 237
49 81 232
81 49 232
50 56 837
56 50 837
50 78 342
78 50 342
50 77 332
77 50 332
50 78 741
78 50 741
50 55 687
55 50 687
51 65 102
65 51 102
51 58 366
58 51 366
51 76 821
76 51 821
51 72 760
72 51 760
51 85 748
85 51 748
52 78 65
78 52 65
52 81 790
81 52 790
52 55 531
55 52 531
52 77 297
77 52 297
53 65 710
65 53 710
53 66 88
66 53 88
53 68 851
68 53 851
54 56 410
56 54 410
54 84 310
84 54 310
54 86 642
86 54 642
54 68 246
68 54 246
54 89 523
89 54 523
55 91 856
91 55 856
55 93 877
93 55 877
55 57 476
57 55 476
55 89 128
89 55 128
55 68 947
68 55 947
55 94 530
94 55 530
55 80 37
80 55 37
56 70 979
70 56 979
56 69 76
69 56 76
56 92 621
92 56 621
56 57 385
57 56 385
56 80 813
80 56 813
56 63 847
63 56 847
56 75 724
75 56 724
57 64 995
64 57 995
57 70 279
70 57 279
57 75 638
75 57 638
57 84 446
84 57 446
57 78 441
78 57 441
57 60 51
60 57 51
57 92 265
92 57 265
58 72 717
72 58 717
58 71 929
71 58 929
58 92 372
92 58 372
58 87 541
87 58 541
58 65 248
65 58 248
58 68 833
68 58 833
59 75 998
75 59 998
59 93 702
93 59 702
59 63 345
63 59 345
60 70 970
70 60 970
60 65 184
65 60 184
60 66 799
66 60 799
60 95 235
95 60 235
61 89 927
89 61 927
61 81 844
81 61 844
61 89 677
89 61 677
61 75 694
75 61 694
62 89 655
89 62 655
62 92 474
92 62 474
63 65 428
65 63 428
63 76 254
76 63 254
64 87 436
87 64 436
64 89 880
89 64 880
64 81 930
81 64 930
64 79 563
79 64 563
65 85 311
85 65 311
65 70 512
70 65 512
65 88 293
88 65 293
65 75 422
75 65 422
66 77 373
77 66 373
66 85 31
85 66 31
67 79 468
79 67 468
67 93 603
93 67 603
68 93 754
93 68 754
68 76 203
76 68 203
69 75 697
75 69 697
69 84 113
84 69 113
69 72 140
72 69 140
69 87 208
87 69 208
70 77 777
77 70 777
70 91 767
91 70 767
70 74 573
74 70 573
70 73 617
73 70 617
71 75 639
75 71 639
71 86 859
86 71 859
71 86 33
86 71 33
71 73 703
73 71 703
72 82 973
82 72 973
72 82 305
82 72 305
73 91 232
91 73 232
73 96 32
96 73 32
74 82 366
82 74 366
74 81 402
81 74 402
76 90 907
90 76 907
76 77 798
77 76 798
76 96 391
96 76 391
76 77 481
77 76 481
77 88 419
88 77 419
77 89 627
89 77 627
78 79 152
79 78 152
79 88 12
88 79 12
80 92 105
92 80 105
81 90 688
90 81 688
81 83 110
83 81 110
83 85 701
85 83 701
83 88 921
88 83 921
83 85 654
85 83 654
84 91 598
91 84 598
84 93 705
93 84 705
84 85 984
85 84 984
84 92 426
92 84 426
85 87 129
87 85 129
86 96 171
96 86 171
86 95 524
95 86 524
87 92 250
92 87 250
87 94 914
94 87 914
88 96 333
96 88 333
89 93 979
93 89 979
89 96 247
96 89 247
90 93 260
93 90 260
92 95 842
95 92 842
92 95 196
95 92 196
