53

0 1 261
1 0 261
0 2 21
2 0 21
0 4 67
4 0 67
0 14 539
14 0 539
0 20 613
20 0 613
0 21 739
21 0 739
0 3 141
3 0 141
1 5 826
5 1 826
1 33 492
33 1 492
1 48 504
48 1 504
1 18 938
18 1 938
1 14 549
14 1 549
1 16 373
16 1 373
1 29 565
29 1 565
1 28 365
28 1 365
1 30 444
30 1 444
2 3 320
3 2 320
2 7 472
7 2 472
2 15 511
15 2 511
2 14 50
14 2 50
2 20 589
20 2 589
2 40 794
40 2 794
2 51 32
51 2 32
3 37 156
37 3 156
3 51 487
51 3 487
3 22 8
22 3 8
3 42 450
42 3 450
4 26 585
26 4 585
4 31 874
31 4 874
4 29 133
29 4 133
4 10 972
10 4 972
5 6 964
6 5 964
5 20 879
20 5 879
5 22 732
22 5 732
5 42 549
42 5 549
5 43 894
43 5 894
5 45 206
45 5 206
5 22 23
22 5 23
6 19 371
19 6 371
6 9 38
9 6 38
6 38 870
38 6 870
7 8 190
8 7 190
7 9 126
9 7 126
7 16 791
16 7 791
7 29 303
29 7 303
7 26 25
26 7 25
7 36 386
36 7 386
7 43 840
43 7 840
8 10 550
10 8 550
8 12 492
12 8 492
8 17 935
17 8 935
8 50 770
50 8 770
8 52 65
52 8 65
8 50 490
50 8 490
9 13 631
13 9 631
9 25 308
25 9 308
9 52 682
52 9 682
9 34 798
34 9 798
9 40 989
40 9 989
10 11 557
11 10 557
10 36 267
36 10 267
10 31 330
31 10 330
10 33 734
33 10 734
10 26 150
26 10 150
10 46 958
46 10 958
10 11 206
11 10 206
11 37 562
37 11 562
11 17 808
17 11 808
11 42 816
42 11 816
11 12 71
12 11 71
11 49 453
49 11 453
12 15 271
15 12 271
12 49 113
49 12 113
12 38 480
38 12 480
12 44 617
44 12 617
12 19 958
19 12 958
12 25 17
25 12 17
12 17 949
17 12 949
13 25 213
25 13 213
13 32 132
32 13 132
14 31 242
31 14 242
14 19 526
19 14 526
14 37 48
37 14 48
14 47 849
47 14 849
15 18 603
18 15 603
15 15 93
15 15 93
15 45 346
45 15 346
15 51 267
51 15 267
15 28 397
28 15 397
15 15 560
15 15 560
16 45 783
45 16 783
16 51 307
51 16 307
16 27 677
27 16 677
16 25 281
25 16 281
16 22 486
22 16 486
16 29 985
29 16 985
16 44 576
44 16 576
17 19 567
19 17 567
17 27 760
27 17 760
17 42 928
42 17 928
18 23 688
23 18 688
18 26 297
26 18 297
18 35 676
35 18 676
18 44 44
44 18 44
18 33 32
33 18 32
18 21 241
21 18 241
18 42 678
42 18 678
19 24 855
24 19 855
19 43 542
43 19 542
19 46 971
46 19 971
19 34 603
34 19 603
20 21 295
21 20 295
20 47 380
47 20 380
20 34 414
34 20 414
20 46 711
46 20 711
20 35 238
35 20 238
20 39 355
39 20 355
21 28 993
28 21 993
21 42 930
42 21 930
21 36 693
36 21 693
21 49 666
49 21 666
22 30 865
30 22 865
22 39 902
39 22 902
22 37 156
37 22 156
22 31 757
31 22 757
22 32 372
32 22 372
22 30 414
30 22 414
23 38 474
38 23 474
23 39 663
39 23 663
24 25 451
25 24 451
25 27 788
27 25 788
25 31 457
31 25 457
25 48 138
48 25 138
26 38 534
38 26 534
26 48 995
48 26 995
26 40 840
40 26 840
26 48 506
48 26 506
27 34 838
34 27 838
28 46 152
46 28 152
28 39 250
39 28 250
28 50 666
50 28 666
29 41 641
41 29 641
29 34 150
34 29 150
29 34 350
34 29 350
29 52 736
52 29 736
29 47 756
47 29 756
31 32 179
32 31 179
31 37 680
37 31 680
31 45 222
45 31 222
32 48 571
48 32 571
32 38 925
38 32 925
32 34 656
34 32 656
32 44 950
44 32 950
33 51 711
51 33 711
33 34 448
34 33 448
33 47 783
47 33 783
33 41 705
41 33 705
33 47 110
47 33 110
33 43 634
43 33 634
34 37 497
37 34 497
34 51 742
51 34 742
34 42 667
42 34 667
35 39 795
39 35 795
35 42 885
42 35 885
36 41 905
41 36 905
37 40 31
40 37 31
39 46 659
46 39 659
41 52 742
52 41 742
41 47 758
47 41 758
42 44 379
44 42 379
44 49 609
49 44 609
45 49 948
49 45 948
45 47 258
47 45 258
45 45 596
45 45 596
48 50 717
50 48 717
49 52 354
52 49 354
