38

0 1 730
1 0 730
0 2 752
2 0 752
0 1 897
1 0 897
1 4 989
4 1 989
1 7 379
7 1 379
1 14 260
14 1 260
2 3 790
3 2 790
2 6 753
6 2 753
3 5 291
5 3 291
3 16 641
16 3 641
3 18 856
18 3 856
3 31 24
31 3 24
3 30 904
30 3 904
3 21 743
21 3 743
3 34 247
34 3 247
3 27 300
27 3 300
4 15 951
15 4 951
4 33 565
33 4 565
5 9 598
9 5 598
5 26 324
26 5 324
5 29 183
29 5 183
5 34 154
34 5 154
5 35 942
35 5 942
5 26 123
26 5 123
5 24 155
24 5 155
5 10 406
10 5 406
6 11 1000
11 6 1000
6 18 837
18 6 837
7 8 411
8 7 411
7 36 141
36 7 141
8 10 104
10 8 104
8 13 492
13 8 492
8 19 748
19 8 748
8 24 375
24 8 375
8 37 974
37 8 974
9 17 780
17 9 780
9 27 398
27 9 398
9 36 137
36 9 137
9 9 117
9 9 117
9 31 861
31 9 861
9 11 549
11 9 549
10 12 994
12 10 994
10 20 117
20 10 117
10 37 155
37 10 155
10 24 374
24 10 374
11 33 35
33 11 35
11 13 244
13 11 244
11 37 18
37 11 18
13 23 43
23 13 43
13 33 993
33 13 993
14 22 946
22 14 946
14 25 141
25 14 141
14 25 964
25 14 964
15 21 279
21 15 279
16 31 201
31 16 201
16 31 489
31 16 489
16 23 348
23 16 348
17 28 775
28 17 775
19 30 637
30 19 637
19 37 294
37 19 294
19 24 393
24 19 393
19 37 130
37 19 130
20 32 594
32 20 594
20 35 991
35 20 991
21 28 9
28 21 9
21 25 929
25 21 929
21 31 404
31 21 404
22 25 755
25 22 755
22 27 176
27 22 176
22 25 52
25 22 52
22 26 109
26 22 109
23 36 417
36 23 417
23 23 229
23 23 229
27 33 33
33 27 33
29 30 701
30 29 701
29 29 173
29 29 173
