71

0 1 641
1 0 641
0 16 515
16 0 515
0 65 240
65 0 240
0 48 807
48 0 807
0 25 742
25 0 742
0 32 718
32 0 718
0 41 630
41 0 630
0 11 827
11 0 827
0 61 10
61 0 10
0 44 744
44 0 744
0 44 269
44 0 269
0 53 666
53 0 666
1 2 128
2 1 128
1 4 558
4 1 558
1 5 512
5 1 512
1 6 541
6 1 541
1 7 264
7 1 264
1 17 811
17 1 811
1 44 458
44 1 458
1 25 379
25 1 379
1 17 375
17 1 375
1 29 95
29 1 95
1 12 127
12 1 127
1 42 635
42 1 635
1 58 451
58 1 451
1 22 428
22 1 428
1 19 522
19 1 522
1 54 399
54 1 399
1 37 414
37 1 414
1 28 262
28 1 262
1 70 571
70 1 571
1 62 706
62 1 706
2 3 116
3 2 116
2 10 753
10 2 753
2 23 355
23 2 355
2 54 10
54 2 10
2 23 809
23 2 809
2 52 176
52 2 176
2 41 227
41 2 227
2 20 504
20 2 504
2 20 406
20 2 406
2 11 302
11 2 302
2 62 201
62 2 201
2 61 292
61 2 292
2 59 220
59 2 220
2 60 46
60 2 46
2 66 227
66 2 227
3 9 913
9 3 913
3 19 816
19 3 816
3 47 414
47 3 414
3 48 729
48 3 729
3 18 373
18 3 373
3 8 238
8 3 238
3 23 315
23 3 315
3 56 826
56 3 826
3 27 737
27 3 737
3 55 285
55 3 285
4 8 9
8 4 9
4 12 735
12 4 735
4 65 485
65 4 485
4 39 711
39 4 711
4 38 902
38 4 902
4 62 681
62 4 681
4 22 344
22 4 344
4 68 244
68 4 244
4 68 991
68 4 991
4 4 521
4 4 521
4 61 175
61 4 175
4 64 734
64 4 734
4 27 790
27 4 790
4 40 164
40 4 164
5 38 929
38 5 929
5 17 227
17 5 227
5 6 522
6 5 522
5 23 995
23 5 995
5 60 379
60 5 379
5 37 190
37 5 190
5 21 695
21 5 695
5 9 857
9 5 857
5 70 889
70 5 889
5 56 418
56 5 418
5 32 851
32 5 851
5 62 355
62 5 355
5 15 655
15 5 655
5 56 230
56 5 230
5 22 140
22 5 140
5 59 914
59 5 914
5 17 921
17 5 921
5 27 677
27 5 677
6 24 349
24 6 349
6 31 259
31 6 259
6 26 88
26 6 88
6 43 569
43 6 569
6 27 177
27 6 177
6 10 243
10 6 243
6 26 989
26 6 989
6 39 492
39 6 492
6 45 224
45 6 224
7 40 702
40 7 702
7 26 841
26 7 841
7 32 259
32 7 259
7 22 588
22 7 588
7 18 390
18 7 390
7 62 750
62 7 750
7 31 855
31 7 855
7 27 879
27 7 879
7 33 694
33 7 694
7 64 66
64 7 66
7 17 928
17 7 928
7 9 242
9 7 242
8 11 952
11 8 952
8 13 931
13 8 931
8 22 683
22 8 683
8 9 474
9 8 474
8 65 885
65 8 885
8 45 93
45 8 93
8 20 909
20 8 909
8 39 884
39 8 884
8 34 39
34 8 39
8 54 989
54 8 989
9 14 70
14 9 70
9 15 181
15 9 181
9 41 301
41 9 301
9 51 651
51 9 651
9 57 49
57 9 49
9 53 822
53 9 822
9 67 203
67 9 203
9 46 249
46 9 249
9 44 721
44 9 721
9 52 935
52 9 935
9 13 268
13 9 268
9 61 402
61 9 402
9 69 129
69 9 129
9 28 628
28 9 628
10 28 284
28 10 284
10 34 627
34 10 627
10 46 672
46 10 672
10 38 358
38 10 358
10 10 614
10 10 614
10 35 239
35 10 239
10 37 498
37 10 498
10 26 372
26 10 372
10 65 597
65 10 597
10 45 605
45 10 605
10 45 701
45 10 701
11 35 908
35 11 908
11 50 955
50 11 955
11 69 265
69 11 265
11 49 446
49 11 446
11 59 108
59 11 108
11 29 900
29 11 900
11 42 458
42 11 458
11 69 641
69 11 641
11 59 743
59 11 743
11 32 630
32 11 630
12 26 939
26 12 939
12 31 305
31 12 305
12 53 842
53 12 842
12 41 768
41 12 768
12 51 899
51 12 899
12 61 90
61 12 90
12 44 519
44 12 519
12 63 28
63 12 28
12 56 599
56 12 599
12 20 984
20 12 984
13 25 618
25 13 618
13 41 59
41 13 59
13 48 293
48 13 293
13 69 189
69 13 189
13 37 111
37 13 111
13 36 371
36 13 371
13 58 279
58 13 279
13 17 362
17 13 362
13 15 138
15 13 138
13 68 981
68 13 981
13 38 242
38 13 242
14 30 553
30 14 553
14 58 852
58 14 852
14 25 280
25 14 280
14 50 483
50 14 483
14 56 312
56 14 312
14 32 24
32 14 24
14 59 561
59 14 561
14 50 639
50 14 639
14 43 333
43 14 333
15 20 12
20 15 12
15 29 975
29 15 975
15 37 34
37 15 34
15 46 629
46 15 629
15 44 580
44 15 580
15 25 765
25 15 765
15 59 396
59 15 396
15 43 30
43 15 30
15 22 320
22 15 320
15 48 929
48 15 929
15 42 216
42 15 216
15 17 316
17 15 316
16 20 439
20 16 439
16 20 228
20 16 228
16 52 318
52 16 318
16 53 798
53 16 798
16 57 116
57 16 116
16 38 353
38 16 353
16 17 218
17 16 218
16 65 139
65 16 139
16 35 208
35 16 208
16 52 803
52 16 803
16 41 138
41 16 138
17 18 390
18 17 390
17 21 550
21 17 550
17 63 699
63 17 699
17 56 289
56 17 289
17 51 94
51 17 94
17 51 810
51 17 810
17 23 552
23 17 552
17 54 190
54 17 190
17 63 937
63 17 937
17 39 739
39 17 739
18 66 359
66 18 359
18 58 889
58 18 889
18 24 102
24 18 102
18 34 302
34 18 302
18 42 249
42 18 249
18 61 355
61 18 355
18 70 86
70 18 86
18 32 20
32 18 20
18 67 429
67 18 429
18 58 536
58 18 536
19 27 516
27 19 516
19 32 433
32 19 433
19 41 959
41 19 959
19 56 491
56 19 491
19 42 117
42 19 117
19 39 746
39 19 746
19 36 977
36 19 977
19 48 410
48 19 410
20 55 346
55 20 346
20 30 703
30 20 703
20 47 754
47 20 754
20 57 803
57 20 803
20 26 649
26 20 649
20 27 526
27 20 526
20 42 407
42 20 407
20 28 792
28 20 792
20 47 445
47 20 445
21 55 149
55 21 149
21 29 539
29 21 539
21 66 890
66 21 890
21 39 959
39 21 959
21 33 411
33 21 411
22 33 291
33 22 291
22 42 853
42 22 853
22 66 197
66 22 197
22 69 313
69 22 313
22 32 357
32 22 357
22 41 964
41 22 964
22 65 855
65 22 855
23 37 356
37 23 356
23 54 220
54 23 220
23 69 75
69 23 75
23 34 573
34 23 573
24 45 164
45 24 164
24 49 381
49 24 381
24 36 762
36 24 762
24 49 880
49 24 880
24 50 16
50 24 16
24 62 554
62 24 554
24 63 311
63 24 311
24 53 109
53 24 109
25 32 545
32 25 545
25 67 700
67 25 700
25 65 842
65 25 842
25 53 88
53 25 88
25 41 578
41 25 578
25 36 530
36 25 530
25 34 294
34 25 294
26 62 873
62 26 873
26 34 521
34 26 521
26 70 9
70 26 9
26 64 348
64 26 348
26 61 354
61 26 354
26 33 268
33 26 268
26 37 966
37 26 966
27 69 871
69 27 871
27 68 391
68 27 391
27 38 187
38 27 187
27 52 310
52 27 310
27 32 842
32 27 842
27 49 37
49 27 37
28 63 423
63 28 423
28 62 221
62 28 221
28 66 109
66 28 109
28 61 743
61 28 743
28 61 127
61 28 127
28 42 105
42 28 105
29 51 85
51 29 85
29 33 551
33 29 551
30 57 378
57 30 378
30 61 883
61 30 883
30 41 656
41 30 656
30 37 357
37 30 357
30 42 199
42 30 199
31 56 949
56 31 949
31 55 467
55 31 467
31 67 629
67 31 629
31 37 749
37 31 749
31 44 482
44 31 482
31 33 282
33 31 282
31 34 107
34 31 107
31 48 176
48 31 176
31 46 845
46 31 845
31 70 36
70 31 36
31 55 115
55 31 115
32 39 509
39 32 509
32 43 398
43 32 398
32 70 909
70 32 909
32 59 55
59 32 55
32 57 988
57 32 988
32 33 901
33 32 901
33 61 563
61 33 563
33 47 106
47 33 106
33 69 304
69 33 304
33 63 887
63 33 887
33 39 727
39 33 727
34 36 787
36 34 787
34 62 124
62 34 124
34 64 145
64 34 145
34 67 645
67 34 645
35 41 831
41 35 831
35 53 698
53 35 698
35 65 87
65 35 87
35 64 596
64 35 596
35 62 561
62 35 561
35 61 214
61 35 214
35 56 932
56 35 932
35 52 371
52 35 371
35 56 443
56 35 443
35 51 857
51 35 857
35 36 578
36 35 578
35 46 383
46 35 383
35 50 8
50 35 8
35 58 577
58 35 577
35 50 963
50 35 963
36 56 552
56 36 552
36 67 62
67 36 62
36 69 47
69 36 47
36 58 319
58 36 319
36 52 486
52 36 486
36 68 244
68 36 244
37 52 162
52 37 162
37 47 236
47 37 236
38 56 15
56 38 15
38 48 507
48 38 507
38 63 530
63 38 530
39 58 154
58 39 154
39 52 98
52 39 98
39 57 909
57 39 909
39 49 643
49 39 643
39 69 892
69 39 892
39 62 52
62 39 52
39 63 164
63 39 164
39 47 396
47 39 396
39 49 492
49 39 492
39 49 968
49 39 968
40 44 156
44 40 156
40 54 762
54 40 762
41 52 99
52 41 99
41 61 264
61 41 264
41 59 182
59 41 182
41 67 854
67 41 854
42 56 341
56 42 341
42 48 312
48 42 312
42 69 984
69 42 984
42 47 970
47 42 970
43 59 27
59 43 27
43 68 279
68 43 279
43 55 614
55 43 614
43 60 716
60 43 716
44 59 726
59 44 726
44 65 87
65 44 87
44 49 125
49 44 125
44 53 667
53 44 667
44 54 361
54 44 361
44 60 635
60 44 635
44 44 459
44 44 459
44 46 628
46 44 628
45 70 944
70 45 944
45 47 214
47 45 214
45 55 226
55 45 226
45 63 985
63 45 985
45 47 823
47 45 823
45 57 267
57 45 267
45 69 785
69 45 785
46 64 464
64 46 464
46 53 868
53 46 868
46 57 799
57 46 799
46 56 296
56 46 296
46 63 99
63 46 99
46 49 379
49 46 379
47 54 822
54 47 822
47 48 165
48 47 165
47 66 40
66 47 40
47 66 905
66 47 905
48 49 425
49 48 425
48 50 397
50 48 397
48 57 90
57 48 90
49 60 394
60 49 394
49 55 574
55 49 574
49 61 596
61 49 596
49 55 417
55 49 417
49 61 859
61 49 859
49 55 248
55 49 248
49 60 827
60 49 827
50 52 188
52 50 188
50 69 156
69 50 156
50 51 18
51 50 18
51 58 525
58 51 525
51 69 640
69 51 640
51 52 104
52 51 104
52 54 159
54 52 159
52 59 447
59 52 447
52 62 934
62 52 934
52 67 921
67 52 921
53 62 95
62 53 95
53 65 257
65 53 257
54 65 37
65 54 37
55 69 970
69 55 970
55 59 639
59 55 639
56 62 579
62 56 579
56 66 712
66 56 712
56 64 442
64 56 442
56 57 704
57 56 704
57 62 203
62 57 203
57 65 52
65 57 52
57 57 439
57 57 439
57 70 913
70 57 913
58 68 901
68 58 901
58 66 735
66 58 735
58 61 363
61 58 363
58 60 257
60 58 257
59 60 890
60 59 890
59 69 114
69 59 114
60 65 888
65 60 888
60 66 96
66 60 96
60 67 297
67 60 297
60 68 51
68 60 51
63 66 664
66 63 664
64 64 164
64 64 164
64 66 781
66 64 781
64 66 268
66 64 268
65 66 293
66 65 293
66 66 397
66 66 397
67 68 962
68 67 962
67 70 983
70 67 983
