73

0 1 114
1 0 114
0 6 188
6 0 188
0 7 414
7 0 414
0 14 264
14 0 264
0 16 603
16 0 603
0 27 277
27 0 277
0 15 474
15 0 474
0 41 947
41 0 947
0 63 321
63 0 321
0 56 499
56 0 499
0 59 333
59 0 333
0 36 150
36 0 150
0 45 165
45 0 165
0 66 45
66 0 45
0 17 831
17 0 831
0 23 470
23 0 470
0 8 993
8 0 993
0 48 926
48 0 926
1 2 60
2 1 60
1 3 196
3 1 196
1 11 582
11 1 582
1 23 460
23 1 460
1 48 100
48 1 100
1 11 94
11 1 94
1 34 769
34 1 769
1 67 303
67 1 303
1 25 381
25 1 381
1 34 54
34 1 54
1 33 146
33 1 146
1 56 757
56 1 757
1 15 370
15 1 370
1 42 340
42 1 340
1 15 176
15 1 176
2 28 166
28 2 166
2 46 681
46 2 681
2 27 375
27 2 375
2 13 306
13 2 306
2 26 518
26 2 518
2 50 922
50 2 922
2 71 927
71 2 927
2 61 550
61 2 550
2 28 377
28 2 377
2 42 677
42 2 677
2 67 452
67 2 452
3 4 426
4 3 426
3 12 306
12 3 306
3 31 920
31 3 920
3 36 305
36 3 305
3 6 426
6 3 426
3 42 704
42 3 704
3 8 225
8 3 225
3 59 466
59 3 466
3 56 45
56 3 45
3 49 909
49 3 909
4 5 774
5 4 774
4 9 848
9 4 848
4 24 284
24 4 284
4 28 988
28 4 988
4 56 811
56 4 811
4 40 547
40 4 547
4 26 194
26 4 194
5 8 423
8 5 423
5 10 456
10 5 456
5 68 172
68 5 172
5 57 765
57 5 765
5 54 775
54 5 775
5 16 308
16 5 308
5 62 680
62 5 680
6 37 387
37 6 387
6 67 830
67 6 830
6 24 708
24 6 708
6 38 821
38 6 821
6 11 300
11 6 300
6 40 49
40 6 49
7 13 619
13 7 619
7 44 983
44 7 983
7 28 290
28 7 290
7 65 495
65 7 495
7 53 924
53 7 924
7 25 158
25 7 158
7 21 979
21 7 979
8 15 895
15 8 895
8 18 403
18 8 403
8 19 107
19 8 107
8 21 27
21 8 27
8 72 4
72 8 4
8 45 314
45 8 314
8 14 507
14 8 507
8 28 125
28 8 125
8 53 261
53 8 261
9 22 106
22 9 106
9 54 960
54 9 960
9 26 590
26 9 590
9 72 327
72 9 327
9 49 338
49 9 338
9 69 251
69 9 251
9 49 28
49 9 28
10 43 296
43 10 296
10 61 116
61 10 116
10 48 83
48 10 83
10 42 137
42 10 137
10 63 585
63 10 585
10 44 94
44 10 94
10 51 874
51 10 874
10 47 433
47 10 433
10 15 500
15 10 500
10 57 471
57 10 471
11 26 807
26 11 807
11 47 666
47 11 666
11 51 468
51 11 468
11 17 946
17 11 946
11 65 531
65 11 531
11 26 758
26 11 758
11 14 47
14 11 47
11 25 214
25 11 214
11 69 693
69 11 693
11 12 652
12 11 652
11 13 767
13 11 767
11 19 531
19 11 531
11 51 559
51 11 559
11 33 218
33 11 218
11 43 640
43 11 640
11 55 328
55 11 328
11 53 47
53 11 47
12 17 73
17 12 73
12 44 537
44 12 537
12 53 344
53 12 344
12 60 535
60 12 535
12 67 473
67 12 473
12 35 924
35 12 924
12 58 954
58 12 954
12 27 990
27 12 990
12 38 286
38 12 286
12 65 294
65 12 294
12 15 379
15 12 379
12 68 11
68 12 11
12 45 389
45 12 389
13 29 372
29 13 372
13 70 737
70 13 737
13 62 777
62 13 777
13 29 5
29 13 5
13 29 202
29 13 202
13 66 191
66 13 191
13 23 37
23 13 37
14 25 597
25 14 597
14 39 688
39 14 688
14 56 851
56 14 851
14 27 645
27 14 645
14 28 788
28 14 788
14 37 427
37 14 427
14 43 413
43 14 413
14 42 641
42 14 641
14 63 202
63 14 202
15 28 332
28 15 332
15 61 550
61 15 550
15 40 47
40 15 47
15 31 347
31 15 347
15 70 408
70 15 408
15 56 662
56 15 662
15 23 391
23 15 391
15 56 339
56 15 339
16 69 784
69 16 784
16 71 561
71 16 561
16 70 98
70 16 98
16 56 82
56 16 82
16 21 527
21 16 527
16 38 751
38 16 751
17 20 533
20 17 533
17 69 662
69 17 662
17 44 122
44 17 122
17 64 375
64 17 375
17 64 942
64 17 942
17 67 1000
67 17 1000
17 35 13
35 17 13
17 37 846
37 17 846
17 33 732
33 17 732
17 36 469
36 17 469
17 45 598
45 17 598
17 71 584
71 17 584
17 68 772
68 17 772
17 48 47
48 17 47
17 37 349
37 17 349
18 32 415
32 18 415
18 41 471
41 18 471
18 58 639
58 18 639
18 54 981
54 18 981
18 47 781
47 18 781
18 36 883
36 18 883
18 64 668
64 18 668
18 69 206
69 18 206
19 47 67
47 19 67
19 57 212
57 19 212
19 45 106
45 19 106
19 39 791
39 19 791
19 50 112
50 19 112
19 50 319
50 19 319
19 20 379
20 19 379
19 45 590
45 19 590
20 22 758
22 20 758
20 45 148
45 20 148
20 58 66
58 20 66
20 57 457
57 20 457
20 53 216
53 20 216
20 50 684
50 20 684
20 40 301
40 20 301
21 42 133
42 21 133
21 57 149
57 21 149
21 52 779
52 21 779
21 58 885
58 21 885
21 64 292
64 21 292
21 61 508
61 21 508
21 26 975
26 21 975
21 50 541
50 21 541
22 55 446
55 22 446
22 33 79
33 22 79
22 70 272
70 22 272
22 25 255
25 22 255
22 69 94
69 22 94
22 62 25
62 22 25
22 45 236
45 22 236
22 34 855
34 22 855
22 22 951
22 22 951
23 30 83
30 23 83
23 33 364
33 23 364
23 38 12
38 23 12
23 33 486
33 23 486
23 68 530
68 23 530
23 26 286
26 23 286
23 50 866
50 23 866
23 71 689
71 23 689
23 26 615
26 23 615
24 36 378
36 24 378
24 38 157
38 24 157
24 47 898
47 24 898
24 67 345
67 24 345
24 34 937
34 24 937
24 44 860
44 24 860
24 40 916
40 24 916
25 41 965
41 25 965
25 62 965
62 25 965
25 46 772
46 25 772
25 33 389
33 25 389
25 39 690
39 25 690
26 68 251
68 26 251
26 53 617
53 26 617
26 72 401
72 26 401
26 46 495
46 26 495
26 41 707
41 26 707
26 40 917
40 26 917
26 68 642
68 26 642
26 46 254
46 26 254
26 64 387
64 26 387
27 35 329
35 27 329
27 32 321
32 27 321
27 34 498
34 27 498
28 33 122
33 28 122
28 70 281
70 28 281
28 66 825
66 28 825
28 41 536
41 28 536
28 72 889
72 28 889
28 35 697
35 28 697
28 48 179
48 28 179
28 42 463
42 28 463
28 43 666
43 28 666
28 54 994
54 28 994
29 46 76
46 29 76
29 52 799
52 29 799
29 52 802
52 29 802
29 30 512
30 29 512
29 69 179
69 29 179
29 35 723
35 29 723
29 47 338
47 29 338
29 57 498
57 29 498
29 67 491
67 29 491
30 31 195
31 30 195
30 36 181
36 30 181
30 62 336
62 30 336
30 69 946
69 30 946
31 40 827
40 31 827
31 50 156
50 31 156
31 55 326
55 31 326
31 32 3
32 31 3
31 38 72
38 31 72
31 40 929
40 31 929
31 38 724
38 31 724
31 70 471
70 31 471
32 34 364
34 32 364
32 49 366
49 32 366
32 45 455
45 32 455
32 56 681
56 32 681
32 51 727
51 32 727
32 65 781
65 32 781
32 47 970
47 32 970
32 66 390
66 32 390
33 39 110
39 33 110
33 45 780
45 33 780
33 40 218
40 33 218
33 61 997
61 33 997
34 66 127
66 34 127
34 59 533
59 34 533
34 41 219
41 34 219
35 47 182
47 35 182
35 44 333
44 35 333
36 62 693
62 36 693
36 49 986
49 36 986
36 60 361
60 36 361
36 40 9
40 36 9
36 37 911
37 36 911
36 44 653
44 36 653
37 38 41
38 37 41
37 68 619
68 37 619
37 58 333
58 37 333
37 71 239
71 37 239
37 61 585
61 37 585
38 45 794
45 38 794
38 59 388
59 38 388
38 50 196
50 38 196
38 62 69
62 38 69
39 55 393
55 39 393
39 67 321
67 39 321
39 39 167
39 39 167
39 54 608
54 39 608
39 70 14
70 39 14
40 60 621
60 40 621
40 50 953
50 40 953
40 49 534
49 40 534
40 53 329
53 40 329
40 55 310
55 40 310
40 63 625
63 40 625
41 50 237
50 41 237
41 64 541
64 41 541
41 44 180
44 41 180
42 45 775
45 42 775
42 71 13
71 42 13
43 67 17
67 43 17
43 67 552
67 43 552
43 58 188
58 43 188
43 49 29
49 43 29
43 54 941
54 43 941
43 52 499
52 43 499
44 44 994
44 44 994
44 49 390
49 44 390
44 61 764
61 44 764
45 49 154
49 45 154
45 69 764
69 45 764
46 56 327
56 46 327
46 51 504
51 46 504
46 50 203
50 46 203
46 60 977
60 46 977
47 60 138
60 47 138
47 70 83
70 47 83
48 65 416
65 48 416
48 67 797
67 48 797
48 60 270
60 48 270
48 68 622
68 48 622
48 57 992
57 48 992
49 59 788
59 49 788
49 69 369
69 49 369
49 57 73
57 49 73
50 64 325
64 50 325
50 59 303
59 50 303
51 64 477
64 51 477
51 63 564
63 51 564
52 70 557
70 52 557
52 64 204
64 52 204
52 57 595
57 52 595
52 60 235
60 52 235
53 58 155
58 53 155
54 62 876
62 54 876
54 58 954
58 54 954
55 71 567
71 55 567
55 66 189
66 55 189
55 57 132
57 55 132
56 60 140
60 56 140
56 58 359
58 56 359
57 67 111
67 57 111
57 62 190
62 57 190
57 71 691
71 57 691
57 59 413
59 57 413
59 60 729
60 59 729
59 71 773
71 59 773
60 72 591
72 60 591
60 63 574
63 60 574
61 67 701
67 61 701
61 72 302
72 61 302
61 67 503
67 61 503
62 63 860
63 62 860
62 63 464
63 62 464
62 70 348
70 62 348
62 62 130
62 62 130
63 64 704
64 63 704
64 65 385
65 64 385
65 69 659
69 65 659
66 69 314
69 66 314
70 71 754
71 70 754
71 72 312
72 71 312
