36

0 1 358
1 0 358
0 2 938
2 0 938
0 4 693
4 0 693
0 16 728
16 0 728
0 34 385
34 0 385
0 32 816
32 0 816
0 23 426
23 0 426
0 10 960
10 0 960
0 11 224
11 0 224
0 22 197
22 0 197
0 28 556
28 0 556
0 15 74
15 0 74
1 3 60
3 1 60
1 7 46
7 1 46
1 9 465
9 1 465
1 29 291
29 1 291
1 33 723
33 1 723
1 20 285
20 1 285
1 6 418
6 1 418
2 14 154
14 2 154
2 15 982
15 2 982
2 30 556
30 2 556
2 32 16
32 2 16
2 25 478
25 2 478
3 5 153
5 3 153
3 18 331
18 3 331
3 15 557
15 3 557
4 31 965
31 4 965
4 29 794
29 4 794
4 5 540
5 4 540
4 29 980
29 4 980
4 25 342
25 4 342
4 14 153
14 4 153
5 6 248
6 5 248
5 10 152
10 5 152
5 13 323
13 5 323
5 21 878
21 5 878
5 8 887
8 5 887
5 33 135
33 5 135
6 8 313
8 6 313
6 6 173
6 6 173
6 28 886
28 6 886
7 12 242
12 7 242
7 14 767
14 7 767
8 11 520
11 8 520
8 17 217
17 8 217
8 20 847
20 8 847
8 27 227
27 8 227
9 11 408
11 9 408
9 33 882
33 9 882
9 11 383
11 9 383
9 30 61
30 9 61
9 21 554
21 9 554
9 22 448
22 9 448
10 19 764
19 10 764
10 22 446
22 10 446
10 26 939
26 10 939
10 16 328
16 10 328
11 15 514
15 11 514
11 17 832
17 11 832
11 26 33
26 11 33
12 20 627
20 12 627
12 25 213
25 12 213
12 19 385
19 12 385
12 21 98
21 12 98
14 16 947
16 14 947
14 33 211
33 14 211
14 29 771
29 14 771
14 28 956
28 14 956
15 23 796
23 15 796
15 28 973
28 15 973
15 16 840
16 15 840
15 22 148
22 15 148
15 31 137
31 15 137
15 32 167
32 15 167
16 24 373
24 16 373
17 24 423
24 17 423
17 32 871
32 17 871
17 24 670
24 17 670
17 18 344
18 17 344
18 31 642
31 18 642
19 27 149
27 19 149
19 31 200
31 19 200
20 21 980
21 20 980
21 22 419
22 21 419
22 26 659
26 22 659
23 27 557
27 23 557
23 27 184
27 23 184
23 25 143
25 23 143
23 29 958
29 23 958
24 30 106
30 24 106
24 30 869
30 24 869
24 34 648
34 24 648
25 27 554
27 25 554
26 29 469
29 26 469
26 35 856
35 26 856
27 35 174
35 27 174
27 29 618
29 27 618
28 31 847
31 28 847
29 34 551
34 29 551
29 35 684
35 29 684
30 34 850
34 30 850
