88

0 1 976
1 0 976
0 4 348
4 0 348
0 8 429
8 0 429
0 46 329
46 0 329
0 55 90
55 0 90
0 37 584
37 0 584
0 87 350
87 0 350
0 83 989
83 0 989
0 70 394
70 0 394
0 77 484
77 0 484
0 72 712
72 0 712
0 12 566
12 0 566
0 75 570
75 0 570
1 2 326
2 1 326
1 3 51
3 1 51
1 5 253
5 1 253
1 9 625
9 1 625
1 28 125
28 1 125
1 50 500
50 1 500
1 19 982
19 1 982
1 83 821
83 1 821
1 86 188
86 1 188
1 29 210
29 1 210
1 59 179
59 1 179
1 15 658
15 1 658
1 77 426
77 1 426
1 55 396
55 1 396
1 56 875
56 1 875
1 39 630
39 1 630
1 19 591
19 1 591
1 72 168
72 1 168
1 72 659
72 1 659
1 27 35
27 1 35
1 8 113
8 1 113
1 34 694
34 1 694
1 40 270
40 1 270
1 72 443
72 1 443
1 54 242
54 1 242
2 6 919
6 2 919
2 20 121
20 2 121
2 33 738
33 2 738
2 36 713
36 2 713
2 45 542
45 2 542
2 58 46
58 2 46
2 66 452
66 2 452
2 70 31
70 2 31
2 63 243
63 2 243
2 32 396
32 2 396
2 16 578
16 2 578
2 31 944
31 2 944
2 32 689
32 2 689
2 9 489
9 2 489
2 60 338
60 2 338
3 13 828
13 3 828
3 19 149
19 3 149
3 27 12
27 3 12
3 56 978
56 3 978
3 64 808
64 3 808
3 60 719
60 3 719
3 49 934
49 3 934
3 48 575
48 3 575
3 21 666
21 3 666
3 23 972
23 3 972
3 56 227
56 3 227
3 50 239
50 3 239
3 13 385
13 3 385
4 7 480
7 4 480
4 11 309
11 4 309
4 59 231
59 4 231
4 52 805
52 4 805
4 82 612
82 4 612
4 19 544
19 4 544
4 43 348
43 4 348
4 11 506
11 4 506
4 32 105
32 4 105
4 30 517
30 4 517
4 16 879
16 4 879
5 14 199
14 5 199
5 42 75
42 5 75
5 49 515
49 5 515
5 76 730
76 5 730
5 71 979
71 5 979
5 41 183
41 5 183
5 12 863
12 5 863
5 82 567
82 5 567
5 63 263
63 5 263
5 68 916
68 5 916
6 35 369
35 6 369
6 12 766
12 6 766
6 8 706
8 6 706
6 82 33
82 6 33
6 21 240
21 6 240
6 23 807
23 6 807
6 56 608
56 6 608
6 44 201
44 6 201
6 80 760
80 6 760
6 50 172
50 6 172
6 74 475
74 6 475
6 47 497
47 6 497
6 6 193
6 6 193
6 39 664
39 6 664
7 10 240
10 7 240
7 15 264
15 7 264
7 22 252
22 7 252
7 51 416
51 7 416
7 30 339
30 7 339
7 34 826
34 7 826
7 22 583
22 7 583
7 84 559
84 7 559
7 34 334
34 7 334
7 37 614
37 7 614
7 54 266
54 7 266
7 76 255
76 7 255
7 69 334
69 7 334
7 10 17
10 7 17
8 68 533
68 8 533
8 42 143
42 8 143
8 46 93
46 8 93
8 17 354
17 8 354
8 71 31
71 8 31
8 24 183
24 8 183
8 31 990
31 8 990
8 28 201
28 8 201
8 66 128
66 8 128
8 85 588
85 8 588
8 59 214
59 8 214
8 24 338
24 8 338
8 42 823
42 8 823
9 12 20
12 9 20
9 75 662
75 9 662
9 85 906
85 9 906
9 82 401
82 9 401
9 9 63
9 9 63
9 60 501
60 9 501
9 33 407
33 9 407
9 45 14
45 9 14
9 33 714
33 9 714
9 53 952
53 9 952
9 16 535
16 9 535
10 25 294
25 10 294
10 30 829
30 10 829
10 26 146
26 10 146
10 38 446
38 10 446
10 55 705
55 10 705
10 42 691
42 10 691
10 78 635
78 10 635
10 68 665
68 10 665
10 51 738
51 10 738
10 17 651
17 10 651
10 79 180
79 10 180
10 87 936
87 10 936
10 71 103
71 10 103
10 73 948
73 10 948
11 23 592
23 11 592
11 43 256
43 11 256
11 82 571
82 11 571
11 18 698
18 11 698
11 83 867
83 11 867
11 86 781
86 11 781
11 74 226
74 11 226
11 16 983
16 11 983
11 27 351
27 11 351
11 85 424
85 11 424
12 16 398
16 12 398
12 50 176
50 12 176
12 26 468
26 12 468
12 36 480
36 12 480
12 53 398
53 12 398
12 12 310
12 12 310
13 17 13
17 13 13
13 76 830
76 13 830
13 27 884
27 13 884
13 78 572
78 13 572
13 47 479
47 13 479
13 27 42
27 13 42
13 22 491
22 13 491
13 13 642
13 13 642
13 28 77
28 13 77
13 39 352
39 13 352
13 24 22
24 13 22
13 80 931
80 13 931
13 27 845
27 13 845
13 17 503
17 13 503
14 21 518
21 14 518
14 48 385
48 14 385
14 26 896
26 14 896
14 15 454
15 14 454
14 67 487
67 14 487
14 61 988
61 14 988
14 61 361
61 14 361
15 53 217
53 15 217
15 56 410
56 15 410
15 43 974
43 15 974
15 77 704
77 15 704
15 77 527
77 15 527
15 86 20
86 15 20
15 69 162
69 15 162
15 85 885
85 15 885
15 50 146
50 15 146
15 87 868
87 15 868
15 18 823
18 15 823
15 47 353
47 15 353
15 49 304
49 15 304
16 18 489
18 16 489
16 32 27
32 16 27
16 39 862
39 16 862
16 40 260
40 16 260
16 63 665
63 16 665
16 50 916
50 16 916
16 35 292
35 16 292
16 30 289
30 16 289
16 66 24
66 16 24
16 75 962
75 16 962
16 57 510
57 16 510
16 63 929
63 16 929
16 18 241
18 16 241
17 41 806
41 17 806
17 85 423
85 17 423
17 18 599
18 17 599
17 53 462
53 17 462
17 41 53
41 17 53
17 58 590
58 17 590
17 45 63
45 17 63
17 35 851
35 17 851
17 26 671
26 17 671
17 65 866
65 17 866
17 79 502
79 17 502
18 38 278
38 18 278
18 55 876
55 18 876
18 22 137
22 18 137
18 39 604
39 18 604
18 84 337
84 18 337
18 58 900
58 18 900
18 37 303
37 18 303
18 37 325
37 18 325
18 21 578
21 18 578
18 50 790
50 18 790
18 55 737
55 18 737
19 24 151
24 19 151
19 84 925
84 19 925
19 58 45
58 19 45
19 28 675
28 19 675
19 56 22
56 19 22
19 66 981
66 19 981
19 44 103
44 19 103
19 61 958
61 19 958
19 80 544
80 19 544
19 51 113
51 19 113
19 54 999
54 19 999
20 34 168
34 20 168
20 79 845
79 20 845
20 83 834
83 20 834
20 76 607
76 20 607
20 65 78
65 20 78
20 48 955
48 20 955
20 68 724
68 20 724
20 67 460
67 20 460
20 83 230
83 20 230
20 66 126
66 20 126
20 27 789
27 20 789
21 47 904
47 21 904
21 81 89
81 21 89
21 81 954
81 21 954
21 32 203
32 21 203
21 66 468
66 21 468
21 46 941
46 21 941
21 41 662
41 21 662
21 84 952
84 21 952
21 33 287
33 21 287
22 29 357
29 22 357
22 52 791
52 22 791
22 51 543
51 22 543
22 24 86
24 22 86
22 26 76
26 22 76
22 38 665
38 22 665
22 74 824
74 22 824
22 54 366
54 22 366
22 36 853
36 22 853
22 77 825
77 22 825
22 73 363
73 22 363
23 78 552
78 23 552
23 48 310
48 23 310
23 41 988
41 23 988
23 30 354
30 23 354
23 42 924
42 23 924
23 47 221
47 23 221
23 71 852
71 23 852
23 26 353
26 23 353
24 26 835
26 24 835
24 72 765
72 24 765
24 50 583
50 24 583
24 48 47
48 24 47
24 82 162
82 24 162
24 29 522
29 24 522
24 32 167
32 24 167
24 31 101
31 24 101
24 54 518
54 24 518
24 40 462
40 24 462
24 51 571
51 24 571
24 53 541
53 24 541
25 45 601
45 25 601
25 53 253
53 25 253
25 83 792
83 25 792
25 66 389
66 25 389
25 35 202
35 25 202
25 44 686
44 25 686
25 27 447
27 25 447
25 33 860
33 25 860
25 69 613
69 25 613
25 32 371
32 25 371
25 38 194
38 25 194
25 32 282
32 25 282
25 62 730
62 25 730
25 48 305
48 25 305
25 59 183
59 25 183
25 29 913
29 25 913
25 83 46
83 25 46
26 31 11
31 26 11
26 73 805
73 26 805
26 55 233
55 26 233
26 61 7
61 26 7
26 55 113
55 26 113
26 85 448
85 26 448
26 78 994
78 26 994
26 37 966
37 26 966
27 43 83
43 27 83
27 49 357
49 27 357
27 86 203
86 27 203
27 68 748
68 27 748
27 38 625
38 27 625
27 37 249
37 27 249
27 33 99
33 27 99
27 46 825
46 27 825
27 73 360
73 27 360
27 77 525
77 27 525
28 65 31
65 28 31
28 79 778
79 28 778
28 53 693
53 28 693
28 59 524
59 28 524
28 82 173
82 28 173
29 67 520
67 29 520
29 86 282
86 29 282
29 75 208
75 29 208
29 60 397
60 29 397
29 59 245
59 29 245
29 49 662
49 29 662
29 43 40
43 29 40
29 68 623
68 29 623
29 86 909
86 29 909
29 82 476
82 29 476
29 43 719
43 29 719
29 39 761
39 29 761
29 38 583
38 29 583
29 65 429
65 29 429
30 74 348
74 30 348
30 80 720
80 30 720
30 39 344
39 30 344
30 80 215
80 30 215
30 85 899
85 30 899
30 77 404
77 30 404
30 48 894
48 30 894
30 67 918
67 30 918
31 63 688
63 31 688
31 57 530
57 31 530
31 76 155
76 31 155
31 80 412
80 31 412
31 39 345
39 31 345
31 46 837
46 31 837
32 83 636
83 32 636
32 78 901
78 32 901
32 48 101
48 32 101
32 47 199
47 32 199
32 77 344
77 32 344
32 78 585
78 32 585
32 85 125
85 32 125
32 73 81
73 32 81
33 64 666
64 33 666
33 84 325
84 33 325
33 49 302
49 33 302
33 56 20
56 33 20
33 38 182
38 33 182
33 73 976
73 33 976
33 65 591
65 33 591
33 82 549
82 33 549
33 60 533
60 33 533
34 63 859
63 34 859
34 40 867
40 34 867
34 42 145
42 34 145
34 35 541
35 34 541
34 50 234
50 34 234
34 80 992
80 34 992
34 62 504
62 34 504
34 81 970
81 34 970
34 35 426
35 34 426
34 52 968
52 34 968
34 65 631
65 34 631
34 36 907
36 34 907
35 84 265
84 35 265
35 76 666
76 35 666
35 47 274
47 35 274
35 67 21
67 35 21
35 74 954
74 35 954
35 71 430
71 35 430
35 63 175
63 35 175
36 37 453
37 36 453
36 49 223
49 36 223
36 71 56
71 36 56
36 43 171
43 36 171
36 71 315
71 36 315
37 53 123
53 37 123
37 84 21
84 37 21
37 82 72
82 37 72
37 53 719
53 37 719
37 46 143
46 37 143
37 50 99
50 37 99
37 37 416
37 37 416
38 42 459
42 38 459
38 68 432
68 38 432
38 80 164
80 38 164
38 81 922
81 38 922
38 56 770
56 38 770
38 46 525
46 38 525
39 54 889
54 39 889
39 68 778
68 39 778
39 49 238
49 39 238
39 58 732
58 39 732
39 56 652
56 39 652
39 46 525
46 39 525
39 42 378
42 39 378
39 46 26
46 39 26
39 59 487
59 39 487
40 50 733
50 40 733
40 61 875
61 40 875
40 86 662
86 40 662
40 50 409
50 40 409
40 75 415
75 40 415
40 70 339
70 40 339
40 82 175
82 40 175
41 52 817
52 41 817
41 77 620
77 41 620
41 58 802
58 41 802
41 58 775
58 41 775
41 61 41
61 41 41
41 43 98
43 41 98
41 46 705
46 41 705
41 57 873
57 41 873
41 54 214
54 41 214
41 56 554
56 41 554
41 53 529
53 41 529
42 44 213
44 42 213
42 72 735
72 42 735
42 66 57
66 42 57
42 65 869
65 42 869
42 65 254
65 42 254
42 43 792
43 42 792
43 57 238
57 43 238
43 71 793
71 43 793
43 56 481
56 43 481
43 73 640
73 43 640
43 86 229
86 43 229
43 74 441
74 43 441
43 71 297
71 43 297
44 49 411
49 44 411
44 75 190
75 44 190
44 53 799
53 44 799
44 61 94
61 44 94
44 59 570
59 44 570
44 79 714
79 44 714
44 59 278
59 44 278
44 57 769
57 44 769
44 84 802
84 44 802
45 54 395
54 45 395
45 86 237
86 45 237
45 84 750
84 45 750
45 59 595
59 45 595
45 76 536
76 45 536
46 82 634
82 46 634
46 66 127
66 46 127
47 69 666
69 47 666
47 60 33
60 47 33
47 73 293
73 47 293
47 51 963
51 47 963
47 54 132
54 47 132
47 53 497
53 47 497
47 82 810
82 47 810
48 68 547
68 48 547
48 85 227
85 48 227
48 66 896
66 48 896
48 76 383
76 48 383
49 57 40
57 49 40
49 56 864
56 49 864
49 78 9
78 49 9
49 86 6
86 49 6
49 58 914
58 49 914
50 60 761
60 50 761
50 79 71
79 50 71
50 75 856
75 50 856
50 85 307
85 50 307
50 51 201
51 50 201
50 85 856
85 50 856
50 83 90
83 50 90
50 65 732
65 50 732
50 61 248
61 50 248
50 62 196
62 50 196
51 68 368
68 51 368
51 62 735
62 51 735
52 79 416
79 52 416
52 80 725
80 52 725
52 66 420
66 52 420
52 77 473
77 52 473
52 62 360
62 52 360
52 74 883
74 52 883
52 73 954
73 52 954
52 62 216
62 52 216
53 77 527
77 53 527
53 55 747
55 53 747
53 76 275
76 53 275
53 62 768
62 53 768
54 62 472
62 54 472
54 54 164
54 54 164
54 60 876
60 54 876
54 71 89
71 54 89
54 81 171
81 54 171
54 59 276
59 54 276
55 71 418
71 55 418
55 77 240
77 55 240
55 87 823
87 55 823
55 56 376
56 55 376
55 69 870
69 55 870
55 75 465
75 55 465
56 82 824
82 56 824
56 87 210
87 56 210
56 86 203
86 56 203
57 61 613
61 57 613
57 84 174
84 57 174
57 77 280
77 57 280
58 66 214
66 58 214
58 86 677
86 58 677
58 70 1
70 58 1
58 82 573
82 58 573
59 74 257
74 59 257
59 65 842
65 59 842
59 68 683
68 59 683
59 75 767
75 59 767
60 85 42
85 60 42
60 84 402
84 60 402
60 80 708
80 60 708
61 62 33
62 61 33
61 83 398
83 61 398
61 79 484
79 61 484
62 69 488
69 62 488
62 65 972
65 62 972
62 76 496
76 62 496
63 82 130
82 63 130
63 82 267
82 63 267
65 73 441
73 65 441
65 71 405
71 65 405
65 86 657
86 65 657
65 85 845
85 65 845
65 69 754
69 65 754
66 86 209
86 66 209
67 87 38
87 67 38
67 76 30
76 67 30
68 70 766
70 68 766
68 85 654
85 68 654
68 85 84
85 68 84
68 82 31
82 68 31
68 78 418
78 68 418
69 76 164
76 69 164
69 87 778
87 69 778
70 83 715
83 70 715
70 75 961
75 70 961
71 82 683
82 71 683
72 80 206
80 72 206
73 81 600
81 73 600
74 78 781
78 74 781
74 75 461
75 74 461
74 80 888
80 74 888
75 80 60
80 75 60
75 83 634
83 75 634
76 84 348
84 76 348
78 81 954
81 78 954
79 82 670
82 79 670
80 83 452
83 80 452
80 81 763
81 80 763
81 86 908
86 81 908
81 84 952
84 81 952
82 84 587
84 82 587
84 86 540
86 84 540
