48

0 1 1000
1 0 1000
0 2 952
2 0 952
0 3 441
3 0 441
0 6 844
6 0 844
0 12 163
12 0 163
0 16 185
16 0 185
0 31 83
31 0 83
0 36 555
36 0 555
0 17 939
17 0 939
0 43 526
43 0 526
0 11 51
11 0 51
0 23 346
23 0 346
0 9 610
9 0 610
0 6 749
6 0 749
0 13 348
13 0 348
1 4 648
4 1 648
1 32 864
32 1 864
1 30 471
30 1 471
1 1 675
1 1 675
1 42 323
42 1 323
1 3 755
3 1 755
1 19 919
19 1 919
2 8 867
8 2 867
2 13 896
13 2 896
2 15 880
15 2 880
2 42 468
42 2 468
2 31 520
31 2 520
2 23 839
23 2 839
2 40 18
40 2 18
3 14 964
14 3 964
3 40 245
40 3 245
3 24 224
24 3 224
3 19 16
19 3 16
3 43 973
43 3 973
3 5 9
5 3 9
3 16 547
16 3 547
3 31 317
31 3 317
3 47 175
47 3 175
3 16 294
16 3 294
4 5 425
5 4 425
4 17 792
17 4 792
4 37 257
37 4 257
4 37 786
37 4 786
4 35 667
35 4 667
4 43 895
43 4 895
5 7 633
7 5 633
5 8 502
8 5 502
5 9 411
9 5 411
5 20 453
20 5 453
5 21 538
21 5 538
5 27 408
27 5 408
5 36 537
36 5 537
5 16 300
16 5 300
5 34 597
34 5 597
5 40 778
40 5 778
5 6 61
6 5 61
5 37 838
37 5 838
6 10 747
10 6 747
6 28 728
28 6 728
6 35 124
35 6 124
6 39 345
39 6 345
6 33 659
33 6 659
6 9 168
9 6 168
6 36 785
36 6 785
7 22 555
22 7 555
7 30 711
30 7 711
7 35 7
35 7 7
7 16 68
16 7 68
7 15 309
15 7 309
7 39 110
39 7 110
7 19 146
19 7 146
7 36 837
36 7 837
8 15 928
15 8 928
8 24 114
24 8 114
8 35 321
35 8 321
8 36 982
36 8 982
8 45 299
45 8 299
8 29 713
29 8 713
8 25 732
25 8 732
8 15 647
15 8 647
8 21 165
21 8 165
8 8 219
8 8 219
8 32 966
32 8 966
9 11 82
11 9 82
9 42 921
42 9 921
9 31 905
31 9 905
9 36 984
36 9 984
9 32 179
32 9 179
9 34 327
34 9 327
10 23 235
23 10 235
10 29 980
29 10 980
10 45 510
45 10 510
10 32 324
32 10 324
10 18 849
18 10 849
10 22 358
22 10 358
10 45 782
45 10 782
10 45 326
45 10 326
10 35 640
35 10 640
11 13 5
13 11 5
11 43 515
43 11 515
11 32 747
32 11 747
11 15 286
15 11 286
11 43 613
43 11 613
11 40 828
40 11 828
11 37 180
37 11 180
11 12 697
12 11 697
12 39 917
39 12 917
12 36 367
36 12 367
12 31 840
31 12 840
12 37 311
37 12 311
12 40 517
40 12 517
12 14 402
14 12 402
12 32 885
32 12 885
12 23 801
23 12 801
12 45 906
45 12 906
13 39 941
39 13 941
13 36 224
36 13 224
13 20 342
20 13 342
13 26 878
26 13 878
13 25 565
25 13 565
13 16 896
16 13 896
13 19 102
19 13 102
13 34 741
34 13 741
14 34 547
34 14 547
14 33 580
33 14 580
14 21 773
21 14 773
14 18 698
18 14 698
14 37 422
37 14 422
15 19 625
19 15 625
15 29 732
29 15 732
15 15 836
15 15 836
15 17 821
17 15 821
15 23 337
23 15 337
15 35 675
35 15 675
15 28 904
28 15 904
15 19 571
19 15 571
15 45 16
45 15 16
15 46 410
46 15 410
15 23 419
23 15 419
16 27 973
27 16 973
16 26 309
26 16 309
16 24 318
24 16 318
16 40 188
40 16 188
16 27 826
27 16 826
16 46 185
46 16 185
17 18 929
18 17 929
17 35 22
35 17 22
17 46 645
46 17 645
17 38 544
38 17 544
17 44 632
44 17 632
17 37 330
37 17 330
17 24 532
24 17 532
18 33 445
33 18 445
18 25 455
25 18 455
18 41 525
41 18 525
18 44 29
44 18 29
18 39 656
39 18 656
18 24 259
24 18 259
18 26 629
26 18 629
18 36 229
36 18 229
19 39 170
39 19 170
19 37 546
37 19 546
19 34 183
34 19 183
19 32 982
32 19 982
20 44 912
44 20 912
20 24 815
24 20 815
20 26 817
26 20 817
20 41 217
41 20 217
21 25 366
25 21 366
21 28 892
28 21 892
21 33 996
33 21 996
21 23 553
23 21 553
22 39 488
39 22 488
22 41 806
41 22 806
22 37 660
37 22 660
22 47 129
47 22 129
22 40 582
40 22 582
22 46 306
46 22 306
23 26 255
26 23 255
23 26 903
26 23 903
23 44 762
44 23 762
23 46 595
46 23 595
23 40 689
40 23 689
23 39 754
39 23 754
23 45 290
45 23 290
24 35 42
35 24 42
24 27 776
27 24 776
24 35 154
35 24 154
25 29 839
29 25 839
25 27 411
27 25 411
26 47 813
47 26 813
26 43 293
43 26 293
27 31 760
31 27 760
27 41 864
41 27 864
27 40 665
40 27 665
27 28 598
28 27 598
27 31 367
31 27 367
27 46 903
46 27 903
27 47 392
47 27 392
27 47 698
47 27 698
28 36 128
36 28 128
28 33 410
33 28 410
28 36 565
36 28 565
29 37 764
37 29 764
30 42 60
42 30 60
30 31 888
31 30 888
30 36 962
36 30 962
30 36 604
36 30 604
30 46 70
46 30 70
30 34 75
34 30 75
30 37 372
37 30 372
30 31 359
31 30 359
31 40 811
40 31 811
31 33 259
33 31 259
31 36 696
36 31 696
31 36 831
36 31 831
31 37 980
37 31 980
31 36 367
36 31 367
32 43 386
43 32 386
32 41 380
41 32 380
32 39 982
39 32 982
32 39 638
39 32 638
33 34 288
34 33 288
33 40 535
40 33 535
34 38 184
38 34 184
34 46 821
46 34 821
34 39 665
39 34 665
35 43 627
43 35 627
36 47 830
47 36 830
36 40 178
40 36 178
37 38 408
38 37 408
37 46 693
46 37 693
37 45 781
45 37 781
38 39 516
39 38 516
38 40 506
40 38 506
39 42 377
42 39 377
39 41 539
41 39 539
39 44 962
44 39 962
40 44 946
44 40 946
40 44 532
44 40 532
41 47 42
47 41 42
41 47 675
47 41 675
41 44 571
44 41 571
42 47 96
47 42 96
43 45 127
45 43 127
