61

0 1 242
1 0 242
0 6 439
6 0 439
0 26 875
26 0 875
0 41 337
41 0 337
0 18 696
18 0 696
0 51 288
51 0 288
0 18 45
18 0 45
0 14 561
14 0 561
1 2 516
2 1 516
1 30 433
30 1 433
1 21 984
21 1 984
1 22 274
22 1 274
1 31 441
31 1 441
1 31 866
31 1 866
1 57 209
57 1 209
1 32 576
32 1 576
2 3 577
3 2 577
2 4 724
4 2 724
2 9 916
9 2 916
2 14 799
14 2 799
2 17 382
17 2 382
2 42 470
42 2 470
2 28 978
28 2 978
2 7 642
7 2 642
2 56 776
56 2 776
2 54 915
54 2 915
2 27 244
27 2 244
3 5 759
5 3 759
3 15 762
15 3 762
3 36 228
36 3 228
3 56 222
56 3 222
3 9 646
9 3 646
3 44 186
44 3 186
3 29 273
29 3 273
3 40 729
40 3 729
3 42 855
42 3 855
3 46 539
46 3 539
3 19 700
19 3 700
3 23 477
23 3 477
3 50 461
50 3 461
4 16 421
16 4 421
4 41 132
41 4 132
4 60 456
60 4 456
4 35 324
35 4 324
4 12 745
12 4 745
4 44 666
44 4 666
4 26 611
26 4 611
4 11 563
11 4 563
5 7 6
7 5 6
5 8 590
8 5 590
5 54 606
54 5 606
5 57 184
57 5 184
5 44 475
44 5 475
5 7 190
7 5 190
5 33 797
33 5 797
5 16 489
16 5 489
5 40 575
40 5 575
6 11 60
11 6 60
6 20 769
20 6 769
6 23 23
23 6 23
6 32 693
32 6 693
6 36 739
36 6 739
6 40 43
40 6 43
6 20 599
20 6 599
6 25 248
25 6 248
6 29 548
29 6 548
6 38 923
38 6 923
7 10 362
10 7 362
7 37 358
37 7 358
7 50 736
50 7 736
7 50 807
50 7 807
7 32 64
32 7 64
7 33 513
33 7 513
7 58 844
58 7 844
8 13 135
13 8 135
8 42 869
42 8 869
8 9 805
9 8 805
8 26 785
26 8 785
8 14 65
14 8 65
8 58 447
58 8 447
8 14 681
14 8 681
8 52 977
52 8 977
8 44 467
44 8 467
8 37 854
37 8 854
9 27 895
27 9 895
9 18 361
18 9 361
9 49 465
49 9 465
9 46 977
46 9 977
9 20 156
20 9 156
10 48 976
48 10 976
10 13 847
13 10 847
10 58 884
58 10 884
10 21 736
21 10 736
10 34 233
34 10 233
10 25 123
25 10 123
10 30 458
30 10 458
10 43 443
43 10 443
11 12 728
12 11 728
11 27 687
27 11 687
11 42 679
42 11 679
11 28 511
28 11 511
11 39 599
39 11 599
11 14 659
14 11 659
11 42 17
42 11 17
12 18 345
18 12 345
12 19 447
19 12 447
12 52 664
52 12 664
12 45 445
45 12 445
12 50 486
50 12 486
12 56 544
56 12 544
12 37 408
37 12 408
12 30 874
30 12 874
12 56 786
56 12 786
12 20 909
20 12 909
12 48 349
48 12 349
13 31 66
31 13 66
13 26 170
26 13 170
13 22 607
22 13 607
14 34 541
34 14 541
14 58 900
58 14 900
14 46 241
46 14 241
14 37 911
37 14 911
14 60 96
60 14 96
14 55 427
55 14 427
15 25 759
25 15 759
15 29 680
29 15 680
15 24 588
24 15 588
15 33 454
33 15 454
15 31 721
31 15 721
15 24 381
24 15 381
16 58 854
58 16 854
16 22 975
22 16 975
16 25 882
25 16 882
16 29 476
29 16 476
16 60 704
60 16 704
17 22 254
22 17 254
17 52 115
52 17 115
17 58 157
58 17 157
17 39 312
39 17 312
17 31 586
31 17 586
18 21 22
21 18 22
18 39 975
39 18 975
18 32 936
32 18 936
18 33 305
33 18 305
19 51 990
51 19 990
19 41 889
41 19 889
20 44 434
44 20 434
20 51 712
51 20 712
20 57 156
57 20 156
20 49 406
49 20 406
20 58 837
58 20 837
20 57 253
57 20 253
20 27 37
27 20 37
21 27 68
27 21 68
21 59 119
59 21 119
21 23 622
23 21 622
21 37 152
37 21 152
21 31 922
31 21 922
22 28 202
28 22 202
22 46 411
46 22 411
22 54 339
54 22 339
22 30 648
30 22 648
22 38 15
38 22 15
23 24 993
24 23 993
23 30 985
30 23 985
23 41 172
41 23 172
23 26 459
26 23 459
23 46 784
46 23 784
24 38 476
38 24 476
24 40 19
40 24 19
24 30 303
30 24 303
24 50 520
50 24 520
24 56 499
56 24 499
25 33 897
33 25 897
25 42 342
42 25 342
25 49 974
49 25 974
25 38 96
38 25 96
26 35 116
35 26 116
26 43 861
43 26 861
26 58 917
58 26 917
26 42 702
42 26 702
27 34 83
34 27 83
27 37 289
37 27 289
27 58 653
58 27 653
27 40 882
40 27 882
27 32 584
32 27 584
27 51 128
51 27 128
28 32 770
32 28 770
28 50 618
50 28 618
28 53 313
53 28 313
28 33 6
33 28 6
29 30 464
30 29 464
29 60 815
60 29 815
29 52 670
52 29 670
29 45 966
45 29 966
30 57 619
57 30 619
30 54 860
54 30 860
30 60 185
60 30 185
30 44 9
44 30 9
31 37 755
37 31 755
31 43 391
43 31 391
31 50 877
50 31 877
32 53 180
53 32 180
32 40 124
40 32 124
33 47 940
47 33 940
33 53 536
53 33 536
33 60 734
60 33 734
34 49 722
49 34 722
34 42 658
42 34 658
34 36 81
36 34 81
34 60 475
60 34 475
34 51 945
51 34 945
35 46 405
46 35 405
35 53 26
53 35 26
36 55 959
55 36 959
36 43 728
43 36 728
37 53 243
53 37 243
37 56 342
56 37 342
37 42 931
42 37 931
37 55 835
55 37 835
37 59 930
59 37 930
38 50 913
50 38 913
38 50 141
50 38 141
39 55 647
55 39 647
39 49 431
49 39 431
39 40 330
40 39 330
39 60 795
60 39 795
39 47 693
47 39 693
40 59 143
59 40 143
41 60 706
60 41 706
41 53 14
53 41 14
41 43 370
43 41 370
42 45 742
45 42 742
42 43 437
43 42 437
43 45 842
45 43 842
43 56 231
56 43 231
43 52 955
52 43 955
44 60 462
60 44 462
44 53 584
53 44 584
44 55 511
55 44 511
44 59 264
59 44 264
45 51 259
51 45 259
45 51 63
51 45 63
45 55 931
55 45 931
45 60 964
60 45 964
49 59 688
59 49 688
49 53 431
53 49 431
50 54 707
54 50 707
50 54 486
54 50 486
50 55 817
55 50 817
54 60 685
60 54 685
55 57 737
57 55 737
