99

0 1 434
1 0 434
0 2 475
2 0 475
0 5 200
5 0 200
0 6 860
6 0 860
0 9 480
9 0 480
0 12 551
12 0 551
0 18 986
18 0 986
0 46 705
46 0 705
0 89 566
89 0 566
0 64 108
64 0 108
1 3 639
3 1 639
1 29 590
29 1 590
1 53 785
53 1 785
1 21 93
21 1 93
1 91 236
91 1 236
1 24 594
24 1 594
1 70 973
70 1 973
2 4 760
4 2 760
2 28 103
28 2 103
2 33 117
33 2 117
2 39 733
39 2 733
2 50 483
50 2 483
2 51 403
51 2 403
2 38 991
38 2 991
2 50 663
50 2 663
2 90 257
90 2 257
2 10 276
10 2 276
2 57 329
57 2 329
3 14 483
14 3 483
4 7 187
7 4 187
4 8 213
8 4 213
4 24 332
24 4 332
4 47 634
47 4 634
5 16 33
16 5 33
5 58 928
58 5 928
5 63 66
63 5 66
5 16 487
16 5 487
5 60 980
60 5 980
5 57 560
57 5 560
5 85 727
85 5 727
5 41 848
41 5 848
6 10 858
10 6 858
6 11 116
11 6 116
6 14 512
14 6 512
6 30 939
30 6 939
6 31 383
31 6 383
6 36 786
36 6 786
6 81 813
81 6 813
7 61 31
61 7 31
7 24 395
24 7 395
8 49 77
49 8 77
8 81 709
81 8 709
8 76 633
76 8 633
8 63 687
63 8 687
9 41 219
41 9 219
9 44 397
44 9 397
9 65 439
65 9 439
10 13 207
13 10 207
10 22 645
22 10 645
10 27 201
27 10 201
10 42 187
42 10 187
10 80 667
80 10 667
11 17 400
17 11 400
11 45 180
45 11 180
11 16 312
16 11 312
11 45 814
45 11 814
12 15 650
15 12 650
12 82 173
82 12 173
12 56 257
56 12 257
12 16 270
16 12 270
13 23 468
23 13 468
13 61 359
61 13 359
13 38 775
38 13 775
14 23 936
23 14 936
14 57 638
57 14 638
14 90 942
90 14 942
14 70 582
70 14 582
14 34 397
34 14 397
14 55 334
55 14 334
14 57 889
57 14 889
15 37 246
37 15 246
15 90 837
90 15 837
15 59 498
59 15 498
16 20 139
20 16 139
16 34 971
34 16 971
16 45 971
45 16 971
16 74 880
74 16 880
16 87 26
87 16 26
17 19 632
19 17 632
17 72 338
72 17 338
18 21 229
21 18 229
18 26 396
26 18 396
18 32 744
32 18 744
18 64 804
64 18 804
18 91 899
91 18 899
18 22 288
22 18 288
18 63 482
63 18 482
18 41 472
41 18 472
18 63 809
63 18 809
18 82 181
82 18 181
19 63 593
63 19 593
19 65 376
65 19 376
19 68 559
68 19 559
19 81 294
81 19 294
19 27 727
27 19 727
19 51 593
51 19 593
19 54 567
54 19 567
20 76 944
76 20 944
20 49 788
49 20 788
20 71 306
71 20 306
20 37 48
37 20 48
21 35 955
35 21 955
21 66 165
66 21 165
21 92 146
92 21 146
21 98 683
98 21 683
21 91 665
91 21 665
21 59 167
59 21 167
21 27 888
27 21 888
21 54 601
54 21 601
22 97 31
97 22 31
22 82 930
82 22 930
22 62 479
62 22 479
22 72 30
72 22 30
23 25 802
25 23 802
23 89 35
89 23 35
24 52 454
52 24 454
24 56 31
56 24 31
24 67 575
67 24 575
24 39 193
39 24 193
24 85 871
85 24 871
25 66 420
66 25 420
26 87 773
87 26 773
26 96 935
96 26 935
26 63 823
63 26 823
27 38 790
38 27 790
27 95 260
95 27 260
27 37 853
37 27 853
28 55 69
55 28 69
28 76 4
76 28 4
28 78 709
78 28 709
29 48 437
48 29 437
29 52 611
52 29 611
29 98 512
98 29 512
30 43 691
43 30 691
31 42 272
42 31 272
31 31 231
31 31 231
32 82 98
82 32 98
32 93 695
93 32 695
32 90 698
90 32 698
33 70 64
70 33 64
33 36 352
36 33 352
34 49 423
49 34 423
35 95 335
95 35 335
35 42 839
42 35 839
36 79 248
79 36 248
36 85 303
85 36 303
37 74 769
74 37 769
37 84 682
84 37 682
38 40 209
40 38 209
38 59 525
59 38 525
38 60 44
60 38 44
38 93 334
93 38 334
38 60 967
60 38 967
38 48 342
48 38 342
38 82 269
82 38 269
39 80 647
80 39 647
39 45 975
45 39 975
39 87 193
87 39 193
40 75 111
75 40 111
40 67 115
67 40 115
40 84 565
84 40 565
41 55 16
55 41 16
41 48 549
48 41 549
42 60 204
60 42 204
42 53 381
53 42 381
43 77 351
77 43 351
44 54 68
54 44 68
44 66 967
66 44 967
45 84 677
84 45 677
45 66 458
66 45 458
46 78 966
78 46 966
47 72 419
72 47 419
48 89 138
89 48 138
48 79 684
79 48 684
49 77 860
77 49 860
50 63 852
63 50 852
51 72 478
72 51 478
53 62 182
62 53 182
53 69 130
69 53 130
53 71 84
71 53 84
54 67 286
67 54 286
54 67 122
67 54 122
55 74 143
74 55 143
55 63 935
63 55 935
55 89 352
89 55 352
56 82 915
82 56 915
56 74 275
74 56 275
57 91 171
91 57 171
57 86 804
86 57 804
59 72 133
72 59 133
59 94 658
94 59 658
59 96 236
96 59 236
61 64 155
64 61 155
61 63 779
63 61 779
62 67 424
67 62 424
64 90 79
90 64 79
64 75 829
75 64 829
64 71 921
71 64 921
65 73 40
73 65 40
65 95 390
95 65 390
66 78 163
78 66 163
66 87 439
87 66 439
66 77 160
77 66 160
67 90 386
90 67 386
67 76 612
76 67 612
68 86 898
86 68 898
68 94 788
94 68 788
70 83 630
83 70 630
70 83 679
83 70 679
72 91 40
91 72 40
73 94 85
94 73 85
74 96 328
96 74 328
74 87 439
87 74 439
75 88 364
88 75 364
75 89 113
89 75 113
76 97 201
97 76 201
76 95 388
95 76 388
77 81 539
81 77 539
77 95 46
95 77 46
79 85 147
85 79 147
90 90 193
90 90 193
94 98 172
98 94 172
