95

0 1 221
1 0 221
0 2 115
2 0 115
0 6 186
6 0 186
0 7 630
7 0 630
0 22 599
22 0 599
0 0 648
0 0 648
0 88 769
88 0 769
0 79 194
79 0 194
0 66 939
66 0 939
0 69 12
69 0 12
0 35 589
35 0 589
0 5 698
5 0 698
0 52 845
52 0 845
0 29 445
29 0 445
0 15 474
15 0 474
0 77 699
77 0 699
1 3 101
3 1 101
1 5 787
5 1 787
1 13 344
13 1 344
1 55 149
55 1 149
1 57 968
57 1 968
1 68 973
68 1 973
1 56 145
56 1 145
2 11 715
11 2 715
2 14 261
14 2 261
2 5 995
5 2 995
2 80 817
80 2 817
2 82 215
82 2 215
2 83 538
83 2 538
2 19 205
19 2 205
2 60 156
60 2 156
2 11 869
11 2 869
2 8 506
8 2 506
2 70 144
70 2 144
2 46 287
46 2 287
2 71 518
71 2 518
2 11 867
11 2 867
2 28 454
28 2 454
2 52 891
52 2 891
2 7 176
7 2 176
3 4 801
4 3 801
3 9 817
9 3 817
3 25 433
25 3 433
3 68 828
68 3 828
3 18 475
18 3 475
3 77 544
77 3 544
3 92 75
92 3 75
3 4 109
4 3 109
3 87 50
87 3 50
3 26 716
26 3 716
3 26 168
26 3 168
4 51 870
51 4 870
4 70 532
70 4 532
4 53 939
53 4 939
4 9 346
9 4 346
4 93 453
93 4 453
4 15 39
15 4 39
4 64 284
64 4 284
4 35 836
35 4 836
5 18 186
18 5 186
5 20 140
20 5 140
5 30 485
30 5 485
5 34 718
34 5 718
5 91 768
91 5 768
5 55 36
55 5 36
5 86 852
86 5 852
5 35 843
35 5 843
5 69 38
69 5 38
5 32 220
32 5 220
5 69 113
69 5 113
5 94 605
94 5 605
6 15 538
15 6 538
6 29 997
29 6 997
6 39 934
39 6 934
6 71 650
71 6 650
6 86 239
86 6 239
6 86 333
86 6 333
6 85 421
85 6 421
6 91 894
91 6 894
6 57 643
57 6 643
6 29 298
29 6 298
6 68 24
68 6 24
6 82 978
82 6 978
6 76 1
76 6 1
6 20 274
20 6 274
7 8 387
8 7 387
7 10 23
10 7 23
7 42 41
42 7 41
7 61 580
61 7 580
7 23 864
23 7 864
7 85 235
85 7 235
7 81 704
81 7 704
7 51 944
51 7 944
7 83 888
83 7 888
7 79 397
79 7 397
8 70 45
70 8 45
8 78 935
78 8 935
8 60 238
60 8 238
8 73 615
73 8 615
9 17 423
17 9 423
9 19 946
19 9 946
9 37 154
37 9 154
9 58 372
58 9 372
9 87 579
87 9 579
9 14 385
14 9 385
9 43 62
43 9 62
9 25 581
25 9 581
10 12 862
12 10 862
10 28 282
28 10 282
10 88 956
88 10 956
10 47 49
47 10 49
10 71 802
71 10 802
10 38 38
38 10 38
10 45 327
45 10 327
10 37 278
37 10 278
10 15 426
15 10 426
10 88 729
88 10 729
10 76 101
76 10 101
11 89 475
89 11 475
11 58 17
58 11 17
11 32 146
32 11 146
11 64 551
64 11 551
11 20 38
20 11 38
12 24 879
24 12 879
12 41 564
41 12 564
12 61 32
61 12 32
12 13 203
13 12 203
12 83 585
83 12 585
12 83 148
83 12 148
13 16 960
16 13 960
13 38 543
38 13 543
13 52 441
52 13 441
13 59 613
59 13 613
13 56 818
56 13 818
13 24 682
24 13 682
13 26 452
26 13 452
13 59 164
59 13 164
13 90 984
90 13 984
13 37 789
37 13 789
14 69 562
69 14 562
14 22 580
22 14 580
14 15 371
15 14 371
14 25 163
25 14 163
14 88 896
88 14 896
14 65 870
65 14 870
14 91 274
91 14 274
15 49 511
49 15 511
15 93 40
93 15 40
15 35 518
35 15 518
15 73 354
73 15 354
15 19 624
19 15 624
15 64 118
64 15 118
15 55 123
55 15 123
15 44 10
44 15 10
15 80 770
80 15 770
16 21 164
21 16 164
16 55 80
55 16 80
16 75 514
75 16 514
16 64 44
64 16 44
16 23 118
23 16 118
16 55 836
55 16 836
16 28 523
28 16 523
16 93 446
93 16 446
16 70 116
70 16 116
16 68 250
68 16 250
16 71 615
71 16 615
16 77 684
77 16 684
16 63 687
63 16 687
16 18 565
18 16 565
17 71 696
71 17 696
17 92 600
92 17 600
17 23 973
23 17 973
18 54 760
54 18 760
18 79 514
79 18 514
18 84 621
84 18 621
18 75 726
75 18 726
18 83 382
83 18 382
18 45 550
45 18 550
18 62 347
62 18 347
19 26 244
26 19 244
19 27 579
27 19 579
19 35 833
35 19 833
19 78 673
78 19 673
19 48 68
48 19 68
19 46 510
46 19 510
19 44 811
44 19 811
19 70 137
70 19 137
19 68 336
68 19 336
19 73 591
73 19 591
20 23 183
23 20 183
20 33 428
33 20 428
20 92 755
92 20 755
20 74 645
74 20 645
21 87 869
87 21 869
21 47 931
47 21 931
22 31 35
31 22 35
22 53 716
53 22 716
22 54 810
54 22 810
22 25 752
25 22 752
22 80 255
80 22 255
23 36 261
36 23 261
23 62 207
62 23 207
23 86 392
86 23 392
23 70 97
70 23 97
23 52 36
52 23 36
23 29 784
29 23 784
23 24 599
24 23 599
23 84 795
84 23 795
23 82 745
82 23 745
23 40 985
40 23 985
24 44 740
44 24 740
24 84 558
84 24 558
24 73 50
73 24 50
24 69 745
69 24 745
24 66 266
66 24 266
24 66 721
66 24 721
24 40 1
40 24 1
25 40 629
40 25 629
25 92 187
92 25 187
25 61 264
61 25 264
25 38 575
38 25 575
25 81 58
81 25 58
25 80 605
80 25 605
26 53 282
53 26 282
26 36 799
36 26 799
26 55 754
55 26 754
26 34 96
34 26 96
26 48 634
48 26 634
27 60 707
60 27 707
27 77 36
77 27 36
27 68 112
68 27 112
27 48 583
48 27 583
27 93 948
93 27 948
27 80 12
80 27 12
28 50 965
50 28 965
28 56 717
56 28 717
28 45 297
45 28 297
28 93 597
93 28 597
28 34 85
34 28 85
29 65 687
65 29 687
29 73 271
73 29 271
29 93 751
93 29 751
29 79 914
79 29 914
29 35 484
35 29 484
29 89 529
89 29 529
30 50 798
50 30 798
30 82 165
82 30 165
30 66 957
66 30 957
30 37 981
37 30 981
30 61 668
61 30 668
30 62 499
62 30 499
30 73 546
73 30 546
31 32 982
32 31 982
31 49 370
49 31 370
31 58 660
58 31 660
31 38 323
38 31 323
32 63 953
63 32 953
32 35 315
35 32 315
32 52 868
52 32 868
32 35 770
35 32 770
32 41 521
41 32 521
33 64 715
64 33 715
33 72 773
72 33 773
33 70 603
70 33 603
33 34 453
34 33 453
33 52 254
52 33 254
34 43 842
43 34 842
34 94 970
94 34 970
34 67 187
67 34 187
34 64 135
64 34 135
34 45 209
45 34 209
34 86 245
86 34 245
35 48 721
48 35 721
35 72 982
72 35 982
35 81 660
81 35 660
35 72 743
72 35 743
35 85 576
85 35 576
35 47 874
47 35 874
35 49 610
49 35 610
36 55 352
55 36 352
36 80 515
80 36 515
36 62 605
62 36 605
36 60 814
60 36 814
36 72 28
72 36 28
36 38 444
38 36 444
36 52 258
52 36 258
37 83 339
83 37 339
37 48 601
48 37 601
37 60 842
60 37 842
37 68 87
68 37 87
37 54 318
54 37 318
37 68 894
68 37 894
37 77 529
77 37 529
38 67 318
67 38 318
38 74 40
74 38 40
38 63 728
63 38 728
38 72 694
72 38 694
38 80 933
80 38 933
39 47 179
47 39 179
39 60 341
60 39 341
39 46 223
46 39 223
40 57 790
57 40 790
40 89 179
89 40 179
40 94 815
94 40 815
40 51 268
51 40 268
41 45 898
45 41 898
41 73 55
73 41 55
41 49 266
49 41 266
41 77 548
77 41 548
41 79 230
79 41 230
42 47 63
47 42 63
42 57 862
57 42 862
42 70 859
70 42 859
42 70 186
70 42 186
42 66 972
66 42 972
42 72 232
72 42 232
43 93 824
93 43 824
43 78 512
78 43 512
43 68 568
68 43 568
43 80 620
80 43 620
43 46 401
46 43 401
43 44 979
44 43 979
43 78 264
78 43 264
44 46 612
46 44 612
44 91 952
91 44 952
44 78 911
78 44 911
44 62 898
62 44 898
45 85 319
85 45 319
45 60 720
60 45 720
45 75 749
75 45 749
46 77 824
77 46 824
46 59 778
59 46 778
46 76 85
76 46 85
46 62 33
62 46 33
47 49 977
49 47 977
47 58 682
58 47 682
48 59 676
59 48 676
48 63 782
63 48 782
48 86 933
86 48 933
48 72 651
72 48 651
48 59 527
59 48 527
49 85 62
85 49 62
49 67 989
67 49 989
49 84 892
84 49 892
49 78 832
78 49 832
49 75 99
75 49 99
49 89 155
89 49 155
49 86 807
86 49 807
50 84 690
84 50 690
50 64 796
64 50 796
50 80 243
80 50 243
50 80 633
80 50 633
50 94 770
94 50 770
50 89 234
89 50 234
50 58 913
58 50 913
51 61 471
61 51 471
51 63 62
63 51 62
51 76 145
76 51 145
51 69 422
69 51 422
53 84 995
84 53 995
53 67 605
67 53 605
53 54 714
54 53 714
53 90 935
90 53 935
53 83 652
83 53 652
54 60 580
60 54 580
54 82 633
82 54 633
54 67 560
67 54 560
54 85 825
85 54 825
54 86 630
86 54 630
55 66 415
66 55 415
56 75 491
75 56 491
56 90 264
90 56 264
56 92 212
92 56 212
56 89 229
89 56 229
57 74 455
74 57 455
57 88 777
88 57 777
58 69 751
69 58 751
58 92 56
92 58 56
58 63 422
63 58 422
59 93 659
93 59 659
59 71 539
71 59 539
59 81 339
81 59 339
60 77 682
77 60 682
60 94 168
94 60 168
61 92 487
92 61 487
61 76 416
76 61 416
61 88 918
88 61 918
62 62 734
62 62 734
62 88 84
88 62 84
63 82 80
82 63 80
63 82 176
82 63 176
64 75 622
75 64 622
64 88 378
88 64 378
65 67 851
67 65 851
65 93 408
93 65 408
65 93 18
93 65 18
65 84 572
84 65 572
66 82 550
82 66 550
68 90 673
90 68 673
68 92 801
92 68 801
68 74 622
74 68 622
69 89 904
89 69 904
69 83 690
83 69 690
70 94 708
94 70 708
70 83 682
83 70 682
70 77 195
77 70 195
70 82 735
82 70 735
70 93 795
93 70 795
72 83 757
83 72 757
72 92 208
92 72 208
73 77 403
77 73 403
74 76 713
76 74 713
74 83 656
83 74 656
74 91 518
91 74 518
74 92 789
92 74 789
75 89 516
89 75 516
75 82 788
82 75 788
75 93 600
93 75 600
75 76 95
76 75 95
76 89 81
89 76 81
77 78 314
78 77 314
78 88 568
88 78 568
78 85 829
85 78 829
78 91 32
91 78 32
79 80 855
80 79 855
80 87 357
87 80 357
80 94 107
94 80 107
80 90 293
90 80 293
81 86 44
86 81 44
83 93 271
93 83 271
83 92 234
92 83 234
84 88 757
88 84 757
84 94 84
94 84 84
85 94 476
94 85 476
89 90 52
90 89 52
