76

0 1 927
1 0 927
0 3 218
3 0 218
0 6 90
6 0 90
0 17 512
17 0 512
1 2 217
2 1 217
1 10 394
10 1 394
1 20 250
20 1 250
1 34 595
34 1 595
2 5 735
5 2 735
2 15 820
15 2 820
2 53 155
53 2 155
2 55 491
55 2 491
2 57 2
57 2 2
2 64 632
64 2 632
2 51 662
51 2 662
2 69 446
69 2 446
3 4 435
4 3 435
3 50 524
50 3 524
3 52 445
52 3 445
3 25 65
25 3 65
3 5 544
5 3 544
4 11 194
11 4 194
4 33 689
33 4 689
4 66 222
66 4 222
4 20 460
20 4 460
4 65 135
65 4 135
4 68 308
68 4 308
4 44 660
44 4 660
5 7 222
7 5 222
5 18 223
18 5 223
5 25 94
25 5 94
5 34 19
34 5 19
5 40 725
40 5 725
5 10 675
10 5 675
5 72 992
72 5 992
6 26 534
26 6 534
6 27 564
27 6 564
6 75 897
75 6 897
6 12 458
12 6 458
6 10 746
10 6 746
6 7 529
7 6 529
7 8 357
8 7 357
7 74 985
74 7 985
7 51 791
51 7 791
7 7 489
7 7 489
8 9 181
9 8 181
8 24 168
24 8 168
8 48 92
48 8 92
8 70 7
70 8 7
9 14 582
14 9 582
9 19 176
19 9 176
9 43 70
43 9 70
9 22 758
22 9 758
9 48 58
48 9 58
10 12 804
12 10 804
10 39 91
39 10 91
11 16 542
16 11 542
11 23 503
23 11 503
11 57 43
57 11 43
11 16 5
16 11 5
12 13 752
13 12 752
12 32 327
32 12 327
12 49 572
49 12 572
12 50 655
50 12 655
12 68 837
68 12 837
12 26 314
26 12 314
12 66 437
66 12 437
12 72 949
72 12 949
13 41 28
41 13 28
14 73 490
73 14 490
15 46 463
46 15 463
15 67 748
67 15 748
15 32 457
32 15 457
15 67 639
67 15 639
15 27 423
27 15 423
16 22 788
22 16 788
16 45 990
45 16 990
16 73 545
73 16 545
18 21 720
21 18 720
18 37 448
37 18 448
18 41 928
41 18 928
18 31 61
31 18 61
19 35 913
35 19 913
19 36 723
36 19 723
19 30 198
30 19 198
20 29 554
29 20 554
20 35 840
35 20 840
21 47 607
47 21 607
21 58 801
58 21 801
21 75 113
75 21 113
21 24 751
24 21 751
21 22 171
22 21 171
22 30 571
30 22 571
22 36 482
36 22 482
23 28 57
28 23 57
23 63 124
63 23 124
23 68 921
68 23 921
23 51 442
51 23 442
23 51 818
51 23 818
25 60 349
60 25 349
25 53 987
53 25 987
26 44 211
44 26 211
27 61 786
61 27 786
27 66 939
66 27 939
27 51 428
51 27 428
27 69 256
69 27 256
28 33 317
33 28 317
28 42 801
42 28 801
29 31 766
31 29 766
30 43 135
43 30 135
32 37 88
37 32 88
33 65 924
65 33 924
33 55 465
55 33 465
34 36 158
36 34 158
34 59 927
59 34 927
34 43 233
43 34 233
35 38 343
38 35 343
36 64 555
64 36 555
36 50 207
50 36 207
37 72 469
72 37 469
37 48 49
48 37 49
38 51 797
51 38 797
38 42 188
42 38 188
39 57 952
57 39 952
40 57 528
57 40 528
40 57 976
57 40 976
41 70 4
70 41 4
41 42 93
42 41 93
41 48 251
48 41 251
42 52 999
52 42 999
44 47 135
47 44 135
45 53 814
53 45 814
45 55 894
55 45 894
46 73 460
73 46 460
47 60 273
60 47 273
48 54 827
54 48 827
49 58 197
58 49 197
49 50 356
50 49 356
49 56 489
56 49 489
50 62 693
62 50 693
50 53 818
53 50 818
50 54 941
54 50 941
51 51 189
51 51 189
53 56 380
56 53 380
54 61 707
61 54 707
55 65 340
65 55 340
56 71 918
71 56 918
56 62 973
62 56 973
57 68 153
68 57 153
60 66 210
66 60 210
60 75 250
75 60 250
62 69 243
69 62 243
65 66 18
66 65 18
