65

0 1 321
1 0 321
0 2 347
2 0 347
0 4 213
4 0 213
0 6 435
6 0 435
0 36 360
36 0 360
0 55 928
55 0 928
0 8 986
8 0 986
0 63 544
63 0 544
0 64 696
64 0 696
0 61 530
61 0 530
0 33 269
33 0 269
0 20 21
20 0 21
1 3 65
3 1 65
1 7 936
7 1 936
1 38 563
38 1 563
1 63 191
63 1 191
1 41 935
41 1 935
1 32 960
32 1 960
1 25 305
25 1 305
1 29 950
29 1 950
1 40 899
40 1 899
1 5 238
5 1 238
1 59 577
59 1 577
2 5 563
5 2 563
2 9 370
9 2 370
2 51 542
51 2 542
2 30 781
30 2 781
2 33 827
33 2 827
2 45 152
45 2 152
2 42 776
42 2 776
2 44 726
44 2 726
2 11 218
11 2 218
2 51 277
51 2 277
3 12 927
12 3 927
3 15 696
15 3 696
3 19 436
19 3 436
3 3 644
3 3 644
3 52 473
52 3 473
3 56 835
56 3 835
3 57 55
57 3 55
3 3 82
3 3 82
3 49 456
49 3 456
3 63 426
63 3 426
3 24 61
24 3 61
4 29 653
29 4 653
4 15 569
15 4 569
4 10 509
10 4 509
4 62 798
62 4 798
4 42 762
42 4 762
4 36 907
36 4 907
4 60 471
60 4 471
4 7 798
7 4 798
4 16 117
16 4 117
5 17 301
17 5 301
5 33 26
33 5 26
5 24 447
24 5 447
6 10 350
10 6 350
6 11 73
11 6 73
6 31 395
31 6 395
6 32 229
32 6 229
6 60 313
60 6 313
6 27 563
27 6 563
6 27 885
27 6 885
6 56 720
56 6 720
6 20 1
20 6 1
6 50 629
50 6 629
6 21 12
21 6 12
6 52 188
52 6 188
6 55 322
55 6 322
7 8 684
8 7 684
7 22 216
22 7 216
7 46 5
46 7 5
7 51 637
51 7 637
7 37 472
37 7 472
7 51 774
51 7 774
7 13 978
13 7 978
7 38 312
38 7 312
7 59 667
59 7 667
7 40 817
40 7 817
7 18 708
18 7 708
7 46 872
46 7 872
7 19 200
19 7 200
7 57 384
57 7 384
7 18 224
18 7 224
7 61 488
61 7 488
8 16 25
16 8 25
8 25 317
25 8 317
8 30 852
30 8 852
8 22 957
22 8 957
8 18 892
18 8 892
8 26 105
26 8 105
8 26 6
26 8 6
8 17 969
17 8 969
8 42 584
42 8 584
8 28 575
28 8 575
8 22 512
22 8 512
8 33 238
33 8 238
8 22 594
22 8 594
8 29 829
29 8 829
8 27 100
27 8 100
8 26 95
26 8 95
8 10 997
10 8 997
9 42 981
42 9 981
9 25 715
25 9 715
9 23 111
23 9 111
9 24 590
24 9 590
9 56 986
56 9 986
9 49 896
49 9 896
9 47 675
47 9 675
9 21 74
21 9 74
9 32 630
32 9 630
9 54 941
54 9 941
10 45 544
45 10 544
10 47 847
47 10 847
10 53 122
53 10 122
10 50 992
50 10 992
10 40 936
40 10 936
10 53 639
53 10 639
10 25 806
25 10 806
10 60 104
60 10 104
10 31 480
31 10 480
10 47 123
47 10 123
10 35 886
35 10 886
10 37 21
37 10 21
11 13 91
13 11 91
11 20 695
20 11 695
11 21 602
21 11 602
11 16 555
16 11 555
11 33 833
33 11 833
11 46 98
46 11 98
11 49 384
49 11 384
11 60 197
60 11 197
11 43 840
43 11 840
11 35 157
35 11 157
11 57 797
57 11 797
11 16 362
16 11 362
11 37 940
37 11 940
11 20 121
20 11 121
12 45 904
45 12 904
12 56 446
56 12 446
12 61 265
61 12 265
12 38 857
38 12 857
12 24 636
24 12 636
12 63 860
63 12 860
12 15 285
15 12 285
12 63 222
63 12 222
12 14 340
14 12 340
12 36 230
36 12 230
12 55 436
55 12 436
13 14 498
14 13 498
13 18 137
18 13 137
13 29 685
29 13 685
13 28 96
28 13 96
13 60 461
60 13 461
13 52 979
52 13 979
13 43 579
43 13 579
13 31 862
31 13 862
13 27 958
27 13 958
13 49 797
49 13 797
13 54 289
54 13 289
13 25 140
25 13 140
13 37 236
37 13 236
14 27 969
27 14 969
14 40 222
40 14 222
14 46 719
46 14 719
14 53 750
53 14 750
14 30 239
30 14 239
15 35 292
35 15 292
15 41 807
41 15 807
15 61 874
61 15 874
15 23 636
23 15 636
15 26 329
26 15 329
15 54 349
54 15 349
16 52 991
52 16 991
16 24 136
24 16 136
16 23 819
23 16 819
16 29 169
29 16 169
16 33 436
33 16 436
16 24 695
24 16 695
16 28 421
28 16 421
16 52 516
52 16 516
16 48 69
48 16 69
17 23 47
23 17 47
17 43 77
43 17 77
17 59 419
59 17 419
17 28 686
28 17 686
17 38 759
38 17 759
17 60 393
60 17 393
17 59 941
59 17 941
17 36 878
36 17 878
17 30 792
30 17 792
18 28 893
28 18 893
18 57 321
57 18 321
18 38 54
38 18 54
18 44 459
44 18 459
18 62 629
62 18 629
18 50 329
50 18 329
18 32 462
32 18 462
18 63 229
63 18 229
18 25 400
25 18 400
18 48 423
48 18 423
18 61 195
61 18 195
18 30 373
30 18 373
19 21 228
21 19 228
19 26 325
26 19 325
19 37 609
37 19 609
19 40 389
40 19 389
19 62 825
62 19 825
19 30 499
30 19 499
19 56 440
56 19 440
19 31 846
31 19 846
19 40 814
40 19 814
19 60 689
60 19 689
20 20 983
20 20 983
20 41 394
41 20 394
20 44 605
44 20 605
20 38 268
38 20 268
20 43 150
43 20 150
20 58 729
58 20 729
21 22 169
22 21 169
21 51 665
51 21 665
21 39 282
39 21 282
21 64 473
64 21 473
21 39 723
39 21 723
21 52 10
52 21 10
21 62 121
62 21 121
21 41 788
41 21 788
21 58 435
58 21 435
22 24 169
24 22 169
22 55 366
55 22 366
22 43 469
43 22 469
22 51 133
51 22 133
22 48 853
48 22 853
22 36 250
36 22 250
22 43 588
43 22 588
22 56 198
56 22 198
22 58 121
58 22 121
22 42 640
42 22 640
23 56 814
56 23 814
24 33 282
33 24 282
24 48 941
48 24 941
24 36 917
36 24 917
24 50 546
50 24 546
24 50 137
50 24 137
24 52 88
52 24 88
24 42 797
42 24 797
24 46 469
46 24 469
24 27 285
27 24 285
25 39 608
39 25 608
25 54 805
54 25 805
25 51 477
51 25 477
25 44 959
44 25 959
25 49 629
49 25 629
25 49 783
49 25 783
25 32 579
32 25 579
26 43 104
43 26 104
26 42 155
42 26 155
26 51 374
51 26 374
26 47 877
47 26 877
26 31 529
31 26 529
26 43 51
43 26 51
26 61 957
61 26 957
27 49 52
49 27 52
27 62 548
62 27 548
27 46 831
46 27 831
27 48 725
48 27 725
27 48 17
48 27 17
28 34 212
34 28 212
28 50 725
50 28 725
28 38 716
38 28 716
29 44 457
44 29 457
29 40 589
40 29 589
29 49 374
49 29 374
29 38 169
38 29 169
30 36 580
36 30 580
30 55 889
55 30 889
30 47 836
47 30 836
30 55 390
55 30 390
30 44 810
44 30 810
30 38 739
38 30 739
30 47 425
47 30 425
30 64 148
64 30 148
31 37 635
37 31 635
31 61 734
61 31 734
31 45 873
45 31 873
31 62 182
62 31 182
31 60 75
60 31 75
31 48 903
48 31 903
31 38 116
38 31 116
31 32 932
32 31 932
32 47 701
47 32 701
32 40 441
40 32 441
32 41 488
41 32 488
32 34 309
34 32 309
32 52 710
52 32 710
32 49 265
49 32 265
32 54 464
54 32 464
32 57 729
57 32 729
32 32 670
32 32 670
33 50 351
50 33 351
33 53 502
53 33 502
33 60 602
60 33 602
33 46 9
46 33 9
33 47 544
47 33 544
33 59 226
59 33 226
33 34 879
34 33 879
34 41 353
41 34 353
34 57 996
57 34 996
34 42 517
42 34 517
34 52 244
52 34 244
34 60 617
60 34 617
34 61 838
61 34 838
34 57 558
57 34 558
35 38 586
38 35 586
35 42 2
42 35 2
35 52 517
52 35 517
35 56 922
56 35 922
35 39 483
39 35 483
36 61 777
61 36 777
36 63 664
63 36 664
36 36 807
36 36 807
36 47 672
47 36 672
36 41 857
41 36 857
37 57 75
57 37 75
37 40 664
40 37 664
37 62 278
62 37 278
37 60 580
60 37 580
38 58 800
58 38 800
38 64 157
64 38 157
39 40 168
40 39 168
39 42 960
42 39 960
39 60 173
60 39 173
39 59 166
59 39 166
40 54 221
54 40 221
40 46 62
46 40 62
40 58 933
58 40 933
41 63 392
63 41 392
41 62 243
62 41 243
41 59 187
59 41 187
42 49 968
49 42 968
42 50 303
50 42 303
42 57 862
57 42 862
42 49 650
49 42 650
42 44 59
44 42 59
43 48 727
48 43 727
43 51 699
51 43 699
43 64 131
64 43 131
44 58 749
58 44 749
44 62 320
62 44 320
45 64 812
64 45 812
45 46 292
46 45 292
45 49 629
49 45 629
45 59 385
59 45 385
45 58 677
58 45 677
46 48 852
48 46 852
46 51 595
51 46 595
46 55 411
55 46 411
46 53 260
53 46 260
47 64 399
64 47 399
47 62 520
62 47 520
47 64 467
64 47 467
48 57 817
57 48 817
48 48 856
48 48 856
49 57 961
57 49 961
49 54 663
54 49 663
49 55 889
55 49 889
50 63 866
63 50 866
50 52 76
52 50 76
50 54 824
54 50 824
51 55 68
55 51 68
51 57 492
57 51 492
52 60 449
60 52 449
52 57 952
57 52 952
53 58 151
58 53 151
55 63 141
63 55 141
56 57 866
57 56 866
56 62 83
62 56 83
57 57 173
57 57 173
58 64 1
64 58 1
59 63 936
63 59 936
59 59 599
59 59 599
61 62 715
62 61 715
61 63 43
63 61 43
62 62 710
62 62 710
63 64 77
64 63 77
