46

0 1 391
1 0 391
0 2 27
2 0 27
0 4 499
4 0 499
0 5 852
5 0 852
0 15 842
15 0 842
0 16 890
16 0 890
0 37 111
37 0 111
0 39 422
39 0 422
0 40 136
40 0 136
0 40 435
40 0 435
1 3 256
3 1 256
1 6 370
6 1 370
1 12 396
12 1 396
1 14 752
14 1 752
1 25 162
25 1 162
1 4 997
4 1 997
1 25 239
25 1 239
1 24 598
24 1 598
1 31 98
31 1 98
1 35 74
35 1 74
1 22 458
22 1 458
1 2 388
2 1 388
2 13 670
13 2 670
2 36 342
36 2 342
2 37 200
37 2 200
2 11 795
11 2 795
2 32 45
32 2 45
2 18 738
18 2 738
2 14 488
14 2 488
2 2 189
2 2 189
3 8 55
8 3 55
3 18 82
18 3 82
3 19 675
19 3 675
3 11 647
11 3 647
4 28 79
28 4 79
4 20 347
20 4 347
4 11 486
11 4 486
4 24 809
24 4 809
4 12 521
12 4 521
5 20 392
20 5 392
5 6 712
6 5 712
5 7 415
7 5 415
5 5 346
5 5 346
5 17 162
17 5 162
5 33 9
33 5 9
5 7 316
7 5 316
6 7 681
7 6 681
6 10 259
10 6 259
6 11 330
11 6 330
6 17 900
17 6 900
6 45 330
45 6 330
6 9 44
9 6 44
6 44 563
44 6 563
6 33 140
33 6 140
6 8 925
8 6 925
6 27 521
27 6 521
6 31 781
31 6 781
6 11 898
11 6 898
7 18 469
18 7 469
7 12 569
12 7 569
7 33 855
33 7 855
7 18 309
18 7 309
7 22 581
22 7 581
8 9 198
9 8 198
8 45 42
45 8 42
8 32 223
32 8 223
8 43 702
43 8 702
8 38 761
38 8 761
8 40 495
40 8 495
9 22 147
22 9 147
9 24 290
24 9 290
9 28 738
28 9 738
9 22 630
22 9 630
9 44 880
44 9 880
9 13 644
13 9 644
9 44 288
44 9 288
9 12 101
12 9 101
9 39 575
39 9 575
9 36 726
36 9 726
9 34 364
34 9 364
10 38 335
38 10 335
10 26 951
26 10 951
10 20 618
20 10 618
10 25 463
25 10 463
10 21 394
21 10 394
11 32 70
32 11 70
11 33 750
33 11 750
11 39 354
39 11 354
12 27 548
27 12 548
12 36 81
36 12 81
12 14 977
14 12 977
12 19 953
19 12 953
12 44 245
44 12 245
13 40 574
40 13 574
13 38 341
38 13 341
13 32 516
32 13 516
13 39 470
39 13 470
13 32 11
32 13 11
13 37 725
37 13 725
13 24 260
24 13 260
14 17 786
17 14 786
14 15 395
15 14 395
14 16 806
16 14 806
15 23 175
23 15 175
15 32 831
32 15 831
15 42 32
42 15 32
15 21 295
21 15 295
15 27 715
27 15 715
15 45 865
45 15 865
16 32 721
32 16 721
16 33 491
33 16 491
16 26 560
26 16 560
16 38 152
38 16 152
16 39 814
39 16 814
16 16 659
16 16 659
16 43 311
43 16 311
17 29 300
29 17 300
17 26 878
26 17 878
17 44 483
44 17 483
17 34 767
34 17 767
17 27 20
27 17 20
18 26 193
26 18 193
18 42 304
42 18 304
18 39 42
39 18 42
18 34 153
34 18 153
18 36 979
36 18 979
18 45 782
45 18 782
19 21 320
21 19 320
19 35 891
35 19 891
19 22 460
22 19 460
19 20 820
20 19 820
19 41 728
41 19 728
19 22 311
22 19 311
19 41 398
41 19 398
20 43 314
43 20 314
20 43 923
43 20 923
20 45 522
45 20 522
20 29 332
29 20 332
20 36 250
36 20 250
21 31 239
31 21 239
21 35 178
35 21 178
21 27 999
27 21 999
21 45 427
45 21 427
21 28 93
28 21 93
22 30 602
30 22 602
22 34 329
34 22 329
22 42 197
42 22 197
22 37 882
37 22 882
22 41 867
41 22 867
23 39 345
39 23 345
23 44 29
44 23 29
23 29 817
29 23 817
23 33 84
33 23 84
23 34 978
34 23 978
23 41 641
41 23 641
25 42 571
42 25 571
26 43 836
43 26 836
26 34 556
34 26 556
26 27 154
27 26 154
27 44 700
44 27 700
27 27 778
27 27 778
27 34 141
34 27 141
27 29 986
29 27 986
27 36 164
36 27 164
27 45 302
45 27 302
28 38 477
38 28 477
28 32 402
32 28 402
28 39 355
39 28 355
28 42 651
42 28 651
29 38 128
38 29 128
30 40 334
40 30 334
31 36 328
36 31 328
32 33 582
33 32 582
33 34 210
34 33 210
34 41 531
41 34 531
34 41 921
41 34 921
35 37 721
37 35 721
35 42 90
42 35 90
36 37 935
37 36 935
36 38 627
38 36 627
37 44 747
44 37 747
38 43 993
43 38 993
38 44 555
44 38 555
42 44 172
44 42 172
42 42 42
42 42 42
44 45 674
45 44 674
