73

0 1 364
1 0 364
0 4 667
4 0 667
0 5 827
5 0 827
0 6 689
6 0 689
0 41 801
41 0 801
0 51 269
51 0 269
0 41 204
41 0 204
1 2 193
2 1 193
1 3 318
3 1 318
1 7 286
7 1 286
1 9 505
9 1 505
1 17 771
17 1 771
1 37 484
37 1 484
1 68 996
68 1 996
1 44 850
44 1 850
1 48 456
48 1 456
1 65 551
65 1 551
1 23 453
23 1 453
1 15 726
15 1 726
2 48 928
48 2 928
2 60 261
60 2 261
2 4 237
4 2 237
2 58 415
58 2 415
2 51 349
51 2 349
2 47 396
47 2 396
3 8 672
8 3 672
3 32 730
32 3 730
3 39 638
39 3 638
3 20 55
20 3 55
3 45 873
45 3 873
3 36 839
36 3 839
3 48 778
48 3 778
4 21 808
21 4 808
4 46 756
46 4 756
4 60 984
60 4 984
4 21 736
21 4 736
4 6 536
6 4 536
4 39 949
39 4 949
4 33 703
33 4 703
4 71 588
71 4 588
4 54 429
54 4 429
5 10 533
10 5 533
5 15 931
15 5 931
5 63 424
63 5 424
5 12 24
12 5 24
5 45 521
45 5 521
6 19 621
19 6 621
6 29 883
29 6 883
6 27 868
27 6 868
6 37 39
37 6 39
6 11 800
11 6 800
6 44 395
44 6 395
6 65 297
65 6 297
6 23 815
23 6 815
6 19 602
19 6 602
6 50 805
50 6 805
6 68 77
68 6 77
7 14 874
14 7 874
7 16 485
16 7 485
7 61 265
61 7 265
7 28 811
28 7 811
7 31 919
31 7 919
7 50 731
50 7 731
7 59 904
59 7 904
7 54 400
54 7 400
7 59 192
59 7 192
7 33 696
33 7 696
7 36 255
36 7 255
7 35 878
35 7 878
7 9 422
9 7 422
8 12 902
12 8 902
8 13 650
13 8 650
8 33 404
33 8 404
8 18 247
18 8 247
8 59 461
59 8 461
8 50 985
50 8 985
9 48 3
48 9 3
9 67 208
67 9 208
9 16 859
16 9 859
9 45 721
45 9 721
9 67 498
67 9 498
9 28 806
28 9 806
10 11 2
11 10 2
10 20 996
20 10 996
10 36 924
36 10 924
10 58 489
58 10 489
10 64 558
64 10 558
10 71 920
71 10 920
10 56 438
56 10 438
11 22 902
22 11 902
11 46 997
46 11 997
11 16 184
16 11 184
11 33 242
33 11 242
11 18 654
18 11 654
11 64 88
64 11 88
11 11 895
11 11 895
11 71 29
71 11 29
12 31 688
31 12 688
12 15 680
15 12 680
12 55 249
55 12 249
13 30 424
30 13 424
13 50 370
50 13 370
13 67 184
67 13 184
13 51 385
51 13 385
13 34 92
34 13 92
14 18 66
18 14 66
14 54 705
54 14 705
14 31 858
31 14 858
14 42 376
42 14 376
14 51 903
51 14 903
14 45 157
45 14 157
14 38 907
38 14 907
15 27 971
27 15 971
15 67 621
67 15 621
15 41 578
41 15 578
15 17 73
17 15 73
15 55 390
55 15 390
15 18 734
18 15 734
15 24 841
24 15 841
15 24 122
24 15 122
15 72 411
72 15 411
16 24 168
24 16 168
16 41 419
41 16 419
16 53 211
53 16 211
16 25 521
25 16 521
16 44 241
44 16 241
16 61 104
61 16 104
16 23 557
23 16 557
16 64 320
64 16 320
17 28 342
28 17 342
17 62 521
62 17 521
17 23 424
23 17 424
17 38 567
38 17 567
17 36 14
36 17 14
17 42 542
42 17 542
18 26 129
26 18 129
18 42 166
42 18 166
18 63 516
63 18 516
18 69 838
69 18 838
18 46 954
46 18 954
18 44 405
44 18 405
18 19 321
19 18 321
18 19 540
19 18 540
18 42 275
42 18 275
18 40 958
40 18 958
18 33 663
33 18 663
19 63 481
63 19 481
19 70 199
70 19 199
19 22 227
22 19 227
19 19 806
19 19 806
19 44 119
44 19 119
20 23 864
23 20 864
20 51 650
51 20 650
20 35 364
35 20 364
20 52 433
52 20 433
20 52 410
52 20 410
20 58 385
58 20 385
20 44 191
44 20 191
20 68 150
68 20 150
21 39 297
39 21 297
21 61 178
61 21 178
21 61 776
61 21 776
21 60 677
60 21 677
21 36 664
36 21 664
21 22 20
22 21 20
21 38 211
38 21 211
21 53 358
53 21 358
22 25 830
25 22 830
22 40 818
40 22 818
22 44 29
44 22 29
22 46 45
46 22 45
22 68 656
68 22 656
22 31 755
31 22 755
22 49 377
49 22 377
22 50 726
50 22 726
22 50 766
50 22 766
22 48 511
48 22 511
22 49 308
49 22 308
23 34 656
34 23 656
23 30 521
30 23 521
23 32 748
32 23 748
23 30 566
30 23 566
24 54 963
54 24 963
24 58 695
58 24 695
24 27 448
27 24 448
24 57 721
57 24 721
25 61 914
61 25 914
25 66 528
66 25 528
26 35 852
35 26 852
26 62 590
62 26 590
26 37 588
37 26 588
26 28 978
28 26 978
27 43 623
43 27 623
27 47 474
47 27 474
27 69 923
69 27 923
27 40 812
40 27 812
27 50 193
50 27 193
28 48 68
48 28 68
28 51 3
51 28 3
28 69 604
69 28 604
29 71 801
71 29 801
29 43 402
43 29 402
29 40 436
40 29 436
29 33 827
33 29 827
29 33 320
33 29 320
30 66 256
66 30 256
30 59 441
59 30 441
30 72 682
72 30 682
30 55 929
55 30 929
30 38 868
38 30 868
31 64 609
64 31 609
31 57 274
57 31 274
31 32 194
32 31 194
31 62 155
62 31 155
32 60 96
60 32 96
32 42 221
42 32 221
32 48 786
48 32 786
32 66 214
66 32 214
33 51 629
51 33 629
33 70 355
70 33 355
33 60 309
60 33 309
33 70 459
70 33 459
33 58 181
58 33 181
34 52 379
52 34 379
34 72 964
72 34 964
34 68 476
68 34 476
34 41 36
41 34 36
34 61 745
61 34 745
34 42 591
42 34 591
35 38 24
38 35 24
35 70 961
70 35 961
35 38 826
38 35 826
36 64 634
64 36 634
36 37 700
37 36 700
36 70 496
70 36 496
37 65 374
65 37 374
37 69 327
69 37 327
37 48 618
48 37 618
37 67 475
67 37 475
37 50 190
50 37 190
38 46 832
46 38 832
38 71 917
71 38 917
38 44 670
44 38 670
39 44 144
44 39 144
39 58 783
58 39 783
40 45 840
45 40 840
40 59 4
59 40 4
40 51 85
51 40 85
40 56 694
56 40 694
41 55 968
55 41 968
41 67 719
67 41 719
41 49 694
49 41 694
41 58 984
58 41 984
41 47 307
47 41 307
41 41 756
41 41 756
42 66 368
66 42 368
42 62 986
62 42 986
42 55 507
55 42 507
42 60 987
60 42 987
43 60 621
60 43 621
43 66 820
66 43 820
44 49 821
49 44 821
44 54 974
54 44 974
44 48 890
48 44 890
44 72 82
72 44 82
44 60 153
60 44 153
44 49 995
49 44 995
45 54 559
54 45 559
45 56 544
56 45 544
45 53 884
53 45 884
46 49 393
49 46 393
46 56 385
56 46 385
46 68 750
68 46 750
47 54 123
54 47 123
47 57 33
57 47 33
48 52 207
52 48 207
48 71 639
71 48 639
48 50 91
50 48 91
48 60 254
60 48 254
49 59 537
59 49 537
49 64 197
64 49 197
50 53 161
53 50 161
50 72 527
72 50 527
51 58 236
58 51 236
51 71 916
71 51 916
52 61 516
61 52 516
53 57 63
57 53 63
53 66 177
66 53 177
53 56 126
56 53 126
54 64 90
64 54 90
54 68 340
68 54 340
54 65 324
65 54 324
55 56 116
56 55 116
55 69 985
69 55 985
55 58 815
58 55 815
55 61 595
61 55 595
56 59 445
59 56 445
56 59 572
59 56 572
58 64 792
64 58 792
59 70 895
70 59 895
59 64 128
64 59 128
60 63 520
63 60 520
60 61 24
61 60 24
60 68 857
68 60 857
61 63 110
63 61 110
62 67 884
67 62 884
63 68 406
68 63 406
63 70 799
70 63 799
64 67 290
67 64 290
64 72 133
72 64 133
65 71 716
71 65 716
67 69 232
69 67 232
71 71 134
71 71 134
