97

0 1 566
1 0 566
0 3 79
3 0 79
0 14 93
14 0 93
0 15 233
15 0 233
0 20 474
20 0 474
0 30 390
30 0 390
0 33 407
33 0 407
0 65 702
65 0 702
1 2 609
2 1 609
1 7 191
7 1 191
1 11 219
11 1 219
1 18 639
18 1 639
2 6 777
6 2 777
2 9 380
9 2 380
2 36 246
36 2 246
2 38 166
38 2 166
2 41 506
41 2 506
3 4 356
4 3 356
3 13 943
13 3 943
3 64 753
64 3 753
4 5 883
5 4 883
4 21 131
21 4 131
4 25 544
25 4 544
5 8 532
8 5 532
5 37 268
37 5 268
5 61 462
61 5 462
5 72 997
72 5 997
6 28 553
28 6 553
6 70 964
70 6 964
6 37 421
37 6 421
7 71 678
71 7 678
7 12 685
12 7 685
8 12 317
12 8 317
8 23 401
23 8 401
8 93 83
93 8 83
9 10 362
10 9 362
9 16 971
16 9 971
9 51 41
51 9 41
9 39 714
39 9 714
10 24 501
24 10 501
10 58 838
58 10 838
11 52 250
52 11 250
11 60 116
60 11 116
11 86 865
86 11 865
11 91 381
91 11 381
11 72 696
72 11 696
11 47 112
47 11 112
12 16 444
16 12 444
12 92 455
92 12 455
12 39 965
39 12 965
14 38 159
38 14 159
15 19 575
19 15 575
15 31 948
31 15 948
15 45 976
45 15 976
15 44 588
44 15 588
16 17 186
17 16 186
16 22 551
22 16 551
16 26 622
26 16 622
16 55 398
55 16 398
16 56 617
56 16 617
17 54 637
54 17 637
17 57 832
57 17 832
17 92 706
92 17 706
19 49 98
49 19 98
20 39 855
39 20 855
20 81 285
81 20 285
21 34 661
34 21 661
21 35 587
35 21 587
21 48 6
48 21 6
21 56 362
56 21 362
21 66 351
66 21 351
22 96 137
96 22 137
23 32 651
32 23 651
23 40 432
40 23 432
23 62 741
62 23 741
23 52 570
52 23 570
24 91 444
91 24 444
25 27 314
27 25 314
25 59 890
59 25 890
25 75 955
75 25 955
25 67 323
67 25 323
26 78 408
78 26 408
26 29 216
29 26 216
27 29 595
29 27 595
27 51 104
51 27 104
27 73 908
73 27 908
27 80 395
80 27 395
27 67 596
67 27 596
28 43 488
43 28 488
29 35 104
35 29 104
30 53 167
53 30 167
31 42 284
42 31 284
31 66 66
66 31 66
31 54 930
54 31 930
32 84 671
84 32 671
36 90 841
90 36 841
38 91 477
91 38 477
39 47 691
47 39 691
41 46 241
46 41 241
41 74 323
74 41 323
41 79 609
79 41 609
42 44 526
44 42 526
44 91 446
91 44 446
47 64 227
64 47 227
48 77 549
77 48 549
48 83 242
83 48 242
48 96 83
96 48 83
49 50 781
50 49 781
51 67 923
67 51 923
53 76 34
76 53 34
54 91 161
91 54 161
55 63 36
63 55 36
56 75 648
75 56 648
56 76 140
76 56 140
59 78 969
78 59 969
60 69 162
69 60 162
64 68 960
68 64 960
64 71 784
71 64 784
68 85 468
85 68 468
69 88 298
88 69 298
71 89 429
89 71 429
72 87 852
87 72 852
74 80 155
80 74 155
75 94 364
94 75 364
76 82 802
82 76 802
81 89 809
89 81 809
87 95 364
95 87 364
87 88 933
88 87 933
