84

0 1 892
1 0 892
0 3 465
3 0 465
0 4 326
4 0 326
0 5 156
5 0 156
0 9 842
9 0 842
0 24 80
24 0 80
0 29 130
29 0 130
0 45 274
45 0 274
0 67 962
67 0 962
0 22 364
22 0 364
0 38 678
38 0 678
0 53 407
53 0 407
0 18 153
18 0 153
0 63 893
63 0 893
0 24 730
24 0 730
0 22 956
22 0 956
1 2 110
2 1 110
1 10 362
10 1 362
1 78 678
78 1 678
1 4 540
4 1 540
1 20 3
20 1 3
1 4 468
4 1 468
1 3 566
3 1 566
1 49 689
49 1 689
1 74 236
74 1 236
2 7 675
7 2 675
2 11 268
11 2 268
2 12 392
12 2 392
2 22 192
22 2 192
2 36 703
36 2 703
2 42 371
42 2 371
2 38 365
38 2 365
2 3 886
3 2 886
2 72 150
72 2 150
2 31 722
31 2 722
2 67 31
67 2 31
2 66 90
66 2 90
2 26 29
26 2 29
2 54 327
54 2 327
3 16 12
16 3 12
3 26 161
26 3 161
3 72 648
72 3 648
3 66 991
66 3 991
3 80 149
80 3 149
3 45 650
45 3 650
3 70 146
70 3 146
3 35 174
35 3 174
3 51 814
51 3 814
3 25 844
25 3 844
4 13 524
13 4 524
4 17 929
17 4 929
4 49 19
49 4 19
4 18 267
18 4 267
4 34 454
34 4 454
4 81 522
81 4 522
4 54 12
54 4 12
4 44 556
44 4 556
4 42 298
42 4 298
4 82 189
82 4 189
4 54 546
54 4 546
4 74 232
74 4 232
4 35 702
35 4 702
5 6 264
6 5 264
5 8 714
8 5 714
5 30 946
30 5 946
5 56 316
56 5 316
5 74 23
74 5 23
5 40 24
40 5 24
5 78 111
78 5 111
5 64 364
64 5 364
5 23 395
23 5 395
5 45 925
45 5 925
5 78 106
78 5 106
5 78 555
78 5 555
5 36 256
36 5 256
6 19 580
19 6 580
6 27 136
27 6 136
6 47 941
47 6 941
6 60 356
60 6 356
6 67 510
67 6 510
6 19 193
19 6 193
6 33 391
33 6 391
6 65 234
65 6 234
6 22 95
22 6 95
6 59 855
59 6 855
7 57 98
57 7 98
7 43 283
43 7 283
7 50 934
50 7 934
7 43 553
43 7 553
7 25 898
25 7 898
7 41 978
41 7 978
7 22 592
22 7 592
7 15 220
15 7 220
7 69 82
69 7 82
7 37 70
37 7 70
7 29 627
29 7 627
7 46 299
46 7 299
8 10 894
10 8 894
8 40 22
40 8 22
8 30 723
30 8 723
8 17 753
17 8 753
8 51 645
51 8 645
8 59 805
59 8 805
8 34 233
34 8 233
9 15 107
15 9 107
9 18 582
18 9 582
9 61 312
61 9 312
9 19 985
19 9 985
9 74 814
74 9 814
9 75 960
75 9 960
9 37 634
37 9 634
9 53 580
53 9 580
9 46 574
46 9 574
9 24 736
24 9 736
10 51 516
51 10 516
10 33 873
33 10 873
10 49 825
49 10 825
10 49 226
49 10 226
10 82 690
82 10 690
10 33 88
33 10 88
11 78 145
78 11 145
11 78 508
78 11 508
11 53 807
53 11 807
11 16 306
16 11 306
11 43 846
43 11 846
12 14 152
14 12 152
12 37 97
37 12 97
12 39 565
39 12 565
12 18 575
18 12 575
12 62 811
62 12 811
12 69 967
69 12 967
12 46 723
46 12 723
12 27 398
27 12 398
12 83 531
83 12 531
13 44 642
44 13 642
13 58 235
58 13 235
13 59 287
59 13 287
13 78 178
78 13 178
13 54 408
54 13 408
13 58 248
58 13 248
13 65 921
65 13 921
13 75 123
75 13 123
13 22 246
22 13 246
13 31 498
31 13 498
14 20 396
20 14 396
14 30 901
30 14 901
14 71 78
71 14 78
14 66 627
66 14 627
14 21 684
21 14 684
14 71 331
71 14 331
14 31 794
31 14 794
14 37 639
37 14 639
14 55 687
55 14 687
14 75 514
75 14 514
14 55 644
55 14 644
14 29 492
29 14 492
14 26 151
26 14 151
14 57 267
57 14 267
14 55 605
55 14 605
14 19 768
19 14 768
14 41 437
41 14 437
15 23 6
23 15 6
15 65 813
65 15 813
15 40 621
40 15 621
15 25 981
25 15 981
15 25 364
25 15 364
15 28 127
28 15 127
16 21 332
21 16 332
16 66 989
66 16 989
16 43 988
43 16 988
16 35 846
35 16 846
16 22 342
22 16 342
16 64 237
64 16 237
16 58 320
58 16 320
16 44 266
44 16 266
17 41 785
41 17 785
17 56 603
56 17 603
17 28 266
28 17 266
17 17 199
17 17 199
17 81 857
81 17 857
17 28 115
28 17 115
17 27 774
27 17 774
17 29 159
29 17 159
18 44 310
44 18 310
18 48 812
48 18 812
19 25 819
25 19 819
19 55 217
55 19 217
19 68 204
68 19 204
19 40 734
40 19 734
19 29 565
29 19 565
19 45 109
45 19 109
19 46 44
46 19 44
19 52 486
52 19 486
19 73 892
73 19 892
19 30 237
30 19 237
20 40 212
40 20 212
20 77 290
77 20 290
20 76 923
76 20 923
20 48 509
48 20 509
20 76 707
76 20 707
20 23 722
23 20 722
20 76 259
76 20 259
20 39 381
39 20 381
20 29 605
29 20 605
20 25 883
25 20 883
20 24 793
24 20 793
21 38 458
38 21 458
21 50 312
50 21 312
21 23 830
23 21 830
21 76 623
76 21 623
21 27 44
27 21 44
21 22 819
22 21 819
21 39 544
39 21 544
21 70 77
70 21 77
21 77 159
77 21 159
21 58 207
58 21 207
22 73 694
73 22 694
22 22 412
22 22 412
22 39 242
39 22 242
22 65 164
65 22 164
22 55 518
55 22 518
22 33 437
33 22 437
23 28 938
28 23 938
23 35 828
35 23 828
23 76 865
76 23 865
23 52 259
52 23 259
23 39 727
39 23 727
23 71 243
71 23 243
23 24 231
24 23 231
23 64 425
64 23 425
23 63 256
63 23 256
24 31 485
31 24 485
24 34 661
34 24 661
24 64 242
64 24 242
24 82 289
82 24 289
24 33 848
33 24 848
24 29 706
29 24 706
24 47 377
47 24 377
24 68 523
68 24 523
24 83 639
83 24 639
24 45 266
45 24 266
25 46 858
46 25 858
25 54 44
54 25 44
25 62 12
62 25 12
25 56 406
56 25 406
25 48 51
48 25 51
25 50 437
50 25 437
25 28 608
28 25 608
25 82 240
82 25 240
25 64 458
64 25 458
26 33 943
33 26 943
26 59 146
59 26 146
26 78 534
78 26 534
26 76 437
76 26 437
26 83 893
83 26 893
26 50 499
50 26 499
26 77 222
77 26 222
27 35 189
35 27 189
27 68 116
68 27 116
27 66 222
66 27 222
28 51 306
51 28 306
28 42 512
42 28 512
28 58 856
58 28 856
28 79 452
79 28 452
28 53 834
53 28 834
28 55 720
55 28 720
28 64 938
64 28 938
28 80 931
80 28 931
29 32 430
32 29 430
29 43 986
43 29 986
29 52 376
52 29 376
29 45 6
45 29 6
29 70 813
70 29 813
29 69 255
69 29 255
29 75 4
75 29 4
29 80 326
80 29 326
29 51 109
51 29 109
29 41 122
41 29 122
29 75 913
75 29 913
30 48 464
48 30 464
30 59 175
59 30 175
30 45 540
45 30 540
30 67 681
67 30 681
30 52 470
52 30 470
30 41 177
41 30 177
30 66 382
66 30 382
31 32 999
32 31 999
31 53 944
53 31 944
31 44 84
44 31 84
31 39 61
39 31 61
32 62 696
62 32 696
33 83 330
83 33 330
33 70 934
70 33 934
33 49 366
49 33 366
33 60 201
60 33 201
33 71 311
71 33 311
33 56 882
56 33 882
34 35 260
35 34 260
34 42 402
42 34 402
34 54 142
54 34 142
35 41 973
41 35 973
35 77 13
77 35 13
35 36 452
36 35 452
35 42 266
42 35 266
35 68 580
68 35 580
35 44 186
44 35 186
35 78 727
78 35 727
36 60 847
60 36 847
36 81 189
81 36 189
36 62 274
62 36 274
36 65 777
65 36 777
36 46 474
46 36 474
36 77 841
77 36 841
36 61 589
61 36 589
36 76 868
76 36 868
37 43 742
43 37 742
37 59 532
59 37 532
37 68 528
68 37 528
37 79 377
79 37 377
37 37 381
37 37 381
37 80 323
80 37 323
38 78 561
78 38 561
38 82 623
82 38 623
38 39 377
39 38 377
39 74 849
74 39 849
40 59 20
59 40 20
40 76 162
76 40 162
40 73 912
73 40 912
40 42 980
42 40 980
40 80 561
80 40 561
40 47 618
47 40 618
41 80 113
80 41 113
41 52 628
52 41 628
41 60 593
60 41 593
42 62 978
62 42 978
42 77 289
77 42 289
42 61 9
61 42 9
42 54 710
54 42 710
42 66 466
66 42 466
42 79 786
79 42 786
43 49 687
49 43 687
43 66 788
66 43 788
43 79 928
79 43 928
43 64 893
64 43 893
43 44 170
44 43 170
43 78 56
78 43 56
44 52 768
52 44 768
44 72 962
72 44 962
45 69 609
69 45 609
45 78 206
78 45 206
45 64 663
64 45 663
46 53 407
53 46 407
46 57 202
57 46 202
46 49 876
49 46 876
46 61 928
61 46 928
46 58 849
58 46 849
46 57 512
57 46 512
47 75 795
75 47 795
47 73 995
73 47 995
47 55 282
55 47 282
47 50 674
50 47 674
47 82 272
82 47 272
47 50 651
50 47 651
48 76 550
76 48 550
48 65 642
65 48 642
48 54 749
54 48 749
48 56 618
56 48 618
48 78 744
78 48 744
48 60 938
60 48 938
49 53 359
53 49 359
49 66 534
66 49 534
49 69 264
69 49 264
50 67 942
67 50 942
50 60 980
60 50 980
50 63 976
63 50 976
50 76 373
76 50 373
50 81 433
81 50 433
50 71 996
71 50 996
50 53 665
53 50 665
50 63 623
63 50 623
50 76 695
76 50 695
51 61 48
61 51 48
51 55 324
55 51 324
51 70 318
70 51 318
51 76 846
76 51 846
51 60 617
60 51 617
51 62 917
62 51 917
51 64 514
64 51 514
51 62 608
62 51 608
52 78 377
78 52 377
52 81 433
81 52 433
53 71 188
71 53 188
53 75 383
75 53 383
53 55 794
55 53 794
53 75 940
75 53 940
54 80 738
80 54 738
54 79 492
79 54 492
54 64 23
64 54 23
54 75 696
75 54 696
55 73 806
73 55 806
55 67 626
67 55 626
55 74 335
74 55 335
55 82 710
82 55 710
55 62 773
62 55 773
55 82 161
82 55 161
55 66 933
66 55 933
55 79 831
79 55 831
56 57 431
57 56 431
56 78 956
78 56 956
57 66 482
66 57 482
57 82 836
82 57 836
57 63 215
63 57 215
57 72 182
72 57 182
57 75 905
75 57 905
57 75 268
75 57 268
58 81 732
81 58 732
58 83 781
83 58 781
59 63 423
63 59 423
59 73 148
73 59 148
59 66 778
66 59 778
60 63 110
63 60 110
60 61 217
61 60 217
60 67 759
67 60 759
62 66 519
66 62 519
63 65 114
65 63 114
63 70 548
70 63 548
64 76 476
76 64 476
64 77 905
77 64 905
65 70 815
70 65 815
69 73 842
73 69 842
70 70 325
70 70 325
70 77 241
77 70 241
70 81 222
81 70 222
70 71 550
71 70 550
71 73 145
73 71 145
73 81 380
81 73 380
73 83 464
83 73 464
74 78 254
78 74 254
74 78 402
78 74 402
75 78 962
78 75 962
75 76 896
76 75 896
75 80 856
80 75 856
76 79 809
79 76 809
76 80 152
80 76 152
78 83 33
83 78 33
79 83 174
83 79 174
80 80 732
80 80 732
