70

0 1 400
1 0 400
0 2 368
2 0 368
0 5 116
5 0 116
0 6 521
6 0 521
0 9 965
9 0 965
0 10 525
10 0 525
0 2 852
2 0 852
0 40 380
40 0 380
0 26 532
26 0 532
0 58 533
58 0 533
0 45 242
45 0 242
0 47 506
47 0 506
1 4 939
4 1 939
1 15 331
15 1 331
1 16 525
16 1 525
1 37 222
37 1 222
1 45 280
45 1 280
1 3 540
3 1 540
2 3 450
3 2 450
2 22 106
22 2 106
2 61 476
61 2 476
2 45 675
45 2 675
2 40 155
40 2 155
2 11 24
11 2 24
3 29 532
29 3 532
3 46 23
46 3 23
3 9 610
9 3 610
3 52 184
52 3 184
3 22 340
22 3 340
3 30 398
30 3 398
3 57 643
57 3 643
4 58 727
58 4 727
4 43 554
43 4 554
4 17 877
17 4 877
4 20 948
20 4 948
4 12 300
12 4 300
5 7 617
7 5 617
5 11 665
11 5 665
5 13 619
13 5 619
5 18 977
18 5 977
5 67 356
67 5 356
5 19 243
19 5 243
5 57 891
57 5 891
5 59 4
59 5 4
5 45 51
45 5 51
5 18 348
18 5 348
5 23 333
23 5 333
5 33 676
33 5 676
6 14 696
14 6 696
6 17 393
17 6 393
6 27 865
27 6 865
6 33 728
33 6 728
6 31 733
31 6 733
6 34 600
34 6 600
6 67 779
67 6 779
6 27 287
27 6 287
6 7 57
7 6 57
6 12 551
12 6 551
7 8 31
8 7 31
7 25 543
25 7 543
7 42 123
42 7 123
7 49 85
49 7 85
7 11 446
11 7 446
7 23 36
23 7 36
7 60 461
60 7 461
7 20 844
20 7 844
8 21 692
21 8 692
8 63 992
63 8 992
8 47 182
47 8 182
8 62 904
62 8 904
8 50 133
50 8 133
8 60 725
60 8 725
8 38 283
38 8 283
8 69 636
69 8 636
8 28 453
28 8 453
9 29 138
29 9 138
9 46 398
46 9 398
9 63 958
63 9 958
9 43 425
43 9 425
9 20 979
20 9 979
10 12 743
12 10 743
10 26 797
26 10 797
10 35 661
35 10 661
10 31 957
31 10 957
10 47 249
47 10 249
10 19 955
19 10 955
10 53 334
53 10 334
10 52 484
52 10 484
11 19 625
19 11 625
11 24 685
24 11 685
11 55 399
55 11 399
11 13 191
13 11 191
11 13 600
13 11 600
11 29 569
29 11 569
11 49 636
49 11 636
11 51 601
51 11 601
12 30 735
30 12 735
12 69 864
69 12 864
12 43 199
43 12 199
12 44 457
44 12 457
12 55 810
55 12 810
12 36 508
36 12 508
12 22 652
22 12 652
12 25 690
25 12 690
12 66 654
66 12 654
13 48 303
48 13 303
13 33 627
33 13 627
13 32 326
32 13 326
13 28 564
28 13 564
13 13 624
13 13 624
13 58 455
58 13 455
13 27 755
27 13 755
13 49 680
49 13 680
14 69 468
69 14 468
14 56 316
56 14 316
14 24 455
24 14 455
15 20 879
20 15 879
15 23 887
23 15 887
16 33 875
33 16 875
16 54 571
54 16 571
16 49 857
49 16 857
16 58 844
58 16 844
17 40 200
40 17 200
17 43 353
43 17 353
17 53 708
53 17 708
17 59 397
59 17 397
17 53 157
53 17 157
17 67 379
67 17 379
17 51 186
51 17 186
17 41 797
41 17 797
18 31 370
31 18 370
18 37 876
37 18 876
18 69 611
69 18 611
18 33 548
33 18 548
18 52 568
52 18 568
18 51 378
51 18 378
19 28 774
28 19 774
19 64 844
64 19 844
19 34 644
34 19 644
19 49 892
49 19 892
19 63 149
63 19 149
19 31 672
31 19 672
20 39 11
39 20 11
20 49 334
49 20 334
20 52 687
52 20 687
20 30 645
30 20 645
20 37 118
37 20 118
20 38 65
38 20 65
20 45 465
45 20 465
20 56 276
56 20 276
21 36 391
36 21 391
21 41 327
41 21 327
21 67 208
67 21 208
22 32 903
32 22 903
22 33 913
33 22 913
22 35 262
35 22 262
23 43 83
43 23 83
23 29 862
29 23 862
23 41 923
41 23 923
23 32 131
32 23 131
23 62 964
62 23 964
24 62 564
62 24 564
24 61 369
61 24 369
24 53 755
53 24 755
24 43 675
43 24 675
25 45 285
45 25 285
25 31 892
31 25 892
25 34 375
34 25 375
25 68 321
68 25 321
25 47 845
47 25 845
26 37 479
37 26 479
26 47 36
47 26 36
26 55 440
55 26 440
26 50 8
50 26 8
26 49 594
49 26 594
26 43 776
43 26 776
27 53 898
53 27 898
27 44 297
44 27 297
27 62 810
62 27 810
28 58 917
58 28 917
28 40 902
40 28 902
28 38 380
38 28 380
28 39 365
39 28 365
28 44 518
44 28 518
28 47 741
47 28 741
28 58 228
58 28 228
28 44 938
44 28 938
28 66 459
66 28 459
29 34 658
34 29 658
29 41 493
41 29 493
29 50 192
50 29 192
29 57 427
57 29 427
30 40 451
40 30 451
30 58 297
58 30 297
30 42 447
42 30 447
30 52 396
52 30 396
31 42 1000
42 31 1000
31 56 455
56 31 455
31 49 105
49 31 105
31 34 51
34 31 51
31 56 568
56 31 568
31 67 731
67 31 731
32 44 196
44 32 196
32 64 156
64 32 156
32 50 254
50 32 254
32 42 251
42 32 251
32 49 719
49 32 719
32 66 969
66 32 969
33 62 174
62 33 174
33 34 586
34 33 586
33 46 942
46 33 942
33 53 503
53 33 503
34 38 226
38 34 226
34 51 886
51 34 886
34 36 611
36 34 611
34 36 163
36 34 163
35 69 868
69 35 868
36 41 807
41 36 807
36 38 604
38 36 604
37 54 160
54 37 160
37 57 140
57 37 140
37 64 978
64 37 978
37 69 363
69 37 363
38 47 943
47 38 943
38 40 414
40 38 414
39 55 644
55 39 644
39 39 116
39 39 116
39 59 579
59 39 579
39 57 265
57 39 265
40 67 22
67 40 22
40 52 310
52 40 310
40 46 581
46 40 581
41 49 854
49 41 854
41 53 416
53 41 416
41 56 797
56 41 797
42 56 645
56 42 645
42 69 306
69 42 306
42 43 435
43 42 435
43 60 842
60 43 842
43 51 866
51 43 866
43 69 666
69 43 666
44 45 934
45 44 934
44 54 881
54 44 881
44 46 124
46 44 124
45 60 344
60 45 344
45 61 816
61 45 816
45 67 605
67 45 605
46 69 739
69 46 739
46 69 13
69 46 13
46 66 794
66 46 794
46 65 805
65 46 805
47 65 205
65 47 205
47 53 560
53 47 560
48 58 273
58 48 273
49 55 971
55 49 971
50 69 172
69 50 172
50 60 349
60 50 349
52 66 486
66 52 486
52 63 871
63 52 871
52 58 765
58 52 765
53 58 94
58 53 94
54 57 443
57 54 443
55 62 848
62 55 848
55 58 402
58 55 402
58 63 86
63 58 86
60 68 908
68 60 908
63 67 519
67 63 519
63 64 587
64 63 587
68 68 120
68 68 120
