49

0 1 867
1 0 867
0 2 788
2 0 788
0 3 347
3 0 347
0 11 307
11 0 307
0 41 120
41 0 120
0 21 668
21 0 668
0 39 10
39 0 10
0 46 483
46 0 483
0 42 966
42 0 966
0 6 170
6 0 170
0 16 847
16 0 847
0 6 725
6 0 725
0 20 635
20 0 635
1 6 208
6 1 208
1 9 876
9 1 876
1 12 790
12 1 790
1 29 868
29 1 868
1 3 297
3 1 297
1 7 605
7 1 605
1 43 838
43 1 838
1 27 540
27 1 540
1 20 487
20 1 487
1 18 999
18 1 999
1 17 967
17 1 967
2 4 213
4 2 213
2 8 814
8 2 814
2 26 778
26 2 778
2 48 785
48 2 785
2 21 824
21 2 824
2 17 179
17 2 179
3 5 943
5 3 943
3 8 931
8 3 931
3 18 587
18 3 587
3 37 17
37 3 17
3 44 782
44 3 782
3 6 24
6 3 24
3 27 349
27 3 349
3 7 228
7 3 228
3 37 353
37 3 353
3 19 921
19 3 921
3 43 765
43 3 765
3 46 876
46 3 876
3 9 733
9 3 733
3 10 306
10 3 306
3 20 309
20 3 309
4 39 647
39 4 647
4 16 107
16 4 107
4 10 530
10 4 530
4 13 430
13 4 430
5 7 470
7 5 470
5 15 573
15 5 573
5 17 433
17 5 433
5 25 764
25 5 764
5 30 743
30 5 743
5 41 117
41 5 117
5 36 382
36 5 382
5 44 828
44 5 828
5 48 840
48 5 840
5 26 179
26 5 179
5 11 342
11 5 342
6 10 186
10 6 186
6 23 526
23 6 526
6 34 261
34 6 261
6 7 821
7 6 821
6 7 177
7 6 177
6 34 312
34 6 312
6 11 546
11 6 546
6 9 204
9 6 204
6 15 401
15 6 401
6 23 69
23 6 69
6 23 960
23 6 960
6 40 436
40 6 436
6 29 611
29 6 611
6 14 415
14 6 415
7 13 29
13 7 29
7 31 605
31 7 605
7 41 280
41 7 280
7 45 955
45 7 955
7 12 376
12 7 376
7 24 20
24 7 20
7 44 603
44 7 603
8 14 396
14 8 396
8 38 452
38 8 452
8 45 315
45 8 315
8 16 374
16 8 374
8 16 280
16 8 280
8 39 971
39 8 971
9 47 399
47 9 399
9 18 356
18 9 356
9 20 839
20 9 839
9 27 193
27 9 193
9 34 775
34 9 775
9 30 684
30 9 684
10 27 865
27 10 865
10 19 795
19 10 795
10 16 121
16 10 121
10 11 881
11 10 881
10 44 946
44 10 946
10 23 439
23 10 439
10 34 384
34 10 384
10 25 194
25 10 194
10 16 358
16 10 358
11 16 32
16 11 32
11 26 231
26 11 231
11 36 587
36 11 587
11 18 742
18 11 742
11 28 452
28 11 452
11 34 54
34 11 54
11 48 655
48 11 655
11 44 618
44 11 618
11 48 412
48 11 412
11 37 329
37 11 329
12 27 595
27 12 595
12 12 214
12 12 214
12 38 674
38 12 674
12 48 892
48 12 892
12 24 945
24 12 945
12 44 812
44 12 812
12 25 328
25 12 328
12 31 314
31 12 314
12 26 68
26 12 68
13 22 605
22 13 605
13 13 757
13 13 757
13 19 900
19 13 900
13 17 206
17 13 206
13 29 921
29 13 921
13 48 970
48 13 970
13 34 991
34 13 991
13 27 646
27 13 646
14 20 55
20 14 55
14 24 367
24 14 367
14 28 255
28 14 255
14 32 337
32 14 337
14 19 82
19 14 82
14 15 715
15 14 715
14 40 375
40 14 375
14 41 613
41 14 613
14 23 754
23 14 754
14 15 738
15 14 738
14 31 707
31 14 707
14 31 226
31 14 226
14 25 433
25 14 433
14 19 189
19 14 189
15 19 752
19 15 752
15 20 399
20 15 399
15 35 412
35 15 412
16 35 849
35 16 849
16 27 977
27 16 977
16 19 496
19 16 496
16 31 291
31 16 291
16 39 46
39 16 46
16 27 798
27 16 798
16 30 183
30 16 183
16 23 844
23 16 844
17 19 804
19 17 804
17 26 70
26 17 70
17 36 284
36 17 284
17 22 693
22 17 693
17 23 101
23 17 101
17 34 649
34 17 649
18 32 521
32 18 521
18 40 85
40 18 85
18 20 700
20 18 700
18 36 745
36 18 745
18 33 730
33 18 730
18 22 321
22 18 321
19 21 661
21 19 661
19 39 112
39 19 112
19 27 970
27 19 970
20 46 392
46 20 392
20 33 913
33 20 913
20 40 306
40 20 306
20 27 738
27 20 738
20 29 398
29 20 398
20 43 445
43 20 445
20 28 735
28 20 735
21 42 864
42 21 864
21 30 959
30 21 959
21 32 489
32 21 489
21 32 539
32 21 539
21 48 915
48 21 915
21 41 553
41 21 553
22 25 67
25 22 67
22 43 597
43 22 597
22 40 550
40 22 550
22 39 230
39 22 230
23 43 73
43 23 73
23 39 438
39 23 438
23 34 63
34 23 63
23 48 828
48 23 828
23 38 130
38 23 130
23 42 720
42 23 720
23 32 573
32 23 573
23 45 246
45 23 246
23 30 561
30 23 561
23 47 879
47 23 879
24 30 68
30 24 68
24 34 190
34 24 190
24 32 710
32 24 710
24 47 45
47 24 45
25 44 296
44 25 296
25 46 510
46 25 510
25 41 673
41 25 673
25 33 561
33 25 561
25 27 466
27 25 466
26 45 331
45 26 331
26 32 84
32 26 84
26 42 734
42 26 734
26 35 684
35 26 684
26 47 152
47 26 152
26 33 7
33 26 7
27 45 117
45 27 117
27 37 885
37 27 885
27 30 845
30 27 845
27 42 295
42 27 295
27 44 417
44 27 417
28 39 369
39 28 369
28 44 645
44 28 645
28 30 752
30 28 752
28 44 301
44 28 301
29 38 973
38 29 973
29 33 89
33 29 89
30 34 335
34 30 335
30 41 67
41 30 67
31 34 640
34 31 640
31 34 650
34 31 650
31 43 711
43 31 711
32 33 692
33 32 692
32 43 152
43 32 152
33 42 165
42 33 165
33 48 106
48 33 106
33 38 560
38 33 560
34 40 215
40 34 215
35 37 47
37 35 47
35 43 53
43 35 53
35 46 332
46 35 332
35 36 988
36 35 988
36 47 191
47 36 191
36 40 786
40 36 786
37 48 783
48 37 783
37 38 556
38 37 556
38 47 799
47 38 799
40 48 844
48 40 844
40 40 579
40 40 579
40 44 103
44 40 103
41 44 710
44 41 710
41 46 77
46 41 77
41 41 384
41 41 384
41 44 941
44 41 941
41 44 553
44 41 553
42 47 281
47 42 281
47 48 301
48 47 301
