80

0 1 862
1 0 862
0 3 203
3 0 203
0 4 20
4 0 20
0 5 31
5 0 31
0 43 476
43 0 476
0 65 501
65 0 501
0 77 969
77 0 969
0 37 853
37 0 853
0 35 3
35 0 3
0 7 299
7 0 299
0 32 757
32 0 757
0 55 497
55 0 497
0 73 765
73 0 765
0 5 150
5 0 150
1 2 430
2 1 430
1 11 266
11 1 266
1 13 429
13 1 429
1 16 569
16 1 569
1 19 901
19 1 901
1 72 257
72 1 257
1 44 814
44 1 814
1 5 858
5 1 858
1 15 316
15 1 316
1 4 926
4 1 926
1 52 766
52 1 766
1 31 106
31 1 106
1 70 130
70 1 130
1 23 514
23 1 514
1 7 226
7 1 226
2 9 571
9 2 571
2 17 830
17 2 830
2 4 802
4 2 802
2 37 445
37 2 445
2 46 679
46 2 679
2 18 512
18 2 512
2 25 213
25 2 213
3 8 830
8 3 830
3 12 992
12 3 992
3 14 612
14 3 612
3 71 295
71 3 295
3 41 841
41 3 841
3 47 746
47 3 746
3 4 646
4 3 646
3 39 495
39 3 495
3 33 58
33 3 58
4 7 487
7 4 487
4 10 12
10 4 12
4 28 855
28 4 855
4 31 386
31 4 386
4 50 183
50 4 183
4 52 736
52 4 736
4 33 274
33 4 274
4 36 189
36 4 189
4 43 440
43 4 440
5 6 376
6 5 376
5 18 959
18 5 959
5 20 27
20 5 27
5 49 273
49 5 273
5 74 256
74 5 256
5 36 885
36 5 885
5 56 166
56 5 166
5 44 32
44 5 32
5 58 936
58 5 936
6 34 162
34 6 162
6 53 390
53 6 390
6 73 552
73 6 552
6 67 244
67 6 244
6 70 155
70 6 155
6 33 315
33 6 315
6 54 558
54 6 558
6 40 638
40 6 638
6 38 997
38 6 997
6 18 291
18 6 291
6 79 175
79 6 175
6 54 306
54 6 306
7 25 583
25 7 583
7 59 656
59 7 656
7 76 454
76 7 454
7 62 415
62 7 415
7 42 596
42 7 596
7 74 207
74 7 207
7 76 54
76 7 54
8 67 797
67 8 797
8 63 749
63 8 749
8 11 511
11 8 511
8 29 567
29 8 567
8 53 626
53 8 626
8 27 87
27 8 87
8 78 201
78 8 201
8 28 68
28 8 68
8 16 652
16 8 652
8 12 859
12 8 859
9 21 153
21 9 153
9 39 458
39 9 458
9 62 306
62 9 306
9 40 275
40 9 275
9 63 438
63 9 438
9 42 492
42 9 492
9 28 564
28 9 564
9 12 213
12 9 213
10 45 917
45 10 917
10 71 418
71 10 418
10 27 625
27 10 625
10 51 330
51 10 330
10 62 943
62 10 943
10 59 867
59 10 867
11 30 838
30 11 838
11 58 370
58 11 370
11 28 121
28 11 121
12 76 171
76 12 171
12 25 818
25 12 818
12 28 212
28 12 212
13 15 487
15 13 487
13 26 57
26 13 57
13 27 598
27 13 598
13 47 817
47 13 817
13 58 192
58 13 192
13 43 965
43 13 965
13 74 952
74 13 952
13 51 551
51 13 551
13 67 366
67 13 366
13 49 368
49 13 368
13 22 41
22 13 41
13 44 305
44 13 305
13 66 601
66 13 601
13 48 377
48 13 377
13 36 150
36 13 150
13 38 803
38 13 803
13 64 1
64 13 1
13 71 887
71 13 887
13 77 156
77 13 156
14 38 824
38 14 824
14 41 189
41 14 189
14 54 746
54 14 746
14 20 639
20 14 639
14 55 631
55 14 631
15 29 457
29 15 457
15 79 211
79 15 211
15 18 847
18 15 847
15 33 577
33 15 577
15 34 916
34 15 916
15 77 189
77 15 189
15 72 583
72 15 583
15 57 776
57 15 776
16 77 114
77 16 114
16 71 491
71 16 491
16 52 888
52 16 888
16 36 130
36 16 130
16 65 323
65 16 323
17 22 926
22 17 926
17 32 278
32 17 278
17 60 539
60 17 539
17 39 833
39 17 833
17 24 541
24 17 541
17 79 367
79 17 367
17 77 555
77 17 555
18 24 383
24 18 383
18 31 134
31 18 134
18 51 2
51 18 2
18 73 281
73 18 281
18 61 570
61 18 570
18 18 680
18 18 680
18 39 716
39 18 716
18 53 104
53 18 104
18 43 905
43 18 905
18 61 276
61 18 276
18 29 441
29 18 441
19 23 752
23 19 752
19 44 631
44 19 631
19 46 952
46 19 952
19 49 364
49 19 364
19 64 733
64 19 733
19 25 106
25 19 106
19 54 558
54 19 558
19 44 66
44 19 66
19 74 920
74 19 920
20 66 125
66 20 125
20 77 333
77 20 333
20 77 812
77 20 812
20 66 944
66 20 944
20 72 743
72 20 743
20 58 436
58 20 436
21 67 357
67 21 357
21 40 42
40 21 42
21 39 455
39 21 455
21 54 719
54 21 719
21 63 469
63 21 469
21 23 729
23 21 729
21 57 460
57 21 460
21 66 864
66 21 864
22 36 228
36 22 228
22 54 845
54 22 845
22 63 515
63 22 515
22 76 593
76 22 593
22 52 281
52 22 281
22 42 391
42 22 391
22 63 111
63 22 111
22 52 167
52 22 167
23 37 782
37 23 782
23 78 701
78 23 701
23 55 188
55 23 188
23 44 678
44 23 678
23 37 965
37 23 965
23 62 547
62 23 547
24 41 699
41 24 699
24 61 967
61 24 967
24 33 734
33 24 734
24 67 322
67 24 322
25 32 685
32 25 685
25 74 115
74 25 115
25 31 350
31 25 350
25 38 957
38 25 957
25 46 736
46 25 736
25 72 387
72 25 387
25 64 100
64 25 100
26 61 112
61 26 112
26 59 196
59 26 196
26 26 80
26 26 80
26 27 699
27 26 699
26 65 542
65 26 542
26 32 518
32 26 518
26 67 722
67 26 722
26 35 574
35 26 574
26 28 228
28 26 228
26 34 397
34 26 397
26 47 241
47 26 241
27 74 29
74 27 29
27 40 235
40 27 235
27 59 564
59 27 564
27 69 368
69 27 368
27 75 511
75 27 511
27 57 504
57 27 504
27 60 124
60 27 124
27 39 562
39 27 562
27 34 135
34 27 135
28 40 461
40 28 461
28 76 991
76 28 991
28 55 154
55 28 154
28 60 597
60 28 597
28 50 431
50 28 431
28 52 428
52 28 428
28 50 5
50 28 5
28 56 392
56 28 392
28 57 308
57 28 308
28 34 648
34 28 648
28 64 879
64 28 879
28 50 688
50 28 688
28 36 362
36 28 362
29 35 892
35 29 892
29 48 899
48 29 899
29 50 13
50 29 13
29 31 886
31 29 886
29 35 189
35 29 189
29 32 97
32 29 97
29 57 905
57 29 905
29 37 174
37 29 174
29 44 602
44 29 602
29 58 578
58 29 578
30 62 425
62 30 425
30 33 878
33 30 878
30 36 729
36 30 729
30 77 347
77 30 347
30 56 811
56 30 811
30 62 925
62 30 925
30 54 794
54 30 794
30 57 169
57 30 169
30 65 427
65 30 427
30 36 373
36 30 373
31 79 202
79 31 202
31 55 272
55 31 272
31 73 292
73 31 292
31 50 187
50 31 187
32 33 47
33 32 47
32 62 740
62 32 740
32 55 531
55 32 531
32 77 357
77 32 357
32 39 327
39 32 327
32 52 762
52 32 762
32 59 121
59 32 121
32 77 976
77 32 976
32 42 446
42 32 446
33 40 912
40 33 912
33 63 783
63 33 783
33 36 107
36 33 107
33 48 121
48 33 121
33 43 988
43 33 988
33 40 431
40 33 431
34 55 665
55 34 665
34 56 663
56 34 663
34 44 131
44 34 131
34 72 564
72 34 564
34 54 163
54 34 163
34 48 815
48 34 815
34 60 183
60 34 183
35 42 811
42 35 811
35 36 646
36 35 646
35 47 636
47 35 636
35 37 226
37 35 226
35 66 69
66 35 69
35 52 224
52 35 224
35 77 203
77 35 203
35 53 991
53 35 991
35 71 771
71 35 771
35 77 823
77 35 823
36 41 980
41 36 980
36 64 879
64 36 879
36 38 118
38 36 118
36 58 689
58 36 689
36 42 830
42 36 830
37 66 621
66 37 621
37 60 664
60 37 664
37 73 661
73 37 661
37 70 104
70 37 104
37 57 932
57 37 932
37 47 369
47 37 369
37 62 632
62 37 632
38 52 451
52 38 451
38 46 490
46 38 490
38 73 507
73 38 507
38 73 780
73 38 780
38 41 938
41 38 938
38 67 882
67 38 882
39 65 818
65 39 818
39 62 997
62 39 997
39 66 250
66 39 250
39 72 742
72 39 742
39 48 335
48 39 335
40 58 401
58 40 401
40 60 542
60 40 542
40 51 159
51 40 159
40 73 973
73 40 973
40 76 382
76 40 382
40 40 810
40 40 810
40 45 615
45 40 615
41 69 873
69 41 873
41 44 650
44 41 650
41 56 981
56 41 981
41 47 150
47 41 150
41 61 405
61 41 405
41 51 215
51 41 215
41 48 197
48 41 197
41 52 602
52 41 602
41 42 968
42 41 968
41 52 745
52 41 745
42 75 860
75 42 860
42 74 827
74 42 827
42 47 446
47 42 446
42 75 714
75 42 714
43 44 479
44 43 479
43 71 997
71 43 997
43 78 742
78 43 742
43 65 988
65 43 988
43 71 810
71 43 810
44 68 751
68 44 751
45 50 878
50 45 878
45 54 593
54 45 593
45 69 688
69 45 688
45 74 465
74 45 465
46 48 304
48 46 304
46 74 469
74 46 469
46 72 264
72 46 264
46 57 405
57 46 405
46 78 390
78 46 390
46 66 188
66 46 188
46 55 944
55 46 944
46 74 996
74 46 996
47 60 636
60 47 636
47 76 818
76 47 818
47 70 101
70 47 101
48 65 113
65 48 113
48 64 577
64 48 577
48 52 821
52 48 821
49 62 511
62 49 511
50 61 251
61 50 251
50 57 378
57 50 378
50 51 372
51 50 372
50 59 988
59 50 988
50 63 895
63 50 895
50 77 539
77 50 539
50 73 143
73 50 143
50 53 275
53 50 275
51 68 981
68 51 981
51 68 953
68 51 953
51 75 251
75 51 251
51 68 972
68 51 972
52 61 353
61 52 353
52 53 843
53 52 843
52 53 232
53 52 232
52 73 742
73 52 742
53 63 225
63 53 225
53 63 62
63 53 62
54 64 422
64 54 422
54 56 351
56 54 351
55 57 343
57 55 343
55 58 736
58 55 736
55 76 694
76 55 694
56 57 877
57 56 877
56 72 150
72 56 150
57 79 752
79 57 752
57 76 515
76 57 515
58 70 427
70 58 427
58 74 470
74 58 470
58 76 457
76 58 457
60 63 676
63 60 676
61 78 897
78 61 897
61 79 67
79 61 67
61 66 519
66 61 519
61 79 179
79 61 179
62 76 428
76 62 428
62 79 102
79 62 102
62 72 243
72 62 243
62 69 635
69 62 635
62 70 329
70 62 329
63 78 169
78 63 169
63 76 576
76 63 576
63 67 360
67 63 360
65 71 740
71 65 740
67 78 982
78 67 982
67 75 861
75 67 861
67 71 284
71 67 284
68 70 652
70 68 652
68 71 804
71 68 804
69 75 403
75 69 403
70 77 844
77 70 844
70 79 391
79 70 391
70 75 79
75 70 79
70 72 31
72 70 31
73 73 715
73 73 715
75 75 509
75 75 509
76 77 804
77 76 804
78 79 876
79 78 876
