79

0 1 689
1 0 689
0 3 96
3 0 96
0 10 76
10 0 76
0 14 141
14 0 141
0 24 267
24 0 267
0 23 42
23 0 42
0 34 543
34 0 543
0 35 515
35 0 515
0 57 402
57 0 402
0 61 697
61 0 697
0 18 913
18 0 913
0 47 983
47 0 983
0 76 513
76 0 513
0 23 376
23 0 376
1 2 338
2 1 338
1 4 953
4 1 953
1 6 935
6 1 935
1 61 292
61 1 292
1 35 530
35 1 530
1 45 402
45 1 402
1 8 308
8 1 308
1 73 180
73 1 180
1 60 727
60 1 727
1 56 538
56 1 538
1 33 135
33 1 135
2 5 644
5 2 644
2 7 899
7 2 899
2 8 901
8 2 901
2 16 222
16 2 222
2 54 186
54 2 186
2 16 204
16 2 204
2 42 100
42 2 100
2 46 955
46 2 955
2 15 728
15 2 728
2 18 379
18 2 379
2 28 474
28 2 474
2 36 393
36 2 393
2 53 221
53 2 221
3 48 978
48 3 978
3 60 721
60 3 721
3 69 197
69 3 197
3 23 56
23 3 56
3 10 199
10 3 199
4 36 138
36 4 138
4 71 288
71 4 288
4 47 116
47 4 116
4 74 331
74 4 331
4 28 849
28 4 849
5 9 429
9 5 429
5 50 171
50 5 171
5 29 290
29 5 290
5 19 467
19 5 467
5 22 951
22 5 951
5 53 66
53 5 66
6 11 541
11 6 541
6 12 821
12 6 821
6 17 168
17 6 168
6 23 532
23 6 532
6 26 71
26 6 71
6 34 579
34 6 579
6 45 450
45 6 450
6 52 406
52 6 406
6 64 517
64 6 517
6 40 471
40 6 471
6 29 290
29 6 290
6 70 735
70 6 735
6 63 952
63 6 952
6 62 521
62 6 521
6 32 448
32 6 448
7 68 773
68 7 773
7 12 66
12 7 66
7 37 219
37 7 219
7 11 491
11 7 491
7 43 25
43 7 25
8 29 848
29 8 848
8 13 265
13 8 265
8 51 872
51 8 872
8 59 963
59 8 963
8 60 631
60 8 631
8 43 666
43 8 666
8 28 963
28 8 963
8 20 93
20 8 93
9 46 233
46 9 233
9 10 286
10 9 286
9 41 312
41 9 312
9 29 643
29 9 643
9 21 648
21 9 648
9 29 885
29 9 885
10 20 892
20 10 892
10 28 180
28 10 180
10 32 571
32 10 571
10 39 22
39 10 22
10 56 443
56 10 443
10 53 23
53 10 23
10 69 289
69 10 289
10 24 9
24 10 9
10 58 654
58 10 654
10 41 620
41 10 620
10 63 875
63 10 875
11 13 938
13 11 938
11 22 857
22 11 857
11 71 481
71 11 481
11 59 103
59 11 103
11 13 812
13 11 812
11 64 90
64 11 90
11 18 624
18 11 624
11 24 752
24 11 752
11 37 66
37 11 66
11 27 257
27 11 257
11 55 338
55 11 338
11 47 237
47 11 237
12 19 408
19 12 408
12 33 310
33 12 310
12 43 622
43 12 622
12 50 270
50 12 270
12 28 737
28 12 737
12 46 731
46 12 731
12 54 552
54 12 552
12 66 448
66 12 448
12 76 397
76 12 397
13 21 937
21 13 937
13 37 155
37 13 155
13 38 72
38 13 72
13 65 155
65 13 155
13 25 809
25 13 809
13 26 611
26 13 611
13 18 674
18 13 674
13 29 656
29 13 656
13 64 221
64 13 221
13 23 331
23 13 331
13 37 102
37 13 102
13 26 759
26 13 759
13 77 903
77 13 903
13 42 467
42 13 467
14 15 832
15 14 832
14 47 937
47 14 937
14 53 643
53 14 643
14 37 374
37 14 374
14 16 515
16 14 515
14 22 756
22 14 756
14 60 67
60 14 67
14 20 506
20 14 506
14 65 70
65 14 70
15 18 705
18 15 705
15 42 704
42 15 704
15 70 358
70 15 358
15 16 880
16 15 880
15 69 193
69 15 193
15 57 239
57 15 239
15 30 369
30 15 369
16 27 847
27 16 847
16 53 583
53 16 583
16 72 239
72 16 239
16 43 135
43 16 135
16 22 919
22 16 919
16 75 248
75 16 248
16 39 325
39 16 325
16 72 597
72 16 597
16 44 180
44 16 180
16 25 382
25 16 382
17 49 739
49 17 739
17 49 279
49 17 279
17 76 637
76 17 637
17 76 986
76 17 986
17 58 697
58 17 697
18 40 66
40 18 66
18 51 561
51 18 561
18 69 878
69 18 878
18 62 737
62 18 737
18 72 566
72 18 566
18 56 563
56 18 563
18 74 43
74 18 43
18 28 530
28 18 530
18 46 393
46 18 393
18 22 981
22 18 981
18 73 837
73 18 837
19 31 511
31 19 511
19 58 471
58 19 471
19 39 155
39 19 155
19 25 779
25 19 779
19 41 328
41 19 328
19 46 762
46 19 762
19 51 674
51 19 674
19 24 19
24 19 19
19 70 991
70 19 991
19 46 353
46 19 353
20 55 751
55 20 751
20 70 573
70 20 573
20 64 786
64 20 786
20 38 577
38 20 577
20 65 650
65 20 650
21 73 309
73 21 309
21 24 788
24 21 788
22 30 564
30 22 564
22 24 459
24 22 459
22 67 894
67 22 894
23 58 24
58 23 24
23 58 818
58 23 818
23 56 552
56 23 552
23 62 919
62 23 919
24 25 217
25 24 217
24 34 966
34 24 966
24 56 529
56 24 529
24 50 261
50 24 261
24 76 824
76 24 824
25 66 520
66 25 520
25 78 635
78 25 635
25 33 503
33 25 503
25 32 298
32 25 298
26 35 935
35 26 935
26 43 213
43 26 213
26 60 611
60 26 611
26 46 982
46 26 982
27 57 278
57 27 278
27 52 858
52 27 858
27 66 125
66 27 125
27 59 775
59 27 775
27 35 827
35 27 827
28 40 616
40 28 616
28 68 367
68 28 367
28 66 449
66 28 449
29 68 118
68 29 118
29 51 934
51 29 934
29 44 51
44 29 51
29 48 238
48 29 238
29 37 694
37 29 694
30 51 827
51 30 827
30 41 965
41 30 965
30 52 269
52 30 269
30 77 818
77 30 818
31 56 798
56 31 798
31 50 342
50 31 342
32 59 369
59 32 369
32 77 654
77 32 654
32 58 461
58 32 461
32 52 597
52 32 597
32 76 389
76 32 389
32 57 578
57 32 578
32 59 135
59 32 135
33 51 475
51 33 475
33 44 626
44 33 626
33 75 672
75 33 672
33 46 642
46 33 642
33 78 141
78 33 141
34 70 475
70 34 475
34 40 30
40 34 30
34 75 817
75 34 817
35 72 466
72 35 466
36 40 914
40 36 914
36 54 518
54 36 518
36 71 410
71 36 410
36 55 175
55 36 175
36 78 240
78 36 240
36 67 888
67 36 888
36 49 473
49 36 473
36 65 943
65 36 943
37 41 259
41 37 259
37 56 704
56 37 704
37 78 210
78 37 210
37 47 113
47 37 113
38 43 859
43 38 859
38 44 763
44 38 763
39 50 750
50 39 750
39 73 700
73 39 700
39 58 736
58 39 736
39 42 428
42 39 428
39 66 509
66 39 509
39 45 241
45 39 241
40 44 377
44 40 377
40 75 42
75 40 42
40 66 928
66 40 928
40 73 194
73 40 194
41 42 998
42 41 998
42 64 217
64 42 217
42 77 629
77 42 629
43 51 320
51 43 320
43 52 403
52 43 403
44 62 779
62 44 779
44 61 790
61 44 790
44 78 875
78 44 875
48 56 14
56 48 14
50 56 787
56 50 787
50 61 524
61 50 524
50 78 483
78 50 483
51 54 495
54 51 495
52 67 464
67 52 464
52 62 193
62 52 193
52 61 91
61 52 91
53 74 659
74 53 659
53 63 180
63 53 180
53 75 431
75 53 431
53 60 810
60 53 810
53 68 200
68 53 200
54 63 361
63 54 361
54 62 178
62 54 178
55 70 864
70 55 864
55 57 768
57 55 768
57 58 41
58 57 41
57 68 516
68 57 516
59 65 682
65 59 682
60 69 364
69 60 364
61 63 430
63 61 430
61 65 471
65 61 471
61 61 490
61 61 490
61 63 55
63 61 55
62 67 52
67 62 52
62 63 455
63 62 455
63 64 746
64 63 746
63 67 530
67 63 530
63 77 788
77 63 788
66 76 476
76 66 476
67 78 982
78 67 982
67 73 937
73 67 937
68 74 952
74 68 952
69 78 721
78 69 721
72 78 263
78 72 263
73 74 401
74 73 401
