92

0 1 257
1 0 257
0 2 166
2 0 166
0 3 644
3 0 644
0 15 722
15 0 722
0 16 794
16 0 794
0 58 945
58 0 945
0 87 837
87 0 837
0 34 722
34 0 722
0 78 662
78 0 662
0 3 291
3 0 291
1 4 369
4 1 369
1 18 576
18 1 576
1 24 262
24 1 262
1 45 406
45 1 406
1 48 97
48 1 97
1 70 564
70 1 564
1 41 209
41 1 209
1 71 581
71 1 581
1 31 365
31 1 365
1 39 110
39 1 110
2 5 604
5 2 604
2 27 885
27 2 885
2 29 99
29 2 99
2 40 877
40 2 877
2 20 508
20 2 508
2 90 496
90 2 496
2 78 317
78 2 317
3 7 185
7 3 185
3 10 465
10 3 465
3 17 90
17 3 90
3 19 220
19 3 220
3 30 647
30 3 647
3 47 141
47 3 141
3 54 334
54 3 334
3 72 16
72 3 16
3 69 749
69 3 749
3 84 834
84 3 834
3 13 258
13 3 258
3 31 960
31 3 960
3 29 503
29 3 503
3 21 191
21 3 191
4 6 788
6 4 788
4 20 522
20 4 522
4 36 970
36 4 970
4 75 317
75 4 317
4 38 483
38 4 483
4 31 882
31 4 882
4 50 143
50 4 143
4 50 90
50 4 90
4 7 980
7 4 980
4 32 625
32 4 625
5 8 588
8 5 588
5 49 711
49 5 711
5 91 506
91 5 506
5 84 236
84 5 236
5 26 805
26 5 805
6 12 226
12 6 226
6 23 39
23 6 39
6 32 133
32 6 133
6 33 516
33 6 516
6 68 603
68 6 603
6 33 128
33 6 128
6 45 634
45 6 634
6 21 961
21 6 961
7 11 663
11 7 663
7 14 936
14 7 936
7 50 921
50 7 921
7 79 517
79 7 517
7 80 106
80 7 106
7 67 168
67 7 168
7 54 379
54 7 379
7 45 301
45 7 301
7 84 738
84 7 738
7 23 374
23 7 374
8 9 510
9 8 510
8 57 897
57 8 897
8 13 992
13 8 992
9 13 901
13 9 901
9 25 83
25 9 83
9 82 936
82 9 936
9 28 267
28 9 267
9 76 76
76 9 76
9 44 820
44 9 820
10 69 503
69 10 503
10 90 234
90 10 234
10 58 476
58 10 476
10 65 52
65 10 52
11 79 934
79 11 934
11 21 585
21 11 585
11 76 867
76 11 867
11 53 658
53 11 658
12 82 650
82 12 650
12 33 504
33 12 504
12 89 456
89 12 456
12 85 223
85 12 223
13 28 71
28 13 71
13 48 12
48 13 12
13 84 755
84 13 755
13 85 255
85 13 255
13 88 960
88 13 960
14 31 263
31 14 263
14 62 442
62 14 442
14 61 980
61 14 980
14 57 313
57 14 313
14 19 41
19 14 41
14 26 388
26 14 388
14 70 673
70 14 673
15 30 899
30 15 899
15 82 916
82 15 916
16 39 856
39 16 856
16 68 309
68 16 309
17 46 910
46 17 910
17 83 201
83 17 201
17 32 18
32 17 18
18 21 502
21 18 502
18 22 620
22 18 620
18 67 34
67 18 34
19 45 294
45 19 294
19 19 694
19 19 694
20 20 880
20 20 880
20 49 794
49 20 794
20 49 791
49 20 791
20 51 998
51 20 998
20 55 200
55 20 200
20 69 631
69 20 631
20 42 263
42 20 263
20 91 749
91 20 749
21 56 967
56 21 967
21 65 11
65 21 11
21 80 139
80 21 139
21 28 336
28 21 336
21 57 532
57 21 532
22 26 903
26 22 903
22 77 849
77 22 849
22 23 609
23 22 609
23 91 617
91 23 617
23 70 303
70 23 303
23 74 63
74 23 63
24 37 108
37 24 108
24 43 716
43 24 716
24 63 520
63 24 520
25 35 350
35 25 350
25 89 323
89 25 323
25 82 74
82 25 74
25 48 948
48 25 948
26 53 990
53 26 990
26 61 405
61 26 405
26 78 585
78 26 585
26 79 886
79 26 886
27 63 174
63 27 174
27 79 457
79 27 457
27 56 41
56 27 41
28 42 754
42 28 754
28 85 802
85 28 802
28 68 397
68 28 397
29 34 298
34 29 298
29 40 498
40 29 498
29 47 249
47 29 249
30 39 335
39 30 335
30 59 189
59 30 189
30 64 279
64 30 279
30 30 206
30 30 206
30 37 615
37 30 615
30 50 712
50 30 712
30 44 861
44 30 861
30 45 22
45 30 22
30 40 31
40 30 31
31 66 20
66 31 20
31 74 754
74 31 754
31 65 507
65 31 507
31 53 578
53 31 578
32 91 198
91 32 198
32 79 202
79 32 202
33 38 257
38 33 257
33 60 440
60 33 440
33 52 574
52 33 574
33 91 849
91 33 849
33 68 499
68 33 499
34 70 708
70 34 708
35 44 422
44 35 422
35 67 386
67 35 386
35 62 506
62 35 506
35 45 613
45 35 613
35 88 357
88 35 357
36 49 163
49 36 163
36 57 306
57 36 306
36 60 487
60 36 487
36 59 15
59 36 15
36 64 331
64 36 331
37 41 495
41 37 495
37 46 934
46 37 934
38 56 721
56 38 721
39 52 409
52 39 409
39 80 55
80 39 55
39 84 694
84 39 694
39 75 701
75 39 701
40 51 119
51 40 119
40 40 683
40 40 683
40 47 739
47 40 739
40 50 909
50 40 909
40 86 377
86 40 377
41 76 89
76 41 89
41 87 674
87 41 674
41 44 171
44 41 171
42 79 807
79 42 807
42 62 632
62 42 632
43 88 174
88 43 174
44 63 116
63 44 116
45 51 116
51 45 116
45 75 998
75 45 998
45 51 611
51 45 611
45 51 209
51 45 209
46 55 266
55 46 266
47 81 977
81 47 977
47 50 198
50 47 198
47 81 65
81 47 65
48 55 405
55 48 405
48 59 595
59 48 595
48 52 438
52 48 438
50 57 27
57 50 27
50 51 692
51 50 692
50 74 327
74 50 327
51 89 188
89 51 188
51 64 679
64 51 679
53 70 67
70 53 67
53 90 871
90 53 871
53 53 50
53 53 50
53 72 854
72 53 854
53 82 150
82 53 150
54 66 485
66 54 485
54 80 217
80 54 217
55 57 400
57 55 400
56 72 404
72 56 404
57 73 774
73 57 774
58 67 272
67 58 272
59 63 526
63 59 526
59 72 85
72 59 85
61 85 348
85 61 348
61 84 866
84 61 866
64 71 965
71 64 965
66 86 517
86 66 517
66 90 210
90 66 210
66 72 416
72 66 416
67 83 418
83 67 418
67 84 307
84 67 307
68 88 186
88 68 186
69 89 273
89 69 273
70 87 321
87 70 321
71 74 906
74 71 906
71 83 324
83 71 324
71 81 646
81 71 646
71 82 531
82 71 531
72 77 870
77 72 870
72 74 619
74 72 619
73 84 672
84 73 672
73 77 951
77 73 951
74 89 869
89 74 869
75 80 291
80 75 291
85 91 629
91 85 629
86 90 820
90 86 820
