85

0 1 175
1 0 175
0 2 14
2 0 14
0 4 157
4 0 157
0 6 60
6 0 60
0 11 201
11 0 201
0 28 611
28 0 611
0 32 26
32 0 26
0 30 840
30 0 840
0 58 190
58 0 190
0 12 460
12 0 460
0 63 721
63 0 721
0 27 400
27 0 400
0 48 324
48 0 324
0 28 728
28 0 728
0 27 111
27 0 111
1 3 483
3 1 483
1 23 378
23 1 378
1 27 769
27 1 769
1 8 699
8 1 699
1 14 401
14 1 401
1 38 582
38 1 582
1 42 705
42 1 705
1 54 393
54 1 393
1 25 236
25 1 236
1 40 688
40 1 688
1 8 273
8 1 273
1 67 950
67 1 950
1 28 575
28 1 575
1 50 416
50 1 416
1 33 380
33 1 380
1 46 409
46 1 409
1 34 998
34 1 998
1 34 276
34 1 276
1 55 459
55 1 459
1 59 148
59 1 148
1 59 550
59 1 550
1 21 675
21 1 675
1 9 584
9 1 584
1 40 988
40 1 988
2 5 882
5 2 882
2 7 687
7 2 687
2 18 105
18 2 105
2 35 383
35 2 383
2 55 612
55 2 612
2 42 359
42 2 359
2 49 681
49 2 681
2 4 107
4 2 107
2 16 768
16 2 768
2 23 296
23 2 296
2 56 9
56 2 9
2 9 820
9 2 820
2 67 90
67 2 90
3 21 256
21 3 256
3 38 581
38 3 581
3 59 147
59 3 147
3 84 186
84 3 186
3 28 293
28 3 293
3 75 791
75 3 791
3 28 706
28 3 706
3 74 194
74 3 194
3 30 262
30 3 262
3 7 791
7 3 791
4 10 399
10 4 399
4 13 444
13 4 444
4 45 32
45 4 32
4 72 845
72 4 845
4 9 15
9 4 15
4 5 948
5 4 948
4 76 601
76 4 601
4 48 53
48 4 53
4 64 605
64 4 605
4 58 211
58 4 211
4 42 65
42 4 65
4 5 649
5 4 649
4 77 384
77 4 384
5 9 599
9 5 599
5 76 420
76 5 420
5 31 330
31 5 330
5 54 600
54 5 600
5 78 781
78 5 781
5 26 24
26 5 24
5 44 28
44 5 28
5 37 241
37 5 241
5 12 486
12 5 486
5 78 310
78 5 310
5 66 378
66 5 378
5 49 579
49 5 579
5 72 82
72 5 82
5 52 423
52 5 423
5 54 674
54 5 674
5 49 686
49 5 686
6 52 399
52 6 399
6 22 477
22 6 477
6 79 420
79 6 420
6 81 157
81 6 157
6 23 849
23 6 849
6 80 900
80 6 900
6 69 350
69 6 350
6 53 995
53 6 995
6 65 447
65 6 447
6 49 999
49 6 999
6 18 119
18 6 119
6 45 378
45 6 378
6 79 946
79 6 946
6 20 672
20 6 672
6 6 468
6 6 468
6 14 808
14 6 808
7 8 559
8 7 559
7 26 464
26 7 464
7 42 626
42 7 626
7 25 615
25 7 615
7 57 809
57 7 809
7 12 75
12 7 75
7 42 941
42 7 941
7 61 519
61 7 519
7 81 863
81 7 863
7 8 559
8 7 559
7 70 504
70 7 504
7 34 906
34 7 906
7 57 255
57 7 255
7 56 841
56 7 841
7 81 243
81 7 243
7 56 463
56 7 463
7 34 694
34 7 694
8 12 400
12 8 400
8 24 456
24 8 456
8 32 674
32 8 674
8 9 136
9 8 136
8 54 765
54 8 765
8 44 639
44 8 639
8 71 801
71 8 801
8 69 704
69 8 704
8 83 157
83 8 157
8 67 308
67 8 308
8 10 434
10 8 434
8 35 2
35 8 2
8 53 641
53 8 641
8 65 535
65 8 535
8 81 138
81 8 138
8 32 240
32 8 240
9 30 646
30 9 646
9 34 722
34 9 722
9 56 639
56 9 639
9 80 823
80 9 823
9 23 290
23 9 290
9 58 332
58 9 332
9 67 282
67 9 282
9 26 318
26 9 318
9 29 386
29 9 386
9 28 987
28 9 987
9 52 957
52 9 957
9 27 220
27 9 220
9 55 523
55 9 523
9 81 799
81 9 799
10 14 405
14 10 405
10 20 951
20 10 951
10 35 340
35 10 340
10 41 642
41 10 642
10 56 274
56 10 274
10 69 871
69 10 871
10 69 247
69 10 247
10 37 784
37 10 784
10 44 730
44 10 730
10 79 587
79 10 587
10 31 746
31 10 746
10 74 39
74 10 39
11 19 975
19 11 975
11 31 721
31 11 721
11 72 127
72 11 127
11 36 357
36 11 357
11 76 405
76 11 405
11 38 165
38 11 165
11 49 434
49 11 434
11 22 192
22 11 192
11 24 424
24 11 424
11 30 252
30 11 252
11 54 518
54 11 518
11 54 688
54 11 688
11 20 679
20 11 679
11 54 94
54 11 94
11 60 706
60 11 706
11 26 996
26 11 996
12 29 297
29 12 297
12 39 448
39 12 448
12 40 264
40 12 264
12 15 999
15 12 999
12 65 521
65 12 521
12 53 450
53 12 450
12 84 774
84 12 774
12 81 442
81 12 442
12 15 423
15 12 423
12 20 350
20 12 350
13 15 65
15 13 65
13 49 742
49 13 742
13 13 786
13 13 786
13 72 703
72 13 703
13 62 506
62 13 506
13 36 170
36 13 170
13 65 923
65 13 923
13 56 533
56 13 533
13 39 576
39 13 576
13 28 298
28 13 298
13 82 118
82 13 118
13 53 670
53 13 670
13 69 448
69 13 448
13 53 901
53 13 901
13 42 408
42 13 408
13 82 782
82 13 782
14 17 617
17 14 617
14 51 402
51 14 402
14 38 132
38 14 132
14 35 680
35 14 680
14 72 170
72 14 170
14 56 99
56 14 99
14 39 13
39 14 13
14 50 310
50 14 310
14 21 571
21 14 571
14 30 853
30 14 853
14 28 710
28 14 710
14 30 95
30 14 95
15 16 750
16 15 750
15 28 239
28 15 239
15 34 95
34 15 95
15 72 984
72 15 984
15 24 109
24 15 109
15 53 764
53 15 764
15 48 509
48 15 509
15 71 655
71 15 655
15 19 352
19 15 352
15 82 763
82 15 763
16 25 300
25 16 300
16 66 842
66 16 842
16 41 168
41 16 168
16 37 305
37 16 305
16 79 184
79 16 184
16 60 998
60 16 998
16 62 633
62 16 633
16 22 374
22 16 374
16 44 559
44 16 559
16 35 193
35 16 193
16 38 16
38 16 16
17 59 298
59 17 298
17 22 740
22 17 740
17 65 828
65 17 828
17 45 684
45 17 684
17 56 313
56 17 313
17 31 887
31 17 887
17 59 74
59 17 74
17 63 896
63 17 896
17 34 6
34 17 6
17 71 300
71 17 300
17 78 860
78 17 860
17 77 960
77 17 960
17 53 9
53 17 9
17 19 592
19 17 592
18 22 494
22 18 494
18 55 609
55 18 609
18 75 213
75 18 213
18 24 176
24 18 176
18 59 182
59 18 182
18 74 7
74 18 7
18 81 200
81 18 200
18 55 864
55 18 864
18 32 495
32 18 495
18 69 728
69 18 728
18 22 679
22 18 679
18 31 850
31 18 850
18 40 803
40 18 803
18 68 814
68 18 814
18 23 123
23 18 123
18 23 247
23 18 247
18 59 851
59 18 851
18 24 741
24 18 741
18 28 137
28 18 137
19 48 845
48 19 845
19 46 226
46 19 226
19 50 201
50 19 201
19 28 367
28 19 367
19 71 912
71 19 912
19 81 605
81 19 605
19 43 810
43 19 810
19 82 577
82 19 577
19 59 275
59 19 275
19 83 719
83 19 719
20 43 678
43 20 678
20 71 427
71 20 427
20 67 644
67 20 644
20 21 834
21 20 834
20 83 557
83 20 557
20 81 358
81 20 358
20 28 561
28 20 561
20 65 54
65 20 54
20 65 631
65 20 631
20 52 649
52 20 649
20 39 540
39 20 540
20 34 266
34 20 266
21 50 82
50 21 82
21 59 681
59 21 681
21 40 551
40 21 551
21 83 394
83 21 394
21 42 443
42 21 443
21 42 293
42 21 293
21 39 919
39 21 919
21 27 864
27 21 864
21 84 647
84 21 647
22 68 451
68 22 451
22 69 705
69 22 705
22 70 903
70 22 903
22 48 173
48 22 173
22 66 718
66 22 718
22 49 284
49 22 284
22 83 488
83 22 488
22 66 747
66 22 747
22 43 661
43 22 661
22 60 594
60 22 594
22 24 191
24 22 191
22 64 362
64 22 362
22 40 123
40 22 123
23 33 772
33 23 772
23 36 226
36 23 226
23 67 535
67 23 535
23 78 875
78 23 875
23 78 126
78 23 126
23 55 457
55 23 457
23 82 209
82 23 209
23 51 952
51 23 952
23 61 159
61 23 159
23 37 950
37 23 950
24 43 43
43 24 43
24 70 16
70 24 16
24 25 434
25 24 434
24 45 782
45 24 782
24 69 302
69 24 302
24 75 537
75 24 537
24 69 34
69 24 34
24 39 306
39 24 306
24 50 611
50 24 611
24 25 573
25 24 573
24 24 264
24 24 264
24 51 611
51 24 611
25 73 49
73 25 49
25 84 172
84 25 172
25 29 803
29 25 803
25 28 120
28 25 120
25 58 712
58 25 712
25 50 476
50 25 476
25 63 2
63 25 2
25 80 388
80 25 388
25 61 719
61 25 719
25 31 282
31 25 282
26 80 616
80 26 616
26 29 693
29 26 693
26 73 929
73 26 929
26 72 198
72 26 198
26 79 470
79 26 470
26 65 741
65 26 741
26 35 973
35 26 973
27 40 380
40 27 380
27 41 319
41 27 319
27 32 34
32 27 34
27 53 219
53 27 219
27 81 724
81 27 724
27 69 133
69 27 133
27 61 560
61 27 560
27 76 638
76 27 638
27 43 100
43 27 100
27 50 502
50 27 502
28 62 528
62 28 528
28 31 785
31 28 785
28 41 55
41 28 55
28 75 993
75 28 993
28 48 484
48 28 484
28 77 416
77 28 416
28 36 276
36 28 276
28 60 194
60 28 194
28 31 387
31 28 387
28 50 361
50 28 361
28 51 411
51 28 411
29 46 831
46 29 831
29 76 103
76 29 103
29 84 404
84 29 404
29 80 631
80 29 631
29 36 335
36 29 335
29 82 785
82 29 785
29 58 285
58 29 285
29 51 155
51 29 155
29 68 367
68 29 367
30 42 589
42 30 589
30 47 779
47 30 779
30 31 887
31 30 887
30 49 547
49 30 547
30 44 68
44 30 68
30 41 490
41 30 490
31 37 664
37 31 664
31 77 523
77 31 523
31 34 471
34 31 471
31 56 359
56 31 359
31 52 334
52 31 334
31 54 961
54 31 961
31 62 929
62 31 929
31 35 537
35 31 537
31 64 986
64 31 986
31 41 285
41 31 285
31 52 701
52 31 701
31 53 375
53 31 375
32 78 525
78 32 525
32 66 154
66 32 154
32 51 958
51 32 958
32 52 366
52 32 366
32 48 63
48 32 63
32 61 550
61 32 550
32 72 353
72 32 353
32 55 71
55 32 71
33 61 224
61 33 224
33 52 54
52 33 54
33 76 369
76 33 369
33 54 527
54 33 527
34 55 759
55 34 759
34 43 784
43 34 784
34 80 171
80 34 171
34 58 180
58 34 180
34 83 410
83 34 410
34 76 222
76 34 222
34 67 435
67 34 435
34 55 69
55 34 69
34 43 571
43 34 571
34 42 646
42 34 646
35 47 873
47 35 873
35 55 972
55 35 972
35 64 146
64 35 146
35 75 697
75 35 697
35 70 414
70 35 414
35 48 928
48 35 928
35 44 744
44 35 744
35 42 154
42 35 154
35 42 596
42 35 596
35 58 144
58 35 144
35 69 520
69 35 520
35 52 912
52 35 912
36 43 626
43 36 626
36 79 117
79 36 117
36 51 233
51 36 233
36 50 62
50 36 62
36 64 465
64 36 465
36 61 326
61 36 326
36 62 38
62 36 38
36 55 656
55 36 656
37 78 131
78 37 131
37 61 972
61 37 972
37 54 186
54 37 186
37 80 779
80 37 779
37 55 284
55 37 284
37 50 699
50 37 699
37 76 667
76 37 667
37 82 688
82 37 688
37 54 625
54 37 625
37 80 60
80 37 60
38 44 489
44 38 489
38 84 658
84 38 658
38 47 909
47 38 909
38 41 28
41 38 28
38 79 533
79 38 533
38 42 503
42 38 503
38 82 256
82 38 256
38 75 929
75 38 929
39 48 498
48 39 498
39 58 777
58 39 777
39 64 4
64 39 4
39 66 206
66 39 206
39 63 127
63 39 127
39 45 931
45 39 931
39 75 867
75 39 867
39 67 21
67 39 21
39 52 889
52 39 889
39 81 765
81 39 765
40 58 913
58 40 913
40 55 29
55 40 29
40 84 279
84 40 279
40 66 723
66 40 723
40 66 786
66 40 786
40 84 63
84 40 63
40 50 463
50 40 463
40 53 742
53 40 742
41 44 150
44 41 150
41 61 70
61 41 70
41 55 468
55 41 468
41 77 100
77 41 100
41 57 108
57 41 108
41 72 732
72 41 732
42 66 140
66 42 140
42 46 250
46 42 250
42 63 107
63 42 107
42 72 781
72 42 781
42 73 787
73 42 787
42 62 70
62 42 70
42 48 274
48 42 274
42 63 392
63 42 392
42 60 239
60 42 239
43 53 80
53 43 80
43 74 920
74 43 920
43 58 769
58 43 769
43 58 321
58 43 321
43 45 230
45 43 230
43 69 799
69 43 799
43 77 39
77 43 39
43 45 525
45 43 525
43 54 169
54 43 169
43 63 471
63 43 471
43 68 499
68 43 499
44 50 841
50 44 841
44 51 357
51 44 357
44 65 395
65 44 395
44 74 789
74 44 789
44 54 969
54 44 969
44 84 745
84 44 745
44 48 616
48 44 616
44 81 829
81 44 829
45 74 279
74 45 279
45 78 42
78 45 42
45 78 322
78 45 322
45 55 722
55 45 722
45 59 284
59 45 284
45 75 84
75 45 84
45 54 425
54 45 425
45 79 887
79 45 887
45 56 199
56 45 199
45 70 66
70 45 66
46 63 993
63 46 993
46 71 989
71 46 989
46 78 349
78 46 349
46 81 626
81 46 626
46 74 846
74 46 846
46 54 545
54 46 545
47 54 341
54 47 341
47 83 713
83 47 713
47 50 454
50 47 454
47 60 481
60 47 481
48 55 636
55 48 636
48 71 265
71 48 265
48 68 620
68 48 620
48 84 125
84 48 125
48 48 217
48 48 217
49 57 981
57 49 981
49 73 541
73 49 541
50 75 108
75 50 108
50 51 979
51 50 979
51 59 316
59 51 316
51 66 461
66 51 461
51 79 140
79 51 140
51 53 569
53 51 569
51 81 454
81 51 454
51 66 65
66 51 65
52 57 698
57 52 698
52 72 541
72 52 541
52 80 927
80 52 927
52 80 746
80 52 746
52 68 369
68 52 369
53 58 793
58 53 793
53 60 401
60 53 401
53 81 6
81 53 6
53 69 834
69 53 834
53 71 718
71 53 718
53 58 51
58 53 51
53 61 96
61 53 96
54 59 321
59 54 321
54 57 557
57 54 557
54 55 834
55 54 834
55 75 296
75 55 296
55 66 534
66 55 534
55 81 762
81 55 762
55 76 768
76 55 768
55 72 434
72 55 434
55 75 301
75 55 301
56 61 4
61 56 4
56 83 18
83 56 18
56 84 731
84 56 731
56 71 714
71 56 714
57 79 541
79 57 541
57 81 747
81 57 747
57 75 650
75 57 650
58 60 909
60 58 909
58 81 765
81 58 765
58 84 798
84 58 798
58 63 58
63 58 58
59 60 22
60 59 22
59 80 2
80 59 2
59 63 12
63 59 12
59 68 862
68 59 862
60 79 869
79 60 869
60 82 319
82 60 319
60 84 497
84 60 497
60 75 209
75 60 209
60 77 143
77 60 143
61 65 348
65 61 348
61 68 277
68 61 277
61 61 26
61 61 26
62 66 456
66 62 456
63 71 484
71 63 484
63 71 621
71 63 621
63 68 343
68 63 343
63 66 146
66 63 146
63 84 959
84 63 959
63 77 665
77 63 665
63 66 353
66 63 353
64 67 788
67 64 788
64 70 578
70 64 578
64 79 870
79 64 870
65 67 856
67 65 856
65 69 404
69 65 404
65 83 148
83 65 148
65 82 888
82 65 888
66 82 433
82 66 433
66 74 230
74 66 230
66 74 717
74 66 717
66 71 457
71 66 457
66 74 86
74 66 86
66 70 694
70 66 694
66 84 594
84 66 594
67 75 816
75 67 816
68 71 769
71 68 769
68 75 879
75 68 879
69 76 181
76 69 181
69 75 171
75 69 171
69 82 188
82 69 188
69 70 515
70 69 515
70 74 845
74 70 845
70 81 173
81 70 173
70 78 330
78 70 330
71 79 249
79 71 249
72 75 188
75 72 188
72 81 703
81 72 703
72 83 620
83 72 620
73 75 555
75 73 555
73 77 207
77 73 207
73 79 123
79 73 123
75 82 286
82 75 286
78 82 115
82 78 115
79 84 797
84 79 797
79 81 127
81 79 127
79 79 865
79 79 865
81 83 375
83 81 375
83 84 450
84 83 450
