99

0 1 425
1 0 425
0 2 26
2 0 26
0 3 369
3 0 369
0 5 508
5 0 508
0 12 342
12 0 342
0 21 618
21 0 618
0 36 445
36 0 445
0 60 646
60 0 646
0 63 830
63 0 830
0 97 979
97 0 979
0 40 523
40 0 523
0 32 353
32 0 353
0 26 675
26 0 675
0 62 132
62 0 132
0 81 412
81 0 412
1 19 935
19 1 935
1 68 978
68 1 978
1 81 413
81 1 413
1 82 334
82 1 334
1 58 4
58 1 4
1 72 598
72 1 598
2 4 6
4 2 6
2 9 709
9 2 709
2 14 959
14 2 959
2 93 248
93 2 248
2 43 198
43 2 198
2 65 960
65 2 960
2 33 383
33 2 383
2 5 154
5 2 154
2 8 794
8 2 794
2 84 77
84 2 77
2 57 14
57 2 14
3 16 648
16 3 648
3 97 395
97 3 395
3 8 224
8 3 224
3 41 90
41 3 90
4 6 413
6 4 413
4 46 296
46 4 296
4 62 969
62 4 969
4 68 180
68 4 180
4 6 530
6 4 530
4 56 994
56 4 994
4 93 527
93 4 527
4 13 458
13 4 458
4 95 46
95 4 46
4 42 964
42 4 964
5 7 558
7 5 558
5 11 749
11 5 749
5 41 637
41 5 637
5 22 599
22 5 599
5 82 359
82 5 359
5 96 181
96 5 181
5 16 600
16 5 600
5 27 693
27 5 693
5 47 690
47 5 690
5 24 813
24 5 813
5 22 617
22 5 617
6 8 750
8 6 750
6 10 297
10 6 297
6 26 248
26 6 248
6 44 189
44 6 189
6 98 482
98 6 482
6 41 903
41 6 903
6 97 637
97 6 637
7 17 812
17 7 812
7 49 341
49 7 341
7 64 672
64 7 672
7 50 679
50 7 679
7 23 591
23 7 591
7 17 761
17 7 761
7 96 810
96 7 810
7 21 15
21 7 15
7 66 845
66 7 845
8 24 487
24 8 487
8 25 535
25 8 535
8 88 126
88 8 126
8 61 55
61 8 55
8 9 804
9 8 804
9 29 65
29 9 65
9 31 225
31 9 225
9 33 537
33 9 537
9 80 601
80 9 601
9 25 753
25 9 753
9 55 753
55 9 753
9 84 343
84 9 343
9 76 782
76 9 782
9 22 286
22 9 286
9 95 897
95 9 897
10 13 586
13 10 586
10 86 898
86 10 898
10 32 753
32 10 753
10 36 423
36 10 423
10 34 607
34 10 607
10 48 900
48 10 900
10 86 961
86 10 961
10 81 435
81 10 435
10 91 466
91 10 466
10 56 606
56 10 606
11 20 699
20 11 699
11 39 237
39 11 237
11 87 905
87 11 905
11 71 801
71 11 801
12 15 256
15 12 256
12 19 708
19 12 708
12 40 568
40 12 568
12 22 479
22 12 479
12 56 318
56 12 318
13 34 970
34 13 970
13 35 476
35 13 476
13 88 747
88 13 747
13 63 599
63 13 599
14 18 47
18 14 47
14 23 26
23 14 26
14 50 369
50 14 369
14 54 221
54 14 221
14 45 561
45 14 561
14 57 878
57 14 878
14 42 513
42 14 513
14 53 623
53 14 623
15 18 187
18 15 187
15 17 3
17 15 3
15 97 92
97 15 92
16 28 352
28 16 352
16 32 770
32 16 770
16 41 336
41 16 336
16 52 594
52 16 594
16 41 119
41 16 119
16 38 811
38 16 811
16 28 857
28 16 857
16 73 457
73 16 457
17 22 218
22 17 218
17 80 786
80 17 786
18 65 967
65 18 967
18 89 28
89 18 28
18 22 106
22 18 106
19 39 574
39 19 574
19 44 441
44 19 441
19 26 688
26 19 688
19 50 43
50 19 43
20 40 529
40 20 529
20 27 64
27 20 64
20 29 156
29 20 156
20 84 614
84 20 614
20 95 990
95 20 990
21 27 986
27 21 986
21 81 818
81 21 818
21 36 445
36 21 445
21 87 243
87 21 243
22 25 87
25 22 87
22 25 488
25 22 488
23 55 690
55 23 690
23 85 205
85 23 205
23 76 385
76 23 385
23 35 13
35 23 13
23 56 864
56 23 864
23 45 259
45 23 259
23 67 738
67 23 738
24 40 314
40 24 314
24 59 901
59 24 901
24 69 785
69 24 785
24 38 777
38 24 777
24 28 798
28 24 798
25 33 105
33 25 105
26 42 159
42 26 159
26 76 184
76 26 184
26 81 735
81 26 735
26 33 344
33 26 344
26 50 775
50 26 775
27 30 618
30 27 618
27 56 37
56 27 37
27 84 750
84 27 750
27 76 738
76 27 738
27 30 361
30 27 361
27 37 825
37 27 825
27 88 720
88 27 720
27 65 161
65 27 161
28 52 81
52 28 81
28 73 522
73 28 522
28 87 519
87 28 519
28 42 389
42 28 389
29 37 18
37 29 18
29 48 922
48 29 922
29 74 830
74 29 830
29 64 49
64 29 49
29 42 488
42 29 488
29 35 655
35 29 655
30 45 681
45 30 681
30 91 661
91 30 661
30 98 210
98 30 210
30 76 877
76 30 877
30 76 476
76 30 476
31 66 729
66 31 729
31 90 787
90 31 787
31 44 85
44 31 85
31 55 177
55 31 177
31 94 701
94 31 701
31 37 60
37 31 60
31 70 209
70 31 209
31 86 604
86 31 604
31 42 642
42 31 642
32 46 728
46 32 728
33 53 957
53 33 957
33 57 64
57 33 64
34 69 946
69 34 946
34 51 826
51 34 826
34 88 883
88 34 883
34 46 339
46 34 339
34 69 74
69 34 74
35 38 329
38 35 329
35 47 201
47 35 201
35 82 106
82 35 106
35 68 588
68 35 588
35 43 588
43 35 588
35 71 235
71 35 235
36 53 716
53 36 716
36 57 171
57 36 171
36 77 359
77 36 359
36 85 729
85 36 729
37 57 976
57 37 976
37 39 604
39 37 604
37 72 153
72 37 153
37 61 311
61 37 311
38 50 594
50 38 594
38 52 909
52 38 909
39 72 441
72 39 441
39 78 628
78 39 628
39 92 51
92 39 51
39 62 541
62 39 541
39 74 126
74 39 126
39 44 644
44 39 644
40 43 578
43 40 578
40 50 306
50 40 306
41 51 724
51 41 724
41 81 294
81 41 294
41 64 882
64 41 882
42 56 752
56 42 752
42 95 337
95 42 337
42 82 430
82 42 430
42 60 740
60 42 740
42 93 787
93 42 787
43 67 897
67 43 897
43 44 207
44 43 207
43 96 790
96 43 790
43 86 670
86 43 670
44 78 794
78 44 794
44 50 345
50 44 345
45 70 576
70 45 576
45 75 968
75 45 968
45 74 335
74 45 335
45 54 21
54 45 21
45 73 210
73 45 210
45 86 57
86 45 57
45 81 277
81 45 277
46 71 275
71 46 275
46 76 270
76 46 270
47 88 299
88 47 299
47 89 700
89 47 700
47 58 346
58 47 346
48 95 247
95 48 247
48 54 544
54 48 544
48 86 332
86 48 332
48 73 959
73 48 959
48 69 89
69 48 89
49 61 935
61 49 935
49 96 909
96 49 909
50 94 520
94 50 520
50 81 899
81 50 899
50 94 541
94 50 541
51 86 402
86 51 402
51 80 882
80 51 882
51 84 195
84 51 195
52 58 68
58 52 68
52 82 76
82 52 76
52 54 166
54 52 166
53 61 814
61 53 814
53 91 300
91 53 300
53 58 316
58 53 316
53 95 41
95 53 41
54 85 620
85 54 620
54 89 11
89 54 11
54 75 632
75 54 632
55 75 463
75 55 463
55 74 379
74 55 379
55 78 377
78 55 377
56 71 94
71 56 94
56 91 26
91 56 26
57 65 779
65 57 779
58 88 170
88 58 170
58 96 243
96 58 243
59 60 702
60 59 702
59 79 431
79 59 431
59 63 495
63 59 495
60 62 945
62 60 945
60 82 130
82 60 130
60 79 200
79 60 200
60 98 948
98 60 948
60 89 376
89 60 376
62 79 683
79 62 683
63 83 926
83 63 926
63 89 573
89 63 573
63 96 352
96 63 352
65 92 689
92 65 689
65 77 524
77 65 524
65 73 649
73 65 649
65 84 574
84 65 574
65 75 316
75 65 316
66 71 128
71 66 128
67 79 622
79 67 622
67 82 452
82 67 452
67 82 759
82 67 759
67 70 705
70 67 705
67 96 433
96 67 433
68 74 858
74 68 858
69 94 36
94 69 36
69 96 972
96 69 972
69 72 979
72 69 979
69 85 991
85 69 991
70 79 892
79 70 892
70 85 643
85 70 643
72 84 664
84 72 664
72 78 576
78 72 576
72 87 848
87 72 848
73 76 364
76 73 364
73 89 88
89 73 88
73 94 811
94 73 811
74 76 447
76 74 447
75 77 348
77 75 348
75 90 46
90 75 46
76 83 504
83 76 504
79 81 93
81 79 93
79 91 246
91 79 246
79 92 25
92 79 25
80 86 923
86 80 923
83 95 145
95 83 145
84 86 401
86 84 401
87 90 595
90 87 595
87 88 367
88 87 367
88 89 257
89 88 257
88 97 295
97 88 295
90 98 928
98 90 928
90 93 686
93 90 686
94 96 293
96 94 293
