73

0 1 807
1 0 807
0 5 727
5 0 727
0 6 266
6 0 266
0 13 822
13 0 822
0 27 626
27 0 626
0 68 906
68 0 906
0 59 28
59 0 28
0 31 500
31 0 500
0 10 635
10 0 635
0 72 592
72 0 592
0 9 796
9 0 796
0 62 629
62 0 629
0 63 171
63 0 171
0 63 382
63 0 382
1 2 743
2 1 743
1 17 630
17 1 630
1 61 478
61 1 478
1 57 541
57 1 541
1 55 643
55 1 643
1 13 623
13 1 623
1 48 482
48 1 482
1 64 76
64 1 76
1 39 308
39 1 308
1 55 232
55 1 232
1 16 960
16 1 960
1 19 477
19 1 477
1 19 160
19 1 160
1 62 523
62 1 523
1 15 248
15 1 248
2 3 975
3 2 975
2 4 274
4 2 274
2 68 393
68 2 393
2 29 169
29 2 169
2 56 510
56 2 510
2 32 907
32 2 907
2 61 958
61 2 958
2 50 48
50 2 48
2 15 470
15 2 470
2 19 14
19 2 14
2 15 450
15 2 450
2 24 372
24 2 372
2 41 367
41 2 367
2 5 829
5 2 829
2 72 445
72 2 445
2 33 674
33 2 674
2 60 612
60 2 612
2 11 807
11 2 807
3 8 106
8 3 106
3 34 813
34 3 813
3 41 644
41 3 644
3 10 490
10 3 490
3 59 544
59 3 544
3 55 168
55 3 168
3 65 49
65 3 49
3 43 356
43 3 356
3 54 178
54 3 178
3 43 304
43 3 304
3 14 965
14 3 965
3 24 993
24 3 993
3 4 724
4 3 724
3 35 785
35 3 785
4 7 415
7 4 415
4 27 272
27 4 272
4 39 989
39 4 989
4 48 392
48 4 392
4 8 508
8 4 508
4 17 836
17 4 836
4 5 603
5 4 603
4 15 671
15 4 671
4 11 262
11 4 262
4 33 570
33 4 570
4 10 198
10 4 198
4 36 413
36 4 413
4 39 911
39 4 911
4 71 667
71 4 667
4 40 539
40 4 539
5 9 607
9 5 607
5 10 911
10 5 911
5 20 953
20 5 953
5 35 394
35 5 394
5 71 250
71 5 250
5 61 251
61 5 251
5 33 759
33 5 759
5 56 643
56 5 643
5 53 68
53 5 68
5 46 842
46 5 842
5 38 230
38 5 230
5 37 109
37 5 109
5 11 208
11 5 208
5 19 165
19 5 165
5 61 166
61 5 166
5 44 991
44 5 991
5 69 385
69 5 385
5 57 200
57 5 200
6 66 7
66 6 7
6 35 150
35 6 150
6 50 928
50 6 928
6 61 965
61 6 965
6 20 576
20 6 576
6 34 644
34 6 644
6 40 415
40 6 415
6 31 329
31 6 329
6 63 966
63 6 966
7 16 167
16 7 167
7 21 13
21 7 13
7 38 812
38 7 812
7 70 572
70 7 572
7 46 641
46 7 641
7 7 484
7 7 484
7 19 285
19 7 285
7 44 885
44 7 885
7 69 692
69 7 692
7 69 687
69 7 687
7 63 900
63 7 900
7 56 2
56 7 2
7 55 942
55 7 942
7 30 910
30 7 910
7 35 276
35 7 276
7 18 471
18 7 471
7 31 923
31 7 923
7 52 673
52 7 673
7 32 175
32 7 175
8 42 459
42 8 459
8 18 878
18 8 878
8 65 601
65 8 601
8 71 184
71 8 184
8 48 21
48 8 21
8 18 569
18 8 569
8 71 582
71 8 582
8 11 630
11 8 630
8 44 894
44 8 894
8 18 765
18 8 765
8 45 921
45 8 921
8 40 634
40 8 634
8 32 498
32 8 498
9 12 937
12 9 937
9 23 602
23 9 602
9 32 547
32 9 547
9 42 286
42 9 286
9 62 782
62 9 782
9 20 801
20 9 801
9 10 30
10 9 30
9 48 314
48 9 314
9 45 972
45 9 972
9 66 279
66 9 279
9 32 619
32 9 619
9 15 904
15 9 904
9 19 338
19 9 338
9 66 616
66 9 616
10 11 501
11 10 501
10 33 629
33 10 629
10 55 648
55 10 648
10 55 632
55 10 632
10 23 177
23 10 177
10 59 695
59 10 695
10 64 237
64 10 237
10 52 325
52 10 325
10 20 113
20 10 113
10 62 342
62 10 342
10 27 501
27 10 501
10 67 701
67 10 701
11 14 24
14 11 24
11 25 878
25 11 878
11 72 93
72 11 93
11 28 100
28 11 100
11 21 121
21 11 121
11 64 604
64 11 604
11 67 65
67 11 65
11 65 182
65 11 182
11 29 217
29 11 217
12 18 19
18 12 19
12 22 770
22 12 770
12 44 247
44 12 247
12 51 718
51 12 718
12 55 808
55 12 808
12 32 38
32 12 38
12 30 795
30 12 795
12 65 227
65 12 227
12 60 574
60 12 574
12 27 251
27 12 251
12 30 562
30 12 562
12 39 99
39 12 99
12 21 11
21 12 11
12 67 408
67 12 408
12 53 764
53 12 764
13 15 90
15 13 90
13 25 163
25 13 163
13 65 998
65 13 998
13 28 102
28 13 102
13 31 669
31 13 669
13 36 662
36 13 662
13 24 606
24 13 606
13 53 810
53 13 810
13 48 853
48 13 853
13 43 525
43 13 525
13 54 844
54 13 844
13 64 714
64 13 714
13 16 58
16 13 58
13 22 634
22 13 634
13 13 244
13 13 244
14 58 771
58 14 771
14 19 441
19 14 441
14 38 717
38 14 717
14 35 252
35 14 252
14 31 145
31 14 145
14 34 751
34 14 751
14 68 838
68 14 838
14 57 246
57 14 246
14 36 237
36 14 237
14 41 842
41 14 842
14 47 185
47 14 185
14 45 776
45 14 776
15 46 768
46 15 768
15 32 889
32 15 889
15 64 48
64 15 48
15 67 852
67 15 852
15 52 622
52 15 622
15 48 341
48 15 341
15 28 697
28 15 697
16 19 832
19 16 832
16 66 367
66 16 367
16 70 11
70 16 11
16 17 872
17 16 872
16 57 995
57 16 995
16 36 174
36 16 174
16 58 9
58 16 9
16 33 444
33 16 444
16 57 447
57 16 447
16 60 605
60 16 605
16 31 111
31 16 111
16 17 12
17 16 12
16 61 230
61 16 230
16 45 76
45 16 76
16 25 554
25 16 554
16 18 34
18 16 34
17 29 103
29 17 103
17 59 792
59 17 792
17 39 631
39 17 631
17 53 3
53 17 3
17 66 332
66 17 332
17 66 823
66 17 823
17 31 149
31 17 149
17 32 903
32 17 903
18 24 368
24 18 368
18 28 853
28 18 853
18 40 370
40 18 370
18 63 430
63 18 430
18 52 535
52 18 535
18 53 801
53 18 801
18 42 191
42 18 191
18 57 444
57 18 444
18 54 20
54 18 20
18 68 896
68 18 896
18 41 475
41 18 475
18 67 959
67 18 959
18 61 108
61 18 108
18 44 903
44 18 903
18 22 436
22 18 436
18 37 789
37 18 789
19 50 319
50 19 319
19 38 177
38 19 177
19 20 528
20 19 528
19 35 511
35 19 511
19 64 917
64 19 917
19 71 387
71 19 387
19 25 706
25 19 706
19 61 18
61 19 18
19 33 661
33 19 661
19 47 200
47 19 200
20 30 223
30 20 223
20 59 258
59 20 258
20 39 503
39 20 503
20 31 349
31 20 349
20 28 311
28 20 311
20 58 539
58 20 539
20 54 923
54 20 923
20 26 113
26 20 113
20 31 550
31 20 550
20 49 89
49 20 89
20 21 386
21 20 386
20 64 727
64 20 727
20 47 478
47 20 478
20 59 546
59 20 546
20 71 541
71 20 541
21 26 912
26 21 912
21 72 650
72 21 650
21 29 802
29 21 802
21 23 31
23 21 31
21 46 724
46 21 724
21 45 51
45 21 51
21 53 523
53 21 523
21 65 654
65 21 654
21 38 936
38 21 936
21 53 629
53 21 629
21 34 90
34 21 90
22 43 429
43 22 429
22 51 680
51 22 680
22 69 168
69 22 168
22 26 235
26 22 235
22 28 331
28 22 331
22 53 596
53 22 596
22 28 527
28 22 527
23 46 556
46 23 556
23 58 61
58 23 61
23 63 22
63 23 22
23 63 489
63 23 489
23 40 126
40 23 126
23 31 649
31 23 649
24 36 883
36 24 883
24 28 9
28 24 9
24 51 718
51 24 718
24 45 847
45 24 847
25 36 175
36 25 175
25 65 105
65 25 105
25 67 174
67 25 174
25 44 677
44 25 677
25 33 954
33 25 954
25 39 126
39 25 126
25 27 244
27 25 244
25 33 162
33 25 162
25 59 285
59 25 285
26 40 936
40 26 936
26 51 554
51 26 554
26 52 554
52 26 554
26 49 766
49 26 766
26 32 773
32 26 773
26 59 467
59 26 467
26 64 553
64 26 553
26 71 397
71 26 397
26 54 731
54 26 731
26 71 150
71 26 150
26 53 577
53 26 577
26 70 207
70 26 207
26 38 480
38 26 480
27 41 960
41 27 960
27 49 874
49 27 874
27 51 995
51 27 995
27 41 80
41 27 80
27 60 403
60 27 403
27 68 939
68 27 939
27 52 832
52 27 832
27 67 730
67 27 730
28 50 998
50 28 998
28 53 961
53 28 961
28 65 319
65 28 319
28 56 899
56 28 899
28 33 265
33 28 265
28 32 114
32 28 114
28 37 83
37 28 83
28 37 640
37 28 640
28 31 26
31 28 26
28 69 63
69 28 63
28 39 924
39 28 924
29 31 554
31 29 554
29 32 227
32 29 227
29 70 304
70 29 304
29 50 790
50 29 790
29 72 336
72 29 336
29 40 460
40 29 460
29 52 998
52 29 998
29 37 487
37 29 487
29 34 377
34 29 377
30 42 398
42 30 398
30 34 654
34 30 654
30 47 188
47 30 188
30 51 394
51 30 394
30 65 380
65 30 380
30 51 96
51 30 96
30 47 764
47 30 764
30 46 432
46 30 432
30 68 292
68 30 292
30 36 193
36 30 193
30 72 839
72 30 839
30 69 919
69 30 919
30 59 379
59 30 379
30 56 665
56 30 665
30 72 283
72 30 283
31 64 198
64 31 198
31 66 16
66 31 16
31 66 332
66 31 332
31 38 803
38 31 803
31 69 541
69 31 541
31 61 255
61 31 255
31 56 656
56 31 656
31 39 585
39 31 585
31 67 161
67 31 161
32 53 749
53 32 749
32 55 249
55 32 249
32 64 515
64 32 515
32 55 198
55 32 198
32 68 629
68 32 629
32 52 253
52 32 253
32 36 361
36 32 361
32 45 504
45 32 504
32 38 138
38 32 138
33 37 278
37 33 278
33 54 40
54 33 40
33 58 758
58 33 758
33 46 267
46 33 267
33 69 782
69 33 782
33 44 389
44 33 389
33 39 282
39 33 282
33 40 770
40 33 770
33 63 140
63 33 140
33 39 64
39 33 64
33 53 299
53 33 299
33 38 919
38 33 919
33 69 219
69 33 219
34 35 506
35 34 506
34 58 509
58 34 509
34 42 344
42 34 344
34 36 360
36 34 360
34 37 387
37 34 387
34 45 448
45 34 448
34 38 974
38 34 974
34 71 556
71 34 556
34 38 159
38 34 159
34 37 191
37 34 191
34 60 672
60 34 672
35 47 195
47 35 195
35 44 815
44 35 815
35 54 173
54 35 173
35 47 276
47 35 276
35 53 761
53 35 761
35 41 921
41 35 921
35 68 367
68 35 367
35 59 90
59 35 90
35 47 914
47 35 914
35 40 926
40 35 926
35 64 655
64 35 655
35 61 786
61 35 786
35 68 881
68 35 881
35 65 518
65 35 518
35 62 562
62 35 562
35 63 124
63 35 124
36 45 762
45 36 762
36 62 324
62 36 324
36 60 523
60 36 523
36 43 808
43 36 808
36 57 47
57 36 47
36 65 189
65 36 189
36 57 748
57 36 748
36 44 807
44 36 807
36 45 506
45 36 506
36 70 18
70 36 18
37 46 7
46 37 7
37 39 195
39 37 195
37 40 955
40 37 955
37 42 560
42 37 560
37 68 33
68 37 33
38 72 201
72 38 201
38 44 400
44 38 400
38 53 261
53 38 261
38 57 277
57 38 277
38 49 361
49 38 361
38 69 888
69 38 888
39 69 852
69 39 852
39 45 49
45 39 49
39 63 834
63 39 834
39 61 318
61 39 318
39 44 92
44 39 92
39 66 33
66 39 33
39 59 584
59 39 584
39 51 201
51 39 201
39 48 818
48 39 818
40 70 151
70 40 151
40 52 231
52 40 231
40 57 560
57 40 560
40 54 538
54 40 538
41 60 342
60 41 342
41 61 394
61 41 394
41 72 586
72 41 586
41 67 822
67 41 822
41 58 581
58 41 581
41 57 410
57 41 410
41 43 763
43 41 763
41 65 944
65 41 944
41 72 595
72 41 595
42 49 15
49 42 15
42 69 955
69 42 955
42 63 290
63 42 290
42 68 964
68 42 964
42 58 819
58 42 819
43 52 890
52 43 890
43 61 163
61 43 163
43 45 383
45 43 383
43 61 981
61 43 981
43 70 784
70 43 784
43 71 776
71 43 776
43 68 990
68 43 990
44 62 639
62 44 639
44 65 322
65 44 322
44 70 10
70 44 10
44 56 824
56 44 824
44 57 437
57 44 437
44 72 269
72 44 269
44 51 174
51 44 174
44 56 986
56 44 986
44 69 334
69 44 334
45 49 966
49 45 966
45 60 803
60 45 803
45 72 358
72 45 358
45 63 848
63 45 848
45 61 352
61 45 352
45 51 902
51 45 902
46 66 100
66 46 100
46 48 789
48 46 789
46 72 759
72 46 759
46 52 858
52 46 858
46 67 331
67 46 331
46 70 558
70 46 558
47 49 232
49 47 232
47 69 719
69 47 719
47 51 501
51 47 501
47 57 210
57 47 210
47 65 857
65 47 857
47 69 222
69 47 222
48 55 766
55 48 766
48 62 736
62 48 736
48 55 584
55 48 584
48 49 553
49 48 553
48 59 69
59 48 69
49 51 737
51 49 737
49 50 427
50 49 427
49 62 708
62 49 708
49 63 35
63 49 35
49 53 477
53 49 477
50 59 594
59 50 594
50 63 777
63 50 777
50 51 781
51 50 781
50 62 104
62 50 104
51 56 498
56 51 498
51 72 370
72 51 370
51 54 370
54 51 370
51 52 348
52 51 348
51 62 55
62 51 55
51 69 135
69 51 135
51 59 9
59 51 9
51 62 663
62 51 663
52 57 468
57 52 468
52 54 728
54 52 728
52 64 431
64 52 431
52 56 422
56 52 422
53 72 870
72 53 870
53 72 419
72 53 419
53 63 660
63 53 660
53 57 154
57 53 154
53 69 711
69 53 711
53 62 657
62 53 657
53 57 299
57 53 299
53 55 469
55 53 469
54 71 962
71 54 962
54 66 225
66 54 225
54 57 194
57 54 194
54 61 932
61 54 932
54 69 829
69 54 829
54 69 806
69 54 806
55 64 377
64 55 377
55 55 317
55 55 317
55 64 432
64 55 432
56 71 91
71 56 91
56 66 554
66 56 554
57 60 920
60 57 920
57 62 79
62 57 79
57 61 264
61 57 264
57 58 676
58 57 676
58 62 322
62 58 322
58 70 719
70 58 719
59 68 307
68 59 307
60 71 231
71 60 231
60 61 26
61 60 26
60 71 891
71 60 891
61 63 381
63 61 381
61 63 681
63 61 681
62 71 133
71 62 133
62 64 437
64 62 437
63 69 463
69 63 463
64 66 36
66 64 36
64 70 362
70 64 362
65 69 905
69 65 905
66 72 460
72 66 460
66 68 703
68 66 703
68 70 258
70 68 258
68 69 443
69 68 443
69 70 195
70 69 195
70 72 300
72 70 300
