99

0 1 706
1 0 706
0 6 149
6 0 149
0 55 181
55 0 181
0 11 941
11 0 941
0 58 410
58 0 410
0 54 718
54 0 718
0 62 686
62 0 686
0 8 536
8 0 536
0 38 724
38 0 724
0 84 794
84 0 794
0 84 542
84 0 542
0 35 701
35 0 701
0 93 788
93 0 788
0 56 621
56 0 621
0 63 457
63 0 457
0 98 408
98 0 408
1 2 804
2 1 804
1 8 37
8 1 37
1 17 299
17 1 299
1 22 525
22 1 525
1 71 358
71 1 358
1 77 524
77 1 524
1 55 721
55 1 721
1 88 260
88 1 260
1 31 518
31 1 518
1 78 834
78 1 834
1 97 255
97 1 255
1 38 866
38 1 866
2 3 973
3 2 973
2 4 55
4 2 55
2 5 79
5 2 79
2 18 442
18 2 442
2 61 330
61 2 330
2 71 334
71 2 334
2 46 216
46 2 216
2 44 781
44 2 781
2 46 842
46 2 842
2 24 601
24 2 601
2 97 807
97 2 807
2 49 974
49 2 974
2 56 154
56 2 154
2 40 271
40 2 271
2 40 8
40 2 8
2 37 749
37 2 749
2 93 626
93 2 626
3 7 329
7 3 329
3 34 447
34 3 447
3 16 839
16 3 839
3 81 732
81 3 732
3 33 662
33 3 662
3 61 972
61 3 972
3 87 981
87 3 981
3 42 565
42 3 565
3 10 393
10 3 393
3 48 454
48 3 454
3 14 132
14 3 132
3 79 764
79 3 764
4 14 917
14 4 917
4 65 689
65 4 689
4 68 870
68 4 870
4 41 425
41 4 425
4 21 148
21 4 148
5 9 688
9 5 688
5 16 614
16 5 614
5 30 638
30 5 638
5 76 196
76 5 196
5 64 370
64 5 370
5 25 247
25 5 247
5 74 681
74 5 681
5 42 207
42 5 207
5 72 669
72 5 669
5 60 737
60 5 737
6 11 887
11 6 887
6 20 463
20 6 463
6 27 806
27 6 806
6 66 425
66 6 425
6 87 452
87 6 452
6 90 720
90 6 720
6 82 810
82 6 810
6 31 183
31 6 183
6 52 438
52 6 438
6 52 951
52 6 951
6 10 379
10 6 379
7 29 801
29 7 801
7 38 902
38 7 902
7 58 129
58 7 129
7 98 501
98 7 501
7 14 690
14 7 690
7 25 806
25 7 806
7 33 70
33 7 70
7 86 54
86 7 54
8 15 87
15 8 87
8 25 916
25 8 916
8 60 892
60 8 892
8 53 385
53 8 385
8 19 548
19 8 548
8 13 993
13 8 993
8 88 551
88 8 551
8 77 354
77 8 354
8 69 403
69 8 403
8 10 851
10 8 851
8 43 893
43 8 893
9 10 684
10 9 684
9 13 123
13 9 123
9 28 756
28 9 756
9 61 89
61 9 89
9 45 67
45 9 67
9 22 817
22 9 817
9 64 601
64 9 601
9 84 27
84 9 27
10 36 229
36 10 229
10 50 377
50 10 377
10 81 221
81 10 221
10 20 71
20 10 71
10 93 963
93 10 963
10 33 484
33 10 484
10 23 188
23 10 188
10 28 924
28 10 924
10 24 446
24 10 446
10 30 10
30 10 10
10 97 784
97 10 784
10 64 214
64 10 214
10 68 132
68 10 132
10 82 890
82 10 890
10 59 278
59 10 278
11 12 939
12 11 939
11 86 298
86 11 298
11 19 583
19 11 583
11 79 1
79 11 1
11 83 68
83 11 68
11 53 35
53 11 35
11 13 5
13 11 5
11 46 172
46 11 172
11 21 222
21 11 222
11 88 401
88 11 401
11 36 135
36 11 135
11 45 88
45 11 88
11 23 314
23 11 314
11 50 877
50 11 877
11 31 885
31 11 885
11 48 642
48 11 642
11 76 944
76 11 944
11 51 100
51 11 100
11 92 850
92 11 850
12 71 7
71 12 7
12 60 44
60 12 44
12 73 938
73 12 938
12 39 807
39 12 807
12 93 91
93 12 91
12 24 19
24 12 19
13 92 629
92 13 629
13 30 1
30 13 1
13 87 909
87 13 909
13 41 506
41 13 506
13 21 438
21 13 438
13 71 48
71 13 48
14 65 965
65 14 965
14 86 103
86 14 103
14 35 774
35 14 774
14 60 426
60 14 426
14 32 293
32 14 293
14 37 747
37 14 747
14 77 818
77 14 818
14 21 646
21 14 646
14 79 594
79 14 594
14 95 743
95 14 743
14 92 615
92 14 615
14 15 384
15 14 384
14 83 888
83 14 888
14 17 200
17 14 200
14 43 110
43 14 110
15 63 229
63 15 229
15 96 751
96 15 751
15 92 987
92 15 987
15 66 990
66 15 990
15 37 621
37 15 621
15 40 885
40 15 885
15 98 602
98 15 602
15 72 637
72 15 637
15 66 382
66 15 382
16 43 958
43 16 958
16 49 32
49 16 32
16 32 869
32 16 869
16 69 118
69 16 118
16 82 696
82 16 696
16 44 811
44 16 811
16 44 911
44 16 911
16 63 249
63 16 249
17 24 500
24 17 500
17 44 706
44 17 706
17 64 553
64 17 553
17 76 579
76 17 579
17 39 515
39 17 515
17 57 9
57 17 9
17 82 335
82 17 335
17 32 265
32 17 265
17 60 277
60 17 277
17 58 88
58 17 88
17 85 233
85 17 233
17 52 512
52 17 512
18 19 339
19 18 339
18 42 985
42 18 985
18 51 779
51 18 779
18 67 736
67 18 736
18 56 819
56 18 819
18 67 378
67 18 378
18 82 119
82 18 119
18 29 470
29 18 470
18 50 966
50 18 966
18 86 639
86 18 639
18 47 186
47 18 186
19 21 354
21 19 354
19 23 989
23 19 989
19 52 677
52 19 677
19 54 926
54 19 926
19 72 335
72 19 335
19 80 114
80 19 114
19 83 749
83 19 749
19 60 243
60 19 243
19 45 556
45 19 556
19 29 857
29 19 857
19 38 187
38 19 187
19 41 402
41 19 402
19 38 688
38 19 688
19 91 768
91 19 768
19 32 613
32 19 613
19 85 195
85 19 195
19 44 491
44 19 491
20 26 30
26 20 30
20 31 829
31 20 829
20 98 258
98 20 258
20 95 620
95 20 620
20 91 960
91 20 960
20 75 689
75 20 689
20 75 277
75 20 277
20 96 788
96 20 788
20 38 847
38 20 847
20 61 139
61 20 139
20 22 898
22 20 898
20 49 635
49 20 635
20 97 824
97 20 824
20 44 713
44 20 713
21 57 98
57 21 98
21 22 977
22 21 977
21 76 88
76 21 88
21 51 436
51 21 436
21 79 656
79 21 656
21 30 611
30 21 611
21 38 861
38 21 861
21 35 104
35 21 104
22 90 692
90 22 692
22 62 192
62 22 192
22 73 127
73 22 127
22 98 616
98 22 616
22 46 656
46 22 656
22 85 847
85 22 847
22 67 759
67 22 759
22 46 119
46 22 119
22 51 340
51 22 340
22 75 653
75 22 653
23 34 494
34 23 494
23 95 754
95 23 754
23 96 488
96 23 488
23 39 67
39 23 67
23 90 515
90 23 515
23 72 253
72 23 253
23 44 961
44 23 961
23 96 328
96 23 328
23 46 432
46 23 432
23 42 405
42 23 405
23 24 708
24 23 708
24 37 206
37 24 206
24 93 656
93 24 656
25 45 796
45 25 796
25 88 381
88 25 381
25 71 251
71 25 251
25 80 682
80 25 682
25 68 741
68 25 741
25 98 115
98 25 115
25 44 4
44 25 4
25 73 954
73 25 954
25 98 735
98 25 735
25 36 765
36 25 765
25 54 713
54 25 713
25 77 837
77 25 837
25 65 645
65 25 645
25 33 275
33 25 275
25 96 253
96 25 253
25 62 131
62 25 131
25 53 39
53 25 39
25 45 1000
45 25 1000
26 32 109
32 26 109
26 84 40
84 26 40
26 29 107
29 26 107
26 88 715
88 26 715
26 94 796
94 26 796
26 88 145
88 26 145
26 71 821
71 26 821
26 36 250
36 26 250
26 55 161
55 26 161
27 43 761
43 27 761
27 39 76
39 27 76
27 38 823
38 27 823
27 98 398
98 27 398
27 60 873
60 27 873
27 96 188
96 27 188
28 37 613
37 28 613
28 40 826
40 28 826
28 54 725
54 28 725
28 58 763
58 28 763
28 50 248
50 28 248
28 98 835
98 28 835
28 88 689
88 28 689
28 29 995
29 28 995
28 56 506
56 28 506
28 46 928
46 28 928
28 89 84
89 28 84
28 84 170
84 28 170
28 87 823
87 28 823
29 39 392
39 29 392
29 43 312
43 29 312
29 80 263
80 29 263
29 61 383
61 29 383
29 86 52
86 29 52
29 67 261
67 29 261
29 32 838
32 29 838
29 93 877
93 29 877
29 91 273
91 29 273
29 80 478
80 29 478
29 96 956
96 29 956
30 66 636
66 30 636
30 75 692
75 30 692
30 75 912
75 30 912
30 57 771
57 30 771
30 60 376
60 30 376
30 91 893
91 30 893
30 67 429
67 30 429
31 78 769
78 31 769
31 73 699
73 31 699
31 87 501
87 31 501
31 86 392
86 31 392
31 96 232
96 31 232
31 89 391
89 31 391
32 33 823
33 32 823
32 35 889
35 32 889
32 93 944
93 32 944
32 73 416
73 32 416
32 62 211
62 32 211
32 72 888
72 32 888
32 80 952
80 32 952
32 49 571
49 32 571
32 45 208
45 32 208
33 46 689
46 33 689
33 53 637
53 33 637
33 89 266
89 33 266
33 56 581
56 33 581
33 70 678
70 33 678
34 36 50
36 34 50
34 83 908
83 34 908
34 37 410
37 34 410
35 75 258
75 35 258
35 59 183
59 35 183
35 95 821
95 35 821
35 63 224
63 35 224
35 84 785
84 35 785
35 40 243
40 35 243
35 48 81
48 35 81
36 59 438
59 36 438
36 44 816
44 36 816
36 68 658
68 36 658
36 66 248
66 36 248
36 59 978
59 36 978
36 44 310
44 36 310
36 84 612
84 36 612
36 70 754
70 36 754
36 39 121
39 36 121
36 72 324
72 36 324
37 77 241
77 37 241
37 52 387
52 37 387
37 71 612
71 37 612
37 89 72
89 37 72
37 48 652
48 37 652
37 47 479
47 37 479
38 41 938
41 38 938
38 68 166
68 38 166
38 42 82
42 38 82
38 69 255
69 38 255
38 95 915
95 38 915
38 50 12
50 38 12
39 69 810
69 39 810
39 63 748
63 39 748
39 81 830
81 39 830
39 75 400
75 39 400
40 79 321
79 40 321
40 92 362
92 40 362
40 47 674
47 40 674
40 87 225
87 40 225
40 44 887
44 40 887
40 46 940
46 40 940
41 62 913
62 41 913
41 75 772
75 41 772
41 95 194
95 41 194
41 54 494
54 41 494
41 54 797
54 41 797
41 50 419
50 41 419
42 48 405
48 42 405
42 60 715
60 42 715
42 52 339
52 42 339
42 87 448
87 42 448
42 46 613
46 42 613
42 94 587
94 42 587
43 97 886
97 43 886
43 77 549
77 43 549
43 46 470
46 43 470
43 68 813
68 43 813
43 53 876
53 43 876
43 89 658
89 43 658
43 75 200
75 43 200
44 47 523
47 44 523
44 49 185
49 44 185
44 77 954
77 44 954
44 51 519
51 44 519
44 55 817
55 44 817
44 92 657
92 44 657
45 89 696
89 45 696
45 50 499
50 45 499
45 57 522
57 45 522
45 70 769
70 45 769
45 93 349
93 45 349
45 73 398
73 45 398
45 81 699
81 45 699
46 76 493
76 46 493
46 60 934
60 46 934
46 46 976
46 46 976
46 98 565
98 46 565
47 56 127
56 47 127
47 85 872
85 47 872
47 63 867
63 47 867
47 76 224
76 47 224
47 82 335
82 47 335
47 95 730
95 47 730
48 88 693
88 48 693
48 72 690
72 48 690
48 48 561
48 48 561
48 96 803
96 48 803
49 73 495
73 49 495
49 73 919
73 49 919
49 68 236
68 49 236
49 65 199
65 49 199
49 80 269
80 49 269
49 66 744
66 49 744
49 61 909
61 49 909
49 84 985
84 49 985
50 56 812
56 50 812
50 79 275
79 50 275
50 80 324
80 50 324
50 71 493
71 50 493
50 90 752
90 50 752
50 53 838
53 50 838
51 70 809
70 51 809
51 72 343
72 51 343
51 93 517
93 51 517
51 56 452
56 51 452
51 53 802
53 51 802
51 87 124
87 51 124
51 62 586
62 51 586
52 94 815
94 52 815
52 91 92
91 52 92
52 58 785
58 52 785
53 53 23
53 53 23
53 68 516
68 53 516
53 66 389
66 53 389
53 98 595
98 53 595
54 67 998
67 54 998
54 87 244
87 54 244
54 94 574
94 54 574
54 77 689
77 54 689
54 62 681
62 54 681
54 60 324
60 54 324
54 56 830
56 54 830
54 89 353
89 54 353
55 58 733
58 55 733
55 98 908
98 55 908
55 67 373
67 55 373
55 68 843
68 55 843
56 80 851
80 56 851
56 94 264
94 56 264
56 73 851
73 56 851
56 86 418
86 56 418
57 95 429
95 57 429
57 84 724
84 57 724
57 94 286
94 57 286
57 69 721
69 57 721
57 74 653
74 57 653
57 89 223
89 57 223
58 96 378
96 58 378
58 76 651
76 58 651
58 71 21
71 58 21
58 69 254
69 58 254
59 60 119
60 59 119
59 73 979
73 59 979
59 64 752
64 59 752
59 66 267
66 59 267
59 60 547
60 59 547
60 89 683
89 60 683
60 80 520
80 60 520
60 68 32
68 60 32
60 69 814
69 60 814
60 63 674
63 60 674
61 95 701
95 61 701
62 69 818
69 62 818
62 69 160
69 62 160
62 64 863
64 62 863
63 68 612
68 63 612
63 93 7
93 63 7
63 78 915
78 63 915
63 94 3
94 63 3
63 94 161
94 63 161
63 81 77
81 63 77
63 75 724
75 63 724
63 84 220
84 63 220
64 95 90
95 64 90
64 82 651
82 64 651
64 66 62
66 64 62
65 68 603
68 65 603
65 96 260
96 65 260
65 93 794
93 65 794
65 68 227
68 65 227
65 81 204
81 65 204
65 78 340
78 65 340
66 82 85
82 66 85
66 89 158
89 66 158
67 70 329
70 67 329
67 77 174
77 67 174
67 74 2
74 67 2
67 89 373
89 67 373
67 81 715
81 67 715
68 93 494
93 68 494
68 70 435
70 68 435
68 89 33
89 68 33
69 93 326
93 69 326
69 84 895
84 69 895
69 94 198
94 69 198
70 74 722
74 70 722
70 85 388
85 70 388
71 91 937
91 71 937
71 83 26
83 71 26
71 77 673
77 71 673
72 90 8
90 72 8
72 77 326
77 72 326
72 86 243
86 72 243
72 84 62
84 72 62
72 98 105
98 72 105
74 96 785
96 74 785
74 93 420
93 74 420
74 96 17
96 74 17
74 94 360
94 74 360
74 97 111
97 74 111
74 88 372
88 74 372
75 85 252
85 75 252
75 80 719
80 75 719
75 86 889
86 75 889
75 85 822
85 75 822
75 81 853
81 75 853
75 86 521
86 75 521
76 93 142
93 76 142
76 83 647
83 76 647
76 90 285
90 76 285
76 96 777
96 76 777
76 77 16
77 76 16
76 95 44
95 76 44
76 93 346
93 76 346
77 86 454
86 77 454
77 84 868
84 77 868
77 80 876
80 77 876
78 86 338
86 78 338
78 87 926
87 78 926
80 93 436
93 80 436
80 97 346
97 80 346
80 85 646
85 80 646
81 95 855
95 81 855
81 86 9
86 81 9
81 90 722
90 81 722
82 90 646
90 82 646
82 98 324
98 82 324
82 95 123
95 82 123
83 95 353
95 83 353
83 87 829
87 83 829
83 98 654
98 83 654
84 98 383
98 84 383
84 89 716
89 84 716
86 92 216
92 86 216
89 97 388
97 89 388
91 91 698
91 91 698
91 95 241
95 91 241
92 92 533
92 92 533
92 94 315
94 92 315
94 97 238
97 94 238
96 98 565
98 96 565
