15

0 1 658
1 0 658
0 3 220
3 0 220
0 9 714
9 0 714
0 11 42
11 0 42
1 2 1000
2 1 1000
1 6 432
6 1 432
1 7 51
7 1 51
1 14 384
14 1 384
2 12 683
12 2 683
2 6 682
6 2 682
2 5 178
5 2 178
3 4 815
4 3 815
3 5 431
5 3 431
3 13 387
13 3 387
3 12 8
12 3 8
4 4 343
4 4 343
5 8 592
8 5 592
5 8 45
8 5 45
6 10 863
10 6 863
6 14 737
14 6 737
7 10 210
10 7 210
7 11 311
11 7 311
7 8 502
8 7 502
8 11 738
11 8 738
10 14 19
14 10 19
