76

0 1 399
1 0 399
0 2 469
2 0 469
0 4 151
4 0 151
0 8 995
8 0 995
0 29 436
29 0 436
0 32 410
32 0 410
0 31 707
31 0 707
0 67 636
67 0 636
0 60 686
60 0 686
0 75 294
75 0 294
0 54 950
54 0 950
0 40 693
40 0 693
0 59 798
59 0 798
0 25 473
25 0 473
0 70 155
70 0 155
1 52 701
52 1 701
1 75 379
75 1 379
1 24 352
24 1 352
1 58 856
58 1 856
1 7 334
7 1 334
1 61 453
61 1 453
1 64 702
64 1 702
1 66 137
66 1 137
1 37 201
37 1 201
1 19 117
19 1 117
1 13 577
13 1 577
2 3 249
3 2 249
2 5 815
5 2 815
2 33 867
33 2 867
2 46 263
46 2 263
2 51 450
51 2 450
2 33 133
33 2 133
2 29 263
29 2 263
2 17 519
17 2 519
2 33 439
33 2 439
2 7 187
7 2 187
2 70 270
70 2 270
3 18 394
18 3 394
3 29 594
29 3 594
3 4 393
4 3 393
3 38 304
38 3 304
3 17 219
17 3 219
3 26 596
26 3 596
3 50 582
50 3 582
3 16 421
16 3 421
3 10 402
10 3 402
3 40 194
40 3 194
3 8 805
8 3 805
3 4 356
4 3 356
4 6 816
6 4 816
4 7 286
7 4 286
4 12 617
12 4 617
4 24 27
24 4 27
4 8 962
8 4 962
4 4 264
4 4 264
4 61 557
61 4 557
4 46 332
46 4 332
5 10 900
10 5 900
5 63 909
63 5 909
5 6 437
6 5 437
5 63 231
63 5 231
5 36 634
36 5 634
5 55 895
55 5 895
5 69 987
69 5 987
5 56 36
56 5 36
5 52 630
52 5 630
6 9 256
9 6 256
6 13 831
13 6 831
6 32 589
32 6 589
6 74 399
74 6 399
6 66 280
66 6 280
6 8 542
8 6 542
6 62 954
62 6 954
6 6 803
6 6 803
6 20 806
20 6 806
6 50 444
50 6 444
6 72 885
72 6 885
7 31 79
31 7 79
7 63 929
63 7 929
7 40 856
40 7 856
7 38 994
38 7 994
7 17 621
17 7 621
7 18 116
18 7 116
7 75 665
75 7 665
7 35 211
35 7 211
7 29 69
29 7 69
7 37 175
37 7 175
8 40 849
40 8 849
8 75 885
75 8 885
8 11 268
11 8 268
8 21 110
21 8 110
8 9 911
9 8 911
8 44 755
44 8 755
8 60 985
60 8 985
8 19 677
19 8 677
8 75 844
75 8 844
8 74 236
74 8 236
8 31 347
31 8 347
8 37 459
37 8 459
9 11 809
11 9 809
9 27 458
27 9 458
9 57 284
57 9 284
9 75 951
75 9 951
9 38 976
38 9 976
9 14 699
14 9 699
9 23 253
23 9 253
9 23 566
23 9 566
9 69 21
69 9 21
9 43 968
43 9 968
9 62 495
62 9 495
9 62 1
62 9 1
9 53 289
53 9 289
9 40 245
40 9 245
9 35 866
35 9 866
9 35 202
35 9 202
9 27 610
27 9 610
9 39 270
39 9 270
9 23 689
23 9 689
9 39 357
39 9 357
10 23 269
23 10 269
10 28 443
28 10 443
10 24 843
24 10 843
10 14 786
14 10 786
10 25 668
25 10 668
10 33 290
33 10 290
10 68 419
68 10 419
10 36 405
36 10 405
10 53 521
53 10 521
10 27 754
27 10 754
11 14 827
14 11 827
11 16 24
16 11 24
11 19 595
19 11 595
11 37 503
37 11 503
11 47 922
47 11 922
11 27 945
27 11 945
11 58 244
58 11 244
11 47 452
47 11 452
11 54 25
54 11 25
11 72 494
72 11 494
12 71 291
71 12 291
12 43 592
43 12 592
12 72 705
72 12 705
12 30 72
30 12 72
12 71 624
71 12 624
12 23 189
23 12 189
12 73 301
73 12 301
13 17 236
17 13 236
13 43 180
43 13 180
13 75 280
75 13 280
13 67 602
67 13 602
13 74 172
74 13 172
13 21 983
21 13 983
13 39 766
39 13 766
13 17 130
17 13 130
13 25 635
25 13 635
13 72 775
72 13 775
13 29 384
29 13 384
14 15 556
15 14 556
14 37 921
37 14 921
14 38 302
38 14 302
14 31 666
31 14 666
14 61 507
61 14 507
14 29 707
29 14 707
14 62 920
62 14 920
14 30 311
30 14 311
14 52 964
52 14 964
14 38 421
38 14 421
14 24 499
24 14 499
15 54 318
54 15 318
15 58 451
58 15 451
15 65 423
65 15 423
15 29 188
29 15 188
15 21 253
21 15 253
15 49 875
49 15 875
15 56 745
56 15 745
15 74 617
74 15 617
16 42 628
42 16 628
16 22 499
22 16 499
16 60 675
60 16 675
16 60 781
60 16 781
16 74 924
74 16 924
16 73 809
73 16 809
16 40 609
40 16 609
16 29 252
29 16 252
16 29 513
29 16 513
17 21 398
21 17 398
17 26 566
26 17 566
17 30 881
30 17 881
17 35 539
35 17 539
17 50 141
50 17 141
17 32 480
32 17 480
17 20 348
20 17 348
17 32 561
32 17 561
17 50 342
50 17 342
17 27 459
27 17 459
17 75 735
75 17 735
17 23 807
23 17 807
18 25 355
25 18 355
18 39 641
39 18 641
18 54 400
54 18 400
18 63 363
63 18 363
18 47 656
47 18 656
18 74 211
74 18 211
18 20 94
20 18 94
18 35 990
35 18 990
18 52 490
52 18 490
18 61 843
61 18 843
18 54 440
54 18 440
19 20 296
20 19 296
19 52 471
52 19 471
19 70 56
70 19 56
19 29 77
29 19 77
19 58 760
58 19 760
19 42 774
42 19 774
19 59 152
59 19 152
19 61 154
61 19 154
20 61 672
61 20 672
20 52 401
52 20 401
20 59 346
59 20 346
20 35 639
35 20 639
21 22 834
22 21 834
21 41 168
41 21 168
21 22 341
22 21 341
21 39 280
39 21 280
21 53 205
53 21 205
21 48 818
48 21 818
21 51 181
51 21 181
21 74 101
74 21 101
21 53 703
53 21 703
22 33 764
33 22 764
22 65 650
65 22 650
22 57 492
57 22 492
22 58 247
58 22 247
23 69 648
69 23 648
23 30 115
30 23 115
23 70 982
70 23 982
24 55 80
55 24 80
24 40 966
40 24 966
24 51 70
51 24 70
24 71 263
71 24 263
25 73 352
73 25 352
25 75 676
75 25 676
25 64 170
64 25 170
25 64 817
64 25 817
25 70 30
70 25 30
25 32 293
32 25 293
25 50 740
50 25 740
25 65 311
65 25 311
26 34 808
34 26 808
26 32 825
32 26 825
26 41 754
41 26 754
27 56 118
56 27 118
27 49 192
49 27 192
27 41 400
41 27 400
27 55 451
55 27 451
27 71 476
71 27 476
27 48 681
48 27 681
27 50 524
50 27 524
27 54 692
54 27 692
28 31 805
31 28 805
28 35 425
35 28 425
28 36 428
36 28 428
28 73 761
73 28 761
28 66 188
66 28 188
28 53 893
53 28 893
28 73 852
73 28 852
29 36 301
36 29 301
29 48 751
48 29 751
29 73 307
73 29 307
29 31 480
31 29 480
29 46 889
46 29 889
29 32 984
32 29 984
29 61 217
61 29 217
30 34 851
34 30 851
30 64 973
64 30 973
30 72 665
72 30 665
30 49 688
49 30 688
30 50 794
50 30 794
30 70 263
70 30 263
30 32 532
32 30 532
30 49 987
49 30 987
31 60 181
60 31 181
31 42 255
42 31 255
31 55 983
55 31 983
31 65 80
65 31 80
31 55 651
55 31 651
31 41 895
41 31 895
31 31 979
31 31 979
32 38 291
38 32 291
32 65 466
65 32 466
32 74 107
74 32 107
32 58 721
58 32 721
32 50 999
50 32 999
32 49 849
49 32 849
32 59 527
59 32 527
32 53 758
53 32 758
33 64 351
64 33 351
33 44 489
44 33 489
33 50 157
50 33 157
33 68 611
68 33 611
33 44 66
44 33 66
34 46 502
46 34 502
34 49 144
49 34 144
34 55 370
55 34 370
34 54 955
54 34 955
35 53 559
53 35 559
35 58 464
58 35 464
35 75 499
75 35 499
35 73 662
73 35 662
35 55 111
55 35 111
35 58 298
58 35 298
36 59 641
59 36 641
36 68 275
68 36 275
36 52 496
52 36 496
36 38 661
38 36 661
36 48 795
48 36 795
36 46 50
46 36 50
37 43 57
43 37 57
37 63 654
63 37 654
37 54 864
54 37 864
37 74 672
74 37 672
37 50 34
50 37 34
37 38 758
38 37 758
37 38 822
38 37 822
37 60 222
60 37 222
37 38 282
38 37 282
38 43 781
43 38 781
38 39 468
39 38 468
38 56 302
56 38 302
38 43 262
43 38 262
38 41 68
41 38 68
38 60 80
60 38 80
38 57 576
57 38 576
39 41 763
41 39 763
39 55 180
55 39 180
39 57 371
57 39 371
39 54 501
54 39 501
39 60 184
60 39 184
40 61 142
61 40 142
41 64 328
64 41 328
41 55 100
55 41 100
41 64 531
64 41 531
41 42 363
42 41 363
42 45 186
45 42 186
42 52 761
52 42 761
42 64 108
64 42 108
42 70 687
70 42 687
42 47 191
47 42 191
42 72 352
72 42 352
42 44 66
44 42 66
42 75 899
75 42 899
42 65 76
65 42 76
42 47 787
47 42 787
42 58 509
58 42 509
43 44 920
44 43 920
43 47 838
47 43 838
43 45 374
45 43 374
43 63 140
63 43 140
43 72 889
72 43 889
44 51 898
51 44 898
44 60 431
60 44 431
44 48 217
48 44 217
44 69 445
69 44 445
44 48 443
48 44 443
44 65 785
65 44 785
45 50 705
50 45 705
45 63 141
63 45 141
45 50 534
50 45 534
45 65 264
65 45 264
46 63 169
63 46 169
46 60 881
60 46 881
46 49 689
49 46 689
46 73 925
73 46 925
47 74 742
74 47 742
47 56 342
56 47 342
47 75 466
75 47 466
47 66 56
66 47 56
49 60 6
60 49 6
49 59 328
59 49 328
49 63 484
63 49 484
49 50 469
50 49 469
50 57 998
57 50 998
50 58 82
58 50 82
50 74 463
74 50 463
50 71 651
71 50 651
50 55 145
55 50 145
51 70 453
70 51 453
52 55 372
55 52 372
52 67 256
67 52 256
53 63 509
63 53 509
53 70 335
70 53 335
53 58 801
58 53 801
53 72 933
72 53 933
54 72 138
72 54 138
54 75 566
75 54 566
54 66 618
66 54 618
55 62 190
62 55 190
55 66 406
66 55 406
55 71 664
71 55 664
55 66 922
66 55 922
55 70 465
70 55 465
56 71 188
71 56 188
56 72 267
72 56 267
56 68 601
68 56 601
56 65 105
65 56 105
56 70 177
70 56 177
56 68 281
68 56 281
57 59 778
59 57 778
57 61 951
61 57 951
58 61 681
61 58 681
58 75 163
75 58 163
59 67 377
67 59 377
59 67 328
67 59 328
59 61 488
61 59 488
60 68 297
68 60 297
61 71 593
71 61 593
62 65 393
65 62 393
63 72 215
72 63 215
63 67 892
67 63 892
65 66 552
66 65 552
65 72 691
72 65 691
66 69 366
69 66 366
66 74 745
74 66 745
66 73 340
73 66 340
66 71 349
71 66 349
67 72 294
72 67 294
67 67 763
67 67 763
67 75 275
75 67 275
68 70 698
70 68 698
70 75 71
75 70 71
