97

0 1 898
1 0 898
0 3 253
3 0 253
0 4 129
4 0 129
0 6 324
6 0 324
0 7 227
7 0 227
0 16 404
16 0 404
0 22 865
22 0 865
0 7 429
7 0 429
0 30 254
30 0 254
0 2 288
2 0 288
0 56 232
56 0 232
0 56 635
56 0 635
0 17 93
17 0 93
0 0 194
0 0 194
0 32 78
32 0 78
0 44 198
44 0 198
0 47 185
47 0 185
0 44 457
44 0 457
0 73 480
73 0 480
0 29 41
29 0 41
0 66 856
66 0 856
0 14 743
14 0 743
1 2 28
2 1 28
1 54 399
54 1 399
1 73 894
73 1 894
1 47 640
47 1 640
1 27 933
27 1 933
1 12 631
12 1 631
1 6 35
6 1 35
1 2 847
2 1 847
1 46 572
46 1 572
1 28 803
28 1 803
1 77 918
77 1 918
1 31 810
31 1 810
1 79 122
79 1 122
1 73 216
73 1 216
1 6 615
6 1 615
1 37 420
37 1 420
2 5 314
5 2 314
2 19 690
19 2 690
2 30 261
30 2 261
2 22 499
22 2 499
2 17 390
17 2 390
2 3 66
3 2 66
2 59 437
59 2 437
2 90 311
90 2 311
2 85 662
85 2 662
2 81 196
81 2 196
2 43 560
43 2 560
2 22 6
22 2 6
2 28 595
28 2 595
2 37 721
37 2 721
2 58 775
58 2 775
2 39 535
39 2 535
2 8 231
8 2 231
2 91 130
91 2 130
2 38 237
38 2 237
2 14 274
14 2 274
2 3 557
3 2 557
2 11 317
11 2 317
2 13 477
13 2 477
2 17 331
17 2 331
3 10 516
10 3 516
3 32 732
32 3 732
3 48 383
48 3 383
3 32 268
32 3 268
3 5 262
5 3 262
3 91 949
91 3 949
3 60 533
60 3 533
3 52 737
52 3 737
3 77 569
77 3 569
3 50 324
50 3 324
3 69 689
69 3 689
3 90 658
90 3 658
3 95 134
95 3 134
3 64 844
64 3 844
3 11 95
11 3 95
3 53 516
53 3 516
3 65 37
65 3 37
3 47 363
47 3 363
3 64 85
64 3 85
3 22 913
22 3 913
3 83 58
83 3 58
3 85 601
85 3 601
3 93 186
93 3 186
3 43 14
43 3 14
3 35 668
35 3 668
3 38 170
38 3 170
4 8 18
8 4 18
4 25 499
25 4 499
4 40 405
40 4 405
4 49 894
49 4 894
4 75 130
75 4 130
4 55 960
55 4 960
4 48 982
48 4 982
4 31 684
31 4 684
4 20 56
20 4 56
4 56 49
56 4 49
4 46 738
46 4 738
4 69 326
69 4 326
4 8 588
8 4 588
4 9 69
9 4 69
4 93 664
93 4 664
4 49 760
49 4 760
4 53 320
53 4 320
5 37 978
37 5 978
5 46 66
46 5 66
5 67 534
67 5 534
5 79 972
79 5 972
5 6 313
6 5 313
5 72 212
72 5 212
5 74 124
74 5 124
5 21 960
21 5 960
5 64 402
64 5 402
5 87 868
87 5 868
5 47 581
47 5 581
5 91 846
91 5 846
5 8 374
8 5 374
5 81 3
81 5 3
5 65 252
65 5 252
5 61 337
61 5 337
5 82 568
82 5 568
6 9 311
9 6 311
6 11 215
11 6 215
6 14 883
14 6 883
6 23 760
23 6 760
6 27 254
27 6 254
6 47 451
47 6 451
6 50 357
50 6 357
6 34 289
34 6 289
6 96 184
96 6 184
6 28 22
28 6 22
6 21 163
21 6 163
6 26 737
26 6 737
6 13 853
13 6 853
6 63 806
63 6 806
6 54 55
54 6 55
6 66 310
66 6 310
6 89 982
89 6 982
6 22 663
22 6 663
6 55 781
55 6 781
6 59 581
59 6 581
6 9 259
9 6 259
6 77 700
77 6 700
6 57 574
57 6 574
7 12 603
12 7 603
7 24 99
24 7 99
7 60 637
60 7 637
7 47 378
47 7 378
7 79 33
79 7 33
7 23 603
23 7 603
7 71 856
71 7 856
7 86 799
86 7 799
7 35 645
35 7 645
7 17 548
17 7 548
7 56 540
56 7 540
7 79 468
79 7 468
7 32 485
32 7 485
7 65 455
65 7 455
7 68 419
68 7 419
7 15 773
15 7 773
7 23 375
23 7 375
7 38 305
38 7 305
7 16 328
16 7 328
7 8 236
8 7 236
7 21 577
21 7 577
7 79 660
79 7 660
8 21 809
21 8 809
8 34 727
34 8 727
8 54 533
54 8 533
8 77 490
77 8 490
8 25 7
25 8 7
8 15 333
15 8 333
8 94 282
94 8 282
8 50 823
50 8 823
8 60 603
60 8 603
8 19 639
19 8 639
8 32 469
32 8 469
8 63 124
63 8 124
8 76 288
76 8 288
8 39 651
39 8 651
8 20 236
20 8 236
8 25 657
25 8 657
9 52 451
52 9 451
9 56 857
56 9 857
9 56 849
56 9 849
9 51 679
51 9 679
9 43 325
43 9 325
9 51 780
51 9 780
9 69 470
69 9 470
9 60 194
60 9 194
9 84 247
84 9 247
9 76 163
76 9 163
9 15 562
15 9 562
10 38 955
38 10 955
10 71 863
71 10 863
10 64 667
64 10 667
10 21 187
21 10 187
10 16 68
16 10 68
10 54 904
54 10 904
10 25 453
25 10 453
10 26 663
26 10 663
10 70 487
70 10 487
10 77 212
77 10 212
10 86 810
86 10 810
10 77 763
77 10 763
10 47 295
47 10 295
10 40 716
40 10 716
10 23 939
23 10 939
10 73 147
73 10 147
10 27 938
27 10 938
10 17 482
17 10 482
10 59 357
59 10 357
10 93 400
93 10 400
10 35 921
35 10 921
11 13 315
13 11 315
11 77 160
77 11 160
11 57 875
57 11 875
11 23 59
23 11 59
11 12 62
12 11 62
11 90 307
90 11 307
11 77 968
77 11 968
11 75 836
75 11 836
11 21 501
21 11 501
11 85 662
85 11 662
11 91 394
91 11 394
11 93 441
93 11 441
11 72 744
72 11 744
11 74 393
74 11 393
11 51 729
51 11 729
11 20 108
20 11 108
11 69 218
69 11 218
11 64 778
64 11 778
11 65 367
65 11 367
11 24 407
24 11 407
11 33 82
33 11 82
12 17 3
17 12 3
12 65 379
65 12 379
12 70 327
70 12 327
12 73 478
73 12 478
12 21 54
21 12 54
12 72 752
72 12 752
12 91 816
91 12 816
12 49 457
49 12 457
12 34 324
34 12 324
12 50 214
50 12 214
12 75 854
75 12 854
12 42 756
42 12 756
12 15 302
15 12 302
12 95 954
95 12 954
12 69 34
69 12 34
12 73 934
73 12 934
12 50 862
50 12 862
12 88 975
88 12 975
12 40 615
40 12 615
12 14 747
14 12 747
12 94 488
94 12 488
12 61 558
61 12 558
12 87 585
87 12 585
13 15 626
15 13 626
13 26 150
26 13 150
13 41 70
41 13 70
13 56 696
56 13 696
13 64 610
64 13 610
13 33 213
33 13 213
13 31 799
31 13 799
13 56 48
56 13 48
13 18 598
18 13 598
13 64 66
64 13 66
13 68 956
68 13 956
13 85 309
85 13 309
13 53 819
53 13 819
13 85 107
85 13 107
13 37 340
37 13 340
13 87 319
87 13 319
13 24 932
24 13 932
14 85 275
85 14 275
14 94 118
94 14 118
14 60 326
60 14 326
14 25 664
25 14 664
14 81 724
81 14 724
14 22 818
22 14 818
14 60 155
60 14 155
14 54 269
54 14 269
14 24 557
24 14 557
14 68 134
68 14 134
14 94 767
94 14 767
14 19 871
19 14 871
14 42 396
42 14 396
14 39 140
39 14 140
14 54 875
54 14 875
14 96 561
96 14 561
14 96 767
96 14 767
14 68 210
68 14 210
14 25 844
25 14 844
14 91 643
91 14 643
14 51 378
51 14 378
14 92 50
92 14 50
14 94 64
94 14 64
15 40 990
40 15 990
15 73 717
73 15 717
15 65 91
65 15 91
15 56 207
56 15 207
15 79 49
79 15 49
15 15 385
15 15 385
15 43 926
43 15 926
15 82 214
82 15 214
15 60 195
60 15 195
15 81 610
81 15 610
15 71 294
71 15 294
15 32 662
32 15 662
16 35 180
35 16 180
16 62 776
62 16 776
16 16 847
16 16 847
16 60 793
60 16 793
16 82 968
82 16 968
16 57 426
57 16 426
16 54 507
54 16 507
16 80 853
80 16 853
16 23 137
23 16 137
16 76 288
76 16 288
16 79 780
79 16 780
16 42 394
42 16 394
16 81 702
81 16 702
16 21 977
21 16 977
16 24 600
24 16 600
16 83 651
83 16 651
16 24 361
24 16 361
16 31 659
31 16 659
16 56 693
56 16 693
16 95 629
95 16 629
16 77 677
77 16 677
17 18 969
18 17 969
17 28 992
28 17 992
17 33 850
33 17 850
17 57 853
57 17 853
17 23 296
23 17 296
17 96 403
96 17 403
17 36 11
36 17 11
17 27 552
27 17 552
17 39 619
39 17 619
17 42 576
42 17 576
17 19 204
19 17 204
17 52 58
52 17 58
17 48 260
48 17 260
17 30 982
30 17 982
17 61 549
61 17 549
17 34 11
34 17 11
17 41 303
41 17 303
17 46 223
46 17 223
17 83 485
83 17 485
17 64 645
64 17 645
17 84 973
84 17 973
17 53 708
53 17 708
17 38 888
38 17 888
18 29 779
29 18 779
18 66 290
66 18 290
18 81 678
81 18 678
18 19 93
19 18 93
18 62 726
62 18 726
18 55 648
55 18 648
18 36 172
36 18 172
18 23 860
23 18 860
18 30 611
30 18 611
18 89 861
89 18 861
18 77 767
77 18 767
18 46 265
46 18 265
18 76 913
76 18 913
19 20 506
20 19 506
19 43 350
43 19 350
19 82 927
82 19 927
19 92 782
92 19 782
19 44 899
44 19 899
19 42 591
42 19 591
19 70 652
70 19 652
19 23 824
23 19 824
19 96 474
96 19 474
19 22 301
22 19 301
19 33 622
33 19 622
19 28 494
28 19 494
19 34 184
34 19 184
19 27 372
27 19 372
19 67 747
67 19 747
19 36 64
36 19 64
19 51 710
51 19 710
19 24 928
24 19 928
19 78 748
78 19 748
19 27 499
27 19 499
19 48 917
48 19 917
20 36 303
36 20 303
20 69 864
69 20 864
20 63 717
63 20 717
20 50 772
50 20 772
20 22 457
22 20 457
20 63 689
63 20 689
20 48 750
48 20 750
20 75 773
75 20 773
20 20 702
20 20 702
20 23 812
23 20 812
20 22 210
22 20 210
20 31 37
31 20 37
20 92 829
92 20 829
20 70 109
70 20 109
20 83 274
83 20 274
21 27 260
27 21 260
21 72 790
72 21 790
21 26 544
26 21 544
21 49 108
49 21 108
21 78 505
78 21 505
21 62 773
62 21 773
21 41 947
41 21 947
21 43 664
43 21 664
21 75 880
75 21 880
21 23 237
23 21 237
21 56 916
56 21 916
21 67 737
67 21 737
21 76 20
76 21 20
21 22 130
22 21 130
21 32 170
32 21 170
21 31 386
31 21 386
22 77 28
77 22 28
22 83 361
83 22 361
22 53 376
53 22 376
22 48 251
48 22 251
22 84 10
84 22 10
22 42 700
42 22 700
22 39 824
39 22 824
22 89 723
89 22 723
22 89 508
89 22 508
22 38 492
38 22 492
22 81 462
81 22 462
22 84 854
84 22 854
22 43 724
43 22 724
22 78 125
78 22 125
23 94 589
94 23 589
23 48 787
48 23 787
23 48 635
48 23 635
23 57 795
57 23 795
23 91 361
91 23 361
24 50 328
50 24 328
24 53 448
53 24 448
24 41 779
41 24 779
24 55 204
55 24 204
24 39 70
39 24 70
24 61 328
61 24 328
24 47 751
47 24 751
24 74 908
74 24 908
24 35 602
35 24 602
24 81 829
81 24 829
24 96 304
96 24 304
24 68 972
68 24 972
24 35 296
35 24 296
24 28 21
28 24 21
25 31 230
31 25 230
25 36 572
36 25 572
25 74 983
74 25 983
25 81 664
81 25 664
25 43 601
43 25 601
25 38 485
38 25 485
25 88 194
88 25 194
25 60 620
60 25 620
25 77 202
77 25 202
25 54 612
54 25 612
25 83 183
83 25 183
25 56 316
56 25 316
25 49 689
49 25 689
25 40 890
40 25 890
25 72 693
72 25 693
25 64 962
64 25 962
26 46 585
46 26 585
26 79 901
79 26 901
26 61 340
61 26 340
26 94 53
94 26 53
26 87 772
87 26 772
26 64 171
64 26 171
26 68 560
68 26 560
26 94 466
94 26 466
26 69 157
69 26 157
26 43 736
43 26 736
26 47 290
47 26 290
26 71 305
71 26 305
27 92 417
92 27 417
27 33 209
33 27 209
27 41 439
41 27 439
27 73 872
73 27 872
27 65 781
65 27 781
27 82 73
82 27 73
27 91 412
91 27 412
27 76 666
76 27 666
27 84 165
84 27 165
27 80 180
80 27 180
27 92 53
92 27 53
27 69 833
69 27 833
28 42 464
42 28 464
28 70 986
70 28 986
28 39 997
39 28 997
28 44 278
44 28 278
28 90 243
90 28 243
28 30 825
30 28 825
28 62 152
62 28 152
28 76 46
76 28 46
28 36 311
36 28 311
28 85 702
85 28 702
28 29 222
29 28 222
29 45 188
45 29 188
29 93 764
93 29 764
29 95 850
95 29 850
29 56 492
56 29 492
29 52 527
52 29 527
29 68 393
68 29 393
29 95 105
95 29 105
29 62 456
62 29 456
29 56 145
56 29 145
29 76 974
76 29 974
29 47 473
47 29 473
29 39 652
39 29 652
30 80 147
80 30 147
30 39 382
39 30 382
30 36 308
36 30 308
30 61 915
61 30 915
30 59 653
59 30 653
30 56 816
56 30 816
30 88 161
88 30 161
30 76 152
76 30 152
30 31 769
31 30 769
30 90 847
90 30 847
30 39 998
39 30 998
30 31 442
31 30 442
30 46 12
46 30 12
30 85 412
85 30 412
30 43 492
43 30 492
31 92 36
92 31 36
31 60 426
60 31 426
31 49 295
49 31 295
31 48 257
48 31 257
31 61 214
61 31 214
31 40 256
40 31 256
31 56 489
56 31 489
31 38 72
38 31 72
31 35 164
35 31 164
32 65 550
65 32 550
32 43 442
43 32 442
32 42 122
42 32 122
32 37 377
37 32 377
32 49 496
49 32 496
32 94 819
94 32 819
32 74 52
74 32 52
32 94 849
94 32 849
32 65 620
65 32 620
32 34 942
34 32 942
32 37 699
37 32 699
32 43 760
43 32 760
32 39 44
39 32 44
32 33 476
33 32 476
32 73 868
73 32 868
33 93 21
93 33 21
33 59 499
59 33 499
33 96 98
96 33 98
33 70 436
70 33 436
33 78 265
78 33 265
33 58 194
58 33 194
33 53 321
53 33 321
33 89 255
89 33 255
33 40 686
40 33 686
33 64 12
64 33 12
33 93 648
93 33 648
34 86 670
86 34 670
34 51 470
51 34 470
34 79 188
79 34 188
34 80 21
80 34 21
34 84 160
84 34 160
34 44 515
44 34 515
34 37 753
37 34 753
34 47 241
47 34 241
34 86 621
86 34 621
34 74 811
74 34 811
34 49 23
49 34 23
34 75 801
75 34 801
34 43 238
43 34 238
35 44 171
44 35 171
35 46 729
46 35 729
35 96 255
96 35 255
35 66 147
66 35 147
35 50 360
50 35 360
35 56 946
56 35 946
35 82 946
82 35 946
35 96 101
96 35 101
35 65 308
65 35 308
35 78 874
78 35 874
35 62 962
62 35 962
35 72 836
72 35 836
35 40 473
40 35 473
35 53 83
53 35 83
36 44 180
44 36 180
36 72 236
72 36 236
36 51 989
51 36 989
36 90 85
90 36 85
36 62 336
62 36 336
36 72 569
72 36 569
36 44 121
44 36 121
36 66 309
66 36 309
36 75 222
75 36 222
36 39 837
39 36 837
36 78 518
78 36 518
36 51 519
51 36 519
36 61 525
61 36 525
36 45 421
45 36 421
36 70 900
70 36 900
36 41 86
41 36 86
36 51 897
51 36 897
36 76 775
76 36 775
37 39 223
39 37 223
37 64 794
64 37 794
37 78 318
78 37 318
37 82 914
82 37 914
37 41 2
41 37 2
37 62 908
62 37 908
37 58 159
58 37 159
37 88 857
88 37 857
37 94 150
94 37 150
37 55 714
55 37 714
37 70 691
70 37 691
37 80 984
80 37 984
37 70 72
70 37 72
37 43 928
43 37 928
37 55 491
55 37 491
37 44 246
44 37 246
37 60 996
60 37 996
38 51 898
51 38 898
38 75 386
75 38 386
38 60 235
60 38 235
38 73 73
73 38 73
38 52 742
52 38 742
38 46 21
46 38 21
38 82 941
82 38 941
38 57 461
57 38 461
38 38 537
38 38 537
38 74 949
74 38 949
39 56 361
56 39 361
39 84 435
84 39 435
39 82 531
82 39 531
39 92 651
92 39 651
39 55 842
55 39 842
40 45 477
45 40 477
40 61 864
61 40 864
40 83 928
83 40 928
40 95 259
95 40 259
40 41 191
41 40 191
40 72 644
72 40 644
40 70 846
70 40 846
40 46 978
46 40 978
40 93 45
93 40 45
40 43 2
43 40 2
40 81 394
81 40 394
40 92 437
92 40 437
41 90 276
90 41 276
41 76 829
76 41 829
41 47 53
47 41 53
41 86 78
86 41 78
41 48 895
48 41 895
41 62 448
62 41 448
41 68 302
68 41 302
41 78 100
78 41 100
41 74 532
74 41 532
41 71 528
71 41 528
41 63 331
63 41 331
42 68 101
68 42 101
42 49 942
49 42 942
42 56 423
56 42 423
42 43 156
43 42 156
42 88 817
88 42 817
42 56 649
56 42 649
42 67 288
67 42 288
42 86 89
86 42 89
42 89 678
89 42 678
42 81 377
81 42 377
42 75 981
75 42 981
42 50 740
50 42 740
43 50 723
50 43 723
43 53 311
53 43 311
43 83 600
83 43 600
43 84 77
84 43 77
43 67 304
67 43 304
43 92 727
92 43 727
43 72 641
72 43 641
43 54 406
54 43 406
44 49 502
49 44 502
44 78 34
78 44 34
44 93 648
93 44 648
44 89 856
89 44 856
44 86 788
86 44 788
45 96 948
96 45 948
45 92 419
92 45 419
45 83 636
83 45 636
45 84 886
84 45 886
45 57 410
57 45 410
45 49 84
49 45 84
45 67 975
67 45 975
46 90 959
90 46 959
46 74 504
74 46 504
46 91 727
91 46 727
46 96 786
96 46 786
46 74 776
74 46 776
46 83 37
83 46 37
46 87 939
87 46 939
46 76 43
76 46 43
46 92 64
92 46 64
46 94 351
94 46 351
47 68 558
68 47 558
47 66 540
66 47 540
47 91 338
91 47 338
47 55 698
55 47 698
47 94 389
94 47 389
47 63 447
63 47 447
47 87 920
87 47 920
47 62 376
62 47 376
47 72 547
72 47 547
48 58 622
58 48 622
48 90 865
90 48 865
48 78 404
78 48 404
48 52 732
52 48 732
48 91 40
91 48 40
48 94 824
94 48 824
48 91 108
91 48 108
48 78 531
78 48 531
48 70 870
70 48 870
48 64 86
64 48 86
48 79 24
79 48 24
48 95 320
95 48 320
48 61 38
61 48 38
48 65 774
65 48 774
49 93 810
93 49 810
49 85 894
85 49 894
49 77 564
77 49 564
49 58 648
58 49 648
49 67 867
67 49 867
49 49 838
49 49 838
49 66 535
66 49 535
49 68 569
68 49 569
49 87 866
87 49 866
50 63 699
63 50 699
50 71 638
71 50 638
50 76 249
76 50 249
50 59 103
59 50 103
50 87 920
87 50 920
50 88 283
88 50 283
50 56 650
56 50 650
50 63 490
63 50 490
50 60 9
60 50 9
50 70 887
70 50 887
51 79 899
79 51 899
51 95 993
95 51 993
51 60 321
60 51 321
51 87 693
87 51 693
51 70 654
70 51 654
51 76 71
76 51 71
51 71 421
71 51 421
51 86 575
86 51 575
51 75 829
75 51 829
51 78 683
78 51 683
52 55 324
55 52 324
52 92 407
92 52 407
52 58 157
58 52 157
52 90 175
90 52 175
52 90 315
90 52 315
52 76 891
76 52 891
52 77 813
77 52 813
52 82 756
82 52 756
52 68 265
68 52 265
52 89 1000
89 52 1000
52 88 768
88 52 768
52 65 27
65 52 27
53 81 236
81 53 236
53 87 796
87 53 796
53 58 695
58 53 695
53 96 290
96 53 290
53 76 137
76 53 137
53 73 128
73 53 128
53 93 323
93 53 323
53 75 106
75 53 106
53 65 111
65 53 111
54 59 349
59 54 349
54 59 507
59 54 507
54 79 270
79 54 270
54 70 503
70 54 503
54 79 305
79 54 305
54 60 275
60 54 275
55 64 926
64 55 926
55 56 890
56 55 890
55 86 431
86 55 431
55 73 863
73 55 863
55 72 779
72 55 779
55 59 831
59 55 831
55 77 254
77 55 254
55 66 957
66 55 957
55 81 643
81 55 643
55 84 492
84 55 492
56 85 504
85 56 504
56 76 766
76 56 766
56 71 384
71 56 384
57 95 476
95 57 476
57 95 780
95 57 780
57 67 226
67 57 226
57 91 266
91 57 266
57 73 210
73 57 210
57 83 602
83 57 602
57 84 406
84 57 406
58 89 647
89 58 647
58 65 29
65 58 29
58 74 126
74 58 126
58 86 495
86 58 495
58 59 812
59 58 812
58 87 22
87 58 22
58 65 484
65 58 484
58 79 262
79 58 262
59 69 638
69 59 638
59 82 730
82 59 730
59 94 233
94 59 233
59 61 58
61 59 58
59 92 333
92 59 333
60 76 233
76 60 233
60 66 218
66 60 218
60 95 717
95 60 717
60 64 718
64 60 718
60 80 901
80 60 901
60 63 828
63 60 828
61 91 20
91 61 20
61 77 624
77 61 624
61 96 603
96 61 603
61 64 35
64 61 35
61 96 223
96 61 223
62 82 334
82 62 334
62 87 200
87 62 200
62 90 495
90 62 495
62 89 122
89 62 122
62 63 698
63 62 698
62 93 60
93 62 60
62 82 925
82 62 925
63 70 882
70 63 882
63 88 35
88 63 35
63 67 919
67 63 919
63 87 377
87 63 377
64 83 915
83 64 915
64 86 115
86 64 115
65 69 645
69 65 645
65 83 87
83 65 87
65 72 384
72 65 384
65 66 365
66 65 365
65 66 463
66 65 463
65 79 103
79 65 103
65 93 885
93 65 885
66 84 359
84 66 359
66 75 284
75 66 284
66 68 403
68 66 403
66 81 372
81 66 372
66 95 302
95 66 302
66 91 965
91 66 965
66 95 355
95 66 355
66 96 543
96 66 543
66 85 511
85 66 511
67 68 437
68 67 437
67 80 98
80 67 98
67 85 585
85 67 585
67 92 307
92 67 307
67 85 441
85 67 441
67 87 7
87 67 7
67 89 771
89 67 771
68 75 211
75 68 211
68 72 700
72 68 700
68 82 624
82 68 624
68 72 662
72 68 662
68 76 253
76 68 253
68 71 12
71 68 12
68 94 753
94 68 753
69 87 936
87 69 936
69 71 763
71 69 763
69 96 119
96 69 119
69 96 866
96 69 866
69 83 340
83 69 340
70 72 893
72 70 893
70 95 128
95 70 128
70 96 25
96 70 25
70 83 925
83 70 925
70 74 199
74 70 199
70 95 759
95 70 759
70 91 105
91 70 105
70 72 118
72 70 118
70 78 631
78 70 631
71 71 30
71 71 30
71 85 793
85 71 793
71 89 525
89 71 525
71 84 870
84 71 870
71 82 239
82 71 239
71 83 292
83 71 292
72 87 498
87 72 498
72 95 239
95 72 239
72 74 792
74 72 792
72 91 341
91 72 341
73 92 166
92 73 166
73 90 39
90 73 39
73 78 381
78 73 381
73 76 259
76 73 259
74 78 785
78 74 785
74 88 712
88 74 712
74 94 552
94 74 552
74 82 441
82 74 441
74 82 446
82 74 446
74 77 118
77 74 118
75 87 299
87 75 299
75 95 115
95 75 115
75 87 615
87 75 615
75 94 719
94 75 719
75 81 42
81 75 42
76 85 433
85 76 433
76 83 45
83 76 45
76 79 777
79 76 777
76 86 924
86 76 924
76 91 823
91 76 823
76 85 279
85 76 279
76 86 340
86 76 340
77 92 464
92 77 464
77 90 661
90 77 661
78 81 297
81 78 297
78 92 227
92 78 227
78 86 774
86 78 774
78 86 302
86 78 302
79 80 918
80 79 918
79 89 30
89 79 30
79 92 397
92 79 397
79 84 302
84 79 302
79 86 256
86 79 256
80 93 543
93 80 543
80 83 16
83 80 16
80 81 196
81 80 196
80 93 541
93 80 541
80 85 51
85 80 51
80 89 711
89 80 711
80 90 749
90 80 749
82 85 373
85 82 373
82 89 310
89 82 310
82 95 398
95 82 398
82 89 205
89 82 205
83 87 523
87 83 523
83 91 613
91 83 613
83 85 627
85 83 627
83 92 947
92 83 947
84 88 510
88 84 510
84 87 61
87 84 61
85 88 242
88 85 242
86 93 710
93 86 710
86 88 568
88 86 568
86 95 27
95 86 27
86 88 166
88 86 166
86 94 175
94 86 175
87 90 869
90 87 869
88 93 757
93 88 757
90 93 924
93 90 924
91 96 600
96 91 600
92 95 663
95 92 663
93 95 261
95 93 261
93 95 654
95 93 654
95 96 482
96 95 482
95 96 958
96 95 958
96 96 151
96 96 151
