59

0 1 898
1 0 898
0 2 403
2 0 403
0 7 292
7 0 292
0 10 230
10 0 230
0 15 227
15 0 227
0 29 882
29 0 882
0 55 760
55 0 760
0 37 202
37 0 202
0 42 374
42 0 374
0 36 557
36 0 557
0 4 90
4 0 90
0 12 56
12 0 56
0 50 838
50 0 838
0 57 757
57 0 757
0 47 670
47 0 670
0 47 623
47 0 623
0 9 624
9 0 624
0 31 741
31 0 741
1 22 658
22 1 658
1 24 51
24 1 51
1 25 292
25 1 292
1 56 769
56 1 769
1 58 26
58 1 26
1 27 987
27 1 987
1 54 810
54 1 810
1 24 245
24 1 245
2 3 255
3 2 255
2 4 983
4 2 983
2 5 777
5 2 777
2 6 720
6 2 720
2 9 892
9 2 892
2 33 42
33 2 42
2 5 290
5 2 290
2 18 331
18 2 331
2 48 342
48 2 342
2 57 174
57 2 174
2 9 96
9 2 96
2 42 792
42 2 792
2 14 371
14 2 371
2 33 456
33 2 456
3 8 894
8 3 894
3 53 836
53 3 836
3 27 919
27 3 919
3 54 20
54 3 20
3 12 697
12 3 697
3 6 670
6 3 670
3 4 801
4 3 801
3 43 616
43 3 616
4 16 935
16 4 935
4 32 320
32 4 320
4 33 101
33 4 101
4 35 235
35 4 235
4 34 560
34 4 560
4 26 766
26 4 766
4 57 929
57 4 929
5 19 268
19 5 268
5 21 752
21 5 752
5 27 55
27 5 55
5 31 826
31 5 826
5 34 63
34 5 63
5 45 22
45 5 22
6 14 305
14 6 305
6 57 609
57 6 609
6 40 850
40 6 850
6 51 845
51 6 845
6 14 95
14 6 95
6 25 811
25 6 811
6 12 119
12 6 119
6 16 296
16 6 296
7 11 673
11 7 673
7 40 233
40 7 233
7 18 598
18 7 598
7 15 839
15 7 839
7 39 418
39 7 418
7 28 167
28 7 167
7 54 688
54 7 688
7 24 376
24 7 376
7 56 5
56 7 5
7 14 783
14 7 783
8 20 678
20 8 678
8 41 292
41 8 292
8 16 443
16 8 443
8 30 420
30 8 420
8 43 544
43 8 544
8 46 236
46 8 236
8 36 266
36 8 266
8 41 20
41 8 20
8 45 339
45 8 339
9 23 765
23 9 765
9 28 677
28 9 677
9 53 147
53 9 147
9 28 220
28 9 220
9 21 922
21 9 922
9 40 463
40 9 463
9 38 124
38 9 124
9 55 547
55 9 547
10 12 467
12 10 467
10 17 147
17 10 147
10 54 194
54 10 194
10 17 475
17 10 475
10 10 18
10 10 18
10 31 741
31 10 741
10 52 473
52 10 473
10 29 58
29 10 58
10 24 585
24 10 585
10 35 620
35 10 620
10 29 550
29 10 550
10 48 389
48 10 389
11 33 336
33 11 336
11 20 725
20 11 725
11 58 473
58 11 473
11 33 991
33 11 991
11 26 98
26 11 98
11 49 912
49 11 912
11 27 476
27 11 476
11 43 4
43 11 4
11 50 788
50 11 788
12 13 498
13 12 498
12 17 59
17 12 59
12 18 342
18 12 342
12 43 338
43 12 338
12 32 311
32 12 311
12 16 838
16 12 838
12 50 497
50 12 497
12 51 625
51 12 625
12 52 170
52 12 170
12 37 647
37 12 647
12 49 405
49 12 405
13 27 833
27 13 833
13 14 291
14 13 291
13 23 829
23 13 829
13 50 345
50 13 345
14 32 550
32 14 550
14 51 26
51 14 26
14 52 487
52 14 487
14 40 261
40 14 261
14 33 612
33 14 612
14 29 197
29 14 197
15 42 687
42 15 687
15 28 482
28 15 482
15 56 416
56 15 416
15 22 387
22 15 387
15 32 701
32 15 701
15 18 101
18 15 101
15 16 219
16 15 219
15 32 552
32 15 552
15 51 850
51 15 850
15 47 231
47 15 231
16 35 302
35 16 302
16 39 309
39 16 309
16 52 981
52 16 981
16 54 783
54 16 783
16 31 173
31 16 173
17 57 134
57 17 134
17 19 21
19 17 21
17 54 867
54 17 867
17 22 768
22 17 768
17 32 974
32 17 974
17 26 593
26 17 593
18 36 65
36 18 65
18 21 376
21 18 376
18 33 779
33 18 779
18 39 326
39 18 326
18 39 547
39 18 547
18 57 522
57 18 522
18 52 256
52 18 256
18 37 869
37 18 869
18 31 895
31 18 895
18 42 991
42 18 991
19 50 639
50 19 639
19 51 176
51 19 176
19 29 867
29 19 867
19 45 84
45 19 84
19 25 967
25 19 967
19 41 611
41 19 611
20 42 638
42 20 638
20 53 314
53 20 314
21 43 128
43 21 128
21 50 395
50 21 395
21 31 360
31 21 360
21 46 77
46 21 77
21 26 438
26 21 438
22 25 15
25 22 15
23 26 926
26 23 926
23 47 844
47 23 844
23 37 699
37 23 699
23 24 645
24 23 645
23 32 654
32 23 654
23 34 953
34 23 953
23 33 416
33 23 416
23 51 430
51 23 430
24 44 328
44 24 328
24 47 637
47 24 637
24 42 687
42 24 687
24 24 531
24 24 531
24 49 705
49 24 705
24 52 716
52 24 716
24 29 307
29 24 307
25 38 922
38 25 922
26 32 930
32 26 930
26 29 564
29 26 564
26 46 703
46 26 703
27 33 303
33 27 303
27 31 965
31 27 965
27 29 388
29 27 388
28 30 214
30 28 214
28 36 608
36 28 608
28 54 932
54 28 932
28 42 110
42 28 110
28 54 125
54 28 125
28 35 220
35 28 220
29 38 810
38 29 810
29 49 225
49 29 225
29 53 772
53 29 772
29 47 299
47 29 299
29 51 327
51 29 327
29 42 41
42 29 41
29 57 403
57 29 403
30 37 945
37 30 945
30 54 248
54 30 248
30 43 564
43 30 564
31 46 493
46 31 493
31 47 57
47 31 57
31 35 820
35 31 820
31 54 457
54 31 457
31 53 823
53 31 823
31 49 603
49 31 603
32 47 243
47 32 243
32 55 507
55 32 507
33 41 862
41 33 862
34 53 760
53 34 760
34 43 997
43 34 997
34 54 16
54 34 16
35 57 37
57 35 37
35 53 754
53 35 754
35 49 549
49 35 549
35 44 436
44 35 436
36 43 442
43 36 442
36 37 180
37 36 180
37 48 694
48 37 694
37 48 974
48 37 974
38 39 871
39 38 871
38 44 334
44 38 334
38 44 225
44 38 225
39 54 580
54 39 580
39 56 641
56 39 641
39 45 603
45 39 603
40 50 461
50 40 461
40 49 697
49 40 697
40 45 762
45 40 762
40 58 283
58 40 283
40 40 501
40 40 501
42 52 308
52 42 308
43 56 975
56 43 975
43 50 124
50 43 124
45 56 886
56 45 886
46 55 539
55 46 539
47 49 827
49 47 827
47 53 840
53 47 840
48 51 639
51 48 639
50 57 27
57 50 27
50 52 141
52 50 141
54 57 621
57 54 621
54 54 864
54 54 864
55 55 54
55 55 54
56 58 708
58 56 708
56 57 252
57 56 252
57 57 621
57 57 621
