96

0 1 595
1 0 595
0 4 702
4 0 702
0 6 725
6 0 725
0 10 401
10 0 401
0 14 105
14 0 105
0 22 57
22 0 57
0 27 225
27 0 225
0 35 700
35 0 700
1 2 95
2 1 95
1 9 292
9 1 292
1 17 325
17 1 325
1 81 111
81 1 111
1 62 743
62 1 743
1 61 94
61 1 94
2 3 248
3 2 248
2 31 917
31 2 917
3 5 145
5 3 145
3 90 377
90 3 377
4 7 87
7 4 87
4 8 710
8 4 710
4 56 66
56 4 66
4 27 800
27 4 800
5 16 507
16 5 507
5 23 533
23 5 533
5 32 221
32 5 221
5 37 127
37 5 127
5 45 146
45 5 146
5 54 547
54 5 547
6 13 339
13 6 339
6 52 102
52 6 102
7 12 616
12 7 616
7 20 707
20 7 707
7 7 74
7 7 74
7 93 983
93 7 983
8 59 400
59 8 400
8 78 457
78 8 457
10 11 755
11 10 755
10 18 595
18 10 595
10 36 232
36 10 232
10 62 621
62 10 621
10 53 23
53 10 23
10 36 845
36 10 845
11 21 193
21 11 193
11 25 895
25 11 895
11 73 88
73 11 88
12 15 189
15 12 189
12 57 832
57 12 832
13 52 705
52 13 705
14 19 491
19 14 491
14 26 31
26 14 31
14 20 531
20 14 531
15 48 886
48 15 886
16 41 404
41 16 404
16 46 634
46 16 634
16 61 295
61 16 295
16 69 95
69 16 95
16 73 915
73 16 915
18 72 805
72 18 805
19 57 477
57 19 477
19 33 879
33 19 879
21 24 397
24 21 397
21 64 900
64 21 900
22 30 858
30 22 858
22 33 76
33 22 76
22 42 574
42 22 574
22 84 66
84 22 66
22 30 551
30 22 551
22 62 339
62 22 339
22 94 666
94 22 666
22 53 985
53 22 985
23 58 156
58 23 156
23 25 516
25 23 516
24 29 619
29 24 619
24 74 363
74 24 363
25 28 534
28 25 534
25 39 135
39 25 135
25 49 519
49 25 519
26 82 909
82 26 909
28 93 264
93 28 264
28 87 431
87 28 431
28 81 130
81 28 130
29 34 932
34 29 932
29 67 490
67 29 490
30 50 747
50 30 747
30 87 351
87 30 351
30 44 334
44 30 334
30 90 306
90 30 306
31 51 412
51 31 412
32 88 640
88 32 640
32 81 244
81 32 244
33 38 672
38 33 672
35 71 105
71 35 105
36 43 717
43 36 717
39 40 400
40 39 400
39 47 569
47 39 569
39 91 625
91 39 625
39 84 298
84 39 298
42 44 829
44 42 829
42 51 662
51 42 662
42 74 403
74 42 403
42 76 766
76 42 766
44 55 871
55 44 871
44 68 520
68 44 520
45 53 212
53 45 212
48 63 984
63 48 984
48 77 634
77 48 634
50 94 989
94 50 989
51 60 114
60 51 114
52 83 253
83 52 253
54 84 208
84 54 208
57 85 968
85 57 968
59 75 983
75 59 983
59 92 319
92 59 319
60 65 131
65 60 131
61 72 100
72 61 100
65 66 777
66 65 777
65 85 675
85 65 675
65 89 53
89 65 53
67 70 336
70 67 336
67 80 451
80 67 451
70 78 541
78 70 541
72 79 648
79 72 648
72 95 654
95 72 654
73 90 843
90 73 843
77 94 948
94 77 948
83 86 497
86 83 497
83 94 840
94 83 840
