31

0 1 315
1 0 315
0 2 492
2 0 492
0 18 933
18 0 933
0 19 675
19 0 675
1 3 601
3 1 601
1 4 320
4 1 320
1 12 731
12 1 731
1 16 713
16 1 713
1 26 951
26 1 951
2 5 768
5 2 768
2 6 562
6 2 562
2 8 228
8 2 228
2 13 29
13 2 29
2 28 363
28 2 363
2 28 436
28 2 436
2 3 105
3 2 105
2 20 968
20 2 968
3 12 843
12 3 843
3 4 527
4 3 527
3 28 168
28 3 168
3 29 794
29 3 794
3 5 544
5 3 544
4 10 724
10 4 724
4 16 872
16 4 872
5 11 190
11 5 190
5 22 841
22 5 841
6 7 462
7 6 462
6 14 206
14 6 206
6 14 529
14 6 529
6 25 166
25 6 166
6 23 12
23 6 12
6 19 753
19 6 753
7 18 109
18 7 109
7 14 751
14 7 751
7 24 741
24 7 741
7 21 939
21 7 939
8 9 675
9 8 675
8 10 297
10 8 297
8 24 478
24 8 478
8 28 487
28 8 487
8 13 868
13 8 868
8 9 455
9 8 455
8 26 414
26 8 414
9 21 193
21 9 193
10 13 217
13 10 217
10 27 701
27 10 701
11 28 383
28 11 383
11 30 773
30 11 773
11 15 644
15 11 644
12 16 254
16 12 254
12 20 722
20 12 722
12 13 531
13 12 531
12 29 771
29 12 771
12 23 250
23 12 250
12 28 512
28 12 512
13 22 541
22 13 541
14 15 924
15 14 924
14 30 337
30 14 337
15 17 126
17 15 126
15 22 564
22 15 564
15 25 347
25 15 347
15 18 286
18 15 286
15 24 969
24 15 969
15 20 124
20 15 124
17 21 544
21 17 544
18 19 103
19 18 103
18 23 991
23 18 991
18 19 995
19 18 995
18 23 484
23 18 484
18 30 491
30 18 491
18 28 341
28 18 341
19 26 562
26 19 562
19 27 295
27 19 295
19 30 654
30 19 654
19 28 324
28 19 324
19 26 916
26 19 916
20 29 475
29 20 475
20 22 134
22 20 134
21 26 966
26 21 966
21 27 840
27 21 840
21 30 936
30 21 936
21 29 156
29 21 156
21 22 964
22 21 964
22 22 585
22 22 585
25 27 548
27 25 548
27 30 538
30 27 538
