68

0 1 876
1 0 876
0 2 347
2 0 347
0 3 36
3 0 36
0 5 362
5 0 362
0 32 257
32 0 257
0 37 524
37 0 524
0 27 197
27 0 197
0 29 411
29 0 411
0 13 611
13 0 611
0 3 587
3 0 587
0 8 434
8 0 434
0 40 237
40 0 237
0 41 460
41 0 460
0 3 526
3 0 526
1 10 814
10 1 814
1 24 164
24 1 164
1 64 523
64 1 523
1 10 100
10 1 100
1 27 767
27 1 767
1 19 636
19 1 636
1 44 211
44 1 211
1 12 860
12 1 860
1 50 619
50 1 619
1 27 133
27 1 133
1 4 346
4 1 346
2 6 339
6 2 339
2 42 257
42 2 257
2 12 322
12 2 322
2 44 919
44 2 919
2 37 753
37 2 753
2 64 755
64 2 755
2 3 506
3 2 506
2 27 229
27 2 229
2 24 85
24 2 85
2 20 525
20 2 525
3 4 294
4 3 294
3 9 567
9 3 567
3 11 519
11 3 519
3 20 622
20 3 622
3 22 34
22 3 34
3 28 243
28 3 243
3 39 576
39 3 576
3 5 502
5 3 502
3 45 548
45 3 548
3 60 759
60 3 759
3 58 173
58 3 173
3 6 874
6 3 874
3 15 517
15 3 517
3 9 704
9 3 704
4 14 46
14 4 46
4 10 468
10 4 468
4 44 48
44 4 48
4 48 650
48 4 650
4 60 577
60 4 577
4 55 446
55 4 446
4 37 228
37 4 228
4 8 973
8 4 973
5 12 135
12 5 135
5 17 963
17 5 963
5 28 424
28 5 424
5 31 757
31 5 757
5 57 217
57 5 217
5 49 366
49 5 366
5 25 759
25 5 759
5 7 314
7 5 314
5 51 841
51 5 841
5 16 526
16 5 526
5 44 322
44 5 322
5 30 415
30 5 415
5 15 125
15 5 125
5 31 969
31 5 969
5 31 158
31 5 158
5 36 838
36 5 838
5 9 129
9 5 129
5 43 87
43 5 87
5 55 248
55 5 248
6 7 766
7 6 766
6 18 722
18 6 722
6 21 910
21 6 910
6 55 997
55 6 997
6 40 5
40 6 5
6 56 768
56 6 768
6 30 607
30 6 607
6 41 164
41 6 164
6 21 32
21 6 32
6 7 159
7 6 159
6 59 627
59 6 627
6 38 164
38 6 164
6 60 137
60 6 137
6 24 927
24 6 927
6 11 71
11 6 71
7 8 123
8 7 123
7 33 193
33 7 193
7 53 310
53 7 310
7 13 934
13 7 934
7 49 371
49 7 371
7 63 579
63 7 579
7 41 82
41 7 82
7 60 775
60 7 775
7 54 408
54 7 408
8 43 882
43 8 882
8 15 263
15 8 263
8 60 701
60 8 701
8 47 346
47 8 346
8 42 690
42 8 690
8 22 582
22 8 582
8 44 969
44 8 969
8 40 475
40 8 475
8 29 683
29 8 683
9 32 679
32 9 679
9 67 820
67 9 820
9 52 637
52 9 637
9 44 772
44 9 772
9 28 482
28 9 482
9 43 690
43 9 690
9 54 200
54 9 200
9 63 521
63 9 521
9 15 96
15 9 96
9 47 87
47 9 87
10 46 421
46 10 421
10 56 620
56 10 620
10 18 708
18 10 708
10 39 987
39 10 987
10 28 553
28 10 553
10 29 716
29 10 716
10 23 760
23 10 760
10 47 587
47 10 587
10 51 658
51 10 658
10 18 94
18 10 94
11 13 90
13 11 90
11 16 731
16 11 731
11 22 604
22 11 604
11 26 150
26 11 150
11 39 363
39 11 363
11 40 34
40 11 34
11 24 251
24 11 251
11 24 550
24 11 550
11 12 517
12 11 517
11 55 629
55 11 629
11 37 348
37 11 348
11 28 35
28 11 35
11 52 556
52 11 556
11 46 65
46 11 65
11 32 351
32 11 351
11 35 438
35 11 438
11 60 75
60 11 75
12 51 179
51 12 179
12 52 328
52 12 328
12 12 407
12 12 407
12 25 771
25 12 771
12 44 253
44 12 253
12 26 354
26 12 354
12 22 859
22 12 859
12 62 719
62 12 719
12 57 948
57 12 948
12 18 227
18 12 227
12 40 813
40 12 813
12 63 287
63 12 287
12 25 110
25 12 110
12 19 909
19 12 909
13 27 770
27 13 770
13 35 801
35 13 801
13 41 709
41 13 709
13 15 707
15 13 707
13 28 220
28 13 220
13 28 661
28 13 661
13 54 20
54 13 20
13 64 69
64 13 69
13 48 418
48 13 418
14 15 285
15 14 285
14 23 856
23 14 856
14 30 515
30 14 515
14 15 166
15 14 166
14 14 874
14 14 874
14 48 285
48 14 285
14 29 709
29 14 709
14 30 278
30 14 278
14 32 444
32 14 444
14 27 414
27 14 414
14 24 588
24 14 588
14 65 999
65 14 999
14 52 831
52 14 831
14 26 777
26 14 777
15 19 549
19 15 549
15 43 356
43 15 356
15 49 787
49 15 787
15 61 659
61 15 659
15 37 587
37 15 587
15 64 703
64 15 703
15 53 47
53 15 47
15 39 336
39 15 336
15 18 967
18 15 967
15 60 725
60 15 725
16 53 496
53 16 496
16 33 40
33 16 40
16 46 686
46 16 686
16 18 362
18 16 362
16 36 562
36 16 562
16 31 499
31 16 499
16 16 135
16 16 135
16 16 96
16 16 96
16 41 282
41 16 282
16 26 719
26 16 719
16 67 982
67 16 982
16 41 107
41 16 107
17 48 495
48 17 495
17 18 741
18 17 741
17 46 80
46 17 80
17 22 996
22 17 996
17 43 356
43 17 356
17 54 60
54 17 60
17 21 112
21 17 112
17 60 768
60 17 768
17 53 425
53 17 425
18 53 32
53 18 32
18 61 409
61 18 409
18 56 49
56 18 49
18 64 317
64 18 317
18 41 397
41 18 397
18 37 617
37 18 617
18 56 217
56 18 217
19 44 481
44 19 481
19 45 939
45 19 939
19 44 58
44 19 58
19 49 168
49 19 168
19 22 365
22 19 365
19 53 993
53 19 993
19 39 21
39 19 21
19 58 212
58 19 212
19 62 165
62 19 165
20 29 611
29 20 611
20 62 100
62 20 100
20 64 16
64 20 16
20 67 917
67 20 917
20 31 567
31 20 567
20 37 37
37 20 37
20 56 564
56 20 564
20 38 127
38 20 127
20 46 342
46 20 342
21 25 887
25 21 887
21 39 276
39 21 276
21 28 372
28 21 372
21 48 137
48 21 137
21 40 949
40 21 949
22 36 200
36 22 200
22 47 459
47 22 459
22 48 958
48 22 958
22 40 121
40 22 121
22 32 130
32 22 130
22 67 338
67 22 338
22 28 295
28 22 295
23 38 241
38 23 241
23 45 850
45 23 850
23 51 602
51 23 602
24 40 769
40 24 769
24 57 830
57 24 830
24 53 597
53 24 597
24 24 158
24 24 158
24 65 30
65 24 30
24 39 553
39 24 553
24 39 605
39 24 605
24 40 580
40 24 580
24 36 616
36 24 616
24 36 712
36 24 712
24 65 623
65 24 623
24 57 80
57 24 80
25 34 718
34 25 718
25 62 769
62 25 769
25 48 641
48 25 641
25 29 256
29 25 256
25 64 376
64 25 376
25 35 922
35 25 922
25 48 914
48 25 914
26 31 416
31 26 416
26 41 433
41 26 433
26 40 995
40 26 995
26 48 132
48 26 132
26 60 117
60 26 117
26 67 884
67 26 884
27 50 128
50 27 128
27 59 789
59 27 789
27 55 926
55 27 926
27 61 30
61 27 30
27 50 516
50 27 516
27 40 666
40 27 666
27 51 692
51 27 692
27 65 444
65 27 444
27 52 640
52 27 640
27 64 552
64 27 552
28 56 951
56 28 951
28 40 983
40 28 983
28 38 675
38 28 675
29 48 808
48 29 808
29 67 204
67 29 204
29 58 768
58 29 768
29 50 691
50 29 691
29 54 912
54 29 912
29 65 219
65 29 219
30 45 703
45 30 703
30 45 673
45 30 673
30 34 736
34 30 736
30 64 456
64 30 456
30 67 41
67 30 41
31 46 179
46 31 179
31 47 951
47 31 951
31 58 242
58 31 242
31 33 586
33 31 586
31 48 694
48 31 694
31 52 625
52 31 625
31 42 752
42 31 752
31 58 205
58 31 205
32 39 103
39 32 103
32 53 467
53 32 467
32 44 297
44 32 297
33 64 748
64 33 748
34 47 216
47 34 216
34 58 882
58 34 882
34 41 868
41 34 868
34 58 301
58 34 301
34 50 298
50 34 298
34 47 222
47 34 222
34 61 124
61 34 124
35 57 741
57 35 741
35 54 535
54 35 535
35 46 171
46 35 171
35 62 858
62 35 858
35 47 59
47 35 59
35 53 822
53 35 822
36 59 44
59 36 44
36 57 38
57 36 38
36 59 616
59 36 616
37 37 619
37 37 619
37 38 838
38 37 838
37 51 42
51 37 42
38 56 28
56 38 28
38 44 522
44 38 522
38 39 59
39 38 59
38 44 770
44 38 770
38 67 398
67 38 398
38 40 997
40 38 997
39 60 807
60 39 807
39 63 249
63 39 249
39 57 2
57 39 2
39 53 539
53 39 539
40 42 1
42 40 1
40 41 961
41 40 961
40 56 341
56 40 341
40 60 69
60 40 69
40 56 492
56 40 492
40 51 672
51 40 672
41 44 507
44 41 507
41 46 603
46 41 603
41 44 113
44 41 113
41 51 106
51 41 106
41 63 317
63 41 317
41 66 150
66 41 150
41 49 543
49 41 543
41 55 109
55 41 109
41 43 206
43 41 206
42 59 718
59 42 718
42 43 887
43 42 887
42 57 340
57 42 340
42 60 536
60 42 536
42 66 568
66 42 568
42 63 113
63 42 113
43 61 262
61 43 262
43 51 203
51 43 203
44 56 56
56 44 56
44 51 532
51 44 532
44 58 872
58 44 872
45 61 991
61 45 991
45 52 618
52 45 618
45 62 10
62 45 10
45 53 155
53 45 155
45 58 884
58 45 884
45 54 600
54 45 600
46 67 873
67 46 873
46 57 951
57 46 951
47 54 694
54 47 694
47 55 981
55 47 981
48 53 66
53 48 66
48 61 340
61 48 340
48 54 785
54 48 785
48 59 327
59 48 327
49 59 190
59 49 190
49 51 406
51 49 406
49 59 828
59 49 828
49 63 207
63 49 207
49 54 908
54 49 908
50 63 113
63 50 113
51 64 472
64 51 472
51 58 90
58 51 90
51 53 751
53 51 751
51 51 195
51 51 195
52 65 4
65 52 4
52 60 13
60 52 13
52 66 949
66 52 949
52 54 974
54 52 974
52 55 279
55 52 279
52 56 156
56 52 156
53 66 932
66 53 932
53 60 87
60 53 87
53 59 643
59 53 643
54 63 998
63 54 998
55 62 178
62 55 178
55 61 292
61 55 292
55 66 273
66 55 273
56 59 152
59 56 152
56 62 559
62 56 559
57 63 800
63 57 800
57 63 250
63 57 250
58 65 118
65 58 118
58 63 684
63 58 684
58 62 695
62 58 695
58 64 824
64 58 824
59 61 172
61 59 172
59 65 945
65 59 945
59 66 179
66 59 179
59 60 324
60 59 324
59 60 302
60 59 302
60 67 54
67 60 54
60 64 573
64 60 573
60 67 184
67 60 184
62 63 79
63 62 79
62 66 116
66 62 116
63 66 497
66 63 497
65 67 60
67 65 60
65 65 888
65 65 888
