55

0 1 409
1 0 409
0 5 313
5 0 313
0 8 582
8 0 582
0 9 586
9 0 586
0 3 23
3 0 23
0 2 895
2 0 895
0 12 950
12 0 950
0 13 615
13 0 615
1 2 949
2 1 949
1 3 169
3 1 169
1 13 164
13 1 164
1 22 119
22 1 119
1 47 29
47 1 29
1 7 307
7 1 307
1 39 296
39 1 296
2 4 317
4 2 317
2 43 440
43 2 440
2 18 442
18 2 442
2 12 603
12 2 603
2 19 749
19 2 749
2 42 1000
42 2 1000
2 27 881
27 2 881
2 36 503
36 2 503
2 11 538
11 2 538
3 6 927
6 3 927
3 20 824
20 3 824
3 3 416
3 3 416
3 47 126
47 3 126
3 19 120
19 3 120
3 52 843
52 3 843
4 10 605
10 4 605
4 33 691
33 4 691
5 7 394
7 5 394
5 11 905
11 5 905
5 12 250
12 5 250
5 23 100
23 5 100
5 27 441
27 5 441
5 38 257
38 5 257
5 13 990
13 5 990
5 9 320
9 5 320
5 25 419
25 5 419
5 16 966
16 5 966
6 36 932
36 6 932
6 42 635
42 6 635
6 51 252
51 6 252
6 15 643
15 6 643
6 9 504
9 6 504
6 53 177
53 6 177
6 14 106
14 6 106
6 29 510
29 6 510
6 52 885
52 6 885
6 8 138
8 6 138
7 24 522
24 7 522
7 8 132
8 7 132
7 47 658
47 7 658
7 20 631
20 7 631
7 35 12
35 7 12
7 44 120
44 7 120
8 14 4
14 8 4
8 46 611
46 8 611
8 54 922
54 8 922
8 16 155
16 8 155
8 45 753
45 8 753
8 44 164
44 8 164
8 34 25
34 8 25
8 30 923
30 8 923
9 32 481
32 9 481
9 31 962
31 9 962
9 32 992
32 9 992
10 31 8
31 10 8
10 48 200
48 10 200
11 15 908
15 11 908
11 51 432
51 11 432
11 13 567
13 11 567
11 39 288
39 11 288
11 13 303
13 11 303
11 35 730
35 11 730
11 40 12
40 11 12
12 26 485
26 12 485
12 25 305
25 12 305
12 30 384
30 12 384
13 18 387
18 13 387
13 29 814
29 13 814
13 37 105
37 13 105
13 38 921
38 13 921
13 50 321
50 13 321
13 46 619
46 13 619
14 17 293
17 14 293
14 19 608
19 14 608
14 20 815
20 14 815
14 39 74
39 14 74
14 37 615
37 14 615
14 32 188
32 14 188
14 51 723
51 14 723
14 29 436
29 14 436
15 16 672
16 15 672
15 34 868
34 15 868
15 42 150
42 15 150
16 49 353
49 16 353
16 50 987
50 16 987
16 24 760
24 16 760
16 35 489
35 16 489
16 26 339
26 16 339
16 18 835
18 16 835
16 36 304
36 16 304
16 18 541
18 16 541
17 21 333
21 17 333
17 25 22
25 17 22
17 33 835
33 17 835
17 44 950
44 17 950
17 21 377
21 17 377
17 39 652
39 17 652
18 28 586
28 18 586
18 30 775
30 18 775
18 32 941
32 18 941
18 32 588
32 18 588
18 46 193
46 18 193
18 41 338
41 18 338
19 26 208
26 19 208
19 28 728
28 19 728
20 45 293
45 20 293
20 34 563
34 20 563
20 21 698
21 20 698
20 20 849
20 20 849
21 50 585
50 21 585
21 22 877
22 21 877
22 39 33
39 22 33
22 49 751
49 22 751
22 42 702
42 22 702
22 44 691
44 22 691
23 36 710
36 23 710
23 28 400
28 23 400
24 43 306
43 24 306
24 49 460
49 24 460
24 46 886
46 24 886
24 54 789
54 24 789
24 31 466
31 24 466
26 34 23
34 26 23
26 42 720
42 26 720
27 30 797
30 27 797
27 32 211
32 27 211
28 53 720
53 28 720
28 35 327
35 28 327
28 41 140
41 28 140
30 35 200
35 30 200
30 48 904
48 30 904
30 49 878
49 30 878
32 46 890
46 32 890
32 44 561
44 32 561
33 52 286
52 33 286
33 38 249
38 33 249
33 40 119
40 33 119
33 45 676
45 33 676
34 54 590
54 34 590
36 47 353
47 36 353
36 44 744
44 36 744
37 44 105
44 37 105
37 49 733
49 37 733
37 42 256
42 37 256
37 37 140
37 37 140
38 54 839
54 38 839
39 40 92
40 39 92
39 54 647
54 39 647
40 41 462
41 40 462
40 41 734
41 40 734
41 41 96
41 41 96
42 51 363
51 42 363
42 44 212
44 42 212
43 52 651
52 43 651
44 54 891
54 44 891
44 50 29
50 44 29
45 53 847
53 45 847
46 53 856
53 46 856
46 53 742
53 46 742
46 48 773
48 46 773
46 52 14
52 46 14
48 51 18
51 48 18
