83

0 1 2
1 0 2
0 2 539
2 0 539
0 4 936
4 0 936
0 5 618
5 0 618
0 12 496
12 0 496
0 25 610
25 0 610
0 68 973
68 0 973
0 38 924
38 0 924
0 48 322
48 0 322
0 74 642
74 0 642
0 17 31
17 0 31
0 42 937
42 0 937
0 31 936
31 0 936
0 81 748
81 0 748
0 65 822
65 0 822
0 75 974
75 0 974
0 16 626
16 0 626
0 50 970
50 0 970
0 55 527
55 0 527
0 72 543
72 0 543
0 5 435
5 0 435
1 10 968
10 1 968
1 11 770
11 1 770
1 19 115
19 1 115
1 21 222
21 1 222
1 22 75
22 1 75
1 8 887
8 1 887
1 75 225
75 1 225
1 67 435
67 1 435
1 29 329
29 1 329
1 46 619
46 1 619
1 77 912
77 1 912
1 5 577
5 1 577
1 29 299
29 1 299
1 74 207
74 1 207
1 60 138
60 1 138
1 24 138
24 1 138
1 7 822
7 1 822
1 1 516
1 1 516
1 66 628
66 1 628
2 3 18
3 2 18
2 8 758
8 2 758
2 59 149
59 2 149
2 38 603
38 2 603
2 65 278
65 2 278
2 35 305
35 2 305
2 17 320
17 2 320
2 37 165
37 2 165
2 50 387
50 2 387
2 8 837
8 2 837
2 58 468
58 2 468
2 35 430
35 2 430
2 50 231
50 2 231
2 39 463
39 2 463
2 73 50
73 2 50
2 43 137
43 2 137
2 76 57
76 2 57
3 72 200
72 3 200
3 82 821
82 3 821
3 14 905
14 3 905
3 38 314
38 3 314
3 65 396
65 3 396
3 5 245
5 3 245
3 45 537
45 3 537
3 79 50
79 3 50
3 45 965
45 3 965
3 75 658
75 3 658
3 4 674
4 3 674
3 6 52
6 3 52
3 60 630
60 3 630
3 80 208
80 3 208
3 42 612
42 3 612
3 39 229
39 3 229
4 51 1000
51 4 1000
4 76 251
76 4 251
4 39 306
39 4 306
4 59 155
59 4 155
4 53 557
53 4 557
4 16 639
16 4 639
4 29 229
29 4 229
4 29 553
29 4 553
4 39 315
39 4 315
4 22 657
22 4 657
4 22 694
22 4 694
4 34 714
34 4 714
4 66 969
66 4 969
4 68 886
68 4 886
4 34 644
34 4 644
4 37 612
37 4 612
5 6 995
6 5 995
5 13 420
13 5 420
5 46 58
46 5 58
5 60 741
60 5 741
5 65 58
65 5 58
5 74 921
74 5 921
5 76 401
76 5 401
5 7 918
7 5 918
5 79 597
79 5 597
5 64 728
64 5 728
5 35 449
35 5 449
5 37 461
37 5 461
5 60 857
60 5 857
5 62 9
62 5 9
5 41 107
41 5 107
5 12 297
12 5 297
5 62 826
62 5 826
6 7 280
7 6 280
6 9 991
9 6 991
6 43 463
43 6 463
6 46 229
46 6 229
6 77 808
77 6 808
6 27 385
27 6 385
6 37 535
37 6 535
6 50 367
50 6 367
6 73 57
73 6 57
6 47 4
47 6 4
6 40 211
40 6 211
6 23 706
23 6 706
6 58 667
58 6 667
6 38 534
38 6 534
6 36 728
36 6 728
6 16 415
16 6 415
6 9 184
9 6 184
7 38 448
38 7 448
7 78 877
78 7 877
7 47 340
47 7 340
7 45 914
45 7 914
7 66 201
66 7 201
7 23 925
23 7 925
7 71 286
71 7 286
7 46 894
46 7 894
7 66 213
66 7 213
7 33 324
33 7 324
7 76 997
76 7 997
7 22 774
22 7 774
7 41 395
41 7 395
7 53 615
53 7 615
7 48 760
48 7 760
7 36 249
36 7 249
7 45 145
45 7 145
8 20 45
20 8 45
8 28 611
28 8 611
8 62 447
62 8 447
8 20 912
20 8 912
8 73 248
73 8 248
8 29 725
29 8 725
8 72 708
72 8 708
8 11 1
11 8 1
8 28 476
28 8 476
8 65 136
65 8 136
8 11 116
11 8 116
8 16 793
16 8 793
8 42 853
42 8 853
8 57 568
57 8 568
8 71 233
71 8 233
8 22 192
22 8 192
9 20 808
20 9 808
9 62 396
62 9 396
9 31 555
31 9 555
9 18 571
18 9 571
9 67 497
67 9 497
9 16 771
16 9 771
9 25 521
25 9 521
9 36 999
36 9 999
9 76 482
76 9 482
9 73 513
73 9 513
9 19 673
19 9 673
9 23 766
23 9 766
9 13 870
13 9 870
9 53 792
53 9 792
9 14 517
14 9 517
9 54 638
54 9 638
9 31 200
31 9 200
9 30 832
30 9 832
9 65 597
65 9 597
10 14 377
14 10 377
10 18 391
18 10 391
10 37 842
37 10 842
10 15 448
15 10 448
10 76 350
76 10 350
10 77 424
77 10 424
10 31 440
31 10 440
10 14 112
14 10 112
10 74 57
74 10 57
10 21 11
21 10 11
10 43 144
43 10 144
10 68 165
68 10 165
10 61 947
61 10 947
10 31 552
31 10 552
10 74 717
74 10 717
10 41 606
41 10 606
10 23 251
23 10 251
11 15 32
15 11 32
11 48 745
48 11 745
11 32 768
32 11 768
11 61 772
61 11 772
11 65 129
65 11 129
11 58 899
58 11 899
11 56 545
56 11 545
11 39 943
39 11 943
11 71 243
71 11 243
11 12 665
12 11 665
11 51 126
51 11 126
11 20 362
20 11 362
11 35 40
35 11 40
11 32 37
32 11 37
11 74 175
74 11 175
11 36 777
36 11 777
12 34 858
34 12 858
12 79 825
79 12 825
12 21 190
21 12 190
12 27 328
27 12 328
12 46 289
46 12 289
12 72 471
72 12 471
12 14 123
14 12 123
12 72 102
72 12 102
12 74 977
74 12 977
12 77 988
77 12 988
12 19 18
19 12 18
12 63 118
63 12 118
12 50 90
50 12 90
12 50 252
50 12 252
13 16 244
16 13 244
13 23 646
23 13 646
13 26 392
26 13 392
13 55 398
55 13 398
13 33 246
33 13 246
13 50 617
50 13 617
13 45 487
45 13 487
13 69 41
69 13 41
13 37 882
37 13 882
13 76 669
76 13 669
13 31 370
31 13 370
13 68 993
68 13 993
13 19 512
19 13 512
13 18 738
18 13 738
13 70 333
70 13 333
13 52 667
52 13 667
13 60 699
60 13 699
14 51 217
51 14 217
14 64 96
64 14 96
14 46 761
46 14 761
14 14 207
14 14 207
14 33 963
33 14 963
14 19 194
19 14 194
14 59 831
59 14 831
14 67 267
67 14 267
14 36 732
36 14 732
14 27 676
27 14 676
14 42 928
42 14 928
14 47 304
47 14 304
14 22 642
22 14 642
15 41 514
41 15 514
15 75 137
75 15 137
15 26 373
26 15 373
15 79 330
79 15 330
15 75 444
75 15 444
15 75 737
75 15 737
15 67 698
67 15 698
15 64 311
64 15 311
16 17 31
17 16 31
16 39 467
39 16 467
16 28 231
28 16 231
16 51 343
51 16 343
16 41 859
41 16 859
16 22 643
22 16 643
16 71 66
71 16 66
16 22 432
22 16 432
16 71 280
71 16 280
16 38 399
38 16 399
16 76 684
76 16 684
16 56 217
56 16 217
16 79 887
79 16 887
16 46 87
46 16 87
16 36 589
36 16 589
16 65 317
65 16 317
16 40 726
40 16 726
17 33 825
33 17 825
17 47 378
47 17 378
17 49 440
49 17 440
17 25 181
25 17 181
17 77 677
77 17 677
17 42 689
42 17 689
17 48 400
48 17 400
17 80 537
80 17 537
17 58 90
58 17 90
18 76 755
76 18 755
18 19 374
19 18 374
18 72 259
72 18 259
18 71 90
71 18 90
18 37 708
37 18 708
18 38 503
38 18 503
19 24 756
24 19 756
19 52 609
52 19 609
19 48 183
48 19 183
19 73 595
73 19 595
19 62 863
62 19 863
19 68 345
68 19 345
19 73 614
73 19 614
19 52 915
52 19 915
19 54 796
54 19 796
19 47 252
47 19 252
19 60 86
60 19 86
19 31 121
31 19 121
19 43 403
43 19 403
19 45 243
45 19 243
19 39 398
39 19 398
19 69 744
69 19 744
19 44 608
44 19 608
19 70 943
70 19 943
20 27 462
27 20 462
20 80 957
80 20 957
20 32 128
32 20 128
20 36 407
36 20 407
20 25 232
25 20 232
20 76 505
76 20 505
20 37 865
37 20 865
20 25 143
25 20 143
20 56 1000
56 20 1000
20 64 27
64 20 27
20 80 165
80 20 165
20 49 45
49 20 45
20 72 617
72 20 617
20 66 392
66 20 392
21 64 428
64 21 428
21 43 963
43 21 963
21 25 749
25 21 749
21 76 970
76 21 970
21 38 539
38 21 539
21 58 219
58 21 219
21 43 884
43 21 884
21 56 298
56 21 298
21 54 850
54 21 850
21 42 675
42 21 675
21 31 773
31 21 773
21 50 820
50 21 820
21 44 347
44 21 347
21 35 997
35 21 997
22 36 184
36 22 184
22 74 814
74 22 814
22 25 863
25 22 863
22 66 675
66 22 675
22 71 24
71 22 24
22 66 141
66 22 141
23 26 741
26 23 741
23 28 265
28 23 265
23 29 205
29 23 205
23 60 948
60 23 948
23 75 821
75 23 821
23 63 885
63 23 885
23 74 461
74 23 461
23 58 203
58 23 203
23 48 211
48 23 211
23 25 220
25 23 220
23 35 971
35 23 971
23 55 722
55 23 722
23 47 344
47 23 344
23 54 108
54 23 108
23 63 484
63 23 484
23 66 987
66 23 987
24 44 919
44 24 919
24 50 171
50 24 171
24 31 628
31 24 628
24 64 276
64 24 276
24 58 560
58 24 560
24 81 335
81 24 335
24 74 878
74 24 878
25 30 954
30 25 954
25 68 783
68 25 783
25 60 477
60 25 477
25 53 925
53 25 925
25 71 718
71 25 718
25 58 59
58 25 59
25 61 523
61 25 523
25 53 173
53 25 173
25 54 928
54 25 928
25 73 318
73 25 318
25 64 23
64 25 23
25 49 539
49 25 539
26 32 225
32 26 225
26 53 256
53 26 256
26 27 110
27 26 110
26 37 231
37 26 231
27 31 358
31 27 358
27 54 273
54 27 273
27 64 539
64 27 539
27 63 977
63 27 977
27 29 897
29 27 897
27 72 581
72 27 581
27 57 849
57 27 849
27 64 254
64 27 254
27 42 68
42 27 68
27 61 575
61 27 575
27 61 331
61 27 331
27 42 614
42 27 614
27 47 365
47 27 365
27 44 954
44 27 954
27 66 838
66 27 838
27 71 900
71 27 900
27 48 930
48 27 930
27 44 998
44 27 998
28 49 268
49 28 268
28 40 657
40 28 657
28 47 976
47 28 976
28 65 862
65 28 862
28 60 173
60 28 173
28 82 412
82 28 412
28 52 836
52 28 836
28 77 352
77 28 352
28 79 990
79 28 990
28 78 926
78 28 926
29 35 25
35 29 25
29 67 614
67 29 614
29 51 648
51 29 648
29 66 269
66 29 269
29 71 710
71 29 710
29 56 254
56 29 254
29 48 508
48 29 508
29 43 789
43 29 789
29 57 388
57 29 388
29 64 331
64 29 331
29 76 473
76 29 473
29 47 908
47 29 908
29 80 151
80 29 151
29 67 776
67 29 776
29 42 215
42 29 215
29 39 929
39 29 929
30 49 786
49 30 786
30 81 61
81 30 61
30 55 574
55 30 574
30 52 24
52 30 24
30 60 121
60 30 121
31 53 292
53 31 292
31 74 943
74 31 943
31 32 838
32 31 838
31 33 313
33 31 313
31 40 749
40 31 749
31 43 939
43 31 939
31 59 717
59 31 717
31 62 273
62 31 273
31 46 507
46 31 507
31 52 856
52 31 856
31 35 571
35 31 571
31 56 440
56 31 440
31 53 530
53 31 530
31 82 381
82 31 381
32 67 163
67 32 163
32 55 40
55 32 40
32 49 326
49 32 326
32 62 408
62 32 408
32 58 214
58 32 214
32 55 851
55 32 851
32 57 271
57 32 271
32 75 335
75 32 335
32 51 845
51 32 845
32 36 925
36 32 925
32 47 877
47 32 877
32 44 79
44 32 79
33 50 627
50 33 627
33 59 609
59 33 609
33 43 795
43 33 795
33 69 252
69 33 252
33 52 745
52 33 745
33 45 201
45 33 201
33 72 190
72 33 190
33 38 662
38 33 662
33 67 228
67 33 228
33 60 332
60 33 332
33 59 111
59 33 111
33 60 232
60 33 232
33 50 873
50 33 873
33 48 562
48 33 562
33 74 32
74 33 32
34 40 488
40 34 488
34 50 1000
50 34 1000
34 44 923
44 34 923
34 51 405
51 34 405
34 39 29
39 34 29
34 69 882
69 34 882
34 36 753
36 34 753
34 75 698
75 34 698
35 58 6
58 35 6
35 80 266
80 35 266
35 67 581
67 35 581
35 59 535
59 35 535
35 48 527
48 35 527
35 50 580
50 35 580
35 66 632
66 35 632
35 55 240
55 35 240
35 47 995
47 35 995
35 41 831
41 35 831
35 80 479
80 35 479
36 68 303
68 36 303
36 61 87
61 36 87
36 61 430
61 36 430
36 64 491
64 36 491
36 47 672
47 36 672
36 69 734
69 36 734
37 45 541
45 37 541
37 61 727
61 37 727
37 45 655
45 37 655
37 49 473
49 37 473
37 50 283
50 37 283
37 70 739
70 37 739
38 39 388
39 38 388
38 64 917
64 38 917
38 59 223
59 38 223
38 55 953
55 38 953
38 53 896
53 38 896
38 79 961
79 38 961
39 49 732
49 39 732
39 44 425
44 39 425
39 40 26
40 39 26
39 80 31
80 39 31
39 45 858
45 39 858
39 65 659
65 39 659
39 79 788
79 39 788
40 70 381
70 40 381
40 57 964
57 40 964
40 49 306
49 40 306
40 59 919
59 40 919
40 42 704
42 40 704
40 47 82
47 40 82
40 46 273
46 40 273
40 58 695
58 40 695
41 42 852
42 41 852
41 74 26
74 41 26
41 61 618
61 41 618
41 66 231
66 41 231
41 43 108
43 41 108
41 71 626
71 41 626
42 65 57
65 42 57
42 54 129
54 42 129
42 49 90
49 42 90
42 72 833
72 42 833
42 58 405
58 42 405
42 52 405
52 42 405
42 62 776
62 42 776
42 61 125
61 42 125
42 58 32
58 42 32
42 58 539
58 42 539
42 55 947
55 42 947
43 63 220
63 43 220
43 59 316
59 43 316
43 43 408
43 43 408
43 82 802
82 43 802
43 50 718
50 43 718
43 54 183
54 43 183
43 71 748
71 43 748
44 75 884
75 44 884
44 68 478
68 44 478
44 47 514
47 44 514
44 57 777
57 44 777
44 64 436
64 44 436
44 62 832
62 44 832
45 56 335
56 45 335
45 53 57
53 45 57
45 76 863
76 45 863
45 59 825
59 45 825
45 62 607
62 45 607
45 79 368
79 45 368
45 57 39
57 45 39
46 60 309
60 46 309
46 57 741
57 46 741
46 63 4
63 46 4
46 56 337
56 46 337
46 73 585
73 46 585
47 52 694
52 47 694
47 75 654
75 47 654
47 76 832
76 47 832
47 55 14
55 47 14
47 77 672
77 47 672
47 69 35
69 47 35
47 67 878
67 47 878
47 52 667
52 47 667
47 55 790
55 47 790
47 69 366
69 47 366
47 52 951
52 47 951
48 76 611
76 48 611
48 77 743
77 48 743
48 80 954
80 48 954
48 55 727
55 48 727
48 70 1000
70 48 1000
48 56 583
56 48 583
48 74 429
74 48 429
48 72 615
72 48 615
48 71 568
71 48 568
49 61 423
61 49 423
49 74 927
74 49 927
49 72 211
72 49 211
49 73 774
73 49 774
49 68 523
68 49 523
49 72 935
72 49 935
49 70 74
70 49 74
49 80 616
80 49 616
49 51 348
51 49 348
50 51 256
51 50 256
50 81 897
81 50 897
50 81 128
81 50 128
50 82 600
82 50 600
50 57 752
57 50 752
51 55 101
55 51 101
51 63 144
63 51 144
51 73 359
73 51 359
51 60 77
60 51 77
51 58 633
58 51 633
51 82 663
82 51 663
52 73 433
73 52 433
52 60 48
60 52 48
52 72 12
72 52 12
52 57 585
57 52 585
52 79 366
79 52 366
52 68 745
68 52 745
52 72 175
72 52 175
53 82 119
82 53 119
53 57 71
57 53 71
53 63 308
63 53 308
53 54 776
54 53 776
53 73 525
73 53 525
53 69 238
69 53 238
53 55 670
55 53 670
53 75 635
75 53 635
53 57 616
57 53 616
53 80 663
80 53 663
54 77 859
77 54 859
54 58 416
58 54 416
54 71 52
71 54 52
55 57 413
57 55 413
55 81 505
81 55 505
55 72 936
72 55 936
55 77 428
77 55 428
55 76 195
76 55 195
55 81 546
81 55 546
55 80 23
80 55 23
56 67 327
67 56 327
56 59 354
59 56 354
56 79 398
79 56 398
57 66 129
66 57 129
57 72 320
72 57 320
57 62 153
62 57 153
57 63 390
63 57 390
57 76 758
76 57 758
57 77 7
77 57 7
58 76 438
76 58 438
58 70 531
70 58 531
58 72 668
72 58 668
58 61 40
61 58 40
58 61 987
61 58 987
59 62 476
62 59 476
59 77 309
77 59 309
59 76 482
76 59 482
59 60 853
60 59 853
60 69 797
69 60 797
60 66 859
66 60 859
60 71 624
71 60 624
60 75 421
75 60 421
61 74 224
74 61 224
61 77 338
77 61 338
61 73 177
73 61 177
62 66 430
66 62 430
62 73 272
73 62 272
62 81 537
81 62 537
62 72 251
72 62 251
62 74 768
74 62 768
63 71 937
71 63 937
63 71 933
71 63 933
63 78 708
78 63 708
63 66 733
66 63 733
64 76 892
76 64 892
64 72 902
72 64 902
64 71 448
71 64 448
64 69 548
69 64 548
65 73 366
73 65 366
65 66 91
66 65 91
65 76 902
76 65 902
67 72 551
72 67 551
67 71 622
71 67 622
67 79 336
79 67 336
67 81 253
81 67 253
68 69 665
69 68 665
68 81 367
81 68 367
68 72 871
72 68 871
68 72 712
72 68 712
68 69 378
69 68 378
69 75 993
75 69 993
69 75 206
75 69 206
70 80 246
80 70 246
70 82 693
82 70 693
70 76 927
76 70 927
71 71 871
71 71 871
71 74 140
74 71 140
72 80 944
80 72 944
72 74 371
74 72 371
72 74 91
74 72 91
73 75 865
75 73 865
74 77 466
77 74 466
76 77 267
77 76 267
77 77 884
77 77 884
77 80 716
80 77 716
79 79 738
79 79 738
