66

0 1 346
1 0 346
0 17 953
17 0 953
0 53 458
53 0 458
0 60 110
60 0 110
0 38 132
38 0 132
0 58 204
58 0 204
0 8 50
8 0 50
0 57 857
57 0 857
0 27 870
27 0 870
0 45 610
45 0 610
0 65 385
65 0 385
0 32 603
32 0 603
1 2 128
2 1 128
1 4 359
4 1 359
1 43 873
43 1 873
1 12 943
12 1 943
1 46 374
46 1 374
1 62 40
62 1 40
1 39 379
39 1 379
1 61 765
61 1 765
1 25 267
25 1 267
2 3 152
3 2 152
2 8 888
8 2 888
2 10 955
10 2 955
2 18 707
18 2 707
2 31 38
31 2 38
2 35 684
35 2 684
2 19 994
19 2 994
2 13 598
13 2 598
2 8 164
8 2 164
2 46 641
46 2 641
2 6 565
6 2 565
2 18 979
18 2 979
2 6 541
6 2 541
2 28 238
28 2 238
3 7 808
7 3 808
3 12 799
12 3 799
3 13 993
13 3 993
3 21 697
21 3 697
3 29 643
29 3 643
3 41 736
41 3 736
3 11 971
11 3 971
3 38 613
38 3 613
3 21 666
21 3 666
3 22 720
22 3 720
3 46 5
46 3 5
3 64 773
64 3 773
4 5 715
5 4 715
4 57 159
57 4 159
4 59 402
59 4 402
4 14 583
14 4 583
4 57 117
57 4 117
4 54 992
54 4 992
4 24 354
24 4 354
4 34 983
34 4 983
4 21 735
21 4 735
4 63 418
63 4 418
4 53 555
53 4 555
4 15 560
15 4 560
5 6 862
6 5 862
5 23 763
23 5 763
5 24 732
24 5 732
5 39 61
39 5 61
5 48 778
48 5 778
5 12 551
12 5 551
5 8 38
8 5 38
5 28 474
28 5 474
5 10 135
10 5 135
5 31 959
31 5 959
5 17 750
17 5 750
5 39 204
39 5 204
6 9 773
9 6 773
6 42 946
42 6 946
6 48 988
48 6 988
6 60 633
60 6 633
6 22 752
22 6 752
6 9 715
9 6 715
6 36 223
36 6 223
6 14 972
14 6 972
6 25 82
25 6 82
7 11 983
11 7 983
7 32 89
32 7 89
7 32 864
32 7 864
7 42 151
42 7 151
7 33 862
33 7 862
7 52 662
52 7 662
7 23 40
23 7 40
7 26 113
26 7 113
7 9 523
9 7 523
8 28 492
28 8 492
8 30 678
30 8 678
8 35 654
35 8 654
8 11 192
11 8 192
8 10 56
10 8 56
8 21 337
21 8 337
8 38 338
38 8 338
8 36 510
36 8 510
8 18 66
18 8 66
8 8 76
8 8 76
8 59 172
59 8 172
9 14 617
14 9 617
9 15 241
15 9 241
9 61 33
61 9 33
9 64 698
64 9 698
9 30 112
30 9 112
10 49 282
49 10 282
10 62 456
62 10 456
10 39 519
39 10 519
10 50 95
50 10 95
10 49 787
49 10 787
10 65 260
65 10 260
10 39 452
39 10 452
11 34 72
34 11 72
11 33 884
33 11 884
11 23 444
23 11 444
12 19 561
19 12 561
12 15 822
15 12 822
12 62 428
62 12 428
12 45 354
45 12 354
12 40 929
40 12 929
12 44 644
44 12 644
12 49 937
49 12 937
12 49 470
49 12 470
12 29 679
29 12 679
13 60 771
60 13 771
13 22 859
22 13 859
13 57 163
57 13 163
13 64 18
64 13 18
14 16 672
16 14 672
14 20 945
20 14 945
14 36 882
36 14 882
14 45 290
45 14 290
14 24 140
24 14 140
14 32 220
32 14 220
14 51 653
51 14 653
14 29 677
29 14 677
15 25 629
25 15 629
15 42 867
42 15 867
15 54 213
54 15 213
15 59 74
59 15 74
15 52 558
52 15 558
15 21 400
21 15 400
15 43 782
43 15 782
15 60 120
60 15 120
15 41 886
41 15 886
15 62 768
62 15 768
16 46 843
46 16 843
16 48 609
48 16 609
16 59 936
59 16 936
16 39 301
39 16 301
16 39 372
39 16 372
17 22 415
22 17 415
17 47 791
47 17 791
17 21 74
21 17 74
17 34 939
34 17 939
17 22 374
22 17 374
17 58 422
58 17 422
17 40 193
40 17 193
17 33 478
33 17 478
18 26 647
26 18 647
18 27 990
27 18 990
18 46 293
46 18 293
18 41 330
41 18 330
18 34 835
34 18 835
18 24 616
24 18 616
18 30 650
30 18 650
18 58 52
58 18 52
19 42 338
42 19 338
19 24 927
24 19 927
19 57 363
57 19 363
20 32 791
32 20 791
20 37 107
37 20 107
20 63 136
63 20 136
21 54 567
54 21 567
21 58 448
58 21 448
21 40 104
40 21 104
21 56 765
56 21 765
22 57 552
57 22 552
22 44 9
44 22 9
22 22 147
22 22 147
22 45 398
45 22 398
22 55 125
55 22 125
22 61 772
61 22 772
22 53 549
53 22 549
22 45 995
45 22 995
23 33 721
33 23 721
23 34 192
34 23 192
23 40 651
40 23 651
23 33 823
33 23 823
23 65 957
65 23 957
23 53 973
53 23 973
23 23 716
23 23 716
23 61 358
61 23 358
23 58 342
58 23 342
24 52 317
52 24 317
24 60 206
60 24 206
24 30 898
30 24 898
24 54 710
54 24 710
25 56 395
56 25 395
25 32 475
32 25 475
25 62 142
62 25 142
25 38 947
38 25 947
25 30 208
30 25 208
26 50 435
50 26 435
26 32 415
32 26 415
26 60 160
60 26 160
26 31 367
31 26 367
26 46 442
46 26 442
26 32 617
32 26 617
26 57 471
57 26 471
27 37 315
37 27 315
27 59 33
59 27 33
27 57 104
57 27 104
27 63 43
63 27 43
27 34 512
34 27 512
28 59 770
59 28 770
28 46 929
46 28 929
28 32 17
32 28 17
28 65 273
65 28 273
28 58 102
58 28 102
28 39 325
39 28 325
29 65 368
65 29 368
29 52 277
52 29 277
29 33 943
33 29 943
30 52 572
52 30 572
30 59 30
59 30 30
30 42 205
42 30 205
30 37 902
37 30 902
31 51 327
51 31 327
31 38 327
38 31 327
31 37 253
37 31 253
31 46 850
46 31 850
31 62 990
62 31 990
32 61 580
61 32 580
32 48 320
48 32 320
32 35 873
35 32 873
32 44 741
44 32 741
32 48 448
48 32 448
33 59 555
59 33 555
33 49 998
49 33 998
34 38 791
38 34 791
34 52 113
52 34 113
34 61 729
61 34 729
34 62 50
62 34 50
34 51 173
51 34 173
34 44 399
44 34 399
34 45 770
45 34 770
35 43 132
43 35 132
35 50 970
50 35 970
35 47 969
47 35 969
36 44 728
44 36 728
36 54 463
54 36 463
36 44 297
44 36 297
37 50 559
50 37 559
37 61 831
61 37 831
37 42 622
42 37 622
37 63 242
63 37 242
38 40 35
40 38 35
38 44 254
44 38 254
38 45 385
45 38 385
38 63 30
63 38 30
38 52 266
52 38 266
40 65 579
65 40 579
40 55 263
55 40 263
40 61 504
61 40 504
41 45 131
45 41 131
41 49 260
49 41 260
41 45 269
45 41 269
41 53 606
53 41 606
41 49 33
49 41 33
41 60 414
60 41 414
41 53 441
53 41 441
42 46 454
46 42 454
42 56 331
56 42 331
42 58 520
58 42 520
42 65 310
65 42 310
42 54 916
54 42 916
42 58 565
58 42 565
42 50 904
50 42 904
42 48 434
48 42 434
43 57 578
57 43 578
43 54 75
54 43 75
43 55 776
55 43 776
44 61 596
61 44 596
44 53 228
53 44 228
44 50 561
50 44 561
45 54 74
54 45 74
45 63 479
63 45 479
45 56 347
56 45 347
45 62 215
62 45 215
46 54 120
54 46 120
46 60 33
60 46 33
46 55 598
55 46 598
47 58 911
58 47 911
47 64 593
64 47 593
47 56 985
56 47 985
47 50 723
50 47 723
47 50 231
50 47 231
47 50 249
50 47 249
48 63 838
63 48 838
49 65 241
65 49 241
50 63 478
63 50 478
50 64 647
64 50 647
50 59 392
59 50 392
52 53 371
53 52 371
52 55 526
55 52 526
52 52 860
52 52 860
52 62 83
62 52 83
52 57 778
57 52 778
53 65 985
65 53 985
53 61 408
61 53 408
54 63 710
63 54 710
55 65 843
65 55 843
56 65 648
65 56 648
57 63 72
63 57 72
58 58 497
58 58 497
59 62 519
62 59 519
62 63 120
63 62 120
