83

0 1 629
1 0 629
0 2 409
2 0 409
0 4 812
4 0 812
0 5 6
5 0 6
0 8 948
8 0 948
0 22 893
22 0 893
0 37 735
37 0 735
0 78 569
78 0 569
0 42 468
42 0 468
0 40 486
40 0 486
0 81 850
81 0 850
0 52 515
52 0 515
0 60 865
60 0 865
0 48 788
48 0 788
0 77 493
77 0 493
0 17 561
17 0 561
1 6 716
6 1 716
1 7 873
7 1 873
1 25 47
25 1 47
1 19 197
19 1 197
1 31 356
31 1 356
1 72 580
72 1 580
1 9 7
9 1 7
1 25 554
25 1 554
1 32 316
32 1 316
1 25 106
25 1 106
1 12 303
12 1 303
1 64 419
64 1 419
1 46 533
46 1 533
1 60 841
60 1 841
1 13 143
13 1 143
1 48 194
48 1 194
1 1 634
1 1 634
1 38 389
38 1 389
1 58 40
58 1 40
1 50 60
50 1 60
1 64 566
64 1 566
1 5 641
5 1 641
2 3 661
3 2 661
2 10 813
10 2 813
2 15 100
15 2 100
2 36 127
36 2 127
2 71 340
71 2 340
2 7 786
7 2 786
2 74 899
74 2 899
2 66 953
66 2 953
2 71 876
71 2 876
2 71 979
71 2 979
2 49 719
49 2 719
2 8 618
8 2 618
2 48 765
48 2 765
2 5 682
5 2 682
2 8 566
8 2 566
2 32 186
32 2 186
2 73 539
73 2 539
3 9 423
9 3 423
3 11 134
11 3 134
3 38 56
38 3 56
3 39 942
39 3 942
3 75 716
75 3 716
3 7 456
7 3 456
3 12 700
12 3 700
3 28 856
28 3 856
3 47 564
47 3 564
3 58 255
58 3 255
3 26 863
26 3 863
3 74 578
74 3 578
3 32 789
32 3 789
3 66 342
66 3 342
3 26 283
26 3 283
4 17 579
17 4 579
4 18 602
18 4 602
4 26 583
26 4 583
4 77 422
77 4 422
4 6 316
6 4 316
4 57 299
57 4 299
4 35 492
35 4 492
4 39 869
39 4 869
4 28 748
28 4 748
4 60 171
60 4 171
4 59 919
59 4 919
5 68 188
68 5 188
5 62 143
62 5 143
5 14 705
14 5 705
5 60 888
60 5 888
5 37 997
37 5 997
5 45 97
45 5 97
5 75 198
75 5 198
5 54 820
54 5 820
5 21 909
21 5 909
5 60 839
60 5 839
5 74 718
74 5 718
5 31 133
31 5 133
5 49 870
49 5 870
5 59 189
59 5 189
6 31 238
31 6 238
6 42 785
42 6 785
6 65 309
65 6 309
6 21 735
21 6 735
6 27 744
27 6 744
6 74 990
74 6 990
6 50 495
50 6 495
6 73 899
73 6 899
6 62 504
62 6 504
6 27 112
27 6 112
6 63 185
63 6 185
6 58 473
58 6 473
6 7 123
7 6 123
6 37 581
37 6 581
6 79 350
79 6 350
7 12 593
12 7 593
7 19 177
19 7 177
7 34 232
34 7 232
7 31 470
31 7 470
7 69 192
69 7 192
7 7 376
7 7 376
7 21 293
21 7 293
7 25 744
25 7 744
7 46 335
46 7 335
7 42 130
42 7 130
7 31 194
31 7 194
8 13 350
13 8 350
8 15 461
15 8 461
8 33 811
33 8 811
8 55 978
55 8 978
8 19 655
19 8 655
8 9 827
9 8 827
8 36 96
36 8 96
8 44 628
44 8 628
8 25 113
25 8 113
8 9 470
9 8 470
8 39 439
39 8 439
8 14 443
14 8 443
8 74 326
74 8 326
8 63 597
63 8 597
8 27 985
27 8 985
8 22 931
22 8 931
9 40 391
40 9 391
9 15 360
15 9 360
9 26 445
26 9 445
9 67 449
67 9 449
9 28 573
28 9 573
9 34 600
34 9 600
9 22 857
22 9 857
9 34 667
34 9 667
9 51 586
51 9 586
9 26 197
26 9 197
10 14 498
14 10 498
10 80 82
80 10 82
10 29 423
29 10 423
10 68 695
68 10 695
10 72 524
72 10 524
10 72 33
72 10 33
10 15 368
15 10 368
10 52 151
52 10 151
10 53 31
53 10 31
10 42 964
42 10 964
10 22 832
22 10 832
10 41 764
41 10 764
10 55 77
55 10 77
10 64 783
64 10 783
10 11 249
11 10 249
11 35 499
35 11 499
11 38 370
38 11 370
11 82 914
82 11 914
11 69 93
69 11 93
11 70 207
70 11 207
11 53 688
53 11 688
11 20 165
20 11 165
11 68 382
68 11 382
11 23 639
23 11 639
11 24 889
24 11 889
11 29 844
29 11 844
12 29 854
29 12 854
12 61 145
61 12 145
12 64 80
64 12 80
12 76 674
76 12 674
12 52 916
52 12 916
12 34 425
34 12 425
12 16 767
16 12 767
12 22 496
22 12 496
12 36 902
36 12 902
12 68 325
68 12 325
12 18 476
18 12 476
12 52 3
52 12 3
12 14 33
14 12 33
13 48 355
48 13 355
13 65 735
65 13 735
13 21 989
21 13 989
13 24 234
24 13 234
13 37 116
37 13 116
13 20 76
20 13 76
13 75 350
75 13 350
13 58 437
58 13 437
13 80 436
80 13 436
13 25 852
25 13 852
14 28 261
28 14 261
14 61 733
61 14 733
14 39 340
39 14 340
14 70 136
70 14 136
14 67 583
67 14 583
14 19 691
19 14 691
14 30 562
30 14 562
14 51 432
51 14 432
14 16 312
16 14 312
14 24 562
24 14 562
14 66 992
66 14 992
14 24 779
24 14 779
15 16 547
16 15 547
15 49 279
49 15 279
15 73 357
73 15 357
15 76 838
76 15 838
15 37 309
37 15 309
15 43 691
43 15 691
15 15 915
15 15 915
15 19 518
19 15 518
15 45 443
45 15 443
15 41 556
41 15 556
15 76 118
76 15 118
15 39 657
39 15 657
15 57 405
57 15 405
15 50 593
50 15 593
15 80 124
80 15 124
16 37 159
37 16 159
16 33 1
33 16 1
16 66 518
66 16 518
16 72 629
72 16 629
16 61 666
61 16 666
16 26 927
26 16 927
16 34 804
34 16 804
16 73 817
73 16 817
16 23 545
23 16 545
16 76 825
76 16 825
16 82 906
82 16 906
16 78 729
78 16 729
17 21 518
21 17 518
17 30 917
30 17 917
17 57 707
57 17 707
17 82 109
82 17 109
17 76 415
76 17 415
17 33 507
33 17 507
17 40 809
40 17 809
17 57 86
57 17 86
17 81 156
81 17 156
17 18 881
18 17 881
18 23 197
23 18 197
18 27 121
27 18 121
18 60 990
60 18 990
18 74 502
74 18 502
18 35 291
35 18 291
18 52 838
52 18 838
18 19 379
19 18 379
18 78 135
78 18 135
18 54 678
54 18 678
18 39 668
39 18 668
18 38 641
38 18 641
18 58 951
58 18 951
19 20 168
20 19 168
19 33 584
33 19 584
19 44 102
44 19 102
19 81 831
81 19 831
19 42 71
42 19 71
19 49 195
49 19 195
19 72 335
72 19 335
19 59 488
59 19 488
19 28 705
28 19 705
19 62 922
62 19 922
19 72 965
72 19 965
19 72 59
72 19 59
19 81 66
81 19 66
20 41 424
41 20 424
20 42 573
42 20 573
20 37 846
37 20 846
20 42 472
42 20 472
20 63 732
63 20 732
20 47 139
47 20 139
20 78 648
78 20 648
21 24 407
24 21 407
21 23 517
23 21 517
21 67 31
67 21 31
21 40 40
40 21 40
21 59 254
59 21 254
21 23 670
23 21 670
21 41 473
41 21 473
21 37 759
37 21 759
21 47 569
47 21 569
21 69 850
69 21 850
21 29 234
29 21 234
21 65 703
65 21 703
21 57 774
57 21 774
22 32 255
32 22 255
22 52 653
52 22 653
22 27 388
27 22 388
22 53 906
53 22 906
22 27 56
27 22 56
22 72 904
72 22 904
22 56 999
56 22 999
22 41 209
41 22 209
22 48 522
48 22 522
23 53 997
53 23 997
23 35 771
35 23 771
23 68 999
68 23 999
23 70 734
70 23 734
23 32 328
32 23 328
23 75 673
75 23 673
24 47 50
47 24 50
24 43 161
43 24 161
24 58 6
58 24 6
24 58 134
58 24 134
24 33 950
33 24 950
25 35 753
35 25 753
25 76 389
76 25 389
25 43 143
43 25 143
25 80 684
80 25 684
25 82 255
82 25 255
25 67 949
67 25 949
25 78 695
78 25 695
25 31 365
31 25 365
25 29 729
29 25 729
26 43 605
43 26 605
26 65 139
65 26 139
26 36 1000
36 26 1000
26 57 412
57 26 412
26 33 552
33 26 552
26 34 415
34 26 415
26 26 245
26 26 245
26 42 967
42 26 967
26 73 692
73 26 692
27 36 663
36 27 663
27 54 623
54 27 623
27 58 352
58 27 352
27 44 881
44 27 881
27 36 782
36 27 782
27 65 447
65 27 447
27 73 224
73 27 224
27 74 348
74 27 348
27 82 216
82 27 216
27 65 565
65 27 565
28 43 595
43 28 595
28 56 695
56 28 695
28 53 253
53 28 253
28 43 427
43 28 427
28 46 500
46 28 500
28 33 748
33 28 748
28 62 713
62 28 713
28 77 707
77 28 707
28 52 842
52 28 842
28 79 709
79 28 709
29 82 357
82 29 357
29 60 89
60 29 89
29 35 569
35 29 569
29 79 956
79 29 956
29 76 219
76 29 219
29 45 850
45 29 850
29 59 250
59 29 250
29 34 3
34 29 3
29 51 464
51 29 464
29 56 453
56 29 453
29 51 358
51 29 358
30 52 145
52 30 145
30 37 359
37 30 359
30 76 814
76 30 814
30 43 154
43 30 154
30 82 135
82 30 135
30 35 969
35 30 969
30 82 83
82 30 83
31 71 314
71 31 314
31 31 366
31 31 366
31 78 723
78 31 723
31 68 604
68 31 604
31 52 334
52 31 334
31 64 919
64 31 919
32 72 111
72 32 111
32 51 306
51 32 306
32 67 620
67 32 620
32 79 598
79 32 598
32 46 388
46 32 388
32 39 194
39 32 194
32 52 658
52 32 658
32 71 386
71 32 386
32 52 982
52 32 982
32 39 865
39 32 865
33 59 580
59 33 580
33 70 558
70 33 558
33 80 443
80 33 443
33 64 45
64 33 45
33 64 730
64 33 730
33 82 698
82 33 698
33 34 779
34 33 779
33 51 345
51 33 345
33 65 370
65 33 370
34 51 127
51 34 127
34 68 132
68 34 132
34 37 217
37 34 217
34 80 100
80 34 100
34 69 710
69 34 710
34 64 149
64 34 149
34 50 520
50 34 520
34 49 113
49 34 113
34 81 99
81 34 99
35 52 635
52 35 635
35 81 970
81 35 970
35 72 806
72 35 806
35 56 408
56 35 408
35 67 709
67 35 709
35 40 591
40 35 591
35 73 493
73 35 493
35 75 817
75 35 817
35 61 294
61 35 294
36 73 409
73 36 409
36 52 236
52 36 236
36 77 37
77 36 37
36 70 589
70 36 589
36 44 520
44 36 520
36 71 653
71 36 653
36 81 337
81 36 337
37 50 438
50 37 438
37 38 319
38 37 319
37 74 256
74 37 256
37 54 777
54 37 777
37 61 422
61 37 422
37 75 14
75 37 14
37 50 307
50 37 307
37 82 742
82 37 742
38 77 65
77 38 65
38 69 850
69 38 850
38 48 828
48 38 828
38 51 657
51 38 657
38 48 785
48 38 785
39 46 887
46 39 887
39 58 378
58 39 378
39 76 848
76 39 848
39 56 260
56 39 260
39 79 366
79 39 366
39 46 495
46 39 495
39 71 809
71 39 809
39 72 134
72 39 134
39 55 961
55 39 961
39 47 443
47 39 443
39 43 243
43 39 243
40 78 689
78 40 689
40 63 900
63 40 900
40 79 591
79 40 591
40 59 431
59 40 431
40 78 815
78 40 815
40 50 860
50 40 860
40 47 818
47 40 818
41 74 594
74 41 594
41 69 72
69 41 72
41 66 452
66 41 452
41 56 19
56 41 19
41 59 221
59 41 221
41 76 988
76 41 988
41 69 874
69 41 874
41 66 359
66 41 359
42 49 824
49 42 824
42 66 256
66 42 256
42 56 869
56 42 869
42 62 833
62 42 833
43 71 771
71 43 771
43 56 560
56 43 560
43 77 981
77 43 981
43 51 142
51 43 142
43 55 548
55 43 548
43 58 620
58 43 620
43 56 696
56 43 696
44 45 802
45 44 802
44 69 885
69 44 885
44 65 148
65 44 148
44 46 929
46 44 929
44 46 731
46 44 731
44 69 292
69 44 292
44 74 456
74 44 456
45 79 73
79 45 73
45 46 70
46 45 70
45 75 310
75 45 310
45 73 448
73 45 448
45 81 407
81 45 407
46 70 636
70 46 636
46 71 641
71 46 641
46 66 793
66 46 793
46 52 710
52 46 710
46 77 609
77 46 609
46 55 997
55 46 997
46 79 36
79 46 36
46 61 298
61 46 298
46 68 127
68 46 127
46 80 483
80 46 483
46 73 333
73 46 333
46 59 122
59 46 122
47 55 567
55 47 567
47 79 450
79 47 450
47 56 87
56 47 87
47 64 600
64 47 600
47 67 124
67 47 124
47 78 692
78 47 692
47 62 33
62 47 33
47 50 626
50 47 626
47 57 907
57 47 907
47 72 2
72 47 2
48 72 482
72 48 482
48 73 513
73 48 513
48 70 391
70 48 391
48 79 189
79 48 189
48 66 928
66 48 928
48 76 348
76 48 348
49 62 775
62 49 775
49 80 486
80 49 486
49 67 696
67 49 696
49 62 722
62 49 722
50 53 502
53 50 502
50 67 937
67 50 937
50 63 236
63 50 236
50 75 548
75 50 548
50 64 892
64 50 892
50 71 748
71 50 748
50 59 611
59 50 611
50 53 112
53 50 112
51 67 544
67 51 544
51 73 126
73 51 126
51 75 730
75 51 730
51 78 768
78 51 768
51 74 359
74 51 359
51 79 201
79 51 201
51 73 204
73 51 204
51 65 122
65 51 122
52 77 347
77 52 347
52 62 641
62 52 641
52 79 596
79 52 596
52 68 168
68 52 168
52 57 520
57 52 520
52 72 581
72 52 581
52 80 52
80 52 52
53 56 63
56 53 63
53 60 353
60 53 353
53 73 997
73 53 997
53 80 479
80 53 479
53 73 451
73 53 451
53 72 435
72 53 435
54 60 635
60 54 635
54 75 642
75 54 642
54 62 755
62 54 755
54 78 201
78 54 201
55 69 551
69 55 551
55 73 735
73 55 735
55 59 996
59 55 996
55 81 410
81 55 410
55 65 209
65 55 209
55 58 132
58 55 132
56 69 720
69 56 720
56 70 849
70 56 849
56 74 834
74 56 834
56 74 688
74 56 688
56 68 340
68 56 340
57 63 634
63 57 634
57 59 764
59 57 764
57 69 509
69 57 509
57 75 901
75 57 901
57 70 995
70 57 995
57 76 937
76 57 937
57 73 866
73 57 866
57 80 440
80 57 440
57 66 694
66 57 694
58 81 864
81 58 864
58 68 346
68 58 346
58 69 691
69 58 691
59 71 216
71 59 216
59 65 463
65 59 463
59 77 308
77 59 308
59 80 783
80 59 783
59 72 343
72 59 343
59 65 1000
65 59 1000
59 75 117
75 59 117
60 78 279
78 60 279
61 68 896
68 61 896
61 77 769
77 61 769
61 71 421
71 61 421
61 81 711
81 61 711
61 70 591
70 61 591
62 66 462
66 62 462
62 69 94
69 62 94
62 70 397
70 62 397
62 80 449
80 62 449
62 80 894
80 62 894
62 64 145
64 62 145
63 63 881
63 63 881
63 64 703
64 63 703
64 66 878
66 64 878
64 68 892
68 64 892
65 79 772
79 65 772
65 80 829
80 65 829
65 78 205
78 65 205
65 68 403
68 65 403
65 79 816
79 65 816
66 74 533
74 66 533
67 75 869
75 67 869
67 82 167
82 67 167
68 81 395
81 68 395
68 72 935
72 68 935
68 82 487
82 68 487
69 73 909
73 69 909
70 77 46
77 70 46
70 81 58
81 70 58
71 80 737
80 71 737
71 76 825
76 71 825
71 72 530
72 71 530
71 74 852
74 71 852
72 81 387
81 72 387
72 81 308
81 72 308
72 81 755
81 72 755
72 75 309
75 72 309
73 80 83
80 73 83
74 79 173
79 74 173
74 77 385
77 74 385
74 81 549
81 74 549
74 78 950
78 74 950
74 81 408
81 74 408
74 80 979
80 74 979
74 77 593
77 74 593
77 82 790
82 77 790
78 79 742
79 78 742
79 82 910
82 79 910
79 79 68
79 79 68
