43

0 1 170
1 0 170
0 3 37
3 0 37
0 6 239
6 0 239
0 14 71
14 0 71
0 22 216
22 0 216
0 23 887
23 0 887
0 8 64
8 0 64
0 7 905
7 0 905
0 4 835
4 0 835
0 3 33
3 0 33
0 32 539
32 0 539
0 20 782
20 0 782
0 35 360
35 0 360
0 31 111
31 0 111
0 12 472
12 0 472
1 2 244
2 1 244
1 4 925
4 1 925
1 41 833
41 1 833
1 14 867
14 1 867
1 5 631
5 1 631
1 1 328
1 1 328
1 6 783
6 1 783
1 16 738
16 1 738
1 19 145
19 1 145
2 5 757
5 2 757
2 7 92
7 2 92
2 21 239
21 2 239
2 27 624
27 2 624
2 37 30
37 2 30
2 40 757
40 2 757
2 40 574
40 2 574
2 23 957
23 2 957
2 21 151
21 2 151
2 31 95
31 2 95
3 13 594
13 3 594
3 25 527
25 3 527
3 30 286
30 3 286
3 33 133
33 3 133
3 42 131
42 3 131
3 28 866
28 3 866
3 37 441
37 3 441
3 23 826
23 3 826
3 27 743
27 3 743
3 3 635
3 3 635
3 36 302
36 3 302
3 4 937
4 3 937
3 42 113
42 3 113
4 15 373
15 4 373
4 35 250
35 4 250
4 39 854
39 4 854
4 17 859
17 4 859
5 26 220
26 5 220
5 17 438
17 5 438
5 17 229
17 5 229
5 39 824
39 5 824
5 29 62
29 5 62
6 8 392
8 6 392
6 9 59
9 6 59
6 10 366
10 6 366
6 29 238
29 6 238
6 35 348
35 6 348
6 40 239
40 6 239
6 30 879
30 6 879
6 14 827
14 6 827
6 8 596
8 6 596
6 19 192
19 6 192
6 16 891
16 6 891
7 20 295
20 7 295
7 30 404
30 7 404
7 30 733
30 7 733
7 22 706
22 7 706
7 21 213
21 7 213
7 25 282
25 7 282
7 29 689
29 7 689
7 8 219
8 7 219
8 33 880
33 8 880
8 39 775
39 8 775
8 24 994
24 8 994
8 41 982
41 8 982
8 22 485
22 8 485
9 11 328
11 9 328
9 16 300
16 9 300
9 24 778
24 9 778
9 18 478
18 9 478
9 28 2
28 9 2
9 9 416
9 9 416
9 33 272
33 9 272
9 21 974
21 9 974
9 32 491
32 9 491
9 19 411
19 9 411
9 18 656
18 9 656
9 22 983
22 9 983
9 38 768
38 9 768
9 10 269
10 9 269
10 31 885
31 10 885
10 32 505
32 10 505
10 22 928
22 10 928
10 29 494
29 10 494
10 17 468
17 10 468
10 11 172
11 10 172
10 18 683
18 10 683
11 12 52
12 11 52
11 42 734
42 11 734
11 40 999
40 11 999
11 29 366
29 11 366
11 22 368
22 11 368
11 41 971
41 11 971
12 13 534
13 12 534
12 30 399
30 12 399
12 40 669
40 12 669
12 12 112
12 12 112
12 24 952
24 12 952
12 28 317
28 12 317
13 17 700
17 13 700
13 18 858
18 13 858
13 34 158
34 13 158
13 15 543
15 13 543
13 32 858
32 13 858
13 31 736
31 13 736
13 25 732
25 13 732
13 23 188
23 13 188
13 27 248
27 13 248
13 18 81
18 13 81
14 38 537
38 14 537
14 19 64
19 14 64
14 30 836
30 14 836
14 15 747
15 14 747
14 26 68
26 14 68
14 22 968
22 14 968
14 32 315
32 14 315
14 40 371
40 14 371
15 36 182
36 15 182
15 23 373
23 15 373
15 37 232
37 15 232
15 22 24
22 15 24
15 32 66
32 15 66
16 42 890
42 16 890
16 36 233
36 16 233
16 23 933
23 16 933
16 29 398
29 16 398
16 37 679
37 16 679
16 20 786
20 16 786
16 18 485
18 16 485
16 24 701
24 16 701
17 38 379
38 17 379
17 20 415
20 17 415
17 42 816
42 17 816
17 40 181
40 17 181
17 19 560
19 17 560
18 19 722
19 18 722
18 40 265
40 18 265
18 30 652
30 18 652
18 36 253
36 18 253
18 36 86
36 18 86
18 32 36
32 18 36
18 25 393
25 18 393
18 38 986
38 18 986
19 33 547
33 19 547
19 39 324
39 19 324
19 32 929
32 19 929
19 23 477
23 19 477
19 21 769
21 19 769
20 41 565
41 20 565
20 29 693
29 20 693
20 27 363
27 20 363
20 31 630
31 20 630
20 22 876
22 20 876
20 36 778
36 20 778
21 28 110
28 21 110
21 23 835
23 21 835
21 40 567
40 21 567
21 36 282
36 21 282
22 32 509
32 22 509
22 22 169
22 22 169
22 34 893
34 22 893
22 23 298
23 22 298
22 29 85
29 22 85
23 32 122
32 23 122
23 25 281
25 23 281
23 34 13
34 23 13
23 33 542
33 23 542
23 35 373
35 23 373
24 40 460
40 24 460
24 31 765
31 24 765
24 37 740
37 24 740
24 30 145
30 24 145
24 31 923
31 24 923
25 39 622
39 25 622
25 34 668
34 25 668
25 34 830
34 25 830
25 26 738
26 25 738
26 34 429
34 26 429
26 41 501
41 26 501
26 34 280
34 26 280
26 36 400
36 26 400
27 28 4
28 27 4
27 39 824
39 27 824
27 33 546
33 27 546
27 39 882
39 27 882
27 32 976
32 27 976
27 41 39
41 27 39
28 30 707
30 28 707
28 41 509
41 28 509
28 35 837
35 28 837
28 39 497
39 28 497
29 40 41
40 29 41
29 37 728
37 29 728
29 32 999
32 29 999
29 40 362
40 29 362
30 39 301
39 30 301
30 34 951
34 30 951
30 30 603
30 30 603
30 40 171
40 30 171
31 41 934
41 31 934
31 38 418
38 31 418
31 41 880
41 31 880
31 36 233
36 31 233
31 37 401
37 31 401
32 35 917
35 32 917
32 35 856
35 32 856
33 36 433
36 33 433
33 37 154
37 33 154
33 39 291
39 33 291
34 37 46
37 34 46
35 38 876
38 35 876
38 41 774
41 38 774
38 39 973
39 38 973
40 42 842
42 40 842
40 41 508
41 40 508
40 42 812
42 40 812
41 42 660
42 41 660
