50

0 1 163
1 0 163
0 2 297
2 0 297
0 3 176
3 0 176
0 15 691
15 0 691
0 11 675
11 0 675
0 38 194
38 0 194
0 24 971
24 0 971
1 4 342
4 1 342
1 6 976
6 1 976
1 36 900
36 1 900
2 7 504
7 2 504
2 19 993
19 2 993
2 45 21
45 2 21
2 12 104
12 2 104
2 17 391
17 2 391
2 28 996
28 2 996
2 34 724
34 2 724
3 5 666
5 3 666
3 11 742
11 3 742
3 13 428
13 3 428
3 29 703
29 3 703
3 24 243
24 3 243
3 39 776
39 3 776
4 26 460
26 4 460
4 45 584
45 4 584
5 8 281
8 5 281
5 35 702
35 5 702
5 42 775
42 5 775
5 10 101
10 5 101
5 19 312
19 5 312
5 29 307
29 5 307
5 9 414
9 5 414
5 46 215
46 5 215
5 34 350
34 5 350
6 39 912
39 6 912
6 17 521
17 6 521
6 9 821
9 6 821
7 9 787
9 7 787
7 12 548
12 7 548
7 15 222
15 7 222
7 22 350
22 7 350
8 16 248
16 8 248
8 17 217
17 8 217
8 44 160
44 8 160
8 31 433
31 8 433
8 39 73
39 8 73
8 26 440
26 8 440
8 20 128
20 8 128
8 37 633
37 8 633
8 17 305
17 8 305
8 22 19
22 8 19
8 45 569
45 8 569
9 10 228
10 9 228
9 36 566
36 9 566
9 31 864
31 9 864
9 39 497
39 9 497
10 18 233
18 10 233
10 35 907
35 10 907
10 36 530
36 10 530
11 48 470
48 11 470
11 18 910
18 11 910
12 14 44
14 12 44
12 21 561
21 12 561
12 42 431
42 12 431
12 27 528
27 12 528
12 30 496
30 12 496
13 49 975
49 13 975
14 25 768
25 14 768
14 23 715
23 14 715
14 15 691
15 14 691
15 30 774
30 15 774
15 16 383
16 15 383
15 19 604
19 15 604
15 22 456
22 15 456
16 41 60
41 16 60
16 45 526
45 16 526
16 26 587
26 16 587
16 36 369
36 16 369
16 19 460
19 16 460
16 43 169
43 16 169
17 40 750
40 17 750
17 34 469
34 17 469
18 36 395
36 18 395
19 20 445
20 19 445
19 24 779
24 19 779
19 24 160
24 19 160
19 32 713
32 19 713
19 43 755
43 19 755
20 23 280
23 20 280
20 38 892
38 20 892
20 47 272
47 20 272
20 32 646
32 20 646
20 27 997
27 20 997
21 22 290
22 21 290
21 31 145
31 21 145
21 44 286
44 21 286
22 46 436
46 22 436
23 24 966
24 23 966
24 27 358
27 24 358
24 33 856
33 24 856
24 44 191
44 24 191
24 28 500
28 24 500
25 47 856
47 25 856
25 42 219
42 25 219
25 42 398
42 25 398
26 37 203
37 26 203
27 28 828
28 27 828
27 35 221
35 27 221
28 32 515
32 28 515
28 39 896
39 28 896
28 39 371
39 28 371
28 33 589
33 28 589
29 47 341
47 29 341
29 39 183
39 29 183
29 47 874
47 29 874
30 41 35
41 30 35
30 47 639
47 30 639
30 48 557
48 30 557
30 49 333
49 30 333
31 31 246
31 31 246
31 41 1000
41 31 1000
32 34 682
34 32 682
32 40 678
40 32 678
32 44 978
44 32 978
32 44 412
44 32 412
33 42 640
42 33 640
33 41 326
41 33 326
33 48 569
48 33 569
34 46 693
46 34 693
35 47 814
47 35 814
37 46 125
46 37 125
37 41 629
41 37 629
38 49 548
49 38 548
38 46 987
46 38 987
38 46 363
46 38 363
39 48 938
48 39 938
40 43 58
43 40 58
41 47 951
47 41 951
43 48 295
48 43 295
44 45 828
45 44 828
