95

0 1 268
1 0 268
0 3 258
3 0 258
0 4 107
4 0 107
0 7 445
7 0 445
0 14 691
14 0 691
0 89 834
89 0 834
0 80 663
80 0 663
0 12 380
12 0 380
0 28 313
28 0 313
0 33 814
33 0 814
0 10 793
10 0 793
0 72 583
72 0 583
0 30 362
30 0 362
0 54 953
54 0 953
0 46 813
46 0 813
0 44 746
44 0 746
0 45 319
45 0 319
0 42 486
42 0 486
0 94 996
94 0 996
0 85 944
85 0 944
0 83 711
83 0 711
0 32 424
32 0 424
0 66 860
66 0 860
0 28 462
28 0 462
0 59 649
59 0 649
0 46 513
46 0 513
1 2 839
2 1 839
1 8 251
8 1 251
1 36 907
36 1 907
1 37 258
37 1 258
1 51 367
51 1 367
1 18 190
18 1 190
1 60 994
60 1 994
1 63 70
63 1 70
1 33 254
33 1 254
1 10 243
10 1 243
1 53 640
53 1 640
1 23 498
23 1 498
1 76 960
76 1 960
1 37 67
37 1 67
1 16 425
16 1 425
1 17 56
17 1 56
1 90 809
90 1 809
1 67 680
67 1 680
1 5 891
5 1 891
1 38 64
38 1 64
1 14 345
14 1 345
1 79 721
79 1 721
1 3 768
3 1 768
1 35 536
35 1 536
1 4 549
4 1 549
1 93 170
93 1 170
1 77 441
77 1 441
2 81 797
81 2 797
2 53 999
53 2 999
2 28 136
28 2 136
2 80 972
80 2 972
2 39 845
39 2 845
2 34 725
34 2 725
2 80 479
80 2 479
2 89 60
89 2 60
2 22 523
22 2 523
2 22 415
22 2 415
2 10 925
10 2 925
2 18 505
18 2 505
2 48 98
48 2 98
2 79 801
79 2 801
2 21 134
21 2 134
2 9 92
9 2 92
2 55 134
55 2 134
2 78 780
78 2 780
3 18 446
18 3 446
3 26 591
26 3 591
3 73 559
73 3 559
3 13 602
13 3 602
3 81 635
81 3 635
3 67 666
67 3 666
3 10 123
10 3 123
3 25 376
25 3 376
3 43 476
43 3 476
3 43 983
43 3 983
3 27 560
27 3 560
3 43 471
43 3 471
3 46 437
46 3 437
3 50 3
50 3 3
4 5 848
5 4 848
4 6 112
6 4 112
4 78 819
78 4 819
4 88 10
88 4 10
4 44 80
44 4 80
4 82 361
82 4 361
4 56 356
56 4 356
4 61 594
61 4 594
4 85 511
85 4 511
4 82 225
82 4 225
4 46 169
46 4 169
4 91 714
91 4 714
4 27 164
27 4 164
4 9 63
9 4 63
5 38 68
38 5 68
5 67 15
67 5 15
5 86 323
86 5 323
5 6 920
6 5 920
5 75 321
75 5 321
5 20 610
20 5 610
5 54 974
54 5 974
5 77 289
77 5 289
5 68 892
68 5 892
5 78 459
78 5 459
5 50 996
50 5 996
5 66 883
66 5 883
5 39 481
39 5 481
5 50 850
50 5 850
5 89 188
89 5 188
5 82 672
82 5 672
6 11 63
11 6 63
6 69 405
69 6 405
6 59 700
59 6 700
6 69 810
69 6 810
6 58 806
58 6 806
6 78 234
78 6 234
6 69 993
69 6 993
6 56 243
56 6 243
6 23 317
23 6 317
6 37 310
37 6 310
6 82 678
82 6 678
6 37 41
37 6 41
6 86 278
86 6 278
6 94 820
94 6 820
6 78 175
78 6 175
6 62 402
62 6 402
6 24 378
24 6 378
7 9 837
9 7 837
7 25 292
25 7 292
7 88 942
88 7 942
7 69 341
69 7 341
7 30 29
30 7 29
7 20 659
20 7 659
7 76 432
76 7 432
7 70 635
70 7 635
7 78 682
78 7 682
7 14 217
14 7 217
7 87 822
87 7 822
7 59 916
59 7 916
7 12 474
12 7 474
7 63 409
63 7 409
7 15 48
15 7 48
7 90 754
90 7 754
7 59 861
59 7 861
7 17 669
17 7 669
7 9 511
9 7 511
7 79 767
79 7 767
7 78 930
78 7 930
7 10 199
10 7 199
7 24 238
24 7 238
8 13 648
13 8 648
8 19 957
19 8 957
8 40 940
40 8 940
8 62 705
62 8 705
8 85 193
85 8 193
8 54 587
54 8 587
8 52 736
52 8 736
8 89 4
89 8 4
8 39 493
39 8 493
8 21 759
21 8 759
8 40 750
40 8 750
8 27 912
27 8 912
8 84 282
84 8 282
8 41 661
41 8 661
8 86 722
86 8 722
8 86 190
86 8 190
8 51 850
51 8 850
8 89 22
89 8 22
8 28 652
28 8 652
8 61 597
61 8 597
8 79 817
79 8 817
8 48 18
48 8 18
9 10 871
10 9 871
9 33 924
33 9 924
9 43 585
43 9 585
9 48 312
48 9 312
9 61 463
61 9 463
9 11 550
11 9 550
9 72 382
72 9 382
9 67 322
67 9 322
9 80 890
80 9 890
9 43 402
43 9 402
9 86 428
86 9 428
9 24 14
24 9 14
9 15 667
15 9 667
9 21 855
21 9 855
9 48 500
48 9 500
9 42 40
42 9 40
9 12 627
12 9 627
9 65 189
65 9 189
9 14 359
14 9 359
9 38 588
38 9 588
9 59 591
59 9 591
9 45 611
45 9 611
9 25 269
25 9 269
9 92 350
92 9 350
10 22 866
22 10 866
10 50 871
50 10 871
10 70 597
70 10 597
10 83 297
83 10 297
10 31 373
31 10 373
10 12 808
12 10 808
10 44 533
44 10 533
10 13 722
13 10 722
10 27 170
27 10 170
10 43 884
43 10 884
10 84 818
84 10 818
10 31 300
31 10 300
10 45 177
45 10 177
10 49 147
49 10 147
10 35 887
35 10 887
10 66 628
66 10 628
10 19 853
19 10 853
10 25 445
25 10 445
10 89 88
89 10 88
10 14 969
14 10 969
10 20 766
20 10 766
10 12 338
12 10 338
10 91 50
91 10 50
10 81 557
81 10 557
11 12 781
12 11 781
11 15 917
15 11 917
11 17 697
17 11 697
11 41 844
41 11 844
11 60 146
60 11 146
11 71 80
71 11 80
11 84 387
84 11 387
11 57 257
57 11 257
11 21 141
21 11 141
11 21 153
21 11 153
11 56 724
56 11 724
11 91 159
91 11 159
11 82 633
82 11 633
11 94 399
94 11 399
11 76 936
76 11 936
11 80 692
80 11 692
11 24 217
24 11 217
11 76 176
76 11 176
11 14 408
14 11 408
12 80 191
80 12 191
12 50 272
50 12 272
12 88 758
88 12 758
12 83 16
83 12 16
12 55 273
55 12 273
12 30 935
30 12 935
12 48 655
48 12 655
12 16 553
16 12 553
12 92 637
92 12 637
12 66 877
66 12 877
12 20 15
20 12 15
12 79 793
79 12 793
13 53 37
53 13 37
13 37 228
37 13 228
13 76 408
76 13 408
13 85 13
85 13 13
13 35 891
35 13 891
13 18 895
18 13 895
13 66 935
66 13 935
13 67 910
67 13 910
13 32 804
32 13 804
13 56 275
56 13 275
13 81 69
81 13 69
13 51 909
51 13 909
13 62 294
62 13 294
14 21 249
21 14 249
14 55 369
55 14 369
14 61 730
61 14 730
14 74 902
74 14 902
14 47 43
47 14 43
14 52 833
52 14 833
14 55 678
55 14 678
14 49 242
49 14 242
14 73 311
73 14 311
14 67 184
67 14 184
14 77 454
77 14 454
14 33 785
33 14 785
14 57 563
57 14 563
14 32 291
32 14 291
14 46 886
46 14 886
14 15 203
15 14 203
14 88 260
88 14 260
14 30 415
30 14 415
15 16 599
16 15 599
15 49 228
49 15 228
15 22 921
22 15 921
15 87 453
87 15 453
15 53 125
53 15 125
15 33 76
33 15 76
15 27 771
27 15 771
15 47 825
47 15 825
15 87 139
87 15 139
15 65 512
65 15 512
15 34 80
34 15 80
15 51 203
51 15 203
15 48 861
48 15 861
15 76 767
76 15 767
15 93 415
93 15 415
16 23 366
23 16 366
16 28 666
28 16 666
16 30 335
30 16 335
16 75 393
75 16 393
16 21 113
21 16 113
16 82 775
82 16 775
16 25 729
25 16 729
16 26 172
26 16 172
16 60 564
60 16 564
16 78 5
78 16 5
16 52 372
52 16 372
16 64 258
64 16 258
16 63 793
63 16 793
16 77 607
77 16 607
16 46 628
46 16 628
16 30 182
30 16 182
16 70 805
70 16 805
16 50 304
50 16 304
17 52 393
52 17 393
17 31 869
31 17 869
17 87 103
87 17 103
17 28 161
28 17 161
17 62 116
62 17 116
17 33 137
33 17 137
17 23 129
23 17 129
17 48 537
48 17 537
17 47 525
47 17 525
17 73 258
73 17 258
17 74 727
74 17 727
17 93 773
93 17 773
17 81 946
81 17 946
17 76 684
76 17 684
17 86 293
86 17 293
18 20 4
20 18 4
18 54 828
54 18 828
18 64 739
64 18 739
18 85 669
85 18 669
18 92 741
92 18 741
18 84 187
84 18 187
18 78 734
78 18 734
18 29 228
29 18 228
18 29 871
29 18 871
18 22 406
22 18 406
18 80 667
80 18 667
18 59 854
59 18 854
18 91 741
91 18 741
18 19 164
19 18 164
19 63 688
63 19 688
19 61 181
61 19 181
19 60 128
60 19 128
19 88 758
88 19 758
19 60 676
60 19 676
19 30 21
30 19 21
19 67 65
67 19 65
19 47 899
47 19 899
19 46 908
46 19 908
19 53 9
53 19 9
19 37 178
37 19 178
19 34 683
34 19 683
19 45 857
45 19 857
19 32 632
32 19 632
19 54 1000
54 19 1000
19 58 529
58 19 529
19 38 657
38 19 657
20 45 114
45 20 114
20 50 885
50 20 885
20 83 448
83 20 448
20 29 636
29 20 636
20 40 453
40 20 453
20 75 935
75 20 935
20 80 819
80 20 819
20 56 773
56 20 773
20 56 320
56 20 320
20 25 821
25 20 821
20 69 267
69 20 267
20 90 46
90 20 46
20 93 580
93 20 580
20 41 411
41 20 411
20 37 400
37 20 400
20 52 747
52 20 747
21 24 783
24 21 783
21 29 219
29 21 219
21 66 731
66 21 731
21 72 708
72 21 708
21 74 367
74 21 367
21 62 508
62 21 508
21 40 698
40 21 698
21 24 833
24 21 833
21 85 560
85 21 560
21 90 337
90 21 337
21 82 171
82 21 171
21 27 817
27 21 817
21 41 894
41 21 894
21 43 445
43 21 445
21 22 440
22 21 440
21 91 831
91 21 831
21 88 906
88 21 906
21 59 621
59 21 621
21 94 876
94 21 876
21 77 407
77 21 407
21 44 905
44 21 905
21 92 300
92 21 300
21 34 27
34 21 27
21 25 71
25 21 71
21 68 684
68 21 684
22 27 713
27 22 713
22 75 90
75 22 90
22 72 410
72 22 410
22 73 202
73 22 202
22 44 658
44 22 658
22 82 909
82 22 909
22 43 754
43 22 754
22 89 137
89 22 137
22 41 51
41 22 51
22 72 201
72 22 201
22 38 523
38 22 523
22 66 24
66 22 24
23 63 162
63 23 162
23 73 399
73 23 399
23 73 244
73 23 244
23 26 1000
26 23 1000
23 36 174
36 23 174
23 32 143
32 23 143
23 72 296
72 23 296
23 66 36
66 23 36
23 79 424
79 23 424
23 66 726
66 23 726
23 53 799
53 23 799
23 34 301
34 23 301
23 58 386
58 23 386
23 25 606
25 23 606
23 55 549
55 23 549
24 39 703
39 24 703
24 56 91
56 24 91
24 91 878
91 24 878
24 93 499
93 24 499
24 71 568
71 24 568
24 72 464
72 24 464
24 60 412
60 24 412
24 33 665
33 24 665
24 65 475
65 24 475
24 47 49
47 24 49
24 36 714
36 24 714
24 78 843
78 24 843
24 33 863
33 24 863
24 25 750
25 24 750
24 65 249
65 24 249
24 73 684
73 24 684
24 33 741
33 24 741
25 77 233
77 25 233
25 86 971
86 25 971
25 89 821
89 25 821
25 78 83
78 25 83
25 26 142
26 25 142
25 94 804
94 25 804
25 26 72
26 25 72
25 62 450
62 25 450
25 30 621
30 25 621
25 29 858
29 25 858
25 75 600
75 25 600
25 92 384
92 25 384
25 77 684
77 25 684
26 35 946
35 26 946
26 91 815
91 26 815
26 49 896
49 26 896
26 47 473
47 26 473
26 91 384
91 26 384
26 58 930
58 26 930
26 76 50
76 26 50
26 82 773
82 26 773
26 63 760
63 26 760
26 50 258
50 26 258
26 39 464
39 26 464
26 81 15
81 26 15
26 60 606
60 26 606
26 69 646
69 26 646
26 37 223
37 26 223
26 40 201
40 26 201
27 31 44
31 27 44
27 34 605
34 27 605
27 59 170
59 27 170
27 68 175
68 27 175
27 71 496
71 27 496
27 92 705
92 27 705
27 76 583
76 27 583
27 51 741
51 27 741
27 84 11
84 27 11
27 72 169
72 27 169
27 69 590
69 27 590
27 45 402
45 27 402
27 40 480
40 27 480
27 81 549
81 27 549
27 62 189
62 27 189
28 42 832
42 28 832
28 34 274
34 28 274
28 71 840
71 28 840
28 65 828
65 28 828
28 84 406
84 28 406
28 79 874
79 28 874
29 47 205
47 29 205
29 66 985
66 29 985
29 68 2
68 29 2
29 56 925
56 29 925
29 76 853
76 29 853
29 38 597
38 29 597
29 50 293
50 29 293
29 32 469
32 29 469
29 42 165
42 29 165
29 32 429
32 29 429
29 57 516
57 29 516
29 44 547
44 29 547
30 84 855
84 30 855
30 83 594
83 30 594
30 83 841
83 30 841
30 84 756
84 30 756
30 72 760
72 30 760
30 65 635
65 30 635
30 32 1000
32 30 1000
30 76 240
76 30 240
30 40 544
40 30 544
30 84 541
84 30 541
30 38 398
38 30 398
30 48 748
48 30 748
30 41 638
41 30 638
30 63 338
63 30 338
31 32 538
32 31 538
31 80 634
80 31 634
31 62 235
62 31 235
31 84 994
84 31 994
31 83 603
83 31 603
31 64 762
64 31 762
31 32 545
32 31 545
31 91 972
91 31 972
31 92 72
92 31 72
32 35 554
35 32 554
32 48 2
48 32 2
32 72 886
72 32 886
32 44 882
44 32 882
32 38 648
38 32 648
32 84 133
84 32 133
32 42 44
42 32 44
32 73 105
73 32 105
32 40 130
40 32 130
32 75 496
75 32 496
32 40 334
40 32 334
32 32 22
32 32 22
32 78 179
78 32 179
32 43 942
43 32 942
33 79 29
79 33 29
33 49 696
49 33 696
33 49 868
49 33 868
33 89 529
89 33 529
33 58 878
58 33 878
33 72 618
72 33 618
33 68 185
68 33 185
33 77 858
77 33 858
33 56 512
56 33 512
33 86 235
86 33 235
34 57 230
57 34 230
34 47 399
47 34 399
34 88 819
88 34 819
34 39 84
39 34 84
34 66 660
66 34 660
34 87 204
87 34 204
34 46 521
46 34 521
34 52 820
52 34 820
34 94 457
94 34 457
34 88 470
88 34 470
34 83 659
83 34 659
34 35 944
35 34 944
34 44 313
44 34 313
34 52 249
52 34 249
34 88 823
88 34 823
34 78 543
78 34 543
35 43 278
43 35 278
35 51 370
51 35 370
35 78 986
78 35 986
35 51 500
51 35 500
35 49 449
49 35 449
35 65 812
65 35 812
35 89 22
89 35 22
35 48 480
48 35 480
35 61 311
61 35 311
35 92 555
92 35 555
35 58 888
58 35 888
36 86 9
86 36 9
36 40 399
40 36 399
36 69 612
69 36 612
36 90 771
90 36 771
36 80 660
80 36 660
36 87 124
87 36 124
37 67 925
67 37 925
37 40 356
40 37 356
37 89 735
89 37 735
37 54 246
54 37 246
37 46 666
46 37 666
37 91 521
91 37 521
37 39 316
39 37 316
37 79 55
79 37 55
37 71 490
71 37 490
37 63 82
63 37 82
37 75 303
75 37 303
37 81 945
81 37 945
38 38 765
38 38 765
38 86 549
86 38 549
38 72 740
72 38 740
38 63 180
63 38 180
38 86 524
86 38 524
38 87 879
87 38 879
38 59 483
59 38 483
38 47 322
47 38 322
38 73 34
73 38 34
38 93 184
93 38 184
38 46 384
46 38 384
38 61 707
61 38 707
38 53 412
53 38 412
38 85 793
85 38 793
39 65 858
65 39 858
39 76 599
76 39 599
39 51 506
51 39 506
39 67 894
67 39 894
39 82 25
82 39 25
39 50 874
50 39 874
39 84 400
84 39 400
39 53 793
53 39 793
40 71 90
71 40 90
40 48 723
48 40 723
40 79 626
79 40 626
40 43 109
43 40 109
40 59 621
59 40 621
41 44 158
44 41 158
41 86 269
86 41 269
41 89 204
89 41 204
41 51 860
51 41 860
41 69 320
69 41 320
41 79 993
79 41 993
41 44 574
44 41 574
41 92 515
92 41 515
41 57 937
57 41 937
41 58 132
58 41 132
41 78 130
78 41 130
41 70 579
70 41 579
41 94 346
94 41 346
41 69 26
69 41 26
41 45 165
45 41 165
42 46 830
46 42 830
42 72 265
72 42 265
42 79 500
79 42 500
42 43 642
43 42 642
42 65 954
65 42 954
42 63 18
63 42 18
42 59 791
59 42 791
42 93 162
93 42 162
42 92 401
92 42 401
42 93 910
93 42 910
42 80 898
80 42 898
43 64 509
64 43 509
43 47 68
47 43 68
43 50 438
50 43 438
43 50 683
50 43 683
43 75 195
75 43 195
43 64 878
64 43 878
43 64 631
64 43 631
43 53 269
53 43 269
43 87 326
87 43 326
43 64 244
64 43 244
43 70 213
70 43 213
44 91 120
91 44 120
44 58 4
58 44 4
44 82 311
82 44 311
44 64 488
64 44 488
44 81 686
81 44 686
44 49 743
49 44 743
44 90 736
90 44 736
44 73 33
73 44 33
44 63 168
63 44 168
44 50 426
50 44 426
45 53 361
53 45 361
45 82 31
82 45 31
45 56 490
56 45 490
45 84 483
84 45 483
45 90 550
90 45 550
45 62 903
62 45 903
45 61 927
61 45 927
45 81 857
81 45 857
46 58 550
58 46 550
46 74 156
74 46 156
46 51 870
51 46 870
46 74 687
74 46 687
46 54 308
54 46 308
46 52 947
52 46 947
47 92 425
92 47 425
47 91 455
91 47 455
47 59 287
59 47 287
47 85 562
85 47 562
47 48 279
48 47 279
47 68 105
68 47 105
47 77 870
77 47 870
47 52 909
52 47 909
47 79 198
79 47 198
47 81 720
81 47 720
48 88 548
88 48 548
48 58 28
58 48 28
48 88 877
88 48 877
48 64 7
64 48 7
48 57 273
57 48 273
48 85 679
85 48 679
49 79 295
79 49 295
49 87 688
87 49 688
49 52 842
52 49 842
49 70 514
70 49 514
49 54 91
54 49 91
49 58 208
58 49 208
49 55 746
55 49 746
49 86 443
86 49 443
49 92 18
92 49 18
49 92 352
92 49 352
50 67 975
67 50 975
50 78 303
78 50 303
50 78 766
78 50 766
50 72 922
72 50 922
50 81 551
81 50 551
50 71 513
71 50 513
50 66 8
66 50 8
51 74 926
74 51 926
51 86 557
86 51 557
51 74 579
74 51 579
51 52 631
52 51 631
51 91 297
91 51 297
51 93 182
93 51 182
52 67 3
67 52 3
52 73 757
73 52 757
52 83 43
83 52 43
52 93 301
93 52 301
52 56 160
56 52 160
52 53 10
53 52 10
52 73 929
73 52 929
52 89 66
89 52 66
53 74 163
74 53 163
53 55 669
55 53 669
53 85 421
85 53 421
53 94 931
94 53 931
53 58 912
58 53 912
53 67 261
67 53 261
53 85 686
85 53 686
53 80 628
80 53 628
54 64 257
64 54 257
54 79 512
79 54 512
54 84 747
84 54 747
54 69 170
69 54 170
55 55 595
55 55 595
55 86 656
86 55 656
55 76 37
76 55 37
55 75 673
75 55 673
55 75 965
75 55 965
55 78 30
78 55 30
56 70 985
70 56 985
56 64 262
64 56 262
57 68 4
68 57 4
57 64 655
64 57 655
57 66 234
66 57 234
57 73 681
73 57 681
57 64 931
64 57 931
57 71 298
71 57 298
57 85 812
85 57 812
57 64 648
64 57 648
58 79 583
79 58 583
58 63 386
63 58 386
58 74 762
74 58 762
58 65 272
65 58 272
59 84 487
84 59 487
59 87 160
87 59 160
59 89 941
89 59 941
59 66 245
66 59 245
59 94 701
94 59 701
59 76 223
76 59 223
59 70 808
70 59 808
59 64 176
64 59 176
59 61 374
61 59 374
60 90 237
90 60 237
60 68 389
68 60 389
60 80 75
80 60 75
60 85 856
85 60 856
61 70 544
70 61 544
61 69 414
69 61 414
61 62 163
62 61 163
61 74 301
74 61 301
61 91 218
91 61 218
61 68 343
68 61 343
61 78 823
78 61 823
62 75 690
75 62 690
62 83 864
83 62 864
62 87 797
87 62 797
62 73 456
73 62 456
62 86 986
86 62 986
62 79 956
79 62 956
62 71 446
71 62 446
62 90 967
90 62 967
63 76 599
76 63 599
63 80 544
80 63 544
63 89 795
89 63 795
63 84 534
84 63 534
63 85 360
85 63 360
63 82 679
82 63 679
63 67 349
67 63 349
64 70 557
70 64 557
64 77 632
77 64 632
65 77 65
77 65 65
65 79 60
79 65 60
65 84 446
84 65 446
65 82 662
82 65 662
65 93 15
93 65 15
65 74 330
74 65 330
65 92 879
92 65 879
65 67 333
67 65 333
65 91 873
91 65 873
65 75 726
75 65 726
66 75 164
75 66 164
66 76 363
76 66 363
66 93 645
93 66 645
66 94 852
94 66 852
67 85 485
85 67 485
67 71 252
71 67 252
67 78 371
78 67 371
67 87 471
87 67 471
68 69 508
69 68 508
68 78 265
78 68 265
68 94 52
94 68 52
68 74 234
74 68 234
68 81 947
81 68 947
69 89 108
89 69 108
69 75 654
75 69 654
69 82 431
82 69 431
69 84 7
84 69 7
69 89 709
89 69 709
69 79 175
79 69 175
69 77 516
77 69 516
70 77 478
77 70 478
70 88 502
88 70 502
70 89 888
89 70 888
70 83 228
83 70 228
70 85 591
85 70 591
70 76 66
76 70 66
70 88 945
88 70 945
71 92 266
92 71 266
71 87 200
87 71 200
71 81 492
81 71 492
71 92 443
92 71 443
71 82 751
82 71 751
71 93 807
93 71 807
72 78 826
78 72 826
72 86 951
86 72 951
72 78 12
78 72 12
72 90 399
90 72 399
72 82 140
82 72 140
73 74 227
74 73 227
73 78 231
78 73 231
73 86 384
86 73 384
74 77 506
77 74 506
74 86 618
86 74 618
74 91 348
91 74 348
74 88 381
88 74 381
74 81 202
81 74 202
74 83 124
83 74 124
75 86 947
86 75 947
75 82 346
82 75 346
75 79 996
79 75 996
75 87 282
87 75 282
76 93 724
93 76 724
76 80 127
80 76 127
76 81 41
81 76 41
76 83 752
83 76 752
77 84 671
84 77 671
77 81 356
81 77 356
77 86 333
86 77 333
78 79 666
79 78 666
78 85 398
85 78 398
78 78 439
78 78 439
78 81 40
81 78 40
79 82 175
82 79 175
79 93 765
93 79 765
79 85 805
85 79 805
79 85 513
85 79 513
79 83 356
83 79 356
80 87 780
87 80 780
80 92 532
92 80 532
81 85 16
85 81 16
81 94 834
94 81 834
81 94 353
94 81 353
83 94 877
94 83 877
83 93 989
93 83 989
83 83 878
83 83 878
84 85 841
85 84 841
84 89 130
89 84 130
87 93 990
93 87 990
89 90 51
90 89 51
89 93 777
93 89 777
90 94 607
94 90 607
90 90 761
90 90 761
