56

0 1 868
1 0 868
0 2 920
2 0 920
0 3 761
3 0 761
0 10 711
10 0 711
0 13 238
13 0 238
0 15 899
15 0 899
0 11 170
11 0 170
0 45 921
45 0 921
0 23 872
23 0 872
0 35 188
35 0 188
0 27 760
27 0 760
0 33 728
33 0 728
0 10 819
10 0 819
0 36 22
36 0 22
0 42 907
42 0 907
1 20 753
20 1 753
1 26 76
26 1 76
1 10 677
10 1 677
1 46 781
46 1 781
1 33 255
33 1 255
1 9 706
9 1 706
1 45 480
45 1 480
1 43 802
43 1 802
1 21 590
21 1 590
1 33 784
33 1 784
1 33 808
33 1 808
1 42 171
42 1 171
1 36 184
36 1 184
2 8 304
8 2 304
2 17 621
17 2 621
2 6 481
6 2 481
2 48 484
48 2 484
2 43 958
43 2 958
3 4 358
4 3 358
3 6 611
6 3 611
3 9 694
9 3 694
3 39 596
39 3 596
3 25 611
25 3 611
3 25 843
25 3 843
3 37 376
37 3 376
3 49 945
49 3 945
3 54 814
54 3 814
3 30 589
30 3 589
4 5 929
5 4 929
4 45 758
45 4 758
4 50 504
50 4 504
4 43 919
43 4 919
4 43 536
43 4 536
5 14 312
14 5 312
5 43 364
43 5 364
5 37 198
37 5 198
5 38 522
38 5 522
5 39 669
39 5 669
5 19 955
19 5 955
5 55 242
55 5 242
6 7 909
7 6 909
6 24 710
24 6 710
6 25 814
25 6 814
6 38 510
38 6 510
6 41 676
41 6 676
6 35 161
35 6 161
6 32 92
32 6 92
6 49 509
49 6 509
6 27 47
27 6 47
7 31 418
31 7 418
7 32 581
32 7 581
7 45 255
45 7 255
7 47 225
47 7 225
7 19 626
19 7 626
7 13 881
13 7 881
7 33 766
33 7 766
7 17 266
17 7 266
7 51 317
51 7 317
8 12 28
12 8 28
8 54 436
54 8 436
8 37 517
37 8 517
8 42 230
42 8 230
8 41 820
41 8 820
8 54 814
54 8 814
9 28 918
28 9 918
9 29 228
29 9 228
9 40 313
40 9 313
9 47 629
47 9 629
9 37 820
37 9 820
9 53 588
53 9 588
9 20 328
20 9 328
9 48 120
48 9 120
9 23 819
23 9 819
10 11 497
11 10 497
10 54 121
54 10 121
10 34 145
34 10 145
10 42 519
42 10 519
10 54 439
54 10 439
10 15 991
15 10 991
10 31 719
31 10 719
10 31 919
31 10 919
10 26 765
26 10 765
10 32 55
32 10 55
10 41 949
41 10 949
10 21 722
21 10 722
11 22 506
22 11 506
11 39 230
39 11 230
11 37 300
37 11 300
11 34 812
34 11 812
12 47 133
47 12 133
12 24 718
24 12 718
12 43 838
43 12 838
12 26 782
26 12 782
13 21 936
21 13 936
13 36 98
36 13 98
13 42 292
42 13 292
13 44 767
44 13 767
13 17 242
17 13 242
13 28 590
28 13 590
13 33 296
33 13 296
13 50 910
50 13 910
13 50 516
50 13 516
13 38 588
38 13 588
14 23 645
23 14 645
14 37 107
37 14 107
14 50 380
50 14 380
14 20 870
20 14 870
14 50 416
50 14 416
14 52 431
52 14 431
14 19 474
19 14 474
15 16 219
16 15 219
15 27 231
27 15 231
15 42 726
42 15 726
15 35 882
35 15 882
15 46 543
46 15 543
16 19 389
19 16 389
16 25 95
25 16 95
16 35 194
35 16 194
16 50 442
50 16 442
17 18 435
18 17 435
17 29 362
29 17 362
17 18 108
18 17 108
17 22 311
22 17 311
17 31 624
31 17 624
17 20 5
20 17 5
18 35 526
35 18 526
18 48 481
48 18 481
18 19 504
19 18 504
19 22 712
22 19 712
19 28 299
28 19 299
19 42 490
42 19 490
19 43 35
43 19 35
19 22 544
22 19 544
19 40 250
40 19 250
19 26 892
26 19 892
19 40 807
40 19 807
20 23 643
23 20 643
20 26 670
26 20 670
20 49 641
49 20 641
20 47 455
47 20 455
20 39 571
39 20 571
20 52 389
52 20 389
20 49 194
49 20 194
20 42 170
42 20 170
21 30 591
30 21 591
21 40 663
40 21 663
21 23 86
23 21 86
21 49 417
49 21 417
21 35 591
35 21 591
21 22 926
22 21 926
22 43 391
43 22 391
22 48 327
48 22 327
22 27 204
27 22 204
23 33 276
33 23 276
23 36 588
36 23 588
23 27 143
27 23 143
23 39 477
39 23 477
23 52 54
52 23 54
24 49 977
49 24 977
24 55 48
55 24 48
24 51 946
51 24 946
24 35 416
35 24 416
24 27 325
27 24 325
24 32 550
32 24 550
24 39 132
39 24 132
25 34 17
34 25 17
26 32 912
32 26 912
26 48 869
48 26 869
27 44 584
44 27 584
27 36 950
36 27 950
27 54 326
54 27 326
27 32 128
32 27 128
27 37 532
37 27 532
27 28 449
28 27 449
27 50 138
50 27 138
28 29 557
29 28 557
28 30 528
30 28 528
29 37 860
37 29 860
29 43 61
43 29 61
29 46 541
46 29 541
29 48 443
48 29 443
29 50 541
50 29 541
30 32 703
32 30 703
31 45 307
45 31 307
31 46 998
46 31 998
31 47 45
47 31 45
31 34 601
34 31 601
31 49 373
49 31 373
32 51 291
51 32 291
33 38 623
38 33 623
33 43 652
43 33 652
33 49 379
49 33 379
33 45 672
45 33 672
33 33 626
33 33 626
33 36 691
36 33 691
33 51 155
51 33 155
33 46 33
46 33 33
35 52 522
52 35 522
35 41 310
41 35 310
35 52 229
52 35 229
36 41 573
41 36 573
36 55 982
55 36 982
36 51 610
51 36 610
38 53 775
53 38 775
38 53 229
53 38 229
38 52 816
52 38 816
39 41 293
41 39 293
39 48 865
48 39 865
39 51 324
51 39 324
39 45 515
45 39 515
40 45 704
45 40 704
40 55 150
55 40 150
40 50 916
50 40 916
40 50 142
50 40 142
41 46 392
46 41 392
41 55 974
55 41 974
41 46 797
46 41 797
41 55 550
55 41 550
42 51 588
51 42 588
42 54 67
54 42 67
42 54 610
54 42 610
42 55 76
55 42 76
43 44 416
44 43 416
43 51 954
51 43 954
43 43 93
43 43 93
43 43 551
43 43 551
44 50 328
50 44 328
44 49 606
49 44 606
45 55 394
55 45 394
45 47 340
47 45 340
47 50 95
50 47 95
49 54 962
54 49 962
51 52 700
52 51 700
