89

0 1 934
1 0 934
0 5 490
5 0 490
0 23 139
23 0 139
0 20 298
20 0 298
0 40 767
40 0 767
0 25 122
25 0 122
0 59 407
59 0 407
0 12 434
12 0 434
0 60 83
60 0 83
0 2 337
2 0 337
0 2 181
2 0 181
0 3 537
3 0 537
0 75 86
75 0 86
1 2 950
2 1 950
1 8 318
8 1 318
1 16 548
16 1 548
1 50 504
50 1 504
1 57 9
57 1 9
1 66 475
66 1 475
1 73 335
73 1 335
1 26 408
26 1 408
1 3 426
3 1 426
1 19 941
19 1 941
1 12 454
12 1 454
1 53 596
53 1 596
1 33 558
33 1 558
1 14 743
14 1 743
1 3 431
3 1 431
1 57 611
57 1 611
1 49 578
49 1 578
1 9 877
9 1 877
1 43 153
43 1 153
1 43 13
43 1 13
2 3 884
3 2 884
2 4 621
4 2 621
2 7 897
7 2 897
2 9 112
9 2 112
2 17 906
17 2 906
2 41 753
41 2 753
2 49 178
49 2 178
2 68 362
68 2 362
2 28 218
28 2 218
2 8 563
8 2 563
2 24 113
24 2 113
2 42 559
42 2 559
2 77 346
77 2 346
2 41 677
41 2 677
2 27 775
27 2 775
2 29 299
29 2 299
2 53 88
53 2 88
2 36 341
36 2 341
2 63 348
63 2 348
3 33 481
33 3 481
3 61 73
61 3 73
3 45 226
45 3 226
3 41 66
41 3 66
3 17 867
17 3 867
3 83 883
83 3 883
3 24 821
24 3 821
3 47 690
47 3 690
3 14 262
14 3 262
3 6 702
6 3 702
3 20 174
20 3 174
3 38 779
38 3 779
4 6 97
6 4 97
4 13 284
13 4 284
4 28 342
28 4 342
4 32 996
32 4 996
4 59 355
59 4 355
4 73 268
73 4 268
4 21 202
21 4 202
4 73 904
73 4 904
4 72 867
72 4 867
4 57 819
57 4 819
4 79 587
79 4 587
4 69 969
69 4 969
4 58 338
58 4 338
4 45 736
45 4 736
4 82 202
82 4 202
4 19 267
19 4 267
4 53 906
53 4 906
4 29 454
29 4 454
5 11 335
11 5 335
5 12 346
12 5 346
5 52 499
52 5 499
5 77 415
77 5 415
5 76 193
76 5 193
5 53 265
53 5 265
5 65 195
65 5 195
5 86 247
86 5 247
5 49 177
49 5 177
5 9 466
9 5 466
5 47 391
47 5 391
5 9 160
9 5 160
5 50 896
50 5 896
5 21 48
21 5 48
5 7 623
7 5 623
5 26 634
26 5 634
6 14 215
14 6 215
6 47 163
47 6 163
6 58 549
58 6 549
6 40 845
40 6 845
6 86 159
86 6 159
6 25 744
25 6 744
6 73 738
73 6 738
6 11 749
11 6 749
6 16 372
16 6 372
6 64 635
64 6 635
6 56 285
56 6 285
6 30 850
30 6 850
6 79 825
79 6 825
6 77 866
77 6 866
6 46 353
46 6 353
6 49 815
49 6 815
6 40 318
40 6 318
7 10 250
10 7 250
7 30 774
30 7 774
7 70 402
70 7 402
7 14 83
14 7 83
7 42 589
42 7 589
7 47 52
47 7 52
7 17 627
17 7 627
7 46 822
46 7 822
7 85 344
85 7 344
7 64 557
64 7 557
7 86 573
86 7 573
7 21 639
21 7 639
7 72 686
72 7 686
7 70 362
70 7 362
7 11 788
11 7 788
7 80 937
80 7 937
7 10 873
10 7 873
7 9 883
9 7 883
7 24 95
24 7 95
7 25 837
25 7 837
7 65 223
65 7 223
7 74 471
74 7 471
7 44 253
44 7 253
8 65 284
65 8 284
8 52 251
52 8 251
8 11 690
11 8 690
8 71 614
71 8 614
8 84 362
84 8 362
8 21 947
21 8 947
8 29 4
29 8 4
8 45 938
45 8 938
8 87 664
87 8 664
8 26 522
26 8 522
8 75 224
75 8 224
8 81 335
81 8 335
8 15 932
15 8 932
8 45 806
45 8 806
8 80 251
80 8 251
9 27 22
27 9 22
9 35 811
35 9 811
9 79 242
79 9 242
9 32 160
32 9 160
9 15 223
15 9 223
9 10 309
10 9 309
9 23 339
23 9 339
9 30 477
30 9 477
9 47 385
47 9 385
9 69 977
69 9 977
9 52 828
52 9 828
9 19 219
19 9 219
9 39 558
39 9 558
9 75 650
75 9 650
9 65 496
65 9 496
9 25 446
25 9 446
9 9 107
9 9 107
9 10 547
10 9 547
9 79 817
79 9 817
9 71 413
71 9 413
9 17 333
17 9 333
10 20 688
20 10 688
10 62 886
62 10 886
10 81 905
81 10 905
10 76 544
76 10 544
10 38 274
38 10 274
10 78 162
78 10 162
10 50 749
50 10 749
10 78 372
78 10 372
10 25 51
25 10 51
10 17 240
17 10 240
10 74 479
74 10 479
10 15 695
15 10 695
10 60 249
60 10 249
10 13 848
13 10 848
10 52 554
52 10 554
10 28 764
28 10 764
10 46 125
46 10 125
11 15 388
15 11 388
11 78 361
78 11 361
11 83 32
83 11 32
11 37 721
37 11 721
11 81 471
81 11 471
11 80 505
80 11 505
11 17 655
17 11 655
11 71 392
71 11 392
11 79 373
79 11 373
11 46 379
46 11 379
11 62 87
62 11 87
11 48 60
48 11 60
11 31 871
31 11 871
12 24 590
24 12 590
12 43 137
43 12 137
12 26 223
26 12 223
12 77 948
77 12 948
12 34 800
34 12 800
12 23 605
23 12 605
12 62 988
62 12 988
12 58 168
58 12 168
12 64 918
64 12 918
13 19 225
19 13 225
13 21 17
21 13 17
13 37 963
37 13 963
13 26 856
26 13 856
13 32 603
32 13 603
13 28 925
28 13 925
13 74 211
74 13 211
13 22 106
22 13 106
13 33 316
33 13 316
13 79 926
79 13 926
13 70 57
70 13 57
14 71 496
71 14 496
14 86 140
86 14 140
14 23 793
23 14 793
14 32 473
32 14 473
14 36 79
36 14 79
14 81 708
81 14 708
14 38 444
38 14 444
14 16 900
16 14 900
14 42 912
42 14 912
14 87 166
87 14 166
14 32 306
32 14 306
14 71 759
71 14 759
14 86 984
86 14 984
14 61 258
61 14 258
14 80 801
80 14 801
14 72 28
72 14 28
14 15 684
15 14 684
15 18 139
18 15 139
15 26 360
26 15 360
15 34 97
34 15 97
15 40 439
40 15 439
15 43 765
43 15 765
15 31 988
31 15 988
15 66 907
66 15 907
15 64 240
64 15 240
15 31 527
31 15 527
15 74 84
74 15 84
15 82 627
82 15 627
15 82 448
82 15 448
16 51 727
51 16 727
16 52 132
52 16 132
16 36 415
36 16 415
16 43 246
43 16 246
16 71 616
71 16 616
16 84 562
84 16 562
16 27 980
27 16 980
16 16 96
16 16 96
16 51 781
51 16 781
16 33 509
33 16 509
16 67 929
67 16 929
16 38 857
38 16 857
17 22 312
22 17 312
17 29 43
29 17 43
17 86 453
86 17 453
17 62 734
62 17 734
17 76 37
76 17 37
17 72 692
72 17 692
17 20 277
20 17 277
17 47 868
47 17 868
17 61 949
61 17 949
17 49 659
49 17 659
17 35 438
35 17 438
17 58 882
58 17 882
18 25 72
25 18 72
18 37 650
37 18 650
18 58 384
58 18 384
18 56 141
56 18 141
18 74 43
74 18 43
18 32 136
32 18 136
18 64 456
64 18 456
18 59 722
59 18 722
18 86 211
86 18 211
19 31 824
31 19 824
19 46 183
46 19 183
19 84 409
84 19 409
19 65 255
65 19 255
19 37 836
37 19 836
19 26 417
26 19 417
19 82 447
82 19 447
19 78 517
78 19 517
19 32 242
32 19 242
19 77 84
77 19 84
19 44 191
44 19 191
19 43 733
43 19 733
19 38 74
38 19 74
19 55 458
55 19 458
20 55 855
55 20 855
20 51 754
51 20 754
20 46 759
46 20 759
20 61 603
61 20 603
20 20 799
20 20 799
20 45 196
45 20 196
20 37 491
37 20 491
20 70 716
70 20 716
20 33 514
33 20 514
20 45 682
45 20 682
20 49 860
49 20 860
20 61 541
61 20 541
21 35 34
35 21 34
21 86 279
86 21 279
21 23 165
23 21 165
21 68 195
68 21 195
21 22 104
22 21 104
21 39 344
39 21 344
21 83 568
83 21 568
21 74 758
74 21 758
21 27 154
27 21 154
22 56 707
56 22 707
22 66 409
66 22 409
22 57 122
57 22 122
22 30 382
30 22 382
22 79 720
79 22 720
22 32 728
32 22 728
22 47 43
47 22 43
22 73 316
73 22 316
22 34 15
34 22 15
22 37 23
37 22 23
22 25 644
25 22 644
22 67 171
67 22 171
22 61 484
61 22 484
22 79 812
79 22 812
22 75 494
75 22 494
22 23 63
23 22 63
23 44 976
44 23 976
23 62 93
62 23 93
23 55 770
55 23 770
23 29 424
29 23 424
23 41 569
41 23 569
23 70 250
70 23 250
23 53 606
53 23 606
23 30 479
30 23 479
23 34 275
34 23 275
23 72 691
72 23 691
23 36 566
36 23 566
23 33 419
33 23 419
23 39 987
39 23 987
23 66 280
66 23 280
23 76 843
76 23 843
23 53 965
53 23 965
24 48 517
48 24 517
24 53 804
53 24 804
24 28 287
28 24 287
24 54 92
54 24 92
24 68 430
68 24 430
24 48 76
48 24 76
24 34 269
34 24 269
24 52 934
52 24 934
24 64 774
64 24 774
24 52 872
52 24 872
25 29 115
29 25 115
25 70 114
70 25 114
25 81 807
81 25 807
25 31 928
31 25 928
25 80 743
80 25 743
25 50 813
50 25 813
25 41 950
41 25 950
25 61 464
61 25 464
25 76 864
76 25 864
25 57 35
57 25 35
25 45 205
45 25 205
25 78 466
78 25 466
25 66 607
66 25 607
25 41 330
41 25 330
25 28 710
28 25 710
25 88 21
88 25 21
25 28 964
28 25 964
25 76 604
76 25 604
25 26 827
26 25 827
26 39 905
39 26 905
26 65 921
65 26 921
26 63 604
63 26 604
26 27 413
27 26 413
26 88 833
88 26 833
26 49 353
49 26 353
26 64 50
64 26 50
26 36 186
36 26 186
26 54 534
54 26 534
26 74 332
74 26 332
26 85 335
85 26 335
27 81 671
81 27 671
27 41 906
41 27 906
27 38 971
38 27 971
27 87 247
87 27 247
27 79 782
79 27 782
27 83 705
83 27 705
27 57 800
57 27 800
28 82 65
82 28 65
28 36 36
36 28 36
28 86 492
86 28 492
28 75 313
75 28 313
28 37 554
37 28 554
28 53 27
53 28 27
28 88 497
88 28 497
28 40 558
40 28 558
28 30 173
30 28 173
28 47 650
47 28 650
28 59 709
59 28 709
28 64 923
64 28 923
28 66 127
66 28 127
28 79 432
79 28 432
29 37 699
37 29 699
29 86 886
86 29 886
29 85 784
85 29 784
29 80 914
80 29 914
29 34 624
34 29 624
29 36 21
36 29 21
30 52 857
52 30 857
30 60 926
60 30 926
30 31 940
31 30 940
30 31 272
31 30 272
30 77 332
77 30 332
30 52 59
52 30 59
30 39 448
39 30 448
30 52 356
52 30 356
30 53 90
53 30 90
30 54 652
54 30 652
30 49 85
49 30 85
30 86 198
86 30 198
30 52 786
52 30 786
30 67 261
67 30 261
31 36 623
36 31 623
31 80 8
80 31 8
31 42 100
42 31 100
31 43 586
43 31 586
31 34 288
34 31 288
31 66 872
66 31 872
31 79 164
79 31 164
32 45 724
45 32 724
32 51 78
51 32 78
32 50 209
50 32 209
32 71 990
71 32 990
32 35 423
35 32 423
32 83 411
83 32 411
33 65 270
65 33 270
33 86 732
86 33 732
33 78 565
78 33 565
33 43 462
43 33 462
34 64 380
64 34 380
34 36 788
36 34 788
34 54 461
54 34 461
34 44 17
44 34 17
34 72 83
72 34 83
34 45 696
45 34 696
34 85 364
85 34 364
34 46 842
46 34 842
35 38 794
38 35 794
35 87 410
87 35 410
35 73 765
73 35 765
35 77 992
77 35 992
35 86 769
86 35 769
35 63 761
63 35 761
35 38 895
38 35 895
35 57 880
57 35 880
35 74 849
74 35 849
36 87 176
87 36 176
36 44 828
44 36 828
36 86 820
86 36 820
36 53 381
53 36 381
36 61 788
61 36 788
36 78 209
78 36 209
36 51 13
51 36 13
36 84 273
84 36 273
36 64 496
64 36 496
36 60 698
60 36 698
36 84 971
84 36 971
37 75 866
75 37 866
37 82 931
82 37 931
37 58 859
58 37 859
37 76 508
76 37 508
37 47 236
47 37 236
37 47 710
47 37 710
37 43 902
43 37 902
37 57 591
57 37 591
37 72 346
72 37 346
37 82 288
82 37 288
37 58 487
58 37 487
37 38 914
38 37 914
37 74 819
74 37 819
37 37 10
37 37 10
37 59 891
59 37 891
37 81 980
81 37 980
37 46 943
46 37 943
38 54 717
54 38 717
38 72 258
72 38 258
38 87 48
87 38 48
38 57 934
57 38 934
38 88 896
88 38 896
38 70 530
70 38 530
38 42 764
42 38 764
38 69 429
69 38 429
38 85 648
85 38 648
38 71 928
71 38 928
38 62 82
62 38 82
39 42 764
42 39 764
39 55 758
55 39 758
39 66 984
66 39 984
39 52 346
52 39 346
39 58 824
58 39 824
39 79 924
79 39 924
39 52 341
52 39 341
39 77 120
77 39 120
39 84 852
84 39 852
39 76 988
76 39 988
39 63 552
63 39 552
39 82 886
82 39 886
40 54 744
54 40 744
40 45 137
45 40 137
40 50 358
50 40 358
40 72 92
72 40 92
41 44 821
44 41 821
41 49 659
49 41 659
41 59 320
59 41 320
41 82 91
82 41 91
41 68 687
68 41 687
41 65 927
65 41 927
41 43 936
43 41 936
41 75 163
75 41 163
41 81 86
81 41 86
41 65 425
65 41 425
41 87 929
87 41 929
41 67 859
67 41 859
41 52 968
52 41 968
41 80 584
80 41 584
42 82 1
82 42 1
42 80 561
80 42 561
42 64 209
64 42 209
42 43 781
43 42 781
43 46 276
46 43 276
43 79 517
79 43 517
43 44 842
44 43 842
43 61 481
61 43 481
43 48 309
48 43 309
43 68 24
68 43 24
44 53 484
53 44 484
44 46 843
46 44 843
44 55 936
55 44 936
44 47 385
47 44 385
44 53 490
53 44 490
44 54 327
54 44 327
44 49 295
49 44 295
44 52 495
52 44 495
44 62 786
62 44 786
44 44 744
44 44 744
45 54 597
54 45 597
45 86 195
86 45 195
45 70 201
70 45 201
45 84 458
84 45 458
45 73 613
73 45 613
45 72 77
72 45 77
45 71 65
71 45 65
46 60 575
60 46 575
46 72 435
72 46 435
46 51 294
51 46 294
46 63 569
63 46 569
46 82 37
82 46 37
46 49 535
49 46 535
46 49 200
49 46 200
47 64 640
64 47 640
47 78 484
78 47 484
47 84 235
84 47 235
47 59 659
59 47 659
47 59 859
59 47 859
47 80 853
80 47 853
47 80 108
80 47 108
47 88 49
88 47 49
47 76 923
76 47 923
48 86 503
86 48 503
48 78 186
78 48 186
48 59 256
59 48 256
48 84 842
84 48 842
48 83 116
83 48 116
48 86 430
86 48 430
48 79 412
79 48 412
48 61 9
61 48 9
48 49 669
49 48 669
48 64 279
64 48 279
48 49 324
49 48 324
49 67 786
67 49 786
49 87 817
87 49 817
49 82 761
82 49 761
50 69 894
69 50 894
50 58 721
58 50 721
50 58 800
58 50 800
50 77 890
77 50 890
50 75 668
75 50 668
50 60 155
60 50 155
50 69 635
69 50 635
51 63 123
63 51 123
51 59 646
59 51 646
51 56 282
56 51 282
51 69 668
69 51 668
51 62 622
62 51 622
52 87 605
87 52 605
52 77 715
77 52 715
53 82 515
82 53 515
53 72 446
72 53 446
54 67 324
67 54 324
54 59 954
59 54 954
54 77 956
77 54 956
54 78 757
78 54 757
55 67 680
67 55 680
55 88 322
88 55 322
55 55 799
55 55 799
55 65 82
65 55 82
55 70 664
70 55 664
56 61 464
61 56 464
56 67 92
67 56 92
56 88 961
88 56 961
56 60 9
60 56 9
56 58 628
58 56 628
56 76 470
76 56 470
57 82 257
82 57 257
57 82 171
82 57 171
57 79 259
79 57 259
57 61 805
61 57 805
57 64 554
64 57 554
58 65 234
65 58 234
58 63 260
63 58 260
58 87 824
87 58 824
58 59 192
59 58 192
59 84 689
84 59 689
59 68 510
68 59 510
59 77 310
77 59 310
59 86 961
86 59 961
59 88 190
88 59 190
59 80 209
80 59 209
59 69 188
69 59 188
59 74 167
74 59 167
60 81 109
81 60 109
60 88 28
88 60 28
60 82 590
82 60 590
60 65 276
65 60 276
61 86 458
86 61 458
61 86 780
86 61 780
61 63 827
63 61 827
62 85 901
85 62 901
62 76 760
76 62 760
62 75 313
75 62 313
62 76 297
76 62 297
62 86 507
86 62 507
62 63 389
63 62 389
62 72 376
72 62 376
63 86 351
86 63 351
63 71 61
71 63 61
63 81 769
81 63 769
64 76 401
76 64 401
64 88 206
88 64 206
64 70 20
70 64 20
64 88 416
88 64 416
64 80 92
80 64 92
64 69 954
69 64 954
64 81 192
81 64 192
64 67 123
67 64 123
65 74 491
74 65 491
65 76 583
76 65 583
65 74 910
74 65 910
65 69 309
69 65 309
65 75 84
75 65 84
65 85 976
85 65 976
66 74 944
74 66 944
66 70 547
70 66 547
67 77 718
77 67 718
67 85 665
85 67 665
67 79 662
79 67 662
67 68 617
68 67 617
68 86 54
86 68 54
68 71 374
71 68 374
68 77 150
77 68 150
69 74 850
74 69 850
69 83 364
83 69 364
70 71 425
71 70 425
70 81 868
81 70 868
70 83 574
83 70 574
70 76 547
76 70 547
70 81 430
81 70 430
70 72 97
72 70 97
70 83 324
83 70 324
71 77 925
77 71 925
71 73 59
73 71 59
71 78 578
78 71 578
71 86 670
86 71 670
71 79 568
79 71 568
72 87 798
87 72 798
73 80 860
80 73 860
73 82 511
82 73 511
73 88 899
88 73 899
73 84 10
84 73 10
74 86 105
86 74 105
74 87 65
87 74 65
74 77 134
77 74 134
75 88 320
88 75 320
76 78 54
78 76 54
76 85 579
85 76 579
77 85 861
85 77 861
77 80 110
80 77 110
77 85 105
85 77 105
78 83 464
83 78 464
79 86 785
86 79 785
79 86 316
86 79 316
80 86 2
86 80 2
81 84 350
84 81 350
81 82 743
82 81 743
81 84 26
84 81 26
81 81 547
81 81 547
82 87 478
87 82 478
84 86 967
86 84 967
85 88 278
88 85 278
86 88 599
88 86 599
87 88 999
88 87 999
