59

0 1 911
1 0 911
0 2 213
2 0 213
0 18 296
18 0 296
0 46 40
46 0 40
0 51 130
51 0 130
0 7 440
7 0 440
0 10 194
10 0 194
0 21 311
21 0 311
0 14 693
14 0 693
0 12 855
12 0 855
0 46 547
46 0 547
1 4 386
4 1 386
1 5 694
5 1 694
1 53 406
53 1 406
1 17 978
17 1 978
1 13 419
13 1 419
1 6 780
6 1 780
1 39 719
39 1 719
1 50 399
50 1 399
1 34 66
34 1 66
1 15 883
15 1 883
1 44 146
44 1 146
1 41 822
41 1 822
1 29 688
29 1 688
1 10 630
10 1 630
2 3 81
3 2 81
2 12 587
12 2 587
2 3 882
3 2 882
2 58 20
58 2 20
2 34 481
34 2 481
2 18 43
18 2 43
2 29 574
29 2 574
2 18 385
18 2 385
2 48 837
48 2 837
2 7 310
7 2 310
2 44 621
44 2 621
2 54 715
54 2 715
2 9 587
9 2 587
3 10 498
10 3 498
3 25 971
25 3 971
3 36 47
36 3 47
3 19 183
19 3 183
3 7 425
7 3 425
3 9 473
9 3 473
3 11 96
11 3 96
3 37 250
37 3 250
4 9 372
9 4 372
4 13 986
13 4 986
4 15 192
15 4 192
4 26 909
26 4 909
4 44 942
44 4 942
4 42 27
42 4 27
4 7 425
7 4 425
4 54 591
54 4 591
4 57 30
57 4 30
4 53 630
53 4 630
4 8 854
8 4 854
4 38 693
38 4 693
5 6 967
6 5 967
5 11 392
11 5 392
5 12 573
12 5 573
5 14 734
14 5 734
5 16 32
16 5 32
5 32 398
32 5 398
5 24 606
24 5 606
5 31 377
31 5 377
5 52 580
52 5 580
5 53 239
53 5 239
5 56 496
56 5 496
5 34 265
34 5 265
6 7 553
7 6 553
6 8 492
8 6 492
6 31 571
31 6 571
6 38 384
38 6 384
6 19 788
19 6 788
6 50 852
50 6 852
6 45 25
45 6 25
6 57 845
57 6 845
6 41 258
41 6 258
7 29 783
29 7 783
7 12 270
12 7 270
7 20 357
20 7 357
7 54 41
54 7 41
7 39 789
39 7 789
7 42 154
42 7 154
7 16 396
16 7 396
8 22 657
22 8 657
8 30 896
30 8 896
8 53 996
53 8 996
8 35 850
35 8 850
8 47 322
47 8 322
8 40 816
40 8 816
8 34 626
34 8 626
8 25 352
25 8 352
8 40 118
40 8 118
8 56 335
56 8 335
9 18 928
18 9 928
9 24 637
24 9 637
9 29 341
29 9 341
9 50 970
50 9 970
9 23 432
23 9 432
9 38 600
38 9 600
9 24 220
24 9 220
9 58 443
58 9 443
10 44 97
44 10 97
10 52 895
52 10 895
10 18 129
18 10 129
10 18 653
18 10 653
10 29 840
29 10 840
10 46 187
46 10 187
10 27 697
27 10 697
10 47 77
47 10 77
10 46 841
46 10 841
10 41 996
41 10 996
11 27 2
27 11 2
11 39 229
39 11 229
11 50 734
50 11 734
11 23 334
23 11 334
11 31 410
31 11 410
12 21 52
21 12 52
12 41 118
41 12 118
12 52 624
52 12 624
12 50 521
50 12 521
12 54 997
54 12 997
12 39 538
39 12 538
12 14 742
14 12 742
12 41 599
41 12 599
12 21 576
21 12 576
12 23 852
23 12 852
13 17 678
17 13 678
13 20 672
20 13 672
13 35 282
35 13 282
13 46 93
46 13 93
13 51 346
51 13 346
13 47 617
47 13 617
13 30 776
30 13 776
13 40 569
40 13 569
13 32 803
32 13 803
13 33 535
33 13 535
14 39 43
39 14 43
14 16 871
16 14 871
14 53 66
53 14 66
14 34 947
34 14 947
14 21 549
21 14 549
14 50 857
50 14 857
15 56 225
56 15 225
15 51 927
51 15 927
15 19 156
19 15 156
15 51 404
51 15 404
15 27 371
27 15 371
15 28 223
28 15 223
15 25 688
25 15 688
16 42 195
42 16 195
16 24 975
24 16 975
16 45 619
45 16 619
16 53 616
53 16 616
16 49 89
49 16 89
16 21 205
21 16 205
16 22 947
22 16 947
16 46 362
46 16 362
16 41 317
41 16 317
16 37 14
37 16 14
16 48 924
48 16 924
16 26 350
26 16 350
16 44 715
44 16 715
16 32 742
32 16 742
16 49 819
49 16 819
17 19 747
19 17 747
17 34 554
34 17 554
17 43 525
43 17 525
18 57 84
57 18 84
18 55 69
55 18 69
18 56 272
56 18 272
18 33 446
33 18 446
18 54 847
54 18 847
18 32 872
32 18 872
19 23 248
23 19 248
19 52 384
52 19 384
19 58 190
58 19 190
20 51 539
51 20 539
20 24 963
24 20 963
20 53 72
53 20 72
20 47 841
47 20 841
20 24 372
24 20 372
20 26 264
26 20 264
21 27 710
27 21 710
21 56 913
56 21 913
21 39 537
39 21 537
21 31 681
31 21 681
21 34 496
34 21 496
21 28 438
28 21 438
21 35 928
35 21 928
22 45 715
45 22 715
22 55 669
55 22 669
22 22 192
22 22 192
22 41 861
41 22 861
22 27 111
27 22 111
22 48 641
48 22 641
22 58 308
58 22 308
22 27 268
27 22 268
22 45 226
45 22 226
22 35 888
35 22 888
22 37 84
37 22 84
22 24 790
24 22 790
22 57 342
57 22 342
23 28 509
28 23 509
23 53 839
53 23 839
23 46 179
46 23 179
23 50 56
50 23 56
23 29 862
29 23 862
23 56 357
56 23 357
23 36 386
36 23 386
23 35 499
35 23 499
24 33 311
33 24 311
24 35 868
35 24 868
24 32 626
32 24 626
24 46 108
46 24 108
24 56 627
56 24 627
24 40 375
40 24 375
24 48 248
48 24 248
24 49 598
49 24 598
24 38 713
38 24 713
24 50 571
50 24 571
25 40 228
40 25 228
25 54 939
54 25 939
25 52 663
52 25 663
25 46 908
46 25 908
25 55 467
55 25 467
25 50 298
50 25 298
26 38 58
38 26 58
26 37 526
37 26 526
26 33 988
33 26 988
26 35 840
35 26 840
26 28 868
28 26 868
26 29 196
29 26 196
27 40 967
40 27 967
27 29 600
29 27 600
27 38 953
38 27 953
27 49 618
49 27 618
27 47 115
47 27 115
27 51 195
51 27 195
27 57 879
57 27 879
27 29 468
29 27 468
27 30 511
30 27 511
27 28 352
28 27 352
27 35 40
35 27 40
28 37 907
37 28 907
28 43 987
43 28 987
28 36 580
36 28 580
28 29 298
29 28 298
28 48 535
48 28 535
28 51 799
51 28 799
29 34 900
34 29 900
29 31 484
31 29 484
29 51 420
51 29 420
29 53 438
53 29 438
29 48 528
48 29 528
29 39 571
39 29 571
29 42 789
42 29 789
29 32 784
32 29 784
30 37 542
37 30 542
30 43 503
43 30 503
30 45 358
45 30 358
30 49 695
49 30 695
31 51 183
51 31 183
31 48 952
48 31 952
31 32 418
32 31 418
32 56 143
56 32 143
33 38 103
38 33 103
33 56 274
56 33 274
33 42 124
42 33 124
33 34 401
34 33 401
34 54 633
54 34 633
34 52 312
52 34 312
34 45 670
45 34 670
35 39 14
39 35 14
35 51 65
51 35 65
35 58 579
58 35 579
35 46 154
46 35 154
36 42 197
42 36 197
36 49 810
49 36 810
36 43 734
43 36 734
37 38 72
38 37 72
37 53 745
53 37 745
37 48 567
48 37 567
37 48 708
48 37 708
37 44 649
44 37 649
38 42 950
42 38 950
38 53 765
53 38 765
38 40 438
40 38 438
39 47 6
47 39 6
39 49 208
49 39 208
39 57 920
57 39 920
39 50 998
50 39 998
41 56 584
56 41 584
41 54 25
54 41 25
41 47 686
47 41 686
42 48 258
48 42 258
42 47 18
47 42 18
42 50 500
50 42 500
42 56 213
56 42 213
42 50 44
50 42 44
43 56 238
56 43 238
43 49 250
49 43 250
43 51 378
51 43 378
43 54 940
54 43 940
44 46 937
46 44 937
44 52 364
52 44 364
45 47 898
47 45 898
45 56 603
56 45 603
46 58 908
58 46 908
46 51 551
51 46 551
46 55 576
55 46 576
46 54 144
54 46 144
46 55 550
55 46 550
46 47 445
47 46 445
47 56 794
56 47 794
48 52 388
52 48 388
49 52 13
52 49 13
49 53 607
53 49 607
49 52 684
52 49 684
50 57 188
57 50 188
50 57 293
57 50 293
51 58 38
58 51 38
51 58 366
58 51 366
54 57 365
57 54 365
55 58 905
58 55 905
55 58 758
58 55 758
