82

0 1 480
1 0 480
0 5 511
5 0 511
0 17 139
17 0 139
0 27 959
27 0 959
0 53 817
53 0 817
0 79 740
79 0 740
0 71 21
71 0 21
0 71 199
71 0 199
1 2 195
2 1 195
1 3 988
3 1 988
1 8 918
8 1 918
1 11 392
11 1 392
1 25 434
25 1 434
1 63 932
63 1 932
1 27 574
27 1 574
1 13 313
13 1 313
1 2 733
2 1 733
1 9 621
9 1 621
1 74 545
74 1 545
1 50 384
50 1 384
1 43 877
43 1 877
2 4 68
4 2 68
2 15 362
15 2 362
2 22 880
22 2 880
2 22 866
22 2 866
2 23 459
23 2 459
2 11 911
11 2 911
3 18 781
18 3 781
3 21 516
21 3 516
3 4 474
4 3 474
3 41 792
41 3 792
4 6 128
6 4 128
4 7 239
7 4 239
4 31 41
31 4 41
4 41 95
41 4 95
4 47 636
47 4 636
4 63 858
63 4 858
4 35 681
35 4 681
5 9 918
9 5 918
5 14 205
14 5 205
5 16 666
16 5 666
5 37 673
37 5 673
5 55 965
55 5 965
5 76 860
76 5 860
5 39 501
39 5 501
5 48 444
48 5 444
5 11 492
11 5 492
5 24 707
24 5 707
6 33 632
33 6 632
6 36 982
36 6 982
6 61 441
61 6 441
6 13 627
13 6 627
6 66 843
66 6 843
6 57 143
57 6 143
7 10 619
10 7 619
7 46 463
46 7 463
7 67 565
67 7 565
7 29 53
29 7 53
7 79 85
79 7 85
7 77 863
77 7 863
7 66 578
66 7 578
7 47 316
47 7 316
8 12 634
12 8 634
8 16 465
16 8 465
8 72 130
72 8 130
8 80 993
80 8 993
8 33 434
33 8 434
9 39 131
39 9 131
9 72 384
72 9 384
9 31 93
31 9 93
10 24 216
24 10 216
10 29 262
29 10 262
10 34 75
34 10 75
10 68 298
68 10 298
10 49 119
49 10 119
10 73 886
73 10 886
10 33 309
33 10 309
10 63 27
63 10 27
11 13 218
13 11 218
11 60 887
60 11 887
12 53 645
53 12 645
12 72 992
72 12 992
12 53 132
53 12 132
12 12 857
12 12 857
13 50 689
50 13 689
13 59 6
59 13 6
13 65 436
65 13 436
13 80 986
80 13 986
13 59 570
59 13 570
14 28 937
28 14 937
14 21 68
21 14 68
14 30 240
30 14 240
14 69 714
69 14 714
14 33 144
33 14 144
14 73 87
73 14 87
14 72 941
72 14 941
14 32 809
32 14 809
14 81 11
81 14 11
14 21 320
21 14 320
15 20 539
20 15 539
15 20 561
20 15 561
15 64 271
64 15 271
16 60 891
60 16 891
16 40 43
40 16 43
17 19 890
19 17 890
17 23 125
23 17 125
17 54 462
54 17 462
17 63 728
63 17 728
17 75 47
75 17 47
17 79 585
79 17 585
17 21 88
21 17 88
17 41 97
41 17 97
17 53 314
53 17 314
17 58 450
58 17 450
17 30 160
30 17 160
17 78 723
78 17 723
18 45 101
45 18 101
18 62 632
62 18 632
18 22 85
22 18 85
18 51 959
51 18 959
18 44 50
44 18 50
18 80 609
80 18 609
18 37 452
37 18 452
18 62 366
62 18 366
19 20 913
20 19 913
19 44 869
44 19 869
19 71 974
71 19 974
19 69 642
69 19 642
19 41 939
41 19 939
19 71 80
71 19 80
20 42 242
42 20 242
20 80 692
80 20 692
20 77 277
77 20 277
20 59 376
59 20 376
20 35 725
35 20 725
20 52 156
52 20 156
20 25 806
25 20 806
20 28 497
28 20 497
21 38 906
38 21 906
21 68 928
68 21 928
21 23 692
23 21 692
22 66 160
66 22 160
22 77 209
77 22 209
22 27 569
27 22 569
22 54 367
54 22 367
23 26 169
26 23 169
23 30 789
30 23 789
23 70 539
70 23 539
24 47 762
47 24 762
24 49 311
49 24 311
25 57 867
57 25 867
25 64 1
64 25 1
25 55 909
55 25 909
26 52 623
52 26 623
26 43 389
43 26 389
26 27 315
27 26 315
27 32 775
32 27 775
27 55 126
55 27 126
27 27 551
27 27 551
27 78 125
78 27 125
28 52 139
52 28 139
28 48 24
48 28 24
28 51 350
51 28 350
29 49 805
49 29 805
29 36 581
36 29 581
29 36 439
36 29 439
29 32 281
32 29 281
29 46 265
46 29 265
29 47 204
47 29 204
30 74 221
74 30 221
30 67 186
67 30 186
30 30 839
30 30 839
30 53 33
53 30 33
31 40 611
40 31 611
31 43 328
43 31 328
31 54 970
54 31 970
31 66 602
66 31 602
32 35 929
35 32 929
32 79 254
79 32 254
32 56 42
56 32 42
32 34 263
34 32 263
33 49 991
49 33 991
33 57 586
57 33 586
33 47 870
47 33 870
33 60 16
60 33 16
33 47 517
47 33 517
34 74 747
74 34 747
34 34 76
34 34 76
34 37 966
37 34 966
35 56 457
56 35 457
35 68 347
68 35 347
35 36 38
36 35 38
35 67 460
67 35 460
35 37 26
37 35 26
36 73 742
73 36 742
36 61 657
61 36 657
36 39 72
39 36 72
37 77 463
77 37 463
37 59 129
59 37 129
37 75 543
75 37 543
38 42 735
42 38 735
38 51 362
51 38 362
38 69 654
69 38 654
38 50 770
50 38 770
38 64 292
64 38 292
38 66 311
66 38 311
38 51 729
51 38 729
38 76 440
76 38 440
38 75 622
75 38 622
39 64 429
64 39 429
40 76 750
76 40 750
40 40 600
40 40 600
40 46 825
46 40 825
40 48 96
48 40 96
41 48 940
48 41 940
41 73 203
73 41 203
41 54 597
54 41 597
41 44 883
44 41 883
41 48 918
48 41 918
42 56 46
56 42 46
42 78 588
78 42 588
42 74 650
74 42 650
42 64 757
64 42 757
42 71 328
71 42 328
42 64 781
64 42 781
42 72 280
72 42 280
43 63 958
63 43 958
43 75 704
75 43 704
43 63 129
63 43 129
44 81 229
81 44 229
44 64 991
64 44 991
44 73 779
73 44 779
44 72 608
72 44 608
44 48 81
48 44 81
45 74 327
74 45 327
45 67 8
67 45 8
46 70 180
70 46 180
46 59 869
59 46 869
47 58 120
58 47 120
48 54 528
54 48 528
48 79 514
79 48 514
49 61 722
61 49 722
49 77 782
77 49 782
50 64 595
64 50 595
51 72 195
72 51 195
51 72 162
72 51 162
52 66 539
66 52 539
52 72 440
72 52 440
53 55 41
55 53 41
53 72 279
72 53 279
54 77 792
77 54 792
54 54 190
54 54 190
54 66 365
66 54 365
54 55 503
55 54 503
55 66 643
66 55 643
55 59 473
59 55 473
55 67 907
67 55 907
57 58 756
58 57 756
57 60 704
60 57 704
57 61 876
61 57 876
57 79 363
79 57 363
58 66 161
66 58 161
59 75 237
75 59 237
59 72 791
72 59 791
60 78 720
78 60 720
60 64 552
64 60 552
60 70 284
70 60 284
62 80 772
80 62 772
62 78 716
78 62 716
62 72 831
72 62 831
70 73 542
73 70 542
70 72 819
72 70 819
71 77 532
77 71 532
73 77 561
77 73 561
73 74 468
74 73 468
75 77 144
77 75 144
76 79 210
79 76 210
