18

0 1 671
1 0 671
0 2 703
2 0 703
0 3 785
3 0 785
0 5 145
5 0 145
0 7 721
7 0 721
0 8 977
8 0 977
0 17 141
17 0 141
1 12 408
12 1 408
2 15 222
15 2 222
3 4 272
4 3 272
3 6 944
6 3 944
3 11 67
11 3 67
3 17 347
17 3 347
4 10 619
10 4 619
4 13 206
13 4 206
4 16 919
16 4 919
4 17 540
17 4 540
6 9 709
9 6 709
6 8 311
8 6 311
6 8 353
8 6 353
6 15 834
15 6 834
8 11 355
11 8 355
10 14 282
14 10 282
12 15 620
15 12 620
