89

0 1 461
1 0 461
0 3 990
3 0 990
0 30 52
30 0 52
1 2 729
2 1 729
1 5 508
5 1 508
1 39 19
39 1 19
1 59 286
59 1 286
1 83 233
83 1 233
1 19 110
19 1 110
1 49 303
49 1 303
1 72 96
72 1 96
2 7 77
7 2 77
2 32 993
32 2 993
2 43 199
43 2 199
2 88 812
88 2 812
2 75 558
75 2 558
2 46 444
46 2 444
2 71 650
71 2 650
2 62 260
62 2 260
3 4 463
4 3 463
3 9 549
9 3 549
3 14 545
14 3 545
3 59 361
59 3 361
3 48 427
48 3 427
3 33 600
33 3 600
3 58 358
58 3 358
3 77 112
77 3 112
3 27 376
27 3 376
3 13 558
13 3 558
4 15 627
15 4 627
4 25 732
25 4 732
4 28 44
28 4 44
4 35 338
35 4 338
4 60 161
60 4 161
4 17 471
17 4 471
4 21 846
21 4 846
4 38 681
38 4 681
5 6 629
6 5 629
5 10 901
10 5 901
5 42 677
42 5 677
5 84 509
84 5 509
6 17 893
17 6 893
6 63 42
63 6 42
6 62 81
62 6 81
6 79 638
79 6 638
6 61 134
61 6 134
6 35 295
35 6 295
6 27 77
27 6 77
7 8 834
8 7 834
7 31 120
31 7 120
7 58 357
58 7 357
7 62 18
62 7 18
7 60 311
60 7 311
7 42 762
42 7 762
7 15 272
15 7 272
7 12 69
12 7 69
7 40 242
40 7 242
7 81 105
81 7 105
7 26 163
26 7 163
8 12 213
12 8 213
8 20 99
20 8 99
8 26 221
26 8 221
8 30 956
30 8 956
8 38 463
38 8 463
8 88 332
88 8 332
8 80 460
80 8 460
8 40 264
40 8 264
8 62 65
62 8 65
8 35 585
35 8 585
8 25 262
25 8 262
9 13 73
13 9 73
9 64 839
64 9 839
9 83 471
83 9 471
10 11 890
11 10 890
10 23 365
23 10 365
10 41 641
41 10 641
10 26 418
26 10 418
10 23 621
23 10 621
11 16 786
16 11 786
11 21 815
21 11 815
11 33 124
33 11 124
11 40 838
40 11 838
11 12 997
12 11 997
11 79 477
79 11 477
11 20 644
20 11 644
12 24 903
24 12 903
12 76 685
76 12 685
12 41 864
41 12 864
12 44 283
44 12 283
12 27 779
27 12 779
12 69 692
69 12 692
12 31 269
31 12 269
12 50 378
50 12 378
12 87 96
87 12 96
12 28 840
28 12 840
13 50 108
50 13 108
13 73 259
73 13 259
13 39 28
39 13 28
13 53 164
53 13 164
13 32 237
32 13 237
14 18 436
18 14 436
14 66 615
66 14 615
14 78 179
78 14 179
14 53 441
53 14 441
14 83 970
83 14 970
14 51 11
51 14 11
14 16 122
16 14 122
15 76 105
76 15 105
15 75 278
75 15 278
16 19 151
19 16 151
16 36 223
36 16 223
16 44 114
44 16 114
17 79 221
79 17 221
17 85 88
85 17 88
17 57 939
57 17 939
17 43 648
43 17 648
17 20 227
20 17 227
17 62 374
62 17 374
18 34 884
34 18 884
18 79 2
79 18 2
18 32 218
32 18 218
18 22 308
22 18 308
18 58 498
58 18 498
19 52 958
52 19 958
19 65 181
65 19 181
19 47 999
47 19 999
19 53 944
53 19 944
19 73 184
73 19 184
20 86 619
86 20 619
20 47 120
47 20 120
21 22 138
22 21 138
21 54 449
54 21 449
21 75 118
75 21 118
21 81 175
81 21 175
21 87 812
87 21 812
21 38 367
38 21 367
21 24 791
24 21 791
22 27 511
27 22 511
22 29 527
29 22 527
22 49 432
49 22 432
22 23 246
23 22 246
22 43 74
43 22 74
22 87 806
87 22 806
22 53 434
53 22 434
24 43 155
43 24 155
24 46 67
46 24 67
24 39 309
39 24 309
24 74 295
74 24 295
24 25 220
25 24 220
24 39 93
39 24 93
24 87 757
87 24 757
25 64 509
64 25 509
25 66 224
66 25 224
26 69 514
69 26 514
26 71 957
71 26 957
26 84 266
84 26 266
26 67 679
67 26 679
26 54 487
54 26 487
26 47 531
47 26 531
26 42 678
42 26 678
26 86 95
86 26 95
27 44 496
44 27 496
27 53 914
53 27 914
28 76 710
76 28 710
28 73 862
73 28 862
28 72 257
72 28 257
29 74 296
74 29 296
29 77 107
77 29 107
29 86 200
86 29 200
29 82 134
82 29 134
29 36 194
36 29 194
29 36 740
36 29 740
30 70 162
70 30 162
30 74 167
74 30 167
31 56 463
56 31 463
31 52 744
52 31 744
31 35 183
35 31 183
32 71 109
71 32 109
32 52 203
52 32 203
32 79 339
79 32 339
33 36 87
36 33 87
33 74 44
74 33 44
33 35 385
35 33 385
33 70 564
70 33 564
34 84 298
84 34 298
34 68 125
68 34 125
34 35 748
35 34 748
34 54 599
54 34 599
34 35 550
35 34 550
35 70 636
70 35 636
35 67 344
67 35 344
35 58 444
58 35 444
35 88 357
88 35 357
35 84 928
84 35 928
35 51 481
51 35 481
36 37 252
37 36 252
36 44 19
44 36 19
36 67 576
67 36 576
36 87 881
87 36 881
36 85 451
85 36 451
36 88 302
88 36 302
37 61 98
61 37 98
37 40 604
40 37 604
37 59 713
59 37 713
38 49 97
49 38 97
38 53 95
53 38 95
38 80 511
80 38 511
38 40 391
40 38 391
39 48 552
48 39 552
39 85 771
85 39 771
39 63 107
63 39 107
39 50 249
50 39 249
39 39 254
39 39 254
40 51 130
51 40 130
40 63 338
63 40 338
40 62 206
62 40 206
41 45 652
45 41 652
42 67 336
67 42 336
42 62 786
62 42 786
43 57 303
57 43 303
43 79 674
79 43 674
43 54 94
54 43 94
44 65 356
65 44 356
44 78 232
78 44 232
44 57 972
57 44 972
44 84 230
84 44 230
45 47 702
47 45 702
45 73 766
73 45 766
45 72 346
72 45 346
45 52 191
52 45 191
45 65 701
65 45 701
46 52 476
52 46 476
46 60 951
60 46 951
47 54 690
54 47 690
49 55 407
55 49 407
49 75 786
75 49 786
49 66 934
66 49 934
49 80 971
80 49 971
49 58 37
58 49 37
50 60 508
60 50 508
51 88 575
88 51 575
52 64 732
64 52 732
52 57 239
57 52 239
52 61 856
61 52 856
53 68 73
68 53 73
53 82 356
82 53 356
53 56 269
56 53 269
53 82 316
82 53 316
53 83 668
83 53 668
54 70 171
70 54 171
54 63 45
63 54 45
55 80 162
80 55 162
57 77 877
77 57 877
58 70 852
70 58 852
58 73 837
73 58 837
58 74 914
74 58 914
58 77 404
77 58 404
59 79 786
79 59 786
59 65 999
65 59 999
59 88 156
88 59 156
60 86 887
86 60 887
60 73 674
73 60 674
60 65 956
65 60 956
60 85 792
85 60 792
61 82 146
82 61 146
61 77 102
77 61 102
61 76 930
76 61 930
61 87 678
87 61 678
63 64 524
64 63 524
63 87 597
87 63 597
64 66 138
66 64 138
66 75 343
75 66 343
67 72 37
72 67 37
67 88 625
88 67 625
67 75 763
75 67 763
67 81 474
81 67 474
67 88 658
88 67 658
69 77 115
77 69 115
71 78 906
78 71 906
71 81 472
81 71 472
76 76 369
76 76 369
76 84 285
84 76 285
77 78 862
78 77 862
78 83 840
83 78 840
79 86 244
86 79 244
82 84 83
84 82 83
83 83 14
83 83 14
84 87 863
87 84 863
85 87 973
87 85 973
