66

0 1 611
1 0 611
0 4 495
4 0 495
0 5 391
5 0 391
0 27 437
27 0 437
0 7 497
7 0 497
0 20 748
20 0 748
0 61 53
61 0 53
0 51 381
51 0 381
0 60 687
60 0 687
0 64 686
64 0 686
0 40 655
40 0 655
0 9 131
9 0 131
1 2 838
2 1 838
1 6 347
6 1 347
1 7 199
7 1 199
1 8 344
8 1 344
1 13 713
13 1 713
1 18 919
18 1 919
1 30 572
30 1 572
1 60 23
60 1 23
1 32 730
32 1 730
1 48 427
48 1 427
1 42 845
42 1 845
1 59 524
59 1 524
1 59 49
59 1 49
1 10 662
10 1 662
1 46 101
46 1 101
1 30 854
30 1 854
1 53 955
53 1 955
1 7 271
7 1 271
1 2 646
2 1 646
1 29 952
29 1 952
2 3 335
3 2 335
2 9 57
9 2 57
2 27 821
27 2 821
2 48 362
48 2 362
3 37 842
37 3 842
3 24 778
24 3 778
3 15 107
15 3 107
3 32 745
32 3 745
3 56 992
56 3 992
3 51 23
51 3 23
4 11 972
11 4 972
4 12 771
12 4 771
4 31 611
31 4 611
4 57 89
57 4 89
4 20 110
20 4 110
4 51 48
51 4 48
4 23 406
23 4 406
4 26 831
26 4 831
4 40 201
40 4 201
4 19 326
19 4 326
4 28 410
28 4 410
4 58 523
58 4 523
5 20 425
20 5 425
5 52 28
52 5 28
5 34 224
34 5 224
5 10 562
10 5 562
5 31 448
31 5 448
5 63 992
63 5 992
5 15 827
15 5 827
5 59 628
59 5 628
5 35 536
35 5 536
5 20 209
20 5 209
6 22 508
22 6 508
6 58 976
58 6 976
6 14 626
14 6 626
6 18 750
18 6 750
6 45 717
45 6 717
6 33 760
33 6 760
6 29 700
29 6 700
6 53 614
53 6 614
6 15 869
15 6 869
6 6 477
6 6 477
7 15 909
15 7 909
7 47 904
47 7 904
7 45 961
45 7 961
8 10 544
10 8 544
8 21 689
21 8 689
8 38 808
38 8 808
8 10 817
10 8 817
8 32 376
32 8 376
8 47 28
47 8 28
8 9 672
9 8 672
8 15 458
15 8 458
8 15 187
15 8 187
9 30 498
30 9 498
9 54 108
54 9 108
9 17 252
17 9 252
9 41 108
41 9 108
9 25 757
25 9 757
9 56 992
56 9 992
9 47 202
47 9 202
9 62 139
62 9 139
9 58 481
58 9 481
9 21 737
21 9 737
9 20 225
20 9 225
9 59 434
59 9 434
10 28 364
28 10 364
10 27 348
27 10 348
10 59 503
59 10 503
10 45 450
45 10 450
10 59 23
59 10 23
10 59 739
59 10 739
10 11 60
11 10 60
11 17 749
17 11 749
11 21 532
21 11 532
11 35 853
35 11 853
11 43 418
43 11 418
11 16 154
16 11 154
11 60 648
60 11 648
12 53 336
53 12 336
12 63 812
63 12 812
12 44 298
44 12 298
12 61 895
61 12 895
12 21 183
21 12 183
12 38 770
38 12 770
12 37 577
37 12 577
12 39 910
39 12 910
12 16 559
16 12 559
12 27 700
27 12 700
13 14 828
14 13 828
13 16 498
16 13 498
13 57 124
57 13 124
13 37 14
37 13 14
13 26 579
26 13 579
13 52 460
52 13 460
13 38 581
38 13 581
13 23 238
23 13 238
13 14 489
14 13 489
13 37 142
37 13 142
13 27 60
27 13 60
13 33 894
33 13 894
13 38 500
38 13 500
13 20 490
20 13 490
14 19 214
19 14 214
14 31 795
31 14 795
14 41 37
41 14 37
14 34 123
34 14 123
14 40 222
40 14 222
14 36 824
36 14 824
14 24 996
24 14 996
14 59 191
59 14 191
14 44 936
44 14 936
14 51 706
51 14 706
14 34 175
34 14 175
14 32 227
32 14 227
14 59 660
59 14 660
14 45 520
45 14 520
14 21 694
21 14 694
15 34 645
34 15 645
15 41 128
41 15 128
15 54 842
54 15 842
15 20 124
20 15 124
15 34 19
34 15 19
15 44 73
44 15 73
15 48 214
48 15 214
15 54 690
54 15 690
15 38 113
38 15 113
16 32 611
32 16 611
16 55 3
55 16 3
16 39 633
39 16 633
16 25 366
25 16 366
16 33 515
33 16 515
17 23 721
23 17 721
17 62 963
62 17 963
17 18 683
18 17 683
17 39 529
39 17 529
17 30 855
30 17 855
17 35 137
35 17 137
17 49 374
49 17 374
17 44 26
44 17 26
17 26 26
26 17 26
17 33 1000
33 17 1000
17 49 65
49 17 65
17 35 821
35 17 821
17 29 265
29 17 265
17 22 366
22 17 366
18 46 455
46 18 455
18 27 348
27 18 348
18 33 992
33 18 992
18 43 424
43 18 424
18 27 424
27 18 424
18 20 399
20 18 399
19 25 970
25 19 970
19 49 754
49 19 754
19 36 180
36 19 180
19 50 963
50 19 963
19 37 837
37 19 837
19 34 85
34 19 85
19 26 892
26 19 892
19 57 962
57 19 962
20 41 442
41 20 442
20 31 568
31 20 568
20 44 466
44 20 466
20 34 408
34 20 408
20 47 278
47 20 278
20 37 815
37 20 815
20 63 632
63 20 632
21 53 677
53 21 677
21 33 543
33 21 543
21 37 17
37 21 17
21 57 978
57 21 978
21 37 153
37 21 153
21 49 493
49 21 493
22 48 947
48 22 947
22 60 641
60 22 641
22 41 326
41 22 326
22 53 214
53 22 214
22 40 941
40 22 941
22 46 747
46 22 747
22 38 908
38 22 908
22 59 68
59 22 68
22 65 27
65 22 27
23 24 506
24 23 506
23 33 937
33 23 937
23 44 708
44 23 708
23 60 517
60 23 517
23 35 990
35 23 990
23 27 420
27 23 420
23 27 535
27 23 535
23 55 882
55 23 882
24 42 682
42 24 682
24 33 513
33 24 513
24 52 237
52 24 237
24 63 825
63 24 825
25 26 248
26 25 248
25 61 647
61 25 647
25 44 314
44 25 314
25 55 913
55 25 913
25 36 252
36 25 252
25 32 17
32 25 17
25 33 780
33 25 780
25 39 986
39 25 986
26 29 514
29 26 514
26 64 152
64 26 152
26 37 220
37 26 220
26 32 847
32 26 847
26 30 802
30 26 802
27 38 788
38 27 788
27 56 83
56 27 83
27 40 840
40 27 840
27 50 961
50 27 961
27 28 865
28 27 865
27 35 726
35 27 726
27 56 161
56 27 161
27 35 696
35 27 696
27 47 466
47 27 466
28 65 765
65 28 765
28 51 607
51 28 607
28 31 867
31 28 867
28 52 863
52 28 863
29 60 935
60 29 935
29 59 202
59 29 202
29 43 60
43 29 60
29 42 214
42 29 214
29 42 523
42 29 523
30 53 693
53 30 693
30 36 51
36 30 51
30 35 515
35 30 515
30 50 191
50 30 191
30 37 432
37 30 432
30 63 425
63 30 425
31 64 546
64 31 546
31 39 461
39 31 461
31 50 407
50 31 407
32 39 466
39 32 466
32 52 509
52 32 509
32 53 611
53 32 611
32 45 336
45 32 336
32 50 775
50 32 775
33 47 693
47 33 693
33 48 118
48 33 118
33 50 107
50 33 107
33 55 777
55 33 777
33 46 195
46 33 195
34 36 948
36 34 948
34 48 498
48 34 498
34 55 404
55 34 404
34 36 774
36 34 774
35 54 111
54 35 111
35 52 240
52 35 240
35 37 650
37 35 650
35 65 319
65 35 319
35 46 957
46 35 957
35 60 959
60 35 959
35 38 158
38 35 158
35 47 880
47 35 880
35 42 850
42 35 850
36 40 861
40 36 861
36 50 113
50 36 113
36 42 798
42 36 798
36 37 704
37 36 704
36 42 59
42 36 59
37 51 982
51 37 982
37 55 190
55 37 190
37 58 956
58 37 956
37 57 937
57 37 937
37 58 504
58 37 504
37 60 202
60 37 202
37 58 627
58 37 627
37 39 127
39 37 127
37 50 365
50 37 365
38 62 971
62 38 971
38 54 854
54 38 854
38 43 292
43 38 292
38 44 944
44 38 944
38 62 424
62 38 424
40 55 480
55 40 480
40 55 58
55 40 58
40 44 925
44 40 925
41 46 664
46 41 664
41 64 211
64 41 211
41 60 724
60 41 724
41 58 751
58 41 751
41 52 398
52 41 398
41 49 262
49 41 262
42 62 215
62 42 215
42 65 947
65 42 947
42 43 873
43 42 873
42 61 358
61 42 358
43 44 183
44 43 183
43 61 80
61 43 80
43 58 180
58 43 180
44 45 165
45 44 165
44 64 138
64 44 138
44 55 856
55 44 856
44 61 425
61 44 425
45 47 416
47 45 416
45 57 394
57 45 394
45 64 796
64 45 796
45 64 35
64 45 35
46 47 409
47 46 409
46 56 97
56 46 97
46 60 507
60 46 507
47 49 773
49 47 773
47 52 294
52 47 294
48 61 855
61 48 855
48 60 116
60 48 116
48 51 108
51 48 108
49 58 411
58 49 411
50 63 172
63 50 172
51 59 381
59 51 381
51 63 661
63 51 661
51 62 197
62 51 197
53 60 279
60 53 279
53 60 672
60 53 672
54 59 975
59 54 975
54 59 374
59 54 374
55 58 608
58 55 608
55 56 936
56 55 936
55 62 677
62 55 677
56 58 733
58 56 733
56 62 385
62 56 385
57 65 814
65 57 814
58 64 479
64 58 479
60 62 154
62 60 154
