85

0 1 975
1 0 975
0 8 131
8 0 131
0 19 939
19 0 939
1 2 254
2 1 254
1 4 90
4 1 90
1 18 566
18 1 566
1 83 447
83 1 447
1 80 496
80 1 496
1 25 395
25 1 395
1 58 314
58 1 314
1 29 326
29 1 326
1 15 482
15 1 482
1 68 141
68 1 141
2 3 338
3 2 338
2 5 155
5 2 155
2 6 386
6 2 386
2 14 913
14 2 913
2 17 466
17 2 466
2 34 489
34 2 489
2 51 58
51 2 58
2 34 907
34 2 907
2 67 654
67 2 654
2 53 279
53 2 279
2 37 842
37 2 842
3 11 418
11 3 418
3 34 731
34 3 731
3 28 226
28 3 226
3 34 114
34 3 114
3 64 951
64 3 951
4 7 542
7 4 542
4 21 409
21 4 409
4 44 348
44 4 348
4 77 980
77 4 980
4 54 800
54 4 800
5 15 463
15 5 463
5 40 950
40 5 950
5 39 962
39 5 962
5 46 515
46 5 515
5 17 692
17 5 692
5 18 914
18 5 914
5 15 30
15 5 30
6 33 736
33 6 736
6 17 820
17 6 820
6 81 22
81 6 22
6 57 542
57 6 542
7 9 383
9 7 383
7 78 990
78 7 990
7 38 492
38 7 492
7 17 707
17 7 707
7 69 987
69 7 987
7 58 442
58 7 442
7 48 344
48 7 344
8 12 151
12 8 151
8 19 730
19 8 730
8 47 749
47 8 749
8 64 84
64 8 84
8 21 773
21 8 773
8 69 672
69 8 672
9 10 501
10 9 501
9 13 429
13 9 429
9 46 859
46 9 859
9 56 437
56 9 437
9 61 209
61 9 209
9 17 143
17 9 143
9 66 42
66 9 42
10 22 727
22 10 727
10 41 915
41 10 915
10 42 893
42 10 893
10 82 263
82 10 263
10 51 14
51 10 14
10 15 363
15 10 363
10 40 810
40 10 810
10 54 396
54 10 396
10 53 757
53 10 757
10 58 742
58 10 742
11 67 663
67 11 663
11 73 868
73 11 868
11 71 65
71 11 65
11 11 679
11 11 679
11 81 129
81 11 129
11 32 24
32 11 24
11 46 580
46 11 580
12 45 348
45 12 348
12 56 798
56 12 798
12 21 643
21 12 643
12 21 637
21 12 637
12 28 168
28 12 168
12 44 495
44 12 495
13 26 53
26 13 53
13 38 83
38 13 83
13 46 101
46 13 101
13 79 705
79 13 705
13 46 256
46 13 256
13 65 194
65 13 194
13 15 196
15 13 196
13 42 437
42 13 437
13 13 71
13 13 71
13 27 662
27 13 662
14 16 510
16 14 510
14 20 679
20 14 679
14 25 119
25 14 119
14 27 79
27 14 79
14 60 865
60 14 865
15 49 654
49 15 654
15 48 4
48 15 4
16 36 911
36 16 911
16 23 783
23 16 783
16 70 968
70 16 968
16 84 915
84 16 915
17 55 556
55 17 556
17 73 763
73 17 763
17 46 11
46 17 11
17 57 10
57 17 10
17 52 543
52 17 543
17 63 589
63 17 589
17 43 821
43 17 821
17 71 908
71 17 908
17 66 358
66 17 358
18 24 738
24 18 738
18 37 171
37 18 171
18 66 867
66 18 867
18 27 996
27 18 996
18 75 222
75 18 222
18 36 795
36 18 795
19 28 445
28 19 445
19 81 298
81 19 298
19 84 810
84 19 810
19 83 904
83 19 904
19 83 54
83 19 54
19 26 655
26 19 655
20 23 644
23 20 644
20 30 884
30 20 884
20 36 215
36 20 215
20 54 237
54 20 237
20 75 733
75 20 733
20 83 525
83 20 525
20 44 222
44 20 222
21 53 55
53 21 55
21 59 266
59 21 266
21 76 325
76 21 325
21 30 632
30 21 632
21 65 670
65 21 670
21 50 402
50 21 402
21 21 396
21 21 396
21 49 764
49 21 764
22 31 949
31 22 949
22 47 807
47 22 807
22 65 154
65 22 154
23 43 326
43 23 326
23 82 422
82 23 422
23 40 462
40 23 462
24 29 621
29 24 621
24 39 634
39 24 634
24 67 19
67 24 19
25 69 161
69 25 161
25 47 500
47 25 500
25 66 71
66 25 71
25 51 559
51 25 559
25 29 69
29 25 69
26 39 873
39 26 873
26 71 430
71 26 430
28 56 845
56 28 845
29 32 48
32 29 48
29 39 379
39 29 379
29 40 772
40 29 772
29 73 706
73 29 706
29 77 45
77 29 45
30 31 881
31 30 881
30 35 236
35 30 236
30 49 666
49 30 666
30 42 372
42 30 372
30 45 885
45 30 885
30 69 322
69 30 322
31 48 616
48 31 616
31 65 398
65 31 398
32 53 245
53 32 245
32 59 643
59 32 643
32 45 278
45 32 278
33 61 404
61 33 404
33 81 160
81 33 160
33 66 286
66 33 286
34 48 964
48 34 964
34 75 672
75 34 672
35 77 139
77 35 139
35 74 19
74 35 19
36 71 649
71 36 649
36 60 944
60 36 944
36 77 158
77 36 158
36 81 741
81 36 741
36 84 191
84 36 191
37 44 743
44 37 743
37 47 430
47 37 430
38 67 416
67 38 416
38 71 654
71 38 654
39 52 63
52 39 63
39 81 690
81 39 690
40 44 206
44 40 206
40 76 345
76 40 345
40 80 349
80 40 349
40 78 957
78 40 957
41 61 441
61 41 441
41 68 704
68 41 704
41 80 961
80 41 961
42 62 961
62 42 961
42 74 546
74 42 546
42 69 564
69 42 564
42 48 700
48 42 700
43 72 958
72 43 958
43 72 768
72 43 768
44 60 909
60 44 909
44 82 825
82 44 825
44 77 762
77 44 762
45 64 957
64 45 957
45 47 426
47 45 426
45 47 128
47 45 128
46 50 347
50 46 347
46 65 506
65 46 506
46 72 7
72 46 7
47 68 951
68 47 951
48 69 563
69 48 563
48 84 176
84 48 176
48 83 624
83 48 624
48 56 674
56 48 674
48 76 787
76 48 787
48 55 986
55 48 986
48 66 323
66 48 323
49 57 987
57 49 987
49 67 610
67 49 610
50 58 511
58 50 511
50 53 926
53 50 926
50 65 858
65 50 858
51 61 915
61 51 915
51 52 970
52 51 970
51 56 30
56 51 30
52 73 70
73 52 70
52 52 769
52 52 769
52 62 344
62 52 344
52 62 81
62 52 81
52 54 366
54 52 366
53 54 10
54 53 10
53 68 472
68 53 472
54 54 469
54 54 469
55 57 833
57 55 833
56 63 984
63 56 984
56 60 134
60 56 134
57 70 975
70 57 975
59 83 165
83 59 165
60 71 342
71 60 342
62 70 460
70 62 460
62 78 1000
78 62 1000
63 82 505
82 63 505
63 77 792
77 63 792
64 82 834
82 64 834
65 76 506
76 65 506
66 72 949
72 66 949
66 71 249
71 66 249
66 77 8
77 66 8
66 73 554
73 66 554
67 68 383
68 67 383
68 74 294
74 68 294
69 78 577
78 69 577
70 82 997
82 70 997
72 79 643
79 72 643
72 83 878
83 72 878
74 77 385
77 74 385
76 80 427
80 76 427
