51

0 1 941
1 0 941
0 2 92
2 0 92
0 4 304
4 0 304
0 35 409
35 0 409
0 44 896
44 0 896
0 24 340
24 0 340
0 22 367
22 0 367
0 15 758
15 0 758
0 22 624
22 0 624
0 32 851
32 0 851
1 3 584
3 1 584
1 5 855
5 1 855
1 6 855
6 1 855
1 7 102
7 1 102
1 13 323
13 1 323
1 14 41
14 1 41
1 42 797
42 1 797
1 17 195
17 1 195
1 40 20
40 1 20
1 33 553
33 1 553
1 37 635
37 1 635
1 31 820
31 1 820
1 37 409
37 1 409
2 8 771
8 2 771
2 11 265
11 2 265
2 30 311
30 2 311
2 44 828
44 2 828
2 24 347
24 2 347
2 10 737
10 2 737
2 47 923
47 2 923
2 34 347
34 2 347
3 9 178
9 3 178
3 23 745
23 3 745
3 17 175
17 3 175
3 34 354
34 3 354
3 50 334
50 3 334
4 46 221
46 4 221
4 12 413
12 4 413
4 16 930
16 4 930
4 36 820
36 4 820
4 49 334
49 4 334
4 32 283
32 4 283
4 28 371
28 4 371
4 9 577
9 4 577
4 34 931
34 4 931
4 11 740
11 4 740
4 19 830
19 4 830
5 16 980
16 5 980
5 17 329
17 5 329
5 34 928
34 5 928
5 14 897
14 5 897
5 12 313
12 5 313
5 8 742
8 5 742
5 47 413
47 5 413
5 44 282
44 5 282
5 35 906
35 5 906
5 31 425
31 5 425
5 24 762
24 5 762
5 30 871
30 5 871
5 34 573
34 5 573
5 47 948
47 5 948
6 10 276
10 6 276
6 15 27
15 6 27
6 21 807
21 6 807
6 32 692
32 6 692
6 18 656
18 6 656
6 23 241
23 6 241
6 41 920
41 6 920
6 23 372
23 6 372
6 42 714
42 6 714
6 14 791
14 6 791
6 44 746
44 6 746
6 43 721
43 6 721
6 7 717
7 6 717
7 12 349
12 7 349
7 29 910
29 7 910
8 22 840
22 8 840
8 22 633
22 8 633
8 47 754
47 8 754
8 14 287
14 8 287
8 18 368
18 8 368
8 15 81
15 8 81
8 29 932
29 8 932
8 30 967
30 8 967
8 11 607
11 8 607
8 44 168
44 8 168
8 41 518
41 8 518
9 19 133
19 9 133
9 25 982
25 9 982
9 50 853
50 9 853
9 18 788
18 9 788
9 19 720
19 9 720
9 33 330
33 9 330
9 17 645
17 9 645
9 49 495
49 9 495
9 48 956
48 9 956
10 33 831
33 10 831
10 37 995
37 10 995
10 39 178
39 10 178
10 24 75
24 10 75
10 26 76
26 10 76
10 13 697
13 10 697
10 28 141
28 10 141
10 50 517
50 10 517
10 38 475
38 10 475
11 40 431
40 11 431
11 19 886
19 11 886
11 45 541
45 11 541
11 45 165
45 11 165
11 14 80
14 11 80
11 27 608
27 11 608
11 13 725
13 11 725
11 21 528
21 11 528
11 49 579
49 11 579
12 40 716
40 12 716
12 41 999
41 12 999
12 14 967
14 12 967
12 46 113
46 12 113
12 37 312
37 12 312
12 40 812
40 12 812
12 38 101
38 12 101
12 38 361
38 12 361
13 42 715
42 13 715
13 49 463
49 13 463
13 15 965
15 13 965
13 48 678
48 13 678
13 38 58
38 13 58
13 24 38
24 13 38
13 20 30
20 13 30
13 20 995
20 13 995
13 30 511
30 13 511
14 38 829
38 14 829
14 45 945
45 14 945
14 35 72
35 14 72
14 43 966
43 14 966
14 48 434
48 14 434
14 34 705
34 14 705
14 26 346
26 14 346
14 38 323
38 14 323
15 18 702
18 15 702
15 22 751
22 15 751
15 16 440
16 15 440
15 29 20
29 15 20
16 20 585
20 16 585
16 24 809
24 16 809
16 25 978
25 16 978
16 20 769
20 16 769
16 47 602
47 16 602
16 28 362
28 16 362
16 27 564
27 16 564
16 34 116
34 16 116
16 37 272
37 16 272
16 31 160
31 16 160
16 30 799
30 16 799
16 38 468
38 16 468
16 40 423
40 16 423
16 47 678
47 16 678
17 47 237
47 17 237
17 48 340
48 17 340
17 42 526
42 17 526
17 39 666
39 17 666
17 38 651
38 17 651
17 39 266
39 17 266
17 48 751
48 17 751
18 47 810
47 18 810
18 50 254
50 18 254
18 23 632
23 18 632
18 38 44
38 18 44
18 46 360
46 18 360
18 34 588
34 18 588
18 29 859
29 18 859
19 27 301
27 19 301
19 34 14
34 19 14
19 50 822
50 19 822
19 43 466
43 19 466
19 39 352
39 19 352
20 28 765
28 20 765
20 34 812
34 20 812
20 46 170
46 20 170
20 48 213
48 20 213
21 49 668
49 21 668
21 34 881
34 21 881
21 22 695
22 21 695
21 49 148
49 21 148
22 28 838
28 22 838
22 48 427
48 22 427
22 33 174
33 22 174
22 22 882
22 22 882
22 46 497
46 22 497
23 26 473
26 23 473
23 42 931
42 23 931
23 32 462
32 23 462
23 28 451
28 23 451
24 28 197
28 24 197
24 45 388
45 24 388
24 29 543
29 24 543
24 45 83
45 24 83
24 50 371
50 24 371
24 25 499
25 24 499
25 37 721
37 25 721
25 33 3
33 25 3
25 28 944
28 25 944
26 31 117
31 26 117
26 46 435
46 26 435
26 41 413
41 26 413
26 28 874
28 26 874
27 41 739
41 27 739
27 33 924
33 27 924
27 48 70
48 27 70
27 38 935
38 27 935
28 48 483
48 28 483
28 41 403
41 28 403
28 48 913
48 28 913
28 39 162
39 28 162
28 32 593
32 28 593
28 44 334
44 28 334
29 30 721
30 29 721
29 48 433
48 29 433
29 39 318
39 29 318
29 50 419
50 29 419
30 36 767
36 30 767
30 34 808
34 30 808
30 48 590
48 30 590
31 47 853
47 31 853
31 36 887
36 31 887
32 36 996
36 32 996
32 38 949
38 32 949
32 36 85
36 32 85
32 38 30
38 32 30
32 45 45
45 32 45
33 43 693
43 33 693
33 41 858
41 33 858
33 38 439
38 33 439
33 38 544
38 33 544
34 41 99
41 34 99
34 39 815
39 34 815
35 37 110
37 35 110
35 48 759
48 35 759
36 45 534
45 36 534
37 41 338
41 37 338
38 38 686
38 38 686
39 46 424
46 39 424
40 46 754
46 40 754
41 43 648
43 41 648
41 49 401
49 41 401
41 46 630
46 41 630
42 50 935
50 42 935
42 44 247
44 42 247
44 48 536
48 44 536
44 47 762
47 44 762
47 50 438
50 47 438
