66

0 1 933
1 0 933
0 6 979
6 0 979
0 29 537
29 0 537
0 37 274
37 0 274
0 19 542
19 0 542
1 2 797
2 1 797
1 3 363
3 1 363
1 40 493
40 1 493
2 4 519
4 2 519
2 7 413
7 2 413
2 11 942
11 2 942
2 28 511
28 2 511
2 57 285
57 2 285
3 14 216
14 3 216
3 35 758
35 3 758
3 53 636
53 3 636
4 5 791
5 4 791
5 10 754
10 5 754
5 13 648
13 5 648
5 26 5
26 5 5
5 38 823
38 5 823
6 32 355
32 6 355
7 8 166
8 7 166
7 16 651
16 7 651
7 23 748
23 7 748
8 9 667
9 8 667
8 15 516
15 8 516
8 24 639
24 8 639
8 61 909
61 8 909
9 43 901
43 9 901
10 12 348
12 10 348
11 29 745
29 11 745
12 20 994
20 12 994
12 34 986
34 12 986
13 32 257
32 13 257
14 30 539
30 14 539
14 36 236
36 14 236
14 45 421
45 14 421
14 49 363
49 14 363
15 17 124
17 15 124
15 18 402
18 15 402
16 19 998
19 16 998
16 22 50
22 16 50
16 44 607
44 16 607
18 46 499
46 18 499
18 59 897
59 18 897
19 20 282
20 19 282
20 21 334
21 20 334
20 27 395
27 20 395
20 41 916
41 20 916
21 40 327
40 21 327
21 64 948
64 21 948
21 34 334
34 21 334
24 25 175
25 24 175
24 33 676
33 24 676
24 53 980
53 24 980
24 26 778
26 24 778
26 51 679
51 26 679
30 31 313
31 30 313
31 39 163
39 31 163
31 54 59
54 31 59
33 56 348
56 33 348
34 38 549
38 34 549
34 60 918
60 34 918
37 58 852
58 37 852
40 50 867
50 40 867
40 65 391
65 40 391
41 42 338
42 41 338
41 62 435
62 41 435
41 62 821
62 41 821
44 47 48
47 44 48
45 52 90
52 45 90
46 48 174
48 46 174
48 52 687
52 48 687
51 63 177
63 51 177
53 64 889
64 53 889
54 55 449
55 54 449
58 61 836
61 58 836
