84

0 1 777
1 0 777
0 2 646
2 0 646
0 15 361
15 0 361
0 19 497
19 0 497
0 59 739
59 0 739
0 37 625
37 0 625
0 59 790
59 0 790
0 5 368
5 0 368
0 29 348
29 0 348
1 3 475
3 1 475
1 7 858
7 1 858
1 14 458
14 1 458
1 60 246
60 1 246
1 20 321
20 1 321
1 53 882
53 1 882
1 50 590
50 1 590
2 4 505
4 2 505
2 19 535
19 2 535
2 29 221
29 2 221
2 46 449
46 2 449
2 67 652
67 2 652
2 30 803
30 2 803
2 64 119
64 2 119
2 43 507
43 2 507
2 13 956
13 2 956
2 26 64
26 2 64
2 77 129
77 2 129
3 5 682
5 3 682
3 64 820
64 3 820
3 39 294
39 3 294
3 31 624
31 3 624
3 74 978
74 3 978
3 22 106
22 3 106
3 42 296
42 3 296
4 16 546
16 4 546
4 18 343
18 4 343
4 21 455
21 4 455
4 41 946
41 4 946
4 40 394
40 4 394
4 27 245
27 4 245
4 20 112
20 4 112
4 25 222
25 4 222
4 71 61
71 4 61
4 48 43
48 4 43
4 80 135
80 4 135
4 34 408
34 4 408
5 6 107
6 5 107
5 49 409
49 5 409
5 41 956
41 5 956
5 44 974
44 5 974
5 24 112
24 5 112
5 53 810
53 5 810
5 73 672
73 5 672
5 13 555
13 5 555
5 65 755
65 5 755
5 36 49
36 5 49
5 35 658
35 5 658
6 8 807
8 6 807
6 9 65
9 6 65
6 80 593
80 6 593
6 25 736
25 6 736
6 64 948
64 6 948
6 21 636
21 6 636
6 17 652
17 6 652
6 50 817
50 6 817
7 17 283
17 7 283
7 34 394
34 7 394
7 51 142
51 7 142
7 80 663
80 7 663
7 69 100
69 7 100
7 51 44
51 7 44
7 13 196
13 7 196
8 56 632
56 8 632
8 61 24
61 8 24
8 38 123
38 8 123
8 72 164
72 8 164
9 10 55
10 9 55
9 26 99
26 9 99
9 27 800
27 9 800
9 83 524
83 9 524
9 59 385
59 9 385
9 28 269
28 9 269
9 52 946
52 9 946
9 69 676
69 9 676
9 23 898
23 9 898
10 11 880
11 10 880
10 32 706
32 10 706
10 38 973
38 10 973
10 43 1
43 10 1
10 65 968
65 10 968
10 82 82
82 10 82
10 33 242
33 10 242
10 59 965
59 10 965
10 24 846
24 10 846
10 12 441
12 10 441
11 12 808
12 11 808
11 33 56
33 11 56
11 45 691
45 11 691
11 43 350
43 11 350
11 48 57
48 11 57
11 50 362
50 11 362
12 13 750
13 12 750
12 25 460
25 12 460
12 66 115
66 12 115
12 74 694
74 12 694
12 82 466
82 12 466
12 17 858
17 12 858
13 22 589
22 13 589
13 50 257
50 13 257
13 65 352
65 13 352
13 69 287
69 13 287
13 19 237
19 13 237
13 58 93
58 13 93
13 33 985
33 13 985
13 34 837
34 13 837
14 24 876
24 14 876
14 71 492
71 14 492
14 66 582
66 14 582
14 54 75
54 14 75
14 20 63
20 14 63
15 40 529
40 15 529
15 63 931
63 15 931
15 32 383
32 15 383
15 75 351
75 15 351
15 41 924
41 15 924
15 21 973
21 15 973
16 59 261
59 16 261
17 20 890
20 17 890
17 81 596
81 17 596
17 69 980
69 17 980
17 24 351
24 17 351
17 61 489
61 17 489
18 35 165
35 18 165
18 77 368
77 18 368
18 38 24
38 18 24
18 38 878
38 18 878
18 43 962
43 18 962
18 23 353
23 18 353
18 73 468
73 18 468
19 30 581
30 19 581
19 60 720
60 19 720
20 73 471
73 20 471
20 67 221
67 20 221
21 31 272
31 21 272
21 62 340
62 21 340
21 81 869
81 21 869
22 23 424
23 22 424
22 37 731
37 22 731
22 55 641
55 22 641
22 56 629
56 22 629
22 50 650
50 22 650
22 52 339
52 22 339
22 49 694
49 22 694
22 56 769
56 22 769
23 59 4
59 23 4
24 47 912
47 24 912
24 27 464
27 24 464
24 44 848
44 24 848
24 37 619
37 24 619
24 44 942
44 24 942
25 81 753
81 25 753
25 41 35
41 25 35
25 27 216
27 25 216
26 28 153
28 26 153
26 75 652
75 26 652
26 49 602
49 26 602
26 39 948
39 26 948
27 63 998
63 27 998
27 46 525
46 27 525
27 30 48
30 27 48
27 31 279
31 27 279
28 36 564
36 28 564
28 67 826
67 28 826
28 81 543
81 28 543
28 79 273
79 28 273
28 51 398
51 28 398
29 63 866
63 29 866
29 71 294
71 29 294
29 69 926
69 29 926
29 32 282
32 29 282
30 59 409
59 30 409
30 81 582
81 30 582
30 82 291
82 30 291
30 47 233
47 30 233
31 82 95
82 31 95
31 51 984
51 31 984
32 53 703
53 32 703
32 54 954
54 32 954
32 48 63
48 32 63
32 75 860
75 32 860
32 61 806
61 32 806
33 39 975
39 33 975
33 44 658
44 33 658
33 49 4
49 33 4
33 79 796
79 33 796
33 54 284
54 33 284
33 49 822
49 33 822
33 72 140
72 33 140
34 69 901
69 34 901
34 72 95
72 34 95
35 42 782
42 35 782
35 74 987
74 35 987
35 56 623
56 35 623
36 76 799
76 36 799
36 78 636
78 36 636
36 65 157
65 36 157
36 57 647
57 36 647
37 44 287
44 37 287
37 46 731
46 37 731
37 39 123
39 37 123
37 54 340
54 37 340
37 72 698
72 37 698
37 47 767
47 37 767
37 51 315
51 37 315
37 56 902
56 37 902
37 43 280
43 37 280
38 77 597
77 38 597
38 77 501
77 38 501
38 53 583
53 38 583
38 72 48
72 38 48
40 48 245
48 40 245
40 57 467
57 40 467
40 82 400
82 40 400
41 70 307
70 41 307
41 50 866
50 41 866
41 61 131
61 41 131
41 72 82
72 41 82
41 70 958
70 41 958
42 72 351
72 42 351
42 67 594
67 42 594
42 76 634
76 42 634
43 46 323
46 43 323
43 69 824
69 43 824
43 57 395
57 43 395
44 74 905
74 44 905
44 62 718
62 44 718
44 55 770
55 44 770
45 66 711
66 45 711
45 47 739
47 45 739
45 79 827
79 45 827
46 49 641
49 46 641
47 52 712
52 47 712
47 79 573
79 47 573
47 75 57
75 47 57
47 70 575
70 47 575
48 58 20
58 48 20
48 63 260
63 48 260
49 74 340
74 49 340
50 69 471
69 50 471
50 54 364
54 50 364
50 79 466
79 50 466
51 65 95
65 51 95
51 57 595
57 51 595
52 62 431
62 52 431
53 61 15
61 53 15
53 65 789
65 53 789
54 68 838
68 54 838
54 81 957
81 54 957
55 72 625
72 55 625
55 66 652
66 55 652
56 57 196
57 56 196
57 71 736
71 57 736
57 65 916
65 57 916
57 70 623
70 57 623
58 78 588
78 58 588
59 62 501
62 59 501
60 64 311
64 60 311
60 62 1
62 60 1
60 82 825
82 60 825
62 78 158
78 62 158
63 66 911
66 63 911
65 79 462
79 65 462
66 73 49
73 66 49
66 70 849
70 66 849
67 71 474
71 67 474
70 74 635
74 70 635
71 79 986
79 71 986
71 73 496
73 71 496
71 76 367
76 71 367
73 75 381
75 73 381
74 81 175
81 74 175
76 83 298
83 76 298
78 82 174
82 78 174
