73

0 1 83
1 0 83
0 34 546
34 0 546
0 53 748
53 0 748
0 62 479
62 0 479
0 13 636
13 0 636
0 24 509
24 0 509
0 34 88
34 0 88
0 10 502
10 0 502
1 2 52
2 1 52
1 7 90
7 1 90
1 8 349
8 1 349
1 64 138
64 1 138
1 25 982
25 1 982
1 64 399
64 1 399
2 3 406
3 2 406
2 4 446
4 2 446
2 5 299
5 2 299
2 11 6
11 2 6
2 27 763
27 2 763
2 46 336
46 2 336
2 61 931
61 2 931
2 24 977
24 2 977
2 36 570
36 2 570
2 59 620
59 2 620
2 71 158
71 2 158
3 24 646
24 3 646
3 25 323
25 3 323
3 13 631
13 3 631
3 59 897
59 3 897
3 39 183
39 3 183
4 10 447
10 4 447
4 51 109
51 4 109
4 48 246
48 4 246
4 70 39
70 4 39
5 6 244
6 5 244
5 9 911
9 5 911
5 13 690
13 5 690
5 31 274
31 5 274
5 17 156
17 5 156
5 51 709
51 5 709
5 68 560
68 5 560
6 15 237
15 6 237
6 17 467
17 6 467
6 40 157
40 6 157
6 47 525
47 6 525
6 14 656
14 6 656
6 37 203
37 6 203
6 20 935
20 6 935
6 32 891
32 6 891
6 65 315
65 6 315
6 50 98
50 6 98
7 13 536
13 7 536
7 19 198
19 7 198
7 11 211
11 7 211
7 69 571
69 7 571
7 13 346
13 7 346
8 16 774
16 8 774
8 26 267
26 8 267
8 28 702
28 8 702
8 30 804
30 8 804
8 58 470
58 8 470
9 12 910
12 9 910
9 14 438
14 9 438
9 32 368
32 9 368
9 55 43
55 9 43
9 54 788
54 9 788
9 46 312
46 9 312
9 36 107
36 9 107
9 22 654
22 9 654
10 19 197
19 10 197
10 33 46
33 10 46
10 42 42
42 10 42
10 42 561
42 10 561
10 10 544
10 10 544
10 17 289
17 10 289
10 20 994
20 10 994
11 59 46
59 11 46
11 63 109
63 11 109
12 29 544
29 12 544
12 37 718
37 12 718
12 42 363
42 12 363
12 48 882
48 12 882
12 45 67
45 12 67
12 24 728
24 12 728
12 63 750
63 12 750
12 68 94
68 12 94
12 63 364
63 12 364
13 68 784
68 13 784
13 55 597
55 13 597
13 71 616
71 13 616
13 40 99
40 13 99
14 21 864
21 14 864
14 41 710
41 14 710
14 63 658
63 14 658
14 17 828
17 14 828
15 22 817
22 15 817
15 54 973
54 15 973
15 19 965
19 15 965
15 37 200
37 15 200
15 72 65
72 15 65
15 56 12
56 15 12
15 62 851
62 15 851
16 66 487
66 16 487
16 55 183
55 16 183
16 52 608
52 16 608
17 18 769
18 17 769
17 63 586
63 17 586
17 60 547
60 17 547
17 63 130
63 17 130
18 61 266
61 18 266
18 60 742
60 18 742
18 26 42
26 18 42
18 31 748
31 18 748
18 50 738
50 18 738
19 20 387
20 19 387
19 45 14
45 19 14
19 32 301
32 19 301
20 23 630
23 20 630
20 38 72
38 20 72
20 39 691
39 20 691
20 72 244
72 20 244
20 22 592
22 20 592
20 40 63
40 20 63
20 35 751
35 20 751
20 24 335
24 20 335
21 48 43
48 21 43
21 64 89
64 21 89
21 38 731
38 21 731
22 43 213
43 22 213
22 57 304
57 22 304
22 60 288
60 22 288
22 70 381
70 22 381
22 32 747
32 22 747
23 49 620
49 23 620
23 60 297
60 23 297
23 70 478
70 23 478
23 41 544
41 23 544
23 55 767
55 23 767
23 59 34
59 23 34
24 35 310
35 24 310
24 67 575
67 24 575
24 71 630
71 24 630
24 68 353
68 24 353
25 36 710
36 25 710
25 26 817
26 25 817
25 61 29
61 25 29
25 42 454
42 25 454
26 27 766
27 26 766
26 50 567
50 26 567
27 56 703
56 27 703
27 59 618
59 27 618
27 33 175
33 27 175
28 65 34
65 28 34
28 50 987
50 28 987
28 63 514
63 28 514
28 72 308
72 28 308
28 30 478
30 28 478
29 63 32
63 29 32
29 48 95
48 29 95
30 50 847
50 30 847
30 69 695
69 30 695
31 58 242
58 31 242
31 67 216
67 31 216
31 34 495
34 31 495
32 44 256
44 32 256
32 48 590
48 32 590
32 63 533
63 32 533
32 65 664
65 32 664
33 71 43
71 33 43
33 48 529
48 33 529
33 69 850
69 33 850
33 56 883
56 33 883
35 39 258
39 35 258
35 40 567
40 35 567
35 51 166
51 35 166
36 64 920
64 36 920
36 49 293
49 36 293
36 47 868
47 36 868
36 40 584
40 36 584
37 52 231
52 37 231
37 68 665
68 37 665
38 40 59
40 38 59
38 56 609
56 38 609
39 48 663
48 39 663
39 72 932
72 39 932
40 42 853
42 40 853
41 61 572
61 41 572
41 49 210
49 41 210
41 58 824
58 41 824
42 69 747
69 42 747
44 72 504
72 44 504
44 51 365
51 44 365
44 51 548
51 44 548
45 51 591
51 45 591
45 69 62
69 45 62
45 58 690
58 45 690
45 65 9
65 45 9
46 68 23
68 46 23
46 69 357
69 46 357
46 51 421
51 46 421
46 62 494
62 46 494
46 68 103
68 46 103
48 67 16
67 48 16
48 61 634
61 48 634
48 62 529
62 48 529
48 64 486
64 48 486
48 69 989
69 48 989
49 59 24
59 49 24
50 54 405
54 50 405
51 62 224
62 51 224
51 51 195
51 51 195
52 58 842
58 52 842
52 55 207
55 52 207
52 61 149
61 52 149
54 57 8
57 54 8
55 72 95
72 55 95
56 72 519
72 56 519
57 61 310
61 57 310
58 65 715
65 58 715
59 65 418
65 59 418
59 66 79
66 59 79
60 69 126
69 60 126
60 60 93
60 60 93
67 70 26
70 67 26
69 72 86
72 69 86
