80

0 1 195
1 0 195
0 2 862
2 0 862
0 3 232
3 0 232
0 5 974
5 0 974
0 11 440
11 0 440
2 4 575
4 2 575
2 7 879
7 2 879
2 10 386
10 2 386
2 15 600
15 2 600
2 50 327
50 2 327
3 6 880
6 3 880
5 17 78
17 5 78
5 27 31
27 5 31
5 30 599
30 5 599
5 76 35
76 5 35
6 9 364
9 6 364
6 22 42
22 6 42
6 25 833
25 6 833
7 8 883
8 7 883
7 12 861
12 7 861
8 19 589
19 8 589
8 23 391
23 8 391
8 40 678
40 8 678
8 42 24
42 8 24
9 13 393
13 9 393
9 14 736
14 9 736
9 16 522
16 9 522
9 18 40
18 9 40
9 75 452
75 9 452
11 45 812
45 11 812
12 26 238
26 12 238
12 34 121
34 12 121
12 49 662
49 12 662
12 51 288
51 12 288
13 32 902
32 13 902
13 73 881
73 13 881
14 43 770
43 14 770
14 56 171
56 14 171
14 58 818
58 14 818
16 20 361
20 16 361
16 57 120
57 16 120
17 21 927
21 17 927
18 38 630
38 18 630
19 55 782
55 19 782
20 24 4
24 20 4
20 66 965
66 20 965
22 28 529
28 22 529
22 41 104
41 22 104
23 31 397
31 23 397
23 36 658
36 23 658
23 54 843
54 23 843
24 33 673
33 24 673
24 37 185
37 24 185
24 71 494
71 24 494
25 35 166
35 25 166
26 29 736
29 26 736
27 65 955
65 27 955
28 63 464
63 28 464
30 39 432
39 30 432
30 78 590
78 30 590
32 77 606
77 32 606
33 52 988
52 33 988
34 55 901
55 34 901
35 46 660
46 35 660
35 74 102
74 35 102
36 47 861
47 36 861
36 48 957
48 36 957
37 59 306
59 37 306
39 44 655
44 39 655
40 70 361
70 40 361
41 64 718
64 41 718
42 79 698
79 42 698
45 53 987
53 45 987
46 62 941
62 46 941
55 61 675
61 55 675
57 60 888
60 57 888
59 67 659
67 59 659
60 68 558
68 60 558
61 74 243
74 61 243
68 69 3
69 68 3
68 72 429
72 68 429
