95

0 1 808
1 0 808
0 2 93
2 0 93
0 4 575
4 0 575
0 8 402
8 0 402
0 24 597
24 0 597
0 27 130
27 0 130
0 29 996
29 0 996
0 73 58
73 0 58
0 55 139
55 0 139
0 26 94
26 0 94
0 74 224
74 0 224
0 92 996
92 0 996
0 16 866
16 0 866
0 58 590
58 0 590
0 75 398
75 0 398
0 32 237
32 0 237
0 69 83
69 0 83
0 6 813
6 0 813
0 21 395
21 0 395
0 88 660
88 0 660
1 11 105
11 1 105
1 31 72
31 1 72
1 88 613
88 1 613
1 43 760
43 1 760
1 39 607
39 1 607
1 69 368
69 1 368
1 62 135
62 1 135
1 82 137
82 1 137
1 31 507
31 1 507
1 37 326
37 1 326
1 35 99
35 1 99
1 44 179
44 1 179
2 3 82
3 2 82
2 6 911
6 2 911
2 15 260
15 2 260
2 16 514
16 2 514
2 23 130
23 2 130
2 70 639
70 2 639
2 59 211
59 2 211
2 21 949
21 2 949
2 91 42
91 2 42
2 58 657
58 2 657
2 45 206
45 2 206
2 66 6
66 2 6
2 23 486
23 2 486
2 6 715
6 2 715
3 5 691
5 3 691
3 53 832
53 3 832
3 54 534
54 3 534
3 31 931
31 3 931
3 93 982
93 3 982
3 76 527
76 3 527
3 86 623
86 3 623
3 30 6
30 3 6
3 15 403
15 3 403
3 46 679
46 3 679
3 51 542
51 3 542
3 82 496
82 3 496
3 32 750
32 3 750
3 44 331
44 3 331
3 3 653
3 3 653
4 7 298
7 4 298
4 84 492
84 4 492
4 46 833
46 4 833
4 91 18
91 4 18
4 14 278
14 4 278
4 53 613
53 4 613
4 52 782
52 4 782
4 29 927
29 4 927
4 19 79
19 4 79
4 92 772
92 4 772
4 54 107
54 4 107
5 9 444
9 5 444
5 25 285
25 5 285
5 35 17
35 5 17
5 69 521
69 5 521
5 76 905
76 5 905
5 76 882
76 5 882
5 84 134
84 5 134
5 7 378
7 5 378
5 34 58
34 5 58
5 11 963
11 5 963
5 62 421
62 5 421
5 68 186
68 5 186
5 60 58
60 5 58
5 84 192
84 5 192
6 30 769
30 6 769
6 37 865
37 6 865
6 42 265
42 6 265
6 59 27
59 6 27
6 48 18
48 6 18
6 25 584
25 6 584
6 55 905
55 6 905
6 81 233
81 6 233
6 25 714
25 6 714
6 84 689
84 6 689
6 67 107
67 6 107
6 52 752
52 6 752
6 35 511
35 6 511
6 65 844
65 6 844
6 15 548
15 6 548
6 63 217
63 6 217
6 67 976
67 6 976
7 20 8
20 7 8
7 33 747
33 7 747
7 8 595
8 7 595
7 72 690
72 7 690
7 74 859
74 7 859
7 76 960
76 7 960
7 62 263
62 7 263
8 12 281
12 8 281
8 14 917
14 8 917
8 36 266
36 8 266
8 66 337
66 8 337
8 21 239
21 8 239
8 12 337
12 8 337
8 24 13
24 8 13
8 22 916
22 8 916
8 43 563
43 8 563
8 22 515
22 8 515
8 59 810
59 8 810
8 50 168
50 8 168
8 80 107
80 8 107
9 10 383
10 9 383
9 13 611
13 9 611
9 66 517
66 9 517
9 75 753
75 9 753
9 81 426
81 9 426
9 54 453
54 9 453
9 55 391
55 9 391
9 33 771
33 9 771
9 52 327
52 9 327
9 46 41
46 9 41
9 88 84
88 9 84
9 22 467
22 9 467
9 28 635
28 9 635
9 20 598
20 9 598
9 51 377
51 9 377
9 75 33
75 9 33
10 22 258
22 10 258
10 34 568
34 10 568
10 49 916
49 10 916
10 64 756
64 10 756
10 86 160
86 10 160
10 41 492
41 10 492
10 16 228
16 10 228
10 58 460
58 10 460
10 36 680
36 10 680
11 39 129
39 11 129
11 50 982
50 11 982
11 85 623
85 11 623
11 33 49
33 11 49
11 85 984
85 11 984
11 80 246
80 11 246
11 40 347
40 11 347
11 62 823
62 11 823
11 66 169
66 11 169
12 43 850
43 12 850
12 48 769
48 12 769
12 69 592
69 12 592
12 31 790
31 12 790
12 63 133
63 12 133
12 69 882
69 12 882
12 54 454
54 12 454
12 21 952
21 12 952
12 81 348
81 12 348
12 72 269
72 12 269
13 19 443
19 13 443
13 36 564
36 13 564
13 16 383
16 13 383
13 47 672
47 13 672
13 41 618
41 13 618
13 34 920
34 13 920
13 59 464
59 13 464
13 59 810
59 13 810
13 46 510
46 13 510
13 81 345
81 13 345
13 75 545
75 13 545
14 17 937
17 14 937
14 28 815
28 14 815
14 65 678
65 14 678
14 24 192
24 14 192
14 35 914
35 14 914
14 87 732
87 14 732
14 54 354
54 14 354
14 84 195
84 14 195
14 27 563
27 14 563
14 90 793
90 14 793
14 92 308
92 14 308
15 52 396
52 15 396
15 87 810
87 15 810
15 76 683
76 15 683
15 80 261
80 15 261
15 64 29
64 15 29
15 57 88
57 15 88
15 26 335
26 15 335
15 93 172
93 15 172
15 58 420
58 15 420
16 18 414
18 16 414
16 55 120
55 16 120
16 19 658
19 16 658
16 51 909
51 16 909
16 48 83
48 16 83
16 94 285
94 16 285
16 90 479
90 16 479
16 90 423
90 16 423
17 21 526
21 17 526
17 44 727
44 17 727
17 74 515
74 17 515
17 65 298
65 17 298
17 63 69
63 17 69
17 31 682
31 17 682
17 71 540
71 17 540
17 69 461
69 17 461
17 92 717
92 17 717
18 71 309
71 18 309
18 78 294
78 18 294
18 44 789
44 18 789
18 58 898
58 18 898
18 39 78
39 18 78
18 20 52
20 18 52
18 80 737
80 18 737
18 68 555
68 18 555
18 92 227
92 18 227
18 55 782
55 18 782
19 41 962
41 19 962
19 20 179
20 19 179
19 58 603
58 19 603
19 44 709
44 19 709
19 44 176
44 19 176
19 37 376
37 19 376
19 94 152
94 19 152
19 23 476
23 19 476
20 75 478
75 20 478
20 45 643
45 20 643
20 46 192
46 20 192
20 77 604
77 20 604
20 42 113
42 20 113
20 88 40
88 20 40
20 77 623
77 20 623
20 76 676
76 20 676
21 34 556
34 21 556
21 61 247
61 21 247
21 68 278
68 21 278
21 58 232
58 21 232
21 79 493
79 21 493
21 83 251
83 21 251
21 73 527
73 21 527
21 70 366
70 21 366
22 60 67
60 22 67
22 29 55
29 22 55
22 27 678
27 22 678
22 70 272
70 22 272
22 35 224
35 22 224
22 34 617
34 22 617
22 26 312
26 22 312
23 63 90
63 23 90
23 48 406
48 23 406
23 32 125
32 23 125
23 39 696
39 23 696
23 76 919
76 23 919
23 90 798
90 23 798
23 84 572
84 23 572
23 76 885
76 23 885
24 40 383
40 24 383
24 94 461
94 24 461
24 61 906
61 24 906
24 67 470
67 24 470
24 55 710
55 24 710
24 46 930
46 24 930
24 70 702
70 24 702
25 26 599
26 25 599
25 77 378
77 25 378
25 71 73
71 25 73
25 82 271
82 25 271
25 42 730
42 25 730
25 54 278
54 25 278
25 78 893
78 25 893
25 45 386
45 25 386
25 33 788
33 25 788
25 68 485
68 25 485
26 45 525
45 26 525
26 83 958
83 26 958
26 70 84
70 26 84
26 88 398
88 26 398
26 57 113
57 26 113
26 88 892
88 26 892
26 68 207
68 26 207
26 90 905
90 26 905
26 30 731
30 26 731
26 59 670
59 26 670
27 56 706
56 27 706
27 57 38
57 27 38
27 64 909
64 27 909
27 56 9
56 27 9
27 45 247
45 27 247
27 29 377
29 27 377
27 76 302
76 27 302
27 29 781
29 27 781
27 28 233
28 27 233
27 89 365
89 27 365
27 42 411
42 27 411
27 68 121
68 27 121
28 38 717
38 28 717
28 68 464
68 28 464
28 31 955
31 28 955
28 68 888
68 28 888
28 52 729
52 28 729
28 88 219
88 28 219
28 71 938
71 28 938
28 81 20
81 28 20
29 62 236
62 29 236
29 81 611
81 29 611
29 91 166
91 29 166
29 88 438
88 29 438
29 88 336
88 29 336
29 53 385
53 29 385
29 49 674
49 29 674
30 47 286
47 30 286
30 90 515
90 30 515
30 54 705
54 30 705
30 57 166
57 30 166
30 62 787
62 30 787
30 42 632
42 30 632
30 46 152
46 30 152
30 62 136
62 30 136
31 32 467
32 31 467
31 72 725
72 31 725
31 87 606
87 31 606
31 59 902
59 31 902
31 58 500
58 31 500
31 65 834
65 31 834
31 54 537
54 31 537
31 33 237
33 31 237
32 48 703
48 32 703
32 77 442
77 32 442
32 39 431
39 32 431
32 38 620
38 32 620
32 36 885
36 32 885
32 51 735
51 32 735
33 86 875
86 33 875
33 50 135
50 33 135
33 43 79
43 33 79
33 55 107
55 33 107
33 34 454
34 33 454
34 46 387
46 34 387
34 85 832
85 34 832
34 88 13
88 34 13
34 52 395
52 34 395
35 85 695
85 35 695
35 37 941
37 35 941
35 53 171
53 35 171
35 44 334
44 35 334
36 60 947
60 36 947
36 85 465
85 36 465
36 46 307
46 36 307
36 89 307
89 36 307
36 55 276
55 36 276
36 90 17
90 36 17
36 47 531
47 36 531
36 67 438
67 36 438
37 74 541
74 37 541
37 68 718
68 37 718
37 94 682
94 37 682
37 78 555
78 37 555
37 76 948
76 37 948
37 82 327
82 37 327
37 73 866
73 37 866
37 56 890
56 37 890
37 51 169
51 37 169
38 56 727
56 38 727
38 81 831
81 38 831
38 47 43
47 38 43
38 76 960
76 38 960
38 76 968
76 38 968
38 78 620
78 38 620
39 51 644
51 39 644
39 60 725
60 39 725
39 71 463
71 39 463
39 60 945
60 39 945
39 76 717
76 39 717
39 78 541
78 39 541
39 89 763
89 39 763
39 83 743
83 39 743
39 65 877
65 39 877
40 46 583
46 40 583
40 91 884
91 40 884
40 88 126
88 40 126
40 67 564
67 40 564
41 80 351
80 41 351
41 82 749
82 41 749
41 65 699
65 41 699
41 92 992
92 41 992
42 46 97
46 42 97
42 77 973
77 42 973
42 92 788
92 42 788
42 62 769
62 42 769
42 65 450
65 42 450
43 61 645
61 43 645
43 80 609
80 43 609
43 56 323
56 43 323
43 54 699
54 43 699
43 46 519
46 43 519
43 83 911
83 43 911
43 88 419
88 43 419
43 65 534
65 43 534
44 79 796
79 44 796
44 77 975
77 44 975
44 48 856
48 44 856
44 74 630
74 44 630
44 91 62
91 44 62
45 76 295
76 45 295
45 48 16
48 45 16
45 54 987
54 45 987
45 75 42
75 45 42
45 54 769
54 45 769
45 59 570
59 45 570
45 55 295
55 45 295
46 70 539
70 46 539
46 88 67
88 46 67
46 90 414
90 46 414
47 67 61
67 47 61
47 89 703
89 47 703
47 81 457
81 47 457
47 78 688
78 47 688
47 92 194
92 47 194
47 62 582
62 47 582
47 53 493
53 47 493
48 51 712
51 48 712
48 51 832
51 48 832
48 58 942
58 48 942
48 53 564
53 48 564
48 77 201
77 48 201
49 86 721
86 49 721
49 94 578
94 49 578
49 61 665
61 49 665
49 62 940
62 49 940
49 82 847
82 49 847
50 76 407
76 50 407
51 85 274
85 51 274
51 59 236
59 51 236
51 92 506
92 51 506
51 52 373
52 51 373
52 58 662
58 52 662
52 73 732
73 52 732
52 52 222
52 52 222
53 82 408
82 53 408
53 80 885
80 53 885
54 74 634
74 54 634
54 55 318
55 54 318
55 82 570
82 55 570
55 82 71
82 55 71
56 92 450
92 56 450
56 61 791
61 56 791
56 77 550
77 56 550
56 92 685
92 56 685
57 79 237
79 57 237
57 82 263
82 57 263
57 75 644
75 57 644
57 79 429
79 57 429
58 75 296
75 58 296
58 87 945
87 58 945
58 86 239
86 58 239
59 67 242
67 59 242
59 69 291
69 59 291
59 67 390
67 59 390
59 74 399
74 59 399
60 82 782
82 60 782
60 91 395
91 60 395
60 92 243
92 60 243
60 72 759
72 60 759
60 75 386
75 60 386
60 73 777
73 60 777
60 89 630
89 60 630
61 77 369
77 61 369
61 78 32
78 61 32
61 70 217
70 61 217
61 87 845
87 61 845
61 92 897
92 61 897
62 94 974
94 62 974
62 90 643
90 62 643
63 89 626
89 63 626
63 85 15
85 63 15
63 79 390
79 63 390
63 88 447
88 63 447
64 74 486
74 64 486
64 80 20
80 64 20
64 77 840
77 64 840
64 66 907
66 64 907
65 77 95
77 65 95
66 86 608
86 66 608
66 84 969
84 66 969
66 86 237
86 66 237
66 90 139
90 66 139
67 87 963
87 67 963
67 81 557
81 67 557
68 87 400
87 68 400
68 88 656
88 68 656
68 75 740
75 68 740
68 86 543
86 68 543
69 70 759
70 69 759
69 78 888
78 69 888
69 79 389
79 69 389
71 93 994
93 71 994
71 77 571
77 71 571
72 90 708
90 72 708
73 78 55
78 73 55
73 75 28
75 73 28
74 94 204
94 74 204
75 93 346
93 75 346
75 81 149
81 75 149
75 90 232
90 75 232
75 80 500
80 75 500
76 81 358
81 76 358
77 89 731
89 77 731
77 83 342
83 77 342
78 92 513
92 78 513
78 79 440
79 78 440
78 83 847
83 78 847
79 79 280
79 79 280
79 92 425
92 79 425
79 83 306
83 79 306
79 83 299
83 79 299
80 92 73
92 80 73
80 90 539
90 80 539
80 82 15
82 80 15
82 84 978
84 82 978
82 93 460
93 82 460
83 91 869
91 83 869
85 89 148
89 85 148
87 89 334
89 87 334
88 89 390
89 88 390
88 91 161
91 88 161
90 94 759
94 90 759
91 93 35
93 91 35
