89

0 1 367
1 0 367
0 2 682
2 0 682
0 8 28
8 0 28
0 11 99
11 0 99
0 15 136
15 0 136
0 22 560
22 0 560
0 23 89
23 0 89
0 43 420
43 0 420
0 64 535
64 0 535
0 18 542
18 0 542
0 37 303
37 0 303
0 71 96
71 0 96
0 1 434
1 0 434
0 13 632
13 0 632
0 49 264
49 0 264
0 27 11
27 0 11
1 3 416
3 1 416
1 5 516
5 1 516
1 12 585
12 1 585
1 58 640
58 1 640
1 74 211
74 1 211
1 88 703
88 1 703
1 73 994
73 1 994
1 62 2
62 1 2
1 68 151
68 1 151
1 43 949
43 1 949
1 35 493
35 1 493
1 44 490
44 1 490
1 16 151
16 1 151
2 9 479
9 2 479
2 17 415
17 2 415
2 28 558
28 2 558
2 47 191
47 2 191
2 34 309
34 2 309
2 34 611
34 2 611
2 7 978
7 2 978
2 13 879
13 2 879
2 73 768
73 2 768
2 44 892
44 2 892
2 67 697
67 2 697
3 4 223
4 3 223
3 7 486
7 3 486
3 33 58
33 3 58
3 38 936
38 3 936
3 46 744
46 3 744
3 34 809
34 3 809
3 41 366
41 3 366
3 21 89
21 3 89
3 78 580
78 3 580
4 6 55
6 4 55
4 14 659
14 4 659
4 76 241
76 4 241
4 45 481
45 4 481
4 73 973
73 4 973
5 23 146
23 5 146
5 63 704
63 5 704
5 68 427
68 5 427
5 40 499
40 5 499
5 12 160
12 5 160
5 41 234
41 5 234
5 34 945
34 5 945
5 49 650
49 5 650
5 62 33
62 5 33
5 52 748
52 5 748
5 77 288
77 5 288
6 10 208
10 6 208
6 35 260
35 6 260
6 8 242
8 6 242
6 75 570
75 6 570
6 52 365
52 6 365
6 36 496
36 6 496
6 38 438
38 6 438
7 18 932
18 7 932
7 26 484
26 7 484
7 47 531
47 7 531
7 27 838
27 7 838
7 72 780
72 7 780
7 88 817
88 7 817
7 85 117
85 7 117
7 34 736
34 7 736
7 74 197
74 7 197
7 65 107
65 7 107
7 58 284
58 7 284
7 72 304
72 7 304
7 71 830
71 7 830
7 67 488
67 7 488
7 17 123
17 7 123
7 72 996
72 7 996
7 22 648
22 7 648
8 13 870
13 8 870
8 41 918
41 8 918
8 74 590
74 8 590
8 75 173
75 8 173
8 33 562
33 8 562
8 62 770
62 8 770
8 54 518
54 8 518
8 54 749
54 8 749
8 60 816
60 8 816
8 30 127
30 8 127
8 52 740
52 8 740
9 81 303
81 9 303
9 10 547
10 9 547
9 68 363
68 9 363
9 15 801
15 9 801
9 71 895
71 9 895
9 45 605
45 9 605
9 25 618
25 9 618
10 27 855
27 10 855
10 18 946
18 10 946
10 63 972
63 10 972
10 52 698
52 10 698
10 45 103
45 10 103
10 59 986
59 10 986
10 66 679
66 10 679
10 19 97
19 10 97
10 30 175
30 10 175
11 45 581
45 11 581
11 85 889
85 11 889
11 59 938
59 11 938
11 26 282
26 11 282
11 86 823
86 11 823
11 76 619
76 11 619
12 86 732
86 12 732
12 83 529
83 12 529
12 14 332
14 12 332
12 24 275
24 12 275
12 75 478
75 12 478
12 28 737
28 12 737
12 80 996
80 12 996
12 19 602
19 12 602
12 63 836
63 12 836
13 30 578
30 13 578
13 65 982
65 13 982
13 15 758
15 13 758
13 46 859
46 13 859
13 54 13
54 13 13
13 77 176
77 13 176
13 58 7
58 13 7
13 68 464
68 13 464
13 52 755
52 13 755
14 16 987
16 14 987
14 25 929
25 14 929
14 73 138
73 14 138
14 80 418
80 14 418
14 60 499
60 14 499
14 62 315
62 14 315
14 88 769
88 14 769
14 67 125
67 14 125
14 36 255
36 14 255
14 45 100
45 14 100
14 68 650
68 14 650
14 50 294
50 14 294
15 19 303
19 15 303
15 40 97
40 15 97
15 36 498
36 15 498
16 21 50
21 16 50
16 39 271
39 16 271
16 24 770
24 16 770
16 24 680
24 16 680
16 70 46
70 16 46
16 19 473
19 16 473
16 23 941
23 16 941
16 60 391
60 16 391
16 77 690
77 16 690
16 44 172
44 16 172
16 73 554
73 16 554
17 20 810
20 17 810
17 80 173
80 17 173
17 56 710
56 17 710
17 28 680
28 17 680
17 87 927
87 17 927
17 24 137
24 17 137
18 29 679
29 18 679
18 66 26
66 18 26
18 87 303
87 18 303
18 41 214
41 18 214
18 54 487
54 18 487
18 48 553
48 18 553
18 59 375
59 18 375
19 24 55
24 19 55
19 26 147
26 19 147
19 86 718
86 19 718
19 20 833
20 19 833
19 45 788
45 19 788
19 47 518
47 19 518
19 82 889
82 19 889
19 23 115
23 19 115
19 26 301
26 19 301
20 38 690
38 20 690
20 36 860
36 20 860
20 31 315
31 20 315
20 78 964
78 20 964
20 88 81
88 20 81
20 74 932
74 20 932
20 23 428
23 20 428
21 82 68
82 21 68
21 34 603
34 21 603
21 42 281
42 21 281
21 62 638
62 21 638
21 39 840
39 21 840
21 72 903
72 21 903
21 71 977
71 21 977
21 46 51
46 21 51
21 32 773
32 21 773
22 46 24
46 22 24
22 62 625
62 22 625
22 45 396
45 22 396
22 31 428
31 22 428
22 55 43
55 22 43
22 88 314
88 22 314
22 88 593
88 22 593
22 78 258
78 22 258
22 67 839
67 22 839
22 58 937
58 22 937
23 82 795
82 23 795
23 46 604
46 23 604
23 54 27
54 23 27
23 44 21
44 23 21
23 35 966
35 23 966
23 82 227
82 23 227
24 52 826
52 24 826
24 31 443
31 24 443
24 82 470
82 24 470
24 37 358
37 24 358
24 79 203
79 24 203
24 59 142
59 24 142
24 42 400
42 24 400
24 80 594
80 24 594
24 59 881
59 24 881
25 31 653
31 25 653
25 87 787
87 25 787
25 73 865
73 25 865
25 78 615
78 25 615
25 28 374
28 25 374
25 86 10
86 25 10
25 49 306
49 25 306
25 57 146
57 25 146
26 32 150
32 26 150
26 42 172
42 26 172
26 52 384
52 26 384
26 69 157
69 26 157
26 57 266
57 26 266
26 31 266
31 26 266
26 77 636
77 26 636
26 30 586
30 26 586
26 83 666
83 26 666
26 49 568
49 26 568
26 59 435
59 26 435
26 47 880
47 26 880
27 34 473
34 27 473
27 40 714
40 27 714
27 33 28
33 27 28
27 46 768
46 27 768
27 27 769
27 27 769
27 65 200
65 27 200
27 44 912
44 27 912
27 65 162
65 27 162
27 58 672
58 27 672
27 87 685
87 27 685
27 64 831
64 27 831
28 36 672
36 28 672
28 72 915
72 28 915
28 57 412
57 28 412
28 55 163
55 28 163
28 69 276
69 28 276
28 45 426
45 28 426
28 74 976
74 28 976
28 72 451
72 28 451
29 43 115
43 29 115
29 67 907
67 29 907
29 64 49
64 29 49
29 46 588
46 29 588
29 44 802
44 29 802
29 65 192
65 29 192
30 48 913
48 30 913
30 75 277
75 30 277
30 42 11
42 30 11
30 58 626
58 30 626
30 55 527
55 30 527
30 41 703
41 30 703
31 39 912
39 31 912
31 86 488
86 31 488
31 65 950
65 31 950
31 52 532
52 31 532
31 68 737
68 31 737
31 71 227
71 31 227
32 71 841
71 32 841
32 80 641
80 32 641
32 45 619
45 32 619
32 84 114
84 32 114
32 50 246
50 32 246
32 68 125
68 32 125
33 67 431
67 33 431
33 83 869
83 33 869
33 76 748
76 33 748
33 86 940
86 33 940
33 65 424
65 33 424
33 77 909
77 33 909
33 67 610
67 33 610
34 55 243
55 34 243
34 83 992
83 34 992
34 61 541
61 34 541
34 57 98
57 34 98
34 40 335
40 34 335
34 39 136
39 34 136
35 85 792
85 35 792
35 59 210
59 35 210
35 86 838
86 35 838
35 72 138
72 35 138
35 80 189
80 35 189
35 79 986
79 35 986
35 60 635
60 35 635
35 62 549
62 35 549
35 62 743
62 35 743
35 76 24
76 35 24
35 62 415
62 35 415
35 52 375
52 35 375
36 37 669
37 36 669
36 61 305
61 36 305
36 72 72
72 36 72
36 36 295
36 36 295
36 66 146
66 36 146
37 49 687
49 37 687
37 52 253
52 37 253
37 76 158
76 37 158
37 69 559
69 37 559
38 78 479
78 38 479
38 62 229
62 38 229
38 62 653
62 38 653
38 40 530
40 38 530
39 56 523
56 39 523
39 59 853
59 39 853
39 60 844
60 39 844
39 55 444
55 39 444
39 52 413
52 39 413
39 45 237
45 39 237
39 83 688
83 39 688
39 56 195
56 39 195
40 47 737
47 40 737
40 46 979
46 40 979
40 44 633
44 40 633
40 66 352
66 40 352
41 64 553
64 41 553
41 79 198
79 41 198
41 69 562
69 41 562
42 64 809
64 42 809
42 88 455
88 42 455
42 69 98
69 42 98
42 79 367
79 42 367
42 68 364
68 42 364
42 65 469
65 42 469
42 77 344
77 42 344
42 84 305
84 42 305
43 44 992
44 43 992
43 73 947
73 43 947
43 88 978
88 43 978
43 46 453
46 43 453
43 83 203
83 43 203
43 47 131
47 43 131
44 82 315
82 44 315
45 69 74
69 45 74
45 73 155
73 45 155
45 55 549
55 45 549
45 52 106
52 45 106
45 73 596
73 45 596
45 80 829
80 45 829
46 64 143
64 46 143
46 57 279
57 46 279
46 62 157
62 46 157
46 72 298
72 46 298
46 53 244
53 46 244
47 54 134
54 47 134
47 77 413
77 47 413
47 54 340
54 47 340
48 50 738
50 48 738
48 51 188
51 48 188
48 66 692
66 48 692
48 69 891
69 48 891
48 78 670
78 48 670
48 59 500
59 48 500
48 75 44
75 48 44
49 79 36
79 49 36
49 83 120
83 49 120
49 76 91
76 49 91
49 63 976
63 49 976
49 62 368
62 49 368
49 71 557
71 49 557
49 52 456
52 49 456
49 56 227
56 49 227
49 50 101
50 49 101
49 69 815
69 49 815
50 53 108
53 50 108
50 74 52
74 50 52
50 60 918
60 50 918
51 77 873
77 51 873
51 85 361
85 51 361
51 66 859
66 51 859
51 65 81
65 51 81
51 83 820
83 51 820
51 77 848
77 51 848
51 84 459
84 51 459
51 86 522
86 51 522
51 76 64
76 51 64
51 84 212
84 51 212
51 63 971
63 51 971
52 54 271
54 52 271
52 82 946
82 52 946
52 81 653
81 52 653
53 87 982
87 53 982
53 59 281
59 53 281
53 76 542
76 53 542
53 87 227
87 53 227
54 82 71
82 54 71
54 55 307
55 54 307
54 66 791
66 54 791
54 66 637
66 54 637
54 66 784
66 54 784
54 60 136
60 54 136
55 57 830
57 55 830
56 85 36
85 56 36
57 71 511
71 57 511
57 59 382
59 57 382
57 72 601
72 57 601
57 86 760
86 57 760
57 61 451
61 57 451
57 84 349
84 57 349
57 70 87
70 57 87
58 70 27
70 58 27
58 80 602
80 58 602
59 74 260
74 59 260
59 75 868
75 59 868
59 59 733
59 59 733
60 69 756
69 60 756
60 74 954
74 60 954
60 85 751
85 60 751
60 86 250
86 60 250
61 72 788
72 61 788
61 66 645
66 61 645
61 66 530
66 61 530
61 84 617
84 61 617
62 64 817
64 62 817
63 81 516
81 63 516
63 67 913
67 63 913
63 69 749
69 63 749
64 79 547
79 64 547
64 79 211
79 64 211
64 74 737
74 64 737
64 68 357
68 64 357
65 84 902
84 65 902
66 78 859
78 66 859
66 81 11
81 66 11
66 77 675
77 66 675
67 82 944
82 67 944
67 69 88
69 67 88
67 84 169
84 67 169
67 72 830
72 67 830
68 71 576
71 68 576
69 81 278
81 69 278
69 83 582
83 69 582
69 83 368
83 69 368
69 84 681
84 69 681
70 80 757
80 70 757
71 73 256
73 71 256
71 78 170
78 71 170
74 82 462
82 74 462
74 82 676
82 74 676
79 86 280
86 79 280
81 85 771
85 81 771
82 84 982
84 82 982
82 84 266
84 82 266
84 88 839
88 84 839
84 88 310
88 84 310
85 86 279
86 85 279
86 88 240
88 86 240
86 86 661
86 86 661
88 88 804
88 88 804
