86

0 1 695
1 0 695
0 2 778
2 0 778
0 31 409
31 0 409
0 18 80
18 0 80
0 0 507
0 0 507
0 7 892
7 0 892
0 54 900
54 0 900
0 68 852
68 0 852
0 43 69
43 0 69
0 27 522
27 0 522
0 31 78
31 0 78
0 83 246
83 0 246
0 15 542
15 0 542
1 9 932
9 1 932
1 27 200
27 1 200
1 50 678
50 1 678
1 59 437
59 1 437
1 67 174
67 1 174
1 76 581
76 1 581
1 21 512
21 1 512
1 62 863
62 1 863
1 66 84
66 1 84
1 39 959
39 1 959
1 14 110
14 1 110
1 81 192
81 1 192
1 51 573
51 1 573
1 35 816
35 1 816
1 8 960
8 1 960
1 72 752
72 1 752
1 31 142
31 1 142
1 18 125
18 1 125
1 66 823
66 1 823
1 12 251
12 1 251
1 26 375
26 1 375
1 29 875
29 1 875
1 44 510
44 1 510
2 3 86
3 2 86
2 4 768
4 2 768
2 6 548
6 2 548
2 17 401
17 2 401
2 45 127
45 2 127
2 43 877
43 2 877
2 31 7
31 2 7
2 59 889
59 2 889
2 45 243
45 2 243
2 43 286
43 2 286
2 65 426
65 2 426
2 64 205
64 2 205
3 5 629
5 3 629
3 8 592
8 3 592
3 10 246
10 3 246
3 19 543
19 3 543
3 71 978
71 3 978
3 11 323
11 3 323
3 13 65
13 3 65
3 5 741
5 3 741
3 72 107
72 3 107
3 32 732
32 3 732
3 55 215
55 3 215
3 57 132
57 3 132
3 53 529
53 3 529
3 63 443
63 3 443
3 16 710
16 3 710
4 41 695
41 4 695
4 69 365
69 4 365
4 53 837
53 4 837
4 77 271
77 4 271
4 34 269
34 4 269
4 30 811
30 4 811
4 54 710
54 4 710
5 7 725
7 5 725
5 14 514
14 5 514
5 38 939
38 5 939
5 64 734
64 5 734
5 49 842
49 5 842
5 22 895
22 5 895
5 81 571
81 5 571
5 50 408
50 5 408
5 77 92
77 5 92
5 73 722
73 5 722
5 56 531
56 5 531
5 63 246
63 5 246
5 68 326
68 5 326
6 11 920
11 6 920
6 32 240
32 6 240
6 27 770
27 6 770
6 64 932
64 6 932
6 20 371
20 6 371
6 19 548
19 6 548
6 22 162
22 6 162
6 68 910
68 6 910
6 54 822
54 6 822
6 77 34
77 6 34
6 27 877
27 6 877
6 54 52
54 6 52
6 63 115
63 6 115
6 76 177
76 6 177
6 57 348
57 6 348
7 26 595
26 7 595
7 66 640
66 7 640
7 48 480
48 7 480
7 21 294
21 7 294
7 74 766
74 7 766
7 13 847
13 7 847
7 32 950
32 7 950
7 26 862
26 7 862
7 63 90
63 7 90
7 75 919
75 7 919
7 15 28
15 7 28
7 41 362
41 7 362
7 38 796
38 7 796
7 21 914
21 7 914
7 62 698
62 7 698
7 46 546
46 7 546
7 53 163
53 7 163
8 16 189
16 8 189
8 75 87
75 8 87
8 51 110
51 8 110
8 20 518
20 8 518
8 52 330
52 8 330
8 48 721
48 8 721
8 43 612
43 8 612
8 53 33
53 8 33
8 9 399
9 8 399
8 76 127
76 8 127
8 17 449
17 8 449
8 24 419
24 8 419
9 13 735
13 9 735
9 35 708
35 9 708
9 34 502
34 9 502
9 54 191
54 9 191
9 52 58
52 9 58
9 33 435
33 9 435
9 33 529
33 9 529
9 49 842
49 9 842
9 46 465
46 9 465
9 30 744
30 9 744
9 17 22
17 9 22
9 81 510
81 9 510
9 30 55
30 9 55
10 15 108
15 10 108
10 23 763
23 10 763
10 29 303
29 10 303
10 41 828
41 10 828
10 33 919
33 10 919
10 66 951
66 10 951
10 34 398
34 10 398
10 37 578
37 10 578
10 22 441
22 10 441
11 12 838
12 11 838
11 22 859
22 11 859
11 29 787
29 11 787
11 47 771
47 11 771
11 31 855
31 11 855
11 19 575
19 11 575
11 72 32
72 11 32
11 13 124
13 11 124
11 58 34
58 11 34
11 85 57
85 11 57
11 11 371
11 11 371
11 22 273
22 11 273
11 67 603
67 11 603
11 60 68
60 11 68
11 30 319
30 11 319
11 67 513
67 11 513
11 34 94
34 11 94
12 24 267
24 12 267
12 25 539
25 12 539
12 13 705
13 12 705
12 59 969
59 12 969
12 17 472
17 12 472
12 12 367
12 12 367
12 25 13
25 12 13
12 55 684
55 12 684
12 42 356
42 12 356
12 83 969
83 12 969
12 69 377
69 12 377
12 63 607
63 12 607
12 83 7
83 12 7
12 62 915
62 12 915
12 24 356
24 12 356
12 44 109
44 12 109
12 14 73
14 12 73
12 71 501
71 12 501
12 21 784
21 12 784
13 60 978
60 13 978
13 16 643
16 13 643
13 64 732
64 13 732
13 20 819
20 13 819
13 30 538
30 13 538
13 61 686
61 13 686
13 50 717
50 13 717
13 43 475
43 13 475
13 15 163
15 13 163
13 61 494
61 13 494
13 24 651
24 13 651
14 55 909
55 14 909
14 53 697
53 14 697
14 26 503
26 14 503
14 67 168
67 14 168
14 23 852
23 14 852
14 71 39
71 14 39
14 70 45
70 14 45
14 55 32
55 14 32
14 69 995
69 14 995
14 30 557
30 14 557
14 78 405
78 14 405
14 23 31
23 14 31
14 46 522
46 14 522
14 59 48
59 14 48
14 74 576
74 14 576
14 81 714
81 14 714
15 18 989
18 15 989
15 21 557
21 15 557
15 37 131
37 15 131
15 33 683
33 15 683
15 60 957
60 15 957
15 21 189
21 15 189
15 30 197
30 15 197
15 30 990
30 15 990
15 85 944
85 15 944
15 27 482
27 15 482
15 70 810
70 15 810
15 22 231
22 15 231
15 29 443
29 15 443
15 47 889
47 15 889
16 20 400
20 16 400
16 55 249
55 16 249
16 49 829
49 16 829
16 43 226
43 16 226
16 38 224
38 16 224
16 69 878
69 16 878
16 66 38
66 16 38
16 33 774
33 16 774
16 59 503
59 16 503
16 17 338
17 16 338
16 43 986
43 16 986
17 84 835
84 17 835
17 24 666
24 17 666
17 36 744
36 17 744
17 67 732
67 17 732
17 47 358
47 17 358
17 18 511
18 17 511
17 75 434
75 17 434
17 79 301
79 17 301
17 33 581
33 17 581
17 34 637
34 17 637
17 67 656
67 17 656
18 34 85
34 18 85
18 49 218
49 18 218
18 53 421
53 18 421
18 59 880
59 18 880
18 60 736
60 18 736
18 18 458
18 18 458
18 63 835
63 18 835
18 59 453
59 18 453
18 79 943
79 18 943
18 66 123
66 18 123
18 38 879
38 18 879
18 81 735
81 18 735
18 43 870
43 18 870
19 26 291
26 19 291
19 52 376
52 19 376
19 77 312
77 19 312
19 45 259
45 19 259
19 85 735
85 19 735
19 56 527
56 19 527
19 46 685
46 19 685
19 40 718
40 19 718
19 63 635
63 19 635
19 37 969
37 19 969
19 62 151
62 19 151
19 55 155
55 19 155
19 48 720
48 19 720
19 32 639
32 19 639
19 58 180
58 19 180
20 39 363
39 20 363
20 56 884
56 20 884
20 61 795
61 20 795
20 49 475
49 20 475
20 33 773
33 20 773
20 58 766
58 20 766
20 67 743
67 20 743
20 28 165
28 20 165
20 28 9
28 20 9
20 51 91
51 20 91
20 33 306
33 20 306
20 55 682
55 20 682
20 73 284
73 20 284
20 43 101
43 20 101
20 35 382
35 20 382
20 44 196
44 20 196
20 59 379
59 20 379
20 71 545
71 20 545
21 51 22
51 21 22
21 44 649
44 21 649
21 69 897
69 21 897
21 42 392
42 21 392
21 56 912
56 21 912
21 24 831
24 21 831
21 34 19
34 21 19
21 62 949
62 21 949
21 70 876
70 21 876
21 73 903
73 21 903
21 53 491
53 21 491
21 23 395
23 21 395
21 79 598
79 21 598
21 37 413
37 21 413
21 70 927
70 21 927
21 47 5
47 21 5
21 43 30
43 21 30
21 42 973
42 21 973
22 42 904
42 22 904
22 64 750
64 22 750
22 85 88
85 22 88
22 68 697
68 22 697
22 83 438
83 22 438
22 23 614
23 22 614
22 22 793
22 22 793
22 69 332
69 22 332
22 60 612
60 22 612
22 39 24
39 22 24
22 48 774
48 22 774
22 84 936
84 22 936
22 23 851
23 22 851
22 85 227
85 22 227
22 25 621
25 22 621
22 42 283
42 22 283
22 69 706
69 22 706
22 68 462
68 22 462
22 83 260
83 22 260
22 39 178
39 22 178
22 83 152
83 22 152
22 55 643
55 22 643
22 80 732
80 22 732
23 74 510
74 23 510
23 75 428
75 23 428
23 43 339
43 23 339
23 71 809
71 23 809
23 63 194
63 23 194
23 54 177
54 23 177
23 38 295
38 23 295
24 36 249
36 24 249
24 28 375
28 24 375
24 51 31
51 24 31
24 53 139
53 24 139
24 70 229
70 24 229
24 60 413
60 24 413
24 72 134
72 24 134
24 53 291
53 24 291
24 64 880
64 24 880
24 37 50
37 24 50
24 58 879
58 24 879
24 67 726
67 24 726
24 66 17
66 24 17
25 59 251
59 25 251
25 60 691
60 25 691
25 34 963
34 25 963
25 83 690
83 25 690
25 38 514
38 25 514
25 64 251
64 25 251
25 71 171
71 25 171
25 39 881
39 25 881
25 72 511
72 25 511
25 41 99
41 25 99
25 62 310
62 25 310
25 40 183
40 25 183
25 27 465
27 25 465
26 84 195
84 26 195
26 77 44
77 26 44
26 40 770
40 26 770
26 45 216
45 26 216
26 38 294
38 26 294
26 27 431
27 26 431
26 52 940
52 26 940
26 47 221
47 26 221
26 34 417
34 26 417
26 83 933
83 26 933
26 68 842
68 26 842
27 28 99
28 27 99
27 43 947
43 27 947
27 54 318
54 27 318
27 57 665
57 27 665
27 34 728
34 27 728
27 59 820
59 27 820
27 59 154
59 27 154
27 31 778
31 27 778
27 67 89
67 27 89
27 29 246
29 27 246
27 82 441
82 27 441
27 33 724
33 27 724
27 70 756
70 27 756
27 55 24
55 27 24
28 30 409
30 28 409
28 44 173
44 28 173
28 47 252
47 28 252
28 34 254
34 28 254
28 70 563
70 28 563
28 68 432
68 28 432
28 44 610
44 28 610
28 42 116
42 28 116
28 67 290
67 28 290
28 51 448
51 28 448
29 46 154
46 29 154
29 48 285
48 29 285
29 62 393
62 29 393
29 76 31
76 29 31
29 54 516
54 29 516
29 61 661
61 29 661
29 69 630
69 29 630
29 74 950
74 29 950
29 41 321
41 29 321
29 54 667
54 29 667
29 60 601
60 29 601
29 52 848
52 29 848
29 45 340
45 29 340
30 31 953
31 30 953
30 40 21
40 30 21
30 75 702
75 30 702
30 35 652
35 30 652
30 39 528
39 30 528
30 72 254
72 30 254
30 61 177
61 30 177
30 54 886
54 30 886
30 52 274
52 30 274
30 43 396
43 30 396
30 55 748
55 30 748
30 62 288
62 30 288
31 33 809
33 31 809
31 81 528
81 31 528
31 65 666
65 31 666
31 76 875
76 31 875
31 54 178
54 31 178
31 82 916
82 31 916
31 78 845
78 31 845
31 40 151
40 31 151
31 75 8
75 31 8
31 31 958
31 31 958
31 35 541
35 31 541
31 49 19
49 31 19
31 78 705
78 31 705
31 51 976
51 31 976
32 51 619
51 32 619
32 81 740
81 32 740
32 48 333
48 32 333
32 53 99
53 32 99
32 50 713
50 32 713
32 67 612
67 32 612
32 35 808
35 32 808
32 63 194
63 32 194
32 82 262
82 32 262
33 35 934
35 33 934
33 66 635
66 33 635
33 74 255
74 33 255
33 76 572
76 33 572
33 66 977
66 33 977
33 78 809
78 33 809
33 64 689
64 33 689
33 46 13
46 33 13
33 38 19
38 33 19
33 45 424
45 33 424
33 56 492
56 33 492
33 43 88
43 33 88
34 70 687
70 34 687
34 63 503
63 34 503
34 66 399
66 34 399
34 59 103
59 34 103
34 61 492
61 34 492
34 79 488
79 34 488
34 76 806
76 34 806
34 68 129
68 34 129
34 69 433
69 34 433
34 43 604
43 34 604
35 82 756
82 35 756
35 82 117
82 35 117
35 72 380
72 35 380
35 65 901
65 35 901
35 47 392
47 35 392
35 65 208
65 35 208
35 80 524
80 35 524
35 77 958
77 35 958
36 58 414
58 36 414
36 79 280
79 36 280
36 83 875
83 36 875
36 72 855
72 36 855
36 69 793
69 36 793
36 52 604
52 36 604
36 66 756
66 36 756
36 50 574
50 36 574
36 76 350
76 36 350
37 76 180
76 37 180
37 84 545
84 37 545
37 82 616
82 37 616
37 64 126
64 37 126
37 56 510
56 37 510
37 48 99
48 37 99
37 53 486
53 37 486
38 52 134
52 38 134
38 47 440
47 38 440
38 46 938
46 38 938
38 67 822
67 38 822
38 72 965
72 38 965
38 61 114
61 38 114
38 61 639
61 38 639
38 61 365
61 38 365
38 81 494
81 38 494
39 50 946
50 39 946
39 84 863
84 39 863
39 70 528
70 39 528
39 79 160
79 39 160
39 74 359
74 39 359
39 65 292
65 39 292
39 52 498
52 39 498
39 77 695
77 39 695
40 78 553
78 40 553
40 45 919
45 40 919
40 85 613
85 40 613
40 68 820
68 40 820
40 74 746
74 40 746
40 66 951
66 40 951
40 61 826
61 40 826
41 72 52
72 41 52
41 82 290
82 41 290
41 55 728
55 41 728
41 50 594
50 41 594
41 70 204
70 41 204
41 83 805
83 41 805
42 44 934
44 42 934
42 48 184
48 42 184
42 78 527
78 42 527
42 75 68
75 42 68
42 46 692
46 42 692
42 71 283
71 42 283
42 75 401
75 42 401
43 65 331
65 43 331
43 56 419
56 43 419
43 83 133
83 43 133
43 45 858
45 43 858
43 64 269
64 43 269
44 53 379
53 44 379
44 62 787
62 44 787
44 45 812
45 44 812
44 81 862
81 44 862
44 46 983
46 44 983
44 80 725
80 44 725
45 47 279
47 45 279
45 79 905
79 45 905
45 47 461
47 45 461
45 81 544
81 45 544
45 70 777
70 45 777
45 68 926
68 45 926
45 48 865
48 45 865
45 68 785
68 45 785
45 54 877
54 45 877
45 85 982
85 45 982
45 69 827
69 45 827
45 74 778
74 45 778
45 85 706
85 45 706
45 77 799
77 45 799
46 63 493
63 46 493
46 80 262
80 46 262
46 65 808
65 46 808
46 59 733
59 46 733
46 80 158
80 46 158
47 51 570
51 47 570
47 69 96
69 47 96
47 54 733
54 47 733
47 62 238
62 47 238
47 60 395
60 47 395
47 68 809
68 47 809
48 83 241
83 48 241
48 79 326
79 48 326
48 85 695
85 48 695
48 49 9
49 48 9
48 68 947
68 48 947
48 82 336
82 48 336
48 76 135
76 48 135
48 75 958
75 48 958
48 69 468
69 48 468
48 79 700
79 48 700
48 85 440
85 48 440
49 78 511
78 49 511
49 72 793
72 49 793
49 85 978
85 49 978
49 62 163
62 49 163
49 85 129
85 49 129
49 57 734
57 49 734
49 57 867
57 49 867
49 85 565
85 49 565
50 68 598
68 50 598
50 69 22
69 50 22
50 53 739
53 50 739
50 68 221
68 50 221
50 50 308
50 50 308
50 57 525
57 50 525
50 54 528
54 50 528
50 74 821
74 50 821
51 73 941
73 51 941
51 74 965
74 51 965
51 68 929
68 51 929
51 73 642
73 51 642
52 72 778
72 52 778
52 83 668
83 52 668
52 84 361
84 52 361
52 66 249
66 52 249
52 73 996
73 52 996
52 69 328
69 52 328
52 83 697
83 52 697
52 58 423
58 52 423
53 59 730
59 53 730
53 63 707
63 53 707
53 69 144
69 53 144
53 84 97
84 53 97
54 58 607
58 54 607
54 84 378
84 54 378
54 57 647
57 54 647
55 84 900
84 55 900
55 70 30
70 55 30
55 80 706
80 55 706
55 73 400
73 55 400
55 75 219
75 55 219
55 79 293
79 55 293
55 75 700
75 55 700
56 82 271
82 56 271
56 67 876
67 56 876
56 82 745
82 56 745
56 58 815
58 56 815
56 80 68
80 56 68
56 77 466
77 56 466
56 60 839
60 56 839
57 61 121
61 57 121
57 69 604
69 57 604
57 72 159
72 57 159
57 67 719
67 57 719
57 74 862
74 57 862
57 72 81
72 57 81
57 59 407
59 57 407
58 76 194
76 58 194
59 65 624
65 59 624
59 77 538
77 59 538
59 63 932
63 59 932
59 60 803
60 59 803
60 72 651
72 60 651
60 84 296
84 60 296
60 70 370
70 60 370
60 64 536
64 60 536
62 74 450
74 62 450
62 76 402
76 62 402
62 65 849
65 62 849
62 67 283
67 62 283
63 74 27
74 63 27
63 65 777
65 63 777
63 70 271
70 63 271
63 65 360
65 63 360
63 85 604
85 63 604
63 83 603
83 63 603
63 73 71
73 63 71
63 83 769
83 63 769
64 84 326
84 64 326
64 74 426
74 64 426
64 82 368
82 64 368
64 80 441
80 64 441
64 67 418
67 64 418
64 81 967
81 64 967
64 68 834
68 64 834
64 78 974
78 64 974
65 77 727
77 65 727
65 71 743
71 65 743
65 76 928
76 65 928
66 79 141
79 66 141
66 85 554
85 66 554
66 67 662
67 66 662
67 76 167
76 67 167
67 82 945
82 67 945
67 74 417
74 67 417
68 85 970
85 68 970
68 82 48
82 68 48
68 78 678
78 68 678
68 83 569
83 68 569
69 70 7
70 69 7
70 75 919
75 70 919
70 83 378
83 70 378
71 76 800
76 71 800
71 83 682
83 71 682
72 85 684
85 72 684
72 76 743
76 72 743
72 74 351
74 72 351
73 73 261
73 73 261
74 81 97
81 74 97
74 85 804
85 74 804
75 82 844
82 75 844
76 84 546
84 76 546
76 80 541
80 76 541
77 85 947
85 77 947
79 82 216
82 79 216
80 83 388
83 80 388
81 85 976
85 81 976
