38

0 1 511
1 0 511
0 2 544
2 0 544
0 6 364
6 0 364
0 7 297
7 0 297
0 10 319
10 0 319
0 13 211
13 0 211
0 14 418
14 0 418
0 33 546
33 0 546
1 12 975
12 1 975
1 32 425
32 1 425
2 3 71
3 2 71
2 5 152
5 2 152
2 18 157
18 2 157
2 19 184
19 2 184
3 4 670
4 3 670
4 11 620
11 4 620
4 17 445
17 4 445
4 8 254
8 4 254
6 9 559
9 6 559
6 15 243
15 6 243
6 21 334
21 6 334
7 8 578
8 7 578
7 23 996
23 7 996
7 30 385
30 7 385
10 24 78
24 10 78
10 35 782
35 10 782
10 19 531
19 10 531
11 20 440
20 11 440
11 22 484
22 11 484
11 37 115
37 11 115
12 16 946
16 12 946
14 37 8
37 14 8
17 22 934
22 17 934
19 36 773
36 19 773
20 21 63
21 20 63
20 27 171
27 20 171
20 29 795
29 20 795
21 28 135
28 21 135
21 30 295
30 21 295
22 25 21
25 22 21
22 25 154
25 22 154
24 26 235
26 24 235
27 34 598
34 27 598
28 31 109
31 28 109
29 32 938
32 29 938
32 37 189
37 32 189
33 34 70
34 33 70
